public/json/wind_2018-09-1512_925.json
{"header": { "discipline": 10, "disciplineName": "Oceanographic_products", "center": 0, "centerName": "Ocean Modeling and Observation Laboratory", "refTime": "2018-09-15T12:00:00.000Z", "significanceOfRT": 0, "significanceOfRTName": "Analysis", "parameterCategory": 0, "parameterCategoryName": "Currents", "parameterNumber": 3, "parameterNumberName": "V-component_of_wind", "parameterUnit": "m.s-1", "forecastTime": 0, "surface1Type": 160, "surface1TypeName": "Depth below sea level", "surface1Value": 15, "numberPoints": 4800, "shape": 0, "shapeName": "Earth spherical with radius = 6,367,470 m", "scanMode": 0, "nx": 80, "ny": 60, "lo1": 109.0, "la1": 20.0, "lo2": 116.89999999999955, "la2": 14.520000000000117, "dx": 0.09999999999999432, "dy": -0.10000000000000142 }, "data":
[rows 0 to 19 of 60, columns 0 to 44 of 80]
null,null,null,null,null,null,null,null,null,null,null,null,null,null,null,null,null,null,null,null,null,null,null,null,null,null,null,null,null,null,null,null,null,null,null,null,null,null,null,null,null,null,null,null,null
null,null,null,null,null,null,null,null,null,null,null,null,null,null,null,null,null,null,null,null,null,null,null,null,null,null,null,null,null,null,null,null,null,null,null,null,null,null,null,null,null,null,null,null,null
-8.61312253188839,-8.491044496991593,-8.739970310024258,-8.988911704462373,-9.061881036771025,-8.890919247636226,-8.697252554415176,-8.056704784886334,-7.765860962422876,-8.694983102861684,-9.087177004273745,-9.628752484415577,-9.591718631811915,-9.45425723775191,-9.379640242294688,-9.02190677498475,-8.834525622689416,-8.16139226770046,-7.822310727393179,-7.260496247652579,-6.721498454634493,-6.224019341389333,-5.989578445916609,-5.882733033171725,-5.925070769003602,-6.17246400807516,-6.507574672979715,-6.898607969597329,-7.191415358543621,-7.467595759924172,-7.54113613364025,-7.4589328962364645,-7.38259927879694,-7.341918711470461,-7.382180490034773,-7.381071076434173,-7.376018148322666,-7.5226914892015655,-7.784265027158686,-8.207490092377547,-8.568112087380321,-8.706906855375857,-8.728260639830157,-8.817553358047345,-9.367409340852113
-8.420173089264178,-8.683796854052666,-8.89421205190801,-9.059123332039217,-9.111847494994684,-9.1206130725778,-8.745519635898187,-7.324995813680543,-8.955183678553857,-8.959307975965874,-9.634959207218321,-9.749994721305189,-10.024674066433363,-9.680007781004909,-8.96169712712026,-9.698473124650501,-8.808454484503413,-8.461905996142729,-8.481410329092252,-8.243018909658646,-7.457186787717551,-6.755488572790517,-6.304117848893239,-6.117058099813412,-6.030308851424409,-6.220103193516566,-6.494543028985271,-6.704137883657415,-6.796023255980285,-7.063964072379227,-7.413908356280593,-7.451708192128185,-7.5897828810867285,-7.584325191852881,-7.601343328006189,-7.817471157163719,-7.797509077790572,-8.07892652813239,-8.09008197247369,-8.482158651572115,-8.785908153030434,-8.994937822574677,-9.098992964842125,-9.142999291732213,-9.510104377021037
-8.581686531051513,-9.026421976085434,-9.496188237168473,-9.704112540739636,-9.851691443718426,-9.722567222971282,-9.173337594165014,-7.586351610717657,-9.599463062256943,-10.322952683166086,-10.22940213719315,-10.26460306758421,-10.13290104984235,-9.730455731532262,-9.05926303808079,-9.803832921238087,-9.300058263111158,-8.332353497674033,-8.030602462495665,-8.731633635402822,-7.64179243879386,-6.643681940769984,-6.135911620563243,-6.0613751264980404,-6.04941857979782,-6.229721789802334,-6.530300129083836,-6.6448524327251,-6.822887112229963,-6.928994313091473,-7.125169711168637,-7.4005546328136536,-7.5917831054077745,-7.813956478855927,-7.831953394903577,-7.973086057322252,-8.037561687192479,-8.074094747033845,-8.294584597308422,-8.411738206166227,-8.82504441625031,-8.961542800584446,-9.065699699565647,-9.280080082893138,-9.72606955182753
-9.19626471459543,-9.552299011807593,-10.10621068625495,-10.66221278423696,-10.57878192333387,-10.369156531291068,-9.766476236400152,-8.237740981369758,-9.307347017156118,-10.656432931034889,-10.291186728648228,-10.116933769412096,-10.06497955880541,-9.865355847312042,-9.34004772379942,-9.591680707517924,-9.643040503284325,-8.616293792387385,-8.061505471293954,-8.803231088197375,-8.085675725689716,-6.920182388906627,-6.1388136154535875,-6.128528438990945,-6.25436010437434,-6.195786827545707,-6.72723313251317,-7.050442055242597,-6.86824726455934,-7.132785034533332,-7.391620867027143,-7.567964268047328,-7.965232389997736,-8.118080667136157,-8.046932787109025,-7.954761503428201,-7.986072844242858,-8.125416171903797,-8.58969897473631,-8.52875274353938,-9.089525453928195,-9.234143505628067,-9.378894599495055,-9.770789613131553,-10.549323910967107
-9.810812929286595,-10.527642414402882,-10.507487376886955,-10.507678141373786,-10.728125272769132,-10.404775951277667,-9.435246539827157,-9.740505564393326,-8.523540612327496,-10.662992890010601,-10.276095838900382,-9.9794259422326,-9.857182847490597,-10.070892565975106,-9.327143735507452,-9.312655944533759,-10.352683902054402,-8.841674695490747,-9.161766400250537,-7.878155561580584,-8.444080766686124,-7.678250378065533,-6.552333237138158,-6.227832936798748,-6.445462388371467,-6.3022098841354,-6.714369024023306,-7.895456217769261,-7.6125042708307555,-7.456358355350974,-7.443636535057883,-8.0493694243407,-8.010268691878428,-8.630702391178922,-8.77268092784302,-8.41651912590374,-8.326820733620345,-8.26459291092884,-8.598288434941086,-8.975072093127979,-9.436363142704646,-9.746765969267559,-9.880552245812682,-10.500733817614542,-11.135362871483707
-10.368690907260923,-10.742689339698781,-11.046300752553709,-10.804329576496983,-10.481431370251032,-10.496815356415624,-9.909923907337834,-9.68519408449572,-8.607674248148413,-10.211389748864477,-10.213162875518833,-10.018753454354721,-9.683161778382289,-9.75384010123223,-9.268294233385465,-9.07246804465542,-10.82633176316214,-8.450881518879363,-9.620818685648151,-7.946044594516891,-8.337571032636184,-7.700700350644717,-7.04826544513035,-7.07207236447634,-6.809758235712605,-6.349477155966064,-6.514386871122712,-7.541134367041876,-8.670983721124326,-8.542722013590192,-7.778752777300788,-8.400956516945524,-8.257711628253265,-9.03513514383282,-9.237880454145047,-8.82999876826337,-9.316546324368586,-8.580220580878699,-8.89780010027022,-9.38651325921106,-9.837578202650217,-10.147183687297382,-10.345636733798486,-10.861913044062241,-11.493355815795503
-10.838479146569526,-11.09509015909188,-10.497480192207309,-11.217309277928804,-11.500530923033239,-9.884883401321524,-9.369284249946586,-8.97945879996191,-9.452161163509608,-10.012949223026988,-10.09092823505109,-10.046872211798487,-9.880072691405347,-9.364213196460465,-9.133715838815984,-9.718952172493887,-10.381243719594774,-8.99277941973956,-10.037566795743903,-8.856798975572413,-8.372088401686204,-7.339388893121652,-6.6122125201561985,-7.176372135789621,-7.501173127733691,-7.098667613653836,-6.900312961680652,-7.549981225327851,-8.588033471700232,-8.737877389887087,-8.714361557808662,-9.9158870200919,-8.118718805065807,-8.206484033928351,-10.847908147553762,-9.110137673134837,-9.55942766591648,-8.515597236311415,-10.39749929935735,-9.969172971596812,-10.375517791078,-10.53551270108792,-10.639637986211303,-11.344965264511679,-11.660470241215378
-11.349729315412361,-11.098377904392853,-10.894549250302473,-10.764819144246742,-10.353885120993567,-10.039817922655361,-9.687195177439023,-8.71996151221348,-8.78243296390998,-8.244407684824393,-9.906251963525559,-10.332403870672158,-10.095013967493902,-9.580291454719685,-9.536148911826674,-9.972686036703339,-10.292679018543396,-9.35800406121604,-9.966267103565528,-9.909808790747045,-8.719534626903155,-7.427716128347524,-6.409438639163715,-6.976066952211091,-7.264236625296899,-7.086059525333964,-8.766567923440153,-8.200585119338392,-8.402770260591097,-8.568075211941949,-8.628348633288514,-10.621158222619357,-9.077411058226096,-8.927989728245562,-12.303051392109642,-8.949073114044063,-9.49280303600605,-10.117981713809293,-9.598110475312051,-11.770143216708387,-10.560425315117026,-11.3931866660665,-11.153453846517442,-12.060151407441865,-12.06371972847387
-11.980980434742877,-11.421914307605395,-11.6286633066954,-9.949082023877375,-9.795930079099339,-9.918483514543594,-9.12258534954452,-8.45727675585651,-8.938148008278272,-7.727337867901882,-8.621073495509824,-9.34062512514232,-10.299836638204688,-9.95230182812162,-9.350046350257703,-10.052439399726456,-10.973824402898092,-9.697290889467011,-10.519921689005159,-10.204610982566312,-8.614769839559157,-7.091702773574243,-7.0941638256141175,-5.0719040497082215,-7.068754301086059,-8.698105589155707,-8.681827101994026,-9.257896625109897,-7.073605327817043,-8.891575921148792,-8.799025388056279,-9.972344650793707,-10.031313531332305,-9.517708202101993,-9.894346838281113,-10.958009469333444,-10.334336343222617,-10.427580536938777,-9.88672701053556,-11.036109139749762,-11.526399409835571,-12.838184950651668,-12.180023357662373,-12.170579945737835,-12.524982083885185
-11.957597989061586,-11.658299371175543,-11.87213891690482,-9.75821583720224,-10.060648642686361,-10.708246207400055,-8.605641569373288,-9.724917112367413,-10.33329617444901,-8.021197408779438,-7.709581790296701,-8.711741408299675,-10.861295462335706,-9.647558574507602,-9.251806468169978,-8.366735324736949,-11.493216480719406,-9.677610191053475,-12.492382865144798,-11.050172964547588,-9.745268993140186,-6.309691226001574,-5.309618136187027,-4.655887674388295,-6.171676029629806,-8.850437371526954,-10.424929421758142,-9.99642326151201,-6.406741434874016,-6.5123797675818205,-10.576677178184342,-11.201919660534049,-10.592379322582802,-8.766843189722518,-10.060683466417402,-10.672514222292227,-8.701859169190534,-10.707353353824505,-11.096440226397242,-12.51639511351117,-11.34882569527083,-13.13297982028479,-13.617806542511232,-12.237265906757068,-12.578110661716133
-11.714836195102903,-12.691903307479464,-11.87795403452824,-11.200752733269905,-10.742020468547912,-11.466868323355214,-9.375550087793815,-8.327119118723612,-10.980772586788074,-9.970459632596661,-8.069110100798689,-8.67995699150777,-9.831934874319295,-8.838904131009912,-11.05202486042452,-9.273680953963012,-11.637449041172006,-9.74455865025331,-11.958085833683109,-11.776398080110187,-9.010930235291598,-7.698932059761644,-5.7317298027268215,-5.108923262644687,-5.987537710001756,-8.113439069859268,-9.935096730720767,-11.959439979762156,-7.664227605518293,-5.148107565564833,-7.02037462117314,-12.264057213386012,-10.776540572141649,-9.255242783092918,-9.600478329124105,-11.150063750845135,-9.532761765618805,-11.766453772290388,-11.54346256981761,-11.352716407710338,-12.60037254613911,-12.36659229999821,-13.398431503976417,-12.419600658763377,-13.082116910197694
-12.368599827375407,-12.517803041719693,-12.875194193843482,-12.551328256727052,-11.45903403814604,-11.82187917082511,-9.514910490067557,-8.255274246933947,-10.95587235920523,-10.58459099693021,-9.112233758663214,-8.801966470709385,-9.84461360327885,-10.090637570414485,-11.195105590193368,-10.643226271307613,-11.132534404772121,-8.983648286910109,-12.237331742313744,-11.711279715164133,-8.946676608973547,-7.734308972469665,-5.778795856896194,-7.039720831427752,-6.529585524081452,-5.722952593610133,-9.059916223875195,-10.461660090722805,-9.099508581347049,-5.091414068407996,-6.438267858284881,-11.06897268029924,-11.32931483274283,-9.787183410410261,-8.307821779534603,-11.817303322915436,-10.429239624438654,-11.522767371309577,-12.173267534593059,-11.485425851967335,-13.306111127041008,-12.199490943024202,-13.222419829430095,-13.461687764968403,-13.427030111917523
-12.73264939707554,-12.379166857459266,-12.729038964458512,-12.688799201541842,-11.941238516931307,-11.59238764170421,-10.929942966129424,-7.526602303532158,-10.42034984526504,-10.770765704165411,-10.098010514665816,-9.657329324852672,-9.82118876067998,-8.944212041195165,-11.310265081113872,-9.926826682056754,-10.377970699263184,-8.581037283514878,-12.009200623822132,-11.635468170365346,-9.197094659719909,-7.2891790041939135,-6.770123031832247,-4.748415477744218,-8.914660943148375,-3.814346767118762,-6.509776102604997,-9.225897829230597,-10.93302458511214,-4.860492425590195,-6.53743127395143,-9.693726253742996,-11.505791780769012,-9.467851487028693,-8.348136444189382,-12.03026872110695,-11.05182850772897,-10.68013614295034,-12.085608885145627,-12.224843705385908,-13.237538881211844,-11.989931818400729,-12.379598570229703,-14.086040631054935,-14.152483297438392
-12.86524820651235,-13.13922714633856,-12.346960600976955,-12.704369857378182,-12.748258387115978,-12.119649301138415,-11.48075515312701,-8.444058709950092,-9.001988604886966,-11.210839675263225,-10.517056208814582,-9.705734530624612,-9.18923916187109,-9.777839829434308,-10.853314016801892,-8.814641185905558,-10.637528466400108,-9.07329059586441,-10.648227948231668,-12.027317435753227,-9.001645896870814,-6.564266683503121,-6.836227047439654,-7.697479449428069,-9.192627281845134,-8.247875082862848,-6.241661970507191,-8.151847191308148,-6.96167144353954,-9.331942202394082,-6.054852316823345,-8.061556579652146,-10.505723419443246,-10.407143492265654,-8.003482610846063,-10.899685391978412,-12.793846076935468,-11.75979758148546,-13.01658680191519,-13.223931140779397,-13.316069503331857,-12.83244713884663,-12.206564329148003,-14.343544996227115,-14.71951189066391
-12.652758535051875,-12.374615514612938,-13.187876506927871,-12.755289526743141,-12.335553634930287,-12.654921345009443,-11.779896789917721,-9.583110766960996,-9.058363317020438,-10.440130307163852,-11.478823584479235,-10.900813401291789,-10.452231133352406,-9.35978120077312,-10.563391621500358,-11.051486020251968,-10.970474690846462,-8.349197342466878,-9.830194455399909,-11.832958942185053,-10.4845988017676,-4.881816794494521,-4.8191142562862535,-9.879397816216668,-10.458440050156065,-10.596070463542961,-9.62282132025271,-8.62621757222691,-6.3257844904553675,-8.889844283162548,-8.76919234320144,-6.386181066994805,-8.459426672628705,-10.382469242025278,-11.440267043560874,-10.644076291352622,-12.60985282515394,-13.176738813006073,-13.766843062379634,-13.413205233284945,-13.584438761768695,-13.174311147598182,-13.359632635698679,-14.342604634634505,-15.069058152017465
-12.062041810839796,-12.507473467717414,-13.45030789864963,-12.861087514695049,-12.978735896184816,-11.529890656392983,-12.786791647622284,-10.599771223527798,-10.020130031534194,-10.614493291990453,-10.315372975003612,-11.36626594803118,-11.769404550775064,-11.676936216424922,-10.693769688993129,-9.925729861597706,-11.418403614000194,-10.193730137667805,-9.599715142790732,-11.303796910545547,-11.673019532126023,-7.823939841706488,-2.973382460644496,-10.623377847458316,-11.137077694955707,-11.328992242943858,-11.160963099488091,-10.401003899104666,-8.207321352950503,-7.6743205910462065,-9.956463257850006,-6.36331862830777,-6.540095851621961,-8.80151330229361,-12.169387862239782,-12.65423789133974,-12.631706227935437,-13.398803952481076,-13.868931759528381,-14.574320114726335,-13.457886396780246,-13.826715914705265,-13.680014411804725,-15.01347183303115,-15.139923628847065
-11.859010509611856,-11.787817094479383,-13.496058897452514,-12.590095001977586,-12.527149242154854,-11.982077681585297,-11.844936528944917,-11.62003026438049,-10.975224867437184,-10.453089765304226,-10.96046820542377,-10.814736495998146,-11.585230835788224,-12.387608531473429,-11.523401483102697,-10.262331935032647,-9.50633583348157,-11.731189653010624,-11.148692000741663,-9.531387589162243,-11.15738202433136,-11.55848270571638,-5.539569132102199,-12.084633658031665,-6.096073580567944,-10.88701147344635,-10.542146610224723,-10.44107404013974,-9.345597179839958,-7.229223710699914,-9.634958952368564,-8.59696842864608,-6.732400266812441,-7.877529958232547,-11.801554745615674,-12.63676833081218,-13.29030493029981,-13.928205022840658,-14.947106078984426,-14.288697798342126,-13.93102966194188,-13.661201016371107,-12.301687807495277,-14.575346083804767,-14.156262817761341
-11.964723053078302,-10.763325819778895,-12.803168322130901,-12.738016330523232,-12.013730051942773,-12.577791775350072,-12.24654781866316,-11.275273512917433,-11.423638457340285,-11.064141751169856,-10.110008765503085,-10.517581557838376,-11.412457972534822,-12.043763030811393,-12.027879222548167,-11.476654695187108,-9.770393864203292,-10.552609829892162,-12.003281389955387,-11.346918262001418,-10.054599904011564,null,null,-10.397086478653671,-11.197545227864396,-10.52497936994372,-10.70135853188907,-9.469216700753606,-8.679692392302249,-8.653997207527015,-8.582621189909524,-9.829149879146149,-9.877300724377218,-8.764237382056688,-9.2807224706874,-12.088834107139558,-12.569955819177222,-13.081831349926198,-14.577853517077727,-13.790575577876968,-13.041948783191454,-13.281765129537561,-12.710523141950913,-13.552037634586513,-12.819526890385939
