public/json/wind_2018-09-1612_950.json
{"header": { "discipline": 10, "disciplineName": "Oceanographic_products", "center": 0, "centerName": "Ocean Modeling and Observation Laboratory", "refTime": "2018-09-16T12:00:00.000Z", "significanceOfRT": 0, "significanceOfRTName": "Analysis", "parameterCategory": 0, "parameterCategoryName": "Currents", "parameterNumber": 3, "parameterNumberName": "V-component_of_wind", "parameterUnit": "m.s-1", "forecastTime": 0, "surface1Type": 160, "surface1TypeName": "Depth below sea level", "surface1Value": 15, "numberPoints": 4800, "shape": 0, "shapeName": "Earth spherical with radius = 6,367,470 m", "scanMode": 0, "nx": 80, "ny": 60, "lo1": 109.0, "la1": 20.0, "lo2": 116.89999999999955, "la2": 14.520000000000117, "dx": 0.09999999999999432, "dy": -0.10000000000000142 }, "data":
[rows 22 to 43 of 60, columns 0 to 49 of 80]
-27.7454518262837,-28.581834971088412,-24.750549438971323,-28.548733019911122,-29.344954771430718,-28.256063756772388,null,null,-29.897907807903742,-28.92138302205305,-33.39705786328495,-22.93175433320003,null,null,null,-26.254301469415612,null,-30.458714567598143,-25.339543016561713,-25.098190207418337,-19.306554760246524,null,null,null,null,null,null,-1.6770299522162793,3.0135745398747087,6.740538236639327,null,null,5.724822680908175,8.60306824716181,12.144078001125028,14.322719872628493,15.80863834479048,17.392260403746647,20.98470555777878,null,21.778972507843648,23.491466197485614,21.757999298949837,23.31469680574886,22.339387514804315,22.554414493197715,23.872324540963056,24.254848866636465,25.477569521082344,25.889928181808536
-19.882654257952595,-28.549456385240525,-29.451893770235756,-29.945959038378465,-22.745142897840495,-30.001791256733775,null,null,-25.771953282626036,-26.470060935418765,-30.6686189891194,-25.877261511012108,-24.606201560330938,-26.14341858951944,-27.074853993596875,-27.10652318453974,null,-28.318036152687565,null,null,null,null,null,null,null,null,null,null,-0.45106442587548856,4.0556365374140215,null,null,null,null,9.11518566231894,12.562204451115166,15.833511115143782,17.232705644300307,20.168677350014793,17.209558475459755,22.6022612148869,22.579013293090313,22.300564192592894,20.788627994726514,18.27325581299521,20.868531197959562,23.62743050691155,21.696403212206413,22.803979355890853,26.776614376099285
-24.878024090242818,-27.491578032575894,-28.31491620008495,-27.706904694550495,-30.04926715227098,null,-21.85001038490247,-21.766431605760356,null,null,-27.810466889654915,-27.681932808227685,-24.864578035761582,-26.658187742969893,-26.897642190465607,-31.35933332261708,null,null,null,null,null,null,null,null,null,null,null,null,null,-0.30418553747834726,2.9735859639438695,null,null,null,9.401542733321644,11.08614856432337,12.389375363880212,13.896934494084157,17.470115815025814,17.644065122865765,19.30689494172603,21.26336020627021,21.953191978634024,20.541940249826993,21.136183459185027,24.413676053844483,20.241462974611913,22.55197174405,23.223855876139716,18.618261368526547
-26.78137788271297,-28.205866554484743,-28.354942256718324,-27.953113660285965,-25.082245995517557,-29.47764905920984,-25.951131672490625,-27.594374695354507,null,null,-31.589184614483873,-29.61899215306549,-26.161802520373627,-30.178344845136515,-31.607686939886904,null,null,null,null,null,null,null,null,null,null,null,-8.893112025992465,null,-3.8605173475575496,null,-2.034642312477419,null,3.547250663962493,4.807357764677945,7.365857303659581,8.592323386043343,13.247397912412424,null,14.991893782649466,15.033084657410289,18.270112342967362,19.213524901697184,19.212314067344956,21.191488549745532,23.05782692204147,19.586844987493137,17.9860629846253,19.418790827803413,17.774458925163135,14.130124178427867
-26.680885372581,-28.449944745571212,-28.040611409673144,-32.55214298677646,-32.64650717788366,-29.130430743369978,-29.483869848732347,-24.246870196887844,-28.710628616146757,-29.66025560697412,-32.53786010618384,-32.353406856890516,-31.82354907695565,-33.54252580197903,-32.36189107437651,-33.096973596355866,-30.764206647610933,-25.098292866078122,null,null,null,null,null,null,-16.81566358018382,-13.102771411732483,-9.099426326779588,-5.585363725673568,null,null,null,0.47741075855365905,2.9379061161643842,3.511021439176065,4.3961770675891945,9.628680143955265,12.944909177794518,11.722234059635543,null,14.375680606016974,14.929545119607461,16.280327827124708,17.916141109058664,18.70643256743061,13.830943900979282,15.340656475901248,19.263574361918078,17.93767108852769,16.216095470117846,18.96081801031351
-25.8515881908021,-26.12659549496767,-29.228104390403256,-34.033462362894724,-32.590843041187426,-28.735878797901925,-28.58251425713598,-28.88866503124506,-25.601978387406284,-27.346588283838848,-26.610933093811504,-27.054081320050564,null,-33.51974556903579,-36.604322695111414,-37.50654363490734,-25.708255628132235,-27.358746213486153,-25.64246453175852,-21.548185928643043,null,-18.508950835563866,null,null,-12.634590865895778,-13.127721944442005,-10.673445160711115,-7.177074526426212,-3.2639076198906958,null,null,-2.5754651240344395,0.36898922608492446,1.7115425897308527,null,7.281473780712605,9.012379860696493,10.50817066686,12.035965132571674,12.863029223277586,14.314173863517148,15.89515828190488,15.988119910999195,12.1897015434275,13.918664273081662,17.11419728779009,21.905635525211597,18.599299413394686,14.396141042794735,17.385447025388096
-26.603900433054683,-25.53424721290489,-31.190151048961763,-33.898076107431365,-32.482320639804115,-29.539647231452914,-28.323889056959146,-31.063628560164574,-29.78284829922549,-29.204685938442,-21.989863382766263,-24.685120147874798,null,null,null,-30.273592354834456,-33.10940017984288,null,-30.23918309503979,-29.37495702647139,null,-27.177320703747398,-23.170499532175313,-16.606225357283854,null,null,-7.6929411456391765,-5.34549135404564,-7.381421482910047,-5.981557908196022,null,null,-3.6998199498946907,-1.062865504001174,0.3191990560025239,2.255048041726969,6.228551546660016,8.365816625976567,10.353032659766878,13.069126885385717,12.950145316107905,10.498577757331454,9.060204013016962,10.95910966707923,14.959046381214351,15.669503666218136,18.65697459015679,19.364715665366568,16.074562071188776,17.348000673281412
-25.621609887813676,-25.623698999702277,-26.03494121591124,null,-31.394323962080716,-30.867421843784612,-31.828764957839187,-31.855060036850666,-30.514355764407952,-27.99819515255004,-26.93764300444026,-25.895319767695156,-27.210775893488357,null,-24.790854548834567,null,-33.10967557871317,-30.674263919466917,-28.851643009855636,-25.282684148649967,null,null,null,null,null,null,null,-12.061296381898249,-9.051090943290728,null,null,-5.871164465955314,-0.6394018646079378,-1.7744086550042786,0.4542958167281066,2.2408282061579543,4.430410380316953,5.4919821157581445,8.618740153610261,8.645618882148593,6.039206147481385,4.825456431837412,8.481501071546147,9.250049288388066,13.147368660186242,14.478320907042598,14.075733142658162,11.610111408835373,16.010881407380058,17.863344803118814
-24.11204576595198,-20.004032045156052,null,null,-30.542837580930453,-34.84007576038833,-32.50993402588896,-32.34934119089265,-30.228988174217008,-26.40049577145289,-31.936793596783456,-26.618363982821865,-30.518434670585023,-29.16043609760121,-29.098937206817084,-30.509523719136766,-28.65272505335344,-35.1997431951192,-27.24630341364044,-30.662015619919366,-26.306176690888304,null,null,-25.5818197634959,-20.632877955445352,null,-13.002189984999932,null,-11.900712353730903,null,-5.601897511154373,-4.951430756484001,-3.703556547591503,null,1.8372160193259512,1.8058819353448903,null,3.474891311519757,-0.02395094597800307,0.7567579876338145,2.3373752702435384,2.3817502856491912,5.499222593748055,7.577893962508964,11.429486446375119,7.919421342238441,12.780463168774782,14.115587497095852,15.266672500418682,15.135693826438475
-24.727810228800852,-24.252847680556947,-21.653010961968782,-27.95270574192379,-28.624950110901676,null,-24.970787454944478,-32.29770837899389,-29.665313121784262,-25.72857194728774,-33.8639616407342,-30.325423876241025,-27.259880993056125,-30.279332864537448,-28.079265572482846,-30.489206495134667,-28.28220897390027,-28.296881437136754,-32.591298551644904,-25.728684640097875,null,-24.968753536047043,-25.091000985039937,-24.874298939236844,null,-18.888267681690543,-16.688325090530068,-13.266822581763222,-12.289202841419508,-8.648727872997052,null,-3.5114765817709204,-3.738675445343474,-2.8059111113093276,-3.410717213604751,null,-3.1735608817066705,-1.6496989671559197,0.963454674644662,3.3516955526105727,2.90673373599813,0.9134135889057107,6.946868590367799,8.274776178820403,9.027495110201006,10.832534327039511,10.221640196489034,12.420853806626784,13.71261176742593,16.09459648878026
-23.497548391308033,-25.26024244309099,-23.95626442370223,-27.115018472439278,-30.440234379640753,-24.47491141430637,-29.489512514280506,-22.597759523664866,-29.748060486565187,-29.2129777229705,-34.81981282111539,-30.44881461041544,-30.768551927626675,-30.25398601525111,-30.041749265737792,-28.335285875980276,-27.67749514831142,-28.907926526683045,-29.206005376711218,-28.29002897477538,-27.365624311783975,-26.62795325385823,-23.750051450710036,-23.85805543860314,-22.202595090271412,-20.781160291558866,-17.319382067788094,-11.870459772043738,-11.61054356031513,-13.541781158081056,null,-8.954043299064388,-8.728828061410791,-7.352199039085903,-5.241474486079425,null,null,-2.240918453201444,-0.11899615415556344,0.49688855423239314,0.7541212277856357,2.5160956387374998,9.149720072930608,10.90012306318967,10.39069103550113,7.257976430289677,11.702553782760283,12.318221273452776,15.36342995273851,13.516407224362315
-22.148273246930355,-25.641602817465547,-22.776317949553246,-26.101022661027933,-28.916399098883165,-27.151717251836228,-26.649800250349188,-27.01607868889039,-19.54285176474942,null,null,-29.67608634922017,-31.317027527897228,-29.70527910000071,-30.54236648312731,-30.637173561665424,-30.718688826863545,-27.1473396855769,-29.09924782389847,-30.040000434358387,-27.30987069731383,-28.365554352089177,-24.925168029080083,-21.587379738196013,-15.475305567000923,-19.56148012783523,-20.055840290133172,-15.36042581043587,null,null,null,-9.833552008474138,null,-11.155174564146876,-7.8470948345088924,-5.8181621811898765,-5.142875065463304,-3.653811251133251,-2.008598709708337,0.299780542445912,-0.033172090137878966,6.43316114078219,8.42304282253633,7.9675519237391335,6.765337118717848,11.740648863478535,11.853848045771047,9.136449067942854,14.452397435407445,15.05396410157152
-22.986221699864767,-22.486256700043263,-22.886155137445904,-18.529204632120216,-27.940098528104212,-28.047734970072764,-27.7906393455247,-27.32606173402016,-21.91025768609674,null,null,-30.548819775238393,-31.893454452558025,-30.791311180443522,-31.10521478672079,-30.980723771795855,-29.19822759188071,-29.98874375624048,-29.805192850207195,-27.62671382297876,-27.432186983171864,-22.962509389457157,-25.08870210554481,-23.50782637933194,-23.72108941104979,-23.889190124370536,-20.131454263007853,null,-14.113493065911236,null,null,-8.677437618057828,null,null,-4.770810311646132,-5.706764904898693,-6.278755758438408,-5.649222317020304,-3.1455618073509775,-1.622859094149305,1.6185519778444741,9.805771941576491,8.228273629640004,5.330510781250738,5.911024720940825,10.115810855867007,8.256409727291809,9.598788956461357,9.1077330270821,2.35449294614226
-23.114666978779148,-20.89482217127066,-23.338002075839604,-20.104070674969414,-25.8141331194417,-26.32609417534592,-25.945963290693904,-25.58723813735484,-27.05904176875267,null,null,-29.3523176086263,-33.934864162046324,-32.27952773134175,-31.40592565869239,null,-27.715193253106982,-26.218714428909372,-27.975004871270038,null,-23.304081945536808,-24.90091896998288,-25.040977148620886,-25.422954932218712,-23.617615085425474,null,-20.067152471249614,-16.837810905227585,-14.119147455095879,null,-7.916861687521529,-8.923903114319987,null,-3.491703587355318,-3.6913684611774853,-3.702620377955223,-3.5577815066241465,-7.738858301779802,-7.522264386248152,-1.5520085962763777,-0.12161687061988458,0.13475515628582851,3.266719211004018,3.3882171387995834,5.555482919666997,4.819957099325136,5.5433159276871855,9.38629761137189,null,null
-24.990529384601206,-24.63785553280085,-24.592755580439366,-21.679025467683424,-24.844058770744414,-25.900620733148067,-26.521365112229816,-27.50252973261925,null,null,-27.82159347375692,null,null,-32.47809715085785,null,-25.15619436145426,-26.572924728232707,-27.825041402157986,-21.033747564032595,null,-21.81588837975856,-23.162749282257835,null,null,-19.001710541194676,-21.056029506647363,-20.87851713349213,-18.921032718597615,-15.182162493074234,-11.341915378642284,-9.29687372856352,-9.745737525676972,-7.7095718060638765,-6.462422625368083,null,-6.940866884329841,-5.038793309098405,null,null,-8.846680053396982,-7.756402310645552,-2.182130963759191,0.20022899151327306,3.5370195106146616,2.808494062892513,1.8166205506027706,1.1995526806949264,4.71581571222124,null,null
-21.03028386850216,-24.722494865836666,-26.81369429125182,-23.183922656531312,-23.825271167069147,-26.291031386408577,-26.98164507168359,-22.21597277566366,null,null,null,null,-28.999967402034695,null,-25.044727926825367,-28.375326255647273,-22.400130076248008,null,-22.32903383819086,null,-24.333270167246063,-23.928293182226838,null,null,-19.159148205971935,-19.6899487651369,-19.950411787978705,-17.055515213828915,-15.149078363065929,-12.637402717361084,null,-6.419650861223552,-6.005322782738209,-7.388237195492467,-8.81984436243324,-6.747081123300694,null,-8.596379747396758,-5.944596132984178,-4.9309478694937505,null,-4.891679342715073,-2.0542182560720224,0.6412863479032636,0.2203961991935449,1.0666145793578352,null,0.16559124324811048,-1.5690573282962526,-0.9968215438446449
-18.992666809274652,-25.42166591850272,-23.332125905053417,-23.334982794391298,-21.737482854495184,-26.27775746497737,-26.017749008450217,-24.20730552073762,-17.86346359554995,-18.983800210999323,null,null,null,-27.235509814824695,-27.5960660769093,null,null,-21.02553021683609,null,-22.54210752169702,-22.83240630038001,-18.50366540583363,null,null,-18.494529844171836,-17.53063983620301,-16.437668059785214,-13.869393206156207,-14.855740807892328,-14.416150006492321,-9.645371532795064,-12.105683326787684,-10.574575299588059,-8.79101971206888,-6.742509803470984,null,-8.853398520726577,null,-8.483048087222864,-5.509873120781727,-6.530703348207327,-5.939746052670362,-2.674638086331178,0.11201870701999882,-0.9636320664457244,0.9253540949732263,3.4836527157655404,3.5609468421495833,null,null
-22.83566168570029,-20.612031538426745,-25.398739514369673,-23.443044127288626,-21.266137276789895,-26.071846876708804,-24.053443467337324,-26.2103917321838,-23.551682658686833,-15.01790042795042,null,null,null,null,null,null,-22.25236563765827,-19.818432027955417,null,-23.210550194100424,null,-21.68672054528681,null,null,-19.434785380042047,-21.695998402484793,-21.43417821684006,-16.462772533599193,-14.257409701883482,-13.415890175987887,-11.672664336896311,-11.075089919222876,-10.717091663890514,-13.336242293540504,-11.058589558678594,null,null,null,-4.364680096804885,-6.963438826260781,-5.2643308760259195,-4.696136592324154,-3.151411873250277,-2.965056194539403,-3.7716561532339816,null,-1.7079149439553836,-0.40729109458487844,3.1494374851215663,2.641081277364308
-22.276778973981525,-17.991422803332014,-21.673824470071708,-21.894217302885426,-20.745017318929683,-24.549230497390113,-21.761084762001367,-24.61337064775777,-24.342285754795366,-19.777799700453926,-18.940339069773017,null,null,null,null,-22.322373498570315,-21.558934646757027,null,-19.94146481242612,null,-16.46382495217059,-17.54549484037778,-13.28502072199247,null,null,null,null,-15.085113088865342,-13.857050770649305,null,-13.764070376986915,-15.004919719264866,-12.359222022034936,-12.576674719167528,null,null,null,-7.8700055689829735,-8.68682072871597,-8.943881395426558,-8.949735997254017,-6.262023906431761,-5.463993061618419,-5.7864738866650995,-3.1399285750924055,-3.511837692831615,null,-1.3990611998017435,1.8932644000469425,1.4878133062300114
null,-17.22867519302889,-24.340916340516127,-22.799778699751926,-18.13793294639585,-20.24843022542866,-19.187668596530667,-22.271223625945737,-24.930764317672583,-21.86857679347668,-18.8486988180979,null,null,null,null,-21.344139463643334,null,null,null,-20.364316939014238,null,null,-16.64127301492087,-12.868771074958913,null,null,null,-14.632415690987791,null,null,null,null,-10.111876120186157,null,null,null,null,null,-8.570894006110954,-6.899575480442444,null,-7.7551265564251395,-7.319670684194819,null,-3.23455987912078,null,-7.074661166189444,-2.420898125691066,0.14932521189725795,-1.1656966472380734
-14.223001986409637,null,-21.3586029071117,-22.1292864457697,-18.705142410008566,-19.207402072623516,-21.19866705992323,-21.098151519705926,-23.903011767278112,-22.184832130095863,-19.160900560011868,-14.878318359054793,null,null,-19.690688776936156,null,null,null,null,null,null,null,-19.87819006322087,null,null,null,null,-14.40087661924876,null,null,null,null,null,null,null,null,-7.926174767841969,null,null,null,-5.915578117739833,-7.297932472332415,-6.505478267186443,-9.270292832137784,-5.83759711184308,-0.6694801505284977,null,-4.568562392807296,0.7601561906314752,-4.11047147088004
null,-16.24141565658502,-22.838122811881085,-22.634904650216274,-20.605580921112978,-19.63099443609291,-22.230358126263273,-19.64767054321904,-24.157567168391623,-21.77339348855299,null,null,null,-10.03262766300211,-19.415448637067467,null,null,-17.098478756664644,null,null,-18.515087992858515,-21.470239923301836,-22.673978002489672,-18.25599259357526,null,-12.873411958727367,-15.702406779159084,-16.018165251523143,null,null,null,-6.392098303339638,null,null,null,null,null,-5.617711916285856,null,-7.565427091433766,-6.219042331100952,-5.60265383872247,-6.776878477794197,null,-4.413100367268204,-5.821927625189525,null,null,2.0696562174459436,null
