public/json/wind_2018-09-1606_850.json
{"header": { "discipline": 10, "disciplineName": "Oceanographic_products", "center": 0, "centerName": "Ocean Modeling and Observation Laboratory", "refTime": "2018-09-16T06:00:00.000Z", "significanceOfRT": 0, "significanceOfRTName": "Analysis", "parameterCategory": 0, "parameterCategoryName": "Currents", "parameterNumber": 3, "parameterNumberName": "V-component_of_wind", "parameterUnit": "m.s-1", "forecastTime": 0, "surface1Type": 160, "surface1TypeName": "Depth below sea level", "surface1Value": 15, "numberPoints": 4800, "shape": 0, "shapeName": "Earth spherical with radius = 6,367,470 m", "scanMode": 0, "nx": 80, "ny": 60, "lo1": 109.0, "la1": 20.0, "lo2": 116.89999999999955, "la2": 14.520000000000117, "dx": 0.09999999999999432, "dy": -0.10000000000000142 }, "data":
[rows 0 to 18 of 60, columns 0 to 42 of 80]
null,null,null,null,null,null,null,null,null,null,null,null,null,null,null,null,null,null,null,null,null,null,null,null,null,null,null,null,null,null,null,null,null,null,null,null,null,null,null,null,null,null,null
null,null,null,null,null,null,null,null,null,null,null,null,null,null,null,null,null,null,null,null,null,null,null,null,null,null,null,null,null,null,null,null,null,null,null,null,null,null,null,null,null,null,null
-11.2957442832186,-12.823268554093612,-13.369761690180724,-13.316912000227026,-13.23411536353925,-13.32378953886189,-14.193828775137728,-15.40108331388094,-16.4747300903215,-16.461670879146464,-17.728583195045776,-18.26078198059123,-17.550286177060546,-19.083209013238086,-19.88493099421431,-19.843326481453943,-21.115552070410093,-22.253452563338158,-22.114374835375354,-22.53116415271856,-24.6129861806934,-25.652933799344435,-26.145466795763443,-26.64176363300887,-27.002631825554317,-27.227682800511843,-26.501380110010214,-25.72260872042921,-25.03809227487023,-23.85591466415553,-22.2171395711633,-20.762852799550316,-20.215305755788748,-19.528651991022166,-18.201498249036277,-16.2308201495699,-14.710087585531,-14.524638347664194,-14.77446495089879,-12.38470538678414,-10.267368644684161,-8.012699795418124,-5.6164682909863455
-12.191379370733532,-13.495565859262168,-14.34492723109302,-14.36186819288485,-14.43661405242962,-15.094116071232778,-16.162105229250457,-16.453707442650884,-18.4805728470944,-17.814880269947857,-18.55174901774251,-16.842638836919843,-18.74046779684927,-20.974348853830687,-20.812075687750415,-21.555803297525248,-22.4024428678391,-22.03264081282255,-21.873957678351964,-22.160809611560794,-23.421860764712143,-25.148674417987998,-25.791123446596853,-26.599041400241155,-27.861955354511252,-27.67411018803799,-27.475699850968727,-26.92456785038093,-26.24988683130789,-24.872761195081072,-21.183747805532683,-19.914971467491185,-18.280337781070834,-19.23075115812425,-20.274184662995303,-14.987921272299575,-16.689213951224726,-12.447367984773418,-15.196722806983416,-7.749767732887941,-9.050231898817879,-5.43423724671398,-2.0434766040386996
-13.609577160290078,-14.860770392287623,-15.324040364962148,-14.742108044125608,-14.69253974392849,-15.691026267561144,-16.393748829848054,-17.545706057945758,-19.33438976590177,-19.88542178959262,-18.301479354929945,-19.022061584841275,-21.52827616729845,-22.04667673704041,-22.44732158146535,-23.329528026683917,-23.716326656949505,-23.56660907105487,-23.417453015751093,-24.308497665939118,-25.39138138675405,-25.955890995275674,-27.05090927706253,-27.77665871944307,-27.82902828307862,-26.996524067493752,-27.32465628194914,-27.37497158340529,-26.899226116214656,-26.039802306947188,-23.25039083980551,-19.806973013978066,-23.851942559058465,-18.817188519540167,-20.747405054351773,-17.937464514969022,-14.504446626556186,-10.319711462570114,-14.239806460992103,-8.578213404182488,-8.493401071940124,-2.5372290439993845,2.139634383386566
-14.838112580259786,-15.446245835813635,-15.509601238256664,-14.93316851669811,-15.335672218991196,-17.0459382435495,-16.198680232396214,-18.91650716810419,-19.888729763001756,-19.38753476275142,-20.422946705310654,-22.205629110250577,-23.05157746947933,-23.19529469856122,-23.978764229842373,-24.89493972150688,-24.78585617116586,-25.077754685125022,-25.90043694089082,-26.285629903682047,-27.15862295878756,-27.573566739628234,-27.877070614302436,-28.109560340085306,-28.495791517314746,-27.84711692356612,-28.71585304462881,-28.88535433719457,-28.915581055145594,-26.851693493979692,-25.430373437227725,-23.328568958541915,-26.357195946189336,-18.293207635974642,-27.68504694890819,-20.228312275798196,-20.834511096318963,-10.823674052200776,-17.451493780169415,-11.961802047186676,-9.225326092847872,-6.109433670975857,-8.581652170561405
-15.215977637065228,-15.353882562275622,-15.353938638458533,-15.230264905360972,-16.255927664783883,-16.587935848659598,-17.410422227194104,-19.129080916179664,-19.27032153773604,-20.642027903735205,-21.386951860971173,-22.37784569647617,-23.432370011758994,-24.514611345821333,-24.779751180346082,-25.5167097312571,-26.53043384996336,-26.95164373210612,-27.985328010207695,-28.720422918802527,-29.00724224777465,-29.190904553834848,-29.263124647638318,-29.289197638785225,-29.313657852653815,-29.08853385038259,-30.503344759363554,-30.407880303113078,-30.192551464951457,-27.89948650201372,-27.76507593847317,-25.397536488360792,-26.56098541128275,-24.080410239662786,-29.805432244959523,-28.55332953675159,-26.069797205400675,-24.511643153400993,-24.47645950487684,-16.817991531163536,-13.687167655598868,-15.517739181785304,-10.966589885728121
-15.887992695189954,-15.678322223066527,-15.717375364020585,-15.586057133900743,-17.176998372210623,-15.680772777595212,-18.342222171715086,-19.625069301199066,-20.13814749823124,-21.34757519477391,-22.25084917944781,-22.950946194445468,-23.608035264190388,-24.91527127038785,-25.31581627556366,-26.584546790536844,-28.573158806616643,-28.765460211017636,-29.886178414285922,-30.093897144771958,-29.851093407141207,-30.212294404694525,-30.344192865679673,-30.804246887770265,-30.550048013011438,-30.99634331234216,-31.713955291424213,-32.664311764466085,-31.37770334671789,-30.82770749988572,-24.850534225778198,-27.591705828086035,-26.514066925520034,-33.87245434767774,-33.17516917380652,-28.23079399033201,-31.844221853702706,-34.10236810638732,-27.822348551073404,-21.736569996157556,-19.298480522499233,-11.835012187701315,-13.54084480226696
-16.40089872200274,-16.333805891111815,-16.130936246001227,-16.384096898561314,-16.006496096814736,-17.699451472446558,-18.53977897945274,-20.134063193947256,-21.149784176191787,-22.204462251013275,-22.851413929648,-23.27042465107034,-24.436877648119786,-25.54151178589772,-26.095551139792953,-27.466817357226034,-29.019187248715838,-29.813321837780997,-30.504843344141428,-31.01276683626954,-30.488438845273944,-31.113573990752116,-31.369320078617367,-32.07804259380098,-31.399658407213145,-32.68663124337556,-33.93983254829447,-33.69742392856692,-32.22409506760416,-31.199522608757007,-31.085156564478524,-33.227048390504315,-35.352901205392655,-34.67107226288411,-37.006175956944936,-32.470135616434234,-37.21958502027519,-35.55596756205211,-32.751484696127214,-31.34746569317257,-31.151972571283952,-27.817201710071963,-19.170857606734863
-16.81317401899148,-16.22892802282017,-16.1892707264019,-16.169827509068245,-17.326991680951874,-18.74754303360876,-19.365608277637676,-20.931743410958845,-22.198888466168587,-22.62988117708001,-23.45638244337344,-24.63869131065633,-25.718030663703647,-26.55270520793438,-27.154227581969934,-27.723299923847435,-29.83080095575033,-30.038986273843122,-30.881774610337807,-31.43706202570358,-31.414510539274467,-32.403328609607755,-32.3056428785429,-32.53027138848643,-32.523254503271716,-34.02156973686345,-34.54466964469514,-35.481127310327295,-34.89479488520672,-33.71116745684159,-35.679874663929326,-36.01946138721101,-39.330409019722254,-39.99088669053645,-39.55014297900825,-37.207028116591815,-36.40210417971385,-35.87193140401159,-33.260357013613074,-31.863546135171923,-30.53922868263942,-27.927246380279943,-20.089385491072505
-16.50903889613221,-15.7474985408333,-15.677433668600775,-16.115643044559906,-17.642728375724147,-18.88725262504228,-20.335672746064844,-21.38355985050089,-21.65719315916661,-23.358216689982125,-24.410584436411487,-25.43310761842141,-26.32875307694912,-27.413419069873864,-27.926578155602748,-28.743242276325773,-30.35072726024545,-30.681257156851558,-31.366871274361852,-32.0271063815563,-31.92789451040197,-32.44187922612136,-32.33032163535478,-33.08845991693229,-34.07934679796943,-35.52651809289901,-36.31269212298337,-37.61019941274347,-36.20889946500663,-36.91493982783024,-39.01237953362305,-41.345429938613606,-42.292471396676824,-42.65479566641802,-38.439779695721185,-39.19521236473867,-37.287782118401566,-34.64850306372018,-34.748380167436196,-34.49706138234483,-29.119917447182427,-24.35377632547164,-20.527132812658405
-16.084518931503148,-15.95343762962337,-16.387801262033435,-16.960183299754362,-17.41607758589371,-19.1207314843336,-21.26082906713398,-21.043998616865196,-22.491749152017473,-23.695526402509074,-25.069192124175068,-25.96124023653992,-27.078771937521104,-28.038817713965965,-29.132520171375656,-30.181602650651346,-30.710161687532576,-30.996305265426408,-31.533441487351716,-32.41200011773055,-32.5739931302406,-32.76304575806843,-32.36883110417302,-33.54928856362321,-35.06687505917695,-37.08531614281827,-38.13027277881592,-39.277603938176746,-39.083481726489524,-40.58501808629344,-42.131133323072476,-44.16522515243832,-44.27840955042976,-41.218838301646436,-40.149036904422324,-36.399820602350644,-37.41695150791432,-40.410115539350684,-37.73568035875413,-33.859385654136176,-24.98901306919056,-20.71158745109637,-11.78016444423093
-16.38285114030811,-16.667048464430238,-17.4350548978052,-17.717190803100898,-17.40762863036333,-19.84654722885386,-20.866121289221375,-21.923820122571303,-23.35982588653094,-24.368401984960624,-25.2676191995601,-26.382351217241172,-27.289100979918274,-28.624725311226122,-29.747757726104425,-30.465411587329356,-31.505209197416757,-32.259281874508225,-32.51453427807869,-33.156995715353894,-33.109105559966935,-33.065744908881555,-33.24106064408883,-33.7277416512696,-36.04528013174962,-38.53925635484048,-39.57170760645583,-40.54576604983967,-40.92477998277662,-41.88002761434559,-43.068412829985434,-45.17586369333122,-43.770574070003846,-42.66161165990418,-40.89734102445967,-39.4371527500832,-40.028408570707185,-43.48241405562979,-42.37052484517031,-32.8103299745265,-22.783264588059346,-13.638607696416626,-5.480716462728538
-16.654254031134737,-17.64077376052318,-18.56890934989235,-18.501831093933408,-18.62124276800891,-20.024478192198625,-21.619493327224,-22.94572049326959,-24.1345722977781,-25.07344438686401,-26.27498345876616,-27.312790798211196,-27.4552436007964,-29.36560353779181,-30.710673301452847,-31.71842273987796,-32.94044679985304,-32.73001737450811,-33.06816040724422,-33.577864416479834,-32.834803399641906,-33.909225064954605,-34.745550173637724,-35.23924502546224,-36.97716176965574,-39.55907733655185,-40.50283537803007,-40.96585932150635,-41.45026193188795,-41.506968005877326,-44.15839594650961,-45.04892223881258,-46.57587452965118,-43.265602354060555,-42.3197462391926,-43.2857424826018,-42.68384188418622,-45.08725427069666,-42.30424317897893,-26.250862341499225,-13.596524419493212,-7.480744802871752,-5.47894833826332
-17.182675348783754,-18.080323859457778,-19.207732476350927,-19.86496699888507,-19.384386149912643,-20.616507299674424,-22.21533731671238,-23.88752026591684,-24.980028118474706,-25.828668836759988,-26.228114468918623,-26.57212904660431,-27.92769530992197,-30.224396932605853,-32.00387122389022,-33.173050466301646,-33.21734638601331,-33.312026023796875,-33.73528146455567,-33.46402702666614,-33.628206352624424,-35.62409829045191,-36.196782835944674,-36.41801955849256,-38.426389187889,-39.87782549488475,-40.667840866680756,-41.39305197581275,-42.54398368604721,-43.22179977682411,-44.56968448152829,-46.90915941396409,-46.512331990351996,-47.17355177898304,-48.57449445192543,-46.00864446745476,-45.431590518648875,-46.957513978665474,-37.97873957090793,-18.849382910874027,-12.141014561983633,-7.438709930743839,-4.077337806320806
-18.42391637371361,-18.903416720203143,-19.859250955339775,-20.512326308029984,-19.312400373286675,-20.804621154921495,-22.77631467357547,-23.876769569362544,-24.748083607700217,-25.48093911762472,-26.120002173391956,-27.522142751120796,-29.00659208526237,-30.13002116621038,-32.72898910709,-33.116471719227256,-32.96814289132224,-33.05547221077615,-33.91573488700824,-34.05695787008098,-34.309013206050466,-35.170201655189565,-36.6709683464792,-37.61627578282264,-38.00115928445674,-39.67232142835617,-41.948664954021176,-42.6942553523302,-43.05250736100869,-43.358740723884594,-45.099596792262226,-46.623178825706695,-47.847510395822454,-50.621830720806194,-48.760361801484336,-49.31600974432087,-48.80310284517523,-48.711897933625075,-36.68027432470286,-13.096703667416902,-11.77781081645695,-6.372115477562903,-4.775501681667682
-18.874240064705027,-19.328693723636718,-19.849227940683935,-20.13216478485168,-19.210846636588208,-21.33818444847202,-22.49681316159424,-23.355698069446163,-24.251722477443977,-26.043589280343934,-27.480619736950857,-28.61070556964394,-29.796415386578417,-29.748234567519553,-31.69622952197619,-32.4319879909244,-33.31126662116962,-34.10006827514866,-34.87295549820179,-34.61906608241,-34.89781775777639,-36.29762259126858,-37.32428480294076,-38.13516777161648,-37.11235860294688,-38.55267736446423,-41.228740982747674,-42.25792018412669,-42.99736274863345,-43.518597493179314,-44.79999803828956,-46.77721358453813,-49.24268750910589,-50.34234112702259,-50.67431583152693,-52.80300774602358,-44.89283751179326,-44.15449512963077,-26.329971561042854,-13.557008591096189,-9.333694943731023,-5.892859605481164,-4.364647936017539
-18.965569366951943,-19.25502558113422,-19.691504335678374,-19.501114061850068,-20.112930721761202,-21.654721166759796,-22.49971433716062,-23.61829246444427,-25.95540362716468,-27.423165037851003,-28.798646663048096,-29.936195793751672,-30.190765934856802,-29.936411486424586,-31.80413251474888,-31.723176092386137,-32.51282915586783,-34.09492518973667,-35.19207392484947,-35.31374374402179,-36.144625328469075,-36.69514530706873,-37.24591302260453,-40.05223908405235,-41.32619878504053,-40.73978790364824,-43.00487440932957,-43.79997750723821,-43.704773069767484,-43.513658090671164,-44.867789695879814,-48.23269572477387,-50.17187201273126,-49.37927886763604,-49.68570594063564,-46.17052396013504,-44.542742465440185,-43.53103059909367,-32.938804462929184,-14.796806177219239,-9.274871692489453,-4.67564572559946,-3.883960424700172
-19.06498684382611,-19.239512909358282,-19.654345170885957,-19.634400400126612,-20.919371796389505,-21.173692788189086,-22.73673902354625,-25.617981458379212,-26.789859274931217,-28.04249115343725,-29.465902081694942,-29.163728645805175,-29.14829116345169,-30.412085020197903,-31.757334003365564,-32.38179778064388,-32.867018263774405,-33.82390941923872,-34.60601342418736,-34.687717768351035,-36.27852839192456,-37.49119633138203,-38.57097695854547,-37.45228844447777,-35.47185504369244,-39.460680784261726,-43.33822100310533,-43.477778871151244,-42.170959371597476,-43.950371332472244,-46.279435119925715,-48.022399909784156,-50.826716231154705,-52.97889683732295,-51.21027188656586,-46.314129799765055,-47.91170809810737,-44.28207479468003,-32.33762607270375,-19.26843072279246,-10.50270007323862,-8.395515574063268,-7.348235748090131
