public/json/wind_2018-09-1612_850.json
{"header": { "discipline": 10, "disciplineName": "Oceanographic_products", "center": 0, "centerName": "Ocean Modeling and Observation Laboratory", "refTime": "2018-09-16T12:00:00.000Z", "significanceOfRT": 0, "significanceOfRTName": "Analysis", "parameterCategory": 0, "parameterCategoryName": "Currents", "parameterNumber": 2, "parameterNumberName": "U-component_of_wind", "parameterUnit": "m.s-1", "forecastTime": 0, "surface1Type": 160, "surface1TypeName": "Depth below sea level", "surface1Value": 15, "numberPoints": 4800, "shape": 0, "shapeName": "Earth spherical with radius = 6,367,470 m", "scanMode": 0, "nx": 80, "ny": 60, "lo1": 109.0, "la1": 20.0, "lo2": 116.89999999999955, "la2": 14.520000000000117, "dx": 0.09999999999999432, "dy": -0.10000000000000142 }, "data":
[rows 19 to 37 of 60, columns 0 to 41 of 80]
-8.856560498674195,-8.662566693965566,-8.795125414880626,-8.676540899343621,-10.370949383932317,-8.923141535905982,-7.66100125931827,-7.232822658127105,-8.164575395868889,-5.096318418133456,-2.9667645001931566,-4.6095624627211516,-5.8245772838744365,-3.3192209490166364,-2.5271169806406375,-1.8265584193355213,-2.7710889944153054,-4.163548861105929,-6.592914244930068,-10.34738258927975,-9.950494694130853,-10.613971641535475,-14.047306597865205,-11.597229715145474,-11.153674640228278,-12.391585227928603,-12.431992663983099,-16.990911721759538,-17.154280436117645,-17.270224854844788,-18.87038198276734,-17.52267044220806,-16.159920497730205,-13.967658303764606,-12.328466322916308,-11.054240195418181,-12.909269728484842,-12.549026337832304,-9.861517842746808,-13.194695768039168,-9.726982344440115,-7.607276164956764
-9.80648260172931,-9.456455043050752,-10.790583354234267,-10.17530968178049,-11.222536870746044,-10.070039087003039,-9.059039206629965,-11.056176745077096,-11.752473246267872,-8.862902042194506,-3.529170732059217,-6.407724078131275,-8.122386043362349,-1.9462373247858684,-3.2681785288022995,-3.4948853824748154,-5.846692196057514,-8.504196913334955,-8.468667668932412,-14.82209561077823,-15.616327774078043,-14.536198784813944,-15.312764610211252,-17.862483548545686,-14.932814854274046,-15.234649158598742,-16.61494243360987,-20.71180293024841,-22.653630764157946,-21.534411511183375,-23.450397764928674,-19.54497892818248,-20.379318732206762,-16.2244173882088,-17.31223216958821,-18.276952950152552,-19.5646863918996,-17.216418275663486,-13.184224929422719,-11.156458214415402,-13.075338947685353,-15.506647763058922
-10.479989936025051,-10.157896632685972,-11.663919660795862,-11.79638501551566,-9.257586834710942,-11.516759636485236,-10.855124027802736,-5.676773189404348,-10.143575058063501,-9.788207902674175,-7.983037660881268,-4.917595655650659,-7.616637900897403,-4.242802672937522,-5.59583906301674,-5.991912731367111,-8.162668246330579,-9.070946098759066,-15.916589323574998,-15.968281714237577,-20.547447516520364,-19.504526912168224,-23.281947725550125,-24.796712918852307,-24.031203279323236,-21.452876867887273,-19.851160966948264,-24.44284741180573,-25.099588782983925,-26.114301110096534,-25.65599222592135,-23.81311771887542,-20.288868603025865,-18.01969324040254,-21.718471703781752,-23.51487318591598,-22.12094571176262,-18.07419717451489,-15.828489996653575,-17.865456571302136,-21.11182420470829,-17.63778927039652
-11.880770230087375,-12.392591290994028,-10.99335946917818,-12.52488346358561,-13.051494206209608,-11.34161338059071,-8.858526400630334,-6.007888756205428,-8.997176510737589,-10.993634389924841,-11.985853653702796,-5.88232448704355,-4.839044742392038,-3.8639681634570455,-3.913457748907705,-6.7249801165767265,-8.48330764816057,-13.985721374431357,-15.432342857644741,-17.124314371967593,-21.018328802039544,-25.061170975683375,-14.476553917636974,-22.405364274130342,-28.576447046826353,-25.033272549276663,-22.957784770847887,-25.086174059378077,-29.96153058535564,-29.01118409235444,-29.644575828170964,-27.857251633302017,-23.901495668177,-25.097799776848127,-23.468502865027027,-21.8955976357443,-19.485109662340015,-16.585929186231354,-20.01856759882389,-22.269184005187682,-21.307373953336217,-16.532772715106006
-10.228620999104066,-12.54170761256282,-13.542059706114848,-13.673337332735903,-10.061474138039623,-13.89137646002366,-6.340853179737433,-4.3750444626813305,-5.245337505312016,-10.910786713278474,-9.889612465514787,-7.5234757616818335,-7.408827630591505,-11.080583813259445,-11.122215475251457,-8.843792971355061,-13.427534945315774,-15.945758583698495,-17.969744218103745,-25.85540531705506,-26.948797284436363,-26.127263407249167,-28.0296170504942,-28.176583939328577,-37.58353983206285,-36.521940542012295,-35.43516229116972,-37.31027654669201,-34.526195302651985,-33.52935489373766,-33.678470990524886,-32.825757482354476,-30.928830713033975,-26.055941189070293,-24.833592908563606,-23.810320654970695,-21.451881355338774,-23.147636270291258,-22.759143999583593,-23.61697006187995,-22.5520674993243,-20.018613769599735
-11.467737848526244,-12.539136623715292,-13.207274458885783,-12.5877512306824,-13.5648788275827,-7.88911575424957,-9.929935042797855,-8.794653044918201,-4.308452577667504,-5.7591647356861,-9.558607567554768,-8.34909514149226,-10.666217805918327,-13.709056270021623,-13.719110939711268,-16.20482312707687,-12.359030984545772,-14.148504750280082,-22.941281369060736,-29.53024612632339,-28.586645795280006,-29.110658889561126,-29.534368755983518,-28.342105221948284,-37.523323855141456,-39.16262263767233,-40.468880460929014,-38.67934446699847,-38.641068151657535,-36.930340677388095,-36.767468825388875,-35.06114639129314,-31.584689797172878,-28.687116814020882,-25.963295739494797,-20.579732552683193,-26.728449381398875,-26.443656533469653,-25.42326905478636,-27.306303299154983,-23.228661259388968,-20.73145316490862
-12.943023147220408,-12.831195005440108,-14.053956776600048,-12.643098754030781,-12.131175250980949,-15.221616713679687,-12.758622686984321,-14.209215110531336,-10.538998490877407,-8.446635411210275,-13.338213051597174,-9.97108506769514,-16.099962883834326,-17.572099224631998,-19.218439856104492,-15.98616940571103,-13.67122098088755,-15.740357428916557,-24.452975988209356,-20.777321480832274,-24.573886514797508,-26.88089696583638,-26.1552915841979,-34.07901439791131,-39.187751675898745,-41.26572458452683,-41.43788071247364,-40.435171165208736,-39.12343217329369,-38.210225610506264,-35.776249151446855,-34.88886479047458,-32.297076322717345,-29.889434894895825,-30.87775968338063,-35.10277383806468,-33.19594760850579,-33.27765178641958,-27.300362677752297,-25.905807617260137,-24.240292990501832,-23.63374672788727
-13.946583030419635,-13.042573910020772,-13.75528211486238,-15.501493588579798,-17.15073565671681,-16.142887792997303,-16.322701965242192,-14.082606450980803,-16.250429166706528,-14.477239387874931,-15.397393494675912,-11.858609554277738,-20.714755185733058,-19.31064858504526,-21.732251424487398,-20.936407034912676,-20.009072681809748,-17.578479951976632,-17.53015191699601,-18.130471766369055,-24.04798557228125,-25.139800528137286,-32.61670820224981,-37.21838282002148,-38.19343780631046,-39.20682087494187,-39.82838862461049,-39.5882173628885,-40.89540588796817,-40.75826938110155,-37.1712340318565,-34.82371994092591,-32.951802896864685,-34.49313801964793,-34.035422200739596,-33.120918208951,-33.905892951366056,-31.21658587820648,-26.816260326024782,-29.864899831533545,-26.4859380828061,-23.602713091182565
-13.403555656727054,-13.778764981578618,-14.484203270218867,-16.68353884810991,-17.20001939766342,-17.185214696984808,-17.558743745388416,-17.20188150301575,-15.98324907360909,-14.529655212926102,-15.123146046824496,-13.58371940219537,-17.946103551401134,-20.4185045176182,-24.908879175613656,-23.872749760057413,-17.101985041166238,-24.554205236532944,-24.530411880797566,-24.40925814927263,-27.609657873287517,-27.950435422413204,-33.38578120213536,-38.21762835341673,-42.382568425128845,-41.07334333339534,-42.68457438658584,-43.102946765102395,-40.90473591712728,-40.25647430439746,-43.956782715776754,-39.20867557759409,-35.743121257732916,-35.24499711107486,-36.245904387109505,-34.89126123102395,-33.576887653921624,-31.53718244852828,-30.473439760960794,-27.83975155760882,-27.348130418004732,-26.093837596815636
-13.866890732511406,-14.203914810868042,-15.287155404828951,-17.201411603009163,-17.142910471471897,-18.411172777470902,-18.935979263582137,-19.42015032245835,-19.47191344557268,-17.327043308269783,-15.960720348325511,-17.03202697133589,-11.427148839658694,-12.788592706964284,-9.770183606505164,-24.160278707685983,-24.87715120858861,-21.54946518091117,-28.14921227709363,-31.78493540139747,-34.20178322297261,-34.106197033201475,-35.44504586866544,-39.9061791499785,-39.55507900909612,-37.59058009751142,-38.598414892620966,-45.833614421584734,-47.07270320428226,-44.89139175288535,-42.49106672497089,-40.36453521596249,-40.61498592362378,-41.55941034812106,-42.00891955941452,-38.6846386237145,-35.72460814699457,-33.94222324492028,-31.673589476891905,-27.796298636017656,-26.98441889034397,-26.582356145938007
-14.42871108581853,-13.99476833927063,-14.755466271149613,-12.105838547345638,-16.557128391414818,-19.24571085522305,-20.600455298873975,-21.201544512071,-21.141432913520184,-19.418288440879483,-19.6897584652166,-19.727229582302837,-20.360384977015194,-18.457305483967744,-22.686838331891046,-22.517151039586988,-29.817854316547468,-29.72111135644574,-32.71109329677342,-31.475456580120074,-32.2998472213405,-33.63772002922482,-38.56970754701626,-37.80911631326718,-39.49307213351121,-43.78749002663008,-49.00792523881111,-49.03615727535356,-46.79963746554577,-42.60014695258818,-41.884986747236155,-40.769762291402486,-45.877563218443804,-43.47541380657977,-41.68701527824224,-38.476076707575714,-36.39874296717821,-32.4813038144635,-29.161213049631844,-30.362913693924938,-34.40248164374122,-31.940182513075722
-14.397614492411838,-14.447379497871161,-12.871768606553555,-12.980885406696528,-16.11891843183976,-21.46327539054052,-22.44093119102113,-22.449310013393823,-22.23647254468489,-21.244198499419134,-22.91498918880479,-22.950374606041905,-25.160312704031742,-25.516229494495654,-27.91782061716397,-29.491121013325014,-31.003554193429178,-35.69135303746755,-32.432187583348636,-36.38926752755611,-39.19669394795707,-38.93678290841671,-36.248203584663614,-46.276760317729895,-44.87390369768008,-41.7931294348583,-38.62827363708502,-37.85737478320845,-43.82048724360254,-41.23059089390373,-41.24652858470422,-43.07441902823047,-43.0963078914919,-43.38857375257623,-40.91279211870088,-37.51128752850666,-33.496344084599045,-32.27447739082156,-31.531686154726714,-34.022032896490856,-32.710512667509676,-31.531636812183997
-15.84970403239927,-16.587004018396264,-16.40634666836522,-15.36557932014426,-15.781421835894415,-12.118251865846311,-14.509671767393554,-23.499036867482097,-23.464492331173478,-23.364547944578234,-25.292419272391847,-26.44681558689924,-25.704322255889075,-29.629295726756876,-27.356870341123106,-31.927565699309962,-31.449223729882934,-34.57585582502734,-37.1541618401895,-36.94846456898708,-37.906687256336774,-40.26303730562316,-41.8410232127329,-39.89954866387176,-39.0371195703796,-37.37993445975151,-41.72592048652636,-43.226666811206776,-40.01932323161118,-41.52351196957393,-44.924539433235395,-42.97193221259193,-39.62596075934444,-39.497923333305664,-37.5274885074249,-38.81846235410454,-33.98010393344268,-31.38881880585432,-33.08361704788328,-33.01651874917031,-34.20599585740284,-33.22728443421359
-17.073472843117628,-17.680783815732916,-17.14416082257276,-16.373345829417115,-17.191264614913592,-15.957846257478279,-20.31300300932246,-17.99172696642674,-24.196198450185143,-25.601233615202357,-27.793073847165946,-27.01933867413076,-28.891606378007506,-29.245106964365736,-31.700472805073346,-31.216710468769694,-34.03669098284526,-35.47322456340519,-37.59818700032702,-38.82156203884312,-38.65392379721632,-42.00878085689907,-38.82329372827351,-38.45460162874883,-40.09145919628134,-39.89046462919942,-45.25111315861895,-43.89609881001612,-46.91031782704004,-43.85514567612852,-45.4493047352027,-44.59326617126359,-43.973187118606795,-41.187254567740425,-39.083346438674944,-35.77814638443665,-34.53487214080476,-33.143167072261136,-34.165928543219586,-34.49852506134753,-33.63749921863161,-33.20338028047832
-16.81317135982117,-19.171319502668627,-18.451165637126806,-17.92303893668953,-17.931699138636958,-17.427715411095058,-18.71426402117366,-20.4032112551093,-20.284624595128623,-24.22806666957079,-22.72414891188364,-26.914948413248553,-29.639293318294715,-31.086879733697828,-32.41387397176578,-34.089095671196276,-34.672606738807914,-34.61252641328791,-37.64654838983168,-40.83054799399619,-41.1557706141046,-42.518773891581596,-42.56632626240863,-39.61801335491016,-38.248465525634984,-42.35930913658877,-43.173282150397235,-42.28039866098788,-41.494185158535174,-43.15056379349712,-43.02341006191065,-41.67582895887372,-43.39178043161162,-41.4385067316985,-39.21344466897838,-36.46012235390899,-35.220121787946965,-35.08319034379272,-35.832964488503414,-33.82806273003726,-29.754463250665793,-31.119674543721032
-17.469588793970654,-19.119523642333423,-19.753337558330667,-17.969222101778264,-18.342014351856655,-18.5603901722574,-18.50203625555241,-21.176041284158536,-22.505087352533742,-24.61341073350134,-25.740197186603268,-28.71703939408463,-31.600834831326765,-31.927257627363048,-34.104611697393736,-34.335676818033846,-34.39794556089253,-34.19502444624728,-37.95330784305577,-38.94557078296623,-40.7191089457107,-42.02698199361921,-42.4141054962208,-42.11785599690494,-43.86020961186126,-44.89767979313728,-43.41364362294458,-41.51534216553208,-44.841099671994535,-44.03523923070082,-40.46767976789709,-41.32020712124664,-41.61646775184788,-40.89101736748959,-38.70910869396524,-37.14833620997014,-36.30709003494067,-34.98110582677092,-32.685909896549724,-32.293114540222774,-28.336976171160593,-29.802898520254097
-18.24322471931445,-18.744218749440517,-19.75715123609427,-19.63512071672304,-18.182949258665968,-18.09587869631811,-16.74262852213292,-19.165673326108937,-26.166949673726,-27.89401895662172,-21.74461979017252,-29.437230819174395,-34.137414711260305,-33.89933558597603,-34.70334258427616,-32.21921382959164,-31.958255054135524,-33.67521709386869,-35.35510312037937,-35.30088733114697,-37.560442777887346,-41.96044089387991,-44.71488141896319,-43.810052333352814,-40.872631625107694,-40.62482351471697,-42.63274467434316,-40.364373659079085,-44.401337457171074,-42.78059672673489,-41.76422330788917,-41.33856375568951,-41.89545213595295,-40.73090192437847,-39.01931421577907,-37.00397561417652,-33.12014192749396,-31.568872449811792,-31.048266821014554,-27.9872245980096,-33.33926970775997,-32.9740344937334
-20.123465407301623,-20.309837383049235,-20.126632010722563,-19.589012074581056,-18.31520926730165,-18.860210841112995,-18.26638161396545,-21.24420913684174,-21.356887094993684,-19.53538911955435,-28.287245372453157,-29.571946949848765,-26.089802205863798,-32.661572045302606,-27.93918493689215,-28.60938153591766,-30.777864694844123,-33.89780605250283,-33.266030915970525,-34.52521335575216,-36.302263622056,-40.060573008501876,-42.316842738470044,-41.69095888486539,-39.68171756277335,-42.94843974847858,-43.58155458433178,-44.6932138268251,-44.06644678262704,-43.5502181519696,-43.02351043177544,-42.79234606708441,-42.66989623403657,-42.55706927530733,-35.40870923765906,-34.8615071136405,-34.06126003947286,-30.613884308965865,-29.23254643163077,-37.164171461838976,-40.09115108135248,-35.99346898992279
-18.708510128972655,-19.372285163284214,-21.149953443938276,-19.532240677814265,-19.78368981468417,-21.478488969471737,-21.60173147053083,-20.116134882376898,-18.559490604099768,-16.086914626226427,-16.786554477603495,-27.106313928488145,-29.45408592296846,-22.638648181266227,-27.25495283071962,-31.373601625275004,-30.411355656000566,-31.672644116297818,-33.86109113795559,-34.76649388072398,-37.81542605812129,-39.47401009385415,-37.049562262001515,-36.344853309300895,-38.17264969735933,-41.13777750272236,-42.219973202313575,-42.51847791148349,-42.712538122523426,-42.80347652050568,-40.635820372879905,-40.628515784580486,-40.95311094796393,-36.85741200875013,-35.079045511722036,-37.027259975478174,-35.36202569795749,-31.3696838267781,-34.384471286506525,-34.32471927926055,-37.233612243570576,-33.96720041146943
