public/json/wind_2018-09-1611_950.json
{"header": { "discipline": 10, "disciplineName": "Oceanographic_products", "center": 0, "centerName": "Ocean Modeling and Observation Laboratory", "refTime": "2018-09-16T11:00:00.000Z", "significanceOfRT": 0, "significanceOfRTName": "Analysis", "parameterCategory": 0, "parameterCategoryName": "Currents", "parameterNumber": 2, "parameterNumberName": "U-component_of_wind", "parameterUnit": "m.s-1", "forecastTime": 0, "surface1Type": 160, "surface1TypeName": "Depth below sea level", "surface1Value": 15, "numberPoints": 4800, "shape": 0, "shapeName": "Earth spherical with radius = 6,367,470 m", "scanMode": 0, "nx": 80, "ny": 60, "lo1": 109.0, "la1": 20.0, "lo2": 116.89999999999955, "la2": 14.520000000000117, "dx": 0.09999999999999432, "dy": -0.10000000000000142 }, "data":
[rows 22 to 43 of 60, columns 0 to 49 of 80]
2.68902431011147,2.6014360036170086,3.791006403851628,3.6480947315060703,2.775140667625931,3.638361398272443,null,null,8.784202102431388,9.787506552814733,8.632910596629976,8.974698069636936,null,null,null,7.9656066490737185,null,3.243992236572466,3.3497601253847495,-0.4841611502479643,-0.2210253769834801,null,null,null,null,null,null,-18.088359176947083,-14.027981173089662,-23.116366946122998,null,null,-26.674955348010716,-28.029974953267217,-29.394498486659106,-25.815414684266457,-24.26913655648444,-23.125333240689077,-19.818779149501776,null,-20.619049220607778,-21.951144362346398,-21.802004446047526,-20.99227143644988,-18.09025348071167,-19.64761627208027,-16.116690786871853,-20.575927766873956,-18.605173198956656,-17.121562627115093
3.145182456717363,2.4642895537125313,2.278308916429916,1.2738676289157744,2.430457697572843,2.902831595118552,null,null,8.544614063411471,7.531075362060049,10.119623314492088,9.69129902032568,9.906586840677551,8.807873617591776,7.5577604467464,5.99097642674245,null,0.3525207691810682,null,null,null,null,null,null,null,null,null,null,null,-21.62608790607166,null,null,null,null,-26.637327660168097,-25.940898762707413,-23.582173520447938,-23.272859399395102,-21.157388297275638,-23.16455594274888,-25.265838943344612,-26.028928792683672,-23.96882469026416,-20.205348571587912,-20.617435450168028,-17.68086754750573,-22.934454414049764,-19.786261335404483,-19.11398268308687,-19.332453791271007
1.2691469350598337,1.317555905175266,1.3712040719347274,1.8394466594553731,2.198625317856239,null,4.006788088379242,5.513187141319972,null,null,10.916335965496813,8.944309099241028,8.98682335245817,5.73161358356189,5.249226022510617,3.2679597318955396,null,null,null,null,null,null,null,null,null,null,null,null,null,-25.016180854785652,null,null,null,null,-25.586228222893155,-26.077301299310452,-26.784176445845087,-24.839909821018097,-27.11758495832035,-33.391319679881306,-28.66755403005959,-26.15439549866976,-23.642451037174407,-23.06006786068855,-23.50520299583612,-23.1323688129885,-22.11490856135988,-20.538265166877867,-20.187292289359654,-19.383305652725106
-0.5045096565218331,-0.10560066472065568,0.30401935788633916,1.9838086832024522,2.142773121370766,2.9227522022009937,4.140945345155895,3.627889218758988,null,null,8.128251632300675,8.176987793751568,7.11281801342424,1.314174424256423,1.9433087153556343,0.5483323413009548,null,2.832510739791921,null,null,null,null,null,null,null,null,-21.230083299985836,null,-20.898737208346105,null,-25.59095408285457,null,-29.212057269533485,null,-27.870500308124175,-28.76951156588113,-27.247043695405758,null,-29.90842243541621,-31.383585904659547,-28.355474160751783,-25.63096155209184,-21.744676423345556,-26.167115128280205,-23.262458345072574,-23.272816037295662,-21.88037475708523,-21.535747814549055,-20.853211200853448,-19.413519924169137
-1.236714384292519,-0.45323710795127575,0.10513300804805667,0.1561238123195131,0.4561734097956009,1.9562716146346748,3.213768003155094,3.8243320349330507,4.6497873955537115,6.21124054578394,6.651808534069644,5.430920424241516,0.8825409629605026,-2.1667480616876222,-0.9414468140903581,-0.9789602179852901,-1.2871654452285652,0.13426890618880785,null,null,null,null,null,null,-16.59651408028274,-17.427663422770745,-16.985818830639488,-19.995357940041234,null,null,null,-29.75343232160357,-30.66837990184959,-29.225937376058944,-26.87923916624053,-31.549353163667526,-31.196858668233048,-27.726719900640347,null,-26.611780618787375,-27.078790760114504,-23.224540353567527,-29.3599946414399,-25.68903345998703,-24.325372280772857,-23.524856362677447,-22.49945353051072,-21.414701995085636,-20.299009129592445,-16.448457044998726
-1.8848631041902084,-0.6789812132255709,-0.37445447107443586,-1.7904556826703208,-0.42740031819030877,1.8666989480631522,2.1529678792563476,2.5193569934525053,2.9047230250351603,4.51923478924794,5.925143092869165,4.745045875043281,null,-0.4861873922725613,-1.9147416750427724,-0.6184860140742565,-0.22477561956169512,-1.156809289305361,-3.490805812417878,-2.9035156459203444,null,-8.9840202265888,null,null,-13.007756005099177,-19.334067624173404,-23.11470222018751,-25.839198595493784,-29.627379929776254,null,null,-25.055300477357275,-28.569278597876075,-23.829725124914393,null,-33.71451252115718,-33.153951867890996,-29.71598649667453,-29.622285711397357,-30.857285585233743,-26.985480549459055,-30.197161039010663,-26.4893699569449,-27.514148848953887,-25.197465149039374,-24.107519300861025,-22.49675392559637,-20.667285591276944,-18.368422288380508,-17.113133072042938
-1.8032113930790425,-1.0722084247789239,-3.360440480934082,-3.529762632047736,-0.06353110494282041,0.38186824481914355,0.008243147807371525,1.1342642022437905,1.0252008717091863,1.7118311800939365,3.3581915278572936,2.6314032706780957,null,null,null,3.761186499093271,-1.4153063574733222,null,-3.512351430168467,-5.179750312143857,-8.035840941806702,-10.934994238598957,-12.980915062189997,-11.950362362831365,null,null,-26.0913397739063,-28.215163718232017,-28.432421747691663,-26.95973503737266,null,null,-29.02281114724839,-31.731364202004187,-33.63235826503569,-30.458939269478154,-31.62505018830455,-32.560493530507514,-31.713622554547612,-29.75767591562353,-27.390451925966836,-25.233434817140708,-30.069789004233577,-27.656270018169188,-27.095793426784798,-23.587351610590282,-21.704689404743313,-19.753230979744263,-15.850921820417357,-18.319628604768294
-1.611518028180694,-1.6349072296782168,-3.2301846020331344,null,0.5173497584579996,-1.7847282023076607,-0.37850701746166526,-0.2872741337036023,0.22529560306339608,0.6870715619953907,-0.09281704033537491,0.75651930162848,0.12844803559084098,null,-0.838905816464219,null,-2.6803336242501556,-4.330778349700328,-4.230860620119076,-4.2702489731215545,null,null,null,null,null,null,null,-21.829714594637082,-21.626192614534624,null,null,-27.77643721544112,-31.86863829830292,-33.00033632696585,-32.471905970738845,-30.460144471552333,-35.10773789960797,-31.064837931729905,-28.037374240295065,-26.659654884228395,-28.53173126475255,-31.388466039311556,-29.25211339362002,-28.34811126098001,-25.72870510643273,-24.86362834689993,-23.440676328297915,-24.834245891606145,-19.256728391590702,-21.267049974656388
-2.041798299508378,-2.943453931503506,null,null,-1.2238333065892906,-3.203156065681992,-0.9217960236007113,-0.6209360377436308,0.7736822015087677,0.10725640608055381,-3.571571027023662,-2.6435391671065025,-2.9969562524870748,-3.5696042550939735,-3.261963687124369,-4.522756573749924,-3.3407065230310184,-6.039555956957589,-5.658001744561041,-5.533021680094207,-6.736300647690854,null,null,-13.484200149045172,-15.481032094109711,null,-16.997420546062486,null,-22.257605181044497,null,-25.617582677716946,-29.68053048754234,-28.65515008736186,null,-26.825493561874246,-31.4116582537098,null,-25.78342225053848,-26.542227820109673,-24.553144463382363,-29.815249336204847,-28.443063265547497,-28.433323004878016,-29.44038062008928,-28.722255738985773,-27.67175017076542,-27.5967210215962,-26.338580024389174,-20.945935679814834,-21.843311106944657
-3.3314124837775987,-4.2565284252451585,-5.242250885883268,-2.8813034255941683,-3.480628543165036,null,0.8111944386383647,0.35669534838446726,1.0674753572659912,-2.1435943210005926,-6.887649282999346,-5.4119727925498395,-4.199424885447202,-5.381888679591399,-5.116300171322697,-4.810879435575207,-5.1933751660345475,-5.743037033556604,-8.03085055639707,-7.519094925758542,-7.310432011513182,-11.312576392491845,-11.96574684950184,-14.85671461151719,null,-19.27844979882479,-20.33053664839006,-24.931345831610187,-27.719585316494445,-26.19454755555496,null,-29.037589587915857,-26.100141158910148,-32.69517112829825,-36.35063943920303,null,-29.6425115162738,-31.249180756549038,-28.96824231451504,-30.280440605517775,-28.632626270318777,-29.636726173364792,-29.63121876371547,-29.25435331662601,-27.645424071025236,-25.43196535951717,-23.639862858890474,-21.69264011292573,-21.182816639497013,-29.41173538115315
-3.899549586040032,-4.526380843970371,-5.53675476935367,-4.260917850533279,-3.5743561844035887,-2.3206805214628803,-0.39411930625271024,1.0474140273263064,0.3890310498988162,-5.682388960554353,-9.210237841753834,-6.037104934736475,-5.76138123696904,-5.854693208670924,-5.858295083156245,-6.68975986754829,-7.212993964735705,-6.032318513463803,-9.204840637641531,-11.619784854527614,-10.652283826909162,-13.389472115842691,-14.832641090139575,-16.509181922304453,-19.712538999399055,-19.885758466684806,-20.36820131043137,-19.5170778062386,-25.020292150910873,-28.724408432480253,null,-30.228387275378132,-32.10428453563215,-26.85124359083808,-26.8071942627024,null,null,-29.107269302800475,-30.617524973673728,-29.330853549220187,-30.56650817643821,-30.38353356014807,-29.766771679784515,-29.811500970599283,-26.122003945452064,-23.7803513592825,-22.665610299741246,-29.081478002496326,-26.602066422588454,-31.538497924635422
-3.739395580645921,-5.3298252197276215,-4.797235992320467,-5.038978620962258,-3.7068527024006275,-2.579695625687047,-1.7919015982625734,-0.13112923643971797,2.5740518221167945,null,null,-3.679604059004614,-7.348714926466744,-6.492578937374984,-6.893263383109378,-9.002332725451543,-9.0636232777019,-8.348781098885851,-10.219559564495881,-12.801673402944719,-12.116437872195098,-15.029397801007581,-16.323524242259154,-16.429145352730558,-15.053882019598523,-18.567133942285754,-19.731386224436967,-18.808983929126363,null,null,null,-24.7288758400907,null,-26.80570771642801,-25.397114755823843,-25.495883079173975,-26.532196424087807,-29.189577269500617,-27.373924360719755,-31.794820688366727,-31.013421359154854,-28.274512250878725,-28.384112934226376,-28.088786022171348,-26.866091562553855,-25.784415264632305,-26.068674572565047,-19.64946777233074,-23.305552577820563,-25.35853441975237
-4.035301893713741,-4.96138148080174,-5.104882069881745,-5.2932546292920275,-4.13234046843958,-4.503990867958688,-1.8559421104083833,-1.1932306398777857,-2.0260623086011913,null,null,-5.808124685417228,-10.09792347925044,-8.358292278982113,-8.818733965091464,-10.431489045508956,-9.586871543260065,-10.581542689971824,-12.082275117833895,-12.209032926299276,-9.519216274934813,-11.341078271542354,-14.980682981957935,-16.859778137593754,-16.56088776970644,-19.85026030906997,-20.060890332388976,null,-21.529657061940398,null,null,-19.886173258018673,null,null,null,-28.818089904704532,-28.037067774340205,-31.36075597566643,-31.115842352438197,-29.90248818158384,-34.78346113346157,-30.51305119214213,-28.20364707000136,-29.262610048905728,-23.986438434519265,-21.972515585069278,-22.578027485754724,-27.651516803927734,-22.95000034137294,-18.149715708372096
-4.732003568482946,-4.805251402397615,-4.755982111322247,-7.378908263289738,-5.665509424630079,-4.497757939345353,-2.3805825525406634,-3.471858257282678,-4.717217719606852,null,null,-8.704578236560883,-11.987458929789701,-10.005583183181871,-10.30576582627874,null,-8.237552599494903,-9.959430357096505,-13.338665111840577,null,-8.680299923330574,-12.351425553037979,-17.560859734949233,-18.533797450200414,-15.934362735963534,null,-17.851413860125227,-18.262570067822,-21.104655054156524,null,-16.226677910542524,-22.224509599180962,null,null,-26.438345781922447,null,-23.755306054543514,-26.004079312035067,-26.550436614377276,-27.82211078664321,-27.31270386048613,-26.991962959652277,-27.163127893578952,-24.70800181146945,-26.578718436731894,-26.110592654634083,-25.304344810960664,-23.001224158389032,null,null
-5.902674638077954,-5.5952766617354674,-5.300177021580102,-8.16626247106514,-6.531858334206641,-5.017724298043386,-4.176864778059052,-6.1703706200332,null,null,1.72838556201183,null,null,-8.967884679340635,null,-6.963174118575242,-6.614253453054099,-12.074536082935047,-10.313477918508987,null,-7.7355299616497,-12.915779999365771,null,null,-12.046357782909318,-13.933865825617843,-18.760373777934788,-19.981106225834388,-21.35434996392562,-21.266839075245187,-19.467667077531544,-19.78157340890121,-23.000640160213212,-25.885696070149844,null,-26.589268472802246,-19.52327869380867,null,null,-30.764304992220314,-29.103433288556026,-28.316515382777574,-24.93686510967937,-22.842732532820623,-22.720994213615437,-18.7815052942772,-16.359902296518634,-20.06742959951013,null,null
-5.425273039389716,-4.449715011964462,-6.005186747618767,-7.104001424592407,-7.113199750239075,-6.422321837047229,-6.853688455979751,-4.174880008155081,null,null,null,null,-8.646392292387329,null,-4.369900938570588,-9.239758572631029,-6.470539999562876,null,-9.57317765976161,null,-11.978365290579593,-12.014756748669097,null,null,-12.283225371618084,-13.640861602508995,-17.552973385881725,-16.564736693575604,-21.754955792739036,-28.267471414868044,null,-19.144498551700913,-19.69466107498792,-28.407830523911223,-28.81646021508796,null,null,-20.942276827795908,null,-25.33462907192493,null,-17.830869031905408,-23.867095613384365,-24.7803877940412,-23.5586704430856,-24.495857738737598,null,-18.08327379457541,-24.760491931408957,-24.264280803939155
-3.044431348854769,-5.161069995421017,-4.278268918668634,-4.980224351586712,-7.452512567523876,-7.349467299458106,-7.374793052239922,-6.265254979256534,-5.347556442609088,-3.4493369869994663,null,null,null,-7.374123279291019,-7.057062297735322,null,null,-9.488726928688665,null,-10.821114565116178,-12.88611011726427,-9.390395311445925,null,null,-10.536571530656044,-12.529290801121908,-10.968436822558056,-13.933966734901004,-23.308901272779643,-22.625601146102394,-17.299932386930244,-24.771109921225847,-26.354443676690316,-26.88774451900516,null,null,-19.171225045184816,null,-21.210524912213167,-28.680195469733487,-28.2885728205605,-20.245999047280065,-17.82624098801231,-24.670776191768084,-24.313134653638716,-22.900523652466326,-25.544400733920188,-29.093546329872154,null,null
-3.2308815334237213,-4.6959566896403775,-3.28365888190028,-3.4070840457754272,-7.027437692062778,-7.508061818487108,-6.10569103483166,-7.672234271464082,-7.494455787003944,-4.147373590238174,null,null,null,null,null,null,-3.444912295168387,-8.46098577806742,null,-13.748780543806454,null,-11.891290492217717,null,null,-12.49280933065462,-14.633245508195861,-20.76535726468711,-18.336605961318256,-22.453218357333903,-23.805333422569273,-23.9168707691284,-26.105007982623725,-26.259323056347064,-26.508988000200993,-26.253108496544463,null,null,null,-16.985229828951656,-25.226156137708145,-19.997205657407733,-17.902393840144633,-18.153094486151662,-25.988408799681107,-24.854007598678198,null,-20.222481668797716,-21.89591238639874,-24.367773408141787,-24.202477999157075
-3.29083690222936,-4.818925100591225,-2.23463662672699,-3.078075508366605,-6.140929064413742,-7.598324303285693,-6.486816229290921,-7.81332038259562,-7.268573645140384,-5.434746868604638,-8.193700427494612,null,null,null,null,-4.598392562499669,-4.630899570295865,-4.48698409235374,-9.387214660238998,null,-7.400596884611401,-9.656496583796443,null,null,null,null,null,-10.443244695855665,-19.155851442931937,null,-17.20707325555,-23.791727006169083,-27.528394602167022,-23.123069834240358,null,null,null,null,-26.703618219644014,-24.650746359902097,-23.337969059371176,-24.278815676423662,-25.430618020271943,-24.130240401081135,-20.563857643197238,-19.97683166432282,null,-20.265371496095007,-21.86721995492441,-21.13330235977522
null,-2.3547050736672883,-3.028222173494458,-3.001849325023453,-3.9023745367741762,-6.6576010307811515,-6.709502239931069,-6.819326482658214,-7.947095541922186,-7.369628745402831,-7.281356730056415,null,null,null,null,-4.838880783743712,null,null,null,-11.32268767784147,null,null,-8.371041674932789,-10.16859370209786,null,null,null,-14.495492268854113,null,null,null,null,-22.238720691323962,null,null,null,null,null,-20.38322617207,-23.071226246343496,null,-21.76497281133877,-21.52524686992301,null,-22.595913900978474,null,null,-22.403871096672873,-24.496659472014304,-23.124244526447026
-2.637572766962856,null,-1.687666661044885,-1.85637941130675,-2.741619182111676,-6.582939917147831,-7.014772576366577,-7.386595409622955,-9.23422537109511,-8.327457998737486,-7.232906350079693,-11.108917045825752,null,null,-3.8582099873825113,null,null,null,null,null,null,null,-9.672543923299187,null,null,null,null,-17.113087836820757,null,null,null,null,null,null,null,null,-18.28948088280554,null,null,null,-25.91965875888031,-27.87644136049717,-29.022933849271986,-21.479096229153065,-18.693714344679154,-27.171649504475013,null,-23.047579957911893,-24.989010259486705,-21.3250865357302
null,-2.593954567195879,-3.6041126509115045,-3.5916147735855475,-3.832983758177122,-5.4436545755295755,-7.671184913085586,-8.128952168023764,-9.5107331849476,-9.336249550440876,null,null,null,-6.717076974002562,-7.886751721544664,null,null,-2.0655322426986946,null,null,-7.353620089865153,-13.593191629628146,-12.050985961460649,-9.449516360346557,null,-18.1574292198555,-20.79701134283773,-18.105038724680963,null,null,null,-10.195414275598711,null,null,null,null,null,-23.008792109633944,null,-22.23732358577767,-24.597819426806346,-25.775669067630787,-21.53644813521658,null,-26.41123854559505,-19.60336791900268,null,null,-21.396579812361033,null
