public/json/wind_2018-09-1516_950.json
{"header": { "discipline": 10, "disciplineName": "Oceanographic_products", "center": 0, "centerName": "Ocean Modeling and Observation Laboratory", "refTime": "2018-09-15T16:00:00.000Z", "significanceOfRT": 0, "significanceOfRTName": "Analysis", "parameterCategory": 0, "parameterCategoryName": "Currents", "parameterNumber": 2, "parameterNumberName": "U-component_of_wind", "parameterUnit": "m.s-1", "forecastTime": 0, "surface1Type": 160, "surface1TypeName": "Depth below sea level", "surface1Value": 15, "numberPoints": 4800, "shape": 0, "shapeName": "Earth spherical with radius = 6,367,470 m", "scanMode": 0, "nx": 80, "ny": 60, "lo1": 109.0, "la1": 20.0, "lo2": 116.89999999999955, "la2": 14.520000000000117, "dx": 0.09999999999999432, "dy": -0.10000000000000142 }, "data":
[rows 0 to 21 of 60, columns 0 to 48 of 80]
null,null,null,null,null,null,null,null,null,null,null,null,null,null,null,null,null,null,null,null,null,null,null,null,null,null,null,null,null,null,null,null,null,null,null,null,null,null,null,null,null,null,null,null,null,null,null,null,null
null,null,null,null,null,null,null,null,null,null,null,null,null,null,null,null,null,null,null,null,null,null,null,null,null,null,null,null,null,null,null,null,null,null,null,null,null,null,null,null,null,null,null,null,null,null,null,null,null
-1.4011984814085094,-1.5038218935156302,-0.5691338969004834,-0.13937185813965994,0.6871267541709691,1.5653426452725177,2.5447165153033575,3.675275466756209,4.2625456826856265,4.779033568633151,4.642412499426486,2.9363145295512187,0.2684794564084726,-0.9302042616112316,-0.8598971322508547,0.06316058537003136,1.5452390317777946,2.4713532167645256,3.2446545779499227,3.4845363230138786,3.878199368284206,4.3334702462817365,4.267076074508845,3.88389612748803,4.1557231454347505,4.9637128576337295,5.657491751846026,6.120823699024554,6.251568447317578,6.000545850788049,6.121632690378922,6.674885553844461,6.875725177771802,6.948749133085507,6.760875482107979,6.083080000835786,5.989596312379491,6.506086226749828,7.099295003863437,7.391894143137083,7.589546136988623,7.86240233336058,7.751515048434457,7.44597965365566,7.0656726246852495,6.646645235612974,6.139066703516393,5.6339154521545085,5.683473492454769
-2.518513016133279,-1.9103060331263633,-1.100389443196193,-0.5349226441838163,0.4041164781434951,1.1719972154804736,1.6048159089246206,1.9368532186338527,2.9026414571253527,2.978402155619249,3.167732033345339,2.0432163025797214,0.4217628188955447,-0.3684331411324704,-0.8503312025534473,-1.0796871172010065,-0.5243698232935946,0.40028497565195464,1.5080262417486934,1.9258529830352913,2.350185498324227,2.2967419774180975,3.143773984339637,3.4600165507349683,3.8031090223511415,4.926415742123874,5.399076576645831,4.882538976310372,4.566538936491028,4.554104900884798,7.092684126134041,4.6646049583056355,3.791485407743641,4.760236707937237,4.96257913851071,5.545172871161999,4.583717985503121,4.615501460973665,4.323493403259857,1.420793620277971,0.49359537419527233,0.35864603402592776,1.4468870947323498,3.3824425476897684,2.5755481968206073,1.7471460520096755,1.6035464752335484,2.2213032439345133,0.6184952007624978
-2.9924284745892145,-2.1637723645751596,-1.3465310272592215,-0.6857152177862328,-0.03536887518360144,0.7466929533363618,1.095240760957704,1.119895530816661,1.5950412058336527,2.237403467018196,1.5849966214034674,1.127643815042859,0.7113932700669967,0.11555189412137912,-0.6268270575303273,-0.359623530586262,-0.5632509926007572,-0.9662149806051705,-0.10050204905131613,0.6384911671591988,0.3987638901998085,0.2640403223158195,1.13303563627832,1.4299842639908966,2.300461807195295,3.1480650282802634,3.92250974168044,4.0876630532970175,3.9266647596587676,3.640456160134574,3.2157986745942395,5.803608040714422,4.0493769281279235,3.601339459126719,4.698652852983815,4.62672504575615,0.9294491979097046,-0.2287801718439062,-0.9926046162132258,-1.2677351877754435,-1.574157134347698,-2.080264346380126,-1.1472668058989903,1.001889333225296,-0.9614942543513288,-0.5812362484028745,0.23789930968380657,0.9318460126855175,1.7776241295740651
-2.7863882065401206,-2.0984254305715875,-1.287957668916473,-0.6970415369227534,-0.3957017831439468,0.012701564886344557,0.545476782844007,0.2933844116485851,0.2757019255978582,1.4708593360746898,1.5729044947381197,0.9023087459381633,1.5391821536308743,0.5577034931950543,-0.3498960084794264,-0.7097331448816925,-0.8633518492228202,-1.1824841952235305,-1.3419553217019564,-0.6901368012119062,-0.21740288492119417,0.3557625800161782,0.5778432313109401,0.5557067983511039,1.1038601916296293,1.6398214230627859,2.5411463449491,3.5856304915115538,3.996672781655226,4.622595358848518,4.097861410140843,4.257095273457278,5.381559626284623,3.3944992856772966,2.0842122436365336,0.4980231048071545,0.8903212356971774,-2.1271412558611544,-3.493411019029396,-2.93772714778738,-1.8798047618185616,-2.8650107312669553,-3.3369668440791815,-2.924935917897982,-1.3232103937954935,-1.430829380973826,-0.3741453811644477,0.46771700906374336,0.3817057309222886
-2.9128512627352965,-2.303068100182075,-1.7090883018584,-1.052726531637374,-0.6254421416161842,-0.7806836564421304,-0.8297631314708497,-1.0153653490484267,-1.1487017762352343,-0.09294661630463684,0.6317367494134907,1.0697548608983494,1.491308823292375,0.3436301189446133,0.3394984754362592,-0.8572732384460922,-1.133559700722558,-1.9207032937116324,-1.798367214148803,-1.2910904365345934,-0.6902550042203062,-0.27047435203065995,0.5917905423053005,0.3015218368930447,0.7223778767960972,0.8439509399553407,1.2269612578331173,2.189066642599645,2.7401806969682863,2.5244710320290045,1.332838775013026,1.1830227882862503,2.6577717776335414,2.481219806496283,0.48474767515633166,0.6146299175041838,0.3834407516914989,-1.867362507781375,-3.8700931890677657,-3.677502383962893,-2.610778152906158,-2.0658627916127346,-3.55339437336837,-2.722134589907459,-3.165460949211848,-3.5535215408680165,-1.8962916725319956,-0.5395113779105591,-3.5127803079514206
-3.357075012575579,-2.8180451005001546,-2.0206998805673453,-1.3506263127492444,-1.087047327228906,-1.1623478941289227,-1.3287999119510525,-1.8388626212478627,-1.817519969436018,-1.9766463760340645,-0.8092650276608808,0.45868727631188666,0.5780792683470592,0.4997435769772841,0.36606674495205155,-0.6321938866003989,-1.4251273546479042,-1.9612857676795357,-2.284016630289368,-1.7436731475851306,-1.0683531779952096,-0.371917285538345,0.5725826031331496,0.7932760572844845,0.9606793655997086,0.9241212028637111,1.075407669377468,1.0086956110211198,0.7237769477379926,0.8592034034696665,1.6610783826504163,1.2796096695889843,0.6011032668603571,-0.38318986764062535,-0.5917263160864464,-0.886103919933042,0.46205456880188656,-1.0370660264030116,-1.4055039747354692,-2.001864290132129,-1.6668347879989405,-0.854551294548686,-0.27239261032692963,0.19345199929926377,-2.742887028422987,-3.4103968825031608,-3.1628254137809115,-2.651700220171123,-5.039605776345487
-3.5719648502537096,-3.0044979204775277,-2.407426111752719,-1.7088390925312518,-1.488979641610991,-1.5203710440801999,-1.5540015849280626,-2.0645212011477976,-2.164460042044423,-2.235356756510763,-1.7549848922612221,-0.36423242401667927,0.10057599800609644,-1.1648936526072278,0.194791409667326,0.603617290204096,0.17904333912069575,-1.0651592036679018,-1.5814913223431741,-1.8437595128737567,-1.1566770480725737,-0.6397217284339355,-0.17857740224852717,0.2413546830715436,0.6416056201613163,0.9166371493088509,0.9123018033750527,0.9191613493288282,0.7531102373661631,0.9987010431560266,0.9422828558072385,1.509401856526972,1.476171261281825,0.6311757128893857,0.3738327954091831,-0.4541096153474309,-1.9384974980888474,-1.8084073492733106,-2.0882680615780265,-2.552479136011522,-0.7893909084638409,0.3294759252026839,-0.5459173051996868,-2.291762376386063,-0.3876206673161351,-2.214622894747927,-4.031980272486472,-4.003940138980946,-3.965407116582982
-3.7255797013349263,-3.164241633020884,-2.7874576670638134,-2.3787631750684866,-2.054328721573302,-1.7894884040714059,-1.683465411318287,-2.3205015535730253,-3.9768026749303695,-6.756552155560167,-5.2240286849314,-1.3515501157216572,0.027578260759980544,-1.6609749549649118,-1.3217391377071364,-0.10870616399626785,1.751356163314869,0.9288570217168912,-0.4579458699764044,-1.4322455292366236,-0.6901770862152842,-0.6710606912151167,-0.6030758914092015,-0.6318219211535058,-0.15060557131877303,0.32950335455770813,0.2248254301432835,0.5652165927184658,1.359677770762071,1.0413677402239927,0.8206876415765849,-1.8471395531094226,-3.360063643258023,-0.5111661775471487,1.3643625271301263,0.7695354475204949,-2.133709149470203,-2.5741974932023552,-5.10680532629685,-4.931131300473791,-3.682781301293824,-3.1599970609746353,-2.885928270039941,-2.9818343572766075,-2.681059023627819,-0.6451269514062005,-3.3649306728031805,-3.708314724107793,-4.141843738638089
-3.533019393546715,-3.2587751338492232,-2.8039253548927228,-2.743468958880565,-2.746918025866794,-2.337211395718495,-2.203143955463038,-2.1439310220610137,-3.531556543458462,-5.262984041675323,-6.383455798358802,-5.173765207537457,-3.190193198516131,-0.8048668615181973,-2.4918026065782346,-1.7588315786869901,-0.4768603637200415,1.6322293739114249,1.5356353767496094,-0.10331410652324849,-0.7874865490491602,-0.018634723231298878,-0.04375458903863999,0.003963393953421908,-0.6424552423705499,-0.26734599811018384,0.3357236299132088,0.5852950009144928,1.3844336689080572,1.7862491100795468,1.6225210299697654,1.573454881291385,0.21109967997927775,-1.3269903503981029,-3.114327388543486,-4.138654801649622,-4.435316199806351,-5.047395247452943,-6.082932254189539,-5.253884380028071,-3.5071827431327627,-3.0718815417834793,-3.7202053272615068,-3.2920464646886245,-3.2160637125184994,-2.2926276114937894,-3.31235484675882,-3.418123950250701,-3.4721655413155803
-3.5365416086738417,-3.370960756066938,-3.115797285770348,-3.239662933693031,-3.5700187012947744,-3.0372482960055995,-2.250055097790434,-1.8005804966610777,-2.015798002835054,-3.15627958410475,-4.162193375564164,-4.784524990691588,-4.893776507651599,-3.385775859083661,-0.8269605217306214,-1.473099814712303,-1.5146974319291924,-0.2953240800646713,1.5382688597971932,1.3777531127154667,-0.6395237594079987,-0.7393109001015697,-0.4467643743592117,0.03654072613032691,-0.2665926229726987,-0.23826991776681625,0.6155980961566858,0.5423005750571036,0.002463577511749141,-0.09961809310609915,0.12192106748067745,-1.0613834886111286,-3.340890167840305,-0.7932852199884006,2.1329052043248447,-2.3355172626661527,-5.37831935521884,-5.240349895872404,-5.075004568782372,-4.162367985341269,-4.009864106680792,-4.097202867716126,-4.567107342574937,-4.364511798926957,-4.483519818453519,-5.859423919100933,-3.7685505322960573,-3.2276355073590093,-2.8760356992365868
-3.7851171403987065,-3.8208137053420703,-3.9594966918186745,-4.354723213266537,-5.05766333446395,-4.446612919567173,-3.5647098501361056,-2.486773190895251,-2.2306638998792865,-3.5145843757815682,-5.33950259298306,-5.740338299226666,-5.0366384335036045,-5.426050011201711,-3.542864736685182,-2.1389056018582178,-1.9730392648629658,-1.6744849491915939,-0.3646295864615722,1.4643651224017948,-0.2616273868790375,-1.4351938267206457,-1.093055689064291,-0.6432100136724326,0.21773238007132129,0.015332123171731878,0.13315608038057294,0.09138054652392838,0.03981119210778296,-2.1104079951363133,-2.792488492549089,-4.72986065382492,-6.891356416056615,-7.068180161904794,-4.058485821197353,-3.366945605833595,-4.013998513459456,-4.328361641419732,-4.187517190919623,-4.595467637356659,-4.9145594107765715,-4.333461086387365,-4.316637444668536,-3.840774630842011,-3.34366910969221,-2.905334940926995,-3.180465181713532,-3.3748900442141005,-2.2271209082168824
-4.230408178955385,-4.035468059348545,-4.433844465301272,-4.66995338333587,-6.266219051104048,-6.467103681110878,-5.498313048660914,-4.3968943289314755,-3.5111509223815336,-4.827776614681428,-6.428974821263729,-7.884382332067305,-6.829106341802289,-5.851957915155166,-5.101297437299227,-4.113902303038474,-2.5597334875133786,-1.6846686526147134,-0.4436985626714839,0.5772664060095125,0.41001412953966193,-1.3465068281250354,-1.905860904864082,-3.7202672621680124,-1.6799857755642575,-0.4745724528172881,-1.3358778643203257,-1.5339893629918546,-3.0241553548528097,-6.03565472337644,-3.125879708151998,-1.9885542414600477,-6.628082887244222,-8.58629457860985,-6.502191867939866,-7.467806857446515,-4.925097852581729,-4.2727792960810955,-4.967536750563722,-5.3823197440788935,-4.489154375571014,-3.831492103234467,-3.7566921007270464,-2.7445796580947697,-2.9956502493717387,-3.245199659330712,-3.2592371474614206,-3.7900223341399975,-1.5223191968354501
-4.494654794567711,-4.389066649432533,-4.366592894869515,-4.294023525221906,-4.7973788361771925,-6.4231542052294275,-6.480148630406424,-6.6719007026482124,-6.062817644678309,-5.093965112932844,-6.388040941844366,-6.983817553784593,-6.449713718931059,-6.267765397729006,-6.140447820954484,-5.479449798993118,-3.768267191054025,-2.044543978272276,-0.9426667955336498,0.6259340826952342,1.2552841048491592,-0.009307202370137966,-1.5719808789964271,-2.404355457978355,-2.6329343680787805,-3.6747745128581277,-2.4211286150920217,-2.8240001716015124,-1.6991906616919068,-1.7256343727467043,-1.8592258801882713,-1.3903799182163668,-7.061902715576039,-6.934689096564988,-8.349844980288909,-7.99642135633447,-4.339622935618596,-4.605650318687778,-4.383350219478277,-3.2970090942085872,-3.5026486544782482,-4.147165880049501,-2.885680988310584,-1.5902572863523767,-1.5470808388708026,-2.416408453301371,-3.775857892884172,-3.010686696747238,-3.3310143834462336
-4.584966862337612,-4.610906207935867,-4.656744365776904,-4.4385090917655665,-4.129436561836399,-5.193199419941443,-7.135835853352041,-6.774285696315894,-5.859378585357126,-5.96595462303345,-6.598429381158614,-6.807169753697138,-5.838520656521635,-5.790993979231775,-6.095586061776311,-6.012292039770706,-4.637541954186439,-2.4217449499271293,-0.8277733811542332,-0.8670309322490267,0.6179321630286242,-1.1695038816543715,-0.4953855442258925,-1.4070288088502996,-2.8628321333308104,-2.593887203645282,-4.233666004755743,-8.228076732553394,-7.2128283281987375,-7.774714819764778,-8.36601218275952,-4.64219931634043,-3.412954086943453,-9.875615464747712,-9.11320570760195,-6.4893176434177295,-5.395309018227602,-5.635122905080726,-3.9308059609135344,-2.3460911705879024,-3.2624888307240276,-3.850900763646022,-3.5460582751045693,-2.886421289074917,-3.3251635140572517,-3.9026838130602757,-4.907010087241128,-2.2778404281007085,-3.5949506233997575
-5.22488485877319,-4.977976619422169,-5.1863474068651865,-4.912525473691526,-4.312875221835834,-5.350408917695189,-7.027268413325547,-6.3863628374369155,-4.864116037430978,-5.637926186676059,-6.115197275475653,-6.033614413278035,-4.82821784581023,-5.027454796810393,-5.90635831791001,-6.263074238284249,-5.761083418503869,-3.9419936567767366,-1.4701507502265945,-0.7200578937797418,0.7517502030095287,-2.0137465971032036,-1.4108515432626483,-0.8918714030048245,-5.1197567793993715,-5.2603380095066585,-5.65406077878536,-3.9097507793947566,-4.971813564544922,-6.3550009179278355,-9.768052108347788,-11.961967558160637,-8.39501905927973,-8.768719099992394,-8.496084142971714,-8.415028329954215,-7.806514363746798,-5.740761027350499,-5.117231777548055,-4.4347749017141656,-4.463108575267523,-4.827455510047955,-5.413114449759103,-4.202488976002975,-3.0820237825177266,-5.693096124888767,-6.52183222315062,-4.044113728168481,-3.6848547550224704
-6.0842734851841085,-5.549228605455483,-5.756014485373973,-5.6992458289796915,-4.6461976669947775,-5.219221134977213,-6.703343051595369,-6.603409026976374,-5.688759054582121,-4.453989644371765,-4.671665439004266,-4.129917141869517,-4.231358092251126,-4.954387276574142,-6.250872583963372,-6.161574871983102,-6.299420249936894,-5.324015577141577,-3.229237761621257,-2.5960605762138265,-0.014136208927662926,null,-0.9606650146945261,-0.6815979093215342,null,-5.035661285869315,-5.433251914682471,-7.430995982823041,-8.936190134699167,-7.160660370806435,-6.761392305881744,-10.05258198498994,-11.317430469525254,-5.796774295429755,-6.466626956873252,-8.124229954817748,-8.340732102420915,-6.275112415596037,-4.9578503773782305,-5.702014658506535,-4.901831208756096,-3.6216793752286156,-3.9610842361232677,-4.687843569499282,-3.7726666322700386,-4.604867970415373,-5.454013629364856,-5.614044545734242,-3.706229057363127
-6.800543414870188,-6.375433331949307,-6.1883047957227095,-5.81793901417239,-5.033182757489293,-5.326781525750927,-5.086062121678445,-6.883980916228451,-6.6832457306373465,-6.081528886530954,-3.823994082204567,-3.177051991783899,-4.7474542831298105,-6.103576121683516,-7.294034206763095,-6.398028151727399,-6.931097709347071,-6.283973466861887,-4.660447998075075,-3.234980132618133,-1.3249434230236028,0.8681434259335659,-4.833735036520784,-3.1571602625708683,null,null,-3.7772666503209305,-3.8451089104561147,-4.329601787563282,-5.3786296684180686,-7.452098555975915,-8.16129934882287,-8.26637724938501,-8.34875997275587,-6.850339990095377,-5.938761911464493,-6.066812336873672,-7.188529481649022,-6.711191924573557,-5.950298067397552,-7.187426155495176,-6.6844104150365204,-4.8843425362774475,-3.710154118069273,-4.385036467906443,-3.2801152491332966,-4.7463673067363565,-5.569147783254703,-3.52761207630234
-6.741442918035683,-6.803918130130407,-6.837236542422517,-6.536142522799485,-7.114230161212927,-7.230419530174902,-8.199607230034738,-8.7902924137835,-7.355331412239965,-7.25698394751832,-8.30728533896361,-7.114762043898133,-6.9428414481891965,-7.570838243971523,-7.383644682787292,-7.521529586440632,-6.698426669651595,-6.527617390866485,-5.87098271544221,-4.328755721203269,-3.695825377373197,null,null,null,-3.4115330486167963,-1.8467038164077105,-1.3483709771680783,-1.9034040380518176,-3.369114228566451,-4.957114130009101,-3.0286598070997717,-6.874617882444383,-6.907135334989404,-5.297119456372728,-8.215848729874764,-6.546662353614172,-5.508377547158645,-6.1835094172224725,-6.386607087130581,-8.524457293968677,-6.8725805829352336,-6.671070518685451,-6.618051984257017,-5.948834806047188,-4.419069283724395,-4.941913959914307,-4.501831819666346,-4.897421867862857,-3.8737587096544392
-7.445519137337879,-7.727877252253189,-7.528282285670485,-7.727290200787492,-8.46792160825108,-9.178338782878429,-9.525387196509213,-10.46872925369931,-9.479217506818264,-8.545421218139293,-7.412567729978831,-8.59830269993164,-8.551451363598781,-8.416473733273568,-8.178235557984806,-9.472820331963948,-8.03432967901413,-7.180168234685841,-6.2878771823658255,-5.5163340049748815,-3.4789486032455272,-0.12634090159113043,-0.8184496394852476,-2.5461404748083876,-3.842986860599543,-3.116860229606549,-2.3758108397213666,-1.875274005245792,-3.6805884456730493,-1.4172594364929185,-3.093827460432387,-4.072054286764102,-7.943798193647795,-5.872618666444527,-5.658201027495388,-3.8322275451437053,-4.765456014254085,-6.926508937995463,-7.447460322134983,-8.284116030467757,-10.103759558454842,-7.311220744230843,-5.956236995127002,-5.892296374804818,-4.98453213285953,-4.426454054702077,-6.303673560647814,-5.8388727674612015,-4.088696327914805
-7.844133381757096,-8.062138726209602,-9.015548119651426,-8.8054086831526,-7.807342542278539,-10.994508998825037,-10.193096882560663,null,-8.584797081389548,-8.962072730313924,-8.813929088523281,-6.9419377471886765,-8.760713565374676,-7.907134905131094,-8.595454677782907,-8.12171406068154,-8.12459125503423,-7.1767538324620554,-6.453017485232572,-5.2306555981367415,-3.6667138285031267,-2.564672340372672,null,null,null,null,null,-3.2181218691297286,-1.8885801824315822,-1.5768130209014428,-2.153175597100108,-2.1143404033358797,-2.5838398020751865,-6.923079083948618,-5.525292269151185,-4.832794967797341,-5.019399001342217,-4.627785931845066,-4.108393812640323,-4.15992465449164,null,-7.35808996237531,-5.5816861887797975,-4.75827262378524,-5.42759983019659,-4.565557471242655,-7.162728945416557,-7.378909554922356,-6.86593702938671
