public/json/wind_2018-09-1518_925.json
{"header": { "discipline": 10, "disciplineName": "Oceanographic_products", "center": 0, "centerName": "Ocean Modeling and Observation Laboratory", "refTime": "2018-09-15T18:00:00.000Z", "significanceOfRT": 0, "significanceOfRTName": "Analysis", "parameterCategory": 0, "parameterCategoryName": "Currents", "parameterNumber": 3, "parameterNumberName": "V-component_of_wind", "parameterUnit": "m.s-1", "forecastTime": 0, "surface1Type": 160, "surface1TypeName": "Depth below sea level", "surface1Value": 15, "numberPoints": 4800, "shape": 0, "shapeName": "Earth spherical with radius = 6,367,470 m", "scanMode": 0, "nx": 80, "ny": 60, "lo1": 109.0, "la1": 20.0, "lo2": 116.89999999999955, "la2": 14.520000000000117, "dx": 0.09999999999999432, "dy": -0.10000000000000142 }, "data":
[rows 20 to 39 of 60, columns 0 to 44 of 80]
-15.328251643321176,-14.3382033918915,-15.031968512137954,-13.609685940168918,-15.335785102552352,-14.147829534318468,-14.985321796064552,-14.336649248085092,-16.106986854702352,-16.569106479305052,-16.713287960073448,-17.032424322324655,-16.78996683973387,-15.756787021946034,-16.46471795621684,-15.65324440393101,-17.06390291079155,-17.310628331573472,-16.768789691487154,-16.602984810584953,-13.917710850717768,-4.279453853911762,-6.520456604971034,-16.769636349807644,-17.495125488172405,-16.271322572730313,-17.620058878246937,-17.433666605908645,-15.884597901626154,-18.176680605376298,-16.725717637630225,-19.538389588245494,-19.49809970231323,-19.219068957606513,-18.27237834473553,-16.823887149237116,-17.96610309474225,-18.7014109734963,-19.440124562085106,-20.13453291938478,-20.664211237902933,-19.82896961446256,-19.86221497692029,-20.92311439676863,-19.258369055786424
-15.510261133439938,-15.484382513203915,-14.664522043838819,-14.829923276893426,-15.993789199411662,-15.57438424406634,-14.502716681453796,-15.730154798439324,-16.338013552429928,-15.93432381592248,-16.42406709278116,-17.091970430922885,-16.939845161255764,-16.652430077326084,-16.918573612217276,-16.857528092981187,-17.024823185366113,-17.413768728330435,-16.775772254691425,-16.09014824529563,-15.203086660313879,-9.823104509190935,2.014251826062767,-15.72161013064445,-17.172633176674626,-15.817344391885989,-10.799830466310361,-17.284008692893515,-17.439389082724468,-17.574440373432516,-16.185224935369657,-16.796232046277822,-17.768667065795768,-18.99607468942935,-18.055077797306044,-17.490481081162756,-17.865366280513364,-17.961477606326714,-18.360227865044138,-18.067741056164255,-17.05132439223322,-19.68184373204518,-19.408300847823273,-20.396986023790173,-21.154609632144588
-14.624583627820991,-14.802745351411682,-15.4539561553404,-15.110953907025104,-15.1369798337038,-16.33711687386858,-16.620937542514373,-17.047272456925644,-15.435794201355929,-15.926547073379716,-16.372465929391655,-15.808903396341991,-16.837611422636748,-16.935573350945923,-16.980713175212635,-17.56050472487007,-17.769040135571377,-17.28198213705603,-16.654574404116254,-15.553587766645565,-13.887128580167461,-11.01209054198303,null,null,null,-10.658902969617621,-14.32271423286248,-16.759808372130664,-17.413703387267525,-16.133636505892895,-13.60738564394558,-15.517909892406035,-19.809019623655978,-19.452916535716344,-18.983879519916158,-18.62337328397618,-18.397088115496047,-18.225241751247673,-18.311804673674807,-16.893545163683672,-17.513944427590513,-17.621272673039023,-18.802073340279136,-19.738300233521997,-19.390226848550757
-13.904603406826604,-15.758501936851582,-14.337037705660826,-14.813159684300558,-16.141719153407372,-16.069863055949984,-16.397154152425358,-15.645929151336592,-15.575219711182855,-15.941330288205165,-16.584368672130445,-16.201412192595157,-16.35621516849657,-17.429777325740638,-17.560944682311444,-17.170943136180362,-16.19453384716953,-17.64737111635641,-16.225779354953033,-16.394021086182303,-14.110229779344563,-9.681354601945358,null,null,-10.993864713766834,-8.02222181989399,null,-15.26559222039251,-16.01641361530684,-16.692245241722198,-15.483507376041594,-13.939312637531788,-16.372682663701596,-20.069169901355636,-20.36623269366214,-19.278847805367775,-18.94774358489153,-18.70256093707815,-18.507095618052563,-17.294507821177945,-18.138540742695323,-17.554913927248712,-18.433915754748195,-20.075110698315296,-19.60415526843466
-9.73907784118544,-14.48291073310406,-15.364323412557402,-14.718065971891484,-15.134052861326353,-15.382340962328229,-15.199218884318094,-16.59968564567093,-16.34425262861044,-17.3246545032451,-14.961957611937898,-15.838425375201668,-16.002770066984574,-16.849546943849997,-17.629767003481,-18.021441672391664,-17.804078806845467,-15.72164105848276,-15.80703235000896,-15.839829746029526,-13.190541863430553,-12.92008423369274,-12.190465390169242,-11.982096369991053,-14.187230649287779,-12.38745311759853,-8.49824582598947,-8.549073284036947,-14.607780945426313,-16.406255603156914,-16.140570106137176,-15.759142646212139,-13.769061364833428,-18.875763129248462,-20.264213203783005,-19.823290619323384,-18.836208005200042,-18.577012856070724,-18.644941877669726,-18.392951479879926,-18.02120454462476,-18.5638850692028,-18.202685274071822,-18.672826715222364,-19.089431337836647
-10.01329431293235,-9.188922040774017,-14.293753225072324,-14.62387069906615,-13.797258366052631,-15.082247610878273,-16.26041852319632,-15.896324701516283,-16.389935606656557,-16.2987281876845,-15.170961523557434,-15.61140438964923,-16.26405283802949,-17.063947191304244,-18.008962257658126,-18.45179875848339,-11.064450842434455,-16.97434677383377,-16.231862295371236,-10.063606784585899,-15.66778314999171,-11.224896369056632,null,null,-15.45015859979512,-15.147611811521365,-12.510430620302184,-10.798172870817627,-12.4862883265494,-12.253049568786706,-16.227606131299734,-14.806355809995894,-15.861978209163539,-16.923534388587946,-19.850380323513054,-19.163036198785697,-18.801737952016875,-14.011189231646389,-18.347837227499518,-17.817340487084135,-16.83549084111367,-17.517251848491732,-17.729145576593165,-17.396991047108237,-17.36542354068743
-11.975626637052764,-10.095381733023908,-8.876570312512959,-14.313060206557406,-13.533563056086207,-14.90166312128694,-15.154212478340028,-15.853474988362851,-16.207047422769833,-17.00050876060658,-18.149536664665145,-15.596123871444563,-15.9138715035513,-16.361161099394334,-17.09719644433129,-17.9745742380773,-17.233293104229787,-17.385253333768073,null,-12.403348257529801,-15.656994105965191,null,-14.446407332707018,-13.676724457656881,-14.428699869612752,-14.794590064235805,-13.630844096091126,-10.78278766746711,-11.737111936763155,-11.683046922982928,-12.045352062800283,-16.89389952352655,-16.324982042357362,-18.45330128292674,-18.477342599331294,-17.837282637127604,-17.682665589171492,-16.243448359563143,-15.679817978069671,-16.50122501500477,-16.273540648421925,-17.042281722670275,-17.261880272628872,-16.119164239579852,-15.438052460063222
-13.260568784696032,-11.843387467642824,-9.17122985816253,-9.367062222775221,-14.889404798235148,-13.600343557207518,-15.129587376161977,-15.726544419374274,-15.616815440148809,-16.311271348584675,-16.676414087219243,-17.583266620778453,-18.72407454493543,-17.676728521752366,-17.652901767069302,-17.96017639079307,-18.635456362521186,-17.3469356065156,-16.002931829518033,-15.813513766796635,-13.330241189788639,-14.779883264424441,-13.419624335774706,-15.255182767182403,-15.321951434060841,-15.34723350939187,-14.483988807390205,-12.07937643550068,-10.911977214924484,-12.806240363329849,-12.151953929397537,-14.961453055700197,-16.931073291643497,-15.592344664571854,-15.740560764209196,-17.688972863234056,-17.209614295918453,-16.595711291413977,-16.035684763578505,-16.273169200545016,-15.817031108820688,-16.309894038647727,-16.88406689345131,-15.669973474497084,-14.537659899032416
-15.105649800123278,-13.395092703546204,-9.967225494038843,-9.474633990169442,-11.101620004914466,-14.47309569430592,-13.872134263742542,-15.250967066476203,-15.555160134242822,-16.11808026216368,-17.010532793927254,-16.964123125330488,-14.623822997077209,null,null,-17.390040761490294,-17.281353384760124,-15.707042877423218,-17.27395835409123,-16.59442825728414,-15.931511598097963,-15.06206738747347,-15.03867532244939,-14.469241494670921,-14.679423704455989,-16.52217541970672,-16.007752058359827,-13.244117115021261,-12.32510908247319,-12.035579632130446,-16.323743512987846,-12.132897717365019,-16.64839220386938,-15.932685952450244,-16.63572352857356,-17.24430921161832,-17.386446819464542,-17.883730483759617,-16.641671436218033,-15.436292813567835,-15.603581559490681,-15.181597055655674,-15.568061859252238,-15.325755254592433,-14.606634903787826
-14.651604126632467,-15.791528459796885,-14.835370573849204,-14.870702283303835,-10.224485559909521,-12.335493324086455,-14.739086233924112,-15.123836413895921,-15.807834535317141,-16.086041089389244,-16.569360800772316,-17.156841919621655,-16.93027058334635,-15.938905297950164,-16.150130280134714,-17.18155888337133,-16.76229042457645,-17.38548442466751,-16.29516070854293,-16.28420375296033,-14.760914051783308,-13.926773593631165,-16.616352600502644,-13.901240949634222,-12.514555469637958,-12.560761762414481,-14.412231716371446,-14.411268216533232,-10.889744879576313,-13.261436936357821,-12.864333477928007,-17.190335738759444,-14.691268813789849,-16.97612305370889,-17.730572690694494,-17.217679558145903,-18.571412764141726,-17.729951944577774,-17.692682686759312,-16.040603677297177,-15.028249740383487,-14.372004193278007,-14.837411620789315,-15.841608532679613,-15.684992501159902
-12.717120123977711,-15.043391814752521,-16.073480613677667,-15.478114436659293,-11.001066315878639,-9.754043930211184,-13.86152370934245,-14.77528967177324,-15.227129115663281,-15.894912595134349,-16.048867457040473,-16.6582126644041,-16.72354571293596,-17.297426805915073,-16.769680593342784,-16.429567342710218,-16.47213702738388,-16.473957785724853,-17.07083969742334,-16.57119339794979,-16.88816537506742,-16.38644144057651,-14.68369877057029,-15.798070070464327,-13.751951734919768,-13.751351536573473,-13.70316872181973,-12.322325609384245,-9.558612986196351,-11.528310501560691,-15.106186464450364,-16.98455665266437,-16.383940458497452,-13.356399042077982,-18.668912536981484,-19.6631562944269,-13.714615582601628,-17.20490713095807,-18.316041294355866,-17.120785168236267,-15.306546194209343,-14.573348713552107,-14.452667984982437,-15.62823594739927,-16.641399549423635
-12.393813671048761,-12.688901920746709,-15.136100426783571,-14.119636976726522,-13.14767416761524,null,-9.887151342183383,-14.043003051326707,-14.829835853115753,-15.110252879494737,-15.524393993936208,-15.827486712824165,-16.830907167977955,-16.71176946960115,-17.602106351758042,-17.053358196322094,-16.877998577885077,-17.064530020319566,-16.893758423862607,-16.96272852012996,-15.524710296637242,-16.44741541675534,-16.442945731199348,-15.118200792028809,-13.864452157635926,-13.998308351686768,-13.90272576254069,-13.030574574865561,-10.1393080329341,-10.803549536022144,-14.521864976873726,-15.778214290639816,-16.394124603640876,-16.171334200462567,-16.818269145527086,-15.55216423761328,-18.255811312910428,-17.790680627982663,-17.7800790596094,-18.086387894631773,-16.509088377340166,-14.749097161928876,-15.214170465518139,-15.775430069350769,-16.720216335178847
-12.92777554599762,-12.174911668422943,-13.662864989208995,-16.54431040555704,-12.300396743188958,-11.517487769615897,-8.103442716960004,-11.594957597532506,-13.626550605355622,-15.461467312030608,-14.826030010538954,-16.26780556492267,-16.3602705080974,-16.652948876151257,-17.443495904149138,-17.48268660755141,-17.116939083531836,-16.886444967813432,-17.294591673241346,-16.540137081836164,-15.270335478588885,-16.858771281786918,-16.55096123340744,-16.189647714237655,-15.581338336991374,-15.637184549665978,-14.389144766540383,-13.49820362006483,-12.554748649026632,-11.574294345960045,-12.919609694803155,-15.927158637363766,-17.659717697215257,-15.19155820621433,-15.639757198008432,-10.035198096729998,-14.822320044746567,-17.287527327750134,-17.192199675579765,-17.61180185537777,-17.773289600178213,-15.551210709344417,-14.521931366970719,-15.361610002258828,-14.89122615113712
-13.73102234862046,-12.626354206267678,-12.553896316358408,-13.700218846924693,-16.514716184663442,-13.055491623847272,-10.394750458128641,-7.066067527241419,-12.427550497223699,-12.539545192854023,-16.131112719543534,-15.902400964029997,-16.251638909752963,-17.123349482471017,-17.24904056676532,-17.670954045384914,-17.19148853175192,-16.345193271507544,-15.914476414160124,-16.45327360285981,-16.148742498172048,-16.49261346192656,-16.70126683216171,-16.5350434137106,-15.697449961544788,-15.67290242479184,-14.83789459598987,-12.963145464808884,-8.15344376985614,null,-10.550708590625835,-15.668748801595171,-13.698222777238614,-17.088098430623077,-13.135014781926824,-15.46627040778451,-15.678221738948531,-16.671359136077864,-15.638540636484034,-17.0202800893011,-16.651789119378705,-17.122941973631626,-15.859003913422894,-14.947628107021648,-15.301376289639704
-14.439547905190556,-14.125122866793376,-13.569733767938619,-12.23908946000367,-12.67703605030859,-15.40453065648435,-11.671697861917462,-8.701233548277644,-10.076151870928708,-11.777587083852787,-16.752691103578048,-15.089377058768171,-15.758471900737938,-16.472788882441098,-16.94385703043508,-17.74368384872051,-18.097088238400698,-17.604773888916487,-16.905841087598255,-17.03213484484105,-17.31574428080531,-16.02635917116733,-17.69473774939893,-17.124638106372966,-16.63488763052714,-15.31997805978497,-14.022900207645318,-10.0018893153793,-12.148177562675063,-9.983410782164007,-8.875203163693909,-9.62439335276903,-9.653651132685445,-10.812930761357975,-12.554949741732987,-15.43213177057081,-15.621514147403332,-18.378548374672974,-18.38164131114853,-18.152784933377127,-17.48603521103004,-18.52651221655544,-20.013270030685188,-17.987763667408927,-14.680561724244184
-14.266729488086254,-14.598079504587282,-13.529371003949827,-12.542425237066325,-11.184159235377471,-14.611468107437672,-14.053180378704013,-11.063316942926033,-8.656536875398892,-9.942013727926565,-8.444069094296074,-15.980200045697789,-14.911117430994883,-15.928719346122923,-17.027448612346433,-18.796380835109417,-18.82279907965431,-18.633376063951566,-17.370755124712446,-17.42391091677629,-18.488679116864752,-16.587970983536337,-16.776961586292604,-17.813675068459922,-17.506213438711974,-15.810202239655153,-13.760738907232652,-13.01723299025791,-13.748846271431104,-9.605997499848861,-8.96226667240512,-5.483329235178099,-6.826721470574562,-11.826323164904977,-15.676996576678878,-14.234551235512892,-15.829859493196368,-18.953425973342757,-19.492399956103412,-18.820329712603087,-18.71025654748431,-17.45423209596802,-17.97087561702739,-17.748000887070525,-16.009575206837177
-15.282397672140666,-14.482804249178395,-13.918443748690734,-12.698452369672328,-11.898787327867092,-10.549529965909958,-15.899400175597702,-13.350827713292704,-13.11986325416747,null,-10.689386190280757,-15.618534832972111,-15.901169276799756,-16.53032681556778,-17.890574695576277,-16.78733454248719,-17.408680849173038,-18.54245544377561,-19.098956225178096,-18.18066230282481,-16.738157762664674,-15.585874343663175,-12.510081251243353,-19.602175745201425,-19.18804285944139,-17.522450269845336,-13.762248752460646,-12.792130841363527,-13.350446823484397,-12.447603589310681,-10.161397551679665,-7.796932544017376,-5.354269767213377,-12.304737772228494,-11.694208747536813,-14.426030159906722,-15.956672794559353,-18.252352970393478,-16.699169909680514,-20.012192620018475,-19.83198077042058,-19.892386843369888,-19.308885533875277,-19.65355995084262,-19.022510435563433
-16.7555704040132,-15.43270336054055,-14.776128469168619,-14.624004806496643,-12.14442010685043,-10.934404029451674,-10.359856909930757,-16.0759784347796,-11.371824196473911,-8.297559566743194,null,null,-16.926309044434955,-14.878243645869325,-16.225758420878975,-16.230452042800493,-17.260317981923368,-18.7565690294709,-18.301731244525346,-18.4353946389245,-16.529006117219012,-18.441812450159134,-16.707511953054716,-16.45167599574662,-18.762357152017227,-18.32918992102238,-16.496729122649242,-13.27440655345158,-13.393561727364327,-12.707874632716752,-11.787895779626101,-10.380660799090002,-6.786043004380826,-9.629631170890937,-13.779901479408098,-15.69117328971506,-13.760592487377176,-15.727524734993553,-15.032179416600492,-18.36363143898546,-16.481344238066818,-19.43615069949355,-19.99641604489927,-19.102677693450104,-20.708401278411113
-16.33143289612738,-15.6765004394975,-17.72029845518011,-15.510531183337235,-13.503911727792355,-11.965444936546318,-9.856011731773526,-9.015215196042847,-13.724663916796924,-9.916869994074867,null,null,null,-16.37293062699601,-16.53445845791056,-17.16451949568758,-15.377757815416983,-14.089940742167853,-18.826849279410393,-18.820460534286646,-17.389274561768538,-18.32738309975462,null,-17.96648576269793,-15.651778506318408,-18.782832585086357,-18.511121644511483,-15.063464562997087,-14.425207934582325,-14.026644222177957,-12.151859465112166,-13.322072804525881,-14.140101346024807,-11.572823519763215,-12.561388436493488,-17.901844742949063,-16.577922611762947,null,-14.868393687916257,-15.841912958822515,-16.098645595557127,-16.17431960594175,-17.118214723194132,-17.437806885872977,-18.17452513178102
-17.105278989674268,-17.306635122732196,-17.813725858805025,-17.175345248410164,-15.2531172599395,-13.570290641842444,-11.9022846556364,-9.114772058191472,-10.112580248523749,-11.115547353130344,-8.020331447028244,null,null,-17.358575961184254,-18.05703894157859,-16.708136661725728,-16.3350971670588,-15.638581088361189,-18.086717305248715,-19.158776835147826,-20.39306406282126,-17.15068027220778,-12.673340836678971,-12.895328465095822,-15.999970469845117,-21.631859038311976,-18.51743024966531,-17.680250618455172,-13.578807653803546,-13.677172646238283,-15.44541402933554,-13.741991288360897,-15.599529072973754,-17.878709829415566,-17.146010182576763,null,-11.780911814596932,null,-10.357877573761598,-13.148221205345905,-15.083753630882807,-12.405574349680542,-16.130086958915967,-16.751583417746268,-18.57895739754282
