public/json/wind_2018-09-1605_925.json
{"header": { "discipline": 10, "disciplineName": "Oceanographic_products", "center": 0, "centerName": "Ocean Modeling and Observation Laboratory", "refTime": "2018-09-16T05:00:00.000Z", "significanceOfRT": 0, "significanceOfRTName": "Analysis", "parameterCategory": 0, "parameterCategoryName": "Currents", "parameterNumber": 3, "parameterNumberName": "V-component_of_wind", "parameterUnit": "m.s-1", "forecastTime": 0, "surface1Type": 160, "surface1TypeName": "Depth below sea level", "surface1Value": 15, "numberPoints": 4800, "shape": 0, "shapeName": "Earth spherical with radius = 6,367,470 m", "scanMode": 0, "nx": 80, "ny": 60, "lo1": 109.0, "la1": 20.0, "lo2": 116.89999999999955, "la2": 14.520000000000117, "dx": 0.09999999999999432, "dy": -0.10000000000000142 }, "data":
[rows 20 to 39 of 60, columns 0 to 44 of 80]
-16.00083729126252,-17.39272067764937,-16.30904236933518,-18.365247146856944,-18.18777298962473,-16.21520866279787,-17.622686472489747,-16.741179060165866,-18.21653154962654,-21.361341101788426,-21.594940557683394,-21.56025744178912,-22.101130552222678,-20.79792261009927,-23.89856850614715,-28.8212846682566,-26.35660408152164,-25.040176789880952,-24.390659992817234,-22.776475305025027,-25.032456469890718,-23.209201181274377,-15.445736770752632,-33.17262197429244,-37.98174446095978,-37.28617083596402,-39.65709201759266,-39.28282064596972,-36.57846121418916,-36.555682582671054,-32.93660760963823,-38.33688596812913,-39.076021822876335,-40.198166010991116,-40.78921553470385,-39.616108968814835,-42.160075866623885,-42.6403804168652,-35.29139013854446,-40.65753727155336,-45.64548251010166,-44.454633221783354,-38.55339847339156,-38.79938846023281,-22.676227427707865
-16.38262507124101,-16.497949351814757,-17.37429808709411,-16.454508968910915,-16.077034833651005,-16.698729414256274,-16.688444345984735,-16.064766604481576,-20.54007612809574,-21.1571336284079,-22.101279689080265,-23.0416298744743,-21.064363892169037,-20.087459352178428,-23.001275476408246,-25.81605678395303,-28.061563657671094,-25.799426502491933,-25.270029485945024,-25.019245837305455,-26.338485745168107,-30.20466801024928,null,-33.480031993868884,-31.966018400398987,null,-25.229444163070937,-38.014927028226545,-38.974139629403695,-32.13297751934454,-30.951258612787402,-33.500610591904916,-33.85668234370523,-41.000358186773624,-39.626332070844285,-41.27590271502244,-42.58961873428096,-43.75081893331752,-43.56240128749087,-33.99112918719706,null,-43.87259700545656,-37.49689409592915,-40.08404842286658,-31.16100560569121
-17.211468651976507,-16.538947836475874,-16.17105366830633,-17.603173473527523,-16.265094839579916,-16.474821935056617,-17.092579933026258,-17.991487200468793,-21.770279936667915,-24.117823068107363,-23.90296332987551,-20.690276531811712,-19.919899824832868,-16.00839952545922,-20.066014687423195,-27.573331957315833,-26.25353107322981,-27.77929251417377,-29.566817452409563,-26.339877321099763,-25.024240770990026,-22.91818471201793,null,null,null,-26.048474464011612,-33.062783172415024,-36.898304066987,-35.561341446566225,-33.605978942114064,-27.97035538671485,null,-37.22464502463355,-41.90785141416989,-40.56933672450003,-40.3046549272871,-41.95174406467147,-40.61358453163402,-38.534696607068966,-39.21499150320099,-39.12445234954306,-41.837074824897144,-44.102063462440896,-38.30618139473318,-37.39664939125505
-17.987861724232832,-17.544558503728638,-17.1387341769669,-16.13937669400854,-16.128181096700892,-16.811982223888826,-16.41990349261329,-15.443657873430793,-21.76508952877825,-24.025922475156527,-23.514299871992037,-20.783953624255474,-18.593756559090817,-15.655285119346473,-19.722974027613837,-22.907036980639365,-25.492845033456476,-29.666891221033186,-22.758382669132445,-27.52886960960025,-23.299051674607135,-20.627869424222865,null,null,-21.544649468989633,-22.863081066200422,null,-34.42920191768757,-34.35046422808095,-34.0561609896845,-30.70919264226587,-25.871338168883263,-28.960921248208255,-40.62206858552612,-40.14557984695777,-39.39884401469216,-40.14939137495721,-41.964664563675235,-39.149327345851894,-39.64659378586728,-40.75250459069155,-42.7197960342296,-42.095263479321915,-40.23471408023512,-31.935230599171007
-16.565121324520863,-17.229173338529435,-16.308974184383683,-17.26849175450169,-16.10816079951852,-16.305730998759017,-14.827077218212715,-14.111470701520023,-17.058468230145166,-19.584714691027663,-21.159945505734534,-21.05184389294085,-17.09734575077567,-15.859592996660345,-19.086892870664578,-24.88096266504015,-21.944471143503847,null,-24.51033038336955,-27.565188753838196,-24.042149046780906,-24.243674429363466,-21.549217645371915,null,-24.041771653847377,-25.00709600858107,-23.922850949298265,null,-30.270093898806632,-31.605562440744688,-32.808073313551674,-28.865308874106606,-26.35187285338867,-31.84855901039476,-37.599272045762646,-41.40451683102893,-34.70541258547614,-37.953478621521555,-36.48799974632067,-39.48897894765385,-41.79146612230131,-41.019259012674766,-40.695071120048574,-37.85856272416174,-38.86226127176538
-16.18784974841608,-17.319694080772702,-16.007917184841542,-16.176710096246033,-14.917752429649141,-14.322625321179622,-15.146692663869734,-13.494990518290212,-16.53178938492158,-16.145266434956994,-21.275477558334305,-22.486413815681964,-17.73530553758328,-18.582885408459788,-19.014307360866386,-24.127135260341433,-15.111211088585708,-20.00931744325079,-24.224899098138668,null,-22.23633075940028,-19.01886458833214,null,null,-25.50414367283281,-27.147308058886196,-29.829903981582287,-27.826736454875636,-29.879585825185757,-28.736172239710733,-35.984532460939164,-32.74683268463949,-34.78730287827345,-29.274415514669652,-37.04528866728353,-38.573380836629134,-42.003516632835215,null,-33.794610507231305,-39.77838572658451,-35.8080555506741,-38.91645500604634,-38.88284202276463,-36.821283716039275,-33.095802998432525
-16.65248501750761,-17.185110987836843,-16.37053467239901,-15.35811815232774,-14.958149116900412,-14.560724881843313,-14.249487943925008,-14.411111902501238,-21.52743811754091,-19.16187266936049,-21.683194029496704,-23.921424464846492,-24.016894386662955,-24.566123396221546,-20.600074334721413,-23.233469649139128,-24.073436141998535,-19.51150002167663,null,null,-23.761671723585376,null,-19.170576877744487,-22.186471252527614,-27.200753220191373,-29.42174113105018,-30.354405425217077,-29.94167470816773,-28.582622783169022,-28.341009225595396,-29.979840981906445,-35.449096228086944,-36.42173782402975,-35.80370094798215,-37.61023556109528,-37.23981062855809,-36.56637377167601,-30.44152055531459,-34.245053927952235,-30.63595931420092,-33.41774641947674,-34.793656788063444,-35.9301922032337,-34.26428770905885,-32.20085919898162
-16.885008047188048,-17.041092502614898,-16.904397423814146,-16.65806540913151,-17.603421278755434,-14.543436258546366,-14.202357310835609,-12.853774889339878,-19.302015668066428,-18.93489955282236,-20.10541357936481,-19.280640878342957,-26.010988866181957,-26.98040740736944,-27.063931642767447,-22.166273025046724,-21.815378693672614,-23.940370263446866,-17.568760096768887,-21.00197809194612,-19.969967423477758,-21.929002307707982,-17.22277637296671,-23.995086870852187,-28.50221326799778,-30.31882604881523,-31.351696325174487,-31.65155878613856,-28.614349952935523,-28.232453023888894,-30.541966374968922,-30.607820625181027,-35.59178728349697,-33.13916465490871,-29.0263056575849,-35.74949885010176,-33.473615253857396,-37.205107756137416,-32.22755331928175,-31.28531127546474,-25.013888929790333,-29.506630051360627,-31.277915147490127,-31.20867880862916,-30.159907982332733
-17.863576015182474,-17.92555293195723,-18.759366977197114,-19.295526549530084,-19.212889702786804,-14.954279140419967,-13.791006420197252,-12.148341531352347,-16.06469552293545,-21.614392513868488,-20.47322611779751,-18.686459387910016,-12.825862093268647,null,null,-22.604992554421397,-23.334056072154947,-19.478055073670454,-22.561453733135433,-21.130715456862692,-19.359424617058608,-21.37571790305681,-23.25847867846261,-23.83725054998664,-27.30333420541561,-28.296368338349833,-30.49045526615398,-32.28279492393527,-30.152298626001667,-28.119257531862008,-32.87903416882421,-27.383015359143908,-34.13352820501619,-33.34662326807252,-33.84626235061754,-33.899807130163,-35.17897215402299,-36.485262121006535,-37.224344668764985,-34.17728279765379,-29.410916058147002,-21.55962447118843,-26.03566262022253,-28.302327380470977,-28.6817616826752
-17.67560989740269,-18.07342161942521,-19.11387113074472,-19.845602394459526,-19.684899400595143,-15.230591090093348,-14.79513806728095,-13.191491376258314,-11.719338312808077,-20.38184944331944,-21.427261116797695,-20.50335080840441,-18.5351760256722,-16.079334137064404,-14.820479167446072,-18.941065449178076,-23.50457537517987,-22.749196320546538,-21.88764700083845,-21.285321524258258,-21.903957857811015,-19.846537616804156,-25.910033147895298,-22.599490879533732,-21.151899516611962,-23.081092723236303,-24.565078502650906,-30.177504927119166,-26.144687796613685,-27.67886559860596,-26.281023778368308,-31.999653199111826,-29.82093597208901,-33.705238108582535,-33.50761770991095,-33.77891989069328,-36.067047436133784,-35.557670059044355,-35.359861618527944,-34.938666506645966,-32.962963645535496,-31.23141166548495,-25.865907651749012,-22.44174730569397,-25.465117620972194
-15.842466392320565,-15.4423453822026,-19.726234172152793,-18.801188931291225,-19.17164072293872,-18.780027682986457,-17.625954137796175,-14.8656147065354,-12.808385178162512,-13.413272346174672,-21.996063428872617,-21.030170308626694,-20.319100440382808,-18.32997024528486,-18.577399787393144,-16.585644061739703,-24.117279951792245,-23.7991731601137,-21.5854542735401,-23.580597833105845,-23.188357109769473,-19.465353208704975,-18.0730725489434,-24.46347452843991,-25.346670770226353,-23.559632816074508,-20.958914978141706,-20.69378118863142,-23.54847556803574,-26.80537172945913,-31.332958702091226,-29.14990927065731,-32.908760645773015,-26.770290928751873,-31.816571276116058,-36.201405535298875,null,-31.950405512430926,-35.565903654957694,-34.92217345342146,-31.02845644257369,-31.195501245045723,-30.16715317068956,-24.358094960588556,-18.39974175003837
-14.977051274428698,-15.300417357934476,-15.728694630572532,-17.970259234578215,-17.542871688879206,null,-17.078278583485332,-17.7868821842961,-14.907727796252896,-9.548610366004631,-19.918741651978657,-20.89438220140475,-19.66485294463228,-17.544176718082873,-17.880230179886734,-16.720406766015124,-21.46386305412934,-25.56001448968059,-23.148418987979987,-19.706262820714418,-20.05216922997001,-18.225485444464148,-21.27963675561712,-24.02653498644417,-22.939462605372334,-23.593034065399408,-23.77560752605507,-25.434358688787768,-28.462078885328523,-26.756090386482835,-30.24755765300275,-29.7003603105521,-29.21606525666169,-31.560384626451217,-31.09971808591265,-29.502913605647922,-34.544409915170924,-32.25516017203155,-33.524101858694976,-31.268007068977667,-30.193533384929935,-29.95601792773016,-29.059627162867816,-23.468309775826604,-24.472633567623657
-15.040322639552999,-15.385947797371529,-18.327779178089685,-18.376295163217037,-18.639311194493455,-16.897326581055765,-18.013861151903555,-17.49436637525329,-16.40534083377651,-10.828566808986583,-19.187383887069476,-21.914311206870074,-20.963723326538542,-18.50266374427763,-17.907358189764096,-16.726564567993883,-20.414383534464758,-25.23668339658186,-24.42800842530738,-21.218015594487603,-22.076884763350915,-19.098845613169235,-21.405276491266278,-24.44296550529001,-25.966953793431895,-24.85897107918485,-26.435275369356184,-27.017328515565374,-30.852744880134043,-31.394165653344487,-27.993432764114193,-29.064704642949643,-29.817983020888907,-27.945333154470347,-26.80429356327105,-22.953144886546305,-26.553700376335485,-31.985100126176746,-30.52225751845542,-29.502266839060102,-30.526014082358188,-28.659707523138525,-27.34004450114726,-30.604197734025803,-22.06491502180458
-15.517645999287803,-15.549731166501072,-18.094215014578353,-19.953054170812678,-18.343905236019445,-18.762042398464548,-18.386279784119914,-16.804487617497642,-18.269057919393298,-9.755594736153244,-12.922763822637958,-21.082278102465065,-21.177905132277353,-20.6808203996843,-18.363223884584606,-17.30383610704552,-16.935578792842207,-22.845722378731217,-24.83468637277375,-24.776372712695633,-24.933380890316347,-22.83846236093378,-22.999550863792578,-25.057428516833685,-25.85217319284187,-25.154357352190086,-26.04318442989569,-25.347889898529573,null,null,-26.398150078933792,-27.959266900457983,-24.465464090475518,-29.141845697289327,-25.130914865127238,-28.147813153756232,-30.897367310863324,-29.380948243844657,-28.260995552143584,-27.8353084453644,-29.92226621942542,-29.228565549110677,-28.855292503903584,-28.84824311415835,-24.7227090138539
-15.5289677145371,-15.871011458557447,-17.736799444905312,-19.279173296149715,-18.721473576547087,-19.085313760763654,-17.752005969207357,-18.002825719987342,-18.969898840994475,-14.734061194140622,-16.144931191045067,-15.710327352892428,-21.433754618207423,-21.378539111552534,-20.025220694942867,-19.19848998129781,-17.73243718038937,-22.50662530003746,-25.346347514688304,-25.471869620119456,-26.179940123793862,-22.876437370641234,-23.47502015054244,-24.600906523467252,-26.701441956277264,-26.83684771021495,-24.17450517244674,-20.863831447011126,-21.979202503787125,-22.60255410412367,null,-23.687404686497693,-21.666507393034752,-21.7578923377254,-24.66351460421352,-29.15699099915965,-29.178671280499948,-28.886342369194967,-27.319723601344506,-27.641400058073177,-26.676716461107358,-26.71898279092927,-28.8879893300494,-26.15864062216075,-25.453762948435536
-14.53720499033127,-13.261798107030796,-17.139316260224803,-17.637396171794517,-18.41124397704907,-17.738819882845725,-18.646131119551416,-15.736074404739341,-17.814897512044773,-14.809477520884382,-13.711460036410852,-14.350692129879807,-21.609933848291362,-22.796310004066623,-22.696465798907262,-21.501602233323602,-18.72441865004158,-20.099381870672627,-24.182927888641814,-23.106132977192182,-24.98747094748263,-23.81716819555713,-23.0170149479502,-25.93419961713311,-27.062516143042817,-24.914332129945137,-24.840755623648324,-22.714952863764893,-25.169912307826348,-19.366063656050624,-22.6943240113809,-22.22059941903661,-23.291552608024627,-22.279692085704237,-25.13075932509197,-24.622319275493997,-26.237209451627916,-28.429530461408582,-30.021628357068415,-27.5785122744994,-25.45271583403401,-22.859246014360103,-22.16755041672235,-23.990648614073983,-22.42285736053519
-13.932628280489944,-13.981769660369359,-16.42657784653661,-17.82361372114872,-17.782512585766128,-17.33170109726676,-17.203101263402246,-17.428681201528676,-18.853045742385046,null,-20.266016843766323,-10.2839917255459,-17.252188223007806,-23.94650948759008,-20.019987727264393,-19.297363525481188,-18.875760578002268,-17.188851878348615,-23.12408123736952,-23.01790708128963,-21.692343838636084,-22.991872935455643,-21.60495498856292,-24.491295048029396,-25.933006610517456,-25.815372699482374,-25.21950375397917,-22.807219826953077,-23.805291468430358,-24.081786633112493,-23.832788386142546,-23.175944197734662,-23.904861405676986,-25.35612018942397,-23.094699164040435,-26.001910331161728,-26.12208412800965,-23.238938306254042,-23.006364882225107,-30.940566247082536,-27.655120618204897,-24.503292515432868,-23.961505592001267,-20.5492973608416,-21.237452350884304
-16.129590830465165,-14.652040982264287,-16.753173398279944,-18.230031488833223,-18.515493852109277,-17.546053139510583,-18.064761218209835,-17.826053118218177,-14.834742265664492,-14.650336014862916,null,null,-18.96616885899665,-14.57825538950568,-21.06318240644883,-21.76738172484132,-20.510562138754278,-16.45179940692827,-19.345818753247922,-22.67230508164427,-21.627103103068812,-25.546206058018637,-21.19007891478294,-20.70122306056207,-23.90966345535795,-26.621709192927995,-25.457261801385123,-24.304594477485956,-22.940063780013624,-25.19141337710879,-24.606558628393508,-22.36558193955419,-22.752394225895948,-24.873839285538605,-25.46167366413641,-24.75649640867224,-24.50817097785719,-25.8518648194262,-23.71421357267512,-24.76329943763627,-22.2968986094853,-25.396369616774212,-23.559590247108297,-20.347607918072992,-20.279279665071027
-15.892703705996594,-14.340444804875728,-17.31382189781702,-18.219629968251088,-18.338661401315797,-18.052766602858846,-16.628500443954994,-16.15020221674725,-14.984236864633488,-15.904371577258642,null,null,null,-18.920636284470365,-24.0920176595488,-22.560901038975683,-20.13595097702858,-15.623247023537907,-16.818456105157328,-20.874822777141496,-22.196072014863624,-23.545918005459242,null,-20.65358755031507,-21.188213094837465,-26.143270020155853,-25.284328659002096,-24.158390558201557,-23.255223835946275,-23.49670846729628,-23.309345667001715,-24.360014973662235,-24.584094547781508,-25.70638641742438,-23.878173463782453,null,-25.25780949588419,null,-27.119796829734003,-23.431624604752553,-24.773974373553745,-25.96188726184055,-22.38599128683541,-19.135881239327368,-14.873169198381264
-14.910950119920738,-15.565369326681274,-16.048191420538352,-16.58718558058656,-17.910743149719558,-18.89296015078216,-17.34516487344002,-16.7936207429547,-15.090630058108857,-14.865267504003867,-13.54395822658731,null,null,-20.966891000598057,-25.287680521462743,-22.82074070957716,-20.322722191536137,-16.082309481453507,-15.735933752501158,-24.39800606197182,-22.573134037860935,-23.83738095153982,-16.247632442169948,-15.12583322304742,-18.364960346433595,-26.55584531616046,-26.693740126671184,-25.172278669267403,-22.259495941522722,-25.94872175476612,-24.573906129729785,-24.792838406312953,-25.54663402454893,-27.265588288779185,-25.451729725184844,null,-20.49487866459493,null,-19.696825237292288,-24.04273002398415,-21.743500531753735,-22.60658203330513,-22.941078185279512,-23.856865912080064,-23.03856515427804
