public/json/wind_2018-09-1600_950.json
{"header": { "discipline": 10, "disciplineName": "Oceanographic_products", "center": 0, "centerName": "Ocean Modeling and Observation Laboratory", "refTime": "2018-09-16T00:00:00.000Z", "significanceOfRT": 0, "significanceOfRTName": "Analysis", "parameterCategory": 0, "parameterCategoryName": "Currents", "parameterNumber": 3, "parameterNumberName": "V-component_of_wind", "parameterUnit": "m.s-1", "forecastTime": 0, "surface1Type": 160, "surface1TypeName": "Depth below sea level", "surface1Value": 15, "numberPoints": 4800, "shape": 0, "shapeName": "Earth spherical with radius = 6,367,470 m", "scanMode": 0, "nx": 80, "ny": 60, "lo1": 109.0, "la1": 20.0, "lo2": 116.89999999999955, "la2": 14.520000000000117, "dx": 0.09999999999999432, "dy": -0.10000000000000142 }, "data":
[rows 22 to 43 of 60, columns 0 to 48 of 80]
-19.406393249023743,-18.070105101141817,-14.649112893013292,-17.086908269907553,-15.820231368312475,-17.14330139862134,-16.664501917197594,null,-16.823794046208473,-18.525785460321977,-17.612326350732594,-14.761168938798736,-13.701792310809413,null,-12.39151330973588,-18.23872935196134,-14.562631002543412,-15.678829234058608,-12.316338977984296,-12.043535567791682,-9.632293743226743,null,null,null,null,null,-16.334246580404127,-19.904933472151214,-20.99177862811081,-16.79276972957427,null,null,-22.585910315036877,-28.640537212923615,-29.49984522604185,-27.550444113995113,-27.762016547200524,-25.55061970260152,-25.37932978564899,-18.55623163681902,-18.250264823542565,-23.228162638860617,-24.89882146207454,-23.99190736257082,-24.132435239431032,-25.059111460767113,-29.61000062123395,-30.04029213921856,-23.871823582704614
-16.031195939380027,-18.326992713773247,-16.8712365946024,-16.777790106298344,-13.573970524293387,-16.83247673207474,null,null,-16.36347311511266,-20.218322384325194,-18.12024165858046,-15.302419637621501,-11.724628540615138,-13.503779201738134,-14.303846676138974,-15.385748876259687,-13.439461577428,-17.939265117078012,null,-11.736652371011886,-9.935789165722827,null,null,null,null,null,null,-16.955864121012898,-18.961795495428746,-18.599115671937533,-14.897342139989386,null,null,-22.901282993927314,-28.17318319403399,-25.995929852638557,-26.541183926221432,-25.234595589746768,-25.22395900181376,-22.00708781270905,-18.71609168826982,-22.82454567768206,-23.08049780333489,-20.44864068535359,-19.17692200362425,-22.568593768908052,-25.596348081150058,-25.800304441962094,-28.2464538587378
-18.723489710965687,-17.49894853437385,-15.415931491221164,-16.631925992472024,-16.599754051074132,-8.912344551213398,-12.278850190041116,-13.714292477356391,-10.212529294735152,null,-14.57116068860925,-15.556400663068306,-12.114737079200664,-12.526840306260123,-16.525371454251456,-17.069465871737066,null,null,-9.94581459148817,-12.397021516974707,-9.362082996388972,null,null,null,null,-5.98819676093097,-4.722165922623057,null,-13.8963278866656,-16.676783068810195,-16.635749553893245,null,null,null,-22.059063388908466,-24.9445916881169,-22.430095335402513,-26.206192066694896,-25.143110516728136,-23.14101255423629,-20.661995988489075,-21.999496885486224,-21.610881017158444,-21.50661206434424,-20.1402072582431,-18.23032062431734,-24.45211517384559,-20.904437713201524,-25.89514521466668
-19.790233159792116,-17.55370843958176,-15.806576861009699,-17.257300254309328,-13.807670591742765,-15.29866964861316,-15.746676650274559,-15.395233360213822,-11.379011199897418,-11.310955782633156,-12.619142043383965,-16.82521937915438,-11.25843698359246,-15.4712832669904,-18.167882624630728,-12.664040620210965,null,-11.292859844847897,-14.04497852964189,null,-6.929730301751672,null,null,null,-9.771395590079004,-6.964225228275762,-11.063641774323184,-6.577398027102651,-10.809353037396761,-7.4050973913507745,-17.99044469292724,-12.70961275334941,-15.014091926780196,-11.404041775149645,-20.892540586450608,-23.611008301697474,-24.23569740610208,null,-25.75941866344901,-23.507509213771396,-20.644320840140054,-22.02064951210199,-22.552825004308236,-21.708029868162185,-22.98441248411075,-18.95902073863803,-23.798906026957916,-21.290773743052263,-25.66379631002609
-19.83075987743235,-18.38823502585368,-17.95077653800625,-19.32854895115382,-17.756245172559144,-16.903702581090222,-15.900540733328082,-15.556389766683063,-18.379975211135534,-16.23264501792931,-19.590921606145358,-19.600596017706295,-14.647027206482223,-16.68657646199577,-16.25779341172639,-15.53318140232376,-14.097329059368152,-12.986430976134525,null,null,-10.517729295084326,null,-2.7722183268540572,-7.494965383599554,-10.051204342829912,-10.310734083518414,-12.887169985574298,-10.238700918762017,-8.816209158627736,-6.775080325019784,null,-16.726287422245843,-17.246347933303284,-17.19019233966133,-20.96723112232221,-22.915627092550714,-20.759849115606052,-17.41036899878911,null,-23.889647458274872,-21.70086564053468,-22.305608077418476,-22.92395166716612,-23.066296233853375,-24.03021393604767,-20.23564014426847,-24.512431321676026,-21.91688241354043,-24.456349182858172
-20.11438456685909,-18.90159145132151,-18.45278360710177,-19.917888041913418,-19.12479001928,-16.306872118361643,-16.461784714900478,-16.718083455751593,-13.973034568699063,-12.502621681647721,-14.254426979931477,-17.79022264576232,null,-22.15206986715787,-20.390101764845515,-18.888763018741827,-14.492224866885328,-13.50423563356845,-10.213926136759952,-9.52354015600627,null,-10.879973533425174,null,-8.554026738236114,-12.552286713545717,-13.068491083815399,-14.98898187750915,-13.624733041195595,-8.906067202939257,-9.026254161565227,-9.050395037655234,-12.08537197597882,-16.668509498664363,-14.335864088968929,-12.732622351466976,-23.48525433987049,-23.461052825464687,-21.776402936106702,-21.24034983674992,-25.371818669521637,-21.280235296412418,-22.433402463863462,-22.54337151135465,-23.33426017495792,-21.659766091268157,-20.174603352620185,-22.152886698918124,-22.722800283292433,-24.177090592140956
-19.86207876171498,-19.982772912789965,-20.370051064130223,-20.062540973364797,-19.980365522828208,-17.042855090761236,-15.688595304209887,-16.336080814835157,-15.15517006395841,-12.87614078250016,-12.651110651931841,-12.01465308056538,null,null,null,-15.289312255037835,-15.13431134101622,null,-17.656812789753786,-12.348559745246662,-9.576741427790491,-9.752734975739713,-10.816957861524987,-8.175329062204206,-9.195582234993696,-10.55692457749006,-14.278549836582762,-14.816873962819226,-11.109050326113396,-11.249222428258891,-13.869289666269484,-7.590345226467685,-17.53926992205126,-17.442266935294704,-14.35816251369718,-19.514109081238008,-24.127861534782127,-24.88854995884142,-24.709234618937035,-23.570764184003895,-21.372543507948066,-18.961591282450648,-20.054061018099492,-20.34504377519942,-20.193544865817685,-19.10065464150049,-18.477287764864897,-17.770433996464785,-19.641153543599167
-19.13712269304462,-18.44517594220123,-17.455594194295166,null,-19.923239135421902,-17.19986276700716,-17.718545103418442,-16.546451631166807,-14.574111257367903,-13.298844764749296,-11.765592922993566,-13.58223230763583,-10.41341828660829,null,-7.43264763415403,-10.322919166991714,-14.660762375494897,-14.566257931635809,-12.220178522947691,-13.172022415893176,-9.447974572850706,null,-13.310045458608135,-7.219759449179617,null,-5.5416829649913595,null,-13.555946930328702,-10.671966548291863,-10.883665723441219,-8.603569367269996,-13.99906217013449,-14.691106142023834,-18.154752098080756,-18.068569612138745,-20.567214791051267,-25.473104895126884,-22.371191778796362,-23.292725614033024,-24.026606409379525,-21.240062803912977,-17.988492690288886,-19.308291258000118,-18.830054915662153,-18.131758777289924,-18.378329392057825,-15.994071192943855,-17.275823564681346,-19.110226113116475
-16.319550968788896,-14.05909141028444,null,-14.972814060116676,-19.926367439416364,-17.51152086061496,-19.3289447904765,-16.467903771100893,-13.386919307018037,-12.960097709337033,-12.543453675628896,-14.081574604488928,-11.927734109486718,-12.687322705904698,-11.516380873465227,-12.562024463544198,-14.604385938392335,-14.096723943109382,-15.367618133603084,-14.009909374313132,-13.482617778367723,-10.553602810608844,null,-6.9494962964348215,-6.791876639443648,-6.695657899142541,-3.74046344068057,-5.370647788074552,-11.742966445049586,-11.442875876573028,-17.418447637649084,-14.066498932145688,-16.806595127138543,-10.8611019281839,-15.352016254933394,-22.550572402266106,null,-17.12653865753706,-22.131378994630484,-23.049928190894153,-21.891291704318885,-19.124990195398574,-18.23947323220857,-20.505607451204284,-21.0560847523435,-20.25008987396716,-18.30907780271193,-15.609107628010436,-19.226522390460705
-18.197377222028862,-17.116575979295085,-14.062957575138725,-13.625076834527382,-16.386461958357344,null,-15.473725272013215,-15.82631334176661,-13.825592271123366,-12.683525076357721,-12.15774844776591,-15.112644681321633,-11.729831029862922,-14.658240758471463,-11.16383586553908,-15.022211844216445,-14.480278532678058,-16.563010318386297,-15.652030566999738,-13.82325442107003,-10.919920036168232,-10.133351038568428,-12.04674873271248,-9.085462186765621,null,-7.386264363448836,-9.702996256676187,-9.793171177045995,-12.366293152719262,-13.161409535428174,null,-15.026061237815535,-16.31871119179262,-16.458197056388045,-16.955796208095734,null,-21.524989119552153,-21.090559544137086,-20.482658118284462,-22.271787130747132,-21.533649988276938,-19.561696557390917,-19.14260167949748,-17.49894077976414,-19.544669670054148,-20.5956049234974,-18.92650640168553,-14.55642551536891,-19.099257528910428
-18.83460170348803,-19.504636507498276,-19.687825456413858,-18.220073688339657,-18.501928320818035,-15.84313158997078,-17.971433470205177,-15.35360299936008,-14.071439441455059,-10.427674252826542,-13.707179740974404,-16.784128232497594,-13.30958435942159,-14.867697444942227,-12.786676752286594,-12.636441431750788,-17.241938618226918,-17.717349283154764,-16.018040930987617,-17.451260486075416,-13.058555802551634,-11.41065795855339,-13.059235697424056,-11.958748235403213,-10.928757593792145,-9.079059713508103,-12.67972267466691,-11.713756639829306,-15.494010962837692,-17.823018214829148,-13.33377804015939,-15.973392078964979,-16.51360861708517,-16.05241114060808,-13.839481486369769,null,-7.792945367779957,-18.43220095234207,-20.963615071621437,-21.82285910283236,-21.17565904783369,-18.5519342816082,-19.7344691793673,-19.92010846898685,-17.823105526286426,-16.60388342240337,-19.229991767139996,-18.678281322980805,-18.882923898995177
-19.507748153054568,-20.75817595055713,-19.791895694679372,-20.289499614551058,-19.25818600083946,-17.727980387099727,-15.658745634781532,-17.352536115717797,-13.324116836811214,-6.916810862812611,null,-16.500967497867414,-14.537350482108288,-16.22817168056994,-12.04371125809766,-13.482393467894362,-15.759914630798876,-14.230219485925243,-15.82439485659727,-17.78585369289918,-16.294616122254045,-12.995589500202158,-13.967750818388893,-15.436425293611556,-11.002304112399127,-10.56156692344132,-7.807184761485651,-12.507252576450728,null,null,null,-14.311440708612038,null,-18.57207537615363,-14.203107116179416,-16.208068866735612,-15.415117464124608,-18.060735775562996,-18.405209197749997,-20.440311740452344,-20.6515069356364,-17.776423548840118,-17.13070673825737,-19.491436331983216,-19.436967014211064,-16.444018277394875,-16.983291154263593,-14.257887580582285,-19.931813255917845
-17.89974220943791,-19.93114799984584,-18.905432430542152,-16.851841678479243,-17.681377768604385,-18.826021747525978,-17.69950404804815,-17.236560009046265,-13.510824044242712,null,null,-14.714872415836389,-15.36411789695409,-16.40484598763336,-14.452257903131855,-14.652076558149693,-18.098419769642053,-17.002522222351402,-17.82738618360093,-18.772624080547388,-18.775371558232333,-14.623915303927767,-14.31297124000123,-15.158693615054744,-13.732012477365682,-12.078172693150698,-7.338729936926676,null,-7.473579862898335,null,null,-8.29755995926065,null,null,-11.551137002412137,-16.935478290183305,-18.32127694545387,-20.9259185298298,-22.912446124932863,-19.81920644017136,-19.593138768436187,-18.015295183019546,-18.234327883709746,-19.956260398188068,-19.019863644164566,-17.70506790661118,-15.968950295521754,-11.098848294581833,-14.51487498336785
-16.28179660186353,-17.220727969386704,-19.087455476007015,-18.555142473722075,-19.113553347205574,-19.00839420310479,-18.530449316714108,-17.674902774421525,-12.871230025629636,null,-5.3355726559698695,-12.771410511453478,-18.340894825700822,-17.84397749190893,-18.64779296798384,-17.323697331027283,-17.646279428514823,-18.588844869499944,-17.218924870837135,-16.557165961545977,-18.177546365238737,-16.715029159093415,-13.085018123810533,-18.211575041711125,-15.47683936320164,-11.152952037134657,-8.134783598950863,-6.115050547386591,-8.14223507523569,-4.264226696609182,-8.503411256381478,-8.757031386096406,-7.127464047045961,-6.49390070020704,-15.730847131156267,-10.857869938112547,-15.431095447768742,-23.22657805316066,-24.7188021664727,-20.19906150875109,-20.90646528831587,-20.140549766800223,-15.524255233714008,-15.62587457560232,-17.894677161059608,-18.164187448721304,-16.305303151689873,-15.211895906239597,null
-17.614331816481645,-20.750511285598243,-19.040831764001652,-20.72194332453992,-20.556892511906767,-19.91105247669517,-20.3344359570993,-17.84361664569675,-15.749781005675509,null,-16.638321739946015,-8.022113091579747,null,-21.698824289993404,null,-16.338890053985743,-14.110728900758396,-20.312438413984435,-16.554918232577847,null,-12.317902529227643,-15.73828267225506,null,null,-14.45669662907705,-12.504965649570845,-9.255383733631666,-5.102849733101234,-9.048811074966219,-6.195091626692372,-9.289119852573226,-9.974059568503183,-6.038441293699105,-9.504862887649999,-8.95414557865981,-10.829283332331784,-9.940813808614308,null,null,-22.414081872593574,-21.564186811784474,-20.681942374479103,-19.14500416079879,-12.89014312701449,-17.27744895638679,-13.831314604080214,-17.44305356885985,-16.025799136268127,null
-17.11201259569119,-18.341892173040595,-21.673325051453386,-19.61494536042203,-21.254787871519728,-20.94670156505244,-20.01542237228644,-18.3622226852991,null,null,null,null,-15.04610890273262,null,-16.40778680174153,-17.253089481043503,-16.919665825224573,-14.280545652356984,-17.29541691531918,null,-16.78718284071087,-20.133919457923916,-12.505794959340161,null,-13.881860424452789,-14.139911453604332,-11.080404463582864,-8.02316679123649,-1.9360440939897472,-11.953442126471087,-9.188573311922806,-8.663764337525759,-6.44832926249797,-9.90727837551216,-11.824140851451457,-10.927784962779159,-8.458059756011657,-13.84557687252169,-13.736250855915717,-13.834714789080808,null,-14.704288167412761,-19.39556713226431,-16.61706600430912,-13.93771760354986,-16.091874129105136,null,-15.988904212795802,-19.258745554087266
-14.8937517142523,-17.546533068679047,-19.113923776961343,-19.161461525015522,-19.226280369470196,-20.551355545670532,-20.13610779663016,-18.140017637750802,-14.421412954633443,-12.344966046645213,null,null,null,-17.07578191416759,-20.286436104596817,-15.203659456869087,-15.700960991647339,-11.765354560411305,null,-13.903502099970396,-20.42522041036429,-16.282402660413823,null,-16.01825898673037,-11.412847596932517,-13.706268378575,-14.653918967536018,-12.008669731632926,-1.6771462796107774,-9.828373275145609,-8.508318878577862,-11.488506065601186,-9.201698951008028,-7.907697632794242,-9.344383508981114,null,-11.32317963666749,null,-15.508879142348045,-14.230051395014833,-14.534073719392982,-14.486686163429924,-13.561328346473463,-14.278940027810854,-12.19343300477931,-17.90855900151458,-14.755849018039632,-11.290377153802085,null
-15.395431510317893,-17.007805763955282,-18.400258830621034,-16.943931732644284,-17.66692379486183,-21.771854486887218,-19.342228445851976,-20.35720781281196,-17.302494109835482,-11.139320676459226,-5.295812658940758,null,null,-19.26285654864606,-17.734067052933884,-18.045723233361073,-16.64015775132976,-13.9758563829624,-12.516489685623561,-19.25180536012924,-17.450132801367758,-12.357521789267619,null,null,-10.52207956327899,-20.605253825439746,-18.609182886351924,-15.527742255199236,-3.8675831727012526,-5.88656761697918,-11.124816566427242,-14.068661598005999,-12.548773369943621,-11.542948931445721,-12.767391755190273,null,null,null,-6.114251436138401,-13.913895880514046,-8.628575229768286,-5.466345686290236,-13.076052483280371,-16.948795247443673,-15.315493246338464,null,-17.534910568372865,-11.29828270499821,-13.22909858393484
-14.585193327990446,-13.861299715517347,-16.466462838630687,-16.095865284081366,-17.26300126738816,-20.56687660628898,-17.605578363574356,-19.693922024256377,-18.405095254347913,-13.894362354417467,-9.889547718947178,null,null,null,null,-15.240968058037438,-11.377433320878055,-13.683836775102272,-13.943458895203458,null,-10.94777900074694,-19.66803791911353,-17.85733472534954,null,null,null,null,-17.422425807741106,-8.070793719287833,null,-11.271768801421318,-18.3108000426385,-10.35987638923669,-11.179889768267513,null,null,null,-7.708873811890232,-14.85109964747852,-10.586539423531109,-12.926439025193782,-11.881701735873298,-17.64094265188821,-17.864483065812816,-15.803220861375276,-9.00702128731284,-10.151025076583196,-15.561896252292138,-7.377943068494456
-13.633158507118983,-13.277532015161846,-16.899821547299805,-16.5159974140268,-14.491922220723355,-15.490037427048797,-17.197440797302818,-18.224638918900194,-19.753355586198744,-16.657653849512577,-10.17593937260781,null,null,null,null,-14.014081883908448,null,-11.053767754809185,-9.61718584253825,-10.09912849576584,null,null,-15.93003617741197,-14.099189924532336,null,null,null,-12.743356389684674,null,null,null,null,-10.49261004244531,null,null,null,null,-9.449287376189027,-11.645493842533043,-12.968669917700614,null,-12.546763127598656,-15.066938906563237,null,-19.311128947366985,null,-8.348114642671005,-20.115744359243514,-7.723552553594695
-10.750295045175077,null,-14.874458385429445,-16.215640851897092,-12.976068648023464,-14.54484205253465,-16.441600980154103,-17.789071323311163,-18.46866594365109,-17.728883900855276,-9.928175195157625,-6.68266092275983,null,null,-10.5377603243068,null,null,null,null,null,-13.628962293994823,null,-15.278264858898112,-17.725896121995394,-12.337876420984145,-4.599843851010948,null,-12.495361718370372,null,null,null,null,null,null,null,null,-12.483277820115227,null,null,null,-17.198858465711275,-19.128662538523148,-19.67383408373911,-17.579738067571583,-18.646865121408947,-19.89316919388117,null,-20.492274749659604,-17.470865968760585
-8.976269254011337,-12.65744844099624,-15.537264392083484,-14.06339916841376,-13.619129151883099,-13.306563041873051,-15.778095906635007,-16.44209035196666,-16.741890431253278,-17.32229727625362,-11.556191087888113,-11.076524893207083,null,-10.98345353821539,-10.331602749608649,null,null,-11.979039991294798,null,null,-7.309718712793461,-12.207317022556124,-15.467113949537652,-16.894503865294325,-14.276373311016734,-2.2468109427001606,-3.6339736490588126,-14.725208214908822,null,null,null,-4.672681913502615,null,null,null,null,null,-6.475401967772185,null,-13.024899893641464,-16.18934863682844,-18.559570633746834,-17.361413264469956,null,-20.94117610355407,-19.247977506885025,null,null,-16.81665174390418
