public/json/wind_2018-09-1518_950.json
{"header": { "discipline": 10, "disciplineName": "Oceanographic_products", "center": 0, "centerName": "Ocean Modeling and Observation Laboratory", "refTime": "2018-09-15T18:00:00.000Z", "significanceOfRT": 0, "significanceOfRTName": "Analysis", "parameterCategory": 0, "parameterCategoryName": "Currents", "parameterNumber": 2, "parameterNumberName": "U-component_of_wind", "parameterUnit": "m.s-1", "forecastTime": 0, "surface1Type": 160, "surface1TypeName": "Depth below sea level", "surface1Value": 15, "numberPoints": 4800, "shape": 0, "shapeName": "Earth spherical with radius = 6,367,470 m", "scanMode": 0, "nx": 80, "ny": 60, "lo1": 109.0, "la1": 20.0, "lo2": 116.89999999999955, "la2": 14.520000000000117, "dx": 0.09999999999999432, "dy": -0.10000000000000142 }, "data":
[rows 0 to 21 of 60, columns 0 to 48 of 80]
null,null,null,null,null,null,null,null,null,null,null,null,null,null,null,null,null,null,null,null,null,null,null,null,null,null,null,null,null,null,null,null,null,null,null,null,null,null,null,null,null,null,null,null,null,null,null,null,null
null,null,null,null,null,null,null,null,null,null,null,null,null,null,null,null,null,null,null,null,null,null,null,null,null,null,null,null,null,null,null,null,null,null,null,null,null,null,null,null,null,null,null,null,null,null,null,null,null
0.6477262295271687,2.736328801256378,3.9509184914593733,3.6871754473807146,3.299988870979755,3.1895150785554356,3.1289801427013475,2.573219745879319,1.6091061371791566,-0.03822433830363921,-1.2405122964787592,-1.876343155728111,-1.268911190240285,-1.0693789687195314,-0.5011658422031673,0.21923631873039684,1.404105980406584,2.870105717276078,3.8232651029907005,4.216506201598307,4.232292209913971,5.0262570540440805,6.315905836460768,7.530746777479374,7.929875407049019,7.656954266062771,7.740202484485998,8.241363387136998,7.877475477378702,6.746067958300125,6.2422740851436345,5.300406379970184,4.71022836356023,3.047166058382108,1.6509371885381678,0.030606269703086282,-1.2193172962169492,-1.530536373466264,-0.8328043619510143,-0.6690187062857206,-0.40266548403396996,0.7239981679336507,1.5570620708802285,2.344063981379046,2.8932389546423933,2.8419368707880603,3.063814973743609,3.2930516354025205,3.4095969341024333
0.2846188937698444,2.1163820346152593,2.918550248610874,2.3010886026562396,2.4105703169332418,2.7860914938167523,2.3028475649751674,1.7197648499219214,-0.25902896603451553,-2.8396413583754168,-4.162944712294862,-2.99151836940229,-2.448347722460523,-1.9052033851946277,-1.5330778372253602,-0.9742661689897678,0.8651539395064058,2.180240811936269,2.7575579401988155,3.72578314738706,3.5341517811419774,3.0574963743775005,3.572076725151761,3.9582226725088026,3.9300223790364,3.6798730427150845,2.848771217595028,2.335135147439705,0.538896346310208,-1.5082405885498211,0.4719824328838478,-0.4271607545413557,2.9343574228798985,2.994500121461077,2.4243776565002078,0.5132613139238574,-0.2741847271550896,0.09049184351772875,0.9540735645524572,2.1994955001207668,2.104885129945674,0.9113588064674327,2.7672237831510467,3.7674949346388447,4.180207252589893,5.3721766280654375,6.9908715298119315,6.96946906893666,7.1872746184228875
-0.09470413240826257,0.5748427506884568,-0.3342980963288921,-0.511445881577692,0.1213102097583445,0.6906415578139871,0.9790563296902708,-0.022225823839752815,-2.1365785553075662,-4.770553477514842,-4.872851196911656,-4.030588313404676,-2.2938227019994226,-1.9957307858673585,-1.697346568449972,-0.8098689637508245,0.23179669671136938,1.143377900354032,1.274088042608409,1.9631929308732439,2.311499491603568,2.056584417867061,1.1783821653010178,0.7620369012800858,0.5744276090277294,1.3053658501792607,3.0470670703048186,1.4455386316010317,0.3033896250362326,0.23083394901305956,-2.6791763136328073,-0.796409200452751,-0.8292896242761242,1.4287039484221742,1.3706649258384662,0.5524731374227569,-0.8939698873599571,-2.1261944285949936,-2.24844036741416,-2.008578593014737,-1.3057369249888067,-1.3564775225138015,0.5636267580241529,1.8406445153677693,2.7589416410561465,3.7874598245829176,5.480335581798867,5.422970161901066,5.374622964324974
-0.7347382335124882,-0.6157623858239033,-0.8246254229820923,-0.09144534884236379,-0.3231050104551912,-0.5996688757282949,-0.16516068433066744,-0.699034471090866,-2.9496852392629944,-4.662532830061682,-4.451510726415022,-3.8597707792465674,-2.5367581227628633,-2.0850838825127798,-1.347021742579534,-0.335453137596173,0.2048362051693493,0.3194337582011903,0.7541444070359631,0.9406925731021162,0.9196351728313378,0.8975320017537555,0.751558256808924,-0.1496052958908384,-1.474269350866906,-2.0336784799736147,-0.890574444477446,0.6046964686450158,1.01937855031049,-0.01652124680766766,-1.6988128199029777,-2.2393952779213677,-0.8105897536626993,-0.430345555959622,-0.5625811905627172,-0.996164672343974,-1.0714138600650445,-0.9903128415686285,-0.661999840778944,-1.3813844100292683,-1.8578229155493389,-3.2814054388054403,-1.34887639213929,0.5425634538022068,1.3837787522814864,1.6437204106843324,3.158241752143017,2.671357809932269,4.634216507776463
-0.8444813222089861,-0.2743072831606022,-0.8923675410094092,-0.5868105467792526,-0.7113001526231216,-0.4334603673648872,-0.3969264146278799,-0.7270124819164412,-3.869241719110659,-4.4631120576778756,-4.3663782739166495,-4.173031961499869,-3.366547606439891,-2.7760218802503105,-1.3866216341081214,-0.5680233675913783,-0.010742907970643482,0.11491964987802489,0.5535106592984287,0.5628519447016352,0.3545188552721952,-0.07546598920326321,-0.8755968279867908,-1.6563292278046169,-4.274398973807378,-3.5795474343773295,-4.555357074698186,-2.94142267960908,-0.49567340371249563,-2.1142619100177975,-1.8691510065296622,-2.1523813213104703,-2.001936704938836,-0.42807513067778774,-1.2856041819593225,-1.6979498705499352,-2.5123967913511636,-0.9261431006058768,-0.15895055107127304,-0.0905097833395283,-1.1127960358195654,-0.6809307556457523,-0.12819354756932405,-0.12517192029684543,0.38925954145963265,1.2967629390580064,0.6849832151314931,1.2347487317977526,2.5477404661924012
-1.7779284796732402,-0.9543439457757217,-1.200093640603993,-0.7476241832869556,-1.294513684357421,-0.9329419943093974,-0.47025305794474415,-0.16979997126972815,-2.042841063653096,-3.0671916964454473,-3.8976538426476033,-4.308573158655438,-3.591266945476991,-2.9039027661082044,-2.1503523729408114,-1.5131431900433059,-0.8114119133033283,-0.19793514855377328,0.3220289487408551,0.7354803472946583,0.3720821250124905,-0.7937833068896432,-1.146107547815037,-2.4777184939955825,-3.155030145192662,-4.0073538142215455,-4.041746624868681,-4.494213026104744,-3.567792840767872,-2.8583370962981176,-2.9950234778629268,-2.0091462459634535,-2.459638954686754,-1.8510253669726229,-1.0936706081376584,-1.886141845735046,-2.152384772708573,-2.3574848447380763,-1.9647543269788104,-1.6131102519550455,-2.2549691067517683,-3.0517220016442517,0.006761846347260396,1.5557809458226426,0.7081344774871109,0.4470052938281469,-0.413905544704103,-0.1575993756899097,0.6420066305344123
-2.705412005185263,-1.6233422086329705,-1.4979822458923793,-1.6283292907450337,-1.682622287753711,-1.8239716798711783,-1.4219629608829105,-1.0708331053270606,-1.3821811804330566,-3.062248732071178,-4.135353899254643,-4.821459412214685,-4.344524486276056,-3.4502800600857673,-2.6683570708796553,-1.7303463697074175,-0.5467155457600874,-0.30169261486196153,1.2819865089654798,0.6064309497690165,0.03592650852796441,-0.6135738759619055,-1.0601327444301523,-2.6345108713627434,-3.3133635633510665,-3.3805731596233124,-3.6177392056330486,-4.227654160875433,-4.065875501676887,-3.630897320367518,-2.5311395981086893,-2.2682285848822374,-1.491461980369316,-1.2787573356154978,-1.2065442372456163,-1.6264608129346203,-2.889468726257297,-3.9580651342045927,-3.420839689628722,-3.504043957205993,-4.481774674214927,-3.7372118819712994,-1.0860704789187787,0.7077223825646939,1.0770291117145727,0.08195959898451038,-0.9056609948514168,-2.83104007276251,-2.1438410834809023
-3.849759561544048,-3.3494653420477962,-2.3226716501940774,-3.3319894958675844,-3.374500715729404,-2.9422517220691136,-2.3518788912304887,-3.4231802288886923,-4.331047865516676,-3.5709664705147306,-5.3980973901529925,-5.688374536182943,-4.998627017202012,-3.8001948226641193,-3.2318673950213497,-2.2399105471131366,-0.7760776216356214,-0.272872090177932,0.5178991647137745,0.32710680871265496,-1.1099006418195942,-1.4840417009498723,-1.5780152687489144,-1.2412503178663994,-1.3570767191182806,-1.9654039768559044,-2.6792940825012144,-4.332684309399107,-3.9190617035414994,-2.324641956862987,-1.6642965791677649,-0.9841810240940264,-0.7114864778346092,-0.6263568304298739,-0.42031364224473183,-1.2390935111057162,-1.9997749242965566,-3.2159808409877684,-3.6570699778976063,-3.623016653650492,-4.011366187095227,-2.8815511937948806,-1.4584101407152013,-0.2483639731294808,0.1435539111532682,-1.6572663285003262,-2.5444681176863657,-3.447551336320788,-4.008438347619186
-5.863966293798305,-4.960678466441108,-4.742874738800788,-5.135825729160449,-5.25300338541903,-4.602531455071114,-3.7153994319471355,-5.329227289890227,-7.123885972459069,-6.762513572878403,-6.668178691350398,-6.744675458895431,-6.374901001073454,-5.293213926094381,-4.263034153955978,-3.741466593605031,-1.9575590978540425,-0.22801589380790954,0.6297141785283503,0.16160554809765548,0.45312980488035476,-1.0366045795257517,-1.7369456206639764,-1.0108494646286323,-1.1122374320225938,-1.9524387568590127,-1.9867036781673715,-1.5216175679669781,-2.4454724765671814,-3.585050927640702,-2.2774955004281465,-1.6335454766122575,-1.0162931852723134,-0.3142447653359512,-0.09319832484068832,-0.4064432804232515,-1.4309648903104937,-3.171417913510694,-4.105733562636792,-3.0676008776851633,-3.491719230075429,-2.5810622535289753,-1.6896880696422079,-0.7455362582651195,-1.2799806740230242,-2.4675092638456326,-3.8711522282992092,-3.588486172594103,-3.341639080251942
-8.45566894058015,-7.17936356227743,-6.500433098745226,-6.600683662773388,-6.335324610902546,-5.825649127662768,-5.689503079121236,-5.594596586898976,-6.185526091970399,-7.058615626581721,-7.102744571525627,-6.744363715911323,-6.590205664097544,-5.826148601575727,-5.2146889479351834,-5.43654096426261,-4.273895340294212,-1.7850091119549822,0.2636117605445741,0.5350717927865717,-0.011639396978061517,-0.5414557477119883,-1.4698702599153104,-2.232601440986242,-1.6361387256186541,-1.7767028258827577,-1.7258959476492803,-1.3592346029546793,-3.033473128316814,-3.3672684092757392,-3.2183659856170683,-3.527467803140667,-3.5171099038398066,-2.9006131693905863,-1.8863283359206073,-2.158024685841717,-3.04819041347596,-4.894267090609148,-5.561718054962027,-4.9578885525609575,-3.413655705866357,-3.3482674246206874,-4.400565972688778,-3.817100019555421,-2.5520515410781703,-2.940332459930706,-3.937536313542672,-3.7837851702294163,-2.5875381854600903
-7.840638099034515,-8.134747960995018,-7.732114023525446,-7.236280490159748,-6.917059441037973,-5.9584423770289945,-5.76213861411338,-5.229144194055937,-5.62332082446864,-6.556682732663315,-6.953160333999047,-6.39014251920984,-5.8217796978350105,-6.316232359999398,-6.360843483487265,-6.479481207864762,-5.902475594394538,-4.520147179689282,-1.9749757407540787,-0.052091463393410364,-1.2511041171800847,-1.5615272390162391,-1.7190734404798218,-2.898075407531526,-3.083331897244255,-4.479059740878074,-4.240368049874388,-2.7963371923068014,-3.6287253670678203,-3.7094366546362205,-3.5420808590120094,-3.8855998170963746,-4.996300174180827,-5.538266723943249,-4.893292040910774,-4.864436778593035,-4.930815324891023,-7.856971932191712,-9.21037771698198,-7.532493620170824,-4.636452737709346,-2.80324514003442,-4.405672523000317,-5.4198324597679655,-4.985246479308604,-4.325985897709767,-3.8604108143017895,-3.088985490268655,-3.259511943351483
-5.959172272884393,-6.3890045147492565,-7.419704260119271,-7.197020998646449,-7.111095276890474,-6.59210548004749,-5.675425101862173,-6.278296605397955,-6.645056476740503,-7.291532349927563,-7.566569601241312,-7.491430802989982,-7.036865943698629,-7.306804935198851,-6.982848176047841,-6.750707974303063,-6.098088918756295,-5.5178690301844115,-4.333320594902194,-2.411509859674535,-2.0731792344287303,-3.073992002642441,-3.567205914080033,-3.9820862492015268,-4.1688571147470554,-5.80433654897236,-6.670758714583108,-5.468905785770362,-5.662633349899198,-5.630016009049475,-4.667637773441643,-4.507822054699769,-5.429944744688725,-6.516724276367654,-7.269545272598993,-7.34024524361856,-6.376675868750916,-8.345805908305797,-10.91728512392356,-8.974158879923216,-7.188283255469896,-4.5520686607056895,-5.63843202659243,-5.308537328156476,-4.23969621783987,-4.013356650351812,-4.156357377819566,-4.830807700506162,-2.766971889496988
-4.257308781305569,-5.404213764473942,-6.938807055196444,-7.610546227461301,-7.1533403533142135,-6.955872034076986,-6.769567069058586,-7.582172386681586,-8.199506754994815,-8.517292959214645,-8.315408461367639,-8.191408725936572,-7.4718027036886525,-8.037925775064252,-8.127533611059661,-7.560200939843914,-6.875629435463319,-5.772735774717281,-4.917256479789618,-3.657271738023724,-3.0995456598559725,-3.300256886802664,-5.486616703540085,-5.898302549497657,-5.034648877490747,-5.123616699994106,-6.588265282166318,-8.05422590235886,-7.054219674386362,-6.904893832696077,-5.947084948455836,-5.672456246626187,-6.7958434779212125,-8.033199300612957,-8.29479155844449,-7.3639355326872185,-7.204855238813027,-6.870150715120552,-9.662017371572706,-9.845439623882386,-6.326333175694319,-5.4042807832600905,-5.807267914673519,-6.456204840612468,-5.481465902899888,-3.6658429993669785,-3.331703285407669,-5.334671852436833,-4.585291148053132
-7.866325927285369,-7.808359142460346,-8.091561212648346,-8.284564922135104,-7.765994188329007,-7.15281170191246,-8.26121338134766,-8.434416121887566,-8.993168230566022,-9.015619126646246,-8.385050240260396,-8.424143060085278,-8.060731638984812,-7.848993159451368,-8.734804888123987,-8.237101038548703,-7.484765470240777,-6.583766218417514,-5.813617925366464,-4.002016485836814,-4.451144471114496,-3.4070779604225856,-4.601087385180344,-6.4746989399902235,-7.248706321411577,-5.56782031739529,-5.108678741276537,-8.613824060604028,-6.662026887368833,-7.530405487750493,-7.295875335937911,-6.437450426169706,-7.323257813527308,-9.206392393048112,-8.628435885191884,-7.993912842891605,-7.663189342892973,-6.757747829662282,-4.8980571647177085,-7.5554099022617125,-5.625788565090277,-5.789472991599445,-7.311696167177359,-6.771600537762023,-6.148050623556664,-4.778666120941937,-2.8642615683949284,-2.8488434390798405,-5.067547435852439
-8.392437326989816,-8.41930374488954,-9.468029706105506,-9.232001814704818,-8.534359130323564,-8.633406787962693,-8.72514736567509,-8.79327165178039,-8.935565695103971,-9.355133277429204,-8.802735398995594,-8.940673518348056,-8.645637392716749,-7.390177443501576,-8.668415524599656,-8.45110638390411,-8.267948436004861,-7.378567008263536,-6.582695038853493,-4.537980091282993,-4.154491844317475,-6.48620872615559,-3.8024159239886277,-3.5719390339260744,-8.613038359299258,-7.550241535535209,-6.792777598669526,-4.177887859941626,-5.48931284089104,-7.499627992873126,-8.353488226748745,-8.479798692633633,-8.110413598196896,-9.315806321793545,-8.654894947727444,-8.343307646839614,-8.598408728937287,-7.667551007192724,-7.608025309886063,-7.746593635233026,-7.878583106364623,-5.989678051071951,-7.571875882292507,-8.672135374735786,-7.470428896318144,-6.120435280897505,-4.536418600180805,-3.526216026658565,-1.663381142201753
-8.629783509058901,-8.488329592298212,-10.022247761578706,-10.191718975790149,-9.226387431041097,-7.9760825094876875,-9.351294134855433,-8.909476818332891,-10.052661323916642,-9.769313281781596,-9.188490009651193,-8.907111454892505,-8.876606522780353,-8.135076639866728,-8.948504383895806,-8.190876700688744,-8.056980824745736,-7.672101598945797,-6.826561787096932,-5.484848508674272,-3.478276949349403,null,-5.005187107974243,-5.249395606335114,null,-6.244145777643371,-5.7582545396016585,-5.299879428476453,-5.2751925673323905,-5.769811526152554,-9.126654906513,-9.493567726465844,-7.694169237364904,-4.169040730682638,-8.070397414576364,-9.406640709110084,-9.178362388034971,-9.598906657102498,-8.803243981738675,-8.744139306657097,-9.568292476787278,-7.491857511069784,-6.149353817009786,-8.239232560023376,-7.998126134902049,-6.3428530869661905,-5.323705794240203,-4.789918766092974,-3.735240709387364
-8.554696249075489,-8.659350255305768,-9.959002960127568,-10.074886177074008,-9.570336938141127,-9.604664579693571,-7.119969372563368,-7.926932849337383,-7.559069929331289,-7.805903005938585,-9.215713151417358,-9.035318846052025,-9.110349071974381,-8.543190935504,-8.927216619077328,-7.228579769937809,-8.214363101741757,-7.605553897510069,-6.954739769673665,-6.241845667121122,-3.493739801221351,null,-9.367757960000548,-8.128573531477338,null,null,-3.042537068927155,-3.8661965263162927,-3.485853707199573,-4.194995808787719,-9.04475003354818,-8.830319064333626,-7.499925197268288,-7.132757914151195,-8.424230109460817,-6.201220658344827,-5.7506984882650185,-8.02278871725756,-9.163452615744434,-5.775147506540561,-9.255204977758915,-7.708935023119768,-6.034425441312926,-5.051750417919237,-5.251123090561575,-6.46040996471316,-5.939918239158766,-3.6703242698319176,-4.392850819815462
-8.08119309249651,-7.913064439300004,-8.408791678841865,-10.006722780133213,-10.29340799925566,-9.43095671345278,-9.704151470939255,-9.127894706306353,-8.963585475582164,-7.18097460321621,-9.291908485134162,-9.551692577519724,-9.743584381417147,-8.42865456037478,-8.284325024444875,-7.660643084959995,-6.575621801677912,-6.9124737026172465,-6.298875811312638,-6.256892347575938,-4.510476460774305,null,null,null,-5.839427650743099,-3.3067731222497767,-2.4638168579222675,-2.3324915739271463,-3.6087302144402216,-4.246599271323486,-2.134312633094111,-8.191869432501267,-7.506401212457715,-4.45935814634106,-6.584330181111235,-8.725265433163772,-6.696442240267015,-5.354343344560533,-7.496333031594647,-8.822506096517342,-9.96779507270399,-7.380891498554885,-5.401016103933067,-4.2596091907772635,-2.6033393804237814,-3.160667034484268,-3.7973544434405886,-3.012062935244609,-4.309412630101437
-8.840226938067193,-8.825577508810671,-7.819603994475446,-9.742911727475144,-9.498415658803154,-9.56115583730799,-8.987179671039403,-11.052442704005111,-9.831306089905258,-8.334832962861457,-7.486262565838038,-8.395192941879337,-9.463045791389026,-8.070318832362574,-7.7563627596575495,-7.877270205350442,-6.880063954484589,-6.2289975496497485,-5.879727893525104,-5.6232960913910635,-4.305035356422193,-0.46692401008461165,-1.0800472820516367,-5.1914087148735755,-6.746006935405738,-5.035701994057343,-8.46690687094545,-2.977988058215934,-1.6506232863049262,-2.8703503481282624,-2.4962182512315776,-4.134856327427443,-8.427468610174062,-4.798237180282944,-6.045653022221539,-3.925689035751785,-7.834877185809561,-8.099185797688428,-8.045426536345747,-8.312239444456994,-12.531571668127508,-8.726991190271685,-6.138450811206278,-3.667497610754584,-2.0998761496958673,-0.3297191881035778,-1.823304027020356,-2.1273954939647552,-2.652807813350891
-7.653613284236401,-8.467012403689209,-8.673141634205347,-7.763855112989919,-6.360606760105174,-8.974261194405864,-9.06881140794682,null,-8.163859255266377,-9.146458267784631,-8.652964881627176,-5.367258410428404,-8.288876763100584,-8.895659992637002,-8.393827647877702,-6.340231582380111,-5.882695349215034,-5.250610566971789,-5.238887930928268,-4.32063903188226,-2.7908860961056177,-2.016088415134399,null,null,null,null,null,-3.7573258689501103,-2.836974296283499,-2.373244821751254,-1.5697991914040303,-1.9140494401104373,-2.3655481047789477,-6.416211831409984,-6.253617389773308,-5.120010858463733,-7.671698335010346,-8.674803242890151,-6.1307708031179065,-7.589291349277002,null,-8.633327454893292,-5.97408244220949,-4.091772366761445,-3.4485362577561607,-0.21895497799403435,0.08181424753155551,-3.071801904122453,-3.146786898001718
