public/json/wind_2018-09-1611_950.json
{"header": { "discipline": 10, "disciplineName": "Oceanographic_products", "center": 0, "centerName": "Ocean Modeling and Observation Laboratory", "refTime": "2018-09-16T11:00:00.000Z", "significanceOfRT": 0, "significanceOfRTName": "Analysis", "parameterCategory": 0, "parameterCategoryName": "Currents", "parameterNumber": 2, "parameterNumberName": "U-component_of_wind", "parameterUnit": "m.s-1", "forecastTime": 0, "surface1Type": 160, "surface1TypeName": "Depth below sea level", "surface1Value": 15, "numberPoints": 4800, "shape": 0, "shapeName": "Earth spherical with radius = 6,367,470 m", "scanMode": 0, "nx": 80, "ny": 60, "lo1": 109.0, "la1": 20.0, "lo2": 116.89999999999955, "la2": 14.520000000000117, "dx": 0.09999999999999432, "dy": -0.10000000000000142 }, "data":
[rows 0 to 21 of 60, columns 0 to 49 of 80]
null,null,null,null,null,null,null,null,null,null,null,null,null,null,null,null,null,null,null,null,null,null,null,null,null,null,null,null,null,null,null,null,null,null,null,null,null,null,null,null,null,null,null,null,null,null,null,null,null,null
null,null,null,null,null,null,null,null,null,null,null,null,null,null,null,null,null,null,null,null,null,null,null,null,null,null,null,null,null,null,null,null,null,null,null,null,null,null,null,null,null,null,null,null,null,null,null,null,null,null
12.576852741534424,13.24103019470629,13.624958029015481,12.59939022953035,13.83136945652451,15.097363637964252,15.92419890732153,16.117904156154207,16.540237896144788,16.783328395700238,14.55677317850288,16.228464560964976,19.43704797681592,20.722669130444203,21.578625992435697,22.519503212712063,23.69243574762784,24.74441846635638,25.60327290912806,26.239190701712694,26.911934285222078,27.45758559888344,27.867193852303323,28.18755593552122,28.16480063011102,27.909671819822577,27.572789265371775,27.506203762830175,27.38684854604699,26.858210563135703,27.18071642614106,28.338144311920615,28.29447861996689,28.127557422496416,27.842666914476972,27.78772925827767,27.756902242657297,26.832369431097103,23.911688296679035,21.31101028138428,20.54953181051788,18.054093083927924,14.585235074943217,10.831968754692717,8.296635269923478,9.951593435076768,11.626791587728246,11.558635953049246,8.83723934379806,7.708742375754002
12.189759938573772,12.480817986511337,11.846184211446213,12.414757327419272,14.42023796932983,14.955070205417393,14.615916153828977,14.057271978423564,14.594936273205382,14.363340834914311,17.08733790175293,19.49566514414525,19.63314279497816,17.552437704789103,19.999130675530647,22.85423426381996,23.38339799626731,24.49196967550867,25.010306054969455,24.660337082323238,25.203489079903584,25.796789666999327,27.009396256148023,27.326951192115317,27.36734728449255,27.459766103446608,28.592580407364213,29.841090051381865,24.862986141388205,26.747388038516178,26.726003438767155,28.2061452532676,26.480445426251038,26.454540728157497,26.149350478975002,26.60496671678801,26.281758043094282,25.81973270153493,24.688008189938365,21.92317164990969,19.541702320659184,18.76028851580306,15.366649471581987,12.489661207304483,8.78514941280471,8.612641649594806,10.96098054672974,10.956023799417482,9.078699124776268,8.70020721183596
11.439329582387884,10.972537797313286,11.868859695658267,13.6476597884454,14.66130451566288,14.763912353652453,14.133299014795966,13.43979667728118,14.610343092117304,16.286216816181803,18.27913697384201,18.043025334948407,16.854673087584416,18.815470564788654,22.30532275281303,23.30817110894506,22.7383437287126,22.598055572330683,23.47802454284685,24.709876296790746,25.49539765065126,26.131779668284317,26.841030929976476,26.6574675309028,26.86743262178203,27.78023255437669,28.724470888172906,29.04006067182693,28.270596718248164,28.175300636135788,29.249968094296726,28.573603631314278,25.227117141133256,26.274206262546645,25.816897435893356,23.788359031031554,24.46027728052095,24.42326147167686,21.93295370806804,20.769973880725935,19.379707063717127,17.8315583127396,16.196028193276582,13.019983957443017,10.059426849893832,8.172235870583421,10.120811924348509,10.032945545486054,8.944208057052078,9.440182736420569
10.660957465890222,11.521414817008118,12.596607280137354,13.925012759817028,14.93043327252995,14.454137153166634,14.42197392692859,14.45030452181076,14.503128664164821,15.90469821314568,16.890612427465655,17.149023725269966,17.684375093857934,21.932933596324133,22.373691239623707,22.642016062206856,23.781053138412194,24.636182105810718,24.6704686171826,25.305609394336283,26.424220109305786,27.949646679889685,28.251374663301842,28.39177974932342,29.050908312608268,30.160753488452116,30.637931870160834,29.155785723452883,31.386381914535605,29.211809720391223,28.92896184430102,27.7680914232377,28.245997331294014,26.263095272516427,29.347827823264,22.23296839006262,21.705363242123074,22.110913620773005,21.49132302655243,19.74707339418761,19.4104822968973,17.485290666787993,15.405637803649478,12.886906941412633,10.947078901656091,7.520889646322484,9.71973818538065,9.148334610314535,8.350129760914266,9.128359456328718
10.659178523616289,11.935330051077084,13.159117265750151,14.042654751068287,14.197920338247446,13.856192612943186,13.838425202675667,13.956972915308922,14.036683475635634,15.059002076148865,17.50956677731487,18.600326157181062,20.109337382495198,21.382930443542463,21.126204025430606,21.43585818622331,23.21057910138811,24.217565925208557,25.40027418185037,26.751933031939167,27.863644838257382,28.602541490666994,29.553104734367153,29.392760482655262,29.46650097831829,29.90558757193038,30.209333097982782,30.21868444391571,30.44382135932678,29.683319964343333,30.398483747712508,29.996364713100526,28.04252656845658,29.841337393543338,28.77640936587821,26.401508908339128,19.64263074225165,20.753427100693678,19.811887798583996,20.50828761738167,18.735099271045435,16.42436202695063,14.323232501815507,12.493096171792063,10.403842221689963,7.945227516895177,9.159848420629602,8.579275168239839,7.818435305964808,8.067817425668707
11.056849300920202,12.355264790708883,13.019848507102418,13.637652376960418,13.612857726669667,13.209761178346582,13.476748489069639,14.154373666043492,14.75214293131965,16.796886546603062,18.06891032625204,19.011421914324174,19.697871580728638,20.371381933239135,20.705329212111177,22.88515755050807,23.668995603084436,24.056095524860353,24.8846474546289,26.488582318565133,27.473892730573766,27.729783914619674,27.788543852736645,28.36543740121289,29.621453960304816,30.12517884527216,30.786301834614406,30.75808389441692,31.40184391950303,31.019158162491166,30.611842737923624,28.465356513113633,25.16269982816831,29.370996827800315,31.437215440610075,26.049947831866376,21.836250766432286,23.666432605746454,19.281146520819426,16.76311748520908,15.343918137739104,15.503270762502392,13.726428471775481,11.321560090756414,9.703789594626043,8.07584406381961,8.075978980159482,7.551839778150061,7.403550045200845,7.307177960609242
11.121688887628546,11.924345998314033,12.553848738086774,12.771038484482784,13.942819721296436,13.501547699038662,14.33056417212492,14.255609496798515,15.068190778016092,16.229452845649483,17.437870544769275,18.62448662341748,19.600950487054806,20.00950725285784,22.165411113775804,22.351527924479882,23.168426303988284,24.791612415368597,25.716267976926787,26.832875103897994,27.629757224697027,28.831884008185774,29.432097472650604,29.189184975185952,29.26924475470625,30.123192707214052,30.48635360937263,31.521423924904212,31.752215261472845,31.560609281003153,31.3580311341141,27.99109298296557,27.35762492173172,29.36461472012166,28.5039980162072,25.4973841783806,25.58007254045005,20.15732664351657,15.73639028217738,15.166851744810682,14.36772270941657,14.451091507192428,13.345434130256661,10.183830543344957,8.74439145645703,7.264528227191529,6.904053881914864,6.6612650970643745,6.508446304305839,6.2651079761864725
10.900499206423603,11.382418527212703,12.059635736493215,12.984958210776322,12.85399397674602,13.01352731745446,14.786601775918392,14.636698871407667,15.118885755456274,15.084569280533092,16.83555207564611,18.644831822221104,18.711698428129083,20.70824818176354,22.001650204729096,21.802195542777703,23.939190516314262,24.73939015231536,25.927581327094906,26.858864326814604,27.85336218784321,28.85611058071377,29.59497227876388,29.626118605105933,30.400202068462207,31.224504495943947,31.979385565621378,31.875961241643417,31.512094416804928,31.323058231155862,31.176729721503925,28.894465734306888,28.292838847483125,28.380528735330678,28.677871962080165,25.964479110142175,25.693160606635516,22.35002595633371,19.04378452921131,17.548874276554404,12.481039738884576,13.166984248299075,12.75358990783559,9.160135428145487,7.878650873665574,6.089062804335828,5.725942794133745,5.5228470201809134,5.530579279074885,4.348660749979711
10.467660311120504,10.98491591495063,11.658939489409033,12.294466854925489,12.472143973156552,13.254548730466155,13.536100429222675,14.054981388867517,14.286883061704533,15.387932907775486,16.984726903804358,17.996448391858234,19.134573700044534,20.58055139499078,21.729133138289196,23.29513380501996,23.502604732696568,24.24875516522092,24.76455436518628,26.228841585497626,27.94963221946916,28.634517867263877,29.341330775658083,30.567004437092628,31.741279325704546,32.320653294183614,32.974707071459044,33.636449691826684,32.694839828434766,31.619833395213398,30.60626685779409,29.09582900653281,27.139293300211055,27.86902323005169,27.148053143727033,22.15107898209446,21.789282692458162,22.186941692693278,21.628862945900224,19.57545694946639,14.1349133868424,13.794487397666105,10.355397043082395,8.48194785258255,6.868460811059551,3.9964844839991827,4.74275247988786,4.382840477547497,3.815370494264755,2.5350195314731474
9.933067279546501,10.699444683970583,11.29611925260668,11.456987081641229,12.255492881990312,12.25450053947487,13.26026690327168,13.517788922576182,13.798731281446777,15.1524412270758,16.905408514689398,17.54470266426535,19.268347655083165,20.80661905432122,21.4704790877005,21.728984265665336,22.76522031538677,23.75138932938426,24.53123596871693,25.526375094503894,28.29944926527532,28.712186175316305,30.03654460086014,32.17025832567559,32.42896056176099,32.29890281029363,32.68744970283528,32.19312199766901,32.44706269299842,31.639655839786762,31.351378181311173,28.440765195051213,26.75477825414258,25.65877603098077,25.963655454714477,22.17590211788912,21.625929680278702,21.725050067333967,21.01378634969426,19.563279049125043,11.457903731873278,9.027449256601047,7.859508124406816,7.145309867979083,5.0321560885130925,2.544219493712122,3.7579041899759966,2.592968899828605,1.874370955753726,0.9332602410844562
9.729392034531198,10.225892764869455,11.077610421191189,11.470720959389329,11.034923637514353,11.691757097361544,12.76053143244839,12.994640214758391,13.858651982736538,15.160156483312683,15.934698647785146,17.28511345666872,19.195051935512346,20.326731038248525,21.17260530017822,21.432497796854552,21.241654273046077,22.876475114620536,24.144474411694524,27.51385954269315,27.665852011856074,25.94813945301759,28.708754353674756,29.736581223850635,30.513160029706537,31.55066325008754,32.02725830169435,31.390530930357958,30.6215905049014,30.999950647431657,31.569017677827294,29.48487871518538,25.756825456513056,24.43149796075449,23.55806013192027,21.318743316291453,18.223357641934562,20.330649397509582,19.997850807480994,18.721461222894703,12.147326309654844,5.925953438976085,6.622127023154118,5.419134097745944,3.572310075226296,1.0571588616095344,2.5885055087342854,0.8430169991793763,-0.24399054421531033,-0.3123715091275439
9.398146888412523,9.965018675661119,10.743726206964253,10.414616773244253,10.354113780858805,11.250297039430375,12.175622846953072,12.510401514221947,13.61191239336098,14.345659333578379,15.545936118846242,17.02779861752139,18.503367827584597,18.847863643972218,20.109051110548226,20.10303619635821,21.178155299730356,22.189291499966174,22.778403843704275,23.621311578479315,22.912057961119718,25.488600818215463,28.122180366619297,27.618193183636045,28.051552732957163,29.50315758358904,29.677097580713138,29.710745180839815,28.969058183656312,28.979935398249992,28.131561329288548,27.21919996351501,22.494512639355268,21.946538206342147,19.88913973569405,19.40146048993128,16.397310236952194,15.937622313432072,18.04547743160608,18.737356758458695,5.469445803947728,9.114938171330675,4.886536881425724,3.843956245295102,1.8657339795986096,0.9716769040541802,0.9766633220931684,-1.4066880395406378,-2.3149072866020104,-2.101741785224593
9.052119901847544,9.002260722798557,9.454598252671039,9.84642651778893,9.849282521098717,11.135558840010933,11.604988282892716,12.094927440757388,12.771978916255776,13.69831670057694,14.84690108310461,16.322707967827213,17.26564849260076,18.130385438302948,18.63765398206798,19.097547586793986,19.90876385671758,20.733741259387045,21.915095720308994,21.853932366431405,23.186992729496204,22.527306228340958,23.92855940625597,24.48816395191894,24.382413446754754,25.4264958510904,25.115003198942876,24.55974189523772,23.516863816004367,23.7853355632074,21.940396406761607,21.518545569576446,19.524707322546792,17.939057731788118,16.19512922659812,14.996444049609181,13.446337364753532,12.788661947302227,13.127377706039374,13.930384825268458,4.459900805616421,7.191880277306699,5.138132811320714,3.126773429124775,0.2676583703074089,-0.9605229446861399,-1.123356151142508,-3.326860682109031,-4.229032610608839,-4.436280417740717
8.608936893952748,8.270116540906262,8.03939445142338,8.663689349971767,9.012301016840741,10.38421031972299,11.047813330130912,11.53035759604163,11.901466769854403,12.748948330858425,13.495495211907208,15.172586502368084,16.064695677558863,16.200135289724766,17.203501927175072,17.71734863816479,18.1446223148454,19.057756756786727,20.11998905080013,21.031022853811045,20.16699027795201,20.699987499680418,15.958449806107065,20.7743629646377,21.354697479210863,19.02227419958613,15.205582400521086,10.340569193660855,3.8545233007990505,-0.2977795490582818,7.845783402115134,12.231548947951923,11.635011996069245,10.581694845735164,12.309574837551061,10.026552451041361,9.172747942217365,8.438159619320489,9.45048846444012,9.934735864889994,4.498968071610851,2.19775698306303,3.704424578337881,0.2376136721958912,-1.621983280123512,-2.669037576877103,-3.5988386116878996,-5.3598881998948755,-5.736645859221214,-6.113050832554997
8.191840387738047,7.194811287012292,6.865579094481221,7.153279406879877,8.488808480663067,9.590063244085528,10.062996094270094,10.28778924106001,10.651932647527067,11.184015733573977,12.268932847210907,13.525505160380646,14.40661405039815,15.48569478270612,16.12262603574293,16.467379664169272,16.962340198877,18.643275079978938,18.912004551899358,19.164761923424958,18.419811702796373,19.486607969412436,18.85733744560541,15.49946908005698,16.580712497003788,4.938569995890588,-0.14015187762466863,null,-5.8466429785234215,-10.811008275589403,-7.044238017589999,-3.147926329237474,-0.2849003248680492,0.7711730436505294,1.916853555537216,3.4992165783871916,3.8493298885927247,5.904550728941491,3.818232334650371,6.327132785297332,2.4038648991906584,-4.057922687312244,-1.7226920600766467,-2.8825824116789684,-3.752267389543616,-4.809558579608719,-6.203326949631645,-7.63040701839071,-6.4832197461136785,-8.602721234038885
7.011623242322069,6.217255535078661,6.115011195186193,6.182208903059591,7.722174854136089,8.441708211985127,8.179139514163275,9.237051100588019,9.728944660879383,10.505095354477467,11.33963386394912,12.192174891078421,14.097312924431275,14.903011105437034,14.54141821059549,15.810515781584183,15.884298983102497,16.651579102528906,16.16140286048003,15.336824777642663,13.698722949091966,null,14.059041759605217,null,null,null,-2.2166771719582905,-6.089672565919781,-11.601363208023118,-11.55285019562004,-10.89582606075688,-9.636975771354868,-7.57248895767187,null,-3.2594970594305943,-2.436809228288747,-0.28864858674539107,1.7082827206565894,0.5376774995495285,1.2743753277635275,2.702453016199202,-0.8431449380290543,-3.136408889437701,-5.421943729394088,-5.852908670712941,-6.969240039203651,-8.919490405078477,-9.552355037989418,-7.427556246645484,-12.687405413007292
6.17630182932165,5.4064606832879765,5.208519251595863,5.961410004416147,7.0348480921151175,6.969900140820342,7.1603376212162,8.919882900283046,8.560317707083767,10.066662353889068,10.463878314907417,12.287004306183125,13.663476451105588,13.232990246325642,13.931306063890723,13.580286882818491,13.760278772309096,14.272698330299189,13.290920764206406,11.035448850902458,10.539583198947764,null,10.896627843370895,5.273771098676931,null,null,-3.305962657609454,-6.181290564149419,-12.512362663880204,-11.50398670374233,-11.019231932137668,-9.363036504098137,-7.297735738593847,-7.1284766677949865,-8.468534905658903,-8.479539694542591,-5.486087402343931,-4.033477699587787,-3.9752735056444566,-5.097501230885617,-7.931554131789232,-7.76137055859739,-12.438108737531747,-7.844260139963296,-8.361655632485586,-9.914206877533225,-10.8778079972411,-11.90577917855813,-9.855757201821639,-15.229561863867623
4.9417560859909475,4.715960574421917,4.793951466390639,5.484502657251071,5.306138937847036,6.459743922263692,6.805571523346135,7.175890483938699,8.023830714715508,8.407252517772651,10.519331665584538,11.820424176835772,12.097452388700818,12.292696853104964,12.559800753781902,12.378821620379476,11.257367697064144,12.770219437256387,11.029142267377907,8.98316589266272,9.608250893163344,null,null,null,null,-6.351294278957348,-6.953751700057543,-9.30621476241055,-16.144021158706472,-12.36587286233784,null,-10.807573264044462,-10.971880525813367,-11.440196346077746,-13.970984761248156,-13.719189985246267,-10.948319206853295,null,-8.210534257544738,-9.619797097346936,-8.548474196987035,-7.386686954876454,-12.036051567842163,-14.91958531376103,-13.030857651210582,-12.704480874994868,-12.481087611050532,-11.93353122321451,-15.395033445576043,-15.12716142768524
4.0615261543432535,3.789578150475203,4.133904770821392,3.8035259963838075,5.2906875656986365,5.9764354489640255,6.244115940350747,6.0172532648530765,6.8486555133584215,8.945393294070088,9.865969208309913,9.572573169733486,11.792011676829043,10.511519540048795,11.757999219239153,10.181094196398234,11.411738163044925,9.040437236260153,9.35202783311584,5.732949606734214,7.396277144943426,5.227891881523415,null,null,-5.954318563079211,-7.7613675955556625,-9.212528073430807,-9.770226099136181,null,null,null,null,-18.622474057787905,-19.48274363387219,-18.680780902559547,null,-16.323721571712245,-15.633858048428793,-13.682008091106553,-15.362685583942655,-10.018888875550713,-10.525323260764381,-15.623687779766223,-16.172042928092115,-16.31408708685391,-15.07789760948829,-14.781020482141209,-17.148574974767957,-17.578736372189304,-15.906002638310351
4.062583203063294,3.432123779920388,3.829916125219137,2.6142648628976146,5.4498150539525785,5.266721404310993,4.67954445649912,null,8.77911371396335,10.288174387249086,9.326441440205064,null,10.742052384611586,10.370628741933245,11.564374181367743,8.96165067902874,9.919885646828387,6.157623885597819,5.604739391740165,2.5269914812654557,null,null,null,null,null,null,null,null,-13.573822755117467,-18.98237192258035,null,null,null,-26.62956390923133,-26.585505817961344,-25.51458890090678,-21.528125571607283,-19.97507927275306,-18.905382391945288,null,null,-18.815462570913677,-19.953927616186956,-19.407402277046835,-17.6490899271045,-16.139806067925136,-14.380067867345655,-20.01589905494482,-17.969870154568373,-16.739436677026564
