public/json/wind_2018-09-1607_950.json
{"header": { "discipline": 10, "disciplineName": "Oceanographic_products", "center": 0, "centerName": "Ocean Modeling and Observation Laboratory", "refTime": "2018-09-16T07:00:00.000Z", "significanceOfRT": 0, "significanceOfRTName": "Analysis", "parameterCategory": 0, "parameterCategoryName": "Currents", "parameterNumber": 2, "parameterNumberName": "U-component_of_wind", "parameterUnit": "m.s-1", "forecastTime": 0, "surface1Type": 160, "surface1TypeName": "Depth below sea level", "surface1Value": 15, "numberPoints": 4800, "shape": 0, "shapeName": "Earth spherical with radius = 6,367,470 m", "scanMode": 0, "nx": 80, "ny": 60, "lo1": 109.0, "la1": 20.0, "lo2": 116.89999999999955, "la2": 14.520000000000117, "dx": 0.09999999999999432, "dy": -0.10000000000000142 }, "data":
[rows 22 to 43 of 60, columns 0 to 49 of 80]
1.2663759720097074,0.968858089675798,1.3453964359308992,1.9446568707934961,2.577107397238297,1.5244752023287707,2.25021635957017,null,3.6694293957160435,2.8841083455026997,2.8444304359680164,3.7875772953823414,5.156429404458513,null,4.120703467389785,3.1292590416752684,0.33573737219528477,0.8772570470226113,1.5790527716416882,0.6686692945478748,-0.030449664713897824,null,null,null,null,null,null,6.685403579396545,5.630120038826184,0.8641234581653751,null,null,0.06921241523920567,-7.4213962284771045,-5.8155819633569665,-8.62452596005381,-15.73112424546046,-17.534585373959352,-17.39248392186873,null,null,-24.119261398029284,-23.797960349792746,-29.670672261652705,-30.33910546659745,-34.54650444441574,-38.88374686169,-37.940933753580964,-35.67497445358674,-35.02432072401743
0.004858827616734648,0.4711772243558336,1.5443664729637294,1.1377268571097496,1.1443731697059716,2.596126857237133,null,null,3.8224052717829733,2.300667898719216,4.032206621374528,4.460815695298575,4.446657354529732,3.5706983001166046,1.3510249557812792,1.3695575037669079,-0.3958187947780017,0.8421413038417689,null,2.5700530000759114,0.8051133949811903,null,null,null,null,null,null,6.486041089404358,3.4538087112318054,1.7999162024197566,null,null,null,null,-7.8267296031981894,-12.093371809377615,-14.760428390716305,-15.758169005738077,-23.322256410755305,-24.590889034754955,-26.305855891744,-29.207409988429262,-30.380364852485343,-30.53687071055772,null,-34.58993995806391,-38.14725555685701,-40.60440838127862,-39.30037127543448,-37.64315882783001
-0.11243792309679185,-0.26575958794430266,0.9347009085344954,0.5509029373633305,1.34040270071127,null,1.163624439306501,1.3453008240923712,1.5404821737212053,null,4.825559426286933,3.5930847929297,3.839578782128452,1.8380375014373553,0.037201103494733066,-2.1451875194858925,null,null,3.366052576644223,0.9692663760805884,null,null,null,null,null,null,null,null,4.0629632068620465,1.085781933019938,-2.9533569158301742,null,null,null,-8.35975538438301,-11.007334892518232,-12.632106551509844,-18.93791571184957,-19.77512824478859,-22.869765496361644,-19.933594081095947,-31.479629455977303,-33.49102571892396,-38.11160877776307,-39.65535992657392,-41.885064083365464,-41.87721043356744,-40.49641510668104,-37.2650279688585,-30.929828482409327
0.07000683784020093,0.16757968158343678,0.0715502827425936,0.6366161199456648,0.9682283207255655,1.8732613115170333,1.6557777314435511,1.5355718819497612,0.02756316697130283,4.414425192752239,2.5900231819257415,2.2121225718614417,2.599014210673912,-0.264605113206892,-1.5930597691739972,-2.973537422009502,null,3.657684636913337,-0.2950900141833585,null,null,null,null,null,5.2485516011064535,4.403325737505374,2.041925302800795,null,0.4997678930482461,null,-5.604090376996288,null,-8.473436081358965,-7.446342875830146,-12.92061856525364,-11.176631456158233,-14.345691902706168,null,-16.827695047375325,-21.635519601115217,-23.999039369681743,-27.757201929856162,-30.322858816953655,-38.48153173173543,-39.51497742695048,-40.174618689972114,-40.64309264563645,-37.786453641196886,-36.43632945471437,-37.39241175830479
-0.1515845473488293,0.7237996764020641,0.8720651982960155,0.6299118674384526,0.5548493411839724,0.9154379117764359,0.6727897289203022,0.8339330405471469,0.881839661893159,0.9723553970673616,-0.4575486949775888,2.0035095000966088,-0.24977206973871996,-2.0608391611737007,-2.4245849289143724,-3.210219870047858,-0.5900528844672313,0.6110427737857688,null,null,2.676843290210947,null,null,3.2749717673673535,2.956820460281268,1.1095466966392196,1.0292239982065776,-2.2526101203118216,-0.26061247345419214,null,null,-6.46125042459415,-8.781097648029263,-12.093272323907224,-12.185266087841246,-13.471853962508296,-13.617717570460956,-12.79567938169856,null,-16.860136964710087,-24.895540575842766,-27.68702341173653,-29.698969346127498,-37.6773866068655,-39.31563754806142,-40.0294424080502,-38.853160195512785,-36.546321504015026,-36.34617562484585,-34.25682725877415
0.31355284469718425,0.910994604317083,1.2844914359761734,-0.21473699372292912,-0.1932866021019799,1.0326195510317104,0.26478297622905866,-0.7537184338802674,-0.6532082124728714,-0.9525970264032217,-1.349355854959868,-0.9444487392692038,null,-1.6311783116315124,-1.5988857068184712,-1.4836455965257793,-0.3278734809054523,0.06640301621189193,0.2980226956197037,2.3911933431800136,null,2.9696878276305427,null,null,0.8575843680794368,1.0439186980037596,-1.3123580145989244,-3.598737487279252,-4.129917216903278,-2.8636457527722716,null,-6.02391309301173,-6.334203374719812,-9.828907042827318,null,-15.809009357642365,-16.220520741683742,-17.70090355896176,-15.917241960479084,-22.51833836578409,-23.646249912464434,-29.06572924929973,-32.955665585484965,-33.467738827675916,-34.982899976671504,-38.394511541794685,-36.01589765482254,-34.2644997334608,-35.566955913358505,-35.60897836575151
-0.3530203420530325,0.5707900941135517,-0.03107425858526377,-0.6473353728072402,0.9835888200271883,0.8516228908417369,-1.8937460248491773,-0.8332165883517915,-1.0416198626753719,-2.2086895417968577,-3.77418692946143,-3.0952393113163854,null,null,null,4.227765895281348,-0.3121149474095644,null,1.4560533629940366,0.7574160103460793,0.4947434028038097,1.808416013182709,-1.7674948740995644,-0.2683019285285258,null,null,-1.4760192925423228,-2.261707703286432,-4.014806409744036,-6.818996987678273,null,null,-8.690040038428243,-10.69250249620993,-13.075938755776967,-15.061788761460509,-17.810919473702445,-18.887173688138674,-19.08161916243474,-18.568539892485717,-23.104042931163086,-27.446238862760918,-30.76978644841584,-31.025927766812256,-33.137095523918575,-30.757041281007762,-30.086395275764826,-27.899866629730088,-28.034675968104672,-32.234115454077255
-1.1587438299753021,-1.1356476788858232,-0.6496599743574724,null,1.9158172664145767,-0.6258019787714616,-0.9845538474770267,-1.147882482039699,-1.0742483763686888,-2.222360980953932,-4.941791190112022,-4.711173153288815,-3.2485442410185996,null,-0.14969968435117287,2.296634108160628,1.399779933645727,-0.5243626146040137,1.4815966925194288,0.37308845613385583,-0.21353305907327183,null,null,0.5787567764653,null,2.3382916998266476,null,0.2610906582745022,-3.9252625218781363,null,-5.784388961255772,-8.1489085149058,-9.149893526559188,-11.864259859965932,-14.028671374549456,-15.696340174893288,-18.996709304061156,-18.374057674237118,-20.212788822236973,-19.922459994787328,-23.330084000023916,-27.93644656223521,-30.429721634242924,-29.93484966505622,-28.83620652066778,-32.79239883936812,-30.220147115344837,-30.026913593576303,-28.16452810077009,-28.255314462875987
-1.8021528645477065,-3.1440614247048453,null,null,-0.12197096276193134,-2.488175182569428,-0.6266197741543952,-1.0218178576661434,-0.8737911092041353,-1.8456584250233639,-4.797021291952867,-4.869836882672352,-4.10989863549998,-2.4554989145200254,-1.4210675218100721,-1.1038761093904939,1.55213858521362,-1.4421657828775443,0.10177552016434167,-0.2852482936233143,-1.1862454162129263,-1.4378462599638215,null,1.1806003501675733,-0.3724455721191553,null,0.6846314488559178,null,-5.004080428100457,null,-10.30671927509366,-9.992607370222236,-11.407060744181123,null,-13.061703499721734,-15.793907479109645,null,-15.354930660861946,-22.379532882848235,-22.677671877892493,-24.04051372262757,-23.058320902247303,-27.111292981189234,-25.06468105209283,-25.386770180999132,-24.14432305743955,-24.47509372068711,-32.6848672413864,-31.042305121327505,-33.27789784803486
-1.3712839310861005,-2.9717246294366864,-3.209597927427906,-1.3810126169343557,-2.439551222276115,null,0.953341396895431,-0.09923767661819408,-0.9984603232205578,-1.5695541998059643,-4.481057529601375,-5.9474325048694885,-4.023388744246077,-3.574017697407381,-2.653670976222716,-1.7216184758579396,-0.21802425740271303,-0.7604024258641258,-1.3738104040921,-0.4830758073223853,-0.9326712870623437,-0.599217684205279,-0.7962891814864981,-1.6657096201574761,null,-3.332040894228899,-5.642597647930343,-5.2958358212510515,-7.916678312151001,-10.764370247122686,null,-7.674846925920408,-10.548716317899602,-11.457059966778704,-13.391999623611083,null,-18.3599605291198,-19.598608699441805,-19.7141441956457,-21.140802375618456,-21.976126271966567,-20.624280915368825,-24.8781583790609,-22.93856516710776,-29.596050693093243,-28.241706214073936,-31.322769766221683,-34.02148661409138,-35.63516047492508,-34.02711851661587
-0.25127543381046197,-4.020452349963917,-4.239883611867491,-2.7186052895658674,-2.23786793494346,-1.5561529719589573,-0.560327377370132,-0.2188793597969918,-0.13324596223616225,-1.4396305769975561,-4.231550163535092,-6.414804707013526,-4.707518622039603,-4.701590817514079,-3.0863498051786995,-2.6480617242482416,-3.120465973213982,-1.3684307268713092,-1.3933220245876978,-3.1268496222019837,-2.6567648371473647,-2.684045996404392,-3.2046358696261903,-6.017340442099923,-5.261050105913052,-6.318582366090883,-6.892162014868463,-5.419348445166964,-7.396599887787058,-7.375168508545001,-9.169345096753124,-7.5903670954907225,-10.140008290822516,-8.832552455967086,-11.334994584343223,null,null,-17.935145103498307,-21.649817731320784,-21.781259505079472,-21.719593789805202,-20.848238385690816,-18.72987980788184,-25.335129274562664,-27.02178652779357,-28.1445135473313,-31.658171094001776,-32.0123126891648,-28.80198174064664,-25.675777488082918
-0.9523004763275518,-3.8270038164138933,-4.817487748391489,-3.493143712674472,-2.5800700403898285,-0.8911457242215308,-2.179673379879625,-1.938163222257268,2.1091783104070045,null,null,-4.531422118088121,-5.480564951957567,-5.021686454550475,-4.328563679667205,-4.334636211697925,-4.736928058237813,-3.0407791142800695,-3.0759031191796593,-5.736841454316765,-4.326750379820301,-4.608928164496468,-6.689316760971653,-6.0588872141086485,-4.885016436608291,-7.00663827968276,-6.031171593868255,-8.407486087746191,null,null,null,-5.915998326945063,null,-9.204247132483125,-9.86041158579991,-19.160270478387414,-21.974192135065874,-20.72886681918534,-20.242825166768643,-20.289463095302125,-20.73083856233685,-23.417936446911213,-26.036151912319056,-26.459936875897174,-28.72526339231059,-27.448204560610495,-26.220889605410626,-27.078748953308985,-28.868565975818292,-31.77792819698779
-1.2291642163074392,-2.7032212094093726,-5.568682752261073,-4.492247131961056,-3.082056509059986,-1.947045205342293,-2.2631239195358477,-2.7255276461705424,-1.056807875391212,null,null,-3.463776610680603,-6.6609987426791495,-6.0068684724526085,-5.75713002189993,-6.363800898805536,-5.898231941173126,-4.713709753768066,-6.424431037067295,-6.471331789677446,-3.6536827055499117,-2.567592982931819,-6.529965307924111,-8.022640440429635,-7.246211075863968,-7.361784552554536,-6.656667944931863,null,-6.85230911760068,null,null,-1.7692248082444357,null,null,-9.345061576812935,-19.501307531128393,-19.435370155576777,-22.129322301270285,-21.340925037100142,-20.649308742016242,-22.33174947904022,-21.288867582846574,-24.378015061000895,-25.741735926783473,-22.010604609289622,-25.303891161829565,-27.522276730188118,-32.51098745534129,-30.540276932446147,-27.389816715178657
-1.7336432131025834,-2.138111181599606,-5.178679616338784,-5.2683390564659955,-5.122212640507014,-2.1006808407374002,-1.7268313688403527,-4.128707661533623,-4.146146697773316,null,null,-2.5712684850637215,-8.543821190255407,-7.342881312987943,-8.371565991134656,-4.607557647598956,-4.051524427766592,-5.039232646420905,-7.248219028159621,null,-4.071885204539852,-4.350112784861642,-8.16622995357708,-8.17444068752035,-6.923018623085777,-4.644875197835862,-7.378495719801155,-5.531504908906532,-6.936253695201521,null,-5.741399578763372,-7.541803154908611,-7.739896605938981,-10.456584982791254,-16.542089012686205,-15.960835902935722,-14.98765595246011,-18.380181404873646,-20.77613756993958,-21.214759497214526,-19.475787046202125,-19.775699851712893,-20.206996144227514,-17.787401525174538,-24.735511968447994,-26.51626087574943,-25.187129191912064,-28.35736940021737,null,null
-2.0259831248666846,-3.0793911723363854,-4.622911618364675,-6.093212389102791,-5.790256043186299,-3.084502453590547,-3.4908914553402957,-6.881158865543778,-5.543199434276231,null,1.3754705506484024,-1.4732261330004368,null,-7.9328077130171675,null,-3.7841166290700308,-3.5813334470999356,-6.505382832731966,-7.045651607734973,null,-2.5851215982256495,-6.325198706887635,null,null,-3.329283809303707,-6.6671599870027745,-8.193049092213068,-6.925143553449104,-8.349024683212749,-11.185000000235238,-9.725573210928642,-10.398513848669468,-12.742492689001653,-11.027725620275742,null,-17.1084996142815,-17.429453518692167,null,null,-19.134424005116664,-19.83604249554929,-18.067879666992138,-19.24811111305742,-22.36523252316565,-20.665145321799432,-21.3166415399324,-22.822612265166367,-25.8495646251407,null,null
-3.7297840989456468,-1.5255600778513267,-3.5594889199183424,-6.53438682753196,-5.567310169437922,-4.353804844972133,-5.567211464398123,-6.036300123800392,null,null,null,null,-4.736268321697887,null,-3.468054748776369,-6.123390572109551,-4.45677640033123,-2.9420597282177234,-7.556603333007877,null,-5.8851524353531435,-6.83157786491625,null,null,-3.413158440412073,-7.7956737471994195,-10.154722967145347,-6.374779662911029,-10.392369148962983,-14.19586715995241,null,-11.496807911326602,-13.063609501156172,-12.287670654769574,-20.271530016487205,null,null,-16.11712215595782,null,-15.645333781950702,null,-13.197882633125987,-18.616413247156103,-24.299172120202304,-23.748025436369332,-21.84939974952898,null,null,-21.64934751449661,-22.497896765390003
-3.5919943641332033,-1.6686442162448942,-2.6016504378305187,-6.480837967115239,-5.615378535290762,-5.525807091676812,-6.851008792985739,-6.558167712906014,-8.397872424118074,-4.289383509292091,null,null,null,-5.612156907151262,-6.621303873880594,null,null,-4.752477621516144,null,-5.428532692870001,-7.386409169453048,-8.09855262637361,null,null,-0.6140487781686063,-7.847641543149134,-8.356148836328792,-4.685015820446345,-12.929744277147329,-14.449168800774881,-10.199028175043303,-14.183657821686136,-19.333129862814978,-15.575454546853951,null,null,-13.726056920867222,null,-15.215698228233489,-14.631605611230743,-18.746359462819136,-19.017279564905543,-14.941838381181096,-17.765192608301348,-18.9549888822759,-25.153200707999478,-21.05472707719008,-19.933728041801245,null,null
-3.114286330600049,-3.110544962037747,-1.6875530612098357,-5.286844543312132,-5.803639894833232,-6.744053775803198,-5.97101060598192,-6.783107876254307,-6.249104455389083,-6.6133168256210055,null,null,null,-4.430912810697977,null,null,-1.5536340159436988,-5.315652868598946,null,-8.37563229972479,-4.125203953274222,-6.507209724930847,null,null,-3.9191805097521755,-9.950008698948679,-12.258166098305745,-6.610984384580081,-9.95680325667919,-15.338779892965558,-14.429153700683894,-14.035178834932715,-17.184838474793747,-15.073240713888937,-17.465050861437504,null,null,null,null,-17.933381805533113,-17.942943484437915,-15.81334856281244,-16.70004177235936,-20.462102163858752,-22.728323914577356,null,-20.086695176072592,-20.071265326656395,-18.69091171544189,-20.365004029209047
-3.8362376725857708,-3.8968486759858836,-1.0467598490205843,-3.6103734882874976,-5.917201771584156,-7.627235690765374,-5.136493586225012,-8.23312343281223,-6.948080849030347,-6.636311950242725,-5.381893367910538,null,null,null,null,-1.167511852380169,-3.023455568877799,-3.4187676821990087,-3.924148758143376,null,-2.9918598485474592,-6.2875839224732815,-2.335052900750192,null,null,null,null,-1.736494075813828,-8.066069473441923,null,-14.189174463023384,-11.946012075602894,-12.102774314540245,-10.758369459154336,null,null,null,null,-16.29748173397312,-17.34032757284345,-18.813277244812074,-17.943998115864765,-20.093423330596888,-20.145375837546545,-17.498826934794412,-19.465910517702063,null,-18.534527427791406,-18.420135942825908,-12.96017003862929
null,-2.3510276007691604,-1.1915661510688749,-2.7387532539032153,-5.60450693751303,-7.507822613809017,-7.019571018064291,-6.402487152601284,-7.7605317625677115,-6.649147389545991,-7.473741728169371,null,null,null,null,-0.602128365792399,null,null,null,-6.412633258290136,null,null,-4.08431754900218,-6.795637443680141,null,null,null,-2.9024150755270726,null,null,null,null,-10.5477476750762,null,null,null,null,null,-13.262461002930873,-16.814470996370805,null,-19.213382410018863,-18.659991563577144,null,-15.947394705326014,null,null,-15.810498130591421,-14.48179013233546,-17.091404639316917
-4.052219958244823,null,-0.05419949201306705,-2.109797240816737,-5.950671149795953,-7.137111816438458,-8.774410389574292,-6.060683676313861,-8.947423684286614,-7.1264277416781185,-5.474124137061089,-9.063536942332892,null,null,-5.620170937434324,null,null,null,null,null,null,null,-5.5114998261945685,null,-1.384415979520563,null,null,-4.175755785177928,null,null,null,null,null,null,null,null,-10.07763749420006,null,null,null,-18.114495490075356,-18.478251974859145,-19.879685313526206,-20.86496580228875,-15.027966639898125,-14.175403600550032,null,-17.71319427333194,-19.53554234770547,-18.44264495599962
null,-4.159316549381126,-2.4026443877038224,-2.831377859386127,-6.993869480939475,-6.893226299028548,-8.647703427602144,-7.633220111086021,-7.661921930968793,-7.6548107298692,-5.281747060099203,-8.45134578405447,null,-6.7675803430017805,-10.763440628343242,null,null,-1.3091635543776343,null,null,2.538000868650482,-6.546130677036871,-7.19581380213353,-6.963214162892437,-1.90463379709998,-4.536684786300767,-5.8443041308279655,-11.52151018069403,null,null,null,-2.661747675733914,null,null,null,null,null,-8.88153926598646,null,-14.912517058105426,-14.980798577364318,-14.993222494643625,null,null,-18.443864742062622,-13.448272664461955,null,null,-17.45239655996491,null
