public/json/wind_2018-09-1513_850.json
{"header": { "discipline": 10, "disciplineName": "Oceanographic_products", "center": 0, "centerName": "Ocean Modeling and Observation Laboratory", "refTime": "2018-09-15T13:00:00.000Z", "significanceOfRT": 0, "significanceOfRTName": "Analysis", "parameterCategory": 0, "parameterCategoryName": "Currents", "parameterNumber": 3, "parameterNumberName": "V-component_of_wind", "parameterUnit": "m.s-1", "forecastTime": 0, "surface1Type": 160, "surface1TypeName": "Depth below sea level", "surface1Value": 15, "numberPoints": 4800, "shape": 0, "shapeName": "Earth spherical with radius = 6,367,470 m", "scanMode": 0, "nx": 80, "ny": 60, "lo1": 109.0, "la1": 20.0, "lo2": 116.89999999999955, "la2": 14.520000000000117, "dx": 0.09999999999999432, "dy": -0.10000000000000142 }, "data":
[rows 38 to 56 of 60, columns 0 to 41 of 80]
-12.271709726190121,-12.187193384648705,-13.453163660422504,-13.19250934820017,-12.809400513346143,-12.081960549853047,-11.52225891032265,-11.48914202664544,-11.957053135031886,-12.083425238733037,-11.72588860466953,-13.011729125615203,-13.540527982859933,-12.504155080277194,-12.960227144616157,-14.691462730667936,-14.960045093430006,-14.010804570083867,-14.279815869180148,-12.080448693299545,-11.948956556272794,-13.984378635581884,-13.907739429788782,-13.168736139836128,-15.952886978082745,-14.357127871792152,-13.327078856233303,-13.275475647021569,-12.409591443681599,-12.188843121640083,-10.647326995558565,-11.438561676721447,-12.601241892198903,-12.348809068728926,-11.867738923242182,-14.268405400664767,-14.172884386018271,-10.977214254608702,-16.529692466939988,-16.427913937840994,-15.840470744727734,-13.324266093743763
-11.940800307216373,-12.868166974800836,-13.26238333341924,-13.692790946525394,-13.037675036698625,-12.124220201523006,-11.320386034284846,-10.474788703193642,-10.756290396319763,-11.524890520045648,-11.210715192962628,-10.53147809163221,-11.965897382337488,-13.358589833780782,-14.239465701319665,-14.266628592118485,-14.475038307247113,-15.432548229564324,-15.743430366487537,-12.792139132048831,-13.368480772037497,-12.167820461551333,-13.404528453196367,-12.925881546098275,-14.265246964969759,-13.258767123109845,-11.801947537140148,-12.292886208492543,-12.85282504738133,-11.698995785300289,-10.891957535301243,-11.456707919403936,-12.444267119150503,-10.460086803891821,-8.076973305851634,-13.374532950581647,-15.39982731148351,-14.411746730072682,-14.41546636525505,-15.756107635690022,-14.864747409080598,-15.879661094205813
-11.400432249361604,-12.294878374863956,-13.233836297350352,-13.906575920839332,-13.428298164843557,-12.25709771340009,-11.841936299602882,-10.29123226992916,-9.925798113213142,-11.31282554266674,-12.136564543812156,-13.084490390679706,-14.653022338209805,-15.45736378399688,-13.103054454162425,-11.496190815817497,-13.739448074055728,-14.02647361378324,-16.077569906342173,-16.347100627871775,-14.13809336868545,-13.333491781903307,-13.17612062333605,-14.545400253666337,-14.869834305029313,-15.640856364628288,-16.6702551268941,-14.759410220175667,-13.384092293514737,-13.050898035263561,-12.687846733169485,-11.19600181340382,-11.832856683514942,-12.710392743723927,-12.509280166273633,-13.29043208442414,-15.23590735762376,-16.858825678292963,-13.144571427477228,-15.419142392027249,-14.781549360966714,-13.958787048823053
-12.141556361727387,-11.555741824456007,-12.344057584299147,-13.10677689886938,-12.908966279277351,-12.23784899876689,-12.462440223339597,-11.927257535625698,-9.485781845750342,-10.014037753723471,-11.942645991761202,-11.702375564368616,-11.929209265731114,-13.869814241926024,-13.422472840948503,-11.899818317672922,-12.79480603764516,-14.053591746628243,-13.584056924241635,-14.81997307758533,-15.987197247468693,-16.098081075272752,-11.830611327024537,-11.795756457067753,-14.66498086707092,-16.14894288009564,-16.264559373435954,-14.266048203815943,-15.812229611419925,-14.099121748529608,-16.26191034589167,-13.547869209088175,-11.841768638804002,-12.135719704110308,-12.951786246802623,-12.839035458238273,-14.469272923892435,-15.389717596496936,-15.972724865568251,-14.73076283644486,-15.394114115066676,-13.284905080399092
-11.806590343113502,-11.52992279603799,-11.360458324197236,-12.911895858650945,-12.76956225674367,-12.793625224286405,-12.423126414665413,-12.388775745060387,-10.369519386416986,-8.904221962507993,-10.333475282330333,-11.084093498452699,-10.465468566953367,-10.975098792685095,-13.822314475281198,-13.90321233469113,-12.705157432208818,-13.020330052584285,-14.165202513506788,-16.190811811725172,-15.937573245576276,-16.215029874293162,-13.17746677271625,-12.3624123986124,-13.218933627222482,-12.880281563942605,-14.408984510053934,-14.047189299218921,-15.04354311591981,-16.714340413969502,-16.34207956172143,-14.151173043303352,-14.036687782272914,-13.813286230884085,-13.28227625401817,-10.46746975997987,-12.967932456422247,-15.96191851077042,-17.220605105371064,-16.125368779622338,-13.399337788693082,-14.194351032602722
-11.690504890957724,-11.11733741542191,-10.112284664460491,-10.113746988146625,-12.400256188603668,-11.823026481035704,-12.086595554162372,-12.44097143856679,-11.23737718199078,-9.66276150369341,-9.652409024561386,-9.964817591811869,-8.50156617030985,-8.853700122125185,-12.771279663058058,-13.728954467940504,-13.632460666954342,-11.535908790050925,-15.2762095033487,-13.838381215688473,-15.494592362812135,-15.565682453612082,-13.769972419007289,-11.542817303542485,-12.170229598528913,-13.356837570035433,-12.592418029339871,-13.057739561708024,-14.753874974760372,-13.430036742352613,-13.402500928243715,-13.750080907348316,-16.526598673910286,-14.151865757936841,-11.367458683614664,-12.960106889120157,-10.422160447550992,-13.524419187797239,-15.490360992756347,-15.493730927661304,-15.300177739699874,-14.77816838066284
-11.567011977872856,-10.645325889156334,-9.946620009993222,-9.460243238745797,-10.607746487151953,-11.998313587087633,-12.074459451286494,-11.881781239508763,-11.361918068624352,-10.019758161990776,-8.303566668335154,-7.729291033994144,-8.62074645408061,-10.595208705779635,-11.748693669499499,-12.264686422444093,-12.570511660400797,-11.721306318391672,-12.300877124658173,-11.880958287239151,-14.401459187798764,-15.060209676483089,-14.469123890909078,-13.640505550513836,-12.069022614373797,-11.908414212516172,-13.37194358991026,-14.821238627320009,-13.883831098570711,-13.252637582394458,-14.73732554229925,-15.347410488703716,-13.401583103360295,-12.817035587928206,-8.664194740108247,-12.740229525216211,-11.59937413295501,-7.793434811511391,-12.724529943152586,-14.761540399862266,-16.78220517189564,-15.973148213539883
-10.5618470341366,-10.99906681242101,-9.658926920067751,-8.542614321294781,-8.31730546636201,-10.734147668335483,-12.031900451903358,-12.24878679685244,-12.487945592847499,-11.441622619530289,-10.151438754848922,-10.489924353526808,-8.604641176690064,-9.81927271374523,-11.217580680275182,-11.821289236676229,-12.162973882409181,-13.43826062690539,-12.720584430679597,-13.729405464832215,-15.710873722427543,-16.067723539571084,-16.919972982431933,-15.813064263847023,-15.448698272490414,-15.70963315483686,-13.569571521821906,-15.806572075314461,-15.500479687446866,-12.510720288565297,-13.653842297673272,-13.904930267204623,-14.706055136405524,-14.970177500948193,-13.213144047908257,-11.727089218775442,-12.869869142712004,-10.375407151378546,-9.823622962983436,-13.680429133329369,-13.690253302290902,-15.08969072754632
-9.759304127768681,-9.925040359364717,-9.257950620961937,-8.758767076847798,-7.44487719574148,-9.19294588625426,-11.667479010796797,-11.403683702338476,-11.758482092100328,-13.256330856717282,-12.871271350332004,-11.413933203484959,-10.419037384800578,-10.97083940716614,-10.581767891739515,-11.724918136228872,-12.661550952117494,-13.52939443460183,-13.856807487993342,-13.926130680955524,-15.005890767998348,-15.862892059732932,-20.09019667161109,-18.120905951809075,-14.828556204758888,-13.020124590723777,-14.909292276222988,-15.92353064539301,-14.664972118972983,-15.683534407892145,-14.154477203346069,-15.358818061128243,-12.521975911549578,-15.076677260595641,-14.372686518939854,-14.907514379849793,-13.54948945651655,-12.036929298827324,-11.8311599164852,-9.505007028069837,-13.943436160548174,-12.918777897191614
-9.889311986792265,-9.517180957326309,-8.735338188251482,-9.286340234326271,-8.416950021951255,-9.114193009331256,-11.115379912221712,-10.931464907167761,-11.162964606386833,-13.378354051559564,-13.399180010491076,-10.300727086847719,-11.720709417742537,-9.93186091717909,-9.795876182266793,-10.263951841186,-12.73405168016012,-13.428124586334349,-14.853494269282152,-13.978678773441612,-17.13428025585918,-17.04581088962363,-17.106131168100134,-17.02989231260603,-16.489489214210856,-13.643370192807389,-14.522961626135185,-14.6062058828813,-17.172244977422455,-14.964767675170012,-16.627580932215775,-16.49869409439782,-17.700940647295425,-14.364995212868346,-13.902400219144676,-13.376512216817567,-14.137724288071729,-16.686990579437808,-16.234343942141457,-9.952533202009366,-11.016554560075633,-13.184252171045575
-7.933000754771544,-8.406599934255526,-8.411423994938545,-8.389454248375154,-9.394324825015314,-8.587155472125815,-10.001061800222388,-10.219512709862997,-9.921556230226845,-11.893212668143791,-12.820454107572125,-12.886780376669591,-12.811108730527232,-10.460356352957561,-9.291104091520268,-10.230120401253743,-11.84493025333237,-14.659614804481969,-14.648248663403661,-16.31180087905579,-15.936327396367302,-17.66395153244223,-15.132750757593222,-15.81128801376321,-16.28139586546716,-15.43731548393896,-12.682179744709902,-15.171808073411466,-14.967962566820056,-16.221549779878398,-14.812577254706952,-16.664039319895085,-14.616966188291824,-12.777783093706907,-10.426445627385894,-12.372082565364437,-14.48292772294782,-13.04539984736718,-16.58971785893415,-16.63929575614346,null,-11.184230009485525
-8.277561719638419,-7.607912062983605,-8.644496656484268,-8.292196125807575,-8.900804289480885,-8.544776465719526,-9.617270275482996,-10.879799279003748,-10.730839291671495,-10.607990358210422,-11.142562640487508,-11.904413292570773,-11.388659220423424,-11.952865556341804,-11.34489967382093,-11.133964813624342,-13.861463867953812,-12.340337406377767,-12.689128850673692,-14.366277367277062,-12.372241862776661,-12.022764829705155,-13.28425927337337,-14.820417608661074,-16.30565728925779,-16.41285608500717,-16.801136024589894,-14.832349500233645,-15.381968015717256,-16.552580223321712,-18.419230182762746,-17.071044393312224,-12.735980398417531,-11.116567360538319,-11.783194581080483,-10.97289448440239,-12.518860676833853,-14.505071518815193,-12.242696656592273,-12.6861115480689,-10.705698936781864,-7.169543446384017
-8.730382247403632,-10.333054293682624,-7.9037626322999674,-8.28144937727766,-7.57961300158654,-7.245798993658149,-8.381227544334694,-9.32753676961772,-8.39200988964295,-9.505813841295504,-9.89018552150023,-10.649209138220309,-10.840012104687842,-12.050000890474482,-12.967999665151016,-13.17254508057141,-12.520766276890567,-15.297546040465331,-15.330236707168716,-11.698581761084741,-11.110593214387734,-13.080618247134499,-14.35026777437925,-15.178841418523104,-15.077749631878218,-16.452385349805276,-16.424679463137352,-16.570619247559875,-15.767239445611942,-16.24544990284248,-17.45160614461133,-18.547791139690528,-18.5284279933033,-17.329554453833367,-15.437300957078378,-15.7307369673693,-13.707453121497135,-11.326711274847,-9.4821706245179,-10.127340229933711,-11.885617036682277,-11.283453931612668
-8.928867326170982,-8.323197664300883,-9.146366485295987,-8.481392169825334,-8.406525563915558,-7.020858216974745,-5.992923847518345,-8.079458811713746,-8.39006734750293,-9.094617455520401,-9.314421894711638,-10.010543892593919,-10.817701553245126,-11.822927307936768,-12.13572839990351,-12.554474393898158,-11.28505423230448,-11.402168302217355,-14.01253699752082,-14.085727333130048,-9.658046218415322,-13.364266851300982,-13.690007498597614,-14.204604526423488,-14.718196473528321,-14.339129574120363,-15.99868994162905,-17.922099192618653,-16.365971828555022,-16.717073278333647,null,-18.122410427274357,-18.27127646283298,-18.074489758892007,-16.03952450908359,-14.371009459404497,-11.003071565841823,-8.953917035684558,-8.763515118044577,-8.51106056072923,-10.221110526636249,-12.257756219493023
-9.757173531585039,-7.61802149583573,-9.49794929919211,-10.526996006426238,-8.912313016208545,-6.935171731537066,-5.836045777573544,-6.371655783980479,-7.714940010055622,-7.774529780099756,-8.784029239404871,-8.709454690908656,-11.08318776797848,-11.986532464750567,-13.039979807219959,-12.980408952362254,-14.55003123046927,-14.507984578878109,-12.85745004791507,-15.378716238771364,-13.211352511273507,-14.720720889665536,-13.501217352353192,-12.412536283703417,-13.91166267111248,-14.37982252146403,-15.52131275354021,-15.435716167809947,-14.90566953163056,-14.722014413266162,-14.958965189348557,-15.596590085330476,-15.702550386467287,-14.660070883789736,-14.359181033434654,-11.24503654387069,-9.550836366773522,-8.208233830614883,-6.991183206283771,-8.426913684692364,-8.376448021027514,-11.291193674502509
-13.551766491601411,-12.17809886799515,-13.251062063546632,-10.382964623232258,-9.052278326490253,-8.286506085793283,-6.974205846534762,-4.705363502408094,-6.112575516615225,-7.2227740563058935,-8.381030388781221,-8.371908820299149,-9.921115863051487,-12.403761026518456,-12.841477579690482,-13.692509590266312,-13.99374831307572,-14.019003742582571,-14.047641123509326,-14.084818007419923,-14.966595657829789,-13.918371501529702,-14.327051546440025,-14.171948134874105,-16.162511281275375,-13.766287750899398,-13.625320014998266,-13.103314655033122,-13.085821094390647,-12.967990762427064,-12.95505178071081,-12.898632955368779,-12.270264495551825,-12.02732403657561,-13.122071455869143,-14.815051925552808,-15.376939627171275,-12.89861189950227,-8.701025749402083,-10.222839699609276,-10.353558901748452,-9.798835124721638
-9.045386879225726,-9.801534703055736,-8.260630331709933,-9.110510004939709,-8.689688581680752,-9.317021351449238,-8.306101246930073,-7.1118309816981276,-7.823369560071536,-8.740548528656044,-8.092686033593628,-7.822273001851066,-8.621534696964863,-10.75404854466997,-13.92960164729901,-14.849526911452585,-14.922449046438015,-14.018090629135347,-14.606249643714797,-13.810266883686314,-16.066346115142064,-14.44716746446878,-13.522146643925524,null,-13.78165842940399,-13.009580321622163,-12.515064541683472,-12.268167239509165,-12.328581282599032,-12.293415726919736,-12.3911766565643,-11.877893280090309,-10.843953128957809,-11.146173256448735,-11.622794314534877,-11.228145015284532,-11.902021669238913,-14.32226045109587,-14.793971378257346,-14.325471480506572,-13.262188387750388,-11.221869282685379
-7.839939189252743,-8.078523261832133,-8.32357723806972,-11.257855410660826,-12.390177058809408,-8.929396156009846,-8.527726436289168,-8.23330701769832,-8.11001474313956,-5.105763353503404,-7.646539036359098,-5.749456326468324,-8.253281875612602,-10.599670626693976,-9.938465514469616,-11.609849655998621,-11.847151052386437,-13.269656941950643,-13.905689895890369,-14.60403667140549,-13.22646215127783,-13.739194077678807,-12.387167836702295,-13.389631595172844,-10.58064117447152,-11.034520037379604,-11.999585274041621,-10.86869456817221,-11.558767865723327,-11.975618112082044,-12.16962384904034,-12.49998050799774,-12.187466236818565,-12.331904879039147,-11.136608960609943,-10.724934826186246,-11.355974264238565,-11.800970136568816,-12.344722964212085,-11.870125850461456,-13.829397692957574,-14.371775456352804
-6.990033198469083,-7.943718732984455,-7.275143539817979,-6.1060625662453,-7.92305061627296,-9.814066137667092,-7.004826546933524,-6.79304660734534,-7.019191962308131,-7.217501571417969,-7.293183168364948,-9.545942433876771,-8.959712436585615,-8.548768959804697,-10.1366568962063,-11.084166437735831,-12.292741777795717,-12.917957197469496,-12.924957862965556,-12.46221846802038,-11.320011047232368,-12.65893503356719,-11.953647265552291,-11.897827115685876,-13.388522845191535,-12.211172205483928,-13.35304493218567,-13.942975648329305,-13.794141927266324,-13.106306161012842,-12.205686539764024,-12.206942897222934,-11.89525788279654,-10.633299191392389,-10.830193013257555,-10.634115058858118,-10.611312916182522,-11.20836574139923,-11.965399777471795,-11.875019218723505,-12.26966725492238,-13.171332872702113
