public/json/wind_2018-09-1517_700.json
{"header": { "discipline": 10, "disciplineName": "Oceanographic_products", "center": 0, "centerName": "Ocean Modeling and Observation Laboratory", "refTime": "2018-09-15T17:00:00.000Z", "significanceOfRT": 0, "significanceOfRTName": "Analysis", "parameterCategory": 0, "parameterCategoryName": "Currents", "parameterNumber": 3, "parameterNumberName": "V-component_of_wind", "parameterUnit": "m.s-1", "forecastTime": 0, "surface1Type": 160, "surface1TypeName": "Depth below sea level", "surface1Value": 15, "numberPoints": 4800, "shape": 0, "shapeName": "Earth spherical with radius = 6,367,470 m", "scanMode": 0, "nx": 80, "ny": 60, "lo1": 109.0, "la1": 20.0, "lo2": 116.89999999999955, "la2": 14.520000000000117, "dx": 0.09999999999999432, "dy": -0.10000000000000142 }, "data":
[rows 0 to 18 of 60, columns 0 to 42 of 80]
null,null,null,null,null,null,null,null,null,null,null,null,null,null,null,null,null,null,null,null,null,null,null,null,null,null,null,null,null,null,null,null,null,null,null,null,null,null,null,null,null,null,null
null,null,null,null,null,null,null,null,null,null,null,null,null,null,null,null,null,null,null,null,null,null,null,null,null,null,null,null,null,null,null,null,null,null,null,null,null,null,null,null,null,null,null
-13.021657922298111,-12.799165137057614,-12.469479320953445,-12.257496957653528,-12.084095997752401,-11.99878390241516,-12.062179874106715,-12.420538437529162,-12.993465625099791,-13.503675760078593,-13.8570470432817,-13.535315954696593,-13.325785781919837,-13.479638743416603,-13.862450811152979,-14.08505209554765,-14.466714013678061,-14.946084728969247,-15.176661129659191,-14.969083024265094,-14.938628685595177,-14.74273186379817,-14.674957146208845,-14.805305317775257,-15.343266344993534,-15.474509068115923,-15.43174601747764,-15.550711700257587,-16.145092429847843,-16.399276634700847,-16.28850102876936,-16.39834180348693,-16.624010653974672,-16.91961924974903,-17.226135773881417,-17.585747521579652,-17.7077933385834,-17.304434475837716,-17.086495025784682,-17.64116894248426,-18.35513895059617,-19.19765396890002,-20.22075267854251
-12.882709686935693,-12.542094562895867,-12.280945739941155,-12.206951052746238,-12.385674067302613,-12.541216595527452,-12.725246077464956,-12.648134535960628,-12.620187665199818,-12.783202271020892,-13.300600018730911,-13.21427975067728,-13.159053239399036,-13.561019215596612,-13.983303812452856,-14.113934439417054,-14.526992817003189,-14.833199615123576,-14.977632097498276,-15.036796672219948,-15.179551210273589,-14.907245254217692,-14.665680404370555,-15.240926055812439,-14.650298804741961,-15.128068802122952,-16.251409791572005,-16.796880917038457,-17.406191555457212,-16.999297009728267,-16.649836769643397,-16.163113938105262,-15.952125414266636,-16.240002544821927,-16.79135080403846,-16.938470115931924,-16.827665071662935,-16.99842096672434,-17.21651136346557,-17.97803521215144,-18.805383383810582,-20.334423887300712,-21.327199931439857
-12.478038603580531,-12.345580572746368,-12.277621864148909,-12.404117355696776,-12.884257776987479,-13.1100372929571,-13.42363868544106,-13.346233956477155,-13.229107446278631,-13.202238474553692,-13.019374264362492,-13.238002882822236,-13.55061598398252,-13.772955248149445,-13.927664311597592,-14.179211677536,-14.219981074037086,-14.243608931485701,-14.366900979870744,-14.628284701254247,-14.681037849648838,-14.720270634423887,-14.176064805482259,-14.4750265882592,-14.7001493421701,-15.898044038291136,-16.947392757639847,-16.74061143505449,-16.46272854033068,-16.386350051768716,-15.858900974818429,-15.94366058583366,-15.958800870171583,-15.824022178994667,-16.201601185179648,-16.43515888210109,-16.564228544940622,-16.507924419508758,-16.96159905786925,-17.905704882439228,-18.528551067668356,-19.664271752565888,-20.37246213098583
-12.139005068243486,-12.094718788091464,-12.148541389268837,-12.376019426703348,-12.787010445032905,-12.69907844902887,-12.62029185151341,-12.936100082475384,-13.106829627489498,-13.52870198562751,-13.685468477942607,-13.757066656608423,-13.72049407493057,-13.743407033321265,-14.013923420091194,-14.070269546590826,-14.294088847982476,-14.26509337944313,-14.088670120796216,-13.771539660530765,-13.942868494519132,-14.055627417536488,-14.154466992060339,-14.179371404512853,-14.753917202223144,-15.605184064065613,-16.58426345716082,-16.93428552509722,-16.289176139157423,-15.66993507812655,-16.056265737642118,-16.432371706657623,-16.711665485531142,-15.94306770793828,-15.314366403441978,-14.991187663991315,-15.848285241183913,-16.550265322664014,-17.062047559396277,-17.74544248014301,-18.62309980450161,-18.85437381685095,-18.669660735010694
-11.760185451695557,-11.645659162739273,-11.789564162970002,-11.874575978613846,-11.96290167923856,-12.12136878401581,-12.630627778645374,-13.017527262613434,-13.2159216251083,-13.53639523267925,-13.830819519769925,-13.5566248116998,-13.390843552579573,-13.380261234563735,-13.405812229789536,-13.360032313592885,-13.858118125886435,-14.441203931858198,-14.142548216531106,-13.644164269602024,-13.744983743305776,-13.954063035385099,-13.709234990249453,-13.801358756734716,-13.9062410403425,-14.518712799368036,-17.1664033118432,-16.996853301054234,-16.35861237099185,-15.16658686996651,-15.246655824413496,-15.721642399805274,-16.75028989239354,-16.442494986979842,-14.724115002078626,-14.83494546241864,-15.633346232799129,-16.64133893006015,-17.139203597443064,-17.86178669376042,-18.326942740795182,-17.9312359990182,-17.54649682504616
-11.406289094289601,-11.263867505124239,-11.193842592651457,-11.287120567554119,-11.444835502526098,-11.793882634875194,-12.28887528694124,-12.805019888097457,-13.453184183372567,-13.566298989662322,-13.310366896731004,-13.232016755673971,-13.31296820968369,-13.325722781414399,-12.830394501224912,-12.773701739707576,-13.670973864604864,-13.746190531348702,-13.986797833459189,-13.210772643733463,-13.530557015467082,-13.404748510981902,-13.378795943473715,-12.726172532072923,-12.496288064877714,-14.039297644486219,-15.915726066121449,-16.148824299343072,-16.968661464166118,-16.286121863126947,-16.43348368761067,-15.843537302889466,-15.59059483474793,-15.851115625230523,-14.211162982036146,-14.80702069302336,-15.5179339073167,-16.341895896681034,-16.80068197064147,-17.271988182906334,-17.376178718350772,-17.192538374505848,-17.287347861997304
-10.952635656974369,-10.974742408443731,-10.89095635972536,-11.078868455279183,-11.561346413592922,-12.075463424692177,-12.662802994838259,-13.211990347734483,-13.246484886959864,-13.27557958329433,-13.275039331554748,-13.04153873038138,-12.814645939687393,-12.552949737904441,-12.324393603106483,-12.272246843516218,-13.44812917900138,-13.87951075341117,-13.926091703668472,-13.347943577565253,-13.290199714191644,-13.380567110568267,-12.706504465254609,-11.733561435527015,-12.35510208709751,-13.837309957869738,-16.381256623280866,-16.267432432129684,-17.109131550092247,-16.762074541906856,-16.374132843761224,-15.940090263308011,-14.89934115429353,-14.207501585211887,-13.48433406316883,-14.53863931678024,-15.260278966874555,-15.695521446297313,-16.359238804131664,-16.68225849049,-16.188650094022677,-16.234610680225977,-16.806796398708286
-10.44490240410736,-10.530924047777965,-10.84404112504104,-11.116262859261482,-11.495655500550544,-12.036700246552218,-12.727279085527673,-13.209463176905167,-13.421068073241472,-13.368692695679492,-13.206099527463525,-12.850194891285144,-12.426717582997453,-12.180529975074993,-12.164205698520151,-11.80374572610268,-12.823351993736157,-13.917663642218763,-14.377855572150885,-13.858960055177564,-13.069958555943266,-13.071938844444386,-12.417030066141997,-11.479011538568935,-12.687587709396333,-14.44091093144084,-15.71666900382031,-15.973353735568013,-16.447798715259427,-16.374108472954017,-16.454463054171004,-15.938662092654132,-14.132033260576911,-12.960867770182643,-12.944150806235603,-14.795546953601047,-14.9893303532747,-15.10609841159153,-15.687926389391908,-15.590125790623047,-15.32571578615912,-15.533900628433802,-15.906009480486475
-10.185636339563457,-10.466119095734907,-10.674561050860882,-10.829313453424069,-11.161031888246866,-11.728725782270237,-12.307615493053873,-13.064347400834032,-13.260998905824152,-13.314082713687869,-13.452056559074247,-13.427439063064522,-13.00431121368523,-12.401144127337233,-11.924493679917628,-11.670786305170703,-12.227098836927034,-13.123962708318372,-14.067217822213157,-13.349924697755705,-13.202678910203137,-12.897013048761673,-12.265601355638594,-12.277922996978601,-13.407366072349093,-14.673025709644193,-16.217179316131997,-16.396320076716066,-16.14393874548198,-15.768854412164355,-16.195340504168914,-14.974851081903108,-13.055611258186769,-12.464497569873327,-12.906772353755244,-14.358999209952447,-14.880598564696342,-15.194006747857635,-15.235600934133316,-14.627690562517067,-14.516637117076348,-14.640050458506652,-15.27667102641
-9.954720607279938,-10.429620237723842,-10.723209480696251,-11.211714819022138,-11.770146240945932,-12.198541509478321,-12.468192413128566,-12.792897534965686,-13.121562844170496,-13.223692498684487,-13.38439792769329,-13.67458107254894,-13.699863016089786,-13.378578197445545,-12.541645186412849,-11.344430680816526,-11.515591578140405,-12.879839429291465,-12.98384922824176,-12.518565206106548,-12.638420429066024,-12.739611994378944,-12.94756788084705,-12.886456772817473,-13.251902321853063,-14.994997523652081,-15.276119607516893,-15.387939210713814,-15.407102628183203,-15.666449380938776,-15.4913131925424,-14.85813979101826,-13.566807445335645,-12.865404301938025,-13.091742750188487,-14.271413728531147,-14.783164728716683,-14.943517022696172,-14.849779462378269,-14.383759361458496,-14.06187804116215,-13.94047456951488,-14.643934387268777
-9.611057517691886,-10.325313125132663,-10.821401499102791,-11.46585390624374,-11.858234222483155,-12.312437118747921,-12.76534035898286,-12.887401160597873,-13.036926744506701,-13.107564197730769,-13.61281759213956,-14.101407469565915,-14.292264900720983,-13.45180331559314,-13.37582457403302,-12.235377316040733,-11.473236881028372,-11.445600136553022,-12.309811780703567,-11.872264272558139,-11.511979085713252,-12.13889942594302,-12.95366294332944,-13.38718043054199,-13.492393189993665,-13.596841202748655,-14.206703588243311,-14.580457421991795,-14.391241713454278,-14.72181149286103,-14.484887108579585,-13.969511103295838,-13.267931937497565,-13.005313131527627,-13.24395618585422,-13.66907669054235,-14.01500335446313,-13.717215593566868,-13.724431833998105,-13.94440908760677,-13.545947005440523,-13.617889212387455,-14.182281798455579
-9.478723065184171,-10.188919355008405,-10.787422031614236,-11.343146392713583,-11.683269705932812,-12.041058494336664,-12.40476972765679,-12.844910933822668,-13.120540206995088,-13.228054661048056,-13.266985853110233,-13.812519036363252,-13.795263419761278,-13.415131054484643,-13.439220876127717,-12.240754838504259,-10.858829442063136,-11.033289362722275,-11.735801392803973,-11.41607285877371,-11.084913392499276,-11.619260054477092,-12.97473896394434,-12.647222093566771,-12.943438341648335,-13.455152150453248,-13.679182625559697,-13.361885734843403,-13.767831351014385,-13.796562778033639,-13.288699532849654,-12.87735462234331,-13.061957210675077,-13.595156293217705,-13.453578371111682,-13.175628086985926,-13.061687469690053,-13.00575742923337,-13.36509838718085,-13.47910316711435,-13.131217845633046,-13.286840039372798,-13.955166969109666
-9.448412803213383,-10.503939967152386,-10.866045175669516,-11.46884971497592,-11.544646125341947,-11.778387245229526,-12.037822914050643,-12.2244554877423,-12.601443939184648,-12.917652592311214,-13.076888096420637,-13.686344735611288,-13.708558401556308,-13.364409408385924,-13.013646531042864,-12.412197911502602,-11.79404282891699,-11.07493002594105,-11.004929259673485,-10.71442304011167,-11.105048263230522,-11.710996752519002,-12.750086782687445,-12.805841344314759,-12.258260121452064,-12.625023320319462,-12.868949936191724,-12.801045673274157,-13.173778301467655,-13.146046978754159,-12.857612832603007,-12.733876281610154,-12.808197214301412,-12.587685789545274,-12.38784281237764,-12.90978804569911,-12.8697212391392,-12.820074803203857,-13.518747348210518,-13.5663982320082,-13.078187191744847,-13.081430220542037,-13.6269490985265
-9.469622408218962,-9.672170258259332,-10.48762006299622,-11.36525168139545,-11.629326622199478,-11.700677635482363,-11.765368694346298,-12.087438275008527,-12.470641510938513,-12.585045596584123,-13.330130103381816,-13.530351139066356,-13.720198103885844,-13.088760682552508,-12.661350368315983,-12.177123549185554,-11.948518221430882,-10.590422825411514,-10.742485115433947,-10.193264694081744,-10.392333342469156,-11.221982223805703,-12.319037148420078,-13.3660153199263,-12.900962696217551,-12.474872055037588,-12.32405632723497,-12.812737474158858,-13.075036849582645,-12.220600639645182,-12.358776399150043,-12.771250017665832,-13.005149058448957,-12.86054281185774,-11.972911619525144,-11.68759648209152,-12.247083925726734,-12.960937800635248,-13.497967719748686,-14.075612430619094,-13.589384562239433,-13.134095311644181,-13.399347214212561
-9.881084678445692,-10.273432039652299,-10.348380261037182,-10.514247642328076,-11.08430115313608,-11.312381181940912,-11.838785327665072,-11.917874702126367,-11.903725137721372,-12.440577209621635,-13.161977745698845,-13.536017199134157,-13.557738529269923,-13.462140254712697,-12.768286592222756,-11.819912815359167,-11.140514531571435,-10.878772750446542,-11.184676477568877,-10.43836697370181,-9.16258883603465,-9.001418077382073,-10.537299296785447,-13.231008707074752,-12.684885592145088,-12.296004828883447,-12.727576526283965,-13.151073219554647,-12.543896515653017,-11.824899643972673,-11.406441680393637,-10.836651791956184,-10.725518344792402,-11.616205808325802,-12.12025767890022,-11.867615165164034,-12.284014737500895,-12.964648669095732,-12.977164031933416,-13.535707530799797,-13.74052446868615,-13.1886095352406,-13.15251807409987
-10.186087689763346,-10.319881204659767,-10.611544591080156,-10.320749157196916,-10.564951783481986,-10.986072291365875,-11.076753800496697,-10.976254832434197,-11.430977342594234,-12.2155315671006,-13.15121308220069,-13.29894046293599,-13.478182763743819,-13.59929459533739,-12.963647347350971,-11.410053087468093,-10.74495743527724,-10.367634758016324,-10.435498785876376,-10.506018564392786,-11.377482146436241,-11.564894594527434,-12.157099461701058,-11.63535466559818,-10.540232679257391,-11.8615450051531,-11.89957802823662,-11.891193370699096,-11.852661931966717,-11.5215425264371,-11.025819122509825,-10.871229129270198,-11.317647018926541,-10.905424235569562,-11.151310119740835,-11.694383297288745,-11.764208639637001,-12.125777990697248,-12.733635002596074,-12.91635415595447,-13.084859266514572,-12.968679870737768,-12.893669122107793
-10.638699668897745,-10.685065502595693,-10.409805746085304,-10.736569454633408,-10.511077437298509,-10.62842255973223,-10.65510671258619,-10.214014595518,-11.437190607689011,-12.245607485266278,-12.90156522170673,-13.22630402577698,-13.589303561463495,-13.285562513326646,-12.98556520273511,-10.799968334655766,-9.996333115334727,-10.248884452568873,-10.49718075554816,-10.589468640088139,-9.774559386113655,-9.90871946372738,-11.555097398119296,-13.442760006402805,-12.95960186296491,-11.82532900790754,-11.786229070982502,-11.627517972856676,-11.637867261991495,-11.05909050671432,-10.280581156815307,-10.00340698046577,-10.011393944667152,-10.658969222192667,-11.373227222206014,-11.303202690723854,-11.984290395432428,-12.654652833674325,-13.412739982878644,-13.302765780720062,-13.475061170161421,-12.74886936507544,-12.71691701288665
