public/json/wind_2018-09-1518_925.json
{"header": { "discipline": 10, "disciplineName": "Oceanographic_products", "center": 0, "centerName": "Ocean Modeling and Observation Laboratory", "refTime": "2018-09-15T18:00:00.000Z", "significanceOfRT": 0, "significanceOfRTName": "Analysis", "parameterCategory": 0, "parameterCategoryName": "Currents", "parameterNumber": 2, "parameterNumberName": "U-component_of_wind", "parameterUnit": "m.s-1", "forecastTime": 0, "surface1Type": 160, "surface1TypeName": "Depth below sea level", "surface1Value": 15, "numberPoints": 4800, "shape": 0, "shapeName": "Earth spherical with radius = 6,367,470 m", "scanMode": 0, "nx": 80, "ny": 60, "lo1": 109.0, "la1": 20.0, "lo2": 116.89999999999955, "la2": 14.520000000000117, "dx": 0.09999999999999432, "dy": -0.10000000000000142 }, "data":
[rows 0 to 19 of 60, columns 0 to 44 of 80]
null,null,null,null,null,null,null,null,null,null,null,null,null,null,null,null,null,null,null,null,null,null,null,null,null,null,null,null,null,null,null,null,null,null,null,null,null,null,null,null,null,null,null,null,null
null,null,null,null,null,null,null,null,null,null,null,null,null,null,null,null,null,null,null,null,null,null,null,null,null,null,null,null,null,null,null,null,null,null,null,null,null,null,null,null,null,null,null,null,null
0.9652395703809812,2.996275272280913,3.0650524760819904,2.13750606414172,0.8178311748989455,0.2310887274745979,-0.21425767846294963,0.08555601632060444,-1.4056290297478422,-3.1984377845860292,-3.527494648850115,-2.969304999443769,-2.3675427513605842,-2.273139936965798,-2.2732656876228963,-1.8464557849177858,-1.1872698065360652,-0.6739003640381102,-0.12950382854091586,0.1824017568759015,0.5408933300002197,1.6083158125466908,2.4892674097784404,3.0171823845063344,3.619095430587115,3.757335676571955,4.215911674563059,5.518105250167427,7.076376319829044,7.428921673688286,6.805340623019459,5.608005314561409,4.806201357218292,3.8673741350635016,2.0995656292148714,0.22219378367439174,-1.100455288643041,-1.760153194953549,-2.2526041371720167,-2.6576535988245955,-2.345102276755787,-1.3863266813628143,-1.1110434852378783,-1.0388436920454496,-0.6479027512313521
0.8958886993666256,2.6230111199432775,2.368179283395079,1.7491045765678706,1.0289852017690422,0.9268128011275298,0.5474265374166069,-0.5508630248670139,-2.592727510542018,-5.202382044338413,-5.107281121638959,-4.341415655883129,-4.107491424726988,-4.209979773561027,-3.7212776566268633,-3.3293272784285888,-2.2011332227959794,-1.2661677369793445,-0.8557344557850983,0.2969934973508718,0.15996364662776408,0.649412873536227,1.6851515667681491,2.573601993119774,2.7854130126267607,2.419371786340061,0.8660507736607254,-1.0020413058607855,-2.3803807955715537,-3.3853965068226857,-3.4814039232395495,-3.5318259274415893,-1.3820383780634198,-1.5986616099146174,-1.9463601836071351,-2.847436320052648,-3.0851650049981476,-4.161421266311876,-3.7308360948096437,-2.973069772388643,-2.65602879874469,-3.542783281926226,-1.56501447561571,0.02891474214722902,0.9511155673742099
0.376113335396,0.3317106654789895,-0.8752216299290774,-1.7508613970468785,-2.3174865609418607,-1.8065048484669508,-1.4389129426511866,-2.607071877469027,-4.158697785088979,-6.217565874702716,-5.736230329838722,-5.0799800408455,-5.2652889198648225,-4.890632174900829,-4.103961381646388,-3.5908419011746675,-2.8238052110631626,-2.171098849372212,-1.8578507702172473,-0.7761284698469759,-0.6551709681603493,-0.8038910714995984,-0.9436736150727922,-1.3300713644656559,-1.0803890675618366,0.229169972932444,1.5132692078509429,0.9721913264103257,-1.7926293450001096,-2.8478362816510923,-4.260630036977529,-3.589131177584779,-3.132181376401423,-2.4068574617550014,-2.837940521492707,-2.894657662009166,-3.6196258107686536,-4.63859291573667,-5.260452834855029,-5.14190137169189,-4.685495683163684,-5.716140706683266,-3.9678051185021213,-2.717358942264698,-0.7076479955239817
-1.938116534636171,-2.414180497846644,-3.089190007291366,-3.086704523939304,-3.085293930652398,-3.121671552220192,-3.524474976156177,-3.1882563966887156,-5.2913255725935855,-6.118908805810525,-5.747438438001438,-5.327269858099248,-4.709185152914751,-4.039458654922718,-3.6041976759959424,-2.8833907905226788,-2.2707673471536522,-1.8911050570116152,-1.7156739827997691,-1.8556432021660665,-1.912766215835529,-2.6220290931878556,-2.7208154068692036,-3.1932636051993435,-4.0221354868896135,-5.308254466862201,-4.3870464517640535,-3.326153042280689,-2.5535741550253577,-2.0996355608621995,-2.7743451619003165,-4.906911472299961,-3.28886960636959,-2.435386720415396,-3.5761392854416143,-3.850343886226125,-3.95703892188372,-3.253667072527077,-3.21440439701132,-3.015963619122136,-3.9631185832527525,-5.644827750661909,-4.372925165148819,-3.102742044703469,-2.013147151622495
-1.9348624165906403,-1.973443399132121,-2.830225095191697,-3.5143131101839176,-3.3360674626426854,-3.141800009398672,-3.4198270992787188,-3.6310233309739113,-6.185716779849322,-6.1625962212470125,-5.5485666979096715,-5.094361339302485,-4.521901407074649,-3.9531622345690978,-3.1152872212142952,-2.504165106924256,-2.3157525438988165,-2.1608296936225284,-1.8447077802710157,-2.6764387878006923,-2.7700059788364264,-2.968290588107675,-3.978821190379935,-5.461363582482875,-6.185718736461526,-6.191158975730687,-6.201197297942471,-5.843895897541415,-4.7369317082119995,-3.8522953930446757,-3.1723902218228384,-3.413376497118967,-4.274647290903304,-3.233446866415239,-3.78773217911311,-4.308950322734089,-5.521427499679168,-4.602107030962435,-4.621651522496838,-4.088804409157055,-3.610831830836479,-3.089274939725132,-2.3085931666596466,-2.262449864584458,-1.8748925110539898
-2.5892626759202146,-2.7246765454458055,-2.923393711085941,-3.7287278105685213,-3.983030539338768,-3.3688699293284587,-3.16152175941189,-3.096249793601863,-4.931649105637455,-5.339539492846271,-5.104638565714675,-5.220137786818638,-5.169891460709503,-4.62217357426459,-3.769395387415008,-3.2054711030077128,-3.2033529275959687,-2.805677328491249,-2.6749132752385663,-2.3375611665389213,-3.0576981980138456,-3.45396843410472,-4.639481968116537,-5.720843582861543,-5.253268270783812,-5.457800107529373,-4.893844111865611,-5.543622129213085,-5.442580450120949,-4.476912157421711,-3.645574071046802,-3.5667292396076,-4.006060773201275,-3.9478211022929592,-3.8187149389257877,-4.634873178399261,-4.645907998968374,-4.74982430261832,-4.49126647269139,-3.8607495293617013,-4.062061779866317,-4.196362266610284,-2.7097123850757643,-0.896958365660226,-1.5192673956478548
-3.060627755587278,-3.4263681614963093,-2.965275509659718,-4.247056958418593,-4.832404645759821,-4.480831740310792,-3.1570911879367447,-2.384424996350106,-1.5552449097124112,-3.604130391408258,-4.097646944312752,-5.005420939083179,-4.745458759847215,-4.054033832994387,-4.022285932735285,-3.9782612985284977,-3.115627538463836,-2.4085165984976418,-1.5662018936148194,-2.9685152604012663,-3.31192590098087,-3.945060393574387,-4.469570621515585,-5.91825358475773,-5.138687180450644,-5.247858317302062,-4.340712298951615,-4.309297374539499,-5.2216626701711375,-4.580345855227285,-3.767739849269897,-2.8462112902404444,-2.6102946275393526,-2.845310711794362,-2.820361967700792,-3.7164556197386944,-5.068110404786115,-5.851317980192849,-5.444450800300283,-4.887088421735697,-4.634421348999648,-4.136716078728416,-2.3622823507700694,-1.2048603320388238,-1.1955500941296107
-3.5399636867028024,-4.098647748309866,-2.61800071611609,-4.861809692072955,-5.918776307376151,-5.637233235233508,-4.737191511123148,-3.2544085301451418,-2.2427444522572952,-1.9564576794315838,-4.9735802318398035,-5.5152776032626525,-4.924328861466567,-4.441117724293612,-4.2202789490359285,-3.4367828893161088,-3.3497550267026632,-3.106949456407233,-2.7049741372734806,-3.0650794356204054,-3.8885099322629313,-4.082000306617015,-4.127669916536926,-3.0654685794795182,-3.2226833067677427,-4.419212819640526,-4.974926979609945,-5.404028247879719,-3.791364464643512,-2.724211360320601,-2.8432515232329707,-2.497304740175096,-1.8902204716929087,-1.9997140883899125,-2.1035728186173346,-3.367933334635363,-4.903364304606059,-6.561020584743172,-6.429685848339071,-6.089675850460522,-5.935096533727717,-5.531638149772576,-2.904157587560956,-1.7038569354178514,-1.4302031816286387
-5.457705870233062,-4.373444744423079,-5.235923648965786,-6.484931378245421,-6.942163244977506,-6.942868984619816,-6.2646322810341495,-6.455693572313446,-6.969883091291141,-7.474702031432252,-7.359439985989444,-7.014842747240502,-6.345387626130465,-4.918697349817985,-4.587002259743633,-3.615716318099834,-3.2429189960070275,-1.7979965693766233,-1.833336040622198,-2.121776845099434,-2.1260723999964966,-3.448806260613246,-4.1701514994477415,-2.7348781424004227,-3.140756458165076,-4.580354456102691,-4.187607390036844,-3.8356059743629185,-5.399890077141734,-5.2132307370712905,-4.124001753835764,-3.376388549274082,-2.7916431276499987,-3.081268646272382,-3.066233630826737,-3.6970056964848643,-4.854778771052657,-6.376906339089388,-7.049739827690996,-6.82695742047709,-6.939005326887403,-6.371942168160294,-5.411911364766278,-4.694589643830642,-3.3521045467553443
-7.998780062470985,-7.257444552411461,-7.080166762876128,-7.536633564142788,-7.699117391892639,-7.794309724652821,-7.710621526690661,-7.42603651328686,-7.95918445408597,-8.593045237977956,-8.42094897767101,-8.080346618726619,-7.331649819745989,-6.6772146018192045,-5.523148126901579,-4.3470309484081335,-3.0544745324401195,-2.2294370287933103,-0.8917297570736518,-1.3863761276323603,-2.1547380973712955,-2.9480631863274147,-4.6998860536716895,-4.323649411612001,-3.9499990526301603,-3.373448962314897,-3.92781804830593,-4.48291781937033,-5.967320720826167,-5.6412480950706465,-5.882828541003495,-5.974804928041767,-6.310922903252815,-5.495195816569233,-5.309919352127231,-6.314891532514293,-7.292693891759388,-8.284235477470931,-8.925766587259004,-7.821528942097135,-7.677523110223047,-9.772973938187054,-8.799189271572667,-7.16541475767419,-5.1263093145767575
-9.781424625384531,-8.803343594937868,-8.07768192517543,-7.963060418093576,-7.773144841158425,-7.6248231466529495,-6.849517697058609,-6.192864097897604,-6.859330006992623,-7.774245701954935,-8.329550876485865,-8.221938797555774,-8.001232302674069,-7.235361176533906,-6.635979792945378,-6.436662185462575,-5.326778621243912,-4.261841786598596,-2.4097446658145847,-1.0729110842655194,-2.889340440912798,-4.387746774663769,-5.234938324445603,-4.43092444799772,-5.982077667470638,-7.3574541180775865,-6.708220624646121,-6.435624928669883,-7.33776337906575,-6.540446435570543,-5.929894610385402,-6.698748911766349,-7.96790471127145,-8.280265620951306,-8.680532237394097,-9.101495234211253,-10.034212975538571,-11.479386947490969,-11.7187214575799,-9.949286595414685,-8.861590772124616,-6.6999888308969,-9.398025264282271,-10.20703557354282,-9.051914704855612
-7.871854917339148,-8.389267887682191,-8.14801306235802,-7.987438253038431,-7.730315819751411,-7.193449067195343,-6.6131780302231045,-5.650354249774565,-6.430918002232705,-7.106432785889728,-8.126492416623838,-8.480340054048535,-8.416126048568891,-7.622792583392254,-7.047044242527253,-6.449243033649879,-5.962446712670778,-5.800849843614822,-4.514465220972542,-3.862210737779512,-3.6844546418922244,-5.979027754061101,-7.696227433329703,-7.173970507111519,-7.407755117643739,-9.7659442318152,-10.049072275360384,-9.35263089124673,-9.632379033586313,-8.945278201541448,-7.664835341327964,-8.05977258805759,-8.807469059372709,-9.092697757780968,-10.308287233229962,-11.648312958139448,-11.038650633421575,-11.992742844773007,-13.963383332306753,-12.57754688276228,-12.090182746118437,-10.288634397941745,-9.346193624930592,-9.409339426102392,-9.84117938083152
-4.14201411170076,-5.028462469248556,-7.351052009374776,-7.81453271487084,-8.076154138066096,-7.297567550616037,-6.427604472371847,-6.375031664997977,-7.2981699441999,-7.4809432297718725,-7.882887022981535,-8.305162267173877,-8.176740235429214,-8.019128215058696,-7.520995343033144,-6.843877610586761,-6.065769183040013,-6.021805726753495,-5.812076037871082,-5.753943661090072,-5.831114794580432,-6.557501265604512,-10.699495124072486,-10.137797995034935,-8.653141759102022,-9.606104007480292,-11.478373362657658,-11.847207924270688,-11.455727036051963,-10.471021844920218,-9.091041518404241,-9.313524668037584,-10.124097119590603,-9.542079185889252,-10.222475517641934,-10.035987250659499,-9.618936946586173,-9.69762220238271,-11.759863954796568,-13.384193360637564,-11.487187341734598,-11.13353185569568,-10.548178134270369,-9.707442397329297,-9.327458315545128
-6.845034578989871,-6.691778756635705,-7.800272280811077,-8.32513413290966,-8.438647326314086,-8.6971638835761,-7.684100584349266,-7.547732665972993,-8.478368648375584,-8.775753287664621,-8.417483365600335,-8.064837710708545,-8.477202848754317,-9.360854460366275,-9.244642365798036,-8.667296733795203,-7.18402543406952,-6.909217969302439,-6.715957856233231,-6.581269895658415,-8.450071229033492,-6.43311467574474,-8.672768167577713,-11.518600135089452,-10.810801697778132,-10.776142455824555,-9.317933649410683,-12.12060775822837,-11.22897115203455,-11.851059976681439,-10.629169918464024,-9.76237942106718,-10.367846877157211,-10.47999644697527,-10.612535081626472,-10.236882409086483,-9.294755694573558,-8.135861958297106,-7.886068487597282,-10.079583699021155,-10.884827809873105,-12.151919710611068,-11.564929355471689,-10.778108940261752,-9.730120049259915
-7.2821625708588815,-8.17589099016542,-8.783570325891247,-9.256658110818933,-9.215137788979657,-10.13400327685737,-9.470611909507973,-8.862061930838475,-10.397938231574956,-10.10622822719496,-9.119695803398184,-9.389016358456832,-9.871340496006038,-10.414731682291492,-11.14773731847257,-10.388236590008738,-9.394188770152452,-8.440362654050523,-7.634151084473286,-6.609040666808635,-9.133175792287457,-8.4549083199509,-5.983900411603845,-6.86167412128718,-11.9253909397928,-10.511621797244029,-10.338646641437087,-8.019327178311551,-9.947986712979878,-12.547188261947113,-11.653189773770762,-11.144224469530377,-11.322038285141554,-11.928410862574324,-11.675092494045531,-11.305066073226849,-11.039937397731176,-9.821471315920615,-10.94730288098452,-10.358785938151842,-11.105516131747224,-10.986328914405382,-12.651447348276097,-12.189421494718314,-10.491440526152827
-8.513979364444811,-9.337167855400391,-9.806989401335256,-9.950738556323472,-10.639484702380242,-10.550080332937572,-10.950716678708192,-10.398239047327948,-11.166122981529007,-11.11242647722996,-10.445809602985356,-11.216326759212578,-11.253936764215549,-11.598249413906778,-11.831131977009969,-11.415607465582124,-10.779446459915485,-10.06972793499046,-8.98640841231537,-6.215079446150354,-7.412976983910215,-9.270460304926287,-7.759312556443517,-7.232357772704257,-9.108825185178006,-10.623170920493378,-9.522009789178966,-9.337862810238224,-9.502803336875019,-11.466708528985993,-12.958602934334111,-12.428101472423624,-12.08820230060391,-9.272706142613629,-12.252367521615982,-12.282567109504246,-11.942641354516807,-11.684210332740452,-11.523088253003559,-12.022500311949775,-13.344005501691374,-10.583747940710698,-9.97545874411719,-12.28979565525449,-11.125086378726335
-9.48865861932661,-9.937564094657112,-10.709321850348292,-10.774047045393985,-10.657051211146749,-11.890132770171833,-10.73466433994016,-11.256054906482158,-11.120834088494469,-11.812914600225158,-11.570251793491263,-11.505087247578407,-11.766919465880875,-11.768847315640796,-11.872575610331413,-10.451289306110066,-11.02426317589641,-10.091311816855288,-9.715190409025256,-7.660340824322645,-5.105145651369016,-9.010725537529469,-11.717342533514332,-9.974284804066311,-5.2980581328477125,-5.096874392160769,-7.892580035369672,-7.723829898506966,-8.000266614299761,-9.063347723378989,-13.345437109241804,-12.94177714805879,-11.635802368372545,-11.879252554146795,-13.09281684737285,-11.798726648469515,-11.50573981900467,-11.772846637174824,-12.254340866773743,-11.090416410025199,-12.973214364936625,-12.204391012196975,-8.993854132919095,-8.186550279387436,-9.137765377322312
-9.626607911222573,-10.404707023240194,-10.323017061936408,-10.557761258347016,-11.150421696402098,-11.26803774218298,-12.277544023747481,-12.241293635451534,-11.975878359394603,-11.75259381139697,-12.04754876720514,-11.627045596551067,-11.93925921157023,-11.099321496924935,-11.203780528729247,-10.296555321601,-9.670911806046123,-9.023473407322827,-8.189481412698543,-8.054442175172605,-5.021551573130543,null,null,-7.697417935772689,-8.630451479146876,-7.4983941271335315,-6.645949723160163,-7.337590039498909,-8.794266287826694,-9.60666961257424,-7.60891575828044,-12.425138168131223,-11.494276482417282,-9.845528759004024,-11.216966221016259,-13.383969759609943,-12.154431040942546,-10.673915560449261,-11.877151773733031,-13.310681619859793,-13.791198679754254,-11.406669389159198,-10.410886289293806,-7.235308852543163,-5.555145624242765
