public/json/wind_2018-09-1609_950.json
{"header": { "discipline": 10, "disciplineName": "Oceanographic_products", "center": 0, "centerName": "Ocean Modeling and Observation Laboratory", "refTime": "2018-09-16T09:00:00.000Z", "significanceOfRT": 0, "significanceOfRTName": "Analysis", "parameterCategory": 0, "parameterCategoryName": "Currents", "parameterNumber": 2, "parameterNumberName": "U-component_of_wind", "parameterUnit": "m.s-1", "forecastTime": 0, "surface1Type": 160, "surface1TypeName": "Depth below sea level", "surface1Value": 15, "numberPoints": 4800, "shape": 0, "shapeName": "Earth spherical with radius = 6,367,470 m", "scanMode": 0, "nx": 80, "ny": 60, "lo1": 109.0, "la1": 20.0, "lo2": 116.89999999999955, "la2": 14.520000000000117, "dx": 0.09999999999999432, "dy": -0.10000000000000142 }, "data":
[rows 0 to 21 of 60, columns 0 to 49 of 80]
null,null,null,null,null,null,null,null,null,null,null,null,null,null,null,null,null,null,null,null,null,null,null,null,null,null,null,null,null,null,null,null,null,null,null,null,null,null,null,null,null,null,null,null,null,null,null,null,null,null
null,null,null,null,null,null,null,null,null,null,null,null,null,null,null,null,null,null,null,null,null,null,null,null,null,null,null,null,null,null,null,null,null,null,null,null,null,null,null,null,null,null,null,null,null,null,null,null,null,null
8.444280745731543,10.038616696996538,10.243517903838038,10.325998129352808,10.849174157003644,11.54710405572226,11.988112564950177,13.795990339332754,14.32832382717968,14.139284236440753,15.496334071410487,16.419647069689642,18.20407720951934,18.212276807605164,20.08520616899168,21.22556875006174,21.72082282480158,22.232242045705753,22.697878712765053,23.827659005848115,24.30821025371109,24.771004180090223,25.036491256241614,25.696711769688292,26.385711402692657,26.218102932825374,26.181853595796163,26.695903690072452,27.327922379878025,28.09808521307809,29.129810526044388,29.689013681554176,29.119019774542593,28.167645241999764,27.945562588445096,28.337109451331116,28.338824065569238,28.122997408177635,27.45385726977386,26.776867755334706,25.58274667866275,23.89968430314171,22.314890617091145,20.63968521707958,19.055116082813814,17.652649205258992,16.05937498832252,14.083844915651042,13.8867162630203,11.657671188382604
9.581014860514813,9.851920140035833,10.446355052104852,10.344209996623315,11.613489535651702,12.472520401081276,12.752168981188973,13.24139785236517,13.11810021766258,13.529284566806146,15.923290247043422,17.233374395705713,17.939813850919247,18.043254643415363,19.909299681470955,20.99224365860641,21.322839217621468,22.57356580798647,22.941914827924833,24.039064794116097,25.23263493377617,24.944894078351435,26.340224824747075,28.453170702020657,29.394263962687912,30.830490472281802,32.311346887882536,31.723600596040086,28.0809781513845,29.507429585618084,31.42542613889969,31.62827209903655,28.872828983599305,30.364878507502098,27.286478357631925,29.391310417846707,29.228043447393503,28.274409675663083,26.842251393291207,25.362470883048104,25.546523233257403,24.22802743641043,22.428349764216623,20.72967114233936,19.080547203174067,17.307799795265705,15.873494084226788,13.995768745191654,13.359709742797744,11.775416765579685
9.14050972139303,9.876208600180442,10.35777513367872,10.427644241965735,11.262939057578464,11.796604206895733,12.138651051547514,12.199768765344189,12.325990236567687,14.890825689741668,15.881127472164067,16.920038579525357,16.767482575769193,18.829466836588928,20.70496942185281,21.429698984106395,22.894465588030307,24.041232511523656,24.431076245400494,24.4864875193161,24.291018433046155,24.866527395319395,26.328527514727817,27.66296771509494,28.574434894017898,28.561904233790948,30.99351056123856,29.344674567834353,30.796443076963275,30.461701522626296,31.0446221268851,29.19317086799981,28.74215849572075,29.407716772116668,29.17289316777463,26.615614288720764,27.691623954657313,26.991811115623427,24.238559202875653,24.86477365094162,24.095208971118144,23.33177482189688,22.21861491368224,20.447635170566127,19.158713545650226,17.317795374178363,15.617924281544617,13.852123905424412,12.90413570778713,11.525593328174592
9.499452554286009,9.72567295064416,9.898532375730227,10.254935475025036,11.065466793238205,11.752210953457041,11.703047024683542,11.262330025887056,13.30121753011585,14.223599868529297,15.188306313547951,16.319238111456468,17.520435155141623,19.835009694634035,20.00265972572998,21.747537661162678,23.86418339897603,24.08804907873254,23.692068273855185,23.420113634246952,24.76772418772792,25.89647245467541,26.472953699873976,26.895545288136248,28.084562985005423,28.713168490257697,30.205568330851072,30.769064916591464,30.306162118437513,32.1615610350311,33.75058183793006,28.594556218164243,31.23999984995804,29.698853931100302,32.144342152256264,26.579381032075823,28.507246124918186,21.982686834584968,24.863518641328522,27.47173198970777,20.32409639596915,19.69380684935529,20.620927880862464,20.408379309256368,18.545752100992182,16.897720113630847,15.296282919332377,13.569027613656383,11.956009924925834,11.359110569801192
9.533302075016204,9.642057452674866,9.831875588711,10.222193355198185,10.835507539272214,11.216448653738365,11.827279461288256,12.509602830675345,12.926169541006049,14.06307946769635,15.095912612472628,16.088653916026697,17.925595430234935,19.26757554003392,20.1813780829331,21.697614817425677,22.822898094089098,22.167014184078223,22.875936989708656,23.75221480446212,25.067139779300916,25.837887599470733,27.91498044569557,28.057579066377382,28.70874303144954,29.65393437911323,29.631109956368427,30.576637213373434,29.837059151699837,30.474120006653642,32.62287313474595,32.54130341666485,33.17533021620602,32.84616782830749,33.140876514751284,28.038876011113935,29.777659226586643,24.931665333876172,25.617409488793896,27.399499416788046,20.61943865407691,24.407353876520553,14.409702126343388,18.483479754500166,17.29305732688067,16.329945053254924,14.783261479697556,12.871154927380985,11.273829490140292,10.530593266257513
9.29417910395345,9.32111402823263,9.679135034504549,10.269767803346362,10.485792085284308,10.723417589504633,11.627373196662251,12.103307521394283,12.545726791293843,13.860346302041803,15.1956337973206,15.629809550990863,16.66997133835656,18.7732322798069,19.624565749403203,20.712212068765012,21.572374351062255,21.543595772119637,22.102772572611077,23.720791847207014,24.66265168552873,26.632140230646165,28.326967683006348,28.063748073566103,28.104119530218508,29.384861092767018,29.579510075249004,31.93724334855908,30.153413757844113,31.5459006127752,32.671999491971434,33.13155489256589,33.76877450854383,33.29134413861498,32.13953399770414,30.350004110158718,29.088639226519895,23.692205119006246,29.05563322419054,24.946417409686486,24.334411843184427,20.50006959761553,16.71922011505273,17.455821393866938,15.516618122904491,15.378975608911855,14.271675957308883,11.81450071504274,10.5681144245804,9.418734757516265
8.988705488074675,9.145400390547822,9.141886192730441,9.731966044991827,9.997748539149333,10.753017426769913,11.609395552710891,11.593255276853021,12.263627970702045,13.505257842338686,14.635973860913984,15.510329326751826,17.82734142605727,18.35172728875734,18.793173631189962,19.922799852854784,19.533605811304767,21.29433806481493,21.558482135623255,23.455323438939054,25.262983467631443,26.26311951124309,27.22194788603902,27.62069729344075,27.923401076163838,28.916435502261354,30.259336061127346,30.873865813729488,31.567310428037075,32.149606730204674,33.10042318166768,33.166155511677786,33.39839451480532,32.932284384825145,32.110637485581165,31.252818811291313,28.52244900307175,26.26767890923462,26.020808071470732,24.726484044750972,24.7575275674442,25.391117833622406,16.44066010139707,18.306535830931402,13.138798044147926,14.062080407499138,12.963587324260388,11.722888161414394,9.063606280059547,8.587891333906144
8.690593950150088,8.500674971880336,8.923390954769747,9.100557652150895,9.536854178194151,10.547536608254575,11.283362235942707,10.993157153730461,11.901568564787027,13.461575191675797,14.858424194559404,16.78309423521771,17.576442158602514,17.981993946117015,18.496248668927684,18.63264044845088,19.71746853629638,21.171066715874062,21.479431529645787,24.198976671376904,25.800024053641884,26.28087768481149,26.894655548641317,27.844330255886376,27.609245582953573,28.981039415687896,29.470167695451963,30.19098225625701,31.15645380352529,30.658998548065163,31.4520790220474,31.614527128774807,32.44999578853492,33.31268279760418,32.02237585457437,29.459451034691995,28.93421794243096,26.295278726757612,25.055650293705632,23.678396761232563,25.666660300217632,25.722642500610576,15.574009797248682,16.164681309731805,13.734026151883533,11.488882998240488,11.813683954802519,9.919270735462753,7.949854647337597,7.165393054735252
8.192418197274053,7.703441355302394,8.286883988266833,8.564610773835195,9.060056031110532,10.019350905245858,10.798345457323697,10.656388532930373,11.554043546196672,13.628680047376319,15.44336469284943,16.991656759752395,17.1763604812734,17.679158590331095,17.642310221960447,17.58628185885997,19.739048003971924,20.274744398042454,22.589077072339656,24.362398648896605,25.158710993935706,25.567327215885364,26.463720298727267,26.61953140803827,27.26647349504601,28.52771664270272,28.764459447453987,29.632946373675047,30.176152903220814,28.668228955419018,30.219156475197305,28.985386540144386,30.19461686914535,29.990633221632677,30.658353304795327,30.744875583030442,29.103578282103093,27.57360436748446,25.02765233761875,23.570112989617577,24.132644052119478,22.31020881757365,18.473345209387695,20.51463007950743,14.266545752599681,7.37575441972105,9.622619734317041,8.793123276017901,6.379411941130785,6.300477625234222
7.445030664832519,7.061768757359617,7.595734298233739,8.137191827548357,8.440923494188853,9.530946511485332,10.123242907234573,10.722395350418887,11.208972238035233,13.75193832939046,15.328284314415273,15.995038980280633,16.446482169538218,16.36001040792599,16.210850014803142,17.72073916553196,19.230827795137497,20.685335227595687,22.25928980808792,23.68097949919829,24.27712961324323,24.68607932592245,24.85614196671083,25.442505937625004,26.115342487709267,26.918377281793468,28.105186584858927,28.053648707989286,28.360648286102023,29.38188342805439,28.84709350657323,27.52416852487583,27.25300460366987,28.427027458760833,29.693872892392832,29.22245926280251,28.447912504668277,26.107711814157867,23.766245037679823,24.30513862722062,21.848549464416223,18.702030101025663,19.958836592723383,22.047803029899256,10.25417795584489,7.812968936288772,6.569858810711396,6.090533335308266,4.981385715147694,3.973868936333482
6.615285416811622,6.408228146814224,6.821029382375942,7.782993023843931,8.298375137088572,9.435545499284636,10.043281561194064,10.705619059048447,11.965163864524627,13.006273809351654,14.102760533469397,14.579203437963013,15.162123382196516,15.142282562492511,16.273976809662848,17.248122437797207,18.57313078724682,20.151436705318712,21.68834071191934,22.636555828129808,22.174020829534726,22.949251753590563,23.450872134227755,23.32144745399464,24.539480439996257,26.074189690792505,26.147105358219996,26.111328897664713,25.842392603628042,26.67279579581036,24.815337366804748,25.68334115460899,26.579218001012375,26.61566431918474,26.559147028638122,25.536282245573727,23.275673559450265,23.168497195593936,22.962820619180675,23.561126863477952,19.490441225360325,16.281030775065698,18.64093530576358,14.055194743417932,0.6151308690709514,2.9399970667654682,3.575499411070393,4.054344620733606,3.186954366434235,2.097811279037121
6.048409488045827,6.01238889442742,6.369852294859602,6.930038253685841,8.017750636562106,9.13998620890103,9.662137153185277,10.746113099804885,11.889586319534082,12.040760959046697,12.631299859709033,12.855629801658845,13.711441581588799,14.21549303546702,15.648186258253194,16.364577989403266,17.99218429478342,19.37832560284187,20.010107449895905,20.221013250764646,20.51136623096391,21.711731182512874,21.9389435368326,21.390118313762567,23.149189421585696,23.53996590217948,24.65076456914751,24.45622954682141,21.29078956939096,21.071822570601856,19.85286613205863,20.84661531836306,20.91990455539506,19.71907378272151,16.38393088126968,11.24002392598612,12.342490335898292,11.973512019925105,15.023885023393373,15.92078955537566,13.438245127940261,11.876490959089697,13.27648282019819,9.83880671633316,5.400038143463081,5.344771553798729,1.8865122971601378,1.743997641722912,0.5966766543630466,0.21431661025439405
5.542019412414206,5.6551761453079585,6.082295465474474,6.780922176428625,7.839999943574567,8.791234130746087,9.660593232156987,10.693235976654758,11.010150638418477,11.103489008688916,10.909778732455969,11.403358616764155,12.900737205031474,13.324404363250657,14.363609251888628,14.973484722595758,16.811833652799606,17.583255135768177,17.616891899652515,18.626090035200725,18.268670555039417,19.54678702913739,20.617950223484627,19.64286859705848,21.764801345644635,22.702958571090036,21.053228376475353,18.102189081952012,15.913550639860718,15.154048303941348,16.27122144368952,15.578687000111904,9.275483490135342,4.5375260996881135,-2.3386077213719774,-1.088430184941425,-0.765170180111483,1.3233064190833412,5.657859923989553,9.099063289903278,6.7634356941589475,5.672151861230198,4.2067403944856,4.9375309839885935,4.410235496274393,0.5966976943392344,-0.5799103236229616,-1.3584203820365672,-2.070698106957595,-2.9393708833003647
5.043135168376643,4.951421097120137,4.873967558621916,6.591220329855629,7.439629463954274,8.475029616704594,8.790804249803895,9.715275418517031,9.586459979719274,9.579178163666317,9.446983758476156,10.712601722627076,11.081592334671067,11.544596806162057,12.74951959372985,14.327292705985919,15.016658225848108,15.060349583174622,16.188641231255474,15.59845548033673,16.63622285296922,17.04693021494054,14.355721462045612,21.346555322246235,19.86726571900903,15.089587317213757,12.832813504807111,11.3921616644381,11.013625103866634,11.733537456586388,12.538375587981578,12.195200060657774,8.184035959214844,-0.5072938926496725,-9.377482914131948,-10.637951711957959,-11.21432384539008,-8.256110992225661,-3.2813429288719473,-0.9839872179176608,-0.6290564234298521,-1.2921606987844962,-0.8081951954541342,0.09236896379870851,1.6397961246430839,2.113034691277463,-4.377561442040129,-4.3802301309535245,-4.570800188745199,-4.429996463982119
4.766036893104299,3.869048038540413,4.5290362201413314,5.7161705693301466,7.045927259273475,7.6728517861325445,7.776673030262084,8.336198349489464,8.222450210626596,7.725294990630611,8.964940741730981,9.66064298882098,9.940984455072595,10.596101992577754,12.16406459223602,13.13626736256727,12.82065314984854,13.623916204969738,14.213887944663558,13.969179944438284,13.773299047148253,15.833667525810878,18.353959978550662,14.991869036602266,11.509927873489504,9.525718018283522,9.066360700461631,null,9.381158540011468,8.775209632221173,9.111842608378552,8.652221537017269,4.529845830669654,-0.46913391566611734,-10.650921906634464,-11.118657221253727,-11.43521450651744,-9.400456780636837,-6.8277028216856595,-5.096019693952685,-4.263278571363713,-3.8176211496985006,-2.543917892124666,-1.8970719215128027,-1.9130917202793896,-3.2137364104465904,-6.5672096452130795,-6.1991993929984694,-7.110061113052515,-7.074044105461496
4.140657419321309,3.0301361973618715,4.043276366124306,4.812893460136772,5.624226019756535,6.3620584447944655,6.445365843863062,6.956960120174368,5.950328992137428,7.134183979498462,9.082961618909934,8.570407246802672,9.279412686870783,9.973835796489613,10.719691735883973,11.071546921219738,11.36418863996549,11.935067339040472,11.820657555722388,13.178807378083155,11.211525982151027,null,13.637966339019266,null,null,null,8.185627150796744,6.849722864256946,6.528152814014824,6.380839088478062,7.167514219053477,4.3826275298890724,1.9959635049370408,null,-4.855091053275525,-10.516746113449303,-10.804740165901192,-11.496479308740097,-10.724998656403079,-10.243905406503861,-9.596925716859563,-8.349806340755233,-8.22083198485695,-7.22051746436314,-6.763493005657608,-6.662727583152229,-14.478823289132846,-12.663458246349299,-10.41582812961192,-10.57446151818465
3.7784870212816637,2.653265012297474,3.240296850771155,4.326796416020801,4.906968647944678,4.495346629200623,4.92467625823466,5.749038812157806,5.633286562925907,8.075414580064457,8.71948796248904,8.157639246456615,8.271994046782964,8.544689968427988,9.726975878232238,9.948709560372114,9.783963517941118,10.410044804107917,10.913950268542019,10.409048090475192,7.741870529293329,null,10.850370426807759,7.056399667394083,null,null,7.05928689628541,4.845357511134994,5.788931106084496,5.067687787942106,6.347128961746462,2.8635178204944323,1.5067022961190593,-1.9603308289556844,-2.464502088070929,null,null,-10.699252683539399,-12.011402736706614,null,-9.239200103773666,-9.340511013431517,-11.333056381927246,-11.662558999031067,-11.502003431782072,-14.04855923000068,-16.14084786359204,-16.23466340701392,-14.368533312313104,-12.994078798244328
2.5861755210301944,2.8981933262764894,2.6893824393229537,2.888225935125309,3.4130690311988534,4.1885389818446015,4.174310243922222,4.396040260616243,4.983142253053067,6.563269445066426,7.804021013989374,7.012291865198977,6.924110808391529,7.935950142152372,7.997232150261681,8.972244130066827,7.907423380371142,8.934391700650883,9.756715018859007,8.177003998469765,6.566183741841005,null,null,null,2.219933738227947,1.2069547348441565,4.813105371016369,3.6904333588089178,3.412750219473523,4.488686430731181,null,-2.0200928536546465,-11.315820916590443,null,-6.752302651254104,-5.668451926983694,-7.026793799767366,null,-9.976314266117205,-11.782150508907643,-14.209809337812809,-17.941373521065486,-16.3569073114401,-17.605315716128505,-17.30367657265588,-16.24905056514161,-18.41613111423845,-16.900806995318906,-16.172129748390635,-15.24288650139819
2.1377763021281675,1.791463400759609,1.8710793521538487,1.9276222428515035,3.1440377453887995,3.778617379379777,4.1760415055777855,3.6560171533232744,3.3397459645931917,5.4789709250243055,6.564102217902551,5.223393642727405,7.045222384174849,8.03734847772572,7.245641726654037,6.216920774293481,8.828491428435617,6.4988550997877335,7.221015758784964,6.019187851836385,6.5416747268439535,3.4902917710632564,null,null,-1.1829591432883206,0.38821325374621224,2.875672523927628,2.6439452743768896,null,null,null,null,-13.258250003967236,-12.99638001216029,null,null,-12.14452154378474,-12.575323654641029,-18.06689234755156,null,-24.098092519545553,-23.193928569604672,-26.918159578054826,-23.682975719827667,-23.638116657521127,-22.439549736809575,-21.577544460803047,-20.065884669754347,-18.657197395353997,-17.862629548420934
2.360524759921977,1.1231665959195438,0.9464819169725581,0.9340709921003343,3.304088291009191,3.17674360873696,3.6705497178316016,null,4.408461603871091,4.976418109548389,4.165180615428303,null,7.097720639629827,6.316810650326975,7.562813040736909,7.029289435443605,6.442362981044464,4.52793547387279,5.250425951321356,4.470491993364568,null,null,null,null,null,null,null,null,-0.2564015740087658,-1.474159260271613,null,null,null,-15.557265192229101,-15.630089724969663,-15.677290555685614,-15.208684729844814,-21.64837380627056,-22.589627698457573,null,null,-28.08387286157145,-27.917270531687198,-29.136933838805565,-26.369422982388464,-24.840355365759557,-24.93673166342107,-22.55188850080837,-21.373606462332816,-19.576599949193536
