public/json/wind_2018-09-1612_950.json
{"header": { "discipline": 10, "disciplineName": "Oceanographic_products", "center": 0, "centerName": "Ocean Modeling and Observation Laboratory", "refTime": "2018-09-16T12:00:00.000Z", "significanceOfRT": 0, "significanceOfRTName": "Analysis", "parameterCategory": 0, "parameterCategoryName": "Currents", "parameterNumber": 3, "parameterNumberName": "V-component_of_wind", "parameterUnit": "m.s-1", "forecastTime": 0, "surface1Type": 160, "surface1TypeName": "Depth below sea level", "surface1Value": 15, "numberPoints": 4800, "shape": 0, "shapeName": "Earth spherical with radius = 6,367,470 m", "scanMode": 0, "nx": 80, "ny": 60, "lo1": 109.0, "la1": 20.0, "lo2": 116.89999999999955, "la2": 14.520000000000117, "dx": 0.09999999999999432, "dy": -0.10000000000000142 }, "data":
[rows 0 to 21 of 60, columns 0 to 49 of 80]
null,null,null,null,null,null,null,null,null,null,null,null,null,null,null,null,null,null,null,null,null,null,null,null,null,null,null,null,null,null,null,null,null,null,null,null,null,null,null,null,null,null,null,null,null,null,null,null,null,null
null,null,null,null,null,null,null,null,null,null,null,null,null,null,null,null,null,null,null,null,null,null,null,null,null,null,null,null,null,null,null,null,null,null,null,null,null,null,null,null,null,null,null,null,null,null,null,null,null,null
-10.20929873978217,-9.921353788192341,-10.48745883773298,-12.498447684375606,-12.041489086926127,-12.46590320744851,-12.422827314452297,-10.756211243864254,-11.026604629453264,-10.114981823790767,-11.316488570485879,-11.060121323297075,-8.818357518943014,-5.484400582504216,-4.900741957957931,-3.444104250087702,-1.7738513231314619,-0.5152318044081097,0.575652051173132,2.013650986179967,3.4960381895790467,5.017178472604602,6.890396109063754,8.626872548795964,9.989232856099788,11.111360124959763,12.152549855003276,13.225401653745429,14.395834315890012,15.147233445903986,15.307323595387501,15.908957182923896,17.01702511803462,18.272761806696128,18.918802872741054,19.029376348003087,19.2201548910442,19.577065235825746,19.801590122304678,19.822953654750933,20.106365659726443,20.864315977958857,22.163472423013772,23.794675729109336,24.232657059415104,22.775845697220856,22.004029844238328,20.660124769699422,21.420836821042165,24.451827169746846
-11.015428336000653,-11.719649383319268,-13.090578470340446,-13.952694143734531,-14.218686583564274,-13.185546555126791,-12.01979713972906,-12.024673618654145,-10.382680828907478,-10.097714233016156,-9.27435510432912,-9.352843331252831,-8.209646591637298,-6.132915092430412,-5.716641744834207,-5.659381370442503,-4.210936767148238,-2.3500983544699556,-0.20833864522900997,1.165456616129599,3.097102543193804,4.063252511615383,4.804117966459227,5.553730005327093,6.300165769761445,7.324912105297139,7.7072012459065045,9.913711569089243,12.565441262941427,14.737563139367666,16.16306106427681,17.187490431288506,17.80498442054908,19.23691490658387,20.55557130861436,21.11231043430459,20.911703987941078,20.960410167479093,20.329096001726285,20.065268109117184,20.26824174906696,20.948793380300195,22.411423470743095,23.606087838444868,25.066919548374585,24.316971339291136,23.175195578831563,22.216667343779733,22.745324809342605,24.708663230520436
-12.23144465618715,-14.466847464735483,-14.932542312837489,-15.718409621042843,-15.752545986003643,-15.366396844370227,-15.913219507607849,-14.37764046481983,-11.60787593644849,-9.717611319643922,-10.130966992413153,-8.34849078235623,-6.880655242022761,-7.721774877751331,-8.692665156019803,-7.950007054760677,-6.446394551920087,-4.355573298220589,-0.5494791017352544,2.805533085036477,2.948171795698277,4.10934660431282,5.931203196460453,7.751199140247296,8.909251471087327,10.052661440627439,10.980580704867627,12.24450650391265,12.615423153435964,13.141959532722012,14.180767379236036,18.99566836292785,17.87174813751573,20.494289685955174,20.663794880932425,22.658935072046464,23.10491879157563,22.766623644539983,22.81009746971725,22.345681638489552,21.82444892494943,21.476155554805104,22.13392570533632,23.918105199512617,25.845394281950405,25.624998473520215,24.705518368021142,23.170642112433352,22.603980973805317,23.60214295354487
-16.01113194738901,-17.072825865066275,-17.200571695745673,-17.499539516925704,-18.67923048369293,-17.870696409467968,-16.34546174664991,-15.87521341369066,-15.548473367704233,-13.373058667403594,-10.908401173828016,-9.2572643124005,-7.934173437579531,-9.450696176009082,-10.169055103723663,-8.829278144229093,-8.064897966106045,-5.8804510371286085,-3.579337605125197,-0.2294463379602326,1.2770061809239353,2.4750503818043703,4.667697773796096,6.638125742461104,6.897282318657114,8.650909048291345,10.459958196084592,13.766721584981799,14.051227153970803,14.441576524734273,14.986141171435367,14.908608033836169,15.905421723724782,16.671681214441815,20.332139926415504,23.91485985159563,23.06967027448535,23.782211276127256,24.159723421377358,24.376604782636218,23.543557220043112,23.246796773792923,22.70085580615918,24.140962399846593,26.22048401561842,26.316471512544773,26.0726759373283,24.872012680308863,23.300282596917953,23.78663459283519
-18.363827848154447,-18.755409180159138,-19.649239184551572,-20.361862006620406,-18.40185489136615,-17.425508194382875,-17.875733399025908,-17.676674084330063,-16.926968507463396,-15.583842590665279,-13.04105754972884,-10.726865641459025,-10.779764899024414,-11.495077557439181,-10.874030276402916,-10.350424024717714,-9.487637672904976,-6.5774252788530365,-4.916010009881458,-3.1764989565534476,-1.4909086241050078,0.5503205942758067,2.751025795989693,4.47127921961674,6.715566887709037,8.943557826188439,10.193044957970372,13.501259638478134,13.72770834746552,15.434798542278946,16.749295698156597,16.394050961495054,18.21692665284353,17.84859731113015,18.144719634077724,19.95867011588646,22.14508759162414,24.317482269669505,24.764438362315083,24.73028813966768,24.88027781561567,24.38586617531969,24.636241714029122,23.71325435058286,25.86806543974079,27.100661661955517,26.80643311041545,26.242569376849303,23.20156213298593,24.17713848291454
-19.49998770729796,-20.511839202795947,-19.82069432632272,-18.764407078333342,-18.62207294505245,-18.941911822995735,-18.884038320027777,-18.609945009834966,-17.79383330297002,-16.358007763335273,-14.65576965558426,-12.845977007740004,-12.121410852026045,-11.65446324667013,-11.389084804004186,-9.356274025181108,-9.391113653955946,-9.04016848254526,-7.218320209605595,-4.564245406519689,-2.1784023832640456,-0.46673803799041463,0.798309256660762,2.489600534154852,4.320537820730929,7.520330567241004,9.755486846650404,11.133161725400834,15.236043381610472,15.480162739969959,14.319725417065111,17.930655276151363,18.607052792979513,18.948894458477415,20.052346434518313,21.005195910836886,22.804279002171043,24.550742162904307,25.851556381546168,25.978381479673892,25.89105630742564,25.6751793326595,24.834079674889338,25.37620983932423,26.588712728916995,28.407066023901493,27.076131970093158,26.79145002972877,25.924743222374687,24.784398536945226
-20.04961158983868,-20.268090119542038,-20.286011717205668,-19.965644710152883,-19.62162801326875,-19.371588263135976,-19.55392140504454,-19.629774855661125,-18.190261235794058,-17.026711157174816,-15.706839650851848,-15.111455802185095,-14.661439625032175,-13.011068498439993,-12.004206437153272,-11.71707113047449,-10.342930647507831,-10.215968410342278,-8.278605075382565,-5.741875549518178,-3.2803256544996513,0.18627498207133142,1.7976166008194305,1.2352570558587674,2.9014250630930936,5.094911549628372,7.748146596498798,9.900329976240295,11.937186909870082,14.394278640717669,18.15936564456142,17.957847814024504,18.971455441397637,18.650197351924618,21.835469323574447,24.03367248003233,24.30241695638759,25.26931479963276,25.79729906643343,27.449051090201685,27.12342149151839,26.635570415505427,26.37831389497267,26.191151619010718,25.921499855037432,27.895641474642723,27.836054528678915,26.985538359169983,26.516819456255206,25.323366086696428
-21.330582395978087,-22.06299402436579,-21.106762154106487,-20.977892939495444,-21.457801203336818,-20.58320244507959,-20.715632480945597,-20.273952930226738,-18.843159517619007,-18.018870666353113,-16.673716004109824,-16.570801865983068,-15.84067864211485,-14.296640574938737,-13.342389283209368,-11.052577896879752,-10.647463611612274,-8.893803073649059,-7.150627380562512,-5.40131549602123,-3.3533415920977063,-2.7631708042616596,-0.42401808129896734,1.6426640237381325,2.2967756984686503,3.7411954039589794,6.096353088122045,8.100422433980464,10.867506855553419,14.298173850037845,17.54859167119252,20.882788135779393,20.853901454833416,18.564446705185976,17.02736484099186,19.62877160030578,25.575290499272818,25.78274910592294,25.731011253544217,27.165841698984348,28.372993993997653,28.336323209434244,28.609574954217592,26.540641469406037,27.02552765049797,28.108212677758413,28.877150959871855,27.27201316747017,26.714234631709097,25.685332698249738
-22.799762725831066,-23.16582971691107,-21.55326023545209,-21.556219256005285,-21.541359381305455,-21.70778830515992,-21.500376725970284,-20.689465931504373,-19.191438529425337,-18.80011370788449,-18.28934187374448,-17.36111397529236,-16.764000707652897,-15.453599061315225,-14.71729229355497,-14.133290557565786,-13.295897121074795,-11.253563059405643,-10.07963140611608,-8.335331454997654,-5.8845588647792875,-3.8939044030517453,-2.5585523634667373,-0.644531961963889,1.702014553899363,2.700876400872699,3.668609927252591,5.374848067924137,9.448188027137821,11.555823442023666,15.381011203518767,20.093529303086594,22.067609455585817,21.11654869999854,19.5607830885623,19.007016205206302,20.294043214490948,26.22871192931987,25.46066356851317,25.28123907243283,29.28553500359249,28.494609127465306,30.368774488066247,27.666169605113726,27.490688851065,26.842176363245795,29.473301600435335,27.99515148368021,26.61205706896449,25.965220085695545
-23.515126899685345,-23.357086714061417,-22.11114446797268,-22.242690799360787,-23.5915362357677,-22.89911142813951,-22.302617822137726,-21.004800977851435,-20.37800724124068,-20.28247801755865,-19.813802024013462,-19.06991603717874,-17.71677943843897,-16.12915175490189,-14.422510269703775,-12.888764251491008,-12.281367485914965,-12.60760101830016,-11.981461008306526,-11.052398927254654,-8.864725694530573,-6.087878786921447,-3.5573553323941134,-2.159041867641059,-0.1523811023255488,2.099520370829081,4.167394627658218,4.925197582141344,7.203264375330573,11.043090029695287,14.379153630109885,19.668399150682532,22.994618180811845,22.86864594632178,21.23832630397517,20.248293581322056,18.833765603744986,20.47438629574629,27.35944952056694,23.90834715089344,29.676452584938897,29.051735848825487,28.01442847724621,28.511812429715846,28.08866222125849,27.42409408914301,28.34760091813692,28.082677029934448,26.4241911454464,26.287703130748053
-23.789539932337952,-22.847998336858105,-21.962250194227316,-24.135426856410582,-25.393502426784643,-23.77509870956014,-23.255734422331976,-22.353205742561727,-21.905364322192842,-21.669037137798234,-20.48709216970497,-17.586686324807157,-14.63981705390001,-15.456495636937643,-14.59331470300728,-14.131542385484146,-13.776438882855574,-13.411539234787266,-13.117176185850244,-10.33718690791694,-8.112785990092643,-7.059484644662564,-6.533969163864891,-3.1608895941513833,-0.4360613372372286,1.8946352136771658,4.360196596115566,6.038719621392468,6.480858538375693,10.318198472647673,14.880694169491207,17.620984291115583,21.99840070384976,23.23420778462715,22.61245138929507,21.20763728304635,20.75597614369539,21.320458525178644,23.27872535580286,26.466212253753852,28.932183005249062,29.57297565208088,28.333880279367932,28.41199494243101,28.636401813838056,27.839651347276995,26.112598935329963,27.812806896700177,26.56473492867783,26.381117515336552
-25.635309837079276,-22.746976495102082,-24.189794568990205,-24.499961185434056,-24.968841059313647,-25.173268968717416,-24.716137775340055,-23.895492102561427,-24.96872351707986,-23.6411329798989,-21.111872094504342,-19.516559550155883,-17.960199531287895,-16.604620889811663,-15.215321264477673,-14.836961566218271,-14.99357581686873,-14.233239532110211,-13.510624000023263,-12.033408567315986,-10.202812270689206,-7.826950896783503,-6.900157010427297,-4.806317554951283,-3.5571207011290973,-1.6634797943653483,1.6350176910961896,5.422211403087065,7.320083084748794,8.284546163341297,14.105882570953595,17.221177124066212,20.79744878681877,24.871058830406987,23.711609924483184,22.9660767720269,22.2298156791337,20.99905038894671,24.742609734273866,25.34396725075346,28.393568378113667,29.38536130688851,29.100775006142626,28.734581775760347,28.72082094941041,28.928817007411777,26.630276593650965,27.19831496467494,26.45303004641398,25.964100552821634
-25.989875370392415,-23.79047856383934,-23.664048121241017,-24.350120312194512,-24.406005527837223,-24.93272914967973,-25.954128375982723,-24.487545283179095,-24.52693697150331,-23.592568769665654,-21.72082961988897,-19.206164511813594,-18.976576800907385,-18.343859977452905,-19.2626216210218,-18.16632067524877,-17.027509981433678,-17.607081602391165,-16.11468973961975,-15.156303769914045,-14.016154723777777,-8.685575248665621,-6.725756301090683,-6.052753873818423,-5.054945618300287,-4.179509417002471,-1.6600401275568586,3.9476311230086605,7.181558198276418,8.348842924741703,12.34697435173828,17.941723498873607,18.705607125754554,23.96763945361335,25.489444371527505,23.86586346838273,21.787219950902603,21.94613604774091,23.34441109609941,23.781999483145867,27.31727636096806,30.047973494063896,29.742871965858132,28.95050659460769,28.94072424380504,28.773709869907833,26.563536229693295,26.392130256141265,26.160003755929523,25.87475797474125
-25.63595394091151,-23.427205740997778,-23.42798530321296,-23.09161169386452,-24.757091645092153,-24.89088072404827,-26.23492458290221,-24.13876233554285,-23.866560470610843,-21.785711052098357,-22.224071560790513,-23.485310376842193,-22.56950937759791,-23.317282162326435,-22.5959379739545,-20.942363437741072,-20.709114940751455,-20.412571845985216,-20.46023645532643,-20.43260423893187,-17.775385473838245,-16.770148173550965,-6.730415484380079,-7.620838603317543,-6.589706152173461,-4.754350469669551,-1.4273124120956058,2.0885973445139214,5.773024825060854,8.04735481189152,12.868107295634836,18.0374428999239,19.865450279301918,22.669553512772634,26.58081342038641,24.411854228460232,20.603085600866102,22.282816782768435,22.189569724465933,21.828174781869315,27.535025814400463,29.560800254601176,29.38173838872507,29.609651596000663,29.39438853417925,29.13773809872812,26.153537255868642,26.217757121386605,26.09837207569908,26.48371250091599
-23.647732591051785,-24.408071924695435,-24.27018476957038,-24.147626524429082,-24.1867262693862,-26.768681282987657,-25.427846285185687,-26.21876539824148,-25.37559773444815,-25.096315051290365,-25.91546656928791,-25.061945949764734,-26.924381985561848,-26.410601682303025,-24.22901482969459,-23.936683090128174,-23.232729393813912,-24.913530618899472,-24.379893480810097,-22.836498645722074,-23.585454888718598,-21.206561083438146,-13.666994546294513,-6.264721086431273,-4.2271449849930285,-5.469766215039047,-0.029229289517248846,null,6.506799294211767,11.882524327475203,13.992934315318571,17.11718422032824,19.336268435697868,22.664079544223274,26.23858828383054,24.86941495181148,22.87955355102453,22.934569960969295,20.910818414282744,22.78916750498457,31.65999411828141,29.951971454583123,29.211790522180245,28.980154812314233,28.72045862506462,29.480744025563222,27.658291101181703,26.689059728879325,24.72699097149175,24.52883771047212
-22.83081980409833,-24.12952810636397,-24.76634639232611,-27.07204122218569,-26.667496510470873,-24.132215759664422,-27.4773203782952,-25.30836223318676,-27.47119812896044,-24.807381509025333,-26.126057667308345,-28.656940829132434,-27.27624299695411,-27.261348977085955,-26.05273587259073,-26.796178226457926,-27.006634527921207,-25.044420203723025,-23.853263992094902,-22.40937556926189,-26.790657887887523,null,-10.365345133294886,null,null,null,-1.2862648397881737,1.5503716922915254,6.102129251635228,12.551863078667681,14.579743392380227,16.890411005725664,20.77771003069074,null,23.663220580175604,24.209839778861426,24.06484697968388,22.695517451807614,20.81428440761669,22.733982088168087,27.562758148349708,28.023531704687407,29.125904912116354,29.255410104436255,28.934882095288426,28.73955418071622,26.84528848106588,26.546809141370165,24.643667171013803,22.787573163640022
-22.958356835624706,-24.69528200455852,-25.378720930696964,-26.715677097861008,-25.966141411102107,-27.009142217233972,-23.445604404723987,-20.264595990446967,-18.20897800521221,-25.20137122146593,-28.435865227195144,-26.831702471294278,-27.228458686504936,-27.383790174530375,-27.551018014184102,-26.665954643449137,-28.49808301653416,-27.520020926489277,-29.637221188278595,-24.833453290132955,-20.98077939253108,null,-9.348598126582491,-7.845305537401807,null,null,-2.702555415330246,-0.7901146597270016,3.2813395319075735,10.588021672625967,12.771977856202865,16.061205167589325,18.082739046721073,20.164161214253607,24.01993490615877,20.334701658579615,18.931498329259853,20.668698924152906,18.6661050275345,24.157946011738236,24.74050611585542,27.76956494322347,29.983454566385,28.662088784398872,27.645028912051053,27.558482840492665,27.344544634060064,26.62925701336286,22.567171881475346,24.04070230343595
-23.78447393596034,-25.84393139674119,-27.388839512359084,-25.71135354755718,-28.5114453126059,-27.773411829174915,-26.353493607042374,-22.854372886015895,-27.799029096978167,-25.60787439486606,-27.832041537467184,-28.983320738237808,-31.445143066426468,-29.91261408318855,-28.88570441532803,-28.17920826305096,-30.1501830724984,-28.79799320011054,-27.83715511025445,-29.623386931465276,-21.12456077513436,null,null,null,-3.9340051730761187,-2.4282470570181807,-0.8205771766055653,1.503880841876276,4.067940059833497,8.485011595919527,null,11.674639704866447,15.107868800395254,15.39095275521874,19.202168834154598,18.970277840229997,19.566231636011867,18.642394643720927,20.01914858952523,23.221840383075627,26.596586538157688,27.289645656548895,28.12136329759827,28.406303018630304,29.668151867688408,27.70386667200751,27.98896079803817,27.079703338508033,25.858913516930617,27.49792419860069
-25.68581096082955,-26.696714478295217,-28.223381586363534,-28.847380286841375,-28.628052458174942,-28.587891896338185,-27.716965821130653,-29.13061508496826,-32.95026952743259,-30.806737626623544,-25.223281920048215,-28.525747350214296,-32.129214264666956,-27.886065793269093,-28.23025036640516,-28.112855367958712,-31.40533310505083,-30.153182709852757,-25.097283298468184,-29.717398188593222,-24.580363480848494,-12.622986250362215,null,null,-5.205669659333308,-2.066209974608221,-0.5767407520854481,4.01848880424743,null,null,null,null,14.288477652635367,15.967618147682204,16.49641050462251,14.76046856379437,19.413309826057287,19.0285490693373,20.709381710751984,16.90556308744693,23.262787815425405,27.205362114417714,26.499598654323396,26.937469389653565,27.179650938138888,27.18103683237512,28.00136095163107,26.340122027827157,27.290709920969583,26.463839064647743
-23.357753391794223,-28.35935576015121,-28.14248578668028,-26.66264100754944,-24.244562379850485,-31.412708275928253,-29.040919474713444,null,-30.663994766322848,-30.392307282417423,-30.33000151273048,null,-29.263924376471962,-25.389186077834292,-29.76688631131078,-27.167986004098232,-28.52054433252799,-32.07083754634747,-28.76969839032978,-25.612994185800723,null,null,null,null,null,null,null,null,7.559010752891214,6.61528072357347,null,null,null,12.603322037900796,14.830363225412238,15.09738319855957,16.87181611306269,17.876462161111046,19.95464663905776,21.53978201630689,null,26.483175567791562,26.245163010073682,25.92095969148393,25.489168729251773,25.731193293652627,25.392117261674958,25.964653702232106,26.30467157725705,24.526339616303243
