public/json/wind_2018-09-1518_925.json
{"header": { "discipline": 10, "disciplineName": "Oceanographic_products", "center": 0, "centerName": "Ocean Modeling and Observation Laboratory", "refTime": "2018-09-15T18:00:00.000Z", "significanceOfRT": 0, "significanceOfRTName": "Analysis", "parameterCategory": 0, "parameterCategoryName": "Currents", "parameterNumber": 3, "parameterNumberName": "V-component_of_wind", "parameterUnit": "m.s-1", "forecastTime": 0, "surface1Type": 160, "surface1TypeName": "Depth below sea level", "surface1Value": 15, "numberPoints": 4800, "shape": 0, "shapeName": "Earth spherical with radius = 6,367,470 m", "scanMode": 0, "nx": 80, "ny": 60, "lo1": 109.0, "la1": 20.0, "lo2": 116.89999999999955, "la2": 14.520000000000117, "dx": 0.09999999999999432, "dy": -0.10000000000000142 }, "data":
[rows 0 to 19 of 60, columns 0 to 44 of 80]
null,null,null,null,null,null,null,null,null,null,null,null,null,null,null,null,null,null,null,null,null,null,null,null,null,null,null,null,null,null,null,null,null,null,null,null,null,null,null,null,null,null,null,null,null
null,null,null,null,null,null,null,null,null,null,null,null,null,null,null,null,null,null,null,null,null,null,null,null,null,null,null,null,null,null,null,null,null,null,null,null,null,null,null,null,null,null,null,null,null
-8.133143819335851,-8.192287433257318,-9.106697224382613,-10.12804670079276,-10.730860247843104,-11.175326163216623,-11.740871314801025,-12.419721804174038,-15.629411079249927,-15.167081421536803,-14.345515751875354,-13.303553725616714,-12.646919022826701,-12.713609373957194,-12.569123641343499,-12.009497987529791,-11.914121611031328,-11.952589486061937,-12.320419275359171,-12.412349365250364,-12.362818797486149,-12.19586401964925,-12.302015822263684,-12.749036693702223,-12.391453599167328,-12.938691903306623,-13.668435385960741,-14.301572097314057,-14.319748808263784,-13.612970434948528,-13.658169175032219,-14.380480922978782,-14.247771954265898,-14.03285505036839,-14.939254428568985,-16.21735111876251,-16.88705265167041,-18.620886781538694,-20.331635058544798,-20.84114528471639,-20.807114596437856,-20.83872983277683,-21.289583429075485,-21.21698470833805,-21.256869569620687
-8.468201359752376,-8.555153365643623,-9.531423459844849,-10.161680189826585,-11.12747226657213,-11.831344918734082,-12.043549920391493,-12.43642682402685,-15.410686604215355,-15.513010468392178,-14.501358101444827,-13.877433198188154,-13.638690014183934,-13.096634963311308,-11.932765615801706,-11.166094424178606,-11.324848996678586,-11.773716198896402,-11.840595396814372,-11.057060724858825,-11.55392467292634,-12.567224452748043,-13.15842154717925,-13.941219762597818,-14.226233786423284,-14.095590798962846,-15.01789538041988,-14.888675960568117,-15.200680276041767,-15.735194183024035,-14.20359974129074,-12.933007241110202,-12.823993853873763,-13.36038532262857,-14.059870902315943,-16.22287326680172,-17.142394788866458,-20.105567096833436,-21.09837863958908,-21.186260953776163,-20.4569335227493,-19.695030276059356,-19.21190755553538,-18.47837876438276,-19.09691473138917
-9.361255173313136,-9.826519451623845,-10.946165158059962,-12.024942330337872,-13.344260908612096,-13.067571212845202,-12.184799465268886,-12.238929242013736,-15.836780453625666,-14.983361262178803,-14.978282154737421,-15.088652362665067,-14.15423300366726,-12.970921469226205,-12.195533964862943,-11.99911244259771,-12.285056294006047,-11.734149300749683,-11.55775345296437,-11.768973803912763,-12.822711971730053,-13.979877220013552,-15.225475034984619,-16.130555471897086,-16.376728348796185,-15.061041984297619,-14.04964515662727,-13.705711850953826,-13.260400517271343,-14.076134035380676,-13.708033622766902,-12.739258818261227,-12.13235786204845,-13.154385940598083,-14.491379308233581,-16.25718880463501,-17.693499872461622,-20.033654470534618,-21.81700331662383,-21.85613006894205,-21.228812717448047,-20.934732638637357,-20.73703785589487,-20.80607455364953,-20.857011681450942
-9.266924256060397,-10.874928452405015,-12.95909588314677,-13.357151456930051,-13.866969660766282,-13.578841482484602,-12.2043256723029,-12.168943745864652,-15.660741403875427,-15.478343407774593,-15.911133276388256,-15.723581303175195,-15.014498372844312,-14.067671637241423,-13.32401530429398,-12.988305074903089,-12.364353185659391,-11.967307244140422,-12.262069666195943,-13.06500449222353,-13.22333859677347,-14.296548717562818,-14.857574788511013,-16.152995904582557,-17.471824743051464,-15.819804202139961,-14.380097748606074,-13.352200471765212,-12.710225731192585,-12.644538829385482,-13.415656678220397,-13.023509135330869,-12.884708560300151,-14.015817681837337,-16.504319231480665,-18.606216802409737,-19.383670222983593,-20.799407293874694,-22.221012321367834,-22.84962097914046,-23.00846971395361,-23.502795774312442,-23.35160316378612,-22.49049109464874,-22.536555781652137
-9.331864972924542,-10.900126849546583,-13.41102394485765,-14.329005814246067,-14.490692729958504,-13.640619285747194,-12.280136502807682,-12.70816749380773,-14.721672420933787,-15.25299482087048,-15.484234719870283,-15.380220726518022,-15.457128267213909,-14.564767109984793,-13.931800686849229,-13.73408115704794,-12.983043207177491,-12.399841961514838,-12.497388991643469,-12.557378867655732,-12.9803158769371,-13.703326733491085,-14.754575266291516,-15.581039878488177,-15.142287076668042,-14.641186370898119,-14.251424492552651,-13.142622221735742,-12.76227491938201,-11.864739461845748,-12.242047391233687,-13.931721676620832,-14.500733177869389,-15.331924060131527,-17.881309719682037,-19.268374705129197,-20.960780715402088,-21.900716154162048,-23.167935878471013,-23.633318455990445,-23.337112853149282,-23.112889424179738,-23.776852977227676,-23.033120164618335,-22.681734596086464
-9.768978041840686,-11.23784702784693,-12.828738832446756,-14.396360222147877,-14.545089011104816,-13.671963388868445,-12.65654342986509,-12.653057075733374,-15.30536594018589,-16.131588507056815,-15.677639746671845,-15.645823616443117,-15.56795015644467,-14.740937526657142,-13.96032788012143,-13.457390333780683,-12.62820190658952,-12.597404909468743,-12.135909696480589,-12.44767389972031,-12.675782041099607,-13.31152335545586,-13.605053415345273,-15.28133473001917,-14.60755766145228,-14.59387984279973,-14.227057907636457,-14.22433256715514,-13.170816297387102,-12.776977483492825,-12.992013722190125,-14.80878735549336,-16.255315567512756,-17.10560478277941,-18.157776675206005,-19.581469820120752,-20.913933141154082,-22.673093911274396,-23.69384355681165,-23.81899817146275,-23.620430409824667,-23.1862683202315,-22.836637954700137,-22.220675078402014,-22.5360194295138
-9.808441336470588,-11.18509585828542,-12.258805169363619,-14.568027725426342,-13.91661963273376,-14.224382665802871,-13.48922363884366,-13.495213354047298,-13.47706224614171,-15.304081849333702,-16.360249609346695,-15.662727000663974,-15.177660284829992,-14.766266196003652,-14.193303118542723,-13.47626409262092,-13.040403764320995,-12.713986134183962,-11.956456262651853,-11.854778727947732,-12.023262453298209,-12.480817185963524,-13.274050560668812,-14.570334891733788,-16.10021703174482,-15.48020546366851,-15.152096032892201,-14.275428021840991,-14.006751869523248,-13.855482379595127,-14.370368776076646,-15.417862098215595,-16.350190927200206,-17.51501717896349,-18.80002426334163,-19.90599618610736,-21.66586776241148,-23.77112296927825,-23.672581000227375,-23.21279080131335,-23.17380063604221,-23.689332780889277,-23.983405795654313,-23.099942089590524,-23.266848321291615
-10.57789392780984,-11.753207929974291,-12.108758870048351,-13.54601443079664,-13.529426685335558,-14.049607383025515,-14.447730301334392,-13.964792710426757,-13.505724714229109,-14.292852296175418,-14.337306975595247,-15.241746661346982,-15.2176704217247,-15.060902739523586,-14.08846256384206,-13.737664239478194,-12.520864469949938,-12.765511647647187,-11.773898630969738,-11.131655328117805,-11.921999938538267,-12.472305143748736,-13.14823591046593,-13.667620225657888,-14.851727871630036,-15.693200566559206,-15.772179478774557,-16.55630027221106,-15.30979776904794,-14.962585284331562,-15.653907740537447,-16.44051307128336,-16.930754052457416,-17.645857275728943,-18.886366745359872,-20.081735420829805,-21.709714909391167,-23.58403549377098,-22.972192710072388,-22.46181322982757,-22.91151136748873,-24.733181233737845,-25.025992690761704,-24.64303835225669,-24.24466507425257
-12.100070058268676,-11.913376324079367,-12.630966017620857,-12.771036624856652,-13.29797001977974,-13.866841126547008,-14.008715660759462,-13.913723717881165,-13.862279506479979,-13.66588867120502,-14.11265840731997,-14.872565125932878,-15.303510335250532,-14.607076985599218,-14.77382317512858,-13.391037382775858,-12.475502193986712,-12.54600905794187,-11.910862314364064,-11.186788713782725,-10.678356386294444,-13.939745662584972,-13.693193592733229,-13.687341442810059,-14.020235060060134,-16.2448729671802,-16.948741873650516,-16.825417682996285,-16.84202346962775,-16.31422558491677,-16.443066551266327,-16.845729065580827,-17.57583393802198,-19.405281922887813,-19.951132255217175,-20.345185191621887,-21.393481315790055,-22.649727110860354,-22.356811771114074,-22.14701564778132,-22.362557635231884,-23.939995372417776,-25.165208934527925,-25.493070491701758,-23.930920793012042
-13.030102269915295,-12.859150422240216,-12.543669423528367,-12.71100971331516,-12.980957457168818,-13.306400834377392,-12.791719283013528,-13.353988081067437,-14.301392850269812,-14.537911512710679,-14.702153807399363,-15.301173524492679,-15.611817342582043,-16.211629542257548,-15.431712297865957,-14.378294001015174,-13.809130264041599,-13.004776067543801,-11.861637024341093,-11.233274113876892,-10.947856036030316,-13.014732870803494,-13.816717539372366,-13.285707848279717,-14.665621280777264,-16.157641578783085,-17.13466432065144,-17.364589988290703,-17.310119452181226,-16.88184138647916,-17.629984015428697,-18.358033588305165,-19.57641371205892,-20.260534024814127,-20.656175176193358,-20.838380604236505,-21.254062167100045,-21.907259129603755,-21.189324195811682,-20.333455889337365,-20.875363459272528,-24.133846456085443,-26.916481348556445,-25.904617741389664,-24.154037740046082
-14.414359680915123,-14.452686378794498,-12.882281569102869,-12.864829297187057,-12.533769724967582,-13.027054966929025,-12.94904622869724,-13.670367694091246,-14.324783424147615,-15.134484052925242,-15.368892237924307,-15.76713824386209,-16.570757672082443,-16.45542864946261,-15.576492335568014,-15.159246801003995,-14.713161166412526,-14.489236566361928,-12.771892630666596,-11.310275620390776,-11.530022202198788,-13.292766379605215,-13.788534299705498,-12.723019887162332,-14.744138022421756,-16.748352443579606,-17.35278260437651,-17.907421077516673,-18.78374951900224,-17.96897821357853,-17.872658569143976,-18.79756039789704,-20.53905132067591,-20.960967962406176,-20.477219410180773,-20.119012489768068,-19.860046751757537,-20.426948990763307,-20.665365614651957,-19.699449738930063,-19.78461472035346,-20.57895167073482,-27.734406285730856,-27.372041798046645,-25.425382887897523
-14.236923182136255,-15.947799838375936,-13.611297605481385,-12.894451891357047,-13.084597630892038,-13.135572188898735,-14.257468030252497,-14.38392546926397,-14.487829742761216,-14.950006866936846,-15.318076395978009,-15.434217030461905,-15.785613077856018,-15.898245095754465,-15.911771796601506,-14.985598812063675,-15.235942459478727,-15.372704221508481,-12.064227041835775,-10.892766384256301,-10.273257919322267,-13.441878255034734,-13.82885833779601,-13.14247124592082,-13.763052263206244,-17.652692526672816,-18.79210018350513,-19.11589117968974,-20.068740358395928,-19.26580570168868,-18.55445402742492,-19.12483127289181,-19.579428938559975,-19.27925788242745,-18.71098514821847,-17.71712297841237,-16.922904357136105,-18.17858993905436,-20.561633003793528,-19.97068172151615,-20.053659894997466,-21.912577929944582,-26.920502377618035,-27.901529879973864,-26.610630557332957
-12.619006230920554,-14.644595670744156,-14.167931661610869,-13.37587096892027,-14.016615753338858,-14.807042343522038,-14.430757374437064,-15.044249874076446,-15.055520596154999,-14.9265468590045,-14.944564643153504,-14.770536708672026,-15.538852826602437,-16.124009239382186,-15.744263392518734,-15.209133812218434,-14.548988310196272,-14.485153835058249,-11.754625836150476,-11.632309496832853,-11.634783357687859,-12.657190542523043,-14.101035958654359,-13.847944934588822,-13.977399183113064,-18.21934716168499,-19.950162448700496,-20.131265156206318,-21.012835905017344,-20.20993742739664,-18.95035678003962,-19.048470310917565,-18.194857148592412,-18.294301052505798,-17.188924759591522,-16.517783470692812,-14.664680691274413,-15.916519542312058,-19.06402809952073,-19.812822059760737,-19.425229593624724,-22.980890132893116,-27.317863833034743,-28.32356331520164,-26.452565751765366
-13.379342091222686,-14.528028422513454,-13.99615936001462,-13.608790141242196,-14.126831939927994,-15.3692714429278,-14.834268140250593,-14.978577388266059,-15.005577339729232,-14.655137741132204,-14.574110481227628,-14.16745998596517,-15.113374400579529,-16.144943679902173,-15.563386931354152,-14.9371377646655,-14.142617268697073,-13.782759869022026,-11.778040518319624,-11.03532410574442,-13.0508797139039,-11.069665373209185,-12.389809429938545,-15.153846453941766,-15.963778035707103,-18.472116577572724,-20.31950426600931,-21.150145889175167,-20.596353180982113,-20.674540430232092,-19.49290171351794,-18.733152869557877,-18.23510643230124,-18.223919841578823,-17.580451788246563,-16.70806755703353,-15.101590011991354,-15.528230781972939,-16.611569073992886,-18.657168677335168,-18.27238652099433,-22.33164441289004,-26.174521858862917,-27.106239691842024,-25.91983177621435
-14.019877098426132,-15.106345925803698,-13.448032262632932,-13.5700412606645,-14.39255381348562,-14.909905133073059,-15.559545270846971,-14.843166470224551,-15.323831688735472,-15.090578216527492,-14.739439549496685,-14.495125278055745,-15.0621327897511,-15.679190404814454,-15.39814124617618,-14.677537568945027,-14.034413172996464,-13.510690796482912,-12.010393729837961,-9.648107284121318,-11.666494695270554,-12.158511571852761,-10.506479182526828,-13.890534004150751,-18.023248108434473,-18.71606214993856,-19.658244741490662,-18.96078224749953,-19.62184264934315,-20.323719317636478,-19.715538569329585,-18.895691699818567,-19.032040688880098,-18.26079936552376,-18.824787913015992,-17.123808364885885,-16.58096831344139,-16.49654166781069,-18.25787910555483,-17.9286073347253,-17.753008502350426,-18.855953213654097,-24.098437254788895,-25.191264755423447,-24.756836086367286
-14.701909040443363,-14.757784099828315,-13.95164723987187,-13.207128869214795,-13.560918047674688,-15.077635731905943,-15.445633872486544,-15.849175591421051,-15.684986669974199,-15.868615494492648,-15.884312351829056,-15.434391069671818,-15.362567740080863,-15.402187975316686,-15.047255876100163,-14.710595984702023,-14.930612286464324,-14.645636560734982,-13.480196945022232,-8.224480890796212,-9.239270484449857,-10.934799100531695,-12.626964780188237,-15.667461733027467,-16.490686178053913,-20.293841250312184,-19.171762740326802,-19.236083341779167,-18.616354320422566,-19.14617573863541,-19.383636998399034,-18.902776772377003,-19.305312110285247,-18.842948976820715,-19.825123321090274,-17.536731187492286,-17.988157160761038,-17.957657701490238,-18.25752556013971,-18.73397467489546,-18.687330368870754,-17.73349068632456,-19.1161388660542,-23.28988604220639,-24.640475679999604
-14.746423209852207,-15.07626099511878,-14.67486702537751,-13.777824580973373,-13.915048678860856,-13.983794779370333,-14.970825407544977,-16.322949373935604,-16.732431294883217,-16.979680677289718,-16.459257214708106,-15.639775089721779,-15.400705953939676,-15.486443804178611,-15.112176730998314,-15.424127092569426,-14.981918973743994,-15.55743126533399,-14.94817510891488,-12.139358394822462,-7.138674833369864,-10.987256778558212,-16.44694724073777,-17.920280692346335,-8.274333667549596,-16.603333004280906,-18.75147887699335,-18.14984888593053,-18.0599180995126,-18.002404442338264,-18.8018461243354,-19.342666717812563,-19.596037856373474,-19.36361488010945,-19.218117189435855,-19.999320372912383,-19.818864764549406,-19.96842270641563,-19.59013308751151,-18.853534518927898,-18.858430908079306,-18.897517222333644,-17.913136038870924,-19.375692044764968,-23.169090994669943
-14.931393279511948,-15.042715491719658,-14.503606172525341,-14.55612160726676,-14.00272126649767,-14.236376082820328,-14.226306572199828,-15.402337863982089,-16.3139176028227,-16.68232702755005,-16.744540492272293,-15.938963379614963,-15.5631906781922,-16.118440488246314,-15.162368484796147,-15.660112472117993,-16.079946449372336,-16.602603978997717,-16.21652054772568,-14.743349073361909,-9.45197883850155,null,null,-16.407169450285966,-17.264323369053223,-16.154547579853332,-16.18124636920491,-17.46614475757427,-17.615453912475076,-17.674896504892796,-15.669193137320883,-19.77272914264087,-19.462419564200477,-19.204287270302494,-19.14544463416514,-18.379695687709518,-18.29237174307289,-18.83976641650181,-20.10564130434799,-18.8166146186841,-18.427915096419273,-18.42510795186554,-19.591803571890104,-19.410532759992694,-20.357614844244015
