public/json/wind_2018-09-1520_925.json
{"header": { "discipline": 10, "disciplineName": "Oceanographic_products", "center": 0, "centerName": "Ocean Modeling and Observation Laboratory", "refTime": "2018-09-15T20:00:00.000Z", "significanceOfRT": 0, "significanceOfRTName": "Analysis", "parameterCategory": 0, "parameterCategoryName": "Currents", "parameterNumber": 3, "parameterNumberName": "V-component_of_wind", "parameterUnit": "m.s-1", "forecastTime": 0, "surface1Type": 160, "surface1TypeName": "Depth below sea level", "surface1Value": 15, "numberPoints": 4800, "shape": 0, "shapeName": "Earth spherical with radius = 6,367,470 m", "scanMode": 0, "nx": 80, "ny": 60, "lo1": 109.0, "la1": 20.0, "lo2": 116.89999999999955, "la2": 14.520000000000117, "dx": 0.09999999999999432, "dy": -0.10000000000000142 }, "data":
[rows 0 to 19 of 60, columns 0 to 44 of 80]
null,null,null,null,null,null,null,null,null,null,null,null,null,null,null,null,null,null,null,null,null,null,null,null,null,null,null,null,null,null,null,null,null,null,null,null,null,null,null,null,null,null,null,null,null
null,null,null,null,null,null,null,null,null,null,null,null,null,null,null,null,null,null,null,null,null,null,null,null,null,null,null,null,null,null,null,null,null,null,null,null,null,null,null,null,null,null,null,null,null
-12.635396350760473,-12.218736848593327,-12.297174021209049,-12.85571798046774,-13.252429770143289,-13.608208921350679,-14.50717837433471,-14.697565485583754,-15.212804567499733,-15.50931451096747,-15.006225226020694,-14.271067865288089,-13.984433256393059,-13.19121265917023,-13.72695608018646,-14.773262719362132,-15.736498741993698,-15.120228957489903,-13.878874643679882,-13.892911832821571,-14.27091981711823,-14.441923981752154,-14.695673892971989,-15.118320378669344,-15.305852125418784,-15.676466047762336,-15.878606480288713,-15.310114768228882,-15.990364207142662,-16.66722392558317,-16.788949581020496,-17.17739973497036,-17.691529699132843,-17.964714592967667,-18.924634332987637,-18.85349195654381,-18.62873922114763,-19.170101898049154,-19.280446153469725,-20.043089779026708,-20.93597680414782,-21.473144364271334,-22.00351238706411,-22.455596453402038,-23.84005832035302
-12.3579847271056,-12.535806784118028,-13.039883659035002,-13.842275729790593,-14.36403703389754,-14.18383488573091,-14.309245738780323,-14.957116807982842,-15.88119439015029,-15.680966038522772,-14.495012947312006,-14.35796424256694,-14.770618922048628,-14.80428960634643,-15.161852454726935,-14.639152293742516,-14.273554757676912,-12.490424383494915,-12.710500887398851,-13.345493232165703,-14.173913895680496,-14.70470651360042,-14.49080588091915,-15.293793897693298,-15.821085027279564,-17.14174958039102,-17.361255337820765,-17.38985138581157,-16.268515541745682,-16.921605593268882,-19.3657571904972,-16.82971801582991,-16.49579577856751,-17.133435606046838,-17.53775959978196,-17.543160194610206,-18.58736146175516,-20.167679718219922,-20.75907977155302,-21.804168164145096,-19.71624500305748,-21.62267757715766,-22.280376003310355,-22.9945133897553,-25.348284267176968
-12.995428486263506,-13.2451574656416,-14.14067782705868,-14.618339342302441,-14.522112741524886,-14.286953374099655,-14.226560093192308,-14.918331621902148,-16.065075432063416,-15.492329999159201,-15.108842901745547,-15.643232630574591,-15.60587197444028,-15.430256850525403,-15.553428380366647,-13.718319083907264,-11.934084377279515,-12.348205023912788,-13.063137520570248,-13.880590836062648,-14.897594963393935,-15.691664828045084,-15.324839390317635,-15.987308912141035,-17.585177509860358,-18.73078029297377,-17.573072280923416,-17.481524722572146,-17.838885705454516,-18.717782175809454,-19.139522857786687,-19.25119577934646,-18.271352245962554,-18.6277161352315,-19.40322306493278,-19.60187614196921,-19.8159637739464,-20.460689348362383,-21.739763940388315,-22.91304288678629,-20.620285461289214,-19.8940740383372,-21.353926228051108,-22.458979847434584,-24.959788990473324
-13.336103778335167,-14.475806846341715,-14.511991649093858,-14.523565016602378,-14.485183932262574,-14.230351751934958,-14.70812059652889,-15.305095849630993,-15.950207572902352,-15.874950659149388,-15.868037632973042,-15.279357766733174,-13.959109331775704,-14.016242514203896,-13.287839856954957,-12.476232429390853,-12.569073452624412,-13.330332776002612,-14.330984341590193,-14.90210477715777,-15.872060194050658,-16.560776706488838,-16.78927941836025,-16.4329218188208,-18.319308299098306,-18.394692678113344,-17.725913373161333,-17.678694662130336,-18.68665815840346,-19.474657336315982,-19.734037528196257,-18.95908461518968,-19.08355406281527,-20.813876637709683,-21.058057390752612,-20.73515179329271,-20.31135907491962,-20.02331546456385,-22.59498992547877,-26.247871680495017,-27.276236039682246,-18.847072326334498,-22.848516908192813,-23.76250180533786,-22.556234486393492
-13.569464485592531,-14.46501027018281,-14.357037574146798,-14.479619300950542,-14.62533905766149,-14.646786765036815,-14.976410789935,-15.304573137401807,-15.161072012616788,-15.25621976204105,-14.621084012063596,-13.42645972198524,-13.018946112650596,-13.101924779668794,-12.906973403076627,-12.262820089037275,-12.573030983385562,-13.841347332597422,-15.076469923745565,-15.947128197194175,-16.08220151490447,-16.563022820107445,-16.848090680530373,-17.184283650861534,-18.337094497395093,-17.891049323882534,-18.0333364120262,-17.819569016478138,-19.087255751386742,-19.362068514179132,-19.826074581223786,-19.429610343487887,-20.755093424847164,-21.814627618922792,-21.357552682510583,-19.5053511355325,-20.014089805912906,-21.44110121597791,-24.01463128744946,-25.800325565114257,-26.912135266696243,-26.194835942045916,-25.83864371785667,-23.89358822820353,-21.63116210824641
-13.70095391908766,-14.532059089521628,-14.3031973285663,-14.851703594768534,-14.843012192652505,-14.850667360968119,-14.623740955938619,-14.765992125590191,-14.982157627482389,-14.74122664073408,-14.299420920146064,-13.363439827000192,-14.171173942496006,-13.520934581056169,-12.748990679563656,-12.850427582948745,-12.943113431939745,-14.743016627273981,-16.016774187365844,-16.47111737498642,-16.310962827690737,-16.562939955347293,-16.21526113841058,-16.534242992974203,-17.617217155482912,-17.82704347177463,-17.93025889915434,-17.75878159615199,-19.17998403926958,-19.367647581206082,-19.675966509464935,-21.289845189183147,-21.42106391680862,-21.524031244111125,-20.500094608110125,-19.43492612159065,-20.751268852713256,-22.464818364463902,-24.786990908691436,-25.113447504258964,-25.83449686408938,-25.84884407845616,-24.913075909413767,-24.918678141765987,-21.414140331173442
-13.757617860780902,-14.442911117893152,-14.50512720647426,-15.034579386465847,-14.933567168464245,-14.209460747204222,-14.217733718407828,-14.759662352905353,-14.572080698409879,-14.62187225778602,-14.527675754726822,-13.693694292915783,-14.671141007140836,-12.87113007186724,-12.540207317935874,-12.89527245848389,-12.576222247092995,-14.116514280511502,-16.34264124605866,-17.222033404585353,-17.07557070435376,-16.94886103147936,-16.4702860728988,-15.87975992545881,-16.82961701995896,-18.31910946264192,-18.724896376275584,-19.04232026920644,-17.509950783906977,-20.52684819549269,-19.734284820700154,-21.095478211149917,-21.60012404947259,-20.923420652738645,-19.55110343715176,-20.819842742060523,-21.438263645060786,-24.697295798802728,-25.68905809069789,-25.22496021224956,-26.155276401643995,-26.236437580194334,-25.378103616530012,-26.25092638034956,-23.90956050419731
-13.522155946885894,-14.620880498782592,-14.483858876734415,-14.667746802668715,-14.708826413585623,-14.098955926888081,-14.126369412192636,-14.875517789834205,-14.24374309248899,-14.50478411441269,-15.254062715931557,-15.610968705776646,-15.567545345286394,-15.30506345351759,-12.972662703843573,-12.970591289308333,-12.417865361598363,-13.248288704488562,-15.801258533783631,-16.995989186345057,-18.03802733211506,-18.15823296909419,-17.076694771035644,-15.66274979085354,-16.39685480840258,-17.31839831410137,-19.51772428637579,-19.128452465716364,-18.80180665440299,-19.08533552296933,-21.487181544108992,-21.403082315885545,-21.09752212043116,-20.586448288510592,-20.825399319205594,-21.379765460753127,-22.12477465958331,-24.41074436938496,-24.699560272578857,-25.385182327705913,-25.559567741561352,-24.678981401821645,-24.355357869407435,-23.269582015190856,-22.06833981788171
-13.386905327925033,-13.986763348103054,-14.272200808440711,-14.723473474809374,-15.067213802646055,-15.14759551520188,-14.882146282919546,-14.951096730230772,-14.788892166610527,-14.714951871771255,-15.173171446155648,-15.88804727784748,-15.747949697891286,-15.239823563881213,-14.530496261628436,-12.711690618383656,-12.865427093888608,-12.9893532288726,-14.628602632992264,-16.981707337012825,-16.82446714088149,-17.803365378434783,-17.83615906031972,-16.42821803379441,-16.003484064266804,-16.972484748893567,-19.337594995623338,-20.0219341104513,-19.835084107223693,-19.63347510975122,-21.69481692536251,-21.56492102540268,-21.637805814019163,-21.108179822471524,-20.141511315099983,-21.700834816326854,-22.323928241572272,-23.810883326018196,-24.270890426345357,-24.743082442654547,-24.319555908485928,-22.67419690343411,-23.245085179537302,-23.255665600719716,-23.001407232742046
-13.122625073592651,-14.215038574856367,-14.824650908480494,-14.964933780876208,-15.285114974856207,-15.713180076719835,-15.9147800314242,-15.581795592042697,-15.827491746776548,-15.290492002414078,-15.43150468665717,-15.907949454245117,-15.82968723337902,-15.404894446608878,-15.376853798910725,-13.304347931325914,-12.80182080842625,-12.610084347842129,-13.834436988223446,-16.7424699849119,-16.810334733482748,-17.176815561678293,-17.924941267073336,-16.738835232894616,-16.7839429184071,-18.17756269393323,-17.31946420462952,-18.918201271881493,-20.21455324651044,-20.031797626509107,-21.46922086943783,-22.343264766629964,-22.056586612974716,-21.9580702056223,-21.387872411806597,-20.388178970590225,-21.80393552844275,-23.21069458978198,-23.92830796193158,-23.570698087071953,-22.717719858750076,-22.53509068783989,-23.242652695379444,-23.74369421037558,-23.682380096511615
-13.211979172249405,-13.508876960562091,-15.296253615806313,-15.473159335736515,-15.283330921901802,-15.881948459603558,-16.29167355320946,-16.152347692610974,-16.335908724024407,-16.12797034240841,-15.943041323408904,-15.867269511504729,-16.090734152243183,-15.337074136459936,-15.305662418194744,-14.566574548131237,-12.977629575913166,-13.264419471536858,-12.683441585884179,-14.938590515103272,-17.071946650202655,-16.883557720604138,-19.157544762288254,-17.521423587389688,-16.868109018836435,-17.388384153291128,-18.646202288558424,-19.010888953334472,-17.929129443191176,-20.646023360551535,-20.826704196177857,-23.50807903507419,-23.01285039857687,-23.055138345128135,-22.59665029549191,-20.30797197297266,-21.128502359185898,-22.115642002703098,-23.241864895681097,-22.232729666397496,-22.51789412625664,-23.524982615037295,-23.171273238439387,-22.597474155384127,-24.054403862822497
-13.665119074754118,-14.0811219280031,-14.989535949166738,-15.828035010612208,-15.804787484884919,-15.803429175179536,-16.44059012816092,-16.48884233283692,-16.303124084283795,-16.087545740716482,-16.081978210901365,-15.65353409020597,-15.603157967128624,-15.752471605448049,-15.38565853989037,-14.932250759681565,-13.06302988829341,-12.90464654635911,-13.451539132840496,-13.986212937137001,-16.504818773356693,-17.798021779561022,-17.668398328922603,-19.683384627767108,-19.134433720641248,-18.121034486944765,-18.35138224932169,-18.57755403493404,-20.099857255741377,-19.954626277008007,-20.777999824292024,-20.570604930837725,-24.15379778488496,-23.03449717026231,-22.590405213364797,-20.46798127298934,-21.924152166400283,-20.398008576531858,-22.69149089255033,-22.40954632581387,-21.82337554940625,-22.67313608962157,-22.449516645806423,-24.272038894654248,-24.810668263970715
-15.165703132950911,-15.417538468556279,-14.301520180108877,-15.853312300164365,-16.535377968851684,-16.55724655390263,-16.326904523682494,-16.83809853422961,-16.674161466840673,-16.150454456389042,-15.46521144817221,-15.893580666020522,-16.122451438956368,-16.168866210834405,-16.062584111205034,-15.398703374093952,-13.928355331278716,-11.589519949220767,-12.319061698215092,-14.766032398470045,-14.881979104556452,-18.917531154685612,-18.847469679645965,-20.413821438582787,-20.43852352011941,-19.06823208713884,-17.737382945965017,-18.897814201460278,-21.00649174824192,-21.538178298530518,-20.46072252030021,-21.364777345777675,-20.09979208979601,-24.040571153823745,-22.920694469150636,-21.05562959210629,-19.413751036319095,-19.531046231374205,-22.194883017926163,-22.76381877662562,-22.50244949950739,-21.617678336428806,-24.07774181490771,-25.122212018136487,-25.75336253762465
-15.250010735913031,-16.437535493652984,-15.530609596340938,-15.073757738981953,-15.961691487895944,-16.76722340189548,-16.17888273845071,-17.086211892950992,-16.920513098809682,-16.426646174554083,-16.02241295057536,-15.904092228585375,-15.944022938443108,-16.375282877315584,-16.267564485449164,-15.997121822187593,-14.550575898977456,-12.077397789499546,-10.013599243788866,-12.780421574048512,-16.2823272360221,-17.249932152327652,-20.238974955690924,-20.140323984858124,-20.886442776719335,-20.78217681950217,-20.18000322517873,-18.66103205677034,-18.346655675372407,-21.30308105182797,-21.591173631841123,-21.33596081176188,-21.454618358276882,-23.026525945035228,-22.574476521988927,-22.66732293892274,-21.16679938086408,-20.304052466208894,-22.448870230042026,-22.8506839262486,-23.02828840395699,-22.461238529110606,-23.107114605896818,-24.58764911339256,-27.012907795165333
-15.629445039093335,-17.153105062042727,-16.30803714989562,-15.356323857555289,-15.86479992760417,-16.501880315005604,-17.131204102375428,-16.392401729215674,-17.154396967543118,-17.420757314604614,-16.145970941482148,-16.022744774153374,-15.771026228658945,-16.5337392208441,-16.53591963067179,-16.15843518113007,-15.399945976149615,-13.327720115284833,-10.242790560538527,-8.789217032189757,-13.9604498546666,-18.069337898956476,-18.150467863714553,-18.37124544668214,-19.90270388386598,-20.91273128826118,-20.87594684080685,-20.00954400975241,-17.888894624508637,-18.30790467985571,-21.134155234491626,-21.077550392715654,-21.927737862102855,-20.749057880216494,-22.670154154573062,-22.95511338530328,-21.310133351121582,-21.40431213842925,-22.098615922348014,-22.591895663352062,-23.89499197734208,-23.103681544075933,-23.090833043307043,-24.71149129310409,-27.058515655049543
-15.43571301016052,-16.083182677204263,-17.138329467061418,-15.826474795229576,-15.165350147038748,-16.072035361090478,-16.95625611275162,-17.481454992408402,-16.71971840782667,-17.83700790588438,-17.64689923664861,-17.02615091886109,-16.705900032058576,-16.302950439159833,-16.971093937294672,-16.74852355396502,-16.381508856511076,-15.316804022893097,-12.48146499643696,-9.846202785607183,-7.712418248544078,-14.914461805252683,-18.348723453988747,-19.991167011734913,-19.754660624331553,-22.303238755283072,-21.365665560995655,-20.38826362031331,-20.44810584459812,-18.045248648266085,-20.672675198043923,-21.694790492816647,-21.04810002327462,-20.273757748502582,-21.94216596132707,-22.665007467136046,-23.279776140518045,-21.600556632103498,-19.843186384319758,-23.54510759576909,-24.865869481982866,-24.53039824033051,-22.856101214126994,-23.28948152542148,-24.69642244123544
-17.07451382286912,-16.819181201578502,-16.59295300169725,-17.005553237096986,-15.920275019499577,-15.452841997378874,-16.614728719946008,-17.828837759087083,-18.03366301916898,-18.062933664058956,-18.683264226939073,-17.914135680131473,-16.847750480680347,-17.05679349351159,-17.0880413894432,-17.58228209447132,-17.100259335833513,-16.650793016210784,-15.36685145390668,-11.59429532199516,-8.490007625253272,-10.830175452145978,-18.39401056804193,-17.803374251518054,-9.404365736005486,-19.47042973201063,-22.039275847292537,-22.009715947238156,-20.27474142761023,-18.98888521122051,-19.159797629926665,-21.300716727462035,-20.922836968359896,-21.260436361540034,-20.28320595983042,-21.87673204351038,-22.865776507889453,-24.329907443539717,-22.08963183923274,-21.909146422822015,-26.141965085528348,-24.07560067945162,-24.320908907014235,-20.55964807653205,-23.854382168002267
-14.815620751569814,-17.800014727595194,-17.319689520318416,-17.015924592127163,-16.79639518487043,-16.05387668442285,-15.720263953710253,-16.318929373213408,-17.07432919929203,-17.871015821274955,-18.23871068486421,-18.27242776869842,-17.866354731282975,-17.83161267587197,-17.09128961499064,-17.632766888850146,-17.228720878145698,-17.2157407238626,-17.090990641265943,-14.686267601844452,-9.662774447844487,null,null,-15.577306043272236,-17.718028580868722,-18.666792658807324,-20.501345779445046,-21.75589584452121,-21.336127710705362,-20.998299698048136,-17.00870779299095,-20.764406294020787,-21.90880902196508,-20.72968807808984,-20.658310269185797,-21.332142778084698,-20.5601948403865,-20.825224374276793,-23.185829719701815,-22.105877797260412,-23.59739186423451,-23.796718957801374,-22.72283013612381,-23.08127578714492,-21.82311136458918
