public/json/wind_2018-09-1514_950.json
{"header": { "discipline": 10, "disciplineName": "Oceanographic_products", "center": 0, "centerName": "Ocean Modeling and Observation Laboratory", "refTime": "2018-09-15T14:00:00.000Z", "significanceOfRT": 0, "significanceOfRTName": "Analysis", "parameterCategory": 0, "parameterCategoryName": "Currents", "parameterNumber": 2, "parameterNumberName": "U-component_of_wind", "parameterUnit": "m.s-1", "forecastTime": 0, "surface1Type": 160, "surface1TypeName": "Depth below sea level", "surface1Value": 15, "numberPoints": 4800, "shape": 0, "shapeName": "Earth spherical with radius = 6,367,470 m", "scanMode": 0, "nx": 80, "ny": 60, "lo1": 109.0, "la1": 20.0, "lo2": 116.89999999999955, "la2": 14.520000000000117, "dx": 0.09999999999999432, "dy": -0.10000000000000142 }, "data":
[rows 21 to 41 of 60, columns 0 to 48 of 80]
-3.1604592693920672,-2.9114122147024317,-3.5653841307153424,-3.4544616393123393,-1.8317783599588329,-3.2305970766681122,-2.629562410290594,null,-1.8369888323359789,-1.3780530331606164,-0.4654500009665463,0.6154384686974862,-0.8806299915241613,-4.158591239835129,-3.324130471823142,0.04421204093264843,-0.14064428521837774,-1.7108637756519482,-2.3115073986120174,-2.5317518374770556,-0.7204533939918543,-2.0026964152473887,null,null,null,null,null,-1.8750624285781388,-1.8184225848952829,-0.20428509350287224,0.5495009638436613,0.27041208143540335,-0.21710667584560733,-2.4308268922060625,-1.327881009041271,-3.7912314103929323,-5.045995611762651,-7.4272195502990055,-11.088600496384615,-6.826732102394631,null,-12.65779093345583,-10.344704612722298,-8.382361135396604,-8.015256137458536,-6.851182158960364,-7.444685426681852,-3.568893183243897,-3.6452295128197547
-4.805653980744705,-4.154535702271202,-2.8591145559989632,-3.7339937097394245,-3.7978701009859788,-3.215269903881045,-2.7752737690972227,null,-3.0824515886485813,-3.4436231408843265,-1.1132067388218996,-0.6024478079369211,0.38218485071530134,-1.4320551619461812,1.6423637265757784,-1.8146508258044287,-1.0707301954782489,-2.372360461733024,-2.5087478274275625,-2.977564821817763,-2.5739521784652415,null,null,null,null,null,-1.386167301694119,0.5670455045885902,2.392152338555369,0.21047337170440694,0.5491175553906471,null,-2.2258720566160815,-4.6407547729512455,-6.305941092781058,-10.150027352555279,-7.465752129892614,-4.306550446788192,-9.372685025227142,-10.817103280175342,-10.787003422342512,-13.796738254747552,-9.885692993720234,-7.886203702296331,-6.9862234277790165,-7.608428944562706,-9.786784063433197,-5.341854278016436,-2.106071570631853
-3.058589284035442,-4.08400114692266,-4.49700040255967,-3.4540435638430047,-2.294634852319592,-5.066208691482388,null,-0.7629639657817997,-2.3643853830410904,-5.842793176676681,-3.9759322121326317,-1.66530609113109,0.1975607451344916,-3.371882576227531,-4.205355834925993,-2.327727258039788,-2.439889855225992,-3.1683513951822446,null,-1.7760856651548482,-2.8594700246125595,-2.3166611939648725,null,null,null,null,null,-1.9426759535162232,-2.2438649895014837,-3.828665782696627,1.0258256395484981,null,1.2085929907930586,-2.307116934616846,-5.136490247476239,-5.593543489755216,-7.636805537653695,-8.514881036444136,-10.591668463391528,-9.308929507862125,-10.212886341232128,-11.467284845125493,-11.526779096618826,-9.599630577654914,-7.762110448715163,-5.092326039398604,-4.522891877484126,-4.021480105722443,-6.166247516727336
-4.206433426155391,-4.132926783225956,-4.349066124693757,-3.875923946593228,-3.7546236282412404,-0.7121104363999899,-2.5764206926945543,-2.2765583343829325,-2.476542340538708,null,-4.4410045089240295,-3.7034409723469386,-1.8821608729595616,-4.492691779895619,-7.004843655562286,-6.991889607669252,null,null,-1.3902732727308487,-1.7176839788461136,-2.4787677482613266,null,null,null,null,-3.7477311799432385,-3.08256763212872,null,-1.479920960845911,-4.284461842746163,-3.0840901261243485,-0.05318555889752389,null,null,-1.429370033765485,-7.916863441907201,-10.157998196090746,-10.264866622515903,-10.693040290723989,-12.667832197393974,-11.444403047240336,-8.085077505679632,-9.880875637174945,-9.785580745990675,-6.9066897931136815,-3.9831257748703424,-1.888769067518447,-1.6670377010475628,-1.7067689603889933
-3.9899304804639764,-3.263713850303484,-3.4407009447755788,-3.509042127483915,-2.8066262792189907,-3.2768787618827995,-3.4674887349252566,-3.0091195537081745,-2.9206033000156872,-2.349825774805052,-4.336655593259225,-4.237871113900521,-5.589368989931779,-6.998457729173573,-8.184234322360776,-8.036215305209602,null,-3.362227073341826,-4.144661798251498,null,-0.5947793293092871,null,null,null,0.1000207755665639,-5.002395218925879,-2.7111561468635497,-3.3187749831823528,-2.708110574875408,-1.1509316524965985,-6.84323406754566,-4.535788659799564,-2.963402108858879,0.9265776328697272,-2.8553615599241793,-3.1552187024994343,-7.896993600473888,null,-12.85140915387217,-9.857483635876333,-13.467281207335603,-12.43591322764073,-9.61940199515502,-6.3083528112236875,-4.5690284688995035,-1.7789534490437517,0.44197490250342164,2.369628728316253,0.7525459523955932
-5.190682516684747,-4.028627039062277,-4.5943034001317,-4.084270539814854,-4.066370828665314,-4.341386935678306,-4.734744126175132,-3.026215924731425,-2.5468441321411106,-1.3732580891412167,-4.676683403182566,-4.8714399777552035,-4.922883921666221,-5.046593422219398,-7.58668361577908,-6.989019058848381,-5.942030405558101,-4.653397823213566,null,null,-1.468499967663402,null,-0.806348832507356,-1.95567834324472,-3.0057137604871613,-3.6568805942620206,-0.48539497298099593,-0.6756937102940654,-2.2922931832198956,-1.0975611705443584,-0.5506881912805709,-7.245686184195462,-5.919482578559999,-6.025661552846907,-6.109534172540533,-6.680318640069734,-7.249835639676682,-7.342718257492385,-9.317304250485622,-14.342089299908217,-13.162471489342735,-11.943562992384988,-11.0405075482537,-9.681006388978318,-8.434144456945262,-6.030838949353905,-3.6000005947311564,-2.0837588223756778,-3.3222875921712243
-5.833538323192386,-5.500220574829405,-5.423491487458419,-5.15965827190478,-4.854994863800575,-4.344303293827067,-5.352467765352502,-5.428557820693967,-1.9652913630468707,-1.5117530519572093,-4.803111746409503,-5.272944340572346,null,-2.9991135389869177,-3.602992004021425,-7.134498648283334,-5.565784066491626,-4.359271852933566,-4.320513527039945,-3.2541885074302073,null,-2.4089588986998747,-1.5002418054426059,-0.570907996430496,-1.914527488261564,-4.226466616654392,-3.3708431609687164,-0.877998366004604,-0.8829727966631118,-1.5644779285903256,-1.0115886043427285,-2.9745277630290903,-6.4217797581069265,-7.455745226244276,-4.714024639268091,-9.83108818193752,-7.272937943350409,-10.21041553197269,-11.962939796025871,-13.177264758001598,-12.558045455452515,-13.524240583706286,-11.056219938522265,-11.59876140849545,-9.885793389181886,-6.596291528515568,-3.5140249911730903,-0.9815769603391762,-4.6890730785821715
-5.616102523570478,-5.990588304057041,-5.799474266638281,-5.54793664039551,-5.738401294574161,-4.60345006297868,-5.400461742601103,-6.4203351059805716,-3.5658405949968923,-0.9845329731036587,-6.113759440831187,-7.252857233338622,null,null,null,-4.638515728459927,-5.38674473156537,null,-7.562010565418398,-6.498161109762846,-4.704729579223617,-3.9891521881624232,-1.703648370131174,-2.494685653400742,-0.41351663518982273,-0.42745134919776895,-4.5087140531694585,-3.2040982695102858,-0.6945873085276556,-1.812407501071499,-1.6033773823719222,0.4772679161508853,-5.100239342002677,-5.9585040786874774,-9.378696557205302,-10.485716615105222,-10.683662786947203,-10.683531289823854,-9.667685146598448,-7.814788998392183,-12.601092276170764,-10.440816810237367,-10.264438833756227,-9.599930033395546,-9.434258395124969,-8.89688259129305,-6.978042961769608,-4.935323532179366,-6.423046227527466
-5.259854482310477,-5.457796800080224,-5.071029492945,-2.7874885507831433,-5.085833702556176,-4.65675964076995,-5.93635557378809,-7.533176561159241,-6.619610673950194,-4.840193421651674,-7.497778616354685,-9.165755087392384,-8.257364732219326,-4.855173387910037,-5.423491559931637,-4.181193832060282,-7.429864706814626,-7.695365546269527,-7.47423915005833,-8.125135989092731,-5.224759207155067,null,-1.959517456846255,-0.7237092228985145,null,-0.0045628314154346344,-1.0698999743420532,-2.7590515728022655,-1.5560638415697123,-1.316329240607221,-0.38908677454059004,-1.584749450184962,-0.3293577892836912,-4.818086303024415,-3.93012828793702,-3.84731086135532,-9.154259856627771,-9.213794837591688,-9.37117074195528,-9.93600059295693,-9.283101733422448,-11.615818894611763,-9.075638787312759,-9.705163933908457,-9.507428537678695,-8.907577372822878,-7.677645075674233,-8.484519091068199,-9.95567802270222
-5.252864398909358,-6.12628090295461,-4.831664959493429,-2.9908581276727557,-4.871374476335964,-6.079410902008545,-6.132461958380504,-7.414556193233872,-7.456017460996985,-9.205181306445063,-8.69897823721883,-9.119781112840114,-10.015161997392752,-9.115086987595761,-9.892841554974742,-8.54147615318147,-7.711823151382944,-8.961463254872967,-8.008149274479168,-9.846849702137005,-8.821945317230051,-6.108284580890747,null,-3.3408511621105323,-2.9779161377805834,-1.2737911666854993,0.731831226734585,0.8072259530398918,-2.3570432155389547,-3.3292659669820504,-4.590379628098763,-3.5246005837738306,-2.98075217560912,-1.1473495117006987,-3.7147630555644873,-8.34451538225388,null,-4.180003439835559,-8.866478051979815,-8.603732192492473,-8.898916132840796,-8.903946396168337,-10.623341364111507,-11.165761542482311,-12.034685628591877,-10.193275939231789,-9.721783477108064,-8.739372023228768,-8.238812029265391
-6.278393191935147,-7.065257162243414,-7.378815481657194,-7.046970356675637,-6.302753970000593,null,-3.480843486703807,-7.083993796275283,-8.584865855448827,-8.453970637418518,-8.999558118586236,-9.566597703984447,-8.64500842096028,-9.655489853273533,-8.87583020184452,-10.762700129350666,-8.398476352450881,-9.355231514403672,-9.555857085278543,-8.71290503439063,-9.360650774830763,-8.88086739788793,-7.36092823628671,-5.945328032560981,-3.1740223913310635,-1.4244242518724437,-2.6436706628276356,-4.811908775123802,-4.597230370480755,-3.1122359294340782,null,-4.656250536833199,-4.105379363896932,-3.868135906305632,-5.902839189719262,null,-8.337046721069354,-11.49852339929879,-10.253271573308853,-11.011264978526237,-8.77976410431755,-8.127925696405729,-7.096457755180014,-6.479162372184852,-10.011035694810337,-11.254751412218553,-9.898646712051736,-11.090111432139313,-10.412189074259874
-6.04295585667865,-6.724743393361906,-7.588293780808427,-6.765624023004888,-7.323615684750198,-6.143999732375023,-5.48155057712377,-4.040720917770041,-5.857465106998969,-8.269080187282903,-9.924622017882736,-8.89533787663761,-8.446139953317859,-9.250349709088606,-11.014141466051989,-10.2988001684871,-10.75510774520703,-9.536432942631862,-9.343619013422884,-7.465282822797987,-7.503606546340613,-9.189604076721599,-8.757531913094269,-6.875009200249382,-5.141726723912014,-3.242352023653043,-2.3705364079438884,-4.273049737306867,-4.9609368430203045,-5.192371019768754,-3.62003500261173,-4.395779918606716,-4.836929268773678,-4.069094021196169,-5.0358696678952715,null,-2.083632212229246,-6.759696667453976,-10.96807828632723,-12.246437891792409,-12.219622787906479,-10.742211279975598,-8.467301643140194,-5.545247998134682,-2.9776139341829326,-3.996048447491044,-9.437653293085946,-9.938228877494545,-11.648709114113107
-5.119669467355605,-6.395959638862569,-6.8513760138490705,-6.813779454674635,-6.742628190716932,-6.291882420244084,-5.521794456540321,-5.2223896559073975,-3.028947537745887,-3.335174272939817,null,-7.41489296933966,-8.741079682691318,-8.566848215017773,-11.159134687658002,-11.870686573739517,-11.256496852723517,-9.476223766173693,-8.702534793152367,-8.3531691192216,-6.191471618050752,-6.97339502449276,-7.899063887171135,-8.230708320404947,-5.676489740693926,-3.553962077662312,-2.7895574625780895,-1.9365276158190283,null,null,-0.9690719594080561,-3.4382125887002752,null,-5.127310677040589,-3.8837086850161397,-6.756418233222009,-6.668954156538434,-6.048030283476791,-6.551981503186209,-9.598373821651533,-12.257538728224018,-10.617079178242541,-10.448730684154606,-9.739835563044007,-6.28762663097658,-3.729385937495023,-2.3263977198944303,-8.725988303374852,-10.330535022511617
-5.684576446370202,-7.689198028296296,-7.9487372420661035,-7.17445546505504,-6.281081471036202,-7.070193353918172,-6.381192775396762,-6.509066595376628,-5.991908046970122,null,null,-8.032148311323295,-8.671232293229552,-8.940319674256324,-8.922292556960535,-11.246455998092758,-10.919252788002934,-9.39015516368657,-9.023352405303617,-8.715116356032876,-7.351353634217499,-5.840335453803584,-6.633168310644495,-7.909473714144486,-7.471039370451576,-6.912884923151771,-3.2489629380612604,null,-2.284977577723229,null,null,-1.0018478924536667,null,null,-2.164752509469286,-3.5519812864384033,-3.548510965366435,-6.66801132742697,-7.2603771399643104,-8.847176912355541,-10.942268861003546,-11.312551317825903,-11.455686975518587,-10.037263151196697,-5.230866394602723,-6.167004486871115,-4.794181184446701,-3.4564848820227176,-9.874614789630522
-7.93153382882867,-8.280124723893977,-8.200289983959706,-8.067023504104823,-7.783343373566601,-7.298693352998208,-7.625739404219814,-7.519793390874014,-6.5932391440958265,null,-2.464338656394138,-8.180546610598475,-9.631665199156982,-8.830518208615091,-9.52924079570589,-7.684035604131854,-10.322013896849365,-8.562515918414842,-8.53532641647749,-6.158143327587166,-7.1557643424614366,-6.1082137724597505,-6.70501211827947,-9.958170013211191,-8.534760616397175,-4.711035668892704,-5.34986246861319,-2.5863082336547834,-3.6932664076361403,-2.8942892206961353,-2.6535171798368404,-2.0960436262195032,-4.389311903471475,-5.19751331982528,-5.761893215681816,-2.5405283232553,-4.094393501325627,-7.284905043268241,-8.60688207052255,-8.92494255484713,-10.545111945948591,-13.372548891891963,-10.536664359694418,-9.10069921002494,-8.395265249803698,-7.195333977119982,-5.924009149448569,-8.357482709511679,null
-9.554120786420626,-10.946060941168081,-10.106628530222366,-10.072811740240589,-9.808914777500467,-8.436803707842351,-7.675087562446205,-8.616807120160882,-7.939164732733817,null,-6.154032492866493,-4.6981564596087555,-5.456897325099014,-9.49564793777626,null,-7.177252417220058,-7.59206322434342,-9.114839625531435,-7.990432536751829,null,-3.562467469201379,-5.5022186279629235,null,-7.570463592786066,-7.257031681758319,-6.647157551365005,-5.661126383279564,-3.4262864988238437,-2.2893416311250725,-5.131821589633253,-2.763039352120706,-3.226243725419268,-4.765089448374575,-6.045308740933887,-4.7457640268524655,-6.995073803769923,-4.422018963946091,-5.2785314362875,null,-6.315478857310114,-9.667022327306077,-12.699154554256626,-11.759964882328289,-10.012691186625466,-11.804006649441497,-7.368540262292438,-5.709593502109573,-8.249086221687321,null
-10.165234479412325,-10.47294719395749,-11.313581190283662,-10.710744528284401,-10.64901776024986,-9.766397809376214,-7.308169318443214,-8.873751191334152,null,null,null,null,-8.759251540261237,null,-6.794926963067262,-7.14423890669865,-7.374881890678637,-6.92801787311527,-8.20788118331626,-5.140366543539023,-4.0476099277991056,-5.965280811265629,-6.180174289628057,null,-7.511980107399874,-7.115786570099407,-6.140547424872579,-5.601634133350738,-4.666842723129938,-4.324573863461547,-5.0472711171336355,-2.0096101300015663,-0.7238072268469268,-3.5134384252873394,-6.7699627973873735,-8.265678594037697,-4.234508792286621,-7.711714756839706,-7.285347081624752,-5.398760440224709,null,-6.722613094106004,-7.218615561791774,-10.627912762288414,-10.074860542530901,-10.85607079472587,null,-3.921119722790645,-6.4606706093588135
-8.442282218534102,-10.098431093999777,-9.595808851554164,-10.659108014257104,-10.762203331636634,-11.233045149780434,-9.115032515385199,-8.44686752294817,-9.669676269468498,-3.6976518415183275,null,null,null,-5.7514451595820315,-6.932339560890519,-6.292115324714191,-4.113907343840444,-7.211741898629347,-5.035708941649636,-5.873776261735892,-6.669544650792653,-6.123775691549387,null,-4.133158272307082,-2.4508938075202655,-5.602213398423981,-6.925233972470956,-3.3554619112615693,-6.239387906535035,-8.727353163965619,-5.6152358076910405,-4.345098554871214,-2.5580027137420602,-2.5585740405894475,-0.8795631900668838,null,-8.414222441503155,null,-9.234484413676945,-7.829009533246582,-9.726249183392687,-8.849891123434954,-7.290331001234844,-6.7735787139831665,-8.574704752295935,-10.38437840613187,-7.841354080523797,-4.443796598426985,null
-10.299849126229066,-10.978478759812418,-10.212066222624472,-10.620705078278677,-10.983392528489315,-11.664559893927317,-11.196201373759248,-7.850820861075096,-10.462615132538504,-7.573348452726677,-8.132729160660139,null,null,-5.339358313809788,-6.299676634490823,-4.195600578741318,-4.55710899532683,-6.237391131777737,-4.811034439562454,-7.831181926758883,-6.857800771006483,-5.1176837203280225,null,null,-3.873750450695218,-5.944233524916278,-9.207722766399089,-5.831523688888894,-2.051584881622871,-7.544894842082458,-8.978205561091123,-6.736450360023994,-7.1048589303364444,-4.812351253386302,-4.621335519211926,null,null,null,-2.8281906638380554,-8.9519320476982,-6.5440470777129915,-3.8753646262908874,-4.503770658130001,-7.2240304978233345,-10.409443313946342,-7.867337445551478,-7.272262562091903,-4.997310100594717,-3.7628491212919988
-9.423771929724293,-10.48587025241085,-10.279094089166598,-11.477707325105849,-11.549592978316324,-12.040643598212466,-11.213102564704192,-10.745317385639924,-7.133418916777261,-10.225993730260127,-8.492836787056206,null,null,null,-4.527209471620781,-4.7828111280856245,-3.5937013374044904,-3.204419441820068,-4.955727781997344,null,-4.189251752652204,-7.2095458872916955,-3.488697101185857,null,null,null,null,-2.930282830789246,-0.13132493864593345,null,-3.1193610387699566,-8.743126067820013,-3.838795604776758,-4.013097339779866,null,null,null,-0.5578122360649963,-4.903539033901776,-5.228404215804843,-7.021538998425137,-7.739524443996096,-11.848785822848539,-9.162033961027195,-6.634972356344604,-8.423608722672364,-6.586669106812806,-5.353509057301743,-7.760566977597075
-6.154155160043372,-5.757549895279386,-11.921851218635007,-12.580802688610358,-12.778148607152009,-12.49534807524783,-11.83018592727192,-10.906641241978814,-10.809066417109356,-8.608346548417803,-9.990955216339232,null,null,null,null,-1.1549313299641586,null,-4.367813041837137,-1.229815753935074,-7.177031523922414,null,null,-5.552213885216354,-3.670984354485481,null,null,null,-0.90205854299464,null,null,null,null,-2.508179312950684,null,-2.982429971385633,null,null,1.2700883002139185,-2.206781681171928,-5.619049295388772,-1.842093464222852,-6.8101340337431235,-8.296118961583685,-4.6717658833202185,-6.885978284319774,-4.622763563890186,-7.707660064582746,-9.089581757071883,-7.0684399957368536
