public/json/wind_2018-09-1607_850.json
{"header": { "discipline": 10, "disciplineName": "Oceanographic_products", "center": 0, "centerName": "Ocean Modeling and Observation Laboratory", "refTime": "2018-09-16T07:00:00.000Z", "significanceOfRT": 0, "significanceOfRTName": "Analysis", "parameterCategory": 0, "parameterCategoryName": "Currents", "parameterNumber": 3, "parameterNumberName": "V-component_of_wind", "parameterUnit": "m.s-1", "forecastTime": 0, "surface1Type": 160, "surface1TypeName": "Depth below sea level", "surface1Value": 15, "numberPoints": 4800, "shape": 0, "shapeName": "Earth spherical with radius = 6,367,470 m", "scanMode": 0, "nx": 80, "ny": 60, "lo1": 109.0, "la1": 20.0, "lo2": 116.89999999999955, "la2": 14.520000000000117, "dx": 0.09999999999999432, "dy": -0.10000000000000142 }, "data":
[rows 38 to 56 of 60, columns 0 to 42 of 80]
-18.674993998526432,-17.43168283360145,-18.7227584583392,-21.876282638639815,-22.255114131599832,-20.216787402023044,-21.309326034498035,-19.81009269112007,-21.56017926563378,-21.016669823475933,-20.805681394134467,-21.822107759650955,-24.57633048084673,-22.133412921258902,-21.797322299692976,-23.886257069704318,-23.473781326465172,-22.739559525293682,-24.25859307927728,-21.5758684734651,-20.384391443353103,-24.1661691339376,-26.860334835749313,-24.52934185297759,-25.48583886830466,-23.943596842997902,-22.97854906549589,-23.478099349258656,-21.613736752032793,-23.324483389673887,-20.747785621623393,-18.49043600745595,-17.310385876043682,-20.662445818439277,-20.388306463971297,-19.373379100876562,-19.782210188340944,-21.814718817045417,-16.690363558549194,-14.901629962994965,-11.617897421945306,-12.174372761349616,-10.133907676218435
-18.694663631689686,-18.458999327027424,-17.129637301645815,-20.645858305514295,-21.438814201930512,-19.78664757571152,-20.817266365905645,-19.57896866157172,-19.31607374716475,-20.502420899168264,-18.978004701035946,-17.766920243124435,-20.75762656710787,-22.206875498572476,-23.92104201067802,-23.151766155672842,-22.469378766795,-23.209415346021675,-25.7934383473271,-18.194508903517793,-22.645620865621254,-21.3506252389706,-23.904818506478296,-23.311878906983896,-23.407179463609896,-19.332383358188395,-19.3387404943275,-21.806010521985083,-20.350286251522352,-19.495144717397622,-19.984450916163095,-19.145593534572846,-17.37583053737024,-19.060647577336876,-16.93199380132169,-21.13086645362883,-20.94261447217759,-21.413047852694813,-16.360384309290765,-13.728058623936596,-13.510032758137829,-12.881156431638317,-8.994257724565207
-18.842543365481273,-17.300674990724886,-17.223662923866655,-18.713938824291066,-20.79011842864034,-21.393535153701954,-18.01037646919703,-20.150246535636185,-19.122942434691623,-19.87645953691131,-19.622464603056287,-19.355926279467038,-19.294791510206352,-24.74772141250287,-22.943665775102478,-22.207383122461263,-21.717430007597738,-20.47603208202195,-23.33472348217079,-24.31085373603955,-22.10066913470775,-22.062684798905394,-23.67392528302063,-24.68696591810573,-24.836417941239205,-24.516355682516775,-27.67559280968377,-26.157695286756827,-18.82055278197485,-20.971292038566094,-20.147196700790644,-20.52550157286834,-18.09470954406764,-17.95431520157763,-20.316110194145665,-21.687469571068483,-18.67267553716967,-15.286664760750728,-12.210714246391145,-9.963132708711425,-11.364871484562952,-8.741181437859598,-8.441056655482061
-20.055341468445956,-18.249896147290475,-15.687290981265253,-15.514112423920253,-17.19124540692748,-20.525488962093426,-18.58904220990298,-20.243821460151228,-18.906974454128687,-18.211261264134663,-18.338560915947177,-17.09531753871613,-16.16803645762223,-21.542564683760013,-23.504923076704216,-21.932892354134438,-21.182992240073254,-21.145726645328914,-19.80825310382952,-19.248472473202042,-22.87720242750583,-24.384643863602864,-21.171060025150204,-21.138697503380897,-24.778990165516802,-25.209094540968525,-26.520346042224006,-21.870160190217273,-22.311796930203357,-21.307927874352156,-24.3345818161837,-19.63941659817062,-18.168625810403224,-20.096754323740345,-18.313730812436457,-20.314945997121196,-14.446060955436728,-10.824476240760754,-11.570263714513619,-8.847148839109781,-11.927056868192563,-12.55472755186584,-9.905829833669939
-19.405334951537455,-18.480219007379763,-16.404663917580375,-14.417727113288594,-16.956522686124032,-18.981862833233734,-19.623845275959358,-18.45629305882248,-18.704805100751166,-17.476978898462924,-17.234373312459113,-16.38928596139189,-16.25752194355866,-15.087546194752232,-21.848887990074317,-23.182567659423107,-24.341434605138243,-22.711111649112762,-19.817804002934906,-22.474574954662884,-22.76019835045417,-22.73337134015656,-20.746536702675527,-20.40627129784725,-21.300750662741162,-19.136669635367035,-20.47154036145623,-22.20333580821859,-21.49522674941332,-20.446050160980388,-20.57737212612121,-18.11434632969662,-19.115372015087054,-18.423992974867964,-23.442687462699027,-17.200404974804254,-14.440666727215099,-13.50401409777354,-9.936758035905235,-7.511797708719498,-7.141225942676026,-11.074352912085915,-5.811407169371536
-17.15168166748223,-17.63961719451421,-15.210294592464324,-12.761437290295419,-17.600541406874882,-16.584753739104915,-19.555206547540333,-17.58074161947838,-19.35652307365381,-17.742010989675038,-17.57726840218721,-16.307810444533672,-14.775249125706246,-13.354006274680321,-18.618865600985384,-20.63921346498508,-22.825913515325244,-20.640764946590927,-21.93603019673148,-19.851194552840532,-21.134314453122336,-20.380664611529586,-20.179443455046208,-17.521892318529094,-19.12635575806319,-18.27728110193193,-17.92993060254247,-19.29109827843332,-21.45664674746311,-19.497778916391933,-16.87524366584216,-17.54245138705837,-27.729649233399705,-21.367076143066893,-16.77734755774568,-16.647380752242338,-16.999637861477478,-12.4198798645828,-11.25572327003314,-7.522854852017842,-8.237866197613844,-10.574115929898191,-6.814367865717691
-16.362085097673273,-18.01740806891196,-16.082005186804963,-13.72774116561424,-14.302121658485095,-15.606435600324778,-19.683923966923558,-18.007655046952237,-17.939994235542972,-18.009057783733084,-16.248193749238194,-15.865685731086497,-16.587607213462274,-17.13122528465001,-17.373450425883753,-17.810330069451073,-18.299148769636226,-19.196070653002167,-15.076094748123083,-16.3538019715787,-18.10225929705622,-21.07032726484843,-21.213663877432797,-18.288043611869888,-18.8948080795873,-15.766749981031104,-20.043752045594367,-21.367867208450193,-19.4427246992961,-17.1765813956966,-19.676484415230068,-19.627642052112982,-18.44231721745119,-18.19356017203269,-18.118890708953927,-14.536222761137704,-13.818039033921428,-11.601179494202245,-9.059658494329742,-14.43539696084634,-16.174466360062247,-15.608789482523726,-15.321885456821509
-17.573420978699776,-19.031085466057544,-16.93423787168998,-15.308544503317107,-12.501510787859923,-16.370626346058664,-17.66773339733755,-19.45433690374577,-17.54717171549106,-19.537016455221263,-17.912022990351982,-17.910796333615494,-16.93425846118976,-16.48068938489839,-17.653144591323787,-17.853761170762237,-17.693447150984685,-17.505591630075045,-18.38257255122892,-18.428906571010224,-21.70072301233307,-22.24204529904239,-24.102798671533474,-20.55990188401694,-22.462771623467972,-21.936336230668907,-20.706292973070298,-20.232071740600944,-17.714952585585117,-15.702705631000159,-19.231079457957808,-18.047682536077453,-21.48639767585794,-21.532569860265195,-15.706751776771114,-15.075260384644997,-15.085128883722858,-7.862691718464415,-11.84421090579439,-16.33121214452705,-16.16009456375659,-18.391772359132844,-10.61259420118445
-19.001329150110283,-17.544984396815945,-17.8993190775108,-16.34158757827548,-12.571967134237642,-16.461234206157272,-16.85810842228354,-18.970900757210245,-17.638556264405224,-18.24423192544401,-20.23606126279349,-19.136248933294343,-18.06703628765111,-17.312467215105865,-17.59075280408087,-17.03244245467461,-17.10207589865435,-17.533258953890265,-16.963993328118754,-18.857359543128815,-20.954359628559313,-22.816524281518575,-25.962643981795914,-23.213623941864192,-19.77383567032924,-15.597129418240026,null,-18.406424461938517,-13.645739978059245,-17.248660848453973,-16.542861757687046,-18.94861385171712,-18.87957921653246,-20.513736890636217,-20.962250944978788,-17.411393484091555,-14.07540894326636,-9.54672229298535,-16.629243626897576,null,-16.999000417195145,-14.972881879523742,-16.799705553225238
-17.5131508983582,-16.325432731125055,-18.526738715328744,-16.803677587596344,-15.140947926877377,-13.777590595336944,-16.983399769736167,-17.945058328869777,-19.08940962839536,-16.325731839955168,-18.314976556932564,-17.173087516711526,-17.57434113874934,-16.404718849207633,-14.084870626049947,-15.06843830547686,-16.70489435367276,-16.81216105902302,-18.51049454441229,-20.328511753074537,-22.783324065220224,-22.819634247424673,-22.233018091718638,-21.239712826011722,-18.922228738156143,-17.661640777356162,-15.818234015944679,-14.783031654277364,-15.788719265791135,-14.622599996548239,-18.48918835374239,-17.90754896244735,-19.09175717149263,-18.43830428400555,-19.156603880782882,-17.854526938913505,-14.37460105530228,-13.876832392302598,-15.47537516747844,-14.51515530244696,-16.45128078311236,-16.11800764533764,-5.694553825268682
-15.324827974636872,-16.701375408632963,-17.029811324273364,-16.97372284928918,-16.23979356039147,-14.124189519863773,-16.158517640416004,-15.230357728586922,-17.76188884670918,-18.16222603807662,-14.086456741280617,-19.55420991108393,-15.739560233646571,-17.777452861263768,-14.735883015051016,-15.101986543676915,-15.198642137985809,-19.199691222261738,-17.540662037383946,-20.93733197696415,-16.99887023078759,-20.305165845988615,-18.464462904439397,-19.14145273433558,-17.85879648077144,-17.140625307212822,-16.139206416800125,-13.475032997954795,-13.472516632958268,-15.356750082775292,-12.836362275662866,-18.267661264424245,-16.969772021407493,-17.512606709995573,-15.310795807175783,-14.779239194239622,-20.23061071818472,-13.056373341475917,-19.125369281053626,-15.917259488345389,null,-12.15208441467736,-8.626944360880895
-14.869588702453157,-15.644533023438672,-17.029309358800315,-18.221474809912046,-17.82628174985117,-16.042067489046186,-12.623535950408673,-14.795139189965726,-16.41750560459996,-17.01376302701809,-15.036605024752859,-14.74666945252197,-16.950006215876662,-16.563600887559645,-17.29391456322413,-15.767675932825494,-17.87507867478054,-15.858556443596221,-16.484416510889304,-16.60433502478902,-15.989252580553,-15.504036761380487,-16.019338488104093,-17.836218973551297,-18.981833802296563,-18.98542409137947,-17.241860922773295,-14.98379314134057,-12.69251126886232,-14.144829416463052,-18.671106889812325,-16.51962537039729,-16.61006929482733,-15.194542698393324,-15.469532268912236,-17.00462225507123,-17.91223775236334,-17.17891363810274,-16.112022905251127,-15.939501102795196,-12.928327636827483,-10.237367936436678,-10.016190892767392
-16.28494903230636,-19.18535908221464,-16.405102958594114,-17.429289112079278,-16.346613600606574,-15.543502890059727,-12.603638280546644,-13.051029687844192,-11.594588308270895,-14.61745240872452,-15.630967512420657,-13.349914899220824,-16.296545879916437,-16.5781412415327,-17.47500511275819,-17.016343784113992,-14.784290309733581,-18.381428837078754,-20.49858951591768,-17.237849331540048,-14.056809690142504,-16.333286249710532,-17.584998760251118,-17.936193849828854,-18.66007876566375,-18.684520258213983,-17.870409892728055,-15.944146842131142,-15.347795584893232,-16.226372939666067,-16.457904521199694,-17.6111019898961,-20.320240458065264,-20.26018728215109,-16.623341700365042,-18.743284863482536,-18.049229500718123,-16.2397863264781,-14.028221896798438,-10.490082636005106,-10.277209874981233,-8.892156462575107,-9.879098887743227
-18.26754475685627,-13.538691639765643,-17.270037912535372,-16.003615958479852,-17.04809476670402,-15.287645685281339,-13.764157109905927,-9.714060572020305,-11.31358393418505,-11.808254607868598,-16.173876248078226,-14.109321852782983,-13.347913358418957,-17.1514136087994,-15.618773089271299,-17.37052397225186,-15.015407646631528,-15.22272026575358,-17.29561645465352,-16.878309269892554,-13.382051016521238,-17.65088035567831,-16.444218001097738,-16.632555573575008,-16.60556801506193,-18.017290345894036,-18.780444747402093,-18.570744726599766,-13.541582011455352,-14.278495756679224,null,-15.838319901619114,-18.610777865606956,-18.554250960281657,-14.811995019974072,-13.864498004661069,-12.143118374266654,-11.45284459680487,-13.718157903631257,-8.821879598658539,-8.616478432841411,-7.232350249740415,-5.5578295791436165
-19.61921540193788,-18.5265517662243,-15.563122879761314,-19.354235405425936,-17.71785297196338,-15.95794097759548,-13.441308885069862,-10.627519411592115,-10.541813877081921,-10.712570020778303,-12.873838801342878,-14.85672788836445,-13.409522663394974,-15.649230953794177,-17.114833138305833,-16.112940242700393,-19.214668431943718,-19.013098461006834,-17.163218908955997,-17.900982282883216,-15.155388474216732,-18.447594431857958,-16.07738922900976,-13.167027846146809,-16.243596274535946,-16.121423236635792,-18.15247907056353,-17.36059062727009,-16.85669961454501,-15.008149057916368,-10.48796102403334,-13.883424701772684,-13.668139274192395,-14.811495376545292,-9.495339932845301,-6.675513818219119,-8.448256286845961,-12.199133930234996,-8.208695638634099,-8.986817995301054,-7.112193698548335,-4.447900575679017,-5.465523163823965
-20.751037419973876,-20.45966555467306,-19.973858886646628,-18.732574710987596,-18.23241210709919,-15.827347840789216,-14.321784285731237,-13.669032300344263,-9.686596761495167,-10.737243332281084,-11.871519689482207,-14.389595984364009,-14.06250695850403,-13.337146445739407,-17.152404350445998,-17.418774719148367,-16.64442392460966,-17.813079775466083,-15.937185666547462,-15.87546288662955,-16.19400025707919,-16.17811283550229,-15.630567537670006,-15.180152548107529,-18.066528424617623,-15.573355273731096,-15.510669830930965,-15.77232747462648,-15.009289022474578,-14.792878679454692,-16.91981371678686,-16.72828801678422,-13.32095568613249,-12.079610113352967,-9.361816549812287,-12.540076845316284,-14.482398821804544,-10.910389177232675,-7.495083231494329,-8.993825448660346,-9.107036415602485,-7.429116135701875,-6.889248208821857
-13.436907992516216,-14.88457607927668,-13.495217796526266,-16.564420697519353,-15.715131561110237,-17.07793352498462,-15.657542329188322,-13.624965157899723,-15.272412912357998,-14.208567613491564,-11.219516714711503,-10.797008456990064,-13.590154549456441,-13.196864507633563,-15.61031891635807,-18.00017979325992,-18.337956341184913,-16.25972473389014,-17.612560016707032,-15.711532390986864,-18.33222835923011,-15.785016915164508,-15.857376561945298,null,-14.73746979378241,-12.83837609430023,-13.299949059683055,-14.431755369421975,-14.237617550465442,-14.529144326996535,-13.936590463241831,-14.428937391538117,-16.976549729753923,-17.90347623067035,-10.652782244635103,-12.389874981788555,-12.831867850770625,-13.299557201363857,-12.929253035716503,-12.693287886060016,-10.284721974596229,-8.480194013377215,-8.22588388983401
-12.766400325609057,-12.99658760328967,-15.4188781636629,-16.342796064704736,-16.45789507845956,-16.365144668269345,-15.401747314671635,-12.949088240828072,-12.80766436138498,-10.90429186833064,-11.316805864634512,-11.090245495386686,-9.643287782915447,-13.615980831089992,-11.378653663167476,-13.9911778602713,-15.290720362942098,-16.3445200174931,-16.678440627637897,-15.809808845336452,-14.07605162223089,-14.65737746862381,-13.587889664700237,-14.678535701045757,-10.013551452981226,-9.73083433120498,-10.909026112475857,-12.29627777406397,-12.976011678754833,-12.516420961115806,-13.381688800979084,-14.675642155820405,-16.04925593905269,-15.324519414077892,-12.053485802229737,-10.280046796006918,-10.828713390973881,-12.836398013027898,-13.114658277397556,-11.144424278197675,-8.428177388633127,-8.063341508045816,-6.11352338658674
-11.966477906293294,-12.689853684557935,-14.35791441433608,-13.891559699111035,-14.492995456245762,-15.296459524041017,-15.035915848661347,-12.345769293586255,-8.001237681955892,-11.805670840775768,-11.75764042469242,-10.59030214217766,-14.720934304432495,-11.429300099337846,-10.826718328104093,-12.124252239254698,-15.221629154546303,-15.394518737047115,-14.275176720008849,-15.104163572177512,-13.17929929408055,-12.101853643249983,-5.925014494011374,-10.419405552500674,-13.583777292527728,-11.534272938871997,-12.79586319948522,-14.811466806165388,-15.237432729741169,-13.306860883169984,-11.618990191670179,-11.943442678354833,-13.218816689906012,-11.81519291099341,-11.225352900557994,-10.552483750892383,-11.50478818349597,-11.91957985901772,-7.379260173320944,-5.58534969864921,-8.265535058427151,-8.343155278485208,-7.096475902479048
