public/json/wind_2018-09-1522_925.json
{"header": { "discipline": 10, "disciplineName": "Oceanographic_products", "center": 0, "centerName": "Ocean Modeling and Observation Laboratory", "refTime": "2018-09-15T22:00:00.000Z", "significanceOfRT": 0, "significanceOfRTName": "Analysis", "parameterCategory": 0, "parameterCategoryName": "Currents", "parameterNumber": 2, "parameterNumberName": "U-component_of_wind", "parameterUnit": "m.s-1", "forecastTime": 0, "surface1Type": 160, "surface1TypeName": "Depth below sea level", "surface1Value": 15, "numberPoints": 4800, "shape": 0, "shapeName": "Earth spherical with radius = 6,367,470 m", "scanMode": 0, "nx": 80, "ny": 60, "lo1": 109.0, "la1": 20.0, "lo2": 116.89999999999955, "la2": 14.520000000000117, "dx": 0.09999999999999432, "dy": -0.10000000000000142 }, "data":
[rows 0 to 19 of 60, columns 0 to 44 of 80]
null,null,null,null,null,null,null,null,null,null,null,null,null,null,null,null,null,null,null,null,null,null,null,null,null,null,null,null,null,null,null,null,null,null,null,null,null,null,null,null,null,null,null,null,null
null,null,null,null,null,null,null,null,null,null,null,null,null,null,null,null,null,null,null,null,null,null,null,null,null,null,null,null,null,null,null,null,null,null,null,null,null,null,null,null,null,null,null,null,null
-4.249340478717501,-4.09657040458283,-3.697542157512625,-3.6568902540778914,-3.441408629999742,-3.520744917233968,-3.851724072681006,-3.4186184732073204,-3.3675215940596885,-2.363296768311261,-1.600443815526404,-1.0059542719127441,-1.4439547256460468,-2.023045123086295,-2.4925732197777375,-2.550300035958269,-1.6253106906099,-1.5888166453948864,-1.7629042730443834,-1.8487598432858703,-1.489902680906862,-0.9280765892566503,-0.10565939634549576,-0.559633637995844,-1.2741038156957116,-1.3964737571402195,-0.8895359784458559,-1.1211046947221144,-0.9810055918672723,-0.40687233436266285,0.16728580709403465,0.7940559971102843,1.553093313965398,1.897327031772541,2.774543505172908,3.465036150622088,3.7667023426743746,4.189385881359759,4.920554439235173,5.889409004187595,7.369183839440267,8.57170629202623,9.559592860524177,10.366135323486365,11.580291969566503
-3.6724882954574207,-3.7099342337400816,-3.811209020439078,-4.069533997984737,-4.259175515505034,-4.8635328692285045,-4.913148364334633,-4.374037637626408,-3.644252146843974,-3.546912787741765,-2.899741205834727,-2.8165999950043554,-2.685448797255785,-3.0560310615072916,-2.817194063468389,-2.8859900491972605,-2.210765039061915,-1.8332797321232754,-1.5378835168197162,-2.2054426811910175,-2.9153460043726755,-3.078673601155316,-3.8889392423373144,-2.816601928786754,-3.4937979659146823,-3.6387894495959148,-2.0898730775202976,-2.7870668930370552,-2.967395621661493,-1.1795869444481544,-1.7670078567858418,-1.3114962979701685,-0.5480125096698918,1.1681002891750583,2.9078850837514922,3.0302624541637586,3.504696003607658,2.763443247127675,4.7750891206303345,6.061605899103482,7.6546346228792075,10.158114651086825,10.43680590567261,8.30144399094674,11.416457325374232
-3.459049637424499,-4.112888880180274,-4.474401089751381,-4.750368211798884,-4.840025133408124,-5.2111844029600665,-5.6980015757516105,-4.999222341389205,-4.4537327183224615,-4.220173556583615,-3.8880637975698855,-3.339733582594276,-3.442285815184978,-2.768171104198959,-3.0769796377992202,-2.244369074006792,-1.780422389178132,-1.4698846234026615,-1.7959129766382083,-2.5404091362867183,-3.1923717603685824,-3.998666852719167,-4.198305242289071,-4.201602692072432,-3.5982551939273435,-2.48525618935859,-1.5693922830390776,0.429645731326053,1.6524251297054504,-0.8348022404977761,-2.3647648898338898,-0.8716324233802359,-0.20863146392758286,1.5773558257506364,2.9600105385820052,2.586223625499771,2.322378534383124,2.7228537991903945,3.480136105478997,5.949256356747163,7.248255523733805,8.238613865288553,9.074044400551287,14.81618245563845,8.336969074849263
-3.6135431834199903,-4.421213053237762,-5.154905121244084,-5.3598751960997095,-5.32141080959622,-5.477893231441374,-6.058110884746986,-5.174619727803171,-4.74404032379669,-4.561269096115709,-4.342519124621274,-3.3881581140726658,-2.5978009809974467,-2.1410648333180555,-1.6692370161414474,-1.969990553853491,-2.186677376866684,-2.368063404994415,-1.832287944249127,-1.8781253347941058,-2.953951485469808,-4.503468648930092,-4.560927646176448,-4.648211639343468,-4.2204971782992216,-2.7174968141787827,-2.2833714909983716,-1.560741719046968,-3.1191474416939875,-4.114242010816455,-2.7554514119318956,-1.2471210722420998,0.21828840797242238,0.43413133901425754,0.5843297708510696,2.2667351575861643,3.1886942402314804,2.8692290486203724,2.310382699146124,3.0963326572687215,5.365095963193832,6.383669327690945,8.417636065346555,8.889721279576735,9.911401349868044
-4.316830486764196,-4.888609903749834,-5.836822369935009,-5.899302088691051,-5.9579403028600195,-5.893235826686198,-6.261271580082703,-5.4280690544816625,-5.199952063497796,-5.001797107506782,-4.551566361230149,-4.333170822865627,-3.269605379038286,-2.1741678831864832,-1.2970757742682024,-0.9669163713509094,-1.9689922607805916,-2.5099109371153183,-2.1120397897052317,-2.3138592122310575,-2.522240788492428,-3.963257472948938,-5.113292610736543,-5.270692624665176,-4.783049744453256,-5.5503961261755626,-5.519176359862467,-4.419174140859043,-4.3987555608733135,-3.105019125218025,-1.0807075844345613,-0.06595459852055917,0.8074790291601229,1.0878837895039577,0.09989697909696699,1.2598586334662638,3.4594326768733614,3.458791228280311,1.6592491679979169,1.6852151562598923,1.8752980001442825,4.281417082212701,6.315577015132445,9.924230939558157,11.554954831873257
-5.1202156886031585,-5.600396266312215,-6.24578473783976,-6.618848777260766,-6.507566978816303,-6.375636897418644,-6.268138103050579,-6.068752595363813,-6.021406334349348,-5.852560101908191,-5.2208894464493385,-4.651172998801591,-4.460048847308759,-3.114005000395083,-2.0342191495073774,-1.0237310571614415,-0.3291685814939459,-1.1050096739101136,-2.480036782828387,-2.9688713343599797,-3.5724060426710613,-4.542544073917872,-6.314347498670963,-6.35070616112421,-7.242897137277084,-4.398468443555546,-2.820221983365731,-1.531492529032638,-0.5986138649746149,-0.8317587770850577,-0.8837940829586342,-0.13761748192217121,2.0442200414381824,2.1124652358720653,2.1816378683970585,0.7476874034828371,2.229846978385809,2.828030209988254,1.2069980467036823,0.23010725046341426,1.0812573801654208,0.7617547093342832,2.943819887620167,6.485855384688428,7.812181607292101
-5.76067238073661,-6.259451030052933,-6.496052457894947,-7.209400058530763,-7.192993870334158,-7.040982613867176,-6.9262521781244235,-6.681780788812112,-6.3676529333383405,-6.391335116970731,-6.012880508632021,-5.993225675632145,-6.028525026677528,-4.865212565938372,-4.040643772620178,-2.6884680723234533,-0.9990542231819327,-0.5862227253977738,-2.2477816183573047,-2.0935627920091595,-3.1180863934384138,-3.9624539418247315,-5.843717404171568,-6.699241271756937,-7.518054959933617,-6.435513839047343,-5.2882346859785105,-3.764239211850876,-2.6467699163280036,-1.8447242019883823,-1.507458578591569,-2.0470268481542804,-2.283182821052778,-0.5093848023566656,0.7428468858558684,0.6916857827972621,0.9045108313168364,-0.05605564082877362,0.6447941829041441,-0.21632864813813094,1.3813204006612438,3.5607556245307257,5.170353753994484,5.023572832413679,4.335987520402579
-6.202777208493562,-6.664491393846467,-6.892263914132449,-7.4154938605340455,-7.6828751199263765,-7.686956143048739,-7.336024498630821,-7.127068830690005,-6.857961864763044,-7.13467231518965,-7.008006242626209,-7.514067118992737,-7.164014692527434,-6.277483887577767,-5.348147180819638,-3.2965473667406306,-2.8009480405942018,-2.8217637866387433,-2.6540669335030302,-2.9971744830114124,-4.03777524091616,-5.538103490310793,-6.577041869496291,-7.25280898078449,-6.7679186519863785,-5.952098714009417,-5.233973338977094,-3.1642911712112776,-2.939451530066581,-2.9045197648455794,-2.676668106495349,-2.8761829904360368,-2.210567863014938,-0.7897313870347208,-0.2904592033816281,0.6489433917779288,0.6955721615018544,-0.8801016365205977,0.669545311172256,-1.3523908708719992,-0.08558434213924135,2.5034562014209416,2.8028764831826574,0.03332100915034489,-1.9284189534024825
-6.577951470507201,-7.067378746717412,-7.402782890507687,-7.599912288150429,-7.5771677826021575,-7.762241176869611,-7.7090030470117235,-7.182503534364864,-7.185867803002146,-7.201255007641723,-6.772577901486802,-7.673860373857737,-8.045204001992424,-7.339459172337329,-6.065850846730703,-4.103238069655104,-3.3062048633104277,-3.434512316243594,-2.949700922409948,-3.525045990607337,-4.214783935074045,-5.9033389437828925,-6.649211236957362,-6.468432033809805,-6.544710384456359,-6.188600153724069,-5.5888476718016475,-3.4277946549564695,-2.332644556348496,-2.600188815630946,-2.683084381714219,-2.3943620972537514,-2.4538490300942195,-0.6153932531056209,-0.2992466468244104,0.3112670777287812,0.2115051265413518,-0.3996073473479853,1.3724066876962788,-0.25311998327834584,-0.49311829626837345,-0.3430817213017509,-1.6118305835393019,-1.3979510310636754,-1.3283427204458318
-6.632145690757904,-7.146023048269873,-7.728285251737874,-7.827635869043485,-7.568527531182194,-7.472342795779133,-7.699632550590001,-7.324307825990098,-7.407970769636054,-7.119762871824293,-6.96412313516748,-7.811929422500825,-8.31066138127817,-7.282193908440423,-6.274119844026996,-5.117202853522567,-3.449739306387485,-2.9980005181702136,-2.668630685848125,-3.5223862216946205,-5.336247539615155,-4.9367461870668095,-4.984642989783138,-6.1345291375344875,-6.099575001487205,-6.038836757008793,-5.029428335858266,-4.389157358907245,-3.79033673835226,-3.3021448197000507,-3.439480047321574,-3.8168183646579914,-3.5911672845704627,-2.833252301994191,-2.904705444456052,-1.1189497025091661,-1.683846021523689,-1.6987067934991136,-0.7945075782997681,-0.9633744307176184,1.2130366208213645,1.6523666787654876,-0.49904577320399374,-2.0279218357594013,-3.9091340790052302
-6.966855762980661,-7.266997801527264,-7.961319567015994,-8.036440672347037,-7.82826845770019,-7.29852515047207,-7.510823770396136,-7.338180114851443,-7.361147478203806,-7.453810705435751,-7.281134542870811,-7.334549600577067,-7.396941427262271,-7.600502774861811,-7.044806454913113,-6.4405112118938845,-4.437497716352238,-2.397521240904725,-2.381143558926531,-3.129528749731796,-4.040647633210484,-5.624068654966544,-6.347722227144734,-6.140690503439695,-6.97092043559984,-6.61044478515636,-5.676054949372959,-4.132642270341629,-3.0380065560582414,-3.5910034744541752,-3.4527687055848766,-3.5964041950902814,-3.356830748795877,-4.171746313728037,-5.229936538417457,-4.133636681894633,-3.8142936764120092,-2.0679801267135582,-1.4429445714082556,0.4176962030813472,1.4277576142683173,1.074078122980668,-1.790230396009508,-2.2352717712910097,-2.56186081964085
-7.892636127002634,-7.569156836661109,-8.093607370476333,-8.211226790603988,-7.998690540425136,-7.568233251019143,-7.352621950706872,-7.3896205609123164,-7.65119827450183,-8.235390211485207,-7.907370150327418,-7.713788874578818,-7.793321214582554,-7.564310572795398,-7.244469565496626,-6.976389160380462,-5.875848822002657,-3.708720415400255,-1.6598196323545868,-2.495749704988304,-4.297691306750663,-7.010491641035104,-7.541045572053312,-8.805763336773326,-7.984985260943993,-7.715433366310791,-7.097259614154472,-4.854321814767736,-3.6554677140582377,-3.5741400841819737,-3.3562389240135677,-3.7955936282198963,-4.717054829988985,-5.807160565506768,-5.355649033913878,-5.151214186839605,-4.479073178383605,-4.061549399494376,-3.7022249172560033,-3.015381434070492,-0.3541513263211735,-0.5119751891227001,-3.3731134110378074,-2.7935136226067048,-4.130161694097253
-8.547087922539468,-8.416202326992243,-8.102378938611785,-8.058112538460344,-8.077207669734575,-7.630666072725322,-7.226304219188835,-7.519522725326006,-7.803810126125127,-8.463039829629368,-8.565180772766753,-7.965298485118663,-7.795997261591538,-7.720836567732818,-8.058259174945954,-7.536024704377396,-6.910397379099121,-6.088206002076793,-2.7135507054576373,-2.307427875369416,-4.397693839738205,-6.778932736776027,-8.061584595581463,-8.605268853882496,-9.24881433213844,-8.843126227928563,-7.195453306518986,-6.291969273487248,-4.566494732200547,-4.253266240748989,-4.273776258366391,-4.187097876607373,-4.42244144319432,-5.833468847546317,-5.250772308453106,-4.809866024878387,-3.654097592983132,-1.6811618430035202,-3.2404261280904474,-4.134092881614073,-2.8529509975548977,-1.5244879207220243,-1.745683210124614,-3.0155444668500775,-3.309154749251872
-9.370194844837116,-9.231773029061342,-8.78942760627687,-8.354348898085803,-7.929726827297852,-7.500497280568311,-7.33877816768642,-7.190163789203927,-7.715594745688716,-8.29111565080353,-8.42195640151771,-8.081673213332556,-8.230672326588984,-7.812508579924001,-7.988669696831327,-7.830894992796319,-7.31413220896888,-7.354772891536088,-5.361849035782689,-2.056773927045698,-3.290205818713471,-6.090434761045128,-7.628490115210239,-7.346179740804827,-10.917831166295494,-9.80409556159288,-7.767347150867275,-8.498792325696051,-5.5119318813273654,-4.749523095677266,-5.2254958532619336,-5.3622858883856415,-4.7680183528677,-6.97704855325385,-7.289309107206821,-6.2570330012887485,-5.344637391297563,-4.774387581389667,-3.6248578129784947,-4.33788290920407,-3.7905491014083648,-3.9442823013658637,-2.893970327235515,-4.075374736595145,-4.056136939347139
-9.88926215461959,-9.243274783345672,-9.338290926216658,-8.834395584868503,-8.146909462659957,-8.062950542157871,-7.670759791916913,-6.860989834472773,-7.567039015822017,-7.829325881166173,-8.244909362506048,-8.194544711118583,-8.37416220085204,-7.834607735653423,-7.594826331761445,-7.596571273062242,-7.378123656474047,-7.852360555274584,-7.794000706669568,-4.272998767402532,-3.3470424928183604,-7.401613038422682,-8.07955852595642,-8.125616522757214,-11.2117638355713,-11.786828004428044,-9.784141484019644,-5.837201584255055,-6.123578349647003,-5.33062405463678,-5.843466866532153,-6.462683204160954,-6.851903141698258,-7.91775345319478,-8.191740466993105,-6.703627842928169,-5.7284611108361245,-5.424504812557929,-5.326929796497262,-5.744360987352872,-4.923102846228188,-6.253166075680925,-5.486388807813366,-4.592895496241674,-4.960928297932546
-10.158800329094639,-9.319373862974373,-9.024390367372538,-9.67886863540676,-8.84911045684882,-8.015812483235154,-7.940546760784473,-7.176540677113102,-7.558863598103208,-8.081992485207094,-8.274587449996027,-7.689420308192105,-8.101372178291792,-7.357282668396756,-7.51919117565745,-6.966487820781121,-7.138643786804156,-7.79861274469895,-9.224609603241516,-6.5490215137357275,-2.4138226321182863,-4.097634698025445,-10.409742716829905,-8.73104930752952,-5.2623384510286595,-8.856274335759428,-9.276910901441228,-8.160819165453034,-6.4616192803426,-4.545907919815889,-6.842750924196995,-7.186421082873103,-7.238786188360764,-5.236448506083496,-7.562707755315936,-8.092301992652398,-7.56734387299562,-6.9637354690502375,-6.493904701373422,-6.0550237191073855,-6.767890788330565,-6.231719191836856,-6.271303669681507,-5.878198684979144,-5.354542640733573
-8.117023305242414,-9.324660744424126,-8.642769912132811,-9.115744028015094,-9.139682336230546,-8.422364903150392,-7.095992837744604,-7.258466165260116,-7.20292067780365,-6.860501593138208,-8.216943712203909,-7.441466879903912,-7.269224665338195,-6.919613216660894,-8.28427172341218,-7.060220966778112,-7.430824720098052,-7.627525531238531,-9.516722094938975,-8.628971420439166,-3.974798739177422,-8.328478998587835,-10.816624730038045,-7.325103715174614,-3.7074201378451583,-0.5643369476970886,-6.489862387120414,-6.357876963544485,-5.695338698739581,-4.1683062947052045,-7.947184570385335,-7.628928229449569,-8.319618857252472,-6.4777843518607074,-7.213382674497663,-5.5223371349088985,-5.964137099757318,-6.805766857748592,-6.731036372525499,-4.5433248678500915,-8.104067499797635,-6.191268640701688,-6.323436486527313,-6.308620332540399,-6.115315083720351
-6.500973000295062,-7.286655119293546,-8.182214357529707,-8.764314924106202,-9.392181532010193,-8.85211217665169,-7.963548160091853,-8.057000787791871,-7.967803651651768,-6.861213838274141,-7.529782816644047,-7.376477616257257,-7.499978150555704,-7.3428149592434995,-7.024373620424958,-7.997976664080182,-7.398056329869806,-7.635170739075406,-7.721152273183041,-10.109023661269115,-8.25303235568897,null,null,-3.9242246754845764,-4.301260754420502,-4.545954365778645,-4.866784861195566,-6.950052746651089,-5.5297634824136415,-5.3401008427057794,-1.5011925194507918,-7.913713192559478,-8.170865703559102,-6.444216308856644,-7.483535638750119,-7.760757266476775,-6.457617691065919,-6.73359965700051,-6.077228153126259,-7.790574744908479,-8.329282166150213,-7.532042468384977,-6.986375578835738,-7.17144970502827,-7.367867025711094
