public/json/wind_2018-09-1610_950.json
{"header": { "discipline": 10, "disciplineName": "Oceanographic_products", "center": 0, "centerName": "Ocean Modeling and Observation Laboratory", "refTime": "2018-09-16T10:00:00.000Z", "significanceOfRT": 0, "significanceOfRTName": "Analysis", "parameterCategory": 0, "parameterCategoryName": "Currents", "parameterNumber": 3, "parameterNumberName": "V-component_of_wind", "parameterUnit": "m.s-1", "forecastTime": 0, "surface1Type": 160, "surface1TypeName": "Depth below sea level", "surface1Value": 15, "numberPoints": 4800, "shape": 0, "shapeName": "Earth spherical with radius = 6,367,470 m", "scanMode": 0, "nx": 80, "ny": 60, "lo1": 109.0, "la1": 20.0, "lo2": 116.89999999999955, "la2": 14.520000000000117, "dx": 0.09999999999999432, "dy": -0.10000000000000142 }, "data":
[rows 0 to 21 of 60, columns 0 to 49 of 80]
null,null,null,null,null,null,null,null,null,null,null,null,null,null,null,null,null,null,null,null,null,null,null,null,null,null,null,null,null,null,null,null,null,null,null,null,null,null,null,null,null,null,null,null,null,null,null,null,null,null
null,null,null,null,null,null,null,null,null,null,null,null,null,null,null,null,null,null,null,null,null,null,null,null,null,null,null,null,null,null,null,null,null,null,null,null,null,null,null,null,null,null,null,null,null,null,null,null,null,null
-14.605903828200612,-14.384072281179149,-14.162229026296071,-13.446951538838427,-12.773150870083574,-12.402270438760729,-11.515550903454285,-10.512481029725015,-10.209688714664143,-9.120118802452904,-9.247595414848863,-7.951981559056266,-6.9619294162142635,-7.300627592468012,-6.440813923484518,-5.411252268599938,-4.6037601989337835,-4.040018514107007,-3.2860659494962206,-1.9434866703207596,-0.2299059097964607,1.0974840928481637,2.3156567999899202,3.34418398216431,5.565878460365173,7.803751956157127,8.96770517819396,10.118536343242432,11.165476339114289,13.098986610217889,14.440309614113763,14.717073335469799,16.44882835515393,18.18693745323387,18.42266219173208,17.887701799829475,17.544481108874994,17.65564830222228,18.1773290372834,18.907756904534814,19.21102495822021,19.876791255469346,20.781022011736496,21.520568366006813,22.670736849019892,23.41621072625177,23.272983854184687,22.324937040701776,21.86601753392515,21.773085998156994
-15.631295246525404,-15.628740574359,-15.247037770506228,-13.939965285336738,-13.910994325109314,-13.65788006977166,-12.983644720765252,-12.68300465734842,-12.865978020691715,-12.17955103420158,-10.377723646167754,-9.500143199918137,-8.716127102686986,-8.446057636794455,-8.417985409581302,-8.830107991092408,-7.503864196381758,-6.4918977776540805,-5.145037212049488,-2.4960308940744405,-1.2273965779396934,0.7778697717132039,1.1089812879585093,1.4851902742867378,1.7673389249623375,2.135283394407942,2.685898517724574,5.619005443656723,5.148813341120348,5.848813173470591,6.269229569506849,7.151540591625843,10.887370928064815,14.523056953700365,18.19129274317293,20.92916879003905,21.097130253289574,19.941384551578427,20.42201237007767,21.077209739899864,21.532186571324104,21.663397537298202,21.99617296626254,22.576065193039057,23.584552283255633,24.553715837854348,24.85726132800555,24.307235125817385,23.27307947470782,23.254892159643227
-16.537912362056943,-16.56471107872822,-15.647784590575139,-14.8778553229289,-14.959121364437255,-14.700155054991605,-14.24959783394301,-15.094474202549927,-15.339842439943816,-14.069521378094553,-12.66289199260728,-10.646277615671154,-8.197920240948827,-8.96465016818666,-10.278482389993133,-10.484138543629017,-10.259770110364482,-9.676400687731824,-8.85056562535537,-6.915907174797378,-5.821235628599099,-4.850293890811358,-3.6329748243091826,-2.6893913323845897,-0.5477655744576695,0.4475546664948358,2.5295995867539864,4.120766728543268,4.255054188297931,4.825532313967337,7.042012946392828,8.090335127115146,7.744760110089652,10.699084654435456,14.832283543917947,17.48429346139974,22.31735541242354,22.494794575619437,22.223702893964223,23.12734598058932,23.508537271908814,23.59393388086543,23.994333948975996,24.17292510500568,24.446038763123706,25.539750517424228,26.170391417413214,25.814842413869115,24.468204654645582,23.281515732958233
-17.14375151287991,-16.74493819967379,-16.109643184827807,-15.539383566874779,-15.418186850354315,-14.91773968061808,-14.981220536386171,-14.55511561494115,-15.661658989698614,-14.62609978216231,-12.028920681792199,-9.981812789312665,-8.655556412911078,-10.830986913468973,-11.450366592475183,-11.805423525166077,-11.64505549480989,-11.039306164804541,-10.513948691492091,-9.48319231621703,-9.422441138509186,-7.34436741626285,-5.673339454251705,-4.920067632923691,-3.335736724063683,-1.2706433351799542,0.271315375909208,2.3792026305240963,3.0887746750129637,4.51841170099961,6.682041439539741,6.915246466648785,6.832073221868487,10.018264908224445,10.482775151317812,12.264514078285496,16.317713791648554,22.413997476315192,24.953001104750072,24.466901731223842,25.212313996672492,25.653629045285335,25.676171660144362,26.418109267034588,25.98843441605464,26.052681236489576,26.85987712101752,27.119573106863342,26.20680043649362,24.847948044624182
-17.66626686412485,-17.197280979601228,-16.207496256010337,-16.637485195970577,-16.170328715473747,-16.071050520002295,-16.13452423832441,-15.154401635755994,-17.264354082003333,-16.049387549972383,-14.06149682926707,-12.124478038073386,-11.854937829732323,-12.841532842793233,-12.97393162712957,-12.715327639351662,-12.391226077817388,-12.89556152658461,-12.2111182381307,-11.505335118947455,-10.412319612865444,-9.65478213970465,-7.809743138566673,-6.587669010524602,-5.025594394151539,-3.1306506253279767,-0.9107934671622061,0.15891725696162903,1.1224858018680324,1.569303802302685,1.5371271330452172,4.403951438623224,6.713467497549699,9.899747175754298,12.709345725887221,13.947521870619852,14.585045710834692,22.10496630662424,29.694651179024362,26.50987960817663,26.84393205819792,27.845012825979545,27.313461754604997,27.565519357844863,28.408137898343565,27.44415760874436,27.41561568816594,27.933772636568644,27.418514479305205,26.242153264438954
-18.080772288313973,-17.645780489763517,-16.837387270694133,-17.33355224233892,-16.921429065412443,-16.89827884580314,-17.12507108281452,-16.21917298107656,-18.312327304142585,-17.07636772089183,-15.895430668731976,-15.063106140120844,-13.811191956173369,-14.341829446172188,-14.123052531398724,-13.509482329596517,-13.421207931542776,-13.335856233684996,-12.498185075656963,-11.739910989811477,-11.121380223817857,-10.383099904601254,-9.352069507901144,-9.020014343873974,-7.1182104952695955,-5.1214589472222825,-4.763292593770528,-2.9344318782801815,-0.8919885839910343,-0.2409563680705352,0.9557400783470713,2.87403302062323,5.010365514129165,6.5389067628528705,11.709550600010116,16.05762742643738,15.932081810294697,16.515480717624037,19.987688443189523,27.891768592309,28.324792210458934,30.150072742519292,30.4719042736991,28.8986269731561,28.78493385969844,29.59559246738877,28.669020024148722,28.695859081463837,28.290645725286595,27.14897344448719
-18.54586707874849,-18.260276430658934,-17.978773586807872,-17.328820263023214,-18.65630552253042,-19.117621522787164,-18.491045559377866,-17.78452225646347,-18.085108596426174,-17.35785038587456,-17.562083679613576,-17.288667775633005,-17.207638940136395,-16.51546755079808,-15.579700870279842,-15.486921064451778,-14.838863020506047,-15.44137135115607,-14.264113806341426,-13.458198396197924,-13.446906539751716,-13.550629461803943,-13.121783489990447,-11.813884008327786,-11.062694382692639,-9.167450431391412,-7.180107184839498,-4.154610328435173,-2.571978214018736,-1.0649210646803176,0.42175059123607017,1.7579215814376214,3.933872579484034,5.54600947978209,7.392701617695458,10.133119619582525,15.82794115681762,16.531279748216775,23.895771768307682,27.812150655749996,27.5624646764634,30.147275500062975,31.952489759370902,31.96264095535651,30.887586437150535,30.288842774354915,29.8646814404936,29.260034328816264,29.48437158888182,28.163587429889493
-19.21173265188738,-19.04680802340024,-18.454691453043974,-18.49469257113146,-20.013315829543245,-20.984869010246808,-20.175934449746777,-19.486167706339568,-18.062979097979614,-17.955331954302913,-18.00650161693801,-18.193074640328827,-18.106789779526988,-16.726745835199083,-16.06023574737949,-14.557667270122783,-15.729223701021208,-15.239165947948331,-15.191613240780104,-15.56074303026788,-15.82291938944045,-15.586481217472155,-14.763043000978765,-13.708035967492043,-11.960718219368216,-10.260186298504408,-9.112042923965385,-6.429908737518188,-4.028012919542419,-2.7754315884127365,-1.1068198190757181,1.329011319445984,2.439488192101613,5.358661029345852,6.5515828338479025,8.61949346394157,11.727464828178018,15.01463714160534,21.190722527074463,23.343319722395552,24.461975426186278,27.793721530204778,35.395523705669056,33.98805532642899,33.70460830073989,31.560144055493797,31.92647526296463,30.273500371216862,30.615212545999157,29.28541338477572
-20.488739601681374,-20.076591725072596,-18.108060744489137,-19.195276887417723,-23.13285064446272,-23.59286920818001,-22.281094121381738,-19.379714355682065,-18.121278377272333,-18.57640186987849,-18.531203544273435,-18.39619832637879,-17.421297333396367,-17.652304813007625,-17.433980860130802,-17.1155538165301,-15.6349533432113,-16.351805482542474,-16.68665015034896,-16.184833357482287,-15.852649283208969,-15.49234967658941,-15.352324993268734,-14.756538105604545,-13.44366089214837,-12.295641694819178,-12.843692801677404,-11.987446081101279,-8.121600706375999,-4.511609381811464,-1.0916876557839177,1.0598043328301427,2.2742648256636615,4.20188573434367,7.070993222275614,8.057923684023168,11.032914277841247,13.377994842065993,19.01553613996395,19.571768229630855,22.94682135342275,24.84559884766485,27.335892586693422,35.383408130053255,34.41815241067574,34.554105408541275,32.098362587099174,31.90249770646322,31.278253070934426,30.472295856474165
-21.03119785201828,-20.83455061888841,-19.104233005040648,-22.46750238002359,-24.29047337774535,-24.651659998031395,-22.971591592832677,-19.464903755053182,-19.41596625848231,-20.100741482667544,-19.720151730025805,-19.156896292569918,-17.937469095031506,-17.44208239358814,-17.482835648401547,-16.294366144659634,-17.18439289593973,-17.347922682871747,-18.383492309824558,-17.612200423168886,-16.837326131081248,-16.95252316221442,-16.08107348845336,-15.02258650527541,-15.542955611092697,-15.924869228661787,-14.652082387630662,-13.038629748538897,-11.129306057142884,-7.897427840811949,-2.2239137452602433,1.091435807627541,2.864589134266096,4.725970913493966,7.651441143202268,8.845225140542734,12.421550753018648,14.038885910522872,19.97879215006285,21.89426068137144,23.163822009329646,24.056337937689463,22.923357819267565,34.685272518766936,35.04827605980836,34.98650135158217,33.20670989043252,33.61553721297835,31.723261013840066,31.2574793125134
-21.748821093265875,-20.47088731644937,-20.26855821557985,-22.72440145388041,-24.961408654183575,-24.66334022781342,-22.81115794872246,-21.513607506088555,-20.353442656105408,-20.933984969717578,-21.014022037945384,-19.325755993539588,-17.563945369426683,-18.508568705369342,-17.118276895517628,-17.420069761853412,-17.25415881280144,-19.383125496529455,-18.535038930672986,-18.086561160698004,-17.602051059049966,-16.85277439540579,-16.587377175722033,-16.943303591831214,-17.64153623389944,-16.0231498601105,-14.710756743713496,-12.654397610790427,-11.588874752733217,-9.53131619222333,-4.747386845958059,-0.04896566944285552,2.5841378802192825,4.317316576995141,7.565472947019105,9.36262466605642,12.584156151408596,16.13914417989306,21.16838166424396,21.939745499550344,24.135507991897185,26.946504721535955,24.984603746848705,33.171452880360434,35.767794785281396,38.09568806126904,33.9687341982408,34.48162650097647,33.76667057704077,32.28187335090119
-21.873929552487006,-19.740963339611792,-20.332855601223706,-23.470580628073506,-25.35227434492481,-24.024789286503506,-22.63030669645956,-22.084947168527226,-22.22875675925812,-21.97252784915456,-20.891998397058458,-20.74259360773472,-20.98985476570887,-19.36165691671293,-18.28232234545034,-16.64135163494175,-19.337120953980822,-20.032046617871977,-19.712962506402235,-18.917397763731515,-18.996034459597784,-18.940549602013366,-18.731484469303098,-18.20007275942289,-16.398085405852882,-14.80623337813985,-14.643995274785796,-13.21604791528734,-11.435445819669367,-8.23245803225748,-5.687927810265176,-0.9576798728195214,1.152891280905044,4.026560733388842,6.784406142542444,10.365421004794088,14.163756829460656,17.103398118131437,21.787617111808636,23.553235687167327,24.200482767897096,28.003530192410285,27.61332906453609,30.711024628372577,32.04793561045146,39.67590360619489,34.74648351388595,34.81607417576764,34.959197159319785,32.79398668889048
-21.525311228530203,-20.547455478171827,-19.63152691108289,-23.508133999034,-25.04096606442121,-23.349748077650464,-22.421636955979746,-21.225829972422897,-22.421305276034502,-22.367116492277233,-23.685162549318733,-22.916287904117993,-21.180115969889044,-19.82370685327398,-19.73216967529877,-19.247215240099056,-22.568616075654017,-21.978730874483563,-20.27942180140153,-20.28622610140811,-18.793805696432283,-19.00368824034237,-19.014215974327193,-17.01736043938428,-17.72511587376736,-15.917134526631537,-14.1858714598042,-11.27723029592709,-19.56148633476926,-18.832808096324644,-12.405703695161368,-5.617839834354473,-4.003378782490894,-2.5123249513071797,1.0363361821477857,8.202523808290918,15.303951053800926,19.883626744725735,23.933779213186952,26.995519184798695,25.912568805298264,27.76307417982371,28.726025877226817,28.650755916164233,36.44723208167638,37.17948978155084,33.96579433916507,34.35751392660569,34.83130548379874,33.1482131513283
-22.05261988424814,-20.743439524907373,-18.948869576654495,-23.60370930616996,-24.94993611550468,-24.015903147574623,-23.381780305253905,-22.587324343892078,-22.877439187281087,-21.343178846176443,-23.291788143147638,-23.855207843682372,-24.774036396822314,-22.26803579334467,-20.87194841700439,-23.331351296157937,-22.72201378504011,-21.650316610121745,-21.9909287528251,-22.77338761504802,-23.54290240410169,-20.245711561014808,-14.325931910514264,-18.846393463946015,-16.44932959701714,-10.558831337374711,-10.586868890999977,-19.137099841367583,-21.640566503103734,-18.31014101018864,-11.209951142395752,-5.342418899389961,-3.1932812774114887,-3.3414878434119917,5.024229939598357,10.417958667213107,17.14813156099889,21.80029521921639,24.662817753283573,27.169216758864913,24.836841636143483,27.177012011582455,28.102402221412916,24.10766912297415,37.695238906807425,36.84917824634047,34.156061223707574,34.12589702947727,34.410786937911304,33.27811546256739
-21.687261302020808,-21.844785299772262,-19.861973344654537,-23.42285829727329,-24.991903415056935,-24.784191404197216,-24.503102225658335,-23.58044086616579,-22.638027338284527,-22.45124455852795,-24.593724763074817,-25.93023684982974,-26.13314535720251,-24.04149247049694,-21.455875812612266,-23.457933333882654,-24.07213337569083,-24.134884628424867,-25.05971212477347,-23.83712338963708,-23.969478125195668,-23.758340384208886,-22.692519444658625,-14.934051716902308,-16.896858177479228,-24.66787783815457,-24.54663930516014,null,-23.065685199009703,-17.79547845891031,-5.633359379210958,-2.196898787036261,-1.4715455829441382,1.649066184409728,4.548555003641852,12.672375956276966,18.63714527538373,22.65420668097278,22.923607923082983,25.821056019644917,26.17091310626837,27.6994018288701,26.62287584380222,27.682721976851003,36.19456119134128,37.42005519527557,34.183408586645626,34.4023533233894,34.03710257189491,33.003597845532354
-20.941854918410762,-21.814617795167795,-19.565227742163948,-25.32187262063036,-24.58591280341704,-24.222745477397577,-27.053991894295066,-25.513231929088896,-26.10928860504012,-25.703756912364774,-26.833077963833233,-26.649702012456586,-25.80055890972884,-23.72319528778936,-23.199756385027555,-25.94964937257061,-23.32808223899653,-25.152154360178194,-25.52348678558202,-24.637597479629754,-24.303129323397094,null,-25.00661678454513,null,null,null,-26.48295438108975,-28.568114194748894,-24.81540649515849,-16.0636365295114,-3.3323521530028555,-2.18516215169492,-1.2539802487131377,null,3.6267369186955136,11.424100791018352,16.427741127554988,19.43102853810071,22.878136607905102,25.674023414776194,27.031042595272808,28.174395493348452,28.192697927362797,27.85971737823475,33.59566279892372,34.78840092157328,34.67571696938742,34.82496534441239,33.00138036894966,32.21662208746697
-21.634518757386576,-21.745219367780663,-20.577971969119467,-24.337910060377556,-25.77874352794393,-26.08575016386033,-24.801930486465608,-21.88622467613887,-20.534850853243746,-23.450189091764422,-26.335194608597313,-25.796133051182785,-24.999979380828535,-24.91020568355463,-25.253141788683575,-22.721568141322706,-25.82761286138569,-26.273981001976047,-25.053905407820796,-22.600710906029093,-20.008905976796893,null,-28.70998237463501,-16.796109585393435,null,null,-22.680313070132875,-32.35958371900964,-28.427133171259907,-9.256528556003936,-2.974790842423484,-1.041769024502603,-0.6019484320837166,-1.928336211306589,4.438206701797646,null,null,13.105746555507856,19.73813881226158,null,25.639554519660223,27.88084660589793,28.200836949370746,27.011573957071214,39.13831835305444,34.374220498894346,34.224061966836345,33.40328835388186,31.559842012027442,31.14509167943869
-21.676187923425882,-21.85111743687239,-22.475688707011766,-23.980465449412726,-27.148293402571234,-26.875012604915575,-26.80809323836103,-21.809851574062087,-25.8824326231198,-24.12530196623746,-25.708277911388613,-26.126052129808013,-28.86465016608487,-27.099385953247378,-25.013499772016186,-26.12271830590842,-24.105326800819128,-27.28772553869975,-26.507180737300427,-25.87739660317416,-25.684715878459166,null,null,null,-24.08241171207912,-26.95579231238877,-24.587193413267293,-29.990005536758016,-29.54747808782845,-10.37968276614195,null,-1.3657588865690897,-1.1949405357512681,null,3.900137304481928,2.7387913582058534,8.848106137679054,null,19.701111889842387,20.161743399806813,22.073634208672374,24.127035720852636,24.079108476212067,27.531498038587632,33.67251066267735,33.396881825432146,32.648691364006986,31.54361830589344,31.732601733527886,30.081461317849918
-23.286055734225567,-22.83754583063709,-21.860589001523515,-26.32875508522515,-26.917558389460265,-27.328823670333662,-27.104798099168043,-27.55117442276195,-30.42730652102087,-27.580564043344907,-22.754195124853084,-25.71161295471874,-29.894541295081062,-25.792650614500268,-29.14715788291877,-26.00078207672191,-30.525115838529594,-25.76918590179968,-28.713655366817157,-28.73460834305201,-29.578056979455116,-25.59980145301984,null,null,-34.71481745873252,-33.32362619967135,-34.10281100382282,-29.39473517679569,null,null,null,null,0.058001948350967836,0.9665518602136386,2.262499826497224,null,10.397156317515673,12.2853287227024,14.480174151684524,14.0558099188505,20.926115784942994,23.142697545492403,23.813066111350565,27.615059225779426,31.64144768145276,30.429691342036065,30.50719220495506,30.665545018275033,29.407952228649275,29.728520330684354
-20.590388426687042,-23.158441779721173,-24.68084409036204,-25.9405929129868,-22.924152576342998,-27.72745801451401,-26.175084119329753,null,-28.022290014644508,-27.996009796450547,-29.502739851504888,null,-28.214498152536557,-27.272982397916987,-27.55526051374904,-26.962161479757857,-29.532610345458487,-29.904016376150004,-31.277644371302056,-31.69601618039361,null,null,null,null,null,null,null,null,-30.18166238204664,-14.200800997113491,null,null,null,2.2227327106003454,5.177590383550079,7.870116587943498,10.234741861086423,13.853586161737867,16.39017310146238,null,null,19.90710881976012,23.279481780426536,30.276448728348033,29.339356113581278,27.343388411423724,28.977486170314908,29.352381965316273,27.45677591544633,25.63737873957385
