public/json/wind_2018-09-1600_850.json
{"header": { "discipline": 10, "disciplineName": "Oceanographic_products", "center": 0, "centerName": "Ocean Modeling and Observation Laboratory", "refTime": "2018-09-16T00:00:00.000Z", "significanceOfRT": 0, "significanceOfRTName": "Analysis", "parameterCategory": 0, "parameterCategoryName": "Currents", "parameterNumber": 3, "parameterNumberName": "V-component_of_wind", "parameterUnit": "m.s-1", "forecastTime": 0, "surface1Type": 160, "surface1TypeName": "Depth below sea level", "surface1Value": 15, "numberPoints": 4800, "shape": 0, "shapeName": "Earth spherical with radius = 6,367,470 m", "scanMode": 0, "nx": 80, "ny": 60, "lo1": 109.0, "la1": 20.0, "lo2": 116.89999999999955, "la2": 14.520000000000117, "dx": 0.09999999999999432, "dy": -0.10000000000000142 }, "data":
[rows 0 to 18 of 60, columns 0 to 42 of 80]
null,null,null,null,null,null,null,null,null,null,null,null,null,null,null,null,null,null,null,null,null,null,null,null,null,null,null,null,null,null,null,null,null,null,null,null,null,null,null,null,null,null,null
null,null,null,null,null,null,null,null,null,null,null,null,null,null,null,null,null,null,null,null,null,null,null,null,null,null,null,null,null,null,null,null,null,null,null,null,null,null,null,null,null,null,null
-9.034772217887523,-9.152665323498782,-8.820813803707559,-8.92272705833446,-9.151884712418926,-9.283052413835666,-9.049570182370472,-7.603705983838955,-7.363223851019566,-7.942238533906782,-8.32776718103358,-8.522918606018695,-8.19794566273968,-8.975501623513995,-10.608942298600153,-11.766841803199064,-12.451141875025225,-12.749277178384597,-13.016608914969709,-13.371380796312343,-14.532815341317837,-14.42548656159266,-17.27627892720644,-18.441231003783596,-18.645217047084447,-18.657693026069538,-18.829313190602,-18.978334782641614,-18.773512111589415,-18.913152586165573,-19.06371960629188,-20.044393297067856,-21.100909146794468,-22.655318811789158,-24.32150711208818,-25.653287323286207,-26.627233447597245,-27.202467398333688,-27.59635365926238,-28.32404407735811,-29.42174856077762,-29.371071515834686,-28.252565621310016
-9.306733031795465,-9.14850325350621,-8.675390735932433,-8.72103292085306,-9.184511805281025,-9.12174610359048,-8.65692660761676,-7.71058651774863,-6.732725031474535,-7.658386886270513,-8.138508559393143,-8.359737918246687,-8.971289975011205,-10.04786022427778,-11.891263218402528,-12.710946914550215,-13.074454853696276,-14.029739545844796,-14.955717797892643,-15.348229336491404,-17.267143660782548,-17.627575457333904,-18.334395329251574,-19.02943354888676,-20.311452122775655,-20.913149213322257,-21.62557996738851,-21.712087546186325,-22.170437205577148,-21.25475571729917,-20.84124669006031,-20.897466327162974,-21.919874698197603,-22.697606464395008,-23.979535756876437,-24.924750810625678,-25.58911008389945,-25.713152398462835,-26.167735497512005,-29.86490680548618,-31.847836842219508,-32.66193577382598,-31.528942213700155
-9.155235921711848,-9.0215301696354,-8.73216082096084,-9.02252399504514,-9.274999685898665,-9.176628542497003,-9.40493267072613,-6.962793735771458,-6.4214512457234365,-6.551885788087858,-8.233037717357435,-8.937630810764894,-9.850614312980753,-11.062815273097826,-12.269232224028281,-12.787461790253982,-14.227163842895566,-14.904434358254143,-15.75220914806746,-16.409063127183504,-17.00439989928676,-18.855931495695465,-19.24208884641422,-18.88068163306901,-19.153346503226217,-19.8039173347627,-20.541863054002498,-21.240904759760284,-20.85032393655931,-20.24286935188323,-20.487078289251144,-21.383847637630474,-22.43134503256653,-23.94617101947263,-25.240596632370767,-26.224502335581654,-25.999711299035155,-25.324052059146783,-28.309785582347956,-31.094543318678603,-32.90043347827532,-33.04336739629146,-32.26227615334966
-8.971019690577945,-8.783116719006069,-8.716728319995873,-9.282774029680445,-9.270022333221574,-9.197178160917291,-9.51373828809136,-7.41032417664929,-5.31736885379994,-8.150946223572056,-8.531746061261059,-9.397431855785058,-9.637046982455765,-10.520937188781366,-11.25880657095547,-12.759751859025943,-14.21890219498564,-15.247307992344783,-15.89338864786019,-16.822020660546517,-17.7843844365014,-19.08211651732647,-19.141873666464956,-19.007171946559453,-19.42288903857756,-20.034872863071026,-20.347300725015394,-20.155578631179747,-19.92065914173143,-20.336947023003273,-20.869634607113916,-22.0050946633422,-23.429711062299624,-25.10011327687634,-26.380880912450337,-27.52102137910358,-26.881849743503032,-27.538622514983572,-29.366969284903735,-31.479209183614564,-32.33580169108536,-33.21595656706995,-34.299138364567064
-8.752666241892243,-8.529171929888266,-8.798236101275297,-9.283392590713007,-9.618241819913628,-9.033329741308386,-8.958319380363518,-7.376359975939731,-5.567995554104249,-7.4681931121518375,-8.469858215347495,-8.475761758641974,-8.945740321799352,-9.749859598515204,-10.770031261492473,-12.420691197851577,-13.877877098807073,-14.738592690543884,-15.900075883083758,-17.214357426283634,-18.43974905557889,-19.118471338848423,-18.988922374647295,-19.380359802481514,-19.90829543769682,-20.292801865901318,-20.060463869309434,-19.3966950964755,-19.99459464433275,-20.299996280058938,-21.340861558622272,-22.295558539081746,-24.43257137158667,-26.172652721271913,-27.728368764182626,-29.14684939443507,-27.947330159098804,-28.078734816342262,-29.548986294602905,-32.054862897174786,-33.84482875033554,-35.085634222802575,-36.57239125392522
-8.544834184880761,-8.438569012666488,-9.066901012140946,-9.643997308922746,-9.877399075152306,-9.134669758104778,-8.599856378993678,-8.32368599491187,-7.573102760195615,-8.455384324392176,-8.274717301181301,-7.754317880420143,-7.874979007865451,-9.162799718286674,-10.495029342330804,-12.03352793757587,-13.306952317700688,-14.491314055712596,-15.870482564233171,-17.33020215665198,-18.68577358861331,-19.0939415906085,-18.859059822164703,-19.667936013596066,-20.080519505755465,-19.915815640830417,-19.259154007626186,-20.003463123689244,-20.244305645014492,-20.91399050554694,-21.957557814383563,-23.546978868045276,-24.786325470658273,-26.487797638181053,-28.394796478897685,-28.670967515402648,-28.424347281062897,-28.562725452233042,-31.212745373959702,-33.877409995807795,-35.47934296661093,-36.495658260025806,-38.3824975142645
-8.4389901174482,-8.561126383597497,-9.13513109027594,-9.876659758117759,-10.003082823757964,-8.831343421772981,-9.318198870867844,-9.125977130587945,-9.00485635508319,-8.855472260905058,-8.646902565978172,-8.338290991063909,-7.782487193784583,-8.771588864958117,-10.698136207341168,-11.916112908665154,-13.114677583992638,-13.96336482363901,-15.895390391830585,-17.72568206471554,-18.66493059122072,-19.26411942660721,-18.853210174434377,-19.87213217016323,-19.52320572638991,-19.480472522662524,-20.232005553070742,-20.2254406991357,-20.50166379383474,-21.554594071686726,-23.048040066729854,-24.1498474612686,-24.92319961250064,-26.27798191516645,-28.33002107288023,-28.631857602409305,-28.10072462206211,-30.158176440443004,-34.46592977591248,-36.15448863163472,-38.253305875945756,-37.86458530625039,-38.47717788626576
-8.521633755841327,-8.895408673092383,-9.338580137593247,-9.736879376185327,-10.002872810234358,-8.591846851019849,-9.60078331853846,-9.930902811721175,-9.983903365475603,-9.651307333370877,-9.522235437045955,-9.190585973035628,-8.374278215400604,-9.566518360511752,-11.231009649277595,-12.243125332498275,-12.523472381418063,-13.657549423002585,-16.031690093039295,-17.850728660358627,-18.765991570260343,-19.23020337150385,-18.885108655372544,-19.62648319004549,-18.804993829907225,-19.549715169299137,-20.330418683583005,-19.834728675121994,-21.166148508987632,-22.96945046413483,-24.167107116247436,-24.315325570520578,-24.395745855301406,-26.43024773809624,-27.80713553886477,-26.981056166633614,-29.20461431532832,-32.99462526948574,-35.82623140605001,-38.6590110292292,-40.033631621098124,-39.985713284981315,-38.96556899394731
-8.638666887628156,-9.225992777270388,-9.505212352835011,-9.956259361372283,-9.30562650919947,-8.820083757716562,-10.269781963853568,-10.363417169255428,-10.7998849833901,-10.598968822785238,-9.662881499939266,-8.890222846863452,-8.85612442976565,-9.540746595655659,-11.213709923495696,-11.928500707989045,-13.038579162581467,-14.130728974733357,-15.875625345876474,-17.70358762640446,-18.402662351788454,-18.433532665611608,-18.64434258811816,-19.58061244996966,-17.818247697886527,-19.286620517168434,-19.515174084831386,-20.20542321282136,-21.825300263260047,-23.81290735335076,-24.619374260590895,-24.374514799802636,-24.771363681705445,-26.15583028969002,-26.93493193931189,-27.07495108137976,-30.734500868207064,-33.078544804623796,-36.972816545648335,-38.2543933631287,-39.57830667412974,-41.292230810607016,-38.35928066290362
-8.95889104821204,-9.73064748840181,-9.924836472561765,-10.210852254461281,-8.730340522827023,-9.006182523878229,-9.790088134831961,-10.193243214938306,-10.327365435047769,-10.773296063839144,-10.038180032012505,-8.781525090191323,-9.382455010124447,-10.77219527239258,-11.841817525293319,-12.57323446021267,-13.333738161403435,-14.895044400002538,-16.27271270440728,-17.13671456297585,-18.450466380680385,-17.862703688871424,-18.65576087091173,-18.106309181951268,-17.59566509963399,-18.130410921247453,-19.466019390759286,-20.497538929874146,-21.967422685493716,-24.37748498793605,-24.71708976472769,-24.820499956281214,-25.34574218178051,-25.892436530897943,-26.793256894298857,-28.91661485066457,-30.141195028682386,-33.22171965501957,-35.429607899253476,-39.15863224403291,-41.067754272100814,-35.97469839318949,-36.5925194253131
-9.542521709312451,-9.820430826804984,-10.458474477060118,-10.116968477559542,-7.959714990769393,-8.88586457182244,-9.6283057941943,-9.781885595414993,-10.468819504485953,-10.724249666495304,-10.474077147916818,-10.402873463906008,-11.268872565950662,-11.550418342685584,-12.073142982710447,-12.384472384990982,-13.514829718492749,-15.323817670043985,-16.344332932940468,-17.042946722266468,-18.263181073709816,-17.562168144972354,-18.004689411832505,-17.63366834963152,-18.4949625089137,-17.967471192616483,-19.035702627926764,-20.572876814130556,-22.96668811198743,-24.04907118656234,-24.87659072571756,-25.628016798551833,-25.686395009030708,-26.288847110514194,-27.409556585498024,-28.992883345280852,-31.87876255439867,-32.58371337911977,-36.78747931428378,-38.45332114667742,-37.58487376133593,-34.59483766155007,-34.36989869179063
-10.94249478576235,-10.51309965247237,-10.878222332837042,-10.188734060202624,-8.704873646488881,-8.314161229177266,-9.46158770209074,-9.409543155612928,-9.717287502744554,-10.401864376696636,-10.578517704923733,-10.05782704541661,-10.670122179640096,-11.786121507650007,-12.70578491004526,-13.595820622889429,-13.805963665280562,-15.105661961117137,-16.311885893590606,-16.827552802115164,-17.28784438672611,-16.64445578926222,-17.5609186199925,-17.882079200625366,-19.100313859122252,-18.175815577067734,-18.536587520265225,-20.705729506680566,-23.592535939318548,-23.44189196258318,-25.258284171947697,-25.624638952424068,-25.339185030430034,-25.72294362998086,-26.945042735848226,-29.112461503013986,-30.538719733624326,-32.32131234601384,-34.862103858869546,-35.17688252660067,-34.88455714605563,-33.16574409077731,-33.97797926620926
-11.460961291302663,-11.349813478502819,-10.985971526402135,-10.952286817928991,-9.716760844698065,-9.194145686150666,-9.542066420591624,-9.20009689978306,-9.818742716333801,-10.208760097971334,-10.125378032175636,-11.141150844808422,-11.393690634356444,-12.210517512635132,-13.21467274438331,-14.648693550008264,-15.022685710501301,-14.548344807309254,-15.051964972906042,-16.315959398212584,-16.510610149047764,-16.84626768121024,-17.285861415551032,-18.78065892389389,-20.136523410155377,-20.117782559505752,-18.623792793696612,-20.516487119659082,-23.286792675970492,-22.908589301072375,-24.77110367512312,-25.320474684087976,-25.13325678625378,-24.756188727090123,-26.370147555461593,-28.172335916099684,-29.86917632343534,-32.37614507142671,-32.29971228197631,-35.57742008873934,-32.60808544042135,-30.749271224788,-33.50232855765655
-11.632584460634687,-12.09099280245156,-11.90996920521444,-11.14322027747656,-10.678010268419598,-9.420802331056123,-9.448571977286278,-9.451079999950922,-9.292571511832385,-9.895699134715864,-10.397943828868163,-11.028777395750822,-11.655646088392388,-12.754114461303434,-13.753674230656266,-15.119477210706773,-16.246002347565607,-16.324586551417042,-14.851076294758695,-15.033918261896654,-16.367668188761904,-18.461004727108566,-19.686931499202046,-20.512852614499952,-20.36808158122955,-20.942358358403204,-22.35933830007595,-21.607783735188484,-22.55649884418008,-23.677592341008197,-23.942060684528673,-24.62127481297975,-24.55146070047206,-25.455824676002468,-27.583251064384385,-26.769254239819617,-30.10463649167226,-32.47114786891534,-32.87031931711942,-34.21851866775726,-33.34112259321073,-36.56080850782398,-37.186922329928244
-11.75162637399183,-12.201169185192832,-11.969309163316666,-11.908606468708594,-11.190564234043483,-9.650196661405834,-9.538716058237362,-10.057324916913364,-9.282179617429184,-9.86613145383476,-10.185585641483772,-10.835953864595002,-12.019851001258633,-13.503643343953572,-14.71416216305389,-15.875471784246638,-16.88973425451281,-17.276382490711885,-15.20123676074159,-13.99074741939877,-15.095255310699057,-17.949124846966058,-20.832294952088088,-21.567104545182996,-20.54709046039826,-20.19055579214973,-21.591762182475613,-22.81489470826702,-22.731025507231614,-23.29252012941464,-22.6400566628945,-23.718804799105904,-24.608337617505654,-26.44196344735278,-26.80383696882057,-29.658007143536594,-29.95647396162103,-31.748975428321064,-32.72811339214511,-34.1814826255094,-37.350251601211376,-35.07305617611023,-32.64265822609488
-12.277495578199597,-12.786769415074724,-12.050272118691694,-11.055918341970813,-11.882650694195634,-11.110545823495077,-9.77038173308869,-9.409751281556032,-8.518585601072411,-9.158289999539598,-10.48245369644853,-11.515961700127558,-12.324811959173081,-13.79176740411057,-14.744285991287851,-15.884640164950856,-17.153593834728014,-17.155537239411274,-15.660412224851786,-14.358752221575351,-15.172565209678,-17.121220084687515,-19.829449646090133,-23.170745038383966,-24.434044358858884,-23.2440163274908,-21.71328286155912,-22.441041930530442,-23.122153006638495,-21.976308342531624,-21.534786685800228,-23.320512058516474,-24.390053537908504,-27.768693312175035,-28.261868811140978,-29.601841681070777,-29.714796186187197,-31.244447557485373,-33.53890121752369,-34.872072348058346,-35.52451745978049,-33.89229287418115,-32.48771744712247
-12.323777286037977,-13.013508521777437,-13.49938551311765,-12.061866690913716,-11.624134376698475,-11.562765148852465,-12.564771408698089,-11.374107433099688,-11.367657694771335,-11.414726041739819,-10.194475973214665,-10.71228782038731,-12.194281928952488,-13.365754715078287,-15.030817751486666,-16.78290964180571,-16.694228609129855,-16.746931242118464,-15.287589272642007,-16.468184866315696,-17.37269819317881,-18.219418579147312,-17.447650061050513,-20.4392017872042,-21.273528586519543,-24.223322109166496,-23.062777400998215,-22.348676678918636,-22.168811723486677,-20.608312044971232,-21.20579961575097,-21.907507292914577,-23.715310026962968,-26.0624807016318,-27.639583232274216,-30.40894076632033,-32.22329637270116,-34.341441194800986,-35.09420562837322,-34.48709018914333,-34.2542916715675,-32.50186608360204,-33.91401489714889
