public/json/wind_2018-09-1512_850.json
{"header": { "discipline": 10, "disciplineName": "Oceanographic_products", "center": 0, "centerName": "Ocean Modeling and Observation Laboratory", "refTime": "2018-09-15T12:00:00.000Z", "significanceOfRT": 0, "significanceOfRTName": "Analysis", "parameterCategory": 0, "parameterCategoryName": "Currents", "parameterNumber": 2, "parameterNumberName": "U-component_of_wind", "parameterUnit": "m.s-1", "forecastTime": 0, "surface1Type": 160, "surface1TypeName": "Depth below sea level", "surface1Value": 15, "numberPoints": 4800, "shape": 0, "shapeName": "Earth spherical with radius = 6,367,470 m", "scanMode": 0, "nx": 80, "ny": 60, "lo1": 109.0, "la1": 20.0, "lo2": 116.89999999999955, "la2": 14.520000000000117, "dx": 0.09999999999999432, "dy": -0.10000000000000142 }, "data":
[rows 19 to 37 of 60, columns 0 to 42 of 80]
-7.049387800490031,-7.367664243046684,-6.868442543441546,-6.505110036601246,-6.280215700650297,-6.356753408244443,-6.765779249506709,-5.7471066216959645,-5.594105406067969,-5.987523896847483,-5.91223498195675,-5.735096575449666,-5.8729909797930455,-5.040272834708015,-5.296876704359816,-5.721201840969712,-5.769548953624289,-5.866961159895831,-6.264820915115037,-6.685561190538547,-5.946446299032642,-5.47760827061661,-6.341121866285624,-8.103740948712035,-7.732338088280867,-7.09905846320514,-6.105283341230468,-5.317930952363682,-4.390701423917026,-3.7560304641720084,-4.350690490534934,-6.366723143601062,-7.29644562028191,-7.111134848566697,-7.191865651481008,-6.920868223485712,-6.607719437728116,-6.549248054179867,-5.588617321377602,-6.41754589104258,-6.281964835493584,-7.012274625829007,-8.013492154408329
-7.131893660477441,-7.165957291793989,-6.808104863325893,-7.167688825548381,-6.644219151312834,-6.726185686538967,-6.6081763987138995,-6.650257099294207,-6.419547654021186,-5.8245999607020345,-6.160233593075311,-5.686150891048734,-5.9193565010937625,-6.499152501734607,-6.334207461186518,-7.429490696023438,-6.781348760482132,-6.8476127418801145,-6.832422037697068,-7.478678653681042,-6.3236419417307665,-6.767831641729659,-7.380562663001252,-8.501563735990853,-9.373140058832874,-8.898395262937662,-9.331322449188539,-6.3490541399969125,-4.646987822147967,-5.355062950626684,-6.107925149117113,-6.81967520069964,-7.196934564955162,-7.608849906177758,-8.04865923641825,-8.174499324794773,-7.516636365919772,-6.8657327030703765,-5.901081272578931,-5.808336755638463,-6.587553243376274,-5.676850924159821,-6.281148825230925
-6.93456145681824,-6.599815218881291,-6.456212845938651,-6.28833750891001,-6.241045903553546,-6.589556194711144,-7.25911414676979,-6.243637272906605,-7.156934427177308,-5.723371528485169,-5.588413366404908,-6.109139800677509,-5.089846221092876,-6.238231526182616,-7.8607115894435395,-7.079334872176913,-6.920582386324908,-7.063754766909098,-6.328589429981509,-6.261346359259171,-6.626452964430538,-5.4252970380310845,-6.44578612373318,-6.6124440567804985,-6.63259116480405,-8.270144952269888,-6.211800827261636,-8.234764058414415,-6.91485196617695,-5.5774012078249555,-8.277174945819189,-7.952601705436422,-7.691316425258359,-7.379129327836187,-7.474308703070477,-7.579490293089314,-8.740770089739277,-8.310892258337912,-8.174155583264934,-7.610024009882697,-6.843344434886446,-6.316859592690672,-5.691738772185469
-7.278933973886122,-7.084459655955774,-6.386525633594472,-6.489130653571184,-6.401632831148633,-5.96922423702362,-6.490613013071558,-8.043664242427685,-6.585027096445736,-6.685658339368553,-6.3237235309490725,-6.056644900993084,-5.7588213355017865,-5.442751417367904,-5.656995968164844,-8.079255553099484,-7.531825374871253,-7.86460708554212,-7.623338488993064,-7.04795497382803,-6.706527156585897,-7.342938100734693,-5.737029381449489,-4.274146274231857,-3.559886178071114,-2.729247160803979,-6.6113855900182745,-6.109914817759296,-6.338218074796839,-6.404207929229909,-6.005423778794468,-9.43749684784583,-10.251875182540628,-9.470488351373472,-8.211067369268171,-8.534489974257697,-9.380642607510158,-9.522261099134145,-9.348455803875371,-10.434831567605807,-9.079887649957904,-8.052203731631336,-7.172690401964632
-7.4808592151613365,-7.12113827795029,-6.755441987799056,-6.410060887570513,-5.202788480356319,-6.10926980924,-5.454729880501143,-5.17613906764295,-7.868821132560891,-7.1317498257483924,-7.152654633938835,-6.587049062846721,-5.923359755212802,-5.719288181235394,-6.032184692860256,-6.565554928380012,-7.278031530881478,-8.533064757217483,-8.113292466184804,-8.139292783125795,-7.568711819480683,-7.4627714173996775,-8.490608614002143,-5.6153934692265395,-4.805999451821745,-3.261568688112954,-0.6471296070747319,-4.781573391016152,-4.959817773501056,-5.298056907169221,-5.7008069773003935,-6.693875328987849,-8.214065735992898,-9.217739072598949,-9.60827175082852,-9.00280575580447,-9.638707959760781,-9.360703030356223,-8.60667327955406,-8.236691375457587,-8.535280041308434,-9.80170926931056,-9.061564578999771
-7.870995094708838,-6.837420263181406,-6.4051356755976805,-6.282016751656201,-6.380986959043717,-5.38242336130481,-5.03114468638627,-4.395072460175391,-4.51547353089336,-6.024365824505383,-5.872528015912571,-6.18273143012372,-6.16313918861598,-6.224667566268279,-5.712953922938047,-5.684883277289264,-8.0763059610501,-6.12880426253258,-6.765544094848996,-7.142769730068656,-8.2352703646709,-8.708512490464642,-9.447585852186558,-7.856895450229855,-6.551350316131745,-4.442667031150677,-2.5956498443181166,-2.3691148599631062,-3.5442884526859633,-4.726902138668862,-4.5664012490800205,-4.441432710985543,-6.523635016317672,-6.020305721749779,-5.921905262989508,-8.498997838327671,-8.431333097635783,-6.949424944423946,-6.726169031745464,-6.505424613459563,-7.881781146892235,-9.210485923317561,-8.259275603116075
-8.088447838716242,-7.146855609191886,-6.56678481622274,-6.379668763490014,-5.434541564569601,-5.619700502105043,-5.153973906032417,-4.942432499232713,-4.287975812676892,-4.561472624155337,-5.633330965035826,-5.848812177420458,-6.689225692544975,-7.11830533639327,-6.941111127573455,-7.153205476126182,-5.515690089132084,-5.302752794089314,-7.758432813923563,-6.045200553004449,-7.043846031535213,-7.4508975648498295,-8.355057380033928,-6.805056552090757,-6.464682821793273,-5.88417199350929,-4.468707373836701,-5.064232080057213,-4.877605899845984,-4.737611010862054,-7.126250537936787,-5.03370181111694,-3.9997991404421738,-3.689437174584619,-5.428929854615344,-6.778929489667864,-6.191474262440775,-5.791814082024709,-4.8975612255508425,-5.296572220186836,-7.391990313255819,-8.132884334297712,-8.839470334615914
-8.484892070541514,-7.80445082844051,-7.6301996954184546,-6.840173654702205,-6.157557058333172,-6.184743884769047,-5.243782333127989,-4.413879085956068,-5.133167790659163,-4.337482244755879,-4.752972070847919,-6.374527248127818,-6.960978947238459,-7.600220496476931,-6.778355759020734,-6.426655483156263,-6.2595672214967255,-5.585329190669307,-6.596199394118641,-4.678754979313806,-6.603164025978907,-5.965802449035665,-7.082524463127545,-6.509806186884413,-7.592056549687803,-6.579434379850377,-5.883117333937582,-5.6420665173774704,-8.01888709454294,-6.723058402572946,-7.525799020840109,-8.250067485322134,-6.009650636466057,-5.202565373222968,-6.853709187326121,-6.836937478088069,-4.994882064590074,-5.858510477066092,-5.825046750895447,-6.838671645310003,-7.422391939348769,-6.271905546517262,-6.862566922786096
-8.815928135692875,-7.806772668300856,-7.240536522356119,-6.467153360481491,-6.492439563898264,-6.012076736243037,-6.274728466360997,-5.621399055332586,-5.140660319419651,-4.00784493661986,-4.5328724846588,-4.016809228783675,-8.451761255964902,-8.502525109944534,-8.78552623854849,-7.570562919169663,-5.5850068975153615,-6.46654677864371,-5.807518803581857,-5.575780439770017,-5.9157802323699284,-6.835605365332265,-4.186997541857588,-5.819609032831786,-7.001946049221901,-7.358335245922979,-6.964488389248009,-6.364119539491931,-4.668896957238884,-7.565739312870848,-7.642673010885666,-7.414228830254415,-8.296334580806205,-7.248163497546855,-6.6874315243782325,-8.297022047319926,-7.095094570805435,-5.903120934411594,-7.680406432502802,-8.06260828822882,-8.681127812192289,-9.000632729855148,-7.4283178548932725
-8.709822955397629,-8.297406858945044,-8.34905171934364,-7.875912044008181,-7.18475103305397,-6.20064742768968,-5.045794618419147,-5.3584910835897235,-5.676832224809831,-5.4041283276339644,-4.418648164172911,-3.882150335136502,-4.918895824301291,-5.459559016153898,-4.63847985191319,-6.9458159708701235,-6.596408835626298,-4.815428595762457,-7.311698899733154,-6.125160752611429,-5.755723860759675,-6.8232868159567985,-5.842240481053351,-4.663346398380455,-5.028523674531242,-6.488982869647928,-7.459598916369124,-7.321454434503283,-7.304195478947125,-5.906266191379691,-7.948524892714829,-6.828238392686281,-8.92436957384293,-9.281607823564713,-8.534328184843798,-7.909223181306599,-8.465407425573346,-7.576480926561482,-8.424606807906654,-9.73453465986379,-8.673470455602343,-8.277796362746187,-9.7462176999876
-8.311616239857885,-7.706891761469844,-8.485946624664335,-7.776165362035117,-7.92924569477177,-6.565095496798975,-6.042392024365645,-5.486773240279131,-5.463226816612288,-6.150691170239105,-4.901316723018661,-4.3318753515083515,-5.124834011126736,-6.073395270455941,-6.301150845482352,-5.309373213049276,-5.20494547758933,-5.3172427866754735,-5.416379093362966,-4.791054947344779,-3.81330768419909,-4.159807121221952,-6.900663021090402,-5.468535663649285,-4.042734616388291,-3.66235482759606,-4.929673726435798,-6.913505404655229,-6.471842371942145,-7.454558977003223,-5.086334005152897,-7.756873223468404,-8.03379084482551,-9.063187462747344,-10.227441715283565,-9.353329415321673,-8.342954324251966,-9.489839427740364,-6.4562896699263055,-7.59725709140471,-8.859216744493384,-7.321677243088951,-7.502352730830566
-7.9184100722884105,-6.875310304469208,-7.379610941964399,-7.971310732227412,-7.694971549041517,-8.036015702754277,-8.054631779107444,-6.535975312758619,-5.924180396365514,-6.413020773604924,-6.293069752409952,-5.2470029025633735,-4.791955117933494,-4.727892194661724,-6.000819639902506,-6.762090655377218,-5.312924081333508,-4.650050657178441,-5.00605997831885,-5.426885078149709,-6.3674544006595735,-6.130430769634883,-4.966261715605158,-5.122467488315345,-4.821824337875645,-4.851824730465333,-5.169429075035339,-4.975212990405829,-5.806875763837008,-7.054095022009059,-6.544512964487847,-7.231974767344178,-8.095098936301433,-8.643452949020826,-8.368491315640362,-11.397281653603322,-9.857669266136018,-6.971538521436191,-7.697068846906216,-7.482017537703722,-8.335278728247808,-9.176760872941253,-8.11100737355493
-7.393316948855502,-7.830116770925587,-8.012613359842357,-8.141440400363505,-7.568068535001974,-7.234423754257296,-6.3752475760301675,-7.4214088827642515,-5.495486345828904,-5.138185708137977,-6.208933980971711,-6.350264322808858,-5.279791490450145,-5.964134578693807,-5.368260079889431,-5.9233322689784105,-6.362766428497611,-6.609116202274945,-6.470351776829014,-6.512110219922549,-6.159735799510045,-4.218895150438213,-5.12034640996705,-5.608157620277905,-3.73061175922876,-4.376208228347477,-5.140791233383515,-6.918359224349407,-6.352213840105706,-5.542918388361847,-8.802634343216221,-6.715682649958634,-4.72079642114597,-8.514234223548002,-10.01227992380076,-10.362582043423602,-9.309204240340778,-8.476390819273114,-6.681934560680741,-6.8149185856002354,-7.856465064948336,-9.039755946048112,-10.671679118608946
-7.546032871371564,-7.812596379158798,-8.494899731112639,-8.212469990596109,-8.38317504080917,-7.529645541400385,-7.943801254013298,-7.429811672638581,-6.4609216302498265,-5.338732617425992,-5.475033780870458,-6.129449015911482,-5.768307295924408,-6.428865340645859,-6.976628344851959,-6.590282088075335,-6.858428509352897,-8.335502796425555,-7.55628553279666,-7.849508483441282,-8.104028678886165,-7.736284749926017,-6.938519581517504,-5.380732591272036,-6.467703913336104,-5.648231023463852,-5.493876234929057,-6.30267572087537,-7.888456301970403,-7.815141259392943,-5.6695976817476,-6.568225674491151,-6.115128650401968,-6.294721493498727,-9.9650864057799,-9.517225267547545,-9.416341349020186,-8.505734445669745,-9.055935104963206,-8.909601038290658,-10.151761994048966,-10.234607017426379,-12.190618343918626
-8.002440046564459,-8.164361979091913,-8.343611311171104,-8.57347936151867,-8.411908697633852,-7.535924153377715,-7.419403333950386,-7.259831475239317,-6.849326609622562,-6.7598644430457755,-7.289238577966481,-6.86130564829852,-6.713482904672268,-8.02603155585349,-8.773588450454982,-9.161116575313557,-8.52356165201168,-7.451695820071168,-6.567242932219198,-7.840180904154651,-8.838763135918514,-8.640028206033596,-7.63887093253907,-7.196845973472195,-6.623080587336143,-6.408829318069641,-7.445453748602633,-6.238528062373697,-5.5610833707197145,-6.080934252639755,-6.638204671877306,-4.3333871837409665,-4.998528858779623,-8.549773056851109,-7.809260980353731,-7.477180683928814,-9.164045383860246,-10.19154977191985,-8.941450888238775,-7.604903810420883,-9.102766625917928,-10.941396329953474,-11.734881058034494
-7.0376945705093075,-8.942626535621214,-8.693049550482243,-8.678160397124756,-8.429245712507099,-8.0088490206308,-6.948214952435692,-7.033380668795331,-7.796704442541272,-8.783622858971022,-9.223783391100103,-8.485782233910795,-7.596525878169661,-7.639099680535641,-8.557496647038604,-8.709702098032418,-8.98345461725605,-8.25743680442204,-8.04797541696265,-8.774061766657653,-8.714538509759379,-8.143183352607743,-7.801172538310658,-7.915303368157673,-7.8590526639042215,-7.433929205300693,-6.956737214288583,-7.041277426383487,-6.800241851112485,-8.524030921049055,-7.382035620913682,-8.188173890448123,-6.133426838495101,-8.15617040114576,-9.071928941470183,-8.791180726857316,-10.21515190492684,-11.494792568413915,-11.044935980872705,-8.260777752256542,-7.112484399458987,-8.90400986408132,-12.384028231830166
-7.3498356588171,-8.083117489911047,-8.578262378536317,-8.327157231944284,-7.875145229179222,-7.507775870392614,-6.638867174657124,-6.458875320871927,-8.146943634250487,-9.383114470246984,-7.893204810736771,-8.298989086383148,-8.59540677525752,-8.608856497037252,-8.450160741062643,-8.684434398864648,-7.540986589810407,-8.207184811241488,-8.724272033384613,-8.745875203503278,-8.342592375297091,-7.097755885331703,-6.826397443379825,-8.128952477802951,-8.182568602558218,-6.886474646103842,-6.35096575583135,-6.983287628124447,-7.398861802024675,-7.050796014386127,-6.453880659912202,-7.578390306824259,-9.460840115446075,-8.585167498688923,-10.336566615461182,-9.218933328942285,-8.789147587790493,-12.158660534744941,-12.412579208965743,-10.9602571018805,-9.238826645866334,-8.858798621476412,-11.449276939919038
-7.76144186066146,-8.677390215800003,-9.06172692437747,-9.299707291028719,-8.0964151581809,-7.2124554002279595,-6.335491535996229,-6.375188182838196,-7.920138717547434,-8.79325468026454,-9.96323549419589,-8.945356113486906,-9.312262803992631,-9.9095479999354,-9.733926480376947,-8.444352171681848,-8.03754571805739,-8.357479603314308,-9.149929088143967,-8.826208222976287,-7.067376282042738,-7.101467221870251,-8.348562152380985,-10.627248805014304,-8.806426882879277,-7.5993728246382135,-7.704233397482328,-8.131277381755933,-7.79221372036182,-7.77295737883696,-7.260081914493496,-6.831435322463925,-8.026086556926833,-8.124618672483702,-8.482776565420506,-10.42459652417206,-7.976532256486026,-7.867789135528307,-10.061102013036534,-9.171728080079443,-11.419083466978972,-11.273518171638067,-10.645239547496274
-7.571743738516699,-8.134491917400197,-9.20140879841221,-9.235821062312407,-8.580484062228583,-7.268122576379891,-6.026565102148671,-6.387658425314519,-6.456035164127091,-5.592465467978057,-4.993082003837618,-9.479251987773004,-10.28994728259064,-9.74742463839883,-9.16840486943343,-9.058133721294555,-9.13869957776837,-9.632966316911343,-9.745473778793105,-8.636865514192559,-8.743678200443725,-9.643752517712432,-11.452677892848453,-8.440921654848767,-7.8639187430463835,-8.477341104599779,-7.583178527235962,-7.893202003168642,-8.639417890080725,-8.676546616915765,-9.719067710684858,-7.351393608281271,-7.160494585829534,-8.197557792292297,-9.721841169746746,-10.190205302391112,-10.878262236107952,-8.01081267332906,-7.764298947293888,-4.563566393020607,-8.597380949527956,-8.858194918546372,-9.511270555891421
