public/json/wind_2018-09-1517_850.json
{"header": { "discipline": 10, "disciplineName": "Oceanographic_products", "center": 0, "centerName": "Ocean Modeling and Observation Laboratory", "refTime": "2018-09-15T17:00:00.000Z", "significanceOfRT": 0, "significanceOfRTName": "Analysis", "parameterCategory": 0, "parameterCategoryName": "Currents", "parameterNumber": 2, "parameterNumberName": "U-component_of_wind", "parameterUnit": "m.s-1", "forecastTime": 0, "surface1Type": 160, "surface1TypeName": "Depth below sea level", "surface1Value": 15, "numberPoints": 4800, "shape": 0, "shapeName": "Earth spherical with radius = 6,367,470 m", "scanMode": 0, "nx": 80, "ny": 60, "lo1": 109.0, "la1": 20.0, "lo2": 116.89999999999955, "la2": 14.520000000000117, "dx": 0.09999999999999432, "dy": -0.10000000000000142 }, "data":
[rows 19 to 37 of 60, columns 0 to 41 of 80]
-10.715696715492593,-10.39809130577634,-11.707763474672532,-11.326400388419525,-10.902243961678433,-11.113946726570653,-11.001354284561138,-11.111228944184548,-11.444914446631902,-11.672000409761043,-11.642055937396586,-11.998927723452162,-13.11253019745744,-13.460892079122587,-13.114483251192826,-12.697736330029985,-11.94193671329346,-11.349353857253421,-11.863859009032096,-12.108920217529079,-12.9083623906184,-13.525088579415627,-13.112126727903675,-14.780906768990597,-14.637824065137142,-13.74119150659807,-13.447475544828139,-13.468799395490084,-13.990100204281328,-14.080691452181306,-14.098374975855693,-13.496313301881127,-13.670329132741493,-13.881350807555835,-13.696977559683987,-14.231094312148302,-13.786537986419598,-14.839832668470315,-15.842832651709667,-15.337371935713103,-14.811044067878244,-16.48657455173592
-10.915203876932434,-10.730781259235044,-10.629659336305682,-11.412603593816746,-11.441373291373445,-11.005086831226008,-11.568944044626601,-11.899581383564048,-11.260646140123574,-11.201958517305112,-11.403249514227783,-11.162298733974705,-11.570848110251758,-11.786575220222675,-11.761294212080124,-12.71125314103875,-11.616151134188481,-11.113350484539463,-11.446433642208554,-12.502133860782452,-12.310905386124215,-13.600604440783812,-13.079739036404963,-14.880527664875142,-16.84346326915866,-15.801104624122814,-15.23101767347927,-13.733726175107748,-13.216454389243175,-14.875663323636925,-14.592452757595364,-14.74325124379337,-14.688190381421826,-15.039350242054427,-14.688940717094919,-14.382413259939383,-14.872089914826018,-14.553268484934524,-15.231522765562762,-15.715189117843895,-16.820562074639685,-16.970771750784348
-10.645499474232558,-10.576303045778726,-11.327560471691076,-10.945327709160019,-10.617923318576342,-11.436410932638728,-12.237862904948443,-12.546817006756834,-11.42369857461798,-11.101952723436323,-10.958063713539481,-11.72004501113485,-10.98521751427157,-11.00195824425127,-12.31153413681973,-12.441284338160603,-12.648068056935044,-12.95323238005133,-12.628109840393517,-12.403058152388397,-13.114329809432444,-13.547118116667505,-15.577447015672124,-14.1780362201863,-16.473418856477636,-16.90423857657973,-14.77801065275958,-14.341042299699149,-13.85955610328329,-14.48693732335661,-15.677927588767334,-15.294333582371303,-15.381495031229182,-14.937072331090862,-15.103511585108308,-15.365957403526714,-15.040988789337492,-14.770561575600247,-14.516408414964708,-15.279615159329381,-13.796885671135485,-16.53583643004311
-10.923539380959053,-11.127857742773923,-10.9587727033919,-11.509382485523021,-10.789998960116518,-11.20207556582302,-12.252860494484626,-13.165853131417755,-11.992371034167954,-12.475082157903751,-12.240989715550091,-11.842458916361025,-11.579184122834754,-11.986161868423995,-12.239259028232995,-15.14190632781863,-15.601477654525429,-15.71807308462305,-15.824971677069772,-16.46394550135794,-16.806277636205888,-16.88362982127787,-16.219726259183986,-13.235495278116723,-8.689033024514199,-11.756124853504243,-14.160560824766888,-14.161062653641226,-13.933122743748719,-14.054103232087812,-14.025730880109826,-15.111762322424777,-14.7183123235718,-15.336001175941604,-15.662161338059134,-15.13857438836821,-14.773128605543477,-15.782185777967515,-14.943400188756279,-16.02796944885003,-14.682709707835054,-15.374827112160647
-11.993848805002338,-11.541265472485733,-11.539950480877621,-11.446044673120387,-11.172993137274998,-11.897884596974793,-13.08084623609384,-11.876472400863795,-12.630944988955337,-13.477854928803005,-12.530798878289499,-12.597325665171663,-12.703696768868568,-12.934976173611561,-13.88147072528292,-14.768976498681582,-15.318480711528675,-17.712522369869458,-16.57891224048219,-17.01087657090742,-18.074343166320794,-16.843157134261624,-16.405702954557743,-11.870245518541815,-12.055884106766825,-9.769602862392752,-8.108957315454608,-13.416106590752639,-14.742703421682748,-15.372607058559137,-15.312375085517166,-15.447664570045639,-15.366927442564801,-15.707983904718642,-15.798589525374673,-15.61731126245349,-15.180856331617703,-15.21273232919285,-15.472811519387268,-15.11342923174963,-14.785022073837867,-14.531762712032481
-11.608924874314416,-12.065271603550944,-11.614826914928615,-11.822630435683436,-11.739724399528704,-12.301367658951303,-12.556180816605314,-12.12919455764403,-12.682474102868348,-12.815249277671786,-12.783301817887748,-13.244710156059831,-14.118958779183208,-13.610686625785718,-13.871235935672617,-14.045182792056426,-17.889107549171182,-13.543194491754448,-15.602214792999387,-15.850903293389369,-16.415452725957252,-16.406748230704693,-16.89538900588793,-12.98308527307135,-11.503181629121471,-9.48647554310802,-10.09496080592087,-9.733033530298945,-13.387668722071513,-15.833491209410111,-16.312054323561004,-16.367417722184,-16.047323328080292,-15.458063058571234,-16.190902393212127,-15.971206317273966,-16.006871259784653,-15.350354923198696,-16.37632557401529,-15.737825329694111,-15.108538714919813,-14.192521218109235
-11.388422593049082,-12.104343318399213,-12.030253684096113,-12.478069812451482,-12.213113712791854,-11.861040592254088,-12.951465327299829,-12.503614173850767,-12.506662153645264,-12.182931859555808,-13.59746622025994,-13.87736792700472,-14.811385658547906,-14.929354326924472,-14.3168959657855,-14.550921063948758,-12.856320846166177,-13.062192651078949,-15.057677610358677,-12.839763896422763,-14.710639577042661,-12.730980507713127,-10.85603668775697,-12.00955550468742,-11.167404750421449,-11.984622990916405,-12.328040660962374,-12.332823850236664,-13.080752666132298,-14.66318738386112,-16.74683837618628,-16.745204115652214,-16.68975464020285,-15.841254455589661,-16.712614037850393,-16.576714948690427,-16.6384424438435,-16.327571072820035,-16.287042311435954,-15.878513536876348,-15.19988178893855,-14.538084840112528
-11.852835719210509,-12.507682252317586,-13.00601114359658,-12.55019305891103,-12.794064923665655,-12.643394358034506,-12.722208762051881,-12.549626159618613,-12.632397941151169,-12.065274205019163,-13.236690082838514,-14.714863311252051,-15.220268671008338,-14.80923361662968,-13.670909784281367,-13.97042841019985,-12.636142000186183,-11.217206357496407,-13.122162153260343,-10.775230984759055,-12.735121478462661,-12.054674114259223,-13.406023917203475,-12.571229591704336,-13.45534761885889,-12.786636650514279,-13.999385866884396,-14.448980078360513,-15.022693916335266,-15.445859819340962,-15.933298000770886,-16.663634319020982,-16.990594241777437,-16.629476406712094,-16.93244737559356,-17.316195513970868,-16.830541207547213,-17.44939980329503,-16.05447017629329,-16.508842389894163,-15.94842864782839,-15.479089562350719
-12.404154135247275,-12.584262296367221,-13.475767165477636,-13.237515130707827,-12.975204386783908,-13.156155161178308,-12.947249837393198,-13.089557737577882,-13.0825962879482,-12.67484022585171,-12.722684325129201,-11.476287300917022,-14.746405947972237,-14.444655698125061,-13.911907990978044,-12.696774621858967,-11.889874836516523,-11.38901520666569,-11.231852434792849,-10.895164959751908,-11.87600845935355,-11.104428606984504,-10.634546304107506,-13.172424293358784,-14.325433353441932,-15.37684232160268,-15.995177977945817,-15.67301796619629,-15.647581495329309,-15.71035022866592,-16.622298818607884,-17.283709010745284,-17.09689031127708,-17.3660554689,-17.073894203079163,-17.065199262475577,-17.756299828306105,-17.733016608443158,-16.773826694750596,-17.080556286005613,-16.899105499788917,-16.424184054382984
-12.542181636281114,-12.56811420931526,-13.277671965920822,-14.12926251651811,-13.51329443946488,-13.303856872794967,-13.546404222229858,-13.08668932599909,-12.981213997729363,-13.215804213766349,-13.93375040128352,-13.893305619821543,-14.555877459469063,-12.799357037284143,-12.36711718584619,-10.57783835370396,-11.055994975270178,-11.034542312521905,-12.233141477985793,-11.916219088648944,-12.498682111536137,-10.95253519303958,-11.108733503529457,-12.22239910312527,-12.762197046452595,-14.219430141484867,-15.08370335073263,-16.11950412611253,-16.20652116473836,-15.56621918585357,-15.973616124064364,-16.2766551668573,-17.36984197070921,-17.272320031930075,-17.13834359139337,-17.296540834131804,-17.833723123969154,-18.03814138860922,-17.987373350089136,-17.14317448633287,-17.54674982703115,-17.16409613105647
-12.096484551621959,-12.509982579491792,-13.594645119963676,-14.271571238925224,-13.946360283297075,-13.498704399229705,-12.914805080295466,-13.502740740426898,-13.008196259978464,-13.483594858340947,-14.448482196046303,-14.514400956570476,-14.237733402948901,-12.832229198670088,-12.650957545002456,-11.915804057834658,-12.189913622817224,-12.117173600481015,-11.934220383980469,-12.241451556931882,-11.574088143627481,-11.37228849615554,-11.858568379237791,-11.263188080020063,-10.981282913873505,-11.064931148517612,-12.706191750146843,-15.019285620710853,-16.76043927453215,-17.072166149556413,-15.838547452250706,-16.68328524241806,-16.90842329900197,-17.446760728551187,-17.201177106600944,-17.471864952392753,-18.408296448935307,-18.79749565524578,-18.092800512953755,-17.690862296798976,-17.4866667791107,-17.595045396889915
-12.698963780950475,-12.262112036670404,-13.143100790327146,-12.677115131188204,-12.86448695227222,-14.613293595476417,-13.401247661166842,-13.445994710853913,-13.205137043202551,-13.1914249737619,-13.81882573216315,-13.949466646002843,-14.295239783723222,-14.74551955737989,-14.195133877324032,-13.476860899087033,-13.380417482707422,-13.435823646400522,-13.214095747752843,-13.143362643311608,-13.848819244285655,-13.62326801107514,-11.48136788421777,-12.106122242563131,-12.12702631259566,-14.183731946880567,-13.58012238765113,-13.135027043527087,-15.923574413955206,-16.642027204921686,-16.915463507872012,-17.2215681161681,-17.02041332891219,-17.249584863282685,-17.769269788328813,-18.30027926629181,-17.406047294259697,-17.77276241861985,-18.429272778688258,-18.073223913359694,-17.631512881570675,-17.504141898156515
-12.801078005237386,-13.024953999350675,-12.848562120598771,-12.20454526681294,-13.138947510212287,-13.751318992281966,-13.838465002036216,-13.648523589315378,-13.785155411202757,-13.564155208787136,-14.006377088014023,-13.99313641586717,-14.683550445135086,-14.589682152419787,-15.292940576215656,-14.892576787510855,-14.578207646046039,-14.872494195340021,-14.849758363685755,-14.61265185598218,-14.50783066716895,-13.919659469835135,-13.501181933926773,-12.582006325380124,-11.644878955789,-12.474507684941065,-13.984203144421773,-15.282248732469903,-15.031703699809594,-14.643532247553745,-17.338391863943524,-16.769715967069544,-17.398540150147525,-17.420931785429005,-17.551670372357275,-16.73223183895827,-17.35939732969358,-17.39361930176846,-17.987359738037693,-18.278355650638304,-18.02390138115915,-17.798193954407342
-12.251013701858742,-12.914679457998995,-13.462840833119008,-12.45019065785083,-13.5130945257047,-13.481466445363317,-13.822232196103485,-13.457348750666853,-13.996010764824247,-14.656489640402107,-14.811883394535117,-15.052351812185869,-14.767208540881775,-14.66269673977594,-15.41816630327084,-15.504581935475356,-15.605258320205472,-15.374206542660026,-15.223895437679037,-15.215806872354923,-14.855459676753261,-14.601723893896837,-14.047373956390846,-13.4707948233079,-12.97874470447249,-12.772189722017467,-12.548832264172603,-14.407446501826747,-16.699891857912423,-15.736470786658234,-14.621413865233459,-16.49634705189345,-16.87876642411132,-16.808426960413495,-17.40300368496649,-15.419922614351547,-15.570969221979025,-16.727859074944366,-17.77754766028888,-18.25835669295943,-18.460289435258154,-17.883275392870747
-11.565385958637624,-12.561648798468562,-13.526050874578964,-13.139884734684337,-12.988066126579302,-13.05099286638082,-13.557361365129427,-13.703659542816846,-14.732569006647747,-15.356053640395928,-16.7106893753111,-15.022922852346682,-15.232369413065372,-15.056562395949959,-15.43954258420165,-15.81474114192574,-15.89802866944724,-15.399605858685417,-15.161477241362402,-15.327070211596606,-15.524839747766014,-15.132688086404906,-14.301398155907881,-14.261899068818371,-13.817388152615695,-13.126750943668386,-13.460178380566298,-11.933696218439332,-11.180928681443751,-12.80271732454239,-15.981516295318087,-14.288878081479757,-15.952664196370435,-17.014671923172507,-15.96055028454369,-16.937008890440975,-16.953480029875564,-17.677661974193963,-18.106893335468346,-18.433365936630846,-18.45331068238663,-18.34475329205091
-11.029390310957426,-12.48291768898466,-12.98286852058959,-13.923460899961396,-12.61695392457402,-12.647743939377786,-13.190292496056403,-13.78614755472367,-13.773938858479696,-15.982240183063105,-15.719288023104184,-15.403250557925867,-15.601401569463253,-15.538023341057139,-15.864742769656596,-15.592005707373033,-15.863189009648158,-15.2711745839555,-15.64540301684585,-16.271910751323613,-15.798340925533182,-16.34434213356188,-15.885258679797596,-15.118288537193472,-15.342759717609418,-15.710372037338718,-15.386629518201639,-14.68840211739079,-14.670704778430427,-15.719487440537746,-15.169302585078718,-15.700840524832572,-14.612627354929984,-14.90115364689888,-16.38113557331272,-16.961434664827475,-17.382613093645432,-17.81823139875726,-18.853827347469526,-19.09991256711512,-18.70872393870908,-18.34375535197542
-11.292553201601116,-11.364884600453575,-12.499630497029008,-13.527560576371156,-13.623017296340315,-12.26477415604769,-12.030030858629923,-13.974351776186442,-15.326072191322966,-16.094112664502216,-14.842214630152721,-15.711839898046563,-15.89906633946471,-15.808869942060886,-16.2112623572519,-16.482403184801495,-15.835886314610299,-15.048401667369049,-15.178507262704201,-16.61791578073049,-16.678217225554302,-16.586894702384825,-16.523200251175094,-16.72691661934278,-16.97240276621436,-16.071444641862485,-16.871080978197426,-16.65264257783141,-15.93479358246572,-15.431191942678725,-15.209115935677431,-15.964793531294701,-16.358366824331263,-15.825689053989052,-17.113708526662094,-16.980937070883247,-17.206357343780265,-18.261092419960402,-19.357093749631176,-19.113746122630218,-19.42862976466361,-19.51636880393747
-12.037139251302754,-11.629256649865304,-12.658642299520466,-13.293788356926347,-13.616872004543053,-13.562586106265321,-12.34649382164434,-12.602747308452384,-13.656457929742228,-16.00558132270411,-15.681763752215273,-15.578516484822268,-16.62932324727845,-15.65819495451339,-17.24107561237209,-16.40990387575934,-16.056192005161744,-15.079276324693184,-15.355249644883969,-15.614486373670093,-15.766751480285489,-15.66079337323399,-16.760629841692687,-18.12928208154565,-16.18615206351623,-15.42382359600236,-16.341477755682288,-16.910064478097226,-17.20551304801753,-16.673031126672,-16.37666981744099,-16.682277108048012,-16.32989276070475,-16.985461512170126,-17.357541929670496,-18.97463388278552,-17.63737509196466,-18.368773241122163,-17.159810372151476,-18.83655527950766,-19.015129391968145,-20.277519473014532
-12.947561872205647,-11.839094982330474,-13.564657002679128,-13.12722119477823,-13.321771080852125,-14.140284264861835,-14.02637312806872,-15.01160973659843,-13.561671147382466,-14.653549677353578,-14.772644095519878,-16.52887639729246,-17.57483566869866,-16.953339653825456,-16.112835216597677,-16.446817040181784,-16.742841962350848,-16.051563358742847,-15.564656490074121,-14.642599523032395,-15.377254278768305,-17.01497486584306,-18.10875155522148,-16.19385368030701,-15.700517620772391,-15.398261424973876,-16.38957731727116,-16.95199010740215,-17.07361515436354,-18.143773426447623,-18.627188921713625,-16.664756461966324,-15.797886138260726,-17.13397775298897,-19.27933300494083,-19.493688934808898,-19.071072980518675,-18.978347084875683,-17.97949238394307,-18.54898916910172,-18.94422902345949,-19.368219483240836
