public/json/wind_2018-09-1607_700.json
{"header": { "discipline": 10, "disciplineName": "Oceanographic_products", "center": 0, "centerName": "Ocean Modeling and Observation Laboratory", "refTime": "2018-09-16T07:00:00.000Z", "significanceOfRT": 0, "significanceOfRTName": "Analysis", "parameterCategory": 0, "parameterCategoryName": "Currents", "parameterNumber": 3, "parameterNumberName": "V-component_of_wind", "parameterUnit": "m.s-1", "forecastTime": 0, "surface1Type": 160, "surface1TypeName": "Depth below sea level", "surface1Value": 15, "numberPoints": 4800, "shape": 0, "shapeName": "Earth spherical with radius = 6,367,470 m", "scanMode": 0, "nx": 80, "ny": 60, "lo1": 109.0, "la1": 20.0, "lo2": 116.89999999999955, "la2": 14.520000000000117, "dx": 0.09999999999999432, "dy": -0.10000000000000142 }, "data":
[rows 0 to 18 of 60, columns 0 to 42 of 80]
null,null,null,null,null,null,null,null,null,null,null,null,null,null,null,null,null,null,null,null,null,null,null,null,null,null,null,null,null,null,null,null,null,null,null,null,null,null,null,null,null,null,null
null,null,null,null,null,null,null,null,null,null,null,null,null,null,null,null,null,null,null,null,null,null,null,null,null,null,null,null,null,null,null,null,null,null,null,null,null,null,null,null,null,null,null
-17.622989141467997,-17.945267621585096,-17.62605986221493,-17.58356095872829,-17.629320869708152,-16.992134485032537,-17.127601257755696,-16.316393684997767,-17.593083543409453,-18.618818164616407,-19.708664182151544,-20.829481105902516,-19.793098674140186,-20.848813230371785,-21.170181017931714,-23.063748870346014,-24.23231089218129,-24.57494417209876,-22.98127622042623,-22.64845683058428,-22.505408261249325,-22.214919876544275,-21.34864044904877,-20.734924126912926,-21.49643232997473,-21.230346788683597,-20.63615838639385,-19.487730123384676,-17.4998666446186,-15.966702555390949,-13.775388623034363,-12.931854937801614,-12.24250858794112,-12.496211291173095,-14.69323555238029,-15.738714021952653,-16.263296633492864,-16.951222342350984,-13.610848339931024,-7.759542715139865,-6.972183686219835,-4.014477864205832,0.4376917818595102
-18.75471698263806,-18.938068900851015,-18.87612425994468,-19.247903018994016,-18.54471172596629,-18.02403719575405,-18.26312607338333,-18.2091966679187,-18.55640752153175,-18.639968395108042,-19.03083813831644,-20.011672170179317,-20.630237751827988,-23.649098588461438,-23.37240498066091,-24.548246895183915,-25.633328563199907,-25.54446554949476,-24.65108648302267,-24.52848191945024,-24.949741235167863,-25.894669824494525,-24.763357094582947,-25.430531212390612,-25.952041574971613,-25.5621492341183,-25.28434089902654,-24.335411638397186,-23.77279458715406,-24.543446746634107,-23.91358128064635,-23.211750869073747,-21.815518187809168,-21.32732848405484,-21.527673765096516,-19.825398599365265,-20.676933231560724,-17.091016407872083,-17.084389457576847,-10.751528300461814,-7.055287223103384,-1.9183314413010533,1.3766530477670618
-19.64908018674936,-19.24898164860719,-18.899467837954056,-19.132789756116892,-20.202300234806835,-17.84269990464407,-18.357709188621115,-18.810594494341967,-19.016455479853143,-18.78245371390512,-19.19655355587472,-19.834184587992144,-20.705292614451157,-24.062320149012155,-24.48006424445222,-25.724241074969,-26.047172177476874,-25.467875420250433,-24.96113996161172,-25.07566912010945,-27.941838277625838,-26.60145911248597,-25.98618539355857,-25.89537495705227,-25.927420872807502,-25.773487816361495,-25.288203190015885,-25.248680305901704,-24.908940047055882,-27.338923749369318,-23.20609416096809,-20.608605592878575,-23.321196424885997,-22.201235421413536,-22.41024744298751,-20.5486554458948,-16.5107897763291,-15.657901094046414,-14.39128721752338,-11.701882889155325,-6.098846127226951,-6.1510613259805345,-0.3330356613394001
-20.14437085274503,-19.370017262745485,-19.388962974805512,-19.713567387971192,-20.671416137420948,-18.09656625163534,-18.15436614034514,-17.94398636403412,-18.05737227362959,-17.974485154300513,-18.02814238430188,-19.06584808919831,-20.59771487161702,-24.00452434013473,-25.51721655957199,-26.33044505087107,-27.518693965749616,-25.68856529067616,-25.21567393284947,-27.195866074438978,-27.737727455211274,-28.12487897886333,-26.91465470878784,-26.77372254676098,-27.378369569082118,-26.765132627140897,-25.867680536853456,-25.330335735551714,-26.626027964133534,-24.082377882759005,-23.856933073736183,-24.30229737845896,-25.415163296339166,-25.06559897111793,-25.370437067867872,-22.7637884440241,-18.551939965774764,-13.86600119985055,-12.909656564091549,-12.558518356255835,-5.872973233947647,-7.449705647037943,-2.429159724566712
-20.34068852969665,-20.218628720577488,-20.3460632634129,-20.486332019757462,-21.14769785282371,-18.4728109789391,-17.38546160345476,-17.218396013945263,-17.33047371394904,-17.323342571326886,-17.796830273271325,-19.970684457733054,-22.223864512457375,-24.242184314261753,-25.4347454677795,-26.173234207437655,-28.789220768183853,-26.606290013544253,-24.601054476067198,-27.75470542126659,-27.323437303317547,-26.85621189769268,-27.311738981503424,-27.78046422646949,-27.53012153309993,-26.734956341911822,-25.806181645434968,-25.574248595391566,-25.28778181437964,-26.826321069166394,-30.064868893085336,-30.55810732127269,-31.258038942619066,-31.77981907810865,-29.92500457085148,-25.1388017398271,-17.945261350125776,-10.81866051310353,-10.818554697816698,-5.6820652883019465,-1.9812313739886718,-0.9424199087792133,-3.5150523631498225
-20.837419952748192,-20.853711040279308,-20.81661136899957,-20.745036719613182,-21.142241478197732,-18.703270925130095,-17.467824187577122,-16.836852830344473,-17.29966428757392,-18.917779306162743,-20.46136625451193,-21.15154263337469,-22.66717687022342,-24.386960982757927,-25.81732091098248,-26.470013208351332,-28.596276997615764,-27.79954549006206,-25.254118851697484,-27.033437467359235,-26.2730716174092,-27.542484133338128,-27.95298034200723,-28.062517498950776,-27.52707345389205,-26.988002700535148,-25.01694867903827,-27.869307424731296,-29.71545962415049,-34.26644216647055,-37.02193323411106,-35.98503264541679,-34.312346790809045,-32.59500069495395,-28.967868555032155,-22.312300845673704,-16.17397798588803,-11.633104494666952,-10.124047591828088,-4.34689731042724,0.39353509399390796,4.521930273746322,7.865024274149387
-21.1693398900593,-20.942130262956635,-20.360943197042932,-20.444026987942355,-20.78471791498484,-17.833836105106716,-17.21831546747054,-18.223176367759805,-19.22426057442828,-19.288199170259606,-20.387996242392596,-21.705466272117576,-23.62673036240274,-25.221273590493624,-25.978051680687642,-26.8066881735,-28.64527689997493,-27.30145066162544,-27.310293760146152,-26.328425148066867,-27.417308472330518,-27.377848736188284,-28.892293667208584,-28.462522861418094,-28.51406693049598,-26.95817141384375,-28.36834622075162,-30.260517735204537,-34.408394178209136,-35.584381752879075,-39.41782125842528,-36.22165541720316,-34.16968371001887,-28.749106141245257,-24.8103263502018,-22.267221329278755,-14.76004837798304,-13.394282677865661,-5.6598771409760875,-0.15850360754101261,5.041820258784689,9.538387705886352,15.812181960152953
-21.230358896901294,-21.110011557279833,-20.879291987327,-19.934813675895438,-18.081337277990738,-16.897627974613112,-17.54762692712106,-19.149794651323838,-19.462422616243906,-21.415972942215202,-21.95718088123273,-22.644376426183534,-23.950457040192987,-25.59538265022316,-26.134742953014094,-26.666828277600594,-27.77669033332215,-27.413985328806174,-26.8164582835693,-25.061163967371108,-28.023053579526092,-28.051957676841713,-29.087603382583183,-29.070455766325882,-27.688870015245918,-28.53694076071988,-31.039092906495817,-34.07304704555321,-35.444013605764184,-32.59059071785319,-37.5661465586511,-34.77373855396683,-35.23822910319175,-36.34858797188852,-27.575524559538838,-16.193744579458276,-12.1819658991819,-9.37717809408691,-2.997977362526338,-0.5403295154055584,6.186308152834031,10.49158756052185,15.576476696714618
-21.25584970155645,-20.861276039547658,-20.334876042278232,-17.904398417245126,-17.34864004145851,-17.5364374969509,-18.314325696716956,-20.462373938181692,-22.57596947351799,-23.13482797024875,-23.037754689802068,-23.812290417347693,-24.754687970705863,-25.80108497141014,-26.61329004672573,-27.075807787470954,-27.496944812855048,-26.63222078291969,-26.12465700706154,-25.706491985482867,-28.19425776584627,-27.562334031459898,-28.909340067618015,-28.56429657655503,-27.277140605545615,-31.93067409923279,-31.09401460194345,-32.73416600668966,-30.542860509250595,-28.546327520100213,-30.353671223096132,-35.92709065597421,-37.91434578197382,-36.45880418234309,-21.28324509853163,-13.160224170040156,-9.059860443696543,-3.0891956025117002,-2.424016249835057,-0.8936792520549035,1.276049415143848,7.818751375958186,9.138427985304778
-20.30691250071463,-20.35707059403296,-18.648498675747536,-18.25469659491803,-18.161807166545174,-18.62504931177952,-19.46206497244438,-21.95165124926577,-23.40731435196374,-23.641575523914316,-23.559644796311538,-23.944921791509458,-24.566324866682002,-25.69956149282146,-26.703360843392154,-27.27805051202616,-27.235881748121027,-26.032373646497888,-25.84362372110492,-27.658624533299225,-28.64638307690184,-27.468659638439576,-27.98489618101052,-27.812201818429955,-29.95701321287408,-29.818894410570042,-31.14839218857191,-28.892763374063414,-28.275022744027318,-28.43415061350741,-33.564809009455075,-29.504693557079868,-28.19961321894548,-26.16644698127333,-17.167556628964512,-15.775839020541465,-13.364096632873583,-7.2468195246787,-2.0982562670658274,-0.5365930858374532,1.8772271525029534,5.6307697771117775,9.702951266368707
-20.1441330520618,-19.820618429530775,-19.56064657501269,-18.99260591247693,-18.614220497718048,-18.77272558973601,-19.445487640866542,-20.686591840714996,-22.253577960816678,-23.039318240709193,-23.693352499035207,-24.693662788146533,-25.225706148009042,-26.23828678422249,-27.370633714309616,-27.52221478047275,-29.35098441541846,-26.15711858657433,-26.279389889203955,-28.642700553794064,-28.135087136147558,-27.134167973162434,-27.280522682156267,-27.096556460711323,-29.782723513876263,-30.305339693275805,-29.967267610391687,-27.475400999337733,-28.90634505951442,-29.729719521298556,-26.6894651625932,-26.22284817755481,-23.497644131269922,-18.479953456685386,-14.979420817336862,-13.38889093625693,-11.050590224163972,-8.35954625660403,-7.005053448139352,-2.5646293868282073,0.5270775440724549,3.5458258534375955,7.6633148045563
-20.71509917784988,-20.039634484172108,-19.994681479229843,-19.838024795555977,-19.59981766656415,-18.867184652931194,-19.70146087590059,-20.726252713681912,-22.043909960927813,-22.49509153367959,-23.325097937095542,-24.109614590686462,-25.094087090043434,-26.7170978159728,-27.645496537430045,-28.394579973856338,-29.24315413422704,-28.656070338741177,-27.328844690613483,-28.301817075438777,-28.32509951959872,-26.658108130849193,-26.905091066428866,-28.38551397933085,-29.279945664544343,-28.63761830070706,-31.662055115731047,-29.06195874951624,-27.26598612917428,-27.44090300760388,-26.392764407962197,-26.254887076765044,-23.648473482000725,-20.254067095530726,-15.523523993737744,-14.832565764051687,-10.43108451423926,-6.885342036146348,-4.894459528446333,-0.7553647920919887,-0.5066404678644169,0.6620537442058834,6.743384876054169
-20.47424703018777,-20.18770286773053,-20.026463015739957,-20.64549253001278,-20.336559702945216,-19.215620628068642,-20.08064564667942,-21.052185493700122,-21.892309406282553,-22.049377355385126,-21.961345975292648,-23.43969549341952,-24.688185862378695,-26.195695764335195,-28.192333858164982,-28.307215300495216,-28.026745603595618,-28.055563769719942,-27.449981665163875,-27.723716642297685,-29.366037339108797,-26.537233248249994,-25.871712879843955,-28.343368161072913,-29.597685802791926,-33.62801665976819,-29.126633436134238,-27.359432787001392,-26.686499537286085,-28.466624716837593,-28.53340181909766,-25.36557977258476,-23.923174805717668,-20.46329042480353,-14.610053641431161,-13.905447506308727,-11.259827542131772,-6.941844496495526,-5.966749140135214,-1.9922874449736239,-5.093463326610751,0.8202987161222183,3.900051368514262
-19.16090126592645,-18.947542694163225,-19.774412780200993,-20.409171900999716,-20.51302296006624,-20.592357135392625,-19.933738628655718,-20.800203158750744,-21.06714141915223,-21.57475914996619,-21.848318299861052,-22.668445315412924,-24.23417530051819,-25.9237488069722,-28.072395173494925,-27.82595438569256,-26.999245357858978,-26.766533908518674,-26.073509576067426,-27.055456998482903,-27.401441352718734,-30.76309548156152,-28.709696792495375,-27.84898780263922,-33.062869411326176,-31.510811607722836,-27.63767827046768,-27.518214988065637,-30.49326291565873,-30.126763315927704,-29.155406443997364,-27.439379445454527,-21.759398019575283,-19.882009119766913,-14.06706493322071,-14.573317475834227,-10.595415582528739,-7.625643954860982,-6.04636280060664,-4.24078816502954,-2.8798873467537947,-1.4005185136856422,2.6968531855297155
-18.984034631487297,-18.956100918393332,-19.597333968357102,-19.859252619480372,-20.831437520119472,-20.533041423945882,-21.139165967089497,-20.796098510581114,-21.12955548702685,-20.617740803279766,-21.240126004587687,-21.64751700343718,-22.900577985249758,-24.826007284146673,-28.01185312858407,-27.824041328588173,-26.978703178172193,-25.996244160124448,-25.297554636905232,-26.21854881447792,-25.95075447300468,-30.079812485752846,-30.66407316756696,-26.526902002761382,-27.617714023073535,-27.24817610396026,-30.27490270876513,-31.075350030358173,-30.754938539612123,-31.137550751015652,-28.744107288929477,-24.649838567460186,-24.123617904324785,-21.28106504457037,-15.606411456106041,-10.642801964151618,-13.870293611813604,-6.418783494155995,-3.4077513307379483,-2.8270113693104757,-1.9162958907914263,-2.6525278558061927,2.0519173774690285
-18.96820970076579,-18.598031685818803,-18.956726414581524,-19.58996378174312,-19.680620206978556,-21.813831214953357,-21.003708534423854,-20.635022113763313,-19.249985025289902,-19.659668997587378,-21.431383243161164,-22.229703813785466,-22.305548241465118,-23.99672916955569,-27.09451334276399,-27.6256636886121,-26.215790724223602,-24.461313593486892,-25.180554694640165,-25.79397142533476,-25.200294746132464,-29.004302656231143,-28.405318305590818,-31.06991309801904,-30.59179560077434,-27.073493938953376,-31.96001446239255,-30.470923098964423,-27.5570312575586,-32.258339241519664,-31.552591285734362,-27.8941645457629,-25.48317838006828,-26.292713481654093,-18.360216031395158,-20.353940574530778,-14.898001033979822,-5.374293322630927,-0.7161211479808569,0.8256628724629913,0.10074167155016006,-1.9495601823479962,4.282439919863468
-19.81714088377644,-18.76473015783598,-18.574196744290983,-19.066509053980074,-20.11435564328253,-20.1789922460708,-21.973134381781836,-21.20934384793456,-21.31093647001636,-21.189017295423902,-21.34187744623619,-21.499171557145196,-22.15451478312473,-23.45897837346822,-26.283708335409383,-27.665989760367353,-25.632264900055706,-24.277837390205264,-25.43938631219177,-26.522057426284015,-28.38226358913332,-27.12539814328286,-25.206685499777095,-30.74306414149086,-31.77431240084827,-32.29387959006527,-33.04125211578195,-27.858412087102217,-29.96377865098922,-33.40941698070003,-34.64544898060079,-25.035347721506188,-25.100365483614297,-20.06531844776112,-20.748870636415052,-22.388900737598227,-13.271110972789087,-12.784807779161678,-9.30596484972573,0.7487772476947783,3.50132724125954,0.6003220676477733,7.037238697113516
