public/json/wind_2018-09-1516_700.json
{"header": { "discipline": 10, "disciplineName": "Oceanographic_products", "center": 0, "centerName": "Ocean Modeling and Observation Laboratory", "refTime": "2018-09-15T16:00:00.000Z", "significanceOfRT": 0, "significanceOfRTName": "Analysis", "parameterCategory": 0, "parameterCategoryName": "Currents", "parameterNumber": 3, "parameterNumberName": "V-component_of_wind", "parameterUnit": "m.s-1", "forecastTime": 0, "surface1Type": 160, "surface1TypeName": "Depth below sea level", "surface1Value": 15, "numberPoints": 4800, "shape": 0, "shapeName": "Earth spherical with radius = 6,367,470 m", "scanMode": 0, "nx": 80, "ny": 60, "lo1": 109.0, "la1": 20.0, "lo2": 116.89999999999955, "la2": 14.520000000000117, "dx": 0.09999999999999432, "dy": -0.10000000000000142 }, "data":
[rows 0 to 18 of 60, columns 0 to 42 of 80]
null,null,null,null,null,null,null,null,null,null,null,null,null,null,null,null,null,null,null,null,null,null,null,null,null,null,null,null,null,null,null,null,null,null,null,null,null,null,null,null,null,null,null
null,null,null,null,null,null,null,null,null,null,null,null,null,null,null,null,null,null,null,null,null,null,null,null,null,null,null,null,null,null,null,null,null,null,null,null,null,null,null,null,null,null,null
-12.081846232787404,-11.86713310549948,-11.764489977867482,-11.663945388289125,-11.651028206021603,-11.730186945557222,-11.815661632764035,-11.924933871387003,-12.295957023970917,-12.685488559175312,-12.752446005798513,-12.58319075180555,-12.738069205462901,-12.883772332531414,-13.314343894015796,-13.828704210359993,-14.211397475629706,-14.355342038896202,-14.503822945315381,-14.489335532926468,-14.572076624068613,-14.565741114976891,-14.61432062273651,-14.803591753619209,-14.855922234644066,-14.927165878769681,-15.312667479016998,-15.2585202339518,-15.637746024178082,-16.945697638855627,-15.496496971818729,-15.968383827371575,-16.472895677104763,-16.112396069053432,-16.220011830546007,-16.62955705286472,-17.140720006245502,-17.265950396415146,-17.301759818742546,-17.535137520952947,-18.158998348591425,-18.827374712376272,-19.15964331408282
-12.26954582784117,-12.111409325452904,-12.025914339059675,-11.9229499335672,-11.826355503603427,-11.981854642849239,-11.957893452751609,-11.886431794173511,-12.08084122000918,-12.557976032625197,-12.856152292944236,-12.78462631202329,-12.6448812511781,-12.894779591531375,-13.05414880138684,-13.545933521194488,-14.083899010473676,-14.392130395508662,-14.504376236971694,-14.743845641876096,-15.093903558271423,-14.981047155548055,-14.874950669519247,-14.666924270149401,-14.206792390695384,-14.668675821237368,-14.867750253771204,-14.745379470445533,-15.237922737917978,-15.952992372606321,-15.751146989197467,-16.28045600443741,-16.720435632350366,-16.6923120687822,-16.217270673945883,-17.277876095688466,-17.614923927289986,-18.183608571612208,-18.852235707575705,-16.832098396194386,-18.05554609300092,-20.55858190803225,-22.13744654308527
-11.990468242234284,-12.000568955517407,-11.959037995043706,-11.952320816816867,-11.966037839246933,-11.80738852072973,-11.82098189432039,-11.947550999421695,-12.18144775794486,-12.51848408416184,-12.656171572846945,-12.825193791288562,-12.870703448375503,-13.146400479462987,-13.24719741830775,-13.718380991149706,-14.205118292231358,-14.598692589218226,-14.988658144140816,-15.176865771202928,-14.965379032021836,-14.881571328813429,-14.684813724225524,-14.236137469491183,-14.047393984323179,-13.950310047383834,-14.277778152576083,-14.541405300809473,-14.75652206908605,-16.58568240150092,-16.764387000990308,-15.818013302612227,-15.68910817264845,-16.263102965994044,-16.47351616534553,-17.110403636394278,-16.849132690309247,-17.609792744089027,-18.15361521350979,-17.046482303828565,-17.998504339686,-21.073658819980857,-21.27277347597198
-11.665337821520735,-11.587004667208838,-11.487991057085832,-11.639858537321512,-11.678816389067162,-11.526527762897755,-11.602795614382327,-11.725827945144394,-11.938231434067529,-12.216815486477941,-12.540735534120245,-12.770504070322161,-13.127056160587063,-12.99792282090488,-13.314140178127309,-13.873427675151701,-14.23112720854678,-14.791377801071084,-15.146171088363417,-15.040636064154805,-14.82506251156608,-14.689412342288815,-14.789714665697424,-14.557415809530566,-13.424550682981971,-14.186291721127187,-14.474145462185053,-14.017006966667793,-14.627866005842785,-17.182213033483784,-16.94615360292459,-16.263305451812837,-15.380101732184833,-15.549954889240905,-15.280392747261399,-16.3438935248281,-17.332017596663885,-17.278160887718585,-17.962763035205704,-17.267923152384252,-18.094402529853532,-19.622586955156855,-19.618271876366187
-11.228095635898459,-10.96938032792924,-10.915108291038813,-11.093745385386853,-11.232848763205233,-11.401178737071287,-11.384401201277589,-11.42636234771636,-11.513530104364197,-12.029689075790511,-12.378542193539428,-12.53261540133784,-12.740054238184399,-13.211527862218244,-13.472986290402954,-13.551143599834168,-13.957960889556134,-14.387229166358885,-14.956424693597134,-15.108729225954797,-14.906160313576517,-14.496826222326904,-14.41100702698866,-14.04333302225663,-13.64403456248862,-13.734073657969516,-14.359431058110902,-14.585453724623807,-14.60314238259468,-15.97323396554754,-14.46420140584198,-14.962812209069334,-15.821445129032064,-15.900803036023037,-15.054045095255319,-15.742113503780839,-16.460510656327223,-17.21353073897063,-17.15151572132012,-17.446602251862622,-17.890027554468475,-18.481408587038644,-18.318624775333824
-10.854463663260994,-10.768270720932998,-10.68488352251827,-10.85803234887055,-10.989508873758384,-11.073821089834617,-11.305283887715145,-11.457699872410823,-11.741354077524711,-11.977150774721146,-12.221937718693013,-12.628258363993321,-12.920819102357083,-13.322172777338675,-13.53007699734633,-13.540369477492078,-13.799857444419516,-14.037769225649345,-14.688731226822583,-15.137773472972402,-14.991977692868696,-14.611184523741757,-14.295897905471627,-14.06072570914449,-13.752544889774324,-13.890838635409704,-13.445974957894963,-13.687508495392542,-14.29294012966312,-15.004080092897894,-15.823672889334496,-14.970507556768258,-15.219470866990646,-15.014080580996918,-15.332981995273316,-15.930788183953107,-16.040379956625664,-16.626227627649723,-16.374788089090067,-17.475910666458624,-17.84093888168099,-18.141819093200905,-17.74758982752269
-10.42771548073882,-10.552885120030782,-10.561125626030664,-10.604192173578182,-10.808252849054846,-10.942696606963327,-11.118098925797947,-11.248413924087327,-11.52499489348291,-11.968549149058147,-12.476990812853675,-12.882102278609075,-13.180525792041387,-13.509534582267376,-13.825894003009964,-14.17970993466298,-13.924159589591024,-13.877845745265988,-14.157909891615208,-14.7473687998677,-14.961150744106094,-14.539582817405616,-14.372523377963883,-13.952433590192586,-13.451815815069775,-13.450174981009669,-13.141505563770135,-13.20083446966426,-15.389169574848914,-15.254263569493677,-15.465928409127045,-15.047328565599445,-14.988370700141365,-14.36015139993468,-15.846110331027358,-15.434819545162744,-15.563513195140565,-16.244222584174118,-15.900758867632508,-16.914074522885368,-16.754302560779742,-16.81750482142732,-16.930137029056997
-10.096947416563259,-10.174260716072371,-10.484885816397982,-10.6331334980819,-10.739284976054801,-11.098249333866866,-11.491123188115008,-11.773016272052276,-12.571326301748146,-12.755991512645988,-12.965454130277069,-13.474204053721605,-13.417153848073353,-13.411097791801568,-13.556121291321759,-13.59509891219095,-13.883870831515317,-13.68976004650502,-13.698337013758833,-14.394326145720296,-14.645184886151043,-14.587032898481686,-14.467359592309,-13.935903988234935,-13.072450098094887,-12.994133934049046,-12.94714264017044,-13.61679155684719,-14.892184277000265,-15.614807544531384,-14.748490217124402,-14.50988087561503,-15.285671978505006,-16.08421837517617,-14.986377818845192,-15.155013907462381,-14.13866586824997,-15.277123578043517,-15.875633606806245,-16.154641771613964,-15.976368932259817,-16.242761327955332,-16.74125924780342
-9.728967082802935,-10.050151354577636,-10.21959327111999,-10.376147571939619,-10.571596162586511,-10.765151729546588,-11.174781492859081,-11.472913176287932,-11.973583803279102,-12.59549687244653,-13.186153555856448,-13.375395277007714,-13.272782748782806,-12.714989604985373,-12.701488264485581,-13.081957928936085,-13.50052216657754,-13.547888279875401,-13.23239251614228,-13.774317062356708,-14.229778993150092,-14.08915259942097,-13.9601369878873,-13.933562111474078,-13.631260650906057,-13.149062803913202,-12.905997350007624,-13.67479783585304,-14.957931361528836,-15.54212893692051,-16.224244039199377,-14.653367212574546,-15.967188607858297,-16.262758907505898,-15.540299937287523,-14.640489303078796,-13.436229028984329,-14.233266192020787,-15.203964382506019,-15.7102461035116,-16.097413165080706,-16.008385933650224,-16.40212133492763
-9.323402744174466,-9.70879642494323,-9.913535776233045,-10.075952276058755,-10.38515662775581,-10.618758917779598,-11.109340700149367,-11.576026311364215,-12.053113560808217,-12.439198220793193,-12.808954177773833,-13.056018357335368,-13.058139289598305,-12.87043662642703,-12.56100120993015,-12.801471283998126,-13.470977398158148,-13.535014239668918,-13.457087638861063,-13.251663476871263,-13.540643147672059,-13.54466675181915,-13.292231396272514,-13.390208127680907,-13.098070537660961,-12.986339171991954,-12.634858329999027,-12.836858793580488,-14.53526436538727,-17.61974136979683,-17.351689354773843,-16.160817909049683,-16.281595097014446,-16.024802617723665,-15.098957637354765,-16.093338013094943,-17.233770823445383,-13.795069223077073,-14.730896311024448,-15.68377862284648,-15.904135873746334,-15.172339177593107,-15.693677631851783
-8.830292276616063,-9.370700756195442,-9.696926353196453,-9.945268005137589,-10.231323981983738,-10.68768068310693,-11.149029379372507,-11.589020990930901,-11.779022925029905,-12.152824491350078,-12.428006655273125,-13.068844095137655,-13.308793018235678,-13.244487433195271,-13.170656370217937,-12.740036445891771,-12.438492663365551,-12.64508097010985,-13.024569983160495,-14.435711746822264,-13.89763835423198,-14.244253931920175,-13.317841303445237,-13.330758228220738,-12.874455201319872,-12.420028617591068,-11.7057310856974,-12.419101643541875,-14.068629498087583,-15.416730827211031,-16.658064163586367,-16.190291602723732,-15.10072646615248,-15.24894175749374,-15.666711754326155,-15.52323677975006,-16.324576040182233,-14.401654070946275,-14.300434294221365,-15.693202196695337,-15.488174175388199,-14.876553091692015,-15.464856055495474
-8.537385896855366,-8.954210411474827,-9.425659428973507,-9.864505560354953,-10.159103961292221,-10.713389775809866,-11.17155358412352,-11.527373083306248,-11.939324444402622,-12.19191095146499,-12.223731750091062,-12.562646528141766,-12.901098988477889,-13.320807274757218,-13.405530475720537,-13.079443602453866,-12.096970318944484,-11.512558957296804,-11.05761415135777,-13.918493389058522,-14.45554170419407,-14.652022554402123,-13.375095399250622,-12.464994558160782,-12.538260396837348,-12.300244137181561,-11.297263722939842,-11.981372127815495,-13.973323808436254,-15.861742321429084,-15.892738266673273,-16.13425063426836,-14.900278633513116,-15.81966381441099,-16.61085848783644,-17.02625803170079,-15.225706057345501,-13.329239619657193,-13.523107884898899,-15.270148201463384,-15.315833570592728,-14.679676153967977,-15.287828144474652
-7.986726849907046,-8.725474853964649,-9.296427515910285,-9.976630287222648,-10.284917003624427,-10.746791657515697,-11.207214236884006,-11.309999395017275,-11.752253835967915,-12.132416546325732,-12.402081759472482,-12.527299017640766,-13.01464700078381,-13.351674919076547,-13.455207170805995,-13.177315137640464,-12.68622135067655,-11.815868546276523,-10.962770197110999,-12.85529018852445,-13.379289636426119,-13.907038408856106,-12.90105758700696,-12.152284687147151,-11.998451144538738,-11.698833819528797,-11.507155923275318,-12.296091528839387,-14.108839173515939,-15.47913527202611,-15.427659954292288,-15.959272281145228,-15.60281921984603,-15.74918394912833,-15.313675404582185,-15.690629074201436,-13.793319629413302,-13.240925208618027,-12.927035918173734,-14.618572960743649,-14.938016639325665,-14.257855965301621,-14.865956506478962
-7.8746310237808395,-7.898951044589674,-8.84236549621079,-9.806556269416037,-10.345754203793447,-10.524146452966477,-10.64909971625571,-10.857775266506447,-11.529370466758166,-12.218347094902272,-12.695642946346203,-12.829215612450012,-13.057958067291404,-13.40227948332593,-13.507322450041222,-13.163788815372502,-12.612557219009723,-12.235314406501024,-11.562298862126267,-12.52826841915762,-13.337623307088581,-12.701108899026229,-12.58520145834253,-12.143378940035637,-12.332313788905092,-11.965635551616217,-11.679781635630924,-12.317246888971646,-14.07815209795572,-15.36202749822945,-15.22669479881211,-15.21844107518006,-15.364822026024772,-14.861509938718054,-15.25170361188991,-14.39262465498663,-12.937413996647603,-12.266387945915474,-12.126399079150405,-13.730088943330028,-14.206098343705092,-14.301777520867391,-15.265555805927974
-8.16124292986174,-8.400980629549434,-8.491814870736482,-9.026696206977768,-9.688669136557907,-10.112906722500087,-10.850922753368328,-11.133848384921063,-11.31215122148639,-11.952343742319435,-12.591911735390841,-12.834042063551589,-12.936787834492907,-13.67607024372063,-13.917441304631975,-13.539912800969763,-12.368728855763665,-12.55821590979296,-11.635867998349045,-12.768580399587732,-11.618581053335257,-11.235059652836934,-11.305190341561213,-11.40617779535253,-11.50935997807873,-12.249856188205902,-13.031130031442878,-13.864945359120025,-14.346817876516017,-14.331314168086607,-14.553320404567204,-13.968366997240746,-13.271923148826579,-13.919413750071751,-14.239627187514811,-13.421669392269592,-13.220945873351036,-12.359328303704398,-11.90227776709896,-12.599040688934236,-13.396338784852848,-13.859033596704368,-14.507110246364885
-8.246110481504815,-8.352818406605358,-8.889131925901117,-8.962205858502049,-9.213219295688981,-9.792819788672924,-10.580955678597547,-11.112201338581245,-11.841625339447601,-12.136739485618545,-12.416926684339495,-12.622717325116692,-12.798936362938937,-13.343077956414884,-13.829522210492218,-13.975031930972357,-13.095872193021808,-12.698193778716407,-11.521914597907005,-11.283411002394141,-12.110671358408196,-11.849939526192443,-10.718288770832777,-9.11557155324353,-10.218623202726462,-11.75935797142687,-13.831371092238342,-13.451403766625658,-13.695415773726136,-14.136466273221236,-13.72519623756142,-13.343234823969492,-13.14251324332935,-13.212636511985394,-13.635589755475323,-12.509778736929007,-11.570105486406238,-11.700163290816175,-12.442660399754391,-12.030484425986518,-12.343475354809302,-13.546814731111889,-13.847363167083047
-8.63383154309656,-8.848403531196247,-8.868910931780682,-9.643319169403444,-9.843002518377537,-10.228118136806291,-10.535970476192777,-11.067412920964417,-12.277832038291235,-12.547982212676802,-12.375553396128302,-12.36961137813022,-12.955344064773943,-12.823195355410732,-13.110924732561458,-13.240772264291273,-12.629112508828296,-12.587152166171412,-11.694715419663618,-11.330933102622778,-10.437337716915565,-10.391877908715596,-11.077349645059428,-11.434350230797838,-11.916012581882079,-12.000060947875435,-13.426176039060348,-13.571541110619307,-13.832949093250086,-13.420263374728641,-13.20208182638024,-12.781592497836797,-12.33306204033448,-12.678773656176693,-12.315834071121882,-12.184854421986394,-12.083834648321515,-11.815990061233219,-12.619531379892262,-12.33694473549405,-12.82121552443094,-13.594065958526265,-13.71972318013059
