public/json/wind_2018-09-1610_700.json
{"header": { "discipline": 10, "disciplineName": "Oceanographic_products", "center": 0, "centerName": "Ocean Modeling and Observation Laboratory", "refTime": "2018-09-16T10:00:00.000Z", "significanceOfRT": 0, "significanceOfRTName": "Analysis", "parameterCategory": 0, "parameterCategoryName": "Currents", "parameterNumber": 2, "parameterNumberName": "U-component_of_wind", "parameterUnit": "m.s-1", "forecastTime": 0, "surface1Type": 160, "surface1TypeName": "Depth below sea level", "surface1Value": 15, "numberPoints": 4800, "shape": 0, "shapeName": "Earth spherical with radius = 6,367,470 m", "scanMode": 0, "nx": 80, "ny": 60, "lo1": 109.0, "la1": 20.0, "lo2": 116.89999999999955, "la2": 14.520000000000117, "dx": 0.09999999999999432, "dy": -0.10000000000000142 }, "data":
[rows 0 to 18 of 60, columns 0 to 41 of 80]
null,null,null,null,null,null,null,null,null,null,null,null,null,null,null,null,null,null,null,null,null,null,null,null,null,null,null,null,null,null,null,null,null,null,null,null,null,null,null,null,null,null
null,null,null,null,null,null,null,null,null,null,null,null,null,null,null,null,null,null,null,null,null,null,null,null,null,null,null,null,null,null,null,null,null,null,null,null,null,null,null,null,null,null
5.432901947741494,6.466962491748483,8.014813516234666,9.343503998992306,9.48337378345343,9.478649867486315,7.892102010259535,8.235218696068536,8.43963616259306,8.54949088293026,9.70594984616707,11.085690895433412,9.004236412721617,9.487198053875748,8.787654725570949,9.860217397986693,9.863712279210638,10.636079228698547,11.65426811726999,12.800120898629508,13.748917533740617,12.852527443225656,12.30810565643661,12.969358607698583,13.07519176162004,12.238987581662919,12.084830530760215,11.885996236790028,13.00236243625487,13.54145007683056,13.754012222473017,13.91413415971446,14.238694683613776,14.554206539671714,14.32628527678844,11.896918681576238,13.59177233160915,17.439531553658426,17.629495505562122,17.322317722754796,16.27684353423841,15.046927985772868
5.164852788288756,6.485430509973463,8.002831263227723,8.7367774566975,8.125557537319397,8.013938388048242,7.591322452363368,8.122751221110429,7.493409921829397,7.962970131118281,9.104408196842853,7.481962669318399,7.269117846687363,6.45627831079177,6.629240805941764,8.020303932346646,8.706457310622234,9.239819227758334,10.773592760543066,10.650463460680966,11.385143410032525,9.770487297822685,10.053689421483512,10.599524690366742,10.206462302308575,11.14174195595989,12.396188359278877,13.267247747433613,14.356110826030886,15.065754310230345,17.31461677705247,15.2220722283599,13.428483190074244,16.353860392962382,13.14001372135981,10.690133332032252,8.76676548940983,13.375080464337241,15.594197604933466,15.94767663586898,15.949894594252527,15.470327283185824
4.939654420359035,6.353825110545865,7.249901629555356,7.560751854128149,7.635517190698642,7.513941285515678,7.05088835944928,7.033594906427352,5.65517876856551,6.672180656893495,6.62979893201989,5.318555751686005,5.244884431396347,6.177702926047328,6.385362735497361,7.17328821695556,7.5673896777214535,8.045993628095882,7.274364691802216,8.757584983022937,9.006149344845083,9.469009599913687,8.891372943472714,8.49776838860234,9.482491245155305,9.751376626230488,11.561523616236629,13.391066165466173,14.92477922493002,14.082255427239774,13.475156327594561,13.725033785663271,14.59853321787557,15.906086002385766,14.901122949629206,13.2713222624601,14.689734825333733,9.394923141451427,10.912022824240298,13.602072750228105,13.446623448803976,14.236609440801
4.586364581192661,5.961731949513369,6.7485078865010335,6.844509950708187,6.504600800218516,5.601012811755055,5.066200315709138,4.937003981364201,4.734949289035546,5.480214931364665,3.2125725684596205,4.326200221855279,5.786093569726477,5.951251440003367,5.912912385790819,6.35932361971812,6.49692402912682,5.670507426683824,5.913478569146263,7.729284439296262,8.862670927971873,7.221201549148714,7.045562671472248,6.434265374194896,8.120427556033466,9.409959890722835,10.194288466913209,11.414467921429658,11.79356088249292,12.704485556518563,12.443159961290196,14.094531677507296,13.147824330761964,12.612828499170947,14.622890664402108,12.76833412248197,16.63431243773541,14.449981641448957,10.082467507571469,10.091681516972491,10.989199855983205,10.8874657737755
4.109688190895572,5.1151189926193705,5.496163033700279,4.864772749982237,4.032677916433178,3.6191818778685954,3.8988854337334935,3.4638022808413726,4.137337237540431,2.868343799204318,2.7303128923563436,4.801957735775879,5.9665740167950325,5.095082379725912,5.123630739178491,4.759701460851211,4.69184563162471,4.4892559727031465,4.117361414291483,5.288938878713944,6.197025624345013,5.313147348327686,4.727390662881396,5.94032507335337,7.178977326324855,8.64167086457979,8.548030925054643,9.597521874227562,10.450639338239288,11.031534712822564,11.927489955001473,12.613200277904536,11.808014140642896,11.236289559385249,12.470133262741637,13.041075884786439,12.072244412148402,13.933084954594559,13.047367746284662,13.383358207836059,7.602195966106021,7.8133632578946415
3.356031067174068,3.9696231133692645,3.6948264660224495,2.7990816114967503,2.464307586982302,2.6178717920780494,2.879947193514077,2.9962669396252433,2.707896324048095,1.9696036694970676,3.866506728527347,4.5394846734598,4.427225436875315,3.065571811712305,2.6039347024055,3.365880110645718,2.660309061960365,1.5625324606389595,2.9932131418260886,3.9195265416892253,4.721301084715358,3.9687915908163878,4.046300342985386,6.349535762968859,6.386877398076232,8.674346154939279,7.778022904914453,8.51859642782571,9.412048119712347,10.228759082150557,11.026893294276332,11.844176545800396,11.459033892044335,11.783099918223822,10.517796424596503,9.576356942170527,12.993303092310242,14.86259332885188,18.576866346915573,11.96871375016863,7.36284345805164,7.599173236806473
2.5941662191277763,3.1392839601634486,1.805246752330847,1.4955587909452892,1.0504418379658982,1.5266659149675437,1.4471697405559514,2.403231249628707,2.160799113274223,2.0218030129153224,3.9371747997188367,2.696791749156708,2.5676027254347096,0.680406870710117,1.8299163840225487,0.15878815072029714,0.9775885844327902,1.6709461062907396,0.7307738604587481,0.8558327820662001,2.342675038927938,2.6057681752158732,4.0885950648985485,5.63214273231734,8.438974246831402,9.448979446944486,6.884101362646696,7.072803042951159,8.72212190904309,9.861801953613352,10.098441545450989,10.592988889162427,10.873808142010464,10.547082941751171,9.946570002110985,9.907792565061314,9.44218988706717,6.596557257825365,14.779416655737476,7.542659735887461,6.91060306056432,11.326453146426875
1.9098552321234707,1.9815921485768284,0.4152285301015053,0.33762117460998936,0.8880114705046649,0.2815821804334309,0.1919204517966196,1.0665385693356937,1.249469982749717,2.0039487661649673,0.9931391982956566,-0.33706070686630596,-1.5633951271736253,-0.8033949001792344,-1.0761764611854756,0.08692208131064802,0.18531000281251037,-1.4659792241365321,-1.9310905093513424,-0.21400486632520985,0.6521540662218017,1.4673520479776119,3.5415126944437794,4.629723057140778,8.263734278180502,10.275346404840452,8.012546499133595,6.657842105909222,7.972695290213142,9.565077135777274,10.736000042114082,9.842154067008995,10.928351711307844,11.394754733307158,10.113462445436465,9.568912100505976,6.787585392977062,5.406473088433785,10.28305423315082,8.963686767317183,9.19567411186932,15.111801458727847
1.2269549211271336,-0.18099704786314003,-0.9640826100370796,-0.10987897255801327,-0.05068356468726494,-0.4922518212348666,-0.6015618467114773,-0.7727990009797499,0.04867674368152873,0.22916543913609563,-2.2952479933308148,-2.497846435176709,-1.5044034052287787,-2.7321768289343265,-1.979858333737572,-1.7894928687300717,-2.95178344658468,-3.8050998187341585,-3.02321974388229,-2.591787918006308,-1.4868006484473877,-0.3696207672491089,1.2545842988771627,3.622942824417178,6.186190434171041,8.212133976155604,9.46496945240073,10.252265490890219,7.923712647418736,9.238453198412838,10.314014782746025,10.529422380543545,10.606464797751551,11.007605208644947,10.086672536181265,9.123268708651153,8.722946314067247,6.397107335312835,6.4044084183746905,3.8111805257387723,3.920252968745111,4.665191390053778
-0.28238623719783545,-2.7674757770605614,-1.9180539296428232,-1.0405034270255968,-0.8192283485129344,-0.47705669091702363,-1.8020662580471183,-1.6838251626299863,-1.6164618325202622,-2.5165878261657895,-4.601532731021848,-2.0298746249313617,-2.8304124889913926,-3.8822302504490045,-2.8339388180472094,-4.181846071410089,-5.051198552932824,-5.745884576167984,-5.761387431554934,-4.979205937957079,-4.280348786551466,-1.7355196169360918,-1.1445746939455537,0.9508304875958951,3.0056089775274764,6.282081639694416,8.196915098908175,11.326021803268134,11.215615078773537,10.25558136653395,8.701177931331921,11.247356576878664,12.242389618372469,11.122044061719036,10.607430058752792,9.718295592864651,9.311346756317244,6.032751081485754,4.030254973914159,0.22855581838144534,-0.24882124815674958,2.4030548728465666
-1.786780797980014,-3.3118653027239917,-2.901074000336615,-2.1872033535046214,-1.5870993285255215,-0.5757142224949585,-2.0749858068973555,-2.4859367567327384,-3.289584614335057,-5.286519326217031,-4.212674457730391,-4.2550222674811735,-5.216735881202085,-5.066833866344335,-4.95906933821907,-5.127775229159147,-6.999180720642149,-7.293628331068401,-8.714841249249439,-8.36658651282415,-7.766924950471964,-5.837320945024107,-4.598252685002546,-1.9916227107162618,0.10870045146172379,4.622618163050529,9.944142943896155,9.51732002708091,12.210692704238022,11.367862996552955,10.968961719945296,10.131211094322849,12.004474010836237,12.430012747712961,12.022142098184093,10.233405509110218,10.285101095943023,6.61352723265369,4.507984229005501,-0.9274039272341168,-4.399211580941249,-3.666928501992235
-2.675417570811442,-3.858039837383158,-4.042475197637216,-3.6991364601741132,-2.874248397717977,-1.1350148397342963,-2.6125870635987773,-3.834773590078495,-5.480884715833653,-5.122908021644379,-4.9916252649885235,-6.258358906134083,-5.815867077296307,-7.023408725077382,-6.485030231605822,-7.834902976966832,-9.259218344023305,-9.125481743335422,-9.609073330215525,-9.768674961592687,-10.033809353291499,-10.13671031239061,-8.4562957802662,-5.30140860904041,-2.4153776908465288,0.7678361491351196,6.227604097735436,9.047674491548282,9.822580774629659,11.054100962145627,10.319550735415572,6.79990422526894,6.29557861452871,9.042878704254601,10.593448393057345,9.427237007428385,8.55472614871985,7.63129315515927,5.294406990556479,1.0634383886222916,-5.7876327683040305,-5.969567976485713
-3.74104918345624,-4.836723340553978,-4.905245898861563,-4.667165270080298,-3.8691759578647584,-4.742135536990602,-5.070391463691372,-6.702616070783375,-6.622499459670156,-5.169149123106968,-7.124508559386785,-7.381286688053621,-7.874381603612633,-8.427591843942412,-8.666048562282517,-10.154595893688318,-11.11638686060357,-11.109188165128678,-10.854669892242534,-11.51745427369795,-11.668411468858503,-12.146363910989612,-9.75980505609871,-8.368696129449068,-7.950359447649351,-4.657213725936405,0.36993983334640146,5.21319592692891,7.718330314405577,8.042183668890871,7.748672206457587,6.335114402909172,7.265344993900124,3.0941738252867785,3.762225033832846,6.571778387200867,5.845978579018757,7.262787113798535,7.433262468567618,4.183161348182621,-2.1366521159304606,-9.249811256439777
-4.973015645344979,-5.899845156658254,-6.335397438326204,-6.070631305089643,-5.2933414957653095,-6.968620851242797,-7.32352778252705,-8.284446269284976,-6.990012831318488,-7.44025250087239,-8.968570464812995,-8.153947940311074,-9.67938437130632,-10.246812392842411,-11.263214597674324,-12.292235054017187,-13.567074084568638,-13.281762631454159,-12.849510092087353,-13.249953439739935,-14.190033239168152,-14.918576318899374,-12.511347462079378,-9.546089248672779,-6.690000317308872,-11.838459313273113,-5.688908915116873,0.7556695394698973,1.7200499088625256,4.080434304807856,3.2268589722428023,4.536458700281154,4.422800836879617,5.192767829953626,6.882681047888612,6.164855327833923,3.883496936957566,3.4453839925517267,5.53173156287412,2.9062911385584487,-6.983403114412101,-9.243405459028386
-5.652737060198588,-6.6390023899576445,-7.373690720365994,-8.274257834242608,-6.971784898285253,-6.8803246679074,-8.484263301094236,-8.453133613317,-7.922153580431975,-9.509798482535565,-9.647286996164013,-9.531904321856295,-11.05836019052679,-12.912385953056136,-14.422665185498984,-15.266401202829586,-14.934585229110668,-14.787894906946553,-14.736131258693113,-15.841338190356428,-16.329550253132194,-16.712636332909124,-15.797853649922796,-15.143773132521204,-11.353799772812796,-8.047892943016556,-7.156166352421895,-5.0476308097818325,-3.7123302231558233,-2.5789865994639647,-2.720674741577925,-0.7069179177128728,1.2051895389466505,-0.6372412909720145,-0.42191642892277653,-1.4057181408905457,1.3372439178598194,2.256072330787226,-0.26893225848092556,0.2858771283833541,-9.252464061596463,-9.222863897802949
-6.347653073122125,-6.979204539796436,-7.684240238740587,-9.038613619463725,-8.918055994039952,-9.76610596710104,-9.032818906705444,-8.593384752305633,-9.245229522140377,-10.558587518513548,-10.794523774714314,-11.881409298239051,-12.913759236839187,-15.823014598623928,-17.721059593411564,-16.588566619573747,-16.72970285040358,-16.44667835729864,-19.15647335382237,-18.333973792269045,-18.046870907320635,-18.38081415923255,-18.12969352728513,-19.347662096986372,-15.79461482972197,-10.225652342086388,-11.318261370797995,-5.93452259276901,-7.596832310563515,-10.454707112598214,-8.52593532218346,-5.627941553301311,-3.651574029360476,-5.698967227473264,-5.37176910693984,-3.6531231840609046,-5.386284009356795,-7.015224355580737,-5.87968505642927,-5.838337277700736,-8.414698107876056,-13.168548918791885
-7.121274877882908,-7.334678343399824,-8.367675792451015,-9.304278317850098,-10.543590808777385,-10.918656690978457,-10.710288941916739,-9.958330572869146,-10.751253972999786,-11.995023661215578,-11.947556158493935,-13.234481510550111,-14.529133001981215,-17.80265790774776,-19.61997944862232,-20.470848001096023,-18.419700459801568,-19.27096902078026,-20.993504912196443,-22.290879696560417,-20.12273026577897,-18.290165194793172,-21.077523954889514,-23.562843340608033,-21.498819235340797,-17.948848080899975,-19.27997841241497,-15.354998335745218,-12.38935321658058,-11.457473259532662,-10.569557397582088,-9.31429817901985,-7.536106205020856,-10.288462432987913,-11.760154071921125,-10.50815680558128,-10.109754871552804,-9.297464061206217,-7.876914156449661,-8.231519189257767,-8.877726421854877,-12.54958801019872
