public/json/wind_2018-09-1609_700.json
{"header": { "discipline": 10, "disciplineName": "Oceanographic_products", "center": 0, "centerName": "Ocean Modeling and Observation Laboratory", "refTime": "2018-09-16T09:00:00.000Z", "significanceOfRT": 0, "significanceOfRTName": "Analysis", "parameterCategory": 0, "parameterCategoryName": "Currents", "parameterNumber": 3, "parameterNumberName": "V-component_of_wind", "parameterUnit": "m.s-1", "forecastTime": 0, "surface1Type": 160, "surface1TypeName": "Depth below sea level", "surface1Value": 15, "numberPoints": 4800, "shape": 0, "shapeName": "Earth spherical with radius = 6,367,470 m", "scanMode": 0, "nx": 80, "ny": 60, "lo1": 109.0, "la1": 20.0, "lo2": 116.89999999999955, "la2": 14.520000000000117, "dx": 0.09999999999999432, "dy": -0.10000000000000142 }, "data":
[rows 19 to 37 of 60, columns 0 to 42 of 80]
-21.25989253995135,-20.613625342323704,-21.08657191558544,-21.630211587146277,-21.740642126265787,-24.751699272230162,-23.512665015709242,-24.662764754525938,-24.64930885913693,-24.257398720741477,-27.208121223290362,-27.394478000772576,-24.73098897730405,-25.870969348574302,-23.883213974363734,-26.115380566406834,-28.98263484219442,-29.446875153418485,-30.03119484667514,-32.848531701050156,-35.52795141359309,-38.213606400002675,-33.97502711620348,-31.378921796249585,-28.858707722879323,-21.406168758952145,-28.599650509043364,-20.789116720213332,-17.658695700176818,-19.167587343998697,-18.608770041340644,-6.232881230175055,-2.654564198199881,-0.5814728192352204,3.9098746025358904,8.008299288241085,9.664808026678452,11.004500766138873,13.249665872690814,14.998373176620262,19.242851056956003,26.293709449694923,34.399590370997124
-21.422391455773344,-21.20114269588007,-20.86051063919093,-21.27268090457271,-23.8385817872782,-23.927096538567454,-25.133283606123747,-22.57044702553081,-23.699804533344622,-24.539470038226074,-26.309803010329894,-26.63084937500805,-24.497831358427774,-25.29660100504643,-25.67713288333734,-25.980352459211257,-27.60523678624339,-30.88568084152775,-30.48775924577521,-31.566204010598753,-33.800549585104825,-26.835294229719644,-30.05590031329582,-26.154150924509622,-26.303696188025008,-22.18402167673294,-25.77088979212373,-21.954638450356114,-20.306668999569283,-18.517271459043194,-16.145567289304587,-10.22027013288138,-4.324048199189646,-1.1790257364227543,2.4587568993831157,7.402572572806107,9.428433236295737,11.864157650906089,13.851631711462955,18.618985527540723,19.348856961885105,24.365440159915575,36.56084576209223
-21.943119898803896,-21.00490695321917,-20.538474652660394,-22.996826710797258,-24.410997655503827,-24.797548457777523,-24.120736824554307,-25.316312227415764,-22.711208001101507,-25.16953922525927,-26.376771227439942,-26.02833120452534,-24.84363036369011,-24.794957902477794,-26.577706550469237,-29.43940850163162,-25.846376640372416,-29.01565559237833,-31.54968961646243,-32.98720350685024,-33.699687792420946,-31.20977520832313,-29.32926506940744,-32.782587875442715,-29.78125852677981,-30.0001424271395,-30.459625163894952,-24.03031373890873,-20.851015358255403,-22.993704352833554,-9.155917114291906,-10.62751619276907,-9.199713228023331,-4.765578281299527,0.413042021124711,5.98664833575252,10.738841298970138,12.433095816341375,17.259731291015463,21.211401962887432,23.180574901967496,27.939001662757622,34.23343737841403
-20.902184662551058,-20.251503977038762,-21.432726173292775,-21.68496993062155,-24.407521104715414,-25.51941786791626,-26.202838518361855,-25.254383658547113,-23.966485401073776,-24.787043146093662,-25.457607161897236,-25.946672149130183,-25.786916485830375,-27.8440302307028,-30.353573536550087,-28.36546591097369,-27.364689578315534,-26.076042973431672,-29.299776055063226,-30.10897596315447,-30.69300330362357,-33.356773755624786,-36.06746770105498,-34.51875692404048,-33.938799784552444,-27.2984078643297,-28.8379621379775,-24.60679924966888,-23.75376358997816,-28.516685083979326,-14.143576446248337,-7.13723216275832,-6.532807412157027,-3.948509038341117,0.6697803685554756,4.950072237256197,10.129367240604772,13.121571397972264,18.238285665587533,23.296516203353722,27.14731150930617,29.395646608791402,32.53162535587284
-21.68635998128285,-20.289361591741716,-20.090345487406857,-22.475341416572725,-24.102771813949932,-25.334394342031818,-27.602451061751086,-27.02058609503462,-23.967249337109223,-24.600106236319057,-24.783316322772322,-24.497920650736045,-25.26412303446562,-27.3192512456108,-28.783225801992145,-27.581941500379045,-26.615891525864363,-26.873831723882663,-31.412812496833705,-30.032229321343788,-29.17057685446786,-29.31025461464987,-29.337462571334743,-30.29231180228416,-29.582707499161714,-30.324163623393517,-35.45097093793563,-19.789081661335604,-21.533213565803955,-20.588327274993844,-8.180211402523113,-5.959276366101176,-1.8289072862676719,-2.315824660707919,-1.4472100645000825,2.773676773481976,10.146698179188894,13.283931208551461,19.776603755646306,25.454488636202655,27.867165471263682,28.54574196199853,31.910975437428093
-20.553327848934927,-20.891184046455898,-20.50131570121536,-21.896719415693873,-24.006193294185,-24.57555494164857,-25.778278065719004,-25.61759937260542,-25.800164589888162,-25.266154010788316,-23.39636696574246,-23.08195800411081,-24.17690736815404,-26.963627632789805,-27.939952740535194,-26.739451401931532,-26.899201525119167,-30.83592917475191,-29.224864285075334,-26.82513713725345,-28.82956108116349,-26.326821852372927,-26.471241721394676,-28.314789895691657,-25.864407479533064,-27.201056753380694,-29.11584728847934,-20.532656768415453,-17.236434615161457,-14.614083415082701,-11.417314962391334,-11.520918837792816,-5.275505324230646,-1.0340242141847917,0.6150179300969605,5.699307168925756,11.277250759811723,12.54080906835917,18.824560472750502,22.69548837416899,25.384805783857033,27.24008195852642,32.351237879634525
-19.751907568710315,-20.250798640968092,-20.7393759973196,-21.405974563782884,-22.34287929987303,-22.44287314108431,-23.35281614199138,-23.052422891403637,-25.352742556273498,-23.789232498945072,-21.984527104277145,-21.886049566047316,-23.553456311397674,-24.86356733417651,-25.986542045346596,-25.580313504375937,-24.970941916415885,-28.5946328530341,-26.840366728304232,-25.96326631345371,-26.611683370214266,-25.007012450803398,-26.482942974028695,-27.84796444155561,-24.199979687231618,-23.170697138794537,-20.73935860330513,-14.198595101225433,-16.133929004474194,-11.95055540454695,-7.2486947703600935,-9.950344270503162,-5.6970833253199045,1.125623245003591,5.334592061547491,6.969315738266099,11.519399541702139,16.115709811953135,17.96360229594408,22.01621441626093,23.921396533654075,29.590261371578492,34.175307515500904
-19.165533269452123,-19.625041651481695,-19.824863824503552,-20.04764033683302,-20.37140067101689,-20.429572527685643,-23.5533991674156,-24.158202010869235,-24.208543768358624,-23.940498561334927,-21.635176894316416,-20.46173208365147,-19.858786227924707,-24.207702401818754,-24.156274057604644,-22.07548794846192,-21.60477118486934,-28.46705814073222,-27.251248842249048,-24.891740907704087,-24.195680167547238,-22.428633038606595,-21.956097244370746,-23.14666048794324,-19.66546988344025,-18.749363808594396,-19.43609998647772,-16.905995421788305,-13.429455560106492,-10.154384902669932,-10.155181994705547,-2.4499989670120392,-4.421640399548802,1.863835592459239,5.327131090889925,11.049424214369523,15.331223893883163,18.47950914380998,19.975666688004644,25.75320277920037,28.9709923608769,29.7206099058745,32.79865178111945
-18.856216863460318,-18.416126549711088,-18.90039546298508,-19.0146064437993,-18.980258640454615,-19.382090147189686,-21.57191107419681,-22.952697848247947,-24.12472428255604,-24.462498501951607,-24.104512781394206,-24.310896244410955,-21.220620374014796,-22.34057003943706,-22.787644414534675,-21.00239592921597,-20.553568182519182,-26.79074428654657,-21.930314332773225,-21.691912448049887,-21.672592897443813,-18.490244385956608,-19.806151990535668,-19.579388216107237,-17.75688570056875,-17.360600783204465,-20.571053375833294,-17.7058567085769,-16.64696719964459,-10.726929056791878,-5.442765557751592,-0.1101037959755464,-0.047762745694634234,3.886520431143252,6.7640189975692655,10.042293712628155,13.675108585206067,15.920184522730379,17.02267389846211,20.87501173183731,26.561199491181934,24.662318296551735,27.94514909900662
-18.71572842830427,-17.756491118561364,-16.418007587545645,-17.676864278596383,-17.978319974586707,-18.100657898417317,-20.930360765101597,-22.207792768994594,-22.169762139398294,-21.69438555914416,-21.014444291236245,-22.451027346850243,-23.408194321982023,-26.254890035576345,-25.01184165461447,-21.89022658634044,-19.733760849105693,-25.687159154520252,-20.57997137269504,-19.08528398229347,-18.730927219550715,-16.308879961120855,-14.597564889138084,-16.049019623682774,-18.459511666496052,-20.135570631947775,-19.484154045999432,-22.62492521772229,-15.626012010292195,-11.57267786519293,-4.165010611494766,-1.4982846493563735,-0.25888006143555703,5.045265838688881,3.689671514118756,7.169743549148297,16.147641998435958,17.320415027210757,19.27385225084193,19.913699513667027,24.891752474315258,21.761892146653754,28.864290645366463
-19.48572838199715,-18.200315131907367,-17.27407878815608,-17.304083242630806,-16.953270604943633,-16.456929600772565,-19.91377795969794,-21.276815831955847,-21.303903584128907,-19.946655728118753,-19.776111326167026,-20.701408367835032,-20.52871354582096,-21.87080671745334,-21.23773682251502,-20.621418966764097,-19.21049004199397,-22.662210120636527,-18.152961133385777,-17.917139743463935,-18.710116887319124,-19.991736390202917,-16.92844364832328,-15.236178967230858,-15.913776814580082,-23.250289464049594,-18.102945796054428,-22.192019993859148,-12.739880679311858,-8.720824602616768,-5.288107607472558,-1.3105529652643484,-1.0064422558808677,0.3642353240962304,-0.5120277326921303,6.587970213334851,8.78316194448373,11.30946612168946,12.428454379912342,18.417652131896673,21.64546455505799,23.826404729869836,25.324414217218255
-18.845451822040605,-19.040064026602245,-18.396223827065384,-17.45525775733082,-14.881490606058637,-13.926141542668478,-18.800945917834643,-20.455244986903367,-20.128463315215463,-19.342980918938174,-19.038736128211298,-18.618317105735546,-18.467887172179857,-19.642710582062207,-18.907988617759578,-18.247338588698668,-18.252131468695847,-20.993625177500398,-16.509402650501777,-15.72560917305537,-17.83365771121574,-17.069089963374473,-13.950823240141625,-13.613582123417928,-12.402352312534237,-19.119303503656432,-14.934987931687768,-18.858318508089916,-10.558027326780145,-2.76752973618007,-2.860348341001634,-3.136243732303245,-0.5923717287464254,-5.62811857140314,1.069468374334243,6.995148214400662,13.10833902984384,10.359500178649002,13.669378585711959,17.09231602399511,22.052349110729853,20.233662937139485,23.026548716480534
-16.482598920886687,-16.13345672607592,-15.450024722225375,-16.149834166545304,-15.674833228360235,-16.9507745531964,-18.3355594827343,-19.251200578762578,-19.368881833075125,-18.770054062006768,-17.591184505132418,-17.234567882693632,-18.03301159711651,-18.560609780019558,-17.37920404559157,-17.504828946368672,-16.883997316578903,-18.767641654755053,-15.374012988204505,-15.650905422697843,-15.167778387275188,-15.497157881520415,-10.378204880655177,-11.521171079991271,-9.498347224963249,-15.046590511165105,-10.274649530136823,-14.541376697052572,-9.480051408903996,-4.467412149953544,-4.718296147181939,-4.750755546790771,-0.6324628694812008,-1.4549178929259963,2.0427649864986144,7.740708960196464,11.465269743270298,9.820669363034884,12.357010422845388,13.481286284459976,21.694514288169792,23.87571747289377,23.669268604408252
-15.133314213121176,-14.27643627161247,-14.744832519091476,-15.956034123748566,-15.785890016151898,-14.253773677609084,-16.598173407864856,-17.900460234867968,-17.886398229541257,-16.31570047996754,-15.884680466870664,-15.935234227423795,-16.29732130591825,-17.24082895948931,-17.412250896520362,-16.107896251108237,-14.161808242670318,-16.126110428118334,-14.993297385531411,-14.75396333171551,-13.17085094684707,-15.260231787305363,-7.938121057397233,-13.773793125358099,-6.1226608569123515,-11.224460557803054,-10.768928359901057,-11.372546132480869,-9.503392275021271,-6.851352694501804,-4.486259911759121,-1.589087552893177,-5.028329381752653,-2.6108037208104835,4.063550152957104,11.089195885508445,10.879164998515368,8.733338769261923,15.348348783205843,12.365897438379218,15.260530194408513,22.503856892569015,22.320118832004855
-14.95992995417059,-14.243845332750261,-13.202762988101428,-14.313481711625872,-14.96707585294794,-15.94505487176728,-17.514045791449988,-16.359392599093383,-16.9389591342635,-17.14699826536748,-16.63455074488437,-15.983037901104455,-15.163544247274636,-14.793891620319544,-14.717077635778864,-14.575574365039374,-13.653916477983243,-15.35007203386167,-13.411822144609365,-12.807437540411371,-13.511489172815361,-13.205693925447681,-6.535222175105457,-12.747032582991817,-7.9091221264319564,-9.126087157851185,-15.480710603534547,-14.397881937264648,-8.968807295580573,-10.718167760761014,-8.05619978845023,-3.1988881661467516,-3.3142942721407693,-1.9175158831961503,9.322895090353486,12.216129092548597,12.859088438893243,9.706989017759746,13.046882904253524,13.962182414450753,13.678595790224314,17.754633286611913,19.32957468781006
-15.103285995641027,-14.66293719571226,-14.847758436841596,-15.545894100559353,-14.735757955169944,-14.551388152970999,-15.186955722014183,-16.605245288415848,-15.24097011536269,-14.666185003930842,-14.313946104234963,-14.551586782120701,-13.581293108766864,-13.544397309424378,-13.471600021706745,-12.976476613397626,-13.53182724506164,-13.268677495300617,-13.23405195859529,-13.731297026991017,-14.312954053076638,-12.441027091538041,-7.216494243934446,-10.067733773588053,-6.778295966903321,-9.202734928924553,-14.56113910439229,-13.60188041226739,-3.5333319030972974,-6.9686840892596615,-8.242169500141397,-1.4989971780866955,0.9828321044976278,1.1494633895924657,5.498011828477081,9.151476573197488,7.63144367325479,8.571110421637794,10.904354386819156,12.87385923031256,12.342964042716174,14.48648631804904,17.45503035978329
-15.210568304140645,-14.60741366448613,-14.700297472517697,-15.173081545321974,-15.360404826279275,-15.142271132214285,-15.697606399299291,-12.208485217369596,-14.107439363222085,-14.204892145566799,-13.390659409378566,-11.801227264586942,-11.832792435604809,-12.23320428679599,-12.847606295805836,-14.105909385984955,-14.258005948964218,-13.968742646801472,-13.27354846085506,-13.292545481436093,-12.839690696688828,-12.338357483472173,-7.898467752080299,-8.20775493437581,-7.07598791770885,-10.451963325316711,-13.433256654960113,-11.284786673063893,-3.983593854862136,-5.6359260018134005,-2.640402568894373,2.449825708448843,3.7345035842503016,3.8693991847473326,6.1082150266342365,9.143288543482344,9.933283455667121,7.447579731873557,12.456174568624299,14.859638409166234,15.524610148342981,16.013819166871755,16.102039895470078
-13.114594440056631,-13.442902649695704,-13.908150695687112,-15.345116603422401,-15.867569458574033,-15.432533523934193,-16.122744315595483,-13.708449826752233,-14.0753070926073,-13.662174539936967,-13.307180974009622,-12.322870499913186,-12.07963123572404,-12.166078000996455,-13.114722318404592,-12.344561937989013,-12.890113664836063,-13.077007893492679,-13.777798492748216,-14.24391822636204,-11.893865474095179,-11.331417061774932,-8.706440024619571,-8.321451972677322,-9.015320992244078,-9.184458478802359,-12.399808715417109,-8.347453830459388,-4.997205153897611,-3.5060543043002816,-0.4263923549869843,3.307574429914057,5.2164332098709645,8.941797865943858,5.844687761366865,4.43343640132159,8.49469959142486,6.397731945112143,17.39568688713663,15.020184966578197,16.33190851506635,16.57864905637641,16.472373141824004
-13.15293270225205,-13.245852031331427,-13.338165868417141,-15.32076583157582,-16.03350351506146,-16.418852817062014,-16.076649844986616,-16.9567803249972,-15.02742588054458,-13.37722392339408,-12.23836662466957,-11.69750325604597,-11.391166211206894,-11.68676761210865,-10.39433524194504,-10.654760929490628,-11.693035681106455,-13.787469399563031,-13.364939562599858,-12.001720663234064,-10.233518410342846,-8.864427933469631,-7.193261795376429,-7.343178078566998,-6.63097499570984,-8.225104553727082,-9.673565821013181,-6.751490897449674,-3.9990677569400717,-2.330765246780124,-2.576476327546783,-1.1970922067063072,4.885956102886951,8.38393572568447,9.564258859590002,4.5885024190764625,5.891844877655592,6.1475290022891915,9.03320695180689,13.819700397744443,13.764827358182512,15.367969604111352,17.702368303703654
