public/json/wind_2018-09-1514_850.json
{"header": { "discipline": 10, "disciplineName": "Oceanographic_products", "center": 0, "centerName": "Ocean Modeling and Observation Laboratory", "refTime": "2018-09-15T14:00:00.000Z", "significanceOfRT": 0, "significanceOfRTName": "Analysis", "parameterCategory": 0, "parameterCategoryName": "Currents", "parameterNumber": 3, "parameterNumberName": "V-component_of_wind", "parameterUnit": "m.s-1", "forecastTime": 0, "surface1Type": 160, "surface1TypeName": "Depth below sea level", "surface1Value": 15, "numberPoints": 4800, "shape": 0, "shapeName": "Earth spherical with radius = 6,367,470 m", "scanMode": 0, "nx": 80, "ny": 60, "lo1": 109.0, "la1": 20.0, "lo2": 116.89999999999955, "la2": 14.520000000000117, "dx": 0.09999999999999432, "dy": -0.10000000000000142 }, "data":
[rows 38 to 56 of 60, columns 0 to 41 of 80]
-13.602991704699038,-13.854619906045283,-14.98178079044588,-13.796811727640367,-12.712215850006821,-11.435784043892664,-11.340698187672865,-12.169087173846524,-12.668638720041802,-12.644739192950642,-12.56066912373133,-13.4591245278984,-13.944617980231016,-12.06627553524597,-13.232746221987426,-15.528307685488425,-15.713509187876365,-14.00663788417482,-13.58767305242445,-12.048550564990771,-12.049941586992308,-14.100444183391863,-15.191155792922366,-13.129871949745723,-12.743951522538893,-12.787462578262675,-11.682214891630654,-10.958587249153517,-9.703172625280272,-10.082625999729576,-9.555019060784568,-11.057495661050464,-13.05206400384276,-15.298885206508666,-16.274990469884973,-16.810352597176742,-17.23697721925563,-16.38816387019436,-15.264375982172183,-15.33724207454404,-13.30965928757377,-15.331011527162058
-12.90461946661252,-13.654067521636366,-14.44997693850255,-14.059325244667342,-13.282318627765692,-11.187326343471113,-11.003948216447121,-11.439193414713879,-11.77632702458331,-12.310693759088295,-11.73889682739582,-11.239344352556467,-13.653121424995705,-13.646563795677588,-14.429435187416239,-14.490083660703835,-15.33004322632571,-15.423379474983204,-14.472842934678866,-11.534637696850774,-12.78493658786243,-12.720344570384874,-13.529493026632732,-13.590992037900609,-13.27799423119342,-11.767608090053482,-10.255538750067924,-11.551819762493011,-11.75471001969459,-9.923717044891198,-9.900805438055684,-11.410882839284241,-11.739132554202506,-12.7806089679668,-14.587313100695647,-15.724985949370772,-17.25503624982633,-17.40263007669451,-15.245912559856103,-14.8591656208177,-14.65484291458538,-13.248656487203084
-10.320720524826346,-12.164628056796921,-13.468375464428314,-14.338196893632094,-13.60042122155862,-11.405099548104712,-9.90365550614941,-10.735362967792152,-12.14097704404002,-12.56577257086812,-13.318828371202791,-14.258496992764055,-15.763854077106057,-17.221074221656963,-12.813646941384244,-12.520745520915797,-14.413546742163211,-14.548152507725973,-16.472032422022487,-14.926101331996733,-12.309783392881727,-12.080136505416863,-14.05512435375293,-15.303163345868136,-15.0673440973397,-15.251607361792297,-16.79674506685412,-14.480914677134699,-14.116813550104066,-13.658450963753253,-13.161640360927722,-11.151258750106884,-12.98353510535599,-12.161672754277047,-13.51537099386433,-14.981047217581875,-15.635012377357263,-15.432175817658138,-14.59281172389408,-14.566207147216831,-14.207835894094252,-14.683223159207301
-10.64980556285517,-9.47505664115272,-10.905460657583546,-13.136133350862432,-12.866925776674112,-11.315923114542194,-10.444233015479153,-9.988473086558223,-10.705616816958551,-12.32879734428802,-12.983242371518077,-14.352030616618027,-14.192705558729905,-14.448174163219102,-14.412320698956457,-12.491225833678257,-13.340789466326033,-14.740063942266849,-14.070561890410243,-13.655923637083639,-13.41983700594838,-13.481006443713678,-11.743068688867266,-13.26317588364462,-16.07750970545676,-16.539428486302423,-16.813892865140616,-15.223373725239977,-16.100329749379064,-14.915241825706028,-17.04878795309895,-15.40802210712052,-13.991387207101669,-15.031247912204758,-13.316765228108176,-12.21299100442138,-12.707566563237176,-14.808609162212532,-15.903609121925735,-14.898955191945484,-14.946890050384976,-13.707008356699781
-9.840408826160203,-7.876051522313768,-9.842181349056634,-11.52860861381371,-12.045059948716085,-11.863779862274708,-10.340270279752039,-10.268004905294122,-10.009418839560416,-10.128529615830821,-11.904467094109824,-13.139394853875599,-14.221816789168034,-12.665115444488421,-14.41198690807618,-13.97517113280032,-14.658819750799946,-13.499309267137985,-15.514537851490626,-16.372621899237544,-14.061273826481502,-13.782438783949479,-12.755532219864405,-12.377436843758716,-13.959688011514128,-13.935335881850683,-14.552764046185143,-15.688632819498107,-15.800879125453868,-16.881588334907462,-16.90452588240567,-15.47409712530573,-16.55962008887621,-18.232428510913493,-18.379048631584922,-12.140548657723713,-9.700339850351487,-14.086012216408916,-15.827664677405025,-16.42776303517529,-13.775554734621815,-13.302665545013994
-9.99865248303923,-7.56872588726768,-8.21125230927094,-8.988240474799872,-10.873765497934087,-10.931382031570749,-10.562118724320465,-9.894256021893625,-10.317691029268381,-10.29652348590178,-10.55899447952603,-11.2005986160118,-10.957323548027457,-12.867837757511317,-13.606255529222079,-15.150619508126596,-13.436191891186095,-14.028267442248659,-14.947084727732419,-15.16210714427777,-14.783641182047099,-14.002762308668634,-12.334729731184769,-11.34274715497164,-11.698880301554993,-13.318675406479782,-12.59652485428873,-13.469995066725795,-16.11523756891458,-14.351338373651139,-14.239803363080366,-14.193694936610344,-17.16463154602547,-17.735159125177656,-15.185500192287178,-13.105006617225436,-12.331578008935447,-12.730168319597558,-14.552080679570919,-14.539477764558004,-14.460292682421077,-14.371948632853623
-8.878707822476697,-8.251112801591978,-8.281738927522694,-8.322535824553771,-10.452561560350858,-10.895382345336722,-10.897286461930504,-10.54171445471314,-10.23315833099322,-10.246596731488186,-9.842117740342882,-9.15843749764627,-9.735938204205747,-12.167470297645187,-13.278591016792717,-13.298373387855811,-14.315139906917675,-12.647183786108275,-12.249258420076309,-12.875444527399557,-14.26794074025098,-13.773749816905138,-13.673241612932319,-14.402331184915603,-11.292529479127154,-12.400785248492273,-14.861973754169762,-15.966253701995962,-15.074811946081512,-13.623797925596927,-16.266576063415688,-16.282637743909703,-15.836234265685095,-13.152147767682425,-12.659774353946506,-11.729981249346249,-10.20985181499794,-10.79198761502305,-14.498465793903634,-15.574762113272989,-16.12674833373498,-16.448695727181324
-9.082578147185508,-9.842895036876008,-8.860628346608664,-8.012268664938663,-10.25462205243364,-10.904481121317612,-11.37039062812924,-11.824545979519332,-11.657145509986227,-11.605432504159364,-11.395682569460895,-12.117855508041501,-10.47899953014757,-10.564679715321004,-11.994706043580269,-12.831915119378216,-12.936884372725226,-13.944608678195006,-13.31183520719041,-13.642145007704183,-15.933327089384889,-15.349682413769083,-15.922848790040646,-15.942541151951728,-15.852166435579507,-16.38424926789634,-14.991552477055308,-16.762842442825487,-16.362039794596747,-13.375740589428144,-14.255902169960363,-14.550260028569463,-16.238944060268484,-15.098279933405765,-12.833326908859274,-11.836026135529915,-11.224845309066694,-10.31140732572237,-12.18588927170606,-14.871918407182878,-15.504677242249377,-15.725714237341979
-8.92517342795535,-8.946284891876772,-8.664431221656443,-8.486508248378525,-9.178021846405546,-10.116407859262678,-11.207254350834301,-11.116279186492505,-11.89643526322272,-13.562545011543465,-13.54525515357101,-12.68574527827022,-11.78750938392714,-12.286299047238886,-10.351720508095678,-12.302984841683033,-12.701047483301636,-13.876093483558384,-14.213897533483703,-14.327113554696833,-15.402513763916204,-16.493314127600026,-20.06908445689095,-17.54799269824713,-15.854445941893228,-14.850952244453241,-14.829250601222524,-16.89207387955031,-14.25810825909914,-15.329026565895767,-14.757144608912789,-14.72662609415275,-12.332445786699704,-14.484039531851908,-14.938816073760472,-14.985965111307989,-13.234892882115933,-13.333631156540488,-15.117073474657044,-11.398721859981386,-13.970985878609685,-14.667048925233356
-9.242991818942388,-8.504459526417381,-9.02622999930054,-9.512237575007685,-9.165229821648593,-10.270607372367628,-10.914173170370393,-10.877302086943534,-11.92020972649717,-13.822870975434864,-13.898965458367933,-11.331672167798477,-12.273326878705284,-10.61945400101763,-10.131658664277673,-9.935755908243653,-12.86801923696723,-13.221420389473895,-15.136882054014038,-14.125582272039981,-17.74113768594768,-17.403335675643874,-17.17629591967733,-16.496216933666858,-15.84140326537862,-14.782240375617604,-14.125884547585851,-14.950286119149592,-17.426822119254563,-14.254833823156066,-16.422949593961516,-15.836411620209597,-16.721814259733335,-12.284001161003612,-14.042119115046823,-14.186480786430069,-14.26242949163132,-16.224533562755017,-14.532800031925154,-12.789626574237687,-14.088188333180813,-14.028926532128832
-8.094746053046768,-8.022965932974277,-8.396909967779308,-8.542288151203683,-8.769704654962686,-10.947341961063808,-9.889534949319668,-9.828318880579642,-10.47818440276368,-13.73800490446104,-13.571172159525808,-13.801901478219238,-13.44497214530798,-10.265584087913709,-10.054636404535062,-10.081200739814626,-10.82912135468015,-14.519058027598795,-15.117077755123992,-16.07625267136981,-16.76818093901126,-17.821154888750396,-16.16788073605586,-15.342376829550012,-16.002726450008076,-15.270899930050266,-13.910706077599214,-15.05505852013333,-15.466514008455471,-16.47260008455728,-13.60852376319891,-15.606270874987095,-12.085893373494317,-11.339146927639558,-10.74277304830623,-13.03157153745498,-15.341295177328583,-14.663186128177461,-15.502614237130937,-15.822511869368629,null,-12.49405430830052
-7.182890834830205,-8.009479662240034,-8.497311163401527,-8.638383438016685,-9.340676593195848,-9.038196610836007,-9.016668924127032,-10.166041919636722,-10.663696182551917,-11.817951468677395,-12.750449080852258,-13.083050740108611,-12.253422912194942,-11.714968663832176,-11.402268368749205,-10.941966607432711,-13.325793613334614,-11.759905365332978,-12.83930643579944,-14.849565529170608,-13.560724827950214,-12.233052632319177,-13.630235757231624,-15.009644834159007,-15.87811445522859,-15.806157730454851,-16.66558267107628,-14.973617119929187,-14.27927194047425,-16.183440019556073,-17.642108468446597,-14.573353952979586,-10.807378230341797,-10.759371669213621,-12.573272717838883,-12.69199452289646,-13.07026354185377,-13.838480608679603,-10.694588483803194,-12.792712551405932,-11.468379733662433,-11.963746629113412
-8.754857742315577,-10.156431486703928,-8.595104961051605,-8.613131255544063,-7.894418934475417,-8.079702522285135,-8.096298053828134,-8.464507038301562,-8.232868132003492,-9.47068763419749,-12.526960043125428,-12.162058747151967,-12.085671066407585,-12.658285399115393,-12.735604059214058,-12.869507953634411,-12.571951754188294,-14.672130810943049,-14.63331376339442,-12.005344440304654,-11.720345177997444,-13.244804068037519,-14.28874825686727,-15.310263033271491,-15.614624642358809,-15.904068638896295,-16.081891264749956,-15.832563081232676,-15.473688029912982,-15.666658059823508,-17.06224699596024,-17.9285489091357,-17.336136181460674,-16.636022197125172,-15.410375931579242,-15.504594760975696,-14.346249291102565,-11.772204209890386,-10.395811482306838,-10.400743986421615,-11.017878009809138,-11.462607427711015
-8.77536222355681,-8.602066585494633,-8.427777733162992,-7.600183201671784,-7.838487144989849,-7.687248432392444,-8.06245891641657,-6.457266515704529,-7.887553078587416,-9.946662649523558,-10.988281417234134,-12.218842210111003,-12.650903146051437,-12.738704952966291,-12.268021852416522,-12.184794908510678,-10.924071797959435,-11.8295933979071,-13.774036852898897,-13.547900749674547,-9.7720397715164,-14.43876056212983,-13.260702186021142,-14.029082006104884,-14.635537432444446,-15.518712164637014,-15.675110613565803,-17.749823822419607,-16.217272494505103,-15.4497962803297,null,-17.343975232357423,-17.257776823807397,-16.920010466879884,-14.48975645975511,-14.805896544861962,-12.168667305041467,-11.200102143935636,-10.01623875927717,-9.93549255948253,-10.654600004007976,-11.444304568165338
-9.065336958018136,-6.968235329899644,-8.80400254359152,-8.880746318149034,-7.033734051689145,-5.934636850075475,-6.782776566427094,-6.952527687414178,-7.806310109118154,-9.732705514157631,-10.407333728192851,-11.902719981488397,-12.559684660251602,-13.335022996139225,-13.313634570046124,-13.106472326822818,-14.655698063319528,-14.217098189295125,-12.789771393233874,-15.444026384310895,-14.085122302230651,-15.152840602660453,-13.616535261605632,-11.77761565775456,-13.74050809751004,-14.21820755878308,-15.106448265385168,-15.365198295164092,-14.822812054328931,-14.534317838261273,-13.720840420202395,-14.806087927196815,-14.424665449518384,-13.583915615382889,-13.847641185766495,-12.570242007905629,-11.830944085787056,-10.612430777001181,-8.938847592339002,-9.756202632489423,-10.319707043379841,-10.969660962594228
-14.327514982044306,-12.760337692760217,-13.632306997775078,-9.151226348363563,-7.777832570465852,-6.460412113038243,-5.675067080970732,-6.109702401272846,-5.76683112699309,-8.302301598421693,-10.530861985026768,-10.757341585436755,-12.695241779649745,-13.489276228296085,-13.558815000238265,-14.482541775060401,-14.50038844868687,-14.056804848187333,-13.929552391009262,-14.166178967719691,-14.817672847589808,-15.094641197673823,-14.245495846430202,-13.872411077268051,-15.82363485110109,-12.927250972433832,-12.438073060487419,-12.182111493453993,-13.07995448976239,-12.593029378367385,-12.350744461878925,-12.398780388214421,-11.56243889570655,-11.509711287909317,-13.18814068266795,-15.617692366049058,-16.906597934727777,-15.142528046639123,-9.529980283368927,-10.156295809489336,-10.781539059063574,-10.864984056079084
-9.629324178645561,-10.506542490184465,-8.702343745205756,-9.235679359772456,-7.223990069921422,-8.18043957442202,-7.6821734656215686,-6.032622091088565,-7.634842217825054,-9.82117433599233,-8.472984969832241,-10.129206518797284,-10.642110610039637,-12.591666609903278,-15.07738323193736,-15.463741391308881,-15.66339931068881,-14.350763290207732,-14.692084536019712,-13.852306922187502,-16.59382590932961,-14.049221071388851,-14.412387401186976,null,-13.29954685502948,-11.417101418136482,-11.494972974811047,-10.938293211899529,-10.445903031537071,-10.285101737746615,-11.329409494240215,-11.28214880990368,-10.47303654680021,-11.215876500457544,-11.837025636232337,-11.544435579839394,-12.972847158592284,-15.61551618759379,-15.75242902984705,-16.110062365595926,-12.9407607190424,-10.249886007266205
-8.214449868292537,-8.871197807993191,-9.396634756919056,-11.588928469518839,-11.680964617008705,-7.1716099402460936,-7.626160584702612,-8.845589847522902,-7.588918514732969,-5.052821934524959,-8.227880625756901,-6.9529827318650455,-9.762843027477834,-11.732891246168847,-12.09644062630574,-12.482224354666116,-12.371352093194385,-13.724141295110961,-14.194173592452351,-14.752046284341255,-13.600258256344711,-13.924472823543116,-12.823442210686789,-13.43297340998491,-9.436145718962253,-10.036186571382338,-10.371505571590165,-9.495356979411643,-10.0463597563799,-10.841327478004626,-11.109684760326894,-11.980079411806049,-12.208286636991954,-12.505819349292238,-11.236324781088204,-11.133623861240373,-11.275677659013198,-12.771264281854366,-12.795358303217222,-13.611492412045179,-14.414269976316259,-13.064167279537132
-7.498355539037378,-8.538116395083131,-8.473739360342325,-7.112578987771716,-8.298190803264658,-8.245982498685144,-6.093002359655658,-6.210462898297254,-7.372422098268503,-7.193886636401858,-6.945873898710145,-10.422656914214087,-9.782060831443385,-9.749659026302396,-10.909281619145535,-12.523986237998084,-12.913539516649061,-13.422072377224328,-13.224372281931664,-12.65512101606384,-11.791090712291002,-12.816590225573037,-11.750106987129305,-10.946407069268869,-12.92286642392187,-11.213022787708265,-12.390085314460753,-13.114675007995162,-13.014288021113689,-12.53773672052878,-11.602421008359482,-11.72645826513305,-11.600039353384668,-10.644552593203223,-10.767480088271228,-11.267215334701163,-11.199473864727537,-11.342066240432102,-12.740518341944057,-12.96695296942278,-13.24511938745559,-13.594852111053584
