public/json/wind_2018-09-1604_700.json
{"header": { "discipline": 10, "disciplineName": "Oceanographic_products", "center": 0, "centerName": "Ocean Modeling and Observation Laboratory", "refTime": "2018-09-16T04:00:00.000Z", "significanceOfRT": 0, "significanceOfRTName": "Analysis", "parameterCategory": 0, "parameterCategoryName": "Currents", "parameterNumber": 2, "parameterNumberName": "U-component_of_wind", "parameterUnit": "m.s-1", "forecastTime": 0, "surface1Type": 160, "surface1TypeName": "Depth below sea level", "surface1Value": 15, "numberPoints": 4800, "shape": 0, "shapeName": "Earth spherical with radius = 6,367,470 m", "scanMode": 0, "nx": 80, "ny": 60, "lo1": 109.0, "la1": 20.0, "lo2": 116.89999999999955, "la2": 14.520000000000117, "dx": 0.09999999999999432, "dy": -0.10000000000000142 }, "data":
[rows 38 to 56 of 60, columns 0 to 41 of 80]
-10.186552078533193,-10.855205045856732,-10.861325963844497,-12.814880515404063,-12.94224888178866,-13.010715901639731,-13.163464264784967,-13.91051257657671,-15.37531987039995,-15.892882218569326,-16.872386704511513,-17.711397090247978,-20.051979817116386,-20.526680602259567,-19.845483406974413,-21.818392167637768,-22.96592710392811,-23.55678001109625,-25.616217386150836,-24.740846466032977,-24.356718411013638,-24.936188588883752,-28.653252978890688,-28.6288625049126,-28.578404797403476,-28.281068427011498,-28.098223939142706,-29.900405119294973,-28.85782195571896,-29.092231940253555,-29.11265668617329,-29.364825611050282,-30.082305314570345,-31.215531951137084,-31.529281708516763,-34.29871573183997,-36.43857406391211,-35.51208328310693,-34.064328796632836,-33.226425120927345,-35.76696766709415,-39.747453719497656
-10.094292421579953,-9.842569204763661,-11.201069582784612,-12.929469487676192,-12.95193443146748,-13.382045695438123,-13.575720388852872,-14.2524495172756,-15.255607322542835,-15.903346596074156,-15.699337886102416,-17.86609169350336,-18.50954756373372,-19.364248784580624,-20.332079193087587,-21.942092609726078,-22.95644280985332,-25.257416011284313,-26.302044959200202,-24.91379642234082,-26.79286081217073,-26.590089511293,-29.752608387512595,-29.642073617690198,-29.61085114190422,-28.371788112017136,-28.27070852066631,-30.191410667153313,-29.556223964045433,-29.615945721999754,-29.23709177639848,-29.84154734845451,-29.722683946369198,-31.365619423236815,-33.159782301202476,-35.96888983779983,-35.34006641799202,-35.13200548097484,-32.69094801484246,-32.66604173160579,-35.94390475180187,-39.429460825874585
-9.477360901567465,-9.329966545485977,-10.354280724141514,-12.841391585545281,-13.561524629701573,-13.633634056599535,-13.95764344331258,-14.25596522872211,-15.441833294439594,-15.000071121194525,-15.479008366358109,-17.26177718796588,-19.564279099427115,-20.9081408593482,-19.639792447938667,-22.027615774004815,-23.48704746543717,-23.888208582006712,-24.027767755885545,-25.705202122591857,-26.484847120780476,-26.109965778867263,-28.3906597303898,-28.389760839223783,-28.41723139696064,-28.306543982720555,-29.675337955695774,-29.612888186902516,-28.156234579391032,-27.83763098833063,-28.69380092377302,-29.82138635050434,-31.894911927669078,-33.22783884030593,-35.058505528940344,-35.72083691327749,-34.66187561022367,-32.92976447323624,-32.44038407002847,-33.41265031080214,-35.05167383143235,-35.90632334721338
-9.25832024688039,-9.216804578388563,-9.380070698005733,-12.52116654648324,-12.67823421516037,-13.406904192184012,-14.026826811728522,-13.896216978025267,-14.297576628344693,-15.833391326886014,-16.669669404258016,-17.86683971256356,-20.365482750394246,-21.130427303071407,-21.25778258673484,-22.583344802329595,-21.261746699937085,-23.49856345795776,-24.450376487392692,-23.910260375898318,-25.31510218792828,-27.55414330175626,-27.577056744309125,-27.134694450924098,-28.380842269879434,-29.147256213865425,-29.99498579767442,-29.059313127709437,-28.437370110129436,-28.52694354214865,-31.180383052296413,-31.358825787313272,-31.34277859257321,-33.816845695862,-34.58078238537642,-35.94938051531232,-33.38953347948782,-31.672614673383745,-32.54741700103904,-32.56365464479143,-33.541197440003664,-32.79603804008743
-9.441390046562635,-8.824996659115591,-8.7093441087499,-11.846390214183915,-12.244153272407415,-12.518903329385296,-12.91486005305082,-14.098149570878487,-15.288911123464622,-15.949816901310317,-17.25309427646946,-16.468879685776024,-19.96490013402025,-20.99283858145924,-21.125476117636644,-22.55026286048492,-21.84577931956198,-23.82337884060512,-23.18527038820768,-23.821479185377466,-25.581060406275153,-26.461361928451783,-26.97563176850995,-27.282098274728554,-27.72084593633095,-27.767628913115026,-27.77765899642607,-27.856205544121984,-29.581668730331206,-31.843348813890504,-29.77558778966015,-30.325997764459636,-32.320181240147654,-33.58323640830547,-34.98866723998195,-32.98125298139079,-32.80456706949466,-31.8576542293965,-32.039799215758585,-32.497660924868555,-30.734807128663796,-31.638607816976656
-9.945302622921215,-9.482826894729808,-9.566998472129765,-12.26126115352829,-12.538437571468846,-12.341475911288441,-12.577156833767631,-13.078737618686572,-15.165169217779532,-16.95043878380846,-16.569663276262926,-17.986654947907127,-19.50586387813643,-20.14482125428989,-22.12719498359876,-21.26955005835062,-22.52230963914037,-22.437583019717806,-23.778527551173262,-23.63263234663564,-25.261638292445717,-25.662220438445473,-26.387547135565047,-26.539494832201953,-27.322820610875166,-26.56614999793943,-27.60236968169485,-28.967253767155402,-29.71646338492115,-29.514475268433667,-29.775713541449434,-30.5940640710728,-34.22960106343062,-33.334182949932966,-33.093810903098614,-32.35159270571332,-32.74993752357043,-32.774261404607174,-32.53257579612745,-31.14583248795636,-30.9961002516174,-30.63883661667161
-10.448088842530352,-9.553615867458706,-9.609895558098945,-11.66085990788752,-13.734126584171511,-13.397844261877486,-13.295043160291653,-12.815518666919624,-14.842335851008906,-17.632904566533682,-17.641446808685863,-17.980439981483112,-19.98731999805648,-20.076545754183943,-22.015049062744723,-23.1303893718667,-22.00360471111192,-22.578014385197857,-23.135302039114094,-23.527497363243064,-24.368336918732236,-24.544097819331725,-25.44815239675603,-25.66562081394957,-25.354775819449287,-25.625434154257704,-26.17766101051291,-29.40071387698688,-29.840872254486136,-30.282793557117085,-30.29975927472073,-31.85879975112667,-32.86696547846301,-32.86741497151726,-32.35727954197088,-31.764289925193037,-31.702518881688412,-30.94671378744134,-28.476410760420336,-29.015333396184786,-31.802746397612513,-32.34893686504519
-9.975691261406793,-10.04265637345609,-10.21144242051191,-11.787875030239224,-14.08172164087681,-13.594664279641385,-14.54872441164805,-13.640192301631062,-14.791195965862237,-16.282369867364054,-16.915851005965276,-18.389735041272896,-20.08798841435433,-19.82515963338876,-21.557877486362855,-22.22700055109285,-21.959403400901746,-21.259822894693944,-23.04036233082276,-23.30041215607143,-24.397712640102302,-25.196859774919375,-25.972686188691554,-25.331484055659953,-24.365182324200227,-26.74524991545252,-26.830824573017853,-30.280943392048965,-28.69445317389674,-29.28777677229025,-29.852255526064777,-30.424082132007165,-31.693907928372568,-31.335020446362517,-30.69281266018501,-30.63064437294702,-31.028877119809273,-28.559345676207894,-29.408671808829766,-30.46577520519019,-31.97735914069125,-33.823931919188
-11.076639600889484,-11.215440052425617,-10.724592017057166,-10.981824520470905,-13.639536964918548,-14.500421983150448,-13.703181967228073,-14.383015106856178,-14.795571510245065,-14.872829780567372,-17.130939894791734,-19.691303262997486,-18.06399940602187,-20.31683102255231,-21.070930084249124,-21.96004328238126,-21.249674193447134,-20.95196916943046,-20.29387954800294,-21.500393322778034,-23.52387802585102,-23.256480053771547,-26.41949216187549,-25.558485911335346,-24.889298372609307,-26.57720315697363,-28.187210314965824,-29.56976534013393,-27.697876664389284,-28.921401106789027,-28.601300702663657,-28.95394081757334,-28.403366515668196,-28.719065960209644,-28.157238448873244,-28.423461921981975,-26.66167301969096,-27.199077518053492,-30.601877195614293,-32.10510914832728,-31.89611757925882,-32.83104860648378
-12.7205838107355,-11.256355148063399,-10.954768979061571,-10.469382611471453,-13.225346336567231,-14.537184754446157,-14.04143012730104,-14.465333833303909,-14.650906402258148,-15.811859230380207,-17.096515064385898,-17.439854270079728,-18.899084339943784,-19.443793790648957,-19.72402126817487,-20.71797109861773,-22.049448303139236,-20.448356085186735,-19.31822449957179,-18.22033549348531,-22.604935078230074,-23.005230983350046,-25.621080251736977,-24.146366825936276,-24.61431904027022,-25.343274895250374,-27.72476323265834,-27.66623654575517,-27.562432779313085,-26.490379772623985,-28.66094378662434,-28.66273870431083,-27.79258694516736,-26.110425058167532,-23.711300717764537,-24.395825019339494,-24.8516134871245,-30.639596431933537,-30.95937516055188,-30.515218422487056,-31.479721720930975,-31.63862740751191
-13.561293293540954,-11.300993461079837,-11.116606574585443,-11.138555889714011,-12.054386605463328,-14.21900418126952,-15.178574568810143,-13.641727768072522,-13.738987656629604,-16.27568882506822,-15.955372538151025,-17.099271132366496,-18.59528874264662,-18.333425391039732,-18.121581935850195,-17.66211320371769,-19.8086449242969,-19.481238386941914,-19.018569879706362,-18.552643651591953,-25.810414588569092,-23.781014856814494,-24.1049850714997,-22.30035693402045,-23.14839554316084,-23.989187578552368,-25.690999334792448,-25.467953122013196,-26.977694578141904,-26.83152617553673,-28.192315499185504,-28.708880172723042,-26.869304064340287,-25.711501349413492,-25.38307060024956,-26.095987950169174,-27.06653101672472,-30.90148959118795,-30.075543229591382,-31.262803829355775,-32.63465829457539,-29.218328212795498
-12.808540055445565,-11.566693579217816,-11.11175976556127,-10.975991612064742,-11.567878193462345,-13.849332062275817,-15.146113205349021,-13.126811294616111,-13.049320832750116,-16.240222391590855,-14.417912790753933,-15.73223435115768,-17.26867433389636,-17.435701318182815,-17.60135086964525,-18.534651442332446,-20.78638392620264,-19.326239983554338,-18.988848222214813,-23.16519312911121,-24.242258004160316,-22.30551116730879,-21.199807347151545,-20.85406005182971,-23.11510923124132,-23.878244277937988,-25.477071897369314,-25.44456626709433,-25.764118376536068,-25.372698528743598,-26.48098168025801,-25.762952336970926,-26.961023656001167,-25.938457301576314,-26.154687470146843,-28.977147203751883,-31.3859092649899,-33.05254817490151,-31.996721697969136,-33.08176500847157,-31.57655244283279,-29.779157940484033
-12.273540141504858,-11.872603778342256,-10.958380130497247,-11.298235619380954,-12.436804485483085,-13.667911795702572,-14.851828166317334,-15.154924321322893,-13.722891299229278,-14.550826828910791,-13.751472058991808,-14.402449133720921,-16.012122576952276,-16.69189606977561,-17.113522489798562,-17.32530118641241,-20.175288615780264,-19.21322801418337,-21.428750082213494,-22.639742189142808,-23.1341197472217,-20.917585190894513,-20.369447877091826,-21.931517422277736,-22.32605367797625,-23.784203699448224,-24.906248969250406,-23.62758999450349,-25.776189230262,-26.036519590049245,-25.70253507697177,-25.572020568648526,-25.770362698197594,-27.637427839230455,-28.9084904248514,-30.829158071904995,-31.24381093088631,-33.110698532883326,-33.0944018113638,-32.61591361774215,-30.829504937522753,-29.41721175474427
-13.267436844891376,-13.039157836846888,-11.406164796991,-11.659369534852836,-11.432760749914276,-12.793821842611958,-14.69728025174668,-15.583395131445911,-13.091680187978067,-13.82980865212496,-13.951109613777055,-14.020937842250113,-15.524936808632821,-16.538489086308775,-17.63154325274349,-18.043702699031776,-19.337613729141324,-18.78615329289469,-21.6356703924273,-19.768368292239863,-20.311343494104527,-21.98142558063912,-22.094914583464814,-23.130085618217578,-21.024410843913028,-22.530081002747615,-23.10086960985801,-23.452477416362306,-25.175431696455355,-25.085754867907063,-26.223711109950397,-25.88190419042008,-26.500662440726806,-27.877407055149494,-29.205954826546158,-30.21456705332625,-32.154978054993215,-32.53736656592446,-32.18235025947919,-32.037613461535855,-30.588558991599943,-28.29766461686041
-13.259814286039255,-12.954977307886626,-11.079981228393212,-13.48053775575698,-11.303714710169148,-12.450171521399538,-14.246271304021636,-14.82543942797252,-13.758768737985648,-14.843737520497548,-14.306393742226089,-13.666247529148972,-15.163239222271477,-16.726390761305097,-18.157443274730994,-17.00128928215203,-19.349017850557388,-19.417732824687018,-20.140986934516803,-21.037843789686796,-21.022427500849677,-21.450500938952818,-21.52584021811951,-21.972813463075788,-22.162814117880956,-22.68285231802185,-22.74858004954798,-23.304853770953105,-24.15958379699871,-24.206180165818544,-20.798735436466707,-22.7144560175567,-24.403158019874688,-26.222228348204045,-27.0900573448507,-28.475820608704314,-32.143699515305904,-31.86976455169953,-29.978317925065898,-30.067268805544938,-29.035352318141566,-26.81887462930851
-12.084587235664616,-11.824948777413887,-14.835874396706776,-13.684223892422715,-11.930916704015814,-11.690469011776015,-13.523813300682502,-14.891150702102731,-13.736667850783782,-14.206615077869817,-14.990553089043456,-15.638585893614788,-14.961026829166821,-16.737492633637267,-17.70945600408553,-18.84320179309124,-19.03775218358622,-20.03441460485748,-20.78491802930005,-20.74329367886913,-20.8882072476171,-21.974799856831968,-21.959738132078634,-20.651009643835128,-23.307190126004667,-23.260517508457355,-23.265621309206427,-22.7081241666956,-24.452544849996354,-22.26433040245176,-21.812133087364902,-22.242737568832784,-22.800571026562647,-23.228430226499352,-24.06242791980922,-26.846612052854702,-28.355653586628293,-27.06784642097441,-26.215629214446903,-26.023582865817623,-26.942903748585803,-25.140673627404222
-13.075653913984253,-14.00294489409354,-14.204441511711543,-12.885061894801634,-12.63761246956988,-12.741135405195216,-13.572627825845034,-14.41255323173526,-13.688355361146304,-14.052804953944001,-16.247057246076334,-16.69908241031178,-15.350553497917701,-16.63810546873943,-16.682369496246185,-18.342338432052763,-19.779265633122147,-18.911562136531185,-19.67656331836948,-21.77480253430921,-22.499163992840224,-21.186102089317107,-20.670313220377288,-22.195317462703095,-22.19137874366411,-20.619831590535835,-20.658217735185957,-22.321895924294502,-23.467499524054556,-23.310879117744875,-23.22070882273487,-23.936610198862304,-23.554560021154753,-23.885593109664573,-24.508947753663637,-24.91784461979455,-23.654147718543634,-24.187861385782554,-24.54368682099497,-25.76401283675464,-28.219427760576174,-26.056842937293702
-12.541395818011818,-12.677854170215053,-12.36393592122222,-12.805188527038894,-14.269353212958004,-13.697553184334451,-13.841985583556138,-15.318332277008821,-15.035858366201255,-14.818425443456945,-15.227549627561851,-16.83377969716703,-17.07121303710631,-17.825787067695586,-18.636997412489755,-19.504429585120484,-18.62726976974521,-18.01754179576218,-19.967166824598564,-21.310648755069227,-21.45579452755738,-20.18791864132851,-20.009845767573662,-20.215326055565058,-19.938089792389274,-18.495841717335125,-19.342251408671668,-20.37869561815666,-21.034522268931664,-21.38525915684784,-22.45149186086173,-22.966421158685222,-23.564211765355132,-23.78766936889499,-23.703408163266204,-23.526596109429324,-23.457838316346173,-23.405596488904493,-22.98518638552322,-24.379300773344916,-26.780703425482745,-26.686259761233735
-13.043177064117106,-13.63458468006724,-13.696064544038238,-13.393796111441626,-14.026029825062686,-14.634358390654745,-15.076099819776472,-15.643508200376015,-16.355145998776216,-14.625058699407816,-14.768527486656357,-16.716929771058073,-17.78789627176472,-17.747989339962235,-18.4513094633597,-18.73754916654616,-19.895185889139846,-19.531776991903698,-20.373476032970753,-20.150825394895584,-18.98670314394982,-18.901326799286718,-15.709396049914904,-18.225916555967135,-18.419852644598222,-17.163072021664032,-19.010829432971263,-19.70440233883599,-20.54569820349019,-20.312869450793578,-20.97989589041852,-21.130386332682896,-22.40840509812359,-23.12904996099796,-22.46586354553611,-22.462131725344392,-22.433035408907543,-23.168943453486968,-22.868514856806904,-22.842008263169305,-25.585436601697868,-25.30578207387856
