public/json/wind_2018-09-1520_850.json
{"header": { "discipline": 10, "disciplineName": "Oceanographic_products", "center": 0, "centerName": "Ocean Modeling and Observation Laboratory", "refTime": "2018-09-15T20:00:00.000Z", "significanceOfRT": 0, "significanceOfRTName": "Analysis", "parameterCategory": 0, "parameterCategoryName": "Currents", "parameterNumber": 3, "parameterNumberName": "V-component_of_wind", "parameterUnit": "m.s-1", "forecastTime": 0, "surface1Type": 160, "surface1TypeName": "Depth below sea level", "surface1Value": 15, "numberPoints": 4800, "shape": 0, "shapeName": "Earth spherical with radius = 6,367,470 m", "scanMode": 0, "nx": 80, "ny": 60, "lo1": 109.0, "la1": 20.0, "lo2": 116.89999999999955, "la2": 14.520000000000117, "dx": 0.09999999999999432, "dy": -0.10000000000000142 }, "data":
[rows 19 to 37 of 60, columns 0 to 41 of 80]
-11.209699656678744,-11.294677260460414,-10.376710515455692,-9.91516998923495,-11.196711306057988,-11.363035972302814,-12.133418886508291,-12.11540049059716,-11.893813713330672,-12.501907513811222,-11.823570791609828,-11.391898940003589,-11.914616333059383,-12.192907285998213,-12.61630933300599,-13.836065311480672,-14.147083908087271,-15.016634654369962,-15.049409683464253,-13.532506462236412,-13.332121086002553,-15.421780666028173,-16.4427336393318,-17.45021064954931,-16.04033544044399,-16.709594047217397,-16.54060618571381,-13.803210362606723,-14.755464256525816,-16.04791755574441,-17.920816603444514,-16.20005953856998,-16.50763492934581,-17.080931590973258,-17.976512866042917,-18.597409671172276,-19.348126199420022,-20.864444662336364,-22.480175813121853,-22.876115907179926,-23.6000126496668,-23.792557168703233
-11.641673522603138,-11.58906769547115,-11.824587244830717,-9.101889236974273,-10.35277592459946,-12.073015924313037,-11.850945749193551,-11.172779106184022,-12.617489751692148,-12.941458730790695,-13.0840356696244,-13.029963063516362,-12.496762557212973,-12.471588272801652,-12.822559759163678,-12.862573273784847,-14.308241940521032,-15.182394593125451,-15.453418828067996,-14.821305349636326,-13.750065991072205,-13.707662661972826,-15.312099624370402,-15.322447394511673,-14.8816951372645,-15.562077424254994,-16.317001594417846,-17.489968227343475,-17.61136257902762,-16.1824617236601,-16.656067713828758,-16.366041550738817,-15.675783483323535,-17.12825173353998,-18.07628100269648,-18.89511179822867,-19.64233723126532,-21.246440067670413,-22.934227953964054,-23.96343806821316,-23.20145301617241,-23.3717511549928
-12.597368723847586,-12.433800303206134,-11.486946698868692,-12.39887889948986,-11.706802567615066,-10.704549027149787,-11.658076915872488,-14.08945674719882,-13.471494038168947,-13.063594479777171,-13.464245522745843,-13.972337380369492,-13.93140973035027,-11.841616856338547,-11.75668873747328,-13.00228918316076,-13.364097324804824,-14.765692052495481,-15.232237405729848,-15.875109687828193,-16.20113358133534,-15.077977780096798,-13.71578395801877,-19.082787011347353,-18.220355352625447,-19.08529236705888,-21.05854629507244,-18.433319065894626,-18.30739271497713,-17.07645716954545,-14.358206482217815,-16.394193048968134,-17.470882728794816,-15.905342079505699,-16.818774555934958,-18.498962586721596,-19.009298863347873,-20.601247074184766,-23.05019912369618,-22.674952655700892,-23.61447498420733,-22.013993796740145
-11.359015953646786,-12.511166425110751,-13.869376168077228,-10.941322742982079,-12.984884558939301,-12.466528645226601,-12.16984991455078,-12.32651877154538,-11.990220816470128,-12.232692354468185,-13.12412915353226,-14.01952521143827,-15.206440234794412,-15.312273465753641,-14.032300525625633,-13.00299835951056,-14.164741762851296,-13.866822148881134,-13.995720102947633,-14.869207755802167,-15.027251672821219,-16.04409174659784,-14.82007371558117,-17.50504459944421,-18.79808493698362,-17.740585231666508,-17.552502450245782,-19.254019952498947,-19.970051952377634,-19.378606025618428,-19.106451926933,-13.780286629839082,-14.529780980053411,-15.101641463473339,-15.869611951360238,-17.779023385250547,-18.285614051695,-19.261398786728666,-22.149583597907355,-20.997218620970177,-20.358678183156126,-19.7911608642478
-12.765093432218809,-12.398259761388815,-11.967570292563241,-13.301583784329575,-13.182968202778905,-12.907668009015895,-13.719055541711127,-13.51243374991122,-11.61688591991931,-12.396273553469415,-13.214628013297848,-13.569848098805574,-14.207590687831292,-14.31163792337576,-14.343246036349406,-14.384877462745106,-12.823587707079415,-13.56593606899285,-15.81874474949501,-15.13495215801204,-15.014663655750454,-15.429265141680363,-14.702683043074593,-13.501748977980597,-17.245268488656574,-16.77497526854542,-19.897205551826485,-17.690676352681354,-18.880801478134842,-19.38971805571692,-18.20356175933098,-17.755062010708713,-14.729290423363015,-17.78412030525183,-17.233569963963305,-17.33411293353447,-17.79059761187817,-19.500875183327157,-20.808696415345654,-19.09583297037108,-17.94936993798033,-18.173710354649987
-11.268282280845437,-12.70963929940719,-12.964014729718329,-13.190849410447774,-13.449426751651458,-14.118481212761065,-13.928888129029737,-13.518638044553896,-12.784277853922008,-13.321927584894535,-12.426175505138023,-12.61630643206058,-13.071787518897343,-13.662604083396698,-15.253869325183233,-13.655904827721223,-15.329097540697314,-16.1787486883401,-12.85545948241013,-12.79753174845203,-14.101783301679163,-13.665685523556554,-14.646509394154611,-14.912617610987558,-14.977259971774775,-16.310023255935974,-17.413351004952546,-19.585421149966788,-19.085441216320266,-18.897018491737096,-17.782810694032705,-17.554120683188483,-19.56035619829386,-18.822070556006356,-17.657939472321,-17.267330921343543,-17.12097885304994,-18.21960137655588,-19.844091440739447,-18.797576995422727,-16.492438108686578,-17.215462253215804
-10.255328750958899,-11.58204260972532,-13.411501316621901,-13.324013455339319,-14.034960856676891,-12.509188924177373,-11.281985095561403,-12.173394013054079,-13.47606743072269,-11.459254996356618,-10.865079514665716,-11.632247668878762,-12.28733009968228,-12.599087515582967,-13.114993927894957,-15.672479671970965,-16.39311502747916,-14.200227742539866,-12.038469179967272,-16.39064714805385,-13.16366749672611,-14.544954208213314,-15.536857874314382,-15.216839048340772,-14.412186265694507,-16.17773542944496,-16.857341187790077,-17.28157795531838,-18.479707891971998,-19.431267761513094,-16.23137072267488,-17.279198966615017,-15.654571390994366,-17.831187139045994,-17.176480912519736,-17.132955887101105,-16.946692992480298,-19.38733857429708,-18.802024768074602,-18.521962251478868,-15.991454086408181,-16.07187708291982
-9.601566432695916,-10.550128996332043,-11.920547573011973,-12.506844511943841,-12.527990495499086,-12.767302402423251,-13.06388270106116,-12.587672594381804,-11.374097831472092,-12.419624621210298,-10.563797509582178,-10.21905543182024,-9.852051381876745,-11.774766823761905,-13.351922257828502,-12.980507183700805,-14.556897450432674,-15.242981319697243,-16.826980776922067,-15.310234623971215,-13.668435777675903,-15.1362432290974,-12.703646382003042,-12.679675291971618,-12.74071322998022,-13.445713875768257,-15.75865266566618,-15.871938449429267,-16.74850814386618,-18.11967241924582,-19.630692582787905,-16.301180604877185,-14.944668731902514,-16.000911189718536,-16.358563034858133,-16.567294186766635,-16.91206057137922,-18.9155968903783,-19.32185637547004,-16.12467879490588,-14.958697935780107,-14.43014813289609
-8.535398486937867,-9.538955657993466,-10.763610921164107,-11.854509371783196,-12.346706252422171,-12.904306796137314,-12.448236954997697,-12.29626208466462,-12.62600864028918,-13.052825975197878,-13.365582373853796,-14.330768535223886,-12.065211713705535,-11.157765563462704,-11.581240170334937,-13.819673743879314,-14.089226078124671,-13.76163534590058,-13.853925244778218,-13.22808094590667,-14.527733527431693,-13.499016808252197,-14.934153299104326,-14.744713249333694,-13.922441127607003,-14.198177602255921,-14.586975141592621,-15.84019309446176,-15.601829090467238,-17.029249260146443,-16.45406371099064,-17.416691857585153,-16.73449537753339,-17.57872854474485,-17.425097563089153,-15.761734364043049,-15.579730331010609,-17.8426310136051,-17.677334396697123,-15.72723500162007,-13.876870135863012,-13.439424612543258
-8.835558138451907,-9.373598429911516,-8.89160642788259,-10.520629944325924,-12.033553966089086,-12.391972385362028,-13.14278244711103,-12.243051982075706,-11.77368173584798,-11.856871731497465,-11.24491563963542,-12.377873488967106,-12.971192421128885,-16.01916990547724,-15.917841363349243,-14.415329581718044,-14.039329549790045,-15.100557929593585,-12.29397530570041,-12.85608900482408,-11.578164680629133,-12.748808972957807,-14.415240848220606,-15.361179700322818,-15.607142978705404,-14.904428320069332,-14.021552723930567,-15.286909407713587,-15.974165786199237,-16.407515284918873,-16.280557441583312,-17.801321222808447,-16.06142040034244,-16.29153747586045,-16.324723500327863,-15.883356231300821,-15.571353585783175,-16.957977664229933,-16.8718336480052,-16.638873768453944,-14.148377071821063,-13.685929980481594
-10.807856550293765,-9.86816314264074,-11.083166768821114,-11.506028768015566,-11.388977881507202,-11.709327811834587,-11.294442016589818,-11.578295542807014,-11.377551702574841,-11.25898637553239,-11.359591285606154,-11.232033903381831,-10.427880598561808,-10.768672272116266,-11.736222213606586,-12.9515897625332,-13.882169374352397,-13.035788911452244,-12.360506750374824,-12.627464463433931,-13.698216043858118,-14.757775701852186,-14.568832261639297,-15.38952621209345,-16.26952359186573,-16.775035774893546,-16.381942081728454,-15.340422093522424,-16.20508723402415,-16.454367521006656,-16.427340224658423,-16.7176254963521,-16.35243008423241,-16.47137522795238,-16.37942012172738,-14.975632505128106,-14.778751700169625,-17.325252200031336,-17.034148636307982,-16.666188177598222,-14.317553895386073,-13.233193961125357
-10.908428925427165,-11.800100112900598,-11.578503903275472,-12.399549942368324,-10.405637654618696,-8.99387490463264,-11.35278068518167,-11.17320524208764,-11.01257774559235,-11.277982130563487,-11.116464582309739,-9.926299178440185,-9.605074282079633,-9.265886833945169,-10.58323350551519,-11.693235650217241,-12.438884887146916,-13.267752339583097,-13.548686510845718,-12.60902100848021,-12.286425889088335,-13.824671546755267,-14.405671172604267,-14.224257717236608,-14.486862342692337,-14.911624917989565,-15.436396835621109,-16.371473395579322,-15.25038915218417,-15.68299166293177,-16.227199428483814,-16.27295381808547,-16.244697985896373,-17.296062225225757,-17.404456568822333,-17.00180783079952,-19.880099616719715,-17.542151136810055,-17.121550287751628,-16.381601181380056,-14.930156992775016,-13.999994076372046
-9.501085091222219,-10.02234997276927,-9.375847593917815,-10.893808706751239,-11.305504513544172,-12.04713055805152,-12.001590129357762,-10.900253385922523,-11.112512643878784,-11.453346467403572,-10.74944845865863,-10.549197238723824,-9.631573140774005,-10.513849965207857,-10.40817829243741,-11.316206414924267,-11.781265621707316,-12.605627403161789,-12.740626323113077,-12.88657395268352,-11.818993272000629,-12.061629456416048,-13.442345445021887,-13.757430372425954,-14.257362002514766,-14.383746638085134,-14.233263742239586,-14.248750469009217,-14.931786364599212,-15.619089392471999,-14.842587086212575,-15.509233277733617,-16.553578704276635,-16.181439366526764,-15.817412590467704,-18.327780111811474,-15.674454454171741,-16.050544414991798,-16.358326504537047,-16.07994723770695,-14.282678602367294,-14.23991152295412
-10.354514650775867,-9.65533733834801,-8.960168159969301,-9.330714782780868,-9.507054280167429,-10.83693472693135,-11.046481889918098,-10.798520822760672,-10.718871574942284,-10.556349354741222,-9.374721577527172,-10.660966667525118,-10.858211572941125,-11.038010748592535,-11.18185263796392,-12.283425459613472,-11.544451714846094,-11.825564606177476,-12.325174028828007,-11.321066319158184,-12.058826113849438,-11.45610280057003,-12.28118435872472,-13.319660424326996,-13.555400183460842,-13.778993136847038,-14.598195891369427,-14.310519560789514,-11.939734536226245,-14.032205431431086,-15.322224647906339,-13.969594921633783,-14.762213554089978,-16.24864998237814,-17.37026527847558,-19.21878687652877,-18.370007860626178,-17.810018947447745,-15.837499640796118,-15.052854119226309,-13.811596096248618,-14.010091959710426
-11.197993569604268,-10.26808494537508,-10.16734610295977,-8.480428269667353,-9.17462186712322,-9.490351484602286,-10.870078901899873,-10.796334063924846,-11.3553539323928,-13.111562858118376,-14.279675321110398,-11.827603166822227,-11.19684439453471,-11.37311894430639,-11.489869174481633,-11.861379161093868,-11.610412737053602,-12.314868463667228,-12.061473319610883,-11.762308391022698,-12.005232427190572,-11.290288447795943,-11.250751160907345,-12.549443021659034,-14.316906780056236,-14.19187335865583,-12.534580979071421,-13.953974576701544,-16.933448637810425,-16.25562003136344,-16.40931645581702,-16.0818563821937,-16.03326310959831,-16.317294292373656,-16.165521889581388,-16.379248979209763,-16.88293239067187,-16.56065781502489,-16.500440575415574,-15.16649424506537,-13.816795325621007,-14.30648036775395
-12.261284965641174,-12.03257106865538,-12.114648201418483,-11.284081565852148,-9.62725601755128,-8.503459753302641,-8.698567042661011,-10.421638319753997,-10.589824465012303,-10.442753201854284,-11.690244329689799,-12.071467442190306,-11.370265926779648,-11.128358337401913,-11.156322486595766,-11.622250229222358,-11.183139688763193,-12.81130183811185,-12.18389794654624,-12.116784221324076,-12.862972357947559,-12.56990053476804,-12.22298253497737,-11.868648476079887,-12.393286683012137,-13.38769384318297,-13.806212801725,-13.736918415940044,-14.452197058789386,-14.378341632339925,-15.441015122193598,-15.791508094688528,-17.42590005860797,-17.80182184612337,-17.37729288413431,-14.787658820533883,-16.227557386932524,-16.231628107744505,-14.067602222416674,-15.652230594272309,-14.828385632775845,-14.99408976784071
-12.181897732492896,-12.23467242752466,-12.238251187617722,-11.55810318191893,-9.97101493282992,-9.609105220237376,-8.244953984094517,-7.695517709835172,-9.307469839711985,-11.424620464921881,-12.137297263462386,-10.69308458454658,-11.209616645759658,-11.382425768298928,-11.692516915945092,-14.170601454941096,-13.889896026452003,-13.727109403811959,-14.528639622194406,-14.03012021755792,-14.139661502621218,-12.308151141338419,-11.51543253658237,-11.196897091029534,-12.592420966833368,-13.845319947557606,-13.56276508833499,-13.760724729601092,-14.114443596871785,-15.216878165665538,-14.960809009965383,-14.869362092332207,-15.955187167218538,-15.854141016399238,-16.720454674901333,-16.78075978243504,-15.84688864686122,-13.594911683646917,-14.117277935365617,-15.231118404897002,-14.38249134227681,-13.628094015958196
-12.09987662547525,-12.123440222156127,-12.416948990023274,-11.718745801987524,-11.615325206880094,-10.530428696426013,-9.919923639072103,-9.123133947587375,-9.882412170314664,-10.172246487170016,-11.391961267323722,-14.149448095849678,-13.31352293271149,-12.84224635760987,-16.257760154440074,-15.351588223785399,-14.893277224029577,-14.893376848459457,-14.740115411613093,-15.951611268181768,-14.386522268071001,-14.122733601506184,-12.43549119276826,-13.53190308096721,-13.248140526167456,-13.02015663922721,-12.59006893844987,-13.308860742627804,-13.816160402748825,-14.427272635127302,-15.621127897517919,-15.421086727293991,-15.247863138949667,-17.073298068820876,-16.171062199911923,-16.53436147320414,-17.40715835249342,-15.738997430599168,-17.23933710197889,-13.376053210589427,-11.86087619177575,-12.255500681857663
-13.078239241274288,-13.066341039991034,-12.387560458337061,-12.718544878928885,-12.254058584401788,-11.937709786475219,-11.445362754327157,-11.401130994961745,-10.698443337474181,-10.591643751234248,-13.045765391232177,-12.626935283925592,-13.915840337137652,-16.168885739954366,-15.439525236174084,-15.117013383447025,-14.916683049576255,-16.185905426951088,-15.716048874986551,-15.614700177456875,-14.717354155932831,-11.900426167398887,-11.756859139945664,-12.903029706998435,-12.880497110522885,-12.410276885880872,-12.178221846375695,-13.367787406343773,-13.309674731837614,-13.416901058821749,-14.867941399924868,-16.11212015311995,-16.680554107864133,-16.04701387296222,-15.553367940436877,-15.941146246445392,-16.300008386430644,-17.063027399870563,-15.858115024280693,-16.3413401361567,-16.56590204509538,-15.009544848577356
