public/json/wind_2018-09-1607_700.json
{"header": { "discipline": 10, "disciplineName": "Oceanographic_products", "center": 0, "centerName": "Ocean Modeling and Observation Laboratory", "refTime": "2018-09-16T07:00:00.000Z", "significanceOfRT": 0, "significanceOfRTName": "Analysis", "parameterCategory": 0, "parameterCategoryName": "Currents", "parameterNumber": 2, "parameterNumberName": "U-component_of_wind", "parameterUnit": "m.s-1", "forecastTime": 0, "surface1Type": 160, "surface1TypeName": "Depth below sea level", "surface1Value": 15, "numberPoints": 4800, "shape": 0, "shapeName": "Earth spherical with radius = 6,367,470 m", "scanMode": 0, "nx": 80, "ny": 60, "lo1": 109.0, "la1": 20.0, "lo2": 116.89999999999955, "la2": 14.520000000000117, "dx": 0.09999999999999432, "dy": -0.10000000000000142 }, "data":
[rows 19 to 37 of 60, columns 0 to 41 of 80]
-7.475915767805354,-8.272619264347052,-11.227895408411122,-11.313438858895916,-11.376027986732366,-10.753783970512531,-11.218818263704046,-11.379149863181732,-10.922978121630273,-11.055575837789815,-11.556454945309007,-12.334693428258182,-11.7413725685876,-12.31316864332037,-15.230097389222763,-14.548560477727934,-15.234527997980017,-16.707147066849124,-19.027948384858636,-19.949900288451563,-22.117469543049378,-22.846028611769363,-24.541769391301877,-26.27953237767829,-27.364889556905545,-27.53720853816684,-26.164253878233833,-31.107688782010246,-32.38120186414999,-32.94169899325726,-32.33294955409746,-28.070798562937938,-24.419994292389223,-22.347581033981182,-22.917939990441774,-28.196388915525283,-20.973909243746753,-17.69800700998801,-18.380093497500834,-13.40162689504194,-12.385395836029588,-12.977240517470939
-9.119378662477086,-11.192945147065275,-10.547151634162795,-11.512791505651395,-12.226181238419057,-12.299346465538521,-10.697196321361854,-11.528914347437675,-11.069605721366763,-11.428067215604463,-12.030759366361695,-11.118155792944158,-13.41016165037111,-14.474501889812538,-14.423784639363861,-15.945623507654457,-17.98795115914823,-18.65159685685833,-19.28652196442046,-21.154454865526727,-23.502211839770318,-24.43323885347688,-23.51435974824171,-25.658830292635873,-28.585589396012267,-28.949193762145658,-30.9044566310531,-33.35752389746514,-33.65354521687557,-34.59809607513957,-33.263391167592616,-30.029707201158,-27.996227878349536,-27.667351122042533,-29.00755560678484,-36.60711308421148,-33.72604849551947,-28.493451831307603,-22.84707722269895,-19.495251707255633,-17.02590923665293,-20.32077970410024
-10.285721721699375,-10.547695027371592,-12.69613212104473,-12.02790261523116,-12.211970415717907,-12.709035157561521,-12.608627751094286,-12.184807737915278,-12.549387409680053,-13.04748873037555,-11.772167273457477,-12.233037849278409,-12.501469502700042,-13.967643544210858,-15.612154244985856,-17.14780184667515,-18.27562508627619,-19.897428673882803,-21.263049997171024,-21.762425191402336,-23.64095893289041,-25.072240225667215,-25.407143324203016,-27.539570190369666,-31.856276378406253,-31.058662543363198,-31.03872974758692,-34.35246663319033,-35.20388449598638,-34.91364994699573,-35.048949709998965,-32.2260971429844,-31.667913697934736,-29.377835559383023,-35.10031007473154,-39.50067991649265,-34.15615694803334,-37.82242357288217,-29.479905461057395,-24.59846306455695,-21.850443832976982,-24.561830603857878
-11.532644047327395,-12.175813169113816,-12.504775752592682,-13.09880355512543,-12.31723967475659,-12.048318662390388,-12.581611539513782,-14.425285645480347,-13.240235956392201,-13.553095957315248,-13.639373963699626,-14.043912130069327,-14.01250751436148,-16.261440906927,-16.481966511220467,-18.482032264925337,-19.232242333455353,-21.245663395392505,-22.85543811241547,-24.332857466459714,-26.39378965836716,-27.758902289601934,-27.65218731514165,-27.93156234980218,-30.983445753032715,-32.146673847872066,-32.87536226016418,-34.00400497797928,-34.53257576165337,-36.226521005315476,-36.7000450100347,-35.378291644602704,-32.832566650624614,-33.274375202383176,-42.156182303068576,-42.11254069329014,-37.98878843797149,-34.67709704839567,-42.768342454510815,-31.26902139773609,-28.39546240666726,-27.599027281058383
-12.301602736275159,-12.636486206371176,-13.666901549961255,-13.210521884412797,-13.040969176999564,-12.570712575849248,-14.068973943043119,-14.217541056523816,-14.225113112069788,-14.903229399417581,-15.395291552751363,-15.826666254006152,-15.494257684490858,-16.113802871773608,-18.17398197991355,-19.539749910959873,-19.271524223315627,-24.49908344730607,-24.672921895685263,-25.276523846119705,-28.091884651304927,-28.66381432120147,-29.882038500562984,-30.95926376407843,-31.843712030132355,-35.77702540571652,-31.151479556037348,-33.16615586029798,-36.20364581765192,-38.175911533418734,-40.053117744372635,-39.73610873633377,-34.47916344553667,-39.459609419497376,-40.086320312636225,-42.574976536133846,-41.147281299744755,-43.59831707806872,-38.653339953513075,-35.65214896508487,-34.11278746634029,-34.89888379792703
-12.934503809621654,-13.594442218388512,-14.684651089644998,-13.760356669636595,-14.185781423741304,-14.934749611407263,-14.32756032386604,-13.882589904474736,-15.209321093003183,-17.816055136409652,-16.971438330584128,-16.350890562961766,-17.686010564738403,-17.961913924929174,-18.25851240740558,-19.229822604467927,-21.381667105196986,-22.276208174361976,-24.549420826162525,-25.363727199145544,-28.723793911606823,-30.21495686673959,-31.100503969314037,-32.85453855454902,-34.40843845769086,-35.453971779349985,-34.405584719825356,-33.70720196528303,-34.29712596069335,-38.080145961405854,-41.04598550533557,-41.51515798282919,-42.77554828583709,-38.3319492547339,-40.48207716512699,-44.14810708904057,-46.99510378743359,-46.81506084729241,-42.34098959541507,-40.66687321566725,-42.93831594976605,-36.44618580097086
-14.102084866371055,-15.045113478557733,-15.291751211996615,-15.713526208954363,-15.328991627696402,-14.073417602363401,-15.284099304053207,-15.4075630190029,-16.680404547842784,-17.79888534347393,-18.23068628571978,-17.776097512669615,-17.96910385697589,-18.567282435347895,-19.44891262215346,-21.648378904560282,-22.013954882512586,-21.970389602331576,-23.70880363327,-27.352563022633788,-29.872249366960602,-31.22688183976996,-31.91271562239625,-33.279435469365964,-34.41459447261237,-36.060336798928226,-37.73708848695335,-34.59105092610237,-35.965523708038916,-38.08573208745988,-42.047797993311285,-42.839198102308515,-42.44445842788735,-40.75815382151467,-41.05631366124294,-43.8700203853754,-47.30685160264381,-49.34911766685964,-50.89183768017206,-48.709679540384144,-44.64124614515536,-43.820518763024275
-15.613180555728581,-16.172884443159848,-16.342702932677632,-16.22606276651915,-15.390582732990126,-15.928614265888523,-17.523258537185374,-16.63473696251025,-16.734088830562325,-15.845746576465157,-16.951976354752933,-19.492360002412337,-19.12768997383467,-19.00893535166781,-19.77347036628305,-22.093018680515744,-22.66884968029378,-23.028846393603754,-26.530744887017086,-27.831505975443545,-28.177877489677062,-32.712946455675,-32.764979834724095,-33.359634812319186,-34.48121601944978,-36.9041455372348,-38.48879733700163,-37.30563938529054,-39.285558380136706,-39.2181250796961,-40.799275450961424,-42.563014962431396,-41.94106066976064,-41.57117344682656,-45.06870110048632,-44.21004596730977,-46.90544934931694,-49.770124329709176,-49.5156988730991,-52.01371699379324,-48.89336349276057,-47.89556476281666
-16.971155896045747,-17.320500996890207,-16.59842717727041,-16.092312205348815,-16.01064442195345,-17.81053064836935,-17.705157900678632,-18.077819894458436,-18.665358335007063,-18.251396940888924,-16.561011964553934,-15.631062283588674,-17.612170604468506,-19.604386912301496,-20.886974729098863,-22.534063906327045,-24.334408627839696,-25.64132768817028,-27.463275412712534,-27.72894327390141,-29.167775868606164,-31.550279012249113,-32.793582309075575,-33.93108233682346,-35.54459281898046,-38.512693509133484,-38.84887266158776,-40.470146176225555,-40.9351102349571,-41.3177079434499,-39.38708642788363,-42.64979274900074,-43.107793792786275,-42.41241594947166,-43.38531139905375,-46.569537167208765,-48.97513401935219,-47.44566848104279,-48.27602072775328,-47.78181591963316,-50.35381413802616,-52.14576413958405
-18.101607043824572,-17.855788072698925,-17.198782840046384,-15.938082564550484,-17.675980625826686,-17.846425305486605,-17.483854285769336,-18.067415912692454,-19.45679798888661,-19.49507451953433,-18.92435967112333,-18.98294374107015,-19.568468340764706,-21.320372928270366,-22.150247915631557,-23.635606671148167,-24.44523390959438,-25.4301460109083,-27.983246916143035,-29.008465673181185,-29.35770542770455,-31.209295622562898,-32.827804484164616,-35.502224953173425,-37.29163743596514,-39.68978073267573,-40.15886470969048,-40.43041115320288,-41.631563483373604,-41.31406299492773,-43.02849649425703,-39.35456222639028,-42.47368140001454,-42.7994861527842,-44.443771005460164,-47.180030454252986,-46.13413440815647,-47.499574897135886,-47.512880738077556,-48.50376114391334,-48.02991666648388,-48.261497303431625
-17.68911133748193,-18.034722152041294,-18.08427249850297,-18.5635877238009,-18.21491433447639,-17.128114957053107,-16.986690714197803,-18.68462661189087,-19.82096269294667,-20.253889300534407,-19.5046489778329,-19.798746862743883,-21.12997203887715,-22.314641013579383,-21.926421010476577,-23.402298537093497,-24.87607653483085,-26.263002631876624,-26.138800632926284,-28.19949603472014,-28.54241661553421,-30.731629196916526,-33.35252829216059,-33.75834107408713,-37.14561780017938,-39.17492226889809,-39.99667785996217,-40.53144862453282,-41.065054679350695,-41.86904463719956,-40.58354504772296,-42.449335054567946,-41.31101222944126,-43.39948833121312,-44.47591979716042,-47.63713464908507,-47.52605367026341,-50.121892873896115,-50.15254566704797,-48.44983103595668,-47.20763863217665,-47.69748633392137
-17.96500114933932,-17.595054370689432,-17.696399466509348,-18.757526318285667,-17.296180999550923,-16.9917086264864,-17.984867566669347,-19.55452383586686,-20.36187186383558,-20.411914877245835,-19.375261783437647,-20.01767108339012,-21.31281579124896,-22.40761213322505,-22.652750845932268,-23.73900020572069,-24.37271211400904,-26.141659101838883,-27.112895880265174,-27.339837637443537,-27.916735476047627,-30.00480546799351,-30.469079854488548,-35.657854283521246,-38.369952713729575,-38.24792661807663,-40.37641879912252,-39.697066650613166,-40.65352475719347,-41.841476504276386,-43.294027268004314,-45.320486301259606,-43.98853357468081,-42.10241051702444,-44.57437775683061,-46.14441051326039,-50.58225705279655,-51.68998447194922,-48.29803773470322,-49.715827607121696,-49.375737357697645,-50.824693713246205
-18.161141342540063,-17.796192679560722,-17.873397633524466,-17.635943185505297,-17.77572679279793,-19.420928452621666,-19.848452480491794,-20.486553811550785,-21.110841415901916,-20.91230007828896,-19.88419596574287,-20.151966691765058,-21.45164705183581,-22.673577351101798,-23.187469669363388,-23.770500921187796,-24.6808087367435,-25.879222721839277,-27.252627146443878,-27.072028797255598,-28.839585290104846,-28.489639467912696,-29.511604383204165,-34.59242934500848,-37.83133477536167,-39.24942868268931,-40.079506045379404,-39.4094156875341,-42.88950706698036,-39.99604225687878,-42.99418332571737,-43.79378457836472,-44.158327239118925,-45.77802494221551,-46.46959236742908,-46.67906059420041,-51.73647864215336,-50.829068719459514,-50.67274982915014,-47.473582981231395,-48.191542811124776,-49.5248169938728
-18.874073247985923,-18.08161674844393,-17.053198259322947,-17.07502646127028,-18.514894843008573,-19.45432070166291,-20.706477651739117,-21.21431871834257,-21.829577190096963,-21.30465434956793,-20.170507869366293,-20.592036840229238,-21.084317813480155,-21.30272556615735,-23.036786177374896,-23.346518576556754,-24.680941773297153,-25.675221908666938,-26.54180261829569,-26.798070386298342,-29.25007673759163,-28.954671496174004,-29.133581835752768,-31.57649251717579,-36.42657853475387,-38.92843341513585,-38.72521084840226,-39.72086651010283,-41.60134958996684,-42.43405079554402,-41.12214192036111,-38.43775515782061,-45.09846322611862,-45.17559361833902,-47.64965025405442,-46.45631895863708,-47.64744415887913,-48.92983434246142,-50.08171127580393,-49.02607736824102,-47.342832576061454,-41.22314452293736
-18.541671085758946,-17.352961683766075,-18.29273929827534,-18.16613199583755,-19.88707591024176,-20.06653898812908,-21.48854970464603,-22.87096640620558,-22.781621763281276,-21.934914253139933,-21.66645745674059,-20.160419153123183,-19.831999497343404,-20.305178211985528,-21.740961716032736,-23.183535770289417,-24.35728965823612,-25.056062402881704,-25.238361329806636,-26.29399105098424,-26.700538333705687,-26.35367939853596,-27.978728921659005,-32.7032978847762,-37.00083191625406,-37.284409250168956,-38.03969978927531,-39.0222925877121,-35.91088075692883,-42.152864638321844,-41.98011810776043,-40.30025708927781,-42.29791671674343,-45.786268101696415,-46.10930887434928,-46.521974800334235,-46.95195290618199,-47.12552499115784,-48.52366923460567,-44.040792456484276,-43.974914517495364,-43.19955374374981
-18.876125597500845,-18.627715161991524,-18.512684320283213,-19.780264545085014,-20.89952673754678,-20.826521478164185,-21.528302064557206,-22.089726775551952,-22.770999144300845,-22.340737736066487,-21.850466514116153,-20.214783552458147,-19.29634044038933,-19.997188600070135,-21.04503407347793,-22.210698802386705,-23.45516522960589,-24.352230857573502,-24.316097708997514,-25.271390731050186,-25.8924959742938,-26.923646568889332,-30.57483595494539,-34.81130874363884,-35.87976683214133,-37.715795333843964,-36.83804340283046,-36.833098647636334,-36.45511943551028,-43.26788214198996,-42.803854692853214,-41.098414679357376,-42.30807750265993,-45.30900761157848,-44.53763954982239,-46.09742145470881,-45.07497474831867,-46.85376119714929,-47.159632848729714,-43.861885300899004,-44.36887619541492,-42.468192211416216
-18.38152525092162,-19.03839452018117,-18.71341262510996,-19.422915031403456,-19.68678243456368,-20.42091770127392,-21.74089424445443,-22.13633087187514,-21.251350927209135,-21.704375599033938,-21.59160624834009,-20.11552003128228,-19.371502564450964,-19.847634169023664,-20.666442336540722,-22.045276084651412,-22.932691313138335,-23.204285130523772,-23.890391510849568,-25.88602853534032,-27.2521921384079,-28.47723249763782,-32.18841510508321,-35.90595298955998,-36.03632609579893,-35.75162718626463,-35.33236531492063,-37.65900584792746,-38.77955404028158,-40.96786443634843,-41.80099935776982,-40.511594082177076,-41.913220605716155,-43.23767049225223,-43.592389036021856,-44.73688872385578,-44.77671308314845,-44.204142319589124,-45.69247095154519,-43.8573537950662,-43.40775536328135,-43.2138425795004
-17.64054859406861,-18.151314925940156,-19.123427123336995,-18.34751588684945,-19.077498943191813,-19.256415645529366,-19.495491435230043,-17.8910385743353,-18.19548144141027,-21.894099221125156,-21.058526972958838,-19.905257895267447,-20.407273823190188,-20.228878284170417,-21.65302700571717,-20.048726203772414,-20.586456702704357,-22.173205819325823,-23.85799889890791,-26.660099051247137,-26.449735314861186,-27.580203118475257,-32.209573494225126,-36.71411559796006,-36.76973996836363,-37.15531920173447,-36.839516782439674,-38.191750233565884,-38.47479256145208,-39.84400568495562,-40.68126307160144,-38.99713416210153,-39.95944185848162,-40.993455908013416,-43.0908075080536,-44.38492132529328,-43.769284635769566,-43.85521927597894,-40.825245822868155,-43.002999799655065,-44.87729472682083,-45.163784107838595
-16.7122563616088,-18.483273299573042,-19.143140097533646,-19.160016525432393,-19.264614832598827,-18.690055645696106,-17.964591904317615,-19.791159382224524,-19.697009159595158,-20.87978742502942,-21.706784686613446,-20.97568968317825,-21.205843696607808,-22.14038274130529,-20.686373046196117,-20.202096230422736,-20.990428848985232,-21.982938276190318,-23.60754710890715,-26.31036547729801,-26.816958741600537,-28.43591810941423,-32.0351209646407,-34.51746026352332,-36.30771625927524,-36.94492685916679,-37.763755927237085,-37.70948433287988,-37.682023657051914,-38.510869066440904,-40.30814623688589,-37.97932775929227,-38.14405149194626,-39.59618197560337,-40.94905773739258,-42.506753583035554,-43.13313183127892,-44.23725161712633,-41.42588398287286,-42.5250702675729,-44.437682010104986,-44.596111771735224
