public/json/wind_2018-09-1515_950.json
{"header": { "discipline": 10, "disciplineName": "Oceanographic_products", "center": 0, "centerName": "Ocean Modeling and Observation Laboratory", "refTime": "2018-09-15T15:00:00.000Z", "significanceOfRT": 0, "significanceOfRTName": "Analysis", "parameterCategory": 0, "parameterCategoryName": "Currents", "parameterNumber": 3, "parameterNumberName": "V-component_of_wind", "parameterUnit": "m.s-1", "forecastTime": 0, "surface1Type": 160, "surface1TypeName": "Depth below sea level", "surface1Value": 15, "numberPoints": 4800, "shape": 0, "shapeName": "Earth spherical with radius = 6,367,470 m", "scanMode": 0, "nx": 80, "ny": 60, "lo1": 109.0, "la1": 20.0, "lo2": 116.89999999999955, "la2": 14.520000000000117, "dx": 0.09999999999999432, "dy": -0.10000000000000142 }, "data":
[rows 22 to 43 of 60, columns 0 to 47 of 80]
-16.994724885761258,-15.839765068272197,-14.337823612660914,-15.964787234211594,-15.339598335529658,-15.185084456717496,-12.422495532790075,null,-14.064572669197961,-17.896075337497898,-12.386705921947161,-10.410539039134004,-14.29849775473371,-13.298278549242946,-13.2099332737291,-18.02720644192392,-16.307424392593642,-16.213507215117417,-15.894949262659148,-14.794432960417591,-11.611519702645829,null,null,null,null,null,-14.242859948639662,-16.065281962315368,-15.561249231013859,-13.076938810789537,-7.418030518761852,null,-14.434626764724136,-14.868869971833623,-13.583249675221605,-13.362659438440442,-15.74977500074134,-15.459685453455933,-11.99559354684091,-13.030142218058156,-15.814600940394396,-16.8495133707,-17.449140937026197,-18.9224743158382,-18.796001993116718,-17.44525876269206,-15.2578037214065,-13.98282588952006
-14.323913683922331,-16.510816775646894,-15.456320814801284,-15.129918913913958,-13.235728111320913,-14.682888512656877,null,-7.971958166373492,-15.867793025231268,-17.429453320327045,-14.997334001839977,-15.114993431044294,-12.134039955143347,-15.870418205116113,-15.292514475737061,-14.699809498958924,-14.22690445742818,-16.834406768159546,null,-15.809525326025678,-12.176439825733814,-5.917673007252843,null,null,null,null,null,-14.09581409950793,-15.675973653566928,-14.658338168595149,-9.871366016112201,null,-10.89409228272931,-16.51574427540109,-13.693840842654836,-12.560711253853572,-14.730933449169896,-15.37711069833944,-15.898474675689108,-13.377664613234064,-15.392118552564915,-16.61738752026642,-17.75882034957333,-19.966870077613432,-18.44097083497215,-18.896281414136833,-15.229455836907851,-13.658167384927767
-16.66747093176736,-15.97157746324082,-15.500966524393093,-15.111395575541483,-15.302642710317148,-9.74241181928323,-11.372853594138716,-9.736054426164378,-15.050468502458449,null,-14.967982901242628,-15.612374519677802,-15.505828400859874,-15.360701205158147,-15.757843225475359,-15.079143854275692,null,null,-12.709862817185916,-14.169442484289942,-12.806133105496343,null,null,null,null,-6.0085787749989725,-5.957441828232024,null,-13.376694714928172,-14.811199236445193,-12.16039420316345,-8.81440681812039,null,null,-15.488280618880543,-12.393819876862773,-12.545383910941606,-15.156393565845784,-15.526955632687404,-15.30026205153059,-15.334574306543104,-16.629474806166314,-18.14941916728782,-19.576771770574105,-18.733551335048155,-17.346384872013246,-16.47545423553005,-14.77588940298905
-17.156884056536946,-16.942823605588703,-15.860079981488784,-14.174314767075987,-13.528141671553241,-13.375708100137818,-13.663896963099067,-9.450337154890583,-11.819045899248529,-12.027612474812305,-16.752547046822553,-15.884894085960502,-15.51131123803624,-15.969594379327573,-16.876798507320828,-14.103724552511611,null,-14.871443784886578,-16.13775307321237,null,-12.513968420745632,null,null,null,-11.431987497543723,-6.608558747695317,-8.063168999776137,-8.488346966351944,-12.300312443316653,-13.424012290663182,-13.72162365879578,-10.84205726380761,-8.320529457918875,-12.657242544867572,-17.531835687064834,-14.99533289568859,-12.947365434705048,null,-14.668359801718543,-15.774116526018645,-15.347902483393222,-16.98367494594745,-18.129332339551688,-18.95318850018622,-18.526670181707388,-17.83148417185236,-15.569320210422578,-14.845926809439579
-17.133416756039313,-17.897582931329833,-16.60441127715652,-13.414592628361998,-13.304740127393949,-12.357314369118814,-12.737304032290524,-9.323262724343575,-11.483714805499996,-14.521483676766145,-17.112148287241602,-16.027384675510348,-16.471275775479846,-16.88725392017749,-15.884463232347896,-15.405878771948979,-12.34477061094412,-14.017499073120923,null,null,-13.131333786805083,null,-9.586360059421988,-10.472393779312927,-11.315832596403094,-7.553985549439263,-8.473920721060255,-9.144174603221813,-12.567268543855299,-12.21776657823228,null,-13.49891193623983,-12.824980692946578,-12.130320906620089,-16.071447142347047,-18.553310675788282,-14.182948511135027,-12.275634104938566,null,-14.036405112069456,-15.458008425558894,-16.90249632283627,-19.505490371825115,-19.654131678397256,-18.73849294038891,-18.14530625318284,-15.775708744980573,-15.814205653336188
-17.459947099165475,-17.530967196944367,-16.54908893815146,-14.290939718872337,-12.60738808609349,-11.976128944176496,-10.941056857579474,-12.071970181448986,-10.622605514683894,-11.234318684123961,-13.551442881955602,-15.726884841225313,null,-17.898837133680132,-17.161629854936805,-16.696325952874403,-14.116031482220434,-12.492438087582508,-11.752937357672032,-13.58318525803252,null,-11.787831973424828,-7.69305190733702,-12.490337756383418,-11.548243083980863,-12.566056113642095,-11.555807786393459,-12.45128251402672,-11.403726636307777,-13.456380692112713,-12.648672499286413,-12.26789870339912,-14.478654714671528,-12.654284971117876,-12.215489225599589,-17.21355643565076,-18.388070822773063,-16.360699006579722,-12.738868019774177,-16.83708874291004,-16.717350004095447,-14.927566736495308,-15.163787389137655,-18.8139979666932,-19.815434417510083,-17.77543572641943,-17.046761157330486,-16.002944102110177
-17.07018758519537,-16.81200433401642,-16.525267604275324,-14.77340278400808,-13.389894824518027,-12.196739181132928,-10.692090544522419,-11.846377443541504,-11.807523960007767,-11.409036373256711,-14.438084333472727,-14.864054879397154,null,null,null,-16.568201705130903,-15.923435059763621,null,-15.555946001074995,-14.144401546191578,-16.142455861530927,-14.458228347644862,-13.318765025683415,-11.351592196763715,-10.266180768450287,-12.301279746817976,-16.026622016927735,-14.642481748454205,-12.343385044749699,-11.234993235572901,-14.330966468752148,-10.90611358965415,-14.513652752014192,-14.355768281774116,-13.523544855628518,-14.225260968077668,-16.44778138459494,-17.65145965377876,-16.34529341104693,-17.138826413084768,-17.680153947327096,-16.6833563281345,-15.265433206761967,-14.100356968106482,-16.729310519202727,-17.03617053066044,-17.325422259333664,-15.93283967070851
-16.58302837594704,-17.16476974388807,-14.75284263666381,-11.573734583353579,-14.36447548260887,-11.859431898281866,-9.611342286641566,-12.631808366860481,-12.324136151414708,-12.886774878733094,-13.319524554296564,-15.57576414983357,-15.478222407554377,-10.471790987374602,-12.53406053719618,-15.555468777809775,-15.73881552050176,-15.529909859311601,-13.744281150900235,-15.853363388099439,-13.332462136472836,null,-15.501839589307796,-9.644861382567269,null,-7.680399283683175,-9.092303456233152,-15.354498350655893,-11.771103056547803,-13.559273596588056,-11.489321006476604,-11.869553349468733,-11.039232759456048,-15.642177995908941,-15.414406408152603,-13.325763188498206,-16.078523399708654,-15.625027221988825,-17.263070088651727,-18.940215492492605,-19.32907853319533,-18.52233495270069,-15.715010515650276,-14.519764072476434,-14.582483067902464,-15.841551127874354,-15.487663564381997,-16.524084588679557
-15.849982248214259,-14.666215372206548,-13.077721360643112,-12.015613165543979,-14.324731866701576,-10.575868557558776,-10.2997366821743,-13.147425799282981,-11.574955382120907,-12.332171443156742,-13.233432714148952,-13.674757016160033,-15.502153246940903,-17.403145716447533,-17.91136733681023,-16.742264122946704,-15.829994366848371,-15.676773746161327,-15.405220002661812,-14.66994912652358,-17.06971282712199,-14.167257589492609,null,-13.471644566169122,-11.618617253777053,-9.748003128791632,-11.382075864878964,-12.031495372667491,-10.777363688575239,-12.17276891839116,-12.695422092935322,-11.760873651701036,-10.49071435858363,-10.428158352045148,-12.556261677345,-15.468489898204542,null,-13.980662951719053,-15.513462863764772,-18.549599190742505,-20.888410825441795,-19.54734373074545,-17.94599168195746,-14.196087999703062,-15.081762488354578,-15.22251714324299,-14.655838193971611,-14.12375689493764
-16.372230539192664,-15.84755263454176,-13.487461382971915,-12.79331711242806,-14.118620707306382,null,-10.029884220293935,-11.348371215987296,-12.853467707662604,-11.452808558149448,-12.291905822010673,-13.811153742559835,-13.380734682137286,-16.55504521928792,-16.281391672607526,-17.024994710030082,-15.634991742575817,-15.43192919925035,-15.116737864634842,-13.77002137699677,-13.659514197791463,-15.448696757387175,-15.835379373958961,-13.590551314859074,-12.015349310154635,-8.658058667698855,-10.604677673519856,-12.795982197122347,-11.2329489858856,-10.103293927236404,null,-11.5211797287885,-12.49980733192776,-12.793606165190452,-13.743748034425355,null,-13.191933740379282,-14.164963044527202,-15.756590991799868,-17.647332987034144,-19.116113467654426,-20.69076208400477,-19.236643949075727,-16.419978789916158,-14.673966539027425,-15.383444377379426,-14.81692839217536,-14.144117485324095
-17.51152150158013,-16.77494978931497,-14.555739250264361,-12.5758669391605,-14.428520441813605,-11.97017042844899,-8.688785072088773,-10.314625353539126,-11.58124440271,-12.713974173558972,-13.129867889827535,-14.057515984921173,-13.557929271817967,-14.01222936718614,-16.9040106102174,-16.567197638912905,-15.981685792246848,-15.309724331977813,-15.092987873006749,-13.934837865602802,-13.612481929020479,-15.828116309001167,-16.2638105700129,-14.978493556220597,-14.969782369637434,-11.911912213484843,-8.169651093314002,-11.536315016690994,-13.189273478513508,-12.256243724118566,-10.114883438067086,-11.603159685437847,-12.516857970132264,-13.043957438402636,-13.624359277130415,null,-10.877273933614532,-13.69103981017514,-15.82997353511817,-16.4157308165381,-18.320401008504156,-19.02928208363558,-19.64039640025946,-18.259445411661293,-14.288672552138424,-13.32854992260622,-13.297890918175534,-15.19727170613917
-17.46256159654444,-17.177042427838387,-15.421988046099866,-12.430753220202424,-13.708149498613736,-12.722041748551195,-11.40099033814145,-5.335648993392894,-9.884556754073788,-6.495280718558631,null,-12.80062052754409,-13.856285218980576,-14.91953463453768,-16.86268670780892,-17.067538609238923,-15.95538688367952,-14.658010363898036,-13.969658352124792,-15.545136978840425,-15.04774008987035,-15.719093914965518,-15.167995636001788,-16.50935253803255,-14.321961465844236,-14.050446920198745,-11.908193517300337,-8.559745884047032,null,null,-8.911141713279429,-11.887128154051583,null,-14.82746490482154,-12.759224579723824,-13.685381472176013,-14.745520022419575,-15.011747192419877,-15.106308900061647,-16.227377180809274,-19.091950998746825,-17.925695532254522,-20.0942396571899,-18.519500097170805,-17.414910579562285,-12.962828674381964,-15.793773539997606,-14.733223419721064
-17.032715850625472,-17.222298685596527,-15.922190433429423,-12.695313726201153,-12.672947786557389,-12.71790275167671,-12.46761692136996,-9.193618208656932,-9.983623473950692,null,null,-12.839820124419028,-13.3062206051118,-14.842390664549473,-16.576895812807102,-17.393897081830225,-17.191732494045926,-15.265515770755764,-15.103707378361428,-14.975042512594372,-15.611356739536607,-14.629636863189196,-15.246933577624137,-16.682320606189457,-15.875608255166066,-14.814111396295512,-13.739094986842598,null,-10.617448918697175,null,null,-11.892928133596742,null,null,-12.035730696350715,-13.732137078489668,-13.612147275826882,-17.562321647445,-16.765834974153655,-17.738698335756695,-16.676763402213325,-18.003348958142823,-19.622751633719325,-20.433696762950643,-17.824870056207388,-15.629303212479774,-13.259985632384772,-13.8030564355274
-16.310164546704264,-16.02701362249752,-15.9648392378847,-13.48802745935339,-11.335402729298739,-13.000515932548284,-13.111736681992546,-13.221235852473917,-6.542144829484926,null,-4.215839538170385,-14.46912323915711,-13.453933115347164,-14.152882901696366,-15.4063324458522,-15.482659072108994,-17.45088010119332,-16.653243947243695,-13.967184631360634,-12.067282499788258,-16.209331664795197,-15.379632536702202,-15.764101522914904,-17.68368196329578,-16.909274023820032,-14.377620245792377,-13.680464804057529,-12.794643856866374,-12.825424082497094,-7.922806261505119,-10.75911854747541,-8.671290005613294,-9.142688832290872,-11.114653504794987,-12.304521393396282,-9.541143770697099,-12.731843954966038,-14.866275781057219,-18.651924248214616,-18.388360159323913,-17.672349504857923,-18.111312586767472,-16.775003749280476,-18.24415156801315,-16.149747554154207,-15.795870255518587,-15.499182483398936,-15.776468900957486
-15.518187059022,-16.528234773544256,-15.778793569202806,-14.860377014056544,-11.68755348076036,-13.115943402314219,-12.776111144655692,-13.971138879925057,-11.617839501830884,null,-10.036830886312089,-10.82553637215539,-8.746335238583173,-16.05053603592613,null,-13.272294535996274,-15.373846828815113,-16.239556182689796,-14.712177000514432,null,-13.857039275983686,-12.519286725288609,null,-16.454103347475343,-16.815657178342406,-15.627583068611067,-13.610780584489852,-11.640591523888999,-11.423525673055682,-12.566975138002302,-10.545616303070823,-10.711638043485996,-8.101146067304088,-9.589504948239442,-11.458697553459038,-10.477245409630614,-12.501325707701675,null,null,-17.07417264312427,-18.61036075515641,-17.753224818166213,-17.870486066917856,-17.36525260781765,-18.007717911872305,-14.481260621229008,-14.901429004099597,-14.881111974227027
-12.72176254951443,-16.19590336792355,-16.392435423048724,-15.446013743417026,-14.079754135735952,-10.311057404733678,-12.213913619224797,-14.463185827412511,null,null,null,null,-15.697311522093653,null,-13.998821815954283,-14.344442626448206,-13.605958127091249,-14.622586825079972,-14.752693523172605,-13.56687248976219,-12.838598837690403,-15.2574316414212,-10.42010328505734,null,-16.26345347434455,-15.230176580531758,-15.311577544225246,-13.28257919164829,-11.204401424122183,-10.859614297585978,-12.266714148982025,-10.360699832294777,-8.080526109149892,-8.96372502689584,-13.991255353558294,-6.050630932775023,-8.883995343613691,-13.957936038895955,-13.96377125087013,-15.362889948679367,null,-17.092392288757324,-17.810869874362744,-15.930268077137008,-18.591956536040524,-18.071422987094078,null,-11.263146332963158
-10.447461459098712,-15.460397209005322,-15.764677593668091,-15.886351351179558,-15.062718162853095,-13.330048700396,-10.525552488462942,-11.908040613999162,-12.653412517764805,-7.211612320422762,null,null,null,-12.745605960321194,-14.423870673165133,-14.183810889224596,-11.526531147461123,-11.876074430848625,-13.421253612242076,-14.460024647787883,-13.808098598970878,-15.001775821429236,null,-13.587995056466921,-10.561264082615661,-14.736501949715912,-16.315083286411774,-14.58266404547745,-10.572920113573698,-11.887863131242128,-13.381904992339967,-14.366411243895854,-11.008866990818959,-6.098243707197108,-8.282107719953835,null,-11.282557869388942,null,-15.055138846341212,-15.937296996380997,-16.40759929290884,-13.71914223484035,-16.018637745393146,-16.8431941462416,-15.440948674862046,-16.786570587266855,-14.867724662986578,-13.084112556396985
-11.880639763871729,-13.150905797126928,-15.473953265439745,-16.071404507485994,-15.762379601539518,-15.220788622723179,-13.100542819598315,-10.092183821685396,-11.827084032893959,-9.786492800973404,-6.815376941172978,null,null,-14.00321273295817,-13.929809500888114,-13.118608899994305,-12.897180297936506,-12.20492198063397,-14.280778912680027,-14.418463034670006,-16.48759556035927,-13.894118195627223,null,null,-11.630240969630481,-17.859765720444145,-17.445929223556103,-16.03489329988958,-11.10119017809721,-15.16230058808362,-11.961445641811903,-14.239418366642118,-13.553452711324418,-11.171902160724702,-11.49325504593363,null,null,null,-12.448058401671325,-12.87556886456924,-14.869544617545786,-14.646734481233711,-14.391745889038175,-15.93317540331981,-16.03876535006576,-11.009878276234739,-14.884797564972166,-11.752947929097855
-10.854954578815374,-8.89364541865651,-12.03957149870446,-14.913835435414356,-15.64548027269249,-15.77512183845868,-14.66828675677175,-12.724281830019999,-10.160101252072742,-11.600335131722684,-8.099648007080742,null,null,null,-13.753042146272444,-10.546348463957049,-11.318534465315603,-10.740096201761691,-11.861154660236355,null,-14.351247387067131,-16.271121529718524,-12.894490825498602,null,null,null,null,-16.852687473970985,-10.103215304080095,null,-11.905588270715128,-17.48318940820695,-10.85301982815017,-14.602988494735794,null,null,null,-12.059261115469962,-14.512072342948645,-13.023267590037246,-12.260478704653103,-16.79976887095583,-14.949632491354816,-17.14524231946163,-14.93119915404171,-12.520718731170552,-13.44485655500262,-12.70610593378735
-7.197727820047925,-9.16260089959102,-11.737209713039821,-13.77289320704905,-15.254090427366457,-14.990847703175007,-15.427060652754761,-14.606795056555182,-12.870913058855859,-9.506677916776374,-10.116826517106894,null,null,null,null,-10.556048710144943,null,-10.309469976311227,-9.430180717987303,-12.950895318881377,null,null,-16.27837503341023,-14.276096507342672,null,null,null,-13.862067127594196,null,null,null,null,-9.879539698962656,null,null,null,null,-11.257720929468096,-11.056349764268095,-15.760839370585726,null,-11.986172371051582,-16.597792375718953,-9.225956459904042,-15.664103424064244,null,-12.304312769386243,-13.884811377698792
-5.8407745533395,null,-9.870747876679054,-12.81368152239292,-14.382097606639608,-15.23465019256546,-15.445677866902686,-15.266534741933459,-14.637053645419018,-11.255465632543023,-9.454445301749626,-7.6554587597157235,null,null,-12.707993323084636,null,null,null,-5.5190451798667315,null,-13.627486101549884,null,-15.16320467577509,-15.311826385950827,-9.863677186398283,-5.871371398595423,-6.9350855402371865,-11.752661016312615,null,null,null,null,null,null,null,null,-13.460018078765296,null,null,null,-12.761454798524735,-13.684974969387575,-14.911912859328378,-16.513178118626087,-16.509691969415673,-15.242181077678135,null,-16.769415732914073
-5.227237027797676,-4.91027013550272,-10.128943554650277,-12.201549715437054,-13.743295367203736,-14.670341501587977,-15.09199684043158,-14.477772710065231,-15.468909804320413,-13.469955954494129,-10.039665521359035,-5.945300770079205,null,-8.050808224858473,-13.797596286030792,null,null,-10.497140171710935,null,null,-9.722952400308808,-11.660346684075673,-15.499346191298416,-15.24168219357241,-12.713076756051368,-6.992590626472515,-8.604720806790247,-10.845224087505883,null,null,null,-9.83634348883566,null,null,null,null,null,-12.00837846982595,null,-8.719731007692767,-12.454040353559275,-15.842170848281706,-12.894204202009798,null,-18.384604959130122,-16.9606396481656,null,null
