public/json/wind_2018-09-1610_950.json
{"header": { "discipline": 10, "disciplineName": "Oceanographic_products", "center": 0, "centerName": "Ocean Modeling and Observation Laboratory", "refTime": "2018-09-16T10:00:00.000Z", "significanceOfRT": 0, "significanceOfRTName": "Analysis", "parameterCategory": 0, "parameterCategoryName": "Currents", "parameterNumber": 2, "parameterNumberName": "U-component_of_wind", "parameterUnit": "m.s-1", "forecastTime": 0, "surface1Type": 160, "surface1TypeName": "Depth below sea level", "surface1Value": 15, "numberPoints": 4800, "shape": 0, "shapeName": "Earth spherical with radius = 6,367,470 m", "scanMode": 0, "nx": 80, "ny": 60, "lo1": 109.0, "la1": 20.0, "lo2": 116.89999999999955, "la2": 14.520000000000117, "dx": 0.09999999999999432, "dy": -0.10000000000000142 }, "data":
[rows 0 to 21 of 60, columns 0 to 49 of 80]
null,null,null,null,null,null,null,null,null,null,null,null,null,null,null,null,null,null,null,null,null,null,null,null,null,null,null,null,null,null,null,null,null,null,null,null,null,null,null,null,null,null,null,null,null,null,null,null,null,null
null,null,null,null,null,null,null,null,null,null,null,null,null,null,null,null,null,null,null,null,null,null,null,null,null,null,null,null,null,null,null,null,null,null,null,null,null,null,null,null,null,null,null,null,null,null,null,null,null,null
10.701522001359846,11.861791967917538,12.72854474342665,12.96895395889117,12.556707620758564,13.228118151684859,14.255423925536332,14.571352783048074,14.654252857787167,14.346888279760392,14.868855442716868,16.522407674932907,17.86158114465139,19.060794628364338,20.88566106526964,22.366262282739964,23.503838145146382,24.028655169407152,24.529464346718058,24.909377465313753,25.218524335679305,25.90712256937118,27.01983255497141,28.40684794967031,29.383028933627568,29.54999123407137,29.51173688864312,29.16921076011209,29.208812310069334,28.256049396564613,27.760015323677564,28.29502085741163,28.211684517243224,27.20693178823387,26.8875890513658,26.730534539515556,26.2208358373507,24.809674831789224,23.995076520528524,22.774292372268786,21.316822115125472,19.654320941550726,17.655777974838635,16.274506388193522,14.679143705491434,13.69291508976026,12.522467655267775,13.032914829521859,12.282839039739446,14.32999918577273
10.760410467678689,11.690528415819484,12.49425318425104,12.300619491104804,13.077648094341358,14.006869951647992,14.225991725856375,14.12551769597344,13.975838978478848,13.670887196318107,14.477724443233797,15.960251005551083,17.656953900749148,18.72283420706798,20.578104593536874,23.30509671497318,24.198578743817674,23.738635639544725,23.712736575494727,23.24209428271061,23.970038239922665,25.850090186214977,27.71327095099319,28.182920378030197,30.32755358250859,30.5262261134944,31.468185111976126,29.865201869866702,30.892371523986576,29.022465195635164,25.218215223066053,26.539511354815154,30.524128864361554,26.14031887121692,25.993621215884048,25.502700449627998,25.401144147314245,25.380252253888735,23.67001817819405,22.882049034062682,21.819034655712283,20.279805807373027,17.96744601562512,16.127733456912303,14.670180599184395,13.340149436868462,12.624162230726519,12.381546574544625,12.365872469403874,12.597292561620984
10.625567537245074,11.57300200749854,11.740028095596374,12.35100310281507,13.20175710767158,13.584676412606779,13.294477836765573,13.150236280847006,12.646712525791404,13.662518405624859,14.138460611854612,16.075089255578405,17.470496412621745,20.2511956424523,22.352358088723015,23.374815653282646,23.957865304233245,24.53688475596144,24.686246586976846,24.165140204767344,24.836891381152192,26.54046634906926,27.36596836271567,28.98145584522707,29.936917559185922,30.12970251918991,30.83484872181859,30.403556810357472,26.586324646801746,28.43902682406894,28.97127718815907,29.787228739450775,28.666113490871574,28.750284354647185,28.444457302259174,28.411262752207012,21.89490980025724,23.69656254503256,23.682010673033574,22.257300852335657,21.80324269890801,20.63149102429448,18.22023065441059,15.98877243818511,14.550763184192252,13.053666276158015,12.414189501081962,11.63423125095943,11.906792923745556,11.330234221582012
10.468528183594117,11.229686654605258,11.74750052521058,12.235213038052203,12.688321929640564,12.412366890354873,12.898988356742368,12.659183414174954,12.556508499136536,13.77577234532611,15.836069470500554,17.022120827882876,18.442858567888774,21.34957549758154,22.65034932006899,23.441816711202254,24.101123671650498,23.4604930750038,23.69542343525643,24.791993511565,26.545840678882676,28.01373142096329,29.017866259289647,30.235458751071146,30.94129232431188,30.793427274246802,31.55472287100849,33.393946634908175,33.11770483444585,31.095854662698848,30.67587506062956,30.671521136060445,30.447254584361403,31.09561922702234,29.35695857013269,28.920705733663496,24.230692564598833,23.418318195605167,23.008027378214493,22.50992516560368,21.369622858644732,20.277419158926072,18.948835151042225,15.402962097657772,14.193960605032476,12.873072145234467,12.03665012463891,11.080096402665397,10.829917774316488,10.366650393997755
10.171146364960935,11.018832044626398,11.194457056946675,12.090819691779226,11.920536354148563,12.193562916403797,12.598992880882927,11.979777266152187,12.991110075022103,14.667493731631708,16.318393204449446,18.062335492074883,19.5283399186684,21.577411326588333,22.282010186697352,22.274598806589477,21.33036501977152,23.729607979569316,24.74649556169345,25.890628132700396,27.46621656714818,27.969023638634013,29.277827516992097,29.912407975135448,29.676630703105065,30.68110164798548,31.53296572095839,32.09049674576972,33.126478404947086,32.74321080096358,32.34379743269864,32.12114746648508,31.17837553655246,31.211312930299638,29.078027006370046,28.82709871806494,27.738124086731272,26.03589680034099,23.956687797670824,22.06961579261946,21.273312174209902,19.531659369190045,18.41857394877792,15.758739140179799,13.445826221240598,12.142738049762492,11.52174650205344,10.516368548693107,9.537569702389522,9.01280792235428
9.858634241005223,10.574522663193003,10.87025614360143,11.455202974680432,11.584791354022927,11.736051721035787,11.907134719720021,11.497321702787445,12.984813801907183,15.01593226441228,17.30357154491142,18.280396189768457,19.803808459250384,21.07715216983218,20.67800266428968,21.355479104831502,22.65162297256201,23.5732299522345,24.942302805223722,26.112336805891594,26.311688088080544,27.86195461222946,29.66182307390711,29.826509507191602,30.774144669221577,31.289983054976236,31.94934191896712,32.12632506338384,32.86028564847269,32.902574412270624,32.45793753330282,32.43204598768119,32.3556283660837,30.670321343230615,29.715062469276937,28.817142116144876,27.799093439114316,27.40599087973375,15.457678467371382,20.785224669757444,21.15155535405766,19.929775192586213,17.12964117143716,15.961704754903772,13.085471775233831,11.614951311707912,10.338411520647156,9.768345420062085,8.385592008210056,7.683088598553665
9.63046058597174,10.244462275884118,10.351347023925946,10.52236301512306,10.806532929058122,10.990686431258482,11.478343483061726,11.90924805996357,13.611211624377635,15.05718001166662,16.583286381799475,17.91329633271819,19.921787645368525,20.36921043735045,20.825592439354768,20.417271736624546,20.951370018996258,23.147861944396105,24.42384945407013,25.946190410812637,27.67891750109438,28.179049938134714,29.014154187123992,29.85131672623559,28.844518048963465,31.022951051766942,32.04840314326122,33.10363578634777,33.79525015445905,33.929525813229134,32.84689843001183,32.84938184410484,32.13411029058364,31.781588815051993,30.714623618656194,27.978991310750907,26.09050052311168,26.63224624163901,14.274453844005718,19.681582359678618,20.297362761790133,14.879239699826893,14.923667187266652,15.225302374012385,12.869815325993745,11.154447651421416,9.747547070246434,8.940640651396318,6.823355531633473,6.047768150644022
9.332962305689936,9.25699823780744,10.030878378039064,9.456854988353049,9.646438831016495,10.56294202053628,11.48923106721817,12.129086894127523,13.197860986758075,14.678156775737097,15.804461656274457,17.71923694123254,18.67437716985294,19.388859592537838,19.97638669665356,19.721088054756898,21.419469022241962,23.225777332172598,24.4918653869264,25.205414234924845,26.676739901237195,27.163296633866672,28.410883443173702,28.78576550161905,29.288078822262662,31.754640222425024,33.87109889288797,32.307904977020506,33.55453991558283,34.08133371122209,32.83659148541088,32.39699817946507,32.71867779906325,31.02304191818501,31.060974023071633,29.86367918766735,27.563053190775765,24.909509994055764,23.13778098235589,20.268734162448844,18.297388975889877,13.744047952041997,15.410768234062669,14.031148811809842,11.168248916185613,10.244244491153509,8.564968447926908,7.0519996727980985,5.431424889608008,4.275199293014296
8.455124069745466,8.653474061989943,8.979740167713553,8.75705983991052,9.45392525500624,10.523525775010103,11.558370329018103,11.721135246359813,12.372839283184897,14.033197606814449,16.00082084251939,17.631039248029985,17.686387064800623,18.847555293552794,18.72956022717723,19.802584214854747,21.962256915269244,23.229041638202666,23.490955650121858,24.463034920640734,25.845685733361115,26.75616304394225,27.864789331115617,28.21194857158797,29.80932819122863,30.865669378219224,32.45205624711246,32.64343403490279,32.08095922514638,32.61426312686973,32.48787306966988,32.55458140905528,32.2466069061632,31.808731228627977,31.60278297918701,29.084254058310798,27.51763153653865,25.08068857490151,21.382919911631305,23.93759003574886,18.63621442962996,16.31096469627115,12.828853221602294,13.403648447840887,8.738911947449203,9.482857013822153,6.650570285823345,5.440685664960762,4.361046289210979,2.2753038743350373
7.451913268062364,8.148984137756447,8.181616971283258,8.560765296013559,9.275741076579697,10.488769893749419,10.696010002502575,10.806615470933844,11.747233121570556,13.502587509307762,15.224991916911945,16.230131982598625,17.289777576613687,17.913724717947577,18.541688889668844,19.840309826186328,21.49260080224726,22.18501027883317,22.900979245742022,24.03914868892637,24.92578682630328,25.83839335776551,26.404154708798867,27.201331876735235,28.543507276616367,29.619171577936243,30.571089523169263,30.87031930633513,30.588637342686674,30.44461172863261,30.020334014990972,30.118264709948374,31.050238433325895,30.749197636679924,29.39727531292877,27.841847232643172,25.66108353485336,22.391164565792003,22.638244537552147,22.859112328774863,21.006201536971425,16.751190506343235,15.221467307933226,5.8026058228591095,7.379122775659152,7.114050762708451,5.093681915808839,3.535279071319679,3.355104395598734,0.25770092643817916
7.145356178946449,7.726579960777208,8.31971995324291,8.689394132290012,9.31939650725643,9.933291659791255,9.99192717971523,10.15567290483014,11.738111916488048,12.411173732795678,14.10498548718113,14.658812339319732,16.2238306593247,17.091156235996177,18.550987595864207,19.499958406997685,20.277050842497722,21.667946054069596,22.014438397316002,23.388422433580125,22.814046087218163,23.301095661311855,24.87696904893474,26.117440453456755,26.397992424305375,27.575497357547732,28.090329457338463,27.900574135916123,27.587050885920846,27.1543502647496,26.43985522110882,27.313322345010207,28.00766248343845,27.711502697776325,26.243813117052113,26.31413165493727,25.032190197321164,21.35782561933368,21.329193590881566,21.551826309426936,17.807055050680923,15.915563810136474,10.57517868730598,4.460740727597982,6.705588545571675,7.680625484878332,3.3353831442241133,1.4102702129102904,0.9245117792190707,-1.6900627097346679
6.745227855912656,7.65970789345327,8.20964967936145,8.12723171498989,9.192032539287265,9.395414666539619,9.318060568643595,9.98613909860451,10.787211050095786,11.619277649780226,12.371615857096003,13.367943152128614,15.049705431413944,16.331486655767545,17.824486505433338,17.88166661021884,19.842818992385496,20.047738903416242,20.671653885483757,20.632782490458165,20.030944698238518,22.409262817733698,23.89441128897217,23.780997726962596,24.750840646051387,24.50548029782882,25.2006713523098,24.98671386724676,24.491383238704195,23.69979042528807,22.458011455673617,22.304003084556477,21.207876419333545,20.69219879023924,21.767921669386666,21.910680093914607,21.875159826197162,20.498421467264777,17.040453017478328,18.08816732446156,14.395182490879632,14.049191078576236,7.616155199327183,4.461466887518443,-4.543102688696349,-1.2989537263128095,0.8825817318941086,-0.707957940589336,-2.0060465687681406,-3.650710633839605
6.387491798567276,7.045288261991788,7.970772736642255,8.245765508080277,8.515150788891706,8.766543122863183,8.466508747066115,9.495304448947994,10.038519168468989,10.0051104561635,11.120288048535954,12.770294549568616,14.410082030320446,15.421747997449135,16.214586896070575,17.05510242800582,18.0880679416422,18.82192196270783,18.424705190071684,19.46397197964995,19.22620660847968,21.225695492550024,21.36153546484825,21.29180467475576,21.893839147661115,22.19648026918233,22.5042411212841,18.138415573416758,17.057414216073056,15.244904821302153,13.817299398255228,13.306411375826158,13.03829418486777,12.602970967638129,9.20682456323946,8.701802962526678,8.445696049642757,11.508631883239392,12.285225014110246,11.804212399172295,11.730307718757102,4.6158305645729865,5.559827546622778,7.8569487724116165,3.4647886861936934,-2.9476909846842743,-2.570406700111238,-2.699222047347528,-4.386819339188807,-5.3709187523024156
6.3432970012451175,6.788731736737876,7.307132043272972,7.64313229631685,8.146644409356632,7.8708898038466035,7.92763242908913,8.595999449449218,9.35930027957314,9.950732431346514,10.915772995713349,12.22195296191564,13.20097293797435,13.691527786218305,15.036144623802848,16.592992100699806,16.71503225705377,16.307901018014007,16.723909786644928,18.316904102452465,18.06527897310134,18.714354877268075,14.371408191443347,19.276766938723405,19.275977840741493,20.212838074780148,12.888020244400668,12.393360030430273,13.337299418512409,11.601335468443454,7.565295004633951,6.712038589805839,6.869840620428052,3.503043310641138,2.601296237196123,3.342631926725792,-0.09511257413641055,0.6125996965820194,4.324987501552342,5.632297471012159,4.7882400972012515,3.7633256630073824,4.662099383479209,-2.877424727439828,-8.893378470164008,-7.704225336916451,-4.433613153328589,-4.442719057176347,-6.6183329679270795,-6.661720589248827
6.117819153804851,6.68185859881846,6.916271490784602,6.901424660497516,7.215450585695258,7.618672311799043,7.542337164806922,8.442866118460966,9.088508046621007,9.241878599048931,9.976115098531196,11.002803089715757,12.22955396005222,13.228799531033198,14.278201032165612,15.348423522394492,14.081661152428934,14.37424062465931,15.61275589467032,16.213546586825046,15.751055856222951,16.927980543771444,16.550371976453228,14.531796219586926,14.731205116537815,8.459908914777563,6.645397057062748,null,9.2956827248593,6.615085652471196,-3.8196284628182045,-2.640138958324962,-1.4776557155336087,-6.21089704058677,-4.712519339905407,-4.097282533718498,-5.908635410434102,-5.521139797690603,-1.019289014111858,0.8381583530949294,0.1338091637751085,-1.2842551032600356,-0.5304549647708856,-2.0794778198084773,-8.561726944929148,-9.07307694862347,-7.078357833029809,-6.870199099578081,-9.254989895851512,-8.00276072667162
5.494725023526602,6.22971530525703,6.9443099140537425,6.008738126992558,6.097504092675145,6.612725890949077,6.729763091559262,7.622285138365644,7.80411862246847,8.8242340338059,9.483083741519803,10.472725072149302,12.130203509158704,12.568800002184943,13.423969404490164,13.096852750834174,13.012760780553947,13.093122990753653,14.232765437945927,14.4964082748913,12.4834465042169,null,13.441828466589405,null,null,null,7.126487592922409,5.390034360180405,3.795362818337307,-0.3740527700665332,-9.234602849692473,-9.018173739390534,-6.455621411394556,null,-12.145106050002898,-12.193085631196515,-12.01186932883931,-10.65116665994662,-6.851647266378942,-5.271795853257416,-3.995149041988187,-1.966338573031543,-2.37439526651397,-2.53325190473975,-4.150569477490023,-10.147896136939561,-9.163792351899493,-9.62441297934052,-10.669012031596495,-9.557988660443673
5.038125588451341,5.381126185791356,5.865878650184728,5.389499239698049,5.392746337937039,5.025222737193774,5.584345857592208,7.0262743417191444,7.503356606011721,8.757443906209044,9.465760844518158,10.598606583287726,11.854031763368068,11.270796643376856,11.839893486185048,11.848394206883093,11.508737523223182,12.45234943661892,12.236501315448184,11.583451045202143,8.210266732896146,null,10.422868950689843,4.981354569439521,null,null,3.989697788723179,-0.8404965586980662,-2.8235994742885833,-6.958121950348905,-11.075672994597618,-10.679968733129062,-10.400649043183483,-8.475777116328691,-15.486151368062846,null,null,-16.51760234101367,-13.272592580598506,null,-6.16563042792625,-5.452744349793941,-5.818910806043237,-11.084135016118662,-14.431146118163781,-12.620086367051663,-11.684649974252563,-12.057348089611985,-12.000273305639215,-10.684695466187122
4.207767857593123,4.3735847212270365,5.173318882733676,4.566451809311237,3.802673153686287,4.443725067892738,5.064943828485774,5.7659815042192974,7.0086450237598825,7.454930393570656,8.922036914565656,10.806837927171603,10.276190845543628,10.221645534141572,11.523973893872993,9.952356774074437,10.65097445233188,10.85823436803614,11.353955252156776,9.197697806148557,6.89633006540682,null,null,null,1.2517331426050191,0.6468704140856321,-1.7504526502959694,-1.5353927951098214,-0.22079103387285032,-6.838299540150691,null,-10.90711145963169,-12.39803637204508,null,-17.826704620116285,-15.250637827021912,-17.085256297228156,null,-16.745350524370348,-15.628918313522439,-10.934803968677135,-10.814412526095618,-10.223545764745348,-15.460394154168988,-15.805739050690008,-15.618402666724354,-14.693534967745745,-14.036613642154549,-13.800836107945017,-12.566975858995473
3.244736390992476,3.4983971216192833,3.589317319053893,3.1420456823052776,3.4727562698318284,3.661726487802073,4.765924321062567,4.4999048658493095,5.189238227312873,7.856416128266084,8.162413070274964,8.54461170203476,10.272181464287303,9.866931433709615,9.253405019709641,9.96863546218485,9.694332778536499,9.127199501570942,8.942812829706476,6.483711600006583,6.177661008608881,4.795892829135788,null,null,-0.9893914889693456,1.3663063905186692,-0.6408705323788588,-0.06287598927743883,null,null,null,null,-14.20905730333957,-16.767882556920675,-16.445867172844878,null,-21.748324487594203,-19.42908045008982,-18.842957714554863,-19.830682442501153,-16.539393197142907,-13.264984029823157,-12.127075437079023,-13.890242107605825,-16.193506855513224,-18.297183554793705,-16.86261115857245,-15.21511377582177,-15.011644634166638,-15.76118441177382
2.8320833758317345,2.24201057695133,2.563061211828852,1.454165530159115,3.325687223396952,3.584470934950244,3.8803801427445364,null,7.276383755936861,8.084611753929831,5.669096957429756,null,10.345590452104144,8.186960287284405,9.699466632665285,7.6421724700259,10.448876872654619,6.740969473799342,6.437727186095453,4.976348126477047,null,null,null,null,null,null,null,null,-8.209437568970493,-6.140583410060836,null,null,null,-17.50146461717921,-19.734761946492533,-20.533007801243194,-22.184301842466176,-23.806716574930608,-22.11352807807194,null,null,-21.844974885020896,-20.568360293759316,-22.004374624125656,-22.20248031491254,-20.30950811700133,-18.249149004000394,-18.198933196962482,-17.083633732061724,-16.854501609415884
