public/json/wind_2018-09-1610_700.json
{"header": { "discipline": 10, "disciplineName": "Oceanographic_products", "center": 0, "centerName": "Ocean Modeling and Observation Laboratory", "refTime": "2018-09-16T10:00:00.000Z", "significanceOfRT": 0, "significanceOfRTName": "Analysis", "parameterCategory": 0, "parameterCategoryName": "Currents", "parameterNumber": 2, "parameterNumberName": "U-component_of_wind", "parameterUnit": "m.s-1", "forecastTime": 0, "surface1Type": 160, "surface1TypeName": "Depth below sea level", "surface1Value": 15, "numberPoints": 4800, "shape": 0, "shapeName": "Earth spherical with radius = 6,367,470 m", "scanMode": 0, "nx": 80, "ny": 60, "lo1": 109.0, "la1": 20.0, "lo2": 116.89999999999955, "la2": 14.520000000000117, "dx": 0.09999999999999432, "dy": -0.10000000000000142 }, "data":
[rows 38 to 56 of 60, columns 0 to 41 of 80]
-23.13928567575992,-23.063467282488105,-24.68270232509704,-23.852827705395484,-23.015989696895478,-22.55832074034899,-23.230637990867212,-23.176547685972764,-23.07124443067731,-24.09156274567072,-25.831032465153033,-28.67027078019129,-28.0331295422462,-29.20328086089508,-31.963536461129262,-34.063488957113485,-35.20564217494974,-35.14540929732628,-36.39901955527688,-36.60748982620792,-37.347338139269326,-39.43182186902571,-38.698652629673305,-39.42330594589299,-41.520229532453904,-42.4005566243077,-42.878376085178665,-43.52441362296004,-44.078835971881645,-43.37854548331876,-41.47215453127936,-41.675549362962265,-40.92298856483098,-39.2040905272452,-39.555687941794595,-41.20618709189768,-40.728035179360084,-36.73585823725159,-37.07938536127374,-38.589597954447356,-38.061146080757105,-35.61094189739306
-22.760247956202285,-23.238663988592847,-24.62410605912507,-24.206712342303828,-22.857704876395275,-21.77795534715759,-22.000652880132122,-23.25287453927085,-23.9247571418484,-24.469898616066967,-26.237926750212125,-27.114304682951726,-28.526668232888756,-29.021689505329974,-32.81053761961035,-32.98984664231492,-33.553367538700996,-34.3450836427542,-34.57629669394859,-35.73521285764838,-36.96038201600119,-37.227848369824656,-40.48955903341421,-36.78128498921252,-37.15826006722329,-39.12136213593362,-40.28063696213977,-40.57055898773795,-40.81494164868219,-41.866417157685326,-38.74000443341052,-39.19720328068229,-39.88222721722923,-38.28144296994095,-39.60628547615889,-42.04876188777939,-36.98287264935847,-38.630078197789224,-33.92108251976969,-36.52999213328945,-37.71901614009251,-35.904483373912505
-22.234147561864916,-23.641195931020036,-24.079911092911566,-24.71874126931478,-23.46836126627964,-22.317789056219212,-21.423929018463078,-21.66605569628254,-22.949984624874617,-24.41310695767585,-26.413302082466277,-28.083405873111307,-31.0501720495529,-30.042316745244243,-31.92355761977342,-30.909547892373965,-30.446926681099555,-33.915051899636204,-33.95249638830961,-35.77852475214903,-35.093330711837694,-36.7938981167445,-36.62486095192483,-36.9088721777279,-36.7642688720319,-36.73364133754893,-37.660610928344795,-36.37183123388843,-36.87036490963387,-37.216648599801545,-40.90825420928145,-40.3080682168527,-41.95933693154856,-42.8034309600434,-42.39169055483242,-41.68188276824064,-39.65044447098215,-35.542759634908435,-33.46481993172347,-35.13983393765359,-35.61176396776049,-35.11598616785734
-22.095868521604938,-23.416382788284036,-24.11301631237337,-24.665251616374217,-23.776409400126287,-22.844227799560475,-21.98039434186981,-21.239987168765712,-22.941161659060374,-24.970921822349595,-26.705813989990805,-29.14054412180633,-31.84531870335232,-30.951064757296095,-31.424772864580905,-28.95055711629397,-30.39369640932854,-33.753545780846686,-32.44925628055668,-34.5596019576383,-35.032201304255274,-36.027776887397394,-35.22367486967421,-35.33024270792535,-36.496380788289834,-37.01661239186807,-38.159145881378635,-36.11002255644026,-36.3804549289099,-38.25497409520635,-39.63214588159854,-37.88755319382709,-38.10756726466056,-42.23255856048682,-42.863222397291594,-40.235563398010214,-38.49153243213815,-38.349473478870856,-36.36669592165135,-35.225965728439874,-35.83906854245582,-34.22109706231647
-21.54946998350978,-23.38938046400762,-23.836663673791637,-24.530402870235022,-23.819014048622147,-22.988313411385036,-22.193167101215725,-22.77021839678908,-24.14345239547864,-25.37046068396817,-27.46524493403595,-28.66766834417441,-31.97614173452483,-31.43490442677315,-29.38962164896401,-29.943640373435695,-30.760312855103507,-32.12351499302965,-31.62247311855404,-33.79926145674448,-35.035275266505444,-34.59561270242013,-34.081464940916156,-35.17167005635786,-36.15518266768927,-36.16781384639686,-35.708230798897866,-36.752546645801665,-37.42350945962972,-38.12577801334428,-35.9671058311498,-37.1712737539568,-37.26471570367553,-36.88219569241936,-39.40398106874518,-38.50505959049341,-37.32042515394937,-37.49676485164888,-37.68988453329799,-35.08373254368645,-34.815513827160196,-34.96701659808
-22.01387169055718,-23.32006265207772,-23.703709150173296,-24.172011023458616,-23.89312983503555,-23.272586951886463,-22.871448145359743,-23.193099528646385,-24.322600498493966,-26.054469341927632,-28.556897162916894,-31.321229841442904,-31.86664167460702,-30.583182611374774,-30.612469294379103,-30.64940822770832,-31.404105160890378,-30.317785283941433,-31.870873160704914,-30.822384854335553,-34.142324706678764,-32.86932343055402,-32.95284684465316,-33.25025549179584,-33.9782015569694,-34.60548804399585,-34.85752326349127,-36.80071376842205,-37.25825973816369,-36.941403027503696,-36.84526829281866,-36.38215584680661,-38.392954173134065,-34.71526752734508,-35.65926230532085,-34.0754452983702,-34.5255755642209,-36.093297918551414,-37.31073037193185,-35.669545023832626,-34.68698584661078,-32.829748821975045
-21.312537891656746,-21.811543713075576,-23.313679979966167,-23.8523375942775,-23.817586956550564,-23.438892933000112,-23.500030316596916,-23.19478446923052,-24.356277073555027,-27.01295863030988,-29.406570067010303,-32.33386772679063,-32.64799062205056,-31.38206688811618,-31.12647071381072,-30.790251911675853,-30.077708381030085,-29.788760117221486,-30.07658680401797,-28.758221576845177,-31.03483410251127,-32.594975311537254,-33.36125952049974,-33.14828759998273,-31.6672894714026,-31.520448521600002,-34.343253158397715,-37.243693981821984,-35.01129009270322,-36.34454155463754,-35.951088833312205,-36.71801020377428,-36.22815350608211,-33.547946663095004,-33.942620754869814,-34.25337417471266,-33.20385947055965,-32.05090051036614,-34.60356036972229,-33.06251112727156,-32.85831624946459,-30.51841253555233
-21.171387878900127,-22.836154001080743,-23.380238265492004,-23.580727268352263,-23.391857649321462,-22.876896073692443,-22.780396882383513,-23.200866310678464,-24.094453370732275,-26.294838440004916,-29.299747872132553,-33.250721961922565,-31.781865351743882,-30.901857952292612,-31.251142484195093,-30.20614235173201,-28.154040576190905,-28.526660443931807,-29.807293295050208,-27.286825052058248,-30.66742183718727,-33.415303331754686,-34.57848484898903,-31.368693069718685,-31.913379337488713,-33.9187698594867,-33.40632645829701,-36.51196745572762,-32.6276258351965,-34.13494604435368,-35.239239305098714,-35.99994716520713,-35.38913314468811,-32.092730756881046,-31.270317753962555,-33.160226700714716,-32.34555997333997,-27.5856682119231,-31.647872940919594,-32.1872118371772,-28.86749798863442,-32.80495682443245
-22.78362566624341,-23.495147162698096,-22.962533885874137,-23.07330731004203,-22.6963815123392,-22.049724254711816,-22.316112376438475,-22.46426908391913,-23.15547879035394,-26.29589145403999,-28.684826854699246,-30.962134781554237,-29.887036395116773,-28.642308249216676,-29.067221470073527,-29.333046699450932,-28.339633482095056,-29.532299549690105,-31.062587959462057,-29.37114480416856,-31.542947718478594,-31.82034352766121,-34.36170704560294,-34.01638747181807,-32.30144906302306,-31.112072961234777,-33.70710731403971,-33.42175813399834,-32.185935092928155,-33.80064947887706,-33.437767589884196,-35.106013983803,-35.1084620430807,-32.39402358353242,-29.818648446949318,-31.876648264942368,-30.638363638405313,-30.887964205187256,-30.54454797272563,-33.36419777217709,-33.16842008079437,-31.635415182104545
-23.31914733547677,-23.346388899521536,-23.037895398340087,-22.86516451162656,-22.59575528844208,-22.168503895016887,-22.56803953216549,-22.773792312620646,-23.958271005088264,-26.34536557611915,-27.062663587896843,-26.45337395715341,-28.034206216543204,-27.778430524089682,-26.285014934178193,-28.09120399092077,-28.148902600294655,-30.13289194976716,-31.171674690402767,-30.940345533622878,-33.20977575883581,-31.69688180338469,-33.09761005191955,-33.14427862995753,-31.73238020763291,-32.09525545849117,-32.41221193364476,-31.193275198008088,-33.436997742590215,-34.31603691096935,-32.92906243338025,-34.15730853498232,-33.688590688995454,-31.682325925100887,-31.06078064007811,-30.243426434748624,-27.447896566676555,-30.872226082119568,-32.37640293217205,-32.0960432299921,-29.870793253328657,-30.4107451343843
-22.78102361550992,-23.0690051847511,-23.159202941527095,-23.45642372278818,-23.698875211077333,-23.963371037526535,-23.13406356879812,-22.787362901490077,-23.61321349527447,-26.073454475591856,-25.48327560421939,-25.529435676492206,-25.637877330950992,-25.666402250567387,-23.39922608950692,-26.591747519091328,-27.985226585271676,-30.880503115920895,-30.003269440570527,-32.099005372232305,-33.0249193522985,-31.666088146493102,-30.811878149084812,-32.97609674410596,-31.593447756923954,-32.28511941796468,-31.41238811315841,-30.259595451185923,-31.917935422186204,-32.29882759834358,-29.111452861992625,-31.07430879907693,-30.80721863308808,-29.5630148772526,-29.872296203145087,-30.823896354659333,-29.663083010311652,-34.07168535638289,-31.527566013674196,-31.583300744076407,-33.276505131985765,-28.562429002912534
-23.101178573322283,-22.334693620757196,-23.580281236330297,-23.659748936143387,-24.56609650458181,-24.258555566512463,-22.554919414800526,-21.874491308251812,-22.322152769319406,-24.285688430381935,-24.22967251950935,-23.476829927292165,-23.36230067623338,-21.80149529403506,-20.967779664615215,-26.095918700199718,-32.31320665648215,-29.218923763621852,-30.975166997092835,-31.595910855584364,-31.08458812157333,-30.765667387748326,-29.882877474156405,-31.828688722723697,-32.01435181427567,-31.76838157295681,-30.400272237023977,-28.98074083023228,-29.772069324078092,-31.868806052015703,-30.7936616911404,-28.804271107097154,-28.350144324760905,-27.578886900293202,-28.28090820423866,-30.1801681183053,-30.983569456543723,-32.193026952756284,-30.6199697346513,-33.45477614979314,-28.921378945614485,-29.09242175549509
-22.767799964737872,-23.8984249024351,-23.873358504603395,-24.77681860144721,-25.648157335633243,-24.746706374596123,-23.56677254503066,-22.973510667048046,-23.292079092213235,-22.13197172321245,-23.181208700803136,-23.173138804655643,-22.89315422804906,-23.318906047957242,-26.12127947383914,-28.536981728556075,-30.621237245464105,-31.059258885811822,-32.69638313063142,-31.868469673425636,-29.604536648929717,-31.706651345976415,-29.415240163861267,-29.761845529227596,-31.349846186852123,-31.273155104947364,-27.86415291846223,-26.764612900060648,-28.04177654513111,-27.060282257402392,-32.79346589093646,-30.352771226389102,-28.988996250168082,-29.649245818980617,-29.736850688920562,-30.47762424016056,-29.092427261515848,-29.44222022595864,-29.73954959112828,-29.07905580903893,-28.746243836082275,-29.502589174606115
-23.78818602831126,-23.49307550456411,-23.984295957057036,-25.74791584712061,-25.588476518274526,-24.980165549171456,-24.674354054118922,-24.105468005320535,-24.834150430000765,-25.467643652899376,-25.72884750030331,-25.248507414070065,-24.51598580984331,-27.85840432654066,-28.536832817682214,-29.999078501166224,-31.337403400048906,-30.71631220735307,-28.415887102112578,-27.551140453952772,-29.698773080811133,-28.534396625074287,-29.478050572615214,-28.900972766453922,-25.543066891871483,-28.387152146163793,-30.093537519929036,-24.602583749733725,-25.250921260303144,-24.36233800598272,-31.572818940614688,-28.40534459200378,-29.688342010869107,-30.378828817585465,-31.191849010332348,-28.662251020110507,-28.04445691192031,-27.71322443532908,-27.079236567288145,-26.90924821717848,-27.043229732366232,-27.82806039144491
-23.54745637928438,-23.089091101669787,-25.243505575031925,-26.435791897804407,-25.157510070185506,-24.368616612301704,-23.918091970093812,-23.64007372425342,-24.398851893002558,-28.108650701891452,-28.157521160513824,-26.80385314233251,-25.740641124932935,-27.41428069636907,-27.652632822402254,-29.71807857778263,-28.83141543203086,-26.13822157934361,-24.054294361730634,-31.038488894117496,-33.135497134452045,-31.043689540472975,-29.46698089219406,-27.309195207313138,-23.32208403614091,-29.731932051457875,-30.55726909614145,-29.048366771283902,-27.807575894996724,-28.51604507644096,-28.36757275275835,-27.32536303197952,-28.557895481178,-28.29662431524906,-28.08047134521044,-26.89012661025586,-27.237434427348926,-26.517121607144304,-25.57869003467215,-26.48386455084218,-25.511033475718524,-24.134339946506913
-24.250315831633642,-24.533169646532322,-24.925196064531235,-24.96647963590702,-24.8369915508297,-24.458766463138627,-23.980065517000142,-23.053232743009776,-23.787548544376897,-27.497978205427632,-27.397191293317523,-27.384143068477826,-26.514606497198056,-26.351580151500052,-27.12237382516252,-27.376802371179718,-27.531050860237276,-29.412375075276543,-30.757747218803967,-32.2867227354553,-34.00211992051993,-31.0997425667766,-26.551173982877007,-23.738907589060037,-30.097686941776637,-29.55205642656812,-30.508317719631638,-29.17474790417605,-28.234360147070348,-28.321010643057573,-27.94021424742212,-29.6477442300461,-28.040090587674612,-26.796634969150077,-25.554280873780986,-25.883319285755363,-26.089379908398463,-24.859409702485163,-24.56718255739443,-24.193191580971494,-25.62677831283255,-23.01469543814581
-22.293003057265892,-22.822683031521155,-22.57043113515567,-23.29134915033324,-24.079869864155278,-24.974281707032777,-23.670675010059036,-22.84254416035023,-24.398715094213667,-27.67253157600722,-26.8429127619818,-27.12125437815949,-27.215312885925158,-25.63785591267903,-27.18380645388267,-27.235242142127465,-27.74054014560869,-29.402126320774116,-30.220606559430635,-29.826550174781435,-26.472945148597272,-23.80521914184017,-26.425772792212218,-29.41169147047674,-27.693829086650176,-28.812935842593532,-30.26322831470633,-31.300441517951974,-23.816385842436844,-26.7390080332529,-27.260297672085343,-27.372536178487575,-27.381694813473135,-26.369172510781603,-25.12344193869095,-25.98342707865721,-23.79794689429006,-22.730443766404836,-24.642562194620446,-23.103515817084034,-22.543602119836773,-20.98576916551756
-20.343014357712494,-22.150095319102437,-22.248562081097432,-23.22032354642341,-24.189030830204207,-24.483011682228906,-24.18442124727706,-24.27562973522179,-24.368633308520963,-25.856752092218365,-25.178630148289187,-26.428153508482485,-26.770063530772596,-27.56923315700336,-28.0841295865471,-28.00421594941885,-26.89050623161953,-27.71175516640604,-30.206453274530613,-28.418855764669033,-26.77884572177546,-25.142831977746326,-25.918793925931553,-28.38526190749233,-23.79707528236098,-24.028701581151875,-20.467214317452726,-17.98166483776906,-30.605395106404355,-27.258577952455415,-26.477322098848205,-26.811205194593065,-26.689648199302113,-26.606332278010548,-25.6337025718873,-24.43792928258715,-24.25742683394833,-25.600095922795497,-25.33544354234088,-25.778190519617418,-21.026917768280402,-23.41604972057427
-20.168839769810035,-21.140206860111757,-21.43250344324946,-21.858475269484146,-22.91942350930732,-24.23421598783471,-24.573381010306107,-23.558632646610842,-23.32734274179739,-24.4565589038068,-25.382151975760383,-26.700960534753523,-27.016488454716157,-26.994335826821334,-27.253734688398623,-28.20668008716514,-27.79287284930139,-28.054898426739626,-29.36598943916032,-29.085034403641416,-26.812454836459906,-25.415963863615442,-23.57777268695167,-23.91002892877697,-23.544862634621104,-22.76733087919068,-25.977827094300622,-32.004395678896415,-29.642808644023912,-27.78873418013941,-27.004251268584344,-26.419160938347343,-26.417318304430797,-26.289575147492037,-26.19651197923099,-26.17061632013407,-26.577860493586968,-26.686850306728108,-26.841537287535402,-26.16130144546822,-22.670047687211607,-24.615975914645233
