public/json/wind_2018-09-1517_925.json
{"header": { "discipline": 10, "disciplineName": "Oceanographic_products", "center": 0, "centerName": "Ocean Modeling and Observation Laboratory", "refTime": "2018-09-15T17:00:00.000Z", "significanceOfRT": 0, "significanceOfRTName": "Analysis", "parameterCategory": 0, "parameterCategoryName": "Currents", "parameterNumber": 3, "parameterNumberName": "V-component_of_wind", "parameterUnit": "m.s-1", "forecastTime": 0, "surface1Type": 160, "surface1TypeName": "Depth below sea level", "surface1Value": 15, "numberPoints": 4800, "shape": 0, "shapeName": "Earth spherical with radius = 6,367,470 m", "scanMode": 0, "nx": 80, "ny": 60, "lo1": 109.0, "la1": 20.0, "lo2": 116.89999999999955, "la2": 14.520000000000117, "dx": 0.09999999999999432, "dy": -0.10000000000000142 }, "data":
[rows 40 to 59 of 60, columns 0 to 44 of 80]
-15.05255423772967,-15.480964671123928,-16.46569628520988,-17.19138869830049,-15.273538195613789,-14.024818190248732,-12.39248164325682,-9.801064592773438,-8.895800114430633,-13.146071970121444,-8.719677313884734,null,null,null,-15.558139978107151,-13.096591462533066,-13.850734169178049,-14.489150975083792,-16.386620047126897,null,-19.79642986153587,-18.466722372183984,-19.621689016822014,null,-11.39717728892817,-16.042022878704415,null,-19.170834764571953,-13.660199701837499,-17.06641871919748,-16.326302011004337,-18.98847121569416,-17.050537603805186,-18.212400868684195,-18.609863930955918,-15.283576076064548,-12.870350339818726,-16.16424506457296,-15.757631202568112,-14.817371313352336,-15.894443437479255,-16.842775717637675,-15.707853134796675,-15.802195058559457,-14.125446599580645
-14.417832529760187,-15.527403936784555,-15.868892654912704,-16.120084137097297,-15.493326553860475,-14.796482605535923,-13.755120663337141,-12.508244845516924,-9.14871475987955,-9.583059074753294,-11.233948921043778,null,null,null,-15.327306634562476,-13.808311617801248,-15.380166139785887,-13.16770030511157,-12.56480173618834,-17.245705969196017,-17.552207829316878,null,-19.371719070035454,-15.46555743636783,null,null,-16.35082874788615,-16.522118748302482,-17.026491612720513,null,null,-15.603977359182862,-17.492285044155466,null,-19.422554156783026,-19.39485134649492,-12.68108644132846,-15.224043818409676,-16.610641824989496,-15.14510291473819,-13.014189866639004,-16.517167623533656,-15.980869185902163,-16.315404208811145,-15.16442334643097
-12.754328127201678,-13.885133398153242,-15.253398049027389,-16.252095638532687,-16.03860361425012,-16.097474756102645,-15.305247407862893,-14.859950508960177,-12.026984076783549,-10.29883229346437,-10.315136285437521,-9.3257715742688,null,null,-14.377340894057262,-15.717492446045451,-12.26472445832929,-14.975831623763403,-9.80834663409992,null,-19.600990755715785,-18.137739145193393,-19.265110839717472,-18.674747413136732,-9.520754294342296,-9.43575121173626,-13.826966229896867,-16.055072768608735,-15.070781000240643,null,null,null,-19.178443931193033,null,null,-16.764896231261574,-16.211790346468376,-11.587723237842372,-16.8382321893078,-15.119873604751593,-10.872504468234744,-11.117205132765044,-17.03943086502727,-16.63481380837148,-15.77566373928938
-11.270556789696952,-12.591812577848062,-14.33285136747379,-14.970739450051612,-15.728240436145144,-16.14789052182228,-16.14656098857139,-15.665385818790432,-14.307973771995876,-12.230285098940003,-11.734888506320406,-11.71336994620312,-8.758327587392742,-7.046902529240649,-12.013002311720074,-14.049582232318322,null,-9.892144729180934,null,-8.084954173304755,-15.858323094549027,-18.69934327453879,-18.267274089475972,-18.099273730067473,-14.548710936712254,-11.166581628455472,-11.637448522162154,-16.306029548772116,-15.14244389143495,-10.11794350747355,-12.86895433612997,-15.830576069844701,null,null,null,-15.035580506978992,-17.745695200416886,-13.701426682265943,-10.279759800033204,-14.630485604722278,-16.654315639155854,-19.281901120038846,-21.798587515932617,-23.64554306969049,-21.483599638423712
-12.5136378651692,-13.141928592863003,-14.083230074339582,-14.92796625207595,-15.646849343531,-16.594220318368826,-17.631174719528683,-17.024147097847838,-16.591760991271666,-14.77984250048554,-12.963194535473326,-11.506859924846967,-11.577452282643211,-8.225487219823739,-9.164348398770885,-16.24495073666317,-13.636462682356076,-8.36916357954377,-9.665527355013943,-4.530099371208308,-8.982051514806063,-19.403603694675212,-19.640316925510554,-19.487208036079124,-17.41115488299821,-8.961778672305364,-16.548286129279884,null,-16.766647923986138,-12.462708653632792,null,null,null,-14.87257764324421,-15.045057154726782,-13.854950595178359,-15.824845891063077,-12.003180094635784,-10.513505217631486,-17.919265198055186,-16.972503205388044,-17.615793468378964,null,null,null
-11.146563409359592,-13.599370419554687,-14.260798846417718,-14.722709089819046,-15.567767452789287,-16.353303224436544,-16.296429567687056,-17.913506467833926,-18.201838918903196,-17.315748689442437,-15.352923221739703,-15.292378003527972,-11.194442401289761,-10.592754921952652,-5.900127732092556,-11.979466313724535,-14.375810401116713,-10.149353437122661,-6.148086195918905,-14.55765580640453,null,-17.979036833187493,-20.04546621988466,-20.270270166858392,-20.354709950133483,null,null,null,-12.665857614046626,-18.209584594703898,-14.098141691358059,-16.179709692702673,null,-11.05043233711581,-18.113630117906954,-14.541829174499995,-11.351112271359613,-12.88839722510841,null,-13.305920852791449,-16.42825850266034,null,-15.159860049956254,-14.543397258924456,-11.839018092295442
-8.740582549363971,-11.548810408027183,-14.74616572072273,-14.65413411280922,-15.234616677968233,-15.390412651425097,-17.654217555966007,-16.651639075539812,-16.99692208509922,-17.922261509975378,-17.964664972466107,-11.191665802105208,-13.630922273397807,-14.569104320440427,-9.166552112011795,-4.956026686650208,-16.7185728620317,-14.6385776559154,-7.478569632247885,-5.827636905994084,null,null,null,-17.763093458923876,-17.746492218633946,null,null,null,-16.09376046314842,-17.91635737014211,-19.99874083052523,null,-17.796622580134592,-13.109581455867918,-12.646945341717764,-14.69814599258994,-14.351522380897588,-13.193562946148225,null,null,null,-14.917473863704004,null,-14.455254964548272,-13.214911091907954
-10.591971803593772,-6.422657829056439,-10.429861010690928,-14.317823803873399,-13.085663915537951,-14.856819993631401,-14.187668569234322,-15.03714920667218,-16.686257573507394,-17.289460424831205,-17.11788247277751,-14.191913448406968,-13.951770812701866,-13.51369189841851,-9.605314204219432,-5.3308742182494155,-6.4640635059430185,-16.737217486223223,-14.29743414645879,-4.021045836656648,null,null,null,-18.2799084648085,-17.580661550503628,-15.791343972115662,null,-10.076660914538689,null,-11.097368472727052,-10.389457492585114,null,null,-17.891267809161203,-12.008381984040406,-13.079197729518842,-12.637309348578901,null,null,null,null,null,-9.45665041011851,-15.028109708668982,-14.306473907154096
-8.332448161801086,-8.761408730863723,-6.296433963792353,-9.108148127216989,-13.886531298934084,-11.565622736110793,-12.920023272354655,-14.29208940028639,-15.367625339277586,-17.350997459073675,-15.023823463862048,-16.012373456888668,null,-14.932046286010596,-12.418823648689266,-8.818861089081476,-4.829246564865354,-17.08765536947711,-15.815651344461202,-16.165316801124185,null,null,null,-17.59352527378559,-16.704712158578428,-16.282045127415003,null,-10.461198230740296,-9.332933963868282,null,null,-11.241261040270407,-13.18735336388148,-15.6284702325597,-17.607696290152848,-16.702791911605043,-14.546851137881053,null,null,null,null,null,-10.094762130372159,null,-14.629962313608157
-10.256682892065777,-7.599998597706683,-10.677833314016006,-9.504474415425538,-9.881531011623965,-12.320625118242969,-10.053338967975064,-12.897125628201195,-14.309642088507086,-11.719568461519035,-15.484170524163718,-15.455206516193574,-14.667716130875988,-17.03490883247355,-15.684238525127071,-12.471595177728947,null,-10.736949508978503,-18.7657846156429,-14.410853366917632,null,-13.514216204791657,-14.090275674398264,-16.01065011596108,-16.435337585146083,-17.198791032372014,null,null,-12.354278707591037,-5.904793068512352,null,-17.47740860491996,-19.159349877543864,-18.105394933490828,-17.814581185692422,-20.024722926094167,-16.029370948118178,null,null,null,null,null,null,null,-11.961308513803077
-8.589830689697118,-12.257159205375523,-8.042922472717255,-12.611041271174104,-8.419314480342786,-7.068868455925914,-10.87892099487418,-9.428812017799057,-9.272681072168295,-11.21036097426602,-14.376106609519208,-14.373737612607645,-15.99507330859718,-15.726712303316834,-16.71983521943232,-14.285990147110125,null,null,null,-15.63653165797227,-11.20243377286925,-12.477603488313033,-16.117371580620908,-17.767362146499135,-15.207016955928179,-17.3229252793001,-16.299291396803252,-11.112277979172514,null,null,null,null,null,null,null,-16.058250610071163,-17.16282442710647,-12.1633048285263,-12.896763719769703,-11.344223068752036,-7.920073223108732,null,null,null,-9.748733048096481
-13.082686505896518,-7.489885290630034,-9.591369892895727,-9.742005493133803,-13.72450605226818,-6.661401077255874,-6.350334768657543,-6.57164426387992,-7.930029575122505,null,-13.366089916373017,-13.32788788673268,-14.974831471520798,-16.538246402843004,-16.486338757138032,-16.583325284811995,-13.356310748767491,null,null,-15.883395595962003,null,null,-18.698827363092548,-15.810429896881242,-16.21631647065537,-11.708894246455342,-15.82193079129931,null,null,null,null,null,null,null,null,null,-17.049471229947702,-12.630083782245661,-9.316225043683305,-14.25329941331736,-9.68868633565881,-6.621378025904843,null,-6.752867642707165,null
-15.62080778598694,-10.46657862001462,-12.587732610627166,-10.492031652757449,-8.092750653220806,-10.217399481869444,-4.418127370883214,-4.431032907114613,-7.7843717590865,null,-9.076047280544646,-14.096964967222906,-12.855824449456899,-16.475888344299314,-17.328967765021368,-16.299407541352018,-15.821043683339353,null,null,null,-13.111844581516673,null,null,-18.10648048442603,-17.669929958209558,-15.12852588848251,-13.078402396224556,-10.390229092630538,-9.45533729094255,null,null,null,null,-12.140997071584557,-10.29444126465935,-11.021779104659327,-16.7312920991215,-14.706576686963121,-11.179386159062958,-14.305997323284323,-12.665627499071414,-9.93443476311648,-13.183670386914137,null,null
null,-11.706552344107003,null,-7.580486380512854,-8.656256401065475,-7.303591621157716,-10.647680118980272,-0.24760785686994438,-2.7383159030727686,null,-10.557961656274012,-11.523715779420568,-13.908824648606753,-13.698149304489277,-16.229191367760677,-16.76466662984487,-15.286923330713266,-14.708051058452352,null,null,null,-9.672424471787885,null,null,null,-16.36228073478125,-14.500812376457894,-14.586910825354337,-14.688496537658258,-12.255037357856608,-12.111144899196688,null,-13.359736001317021,-13.686928120909826,-14.39541318545732,null,null,-16.003256044089976,null,-15.61264380181816,-16.22687766605387,-11.78147096227503,-12.140427630853322,null,null
-11.645584761909463,-8.515033252375094,-6.71387132530561,-8.98107464002141,-9.104731352357923,-5.7513839874343144,-9.323511788863065,-11.517320676994903,null,null,null,-11.22841924932957,-11.61497756289908,-13.626253769138154,-13.545478223146377,null,-16.44553102105182,-13.174373137051028,-14.032492246476213,null,null,-16.026066491096675,-9.280612484571284,null,-17.749426473049787,-15.750641512980415,-14.857688923073578,-14.553510241442495,-15.577837289485831,-15.006716392046625,-13.939385386412955,-13.145747450900279,-14.265658094601257,-14.190395071970501,-14.573841393643434,-12.50101694068042,-7.060702932023288,-11.878200991060266,null,null,-16.745263363724803,-11.222355305582084,-13.474425233830518,null,null
-9.209549719044503,-12.97191802144839,-9.349699755277989,-8.972937066649871,null,-9.137227928224302,-3.5851540558484327,-8.276240096756847,-8.81797421578006,null,null,null,-11.875061429799402,-11.719595454119926,-13.464450469527435,-12.039389343216817,-15.401505668877121,-15.488385510435467,-7.686437412351398,null,null,-14.39296602693874,-6.2613097319851505,null,-16.48379517264131,-15.903696229963268,-15.095772170989633,-16.146540352928998,-16.385167133674713,-16.340289584666614,-15.604983511681287,-14.449703040708062,-16.080607612696518,-14.59359776707893,-14.187829857708927,-14.27654856022418,-13.443640003649133,-13.209824582217436,null,null,-11.684216199406952,null,null,-13.86898025818545,null
-10.314051468104639,-13.418352201210034,-13.085678415349799,-11.602009378878302,-10.39066110673641,-10.320875484186931,-7.36382645186004,-1.1735262410271499,-5.681053761290404,null,null,null,null,null,-16.354437010940444,-13.297655716347464,-14.157991550993323,-17.65166355111201,-14.93687354976255,-14.810844773466968,-12.023939877247152,-14.847758693397052,-13.74413796912296,-16.33803367485782,-17.556912096454617,-17.765205428871788,-18.642535529924153,-14.302675751215325,-12.949222323724598,-13.465821540406248,-16.7013186535478,-15.144581302251174,-14.952663884112358,-14.573217480797082,-14.205792018662581,-14.276392984510363,-14.062568476435041,-14.136271501618127,-14.168363549489003,-13.216456218910878,-12.471995873537121,null,null,null,-8.925362475687484
-13.099578499938755,-12.804982002090892,-14.553380682687997,-12.711797113719747,-15.27012705421775,-14.057166996473217,-7.815236905465922,-3.4611569698717917,-0.402203368408963,-0.3713186425184513,-9.425076034958778,null,null,-14.431623162265053,null,-16.475492957577877,null,-15.58766684420945,-16.813669101347042,-14.810831064575208,-16.0405421382874,-15.412971825655795,-15.897044938613677,null,null,null,null,-14.933469738604003,-10.039039689913455,-10.808917495139527,-16.473431835527833,-16.62111988158989,-15.306813545085097,-15.643859948187913,-14.211451270542238,-14.261264537522768,-14.120438915231789,-13.826527684242462,-14.779691492234564,-14.978964555090009,-13.948872991885324,-11.674697587706776,null,null,-3.6282905184796217
-8.605080360742623,-13.169796316721698,-12.123405655258434,-13.940287320780946,-13.904866219590785,-15.27403537572925,-11.762072119823475,-8.374573698501225,-2.8726437717309725,-0.08646712920037247,null,null,null,null,null,null,-14.161445446760231,null,-17.080225226457593,-16.892693347923274,-15.224462689153267,-15.067070880175987,-13.14498282139883,-10.763211592569727,null,-12.903292050134953,-14.483346987227268,-13.856982798456311,-11.073733093703465,-15.254338262492341,-18.82944055513034,-17.901653264271353,-16.37953595514915,-16.474971332735777,-16.319949206605923,-15.003132180691804,-14.995138407634428,-14.583049752068078,-14.20673329169906,-14.569978188103697,-15.141144734490403,-13.125751057373865,-10.257257066291434,-7.893090757045431,-8.666547340478544
null,null,null,null,null,null,null,null,null,-2.5967824077509905,null,null,null,null,null,null,-12.421908618639668,null,null,-17.265157408125027,-17.321257877412144,-16.832077742761516,-14.535953444507065,-14.465312455266902,-12.977988984046025,-12.212305103702477,-13.504064496895797,-13.615595836818663,-10.997535236060804,null,null,-16.600136685847943,-17.09922559486652,-17.483582560695034,-17.397668575967423,-16.12258651413346,-16.231024543065168,-15.226336518429541,-14.384490704504415,-13.125392346955472,-14.393975024737525,-14.78911098120062,-13.03104003736723,-10.495150960070784,-10.180277607603747
