public/json/wind_2018-09-1608_925.json
{"header": { "discipline": 10, "disciplineName": "Oceanographic_products", "center": 0, "centerName": "Ocean Modeling and Observation Laboratory", "refTime": "2018-09-16T08:00:00.000Z", "significanceOfRT": 0, "significanceOfRTName": "Analysis", "parameterCategory": 0, "parameterCategoryName": "Currents", "parameterNumber": 2, "parameterNumberName": "U-component_of_wind", "parameterUnit": "m.s-1", "forecastTime": 0, "surface1Type": 160, "surface1TypeName": "Depth below sea level", "surface1Value": 15, "numberPoints": 4800, "shape": 0, "shapeName": "Earth spherical with radius = 6,367,470 m", "scanMode": 0, "nx": 80, "ny": 60, "lo1": 109.0, "la1": 20.0, "lo2": 116.89999999999955, "la2": 14.520000000000117, "dx": 0.09999999999999432, "dy": -0.10000000000000142 }, "data":
[rows 20 to 39 of 60, columns 0 to 44 of 80]
0.9643456901029291,1.098577145741377,1.1459289914761657,1.2567567841523992,2.473815351375621,2.1982252152389528,2.5398184671430806,2.457541680910417,1.0514854369658937,1.9388383459239489,2.89088181960484,3.0881913881223344,3.629133615036205,5.864324841045982,3.943497280075848,4.970615601380442,5.73809039617365,4.882140838784748,4.2997557102827555,3.9834729135892206,5.397381969742832,4.022265130727614,6.112647594619307,1.4918724038315194,1.4054474439107074,2.131982849012647,2.5217247839263592,3.6876824456263058,6.400206661578176,4.143919821114155,1.0448623742412035,-2.0301345588302184,-12.018045453355233,-16.74505722199944,-15.483061297051238,-12.971305849231813,-11.427095275792134,-11.89456584130364,-21.537761637517214,-22.433108145436737,-21.50650175000332,-22.692659386623596,-25.302624914048756,-26.28838061449574,-25.672697869612847
0.5511872559246133,-0.2575005398122953,-0.032309400861321474,0.09466527378421077,2.5679640436209827,0.9518042738386377,1.9526801510568004,1.2340452093654453,2.680370758647546,1.833618347446359,0.3196665712729889,3.0759014321192617,3.397524708781375,3.8273961339370928,3.558923004398414,4.29508595343395,3.9207907273504805,2.0484218693567797,2.8873500487537815,2.176384669891111,2.44673704159288,1.5160582231315618,null,null,null,null,null,3.391768354831388,2.8228713213730017,0.9112833200934196,-2.8838313388967207,-4.163446022410471,-11.946893773338854,-14.38240245715046,-19.31997411929596,-23.907118624930597,-22.28243266679982,-23.323852620410587,-25.609988107503778,-22.969624766344964,null,-27.66734786685595,-29.5917299166055,-29.738295169752636,-30.678453130759387
-1.006295070226733,-1.5833440614091487,-0.5391711761019699,0.17443957529383272,-0.6941379585747897,0.7353044582119151,1.2680145104395226,2.764871496942438,3.0914607656180833,0.7631556402289148,-0.5052450799755864,2.3405046762192123,4.602763671077218,3.8624570247813077,5.475864565945563,3.548776035170463,2.455469361228528,0.5138049398032912,2.516128089086803,0.588196662730466,1.4752276195974725,3.2332186105812877,null,null,null,null,1.2821559490510293,1.8039276526371604,3.63919190366498,-1.2417619112282918,-3.523909039710922,null,-14.553818800600649,-17.758508218447336,-26.796812243238712,-25.91181903331897,-26.12763116221794,-28.176029029053847,-26.940219974986892,-31.261751844640308,-33.34118092541648,-33.82886197132273,-33.09050855734921,-33.357295314894394,-35.04816465363538
-1.9208855466862056,-2.22524024332878,-1.382561526433042,-2.1966471858137964,0.11909938419973096,0.06762138877415307,0.4846465545194688,2.0851202308927577,3.7625549691891185,0.46065906641523563,0.7826847461020487,1.9568500991148106,2.326027097585867,1.3289485274350663,1.2164029199462534,1.3534012387531922,0.5822288578712864,0.5853791366277812,2.1394788688340918,4.269422800647186,2.40825306587223,2.9792245099635295,null,null,null,null,null,2.8262368219954745,-0.08876987614131505,-1.2891525404152584,-8.260363655437795,null,-10.100487511966556,-17.545369512850993,-23.96592993870149,-25.389134118691384,-30.376807246290173,-31.573905368643985,-35.2843179616302,-36.57600495547115,-38.45568143808626,-39.7815911523356,-38.55166018971516,-37.35616209678502,-36.264056661510935
-2.989267069103932,-2.694106370459831,-2.166260165914988,-0.7875594499199874,-0.024119461702834757,2.464496993600452,0.7461033463996789,1.0930697142524066,2.1152569353972224,5.3358040656196195,1.9346379825376334,0.08312915551620964,-0.6130072747772476,-0.21733095359769342,-0.49984120987604425,-2.136869333443731,null,null,4.123236649118911,3.2839909853152878,2.787242261695347,3.18795311169512,null,null,-0.019893562689790492,2.313469709831385,2.0690919260277805,null,-1.6424868791011704,-6.186447986681485,-12.809044146115088,-11.279244607532286,null,null,-19.494198571682887,-23.610246057079742,-29.07527498516749,-31.785813002817576,-37.90591177502519,-39.39033956664295,-40.226822821756905,-40.43859116009401,-39.04033909571414,-38.167526325333185,-37.26350758582788
-2.3895865622094523,-2.524243047679835,-1.6659094379734238,-0.27361317242911054,0.07075837483786049,-0.7295393209128118,0.475189488800826,0.331400129992489,1.808210635330114,5.636772008596836,0.9326480672419958,-0.9132340027467349,-1.8466479222536942,-3.145912702139083,-3.7642373910423617,-2.8252443855525566,null,4.428909774070476,1.7632168479361168,null,4.050231592897233,null,null,null,-0.6254779919015934,-0.7105682999428854,-2.5583317635663887,-6.106352985117953,-5.193440723131633,-9.827767278796621,-14.018413469325676,-14.555617941206911,-14.671673160044715,-16.366279989319704,-20.58450987012005,-24.758495197964496,-28.42814769472083,null,-33.121495206238535,-34.319567783500645,-34.61706360529252,-39.211673856723685,-39.19859797995233,-38.998664675108536,-37.866821629201326
-0.7987995565513829,-1.5356603621275629,-1.9042342664879435,-1.8565414075905529,-1.7664868408184498,-1.2613104438012495,-0.7972550313421233,0.5444511763292754,1.293922418888674,2.2066756528392864,-0.4614115667208366,-1.005081368512381,-4.850627587233285,-6.067780271925977,-5.074573024957651,-3.970454937501972,-0.8084205300094962,1.8093630140002674,null,null,2.6992540432760537,null,-0.41243006898506707,-2.0801111495765547,-5.012767550488584,-5.7217215589861725,-5.839490257054985,-8.19014334837194,-7.688812247828692,-11.604185943318207,-11.724599707233544,-15.316973612118204,-16.912865864510593,-20.858446020903298,-23.98685881296644,-25.348940268889187,-26.995869430771037,-31.40213373258122,-27.43149058861423,-36.145705786338155,-40.137559770261525,-42.36445160492006,-42.15440788522639,-41.42604574955244,-39.30375878206942
-0.40498227918179364,-1.5781462807294788,-1.969472517423643,-2.849136960597974,-1.9633963887918446,-1.139451715982641,-1.254730804133799,-0.8257632504705896,-0.2864716063648184,1.5033045421356093,1.6950418873935924,-1.9913570385601806,-3.1250789210555645,-5.638773982624599,-6.541646166511384,-4.362530833241465,0.13550467844414665,-0.26196157016548166,-1.0621865355116968,1.2286995390767699,null,-1.7783233154006566,-1.9975230468691492,-1.3827690501275907,-6.838258277469763,-5.472222518218239,-9.624568349038748,-10.80552937565049,-10.670043843264175,-14.373954719238505,-12.17919853684998,-15.188000734109,-16.375168270629924,-18.465752749941068,-22.04824346423346,-25.913490175455635,-31.141551113960237,-31.219451033019094,-34.272131037686904,-36.5808969502952,-39.091594200125755,-41.1337499284424,-41.83572019260259,-40.19645310201196,-38.94532633967392
-0.536613514859404,-1.9854691461323122,-2.706295585031335,-3.4595350625977694,-1.8207807512190797,-1.8427629876488094,-2.0490028806571847,-1.4280364057085495,-1.2643620899827164,-0.4803375441482514,0.6905287103940336,-3.89723990483877,-4.318610563834407,null,null,0.8696815758807159,-2.2113550539320035,-0.6535495780930397,-3.3546529931645526,-3.302427437980915,-4.066391249556762,-4.395125566801616,-6.4832701981461796,-4.745030311881717,-4.85665926184853,-5.07689620663966,-9.935367130013637,-12.156965823168552,-12.188898099437314,-13.780670383768035,-13.838356486960329,-12.50667551381482,-19.95356119972495,-22.763278939059354,-22.579367332602033,-26.228845519211532,-30.471131444382973,-32.977501654521625,-34.68090335051336,-39.933527633334116,-40.66112833388851,-37.159404380617694,-34.94721932260749,-37.97216161850301,-35.87601342481835
-1.0955663910607414,-2.8143009397503134,-2.6351069718036224,-1.2583075964429886,-1.3827004224212578,-2.9245659327112925,-2.4851765391876013,-2.6464893142123067,-2.4667028203907577,-2.3702662149150786,-1.891020613012663,-4.944788712992535,-4.900231197787501,-1.5655685092848812,-2.422044510511864,-0.42847310542729417,-4.719541011133163,-4.203336355339703,-3.9656704133713134,-4.054350676101546,-4.856498816624591,-1.9279720157694527,-4.154795578823827,-3.732382682207589,-3.5211651385246654,-6.790975341022243,-5.5159690407523865,-11.434375881385314,-10.933619055709354,-13.418935135481675,-11.853203042967188,-18.041455587802986,-18.862554685420132,-22.860279240179537,-25.81334460890416,-29.679675754326475,-31.571899595670477,-30.009331153649093,-34.35750716310692,-38.472264706090286,-38.014998323651454,-40.40753491101767,-41.17124428293518,-37.674190794757266,-41.540031910038664
-1.2011177120111076,-4.343076745835369,-2.370581002002273,-1.6763621128951316,-2.347270099503725,-4.7819135662111965,-2.5922290656530076,-3.575083425720573,-3.45477235087985,-4.960909541581694,-4.18880239993237,-5.3936464206455526,-6.683004458165531,-6.420730793998892,-6.013845279013538,-5.463988491872333,-5.869674842416754,-7.747427733968949,-4.639838120315112,-6.512205322945475,-5.279027704721384,-3.798852310529063,-2.603532611162906,-6.976557334866536,-9.383308901093914,-8.332179124990121,-9.171641783414513,-9.660808113328173,-13.400097193311161,-15.496361888350737,-19.502552486135578,-21.663038625037053,-22.45493652084292,-23.04402180781281,-27.350114787066886,-29.41233528013148,null,-30.337780199827616,-33.94563120860005,-39.57462656124404,-35.2243035491344,-44.277861792306226,-41.350313009863335,-42.10000838569192,-41.56721511041852
-1.6113781548705985,-2.5018461221599217,-5.295631871131164,-3.554387668802559,-4.228664357920049,null,-1.073459417333855,-3.018767564830971,-3.4582378929208484,-5.692126407528629,-6.1724155997202335,-7.753019100128888,-6.426528671073916,-7.4765226560363605,-6.546361435035572,-6.8080134053197,-7.176873695665492,-6.583636226195093,-7.590993690982705,-5.913620894987252,-4.418160929614099,-5.900369635868269,-6.811869530562817,-8.971478196061387,-8.66181893251175,-10.936390136151042,-12.401232251305231,-15.379616983674008,-17.36685023465146,-18.4925050217732,-14.924924901438906,-22.05620294972821,-24.386087727967034,-26.25027937431106,-28.53000615466108,-28.031557830644164,-35.14896999622142,-33.903703703161156,-34.92251834501124,-35.32066148509672,-34.746228442421696,-34.169767048319436,-33.03445566687287,-35.66088523549122,-33.119109091417116
-2.1980796504196145,-2.5153415605880207,-5.385239164288357,-4.767032491873871,-4.567046190934214,-4.07890444144958,-1.762761541571898,-1.0084177106551917,-2.60541270615359,-5.298104811958242,-11.727904188318046,-8.397696473158744,-7.548288678403179,-8.538001301640652,-7.933961918341113,-7.472384872348878,-8.12058440598402,-7.031721190579657,-8.107466650425597,-9.324422110646712,-7.507185099561959,-8.113898136578161,-9.894820667142577,-10.982985302328238,-15.483176748329084,-13.805428443791305,-16.106499572856485,-12.630141898247636,-16.099509295086264,-21.223759139601768,-18.346742497950373,-19.112049094365123,-26.147603061709344,-24.031118345021824,-25.975309878658535,null,-27.180748233468393,-30.476275595424724,-31.382580807809088,-31.680347588313953,-31.480318025347632,-29.661586348969553,-27.26605283468562,-28.70346686907945,-29.98596790263745
-2.552742658226077,-3.600388691332572,-5.3243229455341625,-5.566432762151961,-4.175568999223838,-4.63873136347172,-3.047165370045355,-1.928973074437532,0.2817449610273818,0.6275202338472636,null,-6.744938430207004,-8.233190843064664,-8.836373990004263,-9.903818983871826,-10.856577059818555,-9.061757782890279,-9.05827848374958,-9.472371648974997,-10.687101944687019,-10.137568324896586,-10.908698925608768,-12.485567205826559,-12.716649773779485,-12.495117757425215,-13.456144274057504,-14.265872336432757,-14.227088275564137,null,null,-15.367404696172182,-19.62230155322226,-18.749794559586494,-24.526398147990243,-26.197701571138055,-32.441297234520654,-29.303430332860884,-29.199361763494302,-28.200333664624054,-26.58235273090959,-27.435760065358963,-25.084395240578626,-27.99260752079116,-28.448079103291988,-29.971686660942378
-3.33219619781687,-3.4875092571011415,-4.859626621828831,-6.078483696622765,-4.302304033135074,-5.378515652284369,-4.149554702409487,-2.507936676765275,-2.495740640991731,-1.9355540191662453,-5.354765821756464,-5.9812968709459025,-9.580441339155364,-10.734851520166773,-12.14130861252239,-12.604383996035834,-10.610236582143653,-10.842801754834811,-11.66230950284342,-10.84208289068408,-10.258744888210654,-8.973033964477619,-12.006454022080439,-13.188503353224652,-14.165698262064536,-14.604003254083256,-15.856259063251033,-12.391859537645926,-14.78157922161503,-16.279044137258687,null,-16.197530284490483,-16.979242368270892,-17.760021747875722,-25.462195364673867,-29.0825503712193,-28.290834913055104,-26.64245017478383,-25.447019312953255,-24.78985696162316,-25.653957541180457,-26.372603694419414,-27.96148443944474,-31.499483126851263,-29.75291031626085
-2.8251038661963093,-3.282358743388726,-4.3092896194119845,-6.494190288242557,-5.974296132047876,-4.36473746036383,-5.28548577727712,-3.8343093394974415,-4.4494358245621015,-4.417971107463786,-1.7978430800979872,-5.3968692529871385,-14.071000502612774,-13.165787246897231,-13.246692655255298,-9.48228764219413,-8.957388135167765,-10.781412820247375,-11.82987635013432,-8.168213788164719,-9.102015577567112,-10.337242665802545,-14.264813465903945,-14.77844193095887,-13.879979731890206,-9.6716738302411,-12.786171266998991,-15.349784370577137,-16.94453372874632,-14.826650297199945,-15.982787004540754,-18.08303608463349,-20.71310356662815,-22.737803779503324,-26.299656504075,-27.225478493700905,-24.81555110239485,-25.87292773825203,-27.229897466740283,-27.200708896472378,-25.655525008958108,-25.747625505157448,-26.694248254401238,-29.28332745421354,-32.7062703974703
-4.387876815335025,-4.619141810751454,-5.307959075324324,-6.753595973582275,-7.162108414667175,-5.205135346280868,-6.678842590809477,-7.10008175922001,-6.055537267777699,null,-3.9328049048893736,-5.457761029781311,-9.604658232064791,-12.819369832436696,-7.8056441424470915,-9.101484965887261,-7.616026860767706,-12.28931782414079,-9.875052649701924,-8.6061092201049,-8.558725458863444,-10.395898060454705,-12.183625551970039,-11.692923758171084,-11.435364614909952,-11.099740315050315,-12.672134177795662,-16.307477309283637,-15.751958028279564,-18.500645827234152,-16.870519613696253,-18.446600213737597,-18.489998152977893,-22.327352147256573,-20.237034043064202,-24.791721688356812,-21.97165258881129,-21.76110786514877,-15.143624426995792,-26.573237003753242,-29.585260148169965,-25.99463095981812,-28.010895280111168,-27.776283175440113,-30.765286829514814
-5.599672010510351,-3.4117632538547893,-6.420277083334659,-6.8214598794467864,-7.306336837625629,-6.106543616351808,-7.949952156880871,-7.146758546980599,-4.345050658970111,-2.3774544434646248,null,null,-9.985798768315707,-6.953850459475552,-8.63525362260948,-10.68693877300855,-8.422740510645012,-7.286076014585479,-9.6770068153571,-8.646817953952743,-11.176868959707035,-10.744340950838442,-11.910121279860842,-8.556263235433313,-13.160213025380635,-14.20086375243562,-13.40573766966839,-15.326841071761585,-17.29268937504834,-20.698911976428686,-15.17559940158732,-16.953805124803903,-19.812011751188315,-19.630906725179603,-24.100240488571703,-22.42465960462809,-22.522794324885403,-23.084326469080917,-20.836440171813962,-18.57160954678828,-18.394365889788492,-20.358094462987424,-22.51671672355143,-26.48541829333922,-25.500950682052583
-4.180680100497993,-4.398128330658063,-4.872209745136999,-6.986659977817584,-7.183086118992461,-7.047568517327958,-7.501519666400547,-7.72050131424016,-6.9305381834048125,-6.012558652977645,null,null,null,-9.60561187220793,-10.534826215315327,-7.617793042436,-6.890920996618323,-7.29919316492396,-6.446316142919896,-10.3992319890755,-13.280444402638924,-10.607813515052513,null,-8.927935694524434,-9.952899484546396,-11.229037029579189,-12.450125297499067,-12.309949839009018,-17.020413399798976,-19.040502861587747,-15.090198547502565,-19.198445883101876,-23.182906589382135,-22.092051695198993,-21.437977883030342,null,-21.58148293818055,null,-22.357064976764306,-24.020513307551163,-24.777247242851665,-24.510398822105046,-19.996365991400054,-24.25638529335176,-26.980866992917086
-4.253538351677837,-5.047065722848756,-4.016488929452498,-7.023720277952755,-7.279626085340039,-7.688909441632436,-6.377168942991217,-8.609999995443639,-7.303016903722796,-7.22026177916414,-3.7882163123099764,null,null,-8.892215778017622,-7.970260554438807,-4.460234035788851,-7.174885640514885,-8.166729365872163,-5.680286693175931,-13.343998703841734,-10.68404119696255,-11.580259811243886,-7.572018570093828,-3.7233269943140543,-10.580777266373197,-12.608793379406048,-17.150948668186686,-11.50781611130498,-16.345080970044968,-20.301490819694585,-23.36918116140609,-19.319790081953848,-24.663915715288926,-21.924035172187526,-23.340983942692272,null,null,null,-15.785896159444285,-23.419180820131594,-22.804690999655726,-23.101221216376363,-25.59253201068619,-26.99870320068684,-29.19949045047804
