public/json/wind_2018-09-1606_950.json
{"header": { "discipline": 10, "disciplineName": "Oceanographic_products", "center": 0, "centerName": "Ocean Modeling and Observation Laboratory", "refTime": "2018-09-16T06:00:00.000Z", "significanceOfRT": 0, "significanceOfRTName": "Analysis", "parameterCategory": 0, "parameterCategoryName": "Currents", "parameterNumber": 3, "parameterNumberName": "V-component_of_wind", "parameterUnit": "m.s-1", "forecastTime": 0, "surface1Type": 160, "surface1TypeName": "Depth below sea level", "surface1Value": 15, "numberPoints": 4800, "shape": 0, "shapeName": "Earth spherical with radius = 6,367,470 m", "scanMode": 0, "nx": 80, "ny": 60, "lo1": 109.0, "la1": 20.0, "lo2": 116.89999999999955, "la2": 14.520000000000117, "dx": 0.09999999999999432, "dy": -0.10000000000000142 }, "data":
[rows 22 to 43 of 60, columns 0 to 49 of 80]
-16.907637970085155,-17.271483477341892,-16.65500666576071,-17.723429235782387,-16.776013619969792,-14.783444679134579,-15.93586320014561,null,-18.392077952870075,-25.421626673514943,-24.214413941665896,-17.21758779245673,-16.57854277678525,null,-14.97773269399694,-22.39310411331394,-19.18719708910684,-28.328869766738222,-25.631983162550114,-27.83276260284696,-24.37373119602733,null,null,null,null,null,null,-31.06660582781864,-29.903462968794006,-31.216704058557312,null,null,-34.578231716372535,-40.90076259293285,-36.677540587803236,-37.787342568408164,-37.54883438676658,-37.68793018619904,-33.872330238062986,null,null,-26.648766486681083,-16.504066211503716,-8.129224313365842,-8.362273488317268,-5.6722005229372545,0.5974139313581763,3.8978428535506087,6.921171059783458,8.473471667023786
-16.289016690551595,-17.27009822367696,-17.631260821725714,-16.34454047748807,-16.638898295661562,-16.603257137655834,null,null,-19.34958723729154,-20.18989063539598,-25.571209608512945,-17.71358660460964,-17.223885443608197,-17.262538451309926,-15.318672954656892,-20.390580813011002,-23.728215522755228,-25.809579327246038,null,-25.51127218189373,-22.791013121546705,null,null,null,null,null,null,-26.14439134166441,-28.383618368540844,-32.05486796084574,null,null,null,null,-38.92252129484802,-35.56767353328194,-38.4455711965229,-39.15190260093663,-37.583988486081466,-32.700044526705874,-30.881299459872587,-31.820259495283064,-23.512764317620338,-15.005167405679058,null,-11.325219827474365,-6.163913403633911,-1.3276239791801356,3.472942560798807,6.575880989612023
-16.271395356645954,-16.952430873131217,-16.856937998656615,-17.087121563829733,-17.954067391302996,null,-12.877130368613837,-12.744940155152909,-13.086437878160343,null,-23.393772089482603,-19.495474078708938,-17.671606659199405,-16.661778787483897,-17.0201457753664,-22.75272722894273,null,null,-21.410890235174033,-22.493919913993174,null,null,null,null,null,null,null,null,-24.352569156744487,-28.462500782289332,-27.47867203511875,null,null,null,-35.621322850723956,-34.13867321854876,-34.873389077803736,-40.23859921014597,-36.89655624870957,-38.40574418723745,-35.76640761451675,-30.904897201825882,-24.385472185407508,-22.322022961843572,-14.998955301014636,-10.438087248933341,-7.668065531784071,-3.4986964379812173,-0.8899876771347727,2.7043326308037385
-16.51966772196672,-16.761083641021557,-16.651319285607084,-17.325735199334122,-16.737096214491316,-15.987421899970283,-16.10654086734683,-15.390191714863029,-9.154233778646061,-11.901021501379844,-22.258128902826524,-22.90167723478518,-17.31318001137574,-20.276782114510116,-19.923998227397338,-17.914616569910308,null,-18.90110780889535,-21.027089571672267,null,-15.998486639286892,null,null,null,-21.404275323484956,-22.67887551066977,-26.115205116439064,-22.22971432428386,-23.995846653485465,-21.75656181494096,-27.679876588397995,null,-31.39319701319525,-23.562137130733863,-36.029998009379284,-36.22483458769642,-31.22045533955758,null,-38.188673430464036,-34.11419175180687,-32.477903818435855,-30.928390243003435,-27.26306257519522,-23.17912979294225,-16.326481971083044,-12.8220176980657,-8.945768121830262,-5.329032021994531,-1.4104209273677233,1.5956160106851256
-16.96217328842507,-17.744863992201413,-17.076706751982332,-16.267428018457554,-18.053664338369067,-18.436756212546126,-16.901838093449292,-15.629667554949355,-16.74325499319747,-15.540674092528766,-20.34872745897527,-22.17092512804035,-20.341495947631902,-22.004035868058953,-21.439306488617024,-19.687656599737416,-22.154760854928494,-20.24035155702825,null,null,-20.71279777031714,null,null,-19.642550538790022,-25.288978011306288,-28.005792990375824,-28.075528201842367,-27.602412479895285,-22.243728241454722,-20.719349024986833,null,-29.663882163831843,-32.33029573113804,-31.87889821088575,-32.89672495985063,-34.70320810423378,-31.72394696018996,-30.0361783723662,null,-35.56969880785905,-34.59086108545282,-32.5147843781478,-30.810213271751323,-29.8250447031117,-24.682986048174666,-18.221337366555723,-13.157986031090783,-7.297673502963677,-2.994517332453965,0.4671527116530877
-17.44080348756956,-18.615787318042862,-17.185370884941946,-17.344235148209474,-19.90023081091597,-17.973384042101202,-16.596050791841883,-15.450189562147084,-13.548962721434144,-14.285412207419846,-16.492727454769806,-18.13916072048921,null,-24.347650982482815,-25.12583618443677,-21.562995199231217,-17.02130028989734,-20.25183785037747,-17.535389731062182,-18.891814744693015,null,-18.133731895364548,null,null,-25.693295133524913,-27.722182086231836,-29.524285816753036,-30.99164049376504,-24.3705422551907,-21.81055081203357,null,-26.19016206110619,-30.006238938607773,-27.684087096680177,null,-32.35194383644109,-34.78182227021761,-26.411950336310507,-31.829390967923796,-32.81267945163901,-34.656968903407545,-32.22938133471431,-31.392084875764212,-27.37385963793297,-26.860256396269055,-23.899806845582283,-22.482946952880585,-13.733543982868458,-5.611752529782027,-2.3042407019773856
-18.080329604272354,-19.371667107113186,-18.3707071729828,-19.193971019873576,-20.339195552019188,-18.394980392625907,-14.870526069698453,-16.256047176640898,-14.78844371657467,-14.134778989707524,-14.253463278797295,-16.512597474270788,null,null,null,-20.39537338127999,-20.778363436753427,null,-23.72615585524295,-20.696612630602672,-18.991788728977824,-22.735939293488503,-26.255147571937943,-21.541647439141045,null,null,-28.340647858352796,-29.320743836917217,-24.745905177722907,-22.332280805592347,null,null,-30.653302913041223,-28.128107988189395,-27.205188593946747,-32.934790083922785,-34.271320054809266,-30.67401368475077,-30.6167722341908,-28.755203851113016,-29.615401180000426,-32.62686397593911,-30.613925128719607,-26.471320562767488,-26.224395173792814,-26.868335563742292,-22.715856335155625,-17.613748104653894,-12.436775762345052,-7.741075236456508
-17.38826651977494,-19.4415429649955,-17.897902141486032,null,-19.527326517079864,-18.997777924179147,-18.395312538610447,-17.356331440501734,-18.652902947756132,-14.899184032782486,-11.0766067222455,-16.65598883829484,-15.085132683877838,null,-13.372090478290623,-15.847025130401054,-21.50908277653061,-19.769177903879118,-20.002950694089606,-20.49542819985605,-21.17904291559048,null,null,-19.876487739136042,null,-18.56930334078477,null,-23.580438465482587,-20.0184110860485,null,-20.06072992074857,-27.040169905149646,-25.316676541248537,-30.58636358800025,-29.687669166745856,-30.225437777189672,-31.898748407315765,-32.28249399737065,-29.146258681712418,-31.21787767192424,-26.556822988680118,-26.37562095387492,-27.066583625394664,-25.611174311827348,-23.830003065171375,-21.143060984855676,-21.668779831778007,-17.73184991843379,-13.524189445822373,-10.503727492435182
-14.52715703541691,-16.724168748262176,null,null,-19.891012239547656,-24.293922731296508,-22.166443371908244,-19.678070931052034,-20.315962570527645,-14.820510236913638,-9.441371619381444,-16.969951901852795,-17.8972000475569,-15.386412786305355,-17.246900877883494,-17.196180136552883,-19.95564746749013,-21.45044447343119,-19.46487191787094,-22.055058795401568,-21.477744876002603,-16.264920619809644,null,-21.786052406294644,-20.09123510432046,null,-10.925882769641994,null,-21.54149270095843,null,-26.915092134562748,-26.398277985065125,-31.228119204144264,-20.78589105673176,-26.615608711693294,-36.95407025697194,null,-27.45334627104166,-30.001300020090483,-26.54705243166566,-25.59984672603,-24.06523787102581,-23.09152009158321,-24.05801199170581,-21.258682605870387,-20.49035438366969,-19.786749303762893,-15.459740531913608,-11.890776195349336,-8.848412149183545
-14.429757098492097,-17.919539414227856,-16.13434543972825,-17.774360023728637,-17.612561446834388,null,-16.542207730366748,-23.044444982364666,-20.401546836763263,-13.195844716456008,-11.802312023362367,-18.7670484632635,-16.874035213240358,-16.174938916888674,-15.979704021136174,-18.37860566252467,-18.862938249412885,-21.48081921037261,-22.832279125613827,-16.68747673961597,-17.02582689619492,-17.525553219638816,-15.216560338759143,-17.555202492750702,null,-18.537467205166376,-19.68315911306557,-18.263248843886714,-24.742655124858913,-20.616144372496702,null,-27.754572420511916,-27.133013067007486,-27.088788637813003,-29.969721986072297,null,-32.84175366994318,-29.573967418981272,-28.820956862849044,-27.15455188190236,-25.577431437440588,-22.736464588956146,-21.813451059569555,-20.28570768584519,-19.10011578703711,-17.451147326074633,-15.11777510284346,-13.730065572925959,-10.868153966167569,-11.393600565410363
-15.479853429375696,-17.57677013446446,-18.550454420901644,-18.92695373160805,-20.156526173350876,-17.447149352608847,-19.16654900541052,-18.135964037181992,-20.26221788282543,-12.169935953353422,-15.877293320404116,-18.637606869137574,-19.60167876835807,-17.687248950168094,-17.89363635332698,-16.48384675025819,-17.67656276754912,-23.112409459352413,-23.56821019846967,-21.056623816661112,-22.343573911467136,-20.189055525623665,-16.485082016597808,-20.949752431038227,-25.05154902680091,-23.0463674654654,-23.84418955301744,-19.86362778300802,-26.24691196046371,-26.75446495834866,-19.900793426350628,-27.676402551410572,-28.37370881274211,-24.862503836548928,-25.923799049938125,null,null,-28.04216473773781,-28.756833275239714,-26.4568678045445,-26.122664252596543,-24.011721220988623,-22.11939851362072,-19.753383875498052,-15.686185249348705,-13.7162881343692,-13.596948564546578,-13.448949521847265,-12.929153957253565,-8.893300474153058
-15.01618529113898,-16.932624233591877,-17.965303239145303,-19.618201904621717,-18.73950881612281,-18.762130007493408,-17.16951004460646,-20.09020113441373,-15.776014915444236,null,null,-17.955635545328533,-19.756324460604244,-19.28778827737474,-19.001261651761375,-18.64591999513071,-15.497483631691251,-22.180130673214425,-23.043433596602377,-24.546120864792343,-25.085548439170335,-24.80149286479191,-20.803004273940324,-22.52815383167771,-21.586018570092637,-25.531003275153502,-25.19507985682251,-21.941538194420907,null,null,null,-26.721860049825608,null,-27.749924219405344,-25.342557086978992,-27.382294961836035,-27.944470192091856,-28.140590257816676,-24.737898044677973,-27.80265159219738,-26.627024894371104,-24.727375950848145,-24.536537537346977,-22.61468779422601,-17.827115513105763,-15.300149021513443,-13.10684259743307,-13.259056799752786,-12.915660096288216,-11.395875791887008
-15.366534114891634,-17.179208494277752,-17.66908709031386,-17.99683294605984,-19.757517268234363,-19.356919388454006,-20.92465215033961,-18.771233444548873,-15.385218547157137,null,null,-15.305688312402669,-20.405347510140803,-21.95287697794038,-21.800423048393842,-21.348190536580137,-18.57294870298978,-23.50072239038212,-23.457320520484068,-24.787278654550967,-26.047035781032832,-23.336624130445028,-20.199753463603432,-23.24088503499403,-25.56135835927443,-27.187263508116605,-21.830903556692792,null,-17.834844978855923,null,null,-17.156850996786332,null,null,-20.183889447670182,-27.15519080033016,-25.308688172130235,-30.366267018832463,-26.963691692651526,-26.15361521830395,-24.21020797950467,-22.38128045824555,-25.291777209022705,-20.987774121831457,-20.39270177512952,-15.147958383508554,-11.224322099276124,-9.740358519526014,-11.948024884500603,-12.517531721390997
-14.891883837694255,-15.785292377356274,-16.860010379249598,-17.68868265122048,-19.22392252225783,-18.269171103923604,-18.921351895166488,-17.386225280710445,-17.5116989940731,null,-8.794402470623888,-16.1890709060228,-25.345691277930825,-24.117460859697363,-24.14912350366516,-20.612674180836855,-19.587213750779885,-19.64880871779719,-22.096169270334496,null,-23.082717390576384,-24.67887145044113,-23.296481314675326,-27.39191096933296,-25.667828731452843,-18.239736506543096,-22.109578128845023,-21.820391379290307,-22.02719176057814,null,-14.979073941690473,-16.661134193943223,-11.904026277184013,-14.939638003616665,-20.75709002980374,-19.442962971743707,-19.78978148137273,-28.029786005183364,-30.878777119230403,-26.678447137703614,-25.971252817508343,-21.933517330194842,-19.193065620931247,-19.546316433818163,-17.416389620339,-17.011398277439135,-13.56141920771554,-11.077497865144379,null,null
-14.90233283907078,-15.264977198061217,-16.772314975407536,-19.202210230628598,-20.353556324877754,-19.01224667491894,-18.780742592034187,-19.97987164088177,-16.845913391981636,null,-20.331227304277398,-11.283698277594244,null,-25.621171472856787,null,-20.235008741341066,-18.875363663442926,-17.362160584178877,-20.552444564354104,null,-18.047169331196663,-21.9513113775961,null,null,-21.19192265174351,-21.222271513782836,-23.262293758355977,-22.002126478120527,-19.7497501079098,-18.88976531012945,-17.71584024434963,-14.867593056828978,-12.280352916647619,-15.919090366090808,-10.284059389626872,-13.4038885022336,-4.488541752849357,null,null,-28.62697297244726,-26.378929000012878,-24.05825247889902,-20.89120191298115,-20.330419789534137,-17.99083095313231,-13.969729423596908,-11.177850006277371,-14.994203985838991,null,null
-15.471464074135323,-15.03409521469017,-17.664268649530246,-18.895741640819207,-19.13187263594576,-18.593016972898535,-18.75880175450009,-15.971283410708061,null,null,null,null,-14.443689060682942,null,-21.876219001554407,-22.581870134554876,-20.23176242340713,-14.365063100719647,-19.95523859907174,null,-21.421805205880986,-23.431783067377673,null,null,-19.133295626187802,-24.063212749058668,-24.03542217724922,-22.438599555565602,-16.040266141839613,-21.194553227838714,null,-15.343614672825339,-12.88102188022339,-18.20137335200245,-18.15571291439626,-16.24915403418292,null,-20.54860892744639,-17.439121594334196,-21.213813608972607,null,-16.770695139712934,-20.05932268094132,-18.31712229489239,-18.548380751164807,-17.166753274651036,null,null,null,-8.187768190913777
-14.851827592843405,-15.012075654588362,-16.284503726630184,-17.923449394978487,-18.435857932215107,-19.15764653652143,-17.3853733177065,-16.75420875660418,-14.8481220034704,-16.843895443134404,null,null,null,-21.08479533719553,-24.462742299024995,null,null,-15.644755865054723,null,-18.7749060906541,-22.47488521061551,-19.06706955054547,null,-18.514111327584086,-17.931893719291217,-22.138201815216142,-20.834442548525477,-22.618756515184778,-17.31386617881292,-17.81253455527728,-17.69329197037017,-19.34029273010244,-18.183653695598547,-20.665127250380493,-16.386763917336097,null,-17.495153168899026,null,-21.60596009390199,-22.805897254687423,-21.418059424515917,-19.068089263200903,-16.90031149995585,-16.070251316267136,-16.490088074218747,-17.86018726881177,-15.525831315184538,-10.901565079255612,null,null
-14.875049661884132,-15.20232165641248,-16.452123929512823,-17.630940675678954,-18.72969117986832,-19.540492819314146,-17.79509399036985,-17.707193422500897,-14.721255085563257,-15.693292487883387,-11.19026666499728,null,null,-17.99836418581594,null,null,-18.329515188497393,-17.46220429857156,null,-23.699274346401406,-18.142341502596498,-22.526350366804067,null,null,-16.132620643709828,-21.737567084039075,-26.652345673489062,-24.29387855976373,-14.95796265609397,-22.582793035747212,-22.965495496470375,-21.73110700092674,-22.253629974255233,-23.73512027833311,-25.437622715805652,null,null,null,-14.826721780829272,-20.564123220464047,-16.394149780324426,-15.855279839158932,-17.12097836223373,-18.137019494604015,-16.439076882908772,null,-11.967244443819549,-11.575251056984568,-5.819330988454025,-2.9183804360464904
-14.544215112826883,-14.473593337439999,-16.01328846749952,-16.397075013018775,-17.692679224011684,-17.898340682097242,-18.016673741225276,-16.97939495475112,-16.526631489468787,-16.07645722935945,-16.708181757546033,null,null,null,null,-17.96207128714438,-17.989528939577145,-17.591933129129604,-15.910336437366775,null,-19.072537628324195,-21.994647205409304,-18.51768785181453,null,null,null,null,-21.386600774538834,-17.44244357915244,null,-19.82521618079521,-27.02793135520247,-21.668263050288594,-20.465235157969197,null,null,null,null,-22.15881981882785,-21.201946194302653,-17.759095306778434,-18.094944855100042,-18.339199075106254,-18.549750122263866,-14.890335792927294,-9.98661777234959,null,-12.102673079208893,-11.868644103044502,null
-14.18267700755537,-13.413331555303865,-16.125348888189375,-14.636123562424725,-15.58369289024066,-15.836357711170873,-17.887023827250896,-16.065456581856818,-16.518194803496293,-14.894770858855242,-17.615385847150158,null,null,null,null,-17.942390636397164,null,null,null,-11.986136311290464,null,null,-21.069490971365433,-20.393419094989753,null,null,null,-18.56080617637623,null,null,null,null,-20.70455612484212,null,null,null,null,null,-17.282363671791206,-20.664666972953796,null,-16.994060485147894,-13.724733102224945,null,-13.185936428219858,null,null,-12.538197308589256,-10.943965675584769,-7.51598850592061
-13.333990372212437,null,-15.875520067228596,-15.215350343450464,-15.819321505157305,-15.856652647711936,-17.66101236022807,-16.378634008190577,-16.517473816644788,-15.590140230608629,-13.086260860952049,-13.866805779513802,null,null,-18.703820115016093,null,null,null,null,null,null,null,-19.278421278865032,-17.00987407067357,-14.001949904880046,null,null,-17.469431439176883,null,null,null,null,null,null,null,null,-20.36836471462781,null,null,null,-16.240759596952564,-17.46441200121629,-20.904174198613028,-22.86221961476354,-18.252824193257723,-13.633238006873889,null,-15.426582186788988,-11.093898097665278,null
null,-14.607280580195084,-14.964001483575533,-14.292918781501031,-14.084157590216256,-14.2706674624669,-16.045157683539955,-16.603761227254566,-14.805424696429187,-14.762403570096378,-13.760796724690527,-11.67473989322415,null,-8.994537513723376,-13.782869531036255,null,null,-13.552803943618482,null,null,-9.228430334706722,-16.837044946306474,-19.676697979003094,-21.354870238714156,-17.120487029156674,-14.60147778519396,-4.604213552905762,-17.46208883827623,null,null,null,-10.613169959806076,null,null,null,null,null,-14.71876535487815,null,-17.746127785915647,-18.601170049137632,-16.384690720244045,null,null,-20.223283620123045,-21.37990317675056,null,null,-10.251666919988676,null
