public/json/wind_2018-09-1522_700.json
{"header": { "discipline": 10, "disciplineName": "Oceanographic_products", "center": 0, "centerName": "Ocean Modeling and Observation Laboratory", "refTime": "2018-09-15T22:00:00.000Z", "significanceOfRT": 0, "significanceOfRTName": "Analysis", "parameterCategory": 0, "parameterCategoryName": "Currents", "parameterNumber": 2, "parameterNumberName": "U-component_of_wind", "parameterUnit": "m.s-1", "forecastTime": 0, "surface1Type": 160, "surface1TypeName": "Depth below sea level", "surface1Value": 15, "numberPoints": 4800, "shape": 0, "shapeName": "Earth spherical with radius = 6,367,470 m", "scanMode": 0, "nx": 80, "ny": 60, "lo1": 109.0, "la1": 20.0, "lo2": 116.89999999999955, "la2": 14.520000000000117, "dx": 0.09999999999999432, "dy": -0.10000000000000142 }, "data":
[rows 38 to 56 of 60, columns 0 to 41 of 80]
-12.769870932536634,-10.839400779044109,-11.024579018559354,-11.41709878318382,-11.641601056696622,-11.192386169225903,-10.757324835049236,-10.704068366926638,-10.694922995941614,-10.651389664803034,-10.107723197823539,-10.83202106957684,-12.512937379789292,-11.524097738891514,-11.155721139422555,-13.618043531957053,-14.298988303195415,-14.18303015674556,-15.348617638575671,-14.843186162507644,-15.286684320701145,-16.484195680896942,-18.744876010472467,-18.93361896071843,-19.55708997694309,-19.410563389424652,-18.59747283623568,-18.382499845369964,-18.392349827409127,-19.252596328208877,-18.33058133094723,-17.43458174109021,-19.052604589149876,-20.300869523941422,-20.411980693237595,-23.9642051116119,-25.68360587501444,-25.02072709252404,-24.118036125777827,-24.858859132379347,-25.39092596876104,-25.706445811130436
-11.983693051883067,-11.333609434778523,-12.212843961572702,-11.428843756912705,-11.225654014979021,-11.827244485166558,-11.287488362750764,-11.453121405020795,-10.831996956175622,-11.53252164739366,-11.199733635626702,-12.45498543661274,-13.011085500057362,-11.281338326839066,-12.476262442257712,-12.935858602335593,-12.911462164108496,-13.204593176504282,-14.537833671568047,-12.62019773807638,-15.527534471463763,-15.646419679872741,-18.015381591177544,-17.914281591077035,-18.55950212803786,-18.39444309733309,-17.75182421498567,-18.321837299355003,-18.08586799555167,-19.554967071313097,-18.423277129807254,-17.3370584207979,-18.39821699330536,-20.99919979030974,-21.168359557781255,-24.745410607416154,-24.889478715359935,-24.215078681670487,-23.30053539299849,-23.831880756473474,-25.372347481649918,-25.513127933023835
-10.624060367543557,-12.009744980010673,-12.147969134426592,-11.480907664956687,-11.456877559542251,-11.897375540047605,-12.142744154407957,-11.924962161064354,-11.706995684076526,-11.249224783251611,-10.63297132060924,-10.22998510114197,-12.056427534592142,-13.516920815700399,-12.933847729687157,-13.40622376450612,-13.062708629274667,-13.166929741612034,-12.2812468402866,-13.621087288169196,-14.716430206492799,-13.392575935677357,-16.83519625868935,-17.325929502390043,-16.77230938896052,-16.766860808860418,-17.538407970933832,-18.080479313580895,-18.063333766054324,-19.305123894892443,-19.096601811070176,-17.984555509955253,-19.431116232433027,-21.994964553409883,-22.207451480572328,-23.93747120419083,-23.330387222935627,-22.602654338421022,-22.3520844381152,-22.443790541197554,-24.11778990600022,-24.946394512444392
-10.288056926512413,-11.757938575723767,-11.634956021825385,-11.401754437729068,-11.698534186707327,-11.845758184308277,-11.76109973709838,-12.381206039425617,-11.972922702625095,-11.658162059774838,-12.446876823524857,-12.170572764333787,-13.376008789570278,-13.884245498090095,-13.56385521131439,-13.063717495286237,-12.422726459804228,-14.010272926664921,-13.416379077684365,-13.719895390090112,-12.47984289733677,-14.21880541770496,-14.407695473415265,-14.527140426014379,-15.695122649393003,-15.163073692831968,-16.54650338633153,-16.91960286927156,-16.070318823553656,-18.94027146539581,-20.216414651902067,-17.64502490714559,-18.492984703428625,-23.07397441783665,-22.598371486220195,-22.36444784587786,-21.71455351129968,-21.631964266321134,-22.228487091059517,-22.67077397773618,-24.039050206014902,-24.768146339428753
-10.274687547473913,-10.947646404792458,-11.779332630943573,-11.20376854651585,-11.365307422891126,-11.54312382734656,-12.328266591207266,-12.177298443853786,-11.933979151579152,-12.08846574994623,-12.571487439998872,-11.80199775959905,-13.587468387728824,-14.90137526009225,-13.45745583469903,-13.686099166772385,-14.000885230696321,-14.00094404339859,-14.304485024446405,-14.73358288991515,-14.90012049627663,-14.355832294257006,-13.742007063236365,-14.234426124706747,-15.811597259805811,-15.685808796889942,-15.838323498662309,-16.586844107330673,-16.96653779071337,-20.35835692160255,-18.527169728584525,-15.772518502711607,-19.939622856190468,-23.74299236137527,-23.36800296121753,-20.529995465092036,-20.429766385607593,-21.921373682588865,-22.155579152140767,-23.032121180004623,-22.41356050656391,-23.82490675745494
-10.416237207104254,-10.681622768126136,-11.578272377892716,-11.078683319844094,-10.812192617973775,-11.053477421377318,-11.713840716101698,-12.550636207847516,-11.923590818467908,-12.684284966718915,-12.250406348128967,-13.06497048525445,-13.229468024874794,-13.201526016685786,-13.19384734262264,-13.208654336829769,-13.947855689870524,-13.147592632574627,-14.271694824371732,-15.411487579630457,-15.842943874748698,-15.64246376710544,-15.04717783024005,-16.46617034798966,-16.759592637776375,-17.79222568554511,-15.973723167027828,-17.658919752988524,-20.142736479117104,-18.70849131772727,-18.796145833487863,-16.694846008520763,-22.635890539218607,-23.648042450672136,-20.88505322846276,-19.47947268570573,-19.3599552362999,-20.699698126282943,-21.345749634539615,-19.063402372485424,-20.544204419767432,-23.217855303590508
-10.445803396967378,-9.915327328358602,-10.570940822906561,-11.592071562175912,-11.419386907204856,-10.985918620773386,-11.180877440592875,-12.681228642015899,-12.796836694288437,-12.682533957031904,-12.836329109726613,-13.551873424058854,-14.225704119043636,-12.944565847641526,-13.488696836797038,-13.985970037554875,-14.144001289607601,-14.159510126702527,-13.892370420604523,-14.38695569137009,-15.666932499255289,-15.34829802282241,-14.628417265972008,-16.76526700094632,-15.604393857090004,-17.472678852045977,-15.210291035205294,-19.65671506168159,-20.517728815069805,-19.277111320073157,-19.5848346840466,-18.9291417678586,-22.222754921051468,-22.029649603290096,-21.37005648966785,-19.656294552833938,-19.454878633287613,-19.256426068050477,-19.33095760429795,-20.374941059480502,-21.812937878621035,-24.847176214262547
-10.162517207126275,-10.205335569186932,-10.441790264766695,-11.326418215062088,-11.332365946576871,-11.559930065110251,-11.426047463105412,-11.815500117117992,-13.328675368570021,-12.639676746364426,-13.257213416773183,-11.364861860690148,-14.64853702781986,-13.495463044276196,-14.26160544082794,-14.034862104006717,-13.291040514396787,-13.27863483186578,-13.07310498955336,-12.454018154276007,-14.945648397405954,-15.814217229577308,-15.194695273313954,-15.315433731821766,-14.875942923142313,-17.354273454184167,-15.960568236659565,-19.910787610300716,-18.666506908827117,-16.914789859256487,-19.419220670121952,-18.843962494846878,-21.481985089977897,-21.436611451917333,-20.810981968458478,-20.21996539055627,-20.46657929490559,-20.262065095595986,-21.48878240840886,-23.133290602302992,-21.9944235618946,-23.939231546764386
-10.450938496883438,-10.887662925198157,-10.182250066449113,-10.614762591990237,-11.679868310232559,-12.138966603300197,-11.192546869917008,-11.8887822266022,-13.552758826246741,-12.881640911872854,-13.381608410986765,-15.414451502679519,-12.86685119943545,-13.730399506641312,-13.885387932146859,-13.779442289782397,-14.027865858014675,-13.859674770966988,-12.089111234768419,-11.580734344505132,-15.870352780131054,-14.537640695164615,-17.21482604771787,-15.826952635331802,-16.751034912398506,-16.844574485467064,-16.83317074331238,-18.11403302145792,-15.794167448805348,-16.748468539755862,-17.865943062164007,-19.4631713371699,-19.946290181616884,-19.98398037479919,-20.00246649689121,-19.376009329711568,-19.636331521714695,-18.252860590725874,-21.00213152150144,-23.334759425248066,-22.192313299678055,-22.04234727100976
-11.92783158099251,-11.05466690213206,-10.707252691467684,-11.009088301201128,-11.86236538244064,-11.726973189910085,-12.11061124132529,-12.86229694980572,-13.964088925410987,-14.27675351681041,-13.549579180880938,-14.810842119649546,-15.497542117214286,-14.157610508539452,-13.318807598492429,-12.310821503061234,-15.138626312316255,-14.144659485230756,-12.404380201167715,-10.427067167248817,-16.413890696061728,-16.289533089163445,-18.72345659582555,-16.37866114691951,-17.050558294093136,-17.418795124682386,-17.85952570315522,-17.064945856952793,-17.567369173400607,-17.049226537415592,-19.00241332637869,-17.716037617869915,-20.49640252998079,-19.144987735609842,-18.449820407403003,-18.91934199353155,-17.58873060331718,-20.202999676272483,-21.35868810334103,-22.153725893683813,-21.515868890028816,-20.927268075168843
-11.770189226299582,-11.753882966335695,-11.054846383598175,-11.190126707716637,-11.724507915187552,-12.637736955622522,-12.892396207983003,-12.299941287150117,-14.021307273783844,-15.007335725718537,-14.979220640348146,-15.402364848547329,-16.570721189704926,-13.731857574530512,-13.074196837183827,-11.32963863497409,-15.146731394542094,-12.81028585320002,-10.318651517781992,-10.152171760160062,-20.993511889088175,-16.534092663877036,-16.350773138788387,-15.552741150069412,-16.085369725346446,-17.20233478111618,-17.792771645152648,-17.647476276612025,-18.210750376215113,-18.344890687296346,-18.388563039683277,-19.637345613019058,-19.15351873057153,-18.24871580501433,-17.613401390746112,-16.747991704045614,-17.85595537952567,-21.036691033918817,-21.077815990110988,-22.370769936312715,-22.71859809592567,-18.881957757925708
-10.921959518895138,-12.009203833776656,-11.811591023338762,-11.662953578160907,-11.721367992236434,-12.897804004672787,-13.266224355125749,-13.056613574718815,-12.648067016097269,-15.540487203647718,-15.222158194289543,-16.03395795694399,-16.083539107049496,-14.972848941773046,-13.195705831544299,-9.939199557386353,-12.446797919143735,-12.969263756416872,-13.61153773327633,-16.661477523765598,-18.862552582354223,-15.921310398220621,-14.64448404179927,-15.208671901783685,-15.404938570501983,-16.236467369579245,-16.78161212373282,-16.925389174009915,-17.3200394078849,-15.966814173987327,-18.75277974254042,-18.903079541009234,-18.06769096859919,-17.394865152465986,-17.817743364500675,-18.474249015305357,-18.8964476320211,-21.538019452016957,-19.55407405493051,-21.791092885560882,-20.644583019251794,-18.502783981482278
-10.535602860672862,-12.09093640873257,-12.320326885889564,-12.020906287634395,-12.679354766136433,-13.1986259230387,-12.95102361854032,-13.693116102115392,-13.459694348146833,-14.808725019666358,-14.46863725947449,-14.586216895348265,-15.990885533486773,-15.242809956596867,-14.427447720255142,-13.447025497511058,-14.90835566986988,-14.62413950188307,-17.359461636712624,-16.25360608410299,-16.184388074241497,-15.395751903527623,-14.158487006758627,-14.953006989924578,-14.284360862731981,-15.158009943276213,-15.728855481204432,-15.059258732790893,-16.06026462646442,-16.248821405674207,-17.78886300107397,-17.467294098397048,-16.848855397808894,-16.813940810393518,-17.546137602833486,-19.018166736359802,-18.190161402945403,-19.791940837171655,-18.90890102916724,-19.85699776217424,-19.600431847228354,-18.868632820700995
-11.891166888257109,-12.33057625547778,-11.93650999960977,-11.814912883652532,-12.580065972559197,-13.096977652880707,-13.166801464478079,-13.391541346476815,-13.441348087691146,-14.19216406579688,-14.440751975195441,-14.039316005167754,-14.867164235951767,-14.599405394098454,-15.726880384277347,-15.331855514351854,-15.19386816716276,-15.132106771516405,-17.03432273949077,-15.461858815822682,-14.94661646656218,-16.240031354195523,-15.56603088627267,-14.708765906516689,-12.552717128760614,-15.033764083040253,-12.321610402075516,-12.606265194296927,-15.791718935288102,-14.944551322187285,-17.7438546830149,-17.007933573479402,-16.838602063283993,-17.189842357363297,-18.074407281155732,-17.980964176591506,-16.864057640899052,-17.308414335283224,-17.776772913136966,-18.245523283716786,-18.429394419846044,-18.612792873210115
-11.448872795506734,-11.770172832514604,-12.40389119247353,-13.284509898166776,-12.009167800133072,-11.775505737938392,-13.029950761520542,-12.931331288830092,-13.506663415208397,-14.300765601995606,-13.591400876981032,-13.95654603487522,-14.097215410408403,-14.158744550257587,-15.566214408712398,-12.767222377887842,-14.767382812065575,-14.909208583809376,-15.305978248818725,-16.148308976493023,-16.589430162876592,-16.626973548054966,-16.357053220228188,-15.05276947160214,-15.25651682839517,-15.024015952934528,-13.918890014459548,-15.384998265714332,-15.38726241943377,-16.74104027888747,-14.877827157242674,-15.68860678022126,-16.145991161143645,-15.60645748434215,-16.529656670002147,-16.13474263373322,-15.576853770747643,-16.11958246260057,-16.401652574067157,-17.03079388683798,-16.542210135101623,-17.96327571340425
-11.253647259038097,-12.20711397790416,-15.377405869443997,-13.166666127839447,-12.036390329610088,-11.612023246823147,-11.360144102613397,-12.539133974917295,-12.4552140736195,-14.204257238568339,-13.13397358736124,-12.987226951957155,-13.099113145287632,-13.874870857191269,-15.159409467455074,-14.729192838051658,-14.452704051872516,-15.29466099512195,-15.335406795415597,-17.303126862693627,-15.874338010204797,-15.832010260190753,-16.234223457394936,-15.543231980856811,-16.470328687650863,-14.84250842770429,-14.837207389159529,-15.126675910794953,-14.699845802150428,-14.434766462338972,-14.51839054171176,-14.760342154769953,-14.646510461894035,-14.083072781626818,-14.301122916234151,-13.019908023826567,-15.507526183805195,-16.21779757321955,-14.073992731472462,-15.729197716158202,-16.315037270079394,-16.434828993522803
-10.026818723482194,-12.141722737354389,-13.063504555574285,-12.967461024573549,-12.640607472741753,-11.965947304620414,-11.302809731272024,-11.420495199857424,-12.12304814940337,-14.009121698501751,-13.4433165374177,-14.091984469189807,-12.851589795892622,-13.281423971453894,-13.449980679104184,-14.800985426231836,-15.874157555701686,-14.496868310440032,-14.425883196832979,-15.548665448310613,-17.676870155547988,-15.66907592304695,-15.470036811688697,-18.2414344820631,-14.973488628964184,-14.293358461653744,-14.61865083261691,-14.855014080926145,-14.730324945529423,-13.690734611124903,-13.582943867697914,-13.706601501616367,-14.44430462138191,-13.306224919499028,-14.203121233403087,-14.69264846004692,-14.058521141399288,-14.290802915936258,-14.815265529567535,-15.838790182300338,-15.56414544027643,-15.079865444402536
-9.135060987383262,-9.985352189130982,-10.769486929654292,-11.85080842610628,-13.849128130492964,-12.405761071202669,-12.451231438942273,-12.530221509773432,-13.153290494038398,-13.956600623010813,-12.769851957056478,-13.643378668743663,-13.733317056379835,-15.031229066065166,-15.953646662721878,-16.947352275921265,-16.18110103184922,-14.568831635932979,-15.999247629593105,-16.739174424377765,-17.706015205046867,-15.427821071500535,-16.226536681271305,-17.065916039663374,-13.665609200436974,-14.016741332649861,-13.741557408326798,-14.172694152896586,-14.534505260966633,-13.481362757321795,-12.895269370534548,-13.115477801047737,-13.34680954579252,-14.363015617513733,-14.177361615999192,-14.708015691060824,-14.453669921147531,-14.501959289904612,-14.65817997848902,-15.442466993353207,-14.86572240801335,-14.618374521396754
-9.434054446650403,-10.060036996102044,-11.191955150829738,-10.765303866760153,-12.117124161352645,-12.280000388282865,-13.179076534355119,-12.809912590689997,-12.497857486407213,-12.601891968627012,-13.310342436184904,-13.923590879064122,-15.590839883177999,-15.256303553366426,-16.26522163753104,-16.592919959370747,-18.02192122175778,-17.429770164245785,-16.79924820893159,-17.24078477565189,-15.795210891185656,-15.19992005418993,-16.363938120307797,-15.268386065253445,-14.602184466462258,-12.915520475492796,-14.535683694266734,-14.724930363761079,-14.983217761401642,-14.208677325762833,-13.318409473961433,-12.880841222275967,-13.901634314948506,-13.5724440567205,-13.623797967683156,-14.031243724417106,-13.9907046571339,-14.444144594937272,-14.715898214900246,-14.162811125043053,-14.47415305413802,-14.219528148884411
