public/json/wind_2018-09-1514_925.json
{"header": { "discipline": 10, "disciplineName": "Oceanographic_products", "center": 0, "centerName": "Ocean Modeling and Observation Laboratory", "refTime": "2018-09-15T14:00:00.000Z", "significanceOfRT": 0, "significanceOfRTName": "Analysis", "parameterCategory": 0, "parameterCategoryName": "Currents", "parameterNumber": 2, "parameterNumberName": "U-component_of_wind", "parameterUnit": "m.s-1", "forecastTime": 0, "surface1Type": 160, "surface1TypeName": "Depth below sea level", "surface1Value": 15, "numberPoints": 4800, "shape": 0, "shapeName": "Earth spherical with radius = 6,367,470 m", "scanMode": 0, "nx": 80, "ny": 60, "lo1": 109.0, "la1": 20.0, "lo2": 116.89999999999955, "la2": 14.520000000000117, "dx": 0.09999999999999432, "dy": -0.10000000000000142 }, "data":
[rows 20 to 39 of 60, columns 0 to 44 of 80]
-4.886156568176572,-4.987347400744456,-4.948609986986494,-4.371749820878361,-5.004631167191661,-4.1228946949783705,-3.9729595095280557,-5.931544442639897,-4.284741328807591,-2.536953070304727,-1.2068714843176487,-4.1409360926428205,-5.907537248783363,-4.994021479971619,-2.2424641565812324,-1.4936885402836413,-2.6675120565989205,-2.531194644347944,-3.844243691471574,-3.185559429172581,-2.3267155853193042,-3.58687886876599,-1.3622610858157267,-4.677781517922252,-5.96974828153596,-5.1751326192013964,-5.837192257980151,-3.4900565141301456,-1.2668642239058294,-2.0232230332875893,-1.4565337389020687,-4.385424422655238,-6.569132323900996,-4.8581098340647895,-6.592029922559895,-5.417757811961611,-8.459414760605155,-11.376335300368613,-7.48705661079984,-8.068487788146246,-8.374178888043724,-10.154461235180488,-8.582234573721948,-10.001790069040922,-11.03076206084556
-4.187902626991564,-4.42341516075184,-5.298562728716063,-5.048385630821719,-3.775594492877721,-4.409601296944324,-4.180781037126,-3.264394898987893,-5.1505114574180215,-3.0214151988959816,-1.4326976426006326,-0.7699136142214323,-2.6366671498542242,-6.041962139753634,-5.547444504935714,-2.1568173874442036,-2.183992326057737,-3.0124420732861235,-3.7978348330479386,-3.6349760379470752,-2.901913737859225,-3.147823331016018,0.11553919848443765,-3.449485138711183,-3.8917711118782856,-3.535850008655674,-0.44986888230268063,-4.673645873367461,-2.9219983613551674,-1.54922688704422,-2.373392714215181,-2.9642241522900896,-3.5075061171908626,-5.39941399339615,-4.6465554722467,-8.189352856692146,-6.775529087183579,-10.943768096762074,-11.367239721162218,-9.603501575002873,-8.29034660245829,-12.273882454655139,-9.876010403286662,-9.811666253529658,-9.239699034082554
-6.055307019778741,-5.772616879469082,-5.196949729183277,-5.632289480405091,-5.643851214592908,-4.873527091271398,-4.565334905671274,-3.1183193007452483,-5.944114045182184,-5.418895233180369,-2.299503942177983,-0.4391289755322427,0.1732401486946593,-5.079488571560157,-4.150583038530048,-4.465112883020321,-3.9225676512599135,-3.7347694582644735,-4.76438099090941,-4.437408685894567,-3.3481222559380943,-3.0326033039827482,null,null,null,-1.309223036724478,-3.2565265866382798,-1.41174062311465,-1.8983874610068847,-2.1830274990485177,-0.6811726260835996,-2.64637233126684,-6.396037198682443,-6.711251969788289,-10.269004708802157,-10.630956170761847,-8.900904999298945,-7.576244908564792,-11.619485630629299,-11.638834876873648,-13.47759521922982,-11.872948761138359,-9.816112458681296,-8.96697111195584,-8.5178558951174
-4.898363251715692,-5.7660688488086125,-6.18788740804999,-5.467960353910964,-4.211433734764242,-6.3721322249365056,-4.7683967070049205,-3.0898793916463028,-4.837951397972596,-6.516985836545801,-4.6118751132689075,-2.7957568030656788,-0.6827270817775897,-5.3400833749349506,-7.24180207138768,-4.733233491656411,-4.73672482281373,-4.753969618288696,-3.5843869738446847,-4.205848028234357,-4.115705564933137,-3.117920319735173,null,null,-1.4470107776586072,-2.179632754305459,null,-7.738103385347928,-7.9355259872808634,-6.014371140100366,-0.765321753922696,-0.09460179005256564,-0.11922011315566393,-5.540485066046449,-7.86886117555021,-7.723151893934174,-8.722201027879725,-10.191447946008903,-13.126924023300115,-10.134743230720382,-10.012801437107475,-10.68406059535413,-11.489746506147158,-9.709781151386258,-10.03918131193264
-5.537470398143104,-6.421711443491836,-6.5380296441857375,-6.019825289777521,-5.4065469418935965,-4.045740552291426,-4.476997344956455,-2.7536911712556393,-3.0830768112499216,-5.145805878742425,-4.891725263125286,-5.132575475287844,-3.989399959669403,-7.232649014481618,-9.092422946118335,-8.029372492112163,-6.2905925999291625,-3.835706858996985,-3.781877639413368,-4.256102276709939,-4.354232316191978,-3.9052855860560287,-3.4601548176804986,-0.40471279211119693,-0.9787491801836486,-5.5163831730668385,-3.1222221081183053,-1.6425351580306558,-4.157123659400909,-8.156766376084102,-6.225196535871918,-3.3500336159605206,-1.4496985665248543,-3.9862823812800547,-7.808580002015585,-12.922480546688103,-12.535564674768395,-12.05205865955568,-11.317666331699403,-13.021553461419341,-12.342212649244034,-9.870045903700937,-9.103466330688557,-8.690519001499606,-8.485516204068263
-4.283610764390616,-5.313249257596558,-5.29287032968541,-5.6284320122966385,-4.726236993845625,-6.191417961759273,-5.364398177975876,-3.459928044107671,-2.5888263619328464,-2.186533827964967,-5.042730529302438,-5.049987499359672,-5.914830550012749,-6.156930535866946,-6.948576319822484,-8.432969815652907,-6.526251311217251,-4.934030772719547,-5.185338546104949,-1.4382845232859252,-3.559403260397801,-3.5931961660446046,null,-0.22146539677735635,-1.638908240391173,-4.452626563344367,-3.912020185413369,-4.466110565907115,-4.750134303585289,-4.149448083449815,-10.503819545911306,-8.43433243570224,-5.732101295867338,-2.566275928729143,-6.716437803914998,-8.424980652125317,-11.624199756281653,-10.645625087626856,-13.914297000656767,-13.554647931428018,-14.91660704290968,-13.501334567539512,-10.557905461533576,-7.766746884495473,-6.233929960588683
-4.671271959123976,-5.0389259711694026,-6.172891581916813,-5.845653227231064,-6.0405392241814155,-7.01011385360694,-6.809601505012772,-3.826031878055585,-3.089953517602242,-3.0009154730123346,-6.355750463962665,-5.209980214342288,-5.149314246897683,-4.790119503507626,-5.927281101440199,-6.357943377791023,-5.729754620044621,-5.986385186056957,null,-0.3764864434367895,-3.249744519469853,-1.1599669419484187,-3.05531619233173,-3.986716873539698,-5.6506017655241045,-5.431441147840536,-2.0000576000689216,-2.577387963774098,-3.1638362107990323,-3.186759013959882,-6.458566677094723,-10.188928060977858,-7.979245371067737,-8.632145891757432,-9.33636158300849,-9.617858911174842,-12.902022105305386,-12.916805030768948,-13.00007878939477,-15.748396249947778,-15.109474729804468,-13.907229680427609,-12.193804611205689,-10.92107217876876,-9.880315120466632
-5.67961952801648,-6.73225340335798,-6.663204651795296,-6.170298447746163,-6.340142946688143,-6.745983401202876,-7.249294948422263,-5.831676542691657,-2.7634428160379896,-3.2897467010202774,-5.348215504639068,-5.712270406787245,-5.743756592245699,-3.492685231109714,-3.530397954464907,-6.190839172012187,-5.313813724440446,-6.125008172752237,-7.098185888374488,-5.341284178097084,-2.983076842628188,-3.745744756936662,-1.5059274783381171,-2.1853383986298676,-3.9145858891152496,-6.665268710351523,-5.412849956500452,-2.7807238271772694,-2.790278241162998,-3.8915677807700653,-5.3067995681230595,-7.595869959887777,-9.782255555901362,-10.263288432323664,-9.793318151111539,-11.27246145980022,-10.793100133394704,-11.952094319793174,-13.379631357553281,-13.570384690766934,-14.029867442472145,-14.600057242075964,-12.69653016723557,-11.92233743839735,-10.248439219015273
-4.605197801115097,-6.092548157356303,-6.587968982608435,-6.764638952494325,-6.938347906333757,-7.565895464287633,-8.28082682018378,-6.979347648212838,-5.182572320968342,-2.8695640532912754,-6.802472947322786,-8.204441843308796,-8.3453065349808,null,null,-4.983011280924007,-6.9946850024848075,-7.040395542264124,-6.880945255962352,-7.507642071158951,-5.386967401512363,-4.890310496212351,-2.0678710016879926,-1.1970375140795286,-1.6804452021138339,-2.9508726687887066,-6.7338712327434305,-5.336213295684421,-3.9425507320803894,-3.832409999476357,-4.02366581492487,-2.2704039103234335,-8.468987071111503,-8.15066140595373,-9.672179696389854,-10.626559794620121,-12.268919617253015,-12.663045270874859,-11.897470957730647,-9.744057367226501,-13.700199134010113,-12.159166374301025,-13.65362959395443,-12.508570416451889,-11.79709831315562
-4.6216080150260765,-4.484945021136385,-6.991246501435717,-5.8077064642870155,-5.978456202978635,-6.286524617345805,-7.269906128211174,-7.540318559709283,-8.237275751429367,-6.756508347714962,-8.288067349310502,-11.278210824534032,-11.026382688600517,-9.253842952608117,-8.05087029718551,-7.327167067259785,-10.005522004207453,-10.27818173327019,-9.50721252330251,-8.662402686774001,-8.720880390134235,-6.1535237842506545,-4.264257722326469,-1.0131909451827417,-0.8986307733291954,-0.26538620587213324,-1.940344125477358,-5.51008788745573,-4.577821020620482,-5.319296111546093,-2.898664302974959,-3.9645410697641545,-2.7100478604968923,-6.811253331840662,-6.208540866347985,-6.009618705840606,-12.038978481441061,-11.15540912468623,-10.115132977419115,-12.23267527131955,-11.166454630476448,-14.1100615625516,-11.792063306030835,-13.274327413617225,-12.261236383097621
-4.817198805617565,-6.47086599718876,-8.050805255145722,-6.965999005311727,-5.283730001114157,-7.266554581080469,-8.852709133234487,-8.836333628244718,-10.0882925363492,-11.256740242301602,-10.883262935870906,-11.847457555977355,-11.517336108376934,-11.582130711232084,-11.245124817628959,-10.657894836266282,-11.082698378831287,-10.976407829012915,-10.354017741825949,-9.589310702581821,-9.228222121695518,-8.806711095887431,-5.548075777978953,-4.4684904634489,-4.413842102551196,-2.826010937566741,-0.965693785622665,-4.691823115405851,-5.246290095543497,-6.307471342604256,-6.561451644040678,-5.050972614017185,-4.719024503663817,-3.2490688776246888,-7.406500642953558,-9.583941240877266,-5.340366495023639,-11.24134228644146,-11.169863893891671,-10.491451809030998,-11.12225042124826,-9.617121276980999,-13.60881423341704,-14.175173571490664,-13.878965749192144
-5.734463840631166,-6.95796681116731,-7.639049974246147,-8.16621846482941,-7.157770264247983,null,-4.541190577749816,-8.675375939070964,-9.831169183955058,-10.371117021891642,-11.024303557746437,-10.456793133968112,-11.064254298907255,-12.266456921440707,-12.24647269263536,-12.15317478642713,-11.084401695249305,-11.117007367370856,-9.662721104600035,-9.56216581421395,-11.894908021451416,-10.28461674179011,-7.808242687925329,-5.964847089057549,-4.46818937811512,-4.261289011937121,-5.123774833951401,-8.31036998051825,-7.403382028601717,-5.8267190936619055,-6.873554723695809,-7.158458498095019,-4.406062016218538,-6.331629864792477,-7.962367782020166,-7.113627152078943,-9.731127977197971,-13.920143228129202,-12.09109582082063,-11.684486557786407,-9.996248316713029,-9.922319415669374,-7.672470237842134,-8.326109031060039,-13.226048715117042
-5.2068558955275615,-5.256811126637142,-7.20732451057267,-7.464885310548227,-8.217695919296654,-7.197434888649705,-5.786997997664908,-6.093078446667593,-7.7687465211275875,-8.871672091961463,-10.452125311076653,-9.313296671984828,-9.37620305285873,-11.354094384370534,-12.978038001822762,-12.651906036235214,-11.750033327613048,-10.421063799190396,-8.98349978508887,-7.325192085269119,-8.48368672494609,-10.947613794385097,-9.755667641724624,-6.32513442365822,-5.582529103808346,-4.638854396628285,-4.052460527885977,-5.999722671391148,-8.580147531398863,-9.813526559034063,-7.603485081808097,-7.515981768774584,-6.899471315438998,-5.079741625894511,-8.165187738823448,-4.998188254714639,-5.2553219806256015,-10.511352180375507,-13.086652895665738,-14.244294714213344,-12.732797662488673,-12.044887503195394,-10.468417632498657,-7.393318686765706,-3.077979730526872
-4.547768182652379,-5.663523712849461,-5.668000711736965,-7.458815203738327,-8.590643256160037,-7.640843301861756,-6.29352478017556,-6.752265726790407,-6.892517706460625,-8.456480200171608,-9.364043152660674,-8.57596409720119,-9.94369852212921,-9.930760482046162,-12.801798254540767,-12.773708961798699,-12.583694813181747,-10.480236266387957,-9.261558411692851,-6.838557588064629,-5.455162341880428,-8.046808321762809,-10.363068851924925,-8.538950956059717,-6.532693887170362,-4.500731683099356,-4.273259720410178,-3.3252950399421044,-3.518149187917657,null,-6.033425997623036,-6.887312584524258,-6.194543168498982,-6.970338514335229,-7.457119427079425,-8.2564350033385,-9.097050840735843,-7.904288888629447,-10.51760389630602,-12.220555526609305,-13.69691789065074,-11.737925611198794,-11.382194596120808,-12.930416202150823,-9.102668464118937
-5.547077450773449,-7.719256698883866,-7.985182900425535,-8.639565640266913,-8.178873899126538,-8.010985793809802,-7.727100389809946,-7.793312093950879,-9.342195750400853,-10.632823149768406,-10.277759733869907,-9.687006054345204,-9.949309606017803,-10.195635730547686,-10.522325918157986,-12.704190175831913,-12.201998371520324,-11.220705749252605,-10.422007368717432,-10.807683616144978,-7.458650155571945,-5.721083636272352,-9.803353126478866,-10.069188262002335,-8.529247650416595,-8.557907345499448,-4.369815546397396,-3.226196197687617,-5.620460877398601,-5.194199111379327,-4.265540189370136,-5.932934055298901,-6.228056680578363,-5.427224124069559,-4.749136812384876,-4.697995405890569,-8.395446286551932,-9.859649819535836,-11.395482694488146,-11.346775170325584,-13.298370985052193,-13.368657153445245,-12.47495067983631,-11.503460523386996,-8.30408312307074
-7.741444776348759,-9.049369352190414,-8.273194610369636,-8.782136113953467,-9.197139486981033,-8.432095233534397,-8.414738265161155,-8.299465369920572,-9.45000919273881,-13.886129860563104,-7.779481564194731,-9.673290043472562,-10.841915485686059,-10.96504210117369,-10.846413617314514,-10.497105097656277,-12.050263096423683,-10.954959968718438,-10.599740559105033,-9.625881416161521,-9.933360112611204,-8.2060660212575,-10.308668099787269,-12.113317010418545,-9.7373906403026,-7.32729003496496,-8.057597509428756,-4.997962503356694,-7.7638577499080315,-6.951674084422833,-6.687583085188684,-6.3345822075369345,-9.607678854077149,-10.018451097692498,-8.410611053954435,-7.734501949265485,-9.831504842975313,-10.706282933876041,-12.370867108045246,-11.845685111003219,-14.497311640676578,-15.446389540922308,-13.432721976470098,-13.285709259224946,-11.480167429229043
-8.745201120332275,-9.217632891339257,-10.0371122249617,-10.543352695572667,-10.882815082899123,-9.125125486348598,-8.092177316798143,-8.889736735339778,-10.100403224609357,null,-9.991940118826227,-9.558439199602397,-8.718858587538566,-11.113212129973194,-10.461951625583945,-9.761486246991685,-10.688114533393362,-11.240441885656473,-11.43144535048464,-9.214790759418861,-6.7305131396143985,-7.8788878918039575,-8.460496280917432,-11.740188032225845,-10.329713532438102,-7.952968737584904,-9.15572199624704,-5.555306591042828,-5.359407865749958,-9.263879652113555,-7.1702317071110695,-7.350909792607978,-10.744686257065865,-13.07641944883045,-10.742812737042398,-10.723283859457185,-9.107078207506888,-11.369440980387683,-5.424219610870668,-10.877535739013506,-12.140273403868875,-14.606138495394658,-12.813259973961223,-12.069130970703032,-14.577770715115152
-9.653859812803526,-8.437114495311008,-10.449320920580883,-10.831419278760688,-11.30503355909723,-10.670523975440624,-8.276307551519238,-10.731016172411966,-8.7935921282149,-5.961641491098154,null,null,-11.113011289837726,-8.579560489515787,-9.077796302428581,-9.946952203491861,-10.746841432858233,-10.4703551849727,-11.76668794350095,-9.122337693818173,-6.814649882505564,-7.879328770061576,-10.065300012078279,-6.176025675648253,-10.600704456778102,-9.722735667540434,-8.605208501989877,-9.559055145998133,-8.626093891848097,-8.758314200358766,-7.777522072667394,-5.154771766134996,-5.639589422824992,-7.668123351288262,-12.306355082676207,-13.083533250882258,-10.493227570320553,-12.727540026171662,-11.398526555362158,-12.588064337748794,-6.590650307403474,-8.771528132180281,-10.138883469701465,-12.118021646835166,-13.890574812748543
-9.32055372330697,-7.618769473505302,-10.66263333695451,-9.728720273462343,-11.235665163357723,-12.12501517471496,-10.540373229617021,-9.508771504322244,-9.709247622992873,-6.810783559598263,null,null,null,-8.804940618289951,-8.263410735931817,-8.803872505958582,-8.505584997161064,-10.275912853307904,-8.864249291687115,-9.977666536013988,-9.20500750986042,-7.263013370720065,null,-8.167344300995733,-6.63465384547053,-9.065378156063375,-9.768046064311832,-6.673927372078345,-10.56268807578502,-11.588031637662402,-7.781129704398812,-7.601242664763795,-4.617666889099157,-6.540302878338821,-5.958042416336191,-11.493943091017801,-12.29040674113637,null,-13.527991756039569,-10.827693940109153,-12.209833413874764,-11.652964848495824,-8.772807677276656,-11.215353720889231,-11.093960874245555
-6.954072698232332,-9.205960039073787,-9.815415269274048,-9.655605635233261,-11.20716769680622,-12.609808685988105,-12.951058002735659,-10.084497296092687,-10.267307304330636,-9.087370498650404,-12.335289559592097,null,null,-9.348191008305955,-9.38072009006012,-7.154586826880952,-8.284105589905652,-9.309473575187056,-9.0221628373623,-11.770224181097682,-10.345669417627182,-8.918170368393431,-5.911598095816506,-4.380254123568047,-8.026549250771682,-9.329332796811642,-11.53303295845785,-8.54009292228487,-8.315537646313434,-10.649822534371152,-10.827439268126668,-9.729551705807694,-8.945379612261243,-7.5901482764145385,-7.019909533074078,null,-5.334011614940202,-7.438481211965849,-6.9654263075498655,-11.871718503796753,-11.645209979104367,-10.358827647066313,-9.102685314214455,-8.631542026053324,-13.900481607241309
