public/json/wind_2018-09-1601_950.json
{"header": { "discipline": 10, "disciplineName": "Oceanographic_products", "center": 0, "centerName": "Ocean Modeling and Observation Laboratory", "refTime": "2018-09-16T01:00:00.000Z", "significanceOfRT": 0, "significanceOfRTName": "Analysis", "parameterCategory": 0, "parameterCategoryName": "Currents", "parameterNumber": 3, "parameterNumberName": "V-component_of_wind", "parameterUnit": "m.s-1", "forecastTime": 0, "surface1Type": 160, "surface1TypeName": "Depth below sea level", "surface1Value": 15, "numberPoints": 4800, "shape": 0, "shapeName": "Earth spherical with radius = 6,367,470 m", "scanMode": 0, "nx": 80, "ny": 60, "lo1": 109.0, "la1": 20.0, "lo2": 116.89999999999955, "la2": 14.520000000000117, "dx": 0.09999999999999432, "dy": -0.10000000000000142 }, "data":
[rows 22 to 43 of 60, columns 0 to 48 of 80]
-17.04803585700024,-14.558323417395748,-13.187944970484528,-16.26211626539154,-16.240586478168108,-15.006963901741557,-16.583003934239315,null,-15.81718013180023,-17.79479954757504,-19.010011514154474,-13.664144728913556,-14.297410939901164,null,-13.920059801823205,-20.217492931186065,-15.533507763511356,-18.032062684498364,-15.917399595679587,-15.046867636049807,-12.741846444389353,null,null,null,null,null,-19.845008749538476,-23.563770309475725,-23.06498290848943,-24.62725430195295,null,null,-30.01899839025264,-31.70441911231122,-29.976046912182085,-28.90148315612992,-27.829105446102183,-29.174686238745053,-28.38240208926677,-24.150430384937735,-25.2222298843848,-25.598999435070112,-30.460993391271593,-25.84834776575786,-28.082423331359347,-23.36874108510719,-31.379211614108254,-25.709538545340607,-25.76882987294607
-15.102218456466973,-15.199750012057107,-14.683246765351887,-17.78122286905194,-12.919422840724643,-16.178882843244512,null,null,-16.308525130799623,-18.896330598804504,-17.434056107624823,-13.727013981736821,-10.312835747054983,-15.082178022119308,-16.194213371347026,-16.124067308980628,-13.034846270672253,-20.308457846603517,null,-13.96176599303339,-11.263755303422258,null,null,null,null,null,null,-20.50163845275944,-23.41470567400412,-23.856576919134252,-16.70375106144947,null,null,-25.374703126366704,-28.788280144218042,-28.065911992536797,-26.952147021706978,-27.66771144684721,-28.683882938589175,-28.753953584174422,-28.05221138468127,-27.98258906181958,-27.971581878405306,-26.950369022285724,-22.968200428343867,-28.744506633866372,-30.21075536789825,-30.223654429558234,-19.142682474744337
-15.591743069083254,-15.120135728370114,-14.561734554601045,-17.449903656356334,-16.62146348679166,-10.10784574546443,-11.105178790574064,-12.795744018489797,-11.992699352192528,null,-12.329767369047822,-13.255937770023236,-12.565782365223313,-14.228249083189912,-16.364093446802062,-17.05746474668328,null,null,-12.489516212169203,-13.877917544643214,-10.938650676772355,null,null,null,null,-9.550351445821143,-10.113527058001152,null,-18.572230867903347,-19.76175047502521,-23.611917225928682,null,null,null,-23.864285033781293,-25.218725061167913,-26.48895696478401,-28.124047127445877,-27.931181107392625,-28.462612717492668,-28.518735161066232,-28.937236623686026,-27.156466262599313,-26.698183536997856,-25.00745730526625,-26.53094297943486,-30.026273200667156,-29.884901735455102,-23.559195451669186
-16.57864995836558,-16.673480799327468,-14.42032212038939,-16.689967974411566,-12.228972704422391,-14.022427847360333,-12.742510973868978,-14.177144331443609,-10.840291710569899,-10.498330554504829,-11.960033009811811,-15.637727785814524,-14.802015706394979,-15.46507219214331,-17.637583626962748,-13.923930892802813,null,-12.496662992625046,-15.341637436104754,null,-9.93034093588183,null,null,null,-11.29488667343703,-11.975767512905497,-12.613796573223762,-11.092001242194776,-12.269386790003518,-11.440499297901473,-22.52315878857266,-18.60762223342332,-25.024319881207173,-12.045615618869704,-23.287438865081423,-23.347123185327714,-26.95475952480431,null,-28.21256930801809,-27.63408617586799,-25.92165737150727,-28.02403676037229,-27.835584731212567,-26.037353758961892,-24.622277091107797,-27.008216818433098,-26.687782892775974,-28.060424668837975,-26.73272437284585
-17.405569742563106,-17.713104429704845,-16.003568650862057,-16.70042117057547,-16.267652991007868,-14.351854264695358,-14.043562198954033,-10.45382450349212,-14.649477859769409,-15.300037946465142,-16.897200328144397,-17.555077987769874,-11.131949188577662,-15.997191258021193,-16.643207433619914,-17.337651887254232,-14.972221779810319,-13.335549423418355,null,null,-11.879742539581471,null,-7.776903867514648,-8.006466864500567,-12.37571682665466,-15.604570743387509,-14.706646239310754,-14.084777623754418,-13.11948644051823,-11.655138872288207,null,-22.051216915981087,-25.767672188353814,-23.246135796228913,-23.044648787575042,-27.21611888804523,-24.63476490802575,-24.758923626640133,null,-25.157260236212636,-24.724173675943742,-26.388050947824873,-27.46460021182114,-26.454816769061413,-26.331138261434425,-26.113700104842536,-27.173862802775528,-27.777969239575736,-30.33637457832967
-17.90365068428701,-17.902640381891505,-16.156336189197543,-18.457743878639757,-19.35375095175617,-13.6454810311103,-15.716532692107943,-15.026880365914781,-10.862865658047939,-11.0513419011832,-12.03688447483808,-16.195059407299652,null,-21.9747270359382,-21.062411282074823,-19.221988338301607,-14.791852175644378,-12.838413535035812,-9.28782565860676,-11.638151963957402,null,-11.286939804942651,null,-9.372082805723672,-12.69080341314097,-17.228949513986173,-16.256535245339304,-16.586419078987333,-13.271346538290572,-11.756289502026338,-15.003900732779396,-14.29395807795684,-23.162360921815754,-20.524045803149807,-18.78446620024807,-28.568045699353824,-25.712155592037966,-22.55145039872636,-22.929837384767175,-25.343141225957975,-24.406187713517806,-24.391963321884724,-25.291127407075443,-25.086328458999162,-25.21472230257007,-25.130104579947094,-26.93658520456425,-27.21891834006756,-27.963253397013773
-17.777588162233894,-18.59093301981447,-19.124355521228555,-20.02183122115305,-20.596709788722578,-15.170514384858311,-14.26825548527841,-14.808387683709638,-12.586785822740715,-11.300674006508501,-12.779956529206872,-10.447220503845992,null,null,null,-15.854119937700435,-15.548169226103624,null,-17.770863936196992,-12.89963999460447,-10.18238472371472,-9.547568772353031,-11.123220926138366,-7.321111521822539,-9.31280194045585,-15.424513943581859,-18.227567280113664,-19.226725313767595,-15.417678955047146,-15.445489790335014,-19.24708448370393,-10.925611047947998,-24.268516407543466,-20.991399213698738,-16.833569606888663,-23.987333665786334,-26.73649706115289,-25.014321246019698,-25.618508663950493,-24.46237984406793,-22.89505525188852,-24.785286804543865,-26.186967830515933,-27.08453105572756,-24.8778634766007,-25.158454537057462,-24.758855830366223,-25.31918140123727,-25.129421693297406
-17.550478960085833,-18.823569211354616,-17.603267365533362,null,-19.73186979585857,-15.363999507658235,-16.89699249024477,-15.261790066583934,-12.959001382772195,-10.957842208183493,-11.672379471723808,-11.165987233426536,-11.145423217647469,null,-7.435190755100764,-12.12638671289543,-15.000290420155837,-14.518110978604618,-11.56596154053987,-14.096023575725644,-8.916621529579867,null,-14.75894056859512,-9.31206363948846,null,-9.24796950115953,null,-19.027064719914808,-15.002565059107344,-14.269306512840267,-13.506707448989463,-19.433464756142772,-18.05350961731468,-22.517345249390086,-16.330966444040563,-25.501142076716963,-26.55801554392594,-26.03781312488448,-24.87059783501362,-24.435990742971875,-22.043341705503273,-22.592500812631254,-25.420659444832467,-25.838011087410703,-25.583017044264054,-21.685068339721095,-25.526127228235865,-24.201948260902178,-24.44035824238089
-15.531967762025563,-14.620208477659999,null,-15.267566675402733,-17.82968177474757,-17.451816596596515,-18.83673318683394,-15.598055860995384,-12.752409873982527,-9.867448328690724,-10.864958637176152,-12.292559892891546,-11.050626751040117,-9.112611390291558,-11.40591520147724,-14.450641979619661,-14.041936100372645,-15.097058335030125,-13.070776688090891,-14.546861249255072,-13.658972164727887,-11.82691958985507,null,-11.032725581776411,-7.952400515873322,-10.657567454351852,-9.831261000898463,-8.167645704422986,-14.37288430782145,-13.700823726917529,-20.20287799631393,-16.685169219646053,-23.272315885919447,-15.891452802831145,-19.39270091283508,-28.54076771938802,null,-21.898373868037528,-23.228382625701062,-25.164826822095606,-23.820907452396288,-23.487148841205492,-24.45070768922546,-22.55033463298343,-25.732236416439683,-26.485331620244644,-23.984914440459935,-24.436114575044,-24.049977993297972
-15.550913288128623,-15.905966607054076,-11.179273497748984,-13.58542869226247,-16.997274109186723,null,-13.624953902458493,-16.008582570600048,-13.311994741875663,-8.639149196324345,-10.610157455936385,-12.816899415452951,-11.084921186997693,-11.293297048477072,-11.668079469589461,-16.832698449827696,-16.065374796771664,-16.567014699068814,-13.924638127832797,-13.409197568068098,-10.735144649114927,-9.36857224113201,-13.538890930399043,-11.629228494919206,null,-11.380343167705233,-8.641987999699362,-13.676715513191436,-16.220786943718824,-15.159082237652253,null,-18.115465680199335,-20.003518022731093,-24.31490524302698,-21.993625888274703,null,-25.815759658660788,-24.60862299923104,-23.716796802087952,-26.389768589047403,-25.460708098538465,-22.989834892527107,-24.98548245182897,-23.404125281977926,-23.562184907264417,-23.530270336247227,-21.708372135647053,-23.48282714979533,-25.597236979857744
-16.54715327311861,-16.581627343025488,-16.755251214362055,-17.97966661984195,-17.545757250783137,-15.22113587656409,-17.035685452983277,-14.66890272911895,-13.566546204391951,-5.533074787614226,-14.28866927452055,-13.790037082650283,-12.752561593023067,-12.551462893716486,-13.087013903635366,-13.248709177666699,-17.760502259347987,-16.34370946155227,-14.216011506914256,-14.749179572829886,-13.679995714635488,-9.502789985559408,-14.056447753815418,-13.112737146586907,-13.3525973668305,-11.988722656792126,-10.132240455572761,-14.282088683230217,-21.848959464722338,-20.876992434158172,-16.920711386043184,-19.9472383121784,-24.19793551489197,-22.832385198651505,-23.24623178227015,null,-16.34684964818149,-23.381857351343392,-24.52588894377508,-23.551072003688674,-27.698890613492416,-24.26542459963494,-25.268826637427594,-25.677508551882998,-22.154574936929087,-20.02790595161923,-19.89521889342831,-24.722145884521805,-23.39179172330214
-16.540722485150255,-17.55114256233826,-17.463798487806454,-18.750564521026337,-18.63845948793999,-16.72301674305257,-15.467000095230125,-16.64974976107117,-11.39573274292122,-5.889857391922195,null,-13.40733328110331,-14.030127524079653,-13.287837587225324,-12.939054148518164,-15.503478672877835,-16.511454202962398,-14.10532756681769,-14.343187644695718,-15.71723708521812,-16.985611479822158,-10.976214992106446,-11.453771518004007,-14.573419746229751,-13.138798760099556,-14.037541032348601,-10.236930720359265,-11.247436120675598,null,null,null,-19.653047943649316,null,-24.608988969711707,-20.865433874292194,-23.213580497291545,-23.918729811743596,-23.241981057995417,-24.54327441125834,-23.67416411620529,-26.2701991138846,-24.422520027375516,-21.549833700890673,-25.89648341703476,-23.750199884623527,-22.068223264205713,-20.051981148404483,-22.59505229234996,-22.593757497436798
-14.196824148035642,-18.238317571912965,-16.672417937462818,-16.34519298115459,-17.548102853451645,-18.102711331349628,-17.77473310255199,-17.103072772204754,-11.261345824548448,null,null,-16.96646910052474,-13.377045926093126,-14.93233352708699,-14.72107931450353,-15.259859426423926,-18.888900768340683,-16.88350354715034,-18.201349108279025,-17.740066404440885,-18.394367082494597,-14.793380172799248,-10.558645550987848,-13.34351825704429,-14.549876150668583,-16.14399620761342,-9.316433802620761,null,-9.404688929562463,null,null,-12.698810015770903,null,null,-16.964491689758788,-19.81033589395473,-21.363354803102975,-24.6036163118786,-23.643508802949047,-22.742847315729506,-24.61584820466152,-24.441659211364104,-19.11055513997943,-24.32078021634199,-23.43411370062821,-23.01982279690901,-18.97722052490544,-16.866187650078682,-20.584680151777686
-13.446525497098246,-14.440520088300033,-15.592371687620037,-16.079411618365718,-18.983816241463295,-17.283044570063474,-18.607977733639625,-16.868062814728344,-11.641758937001196,null,-5.48738510561783,-11.01761973277986,-17.700259616580027,-15.658972224411652,-18.802081902563764,-17.004271149645607,-17.17755473187235,-18.64873566310674,-16.565921528472117,-16.215907508118747,-17.1940199043643,-16.402789166765054,-11.64662933726358,-16.493610606533498,-17.11137813247932,-12.741359020873453,-12.650602641483893,-8.355489996857196,-7.956063178869293,-6.969583647069784,-12.65090934485113,-9.586352540211928,-9.98276601376612,-11.904900456068663,-18.218647813172012,-15.774150417247,-18.149039863443818,-22.964123923046316,-24.662887038054567,-20.362452490915906,-22.312703164241764,-23.035402141148477,-18.421990630532186,-19.294382649660292,-21.811657599012154,-20.671726348505256,-21.047356997362517,-16.238399960203942,null
-13.336159126691062,-17.207594544833988,-15.22739434062026,-17.024925404570535,-19.503475882898805,-18.581350881331762,-19.83959952731774,-16.416740715955896,-16.053418470787275,null,-13.4439545644466,-8.016181232584444,-12.3910756376334,-21.046135488428593,null,-16.24780716396459,-14.18502490306281,-21.036860803106247,-17.463794248436855,null,-13.009454669746404,-17.10988937248122,null,null,-14.748599382661181,-14.908734256647218,-12.020297434490523,-8.386233515496503,-6.67952643513507,-6.063214453750354,-14.734334238176434,-11.5021659379615,-10.61293229126141,-15.86603697428536,-11.726994340974704,-16.231294333956075,-13.34285194758303,null,null,-22.00814200348759,-20.32613032877866,-23.81545089222213,-22.79010146277069,-17.44558356085827,-21.149566912217637,-15.85537823350694,-18.65750142402915,-16.7292335269247,null
-14.338537374428316,-16.82457250841436,-18.768530681046897,-17.341363108442817,-18.251133657149353,-19.574520113857083,-17.764936220622666,-17.625049927046568,null,null,null,null,-14.171720448344361,null,-13.083583239790592,-17.593392483962873,-16.392233709317487,-15.927446128321968,-18.635263674715674,-16.947176289126205,-16.62156289075819,-19.680590795130144,-11.901048064824494,null,-13.312752147247833,-16.424681908283603,-14.922174641170185,-13.490084031886697,-5.0678569530625595,-12.230018707795942,-14.698369283017758,-11.984541970107554,-7.697480020666136,-13.610954802980281,-13.64379889716697,-12.691947297058379,-12.076102106965,-17.69057359278949,-16.046940306716966,-15.84490062381469,null,-19.81330391057435,-23.199770345775114,-18.89165233167476,-24.392594003440916,-19.437291439428797,null,-15.802255099368164,-15.54333571611279
-13.876875089653126,-14.039598234009587,-17.511240208239833,-16.823631839714402,-16.13440074793381,-19.190289094794082,-18.520231855206305,-16.756905823805784,-14.500241155691015,-11.529773825116747,null,null,null,-13.795553249446984,-18.146313252595206,-15.2931992443915,-14.81760317110553,-11.751512245660834,null,-12.067029469981104,-19.640635670111724,-14.807711298693881,null,-15.859385075468207,-11.183759038977962,-16.59831139253533,-15.887993123082413,-14.181541545068407,-5.025510390167934,-8.280997278564042,-12.86964247686571,-12.554599891668646,-10.284807993282607,-11.11697964483506,-12.796953743732256,null,-13.221064371435553,null,-21.506181784110026,-15.176771008125066,-15.138310298789873,-16.62531789957209,-19.77193491872873,-18.35965880047927,-17.086095780709552,-22.67353801939167,-17.269586337255916,-14.872352928591038,null
-14.299885796560002,-14.75687141154036,-16.623541888855478,-15.872002635799788,-15.616456113566123,-18.456102258323426,-18.74423220021369,-18.728022752866686,-17.155528744413648,-10.379638198078503,-5.732732736799797,null,null,-17.929697012911028,-16.261930317551823,-16.658162221572347,-16.907992636602632,-12.982869238621578,-11.878349652366262,-19.485109227344694,-16.81513822068224,-13.919098270440049,null,null,-10.053971534641619,-21.051423744477646,-20.713888923881864,-17.902675755740567,-8.75747020260999,-8.836413628004681,-13.636013897132372,-15.127773482458714,-13.356123132508568,-14.550161160664189,-15.16997699438481,null,null,null,-12.549539903837,-17.22877939626053,-14.517240408155391,-10.50224987032973,-17.284535243261438,-17.435311900324024,-16.81588879299735,null,-17.79598428721928,-11.712432655956837,-12.583343863472024
-14.416370567681977,-12.962611164098274,-14.763307628945459,-15.22908380205127,-13.586548669519527,-17.030005000555043,-18.042054334202845,-17.762018714920064,-18.249693938224112,-13.111454251272534,-9.874305665053624,null,null,null,null,-14.409488833283843,-10.671952567496238,-12.48197328999585,-15.045356617487691,null,-12.521649311757548,-18.73433108952224,-17.594479286790282,null,null,null,null,-19.328674492042378,-10.665070370411671,null,-14.18802796280611,-20.305080635359325,-14.628236834801712,-15.567432935219042,null,null,null,-10.704304336396252,-18.726369489921904,-17.54452271267484,-17.1505886579044,-13.68852529968311,-18.623923705699763,-19.27618483757376,-17.207847586905014,-12.532683674966659,null,-13.32445269198756,-14.558720791484026
-13.39622184750448,-13.554495317236048,-16.473998701351334,-15.27296241976461,-11.685299398605467,-13.811763766975584,-16.71001481393443,-16.683585124900322,-19.09915105063987,-15.44853031838327,-8.764858551991166,null,null,null,null,-12.043517537201714,null,-9.588100513307733,-8.820006225033826,-9.286025275543341,null,null,-15.987612752755027,-15.4750895043356,null,null,null,-15.77582352525971,null,null,null,null,-15.55465701119926,null,null,null,null,-13.671882395395853,-18.110072850669397,-18.231278196211075,null,-13.711390879768532,-16.57498128310729,null,-19.89687942296276,null,-14.551889590258524,-20.4767870550152,-8.983627054385037
-11.264416867123236,null,-14.866599489560606,-15.051504339626423,-11.612631814271525,-12.88008535739743,-14.067069098380552,-16.65456735498469,-16.708103735521824,-15.406207555193872,-9.641244081473097,-6.847640892774962,null,null,-10.380389913543791,null,null,null,-5.458333923072654,null,-14.305605913431489,null,-15.466704165839623,-16.632947834855123,-12.158913670211097,-5.0174688074577505,-6.156810403780744,-12.834211041792306,null,null,null,null,null,null,null,null,-12.957602001724409,null,null,null,-21.508494895294515,-22.12584002053152,-22.75883900220333,-21.92499238697051,-21.484058314588616,-19.570180726399574,null,-22.532269193658145,-17.472510510277075
-9.47853800347092,-12.02129219644131,-15.256746259844805,-14.417521238008387,-12.338715402221975,-10.914147925715813,-11.783217538247017,-16.3534430619436,-15.867515316196602,-14.699636557471852,-11.67472755535293,-10.625200568779347,null,-8.609892391561173,-8.016133744443614,null,null,-10.749241063525808,null,null,-7.183082935668466,-15.476355642009052,-15.303610569179614,-16.265163949585073,-14.689454115352804,-3.26020637464815,-4.728089631824048,-13.780070896949443,null,null,null,-8.278687418426077,null,null,null,null,null,-14.878471779689008,null,-16.48078395912162,-18.784231521617055,-21.41722423456345,-19.582558034886077,null,-23.860783458538435,-21.151796451369723,null,null,-18.423499737901537
