public/json/wind_2018-09-1609_700.json
{"header": { "discipline": 10, "disciplineName": "Oceanographic_products", "center": 0, "centerName": "Ocean Modeling and Observation Laboratory", "refTime": "2018-09-16T09:00:00.000Z", "significanceOfRT": 0, "significanceOfRTName": "Analysis", "parameterCategory": 0, "parameterCategoryName": "Currents", "parameterNumber": 2, "parameterNumberName": "U-component_of_wind", "parameterUnit": "m.s-1", "forecastTime": 0, "surface1Type": 160, "surface1TypeName": "Depth below sea level", "surface1Value": 15, "numberPoints": 4800, "shape": 0, "shapeName": "Earth spherical with radius = 6,367,470 m", "scanMode": 0, "nx": 80, "ny": 60, "lo1": 109.0, "la1": 20.0, "lo2": 116.89999999999955, "la2": 14.520000000000117, "dx": 0.09999999999999432, "dy": -0.10000000000000142 }, "data":
[rows 38 to 56 of 60, columns 0 to 41 of 80]
-21.57427340068407,-20.989412392400638,-21.931004279843823,-20.18522167033825,-18.56073430200544,-18.85557431742938,-19.693300621460036,-20.121371985717836,-20.197045783126246,-21.414486648550685,-23.677325406549024,-26.923999741790333,-26.770134108840914,-27.237684292257974,-29.93402038232029,-32.53807128810926,-33.278049599005655,-34.78963287194004,-34.74782675008012,-35.274393434400366,-36.066018675611204,-36.91516740482447,-37.67014878393729,-36.682826253238595,-35.80685013419742,-36.25890119656559,-38.54480373118566,-39.19655168253442,-39.93001083811407,-42.53920803192791,-43.055935310527275,-42.654973542548,-43.68373776722895,-41.57692692539625,-40.56423956292581,-41.95216499320601,-41.9738532669848,-42.30373351363972,-40.207510121071536,-38.85460845173062,-38.2398683508165,-38.11970607204117
-21.201319475471152,-21.725108826863664,-22.348938354657687,-21.4250219904562,-19.485983270775794,-18.978649217813178,-20.375227887394843,-21.0453787947977,-21.44999391649955,-22.711547726851627,-24.277416807010916,-25.303201172158847,-27.00579868904815,-26.821404132373274,-30.21612254898539,-30.683140990939968,-30.834465574680127,-32.87079723607461,-33.849342017477206,-36.52035256369359,-36.33950884953685,-35.74363561899645,-36.409212313152864,-33.77788385401088,-33.694475287889674,-35.10734944551098,-36.96562732913253,-39.09272656307255,-39.180380488375434,-40.75431794986794,-40.36066755156209,-39.47585101023853,-41.05050693496557,-42.08899570005008,-42.01343891453024,-42.02210045405831,-39.18852529807432,-40.26074367201876,-37.147973476105065,-37.47169439962784,-37.148513147200305,-35.32661017582103
-21.078799877605164,-22.439786703117296,-22.644494142232677,-22.61354784396785,-20.624779911812787,-19.9446472458901,-20.63302880798915,-21.485354002877024,-22.325313219434797,-22.667947687443487,-22.880687601471365,-24.890010570310277,-27.957626346370443,-27.981263572888913,-29.287500127565853,-27.968407878017068,-26.60353166045573,-29.734801083277375,-32.96886168027858,-32.88529952417348,-32.16878359655456,-34.88359078422641,-35.123254226848,-32.724046759538325,-33.4456652904693,-33.938100606822424,-37.82796148413559,-38.08597833330982,-38.41744984382241,-39.86353054129758,-39.677466784784016,-36.77127220913163,-38.36591131229621,-40.01122410260079,-40.21214677543355,-39.81567559773305,-39.73195274827994,-36.925081249685526,-35.660151613162235,-36.62283944486524,-36.49165462530816,-34.32601740477655
-21.4792752243686,-22.576852163240655,-23.348455314335727,-23.154499166490623,-21.66896391291391,-20.714527938859163,-21.05391689081619,-21.776442303494008,-22.684317477745566,-23.218360802595917,-25.228165696143222,-27.077633487659348,-29.321656126108643,-28.133217857760606,-29.23124657296469,-26.574560025357655,-27.27609674296663,-28.280277981540994,-28.410500540804907,-30.37155348893622,-34.16934519250148,-33.60203028344588,-31.37406180936882,-32.450683614296395,-32.24206402184071,-32.83482793284045,-34.695082684619116,-36.67106449655434,-38.1224725005055,-39.3430947186373,-38.687042481782704,-37.01580412211197,-36.46496446656661,-37.688220786909625,-38.737069576663224,-38.99903320554287,-36.86463176625119,-36.413491083200405,-35.714631197311526,-35.19840890833491,-34.17520408143204,-32.422071476217035
-21.13368623158117,-22.566942945082662,-23.346891532608744,-23.736391373960842,-22.456341074414638,-21.727643180389897,-20.908379215777046,-22.803831657343558,-23.267917945678374,-24.046315575366933,-25.294601008727646,-26.275796075936867,-29.392175431426125,-28.229226294648328,-27.108435951592703,-26.754036894768895,-27.776053567955174,-27.350789280415054,-28.427926602942886,-30.660485762727742,-32.96135387662454,-32.06031473834967,-30.95340593678365,-33.31158448301043,-33.12158568352438,-31.54836319715529,-32.89612893990485,-34.42215044735503,-39.53638966777774,-34.848719358773,-34.50790879355713,-36.62406568444743,-37.32447415286324,-36.80514340625008,-37.38239734738089,-35.465709786461744,-35.61428024290722,-36.964814063745976,-37.40545943971425,-34.825917332379035,-33.35577153237506,-32.3956484823779
-21.60005243338845,-22.252454950630707,-23.0304374848773,-24.132569591382502,-23.43376107189285,-22.720724074275363,-21.91115669370771,-22.241457605620703,-22.925851451543874,-23.55438577832617,-25.679366748836056,-28.03030102288252,-28.168295603910565,-26.910237761136212,-25.67829610275706,-25.142535277208673,-26.650376039363135,-26.11076151473989,-28.76211398126165,-30.658179834022924,-32.06120322298904,-31.707338525644037,-30.16040194113023,-33.17377492548221,-32.669058545167175,-31.874312492180653,-32.34789205560492,-34.23844182711913,-33.716138657570816,-34.110635806273464,-36.135697205356784,-34.863910478066295,-40.018536940147115,-37.2770492659711,-34.5359869296629,-32.60443549734143,-33.95687846990323,-34.56040670428564,-35.70199899479301,-33.34997371420809,-33.54639397123266,-33.415426635001154
-21.31875976349493,-21.43776075314308,-22.734615021818186,-23.759600483203222,-23.68096677025269,-23.342436635875142,-22.911193260783513,-22.09828518191459,-23.240716679995103,-23.42953893946335,-24.656813054071712,-27.47803445351115,-28.123764511005852,-26.96668616708794,-26.77613938735555,-26.564901232578965,-25.77187276760081,-25.876520802039245,-27.127095413483467,-30.499489697697268,-31.976656577299934,-30.172859676324798,-31.379910588633763,-32.14531711929632,-31.44149821482649,-30.091577068312958,-31.821543242978542,-35.4034745105768,-32.81492289592387,-32.59187553471358,-34.77996595353515,-34.45198752144806,-37.87906572995995,-35.39567373497874,-34.10618539326712,-32.37762605795103,-32.09807761846084,-32.17001342461846,-34.84476175732366,-33.922717564490924,-33.191081900579036,-33.986940227680215
-19.827257296140772,-21.808121428110905,-23.546842758702972,-23.56365533723423,-23.516486651611245,-23.138393826529587,-22.909371425623014,-22.55829462021918,-22.365224946627976,-23.597587633941643,-24.21475989333959,-27.396421319075493,-26.82541139544747,-26.48370680464822,-27.208942433972865,-26.27648979825218,-26.19989995809258,-26.39965218692559,-27.779563896905174,-28.45932039743023,-31.06538547552526,-32.76364294933571,-33.86584903351024,-31.64239246926446,-32.18921335103974,-34.058170338345555,-33.715906315366496,-35.79170258494745,-31.744842773855932,-31.719351481185306,-33.105025316052114,-33.095166932006165,-35.92173448372128,-33.87366208010752,-31.179555263750757,-31.333196105949607,-30.36847638902395,-28.259419830164624,-33.448137936743564,-34.35251359083129,-32.35862345977987,-33.39106532286532
-20.28129737838317,-21.808582942403063,-22.347513511203946,-24.00509936895876,-24.28147281836233,-23.36840067928705,-22.69206532566537,-22.39805379836329,-21.704009977729868,-23.088272385575024,-25.21541594816685,-26.584128973224576,-26.547039035846712,-26.288995859560075,-26.314492355954144,-25.74298145414261,-26.002665938542112,-26.872562463845544,-27.556271045985575,-29.632626514800982,-31.53722448078347,-33.042622432668225,-36.60525344586745,-34.78755054249832,-33.74166072109692,-33.49828379158187,-33.96976252789409,-32.43769607791232,-32.0585099896284,-32.693099704971,-32.96956409545788,-32.55559416698277,-32.96863975158542,-33.30519080999931,-31.657705485651306,-32.979625192438796,-30.936347094418075,-29.169232347721398,-31.512895505458125,-34.50626292943353,-31.35088908086999,-31.43103424697049
-21.196903995875537,-21.664656307989095,-21.23438170702368,-22.856554862505646,-23.29084281782667,-23.45074212711491,-23.10787704057323,-22.717493066094804,-23.081986518788423,-24.188461880584267,-25.183532322763746,-24.70690550376129,-25.928485578050857,-23.48611290923535,-23.519625543948276,-25.312501628497483,-25.643609346240176,-26.106895466432736,-27.688413361923022,-29.586426824514298,-33.53420634028703,-34.39864897725332,-35.07961087250069,-33.365528854129785,-32.87699165047196,-32.93292400620213,-32.12099727185699,-28.909040080906273,-32.732008757518344,-35.494275635140795,-34.608620572605396,-32.597382392014616,-29.450382069666116,-32.69288950652402,-32.07854383670017,-31.674206258573605,-29.737510301364416,-32.30080716913374,-31.69901587340385,-33.9314515188604,-32.080373681059264,-30.00704792186
-20.946703840778888,-21.42268227553673,-21.46737376403729,-21.809021098060395,-23.315728871462984,-23.83490586033669,-22.715608568469403,-22.771372351754252,-23.238503186586662,-25.054325156398253,-23.859010242154206,-24.791802206204682,-24.224624417487703,-22.012535846472908,-21.433509421530605,-24.360254017855777,-24.60970705657945,-27.384891604603297,-27.80581392578687,-29.587176638875366,-34.1517741884241,-33.55350683401991,-33.04721060019748,-30.657697898738455,-30.381798173586176,-29.16067406591785,-31.37826634044441,-29.06348403820038,-29.157616733557017,-31.55611072211554,-32.14980808429826,-31.717689733517034,-29.66785408890417,-30.741614976695654,-32.016371047479275,-31.314423638503477,-31.363654100232143,-31.922630695466758,-31.553066107542538,-31.121720310721766,-34.04879618298158,-26.972449276984552
-20.994802693581438,-20.440462648394124,-21.963756304295444,-21.63448867126899,-23.92307290196115,-23.817097545540065,-22.738217738976974,-22.643372977297076,-23.583277499914676,-24.199646011275448,-22.5643843352082,-22.427213353356002,-21.890293845148697,-21.201167034224333,-21.530298205759014,-24.229648702070786,-29.241445731476546,-27.136104582513724,-27.803611108447637,-31.750725289740053,-32.41667530221632,-33.067142639997215,-28.049392673584283,-26.81184093765105,-28.30910775174817,-27.33150175567005,-28.555108349311134,-28.990452340452542,-25.067216473488333,-27.037856003687565,-29.443373193936548,-31.428838910784027,-29.81471224223951,-28.840992621957184,-31.404706535907778,-27.647649085051263,-28.25523435093531,-30.207861444112687,-26.811624904155032,-31.67045837991254,-28.442779638313127,-28.211381869620624
-19.79536533206582,-20.88516068782224,-22.287878153403014,-23.04090802658295,-24.625588329656612,-24.44184196140109,-23.092607157931674,-23.05945827089787,-23.26621749564509,-23.014470024684847,-22.875851112442568,-22.376319700888246,-22.13798278687804,-23.00736624692166,-24.14018027140364,-25.51095057375229,-27.78994184548524,-24.73938323485841,-26.451126019082693,-28.32638563266354,-30.0804656960064,-27.649113064849715,-25.873119417387784,-31.644972415248898,-27.616569352449236,-27.075722404371927,-27.105260834331915,-25.491555833487368,-28.26755361882846,-24.90044901105214,-30.760788398080003,-33.24924770728446,-29.71984829194741,-29.570431457616387,-28.943639828417737,-32.84762028600153,-28.15972666588865,-29.147251531440258,-27.18883994784775,-25.71217895816061,-25.455450636712342,-29.727153323644956
-20.202081583125945,-20.715248733029306,-21.486810139511576,-22.721640582230055,-24.34042538742721,-25.181250081119952,-23.700528442017728,-22.350120860336524,-22.61805188539216,-22.961919545096514,-22.296606396922833,-21.32349424989507,-24.0164824858079,-25.365490772821953,-24.180691708636466,-24.62637274508174,-23.709359062182756,-19.971244107179228,-22.301502903053166,-23.84901767130576,-25.35406548634739,-25.256129269876528,-23.941311595777137,-28.229772090525078,-27.912858788156562,-29.863338154695462,-26.585607413108768,-26.835025111179455,-29.906248759022798,-29.211334271301865,-29.4533214766332,-31.60076022552076,-30.993079058010892,-32.00270768999236,-31.546007574357883,-28.880249415919003,-26.55442525639549,-25.374935189640716,-25.355300149350928,-25.149110858785114,-25.74153851390273,-27.250362592913092
-19.885624637020722,-21.23823130508007,-22.391286737312658,-23.59470148452575,-23.171803211649042,-24.383396683886257,-23.60333845782809,-21.69727812913549,-21.998671250588433,-22.97851570999103,-21.958636316575095,-22.26427751798745,-24.18404162753945,-25.622800346538824,-26.326983770813396,-23.289292747885845,-23.317593300238077,-25.775493151199626,-20.547204430356526,-23.651080240193174,-27.462064676347154,-28.514977266476986,-30.436049352505268,-32.22143314610094,-34.13097254264601,-28.029670807094238,-29.332741837086427,-27.987124842001677,-27.54365001279528,-29.950233877187415,-31.23171820103044,-27.922567152547796,-29.309358280179865,-29.550830470121017,-28.29950394381274,-27.897584775271042,-27.34607439650222,-26.308756630893605,-26.69623499639033,-27.94897143392797,-26.577770968642284,-26.413131206652032
-20.5835356983883,-22.048085341596924,-23.46108583357357,-23.015432932566114,-22.38156590725755,-23.522142988424058,-23.850766844221745,-20.880330836544932,-21.70363635517366,-23.06210352442512,-22.811702447849413,-22.94988974127447,-24.287727120343842,-25.443264238333228,-26.757366307143418,-27.622643188041025,-28.334608150196143,-30.66691777791243,-30.254576445515273,-28.60860521302503,-29.406854545867162,-30.527512036085714,-29.032141120825194,-30.171879676520568,-30.066224288488442,-30.692596089086077,-25.062160255218703,-23.665925926366942,-22.678290646257025,-25.708165365016207,-28.194581496933342,-30.298747152766374,-28.569780229521527,-28.648635268063867,-27.07329027502228,-26.50359375876775,-26.8903466148728,-25.618038089163594,-27.714668463330273,-27.22234547337265,-27.35479522668043,-24.723681180398284
-20.623720830596007,-20.574553885786145,-20.681215245540045,-21.278103354780363,-22.116013707290332,-23.54125409382754,-23.539159321945093,-21.496979315959535,-21.955318115559564,-24.011365443209584,-22.60989254012434,-22.46975998752637,-23.837580322607824,-25.006006498411296,-27.190538683945594,-28.122431088395196,-28.786135872660285,-29.41731003958376,-29.42420720569051,-30.40610862525994,-30.62203583584549,-28.96904885020293,-29.120664956572714,-28.827827580509506,-28.449558448006123,-25.996294996889038,-28.33958300014352,-31.182055311168547,-31.97939572365932,-29.994531710904585,-25.2841551300681,-27.578935804647116,-30.592139401238832,-21.90596049863565,-24.668847977902775,-23.512533250562036,-24.33671942841682,-24.435883269087544,-27.639889627240258,-26.946141898619203,-25.938774753793027,-23.04229300988453
-18.509936780695035,-19.52345854360352,-19.469056172269227,-20.50051196968998,-21.29436412669521,-22.239016365472764,-23.240665775324352,-23.31524552784571,-22.424887600959188,-22.765489612749217,-21.713765799426156,-23.13159670580494,-24.09263164443299,-26.24779935770135,-27.85705405189083,-28.399698768998146,-27.599759750610456,-28.030621651547285,-30.69414492264259,-30.724686685276524,-29.517543389897135,-28.37982797537186,-28.15393709641828,-27.897453922937228,-25.327812962594333,-24.333350233786234,-27.283570278608167,-30.34177959072339,-28.38517689368037,-22.79070436933384,-26.8128205911547,-26.535049707901113,-25.66101741865635,-22.54800581538136,-21.18800615038507,-20.36642745443696,-24.23671428519681,-25.678384068431654,-26.87003436350731,-26.575099385060106,-24.46328858736129,-23.981930632910583
-18.344571810508686,-19.36046397563663,-19.468119336153507,-19.395658226261812,-20.29274053403319,-21.242918868533557,-22.016427014135786,-22.2932098668171,-22.220919085781098,-21.27999629369366,-22.53156611671839,-24.287884893625275,-24.947906729153505,-26.10507662419183,-27.305960529541576,-28.958718463372684,-28.635316763616594,-28.517514570061685,-29.563086275614943,-29.55044293376422,-28.405109304362092,-27.29024656267645,-26.422034151022714,-26.712679694113167,-27.03905967064084,-27.39808160521936,-28.32279380794712,-28.501008289467574,-25.653547031581393,-27.281492848813915,-26.473422951581973,-25.323998760406305,-23.114388806308032,-24.99495070684838,-28.746988758261622,-25.151737745832172,-26.697659663823956,-27.263049805037827,-27.16936152103057,-26.734060755333704,-25.239664941636747,-25.694038968178234
