public/json/wind_2018-09-1605_850.json
{"header": { "discipline": 10, "disciplineName": "Oceanographic_products", "center": 0, "centerName": "Ocean Modeling and Observation Laboratory", "refTime": "2018-09-16T05:00:00.000Z", "significanceOfRT": 0, "significanceOfRTName": "Analysis", "parameterCategory": 0, "parameterCategoryName": "Currents", "parameterNumber": 2, "parameterNumberName": "U-component_of_wind", "parameterUnit": "m.s-1", "forecastTime": 0, "surface1Type": 160, "surface1TypeName": "Depth below sea level", "surface1Value": 15, "numberPoints": 4800, "shape": 0, "shapeName": "Earth spherical with radius = 6,367,470 m", "scanMode": 0, "nx": 80, "ny": 60, "lo1": 109.0, "la1": 20.0, "lo2": 116.89999999999955, "la2": 14.520000000000117, "dx": 0.09999999999999432, "dy": -0.10000000000000142 }, "data":
[rows 19 to 37 of 60, columns 0 to 41 of 80]
-8.798978011541704,-9.005176444885944,-9.53224079231112,-8.82785424586611,-9.822356647651674,-10.404977923831595,-10.40060029882516,-9.291707359724416,-8.362359436900338,-7.428079665183361,-9.24564248443957,-9.52357613747447,-9.798589001205722,-10.323870596757272,-8.561542846673428,-12.271543362267215,-11.380971325474766,-10.377354529973857,-8.506518103891324,-9.056374179217503,-8.74481151819743,-2.355479815107187,-5.263434500882967,-7.675049186026393,-12.290825024605644,-11.423923357171024,-15.985979610598566,-17.928063668676124,-15.097060473137883,-15.158037961646613,-13.590706097103705,-21.099864046121375,-21.019394673390003,-16.95429475008351,-16.8446057382794,-15.98537483000288,-11.518903855715639,-13.49145692233604,-16.44889173120764,-24.652438397517223,-27.10801465079905,-23.831333968648917
-9.168470880045469,-10.112382469016733,-10.07108127988651,-10.410693542549675,-11.177512409924898,-9.857794830869901,-10.709280228333089,-11.239035863858662,-11.105843086421476,-9.718184788430255,-7.546050108963359,-9.335021808095457,-9.277933104857551,-9.10139380280931,-11.16236529428675,-14.276725464472658,-12.752638327708233,-12.32000021707822,-10.493958215358344,-7.762783484406651,-9.152013314486524,-8.513175552878094,-9.905396750691885,-17.91114409252333,-20.221319128645497,-19.63117209276147,-22.39012931075229,-19.556321396330304,-13.385922623835643,-14.815115684778121,-14.047913811085845,-18.83234409455858,-20.25741074650545,-17.099451084229035,-15.649542683588171,-14.85529896532202,-15.92995933760713,-19.028527857358906,-14.75382232070405,-21.949628384860972,-29.51471235100362,-24.353744064824653
-10.054140457225321,-9.882317289647922,-11.430936512232403,-11.86682096518788,-9.970951102271023,-10.902854987706679,-11.310198710307482,-10.93647942475825,-12.004641799283837,-9.401185062944087,-9.22043116187026,-9.380302470563711,-8.537672795413465,-9.77566460219937,-10.903054920134736,-12.20251966607122,-15.769375683959888,-12.97703146426391,-13.044305589119357,-10.639992142737574,-10.417512864892185,-14.702181141388262,-16.311480994602867,-17.702039072202684,-15.551686286474105,-11.025393043161607,-8.472966603708858,-17.380036747044898,-20.423520241941098,-12.744158832132324,-14.02881918407554,-16.727354348031586,-15.465780337368551,-17.879254134470568,-17.494241265663636,-15.65614119639857,-17.386375511675457,-18.488259475938676,-21.453479371489962,-19.274904787483603,-20.641631873188246,-33.089040001072625
-11.327644645585792,-11.692736586423472,-11.039302258373143,-12.151289130918913,-12.548703441430892,-10.744950052998044,-11.649102129778814,-12.72939947269046,-10.865601389202713,-12.319774101161286,-11.870066960221553,-9.09134008935269,-8.329092543111159,-7.137390971309353,-6.956289878141594,-13.922857913204908,-14.731790859270099,-16.668800456811375,-18.57626145646005,-12.62154393879659,-14.006939872569813,-11.269790730304354,-6.631920477882339,-6.154624844058755,-5.387309137511972,-6.383009770078302,-14.352860615310728,-19.51003747963077,-20.666099618114206,-16.05167630451928,-12.363100567711744,-15.17572670738189,-17.758716851055585,-19.671818828633324,-18.375196975278776,-16.421556225655333,-22.480598146300082,-21.5635015112533,-20.566735705788506,-25.961031379722435,-28.09445401546326,-31.309132111367177
-11.363674340185174,-12.224402310862668,-12.177963350481374,-11.75884779224319,-8.712144378911374,-12.924019512812205,-10.917874616996613,-9.082011959741038,-12.13543715410904,-13.624205711083572,-12.331461319008058,-11.309733186284435,-10.139560910889173,-10.310937695325922,-10.66810623431684,-9.857191094538036,-15.626560509795754,-20.215535697970914,-9.684698961572174,-13.469177311060688,-12.21551392392444,-11.443759377436702,-11.575629879314182,-7.567673630876247,-8.185737132168768,-8.132509828867798,-1.2883551955572994,-17.867335426191133,-21.16760171566892,-20.607990446072836,-16.75041748304138,-13.014055545835333,-11.650715992739494,-17.938543623253224,-16.905489117662878,-17.337990310783745,-20.93527600952227,-26.6073805918426,-28.104475970823444,-28.878829685682348,-30.015710181559022,-35.8667417339009
-12.343964666120863,-11.707289851710852,-11.181629305220591,-10.93866977771104,-11.054479454913768,-7.521200317437837,-10.031172569552464,-8.732063523746346,-7.856866079205283,-8.083299533808908,-12.448302124685128,-13.180663348176626,-12.029681879979563,-10.40361904417189,-11.447678759076652,-12.664293454919306,-14.319856692735252,-7.1715702828302295,-14.268371526064106,-15.1361302429913,-13.455937956845702,-16.04506303810986,-15.0901274912898,-11.962788578856522,-12.768190558886046,-12.624683838939589,-10.304532590117683,-6.813386053557315,-16.728449888979412,-21.380320033678153,-20.35719043803813,-16.089992473511515,-11.016526383038089,-15.031964508215015,-17.867593633390825,-25.203096218689378,-19.800973680781137,-23.946597126607355,-32.752938337465494,-34.601716915203056,-35.9936090085531,-37.89565657800037
-12.451075300286071,-11.29827104227856,-10.500065666654011,-9.85312997201741,-7.880515549132982,-9.209552708909026,-11.347509821499512,-9.919818714004048,-4.8757323703306845,-6.2273620339383156,-13.253341298074059,-14.930345190849842,-14.229398047122935,-14.048267096465736,-12.999992642295448,-15.032208107782361,-8.298099880242338,-9.48463202956458,-17.55913669987165,-10.784184847232272,-11.759005400532835,-12.28864923714191,-8.361550935891755,-7.846520909589337,-14.089085385879255,-15.492512670276176,-17.7905340284348,-17.558320620035033,-19.465953569455056,-17.86462048597346,-24.364481115348767,-19.496558952194892,-20.194547404464053,-17.039400851493124,-23.5548974963161,-23.53764096865239,-24.491986894186432,-33.238751154082266,-27.4686811695018,-33.5076947489066,-37.00335679583888,-38.35702023404158
-12.373036107840228,-11.036353549925247,-10.977910563909866,-9.868777918931366,-9.644654193120488,-10.540722121458282,-8.632670202884217,-8.838909567089136,-12.522230997516779,-12.687295108188057,-11.696200114462835,-16.19570476843491,-18.76492474833483,-18.39503293632904,-15.611823384563378,-14.83474619745013,-14.89812464174838,-11.552544860224623,-8.932602071860641,-8.129460342080243,-15.757279851161938,-10.106453642940952,-11.849280409600045,-13.0869857062181,-17.311163027932118,-19.304173035890997,-20.709462149328694,-20.182616127626044,-19.788277850948024,-19.346655722318257,-20.037863751256353,-23.455112099741452,-22.622635145357147,-25.317513467629233,-26.985225922468516,-26.06898171025196,-28.73213481917771,-22.45253153946096,-25.193451310169916,-25.980668357550726,-35.85661818832002,-37.892658217718484
-11.290206673982754,-10.668944152331212,-11.432369238097065,-10.959046781169675,-12.644807864633812,-9.445283164918274,-9.540774421162538,-9.443044309863474,-10.427689467813412,-11.768999214648899,-12.382723240877233,-12.625533626667298,-18.866005561861467,-21.72734067954093,-20.765668424113986,-13.958312563619351,-11.495910281423033,-17.07768667682007,-13.859034180351966,-14.447465359997112,-13.10157509414318,-15.108093898293994,-10.640383923548562,-14.446756061211845,-19.645615965817655,-22.058984650096203,-23.49983571191844,-24.510850030216286,-21.80531501895128,-22.534954352939884,-20.414754832943547,-21.016661684451403,-24.051852493389788,-23.401321907713587,-22.699716334296536,-28.90877532255778,-24.64060035767843,-30.747282794065786,-22.744229995991553,-25.795904162597875,-25.01466235841304,-35.53741238529653
-11.354033073205475,-11.581539806404543,-12.621053074769597,-13.95250993111628,-13.167654477896065,-9.995688725496251,-7.876156787653358,-9.225713673291501,-11.530971572644695,-12.863043123148401,-14.032880711669474,-13.60102413906093,-10.402966169706392,-7.351062905990654,-8.364781895971662,-13.773244965278517,-13.101649435387822,-12.577207052957549,-17.569222434590294,-15.455930185790006,-13.363021243282217,-16.90200062080274,-16.16429041798064,-16.653622238060866,-17.682503827189272,-20.210257388838876,-23.112229849794872,-24.986913357276865,-25.404088312032187,-21.318902081098003,-24.420328706564174,-18.09194135056015,-27.217192508783196,-26.07802957839313,-27.190123794178533,-27.151416488294743,-26.975790490152114,-30.974447030360672,-32.86294418965454,-32.97356427566549,-31.82609174528455,-28.409424317613016
-10.320377054197165,-11.22487888967277,-10.88708297624833,-11.264268560672651,-12.249474768443067,-10.712031835193272,-10.176986256581857,-8.91733104746719,-9.739518987357078,-12.14045320144754,-13.123204563748141,-14.010898944802586,-13.0865853272094,-11.392184665820785,-11.561509107245001,-15.604774666255958,-14.872457654617936,-16.82226234169751,-17.767069838227982,-15.564907798880675,-16.122583925980255,-15.566181207134813,-17.578270132209717,-15.443388151275784,-12.732821609789116,-15.571664857390186,-17.601129719895155,-22.342731625906385,-21.84697791675598,-21.599000932802852,-20.574332311578434,-24.99009663347574,-25.127636179364675,-31.322629257281875,-30.389647087420776,-28.01799674054727,-30.59077183055544,-30.19792800445733,-31.488898610396525,-35.93272225435569,-34.44002474363832,-36.04476715515259
-10.03893635881893,-9.010971976135146,-10.929835941468626,-8.283170499995435,-10.84174206482587,-15.402273807872778,-12.989586953768859,-11.11430508466411,-10.853780222801191,-11.098901648935026,-13.270019447042145,-13.835884977333713,-13.85208512010913,-13.663690147998107,-15.673763799187254,-17.73273121529049,-18.64280108876096,-17.45492281141621,-15.732891632141314,-16.979305078622776,-18.5243890178824,-16.150791674268593,-14.118992920172087,-17.298099378193754,-17.822122776005912,-17.822719908159684,-17.970481190607703,-16.759748467895765,-18.539810047562447,-24.338756784951173,-29.184129721198484,-28.722327140705424,-30.279308203745614,-23.61877988284223,-26.679390025761414,-33.061566552935325,-25.51262371665167,-29.005950704565713,-33.70595563330669,-36.14607339039023,-36.31443340564134,-39.04779734689577
-10.253434503493196,-10.985006244242504,-9.014169815082985,-10.894228304361247,-10.293407257324247,-8.658133817062323,-10.500290870392984,-13.734242978574892,-13.230240402764537,-11.260488925584323,-13.210023192460639,-13.446444000434699,-12.590319974410729,-14.06002951276339,-15.538868544658106,-18.76866090925594,-18.201835713620127,-19.103722013065735,-18.185566332528232,-16.091559084016033,-14.982341628633183,-15.49431320191849,-18.19346100546995,-18.613622651672937,-17.896679878936805,-18.914678660306638,-20.10145888279799,-22.564386769818448,-26.010821442979676,-24.295691578062588,-29.909248971399734,-28.060265609956325,-30.01049600573158,-30.39988378318191,-30.561320819030854,-28.871769229917984,-33.52605386478263,-30.06350214026942,-33.67232964118961,-35.819993256741306,-38.93658011510285,-37.673540213379624
-11.583939530109724,-10.157803077148618,-11.81779691936333,-10.87688572078853,-12.795034305815841,-11.228893355239332,-11.734787845277417,-14.835044150292624,-15.50456885983073,-13.700474850765746,-14.080933459424498,-12.985772138124219,-13.991041815662909,-15.803992871999672,-17.297193837869195,-16.70715713379293,-18.722227234386224,-19.51290420071015,-19.093267073268958,-18.123339006290028,-17.93928017231795,-17.605143963483094,-18.57055452892076,-21.189312101457762,-24.35349554469937,-22.470928746179084,-21.855082136296467,-23.097706660892015,-28.1661229278653,-30.2257715442057,-26.756025336143203,-32.703839327443546,-33.78544764140149,-29.553294463741285,-27.974708214257397,-23.72676881569996,-23.559905456717043,-28.48266076861298,-35.43595449692804,-35.62190917924811,-37.06438571018211,-37.518815305758
-12.615557330583297,-11.376785523488183,-10.534569589996059,-12.87062391178608,-12.050099802975257,-12.71999194107969,-12.597665356426454,-12.609276269424566,-13.470554302500831,-12.61975852382492,-12.557792384973391,-13.961184910194644,-15.05482234877566,-17.251225110233086,-17.306810164370418,-17.18259404810519,-17.815796803269357,-17.89644684260186,-20.07438149804058,-22.606744535044115,-21.833931524156252,-22.090242789146536,-20.24414312160171,-23.012312640495946,-22.4920966975498,-23.33007574345776,-23.879661808525103,-21.323929534775075,-17.496648633512184,-19.254138977130278,-25.012389533961823,-24.40076336456052,-23.442038417767662,-27.53187260987237,-27.17041781624329,-28.7748992456134,-27.682150685027175,-30.766062074799958,-30.79590084382358,-33.902699343815335,-33.6863482181713,-37.007924057616556
-11.929785101577856,-12.2355839540596,-10.329844274837756,-10.540955003207932,-11.72776515546838,-12.866314660445335,-11.889593635358718,-13.20843611285153,-12.89960816739911,-15.144223429558759,-15.864418635431665,-15.132698656782303,-16.60989670985446,-17.55658497157961,-18.584340995285167,-18.87506418201097,-19.437430799951652,-17.996074777416542,-21.484192703305446,-23.867923207159695,-23.928133525863736,-22.137883213679682,-22.458427041228504,-22.978394958512236,-24.17327008405722,-25.328731820311898,-23.31317356322825,-19.9261617153619,-22.067707737343945,-24.38198534913701,-19.18399631477183,-22.78151351677026,-19.89863233740154,-19.707293698259996,-20.91199918838039,-27.833154067101702,-30.024128509852044,-31.036151145272363,-30.091400476136148,-25.72519645352662,-31.580310078649344,-33.07333952831231
-12.397960663707877,-9.913079826360715,-9.73063037476689,-9.695623417168072,-11.817553007083857,-11.201617781682446,-13.072704178974538,-9.938571027203622,-13.776636260118527,-15.023595611544609,-13.242994382022793,-16.13979269424219,-18.61916136705515,-19.036013988588603,-20.853811719349885,-18.813079278174506,-18.420260133462964,-17.741064614875043,-19.785038084364725,-21.400810106622416,-21.293323347872175,-23.235018639498954,-24.71742882840793,-25.99885563651938,-23.608635007822954,-20.83369482712114,-23.80061784836556,-24.394718102042575,-24.464100012869018,-21.581149467936093,-22.449148776440946,-22.739347248698586,-22.490670766465975,-22.85938275010101,-22.573859717875756,-24.69341064117969,-27.418056236860597,-30.732041677009363,-28.619849685982036,-24.927433118317538,-26.73750704542514,-25.35366200819039
-12.328647003852197,-12.581840843306132,-9.274858326393952,-11.298989228270772,-11.045055361325012,-11.89864939814333,-10.114686512311414,-13.404438014306255,-15.203599830946695,-15.024444122395492,-19.051293098455993,-14.27483618799902,-16.872058217346943,-20.26149325623436,-16.22886661757978,-16.52901852632359,-18.014105658737698,-17.26831083218773,-19.48292394211127,-18.501067401253785,-19.268173076304365,-21.68662445562997,-23.87609699961261,-23.347752112839412,-21.694179596541215,-23.411654279036792,-25.6856384347999,-24.40594940392719,-24.12123492969304,-24.44369129381701,-24.089677090121402,-22.96535057820111,-22.831248516544758,-23.709825835655117,-23.7019904781938,-27.088289701470995,-26.32249480002487,-22.498155019912872,-21.49994314019079,-29.929090760331945,-29.723989683697198,-27.747826775160323
-14.310638969876551,-11.597415508104419,-11.245321328087373,-10.63128998047276,-11.878736679474986,-11.945595381876046,-12.210900627302067,-11.706677120185878,-11.343567704860613,-11.125887293442137,-7.07944148555549,-17.02948169727273,-19.379653246007955,-13.02454655319286,-16.698603195981832,-19.55463076995575,-18.960191643817808,-16.39670027287252,-17.25157834611898,-17.38701748304934,-17.910285785996503,-23.283306366796342,-22.32223850023984,-21.0575835860559,-21.090602877824107,-24.553933429330872,-26.31708170589952,-24.595321364771213,-23.12795212355131,-27.37444168710187,-24.30281159438752,-21.857688324521057,-22.073138622185354,-25.633217205817264,-28.12959580987276,-26.774304182190765,-25.084310325641795,-25.15600273006509,-26.20449516882146,-25.328176550879338,-22.75128501599558,-28.56963416645837
