public/json/wind_2018-09-1603_850.json
{"header": { "discipline": 10, "disciplineName": "Oceanographic_products", "center": 0, "centerName": "Ocean Modeling and Observation Laboratory", "refTime": "2018-09-16T03:00:00.000Z", "significanceOfRT": 0, "significanceOfRTName": "Analysis", "parameterCategory": 0, "parameterCategoryName": "Currents", "parameterNumber": 2, "parameterNumberName": "U-component_of_wind", "parameterUnit": "m.s-1", "forecastTime": 0, "surface1Type": 160, "surface1TypeName": "Depth below sea level", "surface1Value": 15, "numberPoints": 4800, "shape": 0, "shapeName": "Earth spherical with radius = 6,367,470 m", "scanMode": 0, "nx": 80, "ny": 60, "lo1": 109.0, "la1": 20.0, "lo2": 116.89999999999955, "la2": 14.520000000000117, "dx": 0.09999999999999432, "dy": -0.10000000000000142 }, "data":
[rows 0 to 18 of 60, columns 0 to 41 of 80]
null,null,null,null,null,null,null,null,null,null,null,null,null,null,null,null,null,null,null,null,null,null,null,null,null,null,null,null,null,null,null,null,null,null,null,null,null,null,null,null,null,null
null,null,null,null,null,null,null,null,null,null,null,null,null,null,null,null,null,null,null,null,null,null,null,null,null,null,null,null,null,null,null,null,null,null,null,null,null,null,null,null,null,null
-0.3129072874314388,0.20178884011280226,0.9082696705415959,1.9965598819977515,2.309947666455222,2.5509307347620376,2.2380015805199154,1.9336665533441466,0.7287771562731444,-0.987345898450291,-1.2977343082439132,-2.3952694372244014,-1.995375150962802,-1.2209765830565955,-0.6807309125845087,-0.022926563146562266,0.9852858692828834,1.4997770714470855,2.684126595026011,4.391267921310837,6.195851394163918,6.681540193986849,8.044154880088591,9.63395791097561,10.589552206883301,11.064072130357989,11.065830435745625,10.338887756778298,8.499701795924837,7.6091991061358355,7.679871888632228,7.702725294742223,8.55085780191089,10.585244360279251,12.949512148729287,14.432000891212684,15.037618368091746,15.581590715450615,16.709672485533446,18.021654219653946,19.447539978705077,21.99432871963711
-1.1519186179508034,-0.13654911895509303,0.8610621633170288,1.3254130667226787,1.5486595992333478,1.4931781725464166,1.3746773391796252,0.6239114810037869,-0.8738756188326917,-2.6589659509370267,-3.946614867057591,-4.199833561199712,-2.8951174229302,-2.782588310744619,-2.7269094034788903,-2.3515358015687826,-1.6037462895395567,-1.2453269338565707,-0.11665245796250083,1.6795101450202683,2.470864810850112,4.019525952611743,5.418301628221647,7.151943236315127,8.608672735992638,7.936382092759473,7.2699939527105455,6.902238312333807,4.934626213276233,4.629929582360399,5.146835147308882,6.630154170838339,7.945933678670414,8.870884183736806,10.844939563733437,12.764749594654491,13.886498621829498,14.288781594962295,18.489561579404786,20.26329739349502,21.27286403664549,25.886469812449334
-1.6175834719633317,-0.3224032052423416,0.3632263902615466,0.8748686257746506,0.7429017614645936,0.09407678284291913,-0.5958977539523044,-1.2648368387003621,-3.230220860263717,-4.126769859459584,-3.966137035423825,-3.0903576883523525,-3.311400601692245,-4.108646710259757,-4.152135107663109,-3.321338959319324,-2.882319714271707,-2.25528999343392,-0.33327131241102886,0.6884878563256865,0.9662486639781535,1.9140493338930533,4.546381926721148,6.830665438653758,6.21255046978115,5.478297361632321,3.4909203234809247,2.1182847895876664,2.8331461258111923,3.880515414573807,4.987892568031672,5.834369983083084,7.068426962105914,8.439134288177458,9.626996476512902,11.218177360262796,13.210944107587352,17.195186572686502,15.758011201813387,20.027388852217342,20.225199407191095,20.32754711026368
-1.938593456159594,-0.7916324649136992,-0.0922759607652464,0.11411718137155988,-0.10937736536902459,-0.6466187983528044,-1.5915723365504786,-2.978893277816173,-4.132212624289814,-5.093714761101238,-4.92517192462403,-3.8000408945049955,-3.814042560524719,-4.730801754457193,-4.436774318317474,-3.3111566006897037,-3.8104245856486147,-2.7656741897723154,-1.1078414432450434,-1.1444989472377294,0.4197214702977936,2.462152517600471,4.549366956274966,4.3285405103350705,1.6329403395738737,0.14148618122478918,1.6968615821780588,1.3926022382405758,1.7404426225420302,1.8858377036792542,2.2080855480227046,4.306038311260253,5.722264716006314,7.606269849990883,8.183350051228969,10.060484222971299,11.65944075108363,13.45444085731815,14.52271678471593,18.21778291690851,18.560549271989874,22.493098746494837
-2.0787932660023714,-1.2007423838590405,-0.6342597407764856,-0.20643008356913667,-0.39377957776064143,-1.547420819662361,-3.047357903000946,-4.059035467869184,-4.633536953028803,-4.982092412267976,-4.770480987161271,-4.8126208042856184,-5.3141815632313065,-5.58897772106601,-4.964078241582834,-4.666873691652886,-4.447197200162198,-3.4905650073239354,-2.9643523413785857,-2.1121365793724003,0.006997527719544233,1.5863643603436273,2.882086873613624,-0.19823625252990265,-0.24017257028048206,1.0007160505860537,-0.09694387357112491,-0.9695406842083821,-1.0271768052861148,0.026437052246560802,1.6104821259040105,3.017701848408975,3.981101033396656,5.103361374812971,5.554781078665966,6.395207385531169,8.633177283251197,9.589974819690623,13.699766430988552,15.350111756238743,19.450725300261176,21.34691346355841
-2.313304356889449,-1.4739202816449861,-1.40892146934119,-0.7224853071020549,-0.7857189174102814,-2.8763026529892484,-3.48661975411465,-4.429659876122972,-5.00122576713067,-5.241298051370249,-5.681154492730908,-5.8938078106287755,-6.2483018528811325,-6.266619668066997,-5.882968231891488,-5.349334739016432,-5.0536017572892815,-5.196663486804961,-4.464843133536586,-2.705062698305723,-0.40192944899033367,1.8625167437978798,-0.9895865948106968,-0.8704297410046572,-1.1309121486401275,-1.9369438729296244,-2.9145475286755085,-2.9733785454655997,-1.0458375640492754,1.1895020504375944,2.7344992076686188,4.954866671143806,5.5768179163833045,5.428223144118563,5.405389260799266,6.275887431869768,7.796667438680028,10.78997858003936,13.298406094378365,13.44588880833955,14.029879454108155,9.328111668700524
-2.1951995821632506,-1.8828451686474346,-2.374209211749031,-1.317216351383262,-1.6449351236604492,-2.8540840879970863,-4.141396781127951,-4.567459298736347,-4.835963656805113,-5.598724792199672,-5.927267334948407,-6.162836086037998,-6.759892862522565,-6.399184736471909,-6.474816901378012,-6.6867544922185465,-6.780942649431725,-6.44472077568267,-4.866717149858069,-3.1412235904131673,-0.288230759287062,-1.3658795427622106,-2.3948328465145985,-3.235970261040194,-3.549224708732577,-3.7660753286045394,-3.017275872378602,-0.8697820035312526,0.6932190028756814,2.4608521185424657,5.00430830188181,5.3841478396246005,5.945895045310681,5.871884509563081,6.999898899391011,8.266838169940938,9.087148340287708,9.0320655393884,8.746091667687725,8.223841954780866,7.320448871073996,5.988249148414548
-2.2554635907358946,-2.48646678590062,-2.512073127661154,-3.7052674376000807,-2.808397242518093,-3.834479803224018,-4.472725368961454,-4.653462319846834,-5.482820754665362,-5.988437268898017,-6.501208117309389,-6.907983184003516,-6.611641062422446,-6.26368340579402,-6.977428103687218,-7.47854501576336,-7.4651381883176615,-7.058753688905892,-5.022260342158477,-2.023324311745637,-1.7620154292319012,-2.856752030822185,-3.557494902478314,-3.9100814348199964,-4.170626771177262,-3.7372679813263368,-1.4021333105054428,-0.6106014306946579,0.20080441162615853,0.36977090589831957,1.401388482459507,3.0017388559668325,4.049775162152306,5.0579754800396834,5.06691674545893,9.185203997584985,12.14912114277832,11.576425037855374,9.824138806491277,7.502044891196675,3.5772958844721536,4.415685332008046
-2.6028392123677087,-3.175372976820683,-3.743221262055002,-2.0724978067485873,-4.613637014304976,-5.166070415594294,-4.608601970518092,-5.58805150577339,-6.207691420174127,-6.476542218512117,-6.696948060303159,-6.9512006403563715,-6.4674265462903575,-6.486857097094539,-7.1868706211567055,-7.541603351281866,-7.835961452352427,-7.502056970128497,-4.433705260203676,-2.8958549930505697,-3.3837974646938385,-3.828746155206923,-4.205380238907923,-4.7579287360744855,-4.438196719477454,-3.8307183370986673,-2.4519199407457997,-0.6597727811809103,-0.38112735399803616,-0.8026695769113437,-0.16505523669983396,1.5661224851772706,2.4126120069696917,2.9756682927316214,6.205293822308874,7.018900514105153,8.862117861617435,11.777132417997985,10.683439260595492,1.9649744861586145,-0.4448285293005937,-2.2006213124390475
-3.220780941216084,-3.8292591414260584,-4.447736393659959,-5.200141122836974,-3.712289627671307,-4.469843116580888,-5.809115879417698,-6.249910640956841,-6.501226901804101,-7.016402333269757,-6.973378545531043,-6.823928530733451,-7.209247999444949,-6.527840472802406,-6.769557815925292,-7.319869264015277,-7.907823037079853,-6.909712678740779,-5.029381873568095,-3.5379947106662812,-4.079634724125704,-5.710968041612168,-6.473667972730246,-5.281110370430433,-3.835214961054425,-2.9931338458415926,-3.8892974206105118,-3.236689429775273,-2.519240487613176,-2.3740350502732546,-1.8045919522865912,-0.8884548187833797,0.3428244463595553,0.988403375570278,2.3203844573338523,3.576226174058882,4.297816342480868,4.722058883184239,2.905799879758491,-1.2661085943507795,-3.1217848302547084,-5.383666166013805
-3.9457928622735055,-4.555759093388497,-4.673713216756599,-5.080225242647178,-5.879931417635332,-5.740419449377749,-6.2539116874898095,-6.528094175996882,-7.046061222598349,-7.694265382065445,-7.639932226844899,-7.201938088757103,-6.269160476180016,-6.445276603391123,-7.325615785639092,-8.200531970700045,-7.6785536148477656,-6.230752513393177,-5.839000917142579,-5.260455653178844,-7.184333840018088,-6.435993828738544,-4.932532958410442,-5.601653798624794,-5.376285974152464,-4.814107723017993,-5.142899845986352,-4.901064197499867,-3.9270404059455712,-4.908295570423292,-4.426801562445072,-3.510064585354378,-2.8923939088562847,-2.208837444337791,-1.7363384938469473,-0.8932561630642537,1.0790272465572404,0.3520993816865722,-3.9408145601950317,-3.856475105175692,-7.362991303438382,-6.67089553767186
-5.1791644841061935,-4.6348392197043395,-5.01370519262345,-5.809241217310106,-6.02510282479973,-6.577533075702929,-6.783622435040225,-7.50644515304198,-7.611114164703762,-8.424058148199887,-8.145831322223863,-7.359783516624929,-7.14065535892286,-7.887006581482062,-8.185048967656812,-8.700850543150235,-7.43584791511813,-6.738684339296978,-6.358125956403869,-6.6671039388535185,-5.813900005956634,-4.480865927772148,-6.839910933765738,-8.631267329526208,-7.724193952157522,-7.347976027718647,-7.022378538694368,-5.195811564755001,-3.719626332684795,-6.405473833777888,-5.985225960496759,-4.673839558055704,-3.5828205451807165,-4.013510677256894,-4.458462977263352,-0.9639272759529165,-2.671778566670855,-4.283530948639281,-7.509304171429064,-8.661020338228624,-8.602673015202713,-13.531220990993042
-5.846680399471255,-6.003405609073954,-5.849698395712318,-6.506743769486926,-6.823596331061984,-6.963838605244868,-7.2965483290232065,-7.62755962144735,-8.574340730241053,-8.66074563996973,-8.690965303839192,-8.3599077109367,-8.251828897240713,-8.161500921795621,-8.694533278237522,-9.085845077899462,-7.698070233605725,-7.440878426072796,-6.619024697470373,-5.794137034225752,-4.386916954055519,-5.319920963548249,-9.061588404155094,-10.47740144439768,-8.59374401765491,-6.197091481165025,-4.667655652735667,-8.055799219079397,-8.719238632186928,-9.205405505496753,-8.519972527155977,-7.528743050604532,-5.972398146353109,-5.682597255833677,-4.93649705839475,-3.9377777252246817,-5.405373808031544,-6.827872494499548,-10.17877802151421,-13.029614187920465,-12.981574889254425,-16.608969919041453
-5.687598109304588,-6.8241105733949645,-6.698353731951105,-7.025943162385343,-7.252928765700576,-7.434427322615136,-7.476504550193429,-8.043219509552136,-8.754731054612597,-9.12133924790978,-9.312461748610216,-9.874032729267025,-9.362085230543178,-8.917646973797336,-9.274685891291348,-9.45039196923972,-8.041865075749559,-7.840392694584681,-7.47869349155798,-6.078723115035411,-5.735882433297188,-6.4465227662300855,-6.490439636746168,-11.244164002999655,-12.64870996223269,-12.260263464612548,-13.859103201599071,-14.850223629565777,-11.887576545151244,-11.130464045373472,-11.085001595783465,-9.856192926469115,-8.808420865591463,-8.29166574562686,-9.068492689759253,-8.923981856760664,-7.980122147180154,-9.232876609777522,-14.132780570289096,-13.577922826860886,-12.201433601950542,-14.877713180950282
-5.913779448248902,-6.97904835549189,-7.386755077282562,-7.456017191288008,-7.466494196528823,-7.463531517404501,-8.163722167624737,-8.27983377375696,-9.134171930551346,-9.941683168907138,-10.399136372626364,-10.688661273445035,-10.398998344621607,-10.155644673533484,-9.238247985250919,-9.158500887162758,-8.606011154566843,-8.112809437430624,-7.787960558146212,-6.835541580934745,-6.876214388760365,-9.691350260947324,-7.589085362533552,-8.146229131517199,-12.990608789945991,-16.04875977255756,-14.677300169062255,-12.181910205702115,-13.433784365031022,-13.601551467088644,-12.649174655148308,-10.376497104196462,-9.41003418693482,-9.912307248153281,-11.449280997634027,-9.701779235613719,-9.186971662992697,-11.000581381281064,-11.193949981540516,-12.800825461886873,-14.71326683677212,-20.865173323294385
-6.609002336842785,-7.305429938501632,-7.470803042907997,-7.875061165646446,-8.320797353226514,-7.839718437583633,-8.434764916105669,-8.386787746404655,-9.823674572023739,-10.3921486258563,-10.99922409713404,-11.263367347910634,-11.234686726212484,-10.878599084083001,-10.176747861134722,-10.13154840802144,-8.956131196888544,-8.902724849298304,-9.397413007198972,-8.918198565463662,-7.992423692474466,-7.091242846403528,-11.199261541244825,-9.599409683547371,-12.592654755706027,-16.272942430470593,-16.666366728955378,-14.996364365207038,-11.456949814636877,-12.578490184208526,-14.738236986329516,-11.573436707419914,-9.82331563162697,-6.3538074117549845,-9.365520654077027,-9.162429806162859,-11.044248023718186,-12.351435445774436,-13.726275305354152,-17.20663661090611,-16.92403937062873,-22.430792830168397
-7.230325406350857,-7.841432378400672,-7.996511284739542,-7.991811026157461,-8.802424725908686,-8.945441502507855,-9.060456833115932,-9.390997274564254,-9.609168856351676,-10.160370606748412,-10.668731253539661,-11.950876947938806,-11.890152477572792,-11.530042186344286,-11.268710969713242,-10.130416207453864,-10.359413688946766,-10.695479184081274,-11.3724489064431,-10.022508042667322,-8.319556988753341,-9.700111579634399,-17.33138134472406,-10.493262401506865,-5.591575954349525,-10.766128543847264,-15.8739998866867,-15.970516678802742,-12.969598158510472,-13.845055096594761,-15.652648539078523,-14.57743139170927,-13.555719604904441,-10.802509017644478,-12.018208548630787,-10.03816469362116,-11.214866976375838,-12.338361676243316,-14.64310807820273,-11.341909911007772,-16.321296897550432,-11.788727193207123
