public/json/wind_2018-09-1518_850.json
{"header": { "discipline": 10, "disciplineName": "Oceanographic_products", "center": 0, "centerName": "Ocean Modeling and Observation Laboratory", "refTime": "2018-09-15T18:00:00.000Z", "significanceOfRT": 0, "significanceOfRTName": "Analysis", "parameterCategory": 0, "parameterCategoryName": "Currents", "parameterNumber": 3, "parameterNumberName": "V-component_of_wind", "parameterUnit": "m.s-1", "forecastTime": 0, "surface1Type": 160, "surface1TypeName": "Depth below sea level", "surface1Value": 15, "numberPoints": 4800, "shape": 0, "shapeName": "Earth spherical with radius = 6,367,470 m", "scanMode": 0, "nx": 80, "ny": 60, "lo1": 109.0, "la1": 20.0, "lo2": 116.89999999999955, "la2": 14.520000000000117, "dx": 0.09999999999999432, "dy": -0.10000000000000142 }, "data":
[rows 0 to 18 of 60, columns 0 to 41 of 80]
null,null,null,null,null,null,null,null,null,null,null,null,null,null,null,null,null,null,null,null,null,null,null,null,null,null,null,null,null,null,null,null,null,null,null,null,null,null,null,null,null,null
null,null,null,null,null,null,null,null,null,null,null,null,null,null,null,null,null,null,null,null,null,null,null,null,null,null,null,null,null,null,null,null,null,null,null,null,null,null,null,null,null,null
-11.659856628263938,-11.443281854988594,-10.929245977743612,-10.70000813500772,-10.487288223916586,-10.267780506348979,-10.687470151169473,-11.726250596472518,-12.008451126299008,-10.658617947986897,-9.978427495771296,-9.381205223489246,-9.567597971141108,-10.035771464141142,-10.747659503603707,-11.167299643517113,-11.687861657576713,-12.43861911699798,-13.35497724017856,-14.368976895904018,-15.128909604970051,-15.435011924487839,-15.684064235705595,-15.130394840158155,-15.540276525940687,-16.03284290641175,-16.125423832385515,-16.11561006640834,-16.09358800381273,-15.719335494295951,-15.550645518365183,-15.615822947246276,-16.007285223397382,-16.102629676399182,-16.331656483953374,-17.127501829648807,-18.043635937810137,-18.802554396954513,-19.515948514154275,-20.667343803375076,-21.115331643922488,-20.822404489725756
-11.405053550126766,-11.090373847943308,-10.708047762043309,-10.614575814936718,-10.696568983882566,-10.56170360238197,-10.872974242436417,-11.435822503865568,-11.946181284154825,-10.11031199466846,-9.826528368540654,-10.143106815681168,-10.586918745707317,-11.07773935752345,-11.431773371606255,-11.513564828133827,-12.073221920997927,-12.994970011987302,-13.154004989186319,-13.91560291837561,-15.088693796865599,-15.588412054132665,-16.154294966260267,-15.867213251045541,-15.051480847045235,-14.99947370399401,-14.591779905120006,-14.308798509457162,-14.434657007447836,-14.958323631350927,-15.054636903543923,-16.453564955934844,-18.305041859668844,-18.715820460689766,-18.326897442031825,-18.301146333137453,-19.153446254591405,-20.961873805352205,-22.680333558585403,-23.273875635533088,-23.195850893627515,-22.098960146839758
-11.561994924505695,-10.971640885578223,-10.31958077032484,-9.817026735256869,-9.969157624229148,-10.359529453483951,-10.793812257959774,-11.247861089550604,-10.718243645212477,-9.316588293963637,-9.86596496640951,-10.362090023154275,-11.17320647419157,-12.019128112831147,-11.983643150716526,-12.355187009039174,-12.481968622267335,-12.53629207137839,-13.38310350524416,-14.691567362393869,-15.919412229326129,-16.37877160924914,-16.315810531866,-15.775725289268376,-14.733996799681005,-13.427435426672972,-13.377733645721829,-14.059175012325637,-14.199833715225232,-14.555393202056187,-15.288433539575498,-17.453395738120417,-18.499341127925035,-19.298332220986367,-18.73496041872063,-18.669717473633533,-19.44291553378075,-21.204729912297537,-23.163671737634694,-24.042458697899807,-23.47905271629645,-21.63909939513386
-11.341878933609395,-10.047335247964662,-9.348900748803906,-9.41812985229454,-9.742122638614028,-10.144868932114708,-10.828141164035369,-11.167318990328798,-10.030785547288781,-9.75669009107776,-10.174139129809415,-10.710350615290931,-11.117001155822136,-11.709297465133988,-12.507985310971511,-12.105004958608047,-11.86868866245079,-12.46153534054995,-13.900973022311897,-14.974341655435753,-15.314327928394238,-15.948211379308255,-15.675325162315374,-15.757137695144472,-15.482700413131289,-14.92020437557792,-14.993904001434649,-14.2759252067633,-13.945270613238929,-13.962208215977817,-16.066153554577877,-18.878051837103964,-19.737658934569737,-19.486174141826744,-18.633822079314537,-19.047725757324898,-19.50339944380138,-21.17460460785069,-22.861088502985123,-23.98626216039272,-23.181183344193833,-21.92108769581618
-11.12199870038741,-9.80354074340213,-9.635234837789106,-9.469674572888216,-9.917791065327389,-10.118370464759415,-10.357335464106672,-10.77233092655623,-9.908494381339741,-9.835063617003467,-10.133098233839153,-11.207034214682013,-11.762914409424493,-11.705059359230205,-12.143509157608225,-11.298344230715774,-11.377444589263037,-12.760589375950925,-13.780561132412094,-14.123697529788494,-15.309796353840515,-16.036577609446596,-15.909299132283845,-16.346059441008386,-16.6197836308438,-15.654833167711985,-15.80836563999162,-15.278323416761118,-13.458471167509163,-14.40816406411972,-17.328454518124182,-19.274888773386806,-19.876958799818922,-19.28430009459614,-18.81074539759897,-19.079676930206524,-19.843750680443353,-21.19181633374989,-22.6931606151077,-23.648859286184624,-23.478683894127947,-22.517413368933987
-10.81430885461511,-9.62466088484021,-9.372449541459549,-9.789781548819956,-9.639771186108465,-9.940678670480999,-10.031186927441308,-10.244860439966661,-10.458555655048674,-10.645726790424964,-10.964655766964949,-11.422377409879273,-11.375609370125227,-10.598450943159007,-11.476386136604003,-10.135726340141748,-11.430259623150626,-12.100076423495791,-13.403320658398616,-14.22438093184665,-15.056001839694474,-14.93697620552155,-15.301668089361169,-17.16027766205493,-17.110567135178812,-16.55133358274844,-16.464281780073186,-15.355002039983248,-14.543010382828069,-14.980025065447819,-17.124639918260655,-19.19419759226627,-19.463365642648427,-19.408918905579377,-19.474285075159308,-19.72808058026567,-20.563375132536162,-21.526695351595976,-22.41143301123309,-23.005154638641308,-23.709049831618113,-23.066138841937388
-10.636679484895922,-9.682833269593528,-9.990877126915613,-9.634746513341563,-9.427352115699636,-9.38947998387589,-9.83577789558736,-10.418127013113438,-10.58095016386531,-10.368479798863131,-11.032850390842215,-11.075955749059977,-10.956730621308543,-9.554796195243792,-9.75738540585984,-10.39199404623898,-10.985612079385422,-12.314304019860083,-12.352893493237138,-13.164357174146383,-15.506704066225373,-15.485515781715673,-16.100744593958222,-16.499106476263307,-17.324391277939235,-17.448194613434172,-17.11777250606793,-16.588728600318316,-15.904405640827038,-16.16684800121462,-17.236992536336466,-18.117403102295874,-18.981579461881154,-19.451106158830513,-19.91439088360438,-20.121943120340028,-20.845997611958637,-21.9366524349462,-22.905496655124715,-22.997174776545787,-23.218090885438176,-23.257406787997187
-10.967636706694984,-10.411311274940003,-9.82048047537442,-9.614938814026987,-9.094757463973005,-9.131946450098624,-9.487717252056164,-9.999178156213723,-10.163902229571532,-10.635206755866118,-11.012793349298043,-11.330524275704526,-10.407249840920311,-9.600267207792843,-9.607088253351892,-10.642038914798798,-10.820213269831946,-11.545675331567544,-12.067874362460664,-13.284680015290832,-14.54931026249637,-15.401821204237084,-16.096137666872767,-16.268565913029622,-17.593628536758636,-17.1754766601708,-16.903823307321915,-16.738110773533258,-16.394161969287815,-16.637277787026413,-17.18127213100243,-18.047316939284705,-19.017679145589778,-19.672503343402024,-19.90839675017525,-20.15919212905152,-20.761288317740018,-21.99008777922601,-22.794279128596052,-22.306422518239692,-22.759529558671446,-23.21915777231061
-11.023197269604305,-10.252072729610608,-9.762488649135143,-9.283996849321753,-8.800282600933787,-8.896917611249535,-9.568291553860242,-10.101211147168494,-10.609861192190401,-11.175740384627883,-10.80356965605846,-10.94946419657998,-10.561201371287966,-9.97087543921968,-9.976413336542983,-10.381101360025724,-10.986312343429592,-11.91423935053437,-12.984646656660386,-14.09610947728869,-14.758828268308182,-15.475660880912365,-14.6851728309632,-15.329691099922087,-16.782680927666235,-16.78694527159107,-16.83031286554738,-16.40263083752616,-16.217810842674346,-16.815626959092707,-17.31325107479052,-18.093238682288415,-18.764029933636206,-19.2851220075758,-19.633590223841036,-19.458504456536396,-20.651424190250058,-22.268507266226127,-22.482948453767477,-22.11711300951805,-22.447071601001042,-23.506326527860022
-10.939216786212855,-10.341023310913844,-9.576755787296108,-8.95860720958524,-8.622080366485584,-8.843060022303916,-9.795038867960013,-10.804010121101372,-11.11601741670121,-11.013061120234426,-10.975558857479932,-10.529547858990536,-10.434292951203961,-10.171435302748154,-10.483028447933943,-11.225912984776468,-12.20675613467372,-12.980062008749409,-13.5728837192306,-14.64077874572456,-14.757020185424551,-14.586899955444803,-14.423235691520626,-15.42307156872237,-16.450540652113457,-16.937575665104905,-16.912191723782605,-16.274052434168905,-16.471258673802943,-16.123593670949877,-16.695595430206293,-17.485639857172973,-18.09888053545193,-18.631051345581454,-18.357970911763438,-18.88194989175526,-20.038455300074236,-21.34713370524084,-21.97253378849772,-22.214673560031283,-22.14459526249266,-22.49824999275727
-10.879662505242596,-10.036591683181566,-9.057471040947888,-8.594933356102057,-8.713369586815885,-9.522974520350143,-10.346116604816046,-10.843090506703119,-10.959848697818998,-10.945438186619983,-10.513490625132265,-10.445276914055588,-10.24903657778848,-9.895491598321671,-10.60017884268455,-11.724589070745528,-12.556545201913625,-13.43096556646817,-13.967028027061302,-14.509867253447384,-13.802728574642396,-14.431274169211989,-14.982890851606864,-15.4219441021292,-15.88721884935354,-16.04770759278155,-16.624208316513144,-16.330635849699703,-15.706153558794547,-15.962977911583497,-16.320432158574054,-16.953779604728943,-17.415520251730435,-17.43595791324032,-17.975383689999674,-18.22697457742735,-19.412764372606745,-21.255856274584463,-21.626384452808654,-22.061102274852715,-21.860807952234083,-22.28461044505278
-11.39035330232851,-10.028568171497394,-8.862559812559669,-8.760052622072516,-9.367426396404497,-10.031660178835207,-10.427453887053995,-10.507381808315591,-9.906838035532516,-10.395510449200899,-10.572243762084645,-10.071828682021977,-9.872617002336924,-10.313631375016012,-11.390982440901167,-12.48391109531341,-12.90834594576242,-12.74648642840124,-14.450707619539765,-15.013884806206395,-14.585323422022118,-14.58779528562789,-14.566301764521842,-15.030602058714269,-16.698864907125355,-15.665664528643212,-16.328583205398566,-16.182490441139024,-15.59553633236686,-15.838541576303905,-15.679539624949573,-15.701620991306717,-16.50073482186066,-17.41200263684087,-17.04030134944576,-17.640980536207145,-19.3855469650158,-20.70641574965892,-20.80329446590339,-20.86868282136447,-21.22326605678706,-22.178820779259553
-11.140627463308855,-10.59981371351116,-9.522573599582794,-9.422077808636653,-9.633549838220155,-9.784683291215071,-9.71393478931789,-9.736300873632649,-10.152017738561073,-10.387978981132829,-10.703720128640915,-10.80133339532155,-10.846071721139614,-11.342962325031415,-11.998672027799756,-12.52930625478767,-12.294242426939373,-12.308694434263279,-14.510564416890263,-15.440079609719803,-14.985308612906966,-14.34341645319103,-14.452311502841184,-15.447131599925836,-16.78873409400013,-17.556242184801615,-16.072989971383493,-15.7428400682159,-15.986550016415853,-15.357306643201202,-15.16323305909835,-15.25457453097465,-15.23972380955292,-16.375392691470733,-16.67943165335714,-17.343603309127154,-18.78815027227511,-20.175152198338004,-20.697337705907508,-20.14591652508005,-21.054239938121373,-22.049527101338498
-10.314990615388586,-10.278393520463508,-10.057990213956996,-9.4371131203948,-9.869898602230903,-9.1417110556172,-9.018828157867906,-9.909604452318987,-10.135596445732997,-10.710647878782972,-11.060328799972682,-11.673675004249088,-11.860047929527992,-12.171945396366242,-12.325908084270095,-12.337544723752004,-12.205658246084383,-11.954586657731022,-13.708184625910723,-14.964087607643682,-14.911839475515709,-14.793868890592694,-15.451414388432156,-16.515114438027346,-16.35029389127353,-17.896197705419432,-18.07381337800247,-15.922343911990582,-16.471860426795036,-15.81091086814769,-15.1184558769395,-14.660654735574438,-14.898787014393928,-15.377401508015724,-16.37598948016317,-17.430809272643145,-18.301125123830055,-19.78373644760922,-21.22017956345088,-21.10749105306181,-20.819089325128594,-21.265771276468367
-10.23799504940283,-9.678099719391605,-9.741451162086165,-10.370359902085024,-9.387001118910906,-9.195357588854574,-8.840526150565687,-9.858126283193302,-10.429893655888131,-11.14070345636309,-12.082809477784734,-12.846970710465433,-12.67076057131226,-12.368305740619444,-12.450949571261367,-12.667957795923346,-12.280759626657204,-12.22609278369017,-12.075350734650533,-13.713936068332956,-14.542855216101772,-15.460524371046155,-16.51186934981987,-15.777942562969134,-15.279192192843638,-16.637597708134884,-16.96929724179597,-16.817794557900132,-16.416179802353433,-15.624892333840581,-14.985819067972763,-15.080711339514966,-15.274931592951598,-15.442850580459092,-16.085352674404287,-16.240669896567375,-16.879277377779548,-19.478350901793853,-19.95472273577221,-21.29071110087559,-20.085414416688526,-19.807231543202647
-10.06246510590107,-9.67109962612147,-9.382774269981505,-9.926617707638098,-10.737278988700794,-9.95836284821003,-10.04213701826124,-10.240474675768166,-10.412781078414426,-11.565768483631294,-13.135924250243617,-13.521429460095602,-12.907694109132747,-12.667008987835153,-12.619489119437496,-12.761368424274522,-12.934369934111825,-12.495553998769667,-12.464571670567366,-12.886522982866655,-13.789092764865025,-15.58599985673287,-16.63367768020105,-17.813042049012118,-17.248898287233025,-17.127552115211756,-17.045421109458616,-16.900345018715843,-16.573357942197937,-15.827479784568096,-15.1627781777655,-15.012234821535287,-16.486574091503797,-17.299213579378836,-16.959426512395883,-16.03089211417887,-16.359315975691167,-18.241152249209392,-19.426307120151883,-19.54475805963872,-18.45910995848598,-18.511777715334482
-10.183735938329058,-9.209500485627608,-9.36833160838023,-10.065902271930863,-10.224556730239858,-11.04529184452949,-11.432834290627994,-12.078715460003371,-13.183432535382902,-12.267513075287418,-12.32192646936402,-12.74532057082719,-12.415071171051768,-13.033648534915791,-12.869692529777542,-12.971350029054358,-12.807176941841016,-13.980022911236798,-13.91765099369998,-14.162551235548888,-15.020462280103947,-15.077239184162028,-14.854913609108863,-16.701714768007868,-18.038372765822935,-18.617156486637953,-17.37246474698559,-17.22832359296703,-17.062021132238833,-16.426201074343123,-15.42031455539595,-15.654447118298124,-16.27743221670074,-16.835269422878998,-16.252039025213595,-17.23434653088758,-18.597741622611267,-17.63340726773038,-19.201512896473048,-20.071385003251777,-17.83249223160249,-17.271420341243495
