public/json/wind_2018-09-1513_925.json
{"header": { "discipline": 10, "disciplineName": "Oceanographic_products", "center": 0, "centerName": "Ocean Modeling and Observation Laboratory", "refTime": "2018-09-15T13:00:00.000Z", "significanceOfRT": 0, "significanceOfRTName": "Analysis", "parameterCategory": 0, "parameterCategoryName": "Currents", "parameterNumber": 2, "parameterNumberName": "U-component_of_wind", "parameterUnit": "m.s-1", "forecastTime": 0, "surface1Type": 160, "surface1TypeName": "Depth below sea level", "surface1Value": 15, "numberPoints": 4800, "shape": 0, "shapeName": "Earth spherical with radius = 6,367,470 m", "scanMode": 0, "nx": 80, "ny": 60, "lo1": 109.0, "la1": 20.0, "lo2": 116.89999999999955, "la2": 14.520000000000117, "dx": 0.09999999999999432, "dy": -0.10000000000000142 }, "data":
[rows 0 to 19 of 60, columns 0 to 44 of 80]
null,null,null,null,null,null,null,null,null,null,null,null,null,null,null,null,null,null,null,null,null,null,null,null,null,null,null,null,null,null,null,null,null,null,null,null,null,null,null,null,null,null,null,null,null
null,null,null,null,null,null,null,null,null,null,null,null,null,null,null,null,null,null,null,null,null,null,null,null,null,null,null,null,null,null,null,null,null,null,null,null,null,null,null,null,null,null,null,null,null
-2.5435528810362196,-2.8227121063012497,-2.308855112227856,-1.5975998360762846,-0.38844842490156073,1.2534490244753775,1.9412776709880055,1.9807016663461559,2.2826841808159974,1.5775334128254959,1.7905146984178242,2.1922752823446316,2.1543873475109105,1.8530793158401737,1.5981190115793769,1.284009522928208,1.3487987223080142,1.6387856548224722,2.1641898262021826,2.7480619236893933,2.8202161238916172,2.7468528377786794,2.643055870041959,2.3507418054304576,2.07795060732049,1.9585712918224565,2.0389106597296855,2.117592053329592,2.4738241926498765,2.961010387129898,3.169942488807863,3.3794885062550217,3.5146442275127723,3.4303599006050387,3.591405314981335,3.9925381710814642,4.235491435047198,4.005749591784532,3.506431793314669,2.7057797198715017,1.7349832818030066,1.1239371892737593,1.2104512190641596,2.0297507118001072,2.9737603464564915
-3.2222541620061254,-3.1512419465715267,-2.5338603414809393,-1.6149105435834439,-0.686251524709633,1.4569256707026856,1.8887112966800297,1.7772270969570996,2.148286835258295,1.9120471511467445,2.2078276187621992,2.1473200006939197,2.415813581489237,2.183902902574086,1.9668644745330233,1.6992331680030777,1.885352703452032,2.3272077121090557,2.909163136740223,3.1316129661393077,3.6314367045522618,2.752500721694259,2.425498703835294,1.3369824764235676,0.5717474640838673,0.43048229888863515,0.16475756225602636,0.12327311951441955,0.5297664521667853,1.4005170264845535,1.6473575993033724,1.8866851438439443,2.727998143954629,2.6007454387080915,1.5683180255796088,2.500957736765905,3.2745075468341422,3.3963243282763456,3.4500522179461823,3.122272231758815,2.737420890458843,1.4639311621876439,1.8054910332921021,2.326952222831897,2.3032684008895137
-3.6555548716206507,-3.368155358194214,-2.833896816384211,-1.956207456563628,-0.8555194457922644,0.48054446932502065,1.6813172721845437,1.9915424054594684,1.9991787467867972,1.9999310833357598,2.2157630347212973,2.0041300798127,2.091284171508672,1.6688947814590533,2.116708141539929,0.8630785570997355,2.02102889587611,2.0724044210370454,2.893564101636364,2.3292438006586256,2.5479490569741317,2.465839588916084,2.065995280487657,1.123622087634818,0.442251014852,0.3197893038630983,0.2297278808110857,0.190698662437864,-0.09314058349212767,0.7473100656126286,1.666279823022433,2.3387653550904988,2.549126261037737,1.782537615272318,1.3700510519609699,1.9719158259539205,2.0168679159106504,2.6368188806985566,2.5703082599566835,1.7971978906518462,1.1741304367273384,0.5921826651820602,0.9168473606993099,1.5640983392516623,1.590700045186081
-3.910866162373696,-3.5137312796134443,-2.6196485189972325,-1.8342325321441206,-1.4383809144248325,-0.30555318826370703,0.6010954507572914,1.4833267779062114,1.6730223482694393,1.779981312973263,1.3277856514576292,0.8092072357528629,1.2968679842409356,1.913624621126107,2.292908986846383,2.2368765833615663,1.8453014919549402,1.7612432067111288,1.9890799328709428,1.746239965852619,2.076224253911434,1.7890628382863183,1.6030769791780428,0.8894975470730244,-0.09593453796744292,0.12174246235235472,0.6566442803720283,0.7229154748352755,0.8211937245357794,1.274768095916896,1.5892079576744955,1.4559431215015024,0.7236036086044769,-1.8324656854100732,-0.6888123299845748,0.8600260650591142,1.0217283736565943,1.96499138844375,2.2055739926134175,0.7566066944230108,0.009821005340550974,-0.0756083502122752,-0.19175794458294196,0.82647936000617,0.7340515230538889
-3.7306142349287637,-3.406512325357932,-2.8682695651523527,-2.1913874626611385,-0.8294651589571196,-0.15495902274488244,0.5419676156294797,0.591704106958395,1.274223604826106,2.2736618551674277,2.1858164102587816,1.1205311482614664,1.0848131053935102,0.6069342515887481,1.7820156829530232,1.244421947393807,0.8193333909151359,1.1206189630394627,1.4623494850640872,1.607332803891705,1.498916873883416,1.2068335256418523,0.7783009740666149,0.9477530366026385,0.12369078774049802,0.17847275137291846,0.6352865806611655,0.9285002959024161,0.5946747877046475,0.656386993299492,1.8083634371314008,1.6730385611976777,1.3308313107212,0.9600250654709261,-1.5655439498817814,-0.49511370536721216,-0.3890956910672967,0.4921989486772402,1.4739455121658565,0.10579946069211452,-0.7572488588171585,-1.2430524885398895,-0.4188625171777287,-0.047516427971149675,-0.04270405764528393
-3.2792434233931385,-3.1647334293776277,-2.4661039308499513,-2.3426945214993604,-2.2807628222939114,-1.0035555394207079,0.1638795568385282,-0.5990041291343073,0.7872057581926764,2.3522829994103787,1.8391550254552338,0.8165232941019933,1.07370924879298,0.7118076386547123,0.5935682405694541,1.403444254786442,0.9044826541020807,0.7455244536205021,0.42022282779363485,0.8582388214234666,1.042790780161707,1.3580234446211448,1.0294461363929268,0.22047527278008874,1.104660037194844,-1.1882559909745558,-0.8168744917774873,-0.39752202449531704,-0.6935778879994161,-1.1074349966957553,-1.0694288950330484,-0.524790081275004,-0.37549411384233006,-0.23061687550169457,-1.422073854771754,0.034311604711848666,-1.1949101430773843,-0.8463395965323055,0.6996672135502949,-2.2612101368595723,-1.6434158782964814,-2.196747107553424,-1.231781568129224,-1.290231536719863,-0.651360164323079
-3.7339739972153465,-3.150995577846729,-2.7161263598910423,-1.5204335106131415,-1.441161645995209,-1.3592827441729853,0.07436983912566653,0.07458762341030593,-0.2942662449125887,0.7344907603698527,0.6772877532746303,1.416333066594763,0.4496860343845369,0.8305336176312816,-0.12334913072497053,0.7834904852294879,0.7411279362125807,0.1241798742673188,0.5464927981602598,0.5057517296681947,0.8132159218857706,1.2040071896778466,1.6365634756210514,1.1814409744752035,-0.49515740183534274,-0.40506252578870033,-4.117188950923425,-1.4814406683892156,-0.28053406999362934,-0.48027733403843426,-2.120985496500022,-2.1626581126954147,-1.7765355417447408,-0.7923204027879559,-1.9310835047492971,-1.63427816340927,-1.4456481409705333,-1.1210437540234075,-0.5053983697262574,-1.5727240906192792,-1.4485403421083933,-2.039912956953981,-2.676964978863426,-2.127145620568543,-1.6019085005193847
-3.757703482662023,-3.757151336819269,-3.1333351222281736,-2.2368931078356744,-1.326471298608419,-1.7633855604711102,-0.5927532218116882,0.49967875965709285,-0.6022900242730774,-0.9036911547349952,-0.49878485796219324,-0.2757281428180502,-0.13290465565424414,-0.3254864168540223,0.5945543438652652,0.9281114957883566,0.9965497894983146,-0.602882853636383,0.08496832765345655,0.1579619347529143,0.16538405805617298,0.3452008650407258,1.3709347132577936,0.9513755794822445,-0.896984433384211,-2.447898278403293,-2.0990186369840025,-1.9656890987747864,-0.7586098440270974,-0.1722294736907779,-1.6050434775927573,-2.3043186524849815,-1.431440299570223,-1.1900287635843827,-1.1194273862505,-1.361317836479087,-1.29117018878982,-1.9723481661513427,-1.3752038930685508,-0.8990717067785857,-0.3010154474783882,-1.5818926931115638,-3.139044537010983,-2.3310673321437614,-1.470395399350952
-3.617462199709049,-3.1312635774520032,-3.260677150028771,-2.865285962198885,-2.4366352196031817,-1.8956104622506813,-0.8276967369299656,-0.3543215337113277,-0.3481629916394843,-0.946115294754121,-1.0128572778015243,-0.7580870319793863,0.4319859087317435,-0.1472448471289956,0.5394086104441005,-0.04108744374932142,0.4752615783540442,0.21336312468779037,-0.8937966365156582,-0.8017717006651792,-1.14149052497707,-0.37575655617054593,0.6490149786192275,0.6423955439357406,0.7777152687326652,-1.2996897844064237,-0.2408375142096597,-1.08525234718516,-0.16658855552145188,-1.1416389709468597,-1.501468346773818,-2.518275226854832,-1.43237182026824,-0.8618158754981267,-1.3011447411619206,-1.2335127857166275,-0.6884818120942444,-2.2649539855351555,-1.9544046744169856,-0.24518233944949436,0.48244393912941697,-0.46004965407008375,-2.454995485044111,-1.936903918029517,-1.1263079847138364
-4.077789526003266,-3.330326999692457,-3.1611531509051103,-3.0107579564937907,-3.446862485812937,-2.6070123060321815,-1.566379124413948,-0.7780136910297412,-0.7113062481581446,-1.4030079820292554,-1.6954412563825967,-2.6279949453135782,-1.74117450578082,-0.6444423526619841,-0.14155056536200536,-0.7214661786268339,-0.7926078880730931,0.030559074739277013,-1.5977920026830865,-1.5057650273807173,-1.7950136930359795,-1.2021492133835163,-0.4768613005787435,-1.5593025445449868,-0.2859549573938963,0.045154796977018796,1.5904293627965194,0.3191486381640781,-1.1607011578752375,-1.0089476756642752,-2.018352008726915,-3.0262179983401367,-2.8233715912718376,-0.8516542139921404,-1.0054430073790288,-2.180312785289587,-2.0016091902346895,-2.2104262310150915,-1.3847477307625082,-0.588784685441359,0.31396698700240033,-1.8983684910784007,-1.2953802504819427,-1.2870569106262084,-0.3603462129035078
-3.384116438319572,-3.088347079411877,-3.1626272924516403,-2.9887666770324413,-3.126379748441343,-3.311344334020876,-2.6373250053068693,-1.2536328949742852,-1.445014471536767,-3.2806641223277335,-3.0786125785284644,-1.5016869801344028,-2.220381486491787,-2.212637146262953,-2.2412022069259594,-0.4772245470719899,-0.09949641385545188,-0.9449533555657748,-1.5859916944321224,-1.3944016293439419,-1.9887580232174702,-2.5006737507005283,-2.17048954296686,-1.9121480824504684,-2.9561735850896333,-0.8024849750441615,0.07783410621969349,0.31668766474291943,-1.6057336795753256,-0.5748794699422883,-0.5029186415647363,-2.3426452193922462,-3.3611424634846805,-2.5065448862335877,-1.6005199967197858,-2.4624330564768435,-2.6629569294321267,-2.5174108292562165,-1.3787916443262975,0.08092254969963363,2.483037299075043,-6.205979673799321,-4.7776565530054125,-2.7855697573336795,-1.438122271810047
-3.006078134566418,-2.9776908174467773,-3.0536703872733097,-3.1173964560430822,-2.9010665447230206,-2.852330611335287,-2.2957516277587433,-1.4727957694090414,-1.0672831830004843,-1.7686688126352257,-2.7001719404094517,-2.6050602470093356,-2.244403795253232,-1.7156241148618374,-2.717074982638477,-2.9683824659460862,-1.498076515080974,-0.6440315345358784,-1.0984974358036554,-2.374843489575269,-1.3745163004277792,-3.278414177604628,-3.428649945805018,-5.118639858728674,-5.804543185737816,-4.642016592756022,-3.1678593784776155,-1.5395647824365544,-1.3708861512872137,-0.7399479634898425,-0.9916375130260443,-1.5068878269243609,-2.151838531668259,-2.4486036037387775,-2.380038683384866,-2.8224682123132867,-2.640344220943537,-2.450013276262525,-2.4167104683251073,-2.276245234525454,-3.072068100626004,-5.488413082173749,-4.745550833138216,-3.549616682100084,-3.259824324888876
-2.864909660437948,-3.475960916141739,-3.1952728861484356,-3.1102841641987875,-3.441354737665042,-2.848998883938839,-2.6193030799190877,-2.6351114052906794,-0.9157561943585983,-0.45408835520144775,-1.1534248378548388,-0.4786368173135968,-0.8389253520776718,-1.7256246635194374,-1.858340983583395,-1.1792221632731694,-2.905995340152769,-2.6563989867294473,0.2999087926773992,-0.1710005383864488,-2.592497456164801,-1.9846892669524223,-3.708178101511499,-2.6090011153318775,-3.0699128703213425,-4.113827824973205,-3.9195059438032,-2.861603577980866,-2.4796778973981515,-0.3358432487692814,-1.6523355884563538,-0.5009856710590239,-1.7592455610191777,-2.074979826350859,-3.1427585873019055,-4.250755619917239,-4.755965888947887,-3.8331552899277996,-3.018516713165437,-3.9701927330192963,-5.132155152209723,-5.841452696427719,-5.342544642538888,-3.6420145908311676,-2.890897806371255
-2.321026329140111,-2.817320578361163,-3.2248238010154053,-3.036108227629126,-3.6079712520733604,-3.168679179727079,-2.8342523028794875,-2.867687724444786,-2.3369738928113857,-0.9038411782013887,-0.7227621375177327,-0.048637015097559064,-1.2658689735622324,-1.8354019759905296,-1.644066589926624,-1.420397355126487,-1.6022712628205218,-1.7537594815285886,-2.6803146742710213,-1.0073308078287393,-2.3737594084994758,-0.9768117674148473,-3.9494887331301713,-4.553747395805287,-2.8036239540035557,-2.5394039033139433,-2.68276007420564,-3.3540155624988452,-2.7117521725052396,-3.4302561265274147,-1.475276280257579,0.1506020366889738,0.26186837453879785,-2.2542314210774643,-4.46987492790999,-6.056217973202509,-6.239561700132878,-4.450254288765333,-4.295570765310007,-5.063310666778283,-6.773548881156481,-6.4296324370463696,-6.324839869565686,-5.954258786160599,-5.627299445316691
-3.0425226775338445,-2.2082699607314518,-2.0262553350677837,-2.2055023796348414,-3.027970836622596,-3.4574278763729698,-2.9814743795297622,-3.3457142903856774,-2.87763952729186,-2.08341550741236,-1.1655639161757965,-1.2798816672766593,-0.893898176846481,-2.3256473156697934,-3.101734340190422,-2.4501443997856103,-2.079777352213299,-1.2897059365248726,-2.1724046642111787,-2.2434146879879235,-4.399147669914388,-2.3642836786896315,-1.1987865730532412,-3.5876423134182254,-6.7943129902315444,-4.076481472512173,-2.418292614974937,-2.8529980545429816,-3.4826356358158588,-3.037909046686941,-2.115264010092249,-2.368041745108054,-0.971468146515216,-2.8396816181380786,-3.8240792167014934,-3.9642297630961636,-4.380157258991603,-3.8483677955133544,-4.869282196819782,-5.581939204931514,-5.777159496997285,-5.572848257444464,-6.517725284229863,-6.209370133403661,-6.533726938898782
-3.359080915369094,-2.7959315282678254,-2.4523019633884253,-2.284995695723297,-2.456817132247389,-2.776983806615119,-3.435184373193023,-3.747092155582296,-3.0734774042765722,-2.4945272960092275,-1.5873754617453133,-2.1268185055304345,-0.9110764203653681,-1.4615928344411515,-2.7533535286248956,-2.8354149013474768,-3.619297551170515,-3.0766500048345247,-2.3189807224369265,-1.2692870597941026,-2.4992553200337464,-3.0996770287783626,-1.9244719132689347,-1.720120317549665,-3.9471746155944394,-5.149679039322294,-3.867751357376941,-3.305768476447762,-4.15944871515636,-3.708344482259412,-2.620085361154357,-3.0647396776433777,-3.7652829565469013,-2.2709990015645585,-4.311878009211391,-4.29477493627,-5.869170889567587,-5.315895948204157,-6.604141704049999,-8.417198980671216,-5.061911571051306,-5.405667975047293,-5.474445830041086,-5.908370978170707,-6.591265438760066
-2.5971685770961854,-2.6467398107001414,-2.8663164480866055,-2.8094184436017833,-2.3780320175425107,-2.122498291520233,-1.8203173881852917,-2.318913227701857,-2.83254002657787,-2.2455026497062063,-1.936136608813976,-1.1232747217863484,-2.202801519241955,-1.4666575277943938,-1.212220336620162,-2.069863605414472,-3.4212092359978095,-3.339303905008198,-3.6717460589003053,-2.5066854756425543,-0.5731028225840367,-1.686660530324765,-5.788291130061742,-4.303305632187122,-2.3717619031013855,-2.4882250989236447,-3.545103121900378,-4.240313345403264,-3.2248955485560717,-2.11835025268956,-5.827520046147784,-4.047934722170173,-3.6762618153010207,-5.282770113240715,-5.084172565900254,-2.3680889773832026,-4.055116342756445,-2.0992930158111163,-5.694890060815618,-6.660070468742973,-6.666095796989028,-6.581108874990264,-7.113463088823061,-8.117918300166355,-8.69983809550786
-3.0467403612168242,-2.9656132410971643,-2.7849688661906518,-2.6028519041790594,-2.9079261999540207,-1.9298047921712034,-1.610528800859788,-2.1266729705435834,-2.4112739043807037,-1.7962914694083583,-2.0702263236910423,-1.4426776924641544,-1.1612094162348643,-2.672696660597607,-1.8502073424889294,-2.1702431844460675,-1.7366735227742292,-3.2292566908563245,-1.901972904178815,-3.976931959902579,-1.9529308418764288,null,null,-3.496773447006794,-4.05126589873347,-3.0391393515771563,-2.182215197822743,-2.4779975205217233,-3.5549168083532314,-3.079348801907332,-1.4392318548422842,-5.029696180526473,-5.943467331066596,-6.8754468223303835,-5.502943674620482,-6.181511281446523,-1.927236850443747,-2.4258172711897115,-4.205048556416722,-6.66883840809469,-4.302540761122533,-6.742119905535945,-6.148336392004392,-10.074948547317055,-8.232832768076422
