public/json/wind_2018-09-1515_925.json
{"header": { "discipline": 10, "disciplineName": "Oceanographic_products", "center": 0, "centerName": "Ocean Modeling and Observation Laboratory", "refTime": "2018-09-15T15:00:00.000Z", "significanceOfRT": 0, "significanceOfRTName": "Analysis", "parameterCategory": 0, "parameterCategoryName": "Currents", "parameterNumber": 2, "parameterNumberName": "U-component_of_wind", "parameterUnit": "m.s-1", "forecastTime": 0, "surface1Type": 160, "surface1TypeName": "Depth below sea level", "surface1Value": 15, "numberPoints": 4800, "shape": 0, "shapeName": "Earth spherical with radius = 6,367,470 m", "scanMode": 0, "nx": 80, "ny": 60, "lo1": 109.0, "la1": 20.0, "lo2": 116.89999999999955, "la2": 14.520000000000117, "dx": 0.09999999999999432, "dy": -0.10000000000000142 }, "data":
[rows 20 to 39 of 60, columns 0 to 44 of 80]
-5.668176235105302,-5.924281160677597,-6.178380869162956,-5.956681582428596,-6.28623364928256,-5.500715834881591,-5.981872518189988,-8.829850851943377,-8.045143496381414,-7.303861728103746,-5.947925752302253,-5.520755851650099,-6.580977084156045,-5.792380775028456,-6.774206629814857,-7.370306145421189,-6.441711132799729,-5.900597517159018,-4.813010341353314,-4.230459091003782,-4.107364896577707,-3.10224236807311,-1.1131632762938775,-3.830152848485159,-5.971867011106896,-7.576231545767904,-7.758588917815171,-6.382686081919157,-5.016205427845053,-6.884399435468023,-6.407640202090011,-7.788262314458961,-8.738874062433032,-7.476512148223366,-8.397184396231168,-8.92231948420803,-11.934742456772907,-12.409243233035664,-9.842794722150503,-9.381561342578074,-7.811357381702567,-6.040807636627479,-6.785883041847168,-5.989084216576119,-3.3075037425186724
-6.757989749063251,-6.019543897104157,-6.652908890707461,-6.813054624534416,-5.948479090879957,-5.690311825726579,-5.56500901026927,-5.968945980157933,-7.0863170321369795,-6.955231235536548,-5.027125597339281,-4.8968619377613205,-6.096266487864201,-5.182886278973445,-5.604624163329934,-5.835527774060921,-6.291400737265288,-5.767703171759655,-5.618391527330976,-3.7567978246911,-3.895765782866265,-5.41884051538266,-1.1055771237097192,-3.1947032286044865,-3.6772872953376288,-4.56974225723707,-2.173383870964206,-7.920525875945914,-5.755854704198308,-6.312349842770839,-10.505759137680936,-8.98724253855843,-8.868038368036292,-11.80619978799436,-13.36869428062695,-12.042093755396277,-12.246955110326788,-13.03883501197068,-10.766823161615513,-10.861642546204493,-7.600246658221993,-7.674012808968247,-6.835789342891841,-5.6600380325802755,-6.5740431662510135
-7.664713037659778,-7.358372698290502,-6.534441965168183,-7.352106636697047,-8.023760348959255,-6.512264864957006,-5.827266490166202,-4.9003316463956885,-6.242009927971912,-6.674814220431621,-4.7054764512581535,-2.969594181461615,-3.5343504074819547,-5.2502998387043025,-4.928877382750176,-5.52793034121935,-6.1207524383168685,-6.021090898847719,-5.844040251527863,-5.270805732389564,-3.3000979313697356,-5.111946514123439,null,null,null,-1.6006320218091417,-5.915703830664789,-7.709890159443018,-7.89044996155828,-5.341019149590977,-6.369482491159718,-8.102081342236355,-10.91743575056395,-14.04674189121739,-13.978852935384573,-12.758227096724449,-12.98519942509058,-13.284265921453388,-10.48740434704289,-11.248775834421119,-9.518353649490468,-8.472934902922518,-7.243729821502174,-7.4340585082069826,-7.9404732820026975
-7.351076378963444,-7.56949940812193,-8.064708722917219,-8.30735858223012,-7.227499074150562,-7.652828362984037,-6.15694606359046,-2.493315568016572,-5.088947840988312,-7.803111342678646,-7.297978153559988,-7.066309478168444,-4.625176830867151,-5.215943719664487,-6.5811104958344515,-6.622086659544056,-6.617877171207741,-7.0801562870081245,-5.755555185237251,-5.418591822346189,-4.511249350813706,-3.1250626674212536,null,null,-3.3003623294112776,-2.4849346852585072,null,-3.542929774836122,-4.415321794544369,-5.901541590136148,-7.413881973213803,-10.579549157004397,-8.659015135054421,-9.241735505144739,-12.319019483113593,-11.767124844467972,-11.404476894689743,-12.506947654018333,-13.02964726889118,-11.176102903011053,-9.680315269134235,-8.566130768331188,-8.145120070847245,-9.364073062664243,-8.177837405340998
-8.157911812902553,-7.979679054645825,-8.313679214907149,-8.279707931524163,-9.50178817884012,-6.9280856551445735,-5.754902929868644,-4.150874184064576,-7.8540420324288345,-7.6233780740759185,-8.484967120310273,-8.79665164941645,-8.703589603441056,-8.780352374459722,-8.60705227834076,-9.0696576679092,-8.750283361419559,-5.487246635069477,-6.417660583996078,-6.145942936628286,-5.8291752445189235,-3.3803011573695825,-4.264409780490817,-2.8410234359870414,-2.4769108546936796,-2.92398795084947,-1.906923622523552,1.3889408176052407,-1.6793581216074307,-5.0352467619760635,-4.0723043402735275,-3.938242931872351,-5.201431063923623,-8.61552805195697,-9.846529654141536,-10.870745863546023,-10.319456362434982,-12.13103402400149,-12.91144486740825,-12.307105565711742,-11.246703563785548,-10.370301276423044,-10.097567959045783,-9.853250773053835,-10.3055992308761
-9.369289934542575,-8.982395603390856,-8.578193489192673,-8.138177040337304,-8.867830846984479,-8.775824939519307,-8.123920586612517,-6.145548843371296,-10.513300130430409,-9.61262633050406,-10.30764683251151,-10.094163398442554,-10.304298894773293,-11.240645261403147,-10.329362156317718,-10.7392290715691,-6.32909702303088,-8.263001622964408,-8.071523742526772,-3.511225224194927,-5.781145916696026,-4.3651665196333385,null,null,-2.1625063827316593,-1.9783075064862405,-3.204425595565712,-3.0410380865769566,-3.8655778467319575,-2.6580345061660995,-4.926741195015858,-3.4381935029267314,-6.476024650339199,-5.767682473461351,-10.877646844934027,-9.138824584152603,-9.314933634436922,-8.64554241929042,-13.076737017064952,-12.621987691475491,-12.316039410641755,-10.778170208646678,-11.423896596525381,-11.441250018635781,-12.061987661581806
-8.80480632705203,-9.031955010127769,-9.664413226438699,-9.387631251374222,-9.927022853726232,-10.4291866096872,-11.231215054568825,-9.599938165094445,-11.09895203658116,-11.78165343636171,-11.95093033840804,-10.69112115857497,-11.199828357828695,-11.816118288930289,-11.551113843990622,-10.740563235218243,-10.736148880084004,-11.218872793317814,null,-3.713221301934915,-7.5113644746412875,-3.459087236883555,-4.0208545208748365,-3.8701247895137767,-4.716337392201224,-3.4544717622455567,-4.20808847960858,-3.992690837325684,-5.156468378990632,-4.432405146280266,-3.2246251415643514,-5.981194042528519,-5.40133530882816,-5.9410260815228675,-12.358387467304066,-11.614841492913374,-9.365677821045711,-8.521116995097776,-8.254375304279577,-7.161254891124953,-9.533902050428,-12.919062610364934,-12.213711089073273,-11.820059572671903,-11.559796583611778
-8.302969985702891,-8.957796370129484,-9.672895597625406,-9.156975753913777,-9.302186372924492,-11.232681584971925,-10.555664876928741,-9.937275809601523,-8.545517450829953,-11.153189589287141,-12.0495658178111,-11.538016916265985,-11.915025478765074,-10.7839124395698,-10.936496487772251,-9.96704451897458,-8.215503452818696,-9.5000363624757,-9.938219009335894,-8.806147389282252,-6.792532905502063,-6.793202552374509,-5.5799821419132245,-5.206768684030244,-6.700198182247996,-8.315995166673945,-6.794487663618142,-6.346069312395398,-6.024835936719243,-5.776639658895207,-4.480991641697386,-5.2327824788261275,-8.651429215845676,-7.801202998998636,-7.675524784085536,-13.361053821594176,-12.659475449339396,-10.807730919454398,-9.002012354442511,-8.694983298671424,-7.665858814324062,-3.6447077820526053,-5.900129185992359,-11.86655652338485,-12.965535122912922
-8.403344033355417,-9.099006401828055,-9.46604800061619,-9.724959985507473,-8.747716548045458,-7.861601570600298,-11.026129576171009,-8.0847410243309,-8.209886868746214,-8.969578183029077,-12.22862335558176,-13.28329919196151,-11.594743266697629,null,null,-8.529128964243625,-7.955881828322136,-7.599735122622329,-9.475479343911308,-9.500888034939594,-7.562902626620044,-6.63402978699939,-5.894404158553646,-4.526129216263095,-4.405544057434748,-6.410153220431073,-9.515869145251518,-7.759996290698409,-7.577657783513828,-6.424403616485183,-6.186335570299853,-3.459379238204378,-9.641148321794471,-8.469123172929056,-8.04256411937775,-10.480317523900847,-12.378342603804704,-12.555949703729535,-12.197131676415598,-10.064280270244117,-8.303123260706736,-6.499184534736454,-4.6740123210157325,-4.388341127217306,-12.52332779051871
-9.099059719063556,-8.51160786236721,-9.19754599337294,-8.269077631142338,-8.833113405818212,-8.994802225032384,-8.061734300141755,-9.825101873060639,-8.617282548116972,-9.931180121755922,-10.490382208350514,-13.02220232628414,-12.842462858096493,-11.031798636950205,-9.817766687280384,-8.533780288547796,-8.590639377876755,-6.534850907894934,-4.690867403356714,-8.700747100581301,-8.441218185574193,-6.825767201194289,-6.3796953768138405,-5.913390808686145,-3.749092564135249,-2.771731704245283,-4.491679425756828,-6.969750256476615,-6.652890345541808,-7.960978728104329,-5.288661872531864,-4.734763299883462,-4.117773642136655,-9.337405119725846,-9.760341377068103,-8.704105192907939,-13.885932575644256,-14.194791989389696,-14.400307738604852,-12.912066966454166,-11.514068921161583,-8.943589183012161,-7.6201486643365115,-6.8334091569052005,-11.984381489800633
-8.835740741548946,-9.66914128442114,-9.135785484024657,-8.268997498186634,-9.065721155380967,-10.811953483349658,-11.165962105211598,-11.44775918584824,-11.357257202177045,-11.568006708779215,-11.587527289722862,-12.030493800871765,-13.264801613942073,-12.206418396711339,-11.366548368583723,-10.519451737801067,-10.51915358475376,-8.328739524416441,-6.379054470480986,-7.506576918791273,-9.892116307577133,-9.764247859252984,-6.93852003760598,-6.141193837098907,-5.403654118653703,-4.915622363624609,-6.062300169975673,-5.971778744601812,-7.813405018804469,-9.152788853639166,-8.90134017358389,-7.062623228224462,-6.544029183476139,-4.971531587551345,-9.017328149342694,-13.217512787182532,-6.438902878168864,-10.660918483115632,-11.986780740780874,-15.122963742371557,-13.27207842887023,-11.274559585510406,-8.85317505829137,-10.292727086098235,-13.609919441493057
-10.732938457079928,-10.81672488246899,-9.925930172463186,-9.410131705508336,-9.665129078661453,null,-9.729041339109184,-11.885483280504456,-11.84591082927069,-12.059606848684261,-12.418932060203687,-12.598500026321128,-12.134120503543866,-13.10048442662755,-11.729808948607964,-10.718734902943757,-10.628001474200687,-11.589816717632745,-9.598484580153107,-9.085412103629984,-10.959571024633473,-9.982168404476326,-8.320136967990384,-8.699517730672522,-6.0401011416403385,-5.490102684902123,-8.214956835636379,-13.204361522760616,-11.15389943161658,-9.078125776913216,-11.592551174292167,-10.25110910934174,-12.464107667495917,-12.00837108584893,-12.842290640585,-9.421064254999344,-11.830872762625594,-12.475655493473667,-12.722694613043407,-11.57378154423048,-14.398048085994285,-13.254953618561256,-10.727199110454778,-8.7781714874938,-12.10963995390616
-11.413519090799872,-10.799385035798592,-10.55728456911731,-9.562391225883129,-10.087350782496086,-9.980899813750764,-7.7460244540910885,-11.536725468100338,-12.025095685975367,-11.678841632991892,-13.668089117776727,-12.195830702429342,-11.673048785527232,-12.447523631282477,-12.711227446175265,-11.250801599490156,-10.584400553647074,-10.853535873688825,-10.860688725038882,-10.615600704187859,-11.845189005457845,-11.315252770840177,-10.261162725741386,-10.215616453503795,-9.771531644531514,-5.1062876243525,-5.295820327458212,-6.9014251347112285,-11.308372318479837,-13.238912390087714,-10.902722320769623,-11.005760607175112,-13.038857217342875,-12.465558656589028,-13.668308203945632,-7.137572902238569,-9.616443546087575,-10.178225151322316,-10.142256544281642,-12.406062327540683,-11.97250123666114,-14.06730983798017,-13.442187370545831,-12.047253722085049,-9.579747784705619
-11.027318276314656,-11.883851879794411,-10.793632647011082,-9.792640499159695,-10.456091575830678,-9.996798336568858,-8.938978970907735,-7.6865563323495305,-11.07789185231857,-11.52344977379127,-11.124003730257872,-10.41537480491044,-11.762836937887464,-12.556605216048245,-13.634421266528816,-12.331623246735486,-11.3876951664069,-9.579581518174255,-10.647539440355265,-12.838340967526849,-12.187839710152636,-12.547829876178621,-11.306638616643948,-10.62645827240954,-10.651396386253861,-9.716395700828805,-5.13747639820778,-4.786110482929127,-3.71115594716702,null,-4.945695023792791,-6.273670526386217,-5.351494656273525,-11.01430320545827,-10.929077111330717,-12.329176801647687,-12.056084480030018,-11.363219788675929,-10.774450272199665,-11.828886538576912,-12.827107642941614,-12.149267404087942,-13.8005956122317,-13.053743699520423,-13.744535529254911
-10.990933326907331,-13.139900499738012,-12.008012000567813,-10.713906527262624,-9.865533169381843,-10.22423028759794,-10.699710061156688,-8.160900377698665,-11.944252940274826,-11.03112972087783,-11.504598247289143,-10.846065852955679,-11.741911252720689,-12.983986053602804,-13.909833968749073,-13.542910071504906,-12.294508964734709,-10.400130026166151,-10.097159533726249,-11.857188732868257,-11.902202035085352,-11.843120172263772,-11.889084847417122,-10.774639559051185,-10.317342861716009,-12.3797922361578,-10.679417259728819,-6.006534444432534,-6.0084042688062285,-4.640806498482242,-3.257673727146734,-3.9810463200950483,-4.222353313801338,-3.5341572722516235,-5.5869641139911925,-8.969267467821016,-11.358668582075111,-13.369603050374478,-13.154325895487924,-11.995318392271338,-12.027754539432655,-11.429154289774926,-13.467505197053365,-14.100079692263096,-12.976990998840579
-11.60078358935643,-13.043062348302861,-13.321586519778048,-11.848476678256471,-10.465859486735674,-10.237725559027826,-10.9278250773416,-11.334284047580299,-9.6353176597299,-15.22260271751086,-7.571609990521908,-10.738929063079167,-12.97111756641478,-12.970095438889706,-13.81579682332579,-12.695744494182076,-12.401270156734732,-11.240851183431667,-10.240282738528737,-8.900283077069862,-10.058755754988102,-11.508681097646386,-12.645446817807656,-12.143840730695276,-11.03012759929968,-8.357570792015581,-11.18865409001824,-10.074721929878816,-9.424868610787478,-6.703219397444462,-4.785514316259869,-1.9612638429263298,-2.880344515890791,-4.471345969982971,-7.407597753437665,-6.534351945148827,-9.208019623245928,-9.896032355143737,-13.533219679452491,-11.598000861228023,-10.806932092536853,-13.264206658031327,-11.683164049267956,-12.216486409670003,-10.545063131206899
-11.609639783709838,-13.149226018543715,-14.031875530272433,-13.32014329535849,-11.029454369229061,-10.90646915697264,-10.616278846683842,-11.903674909699589,-12.475683186929892,null,-10.692974258840422,-10.766858237840598,-8.761476111569749,-14.730295934150027,-10.99358446299653,-10.891119862119183,-11.632699634109896,-11.317029966721801,-11.182635625230134,-9.039508272486284,-6.963990189657423,-9.111934173679101,-11.438446020880999,-11.879428168424159,-10.08170472725777,-9.333251965862356,-9.233098492192026,-9.450355600715097,-8.785254407730541,-9.37363850151527,-7.721923853160607,-5.841215326498488,-3.944822922225292,-4.241351471175258,-4.1877484927111,-8.80088792056891,-11.662462004961736,-11.122625592902898,-5.5898799653940525,-11.353321104028005,-12.778577704509392,-11.715093657698318,-11.162273424539706,-12.19606758897821,-14.051257963254097
-13.396167308711876,-12.59070203657193,-14.45935878094625,-14.59534387095845,-12.892028001285928,-10.844584486431598,-10.934998342846486,-13.768867915814338,-11.12534767792725,-5.356041713824715,null,null,-11.762082567588934,-8.42193513064708,-11.460476359057813,-10.760497671994365,-12.376018304887769,-10.328000959216538,-12.004182854265947,-9.606833421054693,-7.36902901984293,-8.96600709555409,-10.886653582942209,-7.796062523521101,-10.65102488388682,-10.14816964151371,-9.06875883904896,-8.191667714851349,-8.61635783490833,-7.644610199873827,-8.546718026588144,-7.251316285304583,-3.9645387305967255,-5.1032127167546015,-9.395153979306395,-8.773581264795274,-10.719221642631165,-12.525925731553455,-11.205511683727087,-10.56626979512557,-7.628489387044119,-10.205146649950256,-10.7454021984532,-12.726667672602709,-16.080462878503422
-13.279368446249684,-12.362158074787736,-14.038052033539637,-14.106067068119847,-13.788290072840628,-12.208279136531107,-11.2093788661336,-13.2581323957787,-13.810307669411673,-6.953016671264164,null,null,null,-9.311498962953793,-11.348006337609794,-10.149491776478268,-8.75650207363086,-9.941792128550453,-8.996070632338306,-10.269601826692265,-9.349784111069578,-7.614812035652724,null,-8.37381258087122,-7.939127459134319,-9.393237981146077,-10.259746441435048,-7.207488843443761,-9.246904054783826,-8.798229421422498,-8.154139977199694,-9.232859134943128,-7.343039807903553,-5.202358533315525,-5.569370413863698,-9.999727019884508,-8.330677113382963,null,-10.305417925117833,-12.132951320216613,-12.377561667473453,-11.698187049027066,-10.585233430584074,-11.500340143600113,-12.975596805535494
-12.255137181381683,-13.770880041097856,-13.091235501925976,-13.712104698503106,-13.837684789948057,-13.543381229570782,-12.12076526863607,-9.89670261376784,-13.49161610058006,-11.653920534733917,-12.766454253076885,null,null,-10.727155094190461,-9.518115263235165,-7.601760694948433,-10.695453288411539,-10.117975301100142,-9.008209222979207,-11.610471486057335,-10.445436178622654,-8.972142897805742,-5.789680299666287,-4.535559156311538,-8.09423554557178,-10.798127522247995,-12.91733932196719,-10.19420690953253,-8.9872672071958,-10.289482775149597,-9.338123576911862,-9.595718419642239,-9.050009113014195,-8.47242361800043,-8.786047095780699,null,-6.006600873599999,-5.4716534327031985,-7.16775353217597,-9.669424125496906,-12.536016780238015,-11.66714994397,-11.29191362735589,-11.205971164823078,-15.279561478128453
