public/json/wind_2018-09-1522_850.json
{"header": { "discipline": 10, "disciplineName": "Oceanographic_products", "center": 0, "centerName": "Ocean Modeling and Observation Laboratory", "refTime": "2018-09-15T22:00:00.000Z", "significanceOfRT": 0, "significanceOfRTName": "Analysis", "parameterCategory": 0, "parameterCategoryName": "Currents", "parameterNumber": 2, "parameterNumberName": "U-component_of_wind", "parameterUnit": "m.s-1", "forecastTime": 0, "surface1Type": 160, "surface1TypeName": "Depth below sea level", "surface1Value": 15, "numberPoints": 4800, "shape": 0, "shapeName": "Earth spherical with radius = 6,367,470 m", "scanMode": 0, "nx": 80, "ny": 60, "lo1": 109.0, "la1": 20.0, "lo2": 116.89999999999955, "la2": 14.520000000000117, "dx": 0.09999999999999432, "dy": -0.10000000000000142 }, "data":
[rows 0 to 18 of 60, columns 0 to 41 of 80]
null,null,null,null,null,null,null,null,null,null,null,null,null,null,null,null,null,null,null,null,null,null,null,null,null,null,null,null,null,null,null,null,null,null,null,null,null,null,null,null,null,null
null,null,null,null,null,null,null,null,null,null,null,null,null,null,null,null,null,null,null,null,null,null,null,null,null,null,null,null,null,null,null,null,null,null,null,null,null,null,null,null,null,null
-5.286269551416941,-4.339740253137213,-4.106669557977061,-3.9817668969207505,-3.818005886662103,-3.5155621004283995,-3.726305590354744,-5.063669264536287,-5.053623606639288,-4.436628737795644,-4.677829728962719,-5.817663198885809,-6.6996509769931665,-7.551056040495092,-8.062234221361368,-8.590806239354595,-8.620203991454753,-8.120254366765204,-7.516696392103661,-7.287950483535553,-7.296401626563476,-7.390852066550634,-7.633083364399489,-7.824941346177498,-7.366725004133206,-7.272617866712336,-7.4300763150574385,-7.73379435009357,-7.515850972537224,-6.176627423965091,-5.206704940185155,-4.348968925147151,-3.3296336938671858,-3.4270049375738365,-5.4234337569574915,-6.0451347976608885,-5.098261185218579,-4.074840794018987,-3.0405025792886793,-1.7986805278450522,-1.0331702026266605,-0.6779301130950675
-6.1193515601329205,-5.431759044312295,-5.208359762655807,-5.248871068880524,-5.104805265507024,-4.540941579280188,-4.436650096978874,-3.9486277474594487,-4.6408666282794435,-4.264501147397735,-4.874065828644026,-6.451840374450342,-7.303845144195481,-8.03346141225323,-8.390056181441397,-8.855651513224505,-9.397003773653486,-8.85565812921816,-8.59680269954717,-8.036333596992684,-8.277562848627793,-7.414974641126424,-7.609244365084552,-7.8782643901260005,-6.454799657548259,-4.147042684929817,-3.78313538359509,-3.5333980918277867,-3.947270521275402,-3.962062978859071,-3.948789209409288,-3.765129242867917,-5.373018048429647,-6.837875290218975,-9.319542905575803,-8.900150871863572,-8.417822254110538,-7.480138168387988,-6.376364737358637,-6.25357568366722,-5.530162452573159,-4.629644959214282
-6.67301574277803,-6.381320206679233,-6.4266115316562304,-6.3182602106935235,-5.806174234982924,-5.40387831897537,-5.185535897487153,-4.391680611712671,-5.343587611707877,-5.585076982322901,-6.570203872050419,-8.12398462624117,-9.496470455386332,-9.29851789431809,-9.221932241979232,-9.518247202699769,-9.631183774646496,-9.552160857706937,-9.193304496852921,-9.06390080310968,-8.797580497508624,-8.948897629470851,-8.315471865377821,-8.136265601374916,-6.206151703994811,-5.293315471717422,-4.50351624396471,-5.257027788170945,-5.5164506742115185,-5.291022108516319,-5.510527951436178,-6.8060655102129815,-7.708377839766191,-9.483026931157612,-9.832529499491349,-8.868093984046615,-8.091764210174146,-7.913886294085665,-5.645584295715734,-4.757245275806307,-3.2925849102048463,-6.388627324287268
-6.527982815780211,-6.781654566011471,-6.979232108968897,-6.797986238097141,-6.2964602327209045,-5.954471310953939,-5.439062904270959,-4.76837133305172,-5.7759662860311485,-6.459451436506356,-7.12966739229397,-8.605641599672946,-10.132226331176426,-9.692078294121643,-9.541570625101938,-9.617764830367637,-9.955570700595128,-10.113992330589356,-9.986414588394126,-10.047420605299141,-9.888291411266094,-9.492193067858098,-9.795749324530052,-9.065003371992148,-9.306666808734557,-7.727263609188532,-8.518184561173731,-7.81790627784075,-6.89463061549895,-6.308303063673319,-6.2353693200326115,-7.799151851255484,-8.314898169505643,-9.844380741967125,-9.763670378265582,-9.10996719718528,-7.908607651744415,-6.111159055963669,-4.757913445636355,-5.125967335438519,-8.14467385365227,-7.240515160823872
-6.631687589189676,-6.676069198783133,-6.7387445686188485,-6.565267547815416,-6.485387616690044,-6.670224310381611,-6.603006618929276,-5.715372496555887,-5.860089082677195,-7.353094572174219,-7.116609573657813,-7.188794050610403,-7.679818832220706,-8.832010574608331,-9.80855338328052,-9.8519027343962,-10.446652568857093,-10.602324810475215,-10.583865447384985,-10.671071680229586,-10.594147059193547,-10.376643184463678,-10.371885713347433,-10.594411572713419,-10.659740182672076,-11.13120034420609,-10.154690335126396,-8.992059133439797,-7.3801973056497925,-6.680190368350341,-7.9251826010134145,-8.95319517282184,-9.451300161977112,-10.218770422074599,-9.51613368845189,-8.830908605358095,-7.3503706070734856,-6.4143164638728045,-6.147966194986756,-9.964175892988854,-9.116965105983713,-9.815874075900599
-6.937791990363889,-6.886067399208718,-6.904833724791816,-7.093780489057584,-7.587864739622492,-7.50508640258106,-7.212951431613551,-6.86288246481984,-5.640972912804615,-5.3876924473330305,-6.833962814868842,-6.728179065078174,-5.971069858670945,-6.687704341486006,-7.650250868496827,-9.54805684772159,-9.835281732085672,-10.708693597316296,-11.306851563412224,-11.48493766712064,-11.101413219595022,-10.638395722624814,-10.104567631576973,-10.739609928128415,-9.651560216363624,-8.855913169084292,-8.007882483909611,-7.198110688056706,-8.364720381126784,-8.930450424332623,-10.198410244703853,-10.924770323341964,-10.963960331260092,-9.642347866940135,-8.901318710215792,-8.416926468413427,-7.676756238437074,-8.113137669809184,-7.439276929735662,-10.538185158671556,-15.804836897463737,-15.154047746328509
-7.170290084303012,-7.647769088453767,-7.579625214317972,-7.811865812159546,-8.433470731937861,-8.084402156543996,-7.890165188569216,-7.383462713104278,-6.19631189218804,-5.93513612328357,-5.69491762453022,-6.740467523473791,-7.266776353449816,-8.046469697776649,-8.083995486266515,-9.97054813213212,-9.809041321413131,-10.725903963927598,-11.952806227419657,-11.976590525637596,-11.38990990533748,-10.830897071529268,-9.756997684137923,-9.715873158328835,-8.975349679970492,-8.328379101210347,-11.005960831074841,-11.49608371678974,-12.263766771271923,-12.486937242407675,-11.935861373184363,-11.769760193403654,-10.904619528401076,-9.619205907398232,-8.949782512799937,-7.939661375489661,-7.971272145857636,-9.204915780963464,-9.55539252170396,-15.886058145586453,-12.907675447723987,-9.299101546969355
-7.919673323574606,-8.494399032837633,-8.264659783773896,-8.515460998644599,-8.650446033739625,-8.610878011368005,-8.520624571938798,-7.7479412066168605,-7.388151113104424,-7.134839059112043,-6.616951128294072,-6.843078008800448,-8.652103899987475,-8.854523965066756,-9.43299789123233,-10.864543789065483,-11.544234069437646,-11.681575277807225,-12.495388440513644,-12.575011777939338,-11.948086581406441,-11.251882451520334,-10.810429437167763,-9.049542806949178,-8.897049338035055,-7.980009087835464,-6.958806145440381,-11.417518841766107,-13.007652598331891,-12.88605668892507,-11.535121649345637,-11.57662235145153,-10.108371163843307,-8.027333003792311,-7.012129565563506,-7.279641000200585,-7.624733304358889,-9.422482260516851,-11.049617404762946,-12.830972239997077,-12.716763638029516,-17.267068274998643
-8.900752604286957,-9.049614456046092,-8.84165849765425,-8.84270891378419,-9.119592427250632,-9.014797653936258,-8.65230664008873,-8.290803642781933,-8.106855708783604,-7.869033743789993,-7.762996539608227,-8.544109324203994,-9.192762540444228,-10.217154773247636,-10.542652138400541,-11.29886594290633,-12.172917442243072,-12.314730078990664,-12.93103464105637,-12.593921262108275,-12.268199788373122,-11.608088571392743,-10.990699544313074,-9.45555591396376,-9.24437471918484,-7.959552468781407,-7.3618151672379755,-6.336804283412836,-8.048635270756973,-9.593660965631743,-9.79827014850502,-8.79416213062914,-7.496644104887514,-6.155482256554014,-5.660639408750606,-7.85150823974473,-9.374256870994856,-10.168017352808702,-9.94688046674709,-15.66633587658276,-20.118605567106982,-18.671471907837056
-9.476433352938717,-9.427114776153509,-9.345775026743597,-9.541422923906492,-9.45332785181894,-9.355858406718909,-9.36484131937182,-8.833201358370571,-9.11879346456253,-9.449764899938591,-9.335004673551191,-9.497619521318079,-9.956018157192698,-10.297330758945062,-10.465371732296443,-10.970636988416285,-12.2743217192333,-12.665234357755697,-12.930069350659698,-12.749733469015036,-12.101860121030086,-11.928697687821035,-11.143364913057868,-9.775412337144187,-9.584903413692714,-8.143731949309034,-8.289441498103084,-8.42315061321091,-8.127514855538411,-8.59932671459017,-7.983871391617199,-7.514462852076068,-7.537043890467475,-7.948437397757427,-8.811869654954407,-9.065455696496116,-9.852856364599495,-10.15755132253512,-18.06786469716137,-18.76934824960573,-16.37771105041289,-10.525980277461242
-9.795595929910816,-9.867439140853962,-9.922959647291531,-10.27964733733644,-10.157678940198958,-9.82210915225568,-9.920763395997787,-9.854742438924724,-9.725527731317905,-10.166588388716542,-10.769800860353097,-11.100962381810897,-10.630136440530332,-9.478034948550858,-10.476342345138423,-11.136772404293861,-11.679844138044443,-13.057661681497743,-12.78151021374753,-12.40787667634065,-12.378922142635627,-11.677934257623855,-11.335898278866994,-10.474407044257806,-9.959512069720747,-8.73723717105328,-9.428548754356369,-9.432195800975563,-9.817336007526354,-8.768556904017082,-9.031169274213678,-9.089025663065907,-8.347356019606316,-9.790481152789212,-10.648251764945996,-10.205709691423621,-12.664713265374491,-13.643824371114832,-12.522391476796958,-15.604089076835228,-19.991331942228467,-14.34676321805625
-9.815950173831315,-10.23812508297872,-10.420677120315187,-10.608631303147977,-10.807226247137004,-10.64595736805233,-10.527951666717293,-9.979281670450368,-10.429406295953138,-11.00912128119332,-11.372732405990718,-11.087220993676318,-11.18672206315545,-10.818503555519722,-10.185267170010883,-10.598415872021448,-11.356550041182674,-12.474491700138731,-12.926487070957783,-13.08179467579463,-12.638714912541595,-12.013249828632732,-11.47158599504503,-10.611891972990579,-10.326492923561831,-10.31943447003178,-10.634237843284966,-11.16558748927622,-11.267072740515486,-10.754859788973462,-10.463749853108032,-10.573205241834025,-10.150720414681047,-10.48009239042761,-11.103436437731936,-11.67837817683789,-12.078453874405792,-11.455003278284563,-14.420237292952999,-16.1377769518897,-13.467476358065293,-11.77746508188557
-9.898911655953613,-10.083645839352988,-10.498654897887498,-10.999244237093222,-11.08617115070808,-11.22883299950451,-10.67034839174988,-10.313978746975298,-10.500802745189763,-11.24618655309593,-11.453241604112284,-11.069314965128115,-11.047501068231824,-10.653057219195617,-10.92530945521268,-10.723097217130052,-10.516782222471113,-11.849511165618127,-13.372673942177482,-13.842058217321776,-12.95137395935517,-11.807856637312707,-11.9827386576921,-11.234513447926837,-10.759091483970781,-10.734507185540126,-12.868261708264074,-12.705135044678142,-13.000884247668612,-12.065996013828155,-11.261454713861152,-11.581375104215823,-12.189383271951254,-11.495707255503454,-11.757437671815563,-12.430128708189237,-12.21191188616447,-11.688706492028842,-12.222977634708535,-10.996500475054178,-11.114048361793495,-13.981228366415948
-10.016791132874184,-10.248353950311508,-10.436348638285944,-11.11659684682597,-11.270771530261438,-11.145129644957539,-10.761345618965219,-10.346515547697399,-10.540632569226585,-11.005474538889947,-11.046428600333575,-11.112594486489684,-11.029603704521891,-10.88304766436018,-11.242367563135305,-11.382224927885865,-11.086780066285094,-11.391140478405628,-12.84676138750426,-14.140432493969248,-13.731148215768124,-12.29382283092281,-12.169589005020885,-12.3336972464146,-11.063829720384875,-11.606621038208392,-12.639709582401688,-13.989967966699616,-14.015935949308982,-13.182374751651087,-12.43675716434316,-12.27518151687703,-12.5855486721779,-12.119511707171757,-13.011304212756272,-12.835577768914023,-12.500532959331451,-13.720677265961104,-12.451493140577846,-12.69107625313717,-13.89914861178872,-15.379181015768708
-10.132100721757432,-10.981112056226241,-10.6715374617498,-10.818578210742743,-11.040671457383164,-11.083884501737526,-10.73447690384337,-10.397149386123932,-10.715123211963512,-11.043979445433436,-11.13892228185579,-11.307474928597625,-11.411114684083273,-11.789619339335635,-12.05962163111421,-12.3891324920413,-12.24049059943799,-11.714086923563865,-12.598300139298894,-13.517789165515326,-14.024889027459452,-13.077133597234752,-13.279522022389322,-11.608215189373416,-12.905394502049354,-13.438338725038031,-13.22735937384692,-13.08952917574805,-14.201091757203795,-14.24532934038358,-13.471866348979738,-13.286056051183808,-13.250433615307925,-14.29514904481833,-14.256604285986452,-14.430478554159668,-14.202679678737237,-13.251246522663886,-15.610489891577561,-14.720804644971345,-15.93937012849717,-17.560839585678522
-10.980011983631899,-10.631915775787476,-10.957832761429568,-11.246440128775948,-11.018464735616057,-10.81052500481516,-10.939600128950962,-10.303265410986642,-10.651980813178225,-12.06432999731064,-11.334458410579789,-11.905860456774489,-11.896064257283479,-12.551433099105045,-12.914199643846207,-13.87492317356293,-13.847815310991342,-13.232407815594033,-12.860934470553515,-13.189015234007037,-13.537670860793195,-13.38796243260956,-13.80290919896899,-12.639661928519804,-13.967727065934906,-12.852224476470882,-13.3504251161697,-13.986941474466825,-14.484850476702837,-14.984830681158229,-14.486513686695508,-14.283671641249779,-14.331507311412084,-14.144202759311117,-15.139538211913711,-14.846862884549417,-16.893584725350827,-16.369066314570603,-15.083260694467786,-15.446735799885122,-16.94488529958212,-16.630092650114996
-11.533704893851704,-11.15009705014205,-10.763226902537708,-11.14627746896684,-11.416544955222074,-11.416514843651683,-10.441846814059424,-11.020463755611555,-11.235831476456688,-11.393225272498237,-11.625457458502618,-12.033401821403274,-11.810007774989995,-12.775367834264408,-13.544616098494217,-14.565213743803898,-14.775098110157192,-14.84737800629668,-13.958628834593902,-12.915200917788873,-13.354996320304794,-12.689859031178202,-14.420569877912287,-15.78460675194134,-13.121097002907787,-12.238955547093958,-12.71164946062114,-14.127531422230412,-14.552711014619977,-15.085658977053882,-15.43835628628609,-14.78089643690478,-15.185078610263446,-16.27040680455716,-15.799454260865422,-14.157491394583834,-14.550812387418084,-16.29764627719479,-16.639640488171942,-15.04561075784237,-17.728192499494433,-17.097192520775806
