public/json/wind_2018-09-1612_850.json
{"header": { "discipline": 10, "disciplineName": "Oceanographic_products", "center": 0, "centerName": "Ocean Modeling and Observation Laboratory", "refTime": "2018-09-16T12:00:00.000Z", "significanceOfRT": 0, "significanceOfRTName": "Analysis", "parameterCategory": 0, "parameterCategoryName": "Currents", "parameterNumber": 3, "parameterNumberName": "V-component_of_wind", "parameterUnit": "m.s-1", "forecastTime": 0, "surface1Type": 160, "surface1TypeName": "Depth below sea level", "surface1Value": 15, "numberPoints": 4800, "shape": 0, "shapeName": "Earth spherical with radius = 6,367,470 m", "scanMode": 0, "nx": 80, "ny": 60, "lo1": 109.0, "la1": 20.0, "lo2": 116.89999999999955, "la2": 14.520000000000117, "dx": 0.09999999999999432, "dy": -0.10000000000000142 }, "data":
[rows 38 to 56 of 60, columns 0 to 42 of 80]
-26.86209283704164,-25.11989336908727,-28.3120957394488,-29.27417144705346,-29.147210519764435,-27.829159899510636,-28.89956605851247,-29.463170229645428,-28.90294176791844,-27.05245997904839,-26.016929327235182,-26.40670680968478,-28.161519189148684,-26.31322139335729,-26.04475916103452,-28.73549677238835,-27.846199675632654,-24.700437465256993,-26.751741512892025,-20.252525553561266,-19.0576334508901,-22.565245777579154,-23.642746218931975,-22.598745150341923,-18.371440069735055,-14.200983422012893,-11.89745887725652,-7.230770682418145,-6.013457963201094,-7.1898396350968445,-1.0473127818056183,0.679560986154691,1.835457284355049,-4.069801389807041,1.6653213887994174,0.2516939614250362,2.826944116011905,-3.485605076125455,1.8451564821088628,7.881263295701883,14.609143345637788,8.693751180328132,14.861740258766764
-25.982190829221228,-26.415092443258395,-27.7706854143158,-28.547152025873793,-28.248770834922592,-27.33059567451489,-30.294231002270035,-28.57248592291445,-27.252713692697725,-26.32767413338486,-23.00817328481126,-22.480011680925294,-25.908743956850554,-26.32417736540163,-27.63193699623768,-27.150972643444312,-24.082944405573393,-24.9602602699857,-25.52275104371108,-19.621786303329902,-24.859014942678293,-22.5872862380335,-25.534590310481548,-19.81962791168179,-14.835908071256235,-8.870076963037924,-7.428095895041115,-3.978538316930063,-5.655956179209762,-8.341257803870466,-3.595855020382623,-0.9222231928727216,1.0756846727884763,-6.021330265665606,-2.9605975014873103,-4.872762697085607,-4.036986304544513,-4.057942970106727,2.43235194864008,7.632656432943582,6.82136006316645,8.996708275479847,11.321654944466502
-24.84019059501835,-25.900281810613638,-26.02095129013007,-27.713162679568804,-28.11396140611903,-28.01854322353855,-29.61331223543507,-26.43942993581228,-25.009857352301466,-24.819259684829085,-24.37736499139455,-23.30655893730044,-23.361374333076135,-28.614143449737984,-26.326414719151725,-23.45962438469014,-21.420648340250352,-22.4152350898671,-23.256760594064424,-23.922977991657337,-25.08752074721142,-24.194819763280073,-26.327991145653474,-20.67483282065198,-17.410229794713107,-15.493924389170665,-15.19025524343593,-7.003685358452366,-3.8763293275207644,-8.4985256303498,-6.344594452207598,-0.6008821209625905,-0.011910049820089794,-4.098878432426591,-3.848850369157174,-3.095917145714025,-0.9929469048336899,1.7197318342568515,5.025031033822574,7.212376860722708,10.331318705943765,12.396548599100779,13.312784058145814
-25.702395738387715,-26.01923910179304,-24.791781362567047,-25.47449198184808,-27.635727981964187,-27.73905761425601,-28.047311989292478,-26.057214990523462,-23.167371901507863,-23.285616949160268,-24.176636467426004,-23.661116399020308,-19.952029950264,-25.71023391132663,-25.002120556297,-21.03850186640625,-20.823678028291415,-24.120113417418747,-19.87912203991864,-21.899623984044176,-24.337519751143585,-23.458992167123036,-22.188834938683822,-18.43876901949234,-19.25194396127057,-16.627766220606155,-15.964779524905106,-8.046302172724209,-7.757830165422649,-11.065804436069477,-13.205296845778772,-5.114961910955168,-3.065816199886762,-5.781117364114246,-0.8434458804634966,-0.5992569906809698,4.3850186143576835,6.846850432164572,3.1865187798970536,8.271783742261631,5.293993699907597,11.859779987608793,11.354054617194915
-24.553916193301237,-25.08432318638618,-24.675735497620714,-25.93465117001381,-26.445531619058798,-27.642268533101905,-25.654129854091806,-24.933610441426826,-22.67418561624378,-24.32440114003024,-22.6158785196486,-23.00894981044025,-21.80279684457311,-23.68497327064342,-22.666836811580385,-22.98174919024711,-23.106896488995147,-23.36576984880595,-23.931005052732548,-26.74269958773002,-25.869765435743133,-22.138996951452373,-17.824242298392086,-17.213143837495874,-17.61346514949802,-15.96259732699012,-13.957535645890959,-7.278312341073316,-8.810173103633396,-11.978016658896024,-7.919784412466143,-5.816210329685311,-4.753067678356608,-5.692973654422631,-8.982068359226611,-0.6841550802606946,6.485173725369762,3.7731258361009368,3.4058912542296023,4.714968408670341,9.352037443612762,10.208480875908847,12.842174134980333
-23.18355433455666,-22.901236726997883,-23.024242699100604,-24.616557652503012,-25.162087818729326,-25.480292179512958,-24.024084964454904,-24.90094961177386,-22.41514029138922,-22.374686162035083,-23.389164693824668,-22.675727640767075,-22.487648819403795,-21.604435370665815,-21.70406601022593,-21.643412460505203,-23.62865471393319,-21.133361778651057,-24.873770983913847,-25.009055359881437,-19.749092222834253,-16.24484797112832,-11.81380671787406,-18.971952436632993,-18.324879183474778,-11.675647926523594,-6.74995257095725,-9.641575446550581,-10.492360808849192,-6.010561968087849,-7.900158820545677,-6.374041437789675,-11.458605264347453,-4.822585568620482,-2.5969742249442556,2.347854821443412,1.9552185975028624,5.892742837228063,1.4672006976355951,7.2449348123350745,8.32429210781816,8.965263947956613,8.853672246660429
-21.27608583329046,-21.853731928595895,-23.59317671374059,-24.444601693818857,-24.11417534019393,-24.366396102951324,-24.341051907223996,-23.857081572513827,-22.35849867004485,-20.688601242774318,-21.717788535843997,-21.68870707281436,-22.290189235654616,-20.7105051031072,-21.546726951717922,-21.523603301757284,-21.201083964022597,-18.9276114898363,-20.680254651889108,-19.728332843666315,-17.54334788236085,-10.441217996496338,-14.333177204861094,-19.05158746259518,-13.554503234134707,-6.210895686736193,-10.305288457571105,-14.683300786617082,-11.38183452166802,-5.039401402426537,-11.74805461849915,-6.586770735542409,-6.879582824612368,0.7472650418805626,0.20600953887437967,5.3643982960811085,5.9586193322140355,6.259145544521132,-0.6118209013879197,4.906106073089131,2.1006651737678688,0.8173021824411145,0.18708055168002097
-21.687148535120883,-22.76059638713155,-23.86809727396048,-23.887064761738063,-23.45108004565644,-22.94693712471846,-23.439085712487806,-24.6937321646757,-23.120936004520047,-21.62324274459681,-23.257909613885374,-23.170810852620562,-22.61376211806279,-20.223277415131417,-19.537066184516288,-19.970612366770254,-19.805864495215502,-18.668772372702783,-21.644661253201555,-17.966931430965452,-22.002596830424373,-17.032088231237058,-21.324149108650193,-21.12835459602397,-14.723663463986231,-11.552783976591536,-14.999216698771392,-15.035227550829172,-6.801428826978412,-3.5971542981282627,-11.602527684423883,-6.193420948264713,-6.5120260974004465,-1.9671068161750038,-0.5534139439696039,1.017517421953195,5.0253120916921405,7.504895882070992,-3.249098719072596,-0.5412959383496101,0.5993085978176511,0.3942846690202399,5.4888676008112185
-22.359457935449527,-22.44189118115169,-22.73568061012799,-23.658185083178367,-22.24290015485089,-22.65967435383564,-22.42773572795813,-22.757108618331955,-22.173141715430813,-24.448479436302428,-24.980971897799826,-25.352680493533423,-22.228007454457426,-21.220241483081672,-18.724643959834143,-20.026922208617396,-18.088246663291436,-18.90505803467975,-19.06417662916133,-18.669480880348353,-19.993366045223073,-20.45413450489592,-24.56881381985587,-20.08102034386651,-17.667491194085066,-13.117137293038075,null,-12.96813452467036,-3.7453661191250287,-7.173664120251695,-6.789883275306185,-11.845276921148557,-5.872652822772806,-1.8269874666725796,-1.7704410850855732,1.8782896901754869,5.269634236706908,5.4342380327855055,-0.6954966512059492,null,-1.533563381351364,1.6929352182345438,-0.04508026964350288
-22.30073429077,-21.681242861723696,-22.067829645110418,-22.19630734924529,-22.38778916812866,-23.07635770653795,-21.968336503229118,-22.68875877933934,-22.94868964894617,-24.439594658214308,-25.36934323003835,-21.682948167331865,-23.573182377495943,-20.444608072983463,-15.923424726676465,-16.937981461465995,-15.285406381967377,-16.588565172643918,-22.299627214427506,-20.00870149496787,-20.46650776428976,-18.85773417144119,-20.57368231081314,-17.56622285532225,-15.34099789356463,-12.078708772623159,-13.738043245482821,-9.431622305916754,-11.726693733975903,-11.95107519535144,-10.881835535639214,-10.095793450868939,-11.094098321870955,-2.5829545993163734,-1.8193675142087904,5.184962055513102,11.071528349809325,-0.18681954014732605,-0.38452943558842134,2.579770885664439,1.7377772390069217,0.24095355177608246,9.77720333652797
-18.535215684706777,-19.915568168580887,-20.88075371859033,-21.206326006114065,-21.75625465296121,-22.40280093211358,-21.243731454698604,-21.852007356042648,-20.758552075428522,-24.090100231477546,-24.498267373593904,-23.972357817843882,-23.888680455520465,-19.65521123244671,-15.567116584129103,-17.19390777002843,-12.999883142323439,-20.155071687290846,-22.98977469463847,-19.635540418818557,null,-20.93055368159408,-20.11366352017913,-16.328205561531014,-13.456956336553036,-11.450625528324426,-12.728319934812559,-7.958445461473993,-9.846956298181386,-10.903509730809784,-10.325257001490037,-11.171178766689934,-4.976931540724657,-1.4297436225206779,0.24146158970780704,1.0275098365489945,8.727635724693986,4.27198499621009,1.094607315653494,1.221682573812194,null,2.779305013433004,4.184907609647684
-19.678884893487474,-17.756811705959922,-19.839187185816705,-20.479167497592883,-22.03448930992661,-21.315847987103616,-21.0477191691363,-20.359683536288358,-21.556862388899887,-22.488644284556234,-22.369281537448888,-23.121132888619236,-22.639341459011202,-18.74408341093451,-16.717332383251275,-17.645291888295965,-19.005218052752625,-14.412881594585112,-18.250545383014913,-21.445391314184782,-21.603682319372258,-20.43666564514485,-15.578091253998958,-16.445346956744984,-13.545607394578047,-11.665271279827039,-11.172270169107147,-7.354010208541032,-6.851597696259384,-8.54644171761448,-12.263421348860263,-7.208738423187944,-4.695337175462492,0.4173390451637143,-1.8194853610092119,-5.116855072864556,0.6465161395542249,-0.8484060716574582,3.771221814926721,2.614396662448206,3.955192700826413,1.355443114281671,1.475358497523255
-20.142124966263136,-22.7479525571902,-17.872946556670904,-18.409341915502917,-19.27471156867071,-20.147230511272774,-18.713544069825222,-19.602358049003975,-18.982476524078585,-20.22598124105942,-21.638579787915738,-21.332146810475084,-20.461300530774444,-19.78507909676493,-19.45640613586449,-18.794844123610766,-17.22547291746855,-20.766067075979933,-21.930828794833552,-16.599332644288072,-15.132452982872223,-16.152707762440066,-20.17671407708282,-18.942040372857935,-17.521764643932983,-12.108061385629084,-12.536584441900514,-3.265812517972105,-8.475685870158834,-11.311546666072363,-12.480357185298345,-10.305925824513999,-9.827834875677944,-4.769700394377811,-2.233073335851392,-4.953870709247369,1.7846700512675793,3.344188588970526,3.2700150030512227,8.42092571831124,9.275527990450177,6.6326056139542,0.8018609803719521
-20.79172676759077,-19.71417145127829,-18.176251607859783,-17.742142655791216,-18.284130896102933,-18.1771282379974,-18.273890404434244,-18.102412327947633,-17.536885043369935,-19.623546421425434,-20.258876562027655,-20.70507636151149,-20.703673400061504,-20.342680388711987,-19.636957997029654,-18.014662516136035,-17.170989018803276,-18.48667131347021,-19.587991460377516,-18.359685988264875,-15.09774644335614,-19.481033777218666,-16.527628381048764,-17.31001895914247,-17.101275284750656,-16.469580495724113,-11.068226804703137,-10.888874095255854,-10.727435523277663,-9.824945395537984,null,-12.249471881745965,-9.652029011087583,-7.5685334430371425,-3.6746180041168595,-1.407161218023348,6.401123460306091,7.29517929587826,8.180202086866014,6.8796608349812844,8.956843887171857,8.917637993235108,6.998517627564396
-20.8798262619977,-20.87443415002089,-19.454549708719227,-21.227647331854197,-18.30965756039119,-17.130488869945847,-15.127883258306433,-16.289881042591634,-16.72549626467231,-18.580523418062068,-18.753149783261023,-19.936976384470626,-19.346423490043858,-21.245468274880974,-21.230130474286337,-18.32198460356029,-22.240539420062714,-19.668212461772587,-17.420975736495425,-20.79314510633021,-20.474165043546897,-17.077508359933468,-13.885081663036107,-13.178202894867999,-17.522380808519205,-19.094352716226553,-15.476749837230917,-11.4118010292865,-7.824870376507444,-6.4455233219094765,-7.147678799389155,-9.155626829490432,-5.787912936071188,-0.689602172385763,3.016918910917406,6.675296082955721,7.785054656701154,8.00609363807441,7.615809106906289,6.309934114992837,8.925096390063672,11.069935779170706,10.397677285639551
-24.925715393579583,-23.064314876674302,-22.63904646997855,-20.980276101957827,-19.471616565785826,-16.84047329809124,-17.853284028118523,-15.47436988003568,-15.585353770033148,-18.079403905764543,-17.981547363622294,-19.194973348410528,-18.88790734526078,-20.136131079919586,-21.458389616128564,-22.225170995954976,-20.81236728239121,-20.153348763367944,-17.427692715336487,-18.90657069751056,-19.942488565575243,-19.702785545552636,-14.456301356729153,-15.759971727588674,-19.16763487966218,-15.929603185591803,-11.569612925166867,-11.179396563028494,-6.7290682369861665,-7.42695566080912,-5.600742318852069,-9.410485426689295,-2.926495911155433,-0.9662802141885037,1.900979133111841,3.006466021694258,4.044549535781911,8.502144725078477,8.160568673699983,3.6940515040657687,6.646061913012178,8.991292658184873,9.697784488202569
-18.458474788403723,-19.68157335535071,-18.5631379098009,-20.520057625647496,-16.812807879269982,-19.150426030816075,-18.25980225647829,-16.005511403105995,-21.448821990398198,-20.472553450050928,-18.670494894438246,-17.97525281596254,-18.47143005817571,-17.77977904732588,-21.64020669032531,-23.557875688423486,-22.852289070752185,-19.836756257220557,-19.840395427702145,-18.01396776109489,-19.52074951013197,-18.240928739537175,-15.58610722366649,null,-15.206988527042432,-12.223461194599057,-7.503774691023051,-3.7751606536970317,-1.8914384189824354,-3.7103624982297485,-2.4466975404687923,-5.3939353057692125,-2.270090154660667,-4.996700382476876,-0.7571991539789023,0.10705615277279722,-0.6373312754950554,4.964939862711173,1.0294732078226154,-0.38671966947275194,5.978371465032435,6.342930454270444,6.038226631626469
-17.422674132224444,-18.82123420831219,-18.167813231501142,-21.013436346961267,-21.76320356815888,-17.76890163402165,-17.135776337688775,-16.553376365828655,-18.385955917765322,-14.0633577099007,-18.82997200190595,-13.984986905025822,-16.11268797290163,-19.82310220633388,-19.987196152618985,-20.594045850882807,-19.953628878982165,-20.90527406131713,-20.352646379184677,-18.151017505233487,-18.12253149060687,-15.081250612429763,-12.26169316683652,-14.99607711961734,-9.777332481067806,-7.212898024666233,-7.3999575104378845,-3.79951178395587,-1.5907238001146617,-1.1952493043189412,-3.3211246871730706,-6.295373808173689,-7.765680150257434,-3.5109193262718366,-1.7472502753626147,-1.13741820781147,0.2806191592556563,1.3400196266375715,1.3260775072734299,1.9244693475423205,6.046623498624053,5.017449407162022,5.399665407589722
-17.168602923184643,-17.91200004850072,-16.902753777890243,-14.685681528071282,-15.620974723096401,-16.446541249143383,-16.037104207142175,-15.187503716452229,-14.972276322619955,-17.420853724938475,-16.198501863209138,-16.574944259120254,-17.72687448985922,-18.139871649704105,-18.76306207627392,-20.65104787909747,-20.626902995033305,-20.357302175983744,-19.114669828297554,-18.116777976047914,-15.473803187433335,-10.758946828106373,-4.597349888129339,-10.606377314318507,-10.617765397026858,-9.65870762306086,-9.055619675183074,-9.170524354391773,-5.611130569551092,-4.059600392299867,-4.6261360123386615,-6.338848811019789,-3.9553938971902705,-2.432763938549585,-2.1235005508729463,1.4564474583992517,2.40485447121554,2.231659793857634,2.2412782401176905,2.9312604460235385,5.354567345748739,6.924467841574513,4.249904078447038
