public/json/wind_2018-09-1521_950.json
{"header": { "discipline": 10, "disciplineName": "Oceanographic_products", "center": 0, "centerName": "Ocean Modeling and Observation Laboratory", "refTime": "2018-09-15T21:00:00.000Z", "significanceOfRT": 0, "significanceOfRTName": "Analysis", "parameterCategory": 0, "parameterCategoryName": "Currents", "parameterNumber": 3, "parameterNumberName": "V-component_of_wind", "parameterUnit": "m.s-1", "forecastTime": 0, "surface1Type": 160, "surface1TypeName": "Depth below sea level", "surface1Value": 15, "numberPoints": 4800, "shape": 0, "shapeName": "Earth spherical with radius = 6,367,470 m", "scanMode": 0, "nx": 80, "ny": 60, "lo1": 109.0, "la1": 20.0, "lo2": 116.89999999999955, "la2": 14.520000000000117, "dx": 0.09999999999999432, "dy": -0.10000000000000142 }, "data":
[rows 0 to 21 of 60, columns 0 to 48 of 80]
null,null,null,null,null,null,null,null,null,null,null,null,null,null,null,null,null,null,null,null,null,null,null,null,null,null,null,null,null,null,null,null,null,null,null,null,null,null,null,null,null,null,null,null,null,null,null,null,null
null,null,null,null,null,null,null,null,null,null,null,null,null,null,null,null,null,null,null,null,null,null,null,null,null,null,null,null,null,null,null,null,null,null,null,null,null,null,null,null,null,null,null,null,null,null,null,null,null
-11.616444782175488,-11.837732529999457,-11.875781436290602,-12.096205784123203,-12.165424624510997,-12.477873842800411,-13.198775170860422,-13.693954171207338,-14.05751615836082,-14.496580853172713,-15.042380470510615,-15.332712884358873,-15.42107413439869,-15.031540206857025,-15.401003626665469,-14.765038614581954,-14.766758715825478,-15.183291537044592,-14.97157846763864,-15.51844471353986,-15.567394494572698,-15.626960160158148,-15.444550424406618,-15.509488713453273,-16.255580566056633,-16.027662343680742,-15.697127351548046,-15.634078180903504,-16.023478413419383,-16.344168019388018,-17.087970244019452,-16.876058671829227,-17.10337464861022,-17.294979638618937,-18.070556179943452,-18.75452105846911,-19.231692725591543,-19.287618741450387,-19.678900927151815,-20.13914835799152,-20.15310666591902,-19.795665393868376,-20.299754750236147,-21.233628581473287,-21.920912394900274,-22.69536199850183,-23.037757394934655,-23.869014044927336,-24.831723739756477
-12.436540696201337,-12.325113761904227,-12.638574295528489,-12.861408903386478,-12.842439179725435,-13.302203223077612,-13.812871373086116,-14.278613712674353,-14.768811335419656,-15.174471744352667,-15.418945934662666,-16.179813968358587,-15.645230992132632,-15.261514624968889,-15.341791691565312,-15.160926222801892,-14.753495020449558,-14.949125600980363,-15.289400395496214,-16.674879667240784,-16.779562972712633,-16.14771302252032,-15.034880643651611,-14.839754453368261,-16.053026301881875,-15.221496538914685,-16.177102071067083,-17.080496844854487,-18.494610887874728,-18.87476726942334,-19.68529084015997,-19.82488963713556,-20.72459777636148,-18.52988719414838,-19.5279547640529,-18.633494742095227,-19.733766309681965,-20.47208952294457,-21.697771613991506,-20.973961738075054,-19.862556135814245,-20.333551861139185,-20.404320724425954,-19.39167353383121,-19.951970039039725,-21.575787263616114,-22.710524836972006,-22.72173265547956,-23.15492650278914
-12.538452121740352,-13.245248207053555,-13.538946753730725,-13.593001484601793,-13.93695137684771,-14.203639917516462,-14.764825187747459,-15.074245323316811,-14.88055694253446,-15.92670212932177,-15.370340023042669,-15.710725158636267,-15.597530480166691,-15.851291588950328,-15.824708962936239,-15.133058881080608,-14.373784597097,-14.59483133070227,-15.09007782688485,-16.259207140686517,-16.833384004582523,-16.604859270460082,-15.834538933489346,-14.872392102272165,-15.3774145484762,-14.928871930550638,-16.290242776386563,-16.81916293789243,-19.114212201181203,-20.63570730204428,-19.76740179741973,-18.786389222827758,-21.054504158625285,-19.77865521223846,-21.30952784694497,-19.16132917603344,-20.41014173937135,-19.886494382984758,-20.771702225424406,-20.933883079127774,-20.97738202471239,-23.011625252794556,-23.12712679374024,-22.885663350213154,-22.02568069640304,-22.501729316760166,-23.63088040154049,-23.266419661726516,-23.83930963172335
-13.143764373881904,-13.57948005667503,-14.166250938246826,-14.385989623168017,-14.692598349731965,-15.483381439131081,-15.956126541471006,-15.555815593759082,-15.725296686031566,-15.76329052602869,-15.449035282025683,-14.25935217538079,-15.212638714199796,-15.881178945868285,-15.629396426967007,-15.258728528063475,-14.46769264500079,-14.4822220657739,-15.272221061594896,-16.18879448509477,-16.631007188499748,-16.394101598880567,-16.082355989527116,-15.031897257138036,-14.312044468268159,-14.67881902011019,-16.773779614329634,-17.920827029851203,-20.179852104405644,-20.512392722625115,-21.031760431546605,-21.27926581406972,-20.38077373787489,-20.060222217639435,-21.31292077838701,-19.93224161274948,-20.895000536945226,-20.236212633232256,-20.445752710908664,-21.355148035731222,-20.999073990996727,-22.915777841040626,-24.166449276458295,-23.07745813544874,-23.496856318063053,-25.184179098964727,-23.515202927406065,-24.31958895658589,-23.39155038220353
-13.586018534413066,-13.638670829636329,-14.169365949551786,-14.2943146457634,-14.883505617359845,-15.693684115836245,-16.572398119498956,-16.23802267602277,-16.154510190460968,-15.925424449331759,-15.767134728791822,-14.903978935456843,-15.109012873302884,-16.057758130844906,-15.974208130278399,-15.585731310866757,-14.594126496854225,-14.48049507901131,-14.817850390949644,-15.77335414926661,-16.758432564081478,-16.303028125892126,-15.441511370041468,-15.157752605967838,-15.194552616718772,-16.51267914646364,-16.85485835715068,-16.386203565750908,-19.022736030801745,-19.239185468695677,-19.620456932835047,-21.621250573152302,-22.22967761453035,-22.389928677213415,-21.480215033168594,-20.449593158736494,-20.459848933961286,-18.92004668056776,-20.977537635424497,-21.860442922091785,-20.585630028956814,-20.979316135065808,-23.852753125655173,-23.609480707003442,-26.419193783719248,-27.614143873943487,-27.888935564691813,-26.46925158916519,-25.979721030630497
-13.667267990617956,-14.078596423468497,-14.581107179373886,-14.647690186894412,-14.88370488352067,-15.857500547939871,-16.469258389928566,-16.888531268716534,-16.826579137745178,-16.166842926891167,-16.184166460946734,-15.98179784612684,-15.59032551145913,-15.51030960712303,-15.522481218687554,-15.53554242648585,-15.01147273786952,-14.258937163713238,-14.269605676863172,-14.714842451532224,-16.42095708492901,-15.961924938038145,-15.88328113407146,-15.252475321218288,-14.491799151736288,-15.755593014721015,-17.58892718057922,-17.971463259338268,-19.371275264310444,-19.63453862669846,-20.52804527329381,-20.92684034683301,-20.71868749233786,-22.03773793647769,-20.99553077240492,-21.89252044752222,-19.194862219305435,-18.430879375330605,-21.32303959111442,-21.536798602354672,-21.551732114544613,-20.707520606528156,-25.373869054293955,-22.65850672844296,-21.28670545065888,-26.827468357884502,-26.834149902890452,-28.155841537280033,-26.309215950386015
-14.10453013207077,-14.674405055346433,-14.942207788405632,-15.073505689069878,-15.016611102846506,-16.067510106087386,-15.966720951121406,-16.87056209010288,-17.550557827601466,-17.203098695365842,-16.882385913030447,-16.66446011284058,-16.039316397353517,-15.542013188043649,-15.520400296459416,-15.148441092576192,-14.86451368652487,-14.469112228152579,-13.953772582326252,-14.294426055606078,-16.129511555262084,-16.459692394500177,-15.387848132073364,-14.769118427667038,-14.094963844867651,-15.155955544209812,-16.799796403445832,-18.226356855011527,-20.33603824648304,-21.22802496437552,-21.6404887503909,-20.227612419612424,-20.844918611330556,-21.20028562656556,-20.901686715349353,-21.720090510791362,-20.29043220381149,-18.730690950597886,-20.866012187570057,-21.658834798575835,-21.145878627756467,-21.330183673445138,-25.863571541414498,-23.80218535765201,-19.99189535103853,-24.55887281870084,-25.698620404103764,-29.02253696137327,-31.83888578896825
-14.451368373459713,-15.470423948369621,-15.359245507422926,-15.560351369179907,-15.16387089032675,-16.147186870709373,-16.26422110870385,-17.13434454312619,-18.052279258997423,-17.371629919342407,-17.197357453354865,-16.96230032484471,-17.049775668006003,-16.524367082492397,-15.985749880586729,-15.876485528349303,-14.536872960884654,-13.835410032930142,-13.500131260758112,-14.298162216962425,-14.935894813040917,-17.386402428134655,-15.654846281941595,-14.032570859866908,-15.004572013229103,-14.734890207192436,-16.034995260845598,-16.923306926357043,-19.575670758844723,-21.360930467320344,-22.39713270521726,-21.74156378072271,-20.36296157959524,-20.183445222491493,-21.54025080680181,-19.852448593316467,-20.820120021261495,-17.717398498927455,-21.11741879290604,-22.553285714632093,-20.70399597434831,-19.23409192175408,-26.22366709838518,-24.033209107694322,-20.15606953051629,-24.277778747236383,-24.794236394824566,-29.916934609017417,-30.31998073737447
-15.13700399593375,-15.451394481637069,-15.525170559074969,-15.954621741912856,-15.794249907364339,-16.178681230365104,-16.852891186645593,-17.301173076307258,-17.868746798956153,-17.555989920897343,-17.492181695761687,-17.53838788858612,-17.55431832612515,-17.54592883035588,-16.957041561866106,-16.397280367341267,-14.906700904900521,-13.869816447337474,-12.622192694534668,-14.02899358937109,-13.632482355924086,-17.43718607576656,-16.84162576871853,-14.27675180160398,-15.138297659882783,-17.343665245574226,-16.050406232161766,-16.801200866469898,-19.346362068861886,-20.02778598822744,-20.965341864482653,-20.490284922691302,-21.80909714198239,-20.827916084385564,-21.34843007826065,-19.352157709292864,-21.02731856737628,-18.242518950001056,-19.982693749088874,-23.440672190024287,-21.024457836728867,-20.83494948166079,-23.772746806702376,-24.813048320781842,-24.01067719799466,-22.797569920411348,-22.764194736411426,-27.748410491625343,-27.47750394179232
-15.77339233340643,-16.028380761566442,-15.71633243599317,-16.020988934605086,-16.296839402894527,-16.394690450603957,-17.48243128387121,-17.499122205648163,-17.879038282238618,-18.125285944739293,-17.94608669420569,-18.005791414382927,-18.408466842708506,-18.361765831324142,-17.785685084263296,-17.19339097203838,-15.826273326627424,-13.626632672862014,-12.1939830521997,-13.189845328453561,-12.652435039054136,-16.335819735206606,-17.3711390788442,-14.84296753462556,-16.213149359058455,-18.13601244961142,-16.900031886932823,-16.76838782618556,-18.214703579614905,-19.050989140104516,-21.081019534770125,-21.19869515028839,-20.949469570923963,-21.533367771858998,-21.02380427713777,-19.364378875928494,-19.548621846739525,-19.270696489570916,-19.230864384848903,-22.75146024203361,-21.969093135706164,-21.867156708125606,-24.436381777706206,-25.917407634854847,-24.641734554882873,-22.697085295176983,-25.61025763868527,-23.587761905638637,-26.6669792780633
-15.628932632015953,-16.570079602445908,-16.2684042360201,-15.947965631654965,-16.57729481256871,-16.469375031614184,-17.693929000114718,-18.022165278334484,-17.590708653032724,-18.40523033651201,-18.146870385400042,-17.960969707366484,-17.613339263316774,-17.927583834644487,-17.762395544269573,-17.931966103292133,-17.239087229125605,-15.155800794367076,-12.214893807424977,-11.531527859685177,-13.000690751982177,-14.773817433824467,-17.159536950192525,-15.64803522603335,-18.14240341378271,-18.817150464682996,-18.02695743905325,-16.63008106771688,-15.550286057981413,-15.380171192254217,-18.6717929030736,-20.655207561452958,-20.315891691138475,-21.024441900754375,-21.53466977022576,-20.148050207265594,-18.09584569544608,-19.359426173429824,-21.09358440439513,-22.683737837335133,-22.756949475678912,-21.537602514524607,-23.907798220576048,-29.166864296842963,-25.868469438558595,-23.535280292565446,-26.002775109444144,-23.699398829413177,-25.214864942798098
-15.636189744138019,-16.621287479422133,-16.521620564302268,-16.271676230120686,-16.433231514210775,-16.651977934425457,-17.304787859237482,-18.043873102366362,-18.42145998759429,-18.18462665568497,-18.244600640275664,-17.921673654380427,-17.677980372870145,-17.84090843397087,-17.837016800367753,-17.891378239796563,-17.307200518702086,-16.137594199565495,-14.114162592383028,-10.494980097618114,-12.528323278051536,-13.808684775181048,-15.975845312492943,-16.71419986011952,-18.015569398499647,-20.164740293213377,-18.43646994088357,-18.75085317200108,-17.137185133166998,-15.133146464303316,-16.26564647787194,-19.33385906760946,-20.798898502791133,-20.97191716415755,-20.492502100972352,-20.00606498314591,-20.34953007544138,-18.12288091249825,-20.4505758079916,-22.562440802642296,-23.100050423305472,-24.568576225152583,-20.17795354655736,-28.074824056491774,-27.35329546958343,-23.9989870021627,-25.32782110983656,-26.020447244536676,-26.975551166210117
-16.29846769277079,-16.81619203652781,-16.839123582306833,-16.302606694019445,-15.528491485594548,-16.900094681625205,-16.78868936998049,-18.14924186897482,-18.36365956605863,-18.796307060268777,-18.472677363726387,-17.85756050765531,-17.778560338336366,-17.948282982833504,-18.028610764531955,-18.054211925882534,-18.009318104247285,-17.173753988698312,-14.982837701774017,-10.9135639530712,-10.555244630543921,-14.249980135728839,-15.183725878100805,-18.275021788741586,-19.29966729000737,-21.35824800875975,-19.649234510402774,-20.022248346282932,-18.96786363143439,-16.95290016072238,-15.919503586998923,-18.435368719371162,-20.31514300597636,-20.54855616682818,-20.439731250167878,-19.6962873849246,-20.64784413220991,-19.3361219073303,-20.265062905546642,-22.19567821607387,-21.370882607842958,-24.29134457654561,-22.43594410182262,-23.77731410121643,-26.308298051197795,-25.13250573930518,-26.831011043061473,-25.698699236134715,-26.85524547901541
-16.902861588618332,-17.15403980088373,-17.576413756681717,-16.686099512851875,-15.536775906611656,-15.310137527288116,-17.366465438963353,-17.56752121758974,-18.085222229549302,-18.649335916732074,-18.935475127279773,-18.641178222531337,-18.04634541385756,-17.839139716479604,-18.176872654066614,-18.32403515058326,-18.17628376089776,-18.103127898541274,-16.1760384871736,-11.879674408367112,-7.7155464318436655,-14.673594299310166,-15.554316549460786,-13.977509670162286,-20.025246335567157,-21.232850581435898,-20.655368060067673,-21.8545281401766,-19.14228125001334,-18.34699504467327,-17.92543751632689,-18.135846570118215,-18.84935327231075,-20.532089125166436,-21.84477325699517,-20.552656594656593,-19.10439802188235,-20.220553403997602,-20.801923370388817,-21.38439844951277,-23.065031870524393,-22.55455826628182,-24.219456539941596,-23.087335404487522,-24.4621063390979,-25.372974611187814,-25.728164520806065,-26.349993119004875,-27.701175773970316
-17.555769294698017,-17.071411609710392,-17.29656408300118,-16.77325466157415,-15.784701999842463,-15.56813872051142,-17.05586589467112,-17.895974905801378,-17.466359068382854,-17.798239697535944,-19.46377525686755,-19.444906193403874,-18.83302119899444,-18.12951718336071,-17.763698132601878,-17.76642064609297,-18.178904376685505,-17.89455857441105,-17.466916744884408,-12.949512612274024,-6.798007796112058,-14.429975634181961,-8.506215726660642,-14.371011815322488,-21.33852268202498,-21.023376182489113,-20.9581126640583,-19.60513326084407,-20.48026817061023,-18.962919228257512,-19.95756396655586,-20.3472801621552,-21.37723072052783,-21.14677381177551,-21.890511329360717,-21.574878030975274,-20.076549331872467,-19.19826098125471,-19.401692371292693,-21.464622232312983,-24.64491580247588,-23.18640005697609,-23.264376399895983,-24.06759122162817,-23.61712235280744,-25.534287882283813,-27.19527625106207,-27.927758503046878,-27.378332170446292
-16.632785998202458,-16.481994107893033,-16.929419905131613,-17.38177088508417,-15.908073471637346,-14.615310805178618,-16.85142378526412,-17.52303784230717,-18.155333944882052,-17.45632480787207,-18.156720903636057,-19.9653018287468,-19.21837504107829,-18.664334811510898,-17.852797387913824,-17.419606319060975,-17.687566864589428,-17.577974576871096,-18.205779506822388,-15.118564270749042,-6.693725178660407,null,-13.66099812470003,-18.37969498971625,null,-21.500381129687092,-21.94431149771278,-20.81022565252349,-20.726764937916755,-20.17029486757711,-21.05337050589372,-22.351631787194133,-22.091593729120227,-15.398315670522503,-23.0609505689323,-22.21612900479457,-22.644714821439372,-22.829187561731434,-18.53750041489765,-20.059457679579072,-25.132987264928698,-23.838343337717017,-22.887962819783226,-25.735935084006115,-23.665355212004414,-25.850045193361755,-26.010122183337455,-26.25184510298171,-26.355697495871702
-15.334431183385794,-16.635072713554447,-16.511796203304055,-17.086138926558256,-16.61459517291347,-15.081848334728644,-13.197907140640828,-17.198390880751898,-16.383094398631158,-17.06474703053317,-18.01756089095217,-19.406983871414646,-19.232042338739475,-18.59035304485248,-18.187146026978244,-16.573921505198385,-18.047942708057587,-17.064121607808787,-18.05298439938583,-16.667516771301678,-9.881047175326847,null,-17.37687973075762,-11.034280157700046,null,null,-20.513577865126024,-20.5212030519166,-19.852799551548504,-18.72957894195716,-21.820705623591103,-22.15383481057256,-22.868779681765744,-22.07904079987813,-22.497726602338197,-19.70735375372612,-20.979865967671707,-22.412055933973893,-22.931035193354035,-15.338817395280577,-24.69474430578802,-22.75665226505332,-23.204599745785906,-24.646443229374224,-24.646719260428085,-26.10845162952034,-26.297393110104164,-26.49090394055109,-26.19967261001595
-15.572733278825496,-16.317318389614382,-16.419680447714306,-16.81866606841082,-16.199356979594583,-16.498697050460592,-16.33964110839468,-16.112367440009002,-16.693270922730903,-16.337261688966926,-16.634892665404422,-18.074436605863813,-19.41506296252641,-18.637136745153008,-18.46010923367788,-16.564670628586537,-17.832239372428663,-16.734192866391037,-17.099821399079364,-16.9045141982656,-13.460325769758164,null,null,null,-11.91866169763237,-15.330785971531185,-16.662618486214978,-20.573190127047752,-19.300502578806814,-20.468276373579226,-13.225526909647115,-22.37426170645279,-21.85197606999588,-20.800902292046096,-23.19991754628783,-24.049022191578953,-21.49430385572205,-18.78009500308383,-22.18644484069856,-20.587707282648385,-22.024143406915258,-21.816289680036178,-23.5433320168324,-21.886233742452724,-25.09744270521861,-24.75063125341753,-25.395614435792552,-24.507955616955027,-25.069662680156956
-15.331927810653616,-14.69985677945345,-15.981043012489462,-17.522698071770293,-16.913740769417483,-16.572661357327448,-16.217309890817695,-17.066988337109958,-17.846117187350597,-15.918007973472696,-15.792826418403862,-15.928428555105206,-18.270901845083394,-19.250236736128908,-18.95635744230462,-17.828181871682816,-19.108002213724482,-17.002130707405602,-16.071412142966587,-17.00364962643846,-13.83543661236837,-1.5260664038174656,-0.8205572975092777,-11.043002632671906,-18.977907496802427,-18.139023848943808,-20.70753577149399,-19.338412240039887,-17.373087978596235,-17.976992526089234,-15.38351633032611,-20.480942077784093,-22.504084488370626,-23.6456049799925,-23.92000394493943,-19.831700361532835,-22.49740839846978,-23.8649093097808,-22.581480501004222,-19.624251713056253,-25.240159837593424,-23.70729230433121,-20.510362026474947,-23.331279507378895,-21.74662216944539,-20.13516882787077,-24.93891674893426,-23.794129162249337,-21.71118445234051
-15.82293157678874,-15.608326133133758,-15.263087999680309,-15.326686638347638,-14.754982694165754,-17.15963331232341,-16.778463978486883,null,-18.20844014765494,-16.582257746576847,-14.455899732483159,-15.806430886974997,-16.08643964441796,-17.570015650747102,-20.276847935620758,-14.551093042929054,-16.271198829002564,-15.617987407754018,-15.406089342850652,-16.399368283322126,-16.954612371320735,-10.19523643954011,null,null,null,null,null,-20.198762126261524,-21.19511854651993,-16.484743444798927,-16.986478370100038,-16.26332472643013,-16.411229621164637,-23.61265128181242,-23.70309122980356,-22.42796095999827,-22.449973391119176,-22.836620946126462,-22.40029439116856,-17.957240015510305,null,-24.79706118284067,-19.079294970727535,-20.108516564307916,-21.47128082603238,-21.120206490790732,-23.3755217433185,-24.053057215770487,-23.10234064118452
