public/json/wind_2018-09-1613_925.json
{"header": { "discipline": 10, "disciplineName": "Oceanographic_products", "center": 0, "centerName": "Ocean Modeling and Observation Laboratory", "refTime": "2018-09-16T13:00:00.000Z", "significanceOfRT": 0, "significanceOfRTName": "Analysis", "parameterCategory": 0, "parameterCategoryName": "Currents", "parameterNumber": 3, "parameterNumberName": "V-component_of_wind", "parameterUnit": "m.s-1", "forecastTime": 0, "surface1Type": 160, "surface1TypeName": "Depth below sea level", "surface1Value": 15, "numberPoints": 4800, "shape": 0, "shapeName": "Earth spherical with radius = 6,367,470 m", "scanMode": 0, "nx": 80, "ny": 60, "lo1": 109.0, "la1": 20.0, "lo2": 116.89999999999955, "la2": 14.520000000000117, "dx": 0.09999999999999432, "dy": -0.10000000000000142 }, "data":
[rows 20 to 39 of 60, columns 0 to 45 of 80]
-32.68081473017352,-32.67915544767995,-33.82571489618542,-36.08935786429411,-37.87230534918203,-37.73353107993459,-36.25034491553348,-36.546535711924804,-39.873512180378654,-37.692359157711124,-33.50896649207347,-35.0656317846625,-36.58237386276479,-30.935111377310406,-34.75601053317253,-33.584738889616034,-30.244006612283425,-28.283767520538003,-24.392296384686134,-8.553622392581326,-4.1934400008280015,-3.7041896346919674,-3.436471582781116,-4.853162403384059,-1.2316369542590229,6.168180313476094,10.806516034402783,15.334537441403864,14.344578040638552,15.814351091107172,15.032500319135252,15.098846329191073,19.160277576836815,25.489688143778302,26.473386786633466,25.668937073014558,26.560270086798425,24.13975433870038,24.622567664025382,29.90202183672415,31.26566089864604,31.893192217562763,28.495967253433516,26.92656584436598,28.915179328895835,27.213881690188003
-30.162372461484118,-33.40661385347266,-35.78698978688405,-35.86186779805135,-35.2105899067127,-38.93507894271066,-36.62909986064022,-26.786973207334015,-38.504042989682326,-35.46962271249991,-37.80261822752423,-31.991553638081346,-35.24814180076717,-30.717074126919844,-33.39684407627558,-32.81665910711952,-32.09526627020723,-27.474305452495493,-25.15502576572146,-16.83824958979765,-2.5934636024171587,0.46564788236213495,null,null,null,null,null,11.496876129520428,17.043422120906204,17.03186910206459,13.056964393536674,15.363138214680067,14.413707786515575,23.24016442088346,23.491840460647275,22.122732059402306,23.803512916599153,23.122666105341,23.676937563507483,26.391061784490653,24.596472300275185,25.401440632965564,26.608574418839375,26.08808892570536,26.832291944508224,28.40322183408521
-34.25836673195522,-34.2422869223128,-32.718488996509926,-37.329387489829514,-38.4070528839421,-36.43562575920935,-31.957696830550933,-30.268990228196127,-36.22409164941979,-36.523709951396526,-39.323579281588174,-33.09865460667257,-28.744668933172917,-28.513842751679032,-25.865187331248027,-27.862087444055085,-28.694677101295714,-28.278954253221663,-23.537419277044766,-18.467295108149155,-11.62224480584544,null,null,null,null,null,1.181011999262637,9.080798898691626,12.049776001789516,15.814370496247161,13.144010252015745,null,14.516480583790937,16.71568701905643,19.546276390282195,20.72880039212,21.72306717187906,22.552656312899927,21.356018514304033,24.561253131396278,26.000430190130288,24.28166836443191,25.38151441181271,24.046860395210864,22.646592395418853,26.52953027119925
-30.054441838601697,-34.67782803359527,-36.272937996056804,-37.6762506953061,-32.57377464595839,-37.870074401389374,-27.804649077070156,-29.998925418842823,-33.976504847621236,-36.4978099092357,-38.88204695996807,-32.2129454724138,-30.076387904587534,-36.000675724318654,-34.46206997585755,-31.089894465696972,-28.890544304724898,-26.98183441627572,null,-17.330997569115084,-13.58132016321021,-9.119909902598595,null,null,null,null,null,2.586527526687796,7.767925879241681,13.210645825110518,12.042420785707128,11.496532696339807,12.52437530322288,11.670940234644341,16.414273153788244,17.86633724503661,19.11896889008926,21.21495411359711,21.78465760190644,25.3975700302007,26.076002457843504,24.964338407960753,27.25243030433885,22.23557935329785,22.238180117190176,22.63691132449036
-32.58832955604936,-33.63271848268635,-33.85643572899312,-34.59111831280606,-36.6827669414735,-30.909358791741514,-33.178975079575686,-32.376584799369354,-29.192404916210315,null,-36.70836164435171,-36.15718553313287,-35.52235969456736,-33.68537675007691,-33.0764218129414,-29.210932748065872,null,null,-21.878471480891033,-22.16592292432997,-16.046536500615957,null,null,null,null,-1.061032888511356,2.3279486012180937,null,5.626165156245559,10.281295530892223,11.830628720670452,11.152749732334081,10.828890662273542,10.257216485907612,15.098711476846557,18.141440445842985,20.70895381311954,22.457183420730217,22.839436077903983,24.688298542659947,23.049578920801377,24.7974226983937,25.911684293826905,19.105810580289987,21.886203583145118,24.918136689966147
-33.266958623687515,-33.30761547823761,-33.188118377311255,-34.19570992410387,-35.370622964764436,-36.04767314013634,-35.32866131598581,-35.743641768047866,-31.788206189415206,-30.731345741636055,-37.316534447654156,-35.08958311744848,-38.98192128104807,-36.90902713702765,-36.43817531311203,-24.649098871836905,null,-21.180088598683465,-20.375223978831368,null,-17.064106760509844,null,null,null,-8.56960565566622,-4.092040692071301,-0.41771475398072466,0.6185399355214534,2.565493058275161,3.969569893218112,5.062679408715274,6.366368940948628,11.915975328304718,13.21468649426468,16.262668054919555,14.314720427302973,23.29474276061616,15.431740019519534,20.417601260929203,22.415803298441983,24.73187707803747,21.85572155170226,20.45623309328372,21.87759538137237,20.135804033408498,20.74471587707324
-32.77428182518909,-33.30785512282899,-34.023343797440184,-35.66565407646992,-38.237980223843536,-35.399466189697954,-36.83571290719814,-34.10628244804231,-35.48797656351206,-34.091625898563855,-36.770127235486086,-34.41653200185844,-41.36239839633182,-37.9357096723485,-40.69933124398851,-37.82210357398123,-27.4241556067171,-22.969728935422065,null,null,-13.524434630399268,null,-12.278965174175621,-11.538319188529389,-7.453815848548968,-4.17910865030051,-0.20161724290292637,2.632513394514994,4.068519049093721,4.532123096758231,1.9747590563650275,8.299618309010484,14.780474659588203,12.008157893868312,11.502296980329895,13.985879485575074,16.7517159522157,17.442063085504614,16.07905980742687,17.39993320329865,22.8300223056935,19.230397228698585,18.467719100032337,22.814623535285147,22.730170664234883,22.270512583715036
-32.214849934142926,-31.66712524396176,-33.35725609287209,-37.10767772030939,-37.36610691901842,-35.0507053708284,-35.67838884777125,-36.374258154613635,-35.05222369497757,-33.71307028803908,-32.85955932559233,-30.32895883360396,-34.48332936345753,-36.11270138563943,-43.11393257085958,-38.7036300491849,-32.45269143163184,-33.38693456130225,-30.223279346362247,-23.950143465747647,null,-14.31305047058868,-9.720675059143037,-6.681646851502793,-6.582709867728487,-4.22640403355132,-0.48937854595475133,2.189983526046941,5.088090557007021,5.783497798216508,5.134918002421206,9.171712647122789,10.111625777675473,9.122920039757624,8.607536804260068,14.281692579955585,13.417006528720073,15.342626298862617,14.72196141409842,15.237745758855763,19.449485530035297,19.840158793662763,19.194683818485192,21.4600482124524,24.118798692862573,23.831539126147398
-31.847387635601933,-31.676062991532028,-34.291985062716314,-37.57834972411383,-36.086924038121786,-35.886163568203024,-35.82800799105134,-36.520465974968474,-36.39218337915747,-32.97918693465984,-34.853251547792894,-35.61388699221194,null,null,null,-36.45416201717578,-33.346838768672576,-22.96001504384242,-29.0469205715831,-25.04907722300326,-20.35266771677762,-17.883176749102986,-15.640246003204869,-5.642152472064485,-4.387158668383802,-4.648634018066469,-3.171505551021987,-1.8908044007036953,-3.2237163467858654,1.0605228048560036,0.26671020275428564,0.9366877588524696,6.512206339145608,4.735349997288365,8.645958815938798,8.980754056384296,11.758291634419473,14.204555070916912,11.655909709859802,17.17301026873838,16.25510124758041,20.217798366700972,16.88293996677475,19.960141781928932,21.91317395895247,21.58668421149249
-31.605183916447825,-30.51379882126291,-32.475762978082365,-30.52919478852774,-34.116116387745876,-35.55704325199684,-36.64440331445134,-36.315616737861845,-33.984157082273974,-35.184711554350905,-36.03194222951534,-32.96734004477775,-33.94790038981119,-30.15204255920531,-35.57167114795095,-31.60171830297989,-32.588134289197775,-27.0572119649637,-23.676334943374897,-21.45833369795058,-18.811637174783396,null,-16.598940100336286,-15.521675630964296,-9.61651343680747,-7.930428584080372,-7.901653536016718,-10.256841792622822,-5.681407567412981,-5.933888576783186,-2.7131930103160604,-1.2215993026623722,2.0072032814183816,2.220134122911809,5.576233746248049,6.105569102132599,9.99240648166386,4.043675907006905,14.089468775027765,16.095317364498882,14.069281860649937,14.207343398239594,20.01957179902646,19.950745385295853,19.404758127075688,18.467255910984512
-30.235967436666876,-27.700819433159538,-25.753897772071888,-30.425079008820674,-34.33267071078214,-36.26048186525148,-35.97388983458968,-35.47855731013611,-33.31938354117886,-34.745573185506515,-35.48522825543429,-34.553294637122455,-33.99229883041812,-31.285688599131326,-34.483120187344326,-35.3588684731126,-34.77269237918673,-31.465971061895956,-26.30217236263552,-25.742259800819085,-19.944482032041257,-19.014380360575515,-17.151350073393168,-18.022434777787836,-17.624076230214015,-13.19153063444126,-10.021246610620747,-10.276155028631079,-8.984834343344513,-6.814628997291622,-4.239019609440772,-1.622080342076789,0.4412080184908084,2.458080864189649,4.889509979879053,5.347104844082761,null,6.68462591266824,12.039852747354338,13.891446873609917,11.51360869054762,16.615498050381564,13.61761185032602,17.52261035178328,16.297351426548907,17.0989988593649
-30.28985082012607,-29.9600131045857,-28.997976498164604,-31.365551995258116,-32.69319525077735,null,-31.67494483215995,-36.021006434024244,-32.18589823339909,-30.499553594041124,-36.32448592705207,-36.49998136711927,-33.60374318527404,-36.05077684927974,-30.89348131917122,-32.33407750295443,-33.0694143879892,-32.466766842347006,-29.90125643482533,-27.44106255172622,-24.169926176733224,-23.370284363458943,-20.22031777189682,-16.599960619659534,-13.503851944688826,-14.244592906070972,-11.898006750259999,-9.540055336512335,-8.217906169467632,-6.031136303036101,-6.767322648168005,-1.5846433596609264,-0.8818800035931069,1.2893958388395312,2.382356697504685,1.2966082393433642,5.707939838892796,7.401780369449545,12.612083274555145,12.539477221792868,11.246616201756684,11.884490966118964,12.290663396969407,8.909701338202762,13.364571930890309,14.73921044356526
-29.84045134559984,-31.03606865640402,-31.89628415428996,-32.01298065791928,-33.885463613865696,-31.369928360052818,-33.50580642099963,-27.594217272649203,-31.270066115321764,-32.71865321792367,-38.035018233985944,-36.170728328026016,-35.63888189357204,-32.13341807398407,-34.15512866871629,-33.9853906516694,-31.262794654218705,-29.83263647341739,-28.196743254013843,-26.446664615370874,-23.694151303469123,-21.611557982444236,-21.926133283454313,-19.218512430996974,-18.29683200700413,-14.008366750325152,-11.32049889295196,-10.597031969217545,-9.628524037760567,-8.079937935976046,-3.5556448194726564,-2.458001151956658,0.1871825154264118,1.0139958299828535,3.3869134648231656,5.8421320900356015,5.961293759736501,8.9259979486955,11.20354312724489,11.246816891279432,9.898177971167817,11.796942674525528,12.09022802216962,11.937921982773362,12.252242954439952,13.234798560132624
-29.70211863580965,-31.67502166043223,-30.391925150000084,-31.9105343392767,-31.69216271408284,-31.50257933185359,-30.073071578073684,-30.099852712585108,-26.353491816085278,-26.303991432026514,null,-35.17125339867675,-34.9398501657014,-32.85455342820953,-33.72006086881966,-32.170123074068016,-31.25400167309042,-28.458536144408377,-27.24897344801198,-26.513552106403942,-25.33980226735112,-25.474283878149024,-22.725523800930294,-19.930161067793712,-17.612753562711596,-14.12653408454541,-11.834720310223657,-10.996837718308605,null,null,-7.204173543743035,-0.666951863818394,0.9468846205451489,0.6168406017889273,2.227655706709412,7.635981799016979,-0.07049378089135212,2.1552024050203,7.133592640299184,10.038589225832208,9.994329400041549,10.418675764245558,10.945721623581464,12.626714459975307,13.713495878800908,15.784421667739855
-30.12644391379034,-29.880441628098126,-29.844039533441432,-27.21404746088978,-30.00290997424395,-31.03882206109497,-29.561595822431737,-29.09767406226596,-26.46471730514577,-21.880754057270238,-31.122110483029743,-35.45934212727021,-33.2436163270168,-32.461463647338505,-32.623062373725226,-32.381613635396334,-30.967312447356086,-28.070511996762708,-27.26590439583818,-26.601619408680982,-25.43959008268593,-23.680261957069284,-22.9816866304542,-21.68807874962583,-19.09522391781775,-16.262868622270133,-13.311152937510911,-11.3721719260232,-10.388346718223744,-7.692485417171471,null,-3.3726989867336,-1.2441904252799074,2.9919086466092377,0.7709364832152614,-0.45689369289520443,-1.8278566013244677,1.4784171595899545,5.162959607444037,6.018904633994355,9.335830689342458,9.176506769287581,9.484627012550728,12.366652073674608,12.299121842276076,15.346920250728576
-29.664168434663345,-27.078007220728466,-29.178279004172996,-28.676925554417572,-28.17724914376712,-29.31846812847937,-27.63384120101708,-27.5089124510979,-30.232021564477613,-24.998739056029486,-21.326897738897934,-33.69452554408938,-34.30422752402324,-33.29928946493366,-31.27307662970992,-30.84785253618768,-30.635687059953426,-28.130734548172157,-26.362416465045445,-21.279758762496375,-23.476566922222332,-23.45440174210158,-22.507349155632596,-20.710575791767454,-18.814909685981657,-15.756540977750216,-14.832217919477843,-14.597847352390135,-12.680550063796938,-10.996322348661234,-7.594943323624369,-4.433430300693787,-1.576672517640046,-2.7503956983029667,-2.370996235096005,-0.4682186404564651,-2.0527616333988408,-2.4492186083917127,0.8927238703405149,4.640702835427101,6.63107295452718,8.156152864626272,8.757592350796681,8.684186850617529,11.995292852433707,9.628414714071782
-30.471195725053995,-29.330796193275553,-29.29749998568959,-29.97172612179237,-29.637575579789704,-29.407850487251427,-29.065886352233218,-28.535146795799935,-28.05470071882657,null,-32.46923472355037,-31.093469892061474,-26.73419412730147,-32.71372984493912,-29.685177190433695,-28.414486274650237,-27.69921576023856,-28.009669210557956,-25.613744038098314,-25.89470955343034,-20.965246316494234,-20.565489050987132,-19.658481090955757,-21.324277372490506,-18.22281702728892,-15.97452156769473,-14.639541862051578,-13.605583343650824,-10.265099903603677,-8.950764501371694,-6.790846173643649,-5.029538494484757,-3.4677194725615923,-2.1891931665231663,-2.3072711851464045,-2.632586927038103,-1.7564428862159744,1.8988662490801187,-1.338677438647209,1.0900448848573236,3.7627480668738316,6.161077303541707,6.276113860950961,7.941372755481237,8.47420974603405,7.102497193897046
-28.63901540235552,-29.92710302717407,-30.23192667962129,-29.344104090429052,-30.26692438093115,-30.128787400913925,-30.257943941773508,-26.981889690992062,-21.393585196874305,-17.679981782291925,null,null,-33.460138538290096,null,-28.905443975244474,-27.99878589097124,-29.078262531249834,-25.450040355080652,-24.27780280599711,-22.527352753347976,-21.97902151133747,-21.084055981161402,-17.315765869855333,-17.30108357077908,-17.551039942483865,-16.536587203918977,-15.149000101583578,-14.247013775616072,-11.329665153244594,-7.515984130370102,-6.539507320532554,-3.4652452717262605,-3.49825360621254,-2.077318462424676,-3.006655283298438,-3.358802597848218,-3.7155338856552858,-3.3747978861626255,-0.06409304655844997,3.460345200475728,2.0040810261375066,0.14791629300637243,4.563628977653238,5.972498618774956,6.679118998688589,7.13059198007803
-27.08837325002813,-29.829287818465126,-29.263403231366595,-29.06342445717311,-29.69163738234419,-30.673409263440576,-30.571185374112847,-27.07721989284649,-20.396160005368053,-23.3716360668652,null,null,null,-29.8949671621693,-29.777373218508536,-29.325009838066006,-23.435889900875726,-25.116987406762497,-22.604013696709444,-23.41237750729256,-23.924801706735582,-18.28581010898012,null,-16.44640201432542,-16.24343061541057,-15.461218624952675,-14.26985730228753,-13.292473906260042,-13.085611289246062,-12.388873258412257,-8.750835832697902,-6.753304599491119,-4.120088590502602,-2.4502696084006494,-2.923557732500618,null,-3.9815010746900956,null,-2.076329396853032,0.5143796761699712,1.7054534188507662,0.7920053910506628,3.1340817545691158,5.48795777696816,5.741652248554853,6.0204113670081245
-28.034677006880738,-28.005832296383627,-28.804483758595424,-27.019570442368682,-28.0190381507552,-30.412096937375765,-29.545810546453595,-28.579012695996433,-24.126931577464607,-18.0926584627437,-14.571478236945413,null,null,-28.72455757495492,-22.458959794023755,-25.263762412963203,-23.800807630508608,-23.628664542353057,-22.84877722914543,-23.596566587419723,-22.545093296573356,-23.919539162048615,-13.42180031028861,-14.728876701899154,-15.701033148665283,-16.020339083354877,-15.329894220137161,-13.927337017756663,-12.358303078085498,-12.68008283967285,-10.681557753801357,-8.115696536739517,-5.989579010762236,-6.998271200891464,-4.739910867239581,null,-1.9695149204734264,null,-2.771683103320372,-1.0186787716427639,-1.1886845133885808,-0.9073345200610734,0.21770321733435233,4.980385878949797,4.469602729445081,2.3752051768230054
