public/json/wind_2018-09-1517_700.json
{"header": { "discipline": 10, "disciplineName": "Oceanographic_products", "center": 0, "centerName": "Ocean Modeling and Observation Laboratory", "refTime": "2018-09-15T17:00:00.000Z", "significanceOfRT": 0, "significanceOfRTName": "Analysis", "parameterCategory": 0, "parameterCategoryName": "Currents", "parameterNumber": 3, "parameterNumberName": "V-component_of_wind", "parameterUnit": "m.s-1", "forecastTime": 0, "surface1Type": 160, "surface1TypeName": "Depth below sea level", "surface1Value": 15, "numberPoints": 4800, "shape": 0, "shapeName": "Earth spherical with radius = 6,367,470 m", "scanMode": 0, "nx": 80, "ny": 60, "lo1": 109.0, "la1": 20.0, "lo2": 116.89999999999955, "la2": 14.520000000000117, "dx": 0.09999999999999432, "dy": -0.10000000000000142 }, "data":
[rows 19 to 37 of 60, columns 0 to 42 of 80]
-10.160818320913119,-10.706638146216802,-10.995263510888371,-10.69250036621455,-10.38355541049092,-10.422005544984424,-10.517532907730356,-10.397640317264404,-10.562628745737854,-11.540861660403078,-12.76118561701977,-13.048712686734962,-13.071776739752984,-13.59991221742736,-12.647753539428052,-11.20637064194359,-10.025731019884036,-10.06773670112396,-9.623949668474037,-9.662462275322351,-10.144587963859783,-11.526365631175679,-11.927810497275315,-12.387759262625531,-11.882697860774886,-11.083678374347075,-10.770547387064594,-10.41845444543392,-10.390852060426072,-11.315520325042307,-11.336271229538223,-10.024329970895932,-9.928542520436213,-10.438877393633375,-10.568720451340448,-11.504842296370684,-11.927117185456387,-12.486951854834723,-13.429703565031772,-13.174982643788752,-12.56752825598913,-12.642003136645855,-12.145746188813803
-10.76426417723888,-10.000181928406747,-10.224831694080619,-10.34278431625485,-10.72111419693941,-10.075396328155428,-10.187799389750362,-9.457676271972847,-9.520917631077335,-10.697965834892084,-12.018691065339922,-12.895262609523503,-13.534464689757943,-12.676640607926274,-12.899540987418362,-12.037379242000616,-10.51907894505324,-9.238500801824758,-8.870230068938357,-9.181289435303645,-9.348055565744497,-9.830038189798705,-10.171858781248778,-10.142117334475616,-9.964384742068573,-10.697963384227158,-10.27557406087477,-10.11491812425967,-10.714492510788057,-10.371948546202516,-9.06219725402318,-10.060942051134129,-9.439848236426812,-11.024025126530626,-11.543470750701475,-11.678963243376007,-11.857306142501749,-11.023991461869812,-11.065064785204179,-11.070022097856262,-12.115937633021465,-12.064347548433581,-11.972921543911463
-10.694318792705465,-11.161928112728098,-10.738836259103595,-11.213212094368389,-11.37658279294745,-10.661665365978555,-10.358309844520003,-9.244419468908065,-10.350823040162664,-10.390686962277146,-10.845031573882522,-12.15174400793733,-12.574722951915977,-12.509650260008074,-12.84027812476737,-12.921239190107823,-12.419065662467036,-11.78788036908369,-11.26420550223667,-9.215159393971348,-7.318707962613745,-7.3303696713963795,-7.1708463248311185,-9.805549516565945,-9.569334812380482,-9.465831285424986,-10.809608670574091,-9.342646616668418,-9.720285428737165,-9.864884144527993,-11.055729582254257,-11.334560599976369,-11.221808482440593,-10.773046242410611,-11.092313381001178,-11.504417346668028,-11.784541580639306,-11.630971800045586,-11.947116597823968,-12.277425949904066,-12.588700635705214,-11.841076419346468,-11.545226841984865
-12.11015323920147,-11.216880699077507,-11.112578003871494,-11.423678688151416,-11.02527314908307,-10.480135252272024,-9.655015853583103,-10.498708775859638,-9.848851714347587,-9.888401261569683,-11.469452966023976,-12.282679905947267,-12.871581225099288,-13.163528757274081,-11.56091920619406,-12.94936066934107,-12.18439169443857,-12.250682253266884,-12.039876800287761,-11.920322262419027,-12.064808372176469,-12.195782867108768,-12.50978356832702,-12.498720303106346,-11.697423382529983,-10.138541504231178,-9.591734798297196,-10.219764990295863,-10.181789322037217,-10.354254160051424,-10.10145778307875,-9.45128756754316,-9.3619144907128,-9.984437944824222,-11.005010849101202,-11.376548253336075,-11.637616343883629,-11.254776088438945,-11.533801077842863,-12.364853822411057,-11.339611196952834,-10.778326915412409,-10.961938502111195
-12.189631882337693,-11.959938706298061,-11.610690436478727,-11.39075312833876,-11.312335008834724,-11.290401616430978,-11.333814807929134,-10.63025647914986,-9.984692744672488,-10.37114677314882,-12.164186098543,-12.335558463598192,-12.234902319705785,-12.089525163634182,-11.876620446363265,-11.75354922512511,-11.680803202777831,-11.59042681284046,-12.450347920215188,-12.057336790556947,-12.02356330557701,-12.984268701880193,-13.776715634638178,-12.085777449279313,-11.017431414567888,-11.647557908484917,-11.074783982925648,-10.373693392296715,-9.671278579255404,-9.80823969277355,-9.257876662285096,-8.76181023385249,-8.266839654535591,-9.759290134583349,-11.324751067131734,-10.800025259949425,-10.758158591638926,-10.936560357148652,-11.127141322887617,-11.168299086773857,-10.333468229023362,-10.14838129337014,-10.13364562228786
-12.777307411040201,-12.227421703792327,-11.668445416386826,-11.522308411309737,-11.900148942222977,-12.296466631927077,-12.191486880572032,-11.462045615200655,-10.51288497668339,-12.078827366058693,-11.815167471728405,-12.355372838036345,-12.319979990918904,-11.634381488566355,-11.441315119006283,-11.318300566439142,-11.897444688826852,-14.128988168939033,-13.46636262688082,-11.995008239271975,-11.896770310842482,-11.567244068227103,-11.464290722215056,-12.478103358008266,-11.76198511744945,-11.212459970819786,-10.623354359385774,-10.99572233068748,-10.507903715024804,-10.335824539605749,-9.10607055570825,-8.309814396601682,-10.342148341633838,-10.217698519280495,-10.181644730926017,-10.085996409793283,-9.9349553196802,-9.717972520648889,-10.301341346386467,-9.824947181402926,-9.728883033168243,-9.826651956702872,-10.078043040793904
-13.40416192985538,-12.91101071438017,-12.31268021615056,-11.85719918872784,-11.579877576669585,-11.01962435727528,-11.222120056662776,-10.723572190882482,-11.862147517824823,-11.291277512109492,-11.166030945737718,-11.256535558251738,-11.548864579661807,-11.32873068306841,-11.997448692728256,-13.049366858349519,-13.19483544639451,-12.236096703139003,-12.138642440799629,-13.4517547036346,-13.342899509924157,-12.643411937778401,-12.837559970118692,-11.958004103282818,-11.196859229275,-10.493481459690896,-9.829291630000522,-9.290287668468231,-9.207663574326627,-8.912593069298573,-8.878956456290616,-9.698300423049638,-9.38495080286127,-8.78700359783101,-9.352272529808536,-9.252623684117632,-8.946489812056548,-9.472536097660841,-10.001125461653336,-9.857004905046333,-9.72783743648154,-9.415538287614343,-9.484353323123326
-12.769490341701388,-12.837623444812584,-12.603729696082096,-12.343640723092859,-11.784251467006706,-10.992437912042973,-11.343108273582477,-10.49793298184483,-8.708207821128706,-7.755416021499879,-9.790257627373034,-11.248279961425348,-11.034185496626774,-11.754394071711847,-12.754029247688079,-13.346790472974225,-13.229030810302941,-11.91191572768436,-13.41422370879298,-13.330006507734055,-11.718561138719801,-12.256093174336803,-10.967566050655828,-10.417904840765281,-10.112283928398822,-9.546502127940178,-9.70542115264937,-9.727357484133922,-9.21683470860335,-8.618976813125244,-8.739176586789073,-8.18849078226353,-8.542393684449282,-8.721929038923175,-8.773415277764176,-9.201625826109947,-9.45864122363463,-10.056876654256715,-9.869023771717924,-9.354000479853111,-9.041847269535637,-9.395966060574493,-8.896023745764627
-12.327578791675506,-12.512102285175182,-12.574509727817778,-12.234810047514477,-11.836993875467405,-11.801947959562488,-12.11438984857566,-12.168482142418359,-11.05703380612468,-9.919497882398582,-8.700539716861748,-6.609508183761211,-8.718624261156572,-10.463856059708501,-11.182162393330508,-11.969877973332041,-12.975598148268084,-13.21842883717574,-12.812616444030121,-11.527843242139353,-11.705967682499065,-11.023345446227946,-10.443765075616653,-9.727949764937245,-8.895348491863214,-8.45745546127758,-8.397689938459802,-8.554346099546105,-8.03320734184964,-8.257300246019053,-8.465102488546183,-8.211376847511334,-8.235807946290556,-8.788937166413179,-8.794140795276927,-8.622601024477477,-8.786570718140556,-8.737027495745345,-8.385126429409107,-8.942032242228304,-8.82724232707804,-8.942433493904748,-8.771628323961387
-11.588373225234543,-11.766362520419127,-11.722699038253378,-11.52153771204716,-12.050094039637251,-11.99601086586975,-12.478023729063985,-12.590982519005331,-11.689755904703933,-10.48630189251458,-10.302171544709104,-11.110183422782967,-11.121590950793523,-12.810344338539796,-13.288019084092848,-12.789249110386766,-12.108285521135286,-11.769963861757828,-11.096650372578003,-11.546142968506016,-11.040408886007505,-10.542824472016697,-9.542523570742157,-9.008183143434678,-8.625319087800065,-7.9832707839003625,-7.692899479408022,-7.525307493190748,-7.605546666013981,-7.248353850562797,-7.554563909564932,-7.671869967608121,-8.149436444680218,-8.431057178031361,-7.948738136503389,-7.64526136442682,-7.725545978926258,-7.6661285219303545,-8.31445476112408,-8.143958269158748,-8.715169108144917,-8.532566476327792,-8.48769697553415
-10.568531472240943,-10.82956880806005,-11.980256201421764,-11.652860152067984,-11.744872376006555,-11.618478857488597,-11.274184406818211,-11.683905854042813,-11.440888698930545,-10.965062666879245,-10.466628004378109,-10.817159518338178,-11.762457337714917,-11.713875846540137,-11.380515052070797,-11.373124457786098,-11.59036784097536,-11.334916756498306,-11.65646824108613,-11.13548920507055,-10.968323540908132,-10.818128809881985,-10.701766261920735,-10.26799391982006,-9.376164296690176,-8.737029430642453,-8.350628175707815,-7.555614206725967,-6.6279383938148,-7.77289755507711,-6.809339780273387,-6.780959614879907,-6.614466799191215,-6.760683467915964,-7.210261769984134,-6.84023383331832,-5.908220909990591,-7.009167533261508,-7.716269000588947,-8.297626213706703,-7.890403414213788,-8.027529347339273,-8.223643109891995
-11.44952446763202,-10.921984807683602,-10.009950899068766,-11.23675989334846,-10.998221398658993,-10.558195010526765,-10.684728313234583,-11.123009537570322,-10.994861653403639,-10.79290806821738,-10.860703071373745,-10.984932542659669,-10.966377643254651,-10.810836024235538,-11.063578623124029,-11.110457172916561,-11.453586244767935,-10.984627679612064,-10.512811542935014,-10.369066292798575,-10.033869313544491,-10.514405098736471,-10.468328570328383,-10.002014885310805,-9.091891086973211,-8.724533386801781,-8.238101792444205,-7.9384169638384705,-7.572979993604406,-7.2912865251113,-6.9984757575718834,-6.880606719360899,-7.564419459656103,-7.133068772521068,-5.553270640531376,-5.692420216370346,-7.102000494558329,-6.063166706099089,-6.676986820524905,-7.088329255531653,-6.988787696458547,-7.34003735262197,-7.527419406084462
-11.073788051784252,-11.318165843562738,-11.189016815879716,-10.700124383068669,-10.390160560584,-11.00991973286683,-10.546531092411602,-10.668477152175745,-10.996788502294226,-11.122636814412026,-10.92334232926861,-10.919446231880055,-10.620191004631124,-10.542767070243128,-10.50870967896661,-10.327963628706344,-10.520602779585175,-10.596277171215286,-10.259719358338558,-10.45784260298172,-10.71543930617446,-10.05078822666948,-9.011414189518945,-9.069759922107044,-8.761417762017896,-8.294665244051739,-7.619635061895746,-7.08923926280524,-6.573462481399364,-5.860003212653973,-5.89745420316624,-6.152001321363237,-5.554196870535145,-5.679530786343692,-6.369554325705356,-6.894238943223313,-6.101080380921253,-5.87887381350912,-5.970436010267354,-6.092960986584938,-6.279192041231297,-6.3903913733771684,-6.205900451980954
-10.229443508442472,-10.278963415734811,-10.076227672369999,-10.260141377348488,-10.174675992653265,-9.69801962703884,-9.939095770926697,-9.781527703304109,-10.277477197676722,-10.660883457354954,-9.806332300741733,-10.853520990999122,-11.230477232716662,-10.144622448008946,-9.648174708865321,-9.492771322737712,-9.595864273984393,-10.023571817164923,-10.707286558003153,-10.428887139784328,-9.531438625421302,-8.751799250761582,-8.22386847069211,-7.735457282616253,-6.826601776407204,-5.8897309902070205,-5.89136948142874,-6.072793350861978,-5.645384598906686,-6.197769430832345,-6.011195050961038,-6.594445341626954,-6.554080758414085,-6.439751884183987,-6.6342639535295,-6.986348994186227,-6.657490093850152,-5.819388966731326,-5.73797641472218,-5.861296773559915,-5.951355206309445,-6.090319228956334,-5.981771864158791
-9.861902903245687,-9.887283352110249,-10.371831905910954,-9.71060964028722,-9.930117576089406,-9.897335515462846,-9.6769269947285,-9.943848853764322,-10.425660972239047,-9.843353878729053,-10.705600006291048,-10.744097192347215,-10.56927658771307,-10.094040697726976,-9.317946555282772,-9.327794510557556,-9.503864289640383,-9.817357294470126,-9.451305374369017,-9.34357983701046,-9.166866389018743,-9.272506785130059,-8.803533944831822,-7.683055859326524,-7.232972788876721,-6.9813703996009115,-6.7528777576499355,-6.029608215194874,-6.0151524534276115,-5.255825278029024,-5.734999166825934,-5.167297417721252,-4.756224894471985,-6.04670813582341,-6.673916665037597,-5.778951796750508,-4.961496540517508,-5.211797349985395,-5.4862638704996725,-5.417062260435476,-5.4205167977939155,-5.416673334616664,-5.422030624747353
-9.244002776822896,-10.179078456923643,-10.329210199118274,-10.83591179548321,-10.186286042504408,-9.153181748422291,-8.68871810090453,-8.774509470535095,-8.558790307185083,-8.929496648208142,-9.043527144603427,-9.578790441286001,-10.150094314456368,-9.626674370387658,-8.372971535715193,-7.63257042430634,-8.209885098512578,-9.360464426821052,-9.401585223438325,-9.095589699191432,-9.00083624595052,-8.876573051627107,-8.229763934592977,-7.721353506717678,-7.533460222550236,-7.334916339311433,-7.286166692544512,-6.95135348978352,-5.966776084386543,-5.181447365989155,-5.986048572529421,-5.801020315095801,-6.354738549420141,-6.489088272148889,-5.898973732758757,-4.805899681007099,-3.986263637891042,-3.87699625732753,-3.221421642476374,-4.0922687339321975,-3.8273730352607984,-3.5541305275521533,-3.5219591771640477
-8.7799862243582,-9.66709797826323,-9.309441113204004,-9.328318753076559,-9.246443033739915,-9.052347689880914,-8.755401639463445,-8.482995087509291,-8.972880222181113,-9.097534659822593,-8.761368401718016,-8.782914246318343,-8.775269799158986,-9.106940438992398,-7.8370966932768305,-8.214467582236843,-7.745338854644067,-8.181569285642427,-8.586597458869981,-8.217581351432385,-8.64873150699143,-8.502253243304963,-7.986508098637362,-7.437159125852632,-6.889720788900835,-7.216440062198055,-6.588510334478706,-6.741687217936421,-6.288420675865228,-5.86827682834009,-5.571618985213497,-5.409268421955895,-4.9742305903981805,-4.616159866888226,-4.56092721981781,-4.377183057125447,-3.9452467160662312,-4.0429249106137215,-4.3611493387283256,-4.217513363255678,-4.2244682374716245,-4.280882738149973,-4.721629389602606
-7.382665910954548,-8.586447102413423,-9.120710074538135,-8.548823561044605,-8.203457895945279,-7.406341810481839,-6.596090921574224,-6.475938866153221,-6.83627054297901,-8.311384243486948,-7.956828032315931,-7.67192301441448,-8.601297160865208,-7.336760322686929,-9.023797279418421,-8.894161959521563,-8.246021810983393,-8.299167912960117,-9.259975140378351,-9.458814002555826,-8.639870997580228,-7.421526430056209,-6.5014350488721195,-7.1344955863909965,-7.827145100650663,-7.191908513945219,-6.528307630553314,-5.855616570655174,-5.87819523659376,-5.622109973607422,-5.436510190866059,-5.067099553972865,-5.043654091329208,-4.606599041942798,-3.6953434488068915,-3.537867314555689,-3.3679938706494084,-3.6053848263938497,-4.879310939664845,-4.971442227347681,-4.132470477781876,-4.234118227067554,-4.631919856720572
-7.693678445803734,-8.463400221172803,-8.32484398280665,-9.574233509381443,-8.770989912234734,-8.247254167413582,-7.427681286555477,-7.289245728944357,-7.919208845293666,-7.486652467897876,-7.706509294599318,-7.632024022198538,-7.971216405392508,-9.286420425207066,-8.435183289672874,-8.208790722888518,-7.730155530469382,-7.836006818315888,-8.332348725684072,-8.46508016450988,-7.573238279442332,-7.641297582564965,-7.097569362651445,-8.173006638714792,-7.3483709955883025,-6.765796341855921,-5.870129256582391,-5.263746920211122,-5.051058460768757,-4.469259413725827,-4.614069872010251,-5.453585207703764,-4.885554153488938,-4.374991581682719,-3.962433270751302,-3.3042372281794843,-4.580481180803506,-5.582121257679987,-4.6355096711809765,-2.8721364761418204,-3.5975284279728177,-4.591769691052867,-3.4172571231995312
