public/json/wind_2018-09-1515_925.json
{"header": { "discipline": 10, "disciplineName": "Oceanographic_products", "center": 0, "centerName": "Ocean Modeling and Observation Laboratory", "refTime": "2018-09-15T15:00:00.000Z", "significanceOfRT": 0, "significanceOfRTName": "Analysis", "parameterCategory": 0, "parameterCategoryName": "Currents", "parameterNumber": 2, "parameterNumberName": "U-component_of_wind", "parameterUnit": "m.s-1", "forecastTime": 0, "surface1Type": 160, "surface1TypeName": "Depth below sea level", "surface1Value": 15, "numberPoints": 4800, "shape": 0, "shapeName": "Earth spherical with radius = 6,367,470 m", "scanMode": 0, "nx": 80, "ny": 60, "lo1": 109.0, "la1": 20.0, "lo2": 116.89999999999955, "la2": 14.520000000000117, "dx": 0.09999999999999432, "dy": -0.10000000000000142 }, "data":
[rows 40 to 59 of 60, columns 0 to 44 of 80]
-13.383695684352844,-15.181531709446615,-13.933774905069177,-13.822045445462091,-13.66191527249088,-14.23071903817099,-12.902660136041904,-11.285024432831477,-8.837120824691286,-12.342014743083734,-13.253510532121336,null,null,null,-7.295176995502,-6.498579890205151,-8.353578041651932,-8.579373780266145,-10.070437855816717,null,-8.891377285076032,-10.153555490055242,-6.250572282047099,null,-5.106897893728446,-8.17642803663183,null,-8.377250997836693,-6.607958653900653,-8.971967352642253,-8.882682082977007,-11.82672113741383,-7.869749576069324,-8.76621206332533,-7.732055020137823,-6.374202990331932,-3.532682680424988,-8.509862892934226,-13.027760587073246,-11.845483246616034,-11.299190992105512,-12.26065322403538,-13.251148564210187,-13.752944423269117,-9.950776144941917
-13.839902025037555,-14.043437064075391,-14.027836573636398,-13.823541709754497,-14.072566135456274,-14.620557269347062,-13.829952344668381,-12.837239977328881,-10.190030427505032,-8.959605911116485,-11.980168745399332,null,null,null,-3.8040091853431504,-4.735094675217515,-8.783150634283777,-7.443324542668812,-7.406496212917824,-11.236129226884104,-9.31843183579746,null,-8.214611952847545,-5.1894245498318625,null,null,-6.258066370401162,-7.458986353029017,-6.6809712189287165,null,null,-8.50377198367406,-6.974924439445134,null,-9.219840232047623,-6.283140685198028,-3.2448540008647324,-7.042110465759625,-10.515347379835198,-13.37840654843106,-9.55615056164736,-11.709936354827203,-13.078305784532445,-10.234678952291896,-11.047819831532582
-12.235231218593434,-13.767720188185429,-13.668601948866092,-13.938376166675953,-13.981953905189151,-15.162977203518036,-14.371543327843867,-14.426910912590905,-13.107937865493572,-10.92619969489187,-10.313742123967911,-13.665407965198925,null,null,-6.224715018486993,-7.373075873832099,-5.40926959764321,-6.938364028839529,-3.9939073478257736,null,-10.553898675552041,-8.58026587544394,-8.63427514563454,-6.956049323386312,-5.104261496672524,-6.03130051964488,-7.365795675590771,-9.671298510312104,-6.257091348844709,null,null,null,-10.345144446877873,null,null,-3.9673159598179377,-4.511093972858611,-1.7609945974254384,-3.2872991937154827,-6.1837929657987605,-10.672682679018477,-10.71882260865061,-13.724437589777715,-12.255411326021042,-11.948603762637868
-12.453614493958396,-11.458498589279548,-12.577842630571364,-12.231956725365993,-14.163614648360317,-15.019351847813827,-15.147956529718837,-15.264141921340526,-14.291925287041584,-13.254831348713566,-11.99101768429153,-11.486091591844831,-9.726142272742038,-11.103307136980334,-10.067073108295258,-7.1536760331718945,null,-4.858490632206893,null,-4.421133675967725,-9.240910787448687,-10.254788052928145,-10.04840163900289,-8.382647734697542,-4.4720168735222945,-7.592523308604874,-9.214630613891645,-11.696342631239979,-6.6878939027323145,-5.734723824543878,-8.407533935590447,-9.392936066016293,null,null,null,-0.18224089481249303,-5.684460801276378,-8.02871496005595,-4.482366858641698,-5.782802575330215,-10.003697721075575,-12.0887495637258,-12.756785445295883,-10.590293413589999,-12.199348692239484
-8.070576714297822,-10.354772507039279,-12.408348916748356,-12.507286857121915,-14.796131435978578,-15.31454448321657,-15.732344386727595,-15.450865467086189,-15.327458763959656,-14.221861058440906,-13.892813815319284,-13.142864871267252,-6.4856409543862465,-5.7377960245063555,-10.24096978929269,-10.719413198829244,-6.1922220851767875,-5.130908228861523,-6.830142482818257,-1.9357552807189606,-7.729953614654732,-12.16875488754722,-12.401659649386888,-8.738084536470986,-8.439728404884374,-5.357627404440046,-9.160792571870715,null,-8.076597492222819,-6.441236269486847,null,null,null,-9.650900033270121,-5.7599947460395216,-4.5678533190881,-7.910418858305896,-3.670647019170634,-3.0442375195742533,-10.050366290609793,-6.289857014964934,-10.814288755406405,null,null,null
-9.2598168798649,-12.680978918200449,-12.922243855948846,-11.92615117644655,-14.252511855133026,-16.129445154622502,-15.496680778135882,-16.08786366946285,-15.766652191875473,-15.430348383322194,-13.266227380631982,-13.904112776579115,-6.363539665679358,-5.967567957012321,-4.937130396530568,-11.756324166284271,-9.415508038388285,-10.794957747232552,-1.721565851988235,-9.673092249148965,null,-10.438127453808745,-11.036004389472142,-9.560736361679249,-9.554484042740972,null,null,null,-5.475933568264768,-9.89745132731285,-6.933269773226389,-9.439905416174854,null,-3.400349686687327,-7.60919887130734,-6.352915847087163,-7.130974547280084,-7.418884208359913,null,-8.984268393595563,-9.155288735983866,null,-11.607023680240413,-6.607238298327712,-2.8347026081182523
-11.14059290976353,-12.11195689773127,-10.41151291501595,-12.478351586472922,-13.384030457962382,-16.06165708413372,-16.06858495601035,-15.83207892365753,-17.201046244601297,-15.452562876666779,-14.12911709583345,-7.584641060728848,-10.45990275097715,-7.495416791102975,-3.255111039608479,-5.342364977790858,-10.935719028846755,-9.974034286195959,-9.046625689597365,-7.664438555502768,null,null,null,-7.755074284256942,-8.30206895389893,null,null,null,-7.199334514089553,-9.357420286294442,-10.570497247888472,null,-10.825516540258402,-7.21974906542397,-6.4450876652512195,-5.600378483580068,-3.7398120949536935,-7.798364406782799,null,null,null,-7.593090620840948,null,-10.670275382400918,-10.99700038984975
-8.260666136044193,-8.649677902983663,-12.758652017977706,-14.291884959338912,-14.774329988167077,-16.610900019554744,-15.4072238697742,-15.350476556537075,-16.831517267694473,-15.643229269171929,-14.711584052611009,-12.6582155144864,-11.327690179591054,-8.33332156972758,-6.969915155268931,-1.049295292510327,-8.214892848559803,-10.869193947112375,-10.013195233110082,-8.566943852272697,null,null,null,-8.581933411938866,-8.312715312285146,-7.667866830662385,null,1.397938885078914,null,-6.476353308171378,-6.072580897683785,null,null,-8.531294414927304,-6.253159457411324,-6.3087153233562105,-6.058472464357408,null,null,null,null,null,-4.475907772731193,-13.82825049223493,-11.865434030092743
-10.793664162640495,-7.845150173870492,-10.976854973971701,-13.746232813042127,-15.545072780310601,-16.59432066174984,-14.917422374284449,-15.543351868265386,-17.332119693098342,-13.909914515289465,-14.220943086176264,-13.292033702545012,null,-11.00702312218542,-9.970467376248246,-6.010026569787588,-2.0491010154077856,-10.46616040538774,-9.251528483472974,-13.7306523608199,null,null,null,-8.794499811130363,-7.590197138661532,-8.36572505124528,null,-4.166004352184297,-2.637312891149093,null,null,-8.394821642605805,-2.9147744582269253,-6.905029759672017,-10.659284566552408,-8.547073093958883,-7.1490097153608545,null,null,null,null,null,-3.806605028725153,null,-12.530233949135127
-10.132687132045756,-10.858794300075951,-8.014908153383882,-12.770671875777314,-14.543431268502879,-15.479836850194346,-15.013749070812008,-15.049007701173096,-17.41948688056612,-11.349802860516975,-14.067278421644138,-15.517203634474622,-12.91709270646716,-13.998879875031223,-10.158829648583504,-9.384830453988426,null,-3.3781975803964626,-14.029657343404418,-10.153255379635315,null,-10.621910199933325,-9.433153678000615,-8.69161564647982,-7.690995156889243,-8.586595254531947,null,null,-5.0113630288347935,-4.409208780008677,null,-3.8418475547406907,-8.202983953996792,-8.59847510678021,-9.122398036203771,-8.585811611960487,-7.221328379807404,null,null,null,null,null,-3.8873564695843656,null,-10.27819439999836
-8.689799280417175,-9.119415846065369,-9.374376346642123,-6.337882826990036,-10.775175248622524,-13.04948940448152,-15.931115636186284,-12.329299844150299,-15.32655744389002,-13.115085093333997,-15.344314935955738,-13.957869763893452,-15.555197865959988,-14.124796453929019,-14.629502168174383,-11.42605003580027,null,null,null,-10.227625557871061,-7.130268024971206,-11.431023022342332,-10.116507473684232,-10.408003233662274,-6.93478181603389,-8.892431250792546,-8.056223620572048,-4.888127508365322,null,null,null,null,null,null,null,-4.463689182489006,-2.034782542087601,-5.162884809433798,-5.681196486305793,-6.635697499833168,-3.3097042092673794,null,null,null,-9.102532683255419
-5.17759937433438,-7.037066879414383,-7.5551065302613285,-6.783158720369837,-7.135993973309034,-6.31665244968509,-11.323150510633022,-11.19933306487041,-12.277949490028313,null,-12.28126339642205,-15.315413274279594,-14.036049605363862,-15.204442761496395,-16.19775486160507,-14.858292335377552,-13.565020088358605,null,null,-9.737991654605809,null,null,-12.657788438393759,-9.518352640017973,-9.07198514228571,-5.255016824646807,-5.343847916937594,-7.173083064291265,null,null,null,null,null,null,null,null,-5.088170189806685,-5.8356226595032155,-8.79421682442982,-7.203498835454371,-4.904751403038072,-3.879097214669679,null,-0.24156832746263673,null
-8.372679578058598,-6.120749357372411,-7.580931766336224,-4.039343412671775,-3.465458908032164,-6.236401032390768,-1.2395749426590732,-10.798258595414907,-10.233471754957346,null,-10.903901853183646,-11.676098768122658,-14.70498014001602,-14.579570678883162,-15.914634864588853,-15.330361590871968,-14.422555242332718,null,null,null,-9.60069418404042,null,null,-10.992985673531402,-11.393299504665386,-7.945334321529413,-6.41106266683559,-6.744811891411855,-6.444654257252751,null,null,null,-2.717370703534509,-2.6604611276078574,-1.5582091992311735,-2.9625647664277377,-6.733991433963473,-6.142220520544591,-9.860481229154544,-8.713940232636856,-8.048309228309968,-5.504004113240558,-8.080426833539985,null,null
null,-6.141384074381747,null,-3.8604246547751524,-3.6139900406259655,-4.018284085339252,-8.143310861537557,-1.7578211005433189,-6.0151262265310095,null,-9.059699961796506,-10.476001778713872,-11.421181217165124,-13.712954518773888,-15.046810668536624,-16.826153917136235,-12.790263591086898,-13.268976686837316,null,null,null,-6.445471902223221,null,null,null,-9.184754730467274,-9.120208166148355,-9.75029132741668,-9.450677388921711,-8.631983533309,-7.876979801170894,null,-6.599891101104679,-6.574702261782974,-4.2625280022093115,null,null,-5.232202919398846,null,-8.770865584657729,-6.342071490886201,-6.428791449898549,-5.977080265273557,null,null
-7.396732631415134,-4.145523298029853,-3.837152478137571,-4.602550986176597,-6.386148610662023,-4.025581484468515,-7.676436546058094,-10.326502746239271,null,null,null,-8.554200941027073,-10.946877291853031,-11.90360720510477,-13.219417461304175,null,-12.866276894007008,-12.083617267879259,-11.047582441959976,null,null,-5.080958700681361,-5.863441634658767,null,-5.300356724752945,-9.087960944843168,-10.01296589568217,-11.13418627102903,-11.364426439442568,-11.340785294507143,-9.172893553563602,-7.593225699908992,-8.296409272399535,-9.163923122092605,-6.431354932233145,-6.760846147329822,-4.437266587500718,-4.511654197957487,null,null,-3.5648792492658825,-3.522300739836296,-7.87305479414672,null,null
-6.647362519853358,-8.581778502253693,-7.778082874324609,-3.491635531285388,null,-5.498071703145383,-4.161785285366944,-10.355414215484974,-8.990255557454232,null,null,null,-7.0012910855687895,-11.941565404970326,-10.032695645973313,-12.883961630376236,-15.304941262727313,-13.89711843978311,-9.983797335330856,null,null,-6.832823555870316,-3.800833609555835,null,-7.558054478653807,-10.03285252689113,-11.40043441229518,-12.228630247671461,-11.295602915851164,-10.124429589003153,-9.555003107726472,-8.56566331242858,-8.292264843176511,-6.768300633429366,-8.485116541359114,-7.8257859101880225,-7.781052955780884,-6.933031169022357,null,null,-3.946409694302496,null,null,-7.124570812410388,null
-7.324676419849339,-9.549102029879414,-8.872867143534773,-10.426616029327908,-9.848506478328979,-7.369585679402555,-4.411777995025914,-0.6957739053342147,-9.791436338028692,null,null,null,null,null,-10.732908039024183,-8.208313453454156,-13.17461475160099,-14.345232591304452,-13.736578474547915,-12.13036732616837,-10.39615253752557,-10.421936277240418,-9.363933974573929,-10.572394609872337,-9.649741262287005,-9.883317380348775,-8.76488558686389,-6.898907774356488,-3.5706860760011736,-6.235848531257952,-10.010582132169537,-9.11578646051267,-8.486556487430633,-10.5479833353407,-11.992887511483577,-10.402109187550591,-9.899194744744928,-9.496428369650308,-8.893586251361539,-7.731135319332982,-6.363858615418233,null,null,null,-1.1348977334356816
-10.293072072296562,-9.405743445982827,-11.958580641008169,-10.60308096186282,-10.970491282170387,-9.098558031360009,-6.258093565545772,-2.9267730980453006,-0.04593787480438323,-5.837151076073827,-10.695905867922255,null,null,-8.583723707337771,null,-10.25616334451295,null,-11.617783197506435,-13.638866269718534,-11.791142174760962,-11.917798065747736,-11.557250285943368,-12.469924403523855,null,null,null,null,-5.7282307993564965,-1.7686567544142475,-7.044426690581941,-8.86258182454739,-8.446202398791751,-8.104870902149065,-10.123198094221824,-11.646386998321857,-13.032929864807356,-12.685009533017594,-11.63530124269619,-12.32851758870888,-11.249278071348256,-10.688254641162237,-6.3015067627276515,null,null,-0.3471891673868765
-5.21272421135721,-11.591098755530638,-8.2554938782393,-11.030078898860737,-9.775938169958872,-10.190991811539186,-10.173072386970844,-6.660465501438746,-2.4082293802386534,0.7017113010408593,null,null,null,null,null,null,-2.7236078417695335,null,-11.713243173999908,-12.49208399363526,-12.320898710700897,-12.679393386246362,-10.308464636555033,-7.510959805244622,null,-6.3191423213172255,-6.707712288238158,-6.427066348205031,-4.2204763238403595,-7.4273464909951805,-9.862340073854286,-9.168691287848095,-9.303679553550863,-9.46275373194084,-10.789465902741,-11.301826976237479,-13.292269568397346,-13.816156088438586,-12.817297940749285,-11.955309177668042,-12.106202045485507,-12.047934327873012,-9.989300419558287,-5.569511570465974,-8.038371226677494
null,null,null,null,null,null,null,null,null,1.3471520328371236,null,null,null,null,null,null,-3.280810304000088,null,null,-12.058239985697343,-12.508811913503752,-12.66471574517044,-10.055133242765805,-10.393731652238941,-9.10266952539782,-6.397839505181329,-6.922826442810907,-7.8927352080978626,-5.512879271629753,null,null,-4.703972630943155,-5.681698401465743,-8.203549334066446,-9.679747418667443,-9.42418789774605,-9.118516051985251,-12.099188310885797,-11.9936356360454,-12.31725769547057,-12.634048008177405,-13.142986958258978,-13.181478284555832,-10.354300920020101,-9.742225836452562
