public/json/wind_2018-09-1613_950.json
{"header": { "discipline": 10, "disciplineName": "Oceanographic_products", "center": 0, "centerName": "Ocean Modeling and Observation Laboratory", "refTime": "2018-09-16T13:00:00.000Z", "significanceOfRT": 0, "significanceOfRTName": "Analysis", "parameterCategory": 0, "parameterCategoryName": "Currents", "parameterNumber": 3, "parameterNumberName": "V-component_of_wind", "parameterUnit": "m.s-1", "forecastTime": 0, "surface1Type": 160, "surface1TypeName": "Depth below sea level", "surface1Value": 15, "numberPoints": 4800, "shape": 0, "shapeName": "Earth spherical with radius = 6,367,470 m", "scanMode": 0, "nx": 80, "ny": 60, "lo1": 109.0, "la1": 20.0, "lo2": 116.89999999999955, "la2": 14.520000000000117, "dx": 0.09999999999999432, "dy": -0.10000000000000142 }, "data":
[rows 22 to 43 of 60, columns 0 to 49 of 80]
-28.417750715298517,-28.81686294893659,-26.09724725427345,-30.954029624198895,-33.192716017034016,-29.58316683827976,null,null,-30.185494011904634,-29.64643090578186,-33.651247605995145,-25.529855425280616,null,null,null,-19.809289559614086,null,-25.30441292008242,-20.76078569942537,-17.173604569295108,-10.61165855411033,null,null,null,null,null,null,4.444642333403662,7.867667492696514,11.786898367027868,null,null,8.33063929240358,11.739799170357424,15.165719629249427,17.12641999942028,17.39260802696412,18.257401623907757,19.01647975427115,19.109349876118042,22.670289855920068,21.469758425678585,23.015005895327604,21.923609661811348,19.736875975313946,24.31874413546121,22.222631774178048,22.950978815520898,21.237344895275847,20.587300115763295
-21.947804525638436,-29.350184480675512,-30.491220219794137,-31.794305423361457,-23.51334406369422,-32.419152874061204,null,null,-26.96675191802955,-27.571415508963923,-32.98344985864508,-26.614053327835908,-21.962883677858464,-28.98056021043304,-26.888725809420084,-24.798787893485454,null,-21.10558741875252,null,null,null,null,null,null,null,null,null,-0.871607145900501,3.7666084819210295,9.432920232939246,null,null,null,null,11.802057475138636,14.253501052232759,15.279737097947915,19.44417420276606,17.86339538573924,21.678371068142432,23.277954974916966,22.144960878015983,24.906196904509024,20.98448234320147,18.78642156260125,20.630355208338678,24.226571237988612,23.22636260316452,22.366104237247875,20.923640308524035
-26.521589848419012,-27.90704908465072,-27.585101918396408,-27.87702859313577,-30.5170286882693,null,-25.40980913043916,-24.937902435281586,null,null,-30.966617385918937,-31.535154185870063,-28.602408326677562,-25.460627026798004,-25.21622042750423,-24.860269781887098,null,null,null,null,null,null,null,null,null,null,null,null,null,6.837356566106486,8.434695186397335,null,null,null,12.11697657339704,16.47898377613808,16.290297268599634,18.605665068366307,18.914825740495147,20.950219608806243,19.42825924153805,21.783572056284317,23.077481470518407,16.496012002813377,19.098546616874046,21.560946814762588,19.43325870923767,21.96298268534121,23.337572811985048,23.098697130123636
-27.520578332409585,-27.679558524945087,-26.58307443740951,-27.50415557157632,-27.36749500138797,-31.258009425010624,-28.2474360428013,-29.599538789361535,null,null,-31.23003943979325,-31.438755523878243,-32.87687571564875,-29.96777462238078,-29.10085050794757,null,null,null,null,null,null,null,null,null,-8.035525936552744,null,-2.4672347160757875,null,-0.24343339929328967,null,1.038191999925897,null,8.036859577723426,9.203577514396876,11.453775765561018,11.731941792391588,18.17085375652595,null,15.538403026076097,18.295614087947943,20.4288651610966,18.613209598823772,17.51180465216072,18.009140072815704,18.228125265131744,18.653956497912127,20.481469125826962,22.568155113824936,22.886109963711355,21.73262512507286
-27.023604023826167,-28.06736126159338,-27.464003950368372,-29.25932927570632,-34.62639855614615,-30.403563171489733,-31.512311781642918,-24.97457269044368,-29.544591063650053,-28.560624934542357,-30.358239704146822,-30.073747074046928,-34.820516569779436,-32.34078601380431,-32.67853485599768,-31.025462201854918,-19.57939996179753,-16.384272783867782,null,null,null,null,null,null,-9.581024568269921,-7.094081744431948,-3.0073279596922875,0.21141889741393932,1.743038563661487,null,null,3.298342349686396,10.73241636562813,9.13310631591041,8.768771964992371,10.534120211881106,12.513238465868994,12.909203954856658,null,15.412445236504386,18.398740543941116,16.020511765196144,16.365340943633,19.982074579557253,20.928013759431195,20.20516108480436,21.027814842110885,20.153877326658147,20.59176964441322,21.419583041361097
-26.933926712394186,-26.41770850464245,-26.759006753954594,-31.787250989470685,-33.11436907931544,-30.287030700162795,-30.639709722521264,-31.389679849834224,-28.9269396132186,-27.92519391073155,-25.931090732596623,-22.893940109052643,null,-29.530932270798473,-38.4966382562435,-34.417308175368085,-25.134387879604052,null,-24.73094622079749,-18.776467221344298,null,-13.356081978895991,null,null,-7.109744180314547,-6.661336818653584,-3.245180106092083,-0.7678972763101375,2.3201340479364774,null,null,5.936419171106941,7.418446755286597,6.5445963458499365,null,9.756162575878871,8.725719902694584,11.404742372925119,10.953446081060209,12.512623250054984,15.830153097675957,16.8389595737844,17.087867635036577,18.510943270871792,21.058413078343726,21.20172129064437,20.428509889538102,17.25805195911085,17.63770977523653,19.738963203086133
-26.957713402879754,-26.208593376165865,-28.51928490298161,-33.71637837574997,-30.840015041888595,-31.448089309761844,-30.610874110130027,-32.694381161227355,-32.86074264226503,-27.787673845272497,-28.720629034177996,-28.33332304788156,null,null,null,-28.51112879468168,-29.055447077002782,null,-26.443875364994675,-24.222434226456336,null,-16.329467141654067,-15.657882175060822,-6.280847584728713,null,null,-3.7994751374773226,-2.166008797421441,-4.4384723744194,-1.806830562540324,null,null,2.5972514671263536,2.3405200027053774,4.637520655007677,5.694778765778039,7.610056680510457,10.233094037213307,9.577245340779934,13.066809384855395,13.676052036798982,16.65859497823128,14.714856662060143,17.15839832471164,18.280343532938936,17.736754749806394,16.3877417304502,13.395672744459759,16.086104981207118,16.841993715153365
-26.646398017082994,-24.92573661200046,-24.56191950305983,null,-28.42390808313941,-32.16013525576015,-32.65929280958245,-32.97216982131939,-30.931730004870353,-28.87490770886814,-31.329531571011923,-26.707924325030664,-25.863752499059046,null,-27.07422181485218,null,-28.01519484963942,-22.73537079382107,-20.236558525536836,-18.117487340157826,null,null,null,null,null,null,null,-10.069913914434718,-5.937848143644581,null,null,-3.884135656533456,-0.6481556340190757,-1.1230924961613968,1.4109152387766488,2.235008683566662,6.114527014678403,2.172367028890748,9.207437150871073,12.939831326411754,11.96005729331655,10.36199301634538,14.122753831233851,15.94109771627457,15.975951149116064,14.655758498012482,15.366214300071972,14.749928556829804,16.83942670525258,12.758895934679439
-25.26945403760829,-21.21888700770013,null,null,-29.308586392519963,-33.96724103185122,-32.38515639035889,-32.5895454617537,-30.35663561449323,-29.094393732498958,-31.248270303046063,-28.845930482460098,-27.777259102107696,-24.876209796133946,-29.835726142424747,-31.566195485044158,-29.302205827517454,-28.13477931748222,-20.63550172249849,-22.567502190618516,-16.19811944836109,null,null,-17.537383447043332,-17.009334171028797,null,-9.383647472123116,null,-10.433832602540162,null,-6.579007431843781,-4.85300541277987,-2.9382311002127923,0.007246035945495166,1.3412623204999763,1.5832760901416072,null,2.602668534189646,7.982659397025471,10.258257881427632,7.350518474401605,10.523573954484299,10.154385621811505,14.706000083294285,13.73483024717462,13.704621224331575,13.464333615720033,13.277070260713936,12.74823044256589,12.74048485571571
-25.338307902308383,-24.612939865620476,-23.22219524802661,-24.85277643942786,-27.566801879340044,null,-25.362370185258037,-33.15569108910792,-29.431593796255633,-27.100342728964186,-32.397454623623815,-31.464260881094862,-26.915252018784585,-31.042924712375687,-24.5447477449618,-27.522203654598737,-28.15668703152213,-28.498837870519463,-27.936628692874372,-24.06700385368244,null,-21.730562340759683,-18.601293084613136,-16.410762744227863,null,-13.923150388177044,-12.333379909643003,-9.571233951486011,-9.866945887143153,-7.434074902473226,null,-3.9942367127268614,-2.8766567106734895,-0.9608757544593733,0.1327315868222887,null,2.9906070115943253,1.4802445304149725,8.246417174237173,7.987168018949692,8.370736803992688,8.454635791373734,9.642467590172252,7.997204061713705,8.9642911697503,11.173943337754192,11.58313021582767,12.293875540270555,11.91572452308346,12.312609667657382
-24.327057303886853,-26.054942332719012,-27.232538312381653,-26.20645939623019,-29.099976588923084,-25.712358430550758,-29.571188398374687,-21.201647299069332,-28.320184737416128,-29.1479787156872,-33.84925045195844,-31.38499250948449,-30.55083421385113,-27.096751386872747,-30.19505505355496,-30.44952381135662,-27.53196659296066,-26.27877545177483,-25.538238051730758,-24.808914066196596,-21.962903814965724,-20.00831458066167,-20.56627877343423,-18.750383730481506,-17.7797827942834,-15.395187976832593,-11.521070281114804,-9.410206921557297,-8.419619999363439,-8.343130533868644,null,-3.8808780422158637,-2.479937522011706,-1.0316698336274392,0.9283787330168851,null,null,4.300656594203479,7.110151464170517,8.090279357970607,7.79194924029635,8.935185402144246,9.419395482881734,9.066670189589896,8.899503420795774,9.891908937958334,12.111165971826766,11.682829885639771,13.764646475655491,14.88301318154039
-24.442556658149236,-27.51631475544732,-25.33813803624391,-26.312736153242607,-26.24347529463003,-26.41330647381856,-25.906499437012812,-26.668613717822204,-19.35789702473822,null,null,-30.880783016001384,-31.117411449571783,-28.467285003225342,-31.007415273117495,-29.372935342838755,-28.789546268931446,-26.623269920985223,-25.091818576587265,-24.101311255730625,-23.605653072866314,-23.593112744192286,-21.098596490268474,-17.807845870782316,-14.371122826317785,-14.874038143000286,-12.895016117398445,-10.989742254685334,null,null,null,-3.069047303842191,null,-1.7612798332349493,0.6271506730149065,4.011174280416582,-0.49138447031905413,-0.44306872979030837,3.4910399805368395,6.6636866351359245,7.172163118321641,7.634335663178979,8.024407612614764,9.458288325397785,10.279760652670063,12.600687669417018,12.208746910991369,10.678105404552587,12.047848398944996,12.165477601737445
-25.769724605737558,-24.093307432038202,-25.060817031979806,-20.559362694177732,-24.082612967652814,-27.09035517706677,-25.923068217965515,-25.466865969589886,-20.936977367895597,null,null,-33.0457559823015,-30.981752473516913,-29.297928733794755,-29.321094784220076,-29.893714878362456,-28.674486744409716,-26.178237295467596,-25.729179241133096,-24.22867313538401,-23.034885003888316,-20.276322265105794,-21.273035846985202,-21.118903562609457,-19.2892489950702,-17.17076956055186,-13.879623161544,null,-10.205000150672674,null,null,-4.555573701263482,null,null,0.3254748102984494,-1.9168332810896087,-3.1957556792632644,-1.2373975913940678,1.2938196348057796,2.23783335890044,5.815186101388259,5.956474598460289,5.725563981659303,8.41953874642097,8.170238374447425,11.146501953810382,11.614517361043767,9.062610478449267,8.835868686051606,4.6373754547649195
-25.780627719077582,-20.900579572120893,-24.656380770477945,-23.491917084140297,-22.42907624453629,-24.861998175399176,-22.66333687657014,-23.30358992112094,-26.341685719856187,null,null,-30.06506508411662,-33.40918370696238,-30.39606232916102,-28.0743479189561,null,-26.720621348395337,-25.618550869322814,-23.919117138176563,null,-20.85420445355789,-21.083193216048066,-20.755209943174044,-21.157772101663472,-18.835623266379184,-11.999613361691642,-13.843845093850899,-13.980208293233948,-13.19347913423593,null,-7.777364084953729,-6.656808944584787,-2.262924411732757,-2.5656626347921647,-3.8692251593059424,-1.0511003073390668,-3.245462341108429,-5.679908374882584,-3.8227475171573926,0.04491838524545703,1.6712209592457388,3.321909169756334,4.131299933915206,3.82010252255046,7.203113134101797,6.984108701104748,7.326129789405748,13.581514157170895,null,null
-26.619717141376526,-25.116522132432863,-25.964505311884253,-25.640399618781256,-24.601747705642296,-24.69489490401145,-24.5417172161321,-25.929185772792525,null,null,-27.183331278977086,null,null,-29.938055020367546,null,-22.781882169493038,-24.526110458037746,-25.555662328847895,-21.119960806326034,null,-16.78788604792051,-18.64433597385724,null,null,-16.21243532732813,-15.245251018796761,-14.286590042861395,-13.78718973845034,-10.653731457709108,-8.619883556157266,-6.4374561211824,-6.100939915164536,-4.566351583914081,-3.397752007344251,null,-4.38815224832945,-3.0391862143043884,null,null,-3.0184374241331033,-2.0458345080294014,0.4150911573992261,2.4934536981827558,3.82502578308265,3.819605317622096,2.990159955831007,4.92565752667513,6.9041710030871615,null,null
-21.83231554197205,-26.142630890337124,-27.942696911811257,-24.99343475278974,-25.48064794702338,-25.85151517812768,-26.660850214571013,-20.824818621158848,null,null,null,null,-28.482208631493673,null,-23.769806416871248,-24.819525639749006,-25.16396646939213,null,-20.176177363633688,null,-21.189580083966632,-19.25240920853931,null,null,-16.00298590136362,-15.12711264048175,-14.60188401570964,-13.675480479359221,-11.405615622778058,-7.95024723694727,null,-2.2661792808417323,-3.049366178812978,-3.834472720340199,-4.649839408325011,-3.8134285520449205,null,-6.243621254054059,-2.25138049606125,0.6139258314305605,null,-1.6994864719057308,0.679175044231831,2.2772473972515934,2.652702301015014,3.6369419088782347,null,4.266996617964532,3.598478782169105,3.2398412730697843
-19.089766369757772,-26.778039869842388,-24.319141497645788,-25.319110465283153,-24.879201152588003,-26.813651517212755,-26.46013280595779,-23.50755457613429,-15.636218393077263,-19.401076008876384,null,null,null,-26.68484227967259,-26.06781786587242,null,null,-21.092864767630864,null,-20.862370785601975,-22.825164237452867,-15.550642764410219,null,null,-13.577303941403066,-13.46869792615793,-11.679137393121703,-11.363769708916434,-12.771303692445212,-12.600280759605663,-8.111061020390473,-8.569654141066685,-5.956823446948208,-3.907191432355842,-2.489336538970723,null,-4.94181340316889,null,-3.504128957282883,-3.018558782718206,-2.716489043549379,-1.8155749511491601,0.7163522377055691,2.235840934388919,3.3061626832839,3.5497336712253613,3.419030981423694,7.223356996865433,null,null
-23.26551855312647,-21.054630067105784,-25.94371477701535,-24.072765203713004,-23.524247500587023,-26.51376713179756,-24.480331941382133,-25.982627770603823,-21.619702120538154,-12.236856907206356,null,null,null,null,null,null,-19.74563132044448,-18.261273947389203,null,-21.58380853522281,null,-22.435458635990358,null,null,-14.409495685695674,-15.519267068869095,-15.507814114415652,-13.935188139527655,-10.736224864978261,-11.950842341262966,-11.241998016203418,-8.769779727341822,-6.775720562893606,-7.739043467790551,-5.123273890728489,null,null,null,-1.7226598556798662,-3.5994124927883626,-2.059256903938507,-1.002779136310248,0.33484714805405563,0.7946436554278251,0.7386042955039135,null,2.700979963828577,2.109009892171178,3.599566295794182,3.307754459768106
-22.554066022387147,-18.011057392162247,-22.172014843058836,-22.139075110472923,-22.923146038001484,-24.640715680175806,-23.350059541695437,-25.583079143255517,-22.897756805851422,-18.53428112870564,-16.754177682770862,null,null,null,null,-21.4486944769116,-19.162022857155275,null,-21.403014124371776,null,-16.42942817476827,-16.610511218932906,-14.138683660521862,null,null,null,null,-13.885498425594399,-12.006764352210489,null,-10.775984571227697,-11.646750816447955,-9.185108976844583,-8.895084765712912,null,null,null,-6.644502213429726,-6.616386883006802,-6.947255000232228,-8.610530691189538,-4.885282943702075,-3.834104125075635,-2.8219913616161727,-2.0599276164835265,-0.8993417265372833,-0.6642303163493481,2.3500482088842904,3.8156411611510435,0.7096695802383945
null,null,-24.786348346259995,-23.129268298461223,-18.427099087604542,-19.985263009836707,-21.3729096710707,-24.152173203740947,-24.290896179420418,-21.14488566864473,-17.289772493676487,null,null,null,null,-21.453699769358174,null,null,null,-20.38934113202038,null,null,-15.81961423950831,-15.336979437885162,null,null,null,-11.935336594239608,null,null,null,null,-7.888680255537375,null,null,null,null,null,-7.612420073906536,-7.399918586333472,null,-6.5611541025292786,-5.0069418581018885,null,-1.9548710276455736,null,-5.99020688823494,-1.3699172004590285,0.506546261088921,2.4232360265905215
-13.829242638567186,null,-20.554932830849523,-21.981169085806926,-17.376176925106105,-18.653557985299074,-21.443541085344506,-23.53560685755813,-23.675610500470825,-22.074923444051617,-18.671753221282575,-15.017641408721857,null,null,-18.49614192769515,null,null,null,null,null,null,null,-16.211754591427134,null,null,null,null,-12.702727973566583,null,null,null,null,null,null,null,null,-6.8136587699182725,null,null,null,-3.867832237671661,-3.050060506128399,-5.910854111328251,-9.533469594697761,-3.336933113144919,1.2134030705803525,null,-3.611023992662101,2.550972260249816,-2.5405450763796167
null,-16.752280958085727,-22.12182955318594,-22.78194355115064,-20.16031716078843,-20.774562889170763,-21.543619435313584,-22.570594421556667,-22.29712615676693,-23.35203610351142,null,null,null,-13.09094441594809,-14.056362079992354,null,null,-17.901500357289095,null,null,-15.05293626704484,-19.038160830989348,-19.716999884053283,-12.548372928551796,null,-10.671666532561602,-13.917472727876287,-15.555357928893757,null,null,null,-5.874261068628332,null,null,null,null,null,-5.092401505775516,null,-6.426507289592817,-3.7888418321519453,-4.4211879422166716,-5.296115034823872,null,-3.45625601989253,-4.0389092196308045,null,null,2.636285864577928,null
