public/json/wind_2018-09-1601_700.json
{"header": { "discipline": 10, "disciplineName": "Oceanographic_products", "center": 0, "centerName": "Ocean Modeling and Observation Laboratory", "refTime": "2018-09-16T01:00:00.000Z", "significanceOfRT": 0, "significanceOfRTName": "Analysis", "parameterCategory": 0, "parameterCategoryName": "Currents", "parameterNumber": 3, "parameterNumberName": "V-component_of_wind", "parameterUnit": "m.s-1", "forecastTime": 0, "surface1Type": 160, "surface1TypeName": "Depth below sea level", "surface1Value": 15, "numberPoints": 4800, "shape": 0, "shapeName": "Earth spherical with radius = 6,367,470 m", "scanMode": 0, "nx": 80, "ny": 60, "lo1": 109.0, "la1": 20.0, "lo2": 116.89999999999955, "la2": 14.520000000000117, "dx": 0.09999999999999432, "dy": -0.10000000000000142 }, "data":
[rows 19 to 37 of 60, columns 0 to 42 of 80]
-9.775227499934312,-9.960367403800046,-9.414457904299143,-8.621452134453925,-8.605906418525759,-8.559140507894426,-9.060853204323895,-9.318158033668185,-9.756834461629117,-10.225484946348171,-11.989902187794286,-12.774811881352914,-11.66907495186179,-12.092164610870736,-13.382958182566172,-14.852346204706127,-15.747485373937751,-15.523537812885836,-15.005101430688951,-14.827196392966618,-14.751549111921129,-16.81898909408235,-17.556477172134315,-18.232500615652125,-19.688103445234972,-21.061533386232515,-21.827307585285027,-22.301345815875333,-21.69138590692769,-18.222600615236622,-15.601416426239304,-14.190874177869244,-19.953551998393294,-19.426866926556414,-21.901243425728083,-19.551526665561806,-22.298813075283554,-18.48700057446268,-21.366651740930987,-19.33859055818849,-21.496004230836864,-25.216143735917683,-27.163758407754298
-9.92951501100043,-8.686594386418381,-8.207505657136602,-7.97283938032703,-7.202271538364103,-6.81040495921163,-7.6759571917895695,-9.086629138649359,-9.447687940678966,-10.241392128674399,-11.975080398459873,-12.2575862976366,-11.696344525736556,-11.329378113584141,-13.383427016535437,-15.075459507929699,-16.15357904190965,-16.527496661743037,-15.784066549515899,-14.371390055571503,-13.03183233073037,-13.845312120616105,-14.164330738569396,-16.202504461311946,-18.445397493722375,-18.784516899208676,-21.184583597648924,-22.870882541152973,-19.93049565429004,-18.618036570382927,-14.447132204896747,-15.66368594618532,-17.512153596843312,-20.31416599916537,-19.70837719952102,-20.354417249143566,-18.22507530994841,-21.4451332744011,-16.19837174751694,-20.736211866248503,-21.23674404863555,-25.161499834755645,-22.08202602368006
-9.002875571485246,-9.574333799156062,-8.156135865297202,-8.37502126566024,-7.9585025883639595,-8.170678864063593,-9.023752275545808,-9.221459373361332,-10.42679079450016,-10.958698246791997,-11.193323340465575,-10.99989926294021,-10.030470267857805,-11.723894275194125,-13.948336632793335,-15.376973395987346,-16.125372471744303,-16.936462616881748,-17.43728623456554,-16.538775495823522,-13.72832087679653,-12.376327222173051,-12.612992062829566,-16.855636039178492,-20.206838788270094,-22.641331617394314,-22.943210929275978,-22.60263021245441,-19.38573925185466,-13.781694506197114,-14.669754089925618,-18.82976451124316,-20.138390961100736,-19.130714529778764,-17.149332365798983,-19.02482126649461,-17.30531497645984,-16.388555558144855,-18.373684174664156,-20.634137043223845,-23.9068692493544,-21.536618702206137,-21.404840844559466
-9.927384755915725,-8.843407997539302,-8.038702184782306,-7.852763570405155,-6.9482876403359315,-7.2436257178267445,-8.133112944612622,-9.903219963915708,-10.052098668663156,-10.683539654769794,-10.00680931551421,-10.632556459715165,-11.396939093549694,-13.091415774001788,-14.197103636294838,-15.779260434604348,-16.367064558514315,-16.190867091979978,-16.547721888405725,-16.89477706337543,-17.651016064183498,-19.51969883396844,-19.802173548136935,-20.7046738900874,-21.862126486132237,-19.607610263422615,-20.413073050724222,-22.353904120928863,-19.404665510750927,-17.23799035801594,-17.187801564581783,-19.131115515175352,-17.493532501625438,-17.41224814834918,-15.176275196626033,-17.351068083327476,-17.026523110578847,-16.51586464823407,-18.720386574244927,-22.15614330007925,-19.745821113162094,-17.73078540415662,-18.60252511935501
-8.472405840680212,-8.852595282831599,-8.925946385932246,-8.095519130194461,-7.412800763432181,-8.447084060139682,-9.550846162157203,-10.106760651592378,-10.145292070914005,-10.77606166519903,-10.782848246241931,-10.05598953778294,-10.921558925329391,-12.53289654854672,-14.24898990053269,-14.482670298747115,-14.099044962841075,-16.27244153171147,-16.968485969073843,-17.701627030435837,-17.977043066833815,-18.62848385704622,-18.731672791305336,-18.554732779485878,-18.380744283050316,-20.692333584415405,-20.466066965611137,-21.466077836170303,-20.173827546911866,-19.256548849928414,-18.723102788671632,-19.74456256095089,-16.56966005538804,-16.93011964809571,-15.867798107612174,-15.833325288173992,-16.478267304286273,-17.533739686306152,-17.483053435287285,-20.062330706079994,-18.439869887232838,-17.276287927705553,-20.25437906708559
-8.85247321129175,-8.813932297991052,-8.65262553123433,-8.47874838801898,-9.296187328880634,-10.232971876898073,-10.292508840604695,-10.908702252043092,-11.684817850491703,-12.710111781523157,-11.556207219768542,-10.820740117942321,-11.790745055791426,-12.859393288446732,-13.547125232193292,-13.32005168419223,-15.89987006328213,-17.007660130582344,-17.296817541068464,-17.286322356566302,-17.41003636667251,-16.606069857340035,-16.978519595817428,-17.360245875048758,-17.527673646099263,-18.511060923554698,-19.26541765871899,-21.857849875740005,-22.979221449842164,-21.99918258212552,-18.954455184176854,-19.847458922237404,-18.78710319201202,-17.524203199446905,-14.479445364502208,-14.47584130614061,-14.224540228941393,-15.803990514905156,-16.22439985438529,-18.74948104903458,-17.700374358591397,-19.381606124229606,-18.22992329471183
-9.173223242520155,-8.845140538275079,-8.551948879416425,-8.585296075258537,-8.61457876312105,-8.63157962118645,-9.59871049552207,-10.350358840282503,-11.94964392629365,-12.225570389119785,-11.463037878342869,-10.513273384574156,-11.68206160756432,-13.32477377132545,-14.56187972074112,-15.755865336786176,-15.423893017964797,-14.936410258482502,-15.400169509614955,-16.943309878865954,-18.252870597732645,-17.80914162979434,-18.211960313434133,-16.734483729921937,-16.144525371192678,-15.979317601107715,-17.34781699689853,-20.11821493653252,-22.544200496048305,-24.439861627937592,-20.086010144943042,-20.49538215220597,-17.665459396511654,-15.82966558025917,-14.718281646910848,-12.771042736072875,-14.306172777345102,-16.04680679345005,-15.712228330442985,-18.467447770614758,-16.661693686764416,-18.46996410203483,-16.561008880681264
-8.343656885564773,-8.790417057435175,-8.705638215230033,-8.640021835401592,-8.12764754407511,-7.753016281568941,-7.367438605568758,-7.508363361460404,-7.819936557479921,-7.655235279705863,-9.059781273246172,-10.46615819221007,-11.474923339780604,-13.07675178478024,-14.135586661874473,-14.93050106771172,-15.013463596623401,-14.402419112552485,-16.253941213880953,-17.074442484095275,-15.845442052364549,-16.680509922060924,-16.428219680337655,-15.59800881891657,-15.362072155353268,-14.545416821803716,-14.82532270658761,-17.662839703227604,-22.291423076641863,-25.053008997353672,-21.811121654836054,-20.209150492547373,-16.79399240635946,-14.928090119819313,-14.163615389013634,-13.73316678892575,-14.320420633539744,-14.767062531446454,-16.2035146801567,-15.549322798650643,-15.473505024050038,-17.32119064581193,-15.38801140580247
-8.086363587691507,-8.701534017654186,-8.542973233704378,-7.93899443625689,-7.678510977961273,-8.439607139435385,-9.038397521259762,-9.690837475162319,-10.340749589220126,-9.573543552696158,-7.764734961907079,-4.418595566342961,-8.655311718053724,-11.175882638844206,-12.535170306093713,-13.469389151662835,-14.671932003851142,-15.323328378575951,-15.906393632213376,-14.909693502330983,-15.715509049389727,-16.559268904817568,-16.252442618694126,-14.957175416691914,-14.403300472257943,-13.980928211299155,-13.897068673153893,-15.54283676529829,-19.673239706559023,-20.865692125311778,-20.64018944679053,-20.2799185456573,-18.49536523368108,-15.463521241173016,-14.572228922893618,-13.555258423809736,-13.40924561138997,-12.735977295178772,-13.893115912314414,-14.092689923170747,-16.139948085352973,-16.429329147900987,-16.483056657633554
-8.104748292320902,-8.260458392732659,-8.520326459250537,-8.307705346266246,-8.394607471020915,-9.060079611499186,-9.808507969319841,-10.251282951150547,-10.480862994725646,-10.623849035328893,-10.904872041918397,-12.175107036650179,-13.569530923305235,-14.82580322620434,-14.48093620617186,-14.086427530468121,-13.495042267266847,-13.161683330763283,-13.612614676131038,-14.553201275751928,-15.19891497512188,-16.655764189998468,-16.496026560085163,-14.49799455927553,-13.49317174005683,-14.397710698077283,-14.799313002471557,-15.411682027749134,-17.468830063141322,-18.547413729724525,-18.17840489724477,-19.195131716914858,-16.961788311156177,-17.399558811762056,-14.870676606758872,-13.323862658740726,-12.394513694945356,-11.787781303597882,-12.489054466927104,-13.851728738233927,-15.749577618884807,-16.796102808410453,-15.187145996701716
-6.829478969385165,-7.148921723592747,-7.9855409902696355,-8.43060351734774,-8.558452893095517,-8.8560441634885,-9.068330325150843,-9.61262902548895,-10.375516624687952,-11.45804029692285,-11.747890514273369,-12.364460692939378,-13.08699428293832,-13.378066738442165,-12.832619903815479,-12.412870224181802,-12.417491139340878,-12.864447224352343,-13.718163504255227,-13.79492949301839,-15.064117915759251,-15.738130795727931,-17.176963152672364,-16.802407666120995,-15.069362998527822,-14.52718185461863,-15.41766976515846,-15.942557026277584,-16.143510984281058,-17.898306592031197,-17.578585406780633,-17.99092023259114,-17.2915732155921,-14.95744909598403,-14.13471363988263,-11.843289747276733,-11.769859543734102,-10.901551272888401,-10.71857347728639,-11.872042068829302,-14.21399867997449,-15.966072703115774,-15.310100953170672
-7.0253228098109055,-6.641324666296284,-5.687217431130087,-8.107189407691266,-8.6748494234079,-7.542228409687728,-7.780353623173486,-8.952013746984697,-9.741412098904071,-10.566176523451617,-11.387302310570346,-11.761808599484926,-12.289977958071564,-12.340702357002552,-12.174048950393118,-11.905025901592017,-11.63956665726829,-11.850328820307615,-11.763769326889612,-12.541680448337074,-13.176185268448746,-14.86510656984332,-16.43548879912797,-16.23771576569169,-15.34847274145779,-15.143026266842588,-15.487499066356397,-15.789786140306,-15.645800627890514,-15.568046820615818,-14.844064772892642,-16.331081190983966,-17.06162165698093,-15.487291306043417,-13.165138084088891,-13.969997710607966,-13.714992186353498,-9.54824250537405,-8.545540744215064,-9.46188889775445,-11.711010036894605,-12.779637887377165,-13.3873896201985
-7.950894378865364,-7.932496639751966,-8.770583970478361,-7.79397853670106,-6.8735996608997905,-8.055551533009645,-7.607399458501517,-8.49109553395795,-9.22623461996647,-9.931024384613432,-10.735871311239293,-10.9869994731962,-11.270033098316182,-11.636640171480277,-11.410245845736474,-10.761375465198403,-10.81485751624453,-10.90992133706569,-11.143388850276153,-12.074783518244374,-13.376817362268705,-14.056697808314578,-14.373694113302912,-15.016555631969585,-13.95679622806838,-13.019487324168008,-12.780301824432453,-12.878156050179996,-13.249484025344326,-13.514157622084504,-14.099953405803612,-15.211778140240082,-15.104746312365764,-12.442962843340801,-11.055243339556586,-12.187690896225854,-11.295842223396328,-9.99192600064761,-8.097819257379427,-8.399609884292552,-9.777519987950864,-10.411705780070381,-9.891088912122347
-6.509274210633244,-6.7331339095011895,-6.448674916235674,-6.485514537400727,-6.674029771904496,-6.242477755345162,-7.003759149005871,-7.435265208574271,-8.803794473131598,-9.494003521455046,-9.776819782096569,-10.736159251299108,-11.37889257264453,-10.821604804442051,-10.37699045358113,-10.004754727777366,-10.112189319974792,-10.48903588285805,-10.975873148086004,-11.067583947537123,-11.718088131677268,-12.696327006916281,-13.591638275050666,-14.307159043510698,-14.385300023860134,-13.080703637427726,-11.556242068298971,-11.122367644555897,-9.943932963898071,-11.0231300123015,-11.759107237343072,-13.802366435198017,-13.626913949457133,-13.787541600502674,-13.152815869409165,-13.474260557769934,-11.821460958678205,-10.15414306874461,-8.311079879977914,-7.352457941925202,-7.358954735420912,-9.02115123303254,-10.054322782633394
-5.840659464647983,-5.640900208429944,-5.819440548079539,-6.193018532021377,-6.057202159648384,-6.504728719423401,-6.238999542322571,-6.825998521956959,-7.7905874449398045,-8.513112358602442,-9.95187009804125,-9.572008264930188,-9.959003137909114,-10.546202782523721,-10.313425255830888,-9.85996077938906,-9.70383754447179,-9.882679012016267,-10.201390182602843,-10.274602442648135,-11.302785761742728,-12.508924511874573,-13.624784431340554,-14.437180664431562,-14.843424997342126,-13.686699338096975,-13.515401255354778,-14.53790928360725,-15.007572744393132,-13.528653636315424,-11.667396710949413,-10.954252015945256,-11.434639495386746,-13.10856808264504,-12.253396874035763,-11.497475297240875,-9.71416076000288,-9.352796676888934,-7.75882617287897,-6.420402217291105,-6.918962872501617,-7.443994159322696,-8.474919066553982
-5.724391024031181,-5.246230852188007,-5.759735334673025,-6.307995153971611,-6.289317523731023,-5.314309050406371,-5.5648414320139885,-5.8683114291761544,-7.338775220111749,-8.190357707566514,-8.39596777888807,-8.436270588159076,-9.179377252103244,-8.574925563134908,-8.678342982958457,-8.25018483331248,-8.577743563399325,-8.97911674771994,-8.82924283652305,-9.26901433162381,-10.307656282380416,-11.692084959064445,-12.81781739821167,-13.43475860660021,-13.961437238948346,-14.610072331934948,-15.617325754185291,-16.204688791334476,-15.303167312922968,-13.9604864917469,-13.5528395424274,-11.058715664713402,-11.194976425721089,-12.940016412736398,-11.646171878137379,-10.416521181849786,-9.956034154073283,-7.690605015861462,-6.549130908152021,-6.268872950281936,-5.820830588408553,-6.658936104345012,-7.188440730588406
-5.9390273431561065,-5.775056148186955,-5.3522421329269045,-5.686441035795925,-5.6377963548394705,-5.904533921781738,-6.183912632943798,-6.2960530687372405,-7.206456932483148,-7.93257498845945,-7.941402864468828,-7.992115523755858,-7.145075150232275,-7.596022869341925,-5.896851011014652,-6.75411659382804,-7.293005403171492,-7.390569987352442,-7.728092639949863,-8.724101699941837,-10.443259232240424,-11.235278932098268,-11.743672443787508,-12.448278735734938,-13.67857397889943,-14.852145835342004,-14.89499873942349,-15.544477777803868,-15.098215997378206,-14.638781946704226,-12.891720424504006,-11.148659200219397,-9.58759364339473,-10.903407991877213,-10.457464233210503,-9.912818995610667,-10.244624815682077,-10.755953648410182,-8.40087947641387,-8.498100016567607,-9.731464889441037,-7.893949679002697,-7.404120253193085
-4.808543679604852,-3.939304744087815,-4.652111446755551,-3.95385450634421,-3.9466601302801783,-3.7037270079138573,-3.243894961579822,-2.5259634541689975,-3.7441731317959333,-6.002682781587624,-6.697732518790737,-5.834525446556343,-6.330615303739477,-5.29640078141505,-7.061932923646133,-7.4339012598512815,-7.199288393197847,-7.304661658155432,-8.196153513663084,-9.554795750485576,-9.799044539658318,-9.890291184934156,-10.803636581423909,-12.932515085357897,-14.576205762976917,-14.56407669352737,-15.00154726826536,-14.389186968853782,-14.00416414685114,-13.09531700709654,-11.967463465018987,-10.41270069746041,-9.325949851004292,-9.925041553820835,-9.739374099041573,-10.359046375308303,-10.33765828574508,-9.366856111478182,-9.743699803046601,-9.814726267579847,-12.184668475882681,-8.73680483306462,-7.547716287633713
-4.043393151933127,-3.9969988208439458,-2.9896021582619214,-3.1243049201107604,-2.9183396034291915,-2.5823867686389343,-3.138159611343872,-4.039806292205397,-5.428784531417977,-6.258213635437683,-6.493596871107995,-6.325370854473574,-6.303858464168421,-7.00164999559178,-7.097398856214509,-5.410909251218952,-5.308212113679122,-6.453054230760207,-7.363731610437184,-8.077912246752398,-9.018167579271385,-10.148004484436076,-11.906942317526257,-13.006170171380862,-13.45001660248747,-13.98881763703772,-13.878300740546816,-13.621719072125444,-13.111717640814996,-11.824065605410095,-10.546873296025964,-10.360515222959252,-8.897130212937288,-8.461283714436297,-8.913238027415513,-10.1699991564521,-10.639836658502677,-10.36473481443157,-9.97532277272464,-10.814904195920155,-15.413006484343002,-10.594081723418608,-6.7130850640056865
