public/json/wind_2018-09-1600_850.json
{"header": { "discipline": 10, "disciplineName": "Oceanographic_products", "center": 0, "centerName": "Ocean Modeling and Observation Laboratory", "refTime": "2018-09-16T00:00:00.000Z", "significanceOfRT": 0, "significanceOfRTName": "Analysis", "parameterCategory": 0, "parameterCategoryName": "Currents", "parameterNumber": 2, "parameterNumberName": "U-component_of_wind", "parameterUnit": "m.s-1", "forecastTime": 0, "surface1Type": 160, "surface1TypeName": "Depth below sea level", "surface1Value": 15, "numberPoints": 4800, "shape": 0, "shapeName": "Earth spherical with radius = 6,367,470 m", "scanMode": 0, "nx": 80, "ny": 60, "lo1": 109.0, "la1": 20.0, "lo2": 116.89999999999955, "la2": 14.520000000000117, "dx": 0.09999999999999432, "dy": -0.10000000000000142 }, "data":
[rows 19 to 37 of 60, columns 0 to 41 of 80]
-9.644737931632415,-9.876835293837155,-11.045578860292371,-10.510822014606626,-10.081215665284605,-10.167553988058101,-10.888322976479468,-10.17618866573905,-9.710347319135224,-8.768812646844072,-8.307203232106454,-8.803077942414223,-9.661065030517639,-10.2156381029072,-11.030633232666068,-12.538429644019544,-12.533367850415484,-12.852621430926394,-13.17801523401008,-13.279975568989794,-13.208236450065105,-13.435989534757795,-12.749294536366273,-14.876303601820158,-16.292842986809866,-15.948833954664853,-14.950285265187652,-15.707286553766048,-18.276309100226662,-17.773779039044705,-16.629649469969845,-18.656122512548997,-19.967729689353483,-20.26674501966563,-20.024970421313228,-19.96048582295586,-17.286532490792354,-15.486136017625546,-16.204219674709655,-19.12949309371724,-19.428052980638885,-16.48250349755363
-9.663633542646373,-10.059904508289677,-10.459869755394593,-10.387686902348937,-10.533768484665446,-10.306575474629984,-9.521140347374626,-11.094413129751505,-10.426357110854058,-8.930461890399208,-9.53162616398734,-8.88033972679415,-9.823977358383354,-11.014090377665504,-10.961609513250451,-13.791354203494205,-12.925752279983769,-13.338183053812232,-13.122081573457455,-13.461025621789714,-13.630483134016675,-14.387930230468566,-13.657745530502373,-15.968949208614825,-17.729881951611205,-17.044104638333973,-16.52800411737286,-15.563636255062162,-16.205270773960837,-19.111147624293366,-19.295278391744326,-19.368362670269157,-20.69721275973829,-20.895890490672084,-21.216704668553113,-17.932749823250468,-18.371224409316664,-17.819920286706967,-16.307515593421737,-17.282725767198443,-20.679884948051097,-18.41628027726017
-9.736823598574256,-9.942281077585507,-11.018626613580107,-11.37640566634077,-10.127686775701948,-9.977588905980676,-10.908761525730172,-11.830542183749397,-10.79537455428325,-9.80710486370852,-9.664478737137046,-10.439324947317655,-9.759153386132267,-10.443213922969662,-12.620654016859639,-13.273271916190946,-12.6787147597616,-14.12348376627935,-14.442152172748855,-13.698491844059761,-14.218812612539235,-14.075045597022143,-17.29549970802421,-15.691086008258598,-16.481571052407674,-17.210320036190996,-16.191754642342374,-16.428672262041875,-17.099017898568093,-17.76041788014356,-19.921492469918864,-18.477441306347608,-17.890061689286068,-20.703631535128967,-21.763813630832857,-20.46088471046212,-20.292184471307998,-19.049555986050496,-17.96759074530303,-15.492491990179834,-14.711039517989192,-19.479445851328933
-10.114822132402576,-11.326094198942155,-10.657231090299259,-11.145414577109692,-11.466271423172659,-9.795376089306242,-10.217543320261123,-12.035185435732288,-10.801306461800136,-10.373711828983605,-10.781820614209254,-10.787981388711387,-10.536933104600012,-10.214472382264587,-10.016535299685081,-13.52847890879209,-13.09695361626465,-14.23846878157099,-15.382813928823502,-14.886190572938329,-14.924079845712345,-15.774615413355246,-14.63475680522208,-12.081385749130902,-10.717554585389248,-13.872508261165159,-17.431096704180806,-17.349500765855982,-16.672778793128437,-18.01126494440947,-16.028517659629358,-18.41318252270013,-20.50652825237019,-21.929006472229414,-21.068164420316386,-21.91266431507178,-21.12376964589832,-20.666264898717834,-18.477218172220304,-17.239881018296142,-17.33156469369525,-19.343031897863355
-10.11442997108341,-10.997383225382503,-12.038521682402582,-11.239210995588031,-10.525735832580654,-11.219354217106135,-11.656526354867022,-9.818670966892284,-10.945168401137003,-11.325670847029672,-11.523759912471151,-11.305097452955918,-10.935259173713447,-10.961451585859262,-12.188986601713324,-11.997427106181169,-13.452990198081128,-16.005711228685282,-14.410613091218945,-14.633818314999836,-15.378392988423034,-15.205809903856444,-15.895075998624966,-12.858002589084672,-13.600336462358861,-14.466435747633547,-9.920423277685197,-16.374731997032647,-16.939336771061747,-17.625399806357077,-17.85240571294537,-16.48504457788175,-19.608985479967007,-18.88848237836646,-20.40614277905104,-19.3212280501746,-21.861781150321328,-21.1579607733704,-20.606391118648933,-19.293744002323223,-20.33954748013228,-22.540317547544557
-10.523574106130626,-11.12318796546329,-11.718399459433755,-12.095868610411618,-11.859102865427385,-11.082720609929261,-11.316427216810458,-10.50517718910371,-10.328993536518354,-10.65011749085619,-10.948965095458686,-11.65783250665836,-11.700432630355913,-11.908376950582557,-12.206512191883405,-12.747428607137635,-16.196910553012845,-12.929374548417394,-13.917135301529541,-14.761177042552045,-14.673524495996057,-14.882209062351734,-16.079194614834517,-14.118832546303842,-14.983144793030466,-14.334366467476947,-14.541876651335503,-14.73320097835812,-15.36518404189181,-16.8415874744426,-17.242099809440226,-17.6372805087363,-15.887408941803047,-16.31384096807339,-16.859409352843464,-18.08447637985641,-17.981183139871092,-21.689519011286308,-22.29724186374453,-21.391215843557177,-22.142599369168877,-21.89156236103628
-11.215563956970245,-12.057105225285454,-11.878300538597975,-12.204988996344607,-11.63495900107897,-11.447453506296725,-9.973738558183047,-11.827768656097993,-11.6786237336773,-9.670212954266816,-11.14292993515904,-11.772111815440812,-12.92349236476906,-12.262107638320305,-13.639780174025752,-14.288772963237882,-12.16703746374583,-11.97241379073318,-14.691505598452995,-13.341427071881863,-14.194745986031547,-14.458272716762284,-13.288200797198519,-13.389732237474636,-14.752774805829176,-14.922065920628038,-15.162348576197749,-15.41715570942018,-15.542461345739403,-16.230497693156362,-18.57259624833803,-17.364232833395526,-16.24289655011385,-14.426164337323893,-16.381622237003103,-17.365696126534516,-18.92982501275461,-15.461420590959241,-21.960853235341744,-22.77787477440632,-22.351264791558897,-20.884168442044086
-11.22616122908944,-11.662576405377488,-12.506349068160606,-11.812541808855173,-12.316206048166368,-12.630731994521156,-11.882752746760708,-10.214102776184744,-11.323394376311466,-10.432993742200802,-10.261841865565284,-12.363552343013962,-13.027137076821187,-13.79225332709682,-13.348678822777222,-14.772382893255825,-13.418651698503258,-12.402690522174655,-12.925768007120427,-10.987840322913103,-13.90556010372501,-13.33378907877169,-13.9028328439373,-14.031722889951899,-14.74501421187334,-14.759522850073823,-14.979124262762202,-15.592027941079646,-15.663472571502044,-16.04731605434285,-16.366486067186354,-17.337752221264246,-16.71115802402103,-17.835620583471275,-16.99707689308192,-18.25968282968532,-17.832044289282145,-16.90203031965686,-18.012174288440825,-21.712503745999385,-22.48068857427907,-22.60123023752527
-10.826712962849728,-11.13530974875094,-11.952546806933226,-12.29617479505359,-13.113468094378305,-12.76918334192042,-12.678900142261798,-12.122863566502854,-12.120516311687219,-12.491531323893229,-11.235659282556185,-9.841582097731175,-11.934478813429367,-14.046247652303283,-15.24400521288347,-14.38073507529581,-13.403243507255054,-12.713160423750686,-11.679680085926032,-12.743612936171731,-13.154648125211207,-13.252668101004682,-12.841005639161342,-13.963331900561737,-14.775532555970042,-15.300285896756982,-15.432760363942592,-16.10881898758745,-16.41700864702366,-16.888558919136507,-17.394472375065636,-16.303801764989057,-16.022933564593504,-15.920426831080157,-14.812854863850376,-18.41223376102164,-20.770832644568628,-20.02634859825254,-19.62588406925432,-23.12774332931278,-23.041112127311756,-24.799632029263293
-10.580955671595968,-10.400439709893062,-11.581914951728834,-12.371688829573248,-13.557828750693535,-12.766953037059727,-12.80270216306601,-12.400323347785191,-12.564706236453224,-12.877734962947951,-12.703832527178843,-12.946384394339262,-12.067296409075379,-10.589094788929113,-10.834108295894257,-12.024764416333953,-12.977723914294938,-11.976771627260073,-14.115110747868414,-13.347923293068108,-12.797203954187786,-11.143923040263333,-12.416511475318085,-14.077476485106141,-13.690016926499588,-15.050636384194128,-15.39496829831575,-16.098978064002303,-16.673444963679398,-17.14921074070978,-16.8063006771428,-15.439035013984967,-17.87960407863207,-17.431064940549756,-17.20911820967493,-17.996753895003778,-21.057964722791425,-22.487900194548438,-21.06351465735514,-19.913019865991053,-22.223948495669667,-23.616442065784188
-10.008123270600768,-9.631295473027702,-10.832312253268782,-11.80307091180226,-12.660928952326536,-12.697161983126534,-12.849968558217777,-13.252635310329502,-12.77541371553603,-12.963788364159393,-13.361760906996373,-12.782930178362665,-12.306860596832399,-11.676613396496748,-11.029503821715208,-12.280405601647374,-12.733084062858243,-13.37776609100409,-12.02585596026146,-13.017100881767643,-11.451372624043685,-11.681496416063887,-13.379456843169123,-12.885144468960721,-12.207839704246362,-13.542594123146419,-14.64899493097698,-15.05515558024408,-16.773234392094786,-16.96434757179707,-15.449170705375664,-16.07230244014812,-17.443578507710388,-19.860793456432162,-18.798845767689034,-20.374476638037972,-23.50396832376473,-20.717269830641953,-19.331331617169326,-18.4544410921216,-21.04138245414786,-23.904541142302953
-10.309394104625389,-9.485123224145031,-9.55912404891947,-9.660375574919202,-10.553352981465924,-12.935981655035183,-13.196239932281637,-13.36305424367192,-13.25003484936109,-13.224804834878269,-13.513345149066854,-12.88255076129994,-12.528657942310494,-12.122261377433905,-12.598726135968473,-12.680661344448426,-13.094513142533435,-13.54365432514733,-13.056069839387101,-12.64510162088365,-14.013142709171273,-13.113868500507117,-9.431903718438615,-12.072255059376078,-13.136026079485593,-13.543137685433678,-14.873128238538216,-14.650546039807473,-16.03646532582008,-15.945823309828093,-17.569805145280167,-17.117747395990733,-17.736763714805264,-18.070132795182907,-20.390513665220837,-21.9618014038925,-14.215639969370553,-16.69006126905643,-18.695672611332462,-19.23812673956477,-21.26585036168671,-23.900457464752158
-11.29746334804739,-10.441699741459379,-9.306696073574845,-9.046705422647213,-9.804806048460001,-9.549141180311292,-11.366395171943292,-13.229368136937605,-13.526838070675462,-13.355674812713826,-13.62791398076287,-13.103677010138671,-12.755616396883806,-12.933677301086906,-12.776662848531945,-13.087273614254606,-13.158909886241613,-13.721543074264318,-14.100886754820053,-13.747923097422163,-13.09721678986605,-12.12576276267152,-12.233993042569036,-12.851231598681668,-12.421355594910004,-12.945575788617848,-14.527099203289183,-16.149819169673343,-16.579900905937574,-16.115396051010872,-18.011733569428905,-17.360396802894506,-17.360465818027595,-19.215777740913918,-21.79354068374105,-18.167413416091144,-20.20107784802937,-18.95397065320172,-19.106953001343854,-19.786803376870726,-21.66197065727411,-25.013269339632252
-12.031704972068097,-10.701437408682363,-10.917351030426218,-10.803031875010442,-11.119139502422875,-10.26243982736806,-11.394848380475755,-12.465811262464857,-13.21902685556898,-13.61791214893928,-13.418959579897487,-13.373113386976554,-13.838166557795974,-13.048486269191569,-13.546502505025511,-12.772542960520447,-13.292429803295065,-13.921382225780567,-14.486795690502623,-14.740160266668203,-13.710594054062406,-12.976103093947815,-13.302076841685938,-13.07110178564101,-14.54873177793306,-14.09863592631775,-15.17239790263684,-16.05011207393888,-17.361019476437882,-17.718350034484672,-18.318881878391483,-19.346817335030497,-18.896749217274948,-19.398305874526176,-20.00723751471858,-16.89484005682559,-16.42817482106525,-17.45064701196492,-19.950366727583024,-20.918066706014688,-23.103470229222832,-25.40059978430584
-12.767739200165535,-12.13597838358982,-11.959807394174796,-10.97058648851269,-11.908859544554959,-10.385968005766841,-10.405767614786168,-12.041224814284574,-12.682212419788723,-14.1107906021747,-14.0654248600415,-13.27330033497981,-13.630214540797935,-13.639064265325123,-13.776658084849252,-13.631727017110846,-12.79946562733344,-13.400615499232234,-13.967341270725253,-14.86872303727979,-14.821936617453385,-13.822285006339879,-13.657644152527627,-13.705142935870299,-13.224476373570702,-14.372721089711916,-14.803367388030747,-16.40539024229339,-15.570824389871431,-15.521901858287073,-17.82930937848961,-18.115337903483287,-19.922510022333928,-20.388772522369674,-19.910283755342597,-19.265645480631377,-18.68856749229674,-18.47248037309348,-19.087977790804388,-20.492743980902965,-22.698304673518567,-23.494952524165527
-13.214014059968228,-13.668115464555186,-12.949928987014694,-12.391960619029401,-10.580095556192001,-10.947708416030814,-10.440076395044898,-11.195249968398112,-12.725369093972837,-13.332498567785217,-14.601874004327517,-13.700536213261325,-13.621884458548607,-13.392209687648867,-14.182083612738634,-13.76423718638098,-13.804161187260721,-13.033211227913611,-13.789316035615949,-15.379246025743704,-15.507913059065446,-14.285670452428919,-13.394852085563958,-13.010669517483347,-14.081333400410575,-14.720543306572251,-14.08002755500905,-13.585320058484328,-15.463580875207455,-16.85720502044169,-16.914648965710843,-16.981930404592948,-17.688590161372133,-16.879134749056316,-19.19780592141304,-20.276258305827298,-20.08899545295904,-19.991041562849464,-20.954228032892015,-19.707083011584604,-19.788740388171437,-22.066342149077368
-14.358341448451982,-13.665664078112252,-13.704039010297025,-12.90469531962475,-12.533078527978308,-11.37530646218774,-10.567912331459096,-10.380175956493062,-12.25932230775256,-14.482847944832226,-13.726122779753506,-13.138194777693384,-13.383351631802965,-13.895839836327058,-14.102974376318471,-14.651383806215346,-14.299185139564104,-13.542181451808014,-13.673022401878983,-15.238925704194644,-15.787142146493167,-14.446472505313881,-13.646281834810793,-13.919907578426411,-14.15522521834329,-12.589761527348639,-14.090309370893822,-14.572933227078613,-15.497250640750712,-16.265945783392134,-16.36633984149791,-17.135295039122465,-17.829638575279844,-16.601844382184286,-18.16439043547693,-20.151216649149422,-20.19705634047904,-21.6467598564009,-21.05975795529562,-20.545372515306745,-20.372932302627415,-21.3487675648249
-14.664270540456648,-14.853826748728608,-14.156439598929108,-14.210546982981501,-13.110387183520588,-12.42569387883498,-11.633147778898502,-11.299974689075192,-12.311910197365643,-13.013015986657532,-15.517463032110705,-13.660376279670622,-13.597538755448426,-13.70471871094578,-15.484429030819175,-14.986508561555478,-14.642858880540796,-14.204511474519364,-14.595243134739103,-15.065078100535743,-14.85508629711272,-14.210129721565007,-14.421728089285786,-15.266348945467648,-12.529490885438815,-12.480145622921146,-13.761288285828202,-13.038316870716425,-14.379722609655728,-16.108151444679468,-16.41302543512907,-17.558740987287266,-17.941600376279634,-16.875751803031676,-17.64154083766734,-19.383299748644156,-18.213463592065136,-18.341241546785227,-17.21948311950433,-21.11316240637214,-21.704586453119013,-21.30780668836871
-15.60355390395026,-14.131310602929911,-15.846364074183708,-14.515993660937095,-13.942249704810486,-13.278589713887948,-12.376468618168326,-14.137379470099583,-11.495872212205775,-8.628591304600247,-9.116058552001565,-13.486431126602081,-14.971997271961,-14.159624118232042,-14.667113484856733,-14.644423786926916,-15.85366072397131,-15.299117768935268,-15.159992220527466,-14.531082191294228,-14.523177610927092,-15.494458646874754,-16.276459336719594,-14.599510661431555,-13.47500621222543,-12.593172566222592,-12.867913398884173,-15.001694697855006,-14.009238511847272,-15.998765332820366,-17.407574098563124,-17.152624131594756,-16.89976807121029,-17.10279037841704,-18.451624054948056,-19.769959998600307,-18.9547218366992,-18.44435493897942,-17.5104653270996,-16.747068705335092,-16.181955074521735,-18.45504292959723
