public/json/wind_2018-09-1603_925.json
{"header": { "discipline": 10, "disciplineName": "Oceanographic_products", "center": 0, "centerName": "Ocean Modeling and Observation Laboratory", "refTime": "2018-09-16T03:00:00.000Z", "significanceOfRT": 0, "significanceOfRTName": "Analysis", "parameterCategory": 0, "parameterCategoryName": "Currents", "parameterNumber": 2, "parameterNumberName": "U-component_of_wind", "parameterUnit": "m.s-1", "forecastTime": 0, "surface1Type": 160, "surface1TypeName": "Depth below sea level", "surface1Value": 15, "numberPoints": 4800, "shape": 0, "shapeName": "Earth spherical with radius = 6,367,470 m", "scanMode": 0, "nx": 80, "ny": 60, "lo1": 109.0, "la1": 20.0, "lo2": 116.89999999999955, "la2": 14.520000000000117, "dx": 0.09999999999999432, "dy": -0.10000000000000142 }, "data":
[rows 40 to 59 of 60, columns 0 to 44 of 80]
-3.788540488741873,-5.590821921152076,-3.376195145630173,-3.6403196907482958,-4.189345009839425,-6.374660874547207,-6.513239019774171,-6.601392547097697,-5.668023770662206,-5.364362230291718,-4.6906504919552106,null,null,null,-5.9565802262251095,-3.1549578723042404,-2.14335870836748,-6.597216964115776,-8.516230098243888,null,-6.2017802581005235,-11.218050197535288,-3.8675803755652334,null,-1.9551173950546163,-6.820537669663686,null,-3.1233425251034452,-5.295247054945024,-8.601014682723132,-11.20943436196216,-13.978535094420124,-9.016391673452478,-9.226196156627573,-9.933003673914001,-7.740883366627381,-2.993518936927549,-4.458737775043502,-9.724121059821794,-12.177185991562876,-13.66615091790083,-13.054902956139227,-15.311950256821156,-17.448284119240043,-15.060758422426046
-5.024558418072003,-3.7431861998397937,-4.157252620576947,-3.904270276362811,-4.423840326724036,-5.438365687792714,-6.767922829687809,-6.353563148062101,-6.5582977349674465,-5.844419671506167,-6.252377516199821,null,null,null,-2.4594132288943027,-1.2192243260296265,-10.212861134605413,-5.731945431667233,-0.6449582228867738,-9.719720094104202,-9.125430704522106,null,-3.046808814223369,-6.033694751602409,null,null,-3.8812648869306736,-4.207720828674472,-4.840761927067292,null,null,-6.255082941413828,-7.892085848228891,null,-7.9929283664257955,-5.55688831436244,-2.6707351832327477,-5.407797251137564,-9.680191024846298,-12.690145703375167,-10.002400302621819,-14.96687421539233,-15.191374694478668,-13.888447083891378,-14.590095898339378
-4.756773952015182,-4.819796512457729,-3.1701555109935002,-3.487606680387456,-4.337482661737569,-6.238588447256284,-5.872530134316022,-7.569464388476298,-6.723147743597309,-6.615421173361759,-5.754043441094032,-8.780424341286917,null,null,-2.4509379671140366,-3.0003635433739806,-6.103273651582263,-2.7246189121025965,-3.0247854692788763,null,-7.043029742242359,-5.0072089547945495,-5.056655614664694,-6.079655957462878,-2.2255018261249933,-2.3778227121535016,-2.8495846528020228,-5.675619739472727,-7.272605824270332,null,null,null,-9.287622176886904,null,null,-0.579395281136875,-6.069643514317945,-3.7198458698565506,-7.631568161120505,-8.346705307857953,-13.907825415942543,-17.77642979830585,-19.685106502951697,-16.15636925206951,-13.865168408931067
-5.651453472219682,-4.264906906547981,-3.8870206501077873,-3.6459514384136344,-5.068629388561946,-6.1566144309625805,-6.722428510059239,-7.481867526520439,-7.4542502505461785,-7.1275869978553335,-7.467348076400903,-9.26765037995609,-7.3606359165580955,-5.047552843656144,-5.904553750973697,-6.6524530448959425,null,-3.328308497017881,null,-1.2492403687685152,-4.624838668024379,-6.919377368236459,-7.550504909289817,-7.549187039073459,-2.288824093654164,-4.149165793136229,-3.9879811562591834,-8.270212868513145,-8.171168420880855,-5.571838308659951,-10.020264715673768,-7.880818188128773,null,null,null,2.6826762427677897,-3.6352381436939076,-5.436618970886398,-8.089049745956066,-11.736762168690587,-15.021285757677669,-16.15106276943392,-15.480173179466524,-11.720475425971523,-14.786987228176576
-5.873158459337413,-5.027205766219388,-4.9815135986790935,-4.667748512876844,-5.561570768651478,-6.859447646311816,-7.299915927093927,-8.328330122391659,-8.454599862139208,-7.837239244571419,-9.039905653457849,-9.208826687601118,-5.885022419263346,-6.495933237304043,-4.973247538260618,-8.993321926999169,-4.694527953580899,-1.9304841712804963,-4.441490067692696,-3.8955478241684673,-5.1221108186184345,-8.812890478728951,-10.73990082369119,-6.158530281325675,-3.795319892359713,-4.394143611567683,-9.551581923757436,null,-5.632647082716711,-7.259514331462843,null,null,null,-4.900583920383358,-3.695275604935434,-3.0620255901016287,-7.450786323245873,-5.08277293195623,-8.831458036520031,-12.24056122675237,-8.1778410244239,-12.523345424697458,null,null,null
-6.425766537187716,-5.838688173650203,-5.030410828303383,-5.144535533438184,-5.2837639369168325,-8.182382212449301,-7.78346401938056,-8.256253259359202,-9.31425164981842,-8.080909999136113,-8.973627072903707,-10.953125662585045,-2.346835559326992,-5.475734897159143,-4.074840653498471,-4.505596542453377,-7.07595519456363,-8.88249888625644,-3.0787448327607425,-6.339744846498275,null,-4.77263996153138,-10.038521540712656,-8.231368524227666,-6.729032866851753,null,null,null,-2.8288512552804552,-9.164979344925843,-6.918690120157432,-11.518083464334808,null,-1.3398954643266379,-4.793083100220834,-6.172588231035818,-5.703319259588829,-8.374099971593928,null,-10.963774778217424,-8.107144135843054,null,-9.872704086163319,-7.846586460911208,-6.6320420124489114
-7.034343968895037,-5.466171198798178,-5.407766063870554,-5.507478240518445,-5.034283578721381,-7.570820153127208,-9.045825171306182,-8.31532565365697,-10.278102753424863,-10.727817184016398,-7.478063175189317,-6.633928597748738,-7.522069312005227,-3.8458069883885093,-3.741026219035328,-0.36826358302146067,-6.923198747675159,-7.865018557817331,-8.134834414766196,-6.317118317747805,null,null,null,-5.30576516770144,-5.655789771131399,null,null,null,-5.449002270254707,-10.442623546436264,-7.544003608030227,null,-7.454561092299043,-2.992106372646981,-6.710592155263642,-6.973998433982432,0.9793577507283706,-9.099674946143354,null,null,null,-6.243571827921163,null,-7.986787282464036,-10.175505392925542
-4.898670300625127,-5.191891397336666,-5.609738375281287,-5.248070988990207,-5.107528472006811,-5.74424622487837,-9.34849110603694,-8.482321841654954,-10.917586934541006,-10.22684430345778,-9.105771318636787,-7.066377662022012,-9.540609255914909,-2.7445035701525913,-4.503399808185911,-3.001854005680376,-3.4436402684767597,-9.529262178544537,-9.489153537545281,-8.362433064954391,null,null,null,-2.737749527681931,-6.1988152863116,-6.003587337216953,null,0.7179525595147768,null,-6.010702334093207,-6.842701772292993,null,null,-4.574803297148769,-6.285758585537247,-6.8379995463919325,-5.376144335348088,null,null,null,null,null,-5.50410016832226,-14.314529863469598,-8.087340905166545
-3.8142234277524407,-5.984642223909153,-6.0522336540547865,-5.542092097836894,-6.033476599390571,-5.150902764823291,-9.187645386520611,-8.064677969502595,-8.85225667663434,-11.778736956853974,-7.991971469975066,-8.59530710510154,null,-5.154202500388116,-8.584466776247838,-7.8707159798570725,1.7922893466372356,-11.624247368750485,-9.074713501808723,-12.394803620783936,null,null,null,-2.995484932400875,-6.034133805641168,-8.116807967303927,null,-4.1395556098114925,-2.4205042344416294,null,null,-8.067977289638394,0.7320621974261217,-4.731844773780617,-7.350084617648179,-8.946031284105661,-9.077894811999066,null,null,null,null,null,-4.87111169457442,null,-7.507758090127634
-4.657930332278647,-5.406272002808461,-6.681338058019641,-7.279084471283619,-6.93762833486174,-4.334622328149027,-4.380497758081775,-9.285550143793078,-9.930936575971588,-8.65142359017652,-8.30155025077155,-8.755241053661114,-8.802611044281836,-7.889784537208761,-9.060896718333678,-1.3122858926503451,null,-6.179446367472059,-11.185825416197304,-8.873846238846864,null,-8.172908679209185,-4.39220231018346,-6.86522358704869,-6.253421611417039,-9.865138810301337,null,null,-4.797539677131718,null,null,-2.293694026457151,-2.3794420848958286,-5.099532964590598,-7.255253080817208,-8.187457898054147,-9.170606124086623,null,null,null,null,null,null,null,-4.644924721710393
-4.9883158063987345,-6.432775967367687,-5.451698657019778,-7.256353177027467,-6.215715667491952,-4.075166477927763,-3.2513021116126746,-9.177022252933025,-8.96560634584246,-9.151323905324807,-8.246517086447813,-8.687141657414832,-8.39325387818067,-9.89482560450552,-9.775766024967645,-10.156089675323221,null,null,null,-6.877063658679047,-6.333710420618284,-9.271347773920754,-9.403162061683549,-8.111819591190757,-6.363349294809811,-8.758691091458967,-6.0851127058833665,-7.7240285396401,null,null,null,null,null,null,null,-4.403764931410739,-2.114612188479723,-5.272621220588572,-4.107261430900286,-5.558049739962064,-3.255586806265457,null,null,null,-5.597668303470737
-2.9527094493353587,-1.849664225794588,-5.613603412136307,-6.2832425330612205,-6.104692039128843,-4.320032980558954,-3.6004571095748767,-3.7405367759330828,-8.676729702605469,null,-9.329469731492926,-8.560588596237197,-8.829161769523997,-10.088003422565158,-10.534001331518635,-12.956037463970711,-10.481547620771295,null,null,-6.922188915728313,null,null,-10.904033107046184,-7.218650770816684,-8.924957458579655,null,-8.030663496973707,null,null,null,null,null,null,null,null,null,-1.3914480845014643,-4.236960855242346,-4.392865673137775,-7.3329765714632025,-6.262985099615322,-1.9247126557468952,null,1.9084668277800505,null
-3.2191330483409035,-0.6058841259682681,-8.278499713095528,-4.082668940534722,-3.5200455879051096,-3.929849873420932,-3.549727662896875,-3.6604782119570594,-6.303897391613365,null,-8.320559095892142,-9.95952589946557,-8.438276840309886,-9.543523756439926,-11.36345020381939,-12.859412195174666,-11.423149602515291,null,null,null,-10.237240257384824,null,null,-6.767916790191607,-9.315647994929199,-5.9765621008542285,-9.643923394221986,-10.096657345959583,-7.110433535393989,null,null,null,null,-2.803042380738763,0.43216457886469234,-0.43655607198741186,-6.136257392079843,-4.52412281368794,-3.478370093315149,-6.517596535282359,-7.4658099399035684,-5.531144678056885,-6.600884415861289,null,null
null,-2.734291336902087,null,-0.3455992889081084,-3.0274210064595284,-3.0002850970232138,-3.205091499411992,-3.393491150818431,-4.261417077012568,null,-7.443084086820572,-8.657183268778429,-9.074773297841116,-7.949078135597569,-11.127468734366069,-14.715223409633342,-9.95166868408045,-10.822460355163113,null,null,null,-6.197396002294804,null,null,null,-5.560370139722469,-5.958055706760357,-9.31092538244967,-9.766762230701968,-7.112537258653584,-5.414936660958496,null,-3.6746882672535435,-4.8424084999066945,-6.473605666508416,null,null,0.24313619344343732,null,-8.54696342803695,-3.70381456527467,-2.623331602708182,-7.106044454989078,null,null
-1.5782166299374765,-1.6584976795626867,-0.11870271722269513,-1.4949739259359673,-3.2463113129465233,-3.4474370295069594,-2.2377496250659816,-3.4189234856287567,null,null,null,-7.294374000087426,-9.499173348137232,-7.895196918991104,-11.897670367787901,null,-12.751624186409174,-10.358875885579216,-8.115924891161766,null,null,-2.3182489671186968,-4.676776030889635,null,-1.2838123680261628,-4.937682498977628,-6.302618611655126,-7.0437785192034434,-8.250473974411173,-7.9606338001952635,-5.605429430576014,-6.049951268684099,-5.897954604099567,-7.494321850241266,-7.742579837166199,-5.54229351917458,-3.102914530641776,-4.088416338253957,null,null,0.8354685861238682,-0.6890676850690562,-8.333937481240278,null,null
0.49855754915426026,-2.692962120011268,-1.7162658920686975,-2.6847692643622074,null,-2.8348509470896572,-3.4365396121400957,-2.6297210719979733,-7.077493309030463,null,null,null,-5.254022676057536,-11.193697890194919,-9.479245409259613,-13.417389373796762,-12.931481569543807,-11.575801326889925,-10.32363382360965,null,null,-3.1600747121685764,-2.572200325934293,null,-1.8738176355170952,-5.280481482270533,-7.540122327497395,-7.314120944495254,-6.58688642707196,-6.849192129633019,-6.786167486272805,-6.326205550868205,-9.626178313479503,-5.189769730897181,-6.339868939026998,-6.113877905099295,-7.574176433476712,-5.63210027434277,null,null,0.1340663745529339,null,null,-6.356053061308154,null
-2.9413657969960934,-1.7186135952884036,-3.5522092818787554,-3.070454187679488,-3.8493571465559264,-4.396931335182094,-3.9724325914326535,-3.3290005540791054,-4.3170337932203715,null,null,null,null,null,-10.007357811157835,-6.69397946088957,-13.56006965072087,-12.491052840905613,-12.458624881236577,-10.7131506872322,-9.04531227498968,-5.125790931529577,-5.476790403259265,-8.805496121430018,-5.622914554572435,-8.960554750387075,-5.842076387468571,-3.9614560797108807,-1.5704442339432367,-5.883677391608019,-6.223110787902241,-8.244126462310456,-6.408795363232219,-6.410843833151878,-6.192309763762243,-7.195446360923546,-7.233011461218703,-6.750853760843251,-5.477429017146946,-4.709414724411932,-3.5058160474152125,null,null,null,-2.906997344958928
-3.034760313835257,-2.623827522732628,-3.65233516608129,-4.250787616679465,-4.049341367150419,-4.017119630178068,-4.401762790192745,-4.1696496746046146,-2.8441286006751088,-4.760094045376415,-8.056852218752873,null,null,-5.292703039124983,null,-7.301009109872389,null,-12.360232225661925,-11.35945710160204,-10.451880774617205,-8.918721495410997,-7.918653829504547,-12.46441211431817,null,null,null,null,0.005566153308720914,-0.5207195796127478,-5.104395684668966,-6.190661590700486,-8.524903834067443,-4.781880681182776,-5.205642011411079,-6.554404606854904,-6.742767388438736,-7.85233173065819,-7.1489739358993205,-6.003125295388746,-6.465569674748208,-5.3463624839614905,-4.149546587101441,null,null,-1.7908661137736166
-1.728877538788146,-3.549196291290905,-3.2709870417908866,-4.03552154721648,-3.258955510283149,-3.6000589151706537,-3.6491359239570897,-3.7552952534521573,-3.2529032600064207,-3.6198137713457923,null,null,null,null,null,null,-3.044956005724287,null,-11.250461019872425,-9.944769335111786,-9.71572725576536,-11.061368483931599,-11.379018988852472,-8.058343504142847,null,-3.772763657718099,-2.010997100934069,-0.40506265255983426,-1.5712923913774668,-2.4642234303352373,-9.844685163384844,-5.771522443750586,-4.700381490016254,-4.921628096586428,-7.889785460697565,-5.916667650675888,-8.456195218714326,-7.246516086241784,-7.2543600558520955,-6.136798342019344,-5.42716586650382,-4.851824998695612,-3.6159986379207187,-1.809563691540762,-4.699727631103474
null,null,null,null,null,null,null,null,null,-2.5448564902562176,null,null,null,null,null,null,-4.1190992219349365,null,null,-10.380781586872375,-9.891763162281327,-11.393745201286178,-10.193077518821726,-8.419152210384201,-8.24546204374214,-4.311633817347923,-2.6523034090854294,-2.5837376527122027,-2.75304613750896,null,null,-2.5789744179208522,-2.904870441963136,-4.920477831864631,-7.45064929692093,-5.7756517179338385,-6.2903266405897424,-5.753709252927448,-6.018703449908704,-4.894832525020017,-5.233278700363702,-5.815157759014808,-5.545498685871762,-3.763237390592371,-5.6235532624799625
