public/json/wind_2018-09-1608_700.json
{"header": { "discipline": 10, "disciplineName": "Oceanographic_products", "center": 0, "centerName": "Ocean Modeling and Observation Laboratory", "refTime": "2018-09-16T08:00:00.000Z", "significanceOfRT": 0, "significanceOfRTName": "Analysis", "parameterCategory": 0, "parameterCategoryName": "Currents", "parameterNumber": 3, "parameterNumberName": "V-component_of_wind", "parameterUnit": "m.s-1", "forecastTime": 0, "surface1Type": 160, "surface1TypeName": "Depth below sea level", "surface1Value": 15, "numberPoints": 4800, "shape": 0, "shapeName": "Earth spherical with radius = 6,367,470 m", "scanMode": 0, "nx": 80, "ny": 60, "lo1": 109.0, "la1": 20.0, "lo2": 116.89999999999955, "la2": 14.520000000000117, "dx": 0.09999999999999432, "dy": -0.10000000000000142 }, "data":
[rows 19 to 37 of 60, columns 0 to 42 of 80]
-21.11238939401929,-21.528256011432486,-22.0253131819123,-20.84287742366457,-19.725320304079666,-20.64811284158654,-21.165899102637503,-22.913992981012427,-23.522843150805926,-24.090183772357253,-26.451166819918903,-24.104659137691126,-23.16630465069316,-25.262282918345022,-26.16892130114626,-25.71959029762995,-27.228169865785794,-25.79947841864335,-25.610047596423435,-25.69219442827854,-27.66704231673537,-33.65518703233203,-35.84509144727584,-32.336085551269846,-30.582721743106116,-30.802936336886624,-32.00783924473028,-29.243187464447175,-26.741197060129515,-30.292624489299016,-27.581601874393655,-24.612140524903005,-14.794136181471089,-9.171865293621492,-5.147249564282589,-4.833179402559626,-3.995979482687494,-1.5961451542658318,1.250320289285067,5.089484568594685,9.899695279382533,14.421543523788563,17.27083435146798
-21.390783211372323,-22.163280922152833,-22.344147803409598,-21.11503018606794,-20.108269782574936,-20.295405425822786,-21.42069163789371,-21.049268328717393,-22.722925891560074,-24.747977614534843,-24.3700655689898,-26.48086965809068,-23.775224550188216,-25.139551874028108,-26.526935229015546,-25.45317687718277,-26.46865473514021,-25.213187243670955,-25.80319459669896,-25.65123244906104,-26.591423091408675,-28.068393460533983,-30.070915551367843,-26.805129637790273,-27.988356010470568,-29.524409090983198,-30.090448609250817,-30.2035837748083,-29.34060159866485,-29.33577204887039,-28.298026562051305,-23.71184693766788,-10.398374504423426,-8.554460615590283,-6.552799343560099,-6.743938688906597,-2.5710100153071984,-0.9720723417528518,1.3888671641494459,6.385047325890053,10.518318789677256,15.567581592091535,18.219668092890466
-21.728490836638112,-22.333350239603618,-21.797383750214518,-22.377033908733896,-21.424737551855397,-19.816583405452487,-20.177198182865293,-22.75838303223431,-22.452566445823088,-24.299960915150823,-23.62175264404903,-26.14932110036275,-25.262702105964017,-25.360968266458997,-24.672850959042528,-27.05310720876083,-24.384637813315024,-24.663030249714947,-25.67705678772035,-27.942232421107107,-27.927100172649133,-31.18128786220244,-30.620116078592112,-33.01785421942026,-33.07477730474248,-33.54156681403895,-35.65876922463403,-29.38641465683543,-25.571035815260693,-29.206274175537718,-24.515718444425083,-24.436675180262903,-19.373223547428772,-9.740112193656465,-7.3688651435015355,-7.422294460617362,-5.594892677947196,-3.2134140999500365,3.7684494564374065,8.968851733824229,13.903104285676621,17.045475483020894,19.984989579688662
-20.84909169505518,-21.74079052657815,-22.61234242973912,-21.192628965475365,-21.808707012360806,-21.485340720544343,-21.21563519544403,-21.24520369462774,-20.74704534570666,-23.289128279057913,-23.875350442304015,-25.91540160723605,-26.304982228745082,-27.555249091601596,-25.64874902376439,-26.094457760389954,-24.636920994116405,-23.4270790837781,-24.84791663294598,-24.527676915316306,-26.16196423545138,-31.834540178799067,-37.935467812758205,-35.573384782047825,-35.05445575750782,-33.1827987768156,-31.585284166776958,-29.350203675013663,-24.418872149637338,-28.74920877135215,-32.26418323785078,-18.503752205533313,-15.01438329590404,-12.253975715167579,-7.970992544277063,-6.75026763490493,-7.4793682710469644,-4.9949708079310335,8.664396539274206,9.615033746802085,15.323777232441243,19.8647120280793,23.61273094164402
-21.859830128335243,-21.616438210318954,-21.495814574674235,-21.665337140572525,-21.386173996467605,-21.98932355320671,-22.807898188893915,-22.292482734215742,-19.785222106591903,-23.180116374176485,-25.382499871681084,-25.981415343163643,-24.465904150058705,-26.357148056624368,-23.875905567861672,-24.508429649693944,-23.21666558479654,-23.95459909832651,-28.27212307556731,-26.021358319255746,-26.134300203860434,-30.288909283096046,-32.11723528726923,-31.035775663740303,-28.597081415757653,-31.45722747994501,-33.24350153035287,-28.21690654000249,-26.55130285066032,-22.395105027283815,-22.88886305119362,-25.6856068049113,-14.97862245035461,-13.25906583853488,-11.126961202798546,-4.7201043928004305,-6.426750292011524,-5.618019202332457,4.441463694145137,10.856981454875372,16.29671370578197,21.582862042576682,22.55652567177294
-20.792571336359355,-21.309474100414878,-21.443002928031273,-21.696500844567367,-21.591057176911228,-21.7533285982853,-22.00204982278636,-22.593354026982027,-20.88831288514131,-23.526792587861184,-25.442918620119645,-24.860283644478045,-22.390445882223556,-24.238478702930365,-25.041278158021495,-22.552055281861346,-24.845790174358644,-28.664929008998328,-26.843730737664856,-24.55876172600663,-25.568804959165583,-28.633155285908447,-27.882205387830698,-26.728265873763565,-25.594158346435368,-25.076270334763958,-27.012223007282746,-36.29472091518746,-24.47322698168822,-19.99866987091772,-19.422303222694865,-15.821580683412844,-16.50751288174937,-10.276405981756959,-8.101549673461221,-3.184881786963204,-0.9913911017836932,5.882637796805785,9.180324189637442,12.661508091482101,15.95877347926584,19.955759334741472,25.017264137345315
-19.606770092960424,-20.133998024825416,-21.193065171104678,-21.29660124663229,-20.963123555877324,-20.1911176745831,-19.611636218003838,-21.375969983904575,-23.04227146480969,-24.326625580110516,-23.57596667004597,-22.52233042032919,-22.524713014888547,-21.644921200208973,-22.80811688317158,-23.656734828639525,-26.684735428564952,-26.80605625367043,-24.52427988594296,-27.2962800576319,-24.316194773880127,-28.58905640750019,-26.272317029602696,-23.313516511892022,-22.547800142068564,-21.225755546650145,-27.156274076023447,-28.60360939629707,-19.31752748517752,-21.72872646470614,-14.645963851672137,-12.02427085969218,-4.775318117083984,-6.762640334840372,-5.029559175410991,1.1320528084537653,4.223385967634105,5.159947700292257,13.727768985111027,18.06059002338421,20.464949926324692,25.210392891488993,27.564647116383803
-18.70530527434085,-19.840796516251345,-20.19214959322645,-20.027901826336084,-19.40657970678992,-19.150557618757365,-19.616908015254356,-21.534959346857622,-21.193174096707487,-22.79937870960826,-24.10747893816848,-20.698242464934527,-19.740768771535315,-21.3212344492199,-21.09490528031368,-20.868841001373394,-23.658143041370153,-26.25254995830176,-27.401442699333707,-26.881524596931648,-22.855718470789167,-27.419013653832643,-21.18992564098482,-19.372185577618705,-18.331865401479405,-18.478892711860247,-27.87638427594734,-22.025116468612673,-22.95747853882743,-25.86929292362134,-20.664884853188923,-11.137778124226783,-7.8250690099129745,-5.994471371446098,-2.9714963866306254,-3.824077212525027,5.295958176549881,6.774762491349346,13.575601724165892,14.710737589720912,18.89013946911664,26.765885087151922,27.434161214275292
-17.0114052226793,-18.574044412214732,-19.687936024003843,-19.404931631245518,-19.242616323044576,-19.124003087791557,-18.563895427767942,-19.708486083578727,-21.720987295419697,-22.836113749582147,-25.217208156636634,-25.315331854120597,-20.99614371434356,-20.606581528195573,-20.7324638707157,-21.878590857627866,-22.011570638499087,-24.250138191816525,-22.22290748552076,-24.12794713568814,-22.018500098870753,-20.673916511327665,-19.696294660860474,-20.44574007018922,-17.374175243071825,-17.341173024787285,-26.31504062469308,-16.89582822373876,-23.814265941868353,-19.72120762078709,-17.944993058011413,-18.678210405801956,-7.383482492793241,-7.101336469729929,-5.296580879555323,-2.4329572511025606,4.235030892146811,2.645747453463726,12.827950898661562,14.361034153636208,16.60488319771787,20.988141713373928,19.17176749307283
-16.75651897366523,-17.820510145671754,-17.770729005396703,-19.0272824321574,-19.09207190755559,-18.57135820184346,-18.201516241229097,-18.2885843452841,-20.033584442626243,-22.033078112386285,-23.304464065366563,-24.220268861740642,-23.54537795140971,-24.19752234673814,-23.670930802892244,-22.52452824608476,-23.139337258132045,-24.25935253630177,-22.128636320547415,-20.907932750581722,-18.361077360003463,-18.304309251422037,-16.368467151028575,-19.96948189562473,-17.629295511728294,-21.215099940581183,-22.682273816445083,-15.556851386503189,-19.675114664887214,-15.457581521100128,-18.593262106719372,-21.32816976683231,-6.6990449093094355,-8.853296674835011,-2.4354474761210687,-0.1413888275612261,3.8535111612407444,7.98023561526619,9.971319975137543,13.892338890148025,15.066146118632393,15.59754909312911,17.1481380904138
-17.594586817935244,-18.026051694362447,-19.474919067055577,-19.140358332531147,-18.90393147095292,-18.001673775668372,-17.44781771646973,-17.31893173048012,-18.977576735317196,-20.51719787212587,-21.576588921261745,-21.06824761777355,-20.21656993493901,-20.268619933667473,-22.199821619557436,-21.11218493564885,-22.145982631966298,-20.376072457313278,-20.538837439900806,-19.328619887333915,-17.48859069161198,-18.23485666601546,-16.186704074254983,-17.694686178425354,-19.608406470173957,-23.524278914790024,-20.663563904843016,-14.76051435087819,-19.14931223405418,-11.039993216861586,-15.074451573265804,-13.942148199387018,-11.415584862598891,-15.151582070056303,-1.0062733386993068,3.415798562329212,5.901159903751859,5.813005389254794,7.542678028049261,12.802095635429179,13.992603215314649,15.83898896959609,18.695311582139347
-17.383531281436397,-19.955742030775376,-20.572851322542995,-19.80723075941395,-17.757107301898138,-16.26870224628326,-17.08405267729439,-16.761294312210453,-17.0914698345898,-19.155478230186453,-20.28920365013652,-19.368593619212948,-18.007193182327438,-21.048469526287114,-20.73388848544748,-18.276102743935112,-19.811999948822333,-18.744694655682565,-18.86052382020356,-17.213759921937314,-15.6853508326563,-16.64672615480143,-13.97963938262505,-13.572088554683628,-18.05677353934779,-21.187807068682936,-14.183967054938083,-14.162817988222,-14.686842448976675,-6.803678941116121,-12.10433729758202,-10.75930892681247,-9.48562705378772,-9.16221277330737,-1.2974377284983247,-0.2591728449053763,4.503744047629957,6.7066322890876355,8.323025727427648,9.411614748208804,11.182674268390574,12.46451516344877,15.10723368019558
-15.435962045628465,-17.89274659083241,-17.587053339184234,-18.21312992759032,-18.163860759450923,-18.309288848617058,-17.49400166460476,-16.32248697661508,-16.155256646853335,-17.300045743746423,-18.776989840814117,-17.348816042608185,-16.73082397016779,-20.505792941591125,-20.578208994303754,-17.700047695375286,-18.186330290076363,-16.83283689502334,-18.150176288439475,-16.411649330617003,-15.795241672379582,-14.806005691802014,-11.895680491595595,-11.479389819565107,-15.056875793598437,-15.375826637683149,-11.776896790961572,-11.68672771315839,-12.246369209932432,-5.849933294432975,-13.631311226353324,-8.447526198364443,-6.725265244516218,-6.178866112503917,-1.9779860639891274,-6.570172241910822,2.8534536134259842,7.297787162244619,8.918351476129507,10.36903035945484,11.299387913884459,9.970784529149553,11.00753099964245
-14.111069227335877,-15.670470027797139,-16.55305493906401,-16.704948238733138,-17.28589961552496,-16.19687249897019,-16.35883491740027,-16.21613442463019,-15.275634432644136,-15.345176472204628,-16.589993525849398,-15.755732809305899,-13.990028380947502,-17.98091604911623,-18.942272717855346,-18.23240018713119,-17.115530812685204,-15.777232161688065,-17.14235344293227,-15.073827266487486,-13.60305890287279,-13.478338115162964,-11.852275859942957,-11.713401302321934,-14.013305802087174,-14.007975358218085,-10.392816922137449,-8.655909296334134,-11.308700566089604,-2.9881259558901627,-11.280368199837532,-8.696755228110792,-1.6902520237698668,-3.2379223420711085,-1.0444185611373598,-1.9557357041577372,3.153271083077224,6.952145070744702,9.671079014469527,11.83059418543012,12.81071944206177,5.842318503086426,15.272796574880697
-14.518946219637288,-15.531854766688022,-16.23417463457898,-15.143328621547912,-15.85398637844284,-16.92753452128712,-16.328356788332503,-15.328070326339045,-15.62074270548292,-15.95497212083443,-16.45961191193048,-14.440176701684328,-12.523869077345298,-15.115963372776422,-17.42982412522376,-16.43047250166488,-16.07828137668836,-15.840187483201314,-15.231695677379697,-13.040248520342706,-12.866400371750863,-12.707958951560434,-11.1911180123312,-11.995750103094048,-15.169095932895862,-11.760837953362541,-10.901550402446748,-10.092547277178214,-10.623705779273578,-6.570330874583703,-6.1283785745591555,-9.967303328734658,-3.785992629653597,-2.956959797439205,1.063769594554676,4.500222569472628,-0.14167019042142567,9.244620262113141,10.116947627821625,11.885212727435162,14.123296065199465,14.417956394573503,14.674419303365255
-14.261382423190334,-15.767713089187705,-16.430314015243503,-15.435579735862,-14.161676537197847,-14.192227549522059,-15.174797797790122,-15.43036979461301,-13.331677967229307,-13.39438795985227,-13.94913833694256,-12.432809953584105,-10.993555500696266,-12.797369547914922,-15.799964043134112,-15.63922720685538,-15.535455593642418,-13.456920849231615,-14.210696415460577,-12.733015141296407,-12.77722627102253,-12.293186662629605,-10.494803898276423,-9.768116633291518,-13.550585014309787,-10.699946719929349,-10.289305961574621,-9.529965823494154,-6.386837892147542,-5.888594463615652,-8.235225357914373,-12.998878160394478,-1.4910125356800588,-1.2665971416163773,1.2732640231909242,4.629067902792191,2.9872471950494175,13.846269480433055,8.639102024793509,11.759038974621756,11.005087654110882,10.508730960068535,3.524738979067778
-15.147760131040485,-15.82761955257255,-15.800131733670531,-14.11436328257183,-13.910093132898844,-14.030907670469842,-13.429542487729261,-12.064599220669571,-11.939119017648405,-12.40228324604028,-11.87261629440158,-10.071595059946514,-8.123516438940895,-11.360686980907488,-14.61991393748439,-16.643159230682635,-16.776798466827927,-13.999804041636382,-13.193378367168975,-11.912714951937035,-11.09403521403695,-10.935638241528597,-9.756483679594636,-10.045080412666124,-12.255940164624713,-12.102860125991612,-8.871277013407521,-7.9206554029570135,-5.49655664164331,-3.102940410139641,-5.103914897613773,-8.706807085876493,-2.8366161110933814,3.4489398350783933,0.9452191331603219,3.8662397222751754,3.9648167242563472,10.5258168498811,13.495547153779317,11.82056786373732,10.80160876990907,10.271094874324087,10.415810255157435
-13.941024152976548,-14.81868513382847,-14.585807410452766,-13.830224308869148,-14.069597901688908,-14.13450617737643,-13.515281042542146,-12.869259989774035,-12.635543001065956,-12.32884919293865,-12.510986940496513,-10.732122767210562,-9.94628692557497,-11.516695009140145,-15.807404990168138,-16.032049133191535,-14.83321115627354,-13.40616007073487,-12.294133262169801,-12.356328902787332,-10.271856021886226,-9.421412312094983,-9.158325077803763,-11.114694106357067,-10.956100017756789,-10.161363353259782,-8.244539557279202,-7.266193535609668,-4.6138957837442085,-1.4489688416677664,-3.434777391590724,-6.505323561121991,-3.1263231141939247,-1.3285588822502041,-0.4271840682321469,2.5996257170594634,3.055986984596367,8.280850553172991,7.871110290268488,9.495915038798568,10.5474054198711,9.35364128465648,10.889086664057817
-14.017929922136755,-14.57851846809362,-13.449505060568821,-13.742208296046684,-14.10094879423922,-14.192919948744292,-14.267851401302938,-14.67952812888414,-12.971349780102202,-11.664190161298354,-12.402237416981707,-10.436752500951766,-10.049334334599877,-13.806735389578439,-13.291446758340173,-13.059425134385524,-13.49356279126762,-13.864807687004646,-11.260850538980494,-9.716242422229183,-8.125274568272225,-9.358727271446108,-9.11899557295617,-9.7086657496278,-8.682743441074264,-8.623712369226991,-7.091901240893615,-6.196945118341668,-4.352407712186183,-2.2525861767877786,-2.876089785988981,-4.979359063972352,-0.6545532348653744,0.5109205508650767,0.44676972577629914,-0.4815273984053645,7.573886201914569,10.603107828770682,9.285180923324596,7.240453188316745,7.9437788240914635,9.22419280522093,13.699568251180258
