public/json/wind_2018-09-1600_700.json
{"header": { "discipline": 10, "disciplineName": "Oceanographic_products", "center": 0, "centerName": "Ocean Modeling and Observation Laboratory", "refTime": "2018-09-16T00:00:00.000Z", "significanceOfRT": 0, "significanceOfRTName": "Analysis", "parameterCategory": 0, "parameterCategoryName": "Currents", "parameterNumber": 2, "parameterNumberName": "U-component_of_wind", "parameterUnit": "m.s-1", "forecastTime": 0, "surface1Type": 160, "surface1TypeName": "Depth below sea level", "surface1Value": 15, "numberPoints": 4800, "shape": 0, "shapeName": "Earth spherical with radius = 6,367,470 m", "scanMode": 0, "nx": 80, "ny": 60, "lo1": 109.0, "la1": 20.0, "lo2": 116.89999999999955, "la2": 14.520000000000117, "dx": 0.09999999999999432, "dy": -0.10000000000000142 }, "data":
[rows 0 to 18 of 60, columns 0 to 41 of 80]
null,null,null,null,null,null,null,null,null,null,null,null,null,null,null,null,null,null,null,null,null,null,null,null,null,null,null,null,null,null,null,null,null,null,null,null,null,null,null,null,null,null
null,null,null,null,null,null,null,null,null,null,null,null,null,null,null,null,null,null,null,null,null,null,null,null,null,null,null,null,null,null,null,null,null,null,null,null,null,null,null,null,null,null
-2.7463824313793745,-2.680771354424726,-3.424067068588224,-3.4390866105020037,-3.454102252734497,-3.0681631924084094,-3.7233269121166526,-4.036477477314487,-4.154758910401632,-3.235339104946823,-3.3294523407824554,-3.352749388353939,-3.2445476208403443,-2.914634010030427,-2.4728970748836647,-2.565519588777205,-2.7166994102963886,-3.022319355910558,-3.624947176613341,-5.065092584046875,-6.598824728898922,-6.890264978408398,-6.250766980598899,-5.715931292331998,-5.091086102427154,-4.22563461182744,-3.2137628860691985,-2.4337438176643222,-1.5366125053337727,-0.3815529546712731,-0.1997148830639205,-2.259233811438075,-3.842642612904797,-3.775316768941743,-3.5154490603095634,-3.361149869237319,-2.6389567709049535,-1.7936102324654846,-2.893802079347135,-4.715309490163978,-6.708091044140934,-7.730789776743984
-3.1086099161717473,-3.2847993732434126,-3.670386604286443,-3.696262174661511,-3.399868935007269,-3.337953231131626,-3.697752266063909,-4.331240139019584,-3.918422006427814,-3.6863498637196273,-3.621199937632542,-3.5441930621822433,-3.8617201341758416,-3.6025107661133844,-3.1264879568988864,-2.817278653814685,-2.4665563596025137,-2.139071162928898,-3.6579821939836763,-6.275859620262716,-7.84474419973293,-8.3347724749522,-7.667453630173093,-7.108070831265411,-6.591371407700056,-6.065541628442283,-5.226487339890752,-4.129149367308429,-2.8465022929938475,-1.642554294564797,-1.26844112310875,-1.3934478935943435,-2.199176666735312,-2.2663274211002253,-1.7637082668093202,-2.4708748056202814,-1.2108673406201582,-2.8776097292954184,-8.47919785509216,-9.63084284715469,-10.608205305901539,-9.268187306005732
-3.4407248508386488,-4.147504774513716,-4.226774462905666,-3.895311036884094,-3.629819698791423,-3.6775109789050386,-4.154338623221948,-4.265448612740476,-4.604150498796453,-3.844112595337732,-4.3689809397711805,-4.3072037820506734,-4.399107702218512,-4.4971735326201845,-3.651342730568783,-3.3330801255647726,-2.8908745583259385,-3.659908212462062,-6.313217381092921,-7.306312302454477,-8.460384638260521,-8.690193957785166,-8.072289662498275,-7.274102717999613,-6.821060812004694,-6.055824778763759,-4.957145472393563,-4.35867266836883,-3.4922228329295137,-2.8577105110675327,-3.513319783985264,-4.000858485262457,-4.3877976871541255,-4.750707130273015,-5.616818861700354,-4.949874571686564,-4.35398430390335,-8.300219691344468,-10.968114329456352,-11.640579058493579,-10.916504017098728,-10.01565132034147
-4.142676426004013,-4.851806872493325,-4.679419750118368,-4.324812774115617,-4.067658661736371,-4.160638152300339,-4.262918046361081,-4.511082610602008,-4.412353545525525,-4.310094803349925,-4.994078639429732,-5.396347570234581,-5.260179738381824,-4.67836067409848,-4.310061358047285,-3.7935713419631325,-4.358328897379493,-5.755337396542105,-7.409152846728278,-8.374081818885053,-9.044351097928715,-8.626978801459277,-8.245385749220285,-7.42730680442759,-6.783670660244111,-5.90984412969868,-5.241148788613829,-5.02021605171351,-4.327651417590749,-4.377945137693519,-5.633627591692442,-5.996309299460713,-6.933074278766404,-7.406974641932505,-8.227570621221586,-7.3167741228269305,-8.46460892552194,-12.274731911056785,-11.453993486210113,-11.845147116378623,-13.004638422472674,-12.66255225405939
-4.847688637121843,-5.539788432087688,-5.084358117157645,-4.841527262389778,-4.4570097252814715,-4.15751033129081,-4.5657840408980475,-4.645461655235043,-4.526310487548365,-4.782794442712838,-5.513909280335165,-5.780565541809816,-5.599930614775845,-4.987197031217118,-5.0533218898592125,-4.620075060265031,-5.734329449715127,-7.049816796751214,-8.12908278524913,-9.206746790091135,-9.358680202764006,-8.947775729240533,-8.427106638770091,-7.544172195904901,-7.16536812353926,-6.31673747074794,-6.351098329838407,-5.534650359357718,-5.995555121028301,-6.524170517140635,-6.388280510753898,-6.629074093025724,-8.142193760723814,-9.10120896935957,-10.756605282118372,-9.527644965512334,-11.154881673003832,-15.426755999056077,-15.416325482234404,-15.872255991872333,-14.114720514668452,-14.939449152785494
-5.422321204026063,-6.095596596204015,-5.655372224290628,-5.15797776965055,-4.768062422840349,-4.529875631946768,-4.712345475475125,-5.065873786493514,-5.17182275271256,-5.499444197146049,-5.517444076396868,-5.67438444353977,-5.423418035422237,-5.372782219410512,-4.877200905208508,-5.45479848316274,-6.131052303055144,-7.119445437834546,-8.364341634915899,-9.404022822707637,-9.873306509963177,-9.419538952612065,-9.12638982643407,-8.655946003985333,-8.02874750349298,-7.448427376478364,-6.878895095779136,-7.237142228373181,-7.568399618246821,-7.444881704432806,-6.918860039329482,-8.369553219664432,-9.568410706893514,-12.385124318966254,-11.408648508193572,-12.903771558859008,-15.452046165443539,-19.080012131855014,-17.152323278388405,-17.457379526674245,-18.896640192389903,-18.02221646985865
-6.239037032122262,-6.3620446520267935,-6.097046161125119,-5.423177929991135,-5.179682762786418,-4.828116496395342,-4.901759007024231,-5.406914700331526,-5.832266115250663,-5.695999961251507,-5.631589833869651,-5.7235275237874434,-5.65574864764399,-5.443930152412475,-5.195606913263969,-6.287456509437977,-6.312885049816229,-7.328615289953804,-8.133418616989395,-9.584468424471982,-10.340431785841105,-9.863173535661085,-9.432284408098045,-9.408726114601405,-8.996022279582137,-8.354606079681295,-8.2285441906299,-8.467964885091606,-8.566708207583947,-7.879693194453537,-9.191705981846878,-10.561883677217319,-12.984214388183386,-13.294730091104304,-13.180805678057773,-12.464837445784944,-17.989538514128327,-18.81379998986716,-17.06361235418863,-19.485298987527997,-19.525968958079687,-17.628319890717624
-6.861121444540778,-6.634877476588046,-6.520298671520619,-5.804630249797385,-5.708970662137298,-5.023690150947715,-5.429078774587359,-5.641367386859988,-6.035366189703822,-6.091506085882153,-5.764369460704076,-5.780521702098602,-6.133315484382393,-6.1251901131970445,-6.091468710095339,-6.76155288183775,-7.294041280707162,-7.989975597449375,-8.952849456819129,-10.135268872468114,-10.7704808428087,-10.175866813160285,-9.677991334952468,-9.751643445404198,-9.844464029129352,-9.086891382287954,-9.277822378118532,-9.303696978665947,-9.509535577900763,-9.507280361091674,-10.265728711151741,-11.387565308154855,-12.811122766749525,-12.69925784474165,-13.773798796792056,-13.485691719884795,-16.714976442972997,-16.610490605434347,-19.440720039631383,-19.632340431864453,-19.53074934065286,-22.224080182291047
-7.188620809529353,-6.947423906007485,-6.775456069823981,-6.262289609491587,-6.028901209955846,-5.5398712292878995,-6.044387133347076,-6.153603141730081,-6.169577242005419,-6.2319861316087675,-5.950553123053368,-6.1654120949630915,-6.618059879674132,-7.084891475285925,-7.134352858098423,-7.703579793668628,-8.721975862408923,-8.634812850677251,-9.197514690600856,-10.93522928743932,-11.230747389752036,-10.343211392929867,-9.87858738347842,-9.919198986443671,-9.606490171814313,-9.465649570093984,-8.993980159011931,-8.800810285593244,-9.482000508451673,-10.305602021888536,-9.933010580057676,-10.12655683636155,-11.792679945742337,-13.350680269281828,-13.14242823285455,-14.64129222034498,-16.806465318908415,-20.051658527361568,-20.480504285598258,-21.07337001709564,-23.40818944244448,-24.20409943422679
-7.462962596843702,-7.368162308648848,-6.873232980416956,-6.484005927425697,-6.273713506878451,-6.391276297719055,-6.594141695530578,-6.424412791660451,-6.256762993404854,-6.515984902202449,-6.178911551635091,-6.309452648400661,-6.108188627662934,-6.704125828372217,-7.324839879813649,-8.290398801927587,-9.542772416406388,-10.160036316338843,-9.747479228902703,-10.779395226748697,-11.63837997562715,-10.75761488075119,-10.138070051654942,-9.800491178358428,-9.41990499135584,-8.3926960058111,-8.115990895530786,-7.166942769870894,-7.841876674877323,-9.667013137829937,-10.472394240393482,-10.286947642706657,-12.810456178995047,-14.116689619329511,-13.7638967282322,-16.136607580362398,-17.899047830095157,-22.420698919052498,-23.20597557252179,-23.88991201598163,-25.080252412710724,-23.27314691961003
-7.774111333285593,-7.657285428455248,-7.114110768194744,-6.749521405572839,-6.742220358240086,-6.863172518760775,-6.917443947404912,-6.874429719821395,-6.600607300308239,-6.606763408464328,-6.57626999059032,-6.3981110069934966,-6.220210970356112,-6.325028537488155,-7.039118795659794,-7.699245162078802,-8.815973290272874,-10.609640120632456,-10.978960120844587,-10.793658699902576,-11.988840552275004,-11.100921521661892,-10.447311392548812,-10.120509820050746,-9.205426250161928,-8.096963320503104,-7.290267967082981,-6.725788153087974,-6.753090334010777,-9.1042416505927,-11.221761533143287,-12.096575329329674,-14.845685489493082,-15.26514167210522,-16.95429502067217,-17.070148091643667,-22.069392969218697,-22.91482262327844,-23.452144500220967,-25.059817194245632,-26.568351765598376,-27.54900324449384
-7.811696870577472,-7.841170637679806,-7.296711983749622,-6.95004514404093,-6.700247435276233,-7.916857317850131,-7.386775330921452,-7.190821489451522,-7.356299297484826,-6.974309980713809,-7.042516254958237,-7.252484103572197,-7.0514639725643296,-6.914778726247084,-7.652703733917081,-8.046976246948535,-8.654757298749676,-10.295629445698545,-11.72765801196979,-12.228638062829575,-12.158569180712187,-11.101945504397209,-10.68064555984779,-10.4171370029567,-9.835898186425359,-8.637001796814593,-7.840890980522162,-7.8149640050310385,-7.527708410211705,-9.894337924412381,-12.500676294041101,-13.578330111715378,-16.419433855993592,-16.796631858406183,-18.84189493405954,-19.96252431169982,-23.720912181015873,-24.768621260250654,-25.32016158821334,-27.73445152842989,-26.471056998390985,-25.883188904764356
-8.045757686580165,-7.740391946685941,-7.345806190734835,-7.101493645358856,-7.020548612106879,-7.894140755385729,-8.29757104779523,-7.547981594266979,-7.704689327479418,-7.8362547982264275,-7.956569456194551,-7.942003160274163,-7.462779546969256,-7.5969398902383976,-8.360105564097037,-8.60276622723912,-9.448551872502273,-10.355863409905572,-11.17491975170799,-13.15303458522829,-13.79789027547346,-11.503468256891814,-10.839290775048246,-10.387730664099685,-10.290490761158736,-10.042181083777718,-8.635035311766398,-8.46256134614354,-8.97855789586538,-10.136873341489155,-13.772045943369948,-16.299520105896878,-17.043621962168892,-19.321630054875822,-20.769573802843176,-23.53239100458189,-23.485291982849407,-26.32840942947808,-27.234718214594828,-27.989873666434285,-26.807626436016662,-28.83593147104282
-8.421342839224994,-8.24548120870355,-7.330653890900322,-7.189112330884248,-7.428269692003834,-8.083064791696366,-8.443862417894632,-8.185711580617017,-8.246848341468366,-8.331785400797528,-8.67888862278545,-8.488722603460536,-8.073614107382259,-8.449552018220027,-8.634990823572455,-9.29225069851683,-9.688407521471687,-10.197369039434856,-10.636919256942363,-11.564351395818504,-14.025639085138147,-12.603276538311649,-12.162515314199428,-11.302902905876051,-11.044933300487008,-10.666949549083633,-9.812845724855443,-9.818857898453654,-10.124679556324024,-11.48140883667602,-14.192200884723949,-17.2297757499087,-17.662234667450065,-19.968130764100295,-22.191314905785802,-22.786927656958518,-25.645481837528955,-27.583619141515282,-27.920276089471905,-30.708146786273286,-30.391990196266775,-23.53357686329216
-8.225040626219604,-8.53138637310782,-8.104107353773516,-7.47580642823133,-7.462761484895002,-7.753919894309001,-8.33100211767471,-8.57266520412382,-8.584998896443789,-8.887539660463082,-9.053563957969494,-9.260554671101389,-8.940124595026976,-9.42504677492258,-9.277786473316272,-9.235526227535471,-9.595864682379242,-10.069899293166978,-10.974658033917745,-10.722265956835576,-12.09603538393391,-12.26194429425815,-12.915020150347079,-12.939992208670269,-13.032004632585274,-12.816463031746364,-12.339870769093512,-11.617536169329862,-11.410325488678453,-12.638197375176023,-14.178079216673687,-14.569846572637218,-16.622433969018157,-20.779068510219982,-23.513489706732724,-23.95432008947759,-26.68221333320152,-28.797708065830207,-28.75137229686163,-31.011682848624563,-25.35159388800053,-28.95795583367418
-8.009560004250607,-8.459451088627766,-8.272887202619268,-8.564994454114212,-8.014625992736507,-7.825592958715439,-8.211412370819868,-8.277873393120341,-8.597141573483931,-8.72122145362031,-9.524207439348027,-10.071668198689022,-9.975712927112914,-9.772629336126435,-9.22332805760481,-9.254521111370817,-9.683123559428656,-10.22183220128518,-10.650725109272843,-10.712072040467673,-11.63117064086881,-12.140658572275019,-11.776838340948313,-11.63046185255224,-14.481191901280027,-14.883399739217921,-13.620590082626457,-12.879482087202595,-13.64995251348795,-14.248936807598547,-15.525676829886688,-16.930319267152687,-18.52152066050329,-22.756984993729986,-22.373070597109937,-25.073957137090602,-26.84992020947029,-29.649639815166346,-30.945537724679415,-28.27958030395868,-28.4087663725353,-33.49831975846827
-8.032932178256317,-8.157672235312456,-8.20859480154236,-8.922699735922508,-8.974052185117444,-8.316034190670404,-8.573551155600136,-8.520910485786645,-8.432479553355355,-8.997404446376,-9.26061247926587,-9.923877869884958,-10.177086531601166,-9.509324366383376,-9.049795155391408,-9.852787764020857,-10.457012113951349,-10.844236564636729,-9.879989378707986,-10.293430236781308,-10.967409859374255,-12.454715091258878,-13.20129442269834,-14.909449014701261,-15.057361496224528,-16.12053526990563,-15.056854985101118,-14.741193918887426,-15.607330741424855,-15.98523888419323,-18.457852367602193,-21.73348493138103,-23.16998381473866,-22.755420060443285,-22.320118010246475,-24.68325883904602,-27.554296701893012,-28.9278990334377,-29.67358390997343,-28.18724180102458,-31.664844690927982,-33.693868370907595
