public/json/wind_2018-09-1611_925.json
{"header": { "discipline": 10, "disciplineName": "Oceanographic_products", "center": 0, "centerName": "Ocean Modeling and Observation Laboratory", "refTime": "2018-09-16T11:00:00.000Z", "significanceOfRT": 0, "significanceOfRTName": "Analysis", "parameterCategory": 0, "parameterCategoryName": "Currents", "parameterNumber": 3, "parameterNumberName": "V-component_of_wind", "parameterUnit": "m.s-1", "forecastTime": 0, "surface1Type": 160, "surface1TypeName": "Depth below sea level", "surface1Value": 15, "numberPoints": 4800, "shape": 0, "shapeName": "Earth spherical with radius = 6,367,470 m", "scanMode": 0, "nx": 80, "ny": 60, "lo1": 109.0, "la1": 20.0, "lo2": 116.89999999999955, "la2": 14.520000000000117, "dx": 0.09999999999999432, "dy": -0.10000000000000142 }, "data":
[rows 40 to 59 of 60, columns 0 to 45 of 80]
-25.65918035765501,-24.30868106496095,-25.0656135729022,-19.122361704456743,-24.710369066220885,-27.59859374680316,-27.407294945091692,-28.529937635932445,-27.3626199667517,-23.398916617247604,-21.940396587375155,null,null,null,-26.418449328308263,-25.499778979770596,-27.433443551059568,-26.217913080925285,-27.05706770845427,null,-25.61496582977208,-24.72721394432472,-26.687135261556037,null,-18.13414813023728,-21.980960455248386,null,-19.345568918034683,-17.01096763726195,-18.23851173926795,-19.898412606063513,-17.556956472014274,-14.303303845726333,-15.834363079420493,-14.362510895878863,null,null,-13.272324486839283,-8.576035790615029,-7.883941882296379,-6.86811433509968,-5.520407585416718,-4.729627570112654,-4.717243227170711,-2.3994994463957644,-1.3945744009977437
-23.735191483746682,-25.019269805472714,-25.315965562356602,-21.612036680780506,-17.154263503589714,-24.903482784773374,-25.127643569449617,-26.728597752776125,-27.64460741783849,-25.477562258596805,-22.957669224232482,null,null,null,-22.17902547298584,-27.741733768051326,-27.348196773306185,-24.37370312224518,-23.89148884565803,-23.9133120192953,-22.02093064615693,null,-22.42752894397882,-17.607207887169544,null,null,null,-17.521124752376437,-15.577461478747283,null,null,-12.511877015105744,-12.275052902593842,null,-14.360876390082105,-14.278060567013034,-11.014435579387559,-10.003422248691765,-10.67474701211422,-8.051232562706058,-7.126910802411427,-6.928223332505024,-6.343834308118215,-5.885713432646421,-1.0174788349012838,0.2680733621392066
-22.653951939674656,-22.8229778552832,-24.898891039698377,-23.37388860175518,-15.211495562303856,-22.32980425827187,-24.467530216749854,-25.848799554903454,-27.62925749579281,-26.27183341497704,-23.511937636580107,-22.739916018562145,null,null,-24.807360088451993,-23.961184672565953,null,-25.96218766771287,-21.268797434273658,null,-25.110792519451337,-21.873738490094212,-23.24333452599541,-19.161185504683058,-16.07972703275428,-16.057390130069308,-12.693263147195076,-18.466781079452396,-16.381148973565697,null,null,null,-10.840262950870887,null,null,-10.290725291643462,-10.608176655845668,-7.413325437622751,-6.929446416850654,-5.902488879598537,-3.932352394823532,-4.4613671835037865,-2.383989538357886,-6.167042345812522,-2.5169637484311855,1.6235332504104374
-21.44275790706751,-23.07073357148762,-24.264144639766073,-22.754187371469122,-18.32452142496516,-20.066377906653155,-23.57380133120954,-25.32336322752714,-26.722021376328392,-26.90186725243275,-23.880442340011413,-24.470853803842385,-22.177097151080847,-19.016557551503425,-16.421678892258583,-14.859687258072817,null,-20.3631505272539,null,-20.11227278862407,-21.840518740783892,-24.914024926249642,-24.60054662706781,-19.147672960453075,-16.440484422382514,-18.992067325786955,-19.855221133693824,-18.455006655595046,-15.812212654610864,-12.553923377520256,-11.37689958230138,-10.658941771224793,null,null,null,null,-11.761431191412905,-7.908728393768402,-7.589093183131791,-5.126706383342412,-3.344365171232263,-3.1221596474471087,-5.779841663827984,-6.066964622314787,1.2716015232993467,-1.5413693854490154
-24.472336944208323,-25.849163745922777,-25.096114845611886,-23.380990117754447,-21.708319779819334,-19.104201583351912,-23.23890607275532,-25.138851906440305,-27.176145210554843,-27.384746706944533,-26.434686789191403,-22.204543162984937,-23.10865617235794,-23.843388834857475,-17.143386014536944,-19.874366305442294,null,-21.326997789222396,-21.2033392856306,-17.954234705676527,-23.025200486565318,-25.46807610821071,-24.160181560242695,-25.705200649504725,-16.816531634193584,-20.296842955677175,-21.747648142793405,null,-19.057164304917634,-15.520808807235655,null,null,null,-16.241392277359534,-10.78699033824002,-4.954962509913505,-7.5271211507185,-6.211685591996147,-6.7592390319748565,-9.164300146648472,-7.58090709401364,null,null,null,null,-0.2842668618695135
-26.127990049250137,-24.573177786235952,-25.41988863792681,-24.266090765030594,-22.689456511342016,-19.60138654669641,-21.56332531976367,-21.044686704509513,-26.34076784238681,-26.60103617047346,-25.543116537891173,-21.05423949889929,-23.131731569159697,-26.11284201207518,-21.09206921884119,-17.36641174067289,-20.729935851099018,-22.97372611417773,-19.709762793990812,-22.224036875349,null,-20.481573746059837,-25.228667792094747,-24.296640854653685,-22.29234997866714,null,null,null,-18.805762123734365,-17.493139764719636,null,-15.883995221530645,null,null,-12.196355966390978,-10.413211893074292,-5.769643880632458,-5.797096540720491,null,-10.295979725015968,-8.995464899546786,null,-6.893843321326821,-4.213121136681723,-3.200036010988947,-0.8251932227965855
-25.076729293797854,-24.631124753911227,-26.123563217800545,-24.067729125414477,-22.83092323195803,-21.588295459095743,-20.446142945056877,-22.853558846606447,-24.237365554033055,-25.101571180570346,-22.912419066104583,null,-21.386832685902405,-25.455494552172915,-23.962148523144997,-14.691475249205647,-23.02486690864015,-21.180843425162404,-20.160542615776958,-18.95736325379486,null,null,null,-20.496857888979847,-19.593201926179937,null,null,null,-20.251168564778865,-19.890986759123855,-16.73772397318314,null,-17.280127889577145,-18.445305832199736,-13.52781135584981,-11.354760936126148,-10.093257062024012,-8.732577067581127,null,null,null,-8.305365722018319,null,-10.232642546729773,-5.033948935388956,-4.140632862472543
-19.339486879909874,-23.945361730309124,-25.953786540208988,-24.91965627053701,-23.306898359793255,-20.688646304422555,-18.4035204467388,-21.24333246904705,-19.716108453749197,-23.814976575792066,-21.833920975525626,-20.865230537683022,null,-21.82490026246324,-24.307757966411643,-18.54691105664973,-20.796052873271204,-20.33997434970695,-21.26405439333605,-17.52459605985286,null,null,null,-23.06025149887631,-19.442376496612116,-14.650987747539201,null,null,null,null,-11.336364697542065,null,null,-12.782604695447157,-14.003000419673793,-10.098871024932716,-7.275801072374948,null,null,null,null,null,-7.785195796252979,-11.75399383241069,-7.6837968779260475,-4.118324789606238
-21.981767679534002,-24.711486376212946,-24.120056806693444,-25.86679057762729,-23.807282234869454,-21.47161559738573,-19.70170482035307,-16.527404812643546,-19.905169075446807,-20.269278526038235,-22.162519754322773,-18.26897149302548,null,-24.185048930803113,-26.080266789257127,-19.987679557566054,-21.087428272362896,-19.3153751788094,-17.344192018113134,-17.823317595272652,null,null,null,-22.054373144564735,-19.00320863341304,-14.704906119805507,null,-15.381251961245097,null,null,null,null,-9.435311986432515,-15.49584144865447,-16.869603177329196,-14.364361734074548,-10.64367209442313,null,null,null,null,null,-3.5863469921317006,null,-6.351857189732928,-4.267338336071711
-22.304532303470857,-26.429871699043954,-24.060599801134522,-26.10820039160404,-21.827935258985626,-20.719758527403773,-16.603601264055357,-15.739234334621317,-16.307826566893517,-15.251368729598143,-21.99751902592934,-20.28287391425557,-14.82616032524376,-25.110103648949877,-23.22362372337936,-22.157915740561936,null,-14.490025807907186,-22.377898608228417,-15.523927328801518,null,-10.796377272824824,-15.318954927192726,-19.063656194512163,-18.593297309487454,-17.002335078580657,null,null,-14.458494344345635,null,null,-14.472749168476135,-17.721910797473047,-15.540174362839231,-18.377095319865738,-19.451529376010562,-16.057888041197668,null,null,null,null,null,null,null,-5.477957876320684,-4.824799446555584
-26.420875724652216,-17.328860708080303,-25.819310580314784,-25.790614572826087,-23.313748927721676,-20.34880813962227,-16.67676276048864,-16.877070933608852,-9.748162446513488,-14.978376578015496,-18.078743039006962,-20.968086295454725,-18.578906202432712,-21.827709461582344,-20.376476773696545,-20.77711271297323,null,null,null,-22.434800476119367,-17.145473057239492,-20.89128459965475,-18.96614646014486,-17.54082445109676,-15.679732607081501,-16.08789551475995,-15.270282215212365,-13.460752850423646,null,null,null,null,null,null,null,null,-14.764167121915994,-14.467816849074689,-10.236437482861014,-5.843010228693775,-4.980052498046024,null,null,null,-5.689159675424969,-6.9700418729783085
-18.58874530696032,-16.891934563935532,-23.868857687189838,-26.11524173076662,-25.70961744049771,-21.11511476900276,-16.50690072940578,-8.369885154291497,-12.295838742661903,null,-17.27139843378293,-22.456645760448968,-20.517088967873704,-17.09598951637874,-21.624197169464793,-19.486199982809122,-16.39026468722539,null,null,-23.13485026578075,null,null,-22.306930937697146,-21.189738450851316,-10.2781090316526,null,-15.547164761864405,null,null,null,null,null,null,null,null,null,-11.747287575060104,-10.747884646944284,-9.392361581262472,-7.135306003503661,-4.217673314725136,-3.67357166414803,null,-3.2358796739765032,null,-7.992667760526544
-22.155992101551146,-21.06066927317768,-27.702009289346258,-20.23937369544013,-25.313448167398704,-21.962678030650153,-18.233437506068498,-12.038801251139859,-13.671844061474625,null,-17.929238338925664,-18.62531728607514,-21.201845793987836,-18.28357773453255,-19.92407341411988,-21.742666708209118,null,null,null,null,-19.471107881345795,null,null,-22.942298695934507,-25.85985183009152,-18.26991934045026,-18.354851180495384,null,null,null,null,null,null,-11.80269862553889,-10.832464411719858,-11.695772969450505,-9.76377791916364,-9.054914380093589,-8.313597189299088,-9.707648897481116,-6.48027132515278,-5.345407084454544,-5.412775631054123,null,null,-7.019365059627161
null,-15.758089763384,null,-19.412426690903857,-24.950044544914228,-22.90259865912255,-18.22243230893443,-18.584460058479497,-16.08949594636281,null,-20.754747304960183,-18.600575371444407,-22.48757846397364,-21.05637600863128,-15.985254277841156,-16.484105222153612,-19.06640974492957,-18.22057959150024,null,null,null,-16.54855124271201,null,null,null,-20.659022776377657,-17.831634326155957,-17.66578435448834,-18.316923127215393,-14.801498101777408,-17.663796472069222,null,-15.573768772556148,-13.543793018288664,-11.841146937769505,null,null,-8.047303630868036,null,-9.758655415014506,-9.164636153204192,-7.271995528770627,-5.547312658078271,null,null,null
-13.493960453275962,null,-7.849158063431759,-15.297471588835199,-22.01563048834166,-20.75452498956833,-20.279293050482487,-18.07726868807578,null,null,null,-13.901692875384404,-15.798010540008542,-22.30850291562021,-21.312525767322892,null,-16.230797115563394,-11.55613670310542,-18.35136592537625,null,null,-22.529391974128764,-16.29711199059801,null,-19.127114684352954,-18.494721274546286,-18.777385483227732,-19.798599943266247,-18.067302223767776,-18.211905379514533,-16.54566863524018,-15.291932546664325,-16.827627693870564,-16.64713307416311,-14.199649277721356,-10.027285187206026,null,-9.2880860306919,null,null,-8.45327643868046,-8.53259837389955,-7.646735541205471,null,null,null
-12.256086876174633,-13.041254978305833,-13.467332066941587,null,null,-22.097223085740588,-19.228074575725984,null,-9.538527147706588,null,null,null,-20.90378011843906,-16.91606879504717,-20.963982986658348,-16.555975328105802,-18.83784612859231,-21.729726752244545,null,null,null,-16.398250176991198,-13.657458780929847,null,-18.148198251535028,-19.18778420781218,-18.89653872750717,-18.821320882640354,-18.95290281515402,-17.936359088626087,-17.703559625488186,-16.324545199454796,-15.55627598793695,-14.38984278771035,-16.011678273618713,-14.979920392505916,-10.624538252499368,-7.295154811157124,null,null,-5.780959075423418,null,null,-6.2663300862167794,null,-1.9877995294411173
-14.3596977940715,-14.488160535291485,-16.37862342235261,-17.85883545803798,-18.707917289767504,-20.933379469779958,-19.44069405629822,-16.10150632645659,-10.499381854219033,null,null,null,null,null,-23.092068058912165,-19.374823655204757,-17.6419525939715,-20.714224310778253,-17.594716603796527,-19.607995503370965,-15.715131012265704,-18.95562837961149,-20.811718626232253,-20.507151792671248,-21.486149295833606,-19.968423330276416,-21.25482521121247,-17.268156166696933,-13.31988332217626,-14.33484808346049,-16.89143181458333,-17.692076476756068,-16.380463613333966,-15.697849698262885,-15.256893149281062,-15.151514843026957,-13.199687561411732,-12.00384425562087,-9.565449526250639,-8.89269233482425,-7.696539714201135,null,null,null,-2.329858132923267,-2.0937431255345267
-16.9711653925707,-15.16425151657124,-20.04117309665505,-16.166920390913425,-20.89917928469786,-19.625522225756672,-21.34889766874035,-16.030777661116154,-15.125778963976863,null,-12.473115491209928,null,null,-18.06071640562378,null,-22.662770352477708,null,-18.97385941719061,-21.12916627862952,-20.045499000552407,-20.46339993963673,-20.312817255380153,-18.825238373316928,null,null,null,null,-17.179178215566225,-14.2205637403261,null,-16.257313371610532,-14.448581138052273,-17.0975097698589,-15.473455537919577,-14.672105208216738,-13.800893353972054,-13.836391267354147,-11.3521779324715,-10.1497955039459,-9.662442578131344,-7.044236556590479,-6.651891251604505,null,null,-2.3070650708532416,-0.023679780519486535
-11.424327186623207,-18.590630284145206,-14.707670580068687,-18.410237482862474,-16.9314296454702,-18.6636296930042,-21.765098592404534,-20.2165969688984,-17.677435583841685,-11.175055747100455,null,null,null,null,null,null,-18.916329052946892,null,-21.047221676975308,-20.878596827735034,-18.89908304120582,-17.9541485724153,-15.739521569396034,-14.216603007217353,null,-14.304224621709963,-15.324716483462543,-15.631668574200091,-14.32289649491698,-15.539550074991283,-19.139984738111316,-18.35723713585955,-15.512524568985649,-15.887709018049485,-14.848700155390295,-12.74617853125379,-12.783791386511062,-12.589332704089758,-11.963074720630752,-10.61040129983472,-8.743897233618311,-4.354198250711125,-4.758426369408647,-1.92001929846464,-0.5662295533574939,-4.895832258356155
null,null,null,null,null,null,null,null,null,-14.19591511982042,null,null,null,null,null,null,-14.722072982312847,null,null,-22.478010227619095,-22.740868883479394,-20.456824050576074,-14.247459430926607,-14.771875067478236,-10.022092623280805,-8.567407033263693,-10.678313014690296,-12.241732887727242,-12.473520976502614,null,null,-16.114343816461062,-16.346918109401226,-16.347163483352166,-16.627162561121484,-14.129631157330994,-14.891252255648885,-13.434602339693823,-13.13625396905239,-11.279599490407906,-8.260593921848235,-6.63589065944649,-4.623581140449215,-3.5076342289790974,-5.10736544655644,-3.4679122247983263
