public/json/wind_2018-09-1517_950.json
{"header": { "discipline": 10, "disciplineName": "Oceanographic_products", "center": 0, "centerName": "Ocean Modeling and Observation Laboratory", "refTime": "2018-09-15T17:00:00.000Z", "significanceOfRT": 0, "significanceOfRTName": "Analysis", "parameterCategory": 0, "parameterCategoryName": "Currents", "parameterNumber": 3, "parameterNumberName": "V-component_of_wind", "parameterUnit": "m.s-1", "forecastTime": 0, "surface1Type": 160, "surface1TypeName": "Depth below sea level", "surface1Value": 15, "numberPoints": 4800, "shape": 0, "shapeName": "Earth spherical with radius = 6,367,470 m", "scanMode": 0, "nx": 80, "ny": 60, "lo1": 109.0, "la1": 20.0, "lo2": 116.89999999999955, "la2": 14.520000000000117, "dx": 0.09999999999999432, "dy": -0.10000000000000142 }, "data":
[rows 0 to 20 of 60, columns 0 to 48 of 80]
null,null,null,null,null,null,null,null,null,null,null,null,null,null,null,null,null,null,null,null,null,null,null,null,null,null,null,null,null,null,null,null,null,null,null,null,null,null,null,null,null,null,null,null,null,null,null,null,null
null,null,null,null,null,null,null,null,null,null,null,null,null,null,null,null,null,null,null,null,null,null,null,null,null,null,null,null,null,null,null,null,null,null,null,null,null,null,null,null,null,null,null,null,null,null,null,null,null
-8.859749837458516,-8.530052592885443,-7.801163001675907,-8.614265007257185,-9.985921376879414,-10.733435103175738,-10.980372914020833,-10.93516363363097,-11.022088627922,-11.487649056223606,-11.267254657865983,-9.845744627991003,-11.24587152724186,-13.271790341357734,-12.522350229374657,-11.974626961178423,-11.051522542159791,-10.419864551768551,-9.41019352742521,-8.75243868828829,-8.17015506486995,-7.560807803646639,-7.295842518918229,-7.676305523796398,-7.787542725177762,-7.92313685026078,-8.614022288032892,-9.297274428553685,-10.00222661221857,-10.608478868660823,-11.201078882749444,-11.84139027086104,-12.758387027773733,-13.073150350413087,-13.276100879162524,-14.649443296385943,-15.800695284227382,-16.14001069128009,-16.491894657895006,-16.95523969353064,-17.639747073226467,-17.886033971732374,-17.52071712175399,-16.448663452509997,-15.631360784454879,-15.464447084982842,-15.617969850011901,-16.364294585503774,-17.19149240844168
-8.146570784376921,-7.641716239840194,-8.50806796372314,-9.376140644172457,-10.44145167821777,-10.900023689638736,-10.927526261711916,-11.95023516355651,-12.907059414727224,-13.695448733086296,-12.358844090083501,-9.504952664972045,-11.36486663556807,-13.032767473402783,-12.855964694865651,-11.920933993575353,-11.422238890020118,-11.522259671408413,-10.831747913662458,-9.877644395639942,-8.83084096189989,-9.046254828903725,-8.718384128526836,-8.369956653261246,-8.507841802379314,-9.112560366489491,-9.534944573715514,-9.477454649555927,-9.839484293163556,-11.07617395320068,-12.526145762681514,-13.873069282406203,-12.705771971400443,-12.38685075823966,-12.278748901745871,-13.454634937600806,-16.50783675902246,-15.430871192043954,-15.180298530603308,-14.490642750820292,-16.77248115237264,-17.79461927151068,-16.051539563778558,-16.684867968710407,-12.98796079594291,-12.194359694716287,-14.065266210506351,-17.263006056894618,-17.50158031541733
-9.07874078764118,-8.230007434277521,-9.390682006164871,-10.269038553495143,-10.857334453485588,-11.255312599018072,-11.293603313001363,-12.600918085138876,-14.925930789430673,-18.24857270961676,-14.95218794337021,-11.612581142727631,-10.331751262763726,-12.798978351259285,-13.307842199247343,-12.866520986631754,-11.447398778751554,-11.962727585376367,-11.994039095284068,-11.191671216989057,-10.461461365478602,-9.879546855300015,-10.151413630205306,-9.638321352253882,-10.078769794661284,-10.041318979347754,-10.5315609391712,-11.161152398033442,-12.134037654980311,-14.106947292967162,-15.368230403998094,-15.993224534595248,-13.743469235905362,-12.49857727374033,-11.943957025005185,-13.660185460022497,-15.41321133241386,-15.499175227372914,-15.941201714290148,-16.24383958200134,-15.980091175488024,-18.591727996717594,-17.890671428505605,-16.112897087107207,-15.256192473191632,-12.864539953482394,-12.94398794378516,-17.018457360536996,-18.285779002324844
-9.969237247314622,-9.555960246858788,-10.487818670213832,-11.26732321944544,-11.274272805271831,-11.126399197727256,-10.898710328276838,-12.444617449591497,-15.488413987267343,-17.11597716231875,-16.784070784207227,-14.500442013737075,-11.672428982579193,-12.545330912164857,-13.192685247099096,-13.573401370314368,-11.860690265098329,-11.28440382796309,-11.69202550371982,-12.006509338276814,-11.490621143770777,-11.457384493990055,-11.504208991283706,-11.12489873183694,-10.88665787971316,-11.541486782632475,-11.89660769844991,-13.69851474100367,-16.008906937477366,-16.38055410064966,-16.190651096830194,-15.357456424802313,-14.210904558052071,-13.706864455130452,-13.653047103880885,-14.673975984165525,-15.834026240977646,-15.352854975226776,-16.701858047486112,-16.901591804590396,-15.93129935959951,-17.445119745154948,-18.817453772893547,-17.905991363210873,-16.595192556519752,-11.944639476654347,-11.732223721424763,-15.978923661064147,-17.209481821573707
-10.756097169750438,-11.005741696725659,-11.635866651524076,-12.048599359421576,-11.723200909637173,-11.638930686410305,-10.978238718098801,-11.621077996022205,-14.946504283759422,-16.231146960727674,-16.224038878105198,-16.033500502746875,-14.069119834171206,-13.029749155185751,-13.0948582325411,-14.405569520093843,-14.03675954960365,-12.065441132455394,-11.476337996270848,-11.590574182669833,-11.890430629657041,-11.455429813759206,-11.869416645989126,-11.621526278356093,-11.814975255514279,-12.869688742106774,-13.713988590192457,-15.033957931698152,-17.075984810625386,-16.934461605117047,-16.41343995053241,-17.72422476702151,-15.085674608745784,-11.522121385406267,-13.352186481185154,-16.070879341548878,-14.995848178044833,-15.018240973759301,-15.80911471912565,-15.918628502160322,-16.32725119110859,-17.22501585919972,-17.887588694252027,-17.78220255062283,-17.411607196942903,-12.431591747342454,-11.460373976213676,-14.519568777422434,-17.32471789034997
-11.782514478517733,-11.926670367850058,-12.365505000825085,-12.682268960596256,-12.47651753012801,-12.010859206048087,-11.487850524920175,-12.14414189849916,-14.252510229856348,-17.269392088483986,-16.29505930720757,-15.984347504721171,-14.683008206827019,-13.95179790487326,-13.14472297529825,-14.136243167870049,-13.874774042365164,-13.02659600902698,-11.517734631531708,-10.751497479093738,-11.478164113302308,-11.8154532129402,-12.171416645264706,-12.299359809642565,-12.420794066803978,-13.69062874060634,-13.41443186549779,-14.222764576867156,-16.59835779889024,-16.493850929605188,-16.455007286942074,-18.93189866076258,-17.894318366000963,-14.345446448207026,-11.266807117844968,-13.63007066862859,-14.594681828234823,-14.962884718716236,-15.18114543584256,-15.28253103778475,-15.909734362880606,-17.390162296863696,-18.07943284507545,-18.380124342288106,-18.589376245615433,-14.237041029573785,-12.775484466878737,-14.71332976316517,-16.62658878088773
-12.378281511128586,-12.680756987531778,-12.885457016249028,-13.29284911002334,-13.74676231306817,-13.142695951002082,-12.19943418464686,-11.795669824551727,-13.139096484477154,-16.94433513393605,-17.53112839479701,-16.44388643446627,-15.57713907065956,-14.936112235984469,-14.342720064472013,-13.494909394880509,-13.306262154397608,-12.15045316797477,-11.31691623644511,-10.671809404746343,-10.756016245606197,-11.582470894050443,-12.125023472967445,-12.535889818283465,-13.164197916895645,-14.098159479357921,-15.101462126609224,-15.891887202335113,-15.640325172772359,-14.3504350202939,-16.13983447427684,-16.70833524260716,-16.887581550411863,-14.143607537193477,-9.90137611780147,-10.565733893417155,-12.966743916091383,-14.175927367235568,-16.03799593014606,-16.972975361325943,-17.654758654350204,-18.878382114003053,-18.460529394985535,-19.032091564647523,-17.96462886780173,-15.960678888682436,-13.948992125563276,-13.933566476831691,-16.041968311979236
-13.08708891377039,-13.384901555416974,-12.633379112517101,-12.838859235362264,-14.417891214749098,-13.945596710930005,-12.798366366071416,-11.08525844386462,-12.803058126424958,-16.81517021262469,-18.23547759891606,-17.651389891524616,-16.23405138881125,-15.272755827839315,-13.92601331218666,-13.315359622744175,-12.417778176801384,-11.907430540792156,-11.304312028887937,-10.296737439521689,-10.004333974917914,-11.491748359990344,-12.942095592886675,-14.682560567844508,-14.541351747414133,-14.758400042868214,-14.145995724317554,-16.418151163700305,-16.519267731796063,-15.116930678079974,-13.379041411627117,-14.784730369144642,-14.721258580309538,-10.83384440936914,-10.100877404045148,-9.73476528735205,-13.05948439075777,-14.109312310417806,-16.85667728986644,-17.95226135803366,-18.661124748279057,-18.947188231083075,-18.97581269839986,-18.428455326281213,-18.473926614452736,-17.67017823834919,-14.719433543342241,-12.454238643782787,-16.229243235096632
-13.649532397822874,-13.616973850152648,-12.896979601091473,-12.979838626988967,-14.912578560083785,-14.726324927841977,-13.9650853287729,-11.124093927005154,-12.390588288121645,-16.9941948019717,-18.019129373081185,-18.62824395925378,-16.720534834847427,-15.382272429730387,-14.717419953750841,-13.070000433788898,-12.479958287340251,-11.873603634191541,-10.81583640890277,-10.301338710641561,-9.948794584132097,-11.077109371531051,-13.345476818711209,-13.467325548936092,-14.007654964697274,-16.286384272590386,-15.515334798161957,-17.723973204297,-16.863057913640898,-14.595105420082236,-12.15602586855401,-12.777509536843004,-11.540137462206744,-11.207725357469755,-10.644592785317334,-10.642398437715471,-12.499173644519944,-14.514797330804342,-15.95566199717386,-16.918126635313318,-18.47953517914596,-18.583846332341192,-18.000783153660947,-17.843136448299553,-17.87732536180357,-17.595836505501577,-15.739736057789166,-13.31013443240234,-16.80184219015329
-14.002640299805108,-13.843292127343823,-13.301527185042705,-12.68916597300925,-15.839137272436735,-16.069860050203832,-15.219039645221029,-12.29270577458781,-11.390985585995926,-16.469116202278528,-18.258149893163868,-18.735997465097295,-17.20527929839159,-16.507024472884932,-15.519949290151407,-13.68602469164636,-12.452616643831275,-11.671152652306326,-10.981852856310686,-10.426088895118657,-9.249645760657776,-10.960988906015984,-12.921795154854744,-13.39492405308342,-13.131094390506245,-15.718968347364546,-15.770398532376046,-16.404614602270847,-14.061510349662587,-12.605554151771617,-11.246904269396055,-10.932569118067127,-11.180345091484469,-10.4425358439615,-10.732545157841201,-11.784837720024314,-12.901943377858373,-14.635818387432225,-15.280656699621291,-15.627316409294975,-17.5650341360411,-17.579593016531895,-17.72837500123481,-17.662774500461754,-17.353022354958426,-17.291235034478753,-17.692955566945766,-15.816510148954514,-16.700092188852402
-14.483955642244105,-14.335558065115606,-13.752016925202717,-12.620056805888458,-16.226655246302663,-16.364224541680045,-15.486864817522914,-13.584390546788086,-11.150330743700543,-14.36067865031337,-17.780988777740937,-18.18436873593914,-16.89727675012544,-15.993804004001827,-15.308527611730177,-14.913043581299046,-13.457681191386731,-12.523934606651705,-11.082318812314364,-10.452950491468659,-9.082748964317657,-10.523661395247286,-12.5344630092143,-12.799013748990355,-12.886070008494851,-14.32281319061827,-16.147183871775894,-16.378056991619466,-13.894957610353776,-13.685765950393732,-11.768174690535318,-12.234116689471099,-12.003009670228808,-11.192097197323296,-11.523064286063317,-12.99608694518447,-14.669527453976393,-15.822225463437348,-15.80117608465763,-16.051319144088193,-18.403663108415945,-17.17104864497552,-17.58440448998081,-17.46313560339397,-17.46229461033779,-17.639317995809606,-17.6416545358734,-16.726673081644094,-15.21489865331926
-15.109156607524941,-15.501794741665664,-15.773225218539542,-13.159078929855243,-16.633686509061235,-15.78793855098479,-15.708274614633455,-15.732082985266963,-14.116123685614788,-12.964721027368558,-16.145626473998437,-16.338611752912445,-15.845347799497308,-15.950474949402212,-15.44520498965898,-15.286895068147672,-14.357827835317533,-12.842826744899378,-12.645208565333842,-10.76135306037025,-8.348960594459694,-10.287446971222169,-12.60068147347025,-12.234334808484856,-11.909528744965218,-14.605970944258061,-15.181229665833724,-16.92816203877459,-17.333584933268316,-14.911069276072926,-13.08746390565828,-12.187633642555559,-12.18420796149059,-12.471012249661236,-12.157882216989776,-13.36920045071835,-15.581608501022117,-17.064458002677107,-17.604410886779053,-18.22663842839987,-18.877612495718328,-19.350383237727367,-18.00768505893275,-17.41876517886567,-17.03363465073192,-17.792289205540758,-17.35172924644278,-17.456907938292957,-16.51816407372114
-15.96933487876211,-15.573862695697606,-15.170326802707214,-15.073075238399674,-15.651203570698915,-15.51646731664287,-14.782303028799749,-15.806643691370713,-15.244482206824344,-14.649571974771003,-14.471624365892081,-15.597417543991803,-15.601565425703694,-16.023930470391576,-15.777383639560705,-15.406820046974905,-15.637875621398829,-13.006557217595386,-11.67007880373498,-12.037642286351197,-8.291341752344536,-8.192378611119414,-12.26505281000325,-13.951668293874292,-13.288103961822436,-13.097805227853058,-17.18227217630043,-16.4884351073475,-16.296120971277112,-16.362265561128922,-14.831428545341762,-13.593749347490169,-13.740691914568654,-12.854937802107669,-13.534254879376501,-14.579638326063083,-15.437456892129441,-17.927410736736913,-19.938879681173407,-20.751730204791066,-21.294845043324596,-19.786449449570245,-18.87398994330868,-17.90823612828908,-17.19541949254771,-17.90955571307068,-18.002696711982228,-17.04564644373678,-16.51513986544857
-15.906176695315326,-14.877929325003413,-15.221214527274238,-15.450872656079968,-15.158130686829153,-14.985484620464936,-15.01673913751711,-15.1155312341106,-14.916044924717635,-14.275891533987627,-16.003586350836134,-16.209688370478613,-15.598758256312276,-16.143988109760862,-16.501457228723496,-15.828982449535143,-15.945831304890802,-15.26612080353954,-12.086232131821316,-12.106766255633456,-9.437331726383512,-8.323739157384995,-9.56495563770043,-15.581732541810762,-12.735495603848044,-12.928551815778796,-14.884788044739716,-17.323252618921835,-16.702899829889603,-17.976585872703097,-17.396089995856652,-14.768822633313913,-15.899450997379256,-15.137850239176117,-13.86645160513567,-14.452761693774718,-18.2896488219004,-17.174079480146276,-20.09419925290691,-21.530654734534068,-21.544963450596256,-20.500522830302998,-19.704336237051265,-18.606050180781835,-17.675384434185588,-17.918795350347136,-18.905670243263224,-17.116164666803265,-16.369605944104922
-14.071785949858992,-12.779167975427505,-15.620344391345506,-16.389850776213937,-16.06529749543515,-15.194168811713308,-15.15660389856052,-14.975926524429687,-15.121769985933511,-15.991980418511066,-16.795504794894,-17.194103848128584,-17.040700247442565,-15.581135199542533,-17.069289091532852,-16.66781946127277,-16.567081987797888,-16.357483649005292,-14.50703568522696,-11.261059990100815,-11.22255222076825,-10.283999779437941,-8.074152507925001,-12.541459236575166,-13.03069896083588,-13.064090512637062,-15.637001002089345,-15.903487514803436,-17.20640964165133,-17.96432111112524,-17.132459545504883,-16.863239182941754,-17.10232709014772,-18.440324404089875,-16.42340933299434,-15.93320898203634,-17.06462147297466,-17.41233896289534,-18.147408258582523,-21.196231780457627,-20.30905176850714,-20.028381235962065,-19.576554505336578,-18.92231961763694,-18.70487013480191,-18.72381839863285,-17.653744914807532,-18.245927913288927,-15.951312551804431
-12.495310436157327,-11.370846961441503,-14.799348204180932,-17.500118287131098,-17.222658033276538,-15.096558368600524,-15.568076192654129,-15.524127091710673,-15.942223344798613,-16.703504248933164,-17.101241408054914,-17.767532102841713,-17.375591701170865,-16.745944691105883,-17.522766183097055,-17.065575901451716,-16.51461792266238,-16.667484588958555,-15.95325721540616,-13.932987283045549,-12.195032539832347,null,-10.345932044042948,-9.849626727369715,null,-14.441690110220236,-16.616558581497372,-17.459377297313512,-17.47936980005394,-17.420226232432473,-18.42426443201922,-18.642704485761712,-17.024153519705855,-14.947035738204558,-19.10868081568576,-18.95857550328827,-19.03655574387018,-19.083106637653223,-18.634278092550783,-18.774255055665794,-20.255215181744923,-20.53303660615194,-18.576994982583887,-18.723287711839358,-19.625319791045946,-19.782211098052105,-17.9067455569695,-17.276494899828304,-16.730795868327363
-12.72868788378573,-12.110717991596296,-12.762079030964644,-15.354657974271902,-18.379629076714362,-16.168509290087414,-13.153964988375305,-15.939727927061409,-15.0453467323886,-16.20145584548172,-17.576112084917035,-17.996776942504887,-17.88635361296541,-17.490373606512982,-17.72556641664261,-17.03043025843478,-16.688340442891487,-16.619658767943278,-16.06847420369775,-14.535981925539458,-12.392868990446734,null,-15.587078309030055,-13.05995588717323,null,null,-14.600655590798471,-17.21967253241911,-17.494245992803606,-16.721173128509495,-18.96275630249858,-18.678718033486042,-19.262252104150328,-19.36561684143907,-20.266705686966805,-17.683516457239023,-18.778094299688405,-20.681787611352906,-18.82122784265257,-16.244942061083833,-19.878779353635977,-19.376075408319544,-18.66479762728501,-18.65036287924172,-17.178377280381227,-19.816923497440794,-18.462794572347395,-17.190659977798727,-16.96579571209555
-12.87730873892476,-13.35453337956628,-13.558263833815516,-14.341197487804981,-17.282013749923284,-16.541053415880935,-15.458608041846738,-15.36636889024801,-15.559824865616743,-15.19837604401965,-16.38454629945766,-17.682491323930687,-18.120041492684905,-17.123955313919737,-17.702256173775943,-17.5662268610704,-16.643897259743028,-16.443034524310836,-16.325685513026656,-16.031440141357844,-13.866673848262138,null,null,null,-9.821397715592937,-6.913092879645379,-11.231378626910544,-16.956598563517034,-17.55004499113077,-16.345140340473435,-13.010380845085956,-19.00211338518817,-19.694697172206943,-18.661318215686794,-19.794994416818515,-20.685963791691837,-17.955885012980936,-18.564893533770462,-17.429556681154708,-17.808443050839102,-17.479744712977237,-18.482565320715395,-17.96465887359889,-17.654137895668182,-18.196440961784837,-18.73886244991253,-18.609641739651337,-18.27633726720244,-18.607985062337736
-13.273753772486163,-13.387442763205646,-13.468768453800665,-15.105473170814495,-16.496302849130636,-16.600048919799473,-15.357583151745093,-15.983514928568704,-15.645965757319004,-15.815858586947051,-15.791629814049369,-16.2646000347037,-17.36483222236672,-17.822786554087646,-16.640527913640955,-18.2803543199289,-17.827293167259494,-16.93298537322702,-16.886423984729845,-16.75017249056454,-12.221440404938537,-5.221352526478548,-1.2861000449984152,-12.70975413496155,-15.257519560389131,-9.82683776809878,-14.846049100389038,-15.828682685877036,-14.342792810620995,-16.9436139403404,-15.555763960157568,-18.677346509191636,-20.50365324202512,-18.982316886250416,-20.509379666410386,-18.308889825365878,-19.99400752608414,-20.48450924108429,-18.864790444575892,-15.56229204040094,-18.086659265124585,-18.302442201910544,-17.750607488948816,-16.011341846221185,-18.213440164573505,-18.296100856588076,-18.9033072076084,-16.575319296511164,-19.142498266450623
