public/json/wind_2018-09-1523_950.json
{"header": { "discipline": 10, "disciplineName": "Oceanographic_products", "center": 0, "centerName": "Ocean Modeling and Observation Laboratory", "refTime": "2018-09-15T23:00:00.000Z", "significanceOfRT": 0, "significanceOfRTName": "Analysis", "parameterCategory": 0, "parameterCategoryName": "Currents", "parameterNumber": 2, "parameterNumberName": "U-component_of_wind", "parameterUnit": "m.s-1", "forecastTime": 0, "surface1Type": 160, "surface1TypeName": "Depth below sea level", "surface1Value": 15, "numberPoints": 4800, "shape": 0, "shapeName": "Earth spherical with radius = 6,367,470 m", "scanMode": 0, "nx": 80, "ny": 60, "lo1": 109.0, "la1": 20.0, "lo2": 116.89999999999955, "la2": 14.520000000000117, "dx": 0.09999999999999432, "dy": -0.10000000000000142 }, "data":
[rows 0 to 21 of 60, columns 0 to 48 of 80]
null,null,null,null,null,null,null,null,null,null,null,null,null,null,null,null,null,null,null,null,null,null,null,null,null,null,null,null,null,null,null,null,null,null,null,null,null,null,null,null,null,null,null,null,null,null,null,null,null
null,null,null,null,null,null,null,null,null,null,null,null,null,null,null,null,null,null,null,null,null,null,null,null,null,null,null,null,null,null,null,null,null,null,null,null,null,null,null,null,null,null,null,null,null,null,null,null,null
-0.09054847646443775,0.2696756664447297,0.5067077636089501,1.1263243484319494,1.3025287659279634,1.183873552375771,1.095353899746501,-0.24468693904559125,-1.7098704193260943,-2.676275191672052,-2.4872591089395666,-2.3684939474779907,-1.4977549134270292,-0.8486542955011616,0.07776385220143106,1.0291329477348616,2.473085540675375,3.3961985037961604,3.877350485223339,3.8029966412287473,2.8194898976598406,0.5630692326208064,1.4041974618698032,2.0173867281324824,2.763708421836807,3.315845289865864,3.88321292904087,4.304119972409786,4.895335623517564,5.3701890802891015,5.583840949822859,6.069229881504162,6.694989288238295,6.969620113659812,6.991591480482445,8.21706540657214,9.270491345238243,10.20185646986844,10.746752486993023,11.712991148348578,13.022172865963197,13.667916333075397,13.725621195620226,14.742000299469977,15.222042767635774,15.925886617459902,17.439564526042744,17.185587376808677,14.563238657114725
-0.30775122293639057,-0.10225551067093543,0.3491735435121819,0.9577888459987012,0.8191433597189094,-0.07553805076426981,-0.7355071016677741,-1.8222033759998335,-2.7125234095802755,-3.6330619467924796,-3.6493440106812964,-2.531722334806325,-1.8447030349774924,-0.6701418193295973,0.0018558088294057876,0.23765385181089027,0.8668033652516833,1.6125123716970087,1.3337771723234901,0.8476498535951005,-0.1739509538886554,-2.0370819870528623,-1.0363044700361597,-1.5991045290061694,-1.207011858106223,-1.1128833223553496,-0.30580769400669183,1.3023671059840038,3.3760873578664476,5.319165404099376,6.197130748867902,6.691538714317814,7.286079113760206,5.856742208470984,7.3722230203601224,7.754125093684034,8.961781055332134,9.238131249222333,10.359177035984864,12.700988418956719,14.78262667395182,17.359260874367862,17.473003323151463,16.507001317861516,15.97861242721022,14.989979429196634,14.461141942286243,13.718389911333084,14.45484258539335
-0.4944674101235977,-0.19349490400377742,0.20407015331435785,0.4844822476478768,-0.24043929299329087,-0.747697604830424,-1.645487189475905,-2.4412316514702366,-2.9256643741462827,-4.417610751053202,-3.9642341864115505,-2.7698610651281514,-0.4351766541306632,0.1221745182087743,-0.06210218551303346,0.508271137278924,0.5403899730776477,0.16465478908872494,1.4827112782118947,1.533192416217334,0.6426776849636685,0.6414205944198359,-0.3110022889429513,1.2522971042509212,1.8886541948722408,1.2625163640271024,0.6714030052140754,1.0450051937297347,1.6664647334783975,2.2817386892964326,2.892852459244511,3.2699545435247,4.298720215225785,5.054814858392908,6.147467633844605,7.455941311607427,7.96269593314645,9.09776540589733,9.97852913072382,12.456924819070855,14.516344798386019,16.3311101114773,16.207827823430534,15.447951841934666,12.073457095238163,13.017736559952228,13.040637643043976,13.16911130623657,15.953743315564852
-0.7871073365526293,-0.4189125603823042,-0.21445487991498585,-0.25547308180392064,-0.5724444113518585,-1.889599245974603,-2.509606781432531,-2.9128536941040792,-3.839005928325242,-3.751832819376699,-2.384357714837443,-1.465837711489347,-0.203926752174298,-0.6335209473212668,-0.4546796200590051,-0.15213771512801538,0.001627326836835878,0.7466266625516284,0.9574086406122496,1.2706607963053247,1.3227417978149478,0.7699827214090842,1.3094989554433178,3.822150871771671,4.346340511936211,2.766584522926835,1.770443068831807,2.052017002463762,2.9146103927424347,3.54725484251769,3.264624761239123,2.9308438893165816,2.9775693115666018,3.977018364139491,5.437473201254983,6.556077001289119,8.050565951184561,9.380046224176684,10.285083316101053,11.961878548676587,14.529789406504669,15.478058663171147,14.212649063710026,14.951425967656439,12.693678124944519,11.714765016247284,13.011895082788188,12.599391998027887,14.865462373254182
-1.1996550619053017,-0.9577289193116065,-0.756417024929714,-0.8593234464076702,-1.3488885120957204,-2.2931297527163803,-3.0655016892761044,-3.7853415150514422,-4.4128828836442855,-4.147609176605137,-3.276674839634908,-2.4528573105147093,-2.087191897825153,-1.499769018483716,-0.9902564836719456,-0.573677845158002,0.2743154099274259,1.2610246595176697,1.2461980541717672,1.763024919475122,1.4411858093720782,0.9175133788955843,0.690998834139901,1.8270738397374493,2.168057103460202,5.0742822390437725,3.8633337883278593,3.2608042127729924,3.524480599534953,3.844476843458898,4.147991412626069,3.9045019431684507,3.732269724298171,4.611076271529308,5.072576520463713,5.769353231342955,7.6020316650775595,7.5936219162517,9.402170361783867,10.446744939319554,11.989994438382814,13.274003344385038,12.205054596101599,12.668711040235806,13.269931837412468,11.180295695037358,13.537576805626845,13.585679580243257,15.117919369394642
-1.6164722357063448,-1.2728890141589724,-1.3003519424540062,-1.4352275310829858,-1.9691114835515817,-2.8521819061718645,-3.2052102908373037,-3.5664272736383262,-3.703751551025552,-3.8700677307143447,-3.925351811839679,-3.931092188803076,-2.74650973818113,-1.7660940339901652,-1.508590967171965,-0.5627917248035879,0.3823266018223763,0.9507387640538442,1.7424367158446983,1.260194758031025,-0.3650166706055786,0.8898156875766328,2.060564867981235,1.7036313697437886,2.323566547468472,3.040806797213764,2.7930808637774738,4.132815105378642,3.9996170664352153,3.83892081871412,3.4584254023583516,3.988778515901644,4.145573136339402,4.470212995504977,3.7548492528362405,3.7249036369468325,5.358819006812178,7.368493385065534,8.864021871424413,10.545320972496294,11.845436778856078,12.415290513459414,11.554724498792618,10.465067834064213,10.918859036082019,10.892513071825315,10.558270643063057,13.12815606703975,13.292292537190573
-2.123409880958204,-1.7965005835211747,-1.520314469158337,-1.78847053612767,-2.2574172723336106,-2.927129597857406,-3.448931451906466,-2.878640064014979,-3.646466839639073,-4.273687004819085,-4.556869233651579,-4.278379435508319,-3.328869945131028,-2.5656534759178795,-2.035844649599375,-0.5847465265240155,0.12876528349389232,0.6111097100140115,1.6287370502115646,1.4820077854908333,0.026094963267012782,-0.2046630653230218,0.8456972914976704,2.5947556995062917,1.7705777512216627,2.1241439688239714,2.3785842052634494,3.067353064554109,3.452865554028143,3.197017390136563,3.0693260757740095,2.6288257871781093,3.8396145632414718,3.7152158010848044,2.9895969758961076,4.169500535033612,5.081656506807147,6.345349014794339,7.562604994793997,9.300162281507355,10.847961497189777,10.805811833076229,10.505057276645488,9.42951474379058,9.017578387840363,9.697203840224436,8.45477379293705,11.42987869661194,10.929433669000906
-2.8707960478397148,-2.4298212759555375,-2.149652706612446,-2.0643735180094125,-2.5919414500199633,-2.736162382043918,-3.1964903373702493,-2.8493608255217953,-3.2124613868732537,-4.1196876464732535,-4.095032299965369,-3.471923457731323,-3.5075568983311203,-2.6289279618832087,-1.8290918598412642,-0.6389858897088402,-0.8131972793346798,0.20459719872696053,1.477079912307274,1.6165345208024753,0.02531844411428176,-0.4676807222949332,0.28791116260799643,0.7098323112819266,1.4053522301801853,1.0282370725329415,1.3220504353651263,1.2990322887474077,2.222655977168305,2.187227655651959,2.342245229989148,1.263213795529711,1.9813356249893606,2.9188151011878856,2.9200657610228644,3.770817601810451,5.146346681203649,6.763006322642834,6.854996447748583,8.03116165458215,9.206198959455614,8.881439445243357,8.937778993688731,9.053023527138404,7.519173083073469,7.516678654023549,7.041857006464014,9.590902316757045,8.421773808296788
-3.720816343049308,-3.3166714357321334,-3.108205302643249,-2.8727820243172397,-3.0912496667712794,-2.909677800586487,-3.0542621343928564,-2.7212427982247003,-2.612837759657854,-3.6300035523087435,-3.861504237814431,-3.660645871653865,-3.2722302075281493,-3.132576746671332,-1.9362455028635093,-2.020842956703036,-1.2077315095488612,-0.3077349365832266,0.9957661017267533,1.3790796868547535,-0.29689614162339806,-1.3873929502947253,-0.3207498026235136,-0.03629541914651127,-0.11636765993883502,-0.27915924635300404,0.2497562001158382,0.06653676408577494,0.7749442029770812,1.3544573869997871,1.4515709250334212,1.633610935570625,1.4662939740268328,1.9979290130805576,2.7402869012000544,3.405815281993561,4.580767613043706,5.376926228967679,6.282893168627661,7.120658217302653,7.8320289473607385,7.876525465330483,8.44689638490288,8.72445763192735,6.666495189688066,5.895145168243949,4.567721724938215,6.186776895239113,7.627152666604351
-4.6217937161118225,-4.247399274261841,-4.035864918885165,-3.728675300965537,-3.6024929404503974,-3.2247644152565713,-2.8596810902503638,-3.14007113502396,-2.777233764674549,-3.5322813906074844,-4.2151848415695925,-3.6921423755221046,-3.188944867644652,-2.3476011925601616,-1.5975312174777874,-1.8926114989718252,-1.6436204421507818,-0.8585737169863875,0.2932523713734695,0.3454850432574541,-0.6950577975897466,-1.3328560602950912,-1.3042670876706164,-1.541847961931163,-1.3720601804883095,-0.871408220148347,-0.021684121347356818,-0.3353388461934158,-0.12321450884518492,0.6852344721350506,0.49365187658999077,0.41836959249642736,1.1940218374552052,1.5524713721157326,1.98579389228671,2.9340470346880005,3.125451473126132,4.4960642205576615,5.744046503787528,6.33064551110483,6.444012845930205,7.468926556865434,7.0997878880253875,7.1107197199492695,5.428095633383537,4.565364156735299,3.666792401593952,5.6623608467250435,6.589938078161108
-5.251959438792673,-4.714315601228285,-4.916554645010235,-4.43572521012424,-4.1545632834206785,-3.8453352961610663,-3.3061535964213236,-3.525054512353845,-2.806849135111291,-3.412910805406172,-3.8561675246392273,-2.773682692243571,-2.4755608503519997,-2.7096319176045345,-2.330307586869392,-1.9854182173434811,-2.171863254703727,-1.8514669744510386,-0.5261919954788637,-0.8670980466927158,-0.5763078135119833,-1.1163221870840927,-1.5413799189212072,-1.6841980183057013,-1.7549544493366682,-1.3188917124003954,-0.40230293504263714,-0.019120471224697958,0.2789880332637015,0.6049777331755141,0.36380927383766914,0.5766007611711581,1.1450888462246163,2.1674650165625406,1.8531585828552628,2.088519732982417,2.7367865591817013,3.960746226242408,4.1203022377170395,5.242346162736858,5.414870867691703,6.310117540266016,6.725681108120292,6.3258334845446065,4.220078477005966,3.3844962711195796,2.129741154759841,4.353482871137739,4.966541614159485
-5.127790836399381,-4.558813264890103,-5.141319839876027,-4.950256409812261,-4.724521805376051,-4.439722036570184,-3.9593594814410427,-4.021084878058512,-3.6768805533677975,-4.233549819677757,-4.398591702433363,-3.8514030677335516,-3.643809791250523,-3.699371609972056,-2.873443466889984,-2.2698613708297,-2.7436583887652266,-2.7687353244907666,-1.7157583256444249,-1.2605584894154545,-1.073429843908706,-2.3998702312072027,-2.8287200686709264,-3.9514907888350876,-3.4425495201540097,-3.248788341796911,-1.6875940162060559,-1.6068917615896683,-0.699239339098578,0.04620803120606031,-0.23745119821878186,0.23198867900552622,0.81688977118642,1.8333094217528438,2.8004893069028736,2.908259098336801,2.303854320184243,2.901215468710564,3.2705165172368265,4.169776603402825,4.28912836819313,4.734225525701106,5.083315729877984,5.015117824291852,2.8375486928199445,0.8873985177987871,0.7662006034446002,0.6383309315827447,0.6151451798134997
-4.7664483753262985,-4.524955539038505,-4.592536955311651,-4.442606387585126,-4.4201186390551355,-4.391514119730692,-4.523835740967302,-4.48786436731678,-3.9062017105678573,-4.49183993756552,-4.819319852126093,-4.124031326323605,-4.026881183715653,-3.7010406058077048,-3.3504871503656553,-2.501821752793788,-3.0795479334506592,-3.14149253991109,-3.0077479606083806,-1.0909500748263954,0.04123001337389149,-3.9180303638776004,-3.4894841203821017,-5.4104490283562825,-6.175184822978386,-4.30448278074322,-2.2943832782815794,-3.4673478002710967,-1.5684042596119638,-0.5499594313560727,-0.7025895110746819,-0.399756412180964,-0.040990854993939715,0.749636266642377,1.7861813206685349,2.50571774428712,2.0992317743190596,1.9575122657531565,2.3780397663426265,3.178643574668301,3.6965700681692866,4.331062071185832,4.138443699262356,3.380119394687995,2.0575860405799054,-1.338601538091205,-0.13192490297057455,0.03566980312048339,-1.0072160475284149
-4.304648423925259,-4.304270320626719,-4.186892680788072,-4.39730986736913,-3.930173738425763,-4.100450270073352,-4.738188420850969,-4.578823260717502,-4.4140857160900415,-4.484600420484192,-4.618009064324256,-4.824846511044197,-4.991704130629731,-3.873019827614547,-3.7187079978025874,-3.4200545340633233,-3.059256708433262,-3.6757515855969993,-3.902538610663947,-1.7258867584807809,1.6202711974049298,-4.738083503581893,-4.694401361197426,-4.599774864647826,-6.842632271370532,-5.401599928795837,-3.8171447060021455,-4.672920680210488,-2.078530446772332,-0.5492004062744432,-1.5790047246503196,-1.9564704164168867,-0.7216532068664371,-1.1165592062324177,-0.6353248284427142,0.9211751804027577,1.5067932355768932,1.2565649353109818,1.838614283826741,2.4790327525919826,3.060491960498231,3.0523669316515045,2.6121976371418123,2.461299597400303,1.3268487360097907,-1.392188582542766,-3.1581704298089566,-3.3728927726950024,-4.555922758177188
-4.043438134608502,-4.334135004353728,-4.0471594221130465,-3.930166637136555,-3.6536053524653025,-4.719293047502078,-4.602797601220557,-4.635185191182419,-4.702832117233588,-3.696355806733052,-5.4041304894887485,-4.804891824870344,-5.4122329096667805,-4.171330611954006,-3.2807673212340016,-3.1426753488895867,-3.4557134019420745,-3.2963325131824486,-4.398957582601783,-3.2861904310156316,0.7399064105984587,-3.548944263658208,-4.9229710890111695,-3.710248456334768,-6.446638683980275,-8.113967119290631,-4.899945645477116,-0.240787763049572,-1.3982580323773224,-1.5818611817973185,-2.543504683883186,-2.8098536353013546,-2.3101790206598336,-2.7692239590327112,-2.414687935974387,-0.04279711379682645,0.6270615915540143,0.819109446793151,1.5419506142355557,2.114190357997646,1.788237806382922,2.0537645226682293,2.3415364029857297,1.3670433540160338,0.16461935546338927,-4.3731731110846415,-4.726232312846315,-5.049830767006494,-5.422447244010176
-4.04569959773904,-3.817099263076764,-3.6356091103707584,-4.946281697182,-4.051264729281918,-3.8214546763794353,-4.878274452443697,-5.135761404768753,-4.277919710687909,-4.6325595711633945,-5.495093676945195,-5.099912390514792,-4.592778802658953,-4.300698510856624,-3.6817151121198606,-2.9870549302006673,-3.7089453036004674,-3.242404838260576,-4.063832734718503,-4.585189505500847,-1.2530227980384347,null,-4.12147790068816,-5.812827966866412,null,-4.118323476344524,-4.6339878758983355,-2.5999227575325716,-2.4054123046887863,-1.2747172126311355,-3.0583778629199316,-4.193071462047918,-4.273371473522025,-0.7987313491659626,-1.674047605907316,-1.2985674407388734,-0.7251320933203483,-0.21893536891123844,0.6523231060483969,1.4403568753894849,-0.30269658309215786,1.102395173321115,1.419328274160202,1.7256254274666072,-0.8379538649870081,-5.01994679113101,-5.954874780869025,-4.789405749435828,-3.789948221973598
-4.104247975748456,-3.619534604680154,-3.173811785244719,-3.7699445963101956,-3.7817114420764706,-4.204492829152537,-3.3349042679948258,-3.779120784591983,-4.3831947091336305,-2.884231149042662,-5.371476990019065,-5.352965464812881,-4.0474863714408365,-4.291181394016709,-4.245734132978085,-3.405708925738509,-4.631466192658781,-4.324152925489295,-5.018589972408261,-3.4947363827318303,-3.175710176408831,null,-8.123372771630063,-6.227636557296373,null,null,-3.1497989094184273,-3.014530978725154,-1.7369582756126483,-2.9779073996068677,-3.9192690394425744,-5.461353184855058,-5.919106015664118,-3.8804039536951254,-3.0304317823718594,-1.209669772636889,0.9264670281740239,1.7118171443114996,-0.21264286515497752,1.1122302105577444,-1.8411271223119359,0.20132162456254593,0.526683176100549,0.34537597286272625,-1.2026845867499687,-4.958200226202024,-7.019330368637547,-6.156807370537187,-5.766580128541257
-4.096633235325097,-3.5179608332138175,-2.941479362789616,-3.507426170674282,-4.223170378154458,-4.330015987936762,-3.8332321149429323,-4.962151443925086,-4.11909252943564,-4.309723873083989,-3.8707907052816797,-3.8188336295217273,-4.626070559092142,-4.339135592599474,-4.052144900828645,-4.134102404571297,-4.229266358997897,-3.739676995144909,-4.511767366170014,-5.81976353967022,-5.523077374871313,null,null,null,-2.916923107623795,-2.7643907887526256,-3.08048013735653,-4.530378264752071,-3.7842266758543843,-2.994304171552335,-1.021667677309494,-5.858439855217872,-6.707243419173884,-4.49879907901441,-4.496797099673881,-3.476985886905438,-0.565085921572211,-0.31062490450721075,-1.236683879122899,-1.1160316951839526,-2.8489336903498956,-0.9769088426940654,-1.030838419515645,-1.5291230457549134,-2.8100056942339062,-5.889198809081327,-7.4037330348285835,-7.8844253541211815,-7.7954188822899075
-3.9033687833946447,-3.688693534448091,-3.1186225863552424,-3.453736473310887,-3.9341231686060754,-4.059135829975942,-4.243293789193988,-6.349199636929982,-5.562252600165525,-4.441530287519817,-3.8392217338385133,-2.844147533577931,-4.667587906320843,-3.2827136141606066,-4.243564211543917,-3.326864003629217,-5.574294858915766,-3.9978740153067935,-5.336048333155409,-4.368662766711898,-4.692388236831126,-4.771575359416118,1.3988702508675115,-3.7267939158482677,-5.204670929403421,-1.947213835081524,-6.366067491499351,-4.089999198346164,-1.599621491090295,-1.8953443729358048,-3.6187731973729766,-2.5125092646393554,-7.744785273913196,-6.233905075885817,-4.831707641900027,-1.0396803661852745,-2.5349144497843175,-3.3252107404210642,-3.177136125629845,-0.36407377837087757,-5.214532130564021,-2.436320053774266,-2.6619178276184736,-3.251186712531273,-5.540961154237053,-6.6950266902764435,-8.636278003562612,-9.46644234030304,-8.042123452463468
-3.0324225541780305,-3.49084361339321,-3.084992886171518,-3.5394289747282572,-0.38010099079923837,-2.887647303880837,-4.758749256654158,null,-3.535940522302923,-4.242967807331519,-4.226713326168144,-0.7589063511885568,-4.045084702511008,-3.0645772010943917,-5.479106129696291,-2.4133022224168044,-4.933333466217844,-4.714383261373412,-5.066740149299401,-4.363545275127197,-3.2185330281527973,-3.776490339153562,null,null,null,null,null,-1.7072001293747248,-4.73341159475626,-1.7547309296491158,-1.809277488096621,-3.2911956975923418,-1.2700837116192718,-6.990272559940233,-6.5450036271808765,-4.24156367955918,-3.7446834383340963,-4.169278669566918,-3.5370132000893197,-3.690211277554696,null,-3.6337879119760967,-3.9679029769146634,-3.279466204078353,-6.522148145663686,-6.686759018160649,-8.839203082475365,-8.751474265758562,-7.4029128643240405
