public/json/wind_2018-09-1516_700.json
{"header": { "discipline": 10, "disciplineName": "Oceanographic_products", "center": 0, "centerName": "Ocean Modeling and Observation Laboratory", "refTime": "2018-09-15T16:00:00.000Z", "significanceOfRT": 0, "significanceOfRTName": "Analysis", "parameterCategory": 0, "parameterCategoryName": "Currents", "parameterNumber": 2, "parameterNumberName": "U-component_of_wind", "parameterUnit": "m.s-1", "forecastTime": 0, "surface1Type": 160, "surface1TypeName": "Depth below sea level", "surface1Value": 15, "numberPoints": 4800, "shape": 0, "shapeName": "Earth spherical with radius = 6,367,470 m", "scanMode": 0, "nx": 80, "ny": 60, "lo1": 109.0, "la1": 20.0, "lo2": 116.89999999999955, "la2": 14.520000000000117, "dx": 0.09999999999999432, "dy": -0.10000000000000142 }, "data":
[rows 0 to 18 of 60, columns 0 to 41 of 80]
null,null,null,null,null,null,null,null,null,null,null,null,null,null,null,null,null,null,null,null,null,null,null,null,null,null,null,null,null,null,null,null,null,null,null,null,null,null,null,null,null,null
null,null,null,null,null,null,null,null,null,null,null,null,null,null,null,null,null,null,null,null,null,null,null,null,null,null,null,null,null,null,null,null,null,null,null,null,null,null,null,null,null,null
-8.220322907308164,-7.858344974035619,-7.5002812090729725,-6.834557907545588,-6.405331882771357,-6.241034823021179,-5.934271769639832,-5.554634853416316,-5.21023016588264,-5.467806311177982,-6.324472243154786,-6.548862302142802,-6.245545629565815,-6.04876534067705,-5.757504757207537,-5.536349890998306,-5.804824655433479,-5.877286877438216,-5.82928413644268,-5.741573542950068,-5.722202649235411,-5.427981588490536,-5.231605491917449,-5.21160102274126,-5.167569100606294,-5.368630923618884,-5.355203214905341,-5.502800195204468,-5.552053203092386,-4.311678425229536,-4.698716331451731,-5.218731729054488,-5.515618326316507,-5.752580492313832,-6.242901537530773,-6.838743297839449,-6.879773020414199,-6.8881804101629225,-7.290625039978705,-7.602118982590699,-7.549430319874,-7.54659844321996
-8.26178786971162,-7.849946742412685,-7.370866366780687,-6.745918435048181,-6.591667539975362,-6.321258109272308,-6.072346218397009,-5.794678249879485,-5.57235509839328,-5.673919829492613,-6.08499329565719,-6.34111216343332,-6.241776283180891,-6.249401332973925,-6.2797133915114705,-6.151210793968227,-6.41774781510757,-6.363886861454608,-6.219195127269541,-6.055357443911529,-6.3781703271077115,-6.014377274120609,-6.23114613915127,-6.4582597619189,-6.069554642290916,-6.592294511621773,-6.84323953678531,-6.3911978166930545,-5.716588949690842,-3.588298553471671,-5.098254111188306,-5.070113711690022,-4.48613479274598,-5.480194083549659,-5.4422057978549,-7.001110170154538,-7.351796814831755,-6.55740393080924,-6.088782300697728,-6.955255971362394,-7.0258540343477955,-7.1220775122861655
-7.97679041022143,-7.566790882676864,-7.292319903606113,-6.85487474602488,-6.758256129205065,-6.570315806648945,-6.337624398483637,-6.021773661242869,-5.8266077578480395,-5.7813987363376835,-6.0825070243464925,-5.924066300726922,-6.197252701659488,-6.376132292228392,-6.4943139346797345,-6.375463145675258,-6.771189093011338,-6.58593554325338,-6.671400106056123,-6.370703498065717,-6.1612904230690475,-6.012874323888676,-6.462088464974755,-6.399565016934762,-6.737747899260974,-6.880296299750265,-6.794679549327008,-6.56981726811564,-6.469612298208423,-5.728918108401905,-6.327330185039658,-5.847091408021091,-4.495449026211374,-5.179801990390022,-6.075034179783676,-6.725426079598415,-6.987895476659472,-6.703072262238289,-6.4715507421045775,-7.550006160844419,-7.810875000585989,-8.519163410258969
-7.852723351312262,-7.547812911980319,-7.3157106395212566,-7.024285977364049,-6.869360138786018,-6.781064835943669,-6.561455400315788,-6.39901105042266,-6.112095660903328,-5.824576525326196,-5.841793253773897,-6.137462203385792,-6.218879922716486,-6.6437914606243815,-6.719474890622195,-6.6272291300172785,-6.6038518194914975,-6.764572181186421,-6.693198715133242,-6.399951737296594,-6.007372532808534,-6.25710175393149,-6.940458064300241,-6.938851978958512,-7.046493340684407,-7.56924543246609,-6.9520792127567015,-6.8008114779450075,-6.827015048282313,-7.015132344312001,-6.426847678419834,-5.778428631614029,-5.31162986798594,-6.88528655691082,-7.269339641667805,-6.737031865365214,-6.833534566528675,-6.606792560143541,-7.754364749545608,-8.801395448891869,-9.091244329396986,-9.566257797932579
-7.86288371051221,-7.724666787135088,-7.458656628349977,-7.2247316027815724,-7.110916773792443,-6.845129640888485,-6.644754487627613,-6.460432841618001,-6.210264621735993,-5.993454214759453,-5.8199792609825405,-6.0826011596077985,-6.542120657298032,-6.767285298216407,-6.7641849617394065,-7.030477872160067,-7.009451423055172,-6.885427039450627,-6.807804368194666,-6.769174725587673,-6.650839812791238,-6.420122268816332,-7.6192628096198325,-7.369248856492814,-6.571334545322801,-7.125294318357049,-6.54410288369459,-6.924668439915728,-7.783159946700115,-9.203478464207105,-7.876107373018561,-7.486431675007413,-6.061434856700391,-6.998383507159254,-7.368663184998431,-7.875945094563839,-7.425142112443327,-7.475453546670344,-8.424037786538284,-9.251839665508326,-9.986070032415107,-10.022827010299121
-7.866159195951976,-7.638552158085719,-7.471109799785798,-7.4010643298781,-7.162054363995371,-6.619336770501604,-6.3770658036331636,-6.154238302268766,-6.291277199978642,-6.2765528046196,-6.145098462328161,-6.353149802610955,-7.009923251592564,-7.154655400135501,-7.012237929880602,-7.228987805586346,-7.5569233457721605,-7.238170928047635,-7.346067012161656,-7.0381945554575065,-6.845019865466355,-7.203898205392499,-7.485903487681304,-7.523939147920433,-6.919608526493861,-6.755320234987804,-6.949316865994113,-7.100351488467826,-7.161556062367036,-7.586158640999058,-8.274241728370587,-7.170472918849362,-7.086849590251479,-7.530725989749419,-7.203155694598005,-8.719436735147466,-8.27305488200732,-8.50589046253378,-9.309881404324338,-9.842223613942435,-10.563335816960414,-10.412409191066068
-7.661675550741355,-7.433318250989321,-7.481075253952744,-7.3650871670188955,-7.055755184608415,-6.5662079955463915,-6.3512719644252895,-6.2198546184145425,-6.45615496822325,-6.738250231408276,-6.546404691093364,-6.8367952942682635,-7.43111027259639,-7.541001363672301,-7.475989287503202,-7.17094197752765,-7.307122069178723,-7.781971466513163,-7.9715632027212555,-7.509583474335116,-7.292248875249161,-7.315243872507873,-7.506776849307798,-7.667135419030584,-7.254862929662603,-7.117032115298862,-7.342945033743938,-7.803364086382983,-8.065230699433352,-8.066032087853653,-7.829517844753971,-7.80922388284803,-6.199902915085538,-5.9965727677509415,-7.8885534542676465,-8.618155500418307,-8.670002292944869,-9.699510866519171,-9.797550664358887,-10.427908102336211,-10.789933668853859,-10.564702885143781
-7.417127722845893,-7.421851821602885,-7.5720356620197276,-7.421767609796709,-7.103358911493478,-6.7411660593960825,-6.457248447171154,-6.3272245206874995,-6.575966093472257,-7.171467656461404,-7.238072002858988,-7.321448103543281,-7.71360930924429,-7.550312812984286,-7.39133174509146,-7.407904504984547,-7.240953227294218,-8.04582675242488,-8.548908702634037,-8.392365526462845,-7.939482957324831,-7.748725650958572,-7.9867708079711015,-7.976360698120332,-8.206921770571576,-7.499023694841053,-7.915933337124439,-8.161218881765585,-9.306395777398222,-8.886670169275627,-8.452459604656848,-7.529596832230191,-7.474998259806571,-7.3287134644593355,-7.801915763405278,-8.126632676932651,-8.931097977584148,-9.854816910772026,-10.207195136755427,-10.795669078633173,-11.287641522453823,-11.261245710907568
-7.353052046599124,-7.373201241167563,-7.470138005561314,-7.378135745856777,-7.092963529203954,-7.048621774812042,-6.835709958025253,-6.917559235217102,-7.1826137675389,-7.622083997262518,-7.6725769880979415,-7.578663527100501,-7.228415632478725,-7.412323707005493,-7.601860023235901,-7.550333461910281,-7.593915172072316,-8.159338581813591,-9.049472727654969,-9.426513429689585,-8.973204025517868,-8.648648040014496,-8.438159509453925,-8.220553869875925,-7.983664803074311,-7.459588905322162,-8.22222231088645,-8.87967258695759,-9.481230237366331,-9.145391494258385,-7.182222916641386,-6.682881714589568,-8.482937996332161,-7.309765658858776,-8.018336770110484,-7.534843567001574,-9.908959998020595,-11.100958669537963,-10.454469846271358,-10.529539056019736,-11.630744892744575,-11.681472973335907
-7.172543884896894,-7.186519229422921,-7.364888178781578,-7.2563576427853285,-7.212239918582234,-7.2142899847634165,-7.1769762298828645,-7.285623003225687,-7.48169298523926,-7.840955639438314,-7.885469377051836,-7.562731003846322,-7.39930109300643,-7.5704521344826805,-7.9421058116547,-8.072800502614005,-8.12916350580402,-8.32021234016163,-8.590156967147868,-9.82051280737782,-9.446953018345317,-8.674988213605253,-8.846969187569764,-8.674773316243673,-7.943181668517733,-7.70407880833406,-8.1738652055623,-9.937972685311575,-10.246342487959982,-9.54572520814144,-8.200307303355087,-8.11160178540943,-9.23119446902085,-8.015164803989023,-7.72856800973131,-8.39714569389876,-8.626814912488582,-11.085361654102636,-11.05929309048,-10.768781352001128,-11.312735524612231,-11.712551581779286
-7.0629460147106755,-7.135080789687012,-7.200928179015126,-7.230386259059463,-7.272943894962524,-7.285707581055262,-7.280526126939736,-7.218170259216023,-7.459149185014079,-7.83977187140928,-7.902238340974981,-8.135644340896528,-7.990215152407122,-7.8793218348787475,-8.123226498737072,-8.464196343446517,-8.748594316514954,-8.488273254632773,-9.05855589166389,-9.612354738549726,-9.636896694988561,-8.967425026090172,-8.655186736695514,-8.733355268209213,-8.394318486926585,-8.524532851783281,-9.353616709243733,-9.677783481931774,-10.14318805283715,-9.474688032024554,-10.056448031599356,-10.236925078568067,-9.921982335165762,-8.794040650181236,-7.978483990888926,-9.236060587061573,-9.4304219889932,-11.185421509779227,-11.723189936851627,-11.49624883368267,-11.527768845038866,-12.32083615719004
-7.074263905175691,-7.169256560571035,-7.170757440240562,-7.132440483867892,-7.231003520346896,-7.247628640676073,-7.390153822157798,-7.3640630217348155,-7.364730990433682,-7.608480508462375,-8.220162232380936,-8.780143324053384,-8.48252496127917,-8.400397366980265,-8.250641364556346,-8.114794739670623,-8.206187391214245,-8.420062257226597,-8.716471697003158,-9.277388276438003,-9.605164889955237,-9.119321350819172,-8.937325158835026,-8.983525745298907,-9.014137824722624,-9.225074778984059,-9.362958269001249,-9.996145134044424,-8.753428181030424,-10.100905860292714,-9.916288191755775,-10.821623712232581,-10.110903405938698,-9.887777113386418,-9.178490818702338,-9.064108367967936,-10.102711613419055,-12.009889468298082,-12.482235315597002,-11.967220928378929,-12.347189180791412,-12.642299168649
-7.410818848334199,-7.196706411837163,-7.1608561882116,-7.05642057639424,-7.174062237398154,-7.22310301399469,-7.281262700759429,-7.312140363551155,-7.188123586071451,-7.251098464212339,-8.27733254844517,-9.062976086857065,-8.981547180507578,-8.979043228638403,-8.421595839258572,-7.829024107057108,-7.742259563721714,-7.975518592592104,-8.35357258292193,-7.862029072538934,-9.617226857630875,-8.8834804183569,-9.01125418865933,-9.398898645479123,-10.110877141593214,-10.059619303390438,-9.495908085970097,-9.226724778099356,-9.181555458937224,-10.860285813837118,-10.245477119320833,-10.055183355179388,-10.791206055135596,-11.083432154038352,-10.829089198041318,-10.745866805152549,-11.679515855830878,-13.121158463093742,-12.763375250476493,-12.791624866200543,-12.948888521506179,-13.08787845709606
-7.366161839927288,-7.578081834709457,-7.436748778357823,-7.091633902751349,-6.942194424083002,-7.191928472041861,-6.853012544510181,-7.262735318512093,-7.146630598197586,-7.0757103374810235,-8.56988428935396,-9.048883217998602,-9.265876118529603,-9.184428961196497,-8.8122822183851,-8.143321321665706,-8.043727700489326,-7.929919713568042,-7.9901337019968555,-7.618507218526457,-8.60476679841374,-9.50386188288994,-9.228870838413163,-9.824160242061089,-10.833927908236252,-11.04523398130132,-11.009637555825812,-10.452715851351265,-10.351305906765331,-10.788131874459136,-10.375592367447949,-11.153278739973308,-11.706492449812647,-13.26317501256363,-13.39018751210715,-14.527405735685367,-13.960476850377109,-13.71165654625582,-13.354065091221315,-12.91141535050376,-13.001145146152096,-13.55420221949022
-7.366298557734677,-7.357121256237976,-7.606889290115815,-7.238502915124367,-6.866929649138845,-6.892711957711767,-6.562524876499173,-6.616324721954278,-7.101375839023041,-7.438347223847106,-8.565309442000823,-9.36968280835436,-9.528636139568926,-9.724002893995177,-9.495665672314503,-9.22228618694863,-9.121738123442418,-8.1736909712481,-7.955131908659959,-8.299715615015776,-9.54703342745881,-10.220539981423705,-10.336134955462098,-10.38155361080575,-11.470841536696321,-12.390903009277269,-12.41889709198625,-11.01733197720364,-10.514175200062551,-11.198813140724196,-11.505751447668938,-13.226917884507543,-13.10955368076715,-13.176301730057224,-14.214256884687096,-15.342082588978911,-15.274792590008586,-14.418509815780228,-13.615956477699426,-12.736542478182912,-12.825897373610793,-14.70818352596401
-7.34831802435481,-7.449210741863091,-7.160926220834302,-7.1411970280060935,-6.923342039011161,-6.718228966563381,-6.355109641512368,-6.363729675444426,-6.563690570417727,-7.576466777910872,-8.458812051908149,-9.615331455155255,-9.972182781969819,-10.544625424421717,-10.43331096853073,-10.299282045551406,-9.95520249921756,-10.628578646123076,-10.629978611987312,-10.993569890392026,-9.829843606905513,-10.5610985802121,-11.231134812945635,-11.170185893372906,-12.688076648148087,-12.89696555596012,-12.673551862613474,-11.566517549526093,-11.58608825814518,-11.504642040096691,-11.449588437600477,-13.022749924673985,-13.865797770438292,-13.58688317408088,-14.572745634624749,-15.048071357890027,-15.736129314422955,-15.355294532719876,-14.322460754659122,-12.676544929141219,-13.701141510650906,-15.78989144824005
-7.344353854948482,-7.250744269394828,-7.076384423463824,-6.836542561002657,-6.722275025962835,-6.751757740626529,-6.369566300429411,-6.192317076867953,-6.769403157049146,-7.267221216100617,-8.644117892544923,-9.608119516355671,-9.980305299793697,-10.352663069154563,-10.732147110457992,-10.74878902401825,-10.841813332500063,-10.81852757070915,-10.897335104924789,-11.268835410375784,-11.037722703480814,-11.270862002216862,-11.60928095909363,-12.178410256631059,-13.298168500540664,-13.145498103974827,-13.191459290893835,-13.256071984001542,-11.988307447196547,-11.463674087621106,-11.125013933605057,-12.477700943038336,-13.217342889023517,-13.722057180819075,-14.060095826339175,-15.430580165981285,-15.990681244595331,-15.801136856598955,-15.959065031585517,-14.898683832153731,-16.46404084998654,-16.998235623050114
