public/json/wind_2018-09-1605_700.json
{"header": { "discipline": 10, "disciplineName": "Oceanographic_products", "center": 0, "centerName": "Ocean Modeling and Observation Laboratory", "refTime": "2018-09-16T05:00:00.000Z", "significanceOfRT": 0, "significanceOfRTName": "Analysis", "parameterCategory": 0, "parameterCategoryName": "Currents", "parameterNumber": 3, "parameterNumberName": "V-component_of_wind", "parameterUnit": "m.s-1", "forecastTime": 0, "surface1Type": 160, "surface1TypeName": "Depth below sea level", "surface1Value": 15, "numberPoints": 4800, "shape": 0, "shapeName": "Earth spherical with radius = 6,367,470 m", "scanMode": 0, "nx": 80, "ny": 60, "lo1": 109.0, "la1": 20.0, "lo2": 116.89999999999955, "la2": 14.520000000000117, "dx": 0.09999999999999432, "dy": -0.10000000000000142 }, "data":
[rows 0 to 18 of 60, columns 0 to 42 of 80]
null,null,null,null,null,null,null,null,null,null,null,null,null,null,null,null,null,null,null,null,null,null,null,null,null,null,null,null,null,null,null,null,null,null,null,null,null,null,null,null,null,null,null
null,null,null,null,null,null,null,null,null,null,null,null,null,null,null,null,null,null,null,null,null,null,null,null,null,null,null,null,null,null,null,null,null,null,null,null,null,null,null,null,null,null,null
-13.870566385213484,-14.39791987037614,-14.415762440055003,-14.587871740463541,-15.388219160334923,-15.870934848424357,-16.42154622298942,-16.711494929922477,-16.894682397910753,-16.61239470584013,-16.70940997413946,-18.240297119403337,-18.86861632643905,-18.194927285163693,-16.872923490264,-18.689421250911032,-20.60419361296288,-18.90646689340499,-19.944876187796794,-21.695691163618772,-22.116095069753978,-22.229525954536218,-23.436862835981014,-22.95731332187462,-23.230896275481783,-23.546874017513574,-23.054485524588813,-21.34711633875473,-20.851443070416657,-19.935081232624857,-20.09114626004005,-20.54227853001371,-20.587196947285307,-21.183626405360066,-21.028919810558676,-20.350405301299386,-19.59814718590294,-18.435833201018568,-17.55010352228109,-16.21503741076175,-13.203389739759052,-8.83733746853542,-5.958754632530849
-13.852318017896406,-13.927784649788745,-14.274104982236649,-14.761577736674186,-15.479767508519371,-15.802887038346316,-16.34503117851125,-16.21295143571408,-16.27165721126428,-17.094905930847922,-18.35816684720277,-19.837033844889984,-18.841517221520814,-17.426213530697378,-16.992828930079224,-19.23888782427039,-19.032382678982426,-18.942964708726443,-19.589767549394793,-20.69613777490584,-21.323114526099044,-22.67922483887532,-23.248607443198797,-23.75635250662835,-25.210544881481706,-24.979240648018727,-23.297351630795745,-24.555602283784363,-25.49153703158613,-24.897664364601553,-27.07606000071069,-26.78253588003064,-28.56150970323303,-29.600788040552533,-29.595970321595587,-29.501969225578417,-27.951712376503064,-28.50904788542221,-25.604896637293905,-23.748999368591697,-18.440408722838065,-16.327690200229707,-12.974799934823183
-13.901159633083024,-13.798214427643975,-14.037606257626484,-14.760150441253323,-15.054861392367364,-15.82836854602334,-16.09272465741322,-16.0015882353978,-17.139390331323078,-18.00499720603663,-18.758599754865834,-18.271389442643404,-17.89210509509501,-17.6529418152087,-18.226027841083155,-19.95710941064643,-21.078528507311848,-19.724064062596344,-20.918228003073054,-22.12961561628003,-23.797173318998993,-23.182398915040277,-25.742688581583597,-26.50748369577628,-24.704926513738485,-24.274915511110137,-25.69997775528949,-26.12678518428305,-25.021873894619155,-26.836014687478702,-29.175524786780382,-30.536363399537546,-30.33899380455071,-31.022150725868023,-28.004206543491698,-28.07680861195941,-25.61990649110476,-26.923296841143152,-22.068314234949934,-18.487343460529285,-18.627909401872646,-20.15483594718586,-16.79016593388296
-14.228901584801362,-14.095169367786927,-14.249660760090286,-15.188744476479224,-15.592162846697015,-16.06099512550162,-16.177817473641483,-16.525849522211047,-17.566538441615275,-18.370633840851326,-18.385464161426246,-18.395453548078777,-17.647657240932332,-17.191703559398874,-19.580198471879978,-21.641183632003866,-21.67124773137988,-21.143410128550006,-22.13700987494902,-23.24051470447435,-23.613733419037942,-26.805428128896533,-27.061631787289716,-24.572690464230952,-25.78925902868975,-26.970174490268775,-25.600481314338023,-26.766854720560442,-25.51254990778562,-29.8516382452136,-30.004084740205137,-30.843689113484295,-31.371057339466695,-31.408000459989104,-29.881688424317733,-28.611244787893906,-29.167195376594158,-24.581469412180006,-21.44358189891237,-19.38641764381188,-19.805427832932608,-24.325866421191705,-21.83542943051725
-14.298356579374383,-14.178883347136336,-14.918757539897442,-15.566806101085099,-16.11782664847992,-16.91447762882678,-16.38696706368837,-17.382056704972275,-17.813055216709337,-18.391105225254584,-18.733390638907697,-18.795878275783977,-17.541257209113695,-16.393899465871815,-21.339579781109574,-22.586714464216744,-22.726989026036055,-22.495609070038977,-23.103555696676434,-23.74696946420294,-25.091470173806044,-27.67505087592647,-24.685989526241343,-25.16181715696677,-28.400005414580917,-26.333717611007252,-27.121030293729113,-26.39490788403157,-30.242197262744543,-31.962554273392538,-32.00849610099889,-30.830547679947422,-31.63152049158034,-33.14502549556915,-29.66076157551526,-26.742716954856455,-26.842525131512236,-25.286933705181497,-24.292425743046287,-19.327716427002052,-16.6179827293373,-11.137471310915867,-8.63455103133072
-14.333078812327411,-14.618515244862087,-15.37294402994647,-15.963992932533717,-17.253116246243223,-16.895647379107277,-17.527397003561454,-17.694279264459176,-17.745140296466126,-18.719531707208347,-19.148830402414426,-19.806595105180023,-17.490508715954817,-19.321091291846777,-22.439642052588365,-22.872761098216976,-22.686193189706557,-23.197388365854835,-24.472870045770428,-24.85953405638743,-28.407417127749657,-27.19890892715629,-23.536994996965976,-28.050610977597376,-26.514135002350272,-25.989399952307647,-27.141170348299475,-29.388392157238016,-31.255553829336627,-30.60584821203111,-30.30328206925037,-33.0098864910497,-31.924488142916616,-30.627061234743582,-28.92542222047096,-27.30622397988521,-29.252269805141452,-27.64899172267929,-24.087704356109114,-17.380259153257693,-16.737301664344294,-9.1834028557731,-4.310299622903602
-14.17188804934953,-15.007396995065061,-15.240175923556473,-16.119890181790304,-17.21820346399175,-18.108162780515134,-18.364807793638814,-20.2983895102816,-18.716209933030996,-18.972578798836295,-20.63077814494188,-19.483034847083996,-19.954939083503994,-20.037321390011655,-23.048596221592483,-22.48315305406484,-23.293884256371566,-24.674360376089407,-25.984387132732913,-28.178414773119403,-29.354720274829095,-26.280488599236392,-24.945826118874262,-27.85634490618755,-26.413702215805923,-26.41454587421604,-27.98357618399087,-28.485719055638974,-30.63190202571526,-30.085740285923073,-31.790235307396063,-31.26744718397972,-29.777846699432263,-29.953323243305828,-28.705660473936867,-28.15406315613636,-31.498914504372742,-27.699834429012242,-30.751025904096036,-26.66521124964103,-16.218764654437173,-13.344278605933686,-1.334652917300216
-14.146410761226878,-14.867161475114894,-15.074131807106578,-16.020762375936872,-17.815498019211205,-18.881321946196852,-19.37014603642186,-22.824809345394975,-19.993604975467342,-20.045706971829773,-20.31702932025148,-19.52716411317119,-21.886755372638873,-20.859715226792677,-22.48729702821881,-22.85947715117102,-23.81238503895355,-25.308129595808108,-27.293846721756193,-27.415945994390594,-29.345769060770394,-26.34586031169504,-24.989238376364032,-26.470783532011392,-25.337771141231116,-26.536904716708644,-28.002074970343187,-29.98213439661867,-30.555955868887047,-30.68977977051647,-30.29144074769265,-29.464991476413754,-28.94801903297078,-28.527581357041246,-28.869392267754172,-32.042285114596496,-34.51568584799971,-35.11647283310035,-33.388489239237444,-34.23875566037714,-21.960058224536247,-9.542887693237143,-5.781508452523349
-14.367358009395277,-14.917749380108464,-15.185242504578714,-16.058751250577224,-18.297706303011726,-19.272084689333376,-20.01862469900987,-21.60171310744009,-20.43022292307895,-20.661601286795747,-20.14938888214513,-20.826855164247217,-22.21455090077377,-21.182128731441203,-21.191821960160173,-22.63558274905086,-23.81900308675071,-25.334919242347706,-28.929273798597535,-30.148010412459918,-29.46289902865912,-26.45216325658145,-25.31075945257512,-25.328148069261957,-24.70448283600976,-26.743468171893127,-28.274644059761936,-29.62469115970647,-29.389655785998936,-29.93369183161016,-29.371882249938192,-29.80089564666135,-29.411921655400754,-30.26044952264296,-27.74642761805022,-30.95083335121406,-33.914195815951764,-35.518013592579905,-43.237131086171765,-33.86463201055635,-17.371197421940426,-11.680092722849,-8.687466877917018
-15.037503837732192,-15.431370392148638,-15.85276868749247,-16.496885512868324,-17.81301980869905,-19.08012558600607,-21.2954317664976,-20.51328027878979,-20.551982394417657,-20.933948339570037,-20.831323583555196,-21.065625580136565,-21.772607961978792,-21.858784463948062,-20.7610306618259,-21.69041889866897,-23.35729410158745,-25.77147306132935,-30.506096767061827,-33.49298926200566,-29.196661403366207,-26.260731266919226,-25.283953821399717,-25.585510115838943,-25.16765260143862,-26.391650364560927,-28.141322150789577,-28.415797950118275,-28.26273618699061,-29.510835723744105,-30.656634331896573,-31.358827058515168,-31.502646590809153,-30.023785416028126,-30.76837114304309,-32.90821843883738,-39.775603098854226,-42.01413774156995,-39.41641696830192,-26.822077173677418,-13.432456227074185,-13.181404880240366,-9.554015437723615
-15.545266303564713,-16.09391112295761,-16.128006932656323,-16.76928745018893,-18.11667553737541,-19.310733517149316,-21.074414235100726,-19.668471827661232,-19.744585198278966,-21.13049437388689,-21.03278595231719,-20.859514228125647,-21.663762685518467,-22.192230335972077,-20.747839538776276,-21.31988598617542,-23.234047161470073,-26.0428260019612,-32.33402798779018,-33.43536315526946,-28.545291845068277,-26.27195997612488,-25.4276989824049,-25.36585691032203,-26.252481488180873,-26.277302643164695,-26.751389828113062,-26.76728326945625,-29.361821400200558,-30.525197164244037,-31.258949806144948,-30.529640010020987,-30.387091022763084,-29.329948310271448,-33.03477443328925,-40.074247129745864,-41.01996967598254,-38.26141346163714,-36.743569257097995,-19.641149675349606,-12.663319479820995,-7.9540757279024765,-6.907938489594548
-16.18214883021843,-16.29151284286684,-16.466834934446187,-16.820552415261087,-18.108324618287494,-19.91986368850357,-20.56525654565594,-19.57350668204021,-19.678070538315374,-20.968197024598425,-21.13217003977825,-20.79161163029354,-21.37551878998626,-22.29367187175695,-21.451429424392973,-21.163752529754557,-22.4271475185545,-26.2421737135874,-33.3333503720958,-32.284147070911466,-28.43160194849683,-26.04812520202344,-26.203284212699245,-27.181249358091755,-25.530802546627847,-25.68399809844459,-25.266259532199157,-27.333124925604633,-28.660586238764708,-31.328501640477004,-30.231589018665936,-29.692495824396577,-30.163464274582328,-32.31395281102373,-34.93602367614405,-34.376763510527965,-32.209734780675404,-29.834738125121767,-25.401484396760914,-17.689361591744955,-12.321699705063507,-10.00839211041882,-8.507718682079489
-16.628118372638866,-16.87256898464654,-16.9239367048077,-17.15244694883125,-18.57767441285169,-20.23969276604749,-20.528772563331835,-19.074797028859802,-20.84442951649006,-20.7017175895306,-20.500786621438028,-20.99464607066293,-20.967631150951835,-21.8184351568448,-21.73960650557895,-21.30191239156051,-22.238932549454123,-24.81639468612271,-31.57823153141547,-31.522629984280073,-29.686496094675068,-25.314587304181195,-24.77984797188816,-25.53901891603483,-26.187216596513977,-25.463212403935728,-25.235771309163308,-26.82984435025112,-30.176608830299354,-29.994567284260402,-29.677685664944388,-30.26016148607099,-30.588740124882577,-35.26884214492944,-31.441865095143353,-29.20765528383515,-27.630886466267192,-25.044121223605156,-23.699260554277732,-18.46040777511097,-14.683596880807926,-13.856614508946304,-14.069340499071918
-16.63561271941209,-16.94470289104725,-17.26098011008922,-17.49950410521449,-18.865177783475758,-20.56259907419554,-19.639684943702953,-17.682947778538093,-21.701133616642114,-20.496168583795672,-20.07932093696689,-20.328662917295727,-20.404077207578187,-20.869138887557344,-21.6815417723556,-21.254468966462735,-21.83146017525268,-23.446804836967083,-29.674670858410778,-30.5533398080492,-30.204343859819936,-28.307774766720847,-25.93464091652094,-25.49943017141736,-26.902627124325537,-26.498523922873158,-26.200321298607534,-27.402641553103653,-29.318316559911736,-29.40128122908442,-31.320967818786038,-30.67907507701755,-30.44421668220682,-32.817964968870996,-28.987281238367668,-28.201623474762805,-26.182363442637037,-25.043938791872268,-24.31451518693881,-19.976732721913464,-17.583526871811273,-17.393522851782034,-15.308211329350213
-16.79383089815263,-16.68176476733938,-17.168258787899905,-18.132595256777325,-19.434552315709414,-20.277230343190716,-19.61230773100803,-17.78912406061388,-20.482014789868153,-20.211435977107854,-19.619664890468638,-19.964457525835563,-20.1943496767528,-21.016329633751184,-21.80180635162028,-21.39796085792125,-21.5433725297778,-23.096438453427623,-26.67331282591121,-29.3975710411413,-28.8900969785958,-28.88530775533748,-26.651139562226103,-23.41172514115546,-26.291909110718283,-24.340332986961428,-26.55251124332277,-27.18284690674445,-28.661668115567913,-28.837017660547048,-30.290841428494275,-32.70367368418078,-29.878369804276836,-29.27826315831249,-29.325749346646614,-26.474340925135827,-27.37375575820977,-25.51704965497386,-26.85856737319293,-21.912352109911772,-18.4093116877195,-19.041468158089213,-17.293373279812315
-16.78483927946577,-16.601962768269175,-16.819687244295192,-17.604017930771818,-19.318844971910195,-21.135328663970412,-19.918513067275523,-18.291170508825637,-19.200031433096303,-19.591959002026,-19.58143942967282,-19.603373203174485,-20.444095950633354,-21.127729759367668,-21.920828072881367,-21.186021709804493,-21.58486575796675,-22.861585972202185,-25.136427999814146,-28.094382160828207,-27.064070324821245,-27.918074943764363,-28.279979570037575,-27.68401047298156,-28.789710902659525,-27.998457576722252,-27.25301394340904,-25.546097499986082,-29.78606244059221,-29.587488491807697,-29.457860032787018,-29.651601797923295,-28.49011911094697,-31.703888395975703,-29.174547594813795,-26.919689315706936,-25.956911576269835,-25.583593041715183,-23.848364150148583,-21.416115843230866,-13.825415619346966,-14.939535403711252,-13.513569312880826
-16.27140404966157,-16.394614498017575,-17.134319536075537,-17.85297265548141,-18.84048128389933,-20.56478214356316,-20.714293736332646,-19.078219524411384,-20.221051189190227,-20.650284373161913,-19.176575586801263,-19.10785050761487,-19.651616374427626,-20.46872741491508,-21.158010709279537,-22.028304039661048,-21.361203908474582,-22.248590446328123,-23.991071575770253,-28.086397263326216,-27.73595764794661,-26.5296559336306,-25.22086421863415,-28.438730049154586,-30.663599715554888,-30.92232112170818,-26.800111477781066,-25.068416831259164,-29.317245491257857,-27.17236945820143,-30.036501791290647,-29.14811170912862,-25.474297641668635,-28.80002938895863,-27.16569846264221,-28.795001976810955,-32.06113544329641,-28.573393791136752,-25.598367719747706,-23.274342443257037,-16.252436881492358,-14.907060274098484,-9.1316920820096
