public/json/wind_2018-09-1600_950.json
{"header": { "discipline": 10, "disciplineName": "Oceanographic_products", "center": 0, "centerName": "Ocean Modeling and Observation Laboratory", "refTime": "2018-09-16T00:00:00.000Z", "significanceOfRT": 0, "significanceOfRTName": "Analysis", "parameterCategory": 0, "parameterCategoryName": "Currents", "parameterNumber": 2, "parameterNumberName": "U-component_of_wind", "parameterUnit": "m.s-1", "forecastTime": 0, "surface1Type": 160, "surface1TypeName": "Depth below sea level", "surface1Value": 15, "numberPoints": 4800, "shape": 0, "shapeName": "Earth spherical with radius = 6,367,470 m", "scanMode": 0, "nx": 80, "ny": 60, "lo1": 109.0, "la1": 20.0, "lo2": 116.89999999999955, "la2": 14.520000000000117, "dx": 0.09999999999999432, "dy": -0.10000000000000142 }, "data":
[rows 0 to 21 of 60, columns 0 to 48 of 80]
null,null,null,null,null,null,null,null,null,null,null,null,null,null,null,null,null,null,null,null,null,null,null,null,null,null,null,null,null,null,null,null,null,null,null,null,null,null,null,null,null,null,null,null,null,null,null,null,null
null,null,null,null,null,null,null,null,null,null,null,null,null,null,null,null,null,null,null,null,null,null,null,null,null,null,null,null,null,null,null,null,null,null,null,null,null,null,null,null,null,null,null,null,null,null,null,null,null
0.5625208280198969,0.10292173756966744,0.3637166760902827,0.5069713352993809,1.3678115745460295,1.8999459252114437,1.3997801372506373,0.32005882068150215,-0.7404058997071492,-1.588393583084311,-1.780414397493801,-2.297005237474242,-2.1264959286005976,-1.5823118935297744,-0.7699562680781653,0.3627314756562161,2.019305202337909,2.8067826011714283,3.363335349615888,3.593095934825647,5.099079495639288,7.6602137741589145,7.592588262891201,7.9087969566025755,7.5757569786614685,7.493892249548909,7.706429957670568,7.695890972308682,7.398558283441595,7.9085195889036575,8.276284142943299,9.225118095770396,10.092446495033606,11.009028099304352,11.896187755140335,12.118557665882896,12.301575853396782,12.621360796045229,13.007159526904093,13.674000472614974,14.895509658808052,15.842041076851563,16.17146214882433,16.557278192431163,17.45950354647108,18.0134823075287,18.998520798209366,20.40565151322548,22.06510582825161
0.2281593572076479,-0.31019599910716805,-0.05259662918583116,0.3191662604588856,0.7413404820482514,0.9933939327303466,0.38803128624011746,-0.3437213572928772,-1.4141728147927954,-2.4330791959912865,-3.2111712015207865,-2.6385140428940277,-1.8314617958304955,-1.001463057511408,0.11693443825082293,0.6111598883692888,1.3751966930154254,2.673929850011225,3.401995138420709,3.227525551172968,2.7112397659893506,2.1910683094535375,7.7725943520528835,7.21995597388206,9.661877904641338,9.915350478247927,8.716315502480478,8.805369008436722,8.963165900002112,8.961939224253568,8.429183388636682,9.38784866772558,10.216804460094162,9.775728841480133,9.386017648344893,9.894074615713393,9.848781448649774,10.938860111318514,13.66496122461208,15.228299394445575,16.890601429330957,17.99200097947151,18.892229249021646,19.508636664656137,19.22575092222394,18.7743302703527,18.7478908759786,21.936064107347505,23.226618143767276
-0.5315119720962279,-0.5983262992110564,-0.36079696998100913,-0.11564594673687319,0.3606892647894139,0.4985882140270201,0.16804625108354782,-0.6655872971614691,-1.9221435976135892,-3.6328521993880454,-2.7445212404720634,-1.8317026187480354,-0.7505867038341683,0.2363944112684159,0.8915028272242482,1.7047967259040475,1.871586034532775,2.4618759135167827,3.394290862319174,4.203177962515677,4.235065557092152,4.9856399649546645,4.2726160471056716,6.470863530220902,6.6736371738784355,7.016919008000989,7.734706456661709,8.186088852651856,7.525627024533548,7.374957007320313,8.476378022802157,9.233891477629466,9.533593432645224,9.924356818460847,9.630602162215586,9.514301293924875,9.867487007204435,11.632647278224972,12.958223705220554,14.478653384911054,15.206280461789268,16.321308190672468,17.356361621365586,17.874632940492337,17.927887532187434,16.013452561544604,17.173124368275268,19.268280722792316,20.145678668014583
-1.4243423662066386,-1.1723492495948427,-1.096711893183354,-0.6440913341036292,-0.41457866383755876,-0.10976989980018984,-0.33334003834701553,-1.2404310436169168,-2.3011558573783866,-2.0451284785602466,-1.008508850951256,-0.7543754390685538,0.25984648916813535,0.4940131525440489,0.427091571970931,1.1455689507916076,2.092335174499168,2.4264267128772143,3.287176050457315,4.289011146656319,4.174835408329324,3.3204403463177967,3.6002947197789132,4.70143857917692,4.879076452185727,5.905937866005196,6.325079312319618,6.578557299501344,6.7176648781117505,6.450814191434819,7.888896266631037,8.734417295516836,8.852810429063481,9.47547383448119,9.241159490204623,9.739164030483122,10.710030727184407,11.667145512724751,12.413107863583196,13.208064424134355,13.938209804644163,15.106834244141172,16.432605830213706,14.44328446430673,14.078104683314763,17.009815848143305,17.910806484220206,18.14827250547208,19.841087289851853
-2.2426091693328516,-2.241446977772578,-2.0307644076936375,-1.3174069481117416,-1.18665784015357,-1.007008203258971,-0.7672136346144588,-1.5450763067904338,-2.0815280532205382,-2.1942678542385745,-1.8001393818771854,-1.2519833795068782,-0.7823374935047115,-0.6829504098143975,-0.14613504166835806,0.6358165313371784,2.169112934919712,2.2506694593953718,3.569999369384344,4.051109180532867,3.446789467450275,2.634644546423136,2.5638743422849597,3.3273988235544647,3.6532974413056087,4.39140439317163,5.058365250110855,6.122068635813126,6.20838688454972,6.981657543955896,7.2452161361941725,7.531520768622515,8.556389881538971,9.4296180130535,9.609138378756926,9.906504922812303,11.203234378028696,12.164452359945283,12.529379877833396,12.59836499468182,13.000993406015223,13.676688305861402,14.927816898108352,13.264392040480752,12.67060115616332,15.893728024605997,16.11006939729416,16.133422945460183,16.257497129597144
-2.9667099453095283,-3.179038555728212,-2.6731414330110246,-2.124593137064412,-1.7638999485487037,-1.5921275151893148,-1.3694447382266879,-1.438180192519865,-1.800722347086873,-2.305825147716859,-2.2181995153624703,-2.485964007399091,-1.8088432780520467,-0.9125567342329908,-0.38496652339901766,0.997764486544524,1.9016424963049383,1.97642333479633,2.988767586593498,3.7974600475149938,2.7283697345329605,2.1541819721590887,2.0176540365635125,2.6386328324889075,3.111223616949342,3.008246352076692,3.5318816581742487,4.337672998323533,5.464667693393141,6.346549476481986,6.7925730052132005,7.3727141186424765,8.052460603039888,8.552682972879097,9.18436085757222,9.397139224191388,10.083078654956019,11.91266345053932,11.52612193166537,11.799731993565167,11.389339903195513,12.40231565490329,13.308605460618134,8.723046861040476,12.598225108991313,14.525986732108729,13.77705051970371,15.703365452451763,15.897719894713497
-3.204555244452339,-3.430395231280719,-3.044354209749409,-2.7434677793533226,-2.310261021877708,-1.8213228955021614,-1.7668937668668552,-1.134307838899027,-1.765333868512261,-2.59917626145295,-2.6622083157317418,-3.0831339796128616,-2.873860884713297,-1.970214901381673,-0.9732611498253578,0.7696588265368387,2.009500261397218,1.554701443675001,2.4876823884221615,2.5616497156533287,2.1142664800271507,1.2649042385821945,0.459984295336727,1.3792779289328156,1.0846272096281577,1.419325703619021,2.6120042206702916,3.3179799928337586,4.335296123976025,5.089127647634918,5.6999814576844114,6.479655814825294,7.584976498407933,7.541207041273179,7.576065838807306,8.07833095434685,9.731323004713488,10.83141770698014,10.582796287564344,10.762691587316706,10.69068152821302,11.357957522214955,10.776103926102232,8.083188729307409,12.059873338595814,14.162168898519528,12.699940827292378,11.870989808063939,12.840074205051305
-3.320824135364206,-3.4230352643196444,-3.384480676827267,-2.9513897344647324,-2.8061596908932724,-2.0302892275596833,-2.2518750327594472,-1.881376558739505,-1.9921666943026726,-2.5348613082284785,-2.528324525854561,-2.5233539910927782,-3.3034522085507976,-2.233411737751168,-1.1548170246587064,0.5315328606346446,0.3718191072705025,1.0102564283215523,1.6650895202689637,1.739501664973774,1.349619785982656,0.24525099754320956,-0.7251522632597863,-1.3392922529155327,-0.6440249247649291,0.37531462190148146,1.6770834280455245,2.48814237537698,3.4720811849291873,3.766947058377876,4.338529961360556,5.022276705013727,5.7649436413274096,6.26622661801014,6.1980739131119,7.093625232594645,8.90484774734803,9.419396481971031,9.102692758484014,9.557709859686407,10.009831697101665,11.089473289412517,8.453929531241124,8.923665959191359,11.731498421974472,11.966427791340754,10.916596996923024,10.339600935726782,8.767876978964738
-3.9600877067874607,-4.082309142609149,-3.5659160227588558,-3.3066347333828316,-3.105284424084563,-2.425016007171003,-2.479338850982561,-2.054692911188458,-1.770409380926316,-2.480471500089229,-2.4771229099583048,-3.1477671449806137,-3.185516042321119,-3.2083777111375715,-2.1073604953545386,-1.4859469898481974,-0.49980744366335594,0.18054400410845095,0.6778034283728611,1.3716439377558098,-0.03376024925855836,-1.4640917672379996,-2.1127554097523618,-2.9118719358867384,-2.342501094875388,-0.6767532286827225,0.3421077716544625,1.0615918591350146,2.3208268946813924,2.9432716917675923,3.4980727252621313,4.675178429156929,5.67458306736075,4.676729594205691,5.193200745996138,6.116084208443623,7.953835969179956,8.279597820673224,8.050822740864,8.058720221490617,8.409588886616042,8.773572045147448,5.28410803053119,7.720620915243828,9.983737315823747,9.346697393547041,9.738252935144258,7.935849933731164,5.681225033913693
-4.290874678948232,-4.318842043938925,-3.838367597651414,-3.656311061365261,-3.0432257642824014,-2.8998335572617515,-3.019238055325679,-2.907295150030739,-2.360680870789551,-3.2738496286420946,-3.386408794559823,-2.9327682260208765,-3.2719043485956933,-2.5890830133002773,-1.7686478868695628,-1.8277547558146234,-1.6670787245770482,-1.1110077726847007,-0.07878006411346228,0.43320897114543383,-0.595346946072263,-2.4530458431798308,-3.182267643038969,-4.699627153868926,-3.4934655417262164,-2.1580217669980324,-0.905974109269229,0.0009864821378308998,1.1567715621743713,2.11384374278681,2.78492058285897,3.118794262641186,3.5276510448261895,3.937239528837975,3.766417708241354,5.314566445064759,6.991069832732796,6.0516039815400795,6.191725023382341,6.181266992530933,7.804739616879476,4.347806808784796,4.423174525686131,3.560184907544828,6.382203488369126,6.973005754550829,6.605745218024654,6.910569761748627,5.072199669678777
-4.3440227966926726,-4.550937755438409,-4.097915587174789,-3.7526500464928514,-3.5070280936914973,-3.4360633745392697,-3.1892514211137017,-3.279914528451563,-3.0679361628142505,-3.2856969190777567,-3.757208248422521,-2.6624024526410075,-1.7465222147570665,-2.467958644074124,-2.720488825467952,-2.682761289876467,-2.6601964739135373,-2.62932168720246,-1.335207942125652,-0.382118208595474,-0.5078095779641967,-2.809347735103955,-4.104241809817876,-5.35794191351099,-4.127765100898151,-3.468081141548086,-2.2211009066726013,-1.2367252448561505,-0.34179041818567624,0.9408445513278958,1.574148142914492,2.023326969414284,2.6138814533636423,2.5375784645257164,2.723646658523963,4.841522026938616,5.672132511489112,4.8803858533028786,4.5643352698013535,4.923887178274036,3.803116042928079,3.7282990163880774,0.904377495740277,3.9567625101615254,4.2202230617716125,4.384522131318051,7.643403250837828,8.631998621818244,9.052046188819617
-4.214145048706328,-3.889606735203629,-3.775417511149007,-3.8147771558679873,-4.089497646395609,-3.3918476805282163,-3.242069564944936,-3.2103187469068013,-3.5018787276857912,-4.178496461700965,-3.9293646418680304,-3.3763015982067732,-2.821843780290734,-3.1405386003726674,-3.397262868279102,-2.931225843926968,-2.91529105780835,-3.04795173216191,-2.0512117114724058,-1.7712593035196564,-2.1447191350894377,-4.0407679765473175,-4.966728036394524,-4.982671025528007,-5.043942378204556,-3.956617465238755,-2.2877383128364595,-2.0674820273557697,-1.578855302363731,-0.09888355161334503,0.4567325545033073,0.9818637540438109,1.271943010708403,1.3582630978467831,3.0756512561067106,3.3653793002372088,4.5478130955989045,3.371701764233592,3.4975305990263226,3.9944629928934536,0.2647438492242428,0.9540134656766405,2.409443327508371,3.799384706349365,3.25077908013749,2.381018903254957,4.368771109236683,6.4034794594887625,5.307974119669581
-4.024040922650114,-3.4628395399088703,-3.3989077046022107,-3.474862672859588,-3.3038151596744254,-2.9484194325533273,-3.2267601555023746,-3.023086359408458,-2.8273497997336765,-3.181346571901372,-4.037033547216135,-3.5947257486706166,-2.5241464106813982,-3.0949874013131713,-3.754816674310209,-3.5096926486477003,-4.206664714825825,-4.542569750087243,-4.428045019001386,-2.6596701385351453,-2.517690081144443,-5.527041957972951,-5.156164377711389,-5.033204817637506,-4.915400367643279,-3.5587922726861785,-2.6909939839004027,-3.2292924675199006,-1.9514747289284253,-0.8367990686014048,-0.6935279831000161,0.09794124765047342,0.3576204441595196,1.2032561742669863,2.1745639716542615,2.345366299643554,3.0171193961315463,2.8406634526565187,3.278339357334905,2.0775577566704873,-0.3527292710116772,0.3637469128058962,0.6016702107600873,1.5340739434545607,1.6988952923382117,2.1680488588498052,2.377287230428263,3.3920708001050883,3.3454164209658077
-3.770053845960399,-3.1052627204486267,-3.147556959831789,-3.388413594831688,-3.3393885062457107,-2.814774014047275,-2.950016898763802,-2.3659906401959754,-2.817674501343898,-2.4615045139905996,-2.6929170913727516,-2.8252921809544382,-3.050309847702037,-2.8104885319968065,-3.8490768478878206,-4.283958465529357,-4.132307341351985,-4.708478060442829,-4.84436147199315,-3.8040238630478465,-1.4557119010546848,-5.1392820763636795,-3.486048001973641,-2.960888340744196,-5.624717586989833,-3.4767116829444635,-2.482434326100355,-3.938817671685135,-1.7363365832068292,-0.7078272244789935,-0.6755591456302585,-0.1885287690911606,0.1522981906838352,-0.2533868928021245,-0.8336295385365224,1.8619162710651802,2.9567921301854274,2.3727006743574792,3.2015977176443324,3.093259391160295,0.25133780337391176,0.2597334066787854,0.5531478477400075,1.3372066626654675,2.363493416563438,0.244954070546475,0.8115822623079535,1.7533840700494345,2.2210646340510176
-3.648907373037466,-3.121088185729863,-3.104185273896963,-3.1230295139537216,-3.2231759164339797,-3.32474876922324,-3.0673340292027316,-2.3677907122994495,-2.641323616037803,-1.8838606705206078,-2.677993507510897,-2.646390324770712,-2.3852676922125386,-2.9828162960801032,-3.1025479708543244,-4.2521923847291,-4.413585266967939,-4.99170761088582,-5.678714890060326,-5.670041010085214,-2.0877150124397423,-2.385378145687797,-3.513521831203992,-2.2094726349162053,-3.7696327717166715,-6.882791913109022,-3.5764605632726285,0.4648517854418913,-1.1765304718129417,-1.4021413687462223,-1.9417456785296026,-2.123024957048809,-2.5018044864640627,-1.46174300278036,-0.7350339750564794,2.1774567263472515,2.3587643218334486,2.4917754661998623,3.12352323686211,3.260628044542022,-0.8454455700495084,-0.34948236435349217,1.6570371026548365,1.702308317479943,0.7954613838441297,-0.7009283124063536,-1.133552476061948,-1.6474964908151697,-1.4053440337395062
-3.79651877634738,-3.1856580084217163,-2.8213513495182583,-4.160912227938586,-3.448684901663812,-2.8410434163401,-3.922633499419848,-3.1787088167234074,-2.782419269850407,-2.8571384576714753,-2.1746735845145437,-1.6567746650636392,-0.6734778111785936,-2.440483881486381,-3.533371346212739,-4.502429032233643,-5.431912168845685,-5.672684246679291,-5.438975450596028,-6.369437481033905,-5.29885171380826,null,-3.5522932955747297,-2.676205205792675,null,-2.4117977348072235,-3.8363773643158434,-2.5377550656174934,-1.3889844145920942,-1.6757171397036497,-2.4152616990693807,-2.6024722086819416,-3.207368343164366,0.6378856918851457,1.7471815727670943,1.53718853372009,2.547675295524688,2.8959612501041994,0.45326921899228445,2.317606721878714,-1.0706372630775896,-0.3951303491286073,1.0734222010161434,0.059720503551817405,-0.7235415983555253,-0.8492828921702386,-2.6669072316312326,-2.9067055138508997,-4.17679600887271
-3.7631169764389614,-3.171815528693526,-2.6602244807870035,-3.1660364484296664,-3.017082719855133,-3.247116764076116,-2.4462180267404583,-1.8435201528730893,-2.433183602992529,-0.16230510444679377,-1.3207493974102085,-0.772128975262987,-0.015563021590841886,-1.9521657451613907,-4.1259549237452475,-3.148727288080925,-5.718257599485022,-6.5527901844086145,-6.454803522206574,-5.4284945923100905,-5.813243123526619,null,-8.028199186105097,-4.333093293805856,null,null,-2.089845990022778,-1.547034492541289,-1.1253475073759196,-2.311930119863901,-3.76028160907728,-4.471339075289695,-3.5807727577698905,-0.34762788041432485,0.24658446870145517,2.402270153173841,3.6475550002623476,3.8815544743688064,1.354138405031327,2.375507675138029,-1.5291039139134774,-1.278774722661737,-0.5581888540873681,-0.3869254109361189,0.17390469949696705,-2.24567793301384,-3.916599071049391,-1.791334006099726,-1.9142863553063245
-3.501607313712332,-3.079367756618045,-2.833155615874894,-3.0121370756522095,-3.173386758042181,-2.7671080489359,-2.8217425740174753,-2.5361789830543975,-2.0337295234234016,-1.8455880479647784,-0.040382288766682886,-0.5034139939823733,-1.6478075814626791,-1.271630091969195,-3.2695927068215376,-4.156122158656248,-5.6050919643098,-6.024494809051021,-6.102667238898752,-8.534150850492775,-7.731659446107072,null,null,null,-1.9832341314098798,-2.178143189709724,-2.0236222238353756,-4.0879353144076145,-2.8086753568926985,-3.4074369918720953,-0.06662533543160452,-5.332381275948244,-3.3624011629049484,-0.7122644577799221,-0.8644104403467302,1.5705283959582284,3.138538783477922,1.838269004378174,1.7737090649122411,-1.2856592333512733,-1.6311718686107628,-2.029446809490044,-1.2058089982997486,-1.6226130587108587,-1.18856714431154,-3.145283455021923,-5.325736629045279,-5.4107596307594035,-4.716681650946182
-3.5751847405273116,-3.8286633510144,-3.2676942893005925,-2.85395127254065,-2.5282665212479065,-2.8127447930573,-3.043403793445718,-3.0811874884961505,-5.048645940227621,-3.7524256355827443,-1.4319391416763563,-0.2688747835401962,-2.0796163211008105,-2.1085221497477145,-3.7346182728369635,-4.046982428986013,-7.464446514553157,-6.600318235732783,-7.9828140617281,-7.52937130356244,-5.102051136672212,-3.254763754853313,3.0785078049598416,-2.943278097286504,-5.451488250651977,-3.4191703332333376,-7.200406211047704,-4.491184891405035,-1.8991540709466572,-2.2997222210983232,-4.847642464820337,-2.859221391666053,-3.465995622783172,-1.6367174683201708,-0.5698015367858686,2.5873034334314076,1.866569962464205,0.8322066696145506,0.21150785124551666,0.7897111617464192,-3.427312511656593,-2.3604522193605844,-1.6172198460100082,-2.879024379095076,-2.4039420356134347,-4.53835926994248,-5.521534288558332,-4.6458122951083105,-10.471375565262917
-3.3286988961491506,-2.9959197555060673,-2.9383629260923865,-4.083899865297587,-0.25318794667224687,-3.2701144392947885,-3.646541447410014,null,-1.9513938972460951,-2.8167351354574097,-2.3359249138518328,0.8273296895441478,-1.5073569930911153,-3.415585379187938,-3.853122019973731,-1.91959795585529,-6.70928877295251,-6.096920177708186,-5.727402007113633,-4.581624627365622,-2.050914043400284,-2.793477401489154,null,null,null,null,null,-3.127302200368062,-6.65101411466652,-3.915626633574528,-2.8148188087591324,-3.6776357211063897,1.634190139117265,-2.9014990613576273,-2.174023746729181,0.1598658851125538,-0.323620373280192,-0.5742233951778122,-0.6700556470651712,-0.25067280319200974,null,-1.3691367817814493,-1.8084117941218343,-1.7465194793083632,-1.4128440007560863,-2.2370046644102985,-3.972788681388082,-8.813976598100714,-7.206122563461701
