public/json/wind_2018-09-1608_700.json
{"header": { "discipline": 10, "disciplineName": "Oceanographic_products", "center": 0, "centerName": "Ocean Modeling and Observation Laboratory", "refTime": "2018-09-16T08:00:00.000Z", "significanceOfRT": 0, "significanceOfRTName": "Analysis", "parameterCategory": 0, "parameterCategoryName": "Currents", "parameterNumber": 2, "parameterNumberName": "U-component_of_wind", "parameterUnit": "m.s-1", "forecastTime": 0, "surface1Type": 160, "surface1TypeName": "Depth below sea level", "surface1Value": 15, "numberPoints": 4800, "shape": 0, "shapeName": "Earth spherical with radius = 6,367,470 m", "scanMode": 0, "nx": 80, "ny": 60, "lo1": 109.0, "la1": 20.0, "lo2": 116.89999999999955, "la2": 14.520000000000117, "dx": 0.09999999999999432, "dy": -0.10000000000000142 }, "data":
[rows 19 to 37 of 60, columns 0 to 41 of 80]
-8.538232560905044,-9.017423054824794,-8.763902015554576,-9.968724042140032,-10.018001995502102,-9.70756154349927,-11.058605331344674,-10.497134321117201,-10.24693746922394,-11.276848335451588,-12.458835602873792,-15.06318440967588,-15.397565894766057,-15.911565487545936,-17.594550808077265,-17.80010039070302,-17.634133216566255,-18.4464973165062,-20.182188585634837,-21.62814029680805,-23.455016222325597,-23.476981400631992,-23.545336169408657,-25.16274144577072,-23.565795593019626,-23.669771955151454,-24.382358331614068,-26.638928804649126,-30.58790860606205,-30.857419653976475,-30.821015913829417,-25.775859290488704,-17.037369820784335,-20.3281452619822,-16.76433722508352,-14.474601156009005,-13.226109196857518,-11.981271499561478,-12.186562191053353,-13.270823343026251,-13.021878366370958,-13.41635075226294
-9.252228590896976,-9.492563710745024,-9.021894520387365,-9.613144269183113,-11.160212821611196,-11.46501998656237,-10.336610570686945,-11.593211711198528,-11.978012440471053,-13.123867336770585,-14.92127405709369,-15.444408219262659,-17.47553501993502,-18.555282295916147,-18.09093508766602,-19.07659293918863,-19.611230064158914,-20.731358977916067,-21.228712605068136,-22.28396505863546,-23.72089639456286,-24.665134055695304,-25.557414096286422,-27.259166389260013,-26.665445686909393,-25.66152432895335,-27.97873955575048,-28.68247831601209,-33.03232366890904,-36.16085123999487,-33.61723649023689,-33.72553974854683,-26.071641703733015,-23.21500747537801,-19.86462749832061,-19.281596906602797,-16.544885082486232,-14.259218139714257,-13.809020004365086,-17.406618419803273,-16.78939993320963,-17.111145681822737
-10.21424396641511,-9.206455335627052,-9.663649375924198,-10.213026053337874,-10.190965732541054,-11.425321533651694,-13.054849490357485,-12.218215468414362,-13.960626363307878,-15.308167292404438,-15.00749716743938,-15.891928492122316,-17.272744358082722,-19.328026715476526,-20.499865427017056,-20.849012425644034,-21.090382345730816,-21.71598126081098,-23.437319666650986,-24.27379764523375,-24.1351568054253,-25.9219996713187,-26.065872357201616,-28.006653656417377,-29.280407380621874,-28.571992677572954,-27.1753551755473,-30.967686639814616,-38.857597262777674,-38.70274313231883,-33.87015858810436,-41.44859647464864,-36.81346140201308,-29.04102079983701,-25.247560792469393,-21.328508924291064,-18.114291777435387,-21.319666099414476,-19.097921790444605,-21.894352236956696,-22.976717670459298,-20.645040032926797
-10.889500585293522,-10.050006715028115,-9.663691615443913,-10.336837538546188,-10.208834267045004,-11.171126619534355,-13.15485716086415,-15.510115333232395,-15.439918142448201,-16.544678891703807,-16.926494683966006,-16.363289421516807,-16.785709273965303,-19.333053766121775,-20.345064319742054,-22.361938719106078,-23.127808016326238,-23.093337016187462,-25.63653193239766,-27.155657847114803,-27.9160207110388,-27.96365597794907,-23.418403210383097,-26.206986992784344,-28.585340760664344,-31.10818685087952,-29.527249697268207,-34.71146309105193,-39.745836136968016,-40.20954304332955,-39.89445174614081,-41.30016905408786,-39.369010785923756,-45.17613629598421,-31.796966918871778,-27.462471711043502,-24.368605841576862,-24.144800194175332,-22.27752332055972,-27.846635322100028,-26.4828929269463,-25.784561332484564
-10.876412427932491,-10.430467630095992,-11.227688556718531,-10.641975610938358,-11.821192599499621,-12.791315093830656,-15.018303728295358,-16.071311616782886,-17.55901474551695,-18.495178296595324,-18.245261450455867,-17.45135735132276,-17.495444575008563,-20.637602967820982,-22.485818168213953,-23.131461067121407,-23.315597063067962,-26.979250817198917,-28.333577750433022,-27.79456344263047,-29.137411051082786,-28.078216599558672,-29.14471629915026,-29.76126278545081,-31.85910563215717,-32.69833862703916,-29.346240908789934,-37.28165990123091,-37.380366597333946,-42.30919497639253,-43.88871285421438,-41.78385502723376,-42.27065256050458,-40.814462288017324,-36.413726649368435,-33.918447852352536,-31.016240136526154,-33.13856025117008,-32.687261078064175,-32.6162323931601,-31.452045680126552,-30.2015604640168
-11.378428856230753,-11.849740661455499,-11.88769639430514,-12.260065284509663,-14.019501564952954,-15.109740821179352,-15.73121356107292,-15.800464937966497,-17.010174284437078,-19.52036323594082,-19.210717990638614,-18.18825637859791,-19.027791516836764,-20.139700583938676,-21.207593887789535,-23.472270828937475,-26.78524096583925,-27.43324482605879,-27.494591653166694,-28.4749062586381,-29.41367618694047,-30.143668804243468,-32.199178778086825,-32.63779594336646,-34.30679821287741,-34.32049990841299,-38.32842327362493,-33.47552873835477,-38.21180264329913,-41.13629624777873,-42.251323849466566,-43.09303635376867,-44.22264246382962,-40.247070576887026,-41.099809350870046,-43.594284717456596,-37.72371163361666,-37.9082504524152,-32.534280215060164,-35.61252011796162,-35.26736754057387,-34.69223545810803
-13.195065750011743,-13.857943654521865,-13.986570554319437,-14.398889532264928,-14.575384287410117,-15.017704878421556,-16.582508852011518,-16.732470874161145,-17.196576828142334,-17.47892755784549,-19.690154996284058,-20.24387096663274,-19.93191896949267,-19.66412474798401,-22.642200014341913,-24.85334978455633,-25.372930404410344,-26.298470790100524,-29.512183406181034,-29.864472289855634,-30.72428854759208,-32.1545105374742,-32.61940879154318,-34.45268012128075,-34.393036424514975,-35.69549173428756,-40.21127700306447,-35.93335531951667,-41.756409990104665,-40.99290217823122,-43.472849307542276,-44.939047665037144,-43.27492460235056,-42.60742050538711,-47.685579508873126,-47.11311903413943,-45.574829034431495,-40.88160238255671,-42.39500158682857,-41.1136777801552,-41.648824113751324,-39.305661393795745
-15.308818580446307,-15.878694651957897,-15.167971533110418,-14.606185711499096,-14.712846934163483,-15.491496456564164,-16.29163357777319,-17.076544370642846,-17.885567574545146,-17.63592512000855,-17.984481970547304,-21.13690537214739,-20.395025044823615,-20.437809960119328,-23.166017783626238,-25.71334843890984,-26.48520361958723,-27.407988236541144,-28.718020767333556,-29.318836751055358,-31.295202370766084,-33.66213578089229,-35.041589031141974,-36.270137756689905,-34.69763148649591,-38.44569924078145,-39.35068587063597,-38.49987965000477,-40.37519170281569,-39.10042537899496,-44.747099064703136,-47.65722927148599,-42.5701714220549,-41.875425268318324,-45.30636682683405,-45.22585702489843,-49.423432171353994,-50.401578554129415,-44.50877860148669,-43.87750429057053,-39.40689806361641,-44.02969717044054
-17.63824300685912,-17.721198161425143,-16.127176867266574,-15.193404934131665,-15.394822254672846,-15.573489963884773,-16.173602921284125,-17.030472167964753,-17.53695761570705,-18.102772220418448,-17.35404797427751,-17.026134541918644,-18.63643546487034,-20.73900074793786,-23.41505010759726,-25.265442613844055,-26.9795412400983,-28.215528672167707,-28.47217953758319,-31.77555770356751,-33.510673912254184,-35.78461890599993,-37.62278496074818,-36.7622809377487,-37.110637889471484,-40.28324630354389,-36.51309288610631,-41.593689515319994,-40.84153442189362,-39.12297240320025,-46.07120688907055,-45.789001622169295,-46.738353452157185,-47.6234939188457,-44.3670626901529,-43.021540957503504,-47.38874559196399,-49.94836257194536,-46.786018697251386,-44.62956452097247,-46.67983373898433,-42.92735797471957
-18.152409167997085,-17.92285345619595,-17.455834606639037,-16.04286274557228,-16.461679056935786,-15.894209768852814,-16.234294492178904,-16.843469837565486,-17.901991394486167,-18.46684562208678,-19.657421296419248,-19.880339596370906,-20.484307730117393,-21.35366832896274,-24.764564721559058,-24.95563432999608,-27.531768430077705,-29.07248592298,-30.118346310735255,-33.48984892937498,-35.26133120151909,-35.79908421674837,-38.326983154384756,-38.663654033317464,-39.85671015820175,-37.83245274848485,-35.618501094309906,-40.0383361769227,-41.42100145850236,-40.751700843409,-45.57855723575923,-43.45461726478656,-46.47325201744262,-44.93362692693651,-45.01501910783185,-45.16622216505897,-45.88189571491292,-45.56403277723473,-50.40977647203619,-49.21940141650505,-45.70334558122695,-46.397374125383166
-17.530657857184732,-16.88719850238204,-17.19808944395837,-17.923688714876725,-17.00480709085356,-16.00550105911904,-16.31510163816344,-17.006948403933052,-17.973393090101602,-19.25501914982802,-20.623067442393797,-21.600407069771876,-22.54454762458231,-23.849160819938515,-25.912314117205668,-26.29189485097728,-28.169751825155785,-30.210292033414646,-30.763271144920644,-32.73743326248642,-35.65470021217757,-37.339544188605274,-39.08868879684141,-40.62442207054322,-37.63843186008576,-35.95474502410727,-36.39099615001763,-38.69504728683694,-39.65938155136641,-42.14465394005626,-44.08530334653942,-44.70472080563958,-44.346016615569084,-42.28545196094774,-50.441370190018105,-44.06706427870018,-46.471316176440894,-46.64039732347038,-46.49530866951137,-47.04420454297187,-48.47666526829451,-45.12063531674606
-18.239354711589304,-17.230696246488648,-15.57935863985833,-17.290206538066812,-16.281653524751423,-16.633117593114683,-17.266043273635255,-16.98700348165144,-17.857856229260626,-18.902883603242504,-21.015168159262572,-21.937495252483235,-22.363118692271584,-25.232126755100392,-26.963661185013777,-28.37864499599536,-28.816434069945846,-30.365297332517144,-31.189134196539854,-33.068593309193865,-36.11664614698551,-38.493353306229885,-38.25977126897841,-38.82444910349868,-37.89120217675135,-37.67090778011756,-40.08558497895045,-38.67202998979781,-40.48863272527983,-43.504837648733954,-46.35396737794841,-43.835274329662546,-44.36768210094487,-47.84649430802039,-48.74729074474402,-51.56654020972967,-49.9324792551954,-45.36917058960406,-45.95650655328714,-45.665323717264286,-45.4908427986575,-43.004843040024056
-17.928702558378244,-17.59761295161261,-16.02602675485828,-15.730828444215412,-17.175443137894128,-17.74640100854991,-17.430334251369388,-17.42285466815052,-17.46078098137457,-18.27230143925901,-20.63536512051665,-21.490565643983672,-23.002019799290828,-25.538439432887056,-28.312873536886286,-29.779557803562724,-29.7362115541143,-30.850529898067677,-32.11531145035258,-33.449395063151,-35.26647702685048,-37.20676822323924,-36.89521673618324,-35.64702909067347,-36.39370720840596,-39.611587464366764,-39.19362076284619,-39.98418128745411,-42.02292392254476,-45.92952571121222,-49.17692506317576,-45.739184389396875,-45.99917720950446,-46.09434110601904,-47.64716178218671,-50.55939131540606,-50.215305695256504,-48.01804246978416,-46.337773701801,-45.75578139934108,-45.418936273299394,-50.16600244114595
-16.136207982166294,-16.71381821569972,-16.88046703836596,-17.185606434189715,-18.142647536614685,-18.169185853561675,-17.38936739733367,-17.622181405089066,-17.766768900814284,-19.3743443488862,-18.533434582506867,-22.0292769978848,-23.902842787310014,-25.578688918710665,-29.402519299037973,-29.33396167151536,-29.69900253673445,-30.8826809721633,-32.30375006804225,-32.63040792660369,-34.55352082510987,-36.55240022265286,-36.40021478897966,-36.67791284154881,-36.460625460441285,-39.94431898690743,-42.199282288965435,-42.00419957363423,-43.4819100196193,-46.385821713717675,-48.52607511937296,-43.67498205311582,-45.801298451034576,-47.49069875788628,-49.90703604920034,-49.00731756258544,-52.383809898710204,-51.08430926960213,-50.77899745088146,-49.73740775709313,-49.58737098830534,-49.646842944812974
-16.817446138125675,-16.718820479146714,-17.827342039419786,-18.573968492733982,-19.55378497955682,-18.76477442908848,-18.481618223396875,-18.76880661135786,-18.663311470367713,-20.723141108688203,-22.26075114001915,-22.737349177328635,-23.637468140018434,-25.747493171493854,-28.352255949677378,-28.956628045372504,-29.420108146857977,-30.176386140551397,-31.490740451337828,-32.6328210785285,-34.62330399707595,-36.10908192958978,-36.54927188296294,-36.40904844427732,-37.43905366828322,-39.6522465189073,-42.03081670113401,-44.75363832802831,-44.110390901924696,-43.497917014649616,-41.30982877649052,-45.31431791088681,-45.492628261610434,-47.15836298018808,-48.358425457415066,-48.70849708124224,-51.07664659639046,-48.98753980543319,-51.169158581022984,-48.34848158994933,-45.4391558531481,-43.99144947949227
-16.64665965905683,-17.139500364560746,-18.4597006969667,-19.1912226284122,-19.839571971582505,-20.49240586381791,-19.34586751369618,-18.38644113148272,-18.627735046950512,-20.121958823121822,-21.855029954644312,-23.337092691250433,-23.835774534387173,-26.005050632687,-27.382275261900514,-27.835499004529634,-29.293844342978183,-30.00265219536183,-31.135927637232207,-32.76893850407361,-34.26264239825392,-35.73626219965325,-36.030736711525684,-35.66012381362638,-38.94128871909298,-40.04811832701487,-41.52144179975802,-43.055714482673466,-42.21352044995371,-43.679931408142465,-41.5829815251843,-43.19636435971195,-48.091927423546,-46.935350560878554,-45.237277744040334,-47.09644876878383,-44.573392267187415,-50.16329150889709,-50.256949668765195,-44.06718735063223,-42.258592773716714,-41.5457565783268
-17.759885311461375,-17.61055668518862,-18.579739032207744,-18.997200732230027,-19.1490008148712,-19.940446409444977,-20.30505793634557,-20.543954038894846,-19.89183944501969,-20.96128845212138,-22.58353503824217,-23.467422533920775,-22.606441647969643,-25.506889903139562,-27.456918472709603,-27.973236484594125,-29.14321123422632,-29.24614070463975,-31.13518296224343,-34.01600718472045,-34.84933002762555,-34.44890115655631,-35.024708566958466,-35.77197819209448,-38.144157853592716,-40.553259876332945,-40.983223568481264,-41.06016429691403,-42.301888278421714,-42.96724207726033,-41.526090631622836,-41.14351541836236,-46.97493519107576,-44.71482748144011,-46.695796654033956,-44.33579976395991,-43.74961714303371,-45.71439936844856,-42.720559949365125,-43.994565339165874,-40.89541034541955,-34.58511377714405
-17.21694941836428,-18.602315206086843,-19.06636617661616,-19.103816263085083,-19.356245872729446,-20.08033299632556,-20.583171370363345,-19.853509981729033,-20.73526781838173,-22.909112823232746,-22.553282944333258,-23.148963020010218,-22.78114098773318,-24.015884550831178,-25.655111674835332,-26.492875747910304,-27.993218121571555,-29.827399339289187,-31.93944605769846,-34.364838406273236,-33.86034900936989,-33.986320486929685,-35.13524905329628,-36.80392041632761,-38.28747587318117,-39.96428504936132,-41.10220479709161,-41.613702943365595,-42.470490034040125,-42.75538764745757,-42.3019601399052,-42.35383949468801,-42.60969151589093,-41.594708701341276,-41.386000578327085,-46.0446311633152,-42.4104790850911,-41.674270638090604,-41.53710546912432,-39.75815429940678,-39.74190375195445,-38.3478703965733
-17.280205338637778,-19.343815878493984,-19.920521833947102,-20.18451657933391,-20.47590564069808,-20.903618406977028,-21.15286167510503,-22.145268125780056,-22.420450699798913,-22.969876121686966,-23.989798761137653,-23.44968281863916,-23.039601242347413,-23.44625941325777,-23.017638099129517,-25.369895023400417,-27.101798282838296,-29.30535073646676,-31.449080677361007,-33.15083993779699,-33.48435713523964,-35.248716417769714,-36.44775132644005,-36.166762083200986,-36.49429284640196,-38.446463887570175,-40.65345189313012,-41.14375701729513,-41.55551956029257,-41.64028805757786,-44.00063015114678,-42.7787459530593,-41.85658609327512,-40.53389488432067,-40.751245049317845,-41.878632362686,-46.66028597385153,-46.006245580493676,-41.61969731489395,-38.95998897609067,-37.342561760401914,-36.78416951689951
