public/json/wind_2018-09-1610_950.json
{"header": { "discipline": 10, "disciplineName": "Oceanographic_products", "center": 0, "centerName": "Ocean Modeling and Observation Laboratory", "refTime": "2018-09-16T10:00:00.000Z", "significanceOfRT": 0, "significanceOfRTName": "Analysis", "parameterCategory": 0, "parameterCategoryName": "Currents", "parameterNumber": 3, "parameterNumberName": "V-component_of_wind", "parameterUnit": "m.s-1", "forecastTime": 0, "surface1Type": 160, "surface1TypeName": "Depth below sea level", "surface1Value": 15, "numberPoints": 4800, "shape": 0, "shapeName": "Earth spherical with radius = 6,367,470 m", "scanMode": 0, "nx": 80, "ny": 60, "lo1": 109.0, "la1": 20.0, "lo2": 116.89999999999955, "la2": 14.520000000000117, "dx": 0.09999999999999432, "dy": -0.10000000000000142 }, "data":
[rows 22 to 43 of 60, columns 0 to 49 of 80]
-24.09114464665796,-23.707217743550622,-22.503921443292057,-27.77481446737761,-26.22746259020058,-25.196147642868212,null,null,-26.66332398072447,-27.533971803215472,-29.677248440041318,-22.613858379122462,null,null,null,-24.570368832464936,null,-34.577028647814174,-32.33479087621362,-32.70430735442879,-26.983765893863556,null,null,null,null,null,null,-30.375163886693954,-23.53276201369394,-20.770888668350302,null,null,-2.686014455965473,2.881372694590818,5.500139137979449,8.410270933046682,10.916115663733688,13.499054931397172,13.5428110330713,null,17.49218349081151,17.971333905035767,20.252621180521547,24.37190600968457,24.227637186692263,26.362746842757595,26.714782077993654,28.175255648832433,27.207185763124897,25.83526496325893
-19.053455908566033,-23.676451211741014,-25.91805736293529,-26.653245607218143,-21.733291434612525,-28.820756718951056,null,null,-24.954409855310523,-23.307936958005506,-28.170797298577025,-24.247225078216033,-22.028689735507324,-22.585195622712142,-22.599695226003924,-23.396272085328516,null,-31.082323670705648,null,null,null,null,null,null,null,null,null,null,null,-23.959797413718896,null,null,null,null,6.565925902212827,9.438355906671093,9.300307534406224,8.839045420556047,10.876168494530367,14.575257432951151,18.06653596193438,20.70137046867153,21.49847441402839,22.438454890921278,21.20430958740875,23.72106706599643,25.629849061983162,26.879065105338206,24.733467130315244,24.93124412198854
-22.54637451484961,-22.716283976953523,-23.992607782972627,-25.451879013248828,-26.552955685567444,null,-21.538682780542477,-20.856149940687615,-15.891619145876685,null,-24.11968620434599,-24.583639778179723,-25.187252053990484,-19.20971820478319,-24.517701744148983,-27.28429479317755,null,null,null,null,null,null,null,null,null,null,null,null,null,-23.897746383448506,null,null,null,null,4.765352355593661,6.22799975134323,6.686223570140019,7.442967601063712,10.975979262079125,13.906058380310741,17.153837589718442,18.550778904706434,19.089363169315472,19.206267263503072,20.5708364399999,22.503921199492417,23.26832187904639,23.056229991237416,22.575379215457367,22.981312294214543
-23.193211081996765,-22.509172410643373,-22.807971386540032,-25.634476541328794,-21.232031010380407,-24.7304525928768,-22.529131219482753,-24.38202156134771,null,-16.57963170790671,-24.536951029148536,-25.401356191211846,-24.605085328566226,-28.256392115471684,-27.877039577767547,-24.507022424994236,null,-24.36317862534665,null,null,null,null,null,null,-25.74227451770022,null,-29.645482016730956,null,-24.082501854406217,null,-21.395640094720285,null,-15.328321436156983,null,-1.13426899050265,2.9906299140526627,5.0223453561155775,null,8.068094541193553,10.734955868614097,13.60464682730897,15.425893056299168,16.304187980485366,17.247935303848596,19.05740117888441,19.005117176956254,21.17077655061184,19.715586752047223,20.36060491713664,20.029320444118287
-23.077626745988407,-22.395060076230223,-24.53332737321432,-26.706505136037816,-28.264934460167517,-25.05191976727506,-23.852070688188984,-19.12486095087964,-24.768359891245446,-23.76022286223037,-27.450092994020867,-25.732683347341375,-27.6283872557168,-30.99872532349695,-29.217558384436455,-30.202068332346766,-27.373553971971482,-26.254846759092686,null,null,null,null,null,null,-32.01153584380981,-30.959045930739325,-32.35819954902122,-29.88693842742471,null,null,null,-20.31577960780688,-17.043544644190394,-10.966491709653592,-9.603958093557722,-5.364973191587742,0.1562362637593645,1.0385475800261035,null,7.150011760926676,10.89002163311916,13.872230199484584,15.92609702115223,15.725350234768172,18.03195321348508,17.89948396650929,14.60599892491912,18.208982770658732,18.293721583534154,20.081944966584825
-22.324619322924427,-21.043475115317232,-25.272158935945317,-29.012346189494696,-29.694696493734334,-23.94781824561707,-23.806079567206883,-24.84172800406933,-21.104293226986773,-21.193105231753446,-21.583030475613917,-19.65913416588952,null,-31.099522952575416,-33.3502692264273,-34.79336388988376,-24.438521147195658,-26.70539622352531,-27.210245928601267,-26.004392881079255,null,-26.67019973234436,null,null,-27.46554471420827,-29.030564802339626,-32.530884263737676,-29.380055024321372,-26.143993534853898,null,null,null,-18.279885237357977,-13.051194976893935,null,-6.731832446124434,-2.1656229776376077,1.362188788157466,2.65935682090897,6.184769929721064,9.86609340664929,10.926295639317162,13.768009411980385,15.27610628086888,13.682040959632555,16.508988453316743,15.894924381789055,16.193234282770874,17.397555529355976,16.349670295357395
-22.25988459285297,-20.353440247183045,-26.728175871054788,-31.72268764760924,-29.392787582073048,-24.883352518462743,-23.616142098513574,-27.19463551436708,-26.382431657837415,-23.69456468132806,-20.693914845545553,-17.49253532479182,null,null,null,-27.28890473152309,-29.39759253281164,null,-31.496283916576036,-30.53287582038581,-26.220148560959878,-29.039178744353023,-32.84883704461899,-21.962558723226266,null,null,-30.58777634033406,-28.80457085982183,-25.03660961755875,-23.88481933924525,null,null,-18.143505899895423,-18.019356405071434,-12.179120140521324,-7.797640169398827,-1.9415322421542858,-0.48586669467867905,4.0377523066497,4.147050303722188,6.0053978526668335,10.246232302219035,8.085780267598812,9.983570100536186,10.413175375890383,12.887594254002078,13.8806255838576,13.16519826133006,14.746110619619941,18.577942286890593
-21.907707176994712,-20.095612871188795,-21.80103437118889,null,-27.80905995908983,-28.085182999484733,-27.628837783625595,-27.668709541854316,-26.855450700416643,-23.386506189095396,-20.13408552127325,-17.26510335275725,-16.699639678884402,null,-18.434506961602946,null,-29.954068837799333,-28.291830167011547,-25.50345055934529,-27.203817352463147,-26.708938546045136,null,null,null,null,null,null,-24.029213291845608,null,null,null,-19.580101349732328,-15.940142815203838,-16.88971246682754,-10.351646981011207,-6.661832847113498,-3.613590127763496,-2.3518003534362166,-0.08978491541933122,1.7100994865444514,4.219338561179404,5.120878888895991,4.902468457084028,6.820139697424036,10.147679085698009,8.64482041573786,12.559381307378608,13.220474648402561,12.377195655111924,15.05347680388514
-18.373847999868417,-16.419344256947003,null,null,-28.693997697945797,-31.33996639461866,-28.862509890508246,-28.177235699374954,-26.902283196991966,-22.453234053426453,-19.509807293641586,-20.175603661486303,-23.574881929146514,-23.660927732198296,-27.591052323900115,-27.47951872365453,-25.73493091707757,-31.226584330601245,-24.473081524477536,-29.648846630884826,-26.764832405383817,null,null,-25.5993861546663,-29.31225067579912,null,-21.79189070511118,null,-26.2932542922555,null,-24.929022731571322,-21.378854553234525,-16.875624733816238,null,-14.055839471683038,-13.428103834311603,null,-5.699506256364307,-4.608569546938216,-2.639816093176748,1.5844786540772509,2.2071566603560306,6.006667776424533,8.437971588562037,8.631763017493391,6.181075246936205,9.926084770542465,11.207018568335895,10.293345184464533,11.894837209500402
-19.57385301093973,-19.541670707873074,-18.89974680522878,-24.37740448252018,-26.619593601019602,null,-21.215903504388265,-29.181223665137967,-26.324126048614687,-21.012361002636162,-22.799061299228278,-25.036532385196352,-20.851379768564236,-26.4266406570352,-24.03568896590638,-27.503624977801042,-24.20026539684676,-27.23082390038281,-29.62271294213949,-25.269403633505316,-24.38810338675748,-27.817874817075882,-25.993209014504963,-29.771878505404132,null,-28.374384912822805,-28.374788057951783,-25.56278503755945,-27.33923420001635,-22.7666264017454,null,-20.89750981172498,-18.78563280436502,-20.48890219496967,-19.36230519999141,null,-16.55640198683145,-11.265072647206297,-7.222065161564727,-3.021703773307859,-1.763112707056079,-1.9942572616653393,-0.9865549214241006,0.515641423468478,3.124761156370867,8.342186089663642,8.0735993197447,9.13317914104094,10.067418439989693,10.61610460838866
-20.30188105370649,-20.35405158700574,-20.213440624569767,-24.434608428428714,-27.52698418284299,-22.941651099996452,-26.234322978983403,-20.752403523680165,-27.39526623184447,-22.325563474508524,-28.942042153654906,-25.704788024135063,-25.468442680478066,-27.46989110546759,-27.227768533505376,-23.08580895412988,-25.24361994227268,-25.994460343229612,-28.864636821190942,-30.603633393321886,-28.98355337656726,-28.901255975643384,-30.006716554730975,-29.259455248130525,-30.698181833650366,-28.614987766856,-28.307327154224694,-24.407839665401976,-26.11462395200455,-28.277130546822146,null,-23.580139385826715,-24.67025279160169,-20.345428068576922,-17.85150419567018,null,null,-13.68625785831101,-9.885972553098293,-8.77582419963409,-8.69363717841564,-6.190097473124434,-5.570515229889293,-0.6073264425491542,3.143575519377127,4.448304440835275,7.118435128730743,8.328960354544966,9.75465926238824,12.472238403362136
-20.338595722416663,-20.7395892121133,-18.506887079243423,-25.0818315089224,-23.94317159642391,-24.532399379903048,-24.29452957521468,-23.91095425226684,-17.395658444582068,null,null,-21.256931692305333,-26.764433411111796,-28.426313746689708,-27.64977688616559,-28.608305866509316,-26.107474939751096,-26.46538390235819,-28.951964907149552,-31.352381786525925,-30.595547518236085,-30.968654434151908,-31.58411652579003,-28.814343043855843,-23.95774472510776,-28.38421790385771,-26.337850230538592,-23.923076090884056,null,null,null,-22.2981672986633,null,-18.16472225188978,-18.336290778836023,-19.09358637236838,-17.41860923192603,-13.376210050758237,-10.575488652237079,-9.440620542499987,-9.955088751138758,-8.410025284075395,-5.363982135826161,-1.74750408682067,2.611693140344991,2.121541975334307,4.966563886975986,3.4958565360336156,8.666174059678468,8.717308010650946
-19.88683915041265,-19.07213531522387,-18.797566263162853,-19.532866428070367,-23.25260642115117,-26.291905906607326,-26.311716823952047,-25.21721981025169,-19.450982764817926,null,null,-19.34055821129661,-28.48859997468514,-30.610589229899617,-29.374801965328935,-30.693531634347018,-28.4913583346096,-29.199164552844827,-29.070201677712774,-29.39927745806657,-30.275044494749928,-25.478140789484563,-29.037713766843684,-29.980697030154072,-27.661355043602544,-28.481829365234496,-26.825905717836335,null,-21.472514003064813,null,null,-17.312728947009322,null,null,null,-14.115695874570752,-12.402658888900318,-12.891445668743348,-12.61577440096481,-13.60121250635271,-11.274238380466004,-5.634194345767589,-5.150834406941029,-2.161288621260282,-1.9901012049887283,2.534151717576855,4.0444719744438125,4.452420724326051,3.403703607774508,1.3077510745106733
-19.227805669049253,-19.033094026662017,-18.868129447554328,-25.09257340175094,-23.718233269988588,-25.82753526961534,-26.612254496033806,-26.203675170849962,-27.04897227409565,null,null,-24.5773695510036,-32.79997728550546,-31.83536435408661,-32.177141386915196,-23.063513575420732,-27.600991623068303,-25.927674304214953,-26.556500184716462,null,-27.838781146674812,-26.68632663859771,-27.888745313290883,-30.762544012600976,-28.700302127090197,null,-24.106912407612082,-25.222019963595343,-25.186051423303944,null,-13.715149189399618,-18.368096752613965,null,null,-16.738433124918494,null,-11.302499465406385,-15.5890949715347,-13.803343766659326,-12.786314386057478,-10.637217669013252,-7.635905118341085,-5.111093090484746,-2.718534580425349,-1.3661065090847266,-2.3886138732975373,2.1131174805680315,5.184794738016892,null,null
-21.74717154638776,-21.729625576638163,-19.43962275672912,-25.80055534627265,-26.058209357593395,-24.265422673845954,-27.30150345791357,-27.119161302291996,null,null,-28.46068415977762,null,null,-32.13433614803954,null,-24.102248008938943,-25.328273503946736,-28.723693507874387,-21.746830378519633,null,-24.151252727924057,-24.100932055483185,null,null,-25.38730147142118,-24.034832971767237,-23.000264200577085,-23.515622549047276,-23.218435525138663,-20.639268548487692,-18.838197600533775,-20.339164423401062,-14.307920377363539,-13.575234261354346,null,-11.673820382082859,-10.365340969929443,null,null,-14.053978394535,-12.218134225348367,-10.64712551043477,-8.76638488543924,-6.7666769310274715,-2.6093881118516298,-2.8538205595171817,0.7218454777636133,1.3083572406495567,null,null
-19.232370463576007,-20.51763512568172,-21.062247470074773,-23.066363568274564,-26.077825507362657,-23.520953914463327,-25.780862372895726,-20.402381412098684,null,null,null,null,-26.33222043735948,null,-25.0956454523605,-27.888501799987452,-25.265243536803382,null,-22.721131141975764,null,-25.168826261705938,-22.552509337576222,null,null,-24.397804021181862,-25.94141783162334,-24.005670412807547,-21.245744907567392,-22.697525152617448,-22.28516568333137,null,-17.512391545609592,-18.352606904899794,-16.9460722076035,-17.28706846859673,null,null,-13.990236687046224,null,-11.348750128780537,null,-10.305430568252868,-9.2985520523476,-6.197745870467439,-4.961082641570802,-1.198538495261417,null,null,-1.2039881902782061,0.27625982359563656
-16.705479755098814,-20.884299965712827,-19.327584799212183,-19.850139212962926,-25.19295090506221,-24.910053466947346,-23.129879862234315,-23.015858784838276,-17.55304606800316,-16.209887072659818,null,null,null,-26.54101466233579,-26.632392657226767,null,null,-19.83359916127798,null,-22.08908635426134,-24.407398991671016,-16.493073914217177,null,null,-21.586215390815383,-23.052650974049,-19.865526512353544,-19.729537118407997,-22.151415986446978,-21.102563587101685,-15.674733067147463,-21.121940364346642,-17.643319835645357,-16.925237532881116,null,null,-13.006620129005704,null,-15.208656738131564,-15.97604031370295,-13.615053657227634,-11.017843541757488,-10.482720693872782,-4.957419495284903,-4.533476293773078,-5.2920530777176,-3.2324598771332003,1.9397551747026003,null,null
-17.85762772964417,-17.798046023394626,-21.1363199457446,-16.63972163291031,-23.793863843803255,-23.97700531954784,-21.630750943668666,-23.61011305455846,-21.90749678884034,-15.095480815439645,null,null,null,null,null,null,-23.855917906654895,-21.448216291543375,null,-24.357015278555487,null,-23.28758907930142,null,null,-19.129157618731007,-25.010259433581478,-26.232458696265212,-22.40079068227266,-19.254709993986733,-23.091893004819255,-21.19521573505233,-21.735786446398258,-21.521166621811254,-21.409437645304692,-18.438906447165834,null,null,null,null,-12.755871386458477,-9.051670893915801,-9.364023656404864,-9.099887047243795,-7.406676605206414,-7.0039819086126265,null,-4.7518743865774065,-2.3350268175509155,2.1551482221889398,2.3872027037838124
-16.968170930505707,-16.12875986583795,-18.9588755165643,-16.330777302752395,-22.253041665012645,-22.133766052134753,-22.023511132620303,-22.163389641982175,-23.266909828483698,-20.533039146453866,-18.438776038396785,null,null,null,null,-21.19463419723476,-23.526498658503748,-17.137284965237328,-20.02485100716116,null,-17.952565659140678,-21.713193303355077,-17.506762021676167,null,null,null,null,-20.56825943911702,-17.32255467582967,null,-21.298868857596027,-21.94011984891609,-17.905630675948085,-17.47299140819343,null,null,null,null,-15.05657686862839,-14.409106136766459,-11.940464155316391,-9.347269751017174,-7.332157039710194,-8.14694464840098,-5.866900629581006,-4.463680564994619,null,-2.1640162772261458,-0.9543085799064284,-1.6472318058888695
null,-15.314384910703978,-21.50845431918741,-17.476285169120573,-18.37493181711305,-20.652605436579098,-20.78295896113689,-20.597514192185297,-22.779485494652697,-22.09672852696047,-18.447786326230094,null,null,null,null,-20.093227972036455,null,null,null,-21.2494479085151,null,null,-21.320776779461415,-17.078968375684333,null,null,null,-18.725527319823847,null,null,null,null,-12.51686358647082,null,null,null,null,null,null,-13.316457894457528,null,-11.15735543781172,-9.046581700033473,null,-7.268783740856623,null,null,-2.0137612637604523,-1.3652781722773861,-0.7668720769405081
-11.817638590582726,null,-20.18328503898592,-18.566615704732037,-15.210362738416158,-20.36929818463216,-20.378541337441945,-20.453820588731286,-20.67722274069863,-21.47217009526144,-18.99702815264124,-16.446113426150024,null,null,-14.29179048983681,null,null,null,null,null,null,null,-19.467493464747797,null,null,null,null,-15.422165649221919,null,null,null,null,null,null,null,null,-14.572026279814796,null,null,null,-11.563399037001869,-12.981026232074258,-13.871462319608126,-15.186159900150544,-12.528208328680805,-7.999041530437449,null,-6.912804554968963,-2.665145899067022,-4.605332261224346
null,-12.144914814439275,-22.2921589550914,-19.996817136170296,-13.285876872978127,-18.669009120266132,-20.469712864555916,-19.86205590756305,-20.885656692342646,-20.75344549058925,null,null,null,-17.83965449531645,-13.199734873818521,null,null,-14.530863128123126,null,null,-10.573022398984836,-21.65710925831008,-19.962653744592483,-19.449498945815176,null,-13.338687922697375,-16.791751152123428,-18.77746037743863,null,null,null,-9.001065710143873,null,null,null,null,null,-12.467898921983824,null,-13.743725360689346,-14.502676335845951,-13.29051827299128,null,null,-11.976374362829027,-11.921896967066264,null,null,-3.8933608927418595,null
