public/json/wind_2018-09-1604_950.json
{"header": { "discipline": 10, "disciplineName": "Oceanographic_products", "center": 0, "centerName": "Ocean Modeling and Observation Laboratory", "refTime": "2018-09-16T04:00:00.000Z", "significanceOfRT": 0, "significanceOfRTName": "Analysis", "parameterCategory": 0, "parameterCategoryName": "Currents", "parameterNumber": 2, "parameterNumberName": "U-component_of_wind", "parameterUnit": "m.s-1", "forecastTime": 0, "surface1Type": 160, "surface1TypeName": "Depth below sea level", "surface1Value": 15, "numberPoints": 4800, "shape": 0, "shapeName": "Earth spherical with radius = 6,367,470 m", "scanMode": 0, "nx": 80, "ny": 60, "lo1": 109.0, "la1": 20.0, "lo2": 116.89999999999955, "la2": 14.520000000000117, "dx": 0.09999999999999432, "dy": -0.10000000000000142 }, "data":
[rows 0 to 21 of 60, columns 0 to 48 of 80]
null,null,null,null,null,null,null,null,null,null,null,null,null,null,null,null,null,null,null,null,null,null,null,null,null,null,null,null,null,null,null,null,null,null,null,null,null,null,null,null,null,null,null,null,null,null,null,null,null
null,null,null,null,null,null,null,null,null,null,null,null,null,null,null,null,null,null,null,null,null,null,null,null,null,null,null,null,null,null,null,null,null,null,null,null,null,null,null,null,null,null,null,null,null,null,null,null,null
-2.120239103125709,-2.4364945115586476,-1.6864703260189908,-2.5189773827619577,-1.0647921913748348,-0.07124090776989313,0.48886689441809045,0.9949468893079286,1.093843791920248,1.7844178314372088,1.2552624082015247,1.4084127664740176,1.7197495079016225,2.6938925324095306,3.8070898356966327,4.827647757818963,5.351818384021626,5.614050433792903,5.554578151849618,7.551570189345436,10.012555991922746,11.801820126777734,13.598902835721344,14.881987925192156,16.431619835472492,17.74516660919348,19.09132932534429,20.097867880933766,21.109228310327154,22.06221409148915,22.886993088053863,23.67867222924933,24.414458316965007,25.874139453689107,27.078681537395113,27.703352725964045,28.472131771559365,29.43009381557046,30.32431006784912,30.933062600735752,31.153123690184486,31.291425199636105,32.175589957749,33.48398283520507,33.80629622705754,34.49088515923902,36.2877784558417,36.62574528890997,34.33586251536753
-2.310260401459039,-2.0997155367058413,-2.1521980217727767,-1.6565765914045445,-0.32757205429253117,0.47462916553883877,1.4538351090791415,1.4329074735337786,1.6794103172889738,1.0015365102677882,-0.19572568388891956,0.5161792024074825,1.94994407408053,2.737580837708428,3.9815957294401407,5.6472671176791,5.712643183025639,6.392228231043376,7.235144919243814,9.065979497846826,10.181943161085943,11.89014208284753,12.885137907377489,14.01942331914268,15.383937714399892,16.976783571826964,18.6377655342139,19.972376247397975,21.252290778140694,22.149384818615424,23.19008822268688,23.347252112290025,24.602111712889467,26.3422932081017,27.833117367434355,27.895458424317837,28.90790315767007,30.622402037233794,30.834159278709258,31.904208578122923,32.301168617270065,32.946587765185825,33.533880317976866,35.01127730713672,36.234600711826815,36.60130929641865,35.8014604945597,36.52001027299451,36.217676256116036
-2.6793185310782937,-2.0166119029066354,-1.5772421806377466,-0.6055878381652824,-0.019476252450725456,-0.13424135430264275,1.4801947145858727,2.017831684637874,2.3762726643711485,1.519189473281768,0.4289232889054657,1.317438233151732,2.7139356878528096,4.001199734326132,4.514546912324416,5.010708942481313,5.782191576638873,6.274747164191263,8.645837095084252,9.237677486784579,11.024699760539708,11.661273799712102,13.11224540015662,14.3068569046765,16.14804725611527,18.489729243267643,19.844312329222003,20.833313095920584,21.758103423505702,22.864256602865503,23.46019730411205,24.941119751975073,26.358408082699015,26.69550435066342,28.955625059628137,28.21401021932217,31.033849598621952,30.905496555971858,30.418670476714,30.25124432681126,28.012817152037606,27.379925960013125,29.284754418477394,32.871764425357426,33.99159985157512,36.692860169143394,35.646528331671355,37.54764037637814,36.23040845767643
-2.1051032642677536,-1.9310130898210232,-1.272909024827297,-0.4430981597719274,-0.56322742316947,-0.23452968111548889,0.263356065241253,2.022278794839025,0.7183882357488056,0.16785418354824388,0.9086066668162747,1.9949905756223538,3.8071443723398044,4.014285278139636,4.052706297085477,4.514269075908098,6.259875646145218,7.640537720179228,9.876456916193058,10.105064331859012,10.637471709803744,12.245654669814781,13.877426177185454,15.145820863662792,16.80435393139403,18.62165324647894,20.368997186130205,21.147685476551363,22.520126738276563,23.72037855544049,24.043846020130598,26.048620443086556,26.40129960832612,28.677206206998942,27.746333598795857,28.75746085134229,27.715349556817003,27.87025577731624,26.872437246892623,26.204746936539614,26.731224338795542,26.955067262319332,29.09698023736076,29.765464565889815,32.00625219905317,34.43168659616532,35.23810054042035,35.721195411972765,35.12776077834067
-1.7052672294902123,-1.3475743286788655,-0.7281319352329017,-0.2558440264763656,-0.018985098566094608,0.9315378400293983,1.8262476565217216,1.3990311429563882,0.32139211424002573,0.5333766677063143,1.661221353625111,2.455601515697734,3.004913309143951,2.6577418199134693,3.2467804332028285,3.991635513237584,6.042229883901372,7.785921481137496,10.104915037063346,11.314909302870966,11.20595622725373,12.18270983694796,13.540904283763977,15.604974778981983,17.486064377021204,19.150439690702193,20.664587792867778,21.801168733094006,22.946599176183547,23.602205181768607,24.799295130472814,24.974942346465603,28.549625718675664,27.047619079058975,27.02795693572586,25.996096113952063,26.593111488222895,26.236495749905153,24.187625219777235,23.939514683980548,27.49852906206228,26.716380492750112,27.861402473459933,29.04780092952764,29.83576654122383,33.79548258748063,36.152355215021416,32.40985934921554,34.961253355647926
-1.4917306255475271,-1.5525808380646011,-1.0212621586922639,-0.5786278215228414,0.5329647425662355,1.1031726132650046,1.5691689956648636,1.7315840266888571,0.3741644649771386,1.0375820392317665,2.7819041503803845,2.730382174195321,2.6883261972091157,1.9929026378436148,2.4570951600637034,4.145472576173545,6.130202673704601,7.970246606077515,10.082808595583177,11.776594995577977,12.144199733444934,12.935206039398773,14.265657471026149,16.132227065974213,17.68846543777998,19.05043432421051,20.07508146291913,21.074529946587692,22.561929615254115,22.98142649735189,23.417221196628354,25.70411219334039,22.754766168815326,26.233655617155595,24.710590852866208,25.90185231374388,24.145329860662642,20.96514615200448,20.020599725606047,23.56367588432876,25.867277835729404,25.68405422599498,26.737069958756656,27.97039584130496,32.42516422301913,32.79197956618904,32.04783623086909,28.94740341510031,27.029602096376074
-1.352765363755616,-1.450604274532779,-0.8542359915593623,-0.4480091890348393,0.056727128655473434,0.9680370465772867,1.128985196925241,0.8946597869170394,0.6678870974380153,2.076243641178704,2.2327504102192575,2.769663533029826,2.9032085437152224,2.010786612558911,2.633464406898945,4.086161497922353,6.287390436971178,8.239650115833713,10.710623348409268,12.162795922468376,13.257502351996918,13.831670740585473,14.961255209977136,16.636472193215397,17.992665313223466,19.652960027821234,20.655139390812163,21.277386532231514,21.226808134188904,22.609649637675727,23.364876024221427,22.367254911114017,21.856831893281107,22.477481109964426,24.180336439867784,20.556032000167917,20.18854696561003,19.8075068221004,22.63355888678362,23.371852671261806,22.915584033250266,23.10870881005674,26.28372735389463,29.19073733291873,29.798422506775008,28.885318077033606,27.05895507909056,17.443172953279177,10.874599807235944
-1.4104317866421574,-1.2947111595353682,-1.0495101800393578,-0.4279734239225101,0.14551077652506547,0.6607591892287021,1.0724819861061285,0.28565334145810484,1.3020012773994172,1.8242256639083498,2.19445629282226,3.0567044189057557,2.3663317260085175,2.953183181102801,3.6935917512511787,4.283254503064129,6.353022032727022,9.045081949621494,10.602964386880377,11.932676051348786,12.937083100126623,14.117130677772606,15.423985673854002,16.80435963891225,18.362871782167495,19.558002389281075,21.117493680848266,21.519154425341185,21.11268856132441,22.18016615906352,19.728482472566625,19.999241089035763,20.604612878711624,21.039314766470646,19.27862579026386,17.492749961194008,18.0451769500067,20.065786108374702,21.614239288006242,21.460596210803548,23.19814878701881,25.972233907678827,28.647209809657898,26.569039813184524,27.06412367647405,23.645739018362576,20.81489528642259,6.4154305001163205,0.6479177424543849
-1.730515382121032,-1.5769658612890067,-1.4054827757127066,-0.5984964494630879,0.3754065223995871,0.21948948182273278,0.7289567620151423,0.026849288485407904,1.5799925302312263,1.9800921508261295,2.1455612803479274,2.4256508590283654,3.1279311644317365,3.8465706008180867,3.976454262507045,5.043563552246178,6.2914139415763835,8.873201275414752,10.593623640932897,11.866229430524497,13.027359083163198,14.04781571703891,15.646574141204933,16.614864804537284,17.51557527131553,19.45853729018351,20.14094942943058,19.940502392604586,21.85038371226793,19.07624569986705,19.507252021446472,17.345287015000203,18.442792548325002,17.539839125206534,15.247693105234497,17.284364241951796,17.681994624773807,18.60072192549331,19.650903208186225,19.652698999592136,23.248151700584184,25.819766964894132,20.338045736037238,18.611409019828116,17.92070260319634,16.03970629518583,5.30731829266018,1.4790051218365101,-1.6945385028290136
-2.2030759813507226,-1.9241022881730925,-1.4019388297281483,-0.9568557025691142,-0.10968207664321344,0.0756849128855306,1.084964685685772,0.39530738606473725,1.4017067727736572,2.179909569895865,1.927586164294551,1.880719402660449,2.674141235210233,3.8167692491157976,4.19593424185892,5.001915262476642,6.110854116618477,8.38204092430788,9.767904777444985,11.332891466245881,13.175005377311312,14.211292637391168,14.951447765923556,16.29985021711993,17.09419196044389,18.556900648632038,19.386911395246507,19.550961787287626,18.68840683919599,17.86222267463812,15.934556825482346,15.705938361905512,15.893097879598372,13.860038802291239,17.212765433217804,15.36728682213582,15.774186471461604,17.67875996245239,17.69484498314189,19.428764538698235,20.7347680272309,21.05680506334094,14.743161640175188,14.286537447720045,11.889093324789341,8.959000248719274,2.098068516560724,-4.363264200536047,-4.219561634298248
-2.288425853772189,-2.2633824312425412,-1.7638055927491179,-1.2564522200518295,-0.07348056265342023,0.13176190329239762,0.9075583444652874,0.8235725834681158,1.4155799233388051,1.8029091180193073,1.684291920772819,2.445446521492526,3.492271683811747,4.393816552910142,4.607218646132038,4.925459508715275,6.23278134987016,8.19813494121355,9.725717975306075,11.092613243084841,12.475214275725296,13.605182041954045,14.876486277018547,14.55347855289546,15.771134230568684,17.164190560846425,18.797455863132697,15.913032785795204,16.312657912240898,14.537458038679453,14.409882708986846,13.825135636568572,13.401950051301023,13.330781027037098,15.229637793375007,15.254840381180017,14.067153624802746,15.097549142783542,14.364683702440802,15.079572535697256,16.37997885429476,14.073198258603638,14.444468352847876,12.19650152908062,14.605780467061336,11.56545483105549,4.62155476481859,-3.676249167425769,-5.69689450152649
-2.6296159240592525,-2.5416228528087363,-2.0556451904964943,-1.3074407000309245,-0.4549356766873536,0.23453963589304924,0.4768862493215616,0.8793382711702988,0.407602358658238,1.4346497466078332,2.087043483123097,2.701739637298905,3.45286162333349,4.160194165344748,5.198008066352863,5.391523695242045,6.691000246446468,7.799015680115737,8.754308356543882,9.90287318498812,11.604324275633369,12.254984987929618,13.340344675007987,13.63439671365876,14.738389417117725,15.650608566681877,16.39609971397265,15.524706994785385,13.779355712499662,13.074479348118045,12.314390260834571,11.472609192646589,11.12235566135349,12.867175305584741,13.670491917841417,13.733857884870973,12.038750021637163,12.86062679235085,12.282978597711478,12.925587901147301,12.511803760884039,12.528989083350863,15.529382707587953,16.247181350831234,16.89824801689453,12.789745857229757,2.199265622147383,-2.1796518579412076,-8.902727167893204
-2.9657164639020235,-2.6346045658549464,-2.118937616590826,-1.0519943110635703,-0.16109039196969738,0.8671864437896719,0.9118471073338129,0.5124580732553421,0.8363149923338022,0.5747827166042839,1.587454309267386,2.5646839981852145,3.72787989882626,4.494522950600925,4.937525322249806,5.587465178118599,6.068545091773791,7.282357472767539,8.559083175651406,9.689049376836326,10.08157563082717,12.485854157725512,11.588598820733848,11.038184561002662,11.985731825291182,11.870244904518273,11.132413310158238,12.12093644057267,10.009556795037753,9.227213621604092,10.756669479732778,10.378975199203206,9.917991332124355,10.696032793346436,10.999575269976031,10.888915995723416,9.958756210378084,9.75870955790162,8.90072203734223,10.331788555767655,11.58352132129163,14.216539744551177,12.781332611807677,10.750139011069404,2.7094825777492066,-3.5790786917250306,-7.769456121011501,-7.570540928669139,-8.95952310489276
-3.0034174566299834,-2.6318377765455634,-1.4936301814470883,-0.6099061663907392,0.08026552535729453,0.8703391063260142,0.6610670367541623,0.5421084596420478,0.9606487939307901,1.3358466710175783,1.626018608123935,2.1827331201428866,2.6030034437899214,3.584630068932889,5.050190345775016,5.283844348249608,5.595338048618418,6.301416588767406,6.745116060511745,8.156406394460337,8.319202454534775,10.932048174868042,10.900032736019181,10.839552713722117,10.581866870204967,13.533755756802696,10.526008116919346,9.698914202811105,7.527182260992645,7.634859543900126,9.106013547778435,9.044202334266426,8.606672656129284,8.971892441407697,9.721337203094945,9.025704798579264,7.460824929252281,8.818369210667596,7.565370654508465,11.066157664471083,10.096545082600773,7.657851726371671,11.37032521682747,4.457788583259235,-1.8334454853534252,-7.699071425656319,-13.718454403254569,-12.97911461849841,-12.953484577570471
-2.5512567729446243,-2.218822150063767,-1.4967796024308004,-0.6651606406895927,-0.07652210954275437,0.5798405908016749,-0.10944867936270136,0.3119289280700491,0.44672951973005215,0.7928472325717445,1.9318233317984792,2.7345464516342615,3.3605219557587303,3.4599138807371532,4.603741216946778,5.280009332462548,4.7037340150556926,5.323289810933933,5.841903544302841,7.26437659233846,8.179629790180236,9.790844445609508,9.452265311687329,11.443479318140692,6.499108394864631,4.262500751899967,7.261466984060551,9.536739312029304,7.473088053805178,6.4273982647151,8.27723210863268,8.115910840220302,7.489169160512583,6.622703252497294,7.627628367527813,6.25478070740067,5.861003946767107,8.059869001670902,8.539363191253441,7.317131499772897,5.917533234507548,5.035034200106155,3.96173600795582,4.294504390627681,-0.9395187783827876,-11.18261519618417,-20.127320785569168,-23.398151841933007,-20.565968440783102
-2.7149544096610825,-2.217273551285419,-1.1858712129187419,-0.7452118770094509,-0.593153873134109,-0.39066434726837396,-0.23726729209547684,0.08684599565885776,-1.5963512081650069,0.29805372474179537,1.9022801799270816,3.0134447719405477,3.089159266960322,4.4366484840886855,4.39733263373596,4.850019144105188,4.70286988053785,4.244991012308043,4.897833434107028,5.260505461316154,6.128414888643418,null,5.7191303139237615,4.950390240364556,null,8.392454544299515,6.595850817421393,7.983892363437128,6.882234914197065,5.574009554386422,7.353795448370704,6.338156097432371,5.959965262681191,5.778567366483855,6.588123986143014,4.998574991226833,4.591496563675126,5.1521964535129925,6.9548092364133725,5.03142432960969,2.292172667088138,3.727149890361325,2.250198730605821,-0.017956321557916072,-2.0035672413995993,-11.597714696435308,-25.05812384466291,-22.08243779302845,-19.898883354680173
-2.7159224335003405,-1.9037088437345207,-1.5370208931865024,-0.4723149869999591,-0.3024019367516378,-0.5395076329703661,-0.8785684840713992,-1.5312389698664377,-1.5113123904682084,1.009269410639582,2.1282336448016888,3.1061100201217835,2.9593536517515604,3.640300882401643,3.536876415031246,4.367767415519063,3.5975991316030123,3.1322898606562752,3.504846994201822,4.55946847714294,4.724859887880478,null,5.333606807143103,0.4829247647701134,null,null,11.213688345518193,10.106482720984957,7.4382588582061056,4.754983719588938,6.008307554465466,5.153092795734901,4.806067399622214,4.371933104488184,5.520820957920456,4.7007198298159025,3.745154608208771,3.504542560903018,4.339430687647384,2.1802924063962763,-1.721994292894672,1.2203161950868944,-0.6613033827419846,-0.7382740209264576,-5.772371723025513,-18.168016466442495,-30.214803102693963,-29.748957871807992,-28.430399041916697
-2.589146195402302,-2.2608088584351083,-1.4582334776020494,-0.12079582159290898,-0.7975992455597569,-0.8161312971081953,-0.09740182084310081,-1.8377004807445,-1.3521834483511403,-0.4042920715293562,1.9643735684215793,2.457807363585115,1.6329552585209832,3.103790900468848,3.619943243354574,3.493659592359825,2.6391288320875077,2.6369952780377672,3.675916007037027,3.6119071018234052,3.4582511702279284,null,null,null,9.609390617626072,8.247148190076736,9.015219890098287,7.580531928929394,6.756785687656179,3.7614920794105418,3.5600525479696277,5.121513042765661,4.553924169698887,2.720824903847692,3.480937554606916,1.5000216518607647,2.158258145504933,1.001435940778403,0.7068412487445446,-4.496695305662266,-4.041776349610881,-3.3639485368843336,-4.037823850031691,-5.249644454535108,-6.444686010999824,-12.61610127380454,-28.68426454372202,-36.45770804172221,-35.44735083555843
-2.6872157202754123,-2.0853740659586655,-1.573219307906435,-0.5672762613878318,-1.0660313988625623,-0.6208803460980837,-0.8257291931118351,-0.20680814019490193,-2.704774725087842,-1.4853618937556166,1.0988209845651276,1.0590049567623878,1.1843646579317713,3.3826943747159928,1.6410470866188125,3.5381816015279375,2.9120081825909923,2.533244460167532,2.4653748627579164,2.8979632924744356,5.174637239856096,4.324966003012808,null,9.089432866232393,0.8896933776055691,1.980888194819963,3.790132166656063,5.505425816533519,5.868198101942191,3.3150945890577983,null,null,3.3750570863059965,1.9753917153082252,1.6771658337650812,0.8958618706824287,0.8281389195496428,-1.1040950350792895,-3.3439495251346263,-4.604874584373571,-8.039373451913232,-7.403455251726303,-8.57321065528554,-7.103676030548954,-10.064596787995448,-18.239118029839545,-26.075955037054563,-28.060732210780102,-29.62895491029201
-2.5793181003415335,-1.8627782476177828,-1.9913318843065797,-2.1424392710753684,0.4983763239331483,-0.9016169403828053,0.8455036164981722,null,-0.3947572060036086,-0.5540384497262179,-1.0587141142454075,1.3143947840736716,1.539439876433451,1.5100396962199243,2.7146815812045153,2.732997037973308,3.0934509653212383,1.9580512063926676,2.371365034857726,0.9562649915103852,3.9259916906938965,null,null,null,null,null,null,6.673612555358403,6.102037880170313,3.3419578708230007,2.2915370841241978,2.982830699165211,null,1.9832214320305197,-0.648694727798784,0.31689978585394174,-1.266338391344522,-4.019199316337868,-5.200378289628893,null,null,-7.417898612897149,-9.530929455383978,-6.3425699545594245,-13.036525028723666,-12.45185204574463,-18.492432162649898,-25.426480017277786,-36.694761633802024
