public/json/wind_2018-09-1608_950.json
{"header": { "discipline": 10, "disciplineName": "Oceanographic_products", "center": 0, "centerName": "Ocean Modeling and Observation Laboratory", "refTime": "2018-09-16T08:00:00.000Z", "significanceOfRT": 0, "significanceOfRTName": "Analysis", "parameterCategory": 0, "parameterCategoryName": "Currents", "parameterNumber": 2, "parameterNumberName": "U-component_of_wind", "parameterUnit": "m.s-1", "forecastTime": 0, "surface1Type": 160, "surface1TypeName": "Depth below sea level", "surface1Value": 15, "numberPoints": 4800, "shape": 0, "shapeName": "Earth spherical with radius = 6,367,470 m", "scanMode": 0, "nx": 80, "ny": 60, "lo1": 109.0, "la1": 20.0, "lo2": 116.89999999999955, "la2": 14.520000000000117, "dx": 0.09999999999999432, "dy": -0.10000000000000142 }, "data":
[rows 22 to 43 of 60, columns 0 to 49 of 80]
0.5423754173417519,-0.7040237269129104,0.4113976936795684,1.3021161647179504,0.8262857600043931,2.4288749447533067,null,null,4.564539330246461,3.377412677287469,1.616007331917732,3.5794989494229954,5.460295194779758,null,null,5.459821498620602,4.158983412187141,3.176147922727478,4.800717954143628,2.681528230292721,1.9872630954088033,null,null,null,null,null,null,4.431631690842028,5.6541082313097855,0.8968025978230991,null,null,-9.299813587939996,-11.890823437044574,-22.66085722564886,-21.73003350587718,-21.53166240166565,-22.64896236426918,-21.6130873540654,null,null,-29.718060145521946,-30.975139919433367,-29.937795717048456,-30.034851582864626,-32.40247251015457,-33.076020522012726,-35.042675351861284,-30.820826278142057,-26.640215767515905
-0.4039773561185397,-1.0678852808246977,0.32952891195281625,-0.6195779038979895,1.0433084826681371,2.330942425449606,null,null,5.212606033998728,2.6155201304712015,3.5463097636439516,4.6035833681808995,4.561535107983207,4.380654478822698,3.3494033422070615,3.450633350787373,2.625529221365358,2.9875818307318873,null,5.378217772489371,2.9754603032886022,null,null,null,null,null,null,4.595325592082009,2.3533471036122116,2.627281449354749,null,null,null,null,-19.393690319198555,-20.700718691516897,-24.74724610282795,-26.313916425385923,-28.949194237031772,-30.4480506476404,-33.258767817179226,-35.255218912285194,-34.949123105167175,-33.8175167056327,null,-32.53385474509564,-34.68567528425542,-33.495749219349236,-30.58889124307715,-29.078648392599128
-2.3568901468031984,-1.661672230540597,-0.5952403584047361,0.59987327245941,1.1978458598382935,null,1.8063625647471284,2.08156739402082,2.2580887698365735,null,4.8265195137136825,2.7136916879503534,3.214771038874491,2.0949180173624806,1.7430128660702608,-0.26326126059486976,null,null,5.701368632081688,5.082360729252486,null,null,null,null,null,null,null,null,null,-1.9689918911701472,null,null,null,null,-15.090977459668592,-18.81923324612341,-22.924267661451598,-26.444969267444044,-32.749438572776064,-34.2617963950952,-35.25598197568902,-35.70984439325783,-34.43166300217592,-34.55962745842091,-34.25542588094623,-34.61458993404753,-34.50417261744432,-33.45205149673278,-31.62021932796865,-24.925391438088038
-1.9747751597098135,-1.8515995789111779,-0.5555287767172646,1.1297297535299529,0.8404037757478245,1.1814686945616528,2.335524043575232,1.8056815482472581,1.2753203270025024,6.630898563400328,2.472835538798096,1.8705899141574263,1.6083681425488627,0.06227754415143469,-0.693564169036778,-1.7101029508629662,null,6.749678264235985,3.9185060955499433,null,null,null,null,null,1.5249468154306318,1.8314875576380827,0.9391024494567667,null,-1.0190974866908589,null,-9.506208314974948,null,-10.170744604759337,null,-14.59483542958143,-19.868037759751257,-23.799257680745434,null,-28.285175296413634,-29.669407737230813,-29.01652058363141,-34.252286074875784,-35.32794491622318,-35.117956552545856,-35.25318624925435,-36.17614027665509,-35.178911329796705,-31.935927652057472,-25.343307285586,-30.508717354319746
-0.5186664295126603,-1.43820101891164,-0.5761985951173872,-0.11192749333027188,-0.13089300316295913,0.41736552232319557,0.851029745287312,1.8898897839190014,2.7778229251132065,3.7558452089678047,1.5435372295711574,1.5941994909069048,-0.9862660877515875,-2.688995371829667,-2.353712530811146,-1.7243965985437983,1.5299065047716138,4.108946399590204,null,null,5.113906343573966,null,null,null,-0.908047284582819,-1.5610817105408872,-0.8107061324422655,-5.001280473049917,-3.7606547381810316,null,null,-10.02657818498454,-12.486976106104335,-15.232276484229722,-17.518377502193395,-19.32443109324996,-20.068532261083455,-20.88921058888162,null,-30.02138464017116,-34.846794325083735,-37.43866289410059,-37.990929389033056,-37.36641312829159,-35.51240653329684,-35.198932154610965,-33.04624310230925,-28.495855795178016,-30.511543651378247,-31.018159922362802
0.38249151365044937,-1.6720075027641161,-0.39293728028752656,-0.9927294432329424,-0.3460140654154761,0.7461278098806238,0.3199342687394967,0.6797949754117677,0.7292717272625286,3.141615311832605,2.9420428770088503,0.1652935422654574,null,-2.1836473765942843,-2.0901657122788095,0.09611247635844329,1.9828353525134186,2.038661165600024,1.7211362339301695,3.633582237333958,null,1.775690805262288,null,null,-2.6708458321785904,-1.288404499343267,-4.393024160073262,-6.81356731385943,-7.271764729990404,null,null,-10.425421928137474,-11.446852610991531,-12.534176596757778,null,-20.785735629255253,-24.468508395229573,-24.451134011472515,-28.08039935626769,-30.10618872468472,-31.718024875632345,-35.863308977715015,-38.056951061619884,-36.413894146494414,-34.81123292242035,-33.29700912664683,-31.020413030522477,-30.59077754346242,-31.358458636904537,-30.325071848902923
0.756605279690312,-1.9161499231108616,-1.017975947447675,-1.5125019120101464,-0.0255961096819596,0.5118897458270015,-0.9909248585264043,0.5479772759092089,0.8573458577560703,1.5938382918846261,2.1312778548116538,-1.8062606556577332,null,null,null,5.718700460693082,1.639895396974999,null,1.0115511223162785,0.05948405818180784,-0.26961462111744294,0.19999127681201634,-2.6967190082295396,-2.8160073189997004,null,null,-4.268101669974354,-7.030274531862047,-7.652410527641411,-10.605576815979134,null,null,-13.987204671309417,-16.995669350504798,-17.457141683496403,-19.76540578414121,-24.210892559402282,-26.596955236296914,-25.273240218367665,-30.988937657507634,-32.006558124898596,-31.787430552453955,-31.145777065990245,-33.68602404247596,-31.867600227061494,-30.8557629324078,-28.222020514329557,-27.325718054351164,-26.799630294907537,-31.121986345964878
0.22641506160378608,-2.329668976771464,-1.2294475517782575,null,0.7778168784353412,-0.6335567172949049,-0.7896511964262399,-0.2783287755140106,0.49754486819102206,0.6329440226584333,1.0250141623697648,-2.757662901905074,-2.201871499416167,null,0.5761376226976103,3.0000688422309745,-0.10944324723055429,-1.0652891400481426,-0.278087315637104,-0.43958000309057454,-0.6164284547241716,null,null,null,null,null,null,-5.997829669124066,-6.171967736155299,null,null,-12.889128223950397,-12.772967580109416,-17.65177113769673,-20.1851350647588,-23.930726281851626,-26.538819810068965,-24.404045778954224,-27.132262886365893,-30.128783562480102,-30.679734145312572,-33.80905589778477,-35.856348297641055,-32.412966099052575,-35.2934468771992,-33.69376357573917,-28.41260721134567,-26.0424376186686,-28.41964721300681,-27.739926882679494
-0.4441887984730462,-3.7884548576107244,null,null,-0.24881518353869414,-1.8470857778067962,-1.0435337757101408,-0.5018560716443476,0.1331187619618468,-0.38391254029267186,0.13801589404698061,-2.4910716523819088,-2.9710777443906897,-3.311114745905654,-2.200694620743021,-1.4436352810996889,-1.620954618873391,-3.436312956798909,-0.8095930957163682,-1.6568742748118883,-1.1236884522012232,null,null,-2.310860419431719,-5.227580879666462,null,-4.854991354714513,null,-8.902270141101733,null,-14.713828134687901,-16.647625928560117,-17.652925722147074,null,-21.559622426523198,-24.79925508293334,null,-20.84029080159754,-26.831345533962008,-29.947318236552164,-29.23325352275035,-33.53104083925473,-35.88175559684051,-34.120921722304736,-33.73656069733891,-31.934814535237162,-29.713047976345283,-29.61294904402329,-31.569349939799093,-32.07039997135207
-0.8012075783013615,-2.2119526136001397,-4.579403600546373,-1.9633658229456867,-2.2869751441257686,null,0.1669457344562985,0.240617718767958,0.24810605542566927,-0.3730343531045937,-1.6078536105546948,-3.0909767021048777,-2.983047639182275,-4.31362982442089,-3.3497671770827018,-2.787444745516047,-3.017235548375698,-2.0929703008993954,-2.8980996289349785,-2.403095022108364,-0.6177127691081183,-1.645205939196977,-2.699284321580565,-5.085116651850276,null,-6.792538505110025,-9.049191231760613,-10.288551722232047,-12.294065160671714,-13.610999946993418,null,-16.18675554848399,-18.230103153100583,-21.24296574110379,-23.2848773837639,null,-29.524257273405897,-29.154480089069295,-29.176674253167214,-29.495451298327794,-29.23612354264572,-27.834012141806664,-28.447263720157327,-28.077103840038177,-29.39931124967766,-26.09832277563757,-25.5024405792944,-27.689079688747775,-30.39107632434539,-31.811813168865292
-1.3233937524676256,-1.2090341963080997,-5.343395004421848,-3.083351162217405,-2.415800253620869,-1.8813742767150263,0.1402941612431553,0.43896197508998414,0.9885808996705412,0.23447227142646895,-6.835414079846439,-4.072282016186317,-3.5831387743768177,-5.566916169507944,-4.501164102720736,-4.488678678537985,-3.9040976368029083,-2.5938455531633866,-3.8652020369087956,-5.492147783284766,-3.3490697012471045,-4.163780147295792,-7.121584878802359,-7.573330350345577,-10.117758572298184,-8.610372457008566,-10.8708684478128,-8.18560650028348,-9.742018374616999,-14.926032070333651,null,-12.475702221264639,-20.58441811225017,-16.69122702028471,-19.789337818621018,null,null,-25.932592936733933,-26.833084353545935,-26.6667462206662,-27.505552949252014,-24.70412058307475,-22.424990220827603,-25.042848175711633,-25.962285940286343,-20.721133712199485,-21.754472255806824,-26.786964718647496,-30.917572143330666,-30.922942434470734
-1.4646000874608673,-2.2356313136176467,-4.773747972583294,-3.7223811764470343,-2.6586371829097812,-2.1002804745910697,-1.0998233359862406,-0.3006418565001825,3.084379427267829,null,null,-2.849662452933928,-4.224132239852994,-5.722774799491898,-6.606973683418443,-6.785274232282572,-5.336367351209441,-5.3861038293657515,-5.811722922611801,-6.841126357510828,-6.035796127635203,-5.83086392076688,-8.3492250064809,-8.771573630449714,-7.878573754966777,-8.33473286140334,-9.298297154673516,-10.343225074945542,null,null,null,-14.469297382804255,null,-17.159970131794697,-18.219210193553117,-27.08186656761408,-24.830044285112013,-25.74993736373357,-23.248229347016046,-23.027215486725563,-23.170564996335496,-20.67009037012729,-24.309378830241613,-23.12067831324416,-23.797689420028647,-30.421958496863436,-37.36241170299358,-29.89781202249574,-33.33987851549594,-34.15294060646032
-2.198787606380025,-2.0224049902551093,-2.623492956447744,-3.9461200096821853,-3.0534325966832307,-3.2457181711990115,-1.9378132786949909,-0.33268101237494846,0.1764093312364276,null,null,-2.727239080966133,-6.007689534669607,-7.654826484887115,-8.655692796107996,-8.572349366508583,-6.417512954840025,-7.1665737387745105,-8.510713348279737,-7.0230410857372165,-6.230224135454519,-4.65990485068843,-7.174471357772567,-9.359624757660633,-10.124392716670322,-9.132781708188652,-10.653561178174737,null,-10.362004865719214,null,null,-8.119671892505442,null,null,null,-22.958561017473677,-21.236425849331695,-22.749672620106388,-22.28362632405869,-20.822961769143685,-22.39149492647767,-20.80689768330769,-22.620767075230074,-25.450999276409277,-23.2190987485673,-32.50041794830983,-33.47803770493308,-34.039639215050784,-32.64990975307905,-26.89043347666978
-1.4668640302101814,-1.422073845581576,-2.1954362930525706,-5.37528922628592,-4.95119985813028,-2.430455881461427,-3.3613546119093303,-1.6401624018024072,-1.9637792827394929,null,null,-2.1811239552953565,-10.136772503367915,-9.82317900429439,-9.516093177284013,-6.071456737986708,-4.923283206341304,-7.470063513959821,-8.218829655219038,null,-5.61615179316383,-5.782027620410997,-8.960325853134613,-9.897861213264285,-10.479839577202943,-5.681442926619342,-7.31123566817176,-10.509668365554395,-10.881284521611414,null,-9.465254065071193,-12.881571245849853,null,null,-21.836241349033045,null,-16.0947201093042,-19.292825823686815,-21.364358434731248,-22.178246792462364,-21.251790661780454,-21.875088902098565,-21.711652719557794,-22.19526996516848,-27.721321540516072,-30.083373153059696,-29.484539873455056,-33.86300299269051,null,null
-2.8798373127049772,-2.26642145805752,-3.13552048429106,-6.020951262046689,-6.226841891115554,-3.6116387659045617,-4.865855021566032,-4.985403701230431,-3.259624199782598,null,2.2207501998951287,null,null,-8.885579467393184,null,-6.298360210384809,-4.548654930509201,-8.230754092929217,-6.394701094662032,null,-4.850579178861528,-6.384572037444817,null,null,-6.7645599479102705,-6.818580072172319,-7.519919450822715,-9.843005494951278,-11.613187351646708,-13.472856780848444,-11.20660479443924,-13.621583104341969,-13.691058953120223,-16.824058287758024,null,-19.065169258756004,-16.9330679631184,null,null,-20.422567883042746,-22.72096566857978,-20.90490520648524,-22.82146230556694,-23.8925893789452,-24.97457806810361,-23.93041214172023,-22.911145071746763,-23.60838493005467,null,null
-4.403880981689939,-1.0013785402571909,-4.031320596759753,-6.09534875028529,-6.42188285678456,-4.725533536984379,-6.217196532734404,-4.56958301355995,null,null,null,null,-6.826544663110388,null,-5.2810472174448195,-7.50003522137262,-5.323588846680935,-3.4778619111330498,-6.284391457451674,null,-7.625153551412928,-7.274506767375473,null,null,-7.930883908319792,-8.997873498898647,-8.15809789253478,-9.0437348804997,-12.11304105490389,-14.354281052668759,null,-11.79295857962354,-14.848781901588664,-13.908725054218603,-19.293334313657127,null,null,-16.522308154752654,null,-14.328623529895117,null,-13.001997925680538,-17.211400420620095,-22.484728061013005,-21.928588408156116,-20.9739996285089,null,null,null,-22.928727353874937
-2.8486385297285683,-2.5148027171237706,-3.1904360500496507,-6.124923967024579,-6.385665159670722,-5.786157482728157,-5.924151530949986,-5.762993996475611,-4.467647447543828,-2.152891708732048,null,null,null,-7.059230799459553,-7.679783494072139,null,null,-5.120660851761539,null,-6.71496899757816,-9.20474275423332,-8.490442412561137,null,null,-4.110327887753622,-6.8009378477050255,-8.214507267708257,-5.431189543925001,-11.67526131345542,-15.450667442129152,-10.352960494059488,-13.478494013038155,-19.39922655338522,-17.54783355902763,null,null,null,null,-17.13324173641048,-18.846804357135976,-19.23734018045856,-19.526181465654417,-14.188195446567967,-18.848341366539213,-20.157543098090827,-26.07739595820208,-21.447611601161604,-21.300023278669357,null,null
-3.060694111058922,-3.3089948913988527,-2.1163748067434676,-5.785615168808615,-6.568533429771113,-6.582789115225525,-4.602778431651888,-6.934103499108429,-4.963743076009949,-3.1368532391490085,null,null,null,-5.397620093212707,null,null,-3.4137819098359694,-5.42338070299287,null,-8.180668277938166,null,-8.026350088236327,null,null,-5.614296670382716,-8.972548683178838,-12.203861218793328,-5.697713842677963,-10.07618857757907,-14.971138183562005,-18.984731893330466,-13.670234557690172,-19.28152013612378,-17.5680807580918,-18.162636827495128,null,null,null,null,-18.969885086872555,-16.346459718821517,-16.23770323307714,-19.11324755357139,-21.584583698337056,-23.582918301963378,null,-21.708756193784147,-21.151638974052975,-22.433361980747737,-23.080494615606526
-4.21307491886559,-3.7406933685668293,-1.3562944233552563,-4.61712593439841,-7.0787542402583785,-6.919133547881817,-4.932953456834966,-6.432703220985733,-5.335122301185881,-6.0123085361263975,-5.790375397787532,null,null,null,null,-1.5308203743891289,-5.638253802160428,-4.147202281180741,-4.6976780264389335,null,-4.293952276696163,-7.294320238199795,-3.508158954705706,null,null,null,null,0.6273385997134602,-9.418823432389184,null,-15.100525712235008,-15.373332715978053,-16.133116766341445,-13.156393658632487,null,null,null,null,-18.849445979277988,-21.08480410508634,-20.29505391607836,-20.428247623272092,-24.96842812713843,-23.599708426959374,-21.574782819701827,-21.904871237575662,null,-22.614547668223032,-22.314166394764605,null
null,-2.516413320759527,-2.1822595094361152,-2.9314943891328173,-7.2832650313536655,-6.24606968314819,-6.242873646061122,-4.605658148331148,-6.7386448578030755,-5.580448577342612,-9.244237469499886,null,null,null,null,-2.7014964044038576,null,null,null,-8.333017600802812,null,null,-4.481721283400038,-5.723704674900754,null,null,null,-2.8178444698490988,null,null,null,null,-11.819143150517672,null,null,null,null,null,null,-23.53057185516515,null,-26.163674209168807,-23.16193330426906,null,-24.055788026009854,null,null,-23.388959853715864,-23.800606615164202,-20.560520816075382
-4.34437662776266,null,-1.2457288287124526,-2.0168672342518654,-6.864121381925232,-7.528504966819845,-7.925762529496438,-4.903753601934911,-6.8133093866913725,-5.9501373833228595,-5.255404419890427,-9.853215953800088,null,null,-3.2614538199713747,null,null,null,null,null,null,null,-5.793466654885795,null,null,null,null,-5.6820296849888265,null,null,null,null,null,null,null,null,-10.411022939573872,null,null,null,-19.442729928824864,-26.587302774636616,-23.699222845110235,-25.447367813072177,-17.511942411010605,-23.17653423259224,null,-21.33705170413348,-23.748633588966563,null
null,-3.9663924898442575,-2.615813103679947,-2.1320038313228755,-5.629789499298667,-8.154271495861725,-8.449909296068096,-6.307778605340376,-5.848866026562793,-6.923279991753486,null,null,null,-5.3474149215345665,-4.771610986828582,null,null,-1.1407658765284947,null,null,7.132884746835122,-6.330736817155386,-8.387474619521273,-6.422784200239385,null,-4.110098354723933,-1.5123664234182574,-8.874822841319425,null,null,null,-6.592316242531396,null,null,null,null,null,-14.317486609686645,null,-16.60414473485077,-20.841926322137073,-19.42624177872019,null,null,-24.371151634758224,-15.462376118919174,null,null,-21.044654514511233,null
