public/json/wind_2018-09-1601_950.json
{"header": { "discipline": 10, "disciplineName": "Oceanographic_products", "center": 0, "centerName": "Ocean Modeling and Observation Laboratory", "refTime": "2018-09-16T01:00:00.000Z", "significanceOfRT": 0, "significanceOfRTName": "Analysis", "parameterCategory": 0, "parameterCategoryName": "Currents", "parameterNumber": 2, "parameterNumberName": "U-component_of_wind", "parameterUnit": "m.s-1", "forecastTime": 0, "surface1Type": 160, "surface1TypeName": "Depth below sea level", "surface1Value": 15, "numberPoints": 4800, "shape": 0, "shapeName": "Earth spherical with radius = 6,367,470 m", "scanMode": 0, "nx": 80, "ny": 60, "lo1": 109.0, "la1": 20.0, "lo2": 116.89999999999955, "la2": 14.520000000000117, "dx": 0.09999999999999432, "dy": -0.10000000000000142 }, "data":
[rows 22 to 43 of 60, columns 0 to 48 of 80]
-1.4586549353458902,-2.278363620761472,-1.5802522717927423,-1.0476011630947768,-2.024224572211352,-1.4414905087499872,-3.970105100985664,null,-1.6322807191171465,-2.836113994115351,-4.614155640504553,-2.439380041045414,-1.455624491172365,null,-0.25118575594869835,-1.9769176441435439,-1.7793124049772797,-2.306424587680575,-1.3414809853689544,-2.9341336670757197,-4.2850721829863065,null,null,null,null,null,0.43540742105339175,-1.5039924357170478,0.7871239693753417,-1.9776713843540932,null,null,3.9042301305737674,-0.5072630411841251,1.4378030626435678,2.667327254785034,2.285236699895451,0.3966026037827735,-2.2746536057464732,-1.533820182222693,-0.8171030454254342,-3.727086668085086,-5.120939646245823,-1.8386581419053178,-2.4832703107787646,-5.134148461051748,-7.661730385267939,-12.089213355465088,-10.685568815183728
-2.0485037372607127,-1.4866203168706087,-2.0582271671469154,-3.034384645767186,-1.607433729891297,-3.498263478443308,null,null,0.37895160610082945,-5.7004984521682465,-2.536499758217447,-1.7512741113288346,-0.7862289104457603,-2.490308079636966,-3.5069775364791598,-1.6242099908269105,-0.18916202444567226,-3.309792301957481,null,-0.47814557219471243,-3.8566590042937383,null,null,null,null,null,null,-0.004692594685156232,-1.991819753942943,-2.234638039061222,2.5517316440200903,null,null,3.385750791803773,2.431179026950484,0.8967458841564037,-0.022508579232462675,-0.8982356378410742,-4.097878505025265,-5.077950405902712,-4.391915750115002,-2.6350186244761797,-1.366796650620519,-2.645817676983266,-1.528560087220935,-4.051096009768696,-9.465450409417372,-11.798143391911562,-13.544091541237982
-2.0754398838781114,-1.8786510314620757,-1.98912422352426,-3.845716197958609,-2.5737738668774446,-0.7724261241976794,-1.6265996349711878,-1.1553260799533673,-0.19833740481690598,null,-0.6908153510869507,-1.1625500579374066,-1.9314896437381206,-3.2378011645812173,-4.006796265549189,-3.4672917539233663,null,null,3.8089347843377723,-1.6927189892822074,-1.9804407969448174,null,null,null,null,2.5786354707433716,3.1169284940426,null,2.0680494700180425,-0.915542793951532,-4.300100571338239,null,null,null,5.072886580036336,0.6912885711132524,-2.0931607265109338,-3.302387773437154,-5.2043917964876645,-4.299103281594236,-4.568325757115048,-3.723183057386067,-3.71070994674976,-5.295125473817559,-7.154220130368961,-7.0241774772315715,-10.313469584165551,-12.816747187186952,-14.305435669231597
-2.019706916157843,-1.9531316670209988,-2.5600799477441627,-2.9013918148565345,-1.722688321853598,-0.9342486747016294,-0.4271815760065928,-1.8135741921888981,-1.8752508152165785,1.8836455360343776,-0.4108471077876931,-1.8588281802391604,-3.192197628700539,-4.657608931328229,-5.43630547325097,-4.4870207993299,null,2.7486068686882352,-2.717210418595665,null,1.255865389069432,null,null,null,0.6449001722417321,1.5945183771767082,0.9294776641879388,1.674590041611614,3.2650965878886935,3.4578466717061014,-4.045792366682943,-1.6379174485681471,-2.9922713574042197,5.173561302479019,0.41646030614262863,-0.1016916119512417,-2.7409409547899415,null,-4.524078216538841,-4.802119070587744,-4.713862573904395,-5.24590957507126,-7.199960556060129,-6.729320626110855,-6.581011446632607,-9.816751699205671,-10.122430439676046,-13.593188509511899,-11.431436463113952
-2.639069728794622,-2.046088685394557,-2.988830743166916,-2.4737593935197895,-2.5824098966930054,-1.8287536005404954,-1.2851706439166906,0.7746269712250812,-1.6218762152440307,-1.8408019105554876,-2.011549623602998,-0.9437697903592821,-2.858401937642404,-5.176442915644123,-4.818313431275009,-4.117119820334189,-1.0828110684173353,-1.5257499778852355,null,null,-2.564667662806679,null,-0.22870632648289188,0.3141338950429256,0.6860258538039732,-0.6868107670079753,-0.8625454190964996,-0.7673177293669288,1.7041264192077783,2.2819911386703793,null,-1.6151012439079713,-4.1421657997110914,-4.101452632575485,-1.4376258397021946,-2.7165333170663617,-2.3366417578130054,-4.666518621561368,null,-4.734117343421154,-3.087537854949217,-4.716520146660994,-5.744086431649456,-7.710767817416034,-8.437123759776822,-9.71952640908818,-9.742996565340507,-12.300039712933811,-14.946119141972781
-3.298889313105192,-2.45378304005273,-2.7285652342152678,-3.190617715710674,-3.067985883445204,-2.1524254586210154,-0.6957165362616028,-0.701480545961127,-0.6753682295788785,-0.6462886034841642,-0.6854317791361664,-1.8775551429593444,null,-4.254328527721763,-4.8793274560465765,-4.426767047847414,-0.9102252360736446,-0.7625109065508793,-1.7385408032622285,-1.1298116129258038,null,-1.535896869411282,null,2.7929625867115204,-0.4333663787778537,-1.578881522397514,-1.7714215119446677,-2.9543344885022025,-1.3248147703323787,0.2375968436060082,-1.6474096928097728,-0.17664429617403848,-0.5019414218912795,-0.8860273199057407,-0.7992340577459303,-4.49104734112054,-3.714002732686114,-3.566893494417521,-6.538188981014867,-5.388263644311708,-5.125498210757829,-4.699302119716242,-4.727488002030413,-6.176229970678297,-6.909524515773397,-10.433877065542235,-11.811010404515965,-13.585760770082512,-16.02675550904453
-2.864505673382443,-3.1171866456806865,-3.908086517669297,-3.594053721613212,-2.99608538802672,-1.0840170696298557,-1.141161810714136,-0.14849269328628026,-1.5725253735569458,-2.8006660997907877,-2.962672170049813,-4.0246054489796395,null,null,null,2.726957403874691,-1.3419299961655977,null,-4.196097371961565,-2.1219723212197388,-1.4685346298805326,-0.038539945859865046,-2.147587196227287,-0.16763740650198194,-0.014677400046169936,-0.14352465446193774,-2.735686386622784,-4.676089567804593,-1.3568908126111034,-2.4255877899628455,-4.272999913236143,3.33518389634249,-2.1869273020114504,-1.8388526658875546,-1.734005632332163,-2.986351881524098,-5.976057789047307,-5.9452285324895,-6.808860514257813,-7.539149865062834,-7.023233391790462,-6.262045104708922,-6.253686041049254,-6.513990322437438,-6.162870538430614,-11.096667775598032,-12.483844245144313,-13.021088497088762,-15.22367120087552
-3.3284619299822533,-3.441766033058145,-4.149602993580682,null,-1.3080368168324887,-1.3416171251274074,-1.2663255568046092,-0.7341050080486891,-2.2897243322571814,-3.3746537177432794,-4.0848506958430715,-4.23895594709871,-3.6700432646720427,null,0.16032390298190344,1.3382077162644128,-1.810712174211952,-2.9666728818340378,-0.7978878514175002,-2.0604122010316015,-0.6612219696630455,null,-1.4615282357469999,-0.537253707252839,null,-0.37995563622046225,null,-2.3570988453177018,0.2633653679888762,-0.5691082254451671,0.13722519609991551,-3.2488733181174267,-0.3158364610592731,-2.7157981892042375,-0.20792993312788474,-4.723796312933912,-4.775742776239727,-5.086041043329274,-6.397889941812534,-8.031207975168016,-8.724175794971227,-7.194094939141964,-7.511742488391681,-8.123311729093425,-8.277048168749182,-7.974286584725423,-13.736381063796903,-13.63694386533481,-14.787010497973787
-3.4810751044304182,-4.309393343544514,null,-1.0966588655229046,-0.5144373412049756,-4.107206557589314,-2.002308077831214,-1.3546341230504582,-1.2769622731943286,-3.2243140378684916,-3.851319446002092,-4.168806180522289,-3.9547244182958767,-2.528843697939635,-1.9422639831033357,-3.0589687319900145,-2.2568178616071757,-3.7178470506752435,-2.9712709510764395,-1.229953078146431,-4.03840538506849,-4.032059082017787,null,0.2960775287447723,-0.02967413934411124,1.1321549733914655,0.6711043649601689,3.988849061522264,-1.5268018414197675,0.11138154757265115,-5.833321855971303,-3.068223024235686,-4.851409592858571,-0.6475787219924378,-2.9121797855865292,-9.567610306437263,null,-0.3521687637581412,-3.7014011340874284,-6.662636057247033,-7.621143137379844,-9.326333567485799,-8.710452950457457,-7.841020491551374,-11.542909126288276,-14.588899875766149,-12.711595776816363,-15.18564481046984,-14.943735862930213
-3.026702292375015,-5.171514604594113,-3.349389900666586,-2.8177207157165682,-4.4829864974129014,null,-0.8776076752486843,-2.145337642355125,0.25333928530423466,-3.9804719187511957,-4.691385762754366,-5.153124159556919,-4.140693538982379,-3.630463317447853,-3.297809991031535,-4.5857831811242065,-3.3643958829918343,-4.0091353682595505,-3.8016989989091785,-2.95997722001826,-2.022771319689966,-1.654792999666526,-2.7051711935596208,-2.330182143802767,null,1.1617176291176303,1.7681721418433285,-0.30231504846123064,-4.287239122228325,-4.685108817840398,null,-3.354198765748613,-3.790408535956889,-8.276951502313286,-7.302404164367209,null,-9.294955020702075,-7.614463966312661,-6.504287342484539,-6.956362719985637,-5.801066684871698,-7.720465722342521,-9.447807031794175,-9.474729501166493,-8.98558902514987,-12.309819936704196,-15.206141812702157,-16.948644491889755,-18.1069195131604
-4.192697499044761,-3.910171047127659,-4.676137848110058,-4.7762995951346,-4.30285875111338,-4.1128355447153115,-0.39954415728678583,0.550180816458703,-0.4677225897558861,-3.147822087692565,-7.784734431097724,-6.236311176696504,-4.752881042670338,-4.8373539439203945,-4.067398067463174,-3.9654056329839102,-5.3674170309361156,-4.10953547618973,-3.0840811448285956,-4.69489435423193,-3.713163770277676,-2.6650360519629626,-4.025911062800217,-2.5979021117160634,-2.9455120490770894,-0.4774168165226288,-1.4669422553983242,-2.1542884143334087,-8.034292517356336,-7.546558521992033,-5.40631763123288,-4.126654773305631,-9.604769876121184,-5.688085283334016,-7.097847208089402,null,-1.361705283369713,-4.0370212010821795,-6.799795487062218,-7.235298514812387,-7.409659303804465,-7.29712667266829,-9.829285653980566,-11.26919335105996,-9.17602261989972,-7.323560237847445,-13.615300617779539,-16.158707337624257,-14.183866668963612
-4.147335726003003,-4.750706212125561,-5.229103212868439,-4.826805082734037,-4.894472310049175,-2.6543225656212277,-2.4819820822008265,-0.43388191068859894,2.8435388922795086,0.27136369603525134,null,-5.416187942602494,-5.730687215726564,-5.247252050939091,-5.072025251319885,-6.139535049907218,-6.558748971243759,-4.462627324668852,-3.4480500572012702,-5.509708295314867,-5.0386448088503615,-4.0109241201418495,-3.548666796230559,-4.4678823436459325,-2.020343053916121,-2.5379812739346685,-1.6301313410265088,-5.617144837987654,null,null,null,-5.487150074647361,null,-7.553932630182653,-5.125709823126123,-6.697718977257908,-7.947097972195457,-8.587601920679589,-7.093064745524529,-8.222488677235285,-10.174308030919882,-7.87430665917978,-9.051412478766004,-10.30322438342184,-10.21683258544996,-10.858276294421517,-9.540868704885964,-10.981082500213654,-16.536591939437574
-2.2659212125098653,-5.421024570661567,-4.89363888804086,-6.1456334606379075,-3.5733036825801068,-3.895172165065646,-2.141708047514922,-1.388312559016378,0.8942799749914893,null,null,-6.886005894921359,-5.597734412347544,-6.280016778666578,-5.704627808280985,-6.44245376835792,-8.42174420679588,-5.8573643786958645,-6.397145455120236,-7.120957783172372,-4.471861210762322,-3.2441737633908145,-3.2398354118622095,-5.181296797945542,-4.815049809791417,-5.060004347112625,-2.2083525927009746,null,-4.506420928090957,null,null,1.1391579494879482,null,null,-2.4768334191075874,-6.288347106792011,-6.672877116856495,-7.830284640721189,-8.062726279438273,-6.938698614423323,-8.703237817428736,-8.975117745902356,-5.926728665366507,-9.340792925415451,-7.74782003233204,-11.33938671063431,-11.09877506089281,-7.862655632804083,-18.79729808703741
-2.447827661593715,-3.5548593574000047,-4.448591089837884,-5.507449305889741,-6.289296594884597,-3.6441119497038734,-3.4750576290701374,-2.0883312636864666,-1.0202792054888143,null,-2.606943996822671,-2.790971864044097,-9.247866713337606,-6.011436421319566,-9.486008041772193,-5.400953323323616,-5.858491130939149,-6.276204121484431,-6.944581613737824,-5.689956890847262,-3.629242299443606,-2.214724253385614,-3.31083649952299,-7.1676486655219325,-6.831842742353634,-2.6371714128403707,-2.3667304557080366,-2.166807447958727,-3.2456135664959738,-2.8764196457614855,-1.8282865593985385,-0.5824007481102245,-1.7105740979213606,-2.0135768554935343,-6.098169689979123,-4.266527441701152,-6.31815935615934,-6.9709405881831366,-9.970454087646834,-5.952065897840526,-7.655106673088753,-8.24517805610414,-6.532737554572538,-7.5331316407035125,-9.42814877425318,-10.357026121224793,-14.080741938584914,-10.709534284187322,null
-1.2609319924511857,-5.3977431701457315,-3.5685123056472356,-5.817457044158315,-6.542042340418653,-4.715605938159816,-4.517337815398738,-2.9566936046045447,-3.7062481313413995,null,3.0023298764081656,-2.497270988451507,-5.674400591128089,-10.40431847717261,null,-5.0327382370284965,-3.7580922708561473,-8.709898513387223,-6.860600274637744,null,-1.5811129956221324,-3.214696973413122,null,null,-3.5121686048841347,-3.34479227387687,-2.5337947881654737,-2.667328556294913,-2.0461074649622075,-0.740688263611375,-3.3372094133689316,-1.5675248782780202,-2.638173015097549,-4.105500331126123,-0.8431157612785057,-6.304119673118585,-4.76770950830357,null,null,-7.158455477250897,-8.9491553904566,-10.625258681196106,-7.467552938917533,-6.909977287143122,-10.744417107139997,-8.330673892154866,-9.953290212763518,-11.984875079756456,null
-3.965919530872653,-3.0408598621735865,-6.000731643294533,-4.878735632151788,-5.683371744213566,-5.548957116760305,-3.997959654757819,-6.283479872338108,null,null,null,null,-7.004736075492468,null,-2.366813708361703,-6.120753522316358,-6.332149633470198,-5.312927442473377,-8.629575368019315,-3.9827500417110504,-4.028153969218492,-3.5031000463649256,-5.520075498092606,null,-3.238826615332001,-3.4233266918952854,-5.895275048344158,-3.3942012255943914,-1.2500783881695325,-4.4399318148358535,-4.28326792766666,-1.5997212781095334,-0.7009803696322758,-3.2322277290042356,-4.052284857380336,-6.60461436464038,-3.4043437297036747,-5.420054345371829,-3.4014967100103863,-1.3875728500655697,null,-7.96936981187458,-8.33414453581529,-7.12373897474225,-10.69814429723708,-9.394923630867055,null,-6.575397987285216,-10.512291392108537
-2.8537927577233324,-0.4864252782057603,-4.256623700063885,-4.584009191469849,-4.66066825802038,-5.3248572703136805,-5.598830238098678,-4.557501192478122,-3.8532447810081405,0.4859822055458239,null,null,null,-3.07316715779838,-7.09958201240543,-5.070286667558973,-2.495882402716699,-3.1605160360117828,null,-2.5826017332778344,-7.4380584977075275,-4.712929711999648,null,-1.1163165359432936,2.4714480983143114,-3.85603388949877,-7.057923314978808,-2.6079977784061144,-2.8648450006801816,-3.4828201740584035,-3.5457979349912603,-4.900696686847942,-4.536390748722659,-4.149206843578122,-4.3536630403664764,null,-5.213117296160311,null,-5.699264038602077,-3.012849768192212,-6.417137831188788,-7.007301519589489,-7.193020130386451,-7.7465073229291495,-5.038783415002217,-11.33144957947418,-10.1259302354142,-9.017541338018292,null
-2.1304361856628367,-3.741520328284843,-2.0578265547706147,-2.63542493204227,-4.7579301164184,-5.612527947463802,-5.97056579882388,-4.776063407129949,-3.377261014774776,-1.0488918578700464,0.026528688522364854,null,null,-4.608776511196426,-3.6187082239078796,-2.8603627442659585,-1.864754301780929,-3.541096087327964,-1.5112432565821488,-9.57442489697108,-4.654329977183421,-3.7147258793506515,null,null,0.6480677282150367,-5.392546223154033,-9.419032796760138,-5.669379555733398,-1.3108700396988495,-5.548825033628207,-5.2435272579681005,-7.13925998038967,-6.362539425351186,-6.944671499859931,-7.561927496544181,null,null,null,0.969113992465208,-6.150109667382884,-6.133283460165081,-4.062325240601982,-6.226995888800804,-7.177035088067511,-6.419175583440819,null,-8.692913806422553,-8.583709594587381,-8.489268316769147
-2.012305138347088,-4.246497982154953,-1.2263655145953927,-1.5480799288697344,-3.388356170593712,-6.103913530317003,-5.4742786766165095,-5.197113789361087,-3.4521009898518527,-3.1014477822663764,-3.810927269958777,null,null,null,null,-2.3195472829672887,2.9477698176090503,-3.348129831846586,-5.899257741723455,null,-0.8804252115738295,-8.253304185926767,-1.4292056464840879,null,null,null,null,-0.7901744238352594,-0.049988520605498354,null,-6.1628128810212655,-8.560978032904673,-6.315922355283676,-4.808412133095634,null,null,null,0.028462970355300182,-5.867583047365317,-5.203037914367668,-8.267736502300487,-7.643301503514666,-9.446737046412176,-10.314246540273695,-6.328939453531355,-6.580934554043921,null,-7.246420897677709,-11.48086121208452
-3.4181441433336484,-1.7869640435367127,-2.1344503790320415,-1.3727755477440042,-1.9372314402207027,-4.415154700614665,-5.755723539588468,-4.545756949281727,-5.4456896324530915,-3.611726921343645,-4.454195278555855,null,null,null,null,3.373847970769497,null,-1.7313490489813814,-1.1335792214342713,-6.421691376840878,null,null,-2.1060893531728815,-2.9698099825227278,null,null,null,0.14419891548562175,null,null,null,null,-5.124383271486622,null,null,null,null,1.8549381344105706,-6.1644031760591025,-5.874610133578677,null,-7.927246923870369,-10.950068231224858,null,-8.874224374617707,null,-11.118115626065281,-11.080876291024735,-9.077367968822452
-2.2605490901841736,null,-0.8114667704977625,-0.8659528307360085,-1.0417672499224853,-4.695210220448992,-5.281906157881218,-5.701975103161274,-5.804376839580584,-4.857569306026509,-3.3934053851941357,-3.9207570051087566,null,null,3.090799862183716,null,null,null,3.5015571259214044,null,-5.954346924306887,null,-2.9610458268360302,-3.8817869623524963,-1.4926511078959934,-1.1034039364329704,2.342752060110161,-1.7089787827944443,null,null,null,null,null,null,null,null,-0.5615762329859791,null,null,null,-9.295589498641029,-11.676767578038524,-12.50056940336909,-11.10024250249738,-11.907778504099362,-8.680114658170279,null,-12.035386382411193,-9.45962466242252
-1.7076294391857978,-2.706505838632075,-1.9332745202482626,-1.1035744255020474,-1.609145016737046,-4.341473102375065,-4.89186218351994,-6.919146150188318,-6.3110909193923295,-5.243863272190113,-4.470557274637938,-6.488165728706959,null,-3.9031679084135016,-2.519118281592405,null,null,1.3278996899927293,null,null,-1.3209160661202712,-7.5569730285968415,-6.205833235033004,-5.376188016773588,-1.3954443991094927,-1.3640233725587445,-2.834086604131055,-8.845397616070132,null,null,null,-0.4155255289279514,null,null,null,null,null,0.46557978834845104,null,-6.91121849506165,-10.527917299656593,-10.180195861068347,-8.417449177852788,null,-9.306509472246432,-9.852935817486392,null,null,-10.098200949900546
