public/json/wind_2018-09-1606_925.json
{"header": { "discipline": 10, "disciplineName": "Oceanographic_products", "center": 0, "centerName": "Ocean Modeling and Observation Laboratory", "refTime": "2018-09-16T06:00:00.000Z", "significanceOfRT": 0, "significanceOfRTName": "Analysis", "parameterCategory": 0, "parameterCategoryName": "Currents", "parameterNumber": 3, "parameterNumberName": "V-component_of_wind", "parameterUnit": "m.s-1", "forecastTime": 0, "surface1Type": 160, "surface1TypeName": "Depth below sea level", "surface1Value": 15, "numberPoints": 4800, "shape": 0, "shapeName": "Earth spherical with radius = 6,367,470 m", "scanMode": 0, "nx": 80, "ny": 60, "lo1": 109.0, "la1": 20.0, "lo2": 116.89999999999955, "la2": 14.520000000000117, "dx": 0.09999999999999432, "dy": -0.10000000000000142 }, "data":
[rows 20 to 39 of 60, columns 0 to 44 of 80]
-17.551072253068618,-17.301488062537025,-17.187150904541777,-19.984417066367953,-19.273020979961256,-19.341197001737754,-20.06613753696988,-21.587674393432156,-22.56420780118749,-22.150383963665483,-20.57362273292202,-23.486266672977642,-21.48680617547137,-20.37790784527893,-22.28283463301382,-29.259397789557728,-27.36190677688308,-26.064599766045294,-28.672658400187746,-29.94079541036661,-30.96007251575539,-28.616055156127977,-18.553732860349648,-37.10335924744844,-40.52820543879794,-38.62553737268205,-40.550264189470006,-39.25697673967103,-37.7393213291043,-39.05417841541768,-32.226480566748194,-41.231675199954154,-43.124672516777316,-46.879223845252085,-44.94688569726788,-40.576114650485245,-42.05691358875612,-44.704868061238265,-41.7890722833112,-35.626029826676714,-36.35222994709206,-20.20426133592884,-13.89896351144974,-7.322328585525803,1.6373700844630785
-16.398440006697236,-17.522825754782314,-18.138086358820146,-17.57064944457109,-18.22160908145102,-17.579062657771715,-19.64500138619325,-15.830314769151297,-22.911663104023688,-26.823209776258196,-24.334618814762933,-22.881322442214078,-21.719028536593676,-21.99620768026869,-23.3620431042094,-26.555372161013885,-28.049969051635195,-29.801076953260853,-29.9740326841934,-30.41003228183955,-29.710107856258695,-31.661916076201557,null,null,null,null,null,-37.81463759355047,-39.58648380430881,-33.26045903301103,-33.254291018575636,-37.797766440583224,-37.88472294833394,-46.11880429078459,-43.73335136264492,-44.06959052390288,-45.39497075878484,-45.3378416492071,-42.87691077321769,-34.7940870908312,null,-22.253017311871115,-12.774591860699465,-10.05805599347138,-2.9700552365136805
-17.63489001250666,-17.486259903723603,-17.180692983952078,-18.43098550388442,-17.697294658804353,-16.645540084675776,-17.717583922869554,-18.66206295973467,-20.802728471141105,-28.65603750289192,-27.330107174417932,-20.284534041453096,-19.17183623501853,-18.62774378804328,-20.42400160381516,-27.634604108789656,-27.084925906838876,-32.21052926133193,-30.112651298013283,-31.983000397667755,-29.277007494066613,-25.39387347658734,null,null,null,-24.927385422908046,-31.59092625248862,-36.96529830267515,-36.5349675504393,-35.974535314355805,-29.76779387205428,null,-40.32436473272221,-45.77131649798823,-41.7107702704338,-42.91145881689856,-42.488858436073535,-42.411880873278086,-40.32226167342377,-34.641140325858046,-32.49212392193549,-29.321982269793185,-15.375259567025186,-8.647314247783463,-9.46267737030432
-17.142531823130366,-17.561896626800305,-18.30128863833588,-17.080094269586603,-18.248864669641108,-18.442632583342935,-16.387139656323413,-16.738680722848642,-20.001491823022445,-23.948899720927784,-28.870147148225055,-21.929932495067423,-19.601400500277624,-20.824601658237796,-19.389567183781374,-25.635508351715785,-30.27990002737959,-30.439190217322817,-25.312980805506594,-31.361112189009503,-28.576824075563547,-24.863136318975407,null,null,null,-21.61670317045301,null,-34.31459871267313,-34.78246726256661,-36.800074982953795,-32.51548236369962,-26.825795365941644,-29.75016735915878,-43.85276067317832,-43.0197885639374,-39.87733996184145,-41.31271966903397,-43.262237182164235,-41.913044572600114,-36.80149371527194,-34.758530438724755,-32.1054600562525,-23.626245681847898,-14.387438908780688,-9.533096046576649
-16.77459346932012,-17.427230468512978,-17.51001193832044,-17.73886923162516,-18.260814355503356,-17.11449738740808,-15.457723057575416,-15.715525616712837,-15.545547238487025,-18.81642576636098,-26.675346842424396,-24.214700596870646,-20.493974610920702,-20.96637046729918,-21.06824183503498,-26.885817423512457,-21.487897445462075,null,-26.511126916672808,-28.494676186535173,-27.018088867128405,-27.422918530915265,-20.655150318236124,null,-25.74999169632398,-26.586520326880837,-26.49152161741478,null,-31.901228872575658,-33.32826154984806,-33.67733315108229,-31.36947840838015,-28.372698071755345,-33.48629153708397,-40.278918195292555,-38.30077823894767,-38.13620377139024,-43.03786053652462,-40.21678018934128,-40.83361368386131,-37.47501007763569,-32.01239557453751,-26.368490090121774,-21.326556952609174,-14.320258760581304
-17.230509043386,-17.274439787253158,-17.228357219068236,-18.23115863739899,-17.708988034819175,-16.45696367292272,-17.26623523193043,-16.073673802465358,-13.25451323995634,-15.978005929157177,-25.620641561929332,-26.129503044964203,-21.299397766820015,-23.802227151196504,-23.611050976836005,-22.223851386162742,-14.821679986103177,-24.093813910336326,-26.549309796069554,null,-24.363727940240707,-21.62507491615252,null,null,-28.189700889285138,-29.85322341903819,-31.851558168536375,-28.97887084342875,-29.933439378060395,-29.169264643074754,-32.902170240413305,-32.74881601493928,-36.311624241522864,-31.591535136994423,-41.19078911634724,-39.89284318572294,-34.59340870019653,null,-39.77359848154887,-36.62667900435272,-36.04220615283875,-33.62358589844108,-31.23034714196804,-25.13161560483213,-15.917173018473655
-17.50918209709648,-18.235915185780396,-17.818752787702834,-17.187155128361958,-19.382671908848536,-20.62965777383119,-18.050769865114802,-16.745185779126604,-17.81206390500261,-17.12925736891512,-23.308605908073005,-25.525585097666216,-24.75574809086223,-25.36022378969769,-25.600686911184862,-23.186150540154465,-26.291368646048657,-24.733350530342175,null,null,-26.20900686094765,null,-22.26117143696965,-26.993514916801928,-31.155628720107728,-32.443406722710264,-33.183898838419786,-32.93810752059104,-28.349535614029794,-28.86939571951909,-30.19336406229455,-34.96971932284738,-36.45184569687476,-36.28306683024949,-37.61282022726039,-38.150741385833214,-35.83354636227774,-35.8335920826204,-31.122385384190327,-38.080031792967404,-38.06051712175088,-35.56628800799996,-34.0142733592277,-31.49632808553922,-23.505383008959367
-17.800800444074852,-19.333036598654893,-18.043894641778078,-18.808688580539194,-21.32333415671905,-20.226589181836744,-19.383872970704846,-18.44770960187667,-15.204871407452082,-14.652591934928731,-18.691676772516125,-20.78158263693244,-26.01250287633187,-27.83529870625104,-28.0937477525929,-24.75374006423469,-22.18690334652287,-25.52108142153833,-22.35246628876427,-23.971547427740344,-19.061348904725254,-24.77846562938761,-22.711254414368817,-27.29476015508793,-31.44738815705174,-32.17446131031771,-33.55493548219231,-34.648501711375246,-29.560320257876793,-28.832120289727783,-29.827332305968614,-32.03948196827105,-33.98185796879016,-32.965736880732614,-33.32597472030147,-35.623448744457434,-37.20087275487915,-29.54065150919242,-34.49586915800846,-35.151602194945,-37.81735265714436,-35.117367669243635,-33.7876812651749,-30.0579414401129,-27.035175352986663
-18.29611580436829,-19.922021844455287,-19.38128541209708,-20.28923871847571,-21.621613844760404,-20.522634231367135,-19.046979307570318,-20.29440509983779,-18.612912962763765,-14.807691359196928,-16.003840404043725,-20.614960140702244,-13.293353967174118,null,null,-24.538210459522862,-25.338770449559707,-22.434579347778598,-27.244474369450607,-24.801708067525,-23.06977582777683,-27.90221597683937,-30.324463980152668,-26.72385756449001,-28.1540032600794,-29.142371367761367,-32.414304060386115,-34.01219782751152,-30.274888979778602,-27.708546745151256,-33.82359373481604,-28.93001103071107,-34.493807905865026,-33.31201750432712,-31.67490149416642,-35.945848053331694,-35.96131737056724,-32.6772850327534,-32.492477224526006,-31.774564871732814,-32.891585012303516,-34.53490903333183,-32.473460808484305,-28.360186496297747,-26.65605128231274
-17.58501318661221,-19.981231051248116,-19.507723803807306,-20.156337226553607,-20.821622691068875,-21.555414900158844,-21.351553531724008,-21.15587768233608,-20.52763810877654,-15.552078051939818,-13.243578350975909,-20.86606378598844,-19.081174195996645,-15.870158909917377,-16.225225418113496,-20.109088617174148,-25.97161445361548,-24.470677915856747,-24.555068410250016,-25.4087558579171,-25.606410715239576,-21.135191760187922,-28.85039362580801,-25.870082064298572,-21.945555042018164,-23.85458852913387,-23.950988936881004,-30.368033243718585,-26.674598571936897,-28.524289125675708,-27.024641362252183,-32.470785237021886,-30.832769294916858,-33.30280489611715,-35.116886554860464,-33.02852158677684,-33.294226972263615,-34.42938644023051,-31.117028866445867,-33.14838498626953,-29.631134321704558,-29.103704020110776,-28.645704190353882,-26.247210788946212,-24.627085918953917
-14.589812381843213,-17.737267696900375,-18.673948342672496,-18.887779690435384,-21.091392973858714,-22.186267222331665,-23.490239975749184,-22.0949272088358,-21.00405865397709,-15.077520836845457,-13.623146945338476,-21.317574709402585,-21.47343170011679,-19.163347214767622,-20.02073286432237,-19.14561124609979,-24.784323786251488,-25.561343048538408,-23.93350330408112,-26.49226002203722,-25.427595751239892,-21.781172068238703,-20.534366361667654,-27.970962895878827,-25.669891163154688,-22.6227631538736,-19.97730968025618,-18.61350781054764,-27.28708055784253,-28.181449895407134,-30.896197291906116,-30.625046538103497,-34.47034834284777,-30.989727028475784,-31.609788083498955,-35.71160061728155,null,-32.15724410821734,-31.574358509435328,-28.589115760789955,-29.10583061919065,-26.585257441975415,-24.368032173885315,-24.58788220338903,-20.42990034270165
-14.934240076623524,-19.496907859498315,-17.040936078320257,-18.257442965327222,-18.657759407714416,null,-19.961377961207724,-22.674133137833543,-21.214259398484828,-13.428531349107363,-15.845610532854284,-22.62857772933139,-21.28793262458818,-19.716887205496338,-19.29878356315178,-19.72232191511611,-23.589537630788875,-26.087605443787243,-25.73194288807587,-22.610766618868837,-23.460019877758004,-21.55560668659783,-21.928973949051656,-25.60963714870127,-23.157464775875326,-23.88715802404343,-25.333659137466963,-25.405230983953842,-28.847286653179623,-26.641406426464115,-29.260377687206592,-31.477568159962097,-32.523083909843734,-30.619904424647874,-33.20662091084452,-26.40796882530833,-33.85127300029251,-31.262290042426798,-31.167594895797265,-30.05018635775489,-28.156496634070916,-25.740319903436262,-22.984779789088122,-21.613414358061295,-19.15766433495231
-15.948299182684012,-19.097057446360736,-19.281207127507844,-19.683689654881785,-21.42747637055134,-20.65616224016445,-21.9075068114112,-20.648999021414827,-21.107726098720217,-13.10830776591044,-20.05186321159923,-22.494274483047594,-23.226129146618458,-20.886936715223232,-21.09054355169489,-18.793024880001973,-21.935125651435634,-27.189713070328065,-27.22633005789475,-26.03156141866605,-26.440633544127316,-23.667331135423556,-22.759517534203425,-27.512544720989116,-28.87223064432036,-27.132642060154197,-28.17903775892836,-25.31376394991721,-30.60637791394019,-31.053301563604272,-27.254276123878284,-31.653788014852303,-32.353908170429875,-30.816288551444195,-30.94730509080541,-22.737103285515676,-26.19395233462132,-30.901402108544755,-31.73569826758972,-29.92754303842715,-29.115145015995836,-26.315140717777062,-23.651996727881624,-19.97001885530626,-16.144431446336274
-15.23241883485708,-17.758324321761435,-18.751056312786517,-20.476899594895976,-20.173680159165087,-20.939087011555554,-20.444444043545573,-21.598372241121524,-18.961507234912915,-12.890860651524314,-15.09059397356578,-22.231551855362387,-23.459800162575505,-22.851927444408066,-22.18027402902577,-20.63921693461038,-18.224917473181705,-25.866626821855046,-26.952301442151413,-27.96957285378063,-27.778726622879162,-27.190171695028283,-26.32507427255979,-28.43607454908436,-28.107662889761723,-28.34541707584273,-29.157726710169477,-26.244712822763706,null,null,-26.212420659962355,-30.44505016172554,-23.30578249376431,-31.92673310704572,-29.607602655089075,-30.22179489868671,-31.421129409910947,-31.363376154734162,-30.16671602760123,-30.338614666846535,-29.540867355276273,-28.042081710414752,-25.63637112930906,-20.292475207153565,-16.16657084616194
-15.60454389158732,-18.12215199628392,-18.59547528476383,-18.9682084552746,-21.054393463676423,-20.79589977103165,-22.32127140671089,-20.475863624639764,-19.786841449496638,-16.54530265227218,-18.172446087365472,-20.087176661666653,-24.07487401343685,-24.57942008353905,-24.27356603941523,-22.785182044437445,-20.437401554730762,-26.593402133227073,-27.0345491902848,-27.845358761526114,-28.703472693960485,-26.310151953844993,-26.748686186160366,-28.42146308655544,-29.57841820199998,-28.881811821619056,-25.782754171765305,-22.440235672778677,-22.580722685483874,-22.51605955681365,null,-23.393636529755153,-20.67109674525032,-19.134096439266212,-26.335721890850326,-30.67273733981006,-30.66221651736259,-33.538510461817545,-30.651376560977738,-30.399022403698808,-26.97813596295644,-25.811526724286164,-25.862819915884423,-20.830129325674612,-19.693028659067327
-15.148320691332012,-16.636022293609862,-17.75333191611749,-18.342357779842175,-20.382918052890368,-19.45128927545565,-20.21864253462744,-19.30924263439939,-21.475848987480113,-17.649078587803555,-14.741783091869223,-20.44020413751967,-25.24031231939074,-25.71997058365337,-25.559219737408192,-24.685403792634748,-21.526397452792416,-23.368461670505447,-25.71218681248853,-25.265806843855326,-26.843138048538997,-26.720317779325825,-27.474358365112785,-29.9551101960515,-29.839053422054167,-25.98557265040751,-26.04607697033247,-25.156594931972126,-25.263874839231335,-20.893165777805937,-21.039249496038206,-21.299953013588038,-20.585199407158175,-20.36847347410461,-26.0852673684698,-26.583853917176675,-26.39034942756254,-32.21249461366412,-32.975427326882034,-29.227015085535594,-28.38022725520961,-24.416812186594516,-21.922386141389552,-21.681619053118958,-17.734121267820363
-15.50071946438905,-15.921385880646088,-17.534375048312153,-19.989322731449885,-20.92786197577413,-19.56552627405195,-19.803292314473822,-21.18948894191115,-20.42927229812152,null,-21.953045207484415,-17.214667705858858,-21.139496358826644,-26.493360255791814,-24.286244083777884,-23.575246733294918,-20.969390605779274,-20.805670561452146,-25.507019965075877,-24.7949150489314,-23.281922290506273,-24.495357240588213,-24.348077175804836,-27.073072702676964,-27.134146266665176,-26.544183741431127,-25.66535770225295,-23.29660181622326,-24.55856859188127,-24.584332754184835,-22.714023670174328,-19.55402482244205,-18.291423661290175,-20.98437449649721,-19.782102681778895,-21.77625594110204,-10.626598512218365,-24.64968905063941,-23.25810062746771,-31.07983197163159,-28.56784414125605,-25.608938175657148,-22.906015013168048,-20.645323760830884,-16.584963404682917
-16.8400842655141,-15.386698446168651,-18.639934547934395,-19.98029040883127,-19.85874187198448,-18.7739241522067,-19.214729826897056,-18.21672343559383,-17.132957067956433,-16.57703225221164,null,null,-20.10036177111007,-17.11474635200713,-24.95757359039798,-24.603812205334467,-22.341644027135764,-19.26270398539659,-24.33127067362368,-25.007766805905774,-25.081929316547573,-26.42921944860455,-22.745180671118597,-23.643675424318438,-24.760623120620963,-27.437127780937768,-25.595662886794276,-24.26351324584918,-20.990227593708763,-24.018870086476394,-23.80995783319805,-18.545268412999494,-19.125179575754352,-23.57290286017702,-23.813188153862058,-25.745161672805686,-25.267470766713068,-27.34409567022197,-25.07978793311642,-25.387391997195678,-19.33208641152592,-22.189379994411222,-21.303102957305253,-17.17595825969797,-18.026138168465202
-16.588670912087572,-15.493802747207738,-17.333990139318434,-18.818596988485123,-19.174617671937497,-19.455809223521964,-17.967581558756635,-17.203385807742915,-16.108529763938602,-18.556084907579603,null,null,null,-25.129087397876724,-26.351196753354227,-24.37936369236628,-21.30712204117516,-18.98103245493006,-19.362418443901607,-23.71698571281215,-25.27277028490395,-24.09923470803598,null,-24.386328846962826,-23.539883569109485,-27.236419084487732,-25.71067067861321,-23.976176559437242,-22.174331223699056,-21.842654019354192,-22.233774449475526,-22.201024596415756,-22.153731713818953,-25.151528102672422,-24.48678395281172,null,-25.981451812999378,null,-25.489292686856835,-26.237546239386518,-25.4813161418184,-23.3233229704551,-19.453939009933492,-17.162625585730535,-17.91558042081335
-16.510639709485503,-16.644980854747466,-16.74047961026597,-18.672538283800513,-19.624634597369845,-20.174425764851257,-18.124700362587653,-18.035253968434077,-15.125611103080146,-17.652758565171403,-14.506539647739094,null,null,-25.034706477190056,-25.502697619920855,-23.38166308583546,-21.676291333724173,-20.956564171038835,-16.491125397410766,-26.50460767770372,-25.443975186438593,-25.383153354006083,-15.06356845025879,-17.195581221189087,-22.33325946202748,-25.812469196408685,-27.052191435587865,-25.07040663793957,-20.42771929127651,-24.360739745333177,-24.719862399829182,-24.50087269631242,-24.785280174638643,-28.3161526404906,-29.77194970318565,null,null,null,-21.861086773609788,-23.35029175626465,-21.724563176273737,-20.50706633058101,-20.02909865367021,-19.95961397615354,-16.988104003554653
