public/json/wind_2018-09-1513_950.json
{"header": { "discipline": 10, "disciplineName": "Oceanographic_products", "center": 0, "centerName": "Ocean Modeling and Observation Laboratory", "refTime": "2018-09-15T13:00:00.000Z", "significanceOfRT": 0, "significanceOfRTName": "Analysis", "parameterCategory": 0, "parameterCategoryName": "Currents", "parameterNumber": 2, "parameterNumberName": "U-component_of_wind", "parameterUnit": "m.s-1", "forecastTime": 0, "surface1Type": 160, "surface1TypeName": "Depth below sea level", "surface1Value": 15, "numberPoints": 4800, "shape": 0, "shapeName": "Earth spherical with radius = 6,367,470 m", "scanMode": 0, "nx": 80, "ny": 60, "lo1": 109.0, "la1": 20.0, "lo2": 116.89999999999955, "la2": 14.520000000000117, "dx": 0.09999999999999432, "dy": -0.10000000000000142 }, "data":
[rows 21 to 41 of 60, columns 0 to 48 of 80]
-1.609183406254801,-2.4944861615283003,-3.152900802509765,-3.0521529826002913,-0.5892143224389157,-2.0386460256955714,-0.5099772366148958,null,0.03963794582908835,-0.1818015977345339,-0.0617251362417911,0.675846904784432,-0.10588167514601267,-0.30489492683331876,-1.8270989179402628,-1.4334335438288277,-1.3611095705271499,-0.25569649247124876,0.04711142442851919,0.12144223980414114,0.5349426034587982,-0.9858638788164114,null,null,null,null,null,-0.2571452449685434,0.4408512636407578,1.42789424615152,0.8410966714703074,-1.0320783239392228,-0.9164688409890098,-4.179958281494341,-2.0589927156016703,-4.332164690946912,-0.9027283755258051,-3.7863888830656633,-5.864954157541403,0.9403456085401316,null,-7.844975680989026,-5.385437716513446,-2.9731632939991184,-8.377690594587863,-6.1178634378103265,-5.623478131572595,-4.8491719623092235,-4.795198067997555
-2.8488605597184136,-2.7601721831506176,-2.315726124375691,-2.828669365086559,-2.8196358873387615,-2.0068818497907337,-0.7523299146214926,null,0.6457055932018955,0.5065659564282882,-0.05634655769083174,0.26188817181007373,1.3114730412969273,0.2704627258417158,1.7517105222835025,-0.9092645012481597,-0.9961518943696717,-0.94014915168727,-0.930502415561288,-0.6659537696386022,-0.4053531883998408,null,null,null,null,null,-2.2747370594618936,-2.831171100601965,-0.13621986182225143,0.9682473280353946,2.5544043692903164,null,-1.0709147477139906,-5.072648171855618,-3.4788028623082714,-6.700050767517783,-6.253947559527302,-3.9333101287812653,-4.616448434217378,-6.453167710420253,-4.795225487261867,-4.938763969651089,-8.598565415062964,-4.4066353012684125,-4.081421699741846,-10.122951361097373,-8.62914672479627,-8.120506356816414,-6.242705832811339
-1.7438583671904908,-2.664132463148549,-2.8581785203641648,-3.1218672881779477,-1.3079061303336295,-3.1784691755392713,null,0.48837092351768546,1.9609505382934687,0.5778653623243815,0.6375322069328117,0.6380782614874266,0.7199117990386537,0.6831579887566708,0.16885915560173245,0.05139063699209988,0.3183043620575845,-2.001518883037875,null,-0.7531608477550518,-1.4212055602162583,-3.045448322977532,null,null,null,null,null,-0.9872358927281188,-1.1145041177156216,0.11182700676137947,1.2271502121959839,null,0.9319295712718785,-3.1065244963497802,-5.608687785136078,-3.752703169246471,-5.668777825496112,-5.433326865438005,-0.9641812445963169,-4.820613608836756,-5.325603755600862,-6.608501669700212,-7.969385826701631,-3.3391072446942913,-3.138984877226889,-8.18149691766812,-6.9497326376993325,-7.06530661219278,-8.11482154065823
-2.133461343478277,-2.4908451365793347,-2.466449275273466,-2.37080623111341,-2.593505918053287,0.22996732167250494,-1.1626017250694838,-0.7869901595493911,0.9453318286247963,null,1.5336585626677959,1.0830700583538544,0.19458859623765432,0.7438394335389337,1.175897274998143,0.2132781084373725,null,null,-0.44445395989495995,-1.0536207617700117,-1.463398976697816,null,null,null,null,-1.6749765090522506,-1.1135844522100167,null,0.8804014291479496,-0.597762171353175,-0.14057737522125036,0.2296295729548717,null,null,-4.749439898679428,-4.559159487031885,-6.946224570342546,-6.994197563616637,-6.711707246193285,-4.977148702351271,-4.527594162789738,-8.579617616980478,-3.898496340022498,-8.951081937037536,-6.3348392723395435,-6.275773834784344,-13.457431767363655,-7.7496427374790215,-9.683257116403336
-1.5634566088478465,-1.3505382808641957,-2.473414049272231,-2.510462827258288,-1.1447899791534935,-1.4462070181352091,-1.2707428552270108,-1.1731268065864322,0.41686864973865434,2.3495523054014895,1.3067916579926304,1.241376500681964,0.4685568563737791,-1.0258419113574102,-2.41741293244774,-0.3287496036803698,null,0.08022576741760828,-1.9515745855668292,null,-0.5937302148512787,null,null,null,-2.7404215987641765,-2.0387029219215167,-1.1119987879621012,-0.6969292980072229,-1.0483216702914737,1.0968160109963203,-1.8005248253076427,-3.4689493150854442,-2.560007839470497,-0.1412985793858909,-2.7803742072079722,-6.8620090877375715,-8.83417875592532,null,-9.634845662267947,-10.819475976097955,-7.244268038620077,-7.858675350175773,-8.555373894462736,-8.950072696397815,-5.968499890168271,-9.869544320541047,-11.47248917954287,-7.1826870958807625,-5.046585181029402
-2.6783369550272935,-2.0681843896371204,-2.3305597652502112,-2.723520104923912,-2.2184689060353477,-1.927140749959805,-1.9389296115155485,-0.32199522314223983,-1.3685310456519195,-0.38584252191121304,-0.06985846974325653,1.188448791977412,1.8252168703730671,-0.9624410294020042,-2.7265208445233764,-3.515443963499046,-0.04091754374849891,-0.6876589036368299,null,null,-0.9855093931002473,null,-0.6109073124514445,-1.6632238778850814,-1.1264817334977288,-1.7518476525726026,-0.5212526843462276,1.0318176237131695,-0.7466762461261858,-0.12434290948093411,null,-1.8485402623005762,-2.9841588418324436,-3.3380223820033015,-5.624977544806119,-8.137220210186232,-9.013303307648492,-7.207846601040396,null,-7.492820583094476,-10.076921612710583,-8.715059588503541,-11.196812373227468,-8.820186039873835,-9.85382794072596,-10.993232181772678,-9.761041198016343,-12.56190600130294,-9.784732180208888
-3.091806968458154,-2.8536790314368536,-2.7214363614675197,-3.091850222270376,-2.622711573512002,-2.7587239580763936,-2.722480332536099,-2.506814215208227,-1.853862006067346,-2.72219677353996,-3.57696349173802,-1.9166547153420668,null,-1.2248339042621623,-1.9529101162536282,-6.971730235386941,-1.9875912030404488,-2.267939633484426,-3.107661961444459,-1.8134854194972791,null,-2.698640094862644,-0.2378455828463492,-0.4017193243771388,-1.6014633240845786,-1.1024793005551352,-1.6570798148259884,-0.31871063904274494,-0.39427298755058415,-0.5041651079735753,0.0504090901579229,0.022669126746264326,-1.294078405759029,-3.0756999694730247,-3.527103273596275,-8.447155653237235,-8.657813890937948,-9.412930733533445,-10.011732431304575,-5.167192974655161,-9.88622580057228,-7.405112220334918,-7.041540627385851,-10.546532940245342,-8.66628900447214,-7.784643115546409,-3.2052329675949194,-5.8451378052680925,-9.366502108016562
-2.585365136560307,-2.7304724229132544,-3.3325440021920314,-3.532864049630145,-2.7434598700974457,-2.648972244206774,-2.3694549850925304,-2.9422804741273554,-1.526450363983673,-2.6137417910344714,-4.495093662695987,-4.655544425784492,null,null,null,-3.749259182369484,-4.936406913088777,null,-4.0954836323761885,-3.6457193817565585,-2.9387879721996315,-4.274547590395658,-2.6009537548935677,-1.0840759822142632,-1.3041402419929713,-0.38539560804886996,-0.9088239064130756,-1.8054070448329196,0.7014092042011164,-7.087368667711768,-6.133729081293917,-1.1081972918371759,-5.196261171127697,-2.5716949667027214,-2.268310260302764,-5.8678849295107,-8.760376594193938,-8.855796060427693,-9.150385115722662,-11.196457577095714,-6.414223668403345,-10.674498081168254,-8.620460941695537,-6.814137631397118,-9.939665724144948,-7.458528887715686,-8.848594601067433,-8.880017950254318,-7.460267772725498
-3.0454059720811095,-2.213765320484308,-2.3046082572582844,-0.7325461415349217,-2.3460897146329134,-3.1534977605299233,-2.2465223608581444,-3.0998833488820097,-3.025017265577566,-1.451640647663133,-1.8541191247960007,-4.877232822981827,-5.707213232195177,-2.465480000539223,-4.369312461344447,-5.104819824899086,-8.014628848937873,-5.22461264627796,-3.2575689229397207,-3.476636676542109,-2.5228848877269776,null,-2.851159843634239,-1.943301525794887,null,-0.1438447780842798,0.2555687595512346,-1.4525788704715876,-0.3103848594683122,-4.613681296235776,-2.4503373777106914,-4.35215599155097,-5.059077502576622,-9.100438897448287,-6.7965401261869305,-6.328995379225939,-8.863649918387171,-8.663749283835067,-11.70199616477135,-11.904396626736345,-10.384996896172105,-4.902443689285971,-8.768207104176419,-10.04404319235038,-10.568470383433764,-9.942943501814282,-9.392549052295973,-7.53198222413026,-6.408764620423835
-3.4007444167091743,-2.683547843903394,-0.7468820249154309,0.31405278168209133,-1.009712410524597,-3.866967607140906,-3.032313414179368,-4.269763774019726,-5.416848888280727,-2.5588260812169223,-2.1351716563214005,-5.213949553824276,-6.45487813969105,-5.838158970881134,-4.310429188954908,-5.930564651962804,-5.687647561552683,-7.198795098080488,-4.593347144417556,-4.02436670303708,-4.319109471166771,-3.453530080187601,null,-2.030700807581946,-2.5608337259693537,-1.2051443236904522,-1.6441684810106063,0.4714058639660802,-1.3323150234765875,-2.857825541245857,-4.416306254950648,-0.8642995642473286,-4.909521734365481,-4.617002201682971,-7.699590464955083,-10.169980958186251,null,-7.593170840035381,-9.877315590678718,-9.314130429801804,-10.416891158033533,-11.433770748512249,-8.04708036266764,-8.59255123808144,-11.383876036795435,-11.612507261892466,-10.180455276680945,-6.905682232105081,-6.669894097393866
-3.3615460535760597,-4.012574329773499,-3.747946991861109,-2.778175674227373,-2.2556362047592904,null,-1.5295553787551628,-4.0526170346415356,-5.31429995713707,-4.94042306320547,-2.735786905420299,-4.88718130169256,-5.900750090074828,-6.497358095368767,-4.802987253714897,-2.4495155899630277,-4.652923189939672,-5.123244950442243,-5.5473131398382955,-4.2948435297640115,-3.799602043614313,-3.080775419998567,-1.2359385100405988,-1.7068518351714606,-1.4206391952723303,-1.2666730897259089,-0.9604144530286414,-3.904204828869535,-2.2963370788494717,-1.504978728243295,null,-2.072194409284043,-2.317406094420587,-3.3630376466495435,-8.877615357996914,null,-10.050794412583762,-9.798216696560354,-9.264583123470581,-10.36680448693773,-11.673646576803694,-11.805234307566911,-11.881741915198527,-9.518708142255651,-8.49537718807313,-12.544882117238288,-11.932040687209032,-9.671995290305247,-7.583656248183038
-3.172896761059891,-2.9881222769480837,-4.004644619932743,-3.924555263731026,-5.156588799602892,-2.5390919139891652,-2.8536060084485197,-2.2507492982511335,-5.028266115002457,-6.749391101088948,-7.060296207186746,-5.74626170066475,-5.997323281369131,-5.761690756582804,-5.889423949969912,-5.041076099923317,-4.18694787718342,-4.633160709347472,-5.1780142298263465,-6.152233304528107,-4.950042809147569,-5.751043082432075,-4.077085109214804,-0.4104000693110803,-1.8973664265596994,-0.6846411949028286,-0.6396831546989471,-2.455097445001028,-4.475688810542464,-5.887503900695804,-3.7049477473453485,-3.8896742711037144,-2.7700139020484027,-3.5820530761920812,-3.0155864216563124,null,-4.637465724282413,-8.351375030662576,-10.515714552466177,-10.444108690101007,-8.709566531572593,-9.9638514345198,-10.39693724823567,-8.964500443353604,-10.603280967681535,-5.475487035059063,-10.581632202089402,-12.719239594720746,-8.98137384661739
-3.72230137534605,-3.527156329012117,-4.1030713025829195,-4.2821755860430155,-4.884948398469919,-3.9667598761285254,-3.2149156834045156,-3.0393421130248064,-1.9635827132955934,-2.5851828539584996,null,-5.6850600253484584,-5.682907177643839,-6.151467382307139,-6.556335789545642,-7.362937438088191,-6.95898273756423,-5.992897641253197,-6.144887025368667,-7.520292198101364,-7.182179808143362,-7.9347590729005955,-7.04375681742459,-4.284933949866947,-2.612714677247461,-0.05170269804930204,-1.59978128635358,-2.3240203757276445,null,null,-1.1425121243753877,-3.650906134335717,null,-4.80664731834859,-3.1379636928463195,-2.6861824541855652,-3.6256803069583503,-5.431376652549369,-8.108506446157367,-8.657830392060637,-10.482177384423622,-8.991671765419479,-10.329952766184563,-9.699118227630063,-8.169184235069597,-10.64785378722649,-5.273967727809488,-8.41516706358997,-12.81702863340691
-3.8156903239885236,-4.283376854750972,-4.257829392827159,-4.193586041583161,-4.718841411905026,-5.532010688896387,-4.740214873190649,-3.303080322391512,-4.161621660567897,null,null,-5.84646251263128,-7.167718274390426,-7.653198817067562,-8.03094577490577,-9.511516547233482,-8.732018499998725,-8.220644664978172,-8.18444488858669,-8.380004426788133,-7.857799910542312,-7.280216056802961,-8.452842965288653,-6.984238464598766,-6.00181105816051,-4.298743799203904,-3.0652198304197236,null,-5.133240851765979,null,null,-2.307034765364602,null,null,-1.1442474240517675,-5.1530527521128775,-7.257361286745506,-7.612469248557494,-8.35460152278548,-10.06834085762069,-7.697657536478436,-6.690089457845504,-8.199065020905941,-9.527018900638994,-8.758202872510559,-7.386878672245794,-10.572080410896502,-4.216027063939063,-10.344392171463749
-4.234237604580814,-4.787257769033606,-5.131218289613984,-5.641033177963674,-7.046885852153375,-6.490063320933271,-5.875492526838499,-4.127915225839832,-4.8298038960940985,null,-1.7459743090072046,-5.85910155505469,-7.73310013351592,-8.938823258768618,-9.01632914315268,-7.3906819059150735,-9.390092137567333,-8.916396619541782,-8.465074759441226,-6.1195295620926995,-7.281109237921669,-7.022273142616584,-7.377752267250934,-9.074447142039695,-7.719181061467401,-3.0507650889634235,-3.5876765309365006,-3.9622531599125264,-6.357992931048033,-4.359818017780004,-3.14457047724993,-3.367181110741635,-4.073287074312288,-3.8279853149156824,-1.7843571242920575,-3.6476190234903156,-3.674135744944149,-8.175838433049126,-9.606243013676465,-9.17843263717469,-10.168142338649599,-8.25110675750971,-8.433385748623927,-7.30454366339497,-6.633424802751761,-8.064363814793913,-6.716726328648742,-11.925313230092835,null
-3.5442736159260595,-5.4053850000715515,-6.01941470212768,-6.361301060609282,-6.550737472400227,-6.970459939639238,-6.010462080460073,-5.60014478194274,-6.420006749755197,null,-2.9858996932915343,-2.7150148593470425,-4.967115873527289,-6.961189206795896,null,-7.01433232729855,-6.955219092202725,-9.868853000391075,-7.948631544002738,null,-3.815352021651499,-5.6555486865710085,null,-8.020440227951584,-7.918707292421849,-6.100697668754234,-4.6850940675181585,-3.634732070128039,-2.4078768589807398,-5.375898257451713,-3.729936182823127,-4.030754252790233,-4.11153076418799,-4.820600270484717,-2.060685557793183,-4.516972234720506,-4.196828417655471,-4.528943567907038,null,-6.7270993791738665,-9.944486363233597,-8.947921171129344,-9.375272531028404,-10.200746629902275,-6.185402731315918,-5.548180541173441,-5.121748795901443,-6.245308502808603,null
-4.790756023280305,-3.622933120695312,-5.786559278264244,-4.870076305015992,-5.226016517227926,-5.770881993788842,-6.803726375683937,-5.709621830072589,null,null,null,null,-5.724216736244413,null,-6.1075434975010445,-7.031089345245208,-7.1171869408987725,-8.123296463365456,-9.092756664327379,-5.239787341646845,-5.559784298284679,-5.998352806986756,-4.8235344302833685,null,-7.491263436782342,-6.6396719707309435,-6.55423502011813,-3.6473655961301468,-3.1467198828668836,-5.034987150392925,-3.95342955145785,-1.1442613152798757,-1.4737746844339354,-5.3322916771251485,-5.201684737512116,-5.329430934878939,-3.438753035043211,-7.273603592058303,-4.899287190248329,-2.6590134190635792,null,-6.959667281708773,-7.907243445797942,-12.0824638309873,-12.489048900441324,-6.8478295834221194,null,-3.624742707674341,-4.718733763674372
-4.099217974609553,-3.770128173078404,-4.845936763108864,-4.98400667306629,-6.1586073659168425,-6.108971092728133,-7.113322566779322,-6.512454765960687,-5.62718706894538,-4.197589687815187,null,null,null,-5.055407940062995,-6.334482550874314,-6.545682683484813,-4.695881041837432,-6.805739519491456,-5.840043720068968,-6.99868040699634,-7.627073719135414,-4.734220507788088,null,-3.1544695127882685,-4.368183994035591,-5.52252210923047,-6.702937428828285,-3.866369835325192,-4.116352405920274,-5.268884863286374,-4.415227976295868,-1.6561611243478844,-1.618929917007796,-2.017456938313635,-4.854744051241691,null,-4.808691490262104,null,-5.941682375042453,-3.778843519588812,-4.40252936197213,-7.602943628140879,-6.997195205890495,-11.480548549447876,-8.994597649257745,-12.110020709938029,-5.65360642405139,-4.037255953333695,null
-5.86136756844994,-5.655378224486674,-5.419872786467076,-5.862551019448014,-6.853702794321556,-7.069881140512316,-7.418074614629385,-7.183331010067562,-6.013362285999916,-7.040372169343376,-6.517013199423319,null,null,-3.028446887553017,-5.444779768237357,-5.1772734872048005,-4.582399502968686,-6.12406131862518,-5.350086954548947,-5.712733458394565,-6.1460525461592885,-5.184005674898701,null,null,-3.222063395080221,-5.868508047802093,-9.378873952731087,-6.412708756614254,-4.589365209813522,-5.304695357951843,-8.765691228725032,-6.301866560113059,-3.8615659701403686,-3.5938746366868974,-5.705284768681997,null,null,null,-2.666556799115122,-5.028302505692058,-1.5937613864309972,-5.068162043982819,-6.932417556163992,-7.704234430727184,-12.578672099676794,-6.8537273617465,-12.050562608897517,-3.387437438786081,-4.18421116316065
-6.341840764853332,-5.729172305392554,-5.841908335779309,-7.269237869987851,-8.792638514510271,-8.421892806233512,-7.839633439519589,-8.35173252258388,-7.194893614055803,-8.005217303309879,-8.725582598517642,null,null,null,-4.338768084035535,-5.5709645071253915,-3.331937413725786,-3.935885543048978,-3.774185885632739,null,-2.8756370246779226,-4.067898202573584,-2.4935256235947945,null,null,null,null,-3.979660830913655,-2.4323709273902487,null,-4.291583191688806,-10.031793109200416,-4.965807658902071,-6.446262653588208,null,null,null,-4.604759005588155,-7.2432288809160195,-4.010364753191136,-4.894297463257868,-6.632787545222612,-10.08082144150759,-9.74418665544758,-9.966028814524392,-12.950416498158543,-8.28573173407653,-12.166630991757325,-6.208693535089477
-4.280492360161811,-4.401976208667869,-5.918356092282795,-7.992448055885486,-9.563420701032946,-9.764595460847948,-9.455970761580113,-8.482250442707763,-9.505868460497915,-6.923662122198152,-9.564673079562944,null,null,null,null,-2.931902937913512,null,-4.07332355595683,-1.7387991762491861,-5.117349539341536,null,null,-3.2995477239871263,-3.6263169669632855,null,null,null,-3.6832462880474672,null,null,null,null,-2.729414418727393,null,-5.692144485571095,null,null,-4.362766103641963,-8.980296429300346,-6.1811637022752155,-5.900570099758687,-8.888984074878904,-6.640580330582965,-5.844036081495836,-7.812102437201843,-11.209157528001125,-10.181237833357379,-10.110563926216557,-11.036441463179816
