public/json/wind_2018-09-1521_700.json
{"header": { "discipline": 10, "disciplineName": "Oceanographic_products", "center": 0, "centerName": "Ocean Modeling and Observation Laboratory", "refTime": "2018-09-15T21:00:00.000Z", "significanceOfRT": 0, "significanceOfRTName": "Analysis", "parameterCategory": 0, "parameterCategoryName": "Currents", "parameterNumber": 3, "parameterNumberName": "V-component_of_wind", "parameterUnit": "m.s-1", "forecastTime": 0, "surface1Type": 160, "surface1TypeName": "Depth below sea level", "surface1Value": 15, "numberPoints": 4800, "shape": 0, "shapeName": "Earth spherical with radius = 6,367,470 m", "scanMode": 0, "nx": 80, "ny": 60, "lo1": 109.0, "la1": 20.0, "lo2": 116.89999999999955, "la2": 14.520000000000117, "dx": 0.09999999999999432, "dy": -0.10000000000000142 }, "data":
[rows 38 to 56 of 60, columns 0 to 42 of 80]
-10.248199483399638,-9.591493855564599,-10.998074139046816,-8.54658968058201,-9.496423909998288,-9.199835199130446,-8.373634176339126,-7.239018536497915,-5.910423125597341,-5.303717479479748,-4.246453592967715,-4.798914689684563,-4.762967330066699,-4.379779334677586,-3.3171239987782597,-4.651285079638532,-4.472837808330381,-4.2721811873625,-4.663031788497387,-4.0691892040497235,-3.5521376417541415,-2.971468812010454,-3.910552958473189,-3.5410567224178937,-3.1579747487380176,-2.914447851093244,-3.6757778886804418,-4.206071362972464,-4.676442368453973,-5.511986821360457,-4.798711661684147,-3.9793309283248814,-2.79408691365807,-1.7991655166002571,-0.06907697460788845,-1.2995321532565385,-3.2632143988292497,-4.75985222340216,-5.131122912361596,-6.1039618965860685,-5.8750070394450455,-5.823632296317166,-5.610765962634377
-9.598830742617663,-9.321279757338015,-10.42321558246851,-9.877433865847557,-7.614226621439292,-8.627792745195991,-8.382512801633828,-8.080416975922807,-7.360609548467578,-6.515947791687701,-5.85654897822096,-4.606327917360565,-3.1488220757898655,-2.603747627727703,-4.1288378589716315,-4.022794244983898,-3.4999918736299356,-4.403268716988083,-4.814901327031485,-3.986958993234528,-4.831168469258036,-4.878804773989057,-4.823546883248201,-4.365609027044642,-4.123627834978474,-3.7751690006487193,-3.119498968123524,-3.608960577843927,-4.18482290565317,-4.6077014916083785,-4.552228766365832,-4.695996421485224,-3.697302672589098,-1.9558898188344513,-2.2575360711643775,-3.92087270803816,-5.4016359769871665,-5.809409946289482,-5.836292264183065,-5.577175528409878,-5.846593263304382,-5.957629420483383,-5.800696415445035
-10.592969561984232,-10.262560494136892,-10.353542144736869,-10.268448045166418,-9.495209731804138,-7.517303862049928,-8.66982501981544,-7.792546475366228,-6.979373282132097,-5.633666681635837,-4.245799458341589,-3.3049116125317646,-3.308237829034095,-5.879147850885038,-5.504394860240471,-4.598415666796824,-3.0239844186040603,-1.2259400652033738,-0.9337325528039637,-3.7532343280668834,-3.1374434941450744,-0.7852151231959518,-2.3453121128915444,-1.425296237045957,-0.8141696917864139,-1.3803949664297628,-2.3537477869892967,-2.8222644254843887,-3.727662473860291,-3.8895062585014633,-3.408561935957026,-3.3597866994292707,-3.4158552686577734,-2.697281723982162,-4.174188434753203,-4.666071398003784,-4.6775471599431,-5.230929376196665,-4.974908044930325,-5.1491036992853,-4.784059993436815,-5.089189116058392,-3.884355806578891
-10.213014352196698,-9.978773725355232,-9.960669748748657,-10.255331753298961,-10.090849756579509,-9.681463715264508,-7.726494587127793,-8.28996298504578,-7.721072961660696,-7.073709996502604,-6.644723892268134,-6.738025667455763,-5.769378414235708,-4.390547172608266,-5.4156123762116435,-4.600824897057402,-3.3351234465385384,-4.25874958724243,-3.4859398474970806,-2.72956122183459,-1.714556498303161,-3.4510521817832336,-1.703605124709767,-1.0173748553059552,-0.8929329286648913,-1.3825032214212976,-1.9753697087290043,-1.1510130931026827,-0.6567338942469656,-2.338108748646183,-4.549508575939975,-4.256399790986861,-3.4763949125524976,-4.305652262178583,-4.504445034233527,-5.932110030832536,-4.834019351406831,-3.831252146856432,-4.438117761197874,-3.6350631721982736,-4.331930614149122,-3.955788402750218,-4.000307396630191
-10.054030534737922,-9.827561773182776,-9.494241270284629,-9.63437475097955,-9.705594376625301,-9.75217485278249,-8.554246012039735,-7.823401013913512,-7.820237782275804,-7.6847525494345135,-6.7060477968341035,-5.883443321762998,-6.002035868158216,-4.840719457285339,-3.7065952287002677,-3.7225485785203296,-3.0977321537788844,-2.614862060782092,-2.625382877124946,-2.305603609363408,-2.8434160636227395,-2.086537689111809,-1.4129497802494144,-0.9698992453356915,-2.4154619122128467,-2.0361316079218503,-1.498697125644421,-0.9550290949672104,-0.8055724350228467,-3.7652417426539264,-3.6401831250449592,-3.1945494921774737,-3.902782229389816,-5.594829891317299,-7.690227826927277,-5.613544279265572,-4.591166132949024,-3.7906090949298883,-4.274310025942056,-4.078225676890301,-4.3191691935281895,-3.042210435276243,-3.1269507800869776
-9.903343952850097,-9.775896927933644,-8.557635977785324,-8.736311491087305,-9.07922904854784,-8.830621060972302,-9.035638079892784,-8.397551532000392,-7.773467115409671,-7.446420815106593,-7.322554751205875,-6.746288531171724,-6.6021090743178465,-5.292514460369404,-4.610320315579608,-4.309667690972138,-4.976812431809099,-3.479395713840341,-4.630937633535876,-5.149995967454033,-4.707367083848178,-4.516396694104112,-4.072315928500898,-3.63396020434591,-3.3770397616787164,-3.03749251314319,-2.8547952982129137,-1.93095294955792,-4.227929926028081,-4.614837900660478,-2.8589832238186075,-3.934201096139621,-6.401900562966409,-5.808250554839155,-3.5773882195273714,-3.53920198525223,-4.475109361300521,-4.314815673952928,-3.1614273489923055,-3.696386501268189,-1.9232954442650687,-1.6735401795137652,0.006272600807873749
-8.279074146083806,-8.645068668193554,-7.753820240023764,-6.959578115515553,-6.99402405308093,-7.288401575657466,-7.3953811738810105,-7.160235133483121,-7.284439766123088,-7.503332735849904,-7.276304722864921,-6.661181272120902,-7.184950137174493,-6.622540830620146,-6.174924632408793,-6.47627974854648,-6.3068600331855915,-6.278239819609593,-4.707991249906632,-4.031167788740616,-4.184097511529855,-3.337581321819062,-3.231220073962019,-3.664944815995182,-2.7708815104398012,-2.104700997068119,-0.6144131097010374,-1.978297711899392,-3.6322114789868643,-3.523993459153252,-2.9127900547534566,-4.369687328809779,-5.064600065403824,-3.2721693745818836,-3.5577103107124377,-2.102346858905203,-0.9342637389511081,-0.7917452986406592,0.0646286063946564,2.4394732930133958,0.5539357998376685,-0.02730550902392906,-4.64388670442691
-7.386339010621164,-7.301341738812666,-7.6038464639400685,-6.621357148582601,-6.514335612498789,-6.2635379037312,-6.2832342349234205,-5.773219871168201,-5.653008630595263,-6.299818177348357,-6.696491960033947,-5.183860969715534,-7.563778371668884,-6.570538441297192,-5.1317952868063506,-3.777216627444893,-2.7178768876225354,-2.7162096518251513,-3.2778690675981585,-0.6218416507808401,-0.9520894826211856,-1.7198209288499626,-1.7970403171541436,-0.1910594051690804,-0.10530818620942789,-1.966837755268891,-3.313735090621942,-3.77965019417411,-3.639691812490867,-1.5928295255625917,-3.2412230644665203,-1.721068307164027,-3.999164578819882,-3.977074368995614,-2.3891086739187783,-2.761010526700605,-1.0644895639299077,-0.7013151354026758,-1.3816373565631996,-1.6738688320556485,-4.2445787935968795,-4.511900384550012,-3.5563451925212526
-7.2080257611681775,-7.179242409796137,-7.125362460640552,-6.897873979893623,-5.752333640232401,-6.075012870059339,-5.925747452944648,-6.208539025487751,-5.574046783014851,-5.601155810145149,-5.977264422823875,-5.9983272160841485,-4.272197358611516,-5.851195818955214,-5.158363077827246,-2.885172678433892,-2.180322630296804,-1.6633030314145452,-1.73114288187706,-0.5746171235368962,-0.9060929713716099,0.2625600103900225,-2.6493580293273347,-3.470701548253926,-4.771444058400181,-3.230823487521552,-3.701224372459296,-3.960558652400497,-2.128007437730562,-1.5078624262737814,-1.1580225256884102,-3.2118196176181972,-1.2257016082814203,-1.8793033874178502,-2.2528949379957064,-0.879701356143878,-0.41710732417345514,1.0066275675282461,0.32532583503575796,-3.1065006262147614,-3.303772002362193,-3.439591422730746,-4.912029523902071
-7.814672232012676,-7.9073153674428776,-7.35587572406015,-7.063522056305393,-6.765087458244785,-6.306704188332213,-6.777300165217174,-6.711698718414244,-5.981541437237054,-6.5306895096741435,-6.365816890698525,-6.671999295189493,-5.905493051842971,-6.9083601635632155,-5.984302032697817,-3.5362101185849517,-1.6127096869252617,-1.7931310367618587,-1.9736758036898552,-0.4203455873513532,0.28371957272215076,-3.5462430360744923,-4.625905765204632,-4.12763257022046,-3.4436371925033566,-2.6952490688395363,-2.0600062676968838,-0.9357943309213455,-2.009277629628521,-1.857508196160328,-2.4345225824103696,0.33325907389656945,-3.905239396457984,-2.5084713032541557,-2.101601585057879,-1.0380518481318228,0.492835707232799,-1.5380222776304695,-1.8435450166323277,-1.6914243729012877,-2.26718141843927,-4.26980275646682,-3.210491230164811
-6.8513810426225055,-7.76956509807802,-7.609924313144149,-6.877324835581309,-6.72520973971242,-6.969335545305784,-6.634134337177811,-6.719480424556019,-6.101352720867784,-6.193851417817403,-7.55279258209666,-7.851878833939587,-7.044639954739472,-6.408591743622953,-5.44679233163969,-4.840351624119386,-1.9004325721685178,-1.7144051511593896,0.31508135236655765,-1.6235070769908362,-5.750729486235846,-5.224544995656684,-6.391450866910581,-4.184266715031773,-3.3111557833969423,-2.8996422841867413,-3.120768772681508,-2.1654816473822978,-1.8669486098299588,-3.6304777939268567,-2.210551943634157,-2.60215016394112,-3.3994407444819013,-2.025153359533304,-0.5354286367417778,0.9453657144598518,1.228739612204918,-0.7440362619584994,-1.1513061699666667,-1.5080798291359436,-4.509698387072241,-2.5026187400709836,-0.26127812042452986
-7.067351207152425,-7.092047839883802,-7.635504922715013,-7.421499075968134,-6.491798415136719,-7.293635717846681,-6.879039339723465,-7.23595037325206,-6.449568275540246,-6.566932141152023,-6.60973254910098,-6.071923210168382,-5.401660027247743,-5.1402442405915965,-4.7777598870622935,-3.670165590479206,-2.4077687803687913,-3.430027454792362,-4.186412337361227,-7.034838036706882,-5.560725950666898,-3.7255351451812095,-2.2599593746528366,-2.976241181367328,-2.6996315177684314,-2.1694916148165033,-2.6680988119596902,-2.3448577837511904,-1.307126081073233,-0.39664305989389237,-1.8131037883555239,-2.7879219517464255,-0.9345592711511599,-1.0474533799567434,-0.3963611221162793,-1.6707143105402906,-2.052016809214543,-3.5306920884587543,-3.1332966960716835,-2.9374150216173627,-3.0283898650738377,-2.226705674693825,-3.0739419429967567
-5.814029550058611,-6.362926485879818,-7.384748779990846,-8.141308685171213,-7.633163502313718,-7.68856981778529,-7.7219894072101365,-7.153471951837602,-6.751069416035894,-5.569930034577965,-6.036659506032786,-5.386257828884587,-4.410541848794569,-4.835966169382752,-4.132899961775738,-5.534144976770378,-4.113489488295686,-3.6659247017456686,-5.063569874354428,-3.9481541801601443,-1.4606150581445447,-2.2681837589186404,-1.1217815151787336,-2.0068003800106053,-1.9869987223756165,-1.0112634191053038,-1.8457005920871503,-0.9618273777911979,0.9027605104798367,0.18339995448764368,-0.5095197313235149,-0.7714083239116323,-0.43022209368985004,0.6111354489649183,-0.39830192656883046,-2.4881699958449897,-3.424990827052454,-3.8628409647893416,-2.755365265978245,-1.924608474509616,-1.5480716841986313,-1.0997126725901603,-1.4705238115686419
-8.266040639422691,-7.370421986826376,-6.872090192755554,-7.028879335562561,-8.037622150469318,-7.611812716376582,-7.713098306977251,-6.835659506580651,-5.888992600385343,-5.514243625707499,-5.486000809371667,-5.912571530194544,-5.482980510975763,-6.003269402464867,-6.147900409966801,-5.940196989389035,-4.388539492511184,-3.4295837012199604,-3.396720275841849,-2.958706755699894,-1.2531043323173303,-2.470747682367352,-2.837036097472085,-2.7594488781846787,-1.5656350814976683,-2.6988414208372062,-0.665647689242968,2.4485942750677046,-0.904751896346938,1.6273468536862778,-1.7448195787177914,-4.203476431241149,-1.916899208024663,-3.3687916425838207,-4.163537979149,-4.633661961657941,-3.8149086051465306,-3.1761706241574394,-2.1949888094007743,-1.637334372495038,-1.0656403391600653,-1.2059540138275389,-0.20602134420354384
-4.9244816084880085,-5.924106992741926,-6.055505448022106,-8.82640180709663,-8.351174384050692,-8.085424200278906,-7.542816759641601,-7.43581862261663,-6.433393386234938,-5.848711245493781,-5.643943184978955,-5.463003473692379,-4.661013034859591,-3.543722739681666,-4.275653208161848,-2.5109814510639015,-3.9254808080133707,-3.277830102056362,-3.667403847753505,-2.6753405306152733,-5.633350953249289,-4.75601710350642,-5.1844294067012,-4.880852195287104,-4.557553477544767,-4.5659035757040805,-4.21343783335327,-5.17878614899666,-5.504851453310087,-5.574830583376674,-4.742823094895947,-4.457416305386249,-5.1029117023687816,-4.3701080907454175,-4.205683327893129,-3.1944813998617105,-2.22722861239753,-1.8697081239921551,-1.4618582341812174,-0.3957817448849441,0.5088086606285191,1.443002397103503,1.9767910686394758
-4.197611632533434,-6.081800654152877,-8.084295159553264,-8.105422946685767,-8.379947067164814,-7.647865630983824,-6.924972384308406,-6.651375162693348,-6.535502693673239,-5.141886962827555,-5.13636323575125,-4.814484562318018,-4.900914322644363,-3.576707749544708,-3.8796138085314036,-3.7138049766162773,-4.532600427106557,-5.512973006230169,-5.865507089985819,-3.9378403429265054,-3.4699626825009773,-6.485958573153661,-6.14681020226552,-4.957694317334719,-6.631019869561562,-6.225142925873717,-5.784951802800211,-5.397716238915785,-5.560154847378896,-4.648943799054261,-4.524483312480795,-3.5686068387264616,-3.09539930403011,-3.1974704758060906,-1.2938099914501973,0.2588500307475504,-1.7509631823033218,-1.5221432100195103,1.2281715376710987,1.0062983378779264,1.7178635613417308,2.2516821073574023,3.057281420609447
-6.025655802587666,-7.203371009098146,-7.341448585781502,-7.805003808913522,-6.125312141616629,-6.275198323859514,-5.572512075577304,-4.675203075702256,-6.752421024176864,-4.642972342943239,-6.834688995353218,-5.096145054911954,-4.734215229558657,-3.208691887121212,-1.5324649598710214,-3.277171839351994,-5.139624541182501,-6.068032771167658,-4.25662046835636,-4.980222896906966,-7.298626271584116,-7.596936026489146,-5.866118994255254,-7.266186137930733,-7.239491608473368,-6.037717230613003,-5.909394439430036,-4.778585455981804,-3.865455496723104,-3.603727705672871,-2.7509406996864594,-1.8377387983844873,-1.664531220041357,0.06269809308952029,-0.450022852067812,-0.32063943444942067,0.9172793931780021,1.8809293686655506,1.524032508248644,1.0741500819032812,1.8376509188364643,2.970640993662929,2.697425773180666
-4.406007305127269,-3.685413386910196,-3.0499349520330163,-4.531873073702235,-6.857622173351881,-7.316884534668769,-7.235242882097552,-7.8012265969867665,-8.159525683371314,-7.6422127134339535,-6.412649278861814,-5.433390249218989,-6.4325887118920155,-6.802848311522994,-6.496888970978492,-6.129296007684173,-5.667849911640329,-5.974654668666023,-6.038177531506047,-8.265499665949758,-7.386760920524257,-7.647171298707257,-7.4872594600555695,-6.932613559584322,-5.5040819132418495,-5.85633377924466,-4.2289216427388485,-3.346607917725322,-2.8063203471705136,-2.200527225038008,-0.8781528921180469,-0.4511617945939913,-0.4664427405189895,-1.7686032047484261,-0.24490374147632682,-0.31661106234794806,0.2289697072980751,0.10950698788450271,0.33173757751790534,-0.6482279097565488,0.5562038348875924,2.354174617803924,2.9827856571485136
-4.996183862323833,-5.225104040078559,-5.817541936030746,-5.512269498693846,-5.906325478943753,-6.42509858039482,-7.15222929181319,-7.632778230715544,-6.765045093888323,-6.190381851326384,-6.50675766614288,-6.329191127610376,-5.832871628627975,-6.587559475251309,-4.842130904817266,-5.722412077180463,-5.4260624707196925,-6.921061819374625,-7.445008525602904,-6.607905787673204,-5.055486808552007,-4.792400184262723,-5.071327947349263,-2.007710612779576,-2.4018265769714153,-1.641087393236577,-3.159467910046331,-3.8197298642881004,-3.750282542858808,-3.242929449227216,-2.533105853832057,-2.000169760562687,-2.266451777291795,-1.882251070711681,-1.193895041117106,-0.5884735033190833,-0.2746089889146098,0.003794246739978111,-0.15681932637806495,0.39728691994977317,0.8828193630321486,2.0095397717461356,2.656339341181905
