public/json/wind_2018-09-1613_850.json
{"header": { "discipline": 10, "disciplineName": "Oceanographic_products", "center": 0, "centerName": "Ocean Modeling and Observation Laboratory", "refTime": "2018-09-16T13:00:00.000Z", "significanceOfRT": 0, "significanceOfRTName": "Analysis", "parameterCategory": 0, "parameterCategoryName": "Currents", "parameterNumber": 2, "parameterNumberName": "U-component_of_wind", "parameterUnit": "m.s-1", "forecastTime": 0, "surface1Type": 160, "surface1TypeName": "Depth below sea level", "surface1Value": 15, "numberPoints": 4800, "shape": 0, "shapeName": "Earth spherical with radius = 6,367,470 m", "scanMode": 0, "nx": 80, "ny": 60, "lo1": 109.0, "la1": 20.0, "lo2": 116.89999999999955, "la2": 14.520000000000117, "dx": 0.09999999999999432, "dy": -0.10000000000000142 }, "data":
[rows 19 to 37 of 60, columns 0 to 41 of 80]
-6.5503688792967765,-6.426703421236648,-6.530596635679144,-5.321992858038406,-6.175776173797946,-4.786680060202747,-3.4170800160135175,-3.6975660340547156,-3.548387829599924,-4.12639206878035,-3.189415267178148,-5.6833109076814905,-6.25902778789749,-3.991222175646625,-4.50807976018463,-8.667052316688098,-12.476910072350941,-16.468605599049695,-14.108199887391635,-11.53520211215967,-11.797818820627771,-14.091753533296522,-14.70250171594148,-9.665963865014412,-7.213742824649588,-6.848864139348356,-9.380249827059664,-9.506803957190591,-12.897534768416516,-13.31923639506717,-15.32879385126558,-7.292107509997006,-12.390819230403626,-12.239680206953896,-12.227544758122365,-10.299849540350703,-7.30682768015592,-4.098784847534737,1.7334428804921105,-3.249873597026199,-7.01014117032385,-3.557838103208397
-8.626934691387788,-8.250165940246976,-8.858094736018582,-7.292410702900972,-7.728178374987596,-7.096486326272302,-5.56896409781106,-7.598510837871984,-10.078015598537899,-8.00416768970874,-3.584185763963623,-4.033726109244501,-7.013473516947457,-4.801028114027423,-9.679148016988558,-15.829801870331456,-16.68826258322363,-21.94302636901383,-17.79665681540969,-16.37335988346607,-19.753587291416665,-18.89963440332457,-18.720312372982978,-15.678985534193124,-15.62773600729444,-15.376974788656376,-14.344467355777951,-14.847320093160445,-17.35536247127118,-15.804935707226628,-18.217619707457658,-11.80994057450128,-15.68532976902761,-15.374701246403957,-12.876195723642475,-11.894709803170867,-9.090436088730854,-5.401287365180094,-4.305421952970988,-9.35055135694159,-7.11311873258156,-7.000930013427948
-9.514121991472752,-10.965791110522222,-10.541738468023379,-9.89776086983588,-6.746362920061284,-10.368846938975834,-7.25893376030287,-0.8276360774886915,-7.282461696179919,-7.97852401247397,-6.752313234221655,-2.99176038771398,-8.68362634242796,-9.13905948705978,-15.08577992419819,-19.44880334809748,-24.394471162600954,-28.209388185116357,-25.412859920195565,-16.240197404678174,-17.3522886654886,-26.522426277634466,-27.469091488212417,-24.59809102593608,-26.11671800529972,-25.761551828040105,-26.027271958779114,-20.968208128683088,-21.07919690231394,-22.079473243368742,-23.065602191401403,-15.740655667633137,-17.248896004141763,-16.07437423655073,-14.105980971018672,-11.672640401917533,-7.910611985468163,-10.3807750459624,-17.459755838286814,-13.492103087634678,-12.90097945457489,-13.911643149324696
-13.178763371017101,-12.896358863025387,-10.96891668626126,-11.437553718182475,-11.975466737640199,-9.9749829775727,-4.62855136150002,-3.3065131907177316,-5.274272338768041,-10.512125930027352,-10.501590015004226,-6.681685569439056,-9.640747652189544,-11.530845730432562,-12.425115308453615,-20.259810030065726,-26.62543017581465,-30.103179852256886,-31.849218812321617,-31.23075187248064,-30.243768778566217,-29.20231987902878,-24.41739870822573,-25.037287351265082,-28.74411338010777,-30.846607347327556,-27.909471215447486,-25.221152542113188,-27.212356142267687,-26.20995603934898,-24.696851972882452,-23.716394431950732,-20.233810747509914,-17.356079702364863,-11.33434826100072,-8.121117595252828,-12.188292881084744,-14.5016894392634,-13.954241970667677,-18.511766612755952,-16.476585101132166,-14.743558116599285
-11.241845989578492,-13.643037242878863,-13.664785567969949,-13.462835456599489,-7.944642085379247,-14.064022193615347,-4.2187280849604445,-3.1618758466906023,-4.07868419179947,-12.158889130684146,-10.080210170129218,-9.089784041518746,-14.361026775752473,-19.39576274193223,-19.31452888780874,-22.42608613743384,-28.250668204393833,-31.2650040209409,-30.1636007902777,-33.36535654053798,-33.07175588989567,-33.67272838845214,-31.257301066125486,-28.995032100544698,-31.33862194941286,-33.29891363083186,-33.621284426379184,-30.79375540020815,-28.51691713064906,-27.11506774626095,-30.12949067504788,-25.646493335899265,-20.10738105900378,-16.68114363111154,-14.714122919179786,-17.972012365851345,-15.921257567949931,-14.276376078774469,-15.634220004765828,-19.29986012927659,-18.349725445318164,-16.06633348301475
-13.720925505882771,-14.135552273383357,-13.876278928494354,-12.473198463409085,-13.579269327252177,-7.0939865472077726,-9.63006985477444,-8.315267266212201,-3.7518772088013774,-7.597821156301315,-11.05606803910256,-15.173854148564455,-19.253252745004612,-20.999473375913762,-18.9158115106443,-20.396226584609543,-22.196389860970676,-24.35541823901545,-32.78024378171424,-33.75046436570219,-36.362130307151794,-37.78653543385759,-35.34759459664947,-32.6199372989164,-33.914863202420094,-35.50368134039067,-34.649971838948,-33.35391399191666,-30.794049165566605,-28.577731985644245,-29.729501380266786,-25.45627102475442,-26.266529414242815,-22.170320332184183,-19.86971846742736,-18.71405578814791,-17.505241514272086,-20.98099816667183,-23.08478415201639,-22.83786008612435,-19.75674633755842,-18.21380972858423
-15.10285452150341,-15.000856665729055,-14.826438704361706,-14.323787286020089,-13.45917183016697,-15.112522439962117,-12.977013578621875,-14.179017694238915,-10.721859033137113,-8.998498725090258,-15.967961147082127,-17.459412764771322,-22.162322722838518,-23.57623397411092,-21.300278265685563,-19.403589049169714,-23.71204411163968,-24.56716382324086,-26.617878051549305,-27.813957696762188,-35.071031935821324,-35.77877294387143,-33.64543447226715,-35.99729228475565,-36.087245954704905,-36.97433339122021,-36.64682461845245,-36.40570957303871,-34.946878297988846,-33.51356289772028,-32.51713645022736,-28.330039556057603,-26.062384279968104,-23.97054334525045,-24.84618712442171,-20.146678512449377,-23.739399173070225,-29.233598099821393,-24.712298157237655,-22.296435165371758,-20.648898053043382,-20.929453673735857
-15.869673504586924,-15.529425243601764,-16.424358160411177,-17.386471000538222,-19.264751312993454,-16.47428797332043,-16.43167844261353,-14.042337092415103,-16.362987597623572,-13.61015035714453,-19.98774694444674,-16.529748788392208,-25.40230876440677,-28.736657276884955,-27.018912798840457,-28.396569258229917,-30.642715477671043,-22.6807306352188,-23.157150948346697,-28.08028754339056,-36.88704586962426,-38.24064518065073,-39.022533385558134,-39.02478895565789,-38.86507926838348,-38.92562264666864,-37.9090436630173,-37.417325503488556,-37.140616517982494,-36.5566085002104,-34.416150663348894,-34.328886373349604,-31.60148281068761,-30.075697775419755,-26.079553225684343,-30.416129794262112,-30.594171220671303,-29.034749979946824,-25.617306092371642,-22.573900676170773,-21.355165645517445,-21.324205047212285
-15.570508292003419,-15.559119728330389,-16.801643777083914,-19.367920928432927,-18.801117055571652,-17.885018691820427,-18.141765875142973,-18.452365206343437,-16.143952673839493,-18.314367843493955,-18.733472547231806,-14.7566413025,-26.84677674124571,-23.843058836255878,-32.330031840571955,-31.99138292680277,-28.75040767020801,-34.72934605056512,-37.16844458017831,-36.32210306027511,-39.884343371306684,-37.626595003794556,-37.101266025509595,-38.11138836058849,-38.19191872349711,-39.33981072336212,-40.11322454224001,-40.50207959793101,-41.50740600474573,-37.108207961291015,-32.83190444621909,-29.153186875849507,-32.20656410693589,-30.37866688632965,-32.45555666953161,-30.419885256733966,-31.211630083696225,-26.906526892996272,-26.58010149348164,-26.485273827875204,-26.042847038994154,-22.515993595213466
-15.40642974924254,-16.575886978118035,-18.16348277373547,-20.650692484147886,-18.589994797095212,-20.401943024754026,-20.37186025562952,-20.231869989668997,-22.67133914724035,-21.774598100868527,-20.58156244770017,-22.245993363037147,-17.78374441256163,-17.639584801330177,-20.09863644283285,-26.597924438409763,-29.866753615281514,-28.99075957477152,-35.86599428001724,-35.8024158347106,-39.01019725496423,-37.204003702323426,-43.25457444577301,-38.184968854228515,-38.945566876014034,-40.83240058716738,-39.83527562588257,-37.55043947664789,-39.26885748494465,-38.211100624396735,-33.136598265934595,-37.68180937084117,-35.46588535025389,-36.9351637320519,-33.74546664894307,-32.22214759516567,-29.0859473955163,-29.12903754274459,-25.419971062630815,-24.15780959841181,-24.727597601773688,-24.27847257106124
-16.00658891120113,-16.19186500807997,-18.03375313434008,-15.050103216598416,-17.95531610464142,-21.62178932689419,-23.201791096469528,-22.22899933502743,-23.15382023704263,-23.722748410787215,-25.609123706337577,-23.528178864036093,-23.9405728859763,-27.006002368832046,-30.63690834388688,-30.74561765014823,-28.398343243241108,-31.848091407624093,-32.93352563878862,-36.56832281895342,-34.95183730270925,-38.75964035557906,-39.88726474895272,-38.70971600711043,-45.29954439928906,-43.40764090469381,-40.020204108610656,-41.71550502794291,-39.54127423399726,-39.266215759954136,-37.995359986518594,-39.75703149731193,-39.399867128405354,-36.724193571996395,-33.62107216657675,-30.09018990998655,-32.64854131194559,-27.333441110719555,-30.307945607042758,-27.093690657138133,-26.93373457005411,-21.92454606307294
-17.10633434933368,-16.420546196797808,-15.103027159456243,-16.08348586989918,-18.539277854967928,-23.80772029812602,-23.708899518474944,-24.91878663914519,-21.62178830071801,-25.73981263787224,-26.05091329774426,-26.248829354358794,-27.114941209626693,-25.937715592490775,-34.799138981713384,-34.97099743330636,-37.08988063386832,-34.71824412905765,-35.77013500084267,-41.97002915401349,-37.41369163993219,-38.3770788140928,-44.28847471726789,-45.0894482335213,-46.93079816550361,-42.2699712254033,-41.53746362119389,-42.12875167387008,-39.32389016593075,-41.42616474388262,-39.42717213992406,-40.06331181263984,-37.52083118945566,-36.564600031922964,-33.029343373473885,-29.663902932807474,-31.72638733449641,-30.669697357397773,-28.941545232732146,-28.06883326134124,-26.744859506009508,-29.07590855875443
-18.70163720579491,-18.789226339752034,-18.821675832799286,-18.176480593605053,-18.143276768836607,-12.971956852049011,-15.581725840458706,-25.98195016539598,-26.265170135301535,-26.368804915912143,-27.81988592494438,-28.916180176094503,-29.677309725831574,-32.74534795461739,-30.28818145287444,-35.93641430983317,-38.09144767258891,-40.864419703119154,-42.200832905238286,-41.45542689325649,-42.62136300408939,-43.93422839088265,-43.26184668615524,-43.09883782737544,-42.07342601769736,-40.84943689314322,-41.59177987757323,-43.118780848782166,-40.37621139921622,-40.1786417362826,-39.29244431569061,-37.105709219030906,-36.18036642961021,-33.919530824477995,-33.25266335988903,-32.12570976181664,-28.247628581920036,-29.4749909510089,-29.47132151495722,-27.33701263443438,-27.649271696281136,-29.78665951059849
-19.85241496147101,-20.09244921240832,-20.322070022388104,-19.341186308637784,-20.623005860415667,-18.375870205114364,-21.35525929089663,-19.016268680199058,-24.782556606582602,-26.943869865716362,-31.391238173063243,-30.504228470603188,-34.23304407475156,-31.36416130522397,-35.35114306673186,-36.37826156592627,-38.06123093002295,-42.13521832529854,-41.4731593192242,-43.7889589644379,-42.24222362457632,-43.45539013569721,-42.07695730457297,-42.00288379703079,-41.48268507947243,-40.86494071513403,-40.416187295915215,-40.68509038631112,-40.69194946210279,-37.403417826871824,-37.363788580988675,-35.33951719453563,-35.77703749359854,-34.25536338329257,-32.85011448014423,-33.06936538172184,-38.43158167635895,-34.02113972466312,-32.085512277777774,-28.91351199817467,-30.463111449894065,-31.512351787951296
-20.038309209537257,-21.154759325136535,-19.637972075438807,-20.109692735376264,-19.481419491003397,-18.619018534790936,-19.0042553860046,-22.417429047242805,-22.31243886750212,-24.764120734527864,-24.78986963087739,-30.72138473161904,-33.88735700612935,-35.51999290688559,-35.26106837739409,-37.50546043620802,-40.146320960423786,-41.459789327135915,-41.62682820224568,-43.39375309715299,-41.78105022376777,-41.97338915975055,-39.73059137640369,-39.308745308520855,-40.60679344215738,-41.16298803884666,-41.75198848951215,-40.795298949462676,-38.11833790209361,-40.000828675805536,-42.258073652659384,-38.33724387578861,-38.82626494138181,-36.91995706011811,-36.730641069511464,-36.05179971382004,-32.36982569397274,-37.3197608058013,-33.502072960942726,-31.523024405092738,-33.41748329731121,-32.42681011899428
-20.64893516570138,-20.76359274563285,-21.275650843197635,-19.834859172092514,-19.62235685926554,-20.061398346699306,-19.50319128660613,-21.831375470515113,-23.61817112573994,-23.65281921166535,-29.119241356169965,-33.666356838843754,-34.80646664758339,-34.87262563663843,-37.20670564830842,-37.77339076041066,-38.376374366921596,-40.443612477973524,-41.908972037315046,-41.26180408169472,-40.20978024347349,-39.428400743476125,-40.51449125382558,-41.813498426784456,-44.00095113815314,-42.407748833178935,-39.329476025927256,-35.52643548656462,-35.02188739655268,-35.36735193856287,-38.29091908040833,-39.23558283452202,-41.26647906697386,-40.71355154355166,-36.87792746558315,-33.7087349803826,-36.22945524751707,-35.17822139334841,-34.958045390209286,-34.03262606920579,-32.77900675950655,-31.948366277105823
-21.560775353974897,-20.82771524941026,-22.05955861406677,-21.878290047646704,-19.677092789535227,-19.302336558497203,-17.199574373893537,-19.900232873135657,-28.266049202524695,-29.136543949296914,-26.34294851354685,-34.14724342588622,-37.529092475019546,-35.94075103213801,-34.73394142163765,-32.954883771861844,-36.20292034642967,-38.17934407518089,-32.672555440627434,-35.54388340947642,-37.52716026575007,-38.6830986721891,-40.45766147034786,-42.5893474739957,-41.91662053433721,-38.790345166676055,-36.11732806530397,-37.18100129742679,-37.9394154919807,-41.29547039852271,-42.68213835873752,-39.48431317472065,-40.64781657498134,-37.62669568467786,-38.088329559453314,-37.57691550638339,-37.89246102431516,-38.068096129761194,-36.01288125834651,-33.67236193751874,-32.52209808258024,-30.872837854034803
-22.19481245679067,-22.746374490695096,-22.816750695166238,-22.39435666260612,-21.02412343815426,-20.010899123776,-19.454174809817992,-23.05568185531903,-22.817412837674006,-20.796954035190794,-32.852690770649225,-33.655986784016044,-28.074017690825663,-33.395175106840476,-30.317032701611524,-30.901284405383105,-33.411094512395,-35.62742880976069,-36.29583894567441,-35.934971131092915,-35.84020057218728,-38.65257438418875,-40.70382639336496,-39.16509757010061,-38.12502892884105,-36.55512417988153,-38.854243916358456,-39.98839796936088,-41.06524576225835,-39.91616056429985,-40.10194919819748,-38.95985970886569,-35.33649891391805,-38.50051352718255,-41.58400364690339,-40.87006193932481,-37.83607333070536,-37.69571763064102,-34.753115242062876,-32.09417542381144,-31.977565956661792,-30.982547059451573
-21.74620391750415,-22.60709487161618,-23.886193336353433,-22.305532094073588,-21.91084341552128,-22.15952595773472,-21.893537091400017,-20.14976240376958,-18.629392544677515,-18.568389374243715,-23.469291203703044,-30.437164004202828,-31.054723561834656,-25.71720038792059,-28.78375063822665,-33.9326529558855,-33.4750072565676,-33.74096738476713,-33.22807352650978,-34.92098940698641,-37.12694529938131,-39.55219987811841,-39.8680493612771,-37.088665344443626,-36.04849382649034,-35.7083982995933,-39.82402666877796,-40.76750622028558,-40.108193119066726,-41.891763648810866,-39.72430039977813,-37.846483733252484,-39.216239380011444,-39.74762544040119,-40.5554216300241,-38.702236564931056,-37.09703023239595,-36.41206108089623,-33.88055358096752,-31.87866058189824,-32.51376880172124,-30.297888774982383
