public/json/wind_2018-09-1515_700.json
{"header": { "discipline": 10, "disciplineName": "Oceanographic_products", "center": 0, "centerName": "Ocean Modeling and Observation Laboratory", "refTime": "2018-09-15T15:00:00.000Z", "significanceOfRT": 0, "significanceOfRTName": "Analysis", "parameterCategory": 0, "parameterCategoryName": "Currents", "parameterNumber": 2, "parameterNumberName": "U-component_of_wind", "parameterUnit": "m.s-1", "forecastTime": 0, "surface1Type": 160, "surface1TypeName": "Depth below sea level", "surface1Value": 15, "numberPoints": 4800, "shape": 0, "shapeName": "Earth spherical with radius = 6,367,470 m", "scanMode": 0, "nx": 80, "ny": 60, "lo1": 109.0, "la1": 20.0, "lo2": 116.89999999999955, "la2": 14.520000000000117, "dx": 0.09999999999999432, "dy": -0.10000000000000142 }, "data":
[rows 38 to 56 of 60, columns 0 to 41 of 80]
-10.575582218397281,-9.050695085661234,-11.202480907766844,-9.693955236653398,-9.107352522499378,-8.864333740169274,-8.354411031889638,-9.061902501141315,-8.255164911461176,-8.9382475107434,-7.693771705789351,-6.86656712910419,-11.45458170513131,-11.220849806226001,-10.219457487229848,-11.884402768909984,-11.948752662489131,-12.587141643088454,-13.827728443883046,-13.523533862727287,-13.167334752178235,-13.338046375166673,-15.348678413693154,-15.032958489181064,-14.991480370644673,-14.710605585996078,-14.883169292942632,-16.23256787957737,-16.160383145652794,-16.753164156598864,-16.767112399099418,-15.839024128627248,-17.12246859675461,-16.920686863970467,-16.829438222262766,-17.09614686242597,-16.915383184815962,-16.655509506510132,-15.626119528768502,-14.810503093411967,-14.569147883713356,-15.425308717229306
-9.910019940824016,-9.876501728916697,-10.948682232274729,-9.561457924183777,-8.767512331041562,-8.705679294529736,-8.900351146728223,-9.232817147994629,-9.507208670059402,-9.520080768050583,-7.0354256542506155,-11.040443640422232,-12.284791515130706,-10.765227940027806,-11.37627714672834,-12.391153642923364,-11.471779908295849,-12.510449818221913,-13.759037685991832,-12.929225902557702,-14.261015100496198,-14.566099319464119,-16.639809345966704,-15.563010910363976,-14.970046182014036,-14.869963264892894,-14.949631389588438,-15.828921607453944,-16.320020737728846,-16.856688562847584,-16.955315614152568,-15.939909226854901,-17.269914345081546,-17.501135480733872,-17.042956002203496,-18.41085085297723,-17.506737859738806,-16.83062695279144,-14.837482416241652,-14.674830438711432,-14.89901447947432,-15.002424669613793
-9.481940218939403,-10.234173964905217,-10.66246471626962,-9.77397062513834,-8.861899614425056,-8.172916824467451,-8.9612599541974,-9.280792600424133,-9.022815152610683,-8.971927885070855,-8.767362941313708,-8.21458505679423,-10.013574018648162,-11.59575859179527,-11.465276612246841,-11.650157660320128,-11.45222622200534,-12.481590669315224,-12.361926947125356,-12.430856153561415,-14.07030023617977,-13.887959088756027,-16.347658392423565,-16.59292494193936,-14.900869643693277,-14.317417886492137,-14.874237622331872,-15.403829061196237,-16.21624303270187,-16.61535668323109,-17.16487330356815,-16.196412093005378,-17.027699121728485,-18.017825137817525,-17.537021582127025,-19.119837574453328,-17.815954608000105,-16.726713132411415,-14.977285198877013,-14.777638297163659,-14.84712628721082,-14.88032471126446
-9.764068872634203,-10.316709848054346,-10.382567291818384,-9.770831065190768,-8.172555029110839,-7.672760966741679,-8.11361298712693,-9.15182836385818,-9.298342133855227,-9.0601784542856,-9.562482499640415,-9.24631626003622,-12.051998215031588,-11.973131551856358,-12.12034247996605,-11.992447844216077,-10.924224911234859,-11.940592549392886,-12.592081349513412,-13.781741897393887,-13.299746962572938,-14.79322959930751,-15.28084939585999,-16.02149710317869,-16.252510580651137,-14.425630414565846,-14.643001179164436,-13.98352682387312,-15.52656582875259,-16.01939510175235,-18.44144295488725,-16.555223843757233,-17.104883398852444,-19.52736398338005,-18.265145912756598,-19.19592871081355,-17.50480355920059,-15.871529238438061,-15.880541872539935,-15.054245228568533,-15.55694964669559,-14.856228648333168
-9.64409838882533,-10.53402130076166,-10.040941045652804,-9.845969702044474,-7.846937927400531,-8.004728236687193,-7.981200783011574,-8.561964717928458,-9.27941378369102,-9.421216199625029,-8.868830708977422,-8.685386167033347,-12.336804917786004,-13.30201431887746,-10.4678930520337,-11.071749048090645,-12.280543399869698,-11.957919949884216,-13.013801498760596,-13.854231725947109,-14.383317122412784,-14.998857648463234,-14.700585136420056,-15.715881559523122,-16.626304220169825,-15.88092524926156,-14.433679607040759,-14.173994594213752,-15.194886972787312,-17.829724567672294,-17.551157373109394,-15.735586819278089,-17.749914923374654,-19.61335014563632,-20.413542245470587,-17.521843149795775,-16.832480646176215,-16.481474029784025,-16.042733916960906,-16.452286304201717,-15.209562608537581,-14.656488008062093
-9.893628286303407,-10.606249220801608,-9.906260318772528,-10.060434733322802,-7.733266474972135,-7.843967413051688,-8.112701744436137,-8.352020891502267,-8.917599792444449,-9.618621673159817,-9.047087917030542,-10.468610532054218,-11.94214826789512,-11.74980404760138,-10.735085379214919,-10.28013235980507,-12.71064725654871,-11.416449048421214,-13.4202916467718,-14.26337961699317,-13.349143577969603,-14.603779521022467,-14.787172560842931,-16.146298740504676,-16.450145664417526,-15.505926808255452,-14.399028184539898,-15.829005627749932,-18.05444279058971,-17.489332094844407,-17.94303163265557,-14.643972480869806,-20.47854485314386,-19.542112870714192,-18.628022706960156,-17.148585416242206,-17.555259763519192,-16.57323986056446,-16.905870702709176,-15.962300643458416,-14.983870756387372,-14.656908114408095
-9.739068433220911,-9.92841825399356,-9.217448697903318,-10.191229624980647,-8.220612227479128,-7.962546477105778,-8.264396619746607,-8.251901827588666,-8.928584837623955,-9.692452523063698,-9.80685748732699,-11.103694919977388,-12.817555058803487,-11.273472804868058,-11.174861230446783,-11.251294144712986,-12.985411105808778,-11.961892872016712,-13.581203029280765,-13.47521607893676,-13.541548042252305,-13.856768046864236,-14.043881053172058,-16.14522403171128,-14.981899472018663,-15.337402329155852,-14.39502959385312,-17.0123079009587,-18.08835088412854,-17.10967816134871,-17.926257377434275,-17.059950670292064,-19.93976956550687,-18.961741365944306,-18.097387235432578,-17.115973043056186,-16.618439968912384,-17.080673035371845,-16.928818747828114,-16.118372476199795,-16.454459065858256,-16.119840807978104
-9.236070902225455,-9.590119472631104,-9.68652489630252,-9.858955073080185,-8.740245315855256,-8.160451657753232,-8.452213088072963,-7.92908585941508,-8.503771067565022,-9.272790741402984,-9.967915761916977,-9.438896892807858,-13.804715601865983,-11.152495833981945,-10.603322741509723,-10.998011155067482,-12.425989965150512,-11.940259683254123,-12.79111082243657,-11.262239948875756,-13.76316739143369,-14.285842692241074,-14.371978042290591,-15.241291995661767,-14.313553250514783,-16.267943346280525,-16.273133458906074,-18.446619388639274,-17.505753076461467,-16.408070375401795,-18.441748865801294,-18.317271730475987,-19.599747712128487,-18.42003884938689,-17.74977714041966,-16.97506543712125,-16.9691543102172,-17.052550717137425,-17.50353024029264,-17.74414098213293,-17.172928310258015,-18.906196801271825
-9.197473023611954,-9.547265990086176,-9.042602151851357,-9.430223668078769,-9.728566792942116,-7.394959119094628,-8.60439967918648,-8.02296145911987,-6.812316057261427,-9.55403542995876,-10.742070933416958,-12.002103761816402,-10.828242763402624,-11.677787265118669,-10.666848605613248,-11.445014168814676,-11.37480232546663,-12.311605692286543,-12.157694299504984,-10.500961759435251,-14.428116574596569,-12.675104455600795,-15.78468836392468,-13.716299073496334,-14.36794334455388,-16.331645185061973,-17.37614784359348,-18.22439608286085,-16.581142394286353,-17.30451001299391,-17.61853885229653,-19.554511197823597,-19.155664566434233,-18.065159581120703,-17.1645428270464,-18.04449269003444,-16.802481007968137,-16.980314718889993,-18.018448912433506,-19.501083836247048,-17.958128149936663,-17.838042060351608
-9.386229261899283,-8.831316360327264,-8.429155524007887,-8.929524332588766,-10.301459444773414,-7.101390930755421,-9.275586832579435,-8.241080228869048,-6.285663513770864,-10.945553695077969,-11.10184770392693,-10.38278666436306,-12.32430467916264,-10.390904920668389,-10.043087955909904,-10.989421807315981,-12.04189757668743,-12.240936300795674,-12.645880931487923,-9.233822348056297,-13.563557268035286,-12.756828332033717,-16.556251969446958,-13.661301926206828,-14.222944341093285,-15.355991151222627,-17.640623655801832,-16.51571420777844,-17.447381023763782,-17.130563024919994,-18.449525336239066,-18.021794338538488,-19.072069008114987,-17.385218162230704,-17.29547217613406,-17.933157577748688,-15.743261123513204,-18.784105627781965,-19.78356905499298,-18.696856946055302,-18.04249833450298,-18.035784192732315
-8.586544667271795,-7.898946676748858,-8.264434500385786,-8.257618719660963,-9.933041839002254,-9.568904605867806,-8.483559968831871,-8.452360202936397,-6.593432900869979,-11.874842066093755,-11.323787397642915,-10.871927415675348,-12.834255018800853,-10.093279200552697,-9.509207262868879,-9.36758909737346,-11.113054297150567,-13.792181775808949,-11.497846070985798,-7.502986672907805,-17.434023965262288,-13.98188131968662,-15.504467064091036,-13.586904071969961,-14.202431675895319,-15.168371491672891,-17.13213709037835,-16.48922116108869,-17.048819280490935,-17.43564380950242,-17.65428387639204,-19.643044397579377,-17.68930941780021,-16.89596749985239,-17.179837956299494,-17.25867769373427,-16.858437781865216,-19.10980182008295,-19.34069976299783,-19.21573084729817,-19.673324242251407,-15.805494702603912
-8.358906400059338,-7.521727544550236,-7.205053672979602,-8.351444703233907,-10.38493384533669,-10.88011241126405,-7.273888720825009,-8.96969954924446,-7.098110936226778,-11.889750407147911,-10.947504628969195,-11.167241811083551,-11.110705694371255,-10.17469670198402,-11.185201166117634,-8.780925378668835,-9.301106274615847,-13.188594239484473,-11.41968518300542,-14.798086542123803,-17.428741102232486,-14.740572263973784,-13.540936177914999,-14.217534568794166,-14.783206104646673,-14.325944643083943,-16.12756400954394,-16.75840224686828,-17.32520460659232,-16.36238530774661,-18.378540070635115,-18.747144602713615,-17.871309715423745,-17.126127423425693,-17.1622388146727,-17.96800786055367,-18.66590664845037,-19.122633761679065,-18.114345236503823,-18.680329481281643,-17.259082538462795,-15.520014061760813
-7.538132149185737,-7.741198430126266,-7.853786925267931,-8.675658448180535,-11.118408387424228,-10.740256725970461,-8.59295318165329,-9.475772854484827,-8.429651896274967,-10.742129579160313,-10.71265563767436,-10.41486503708069,-10.550702500596,-10.577280215984217,-9.704739999324602,-9.381818789522267,-10.670849063263033,-12.420622738110477,-14.664225754463754,-14.685418404192225,-15.752479300432821,-14.9902061257573,-14.646648172540356,-14.5132219231701,-15.285863837035171,-14.446957026929061,-14.904073159741483,-15.594347023926892,-15.827970926218558,-17.742812768220517,-17.904390326991624,-17.716116053504518,-17.185661351656066,-18.49561425562423,-18.721368867896718,-19.20481453084719,-18.660205900151382,-17.886695695116916,-16.848069497806474,-16.78442795549996,-16.710540250159315,-16.20240487344687
-8.709779223074502,-7.572912983200932,-8.412274458824129,-9.311456051252671,-10.163823974307954,-10.321223033739246,-10.836768598007266,-7.54176792069504,-8.23427143307313,-9.850314948388842,-10.550775127436957,-9.61443667397399,-10.146749183613776,-11.397158683443253,-9.548569951983646,-12.115592804062766,-10.406675423569567,-11.982261135244405,-14.46026443516027,-13.848419357163813,-14.112396942681594,-15.814835290012784,-14.358381339684785,-15.182078802093232,-14.86531710539878,-16.082498487731748,-15.619755557415685,-14.318213210822075,-16.803402900802844,-17.510368400592633,-18.449771724516204,-16.918726463068953,-17.814711747023765,-18.65331672242515,-19.44777554142849,-17.719190082425857,-17.87605429040801,-16.36383093179315,-16.21801849420145,-16.004167705506305,-16.473060265116708,-16.598746009239743
-7.887353007906219,-6.1948082537760865,-8.21724738697072,-10.25358770663444,-9.743608924496595,-10.261169697735586,-9.578709817315291,-8.174956288814357,-7.6891221905795835,-10.324529352705337,-10.36705524972776,-9.522292642291161,-9.53292522313828,-10.228103401176476,-9.76843530863314,-9.837198172655116,-11.88669215953539,-11.578365005554819,-12.891701741189213,-14.771145821797775,-15.355090514314544,-15.17760226699092,-15.014365689549736,-14.1695153568615,-16.11148732290273,-15.732823976856123,-16.21953700040981,-17.49854077520197,-17.854495331028044,-19.430658413877822,-17.062682207851694,-17.01308508293027,-17.562016369156144,-17.04262906258527,-18.175266971443932,-16.812999863672097,-17.09563556888157,-17.416566373883303,-15.643214225260442,-16.66677751195956,-16.097988264687704,-15.795712286138412
-8.311321904233452,-7.426418840933498,-10.892852209611616,-8.646253447949402,-9.991161868704726,-9.718223143829608,-9.83513208186885,-8.079479958794982,-6.33814513734414,-8.699052425690038,-10.76496399231362,-9.166222541853191,-9.735247176310668,-9.094821588862416,-10.634515484543154,-10.375062592213538,-12.167025174851869,-12.340866032937164,-13.604578043695497,-16.003896809426845,-15.464662567516093,-14.209718925189996,-14.817920886868386,-13.650307369794596,-16.557733505981112,-15.03892872679434,-15.984532670159565,-16.088267933482275,-17.469820113596864,-17.6099407395926,-17.566396963972288,-17.71419267991634,-17.14593610543276,-17.06918512508668,-17.07364380962469,-16.5114191722329,-17.786747083540796,-17.8022759511201,-16.610865483552224,-17.39280775910688,-17.133359824628677,-16.596194860455768
-7.876813713597583,-7.839137764115886,-9.046121464652687,-8.058523661916423,-8.747188446952196,-9.62574346757216,-9.255472190375093,-7.5885220484769595,-7.674293023731718,-8.835130498765798,-10.60732903920126,-8.625501203822262,-9.162885938913659,-8.15520347468031,-10.549164169340383,-10.18294311713931,-12.550802603071224,-11.902508454942824,-12.619080978172027,-14.45675304368268,-16.51725071577034,-13.586745237629017,-13.625552240661394,-16.623997227789005,-14.759730131177715,-14.340073685502484,-14.580934951949708,-15.355294234681665,-16.287154859751006,-16.538793799223225,-17.03976860599206,-17.53402568684582,-17.63930172176078,-17.48909054884873,-17.578275839565258,-17.760898293305992,-17.07733910739998,-17.146233180015148,-18.395569906733552,-18.319140418685084,-16.604509991912664,-16.717397754733547
-8.203811559694241,-7.718746293168401,-6.839588685987289,-7.050673215002042,-8.193925922162133,-8.601258965911658,-8.374658568594603,-9.171530288722161,-8.275847083496881,-9.834978131967096,-9.90702155513603,-5.755004534644102,-9.529061331918793,-8.952439346363299,-12.966851150596323,-12.135404778270148,-12.025695246089185,-12.224136973775995,-12.857673575855674,-14.662894870696169,-15.836327701472774,-12.999394209771872,-13.455864317015276,-14.728932912330201,-13.30524227887486,-13.343354615086387,-13.370932246212389,-14.316538241659632,-15.39871293021028,-15.996701620325561,-16.100671176371705,-17.30157598870474,-17.805571492027394,-17.428375963567653,-17.864642910064877,-17.63710198670092,-17.363393386038496,-17.3725514897527,-17.642639700975174,-17.311867763826424,-15.410127457064576,-16.460481560705034
-7.807045159765419,-8.077496481934782,-7.690958932593601,-6.108283989931613,-7.379831695183275,-7.850429919876628,-9.066174621053259,-8.91405105872404,-9.407584751195209,-7.480260336188575,-9.192087924117313,-7.479935830617911,-10.736581610683693,-9.30132422645696,-12.287551172065742,-11.530690434250484,-11.982250385189062,-13.574372997157727,-13.68868385377209,-14.405897454010494,-13.651210771264125,-12.617415665549142,-12.965501321949096,-12.425428867630178,-13.373150267252951,-12.30346438477497,-13.540447148523377,-14.306500855643264,-15.27957089690079,-15.71958145547721,-15.983764598103829,-16.62100408727459,-17.30917043941641,-16.850488942870722,-17.062222447431765,-17.257759809301973,-17.14132597474484,-17.02323521114817,-16.619704100313406,-16.005353465454956,-15.051599651791008,-16.393911801123547
