public/json/wind_2018-09-1516_850.json
{"header": { "discipline": 10, "disciplineName": "Oceanographic_products", "center": 0, "centerName": "Ocean Modeling and Observation Laboratory", "refTime": "2018-09-15T16:00:00.000Z", "significanceOfRT": 0, "significanceOfRTName": "Analysis", "parameterCategory": 0, "parameterCategoryName": "Currents", "parameterNumber": 3, "parameterNumberName": "V-component_of_wind", "parameterUnit": "m.s-1", "forecastTime": 0, "surface1Type": 160, "surface1TypeName": "Depth below sea level", "surface1Value": 15, "numberPoints": 4800, "shape": 0, "shapeName": "Earth spherical with radius = 6,367,470 m", "scanMode": 0, "nx": 80, "ny": 60, "lo1": 109.0, "la1": 20.0, "lo2": 116.89999999999955, "la2": 14.520000000000117, "dx": 0.09999999999999432, "dy": -0.10000000000000142 }, "data":
[rows 0 to 18 of 60, columns 0 to 41 of 80]
null,null,null,null,null,null,null,null,null,null,null,null,null,null,null,null,null,null,null,null,null,null,null,null,null,null,null,null,null,null,null,null,null,null,null,null,null,null,null,null,null,null
null,null,null,null,null,null,null,null,null,null,null,null,null,null,null,null,null,null,null,null,null,null,null,null,null,null,null,null,null,null,null,null,null,null,null,null,null,null,null,null,null,null
-10.682256753552776,-11.029103398746136,-10.903708025026356,-11.0068005668133,-11.061664555653813,-10.864178775249446,-10.982375826883183,-11.501347788392632,-12.359256236594625,-12.950345099307746,-13.20875925241717,-12.610118890782593,-11.346165512886628,-10.852127519494596,-10.626277139768513,-10.619603645222568,-11.210215050794726,-11.364093545620008,-11.94578500528039,-12.85646049716198,-13.448941493678044,-14.201547839247803,-14.730616591916109,-15.368057829936483,-16.34765488550581,-16.933823355633375,-17.846140962080476,-18.440725762481023,-18.013982996845417,-18.395896685729824,-17.15939478019983,-17.610964144735,-17.80611064116235,-17.934369990426784,-18.03716951326803,-18.278940593423517,-18.371810571571153,-19.072270486000498,-20.143823131624096,-20.355430154916192,-20.460072565210208,-20.89264509998146
-10.448798001382936,-10.714905235884284,-10.299915993983555,-10.551876658434702,-10.681687974571366,-10.976533999706472,-11.17461623163048,-11.273590335954143,-11.77658326364848,-12.3656500670302,-12.657827631984471,-12.558749036775676,-11.598225325418984,-11.473922006538734,-11.006643116105788,-10.859947053984834,-11.339031856720554,-11.677276712596441,-11.561153348781968,-12.368735816579209,-12.81934581070407,-13.616788033288504,-14.68433825973382,-15.379628103925409,-16.00526778479832,-15.954182650652104,-16.097784910673056,-16.713598851264408,-16.984057634685005,-18.331717422314714,-19.82631668859889,-19.82424827325497,-18.38868403885474,-17.642623320034353,-17.012088544137157,-17.910931916328224,-18.733197371582243,-18.467561019298678,-18.991934489244784,-19.508603556275887,-18.313589479158843,-17.96357479980381
-10.308903520674122,-10.427692988299162,-10.301455263420644,-10.428165294483268,-10.924929997326728,-10.997542404231789,-11.21739461505776,-11.601452636803645,-11.921597073644293,-11.791117367591378,-11.900391523308343,-11.919435864741317,-11.663625968315145,-11.212012065361439,-11.260254588266028,-11.255806511424463,-11.737616924451496,-11.949090316351066,-11.89190711333438,-11.787624479471686,-12.402126928068121,-13.419878892483165,-14.312100392793226,-15.217966706504104,-16.135857244473954,-16.388784812636754,-16.78054206360406,-16.610064688432004,-17.524188846783847,-18.280121397101617,-17.42234455753303,-18.866827618668736,-17.780117460861582,-17.790538395524212,-16.809341634661887,-16.450010362362807,-18.1579075037093,-18.766003298615924,-18.08059994553412,-18.821774260114545,-18.43937508160913,-18.024040309059256
-10.54189892272617,-10.659018863530267,-10.531121561234997,-10.654876307346825,-10.969047475065555,-11.031216387339176,-11.243375588199353,-11.486433363984816,-11.539942478659063,-11.864142382143227,-11.648360554618327,-11.746031589641102,-11.018924165801781,-11.013336795351256,-10.826746883611182,-11.259830354047654,-11.344482111248743,-12.138741761527626,-11.86393021675865,-12.053463610728002,-12.299530480087983,-13.147770834779502,-14.250790459028428,-15.142979327250078,-15.931001646664296,-16.1612290713554,-16.289087752754003,-16.992848513557703,-16.547992834149255,-17.159144925801918,-17.248752668856337,-17.809919060624914,-17.73914156388992,-17.930918628685276,-17.609181928988523,-17.65166764777473,-17.352668628185736,-18.070149560272085,-17.330255210584202,-18.851700065957242,-19.03091613504476,-18.63244060230394
-10.943588973108344,-11.004503070951904,-10.986934749952436,-11.06582908492715,-11.203489189569389,-11.199683156938066,-11.199662284953538,-11.490438394701682,-11.116202599317457,-11.0657589848773,-11.14764790545514,-11.302342136369184,-10.947194845642201,-10.620128469018733,-10.63777111040368,-11.127064701420133,-11.486047716463169,-11.674268182665713,-11.723769790625557,-11.956958423811285,-12.337122084256968,-13.20832209857382,-13.79604076629347,-14.942971408528361,-15.56995206614068,-15.614431983506982,-16.535137905418797,-17.131367761224254,-16.852205323304155,-16.600506640041363,-18.831387035372586,-18.81462555716628,-18.104574787082097,-16.828785643293138,-16.83227153426704,-17.285702048662483,-16.829915775109516,-17.2760172550966,-17.143278098543178,-18.194562244320082,-17.66109309853112,-18.307312528701377
-11.083772312140272,-11.319917027524815,-11.385155707109153,-11.23127073676387,-11.231911841737404,-11.185207429663837,-11.221401153887674,-11.235059863786725,-11.33964065132772,-11.226179083180403,-10.93703561593902,-10.93271343323598,-10.995809081815448,-10.8828846046635,-10.668333208456824,-11.472967391046538,-11.894081981983401,-12.019664417073844,-12.366276518973585,-12.467247783867542,-12.491753241098653,-12.982674831782862,-13.181938217272789,-14.180250212738626,-14.75220850903475,-15.622939420028507,-16.171086801473866,-17.02443765227705,-17.08334833114298,-17.400350569260958,-18.171050104644415,-18.18187521388838,-17.485404912264368,-16.462052281777915,-15.88063393723581,-16.482961231437834,-16.589871036884666,-17.233571460913552,-17.548009919082,-18.227504654595585,-17.75743736174691,-18.186639682182513
-11.313565177376484,-11.65768351971197,-11.639404596177966,-11.387569230089504,-11.163602788155423,-11.202552717729402,-11.189601121672723,-11.457954978660744,-11.721888796837407,-11.492812649470057,-11.076334702072534,-10.923331563861707,-10.864976128895478,-10.367547891742214,-10.66782743985711,-11.181550203426012,-12.3267713090213,-12.580683138300447,-12.822655844849923,-13.238323175648622,-12.813688652823341,-12.79522109714144,-12.690902236507943,-13.6697083016727,-14.563174543779724,-15.573298981731783,-16.2353345439994,-17.41917471813768,-17.565389917906604,-17.443762470661838,-17.098390427448134,-17.798296289394774,-15.837332287020521,-15.405760354264784,-15.65267269197661,-15.53422421702064,-16.464783374195466,-17.05942736534186,-17.92620346810692,-17.960173857933707,-17.673332357638994,-18.982635714551385
-11.720306174001522,-11.877625055882728,-11.691995275652676,-11.445934116709243,-11.103287007307797,-10.807712685956657,-10.76690083953053,-10.733130468283068,-10.93482280469008,-10.070250880211777,-10.180022365641332,-10.42974598864001,-10.488203154679182,-10.541455080240135,-10.784199261254928,-11.143868378744758,-11.087322384634737,-11.985181164049912,-12.830894478425733,-13.061354545660333,-12.849263714154464,-12.857274999007506,-12.924938078183834,-13.887180186913957,-14.720539552111173,-15.616577164022729,-16.480292824266737,-17.508549791607674,-17.293370312530335,-16.544451421682744,-18.071736824521,-17.739944963848952,-16.640504375569932,-15.82037271372872,-16.149845519339795,-15.378857056702348,-16.779723734960733,-17.022394830676504,-17.526834668858164,-16.86730513142816,-18.990382618806215,-20.01952581941867
-11.778702880268861,-11.834567691565372,-11.900092368119546,-11.379209198840138,-10.749578090937678,-10.482884536474026,-10.666918137205624,-10.843084474284403,-10.91948629458232,-10.447043350149627,-10.189054556476263,-10.36990186722086,-10.282574989986792,-10.4670033922199,-10.594723919531091,-10.655444398243215,-10.966308036836342,-11.254014253638678,-12.133285788338295,-12.787481310066045,-12.751470621067831,-13.181612202528651,-13.608472816301632,-13.928994395202084,-14.553359959640876,-15.236512396160723,-15.649256540123066,-16.704207425021476,-17.460156033385154,-16.41687809116453,-17.70806578650623,-17.666982553749012,-17.18724294717076,-16.164724369467812,-15.37615132783864,-15.320365776568504,-17.062114982826596,-17.54199653138061,-15.830885203414741,-16.99230936246711,-18.506444897809185,-20.39036899221563
-11.902882179707508,-11.950874440510521,-11.702039086402754,-11.069303650857183,-10.974576669949517,-10.585809293240413,-10.54763757966912,-10.688182250020578,-10.699489899896648,-10.896829142117465,-11.094971664249567,-10.629796798374967,-10.426026659063098,-11.056273347338443,-10.795737389191672,-10.526249923386155,-10.538221712260363,-11.120325668282174,-11.563709813619061,-12.520026925779213,-12.970923209010182,-13.541495822336243,-14.320750061007116,-14.658856510628205,-15.096272175098104,-15.09083394015394,-15.634971736210698,-16.522401276373085,-16.379309010940588,-15.958630617772005,-16.521496274738553,-17.171048243828988,-14.228714961412349,-14.869060178613719,-14.395819468986375,-13.67584812522587,-15.082929126606054,-15.674525235663072,-14.639192000717717,-17.742448342835548,-18.75361260424222,-19.49816658683377
-11.911705736364862,-11.66945256565965,-11.486192862253134,-11.283184678622352,-11.049292078154567,-10.50989607710781,-10.290074355048466,-10.444778090883482,-11.186048201987356,-11.842301884473871,-12.12386322789657,-11.172247813162876,-10.781570424461023,-10.674439930139162,-10.156693605597852,-10.197143316404697,-10.866037496489607,-11.540935030757941,-12.477886330129428,-13.603444963543806,-13.918190049516014,-13.222963953007165,-13.456511555563171,-14.30525664392472,-15.387363835522045,-15.455135435044552,-16.509347543982724,-17.642254197208143,-17.613490934906892,-14.436866943390543,-17.463014556175285,-15.919262645271871,-15.715829115341018,-14.917395553484008,-15.313633087439634,-15.137964761858004,-15.290098863895263,-14.845253085849142,-15.573681193837679,-16.983536044056887,-18.326001953326063,-18.86497080308486
-11.667213236815073,-11.797432938762585,-11.708467103400066,-11.287219531924686,-10.856988837869984,-10.443346645208248,-10.044583032564425,-9.848087372299045,-10.76361903196051,-11.449031599512214,-12.132930320949166,-10.561013804941997,-10.374553837572176,-10.31935943297579,-10.517825401055248,-10.638673279094919,-11.047138803914786,-11.534036651945751,-12.603202917014169,-14.078189393406937,-14.872333459258549,-13.251017243639955,-12.87791837665345,-13.45369991708914,-14.308562126733534,-15.152464569579081,-16.23854423391036,-18.128616023922014,-16.43174102163147,-16.510136433159854,-16.229003558741304,-16.567377246805783,-16.282641165935487,-16.26103706497358,-14.507530942465184,-15.080036463973512,-13.473965210983852,-14.758154064634201,-16.429875957313495,-17.530245528972127,-18.10006498299479,-18.496730583957152
-11.793013818773229,-12.103692580601216,-11.811384054335015,-11.512823277125142,-10.953821396567442,-10.749098640677115,-10.439200411675479,-9.907004544666346,-10.722149867057826,-11.344623385561988,-10.616027816227058,-10.389955047643822,-10.500958907647282,-10.979199160424498,-11.61590963191493,-12.171984643992236,-12.89788823205552,-12.573100572272146,-11.980231420356464,-13.078963554420465,-14.529182014027853,-14.499219057611135,-12.316201315344491,-12.198869747174168,-13.929769428506564,-14.257312238446705,-16.917518665673906,-16.88371199233323,-17.117864053392964,-16.380894621338367,-16.30074939637925,-16.157935154120345,-17.394881650284916,-14.862260565335236,-15.952301287062742,-14.745778823014795,-13.215886096277107,-15.76676312370002,-17.065781053087523,-17.598732524835665,-17.80465203925945,-17.898556026001486
-11.860975550167892,-11.74945354701817,-11.774058785817612,-11.33762189129601,-11.42465612610934,-11.30062932965485,-11.1110973629637,-11.659406167248742,-11.28565200898114,-11.345495293322363,-10.189835598065146,-10.198422476311958,-10.675868950354216,-11.451000218537118,-12.355067020135504,-13.077928496002443,-13.741440748947438,-14.362963291460368,-12.973803351995187,-11.785005954514611,-13.563565209986454,-13.881353337657654,-12.460814739179716,-12.87294979231696,-13.082720078195106,-15.1234072361742,-16.752580135036055,-16.678206056131064,-17.18393573476135,-17.88555374048136,-18.075709214759176,-15.232116473876223,-14.75863359900109,-15.395882079750374,-15.929339205261456,-13.214674173455538,-14.128237892112136,-16.80922928174516,-18.25787419239876,-18.803101042947688,-18.75032378219659,-18.246735556343644
-11.625206613748116,-11.160630802420854,-11.451370211781864,-12.090944689668422,-11.816904149592313,-11.281623913907715,-11.591573277516154,-11.308312028953058,-11.7073249109386,-10.93267006043614,-10.234724876068919,-10.35326205829922,-10.924164373481975,-11.540789291718779,-12.194677848103396,-13.071973566315975,-13.809427838229178,-14.284215265216416,-13.220120598963135,-11.563321576975444,-12.231751100610008,-12.36032671367402,-13.052718888213336,-12.742472179542546,-12.376900387048504,-13.890236816889812,-15.34151724794156,-15.627946681908508,-16.907572966474362,-18.40600635483661,-18.355342490649903,-17.255796666922155,-16.988400067346916,-16.76918834307696,-15.900794650385516,-13.042454875552885,-15.09792362642985,-16.51232095094616,-18.1943956368346,-19.679528039440395,-18.834781238038612,-18.530093854341875
-11.351545423511416,-11.572709977679699,-12.134643816232346,-11.650697946018607,-11.910453269300945,-12.261152208902502,-11.596324671913457,-11.165875037205488,-9.95835354163337,-10.569254879896231,-10.526433590154717,-10.681850152624262,-11.269172763073396,-11.777325109204579,-12.363319086749897,-12.738594092549942,-13.404564047196168,-13.388536212655225,-13.68120116677621,-12.729706994945884,-12.056672148139866,-12.39700889960858,-12.658999916566717,-14.50852244774688,-15.025626808748122,-14.656760020000405,-15.41950709774314,-15.867663827849984,-16.639700708896488,-17.417892308690405,-17.66298436308504,-18.57358324540196,-18.35438432287949,-18.63444883418429,-17.037932981884293,-14.118451632048657,-14.428911153012077,-17.144521787822587,-19.77578755168508,-18.755885448555848,-18.274098862819052,-17.121627595939156
-11.842642990308736,-12.046859391040986,-11.987129437433474,-11.668447582190668,-11.25540375082576,-12.226134951960823,-13.61767992887448,-12.402188382001262,-11.601787836923009,-11.130225365661511,-10.554898271632993,-11.128074716122942,-12.141063426440219,-11.84866485117043,-12.310632909838901,-12.867075336464193,-12.777618240331408,-12.960876019004106,-12.717432463711086,-13.398847640588038,-12.710410170677573,-11.342880144881748,-11.420712916616846,-13.187818331528806,-13.888933299510908,-15.550577657562496,-15.73065151318248,-16.297533049836087,-16.437637706452648,-16.39123361924417,-16.307605191037656,-18.001521130454638,-17.968834126341395,-17.2900571129286,-16.921626133488456,-16.08083589910489,-16.730391693804503,-17.0545524301532,-18.667193785897613,-19.640013311433172,-18.11278667335657,-16.347388537053455
