public/json/wind_2018-09-1516_850.json
{"header": { "discipline": 10, "disciplineName": "Oceanographic_products", "center": 0, "centerName": "Ocean Modeling and Observation Laboratory", "refTime": "2018-09-15T16:00:00.000Z", "significanceOfRT": 0, "significanceOfRTName": "Analysis", "parameterCategory": 0, "parameterCategoryName": "Currents", "parameterNumber": 3, "parameterNumberName": "V-component_of_wind", "parameterUnit": "m.s-1", "forecastTime": 0, "surface1Type": 160, "surface1TypeName": "Depth below sea level", "surface1Value": 15, "numberPoints": 4800, "shape": 0, "shapeName": "Earth spherical with radius = 6,367,470 m", "scanMode": 0, "nx": 80, "ny": 60, "lo1": 109.0, "la1": 20.0, "lo2": 116.89999999999955, "la2": 14.520000000000117, "dx": 0.09999999999999432, "dy": -0.10000000000000142 }, "data":
[rows 19 to 37 of 60, columns 0 to 41 of 80]
-12.325343506872866,-12.763780926117253,-11.513832968229968,-10.993496185855403,-11.331535439077399,-11.693866277009095,-12.487968287728656,-12.481876134936645,-11.846539298468993,-11.411415990142117,-11.545626457026756,-11.650716730667236,-12.170632238555944,-12.603818409483264,-11.874723991824473,-12.257684175684096,-12.787857091610135,-12.68799830722316,-12.40489532747067,-12.702936566861174,-12.924517943173031,-13.328811660867611,-13.046487464389475,-12.944402844386925,-12.975366358330483,-14.474235384894875,-15.197473470572767,-15.601155580566651,-16.38410729881086,-16.741325888360016,-16.37915419980843,-16.20915087397179,-17.791777883601853,-17.889006477443946,-17.046322898625384,-15.870371773814284,-16.502037308373446,-17.81927080585493,-17.45896005814346,-17.549451296238566,-17.534532729473973,-16.793172027226458
-12.578888440495245,-12.555256543626461,-12.574671281907275,-10.551733555103763,-11.576129171033509,-12.97246129327478,-11.50059978779934,-10.654206572120245,-11.96834124488418,-12.172561599831159,-12.14188003900213,-13.228268785302536,-12.858974264261752,-12.265386962143717,-13.12777553108934,-12.27492607893843,-12.420541559787168,-12.685854079062729,-12.849618792122392,-12.404728266142007,-12.978198313579941,-12.247112899158044,-12.69716021168883,-12.10889768281863,-12.98672429616311,-14.121408061386001,-15.228324919995526,-15.615850164578143,-16.608711977982708,-18.557437195158418,-17.328553895982175,-17.425810366744464,-15.239062737546263,-16.309071238062078,-16.526117067159355,-16.392221728054615,-16.20997576501624,-16.965568709344936,-17.748049055017248,-17.230386689432628,-16.27857935405473,-17.218829562508965
-12.957654681832707,-12.33156903947814,-12.131547951734653,-12.725624745034136,-12.690768077264813,-12.546975713150992,-11.066120369416973,-12.708646890139766,-12.06651513024082,-12.011706479938209,-12.391789670198925,-12.568937018488564,-13.463159444801418,-12.66400516233687,-12.504001789655124,-12.756715996589413,-12.333829321279559,-12.648851436390009,-13.40765052206798,-13.823803992289921,-13.882298592318673,-14.530075003275883,-14.567146426126,-16.670129376847935,-17.012111444784573,-16.875247266496785,-17.621449935922776,-16.321357569181377,-18.574769431832195,-18.060410056210234,-16.57906013076816,-16.080980647462827,-16.708636584425278,-15.588681484670403,-14.292657678120083,-14.162876442742292,-14.824323673232975,-15.613081601914747,-16.641168627507774,-17.365369598996423,-19.146740223621315,-17.914368053006864
-11.671713102830473,-12.665214348728002,-13.26146811113829,-12.295991455242872,-13.487730321602559,-13.624537671028767,-11.967892175249236,-11.899054437092976,-10.560406861898786,-10.851829236809804,-11.976524611155767,-12.947615872795222,-14.194910754218371,-15.215458327716677,-14.016690335449876,-13.341562207065135,-13.782473216844497,-13.28282861980131,-12.738570329276703,-14.108046350206903,-14.223678076109447,-15.449089837092435,-16.648741090569708,-17.719573571405398,-16.78476702251522,-16.12549346619727,-16.12066272329455,-17.56250967469239,-16.332870775981004,-17.001530627145993,-17.68297090330248,-17.513558691500137,-15.100148534632812,-14.647482615860735,-14.767465288231389,-14.26180217718998,-14.275313951712121,-15.63343943893727,-16.793097948003002,-16.970671379074155,-17.14253224945246,-17.070995260542713
-12.786999149892154,-12.954880956298004,-12.522994204722817,-13.35239037286726,-13.502393627859398,-14.124368660473857,-15.16458246490878,-13.437910756263754,-10.123704867471098,-11.374480719789574,-12.14670255485626,-12.762356151634693,-13.219974598322445,-13.41657067692757,-14.030636353653472,-13.125293546713856,-12.818874530221855,-13.952120867291853,-15.726636825500742,-14.761643203952065,-14.92155570935629,-15.611135131094727,-15.758970045303052,-15.435622188929301,-14.91889733242266,-15.31925510148551,-16.510419250364748,-15.668171700661775,-15.576819093626163,-15.523403725272882,-16.046287146475805,-17.156368131199084,-16.733471296422113,-16.832447721103264,-15.577359968397154,-14.304157092422079,-13.986638299425922,-15.053029963587704,-15.766333903098378,-15.789163992069097,-16.20008977941516,-16.108570363893445
-11.680352123207044,-12.735442882484278,-12.947768097703904,-13.375139067246629,-13.314160728323117,-13.823516697217098,-14.327738421024167,-13.611808616388378,-10.87364592230692,-11.969580609457433,-11.359835645299281,-12.202148734464961,-12.890128713916251,-13.449372572114243,-14.117744873264654,-13.689103270040711,-15.006254627136679,-14.893597823356743,-13.771165607799318,-13.98841694749803,-14.909875455777822,-14.126484318387403,-13.939257264702018,-14.732367914562206,-13.344064132798158,-14.2362764479217,-14.697459785307752,-15.26282137855101,-15.317052041006143,-14.85639620290747,-14.657103990150944,-15.542258867597626,-17.359932283429718,-17.165471713560123,-16.139584009901682,-15.597290661399644,-15.036574645554282,-14.909300653188936,-15.175794495028097,-15.635524764451544,-15.766691372681397,-16.20154716064041
-10.870457229282582,-11.814475892796953,-12.371005509422625,-12.598594967465282,-12.802878072512955,-11.942808609955616,-11.63571016434313,-11.903277971923497,-12.073894198483861,-9.877418641394598,-9.890601465470686,-11.297788982055419,-12.257944098354773,-12.607709608409234,-12.697554843884852,-14.562788615990554,-15.981627823837329,-13.465045130057971,-12.02519059546652,-16.053844969116295,-14.679118876222033,-15.45516908431523,-15.821880367296703,-14.143802949265307,-12.566298829892279,-13.10287960807064,-13.134413243110505,-12.528542606667914,-13.636579228545827,-14.680037399619216,-13.800630168888368,-14.726250348922242,-15.442855134219567,-16.325285165705935,-15.960650019987204,-16.01518518640277,-15.567774452053452,-16.942902955538454,-15.523857271773354,-15.780379061699309,-15.55935458665523,-15.06885002530748
-10.66749268767338,-10.926774017862646,-11.151935475690385,-10.988249716602018,-11.41539453001308,-11.244472527565371,-11.390630057553562,-11.545624840697506,-10.252648616918526,-10.796821582412933,-10.796252612622755,-10.418046923466498,-10.427889060938753,-11.808530429571876,-12.866178559763606,-12.715058174037726,-13.285976097273888,-13.733741749039952,-16.229994503416545,-14.273813616009285,-14.06241109208566,-14.89298778562918,-12.925172377681061,-11.719461070760287,-11.992626926042458,-12.380217774581338,-11.899149180005294,-12.611059612324715,-13.453096298084112,-14.466701443217758,-15.143853227232892,-15.30365914260403,-15.574192585063582,-15.639510689188532,-15.515756713584857,-16.041865460023818,-15.84516398676497,-15.616636879281222,-16.077545361722347,-15.221335474384855,-15.303577966153874,-15.269071440129494
-10.25480681856191,-10.408852148387563,-10.804056348809569,-10.983269461742816,-11.236630365209164,-11.262568257515145,-10.623542177930496,-11.280007619923115,-10.848049874102454,-11.07444440019367,-12.00017729440101,-13.596632241752655,-12.505598534147996,-11.80950208712419,-12.39533346966346,-13.46274586069083,-12.98458822526287,-12.441656434597952,-12.172559129813168,-11.313258052802796,-12.7710970557734,-11.96587216978846,-12.662238459775734,-12.319539186752253,-12.236612596470215,-12.082326663974527,-11.950398616506323,-12.801907433196828,-13.493447467446213,-14.560969849033132,-15.170760414411,-16.159021739258908,-16.366588654362925,-16.414047505562152,-16.207473263229563,-15.243539718117223,-14.954642571567849,-14.995212814905836,-15.273900549031044,-15.248699720001213,-14.681768175343596,-14.923665239249884
-10.549770751152687,-10.124211544043833,-9.763709363514304,-10.83546637702993,-10.896725495664406,-10.764257272223505,-10.896320366241953,-10.247883258125675,-9.984559070459703,-10.323995616489892,-10.111848899209676,-11.677518445021104,-13.15063336808327,-15.321591067652701,-15.625377548931002,-13.229190082948964,-12.359061680258707,-12.982727647881902,-10.581707119862102,-10.158484152813331,-8.648403681308785,-9.6975761526411,-11.269665592750474,-11.912066436247597,-12.860582835789574,-12.609334407838396,-12.409867574097156,-12.966152609355422,-14.047211381438586,-14.620307644693723,-15.090315576703066,-16.561894980778746,-14.727355586425672,-15.065483158493292,-15.470974533236792,-15.647300076657888,-15.126787698753809,-14.687319458217624,-15.172939734159154,-15.359307858509222,-15.055779398986882,-14.72031084869632
-11.867307260365623,-10.46759464338622,-11.14521390300904,-11.203187426057326,-10.311572251995278,-10.306677971665687,-10.014749687602137,-9.783876516451201,-9.539427009884639,-9.368433191556617,-9.918173201394245,-10.792616178481943,-10.283771109459858,-10.9755423272186,-11.799181018987886,-11.678809278653345,-11.949633331659198,-10.660398002319972,-9.73150839193095,-9.660673917094456,-10.73712813781383,-11.877698698264782,-11.744173866927405,-12.756488903984202,-12.746637848334519,-13.612975207604876,-14.612252273764277,-13.904997659649535,-14.811052718079953,-15.029226328923512,-14.946603010726612,-14.268229509065943,-14.954996148968794,-14.130567458402943,-15.080336307091697,-15.115268424342801,-14.07408256317813,-15.659686363061649,-16.23739782355501,-16.035847220803486,-15.198536723064787,-14.84363954217981
-12.192543424712001,-11.633112479710777,-11.40076261526232,-10.949043659578308,-8.57107498083054,-8.567033296258554,-10.06027211353739,-9.423963674637655,-8.876862695402057,-9.179612515349412,-9.499609616063568,-9.421884114105245,-9.294566949278883,-9.180433048247304,-9.701388036856603,-10.135111743552525,-10.668916054103246,-11.055982424798753,-10.849333510098257,-10.564975075467068,-10.691757179923298,-12.264733887124414,-12.796174520570734,-11.666895991068845,-12.344884672037328,-13.217666996509601,-13.520388431827286,-13.821965483652793,-13.248401261736559,-13.706868321765375,-13.554594311742573,-13.489607785193144,-14.192879183071542,-15.487269445920509,-15.288234123812488,-15.213179928509295,-17.94376303140753,-17.17681477160971,-16.05484491336439,-16.32209655647304,-16.040704750356383,-15.71828460501598
-11.931913839213808,-10.64989146716622,-9.766891085994137,-9.961182398034259,-9.517906792160478,-10.583934144014481,-10.815519160477505,-9.228826957711657,-8.676600129642301,-9.167541347733808,-9.71528314823734,-9.31825035121767,-9.012054700581604,-9.73767920819813,-10.060729039387,-9.829590926377376,-10.33102385933028,-10.423028357417154,-10.577281543763299,-11.507934837142741,-11.257824721285985,-11.410722998158628,-11.505322434702077,-11.945343337591694,-11.690035666091589,-11.985565498212702,-11.763515766596953,-12.334907154410338,-12.861317591000983,-13.673205370668112,-14.46391409347313,-14.583839295606111,-13.9354904398621,-14.32592390577356,-13.837149436050863,-15.576612147768817,-14.570250297730288,-15.721740314311216,-16.234871028439976,-16.242605473930684,-16.500093536448716,-16.293305615377875
-12.888797931121385,-10.515119037627873,-10.630595950575154,-9.275099136675601,-9.612301760657656,-8.830257285711506,-9.299558624801803,-9.087443509094106,-8.146056730235365,-8.706108675324288,-8.081934821855613,-9.23013189964245,-9.298335230991011,-9.36089190798932,-9.875981126485733,-10.846747135963371,-10.405145332342322,-10.089526421473414,-10.870822774384138,-10.440630109235306,-11.058483926653203,-10.839432508954193,-11.517601884998363,-11.868100963480785,-10.858298663963215,-11.507846504836474,-12.895864212857584,-13.5881190910177,-13.222675470522036,-13.14568532399862,-14.521823963992365,-14.597226588731399,-14.316868933131813,-14.54248927663806,-14.890511617130933,-17.001450479750613,-16.67449485953946,-16.361415470621562,-16.37502439779683,-16.459792035045204,-16.526427155184493,-16.586294521469704
-12.682202417032785,-11.880115411563638,-11.38965667349009,-9.014954583602673,-9.518859182599162,-9.915388005959839,-9.226929851842778,-9.255311361038569,-9.558177535488781,-11.882987472061355,-12.976455101520049,-9.826416613736601,-9.145152673434898,-9.254877336469033,-9.00206020372453,-9.6472395565148,-10.126324344886495,-11.194677841355906,-10.754742741768627,-10.236456522149448,-10.561340538155838,-10.61802740058485,-11.184346746096066,-11.873972732597434,-12.326066393649008,-11.981433641766097,-12.136747132342164,-13.454993418971885,-14.990502544484508,-15.394401925518638,-15.036625597375176,-15.217348249774021,-16.470768725762998,-15.773092954420836,-15.773567918651965,-14.632433936013381,-15.144807659578372,-15.905952324136935,-16.900506224726414,-17.03658638443658,-17.074060444321706,-17.15956700970513
-12.315905326382115,-12.845772893492946,-12.465357117371145,-11.888297361579633,-10.140765691279539,-8.826832697553723,-9.301409632040567,-9.02193576437988,-7.79807500461777,-8.598964490234723,-10.459145944674349,-9.497638840167038,-9.213649525621765,-8.681967718146403,-9.178455039209481,-9.914037103363867,-10.674860888453264,-11.285209812363806,-11.373218707822424,-11.008211908736188,-11.517811819624304,-11.623793372692395,-11.724251545475546,-12.23884521303004,-12.106895213308542,-11.739642018816529,-11.942269146485362,-12.822194467850556,-12.149459126195303,-13.34975548398573,-14.477696587798258,-14.8005704401536,-15.535481357839684,-16.29981160153918,-16.267749101819216,-14.8420301224325,-14.608319040071402,-15.506167035568021,-16.109569543046895,-17.605266492545105,-17.698708850663447,-17.884124090999848
-13.011461924022782,-12.242521846423985,-12.169159341783203,-11.725845727768515,-11.036342030943967,-10.450934025418364,-8.7059796154976,-7.33220207426362,-8.68472910653953,-7.909208108231017,-9.938428150601945,-8.993354206133375,-9.224060841439556,-9.72197774908891,-9.793929184587139,-12.221321363960222,-12.020959048048752,-11.740042684887555,-12.622479966488957,-12.951722921485018,-12.906271468128464,-11.348075520757757,-10.742023196603846,-11.316664779587567,-12.500360803800529,-13.7843901756233,-12.531402074570952,-11.99274630001534,-11.975323576351865,-12.556267211907846,-12.561073555265859,-13.607477573390629,-14.276391514901585,-14.658720489568065,-15.388314889102315,-16.51878003832787,-16.488526427739757,-15.712926574437445,-15.98835382203747,-16.95556979644693,-17.291162065353443,-17.30298311878867
-12.733411641231886,-12.376202550936565,-11.906368944606715,-11.727458161901213,-11.384246821759044,-10.838457626846369,-10.947115890196592,-8.826780275863586,-7.995787197193402,-8.48681209457847,-9.432351469965463,-11.477981325673124,-12.369446750283277,-10.647539554775799,-13.338864462245866,-12.560213171617338,-12.419067528483804,-12.340964302883787,-12.476938249435467,-13.631851029565642,-13.526804867819724,-13.298064512519332,-12.351267940939838,-13.529849201582984,-13.125215398852328,-13.043764577693025,-12.130026736574635,-12.41552881314073,-12.081309942315231,-11.996495758561435,-12.10166878056183,-12.843462309606801,-13.444672499700669,-15.04905963021977,-15.688333930218537,-15.384974837176088,-16.49137786223825,-17.38638135373998,-19.348449454999983,-17.312233789713666,-16.34732288840589,-17.37276012709138
-13.911958123522474,-12.018755226328592,-12.034164073767899,-12.093321974935401,-11.161057583543775,-10.924099446548652,-11.94840746402415,-12.606226082199173,-9.54656417315563,-9.980917088354158,-11.683732024584703,-10.47241246701666,-12.262988103737948,-13.600374617782364,-12.24553281999108,-12.361945304634151,-12.411206084217886,-13.496981005655984,-12.93134386872488,-13.236795236362141,-13.067241821859728,-12.470230976470663,-13.214567118317262,-13.870786688350838,-13.192236729533258,-12.616025602822468,-12.470510297242363,-13.419745138340065,-13.145496712627228,-11.308600100958628,-12.898762423846724,-12.804471089372324,-13.746576862715429,-14.530293898980624,-13.890855411840842,-15.959008833928511,-15.760795996251263,-16.00075390679827,-16.39967633630716,-17.946555007110465,-19.633256468655034,-19.74846766687329
