public/json/wind_2018-09-1612_950.json
{"header": { "discipline": 10, "disciplineName": "Oceanographic_products", "center": 0, "centerName": "Ocean Modeling and Observation Laboratory", "refTime": "2018-09-16T12:00:00.000Z", "significanceOfRT": 0, "significanceOfRTName": "Analysis", "parameterCategory": 0, "parameterCategoryName": "Currents", "parameterNumber": 2, "parameterNumberName": "U-component_of_wind", "parameterUnit": "m.s-1", "forecastTime": 0, "surface1Type": 160, "surface1TypeName": "Depth below sea level", "surface1Value": 15, "numberPoints": 4800, "shape": 0, "shapeName": "Earth spherical with radius = 6,367,470 m", "scanMode": 0, "nx": 80, "ny": 60, "lo1": 109.0, "la1": 20.0, "lo2": 116.89999999999955, "la2": 14.520000000000117, "dx": 0.09999999999999432, "dy": -0.10000000000000142 }, "data":
[rows 22 to 43 of 60, columns 0 to 48 of 80]
1.7286680153749674,1.3142654323217784,3.572061776944502,3.046303022716568,3.0665931773902972,5.568803142379083,null,null,9.367062772047246,9.519601450522591,7.831521953853547,7.237614964505058,null,null,null,4.780696816621126,null,-0.49059598255634457,0.8598264531957089,-4.365238696433449,-3.4339548541166716,null,null,null,null,null,null,-15.568741727420415,-20.643600812819596,-26.32443319808646,null,null,-22.241907983689288,-22.595019496986836,-21.34059535297581,-20.21840535728649,-16.99135289341814,-13.594245085244943,-17.15995861897894,null,-18.766211834859956,-18.252442554818384,-16.79159543335704,-16.840311813417536,-15.048823094664623,-16.725561548443444,-15.581000692407272,-15.071679916334595,-23.145533121114248
1.9517274124555581,1.8283043763426026,1.900289334610435,1.5244518393191302,2.7468385518677954,5.164488379123562,null,null,9.248397735397536,7.777367338572557,9.604883530674698,7.57281569318956,7.647191864463089,6.502526129666066,4.377676831140466,3.0667865254561177,null,-1.7940777931637326,null,null,null,null,null,null,null,null,null,null,-25.10240968957021,-29.063152024285557,null,null,null,null,-21.409710791315355,-20.072856145736775,-17.010102877028416,-18.027485617620485,-20.262589972579114,-21.030661647056405,-20.101863342280843,-19.267101236328116,-19.144476377271843,-18.567394444405622,-16.857849844785516,-18.01232227386022,-16.38845305707818,-19.636313760178023,-22.44568768518114
0.627271734858825,1.1059998298823515,1.2497409643217077,2.4633957630185908,2.6861211113386085,null,5.125352174178481,6.426448218490685,null,null,9.291713344411681,7.049894076869123,6.233246904591325,2.444357652212919,2.8302181232489776,0.5699171812325843,null,null,null,null,null,null,null,null,null,null,null,null,null,-29.461312394349186,-27.41309455599661,null,null,null,-20.322859077876746,-19.239598778902117,-26.544355883810116,-25.81136737593968,-24.119311753997188,-24.514138704036064,-20.878501617767718,-21.300490175079833,-21.441515472883,-18.180531187434312,-20.06417774121127,-16.713035625710422,-22.87139832703004,-22.480381438456348,-24.17215208739919
0.07669492953617692,0.14761017176217825,0.9472109940358359,1.7579378182803003,2.3376310409800736,3.7452656406528186,5.699167840190093,5.216943940446576,null,null,7.299810950273998,4.837003486257509,2.552814801376954,-1.1906154985175756,0.8487302427214208,null,null,null,null,null,null,null,null,null,null,null,-27.796831908769988,null,-26.396365320534642,null,-28.20474072874161,null,-24.635740969472245,-19.895548157822038,-25.474428633177872,-30.46292711160711,-31.071049257479004,null,-23.201021616611833,-22.57318647908923,-23.931529731337704,-22.318156504614272,-20.020522345594454,-19.11264325236291,-15.98815048443511,-24.336497919546538,-24.387955140884053,-23.459610332167646,-24.88580734658745
-0.1783812170977399,0.09497357887464092,0.8492842783588697,-0.5001919156678072,1.1297127673454312,2.735159171141244,4.327545108542644,4.9877754224073,4.869064555695077,6.109203112738749,6.408649080287201,3.7059933202225266,-0.936814692714325,-3.870381571282912,-2.03924983060502,-3.3883909040106643,-3.631330896376212,-3.64805625688192,null,null,null,null,null,null,-23.049724134922936,-25.223374643962746,-27.964883617257378,-27.100704695475056,null,null,null,-24.33931837830645,-28.606141101988396,-29.346029930260144,-25.883844896059646,-29.385005183568133,-28.81800504529271,-24.386519693588014,null,-25.633592827669638,-23.637781459289428,-22.818176587274813,-21.243267142712153,-19.17215472172573,-23.412210512498362,-26.52662539032588,-23.84224202284782,-25.74530733466841,-23.433640772916892
-0.4012945682052834,0.5009248765093841,-0.7882801162085621,-1.1913195042912028,0.39496889589300954,2.6251581794774337,3.4384287635230653,3.6480670320145987,3.351508447883902,4.8452469342835975,7.1338440123994875,4.354030839553146,null,-2.058211285975227,-5.159018122303822,-3.1360309098617676,-3.9418778576495193,-2.3601860611272505,-7.813511258664516,-8.937199366012017,null,-12.777732924849591,null,null,-23.06516534824499,-26.79759540872031,-26.9238305624013,-29.889759847367895,-29.079704444505403,null,null,-25.36823183112758,-27.543234539295522,-24.670164294910414,null,-29.256917919476148,-29.47139066326624,-28.849140430029077,-26.388320210722767,-25.731506658729494,-23.047328161641104,-23.35022866649578,-21.08020703011977,-26.006443643913602,-26.777098699377067,-26.95005649968619,-25.071119484245813,-19.836168689412894,-22.003346036445933
-0.5158109156341536,0.1187936052619543,-3.0412145336427083,-1.463289268878756,0.636143732259811,1.775625905009025,1.3710394673308821,2.3544826047866456,2.313421033896968,4.0005177220081665,2.8792066298809535,1.5117334402731115,null,null,null,1.2934759459872711,-2.2358810414599546,null,-8.536608215363305,-12.049181250493303,null,-17.848217069591563,-19.494156745746963,-19.18448108839301,null,null,-21.4256452204411,-26.220817749912325,-34.9764272955663,-31.263440762570863,null,null,-27.41864633278086,-30.27722397050249,-33.11916363512281,-30.96884358940536,-31.07507875964832,-29.412069965349893,-26.714883914450013,-26.856203454918848,-23.235474136400363,-25.111061796805206,-26.0659626707331,-27.03236102470189,-25.469061444383055,-25.2430020721106,-22.96619314388907,-19.783330734499152,-22.728764072061423
-0.5448708417226977,-0.829981793637556,-1.3191675852728793,null,1.729963529826029,0.24163181351336127,0.9548493592700549,1.3757825435545918,1.8672997377256697,3.087939878772827,-0.9243634251058586,-1.7540930607992662,-1.7655826805195787,null,-2.5335708708201996,null,-5.27373602923051,-8.248255299608598,-8.21541259003357,-10.663160651149731,null,null,null,null,null,null,null,-28.031363981280563,-27.148654699483757,null,null,-28.742879885082154,-29.96207319497323,-32.33481722388298,-34.18631212411094,-33.064040155035435,-32.01194271981211,-28.236946185990252,-25.216843894910564,-21.279471230072655,-28.45746277145451,-28.147089823121846,-27.434615781706448,-26.482598566537746,-27.832129050102186,-28.905100541371517,-19.64824562360308,-22.795980826130396,-24.152972708196728
-0.5343097563641583,-0.9286875369556803,null,null,-0.1466355861821631,-2.016619984821181,0.35268191455613634,1.2589662019694685,1.4831961852399433,2.38545698177916,-4.347905288378178,-4.107392269172356,-4.28737422713669,-3.5525586010989567,-5.1487060165546366,-6.605108619085163,-6.9594223385949725,-12.65510602514566,-9.98460293436589,-13.572516623493913,-16.49032513515195,null,null,-22.589868944980697,-23.012990845933242,null,-24.435965136094932,null,-25.493944505956556,null,-27.077454575297555,-29.464943493560078,-31.694146118026055,null,-30.02954544435475,-28.17280735072042,null,-22.68726656558197,-24.581781547554996,-26.906088473286562,-27.82697507228846,-26.887680454891534,-26.06437389196538,-25.92500194890374,-24.816546362751286,-21.463002452147677,-22.360441168463353,-23.03128490645391,-23.44709968234487
-0.767287336851103,-1.007613427056396,-1.4266080694404697,-1.1567364197180066,-2.4627123322023516,null,1.2650984067071949,1.5085362227837418,0.8785794567141842,-0.6074574350480492,-7.595731935817164,-5.971930274092269,-5.502756185835079,-6.44689074204403,-6.682999693778571,-8.383533258936353,-8.018697778747372,-10.577754405615451,-14.269982867798253,-12.964861262130112,null,-19.635682189278157,-20.951145522239266,-21.617730503779814,null,-21.89554856086177,-27.836053694348774,-27.500598792418877,-28.831768494498696,-23.58778156288394,null,-31.64876018717608,-30.308473109854297,-31.333159338991475,-30.463131006906455,null,-29.141105897997182,-27.999688367541324,-29.997877209597114,-29.406392122141348,-29.721695678617614,-27.779001098894156,-29.32828588443018,-26.719622439485846,-26.156587247079145,-23.144209221209977,-24.914856865503697,-24.25240990364107,-24.851790596993375
-1.2281159000789965,-1.4047716194457995,-1.3150882773017145,-2.0613869008724564,-2.5739919188924065,-1.617977893915965,0.45674333048905325,1.4170623681255787,0.2584830254935956,-5.288504348316697,-9.687784540026934,-6.536110254353774,-7.405765087604111,-7.903724043786389,-8.048996474732354,-8.751127175682058,-11.295116384408823,-11.79849395310768,-13.548428956785783,-16.23443563192398,-17.56053287146775,-20.553731605919427,-21.016396793812888,-21.852331826063033,-23.837065906878188,-23.981125234687475,-21.85789533688145,-24.722537354833815,-27.888459742493833,-31.359852301755986,null,-31.72404148116321,-32.22379736699962,-26.191003118688634,-27.98970707252616,null,null,-28.427341222725673,-29.791334815167332,-29.1296378648756,-28.75801415255161,-28.803845441418453,-29.800877100742042,-28.99949264532697,-26.987252168039213,-22.88994831350232,-24.23673465569838,-25.600274664351694,-25.445939815218562
-1.2349569151546467,-2.866777300874245,-1.3053859786953557,-2.2000299774987777,-3.0588922777927485,-1.3234138637608481,-1.4838041161665996,0.07873579673878275,3.8378116778472102,null,null,-5.851193663908895,-9.025480901139291,-8.68754582437912,-10.791757957913404,-11.743771756379758,-13.055205402990074,-13.737518778148127,-15.102454093017952,-16.269707456233018,-17.45186963008967,-22.631119405836216,-20.831454679441894,-21.17373027291676,-18.201715983002973,-23.097321302684744,-26.133334477760872,-26.05599289050112,null,null,null,-30.92746537008526,null,-27.312436967613234,-28.229037070260446,-30.261978004738552,-28.30614954872454,-29.98261432411019,-26.3871453200047,-28.04381649899151,-25.83306126091034,-27.373985204042885,-27.942026896149322,-25.52976419758821,-23.290460129073644,-26.54500062520724,-26.323156432233827,-22.08536574033093,-23.852523330841123
-2.084391725847103,-2.2819446705104807,-2.116925143851375,-1.7444480720120272,-2.775789946292333,-3.106393881021667,-1.6374198470701467,-1.4795995923013474,-1.9055713543125727,null,null,-8.863656043479171,-11.169961824023872,-10.775810208372311,-11.90902652882466,-12.883288914727961,-13.016682016499326,-14.528455047288531,-15.738173681056566,-14.442136064334438,-16.099726205377277,-17.09529830243695,-21.871534369264666,-22.54383509185626,-24.165073055308486,-26.62568784970015,-24.741717735315888,null,-29.14517846122157,null,null,-23.437057708501012,null,null,-25.90900522240441,-27.68970140190369,-24.340584384407876,-26.341422506741313,-24.225044398877028,-22.287593461898414,-24.35274778209413,-26.69896562938967,-20.679733527091276,-25.503844239432944,-23.58426001242334,-24.913209976864614,-20.887303562918355,-24.252555951013605,-20.7669303039081
-3.2185830611158965,-1.8932547979538619,-2.3389393005411128,-2.287525007525791,-4.121533316943352,-3.57251399525911,-2.4550835753118623,-3.5028491715002317,-5.513331341853643,null,null,-10.733632469414278,-13.563187453014683,-11.841008050535054,-12.6709927994354,null,-10.902751918857824,-12.789670848774838,-13.937617621370446,null,-12.75811068089191,-19.2795541407747,-23.751402419680865,-23.070916092002527,-23.29810049460325,null,-22.965430616037022,-24.07287245566096,-26.815933487360923,null,-22.674671441757408,-26.01820291679644,null,-24.731183804803322,-31.381108109355996,-23.611281044118847,-20.454877955663484,-21.507753574538647,-21.323915295319875,-20.422321959841845,-22.6495929559386,-22.820981639787423,-25.590955511415498,-23.026925620196508,-22.768243041859346,-23.18529511742598,-26.960007473155102,-26.2718526769548,null
-4.468083561019343,-3.1348142198147873,-3.733334465480405,-2.7059736820421456,-4.012770767705332,-4.417663985811827,-4.5959301244011685,-7.308766627503697,null,null,-0.6801176285205377,null,null,-9.98362308294169,null,-8.665825035309664,-10.339288339671548,-14.101643845180583,-11.528780088657676,null,-10.978415220691355,-18.760693563566186,null,null,-15.583523614764916,-21.7770783000999,-25.666963362923322,-26.813169037847302,-27.944249847397565,-24.901058725969207,-27.193637157250137,-26.783457238519716,-25.42839126193919,-26.91669902936537,null,-20.589371706158474,-17.887783563248714,null,null,-27.873511869140764,-29.7097606751312,-29.366691151732716,-23.75782842601452,-22.88128240368478,-22.56590289099967,-21.255120592598885,-20.32774772991207,-22.691331348530937,null
-3.6645697869415748,-2.5278267626500925,-4.666410860831265,-2.5358113285703827,-3.098663705909111,-5.121546058468262,-6.782497794881966,-6.177864296074592,null,null,null,null,-9.889435833800595,null,-6.102421093960122,-11.178208225920944,-10.023752574305457,null,-12.038338773644158,null,-15.456750988105599,-16.484969503524674,null,null,-18.234847163029116,-20.518932130316053,-25.293155826546922,-23.250060152782165,-26.47584056077588,-28.954709876890757,null,-22.564936460433785,-25.989043199734553,-28.618874308479402,-25.921560613220908,-19.292606349705476,null,-18.93002513682356,-16.00543702427712,-26.583029790773303,null,-17.525913648831388,-25.848183062218233,-28.551222048472606,-26.97744966595158,-25.82910072203134,null,-15.498755197143943,-22.942323991655048
-1.99169657907827,-4.250902845507717,-2.7547493263299816,-2.4881740344713243,-2.5532369452434107,-5.627761011490829,-7.369797035541252,-6.572028812190028,-5.428355282393144,-5.320059396425326,null,null,null,-8.115898426918074,-9.234714136611151,null,null,-11.360576870079292,null,-14.735947018174231,-17.36961319153532,-12.309202215484174,null,null,-13.550684938488063,-16.207150744473658,-16.289638851856726,-21.597317413065017,-25.692050518146512,-24.872311333132867,-21.28225671224029,-27.221225501526746,-23.502788721472484,-22.99505054346724,-18.786928607544045,null,-20.317791922137133,null,-21.412600388344444,-26.768550320669107,-25.113003088836795,-19.00816461899968,-20.865983355663776,-25.03558692927627,-21.838719010636837,-23.936555051054277,-25.99381347874527,-29.118568637477075,null
-2.7849497257784104,-3.9435305892013446,-2.1009904522636296,-2.215582324720299,-2.9475556857437204,-5.89118735156402,-6.214219214999339,-7.485021090425121,-6.55367688298513,-5.377876294682188,null,null,null,null,null,null,-4.938464793959778,-10.44655566459259,null,-16.398996484421758,null,-14.649887649843299,null,null,-16.444908414458034,-20.738652500290588,-22.899708492401516,-25.876119123969467,-24.31206991013795,-25.27861352795409,-25.923870783680226,-24.60709960957694,-25.398209447573066,-25.669366607723195,-26.293019471475024,null,null,null,-17.222464300860924,-25.10468433390121,-19.531715233485276,-18.768331811087876,-21.74144448978355,-26.102013509499756,-24.316234719061427,null,-19.198011789131375,-22.47189804810181,-24.054147022827294
-3.3617461244509377,-4.191173812298757,-0.9752434185947252,-2.0788970791546335,-3.102379648753825,-5.73774478180567,-5.170753824455497,-7.721501083581336,-6.6554448103826775,-7.014799668108677,-9.726602791154683,null,null,null,null,-5.715647625804461,-7.551366003462872,null,-12.57121465404227,null,-9.688022685220453,-12.534170208466264,-8.355228363546283,null,null,null,null,-15.871988306663104,-21.033177916560266,null,-17.541909630311636,-26.28792574141418,-26.904118350034853,-23.42275627517403,null,null,null,-16.02284589889833,-27.021326326580123,-24.54078687285843,-24.28739197188242,-25.501965390957565,-25.7515926281292,-24.466272830999817,-22.098829482980193,-20.87431763446146,null,-19.744450058524453,-23.03138867533947
null,-1.812677862839017,-2.3557296288489,-2.4765851216019312,-2.610015086632906,-4.411657783983988,-5.307525327344148,-6.528264750903624,-8.282292144783344,-7.387854147826831,-9.82575914099563,null,null,null,null,-5.622998775724546,null,null,null,-16.87929518885629,null,null,-8.610455294854049,-13.702588674902504,null,null,null,-16.568354783526562,null,null,null,null,-22.6472923739158,null,null,null,null,null,-20.67605701932434,-26.173637813766863,null,-23.871245195018577,-23.91488513969738,null,-24.590301699832825,null,-14.512713804335068,-22.0328438224512,-23.62305065427759
-3.0009481714338246,null,-1.044145691849888,-1.8202123929136194,-2.8803933183293284,-5.118274247443208,-6.903177310724326,-7.03557558655051,-9.039335710354434,-7.87978472420892,-10.245154304804949,-9.66219337774599,null,null,-2.9423395876203484,null,null,null,null,null,null,null,-11.464572820743285,null,null,null,null,-17.34403813384712,null,null,null,null,null,null,null,null,-23.08543428910599,null,null,null,-27.332112207901353,-28.443159811383666,-26.805140432204233,-21.140521600369652,-19.56621325051389,-28.25531572406625,null,-21.889358440702296,-24.296486530738285
null,-2.6165413242657958,-3.7752386028206613,-4.385134986737432,-5.182649353872831,-5.909441907888402,-8.842368508226315,-7.334341050193067,-10.443460965401997,-9.37752733021268,null,null,null,-7.228776268431448,-8.237298874709355,null,null,-5.852421060226677,null,null,-12.338018270712736,-14.914848621319601,-14.020801092619113,-10.502269962942282,null,-14.95985607550943,-21.17419277321155,-21.469924644046575,null,null,null,-15.035832686166511,null,null,null,null,null,-21.12960286749393,null,-20.900954087449023,-25.04462633600317,-27.476754196542366,-23.807612919665843,null,-26.24443898009502,-17.703473305425415,null,null,-22.56830394110857
