public/json/wind_2018-09-1609_925.json
{"header": { "discipline": 10, "disciplineName": "Oceanographic_products", "center": 0, "centerName": "Ocean Modeling and Observation Laboratory", "refTime": "2018-09-16T09:00:00.000Z", "significanceOfRT": 0, "significanceOfRTName": "Analysis", "parameterCategory": 0, "parameterCategoryName": "Currents", "parameterNumber": 2, "parameterNumberName": "U-component_of_wind", "parameterUnit": "m.s-1", "forecastTime": 0, "surface1Type": 160, "surface1TypeName": "Depth below sea level", "surface1Value": 15, "numberPoints": 4800, "shape": 0, "shapeName": "Earth spherical with radius = 6,367,470 m", "scanMode": 0, "nx": 80, "ny": 60, "lo1": 109.0, "la1": 20.0, "lo2": 116.89999999999955, "la2": 14.520000000000117, "dx": 0.09999999999999432, "dy": -0.10000000000000142 }, "data":
[rows 20 to 39 of 60, columns 0 to 44 of 80]
0.42221578887961286,0.12718632004094693,0.19345860901678946,0.30002071083897425,1.1303706789474681,1.0768153258134028,2.157733516739913,1.2415109804979514,0.49367921686149896,2.5492390060945183,4.802845293644152,3.9547411444081177,4.416789786304406,6.424554066922094,4.492710195836249,4.119593615870099,6.22525122546335,5.151216673940179,5.213304502953441,4.649171634131605,5.093456746849624,2.5828134369236433,5.498918959341092,-1.3049334482477875,-3.3543437236219242,-0.8075369659451243,-0.13774175529681573,-0.31096339495205727,-0.010724038307970307,-0.9641762297140444,-3.7494730034063695,-9.090157598052647,-17.636141554223173,-17.024462537760588,-14.65403207739306,-14.642603867389347,-14.352553182731398,-14.690706865432222,-19.542022745028753,-21.48549394094504,-23.695675001435994,-24.333720805278215,-26.7103864184977,-23.544474251472252,-21.899001354633718
0.8602440223478403,-0.4487598425896292,-0.706823284415697,-0.6351734276151136,1.9377255039357006,0.4181756548822162,1.3459484645882174,1.353392840392666,2.2969691313287663,1.4262310253932817,1.3691974534153732,3.684585230150946,4.332851951016323,4.295656159246921,4.584664826664655,5.350450974491857,3.772777910518529,2.9132431423830223,2.9748783587037453,2.499864221787725,2.269534597323058,2.014504757341559,null,null,null,null,null,-1.7678953957555585,-3.869338503438691,-5.6762540103395045,-8.04388758375654,-19.175713450370992,-17.239282669935676,-19.333597944250826,-19.66072440026841,-19.014295370553043,-18.75872343146555,-24.9251267070315,-26.621014881298105,-27.6779137400154,null,-30.308510241009714,-31.000533803999673,-29.997707963614612,-27.093114563175682
-0.14773467039478116,-1.895824095450701,-0.7583341522980218,-0.5167141818747853,-0.4447644787921923,0.8396419888423422,1.1923635046204817,1.811388119578488,2.3214949801081346,1.23956572654045,-0.15688900155913066,3.4336365461242764,5.6800606745960796,5.521305233249012,7.75912298621866,3.6957755978526343,4.014133129580458,1.1345776434600954,0.8053386447831214,1.232831776133761,0.5704026769669583,2.548155019651784,null,null,null,null,-0.905358764560726,-4.626898519984084,-6.41735074444191,-11.482189090459029,-12.013896857316105,null,-23.81756387758695,-26.48489151297498,-30.470090909853354,-30.912430414225934,-28.538580037873064,-29.234188583725707,-30.52698974825944,-33.727418341704826,-32.34192308361936,-31.955623849705336,-32.1957709952719,-31.015598236852384,-29.811655151889248
-0.3993321557562539,-1.7297561271860353,-1.660075481488406,-2.0245400851989537,0.3742832290305437,-0.09985288983605638,0.6319725592410117,1.8750195932504599,3.1874965798761634,1.1718404900429538,2.507675335825062,3.09768803406642,3.682340022174623,3.52684132969736,2.1050310203617384,2.243927555279225,2.5525073562026033,-0.9499310424204576,2.2345018109055723,3.925780240559641,1.0766912102256359,0.9293840008953913,null,null,null,null,null,-7.6917287112837025,-10.102710875107375,-19.857054300486098,-19.81541409679034,null,null,-25.52602739539074,-33.03132187827804,-32.4322983813442,-31.95804701667019,-33.04830010075175,-38.04348743871515,-37.71020257232702,-36.37441906972738,-35.21306865203639,-33.09612576828143,-32.3990858248942,-29.154976594232267
-1.2307062759179614,-0.7653499468547345,-1.6999808300291877,-1.25179068696404,-1.0389405690779765,1.7588527469373993,0.47337152181842457,1.1099043474585064,2.25231265606641,4.834197904171859,2.5349110839621867,2.4862474391517937,1.597704017246013,0.9726016496368746,0.9758204831565854,-0.6688616790785595,null,null,3.433811423082105,0.642823021851936,1.7818078205852652,null,null,null,null,-3.3566215902555183,-4.00192804501413,null,-12.13631512930322,-21.03403446528011,-21.61859329780197,-19.30949296369938,null,null,-32.7617681645304,-33.84290751693236,-34.50671785249615,-36.75213959315508,-38.459515030896256,-38.4463698754906,-36.95582629537796,-35.99768226293557,-34.129181741899956,-32.21200521809715,-30.532167781718343
-1.2547455528283098,0.1885974650388926,-2.067410475467703,-1.440282434180968,-0.43332905705336155,-1.6805329326417482,0.38637141669820413,0.9297205022693105,1.3274086639998468,4.80410861461923,0.11731829854171266,1.348588516783574,-0.5224350245120358,-2.6871614723476274,-2.4289711244925156,-2.266661614864943,null,3.2236637626241773,0.4090554286630396,null,1.7654060066125985,null,null,null,-3.0443397527891145,-4.23167272786033,-10.280288666240754,-14.848072776960288,-17.564823197438514,-19.132812095514666,-21.695860238220124,-22.375103469786488,-26.12273642149996,-27.9272038682861,-32.85041419577496,-34.39016106771781,-34.814235317654884,null,-37.48195927209216,-37.3991490632476,-37.50877664940595,-36.98283689238502,-34.9478146962151,-31.83702995316321,-33.74942632504813
-0.9644014452661452,0.3194749888298872,-2.192054651842035,-2.3690428565706423,-2.1855656408685746,-2.385138966407006,0.013729433242694974,1.5919643774431909,0.1979440063948475,1.1315060550270688,-2.0969861094749698,0.9543224816617272,-4.217532544712603,-5.214017858016053,-3.6079793270242764,-3.8982916305181505,-0.763892287875053,1.1444951829872636,null,null,-0.6348143497278759,null,-3.190009611483342,-5.101471971910442,-6.933190977190284,-8.306136263863557,-14.930434816201116,-15.626444623879323,-15.449134507506155,-15.438262370975878,-17.316516511843755,-22.55641647831154,-24.13359629531697,-29.84962072795286,-31.53380397040523,-33.91447619110386,-35.20840050012091,-37.69362917523945,-31.38383994231158,-40.37569238079834,-40.21977188467484,-39.43776816981375,-36.5004450971687,-31.502557353107953,-30.773318508157104
-0.9721860782720695,-0.15949099095543529,-2.067621130552295,-3.2385999367354854,-3.2965602009756574,-2.0372935512958064,-0.6448571699749732,-0.12999123864853543,0.16167985340357638,0.618131172583806,-1.210938579766491,-0.40132573496017293,-2.7572475443773046,-3.3946932360751254,-5.345491906043995,-4.647345551508,-0.22445696257503397,-1.5874035797312853,-2.977015436845118,-2.5333261245654075,null,-4.169187142935933,-5.791919168584358,-3.654083826509631,-8.504630793069586,-10.522851024558106,-13.44225868068148,-14.279491582119999,-15.593404415405232,-16.709340771789172,-17.318786410075266,-22.20602460121107,-23.91224701927859,-26.60423881436831,-29.22897677073667,-32.60499784284381,-32.522594249036,-31.99903592412469,-37.14456140720828,-37.07407761661518,-37.11292897811577,-34.16068182233563,-37.810176240175224,-36.67617833328929,-37.24869293170944
-1.1518653657271585,-1.0332424296327078,-3.397961816293188,-4.451303509733434,-3.423568621222778,-2.3866520549129953,-2.281705795738019,-1.5738064041235829,-2.49401436527077,-2.629105410452076,-3.2631309203891785,-3.422056544931596,-1.1122825869408421,null,null,1.861765736225263,-3.3121936502953306,-1.722949094991228,-5.324119646373527,-5.638371316868461,-5.688552337622142,-7.362510385193518,-9.597054292304117,-8.772167020521948,-7.837161148276585,-7.250260139748626,-12.156743374257097,-13.359699100345379,-14.898334940862442,-16.805088229074133,-17.41735585140448,-17.6901333489293,-25.42017924773745,-27.547137124175556,-29.260035219616427,-27.532548111811458,-31.083071708979837,-33.78843024494957,-34.38946218116244,-35.284650512329364,-33.1759140097562,-35.24521363983677,-35.84008154293555,-34.512211640507644,-33.67629954761424
-1.2391539823959101,-1.527574848793315,-3.5437253459111577,-2.717769141579809,-2.293030235455097,-3.7992352407326075,-3.736152102728318,-3.4442126142649148,-3.3418468079024404,-4.814963471621863,-4.390973819520434,-4.153753093547557,-3.2031106582110898,-0.33739880733320005,-1.0913890077698416,-0.02132172530891063,-5.101489579508286,-5.041626147220416,-4.7469441840344695,-4.260705771954012,-5.2014973201814065,-5.307208074562437,-6.991521109943329,-6.059048116867316,-6.721796458801251,-9.091842515122591,-7.3383279851456695,-14.095866340913837,-13.93454572432756,-16.164997229027122,-20.218504222461895,-21.631168111161386,-23.151764564049817,-24.675307250746414,-25.985174070528334,-28.231914772435452,-30.456461455482938,-30.331462175542548,-29.21320120861848,-38.02996505241165,-40.653130945505396,-40.67057077524078,-41.09633716897291,-38.944299954303474,-36.31392174294017
-1.6938782913271584,-2.6181356888224787,-3.215574395041107,-2.753447356825424,-2.7240546069110616,-6.477401117893956,-4.221832171276388,-4.177180276199547,-4.649104443032898,-4.676809676672294,-6.3430395490310705,-6.122987883629942,-6.258143785089968,-4.772477752514211,-5.098928416171742,-6.129029021378363,-4.680695692405195,-7.650785842457199,-4.533463016874608,-5.3498326988013,-6.899492174704305,-7.383294450922522,-5.827497019360134,-9.590248888460012,-13.401165875179625,-10.492749253091818,-10.332135742351232,-11.79574541634039,-17.446219589390076,-19.00336411364584,-21.746915611555565,-22.120823352967378,-21.646902021630716,-19.736005864648227,-25.180149502145646,-26.654876925911267,null,-31.699605393415347,-39.449170007447364,-37.516186940191005,-40.2470321676104,-41.344079931410846,-35.804303531758826,-35.311534093671085,-38.74856586000025
-3.135949240099676,-3.9790846225111176,-6.078904667451509,-4.526159465543579,-4.800789056338522,null,-1.944576277930722,-4.5499601691317775,-3.5251848721489227,-4.119478466577744,-8.264109532035883,-9.037222790986531,-6.345211476129828,-6.91997005456212,-5.525283395918512,-6.893994947961372,-5.440178269734096,-5.642948910980223,-6.886948103250647,-5.356630073804787,-6.307896648139131,-8.204410208988598,-9.264988454843964,-9.770042760897134,-9.237534144942789,-13.615996939370737,-16.301178317401003,-16.976851614847092,-20.005513376877367,-20.86524368088041,-18.061525266096474,-23.010460608775634,-23.072248289231148,-22.561461683188583,-26.932874398865923,-26.720857223217916,-35.49695359311878,-37.65497446793507,-39.94818758414449,-40.801037009233944,-40.880583216645306,-40.49660972044819,-41.30628636639848,-40.28410974207743,-39.11133591561209
-4.127299837721951,-4.274481125653073,-6.833458056979397,-6.188953538314127,-5.694942403359493,-5.302630061934006,-3.8186214560424383,-1.2962406305419187,-4.352843117856889,-6.541283214696717,-11.116625855606387,-10.01059405780195,-8.108292848076728,-7.6814110209246165,-7.214063154983548,-6.995533461737972,-7.061641477112976,-5.855730941380417,-7.028517157250462,-8.903535124520861,-9.183444817562627,-9.967847966932565,-11.141582225616201,-11.738032183587622,-12.844969424221523,-14.237411955620352,-16.027778916960507,-15.530120344765283,-19.270081960387223,-23.801247415432243,-19.603451041614267,-20.069363530682377,-26.568665093834174,-26.97843136519665,-29.069532012643524,null,-30.44595241712485,-35.751242671272934,-38.05814382618441,-38.35217463440593,-37.571848475365584,-38.19713349898683,-37.82573694388801,-35.88375427150357,-34.50050519804045
-4.310849577064628,-5.314136407813771,-7.053212359274562,-6.902482893555694,-5.995256762235731,-4.632084638104561,-4.811956501148321,-3.8505335317536553,-0.37941590525071806,-2.862890874668893,null,-8.246082031796677,-9.20738817751382,-8.044515272833115,-8.530168301752354,-9.176191468908247,-8.07675904250344,-7.681080217407117,-8.578342144095245,-10.07186398091681,-11.138844299498361,-10.89565143200082,-11.723604367313072,-12.828952947541438,-11.800360245415245,-14.051557545238186,-16.572522068988164,-14.978401136470469,null,null,-16.65028555182172,-18.860423084322598,-22.507506686043033,-30.469001101405908,-30.31604400908551,-36.842407278385494,-34.39280121196016,-32.06086864755531,-30.415413928582957,-30.40677465012645,-31.987730866513214,-36.24949012870929,-35.7975531550887,-35.87256816006613,-36.359604135919625
-3.930848977592432,-5.161173603326806,-6.993663569393691,-7.208113272782577,-6.161135548863676,-5.423446248633702,-5.5704260112974024,-5.336859259098418,-4.013575191104843,-6.597047888409509,-6.394514080720453,-7.350942011176427,-11.895054518534998,-10.325719542353987,-9.851809522811758,-11.053329388842714,-9.363093304106618,-9.797781810911651,-11.061314933490657,-10.406955410973124,-10.955623146719972,-8.053308363782486,-11.475647401914497,-13.57057311321435,-12.822127183819651,-14.156912653461724,-18.33811114311579,null,-16.6163312683073,-19.292167830919503,null,-21.08982434155495,-21.22834105236598,null,-29.519614516890044,-35.01165074096035,-32.105882588984926,-32.22851112237732,-31.544832582504984,-31.831261085319188,-35.86000346296584,-35.31168552190696,-34.165187589908,-35.65007051926423,-31.40020717378601
-4.646179720195459,-5.057419097144808,-6.005543454554031,-8.181102162184246,-7.194091446787001,-6.155435223329202,-6.289609664178341,-5.53844592995161,-7.942204590180605,-6.9372396795511175,-3.434982967111434,-10.286658391054749,-16.223127774259186,-12.190946961157133,-11.743186483031314,-6.5167983215045355,-6.992181190869568,-8.81301751577438,-10.550386736658746,-7.98151161294077,-10.264928185655844,-8.162612889620846,-11.853555701359376,-13.522303023004527,-14.593738542798445,-11.088204341720589,-12.616647283512226,-18.180578879101358,-20.432480526293844,-16.315770669663657,-19.246859415905885,-21.5304390238865,-23.834100839108828,-27.871718150472027,-30.364861878057205,-30.314820002600495,-28.9874901323039,-31.25070962600456,-30.817221880075063,-30.804539872302826,-32.65336497229284,-29.8640558098982,-30.276207741248356,-30.64280085628157,-30.917644384092043
-6.195486835632668,-5.941742444995366,-5.995740815002423,-8.979035599411954,-7.977261042920125,-7.406123408960247,-7.196098726088763,-8.780794738591272,-9.27127418857743,null,-6.031942439592973,-10.88315043704023,-9.421226177077628,-12.495128597009742,-6.244342320727264,-6.053913593998771,-6.710103935571573,-10.263968878187127,-9.245681718099517,-8.822272707152507,-8.630825825199631,-9.076755750100151,-9.905615997524048,-10.153833441456047,-12.813740260638422,-12.875383834359958,-15.39094238535132,-16.807226981670272,-20.055803475204304,-20.887596047122607,-20.66683391332818,-21.65504718892765,-23.149090040744397,-26.510754397383316,-29.1857458675341,-30.00850821136692,-26.023981312294335,-26.897861710414844,-20.255633318126108,-34.782379727893186,-32.41004674952989,-31.192647163679204,-30.425715616668583,-30.46889860959904,-32.524132800653575
-5.93948686317337,-4.859144114409035,-6.776727786397829,-8.91393206856302,-8.622121281380755,-7.855448421875188,-9.028247654492077,-8.160711890454971,-6.561426315510205,-3.075850785856331,null,null,-11.76137666222966,-6.248783140209685,-7.028958044291475,-7.8816314583328495,-7.869811639418998,-4.619354197490963,-10.671037092286001,-8.905874690142715,-11.938852479787958,-9.811772811146593,-10.4508957314252,-7.160948430582426,-14.104200386768099,-14.707243454188045,-16.3051527609788,-16.768447542141168,-21.33295093854654,-25.240753779244464,-20.07579447575478,-21.239607874385847,-22.51289668711769,-27.905482401767408,-31.051992873546236,-30.64593087332783,-27.102479645805143,-25.689295803825722,-22.993153670265258,-26.610076358572424,-25.640320934767722,-23.861347832730083,-29.652634790220624,-31.733660864612617,-27.582056743025703
-4.6116894675512885,-5.515348810519771,-4.884700805537092,-8.029310165867615,-9.286315655262435,-7.899657700721114,-10.384032492655024,-8.900858782296789,-6.927723013205143,-7.946435657016522,null,null,null,-10.100047355080736,-8.645198091293414,-4.505505784877421,-4.449241202094642,-5.989165624749706,-6.570290577283508,-9.839911721878043,-12.414976975002109,-9.470192953374042,null,-6.9129773972981,-11.258332551455467,-12.432922819830939,-13.598187087790754,-16.116400745993793,-23.47721734672991,-21.122481354974454,-20.57108562710385,-27.92182448630154,-28.855784608620514,-25.56166341711383,-26.947817469808726,null,-26.183613625591747,null,-25.30219189000542,-29.90925051115419,-30.48324673496599,-25.552135451118,-24.37532512787338,-25.949023400174084,-31.872005811523618
-4.521960987428776,-5.6681991589998555,-4.350956095889044,-6.417549189968009,-9.572426972147603,-8.527073529733702,-9.131383190843938,-10.564560274231127,-9.384186468887364,-8.315978787456434,-4.812513506452049,null,null,-7.724198905386644,-4.115341023573721,-1.8802635542926982,-5.400757995271646,-6.632776812743838,-3.0040179815765673,-13.031338982454537,-10.757565843365917,-10.850082831909097,-8.442270682454051,-4.2845277574498555,-14.28688570636439,-14.67405175941333,-19.680630437293612,-16.62077966335962,-19.8482380071273,-24.94818658862119,-25.19920687617128,-26.303323909298072,-27.580118994964998,-26.570325018142036,-29.010514613052123,null,null,null,-22.133922777001946,-27.593151054553676,-24.449788602531644,-24.154242714717867,-24.616952549725983,-28.264244038907194,-27.155521210390802
