public/json/wind_2018-09-1602_925.json
{"header": { "discipline": 10, "disciplineName": "Oceanographic_products", "center": 0, "centerName": "Ocean Modeling and Observation Laboratory", "refTime": "2018-09-16T02:00:00.000Z", "significanceOfRT": 0, "significanceOfRTName": "Analysis", "parameterCategory": 0, "parameterCategoryName": "Currents", "parameterNumber": 3, "parameterNumberName": "V-component_of_wind", "parameterUnit": "m.s-1", "forecastTime": 0, "surface1Type": 160, "surface1TypeName": "Depth below sea level", "surface1Value": 15, "numberPoints": 4800, "shape": 0, "shapeName": "Earth spherical with radius = 6,367,470 m", "scanMode": 0, "nx": 80, "ny": 60, "lo1": 109.0, "la1": 20.0, "lo2": 116.89999999999955, "la2": 14.520000000000117, "dx": 0.09999999999999432, "dy": -0.10000000000000142 }, "data":
[rows 0 to 19 of 60, columns 0 to 44 of 80]
null,null,null,null,null,null,null,null,null,null,null,null,null,null,null,null,null,null,null,null,null,null,null,null,null,null,null,null,null,null,null,null,null,null,null,null,null,null,null,null,null,null,null,null,null
null,null,null,null,null,null,null,null,null,null,null,null,null,null,null,null,null,null,null,null,null,null,null,null,null,null,null,null,null,null,null,null,null,null,null,null,null,null,null,null,null,null,null,null,null
-12.483293769299092,-12.263047962664452,-12.023154965833946,-13.724543849652719,-14.781450780937938,-15.533093295567735,-16.353921390158185,-15.697861871658326,-15.76567049890376,-16.026158894313987,-17.34261727763488,-18.05220810672502,-18.478322767194342,-18.138954795601656,-17.94072241827942,-16.386280837216777,-15.380079850134083,-13.485462836347448,-13.351695862677914,-12.74883729156106,-11.631542125179934,-11.747846982818222,-13.03922959398128,-14.312391158571678,-15.852537989714545,-16.69961811372727,-16.73849848949216,-17.11572129429147,-17.34421169871544,-17.620170989663844,-18.624243709075973,-19.49840324338384,-18.656125366628586,-19.046339904827477,-20.130928089903477,-20.688405853230236,-20.56248007762843,-18.831180798587514,-18.056213909129458,-18.366256357193,-18.94858544978497,-18.67782855694353,-17.989621550930732,-17.009300817322405,-15.857120412888923
-12.71378335571157,-12.14972927705673,-12.896507207274688,-14.52065269640055,-15.523148380705573,-16.128318312677525,-16.639500515718268,-16.20380910988684,-16.199234852509004,-15.990262341125225,-17.29164206323797,-18.181232270087232,-19.037968804756687,-19.883845024798237,-18.62522451918859,-16.72584854216813,-16.199325984959366,-15.05613846968552,-14.451918121769458,-13.332751819257133,-11.45472282055209,-11.236053362744142,-13.234624007466676,-15.055103867359962,-16.66843442965965,-16.57569923152237,-17.15599272514294,-18.209125209745267,-19.41768262061655,-21.233059659544974,-20.83802776304218,-19.628314121912354,-21.550837709691116,-22.09671187433208,-22.26279043701571,-21.973040733519905,-20.455647889549432,-19.28241604331716,-20.650225239804637,-23.69879064641976,-20.4390900675732,-20.708016443673696,-21.35696084521794,-18.92444187792591,-18.561521998526796
-12.57989546250982,-12.638329008696752,-13.717990993079923,-15.709847386573719,-16.61448106034182,-16.764530717640795,-17.440700434127542,-16.453041101068063,-14.983725864369772,-15.774629036942201,-17.629846197503316,-19.11119048808855,-19.85377698449473,-20.69468461640459,-19.53614202011769,-17.645446498926187,-16.694236377632773,-15.788370546439019,-14.397733736614642,-12.080912281326036,-12.781643176281323,-12.940829581451817,-14.934249362763175,-16.792675028042172,-17.673766572437486,-17.554703529642353,-18.34320576316333,-19.69843117157531,-20.024943181398303,-20.16698995461115,-18.827144657628427,-20.809700054735046,-22.327179333723603,-22.497246082876003,-22.249311220544737,-21.371963810302507,-21.869920914166105,-22.193964174367416,-24.4710838772097,-23.38519979249554,-22.22024229027413,-21.87281989990598,-22.329822953542514,-21.127261302964,-21.96897604548062
-13.381702032637984,-12.90044581372473,-14.69020354980003,-16.445567267069542,-17.60394295827231,-18.251738928576163,-18.41745729549358,-16.74640301078204,-14.066673136493222,-14.641862604899984,-16.735342034426335,-17.637973663137995,-18.796555971091053,-19.25813613085107,-19.203107055262304,-18.95079462623862,-17.788707879447113,-16.846371565688273,-15.149115723509967,-12.755822469358648,-11.917692282325351,-14.56205791597694,-19.389221118331402,-20.60618805143887,-20.729496098793735,-19.85431276467491,-19.31109555088381,-19.649793636271557,-19.399539999612642,-18.77517648586693,-19.428932392219345,-20.609613668402325,-22.018668974065154,-22.25617866126908,-21.754187875500456,-22.65391533755234,-21.510032754100994,-24.978839052327906,-25.999172494614506,-23.105828108581246,-23.24397191468806,-24.114906658427465,-24.934478037813246,-25.031584496083035,-26.211130030073537
-13.514631803200206,-14.287909988562424,-15.44508673210125,-17.371513891123637,-18.653360294192154,-19.464118660728133,-19.548237879781095,-17.047739254602536,-14.299926217569801,-15.127020741508703,-17.724858380914725,-17.36715628665223,-17.96793259854326,-19.21196796678936,-18.857472456907654,-20.114122823785706,-19.390883983884976,-18.655133111237696,-16.848832697026676,-13.426316058118129,-12.06530382544018,-14.859214980320033,-20.97534401357636,-22.615927013377252,-22.107025572270604,-20.912636227583224,-19.43222838087852,-18.384369352222475,-17.50007516267177,-19.00714314960883,-21.18722453519179,-22.504095156075707,-22.50285977051211,-23.01248553630858,-23.14294247510209,-23.255014990537806,-27.371249061871644,-26.869969331638256,-24.54982465806481,-24.640231068821567,-25.339313154858942,-23.837566934235888,-27.731047201639427,-29.287604620952642,-28.62684378401983
-14.258024236999402,-15.32152237472537,-16.493835990583108,-18.049659911785064,-19.61601289601092,-20.250750650114732,-19.92612778832708,-17.342008842487292,-14.742203863941459,-15.462168243816778,-17.11854500618024,-17.59650695683686,-18.171775166984965,-18.746164708446372,-19.13779040130532,-19.787425391569965,-20.224856265950933,-20.389600054180264,-18.723786139561597,-15.30025202510824,-13.500433956977144,-15.32604530333209,-20.83625297076761,-21.20997841873292,-22.12005055254275,-20.10334443690372,-17.505208601033292,-16.50931208630979,-17.62586000399205,-20.052378609906846,-21.873692716249273,-21.827072351975126,-22.289955878133135,-21.795028668398604,-23.40349194358433,-26.870700925724865,-26.652765072371324,-25.899789805532723,-26.539434626313195,-27.18858491594827,-28.484936316928987,-25.31982492806735,-28.193629263638353,-32.08028900318717,-32.425957694959834
-15.085743671786599,-16.448871475941797,-17.909176116972457,-18.969708831605736,-19.87051820251569,-19.941855553236262,-19.93427982097172,-16.447811965446775,-15.526620377951353,-16.423207323703544,-17.449292584226868,-17.662060521922335,-18.30421221883478,-18.753220350233036,-19.191228150723326,-19.342319283711753,-20.364260617400554,-20.692768018679924,-19.493750794479688,-17.77196803466977,-14.815152635874753,-15.76294550865315,-19.472884539066953,-19.340373655267282,-21.143611458032332,-19.817973791437005,-20.89073871710127,-20.922092471873434,-21.543248473495265,-22.372427448593633,-21.775301528695415,-21.859726043320002,-23.343438541599664,-24.560635173529832,-22.331939046535847,-27.08011424275115,-26.669175031606052,-27.12934831659838,-29.61732157159743,-26.466240501841902,-31.261766883694158,-26.884029485706492,-30.02173470134943,-31.46280300752538,-33.099327037941066
-14.911839632775767,-17.478954217089445,-18.996322659747683,-19.338210590500612,-19.664719583912436,-19.805088138292525,-19.77227739635031,-16.418226800009073,-16.719505636224667,-16.697278273180032,-17.646129175447186,-17.451427327932777,-17.93550280920539,-18.44167606821268,-18.374773169201962,-18.92967941040196,-20.722212327927732,-21.298367419481306,-19.717085214999578,-18.77259017817363,-17.294108052731367,-17.26735922399032,-17.953830757672975,-18.735362331187275,-21.628667958445007,-23.6032753474149,-24.248832062829628,-23.212386893064625,-23.9825336952685,-24.500414499130017,-24.34145019789324,-23.885871404362433,-24.467716664112093,-24.597123955440722,-25.71164411697985,-26.948797516939877,-28.239284100778544,-28.318705835727613,-31.400434379079673,-30.79638435426868,-30.607336125955264,-28.276442342681456,-31.377840614903704,-31.956107994289813,-33.68018536359467
-15.33042865612407,-18.18036578817518,-19.480442191984526,-19.69140841426871,-19.7126288771725,-19.819214110043994,-19.551087689192943,-17.092039082011322,-18.384351730581205,-17.78375473795837,-18.04815638306628,-17.906311212262164,-17.739583688220645,-18.502947720848358,-18.27409385088663,-18.98645750281894,-19.354953768754193,-21.084246775672565,-20.256007352251864,-19.965634146864705,-19.94243157595823,-19.343825433912556,-18.918952961613996,-19.157500645537148,-23.11638262408027,-25.344990199502295,-25.11894596622342,-25.816513875548555,-25.820564789159896,-26.289044406172472,-25.494704020418,-25.61896074684442,-26.945414061440488,-27.5493410716819,-29.26160585903374,-29.25934977727098,-26.42648782736382,-30.521867856293028,-31.544830301590185,-31.614001570917083,-32.19224017652948,-31.18571589462294,-32.28547327383748,-32.94858681657125,-36.22762234073562
-16.085210770346166,-18.531369657141838,-19.933111455449918,-19.735553802029287,-19.355954284465312,-19.654055773988233,-19.703485640170303,-18.78276140414044,-18.401322572181062,-17.950446581805394,-19.33509455000096,-20.08902802567925,-19.757165634292782,-18.864047395925358,-18.84178736207363,-18.799341469712278,-18.662292037011635,-20.4830600142322,-20.662522553868413,-19.652702846188205,-20.792546972628152,-20.03512101126518,-20.215441343666985,-20.16789097241064,-23.386171773927483,-24.570680583585226,-25.48492478202028,-27.211097047221187,-28.260619323675698,-27.643039200616418,-27.051180041701137,-27.314025908122954,-28.586346100346347,-27.55574150302914,-29.379570149854317,-30.363616346173544,-29.96237437053817,-30.69250454380449,-31.66725193889736,-32.055116362259454,-32.91777690978271,-31.715503891490247,-35.2634888100243,-33.56475893946306,-40.42585926441516
-17.114906350647004,-19.211071684377547,-20.079449042584052,-19.68125777957171,-18.97300408976581,-19.20293795718862,-19.51459482794112,-18.544284161423317,-18.436139111940367,-19.38119741182939,-20.734607166361933,-20.69135592523332,-19.448362143016425,-19.059838711643003,-18.66039537056677,-18.17943304987561,-18.07215264174134,-19.271914501769192,-20.538497026437707,-19.646861444889158,-20.87598337052072,-21.83697618411305,-20.9553467629757,-21.97638886696229,-24.369826826399947,-25.392744822980443,-27.783393299623963,-28.465248006552375,-28.54795693369798,-29.01183801414828,-27.95760758362873,-28.866994282943416,-28.8895430367538,-27.583418336919216,-28.78560087738925,-29.231527871257704,-30.936601300009627,-30.240287287159887,-31.445402971290747,-32.34040634393225,-34.10990048658573,-32.50180698976137,-36.42496766083583,-38.13737749305154,-39.57578760858479
-17.937829728821306,-19.249920332950325,-19.809727892361845,-19.298870643419605,-18.583084183854066,-19.149197170760534,-19.14463642539394,-17.72372577372589,-18.622754282321765,-20.29586158684434,-20.908673638040472,-21.218936206037004,-20.00836890720411,-18.989431241183162,-18.489628626821936,-17.857185074924413,-17.859181443206566,-18.562746623812544,-20.930571831062085,-20.05933409992017,-20.791124330990726,-22.664740593320605,-22.525089836754724,-24.416154620411177,-24.460139423876484,-27.572529552993416,-28.204162026640784,-29.36375789614329,-30.706631985732653,-30.67178998061777,-29.801612596273415,-30.216085338743444,-28.450785684981696,-28.25402066274394,-28.736381527706364,-30.489455831819104,-30.092804314667923,-31.718798657539693,-31.40771195040453,-34.40453926931871,-34.59573025993369,-33.81494957886775,-35.71359268055063,-40.53815514970594,-40.43859849476745
-18.697488707731157,-18.736642298849546,-19.398013698445254,-18.972250984225255,-17.562267805351706,-18.607103340054223,-18.630554022937634,-18.879487528746832,-19.707876146327482,-20.854279833218314,-20.54851690171795,-19.446425055544786,-19.62332928544562,-18.94224581670031,-18.285761561940745,-17.102434872005336,-18.411574362539405,-18.89010255775182,-20.13805284260855,-20.29875639511468,-19.338442033946976,-22.425540703170277,-23.283549815941516,-22.676945886094906,-24.5825300812383,-28.094163370083535,-31.0601344565356,-32.1484945767456,-32.507449196661504,-31.824516170772963,-31.775037430387574,-31.446678657906787,-28.941957958615284,-28.153268361778167,-28.960981526269766,-31.09739044782254,-30.670828531177506,-33.055458286379434,-33.0415522287452,-32.86617297322536,-35.21653474086938,-35.09657162836021,-35.56009303767311,-38.39854577536404,-39.773645486732775
-18.9773507639168,-18.406832125330098,-19.099530405947835,-18.378415121881275,-17.007647831004114,-17.200795176711217,-17.561855331117236,-19.064036744579752,-19.85988680791262,-20.72554010055417,-20.07406215766291,-18.23495703446232,-19.6530067654541,-19.492722892016328,-18.65493613520286,-17.236597265372165,-18.680392584964743,-19.235964621396448,-19.98698319051252,-21.257267211899585,-20.70210642806052,-20.87106925235112,-20.77428267412561,-23.916393462714648,-26.67835085663548,-28.18872034381175,-29.96865965557405,-34.2928163428315,-32.56569122179065,-31.697812202208247,-31.99041842594664,-29.728778646130213,-28.575166013020155,-30.492507364905116,-31.412839453787484,-31.504062774252432,-32.7912127518813,-34.26488684633193,-34.20145796707014,-35.06632396384512,-34.196047615671404,-37.917898903665126,-38.374847382333165,-38.97051294794527,-38.97861853837334
-18.917636814699577,-18.760253746365073,-18.82256697024994,-17.197253992515467,-17.34265054845372,-17.92410151956203,-17.56424701126925,-19.26975071243461,-20.218861092518285,-19.773153767580244,-19.467765191574287,-18.71190394663535,-20.401026196497902,-20.518569011100624,-19.066333523546678,-17.85670617871893,-18.478169338302568,-18.920225724908466,-19.3195676478046,-20.349920491227962,-20.209831513710682,-20.493973914884542,-20.185452583720746,-23.183815172609663,-22.80514575177887,-30.98826546786276,-31.312822654354605,-29.613861871126527,-31.062114847032273,-29.941452943582178,-31.688477597226935,-30.75408464522035,-31.204103573716118,-31.595786176641617,-33.91854184034343,-32.21853996837278,-32.525163397114525,-34.11204590158325,-32.52201223441996,-35.02988400963267,-33.0990194615457,-38.677525429451315,-40.06207278381362,-39.31913305517621,-37.85010352078837
-18.892880520789536,-18.174051279776656,-18.34896797256699,-18.298551692558526,-17.429440750187492,-17.06146372615216,-17.91482295775897,-18.60882034171886,-19.33930290984084,-20.230658528653905,-19.60549322603669,-19.86644705004722,-20.722304754440252,-20.870439483499297,-19.354384390062613,-18.5640432387829,-18.557647715982604,-18.8304679745675,-19.258856178986534,-19.78719474706792,-19.98389856567892,-18.850485000238915,-22.49893094170574,-23.868014667287085,-26.613582961602877,-32.654071120331146,-32.13870111299289,-31.37150713423644,-30.262853403974106,-29.41080541655727,-30.347494056857553,-29.714849261994683,-30.77931119917056,-29.161691242505498,-32.774972294160676,-32.581798381430744,-33.17684170770625,-35.94069056961354,-34.5764843292635,-32.8633934687024,-35.63916193400407,-39.43863393462388,-37.65197052851584,-41.35604051970391,-36.59229740084127
-19.13747746743934,-17.570999542335574,-17.56397108726954,-18.294168453408822,-16.842829729064455,-17.611974054825907,-17.895791457640605,-18.967558004284797,-17.22775058378163,-18.94853967578852,-20.480673252767893,-19.753279757089473,-20.948054714925924,-21.133786146969793,-20.4241173940329,-19.350309202462284,-19.804583888893482,-18.595765698760445,-18.966851984076023,-19.257730464709745,-18.65941249867814,-18.183702186045732,-23.908846505226066,-21.371988904733417,-11.510679572619038,-23.11252397335212,-30.862539917454903,-30.045291995676443,-30.870888406054277,-30.112119966935687,-30.404051355362924,-30.74681014911743,-31.975800417801047,-33.061044947528444,-32.169717373171665,-34.10339890211993,-33.17255064329254,-35.24465270216959,-36.88871494201324,-28.73278883000607,-35.39964100505584,-37.64566349575205,-38.518112017263,-40.056951363313374,-39.09222558678702
-18.588452168062826,-17.410877553270893,-16.98619685691672,-18.643644129117366,-17.885340360415224,-18.761623795657435,-17.22687576898153,-15.855593764896032,-16.817904395326362,-17.705116655624167,-19.06196692873802,-18.739438050160185,-20.926923471299762,-21.389005223654134,-21.312590807250736,-19.159210221192843,-17.775186944019588,-18.11822921946554,-17.615834951098968,-19.311464749004294,-18.444450468051286,null,null,-16.93708782667897,-21.436457437083682,-23.60516449535061,-28.216235953169672,-32.59124598685203,-31.797435576514406,-30.145900535167776,-24.538970992219603,-32.809831503891495,-32.22324315420437,-29.503098602225627,-32.91111622556463,-34.39451484685475,-32.526880909324234,-32.52966793075587,-35.31938756447256,-33.854900842946904,-32.634188191264286,-36.64783053291045,-36.87769572162178,-38.45935318576739,-39.05940621695625
