public/json/wind_2018-09-1518_950.json
{"header": { "discipline": 10, "disciplineName": "Oceanographic_products", "center": 0, "centerName": "Ocean Modeling and Observation Laboratory", "refTime": "2018-09-15T18:00:00.000Z", "significanceOfRT": 0, "significanceOfRTName": "Analysis", "parameterCategory": 0, "parameterCategoryName": "Currents", "parameterNumber": 2, "parameterNumberName": "U-component_of_wind", "parameterUnit": "m.s-1", "forecastTime": 0, "surface1Type": 160, "surface1TypeName": "Depth below sea level", "surface1Value": 15, "numberPoints": 4800, "shape": 0, "shapeName": "Earth spherical with radius = 6,367,470 m", "scanMode": 0, "nx": 80, "ny": 60, "lo1": 109.0, "la1": 20.0, "lo2": 116.89999999999955, "la2": 14.520000000000117, "dx": 0.09999999999999432, "dy": -0.10000000000000142 }, "data":
[rows 22 to 43 of 60, columns 0 to 48 of 80]
-8.98879295780667,-8.728305187279364,-5.35412990115252,-8.518637421075542,-9.45696662063426,-7.712675265087292,-9.561252270388039,null,-8.602144671196285,-9.693468560784634,-9.128140528497461,-5.326544437279932,-3.2221662524058448,-5.990738244302589,-3.631678362905733,-5.66189791348585,-5.207655949157003,-5.5165125793671645,-4.626312384017147,-4.783312872865827,-4.367042585572033,null,null,null,null,null,-1.5873748302850181,-3.8330482528547387,-2.896214448113377,-1.2443706812130537,-0.6682251901401669,null,-6.063653456831966,-8.041876494870014,-7.558214034701298,-5.472169632466038,-7.668405625336003,-8.04549536462149,-7.032483525222688,-6.284913338731602,-5.61368725928388,-7.184627182146581,-7.881460112137798,-5.909350949508104,-3.7973303381845573,-3.2313990905260828,-1.443460083935561,-1.712741544393953,-3.8305081893011814
-2.330322552190371,-9.055896079240945,-7.837759816788122,-6.69306639396978,-5.249884676784231,-9.689527724487032,null,-3.7009077218603075,-8.24789408599698,-8.493954284417317,-8.243435052041011,-7.074064394212281,-6.0918735727989155,-7.923187253931108,-7.949880131066118,-4.572741612467015,-4.180463963428743,-5.899425045664653,null,-3.1322658951411713,-4.651756710168,-1.8302700437607031,null,null,null,null,null,-0.8936151855007557,-3.4926860009246323,-3.7414644887492132,-2.876291133521109,null,-1.907348247928477,-5.754475110935104,-8.067506221987644,-5.775976433256891,-7.400922844937714,-8.69775900518572,-8.83907283592256,-6.449375671864588,-7.611389316778617,-7.802869476882283,-7.525900133815431,-6.682033242917946,-4.066263170226393,-4.0423988572843506,-4.969238048074735,-4.8001788720802905,-6.415006101124556
-5.307085568557278,-7.341822242040575,-9.151386975043772,-5.990283206047965,-7.188435388543924,-2.4484308060098368,-6.136203597957215,-7.90757058992041,-8.313365831000917,null,-7.175305890743522,-8.87492947681397,-7.380599700424678,-7.5263599474143605,-6.7069387837403145,-6.6882108032911205,null,null,-3.9743349288758774,-3.444671214966416,-3.3299759610392785,null,null,null,null,-1.9724514883645645,-1.6710962058763126,null,-0.34081549555989704,-4.873613525630953,-7.586984003139903,null,null,null,-7.168130376158338,-6.881596840636309,-5.927516548550727,-9.632539117754177,-8.958527575537241,-7.719358348788693,-8.327940173896172,-8.236425014483183,-7.8568593678375525,-5.960034801480427,-5.345856609385413,-5.892538933788279,-6.789637349005168,-7.576877271337857,-8.738528273687692
-6.464132091458871,-5.252017798388552,-7.313478879534276,-8.470290003139931,-4.658932812236601,-7.171796940618584,-7.766959993822896,-9.656880376581961,-7.259491034795206,-4.350283759161767,-9.024024776055509,-9.409862912739708,-8.837382670843258,-10.183210196973132,-9.423782185889117,-6.872205594112007,null,-3.071761202589972,-4.716534730657531,null,-0.8594034173861336,null,null,null,-2.7051975383167113,-2.0994578076757593,-3.1543943599450666,-0.8714761361539981,-1.1377879796547639,-1.6481246902897564,-8.509857576565333,-4.135552089485872,-3.065639494386551,-2.7995675021663584,-7.085483604103946,-6.742787477477435,-8.488699512607315,null,-8.689337852219927,-6.947483022494694,-7.0262935520939545,-7.727017089599493,-8.59424337498179,-7.036216307021734,-5.886527830667442,-6.657023732837984,-8.813938823842946,-10.235473209187354,-9.664591471036644
-7.651821187727153,-6.393199945093377,-4.554276979379461,-8.67773230943649,-8.22847330926609,-8.396637406998414,-6.263532846803812,-6.824051439710546,-10.450140186207424,-8.733136463453032,-9.129170690416638,-8.699753030443285,-10.06394131886223,-10.68297940872275,-9.382352616407143,-6.473185022327632,-4.772796048270406,-3.6339352590624596,null,null,-4.465819725292591,null,-2.514206932620568,-3.5276495265115164,-3.921486808560279,-4.048639185313824,-3.7894219660733164,-1.8498863212361911,-2.036992010822685,-1.9362904568534138,null,-4.987030063706653,-5.172376902073438,-7.233465507232349,-8.382414870969725,-7.150437866674906,-6.429012406527214,-5.787283098794362,null,-6.465001755930546,-7.442124385107456,-8.267794748845072,-8.513985208175,-7.211083220274631,-7.183541869588908,-6.27405714812712,-7.953591148272441,-11.506018533472734,-11.433009529866887
-9.008389821741625,-7.246447720080349,-5.845417966566638,-4.437307696972473,-9.74351195549652,-7.17497714605181,-8.431233614986292,-8.663314767998672,-8.196685817909021,-6.185667265686813,-6.289290676939841,-7.009321307491772,null,-9.621519386107488,-10.757148117716191,-8.517417602694385,-5.180251188102132,-5.37199142022751,-4.777401693617711,-2.810109201486993,null,-4.765337804920189,-2.9514118690788926,-1.5624193983914487,-4.102704718419432,-4.790401607242655,-4.682632477570412,-3.6199621880102493,-1.7636360796480168,-2.5176384591328778,-2.4442480473287342,-3.304188221850823,-4.6484838123890615,-4.163242492008664,-4.142548907938399,-8.938324689934804,-7.090109599105032,-6.9050322209187955,-6.906958082260371,-8.595879424314479,-8.301414312697526,-8.217785900523587,-8.894405958677739,-9.294535072660405,-7.929505012072315,-7.878399864390376,-8.242601409627504,-11.108494890978092,-12.550602411171251
-7.714185596434574,-7.927069124252,-6.8673628564634,-6.784253169595938,-4.608490386907245,-7.6832962522296055,-6.411132120852588,-8.561435405190636,-9.326171443668688,-7.822059465939884,-7.306915395549138,-8.623173722970664,null,null,null,-4.6661105259106765,-6.010177753571302,null,-8.28764472572945,-6.764428258507557,-4.518466274458356,-5.452962190093025,-5.209924198660524,-3.2379376315185353,-3.3485828951762775,-2.4799009679845643,-5.0734410477925485,-4.988862724971522,-2.4816603377756787,-3.0819732857723947,-5.123679989446739,0.09852864610413145,-4.794845936842973,-5.617560360740204,-6.066911880148675,-6.473082872877882,-7.7916452989086125,-8.528511609986886,-8.468456069344507,-8.378557203305391,-8.978560667688445,-8.329235572057968,-8.80632656925345,-9.857583602229832,-9.68866998375832,-8.689266109464,-9.024834876373259,-8.078072398771601,-7.515717391023342
-6.462488561863237,-6.8535248249136504,-6.09112603783049,null,-4.514946846850412,-5.2233382208159345,-8.326516208818365,-10.593061457360111,-11.280494693343693,-10.029831909919288,-9.026593024330666,-9.367516215663926,-8.105914156324403,null,-5.222390919494837,-3.914545484502924,-6.6742165961942,-6.558941319464036,-5.522931625077453,-4.216197976830651,-3.8479987659973482,null,-4.169917581336799,-3.7787380067193985,null,-2.2625553503593334,-1.8114351822890558,-4.557940017704565,-2.8893781379360695,-3.2067861264468034,-1.1465119266716657,-6.22288153808168,-2.3821923159041045,-6.444187864398065,-7.387474622100683,-5.942515881819012,-10.429828118243995,-7.816082554672768,-7.548980831991337,-8.93308341110847,-9.192110222814737,-8.348525357106404,-8.599288569535862,-9.20127788689415,-10.203218879004503,-10.950466170042773,-9.822772840802322,-9.162174257286443,-11.032048740219306
-6.913142247404132,-4.076230552239643,null,-3.024864733723657,-4.680223677244976,-5.699947937930279,-7.986877605226576,-8.975441888914613,-11.718310986300805,-11.41984341458408,-9.37079078806606,-9.012492687798343,-10.030061042976783,-9.593400004634644,-8.927399677587388,-7.0434198843995315,-5.850937828857624,-6.335937840013101,-5.173606760111734,-5.414631554935928,-5.990435382543511,-5.4636924653659875,null,-5.049230999269166,-6.3051975340963935,-4.90482758838542,-3.7769195442935364,-0.5567407511946025,-3.4079360855192844,-3.044431132196548,-5.841685469979934,-6.231359065532676,-6.444794820321549,-2.803109404697243,-6.725292549763865,-11.66328518676374,null,-2.89776978557366,-7.285689970636357,-9.04437383412289,-9.3882790494725,-8.559126964736421,-7.409111093049523,-9.04074707736718,-11.965394686604316,-12.28299511059038,-11.78570961421135,-11.210454164646409,-9.794558219355237
-7.796651232783727,-7.217941477702611,-8.106434327110348,-8.312372813646228,-6.59861858691356,null,-2.5685142026403325,-9.21889567913268,-10.22282858817739,-9.78800155026139,-9.882706869275506,-9.653575830488169,-8.755408113184037,-10.018934603434863,-7.812976365439785,-8.775655553823011,-6.4275515821986335,-6.624962540331284,-6.93363618446072,-5.80911274149717,-4.098900324808595,-4.749339024911747,-5.164350288545404,-5.383211481760187,-3.6554955578151125,-4.706057285712786,-5.3179991035895195,-5.33442258023866,-5.187307847898595,-4.095154835928149,null,-5.3293860911551665,-6.85245284432519,-6.50887777082788,-7.1889883719105505,null,-9.144674114728854,-7.929565033633201,-6.375351756998924,-8.293752569607589,-10.09436654439689,-8.86740119287835,-9.053268183444386,-9.14654889267467,-11.484515228355175,-13.216616264768003,-13.528508772402496,-12.176676856086573,-12.491456863609336
-9.14018475766208,-7.633942091014609,-7.315496046422071,-7.642161986278307,-9.32841885254574,-6.50664239509034,-3.2471621561401545,-2.5995312567330098,-7.895650313547408,-9.496255512121419,-13.132284913138285,-9.979778545187642,-9.762264864646738,-8.804759561567467,-9.621610276110998,-7.355260103535383,-8.934942155932772,-7.445525020743061,-6.890317787668547,-7.968553443775739,-5.432351763676769,-6.598266029994653,-7.621965467194838,-6.39996492092786,-7.1108908283831544,-5.64600529375996,-3.797163727302767,-4.387026181806023,-6.780404195063885,-4.957886811122135,-4.588253046329194,-3.2203487418971024,-9.755869691545154,-5.082070150895488,-6.131171742383326,null,-1.9100849487080638,-5.258822798970926,-7.946942043430367,-8.143964546723051,-9.596388876080184,-10.431210523302477,-10.031902084549342,-10.190075468301231,-10.319955594662007,-8.585338293530048,-13.12342712806775,-17.24186705941215,-13.463981145154838
-9.255367444357212,-10.357511667851883,-6.896575944087851,-5.705641206654353,-8.963031855808119,-6.713972505470248,-4.3680469940535716,-1.4175917960822355,-0.4049106282521412,-0.2267635978067444,null,-8.31846100320603,-10.551432045694963,-10.044699784452483,-9.84301509453184,-9.204923109145513,-9.292513785927918,-7.448239735856009,-6.748297814620943,-7.8496258371135035,-6.849204622775496,-7.32339054550231,-7.529791986575194,-7.552467516748059,-4.846493377582497,-4.357643764881278,-4.550360694067582,-4.3769257512079465,null,null,null,-3.6315659063590258,null,-6.312849349334953,-2.5802844162912235,-5.805824894170395,-7.252235028193568,-8.0961061013513,-5.176813183232978,-8.007144787162538,-7.581544690881713,-9.644213319725289,-10.151485758593672,-11.074746948292622,-11.566967037444188,-12.821428550944185,-14.590754104233142,-11.272133064169706,-15.935266727051964
-10.47956653331344,-9.717168745721054,-8.030873357774562,-6.9086874596020005,-4.869981334774066,-8.327632533574057,-5.596186506559992,-4.554918107301843,-2.8254021221489576,null,null,-9.052873553309015,-10.256684069683008,-10.303834855159668,-10.12047605800037,-9.308087430923877,-9.898986640926998,-8.67445070909446,-7.440107738040368,-7.883717541780528,-5.762800708072772,-4.88974120061072,-5.9415145182114495,-6.234063020787359,-5.856040814946045,-7.057927631231287,-4.865053763224751,null,-1.9571647911437202,null,null,-0.9671575571702878,null,null,-0.029596921430909154,-5.20659772240153,-6.98689588323577,-9.114823012786479,-9.976262190771042,-7.412447866595973,-8.2727422375603,-8.210329915998289,-11.431394143373362,-13.779871324060272,-10.232188650009862,-9.683643913571848,-10.469389947271768,-10.100440474789817,-15.326900753793668
-12.235326842643616,-9.88398934246179,-9.296984800935395,-8.507205872086221,-6.4833136334593,-5.6799267950309815,-6.596722922965043,-5.559348507898465,-4.689406616792661,null,-0.6391630043738953,-8.562227734593229,-10.173841782613891,-10.559940459829836,-10.452168354113054,-6.731341771647168,-6.932529861838583,-7.102771398341438,-7.676669566020006,-4.687596833450989,-6.273314531222983,-4.486058476903846,-5.546831578644085,-7.594579305692526,-7.084000323925939,-3.3380902509403274,-4.387852860548934,-3.6921139470671127,-4.697720449738665,-3.1227055756109143,-3.055027472835376,-1.6408048272279117,-0.9821356259994337,-1.4456319098547339,-5.8026709154684,-3.0129457499817995,-6.318519792824021,-7.889247995010573,-10.572137767814786,-6.604291273486043,-8.263617170943094,-9.246934524865614,-7.809093389304542,-9.600668409296292,-9.132106685658748,-8.680566868819254,-11.416403333627045,-14.056888558938965,null
-13.046539887996403,-11.796313877864023,-10.53469715070318,-10.42121378130615,-8.040827357955255,-5.020573709284569,-7.180213278595328,-6.131130795218358,-5.983993058647004,null,-3.486081420257873,-5.783283098164841,-5.382797022783244,-12.062101135845644,null,-5.963390989822364,-4.17005550994702,-8.296121929235326,-6.02033279887964,null,-2.9577989707628376,-3.665221730494021,null,-6.705988428707687,-4.476908877438513,-4.496507470483321,-4.406435580509299,-4.1428684780079506,-4.936650704191511,-5.384235626840443,-3.611048880476477,-4.225478893167468,-1.2384562190970048,-2.515703250760005,-0.9151840598403902,-6.958691436611509,-6.9013929281332835,null,null,-5.833333984727492,-8.814614629314285,-9.592509020337888,-9.317275538046303,-10.139209459883334,-12.042817443881253,-9.667934646967838,-8.471591361376987,-9.568996581690254,null
-10.887094948938305,-11.10008601698636,-13.363383295017274,-9.494882469234758,-9.083256823364488,-7.164910074789578,-4.456465594759587,-8.056204646964078,null,null,null,null,-8.67036862800752,null,-5.9503445301873725,-5.825150981427601,-5.744763432652686,-3.541100594203348,-6.536516997807099,-5.672957067686533,-4.493137718018937,-4.529033910848586,-6.576585668715879,null,-3.9699440546735287,-5.3409432635724325,-5.207050037086751,-3.8752983242582433,-5.217745506012016,-5.025792332763251,-7.231801896816259,-3.5270320914063786,-2.5330712023448987,-1.7344560629880714,-5.883032071648087,-7.0728031718775615,-4.606193099434742,-6.94166699179004,-4.780700059184133,-4.563136506320252,null,-6.293616942507488,-9.866552363946987,-9.625317132483255,-13.870151346212838,-13.03170668456254,null,-4.112702539974455,-4.1992238183982264
-6.895637143656772,-14.306567046838623,-8.190249150827732,-9.99613122443625,-9.791322488085589,-9.08401642313623,-6.9851858500358945,-4.683512202323974,-6.257518326873462,-2.043930011756361,null,null,null,-5.858349339937922,-7.515596467252429,-3.657607616259854,-2.2472636616424557,-2.3492209582789174,null,-7.019238528624458,-7.1736765499489925,-6.669064486280375,null,-3.3993377308490555,0.6893985556492384,-3.650294952053334,-6.105866223610025,-3.0097264613734436,-4.877150147360761,-7.993638852155417,-6.316509781822037,-6.7661422190441645,-7.326896695153749,-4.186949578405412,2.873789492343438,null,-6.366292783687067,null,-7.229987519050438,-4.716853899225283,-10.72255811166546,-8.628080812228337,-8.92521938059816,-8.411846258287815,-7.884266345774945,-15.492373548367176,-8.996782620554029,-9.916232948940426,null
-10.632720547881892,-13.089554884476017,-9.614377385290899,-10.207079387742734,-10.970633954379476,-10.62325249951473,-8.617385196651917,-5.917107969856708,-5.474526047320428,-3.9992015182442224,-1.724458302110058,null,null,-4.700668007621919,-4.592503709696094,-2.209309323276597,-2.832783530463184,-3.8165424280790843,-1.7224759701340266,-7.1427221731373685,-6.814786980674002,-4.578351472029636,null,null,0.015502987377380584,-7.179763816092251,-8.985177167582835,-5.5009720705361485,-3.519387161140823,-7.721702434063536,-7.264234730376126,-7.276974493151702,-7.270279181751146,-9.971214619827638,-10.801044331280359,null,null,null,-0.3884298310182804,-6.130601487439778,-9.155749645748257,-5.738819631471727,-7.347665262598357,-9.629486661743018,-12.214388440919128,-6.398447704626027,-7.017080737260491,-8.095678194965243,-7.732670146433549
-10.605098119405469,-9.445031961057783,-7.4988663424788635,-9.35849144985604,-11.363073473986686,-11.219711156679178,-9.294018824703915,-8.480924532019413,-4.568863827886476,-6.250434563180986,-2.2263130627435466,null,null,null,null,-2.6515246762081954,-0.8213456924299551,-0.32981205547493886,-3.2112979631545424,null,-2.867787484432106,-7.361845293096351,-2.7132536027243037,null,null,null,null,-3.129053898421347,-1.0385979175158442,null,-6.324513280226532,-9.085046675845346,-7.719104749664563,-8.712521467915579,null,null,null,-2.393721613842915,-6.57541017049191,-5.327484504932079,-8.255140288108711,-11.274305078727563,-10.405790399842862,-8.956853361186418,-6.532656925504918,-9.614331737648211,-6.343077574089717,-5.92433625362258,-11.184035334227474
-7.519958251630079,-7.179307665076048,-11.375955274202372,-10.016146165112538,-12.251310853945089,-9.635773305326603,-10.843416085253448,-7.702851241145039,-6.984309442654302,-4.389985507315971,-5.9257424256537545,null,null,null,null,1.0722018365280372,null,-2.6638125465545737,0.08877179736880025,-4.958583036464979,null,null,-3.3010193303638915,-3.103039198712348,null,null,null,-3.1225913580392026,null,null,null,null,-6.1682891139048,null,null,null,null,-1.2636703140357954,-6.795077516850533,-7.923346097645972,null,-7.747709725338169,-11.422802364612249,-4.598368965577352,-5.573318042192736,null,-7.908520627737521,-8.921829385435428,-11.438368379095897
-8.2056540604279,null,-8.641691929075353,-9.971261982223218,-10.093954199573187,-11.846962240897085,-11.564396029465225,-9.340102324246311,-9.18552608024903,-6.5638446692053165,-7.364554128324656,-4.482286394235292,null,null,0.9960089593244124,null,null,null,null,null,-5.583529252601562,null,-3.5559762827112067,-3.4956057639680553,-1.6263840551187023,-0.6347758043324343,0.8127803771728759,-5.046685881825557,null,null,null,null,null,null,null,null,-2.6474371130098584,null,null,null,-2.1761703667093495,-2.376176096279504,-9.553296197466171,-8.327853839128283,-10.331384289957649,-5.257663964197845,null,-12.005976921477567,-7.167045312613942
-8.028387016657433,-10.093408351520948,-11.335835901269519,-10.376099201157132,-11.82092995848623,-11.666340011211236,-12.225095642859996,-11.606510536156394,-9.41923491469712,-8.490544032121951,-6.2913283933242425,-7.843981425012274,null,-3.7882016467338087,-1.662472950360818,null,null,-1.3823300671978023,null,null,-1.376556950111713,-5.964409478019698,-5.8725232394772515,-4.791710407778139,-2.310755037810889,-3.693095892670601,-3.595277997234448,-6.385756894376016,null,null,null,-4.974451011731949,null,null,null,null,null,-1.766923318517545,null,-2.136626676096653,-7.369793333112906,-9.425592158813624,-8.809999361195326,null,-11.140581966051771,-8.737828477109332,null,null,-9.596811605562829
