public/json/wind_2018-09-1602_850.json
{"header": { "discipline": 10, "disciplineName": "Oceanographic_products", "center": 0, "centerName": "Ocean Modeling and Observation Laboratory", "refTime": "2018-09-16T02:00:00.000Z", "significanceOfRT": 0, "significanceOfRTName": "Analysis", "parameterCategory": 0, "parameterCategoryName": "Currents", "parameterNumber": 3, "parameterNumberName": "V-component_of_wind", "parameterUnit": "m.s-1", "forecastTime": 0, "surface1Type": 160, "surface1TypeName": "Depth below sea level", "surface1Value": 15, "numberPoints": 4800, "shape": 0, "shapeName": "Earth spherical with radius = 6,367,470 m", "scanMode": 0, "nx": 80, "ny": 60, "lo1": 109.0, "la1": 20.0, "lo2": 116.89999999999955, "la2": 14.520000000000117, "dx": 0.09999999999999432, "dy": -0.10000000000000142 }, "data":
[rows 38 to 56 of 60, columns 0 to 42 of 80]
-16.97482568736946,-16.867966698200647,-17.01623952723352,-16.891304978804623,-16.63449142788804,-16.00109208729024,-15.903379040591162,-15.325975651321965,-16.241904231584172,-16.438660067930403,-15.867595973725127,-15.647478147363728,-18.721993219020092,-15.553933180055417,-14.444544784096863,-17.99152585700857,-17.814085385144974,-18.04740834171975,-17.52214156336633,-16.246315248643576,-14.02964642535326,-16.372608441933075,-17.153918323510638,-14.986387753505818,-17.377168023966284,-14.817544149054141,-14.088837928846667,-14.520153694757866,-15.419746962463247,-16.434181915046896,-16.951623916133745,-16.02976529838158,-18.74745353649152,-19.743595471189415,-20.59684443263196,-19.688627395599795,-20.990016945911808,-21.865547619235137,-21.65522007106655,-21.99714243712841,-21.027534409624444,-19.61618350935306,-20.332594045370712
-17.065275215405414,-16.512175025589066,-17.34887620393455,-17.518144610266834,-17.304410911133186,-15.612194776170378,-15.866624423007481,-15.159907032250258,-14.808821277595822,-16.18879157429581,-14.288868813499253,-11.715138779701373,-14.500605003048257,-16.798959031042806,-17.662151428270274,-17.528144919848234,-17.84723798801583,-18.855307697626337,-19.939948718904024,-13.359880724221199,-16.2128993916182,-13.938579591366114,-16.526747441313113,-15.342892286938337,-17.18546578065558,-9.443213123210759,-9.759276762818885,-11.693061790173934,-14.066879662681284,-13.134440727013967,-15.208237784933694,-16.98440256798068,-16.501086003468576,-16.813145027267133,-16.718741127875667,-19.326645484013326,-19.38537109299698,-21.10739248576901,-21.3525711082213,-20.853121031672494,-20.716594649971224,-20.501866788434196,-18.897366736277952
-16.15819600276418,-16.45571984235683,-17.790170512597456,-18.295493745435472,-18.107405993954945,-16.354817548117055,-14.988732124348292,-14.227360460151182,-14.58708404698324,-15.368763910704322,-16.503456422974182,-17.067693833969997,-18.57095561232972,-19.720165000757785,-16.437166479511387,-15.190290769260592,-16.602312586645233,-16.92659609650923,-18.61448200811028,-19.138052081102696,-16.386110011479882,-14.356407685295958,-16.897060884386082,-17.840507417041664,-17.180303925174023,-16.798602773027014,-20.884834615516375,-15.737488680165363,-13.774194924232384,-14.840245962161806,-16.75603719530068,-15.774371092404149,-14.957780481092406,-16.37888612314322,-18.55596721083604,-19.53643938772366,-18.986171835157215,-20.135724661941993,-17.463246166824312,-17.80057538347974,-18.233943649085383,-15.963423494958704,-17.335455125590816
-16.908996259188687,-16.021237425155057,-16.0744177113444,-16.94977504540783,-17.54819027602022,-17.923352816296017,-15.882157818235166,-14.766044456555322,-13.796678591581482,-13.97522008398922,-15.772102076229862,-15.950339598387792,-16.401194743642847,-19.23740275254134,-18.464794173779175,-15.58164968538327,-14.10431195581846,-15.415391259709057,-16.030388071538503,-17.593690823700957,-16.547389342425397,-17.10839904530438,-14.824597404671875,-15.19799115249443,-17.89290556790617,-17.68701312011412,-20.1638897434147,-18.670707592763506,-17.49990153975762,-15.06971531672366,-20.059826882171876,-18.64061785012332,-14.58591140219562,-19.26535087334115,-18.235721084332,-17.57656564572399,-18.449381254775894,-16.76045742617118,-17.4847020916467,-16.839737063239273,-18.035222983890023,-16.691211211626417,-18.138883028935805
-16.308859073535263,-16.251504295930932,-16.20932455675876,-16.9921078136212,-16.58759952074487,-18.61911527491573,-17.088302271331017,-15.357830820939053,-13.48989429661011,-12.412935236590918,-13.102853316533585,-14.457255898738143,-15.014012349700549,-16.119820108628,-19.870469371995412,-17.109586833583293,-17.18375922540777,-15.703716764550435,-15.605514524481409,-18.561259602762085,-17.791205795767496,-17.053748656265636,-15.787005946017134,-14.593714726799433,-14.177188563669016,-13.947953173262528,-17.066219536434847,-17.756175054694623,-18.480390658918754,-18.361518671976974,-17.41534132232426,-16.431149148740428,-16.57883178739037,-20.925987514555867,-23.278799938339326,-16.045445803169883,-15.17609409384465,-18.36084269187168,-18.42748306520751,-17.61185034736733,-10.269635742962254,-15.793953188617394,-13.500496868718447
-15.657201245996394,-14.789560690180627,-13.995044819426003,-14.844939184307018,-15.857093619314773,-17.34105085467516,-18.05803059711474,-16.685021894389177,-14.522598054258204,-12.437929669318269,-12.096567268473349,-11.734513537146686,-11.216476797918721,-13.393741766863275,-17.158554595995813,-17.622655659526533,-15.803116040191593,-16.195566906538673,-17.23366631774153,-15.057013671925223,-17.93242966693492,-15.351704866117146,-13.533608694176285,-11.920707761146328,-13.031022610657786,-14.034434025400193,-13.456113028699322,-14.70532595860386,-17.542200920967552,-14.49700376681178,-11.885752882476657,-11.43822402346548,-16.19590171341429,-18.302136600096023,-17.361647130843924,-16.77895747167283,-16.661521297628372,-14.844597628425428,-16.88460164907983,-14.438534964869433,-17.149932275512644,-18.06881367366313,-17.945208295124953
-13.951192998414662,-13.59265460018388,-13.5990052584426,-14.233772456595625,-14.883734093803689,-16.527355367660494,-18.60675435727248,-17.65467710804731,-15.592010262525392,-13.566948001373555,-10.822142571595208,-8.491408853973143,-9.53348255781505,-13.387374111862274,-15.434686382408639,-16.533700605867825,-13.93050839168929,-14.426035550802638,-14.011667736939769,-12.3186595759057,-15.272213636159414,-15.16339989528057,-13.4621265661476,-15.385076727769057,-11.095348952220606,-12.115991269590959,-15.213232463458922,-17.539901819265264,-17.77797324291772,-14.412846665001842,-15.714838802995894,-13.211047351207062,-16.070308428347378,-12.059623003099677,-14.664373603875495,-13.87404401775262,-14.031955721423946,-14.255154641567177,-16.05781630849844,-15.310840912618843,-19.50596918680135,-22.56835026979241,-23.10042373728739
-14.228496435866644,-14.453854029611353,-14.108913842478577,-13.586311019569491,-14.326204654289702,-15.553273424740182,-17.484169797515523,-19.101479438071824,-18.20723303410353,-15.719011249570636,-13.296584069324137,-13.086559250212312,-10.470545447392437,-10.152550028573067,-14.3955480955741,-16.342726720665272,-15.68685689940671,-14.665877041618756,-15.738579151228668,-16.17462226420657,-16.59810416618472,-17.950742608218512,-16.829715219431804,-16.785758500103228,-16.598604414138947,-17.043537491789863,-16.019904588165197,-16.462883110881275,-17.924929478744467,-11.869531667554366,-14.89771771117286,-13.504052132097705,-15.52193325507523,-15.906150237867765,-13.295028382505013,-9.910247230142916,-13.36909763284377,-14.314000710672119,-14.554160818326256,-15.089970668107537,-16.06043960097838,-15.965027728310286,-16.65747902222064
-15.332749196197744,-14.824902793880636,-14.272850945023974,-13.661120858388799,-13.459337000533566,-14.681726434994122,-16.669402631567614,-17.860274679474188,-18.805224671191038,-18.491101686213874,-17.320119795189893,-17.15459467159628,-13.458110287685262,-12.987187318858144,-11.079473895105561,-15.101650592145754,-16.304835919451783,-15.462494176962599,-14.55810388665098,-16.164705661301525,-17.454010065279675,-19.431523672599603,-21.574904099499538,-20.200578456478887,-17.40348425042631,-13.961035702819265,-14.573172732530713,-17.539722183170728,-16.511737698154633,-15.907062936082887,-16.130531058707707,-15.330602724747468,-13.747312576715176,-16.14035336441031,-15.296349284155138,-13.842334168143157,-12.502927923951573,-12.629707023533282,-16.72543400043188,null,-16.311639268466205,-12.291619939585336,-15.296510912567943
-16.12440335038388,-15.802024362710844,-14.383673160928431,-14.238264651676877,-14.18282069840496,-14.906424916624823,-15.766265553477243,-17.6929988271241,-19.043556279983736,-19.42789352703822,-18.05403821365969,-15.92429898827665,-15.518667717471725,-12.783103824201806,-10.50258499428093,-11.075061477592048,-16.167792571816918,-16.156881863483278,-16.44418153633521,-16.681253004667468,-20.347579959714903,-18.954238429849447,-18.43068607672246,-19.080574573078415,-17.837798146163433,-15.06376749526654,-15.844007296727945,-16.67884957403667,-16.960318577721278,-15.26664795976806,-18.18638800307721,-15.323245738867726,-18.191175722141256,-15.155328720121725,-13.521049486367046,-13.81386462144294,-13.058513369457232,-12.441594972350357,-14.461379342779509,-14.676284605396312,-16.665232066042098,-17.1789221730203,-12.74915681705344
-13.775027966879327,-15.474333067521787,-14.841985599730222,-14.491213198110351,-14.558660803874144,-14.398976440152232,-15.20258989988385,-16.236912291825945,-16.583308928647735,-18.80039946921799,-18.6833409390784,-17.56391237152348,-17.516413857910635,-13.875875742013466,-11.105351299689685,-10.568535641814062,-11.942596154010545,-18.94770423462053,-17.125098678099874,-18.07489373048722,-16.28401568144149,-18.859548664698842,-16.63515755202017,-16.948089799324862,-17.52060583810984,-15.75470396763339,-13.994775371441039,-16.683340606273873,-16.19750603472982,-15.605727377539058,-12.703664552784304,-16.13402137860167,-13.769816748341654,-13.093404362926567,-12.264806803848042,-12.143456790602468,-14.020673845718896,-14.344101107006257,-16.36943931886873,-18.74732178071439,null,-14.706350260430309,-13.902876821618126
-13.136026978224153,-13.565484771449873,-15.03425326981872,-15.2908307295594,-15.405006905797325,-14.627259723445244,-13.175866854014354,-15.159583274798093,-17.06422455958614,-15.47105592387466,-17.78428509695634,-17.34486148216915,-17.040675093531387,-16.91763084001844,-14.009916719149517,-12.341357029162637,-14.230605414134097,-12.869607755901379,-14.912938586499026,-14.23611478730808,-10.90704445759316,-14.536652985843117,-15.264274744064224,-16.47464358405191,-17.79202661224256,-18.217510355472907,-17.011996697605372,-15.729704586528381,-15.731699264392184,-15.211420099031706,-18.445694410682112,-12.105587402879838,-12.733500429895484,-8.71598887730234,-12.460439722669207,-11.707369154494673,-12.045510217204571,-10.59714247905636,-10.86532401268627,-10.59006646698582,-8.301020207936737,-12.07299345783302,-9.598052201771893
-13.694734732709824,-17.323092158418028,-13.365434925270073,-14.17547483597228,-13.351483898730331,-13.962517473813318,-12.817907007293492,-12.303633973590792,-14.280584587867716,-13.228781043611328,-16.9122301006338,-17.087321627884254,-16.49459930194654,-17.866687412272434,-16.159485380323652,-15.216015142560533,-13.787839096950174,-15.627989302468379,-15.85592213326419,-11.429193444759505,-8.791186869214464,-15.649856907019899,-17.573013549945152,-18.11786271971995,-16.75044554423494,-18.36248899773765,-18.81311826374208,-18.07265298413674,-15.74083359636852,-18.344482946373926,-20.473935322691965,-20.780851800908174,-18.762440975544813,-17.070680731430887,-16.2941711739475,-17.779484688524036,-14.969996695953805,-10.991286584368915,-9.862431259804044,-8.713806779755252,-9.894320102097893,-11.573843916543954,-10.810183775445978
-13.974255388885137,-13.266152193352713,-14.347181428298924,-13.05984092202239,-13.17829515197366,-12.593376560695596,-12.032598263112463,-10.383704950076464,-13.573763051614094,-14.446772651064812,-15.151247518000133,-16.675558898167306,-16.729849862626114,-17.423168498690806,-16.366799171498993,-14.273580970543911,-11.85818737398187,-9.864333412343177,-14.328083438957762,-15.445623206160825,-10.144018685175192,-14.074014151277392,-16.41400464088328,-16.210975098057677,-16.802803529437327,-14.941581707961545,-19.06446355522881,-19.632929226123633,-17.44283783350229,-19.577272828830967,null,-20.25261147415024,-18.90811932756648,-18.496036293294196,-16.51117252142062,-15.530124011634417,-9.445787378078279,-9.206902895239272,-9.886154951784869,-9.03258563497957,-8.470960195807294,-9.85807987055081,-10.247324779722737
-15.922156477900593,-15.010266649669818,-13.837102460280438,-17.38605064302804,-14.941736091614017,-12.989881213493291,-11.258435992582761,-10.060358564397559,-11.474497994094513,-12.661673198195851,-13.911765272856055,-15.7222984803531,-16.052361509622283,-15.921512747228505,-18.485885214126267,-15.528788048041738,-16.77653247247323,-15.080415501157963,-11.287653393418076,-16.526886902098024,-14.393400608250307,-14.473211666893299,-15.585489154922803,-13.830546470189972,-15.242268083159747,-15.848749875037406,-16.846885206073505,-15.776618782906965,-15.110662381861065,-13.47060404883251,-12.330796855720743,-16.294339639046214,-15.565730273085318,-16.287508148177224,-12.899018619024048,-6.700335518070896,-7.420151436925463,-7.253810808736377,-8.15173487357256,-8.3255010972251,-8.195763502648127,-10.425154153331437,-10.784478455593916
-20.307075654831287,-18.926537775335202,-18.800663449385187,-17.380946799655653,-16.762055671624346,-13.998398945894698,-13.584715060838068,-13.09202737046111,-10.940844549475498,-13.627219581458988,-14.169814000662441,-14.912676468404765,-15.418902241706679,-15.023955029196895,-17.132961510829528,-18.202394993677323,-16.406975716151038,-15.855158342361973,-14.652003107467296,-12.750308058800742,-15.653985398254376,-14.68967180305571,-13.941390237561368,-16.35611543554115,-16.822359502005853,-14.135358383642373,-13.075721762661908,-13.824944497098535,-13.371704998300864,-12.644073519429023,-12.706058165218899,-13.446661473875048,-13.80742645803628,-14.619793603761364,-14.336035479798207,-11.379342038912588,-16.394647865380602,-11.79806057764636,-4.408503813823597,-7.912532402703315,-9.047437324109584,-11.21181751864235,-9.823182298131943
-12.905011221785665,-13.719934988174911,-13.313207164770732,-14.946779745512753,-14.574280060116353,-15.980846377640987,-14.896436617182726,-14.391485258079204,-16.532708041673065,-16.521963094821437,-14.468973596189699,-13.495098994878632,-14.054025322238015,-13.463308872352231,-14.6383911102347,-19.195684362853385,-19.431322796846878,-16.77708453630071,-15.935780367514267,-15.630486130717372,-17.625202169966155,-15.406017150519075,-13.822271177038719,null,-13.482254525743723,-11.782299475850351,-11.442720025020543,-12.228499961993137,-12.562033514876319,-11.82001753210925,-12.226967107204363,-13.033263652643495,-12.554283540640725,-13.557196736028724,-14.277032570128549,-13.498348936912269,-14.891611200706091,-15.686672372462752,-16.505660845397024,-15.42858627660019,-11.395780111667673,-9.130383414453213,-9.64166022086831
-12.716025081551441,-12.624112535429859,-12.924287952371031,-15.04963820203737,-15.972777585741698,-14.973296526464681,-14.180505592304101,-12.180740753812072,-14.384843866527575,-10.411774267277702,-13.774826823218172,-11.935263932927388,-10.87689710385281,-14.263859639690297,-11.410179929529448,-12.242902210411778,-15.857066610339196,-16.402736399319206,-16.612778426875796,-15.936186136519746,-14.386649882937816,-14.362247622235415,-12.896946591361374,-12.84516153163993,-9.537792955161574,-9.563590134791168,-10.070152159685113,-10.128924747334274,-11.634422032433404,-12.264847332906525,-12.565115193356991,-13.291497783264898,-14.170037236127019,-14.449050330972959,-13.636474229664044,-13.64705697111549,-13.391450330763425,-13.551716058374423,-13.820283630539434,-14.016895364357726,-13.588152845873214,-7.603234418921002,-6.829075003495876
-11.72116332619903,-12.323897851245002,-12.377060297606075,-11.049577832592925,-11.980987732089385,-13.489171881236757,-13.012095541269803,-11.417553055230576,-9.121839949259403,-13.302820014223013,-13.000561781624269,-12.32040147454891,-14.98859137599253,-11.167582686536182,-11.436531821077445,-9.625961967898977,-15.309192965881696,-16.45762298219259,-15.19101415685176,-14.248011526402868,-12.805258223105344,-14.230717602609706,-11.9104763750019,-9.637881946520592,-12.985704839251632,-10.492287800008434,-12.353153447431339,-12.959736354005866,-14.165342402403162,-13.062246173584485,-12.568300280569934,-11.894072426106272,-12.812623790586793,-12.340881567511229,-12.549366450507108,-12.66797023958797,-11.895934871066384,-11.498106612279848,-11.728074582081584,-11.973338676251911,-11.773310984194023,-10.77558951002783,-8.145382756821625
