public/json/wind_2018-09-1607_950.json
{"header": { "discipline": 10, "disciplineName": "Oceanographic_products", "center": 0, "centerName": "Ocean Modeling and Observation Laboratory", "refTime": "2018-09-16T07:00:00.000Z", "significanceOfRT": 0, "significanceOfRTName": "Analysis", "parameterCategory": 0, "parameterCategoryName": "Currents", "parameterNumber": 3, "parameterNumberName": "V-component_of_wind", "parameterUnit": "m.s-1", "forecastTime": 0, "surface1Type": 160, "surface1TypeName": "Depth below sea level", "surface1Value": 15, "numberPoints": 4800, "shape": 0, "shapeName": "Earth spherical with radius = 6,367,470 m", "scanMode": 0, "nx": 80, "ny": 60, "lo1": 109.0, "la1": 20.0, "lo2": 116.89999999999955, "la2": 14.520000000000117, "dx": 0.09999999999999432, "dy": -0.10000000000000142 }, "data":
[rows 0 to 21 of 60, columns 0 to 49 of 80]
null,null,null,null,null,null,null,null,null,null,null,null,null,null,null,null,null,null,null,null,null,null,null,null,null,null,null,null,null,null,null,null,null,null,null,null,null,null,null,null,null,null,null,null,null,null,null,null,null,null
null,null,null,null,null,null,null,null,null,null,null,null,null,null,null,null,null,null,null,null,null,null,null,null,null,null,null,null,null,null,null,null,null,null,null,null,null,null,null,null,null,null,null,null,null,null,null,null,null,null
-14.168508483930426,-11.627497024075605,-10.160550868402286,-10.281907171185953,-12.351192180550813,-12.648301107272198,-13.248363431982442,-13.51693614788238,-13.78706821684089,-11.71673167468556,-12.292178300384919,-12.643461987762333,-13.776869772270777,-14.386178770397711,-14.682001137485047,-14.480461650931744,-13.54496992964291,-13.010855845830815,-12.364038577302086,-11.560269311906584,-10.417783812931255,-8.874346286162002,-7.694546302296645,-6.360075451085738,-5.645477145803537,-5.354619783101612,-5.475295804832989,-5.089884168804705,-4.565857681908229,-3.715076047098165,-2.927915919503127,-1.7657009394818846,-0.7414186646767922,0.7900356400730708,2.6978306844955995,5.018000440199377,7.209558181404715,9.176389167961812,11.250516326391168,13.515311894452443,14.836525018663696,14.945992496757693,15.748370760402242,16.936368365252566,18.64136041303514,20.779867188961056,22.332707456370954,23.16835132393095,23.936022283531013,25.028615663628095
-14.592240420849627,-12.850012353771284,-11.518128414182467,-10.495842091384166,-14.434789277217405,-14.044444750690063,-14.553723659902944,-15.405498830061841,-14.562066729678303,-12.609369361875602,-11.867579413737241,-10.747641960015885,-10.38758322791843,-10.314276658564731,-12.051868709480042,-12.566632449353694,-11.243935129058272,-11.213382115928093,-12.075985278569599,-11.658624852673748,-11.09065852708357,-8.478173826320575,-6.416789452941576,-6.368832383999486,-7.1788814084525665,-6.092154583218619,-5.461667596951006,-4.75015668124104,-3.9412292332964336,-2.1486671141374822,-3.2585465338606285,-0.7492733972715677,-0.11489323479710667,0.5309103350730486,2.6188291346407766,7.050927671555416,6.481663457696239,8.925371406994628,11.910125456767904,15.764328610878422,15.350093792669181,17.447127451967134,18.76396455195342,18.073297002698155,17.92502201580677,19.31352993157415,21.188721880527194,23.975675004893056,25.646532176801166,26.183289544698063
-15.29308937666488,-14.12201534009329,-13.566589855870637,-12.435660540509959,-15.53377062190081,-16.040093066098855,-15.002765492095383,-14.568814165624214,-14.053784905061946,-13.089048058462152,-11.853847540061516,-9.684240626068236,-6.942825496401058,-9.503356393945799,-12.2163145089008,-12.112915548325512,-12.257570435155928,-13.341505804116471,-13.792976465779121,-10.550217134392732,-7.4085808182651425,-10.12208214924062,-9.332754384914955,-8.887806420009605,-8.61385909996346,-7.82674419152343,-6.50656505550463,-5.8877373945041285,-6.131979711750095,-4.104565689515449,-5.637904422605484,-5.236480276762714,-4.189271116450912,-5.856205659344692,-3.4239358788100844,-1.2657376872972361,-0.4213029344685263,2.3948980197908876,5.028762913636655,8.517207078697945,11.149930984155002,17.004928181524946,22.61821576118297,22.8888031845229,23.32780440563527,21.68952962600683,21.600822492658647,22.27052295738965,24.150181052702546,26.6097365604679
-15.597658726300772,-14.734108810881795,-14.252074968562265,-12.636302573186178,-16.06733681436413,-17.509929996627474,-16.21309285856595,-15.080870221790214,-14.150214321151871,-12.275733827766466,-11.230575548016878,-10.406351761659119,-8.527595703263442,-9.342305473364735,-10.873295454465321,-12.769335059707803,-13.463528619345428,-9.39923036494074,-9.59760147308349,-10.958002135731046,-10.928963690599167,-12.33218463159097,-10.527908454464121,-9.479483267037143,-8.823590509575938,-10.18449774088484,-10.065291738508686,-8.88332010974852,-8.392116830821418,-6.971531158136349,-7.343254309071833,-5.615902242955374,-6.786438767614112,-5.957960025425307,-3.8598000279229723,-2.390056590716881,-0.02761163107428643,2.1637203330599997,4.856079893005001,8.302763014109043,12.190304336966516,15.413273746362048,14.267516765016454,26.17502808530464,24.281464971236446,27.351154261638694,23.801092459539667,23.83132747651255,25.181352728830735,24.87296818854381
-15.332014294160613,-15.285565060523668,-14.290180179730523,-14.637624000142011,-15.885895283601691,-17.495704997194036,-17.928566859526807,-16.9553147123645,-14.345467728064493,-13.033330480135557,-12.487614032722057,-11.270358161086651,-10.467715022179574,-10.62065740426275,-11.323409789857013,-14.552173866838874,-10.65946260799743,-15.550143623541596,-14.855276166605769,-14.797122527131203,-13.015576532207842,-14.294302611572398,-12.813224208145048,-12.790092243015852,-13.078798821088506,-13.332102066629329,-12.279549590112037,-11.159282780023393,-9.962475853839571,-10.460849847690787,-7.753252475902686,-7.308964269467144,-7.186407124883904,-6.78871155777868,-5.548526369384986,-3.2336067737491763,-1.5320000205437383,0.469257593188125,1.1914217251207633,6.234803394758929,8.145998948843404,11.345319194997316,14.989322211856715,16.128169835618213,20.687654392165026,28.233994503588274,30.757740548642314,26.857088743519643,26.53126762042105,27.51289518271099
-15.075480026471915,-15.669922504223585,-13.535239812947312,-14.792052021627985,-15.446506837503518,-17.234511516972827,-17.77847697581575,-16.89284696467523,-14.981604900867277,-13.838709082778596,-12.687974322849293,-12.430439472432662,-10.858139560018856,-10.154677473901945,-10.524979628067749,-11.635675443465338,-15.487941106005772,-15.887517498348213,-18.358162601276078,-15.5118348413903,-13.986937765291959,-15.188159823258609,-15.237956043719096,-15.97646919875693,-16.18010390510848,-15.079000875448198,-14.293346225767472,-13.102046621975646,-12.258325318510146,-12.283987146212045,-9.245614059689826,-10.457534651050238,-9.066567138860353,-8.263903990864465,-6.635572257869548,-6.035863372059969,-6.040179881681064,-5.291647772367154,-3.254198085606423,1.3645260685324923,4.303535167429365,8.092398368550066,11.917414266780012,16.389316838517335,17.49960867122899,27.921344115704343,30.436043903853935,33.24794365516159,29.645414162397785,29.238788880340728
-15.250650984501961,-16.179112585338622,-14.609870804781524,-15.41111661900884,-14.955595864454128,-16.575848993332002,-16.824412371127618,-15.51715278856961,-14.835250054850079,-15.036081721986617,-14.438771550246797,-13.240275280899667,-12.859021352111434,-11.113149122072853,-11.419844948106059,-13.755799742259132,-13.984074442838743,-19.416419976189065,-14.293919056819922,-14.09429699446884,-16.810259730789717,-16.442166028512247,-17.09866237685132,-17.66633073248649,-17.286659595088985,-16.79339823531484,-16.089545437709408,-16.204083149635267,-13.692833910340799,-14.182234772246678,-10.388594257197468,-12.110575641700393,-10.41732312794998,-10.580271705795301,-9.653550103687538,-9.272392928901585,-9.12484732633602,-8.00092223399044,-6.3655481697122624,-3.167511616545125,1.0599127700790552,4.95049668078268,9.73035486410154,13.494995875263193,18.19059490560498,16.8615979476793,28.093987755693114,35.77340209809948,34.90420069741351,32.01810333059756
-15.415859633900427,-16.1900863633323,-15.79620801369102,-15.304736268863518,-14.269727716554428,-15.391867708440902,-16.049267148807797,-15.408801558996938,-15.205083134551247,-15.917286531716538,-14.951385950858233,-14.62378794387807,-13.813665230622536,-10.422287076487736,-11.185377667927956,-13.31274455212552,-18.381734302680478,-14.685863909034527,-14.757554119232077,-17.31427327279447,-18.095098851547327,-17.383920058021378,-18.46192495198005,-18.9808272515475,-18.649167652751046,-17.971869920050533,-17.0937523567086,-16.94386548003802,-13.968497863472308,-16.97900929305144,-14.086273169665027,-13.963113867635201,-11.770711689899123,-11.110579525634655,-13.652052289548783,-15.591174288407114,-16.33704159210582,-13.95660689638987,-14.442004109952354,-11.746495429231905,-4.573020368716627,2.126074015205414,7.553559127230646,10.849071257587982,14.812969128156336,20.182958522956746,21.41410430452612,36.952837362110095,36.36287173238827,38.753472848993546
-15.518886016869432,-16.75425759788439,-15.586702046806021,-14.943846185867027,-14.248492534041176,-14.504403774033445,-14.568199403334853,-14.552624776170092,-13.921221413408613,-15.296705928342213,-14.368073413016038,-13.814941275732467,-13.169049218688748,-12.375346034594736,-12.428507133121744,-15.493196860275866,-16.846500846423726,-15.953322292138708,-16.8070266908163,-18.06847655336007,-17.73183908337493,-18.508629959937938,-19.026641499946116,-18.84912428564101,-19.66988325168173,-18.11749619878651,-18.586650127266925,-19.304052755081166,-17.703669254549293,-19.416565119819335,-17.769025041765314,-17.097948181596617,-15.131089969350192,-16.401910298466625,-18.709062603434127,-19.665618674994832,-20.159019691958896,-17.25952555047313,-17.05102412123758,-17.57734242684348,-9.406457972306123,-2.2650320407620774,2.547551529490271,8.351683627946702,12.438087070734195,16.644047004115894,19.428887329686923,34.9326462949127,35.54231999466394,39.98122828761943
-15.635349968980918,-16.845393707834372,-14.865907780594785,-15.704171542427922,-15.443549422221889,-16.83056291923939,-16.669683687910613,-16.01557399279897,-15.30923669033362,-15.132454211447154,-14.49828777379894,-14.147325288048586,-12.475063654607698,-12.78281670457633,-12.66740445601891,-16.62385186334529,-16.965598368980093,-17.590181989996236,-17.792813878473158,-19.18525390236501,-18.471070906731665,-18.877332193859793,-19.681047786421843,-18.908897315781424,-19.021495397976636,-19.58546468015374,-19.26588794698877,-20.707257691999217,-20.216923107717093,-20.718280605879986,-21.72242398180822,-26.455301002944605,-26.223217565478794,-22.81342106044068,-24.219328140530735,-23.341248661064608,-22.737818438551542,-23.084616850185476,-24.23724852189344,-18.785857914428316,-3.172592679370744,-2.7532771680263686,1.3477574504029473,7.014632026585346,11.669974528005332,15.435267595110684,19.35811237745889,33.30488946618692,34.337184326966195,40.73945711997895
-15.38054317168241,-16.60494487703408,-15.198230265210366,-16.049156980047936,-16.783915423139504,-17.895100957981654,-18.169868363746936,-17.258019008073465,-16.34630203303353,-14.841298118479429,-14.703873502846694,-13.726270851076155,-12.010041661979812,-14.589529765544299,-14.68191057562661,-16.420191192866245,-16.51064927727995,-17.95046836627401,-19.82563559761772,-20.48315868387979,-19.81310677385845,-19.707154968543378,-19.896002831986088,-20.31161572083211,-20.291703743345057,-18.509235586105945,-22.45875324883093,-19.489975422810723,-21.08730519017113,-25.944951267944646,-29.325900199538978,-29.90376413034738,-30.527644074355464,-30.17043498321582,-32.11261421651801,-33.84072389958985,-32.98846628738478,-27.526248923072796,-27.284650647534157,-19.691365925726654,-2.1293079538294597,-2.1586452173293935,-0.5934034637611131,2.9567094864149075,9.152757040073233,14.596430562701691,20.57192992406654,32.5436936679847,35.550548295173975,38.07194517607473
-15.147384697581028,-15.646643202523858,-16.034668688042093,-16.9525015652049,-18.057086274459174,-18.761439199547223,-18.611067194310237,-17.978533984932124,-16.67088023063146,-17.320283480821452,-16.166147436570732,-15.486736108505504,-14.061469027719493,-15.83379555446744,-16.622944252689212,-15.751903341589578,-17.197786486698586,-18.34335299265514,-22.49579263207769,-22.2149303101153,-20.860633573791677,-21.089652712769137,-19.45181008789788,-21.501780710737087,-20.812342046455395,-24.874315632480222,-22.074982798740507,-20.40540821911186,-27.298746932302706,-30.535043769922975,-32.554291767235,-31.690683315134127,-31.11429462129233,-32.174125385504425,-31.51703485382125,-33.59839284434695,-34.10964122649169,-30.192098366970846,-24.067791468350975,-14.461413876665322,-2.9017131192696466,-2.116878263547912,-0.40621723269780796,3.558031774427256,8.036700834952736,13.029445954705768,19.551864171441615,25.47157849485193,33.057366831497546,41.089727867304234
-15.276201953646869,-15.495753638413298,-16.543133677549847,-17.17904058021285,-17.797050129397807,-19.88501259845314,-18.74906655115659,-15.985917834752438,-17.82771068138613,-17.499470071153702,-18.161134437005334,-18.104328880917464,-18.2689086401071,-18.323949242450713,-17.72723342941641,-17.775350175553086,-18.24189551539318,-20.579711991437613,-22.03928931638636,-21.499967918271874,-20.8798058447799,-23.126081348534775,-23.503381575995697,-22.046551693675255,-23.296604111328566,-20.4592681054824,-21.444610281167634,-28.68414585334542,-31.264670337466825,-30.842972064803856,-31.567869297837063,-31.38614754227514,-31.050627817659056,-29.843538666733537,-31.403965427443662,-32.661663168161525,-32.48006097234867,-33.62847560977105,-23.576158504549447,-13.205366396091389,-3.14388339899773,-2.3791000242870552,-1.4983128291820016,1.0026710669457812,6.899344848798,12.863447463809088,18.038297842519498,22.608329849553037,33.13924000531799,40.40424443895378
-15.2715995921149,-17.07379550311084,-17.92987926556116,-17.351120288127063,-17.598258437648923,-18.765797394705018,-19.17307308258876,-16.94266668998868,-18.48096721883557,-14.930507044900695,-18.22643922267338,-23.033905007581684,-20.70374580954163,-19.328116471451512,-18.048248522360232,-19.895664445157,-20.582347129112726,-23.4568411834316,-22.785171894198786,-21.369538845602367,-22.24096423077652,-19.911168680818065,-18.25291100963291,-22.25344507925245,-17.202556014498533,-17.935252256186093,-30.47497418263531,-33.25437388742441,-31.16409847805633,-30.499179039437408,-31.02452455848664,-29.168285770566772,-32.28966527914321,-31.058225020960904,-31.59523100410295,-32.78858332349469,-29.399093246592923,-30.151730645071968,-21.630178220487757,-13.037248296269313,-3.760141974764915,-2.309681519880954,-0.5006945863842152,1.5236005988954942,6.2510506884193795,11.442833975804193,15.59995161295281,21.883550316553013,33.141549323867906,40.152540765136195
-15.985710912950193,-18.185952823019235,-19.06979288741359,-17.69368074722647,-17.79924838693952,-19.41154679464927,-18.62146566079977,-17.230432833286375,-16.003861097054653,-14.264881467948188,-20.975792208230896,-25.8875017138276,-24.055879112598575,-21.06321582766192,-18.98550000268627,-18.92942944741788,-22.272128457962744,-24.18187489740839,-24.33043322260543,-22.817965880168558,-22.355207813497977,-25.52910201526245,-24.139447442027862,-20.25357500057158,-28.576704278818564,-35.23244343110531,-31.371589018077817,-27.02969345669996,-31.052467685249606,-30.99021870843934,-31.5026311021837,-30.31023432976042,-31.771075530909926,-30.436490044319154,-32.040153397614574,-31.54344165509557,-26.361023969554044,-28.998206010592884,-23.692817938477408,-10.529114128851841,-0.8668608099551164,-0.5785144503901407,1.619358276532422,2.47864222753287,5.685955329727863,10.22261866488335,16.616117504090035,22.546676846444825,31.102354438188684,36.00663637284727
-16.69235105712675,-17.932624174033396,-18.20174468023861,-19.92369845776875,-19.195773228836917,-18.997668788377723,-19.632104407229445,-18.575421001434705,-19.216352050126925,-17.055878393105502,-20.55383167359838,-25.478618766906596,-23.60738532658215,-22.099718949576797,-21.531009044401898,-20.729516352312245,-22.816817044174194,-24.79026385708061,-26.612338930381114,-25.69928182111217,-26.639760075819904,null,-28.667148903852034,-22.860543454043242,null,-30.017530409371073,-31.449965286145183,-32.58266994894059,-31.982544479332045,-32.34083443829523,-31.24000210302009,-30.01663840830141,-30.795946870036623,null,-30.416425566253587,-30.5772092373238,-30.0289906060876,-26.847414902641138,-25.93811632209517,-5.415524266919191,1.7650433653591127,3.866332340968313,3.761039874643278,4.062557716528018,5.120931811430638,10.348671796496317,17.15441872561963,24.636217101076266,29.234400670825877,33.85280228529639
-16.83618115402136,-17.50691553871033,-17.930105768449184,-19.42526168549798,-18.53206205311703,-20.29704839442013,-18.845202484330006,-17.596698905103718,-17.052971713517735,-16.69016879404428,-20.349731342230772,-24.706585723575294,-22.603561985140303,-22.66245366309845,-23.61595193184347,-21.203425005749263,-25.293500072146,-24.5410759598501,-25.20906246459204,-23.491034926762556,-24.547009708609995,null,-32.76437644813334,-19.180326745820764,null,null,-30.03339026666033,-33.29581164395155,-33.128157676379885,-30.957696387844578,-27.973184005566544,-31.92845767486085,-27.63631255749027,-31.002471566133522,-32.31450666496792,null,null,-25.212413362486828,-27.955620553540175,null,2.6133377665302957,3.595832564078253,3.648591178551881,3.684749655575587,4.947608399787425,9.951683577793762,15.32199765522694,22.02815620778366,28.479309147118325,31.089020293689675
-17.735862760987004,-17.550321659968017,-16.938700692446155,-18.932196307182995,-19.45536650829888,-20.439587064586792,-19.799465070350646,-16.853828952765554,-18.120306865347388,-18.355558132195267,-19.786957114242682,-24.417315175641374,-26.87628213363202,-22.456761925584573,-21.246781826082735,-24.248330596295915,-25.459345537714192,-25.7121269380835,-26.169029780275416,-26.422757553337675,-25.64127069701638,null,null,null,-25.002239067478268,-25.972927715934865,-31.442699086743307,-34.367668042811715,-32.813943145154106,-33.56236519774106,null,-33.21016192728356,-33.40197042544255,-30.596466809534796,-34.66511559883033,-31.200305611924932,-29.20087900574894,null,-21.423003422221008,-6.103954531026325,3.8179106232645235,3.6534515698547034,4.14078250596122,4.9251746648909345,6.459075515668032,10.15975706003744,13.29614186892941,17.556338536231408,23.692109674668057,29.22877385149763
-17.342684816185624,-18.073447630162825,-17.692562587493754,-19.571702082880314,-20.05581668320954,-20.172150678403447,-20.18077009081437,-19.607870991620736,-21.79652529333618,-22.817146945026842,-19.609003355426218,-24.55357975403063,-25.756715436105132,-21.45940799274523,-21.581285966512525,-24.91101743061127,-24.218524622635385,-27.172936784772233,-28.2718636911345,-27.14661313237729,-27.2038055840263,-22.48763248289714,null,-29.270427095337237,-35.22837689389672,-33.93085703477179,-35.81434318741532,-35.291535499617815,null,-31.35875205410735,null,null,-34.12247007860957,-35.80480335977838,-36.23760993532204,null,-31.02167947866386,-32.112081874101634,-27.303879274449226,null,0.8204212563503243,2.8244599250187377,3.6374578927882,6.375645754461527,7.9795817162976395,5.96743144365039,12.922630519828092,16.62814486314361,21.926384736723882,24.96229386171619
-16.64290944710321,-18.567119158769554,-17.43865481693547,-18.90473692412143,-17.065813615272013,-18.544373987964626,-20.31549234328306,null,-22.01741676668134,-21.128287870096713,-21.16867274541973,-21.820861410947803,-26.043566467193283,-23.145856399032557,-24.34087966628848,-23.016559702129996,-25.66172183375447,-29.144597067860538,-28.58648195897588,-29.090197937469846,-24.315646150109288,null,null,null,null,null,null,null,-35.72184635004739,-26.30665410496921,null,null,null,-32.82216742590438,-36.52921948589087,-35.6172660058569,-35.29139884380054,-34.98960603929691,-28.50295580828172,null,null,1.316868163502697,5.349468129405965,6.559909271157829,7.8282034185558915,7.666122506059764,13.844971830515842,16.037159480573166,19.023019649116396,18.002045850894213
