public/json/wind_2018-09-1604_950.json
{"header": { "discipline": 10, "disciplineName": "Oceanographic_products", "center": 0, "centerName": "Ocean Modeling and Observation Laboratory", "refTime": "2018-09-16T04:00:00.000Z", "significanceOfRT": 0, "significanceOfRTName": "Analysis", "parameterCategory": 0, "parameterCategoryName": "Currents", "parameterNumber": 2, "parameterNumberName": "U-component_of_wind", "parameterUnit": "m.s-1", "forecastTime": 0, "surface1Type": 160, "surface1TypeName": "Depth below sea level", "surface1Value": 15, "numberPoints": 4800, "shape": 0, "shapeName": "Earth spherical with radius = 6,367,470 m", "scanMode": 0, "nx": 80, "ny": 60, "lo1": 109.0, "la1": 20.0, "lo2": 116.89999999999955, "la2": 14.520000000000117, "dx": 0.09999999999999432, "dy": -0.10000000000000142 }, "data":
[rows 22 to 43 of 60, columns 0 to 48 of 80]
-2.7595908656120995,-3.3721174606885587,-2.080350917517668,-1.3738261586224185,-1.7478083361625647,-0.4930803162337382,-0.871290985360022,null,-0.2752958487271834,-0.5037204076841212,-1.5168218914494682,0.4196090930221034,2.4545557639748385,null,2.882321589795408,3.282601360645894,3.680508451729092,1.9769028595416813,2.2740306609648986,0.3625121395247259,-0.26435517631539657,null,null,null,null,null,null,7.384561327817946,6.772776216697168,4.308429547947759,null,null,3.262773931938378,-1.5916354922440705,-3.2751162550457544,-2.8580598129962094,-2.4973569958035506,-5.471209956846415,-6.026071110591943,null,-6.667824057602293,-8.446823716367899,-9.649966182923887,-10.891931324678481,-13.02586445479522,-13.169987578325603,-12.093712724915207,-26.389887352382978,-33.277338180207124
-3.3259534005305684,-2.617865746512556,-2.5897858711196764,-2.245137107682997,-0.549191511294471,-1.7328623643772958,null,null,1.842095347913643,-2.1265664799313924,0.8469242579768985,0.5628180651608813,0.5401809460951386,0.6898661109837443,-0.42554243693127375,1.9423648904614894,3.5808288501152137,0.3187406858186145,null,2.6758245856428027,-1.4528444813034767,null,null,null,null,null,null,8.477881098670219,5.7762362910548575,4.358618625404647,0.41538542733006545,null,null,null,-1.8890266595465068,-3.5306636748413354,-3.8346450559025853,-7.158235662953206,-7.490142628765337,-10.377782093864774,-9.384829904100416,-13.80946420242902,-11.994261304097735,-12.888281730245744,-10.183483548351074,-13.9501048389677,-16.909788680734447,-21.80842716171909,-26.024362597892495
-3.550613526019747,-3.098387236916578,-2.088358535376961,-2.3836205222992315,-1.6760331359663023,null,-1.5343145205168425,-0.3665946199257543,-0.15147961146280475,null,1.5932929306337809,0.42637013433282767,1.121483856210226,-0.16045895318020761,-1.0591474833068617,-1.7369404117657172,null,null,5.2218294690523885,0.9567595251222937,1.0573703263996024,null,null,null,null,null,null,null,7.319431085164206,3.8735563914137554,0.3119405621752896,null,null,null,-0.24085837185098355,-4.039026134194389,-6.213105711165464,-9.408298951066318,-9.395634735885464,-9.399805053262543,-10.540221313371594,-12.582953203019924,-13.315900374714554,-13.159172742912425,-15.40804414955631,-15.681459174790517,-18.794440636846904,-22.04260104273314,-26.000318317307453
-3.587101013540196,-3.0177988424006927,-2.8544816100307533,-1.6204176311664682,-1.4764552299449285,-0.9307586130947061,-1.1950421904193218,-1.4177833774837714,-1.8310940385843777,1.0418361776740932,0.12931767388504778,-0.3261345815922011,-0.0809940462885281,-1.748362970167975,-3.0391946485616153,-3.790546788748245,null,4.491158974304926,0.36391802909070464,null,3.143412502090583,null,null,null,4.081256750533232,4.163272113886318,3.5050231111897716,1.8273230443197592,3.62794216328831,2.0497018302571908,-1.3176048336945483,-1.7204119050653286,-0.9555999265778905,0.6634870479895106,-2.7354290850554124,-5.055526977900419,-7.175052457721771,null,-9.05706760520736,-10.236211449682001,-10.808137510537454,-11.026877935244661,-13.959746835217382,-16.61774236221449,-16.72531264853997,-17.505347964130628,-21.44847467351114,-22.172014388629286,-27.29807934297652
-4.083556964190077,-2.330894540438402,-2.476328477718366,-2.2514532847786226,-1.5555926728869496,-2.4344146382054976,-2.1403040463558862,-0.8864644092375842,-0.779165416984735,-2.503433860563989,-0.8752459449037734,1.2545874827947803,-2.68453972291778,-4.046725896398565,-3.3974532208507604,-2.854875789519549,-0.11575345613609597,-0.5537385246711242,null,null,1.9777836520439978,null,null,1.538788358825511,2.081761449923883,1.6162694306366878,1.5369417958411424,0.19942227244016317,1.3371867881593942,1.0489228013217031,null,-0.8707242708457753,-1.3301585557016748,-3.202173486427281,-4.703258828357626,-5.973822506879134,-6.052792171152961,-9.02765254221754,null,-9.049934751313163,-10.91838933386917,-12.806648936927253,-13.240646111517737,-14.566051637964318,-17.458105700154913,-18.603107378692876,-21.1769201280918,-26.16616519392332,-28.053821462789504
-3.613747416185802,-2.4174254020000236,-1.8875863340295782,-2.470462586264589,-2.9612264721901154,-2.8557805265348857,-2.2393350294117873,-1.7054975658118794,-1.143518436670127,-2.865508965931501,-1.6263014798013273,-2.7803987657199576,null,-3.531698375041405,-2.2014489488487614,-1.4879734274293857,0.7137729861785514,0.8354037485691939,0.295065984819351,1.3903268753758165,null,2.9180557676442374,null,3.45905066335757,0.16423242419926304,0.8867607327765403,-0.7877108837094029,-1.5902120582631454,-1.0027643373710364,-1.7761568982108762,null,-1.5686528304678202,-0.7039937053170104,-2.5287038249675926,-2.9893369211798784,-6.4501898328288005,-9.439579979121987,-9.372039068898838,-9.86598793778133,-10.59684496891421,-11.595788799657521,-12.632799954849489,-13.729243659225205,-15.982777531987102,-19.237073997710244,-21.03590166384469,-24.088788828826715,-23.786843719602633,-26.45961552031627
-2.877744692713815,-2.853405628831829,-3.6151247695295123,-3.5986487716046853,-2.467068761611906,-2.5891043446406896,-3.0306570621820326,-1.2201793380307207,-1.5211870565740573,-3.9690987022439863,-3.7411442904141796,-5.65985362846461,null,null,null,2.7422005392238558,-0.12028241530442305,null,1.004662754437435,0.3865504048503944,2.0599521553659823,4.505947452124105,0.511627655948725,-0.880309366815875,-0.5672116154167015,0.36997300720801035,-0.05055009724885699,-1.3711624844521066,-1.2324199063459913,-3.2694884589675173,-2.131882469401088,null,-2.7426780158268977,-3.9118410175943756,-5.401027177585327,-6.31256325651535,-10.995529411897554,-10.294820551652764,-10.738582011260128,-11.55846213871227,-12.095089845711279,-12.203899835170265,-14.141411194764114,-16.35446128591451,-19.1598633729879,-20.935501370461747,-23.90412452658488,-23.071751026551272,-22.44431361305971
-3.134752789128447,-3.4655332242031016,-3.7866966882841133,null,-1.994409574907112,-2.001213816678613,-2.251910343462399,-1.890735624960218,-2.2057931561718775,-4.915246725336203,-5.098082707842282,-5.611666842782621,-5.048164588368211,null,-0.41665365140249805,0.6702135175261561,-0.4546538928430313,-0.30410605167898963,0.9001609860252215,1.0220721401435304,1.5526417968463324,null,null,-1.1969593851776568,null,-1.10225026356058,null,0.2717853653061868,0.6896023689462638,null,0.3084968980595533,-2.6068161684131925,-2.340801817198622,-4.940428672897498,-7.715068076361641,-9.880043088619205,-11.45735763778581,-9.596411663081113,-9.884864401769612,-10.718425554593326,-13.996400818908603,-13.666718170226721,-12.337748445989817,-15.9474678454775,-18.213206896209222,-20.016605225682234,-21.58304882381796,-22.871956686419022,-24.122680320209625
-2.6958556479956295,-3.770834802912989,null,null,-0.8204065862636871,-4.878289743371932,-2.0393948523523866,-1.8860233772891477,-1.8476881050445817,-6.195866545811404,-4.827671290454592,-4.903526988094724,-4.91572294373044,-2.8242383378934655,-0.8730679527694118,-2.145892339172506,-0.9075487488685074,-2.295181337964703,-0.45861046324139904,-0.33350697183350314,-0.8144851249428559,-0.8522653210613902,null,0.23828300147459908,-1.255067704908604,-0.8903079711212221,0.5288384231390545,null,0.3076733942998489,0.16789146334080657,-6.0578976450319235,-5.456086288769246,-5.807290758032224,-3.2549753948735702,-6.828707767201561,-10.892251995529898,null,-5.946681006470259,-11.097260023283349,-11.618984563564478,-12.214412115113502,-14.666234874008097,-12.975858579647696,-16.674616637031995,-19.69709289942912,-19.278414004417396,-23.11565286045767,-20.16675006251521,-24.27820279682283
-2.9924196898572415,-3.436961042338634,-4.909774182592595,-3.992284324879034,-4.405788733842732,null,-1.4372911179229066,-1.3635055734506427,-1.446345597643291,-5.880179571801357,-6.313695265267997,-5.679429494820999,-5.120405792319934,-3.7654020453584676,-1.78667282822436,-1.277589145447709,-3.3710870106403164,-1.6765609286304808,-2.104101654046751,-0.8078029413243176,-1.0704158293433745,-0.08975001973199363,0.2295149191033047,-0.6955395219572638,null,-2.5820640002179402,-2.6112499298092535,-1.10408649845693,-3.554146487776737,-4.922483506962612,null,-4.043566047957875,-6.241956989574625,-8.290746430715238,-7.794948897906917,null,-11.033795492272027,-12.608437842746516,-12.001196228734305,-12.382890645863537,-11.592632836725318,-12.826185996752894,-13.897963651435056,-15.67657564442575,-17.91342043401638,-20.03683096351309,-22.84414570789499,-24.60594401222702,-24.685856495431814
-3.5851634338357994,-3.8467573923605913,-5.20033135481904,-4.290938547006429,-4.761902083387362,-3.7615411096272595,-1.4848116616748217,-0.6232460502704943,-1.4009801495140384,-3.274382540354582,-8.912314827339157,-5.832868409213143,-4.228635984518221,-5.510129869452575,-2.0405661240316206,-2.629291598996052,-5.5422095007966865,-2.0603203257319525,-1.213024554007552,-2.075301390513877,-2.335796754731587,-1.4274997887290382,-1.5926427354333694,-1.3264727136885772,-4.407461214663851,-4.382700285626591,-5.106192916354877,-3.305974295375356,-4.951984312994204,-7.040493793817193,-6.589488321159012,-4.118080585966753,-8.054324747327236,-5.448484954747453,-5.162558285774519,null,-6.764624491766398,-9.785003568323228,-13.752557318506605,-13.082795691912672,-12.726695833457274,-14.018408302988547,-15.53045503518451,-13.160281123266047,-16.44264901066824,-17.309224997095917,-22.68231764331477,-23.58716221858063,-24.39375423222068
-3.9921359104265237,-3.9729839541111107,-4.747128993976471,-5.663040973579305,-4.801896738210889,-3.2372737794521784,-2.6649816190035294,-1.514706333941105,0.11618134713740723,-1.03105888547221,null,-4.554638455892107,-5.219785922805981,-5.913903772800691,-3.5491417199486652,-3.453427330705477,-5.391384638685198,-3.8104989514348695,-1.6104655200259332,-3.1924365908810217,-3.4876363457431863,-2.1365676809148826,-2.198672338860336,-2.8274918550549133,-1.6418387263500014,-5.610829887728155,-5.882639600972654,-6.653453131639419,null,null,null,-4.8500068337090525,null,-5.966902873975886,-3.5048222209039697,-10.493416714409095,-10.748615803591115,-11.70545055437536,-10.50763283759353,-11.758766996587337,-11.870559250442197,-13.79220565021177,-13.589483813386138,-16.01361065982711,-14.477081566351618,-17.59698866643088,-20.894697143772664,-19.94318216403884,-22.011006972323617
-3.3594341200773004,-5.121686214773943,-4.0691161564935365,-6.436457646041649,-3.5795137792711382,-3.9695489649553295,-2.6493537599180317,-1.0880658121557722,-1.6118973839659436,null,null,-4.918305278909129,-7.016181244690283,-4.898474357032018,-4.980436996251205,-4.664807393603802,-4.950360580593449,-5.568888932808838,-5.15876629994395,-4.317274527768349,-2.7846549320273772,-1.3396709527479735,-0.2590595007270422,-4.06969645510825,-5.325336891264479,-6.212519749825201,-5.4207491571083875,null,-5.607782244330446,null,null,-0.8455268056203682,null,null,-1.3814645146713043,-9.767548294733558,-8.965746016937882,-11.095714712981609,-11.714817655764103,-9.774726913375453,-11.010678110074982,-11.291682684192509,-12.485492789871696,-13.920419522246036,-13.102191566557215,-13.38626333484819,-14.170876778873497,-17.67276017971733,-23.414859645353737
-4.4760723332035095,-3.6240393626202754,-3.8730198608802078,-5.547974448296518,-5.111705169616194,-4.143495524809139,-3.6186741030058034,-1.4569058460060145,-1.9532422585391123,null,-0.4077057988630222,-4.494371144434494,-6.373730193243431,-6.08851950663618,-7.104383793826067,-3.9431679214060504,-3.398043437485754,-4.7159400815504195,-7.484457477759703,null,-1.9844916539585666,-0.4401943303851811,-3.73135466456856,-7.203736684028652,-6.917118455912391,-2.8190617665011777,-3.588933556234559,-5.81881396927036,-5.406272170867519,null,-3.1555834266096126,-4.274604845685512,-2.8974211205465417,-3.339125195161534,-8.29636110320826,-8.643934597754932,-9.518202674362392,-9.980175517277502,-11.141726104455616,-10.29762985733614,-12.335395730615001,-13.146647451048864,-11.597209532079585,-11.795107681442797,-13.487558690062336,-15.433676693364571,-18.757459899681592,-21.723450931162628,null
-3.393803469207246,-4.7373140020642195,-4.590687478193923,-5.635295940818778,-5.650435744563285,-5.187436708239765,-3.5897923607758804,-4.99406947143234,-6.526483525752564,null,-0.506966955400581,-4.711348865052244,null,-8.067765612042798,null,-3.2764129425322452,-1.8565600291944597,-5.032876685110203,-7.122545792141768,null,0.10557105154001802,-2.985398424600336,null,null,-2.160602532153733,-2.5777478685667186,-4.161508980130707,-6.182184048865416,-6.096638996005293,-6.070363290460217,-6.1595016489481695,-4.7175849120014535,-5.359953836988171,-5.024921480955637,-3.1242063833152245,-10.053259472118233,-9.011284278077596,null,null,-9.03485635348549,-11.89534325086582,-12.983254086348332,-10.84092070853127,-11.46989706221112,-12.146231817295924,-15.036725604222326,-17.908399123503294,-20.106859468544368,null
-6.0080503657518305,-3.5723245382830964,-6.216876669034686,-5.756385127659662,-5.711375823364493,-6.063333622280581,-4.897101323762886,-6.622010016194789,null,null,null,null,-8.67117039752912,null,-2.1484490315681475,-5.375588349416541,-3.1720194182362893,-2.1974963833548893,-5.7179847484421185,null,-3.6443850888912777,-4.2974319700982635,null,null,-0.6780092066760359,-3.3100994317584913,-7.035140885935004,-4.86616202629939,-5.212601335311033,-8.873142141064283,-7.265935654866472,-3.578242336132268,-4.464856575807353,-7.0824029900274175,-8.477252235096241,-9.425433109920077,null,-8.705837490690401,-6.385656924714027,-6.627922418180457,null,-8.893971110848634,-10.331442462196861,-13.734889075076667,-14.154626549068167,-14.004393912205044,null,-11.959367851970827,-18.42625768530215
-5.174826611478286,-2.7801246632262258,-5.509537508863713,-6.041614100895452,-5.916358902629794,-6.31075595583194,-6.698026425871538,-5.555423110828536,-5.072694716414819,-4.270074340866681,null,null,null,-4.461939643668226,-7.1687242740959585,null,0.00760556609573132,-1.8225146373512477,null,-3.9866334438269173,-6.730256902999216,-6.7211103476569845,null,0.7525654652592331,2.095211859785028,-2.7316812799794796,-5.942902900673179,-2.392944145461909,-6.610792745511265,-9.463956200920936,-5.5833432554018305,-7.851131773307065,-8.200302485970083,-9.383349071869251,-6.640137063258506,null,-9.470967094071247,null,-8.031938431881429,-9.233761933146607,-10.754156991804066,-7.420443801851917,-8.837603857095408,-9.193044094968403,-11.628388137459199,-15.82834595544389,-15.949935193328523,-13.88575366261001,null
-4.0119682066689695,-5.841572738282819,-4.168181357216708,-5.985561842650645,-6.256911923288483,-6.699150809470245,-6.787053870453552,-5.652853182624795,-5.351195032917089,-5.608252632157664,-3.5495822695488792,null,null,-5.568112348182237,-4.794675573345483,null,-1.012183249351145,1.2180263968788045,-0.522375706110557,-7.199830583944688,-5.399827288607549,-6.651515143256942,null,null,0.23719796528338366,-4.750383117723102,-8.630708061056747,-5.080337402421991,-4.935686465076273,-11.002352319424356,-9.253342869077997,-9.405109943861493,-10.029016949086666,-10.701835404088808,-9.763978936720349,null,null,null,-1.630039820745341,-9.597622963191094,-8.024501972062758,-7.9564029351877315,-7.863995666078692,-12.194926709141544,-14.3312671737167,null,-11.67154889169256,-15.204933429842754,-12.464547880832411
-4.021117314472521,-6.388056882166692,-3.5068467284628686,-5.89409547430745,-6.4403570118715,-7.292129839197691,-5.995947801863774,-5.817073253285766,-5.126205641086962,-6.158500970492511,-4.748393320252723,null,null,null,null,-0.7632886833083863,5.333967267943665,-2.003122869886563,-4.230995609138194,null,-4.353290061189933,-7.9247498447318,-3.1909161506441825,null,null,null,null,-0.7327825978459036,-4.208769163838779,null,-9.1314072066003,-10.360206851960148,-7.237935959327814,-6.315397238610363,null,null,null,-3.6621902724027438,-8.703692841459507,-8.723975230691222,-10.633753223020998,-9.404252919649412,-12.14309233511294,-11.796398159584383,-11.48929082045186,-12.3514993415779,null,-12.200038037618311,-14.946871114044287
-5.072406073637275,-4.37262008404427,-4.197975153865617,-4.720480443086187,-7.231886815331031,-7.125351074724747,-6.656007259361551,-5.928355760471099,-6.201584165596968,-4.844861744641465,-6.590648114770902,null,null,null,null,1.6076560602416934,null,-3.4860130795405038,3.806001144157775,-5.662892595227088,null,null,-2.253880556333776,-5.728763776256885,null,null,null,-3.336091570433739,null,null,null,null,-4.4715977883326135,null,null,null,null,-4.689563163104653,-8.586713206261434,-8.863892696754625,null,-11.232784997968814,-11.761299088305607,null,-10.64941363281546,null,null,-11.69536039259119,-14.182504050096938
-4.632450956593647,null,-2.704089729304428,-3.5315737264013896,-6.263200843497773,-7.900442826041454,-7.245998485270274,-6.991632825442168,-6.4275775195506295,-6.219534614006343,-4.750045596829398,-7.139490694942566,null,null,-2.3114813966940844,null,null,null,null,null,-6.3366593168168395,null,-4.286613495088069,-5.210658615551,-3.141643073716602,-4.851629295742436,null,-7.357863947127975,null,null,null,null,null,null,null,null,-4.204776743235334,null,null,null,-11.0811064034013,-13.054747749243374,-15.292318717511511,-12.202897755572723,-11.352538311777288,-9.66956513197589,null,-12.123418572708239,-10.316418328846188
-5.5128851710821465,-5.216393466823755,-3.5311753858621797,-3.0746527363645266,-7.313054134131364,-7.407337867351144,-8.100083713725429,-7.829995479806524,-6.271969154115437,-5.862576481008357,-5.301773768757938,-6.970182814221733,null,-3.9644294976224357,-4.1388315398075415,null,null,-1.2068002309843242,null,null,-1.234625813479773,-5.4420897267078825,-7.092239455577897,-6.83073566252777,-2.5177729942055,-2.28274915588664,-3.4960446316157054,-8.452900952776051,null,null,null,0.47220037818221805,null,null,null,null,null,-2.636153779266987,null,-10.23559191535246,-11.78911983552241,-11.143896802409653,-8.583414332141727,null,-7.701982799566334,-7.939862272593313,null,null,-9.069797776847077
