public/json/wind_2018-09-1513_700.json
{"header": { "discipline": 10, "disciplineName": "Oceanographic_products", "center": 0, "centerName": "Ocean Modeling and Observation Laboratory", "refTime": "2018-09-15T13:00:00.000Z", "significanceOfRT": 0, "significanceOfRTName": "Analysis", "parameterCategory": 0, "parameterCategoryName": "Currents", "parameterNumber": 2, "parameterNumberName": "U-component_of_wind", "parameterUnit": "m.s-1", "forecastTime": 0, "surface1Type": 160, "surface1TypeName": "Depth below sea level", "surface1Value": 15, "numberPoints": 4800, "shape": 0, "shapeName": "Earth spherical with radius = 6,367,470 m", "scanMode": 0, "nx": 80, "ny": 60, "lo1": 109.0, "la1": 20.0, "lo2": 116.89999999999955, "la2": 14.520000000000117, "dx": 0.09999999999999432, "dy": -0.10000000000000142 }, "data":
[rows 0 to 18 of 60, columns 0 to 41 of 80]
null,null,null,null,null,null,null,null,null,null,null,null,null,null,null,null,null,null,null,null,null,null,null,null,null,null,null,null,null,null,null,null,null,null,null,null,null,null,null,null,null,null
null,null,null,null,null,null,null,null,null,null,null,null,null,null,null,null,null,null,null,null,null,null,null,null,null,null,null,null,null,null,null,null,null,null,null,null,null,null,null,null,null,null
-7.159189265752235,-7.040089412725105,-7.074827081597461,-7.30536958564249,-6.99015551635674,-7.467778805256225,-7.8280711050333025,-8.099326098069815,-8.253891962619178,-8.182832543819384,-7.859766977120216,-6.92821344203035,-6.471204559993169,-6.246838953392731,-5.832253977056652,-5.960913354163463,-6.248072740434221,-5.982027356227695,-6.259839311331442,-6.397629769459547,-6.671697414953961,-6.598649219804929,-6.512364376153281,-6.2965868099819025,-6.014241061155968,-5.7356801275266385,-5.457078552623276,-5.480288218307605,-5.948908603863136,-6.1854100302080575,-5.9499057294225866,-5.557922202971938,-5.23273157404372,-5.188593183278381,-4.94986710759011,-4.933652302594192,-5.268233479918416,-5.112574631730907,-4.826817856425093,-4.624105711732783,-4.5030388948677365,-4.628241654651507
-6.996491369348737,-6.951897326993935,-6.948486382677206,-7.282231691567623,-7.665243509118514,-7.520438867838532,-7.934538809067245,-8.267714833635896,-8.231844497094379,-8.162386702117498,-7.850630347125843,-6.828236599659897,-6.580354171284379,-5.8918166524511335,-6.101858875409298,-6.339359328166383,-6.311941103199957,-5.835422550563286,-6.110782963831215,-6.344456528839856,-6.5860434146420435,-6.4236636280166834,-6.329786654024652,-6.121715011410909,-5.761540789959077,-5.810603472995254,-5.61880799004068,-5.827718276316925,-6.431747230099022,-6.756936822329645,-7.11453711233222,-6.869754735118607,-6.0993399615268045,-7.10053650523705,-4.820338146331748,-4.668379043255338,-5.110145494869373,-4.366200111514524,-4.218339421370461,-3.9911122446635847,-4.650876952462189,-4.179799650183512
-6.996977586370923,-6.843390810450757,-7.094669872634659,-7.45442931369638,-7.698947730741501,-8.089087411606842,-7.992179015545747,-8.35673930121035,-8.284727983718957,-7.992721154905956,-7.6153209633575045,-6.8676804878334154,-6.690595709526788,-5.965292677460114,-6.268730704500149,-6.6298913860918365,-6.619686124086067,-6.381692970913278,-6.503262048309807,-6.821144897084321,-6.917242074068672,-6.783019026801331,-7.053432293839856,-6.223009553379274,-6.05588745665146,-6.096381012644455,-6.274365071948374,-5.913297448658176,-6.124430501934841,-6.924721334324464,-5.972566611680743,-5.225093144012131,-4.35684836174427,-3.9341126850679613,-4.01010634976533,-4.645422651754733,-5.1909344347316635,-4.936638568054817,-4.59912537005343,-4.357760624456115,-5.049953796856901,-4.832777102834934
-6.666770515564116,-6.800353864029743,-7.24617344321862,-7.618513902831185,-7.999848777523478,-8.333635758813966,-8.282265832876627,-8.495547712480757,-8.212227327742792,-7.798043740379516,-7.422612162227423,-7.14727051405062,-6.718629309458992,-6.205498060054639,-6.574769673571685,-7.136453409600193,-7.065232524701427,-6.768077541512145,-6.838802599117809,-7.117434264726565,-6.9936116246516615,-7.163587875271304,-7.192889004425619,-6.630484676574027,-6.386679425149684,-6.618853630427248,-6.749532205437793,-6.400730857023243,-6.21131931480412,-7.462441794112858,-7.024065449030793,-8.400531639543686,-6.104601905792837,-6.039725761002748,-5.642409696534554,-5.363227266979015,-5.450298053689604,-5.294767384549804,-4.987618038665454,-4.867576371447991,-5.4974311803472995,-5.040714446572589
-6.684633865935993,-7.040976398636698,-7.303919458490859,-7.851518580760903,-7.994281043076496,-8.490235774998553,-8.440975583699148,-8.755877352025557,-8.464511804845245,-7.885334990598717,-7.163943130952311,-6.707149604785625,-6.653729296276321,-6.629810378815749,-6.997246858034517,-7.575798046559021,-7.842116652604617,-7.153920835709526,-7.243892215149526,-7.120429377358815,-7.1674834671383945,-6.9416466585044745,-7.247145964807402,-6.935194892347951,-7.01292707284371,-7.171239032040533,-7.280223548152373,-6.978390807307257,-6.794498550071576,-7.57043649739007,-7.976027507812473,-7.6906574802040595,-6.660000036285287,-6.254966204220121,-6.518665777532921,-5.821184617336335,-5.694829600116984,-5.535092931889389,-5.47617298987944,-5.298148588526683,-5.711862650204596,-5.01021173250554
-6.828017505757452,-7.359051740558618,-7.6333446594620655,-7.789291176079204,-8.255039377961932,-8.580705275449294,-8.701376844795389,-8.928334818816186,-8.57158628908824,-7.933964355365031,-6.944641705962688,-6.379760079418607,-6.758775237311905,-7.035786400421619,-7.377654393362562,-7.8826688794623205,-8.024147100943143,-7.7985190256859545,-7.8069253950765995,-7.210400509079001,-7.067804250847896,-7.163469474395989,-7.256620043280482,-7.475368141677384,-7.304282401821042,-7.411275228079152,-7.5169917544361855,-7.748505750383696,-7.218722405130012,-7.383053402475764,-8.260967905525575,-7.361410387612748,-6.636195028834788,-6.124429416760131,-6.929686783332865,-6.276887737686116,-5.801082405379253,-5.551286262988853,-6.543275898443927,-3.458211288283198,-5.9084303621100736,-5.486773158852551
-7.074143686793902,-7.56103689662067,-7.77844545149766,-7.833724436837475,-8.337439201157363,-8.47945992584137,-8.612516475991988,-8.938020218097792,-8.790430847277971,-8.038243991081838,-7.296673441024835,-6.9797696415957216,-7.146566064122219,-7.732890784602567,-7.533218024825685,-8.056765053742073,-8.086419870206733,-8.201911487166907,-8.267506635551825,-8.05835661415085,-7.278465643458784,-7.812734140091074,-7.7422076585858175,-7.772167415696924,-7.59910308528482,-9.193009947723423,-6.62766614366991,-8.053167512194351,-7.528508168240104,-7.371713813579989,-7.890170004783696,-7.584875527323986,-6.841343480724858,-6.2512125206016265,-7.201354795747854,-6.636048141327268,-5.843682692494963,-5.769266122061992,-6.31086326418148,-6.436766405187135,-6.566425773764399,-6.27473386309617
-7.211651113988484,-7.6667650092384445,-7.8648092941236865,-8.086886529638576,-8.363169889327484,-8.118367806481036,-8.499080111524734,-8.56387869087428,-8.622362773357063,-8.483018563565073,-7.766858454525719,-7.153564035658282,-7.536994192836085,-8.251240463364116,-8.27670870799561,-8.308245495212219,-8.355166755245525,-8.005162923648115,-8.529413549186193,-8.176095972782047,-7.695818904655035,-7.443788980195158,-8.39451122401883,-8.058317716039367,-7.629543116467799,-7.6520901780914805,-7.330715732940437,-8.222651287372438,-7.952780774200246,-7.50756087024461,-7.551467338031548,-7.690414867161189,-6.71722466820145,-6.520664065713008,-7.059013146385062,-7.007940835109823,-6.07119026011041,-6.143914946667994,-7.464550448566324,-7.367867981662423,-7.176650074771105,-6.6077910814792045
-7.5660437250642705,-7.991993602805849,-7.927201209170766,-8.247492170485767,-8.272564635298506,-8.114093016091907,-8.304375032614754,-8.53098220741247,-8.609092117939914,-8.366182305207328,-8.176547719925226,-7.740849496464698,-7.977400784951103,-8.741848020778667,-8.761636041382946,-8.651862677727953,-8.543422619313873,-7.948512387618559,-8.708046480962711,-8.3883032732592,-7.680260361613337,-7.796836331275976,-8.495170995962223,-8.500028669769401,-7.89390191315154,-7.856545861300354,-7.619649164388741,-7.960649785613169,-8.308671269098937,-8.293420054972307,-8.020711114713963,-7.675891431942263,-7.304265290194634,-6.851128641471377,-7.075625718703435,-6.836564682937626,-6.632738343221796,-7.552166587104613,-7.151171060407159,-8.185541600148252,-7.692119696217885,-6.818727579805235
-7.937923625546407,-8.151358084659249,-8.07283852408465,-8.294842996642629,-8.207385827329999,-8.063398468651418,-8.34767750754583,-8.356643789550187,-8.704639500636638,-8.40589530374654,-8.454633471528808,-8.614552983591498,-8.34053133744597,-8.661180777324294,-8.626129143482355,-8.931824706638677,-8.928149113726711,-8.5750633216549,-8.42426624291381,-8.570283421056589,-8.49596244766623,-8.175432636137367,-8.71241599637852,-9.025340323595817,-7.669291258353567,-8.278092984829225,-8.206676878179755,-7.945355538081065,-8.5763906603389,-8.643947501268821,-8.73305455775508,-8.375134062907902,-7.891414156331292,-7.871283257171965,-7.614111657256875,-6.778236179414256,-6.58318204382848,-8.722911234526054,-8.607074269616259,-8.426183811528388,-8.018083709685357,-7.003092498355978
-8.105769525044389,-8.183048260662883,-8.321057271138681,-8.187082374118148,-8.236147303057873,-8.256668770826149,-8.56878518335684,-8.361747878971952,-8.736494740789698,-8.79381625604914,-8.719957610508663,-8.791725711286482,-8.714972004479183,-8.925445758149394,-8.323645197218635,-8.682393779153394,-8.807155857669876,-9.044222164312375,-8.749871500433681,-8.27635950656941,-9.138229933818558,-8.240490393022348,-9.102734575504067,-9.213672387004051,-7.621979427344565,-8.59937528940131,-8.652617427604744,-8.220374945433695,-8.591331536163027,-8.913368658727027,-9.276227650279647,-9.190148193025346,-8.784604777418453,-9.074706058846823,-8.607907672530557,-7.238108085682434,-6.816814263263694,-8.241371839311451,-9.034097015727928,-8.504846619691126,-6.378022612411762,-7.346926937693654
-7.908353228727301,-8.081112172311725,-8.608342509440146,-8.47032315741696,-8.358401612492685,-8.342943274622199,-8.576908582298481,-8.86596003748178,-8.68774792637409,-9.033035775567795,-8.934866787688087,-8.746035293415783,-9.190182219881521,-9.115048947787432,-8.785199880752064,-8.61440795238939,-8.663289838445026,-9.3941001318145,-9.325184926020947,-8.822882556651559,-9.004284647469474,-8.501175093303319,-8.5367373986326,-9.004208835423878,-8.345000610696658,-8.591522205167246,-8.696504201920405,-8.931602988437893,-9.145258873106545,-9.51686269868089,-9.427512297381387,-9.439739788377144,-9.30083858459725,-9.680536383712727,-9.69087830160181,-8.826383029022512,-7.899037479827507,-8.381465717404522,-9.561890256929495,-9.090211842328156,-8.385096841085053,-7.52973092159504
-7.873787814727494,-8.165522855429943,-8.556269893280081,-8.62932556056213,-8.591135580326403,-8.575536192823286,-8.882047443387023,-8.804590280676218,-8.875039120957883,-9.121799309057385,-9.154102067669864,-9.079617046095562,-9.194025389261698,-9.454593074768377,-9.142495519490636,-8.90067513186892,-8.797102957252282,-9.243120071733951,-9.636265433619311,-9.38444304011298,-9.30833800456654,-8.889180522727878,-8.414903406405998,-8.542093033214122,-8.658136601272666,-8.839679182730803,-8.729649483643266,-9.060191740130566,-9.419227352077726,-10.173284917936606,-9.976896282183654,-9.469576248747776,-9.13295951086501,-9.574587130509506,-9.564754845597761,-9.545691176389646,-9.259587622546611,-9.617476736693442,-10.023336290650773,-10.183525287988425,-9.151106508699366,-7.789679293546589
-7.756917293631806,-7.971126457032847,-8.53914964383805,-8.634262007110873,-8.708943864902004,-8.746307416799432,-9.193701320342639,-9.107769669354319,-8.946777057040878,-8.919544053226563,-9.261309071625561,-9.487871536271852,-9.376855402251508,-9.679759579283518,-9.449003193728402,-9.31938339710708,-9.294599707438365,-9.238897328568234,-8.994537667355617,-9.243615012015482,-9.375390725715581,-9.429611481055836,-8.474942826644654,-8.567395245975895,-8.917796593367846,-8.870107535824173,-9.207695989067904,-9.179133492030532,-9.476144653053113,-9.947485341851065,-10.142930066669463,-9.989191770440032,-9.423107283634906,-8.882973302036323,-8.791375853431285,-8.640422656971825,-8.714566437950099,-8.844277637583758,-9.594312437993553,-9.472720389451391,-8.825161549810328,-7.432088970055567
-8.045627011848346,-7.885461815870173,-8.374062540182319,-8.794065895745735,-8.809878015035379,-8.977834780484773,-9.273365012765142,-9.247353311455942,-9.163819490107315,-9.13141103283799,-9.30859965182442,-9.497121185660562,-9.970349737791938,-9.759099831598268,-9.817302203498098,-9.436189008039518,-9.555548919756188,-9.602767671278059,-8.908380082845142,-8.781235774567682,-8.990698168621718,-9.238011822813805,-9.847680582891735,-9.237745851958078,-8.867763701098118,-9.494754692739118,-9.364660584816072,-9.308842424892186,-9.358395054521022,-9.526507255009257,-9.957695354966866,-10.374168355565343,-10.087771293403144,-8.93794074393383,-8.493214052579159,-8.144114531871898,-8.4125024414034,-7.823271869927008,-8.61459598517538,-8.094614356986177,-7.969249210979042,-7.67694768125155
-8.044735272281573,-8.240111261601383,-8.257282169523261,-8.765803422059436,-9.126872891136495,-9.052938713464485,-9.482349479447578,-9.58843244717663,-9.132250426431625,-9.300461770504672,-9.597640859570284,-9.692060511637603,-10.117502608938233,-10.019916584438029,-9.687622103065873,-9.705808471130748,-9.765401796878342,-9.688895452326683,-9.272355384801541,-9.02097513712464,-9.136008004497082,-9.071658199185046,-9.042540053039643,-9.771405204107715,-9.743853113061224,-9.613048463192143,-10.139682795606133,-9.531045968160747,-9.374420758821193,-9.582488576080422,-9.756721466822892,-10.80027753210616,-10.336297499326646,-8.423852750886219,-9.047078528995506,-8.724633599421036,-7.865442606492811,-8.848968844443435,-6.247923578950902,-9.276930919709265,-7.404619544790265,-8.193071385938614
-7.899573813464457,-8.23315615187563,-8.366954072892723,-8.861607498080215,-8.945346741139515,-9.129573381415877,-9.298620874771853,-9.659965112278236,-9.828511050799511,-9.738813652006309,-9.773310438253777,-9.866178246753641,-9.96171598954128,-9.887712050253043,-9.360198921926171,-9.426724057682693,-9.343295483517572,-9.792632047633056,-9.211408989699835,-9.246524336839395,-9.260124015585316,-9.905613178387425,-9.32324875007903,-9.381222344369338,-10.17500442356639,-9.785606354436263,-10.283242380118852,-10.093889999068338,-9.503659465667493,-9.611021451089833,-9.23517901728857,-9.828139985036975,-11.234999114923315,-10.276685683654545,-9.739860322696023,-8.279649852355627,-9.823139032437954,-11.67132876482908,-9.141781056731729,-7.7786483670313125,-9.225325010251847,-9.204842931468672
