public/json/wind_2018-09-1520_850.json
{"header": { "discipline": 10, "disciplineName": "Oceanographic_products", "center": 0, "centerName": "Ocean Modeling and Observation Laboratory", "refTime": "2018-09-15T20:00:00.000Z", "significanceOfRT": 0, "significanceOfRTName": "Analysis", "parameterCategory": 0, "parameterCategoryName": "Currents", "parameterNumber": 2, "parameterNumberName": "U-component_of_wind", "parameterUnit": "m.s-1", "forecastTime": 0, "surface1Type": 160, "surface1TypeName": "Depth below sea level", "surface1Value": 15, "numberPoints": 4800, "shape": 0, "shapeName": "Earth spherical with radius = 6,367,470 m", "scanMode": 0, "nx": 80, "ny": 60, "lo1": 109.0, "la1": 20.0, "lo2": 116.89999999999955, "la2": 14.520000000000117, "dx": 0.09999999999999432, "dy": -0.10000000000000142 }, "data":
[rows 38 to 56 of 60, columns 0 to 41 of 80]
-12.971459678726896,-12.81866305256158,-13.751084980354532,-14.007440290093752,-14.170799421932132,-14.428046482877491,-14.195375162837973,-14.329179644992871,-14.489834056059774,-13.720428779049298,-13.065028433979231,-17.888729930798732,-16.004132360805613,-17.335882557969967,-17.713554804531043,-18.196443631546376,-17.786880533623982,-17.267746239804143,-17.41111916843266,-16.080019572068487,-17.05206682061906,-17.593828576658726,-18.053116173072244,-17.500792208721617,-16.683161148555886,-15.510139015121617,-17.086298582012027,-16.31886447260084,-17.145981772800692,-18.81838349866685,-17.431983939028864,-18.15546204369744,-17.130353657239063,-17.85868106960919,-17.68828753979436,-19.37350033065189,-18.44178401724396,-18.07734553607455,-18.887104948211462,-18.145006733307316,-17.349708062966098,-16.940963426690914
-12.754942693350078,-13.878553764386066,-12.657420095968947,-13.347381387214787,-14.553153300325649,-14.860510613258208,-15.181692405484117,-15.045748511862069,-15.204862435982957,-14.461221994606017,-14.745661043822295,-11.582328566789762,-15.656653480126398,-16.718452665129377,-17.49910428326557,-18.413753337027334,-17.74129836644486,-17.520333326211166,-16.169610219256437,-16.457204906800506,-17.92245627479086,-16.52120926490849,-17.12334635761678,-15.457010154240791,-16.237075381671076,-16.334439450820245,-16.697484311992586,-16.471508080107796,-16.442296001270087,-16.995496757432452,-18.021440041545056,-19.233790286810233,-18.437252592142393,-18.637218325362632,-20.438232016829172,-18.25464937647773,-17.526683347867706,-16.450034557908094,-16.121527660281384,-18.139435212768625,-18.547584344982052,-16.74857243705773
-13.62844257707892,-14.580813757227983,-13.370856689842483,-13.217341929124355,-13.876351438177021,-15.075998532842547,-15.10351416654819,-15.52974406275808,-15.625772611964411,-15.652736447117586,-16.103881472444545,-17.04025436033438,-17.898163291893127,-16.029055034247687,-15.870729793761411,-14.988970913169087,-16.645765615745056,-17.53654980213097,-17.381333880255465,-17.444746112493988,-15.954145347117366,-18.45914976386369,-16.345369133886962,-13.617226307661005,-16.236641430549902,-15.732376197916645,-15.20228946941777,-16.647044933991104,-16.650242996452466,-16.907040080344707,-17.770961555907625,-19.247909886144434,-19.70268087495179,-20.046572518817065,-18.19588929511074,-16.852542738420272,-15.737647035222663,-17.217494095414235,-15.802767825062036,-16.618584991191803,-18.509632110885125,-17.78935407309835
-12.18050061157307,-13.59419423127234,-13.700629706136242,-13.831504193323443,-13.723470748634352,-14.535366248168678,-14.679913263749167,-15.32208780161153,-16.13851879006872,-16.580266710143896,-16.589775367860135,-17.54106608663038,-19.207046813790573,-12.15729926652476,-13.034249327890713,-15.139053161345133,-17.027723693279444,-16.301105070131083,-17.580650804148753,-16.5622096227561,-16.473246869658066,-17.069671702355997,-15.461587926153175,-15.446020374957529,-15.561841602366172,-16.717260543427486,-13.851221688772412,-16.606696418545443,-16.823367408336072,-19.04393707341751,-15.351637423747993,-17.493725267996993,-18.33669700312093,-18.536658584651892,-19.709882861909723,-17.965540597974798,-15.51033184254619,-17.303659384425735,-17.326392773024452,-16.487648013038466,-15.516466397040679,-17.55077879213874
-10.058700969961992,-13.108416560653927,-13.21188148118799,-13.872633517459455,-14.1291147053738,-14.727001535108748,-14.217935093394122,-15.313194986736455,-16.538389508182775,-17.155217759123186,-17.813735905546274,-19.46246692998815,-18.73219983346543,-13.599370628295217,-11.760658341505875,-15.031036874733887,-14.915429311788355,-16.344673640319336,-16.219204694915323,-17.661641270372634,-16.452340427571592,-16.106883346507015,-15.81436796512071,-16.850953761323854,-15.60527094979247,-14.530819935663674,-14.721475456489289,-16.880020165596452,-17.748955426161558,-17.453701854124876,-13.901698387974038,-15.540647720428383,-20.031897542653518,-14.646993844953876,-8.577334428630092,-15.736912238395574,-18.893243654952684,-17.9213938178324,-18.418748348308288,-17.934719191267774,-16.181972587189918,-16.56010493871128
-9.979446470464689,-10.928535145963993,-13.31694004576696,-13.636242252039771,-14.26331143413008,-14.567924366288215,-14.978470247562658,-14.161502920328651,-16.30215309107892,-16.79358167404795,-18.494152748635596,-19.854863084541268,-18.348931826300486,-17.127705603573865,-15.651121988647553,-11.819983249250411,-13.362658514889345,-14.37728260384059,-16.382080651947913,-16.339101356890904,-15.402679496060076,-16.586833196056226,-15.499337596154692,-15.534954665865316,-15.838520882415377,-16.339646070119574,-16.596393260753015,-18.30746273870342,-16.69650948278961,-15.534049476019172,-17.649838540072857,-17.05272624603658,-11.984186885190983,-8.002074207885176,-8.095537434011305,-11.710555332645933,-18.22443618090402,-19.312833345051832,-17.679984274393068,-18.252997013757906,-15.254920082676936,-17.95992862600261
-11.140332144967145,-12.310570926419715,-13.243461562535076,-13.956773856625908,-14.365061489257936,-14.667488739019227,-15.075486814476884,-14.202345479230672,-15.611640902589098,-16.10281329289507,-17.90012490279365,-19.409908673201997,-18.335083385205373,-17.43942383678281,-16.824864818469578,-17.12253776126498,-11.059610899044397,-14.605452935309247,-16.490871254938373,-15.762860435923487,-16.66338537741223,-17.200913364578476,-16.867682856165594,-16.288886771825617,-16.113518710023026,-17.07009332104752,-17.120688088314026,-19.3261028827975,-17.746882906383167,-16.462740081422673,-16.293573848001145,-17.718170546027473,-9.002299865486467,-13.246539963655572,-9.599174150817566,-12.590459362970755,-15.714188081855248,-18.41389080470486,-18.401487276455143,-20.106007728689256,-20.587044191123496,-19.657019783872517
-12.108605401432136,-12.823430866767819,-12.394367022486076,-13.930024603048858,-14.550251391840412,-15.9672836693933,-15.832825531592498,-14.557927989607112,-15.887951220828503,-15.655607086066423,-15.600061313188508,-21.762695118510972,-15.352855973819736,-17.206169710298614,-17.332133129847282,-17.663824121611754,-17.234462012706977,-16.509334511291797,-16.654804863501823,-16.570948917309178,-18.247370348506635,-17.219085127840177,-18.485083223286814,-17.092982642409414,-16.159150989867232,-18.427158628061893,-16.81917522775096,-17.958189672013056,-15.148925649752826,-17.705552800820744,-17.3281680383103,-17.865739379331433,-11.608303491534322,-9.47341255409293,-13.70237598677673,-13.274602074655087,-15.286022583897429,-17.371901115803333,-18.87934638169586,-21.306908714955163,-18.49353736325716,-15.913869894800921
-13.012603145359948,-12.078509881715183,-12.305906681369056,-14.375723262652798,-14.845817102921899,-15.0361687922729,-16.27502980778624,-15.781255694493098,-16.706469976618997,-17.093807947974792,-17.305836799755447,-15.428202033093838,-16.594527227268024,-15.493040792316794,-17.275369151866077,-17.839158634849994,-17.167189885099912,-18.4674756790025,-17.59117913284035,-17.730094714494612,-18.13519550671651,-16.390492869383152,-18.50257742412328,-16.964819982791116,-15.393257051275263,-14.823676699933847,-9.451573381061758,-12.099877451881857,-16.479315821858087,-17.64271680009083,-18.555784922117375,-16.175184841669747,-16.603299350599517,-11.55876412733584,-8.875593683171505,-13.62064234747546,-16.262634548720754,-17.926497315945376,-18.893515151684184,null,-17.042320712208546,-17.883651053279713
-11.84142181836566,-11.503697278804129,-12.765092996734488,-12.916935445822833,-13.867298318984762,-15.064830095607471,-16.625782881299187,-16.89074006588565,-18.373704065453616,-17.70448004526601,-17.542176772847252,-14.448330496625134,-17.03559871200981,-12.810400055108845,-15.307738255684567,-17.129554626717923,-17.47218332944945,-18.164222360725823,-19.02705672573848,-18.490143249227465,-20.708825831168138,-18.757667007602112,-15.831728301778776,-16.740442248849046,-15.733846414320283,-15.775434337280576,-16.372210503317074,-13.807384516816292,-15.305180574794528,-17.039752845691623,-13.84896385148732,-18.615878947215606,-7.857771470079852,-11.284056313159713,-12.461636132329291,-12.413970132983593,-13.469620016639512,-18.762349695256603,-15.837444438663992,-18.99167362974852,-16.333531357813378,-11.420359809417626
-12.082992211062477,-11.707481614278105,-11.797904729037507,-12.8926659703736,-13.999987053119327,-14.801343767457926,-15.159211239365009,-16.401817023156884,-18.147690870278687,-19.44612711576569,-16.31328999393006,-16.22278549620711,-15.419945849035695,-12.786471787258117,-14.88198181377853,-15.99537670725197,-16.45990170425561,-18.931152231282095,-19.763641878349507,-19.266892094176253,-17.58738202533804,-17.88406067234437,-9.821927325926763,-17.67227873983,-16.58118061722158,-15.726235078642775,-15.30908512357396,-15.996496814894961,-15.592981555324073,-14.627525728727955,-15.79428412362821,-15.74540222741647,-11.592901625263568,-13.468599862022899,-15.07847250550934,-15.453562174795948,-15.636254971946546,-8.642004137114728,-5.334172447488057,-12.692179536448496,null,-12.149601169624248
-12.030733533182707,-11.922932782435284,-12.07620676736229,-12.359982735699933,-13.736911349923137,-12.163062567540617,-14.534896767154374,-15.515911130925499,-18.67155953932504,-17.37706468559497,-16.8282387181673,-16.70384490021197,-15.097087982972063,-13.992217231079685,-14.337991831418591,-15.463189515518119,-21.242812213902646,-16.972749161751516,-19.6690087731386,-20.200475167418073,-18.294721455811747,-17.194427363956407,-16.823630656664786,-17.336677366697963,-17.822916982215922,-17.08383124698682,-16.73281625395937,-15.511505937893844,-16.51261044826603,-15.76357667395957,-15.730783979487148,-15.336749325572017,-15.163534890363698,-15.604410961066009,-15.855759757250269,-17.49883798234764,-15.026281841074612,-12.442692388966417,-6.145060892528109,-7.463410762620659,-3.7202646925568423,-9.084293891900433
-12.341232907059508,-11.613902722339692,-12.479322407588342,-12.973804032959185,-11.236897906483295,-10.397740384803813,-12.65552013727294,-15.174860190640425,-16.66329466996892,-16.875997388035184,-16.732040995095876,-16.631365252727107,-16.842848635359992,-15.775361076808135,-15.43014116370221,-15.888146174199656,-18.35934546577645,-15.807293357219256,-17.922105022182095,-18.090032951284996,-18.770534958977095,-18.776612602882274,-18.015140503137083,-18.31350679331435,-17.408407955999465,-18.59476598209052,-16.28373924856002,-15.76948324003507,-16.92886482948827,-16.796014558709743,-15.742488062457905,-10.805313762616349,-10.127655290913808,-15.374068096915776,-16.9775692317437,-14.38882438847759,-14.374099726493412,-13.032975639397117,-12.197124496590098,-11.514919985525646,-9.33824445233336,-7.387649914950627
-9.170738251556504,-10.519453741833662,-10.421486226735883,-13.888398768839943,-13.377199072462293,-10.503991622086541,-10.828446158804573,-13.210133075017687,-15.226089700486472,-17.84149872255965,-16.383877437586925,-17.180555230430244,-17.642443356233326,-16.996538781101158,-16.54060491181119,-17.139365956075814,-18.351240624780928,-18.037716891942434,-17.15745178485745,-15.382666410564353,-19.857641178867258,-16.202886074675323,-19.181744566883665,-18.07871147127192,-18.489798006249366,-16.60455482971717,-15.332985764819439,-20.52124617904724,-14.417107104118529,-13.26069718339856,null,-10.875362937501873,-11.038740891011722,-10.333128189192156,-9.757460010720784,-9.475741234034556,-12.261826860865538,-12.889586533214239,-12.906860142097578,-13.083456483998155,-14.084656273172367,-13.814339990985172
-8.836826809071313,-10.780714283077812,-13.31082326812881,-9.676436213959223,-11.468097399112747,-13.228576138564643,-10.99616537841002,-11.608016890500478,-13.576419678772805,-16.17604724123872,-16.849989330813045,-16.762352458516613,-17.89865627053003,-18.025514826761626,-17.200207934221904,-18.336617195456125,-17.361909321978754,-18.45746715341147,-14.06586426136308,-18.305510160373366,-15.389623246690977,-10.421161689570376,-16.559610235640335,-18.158984852252257,-19.603725953725633,-17.740177584452663,-17.608862808300593,-17.106735730332733,-16.587268742323502,-15.052981103661931,-12.833290559223613,-10.952975070152782,-12.988223082937743,-11.314768393858902,-10.874585114218887,-11.659393230467753,-12.888335012924227,-14.249069841714922,-14.771571271496933,-14.385344660870786,-15.696625029654296,-15.224055222955974
-9.56881658057341,-8.213298185568519,-5.618632681644372,-7.574014180958127,-9.975465248366607,-11.522518300031216,-12.591827868572235,-11.976148503413398,-14.357671494186931,-16.5509116405037,-16.155186894423363,-16.77879056520685,-17.734334147663635,-18.761227928875353,-17.971922761668818,-21.09110815770854,-17.0789742676334,-17.56789013334232,-16.635467014066787,-12.994450541503468,-17.206669335621097,-14.855076226517518,-11.03277942661392,-16.663232228288365,-17.11698493050369,-17.52876169988542,-17.234654909759445,-16.88820791058719,-16.99303132742274,-16.27358912656096,-15.487652575834174,-15.2487972335895,-13.336102817604544,-13.046982922316042,-12.274082913871643,-13.493408349215098,-12.248520237869837,-13.020484583628585,-16.299705612653355,-14.792942480888263,-14.695817061233614,-13.417039521964707
-11.382067434294429,-9.663957686328134,-5.176267389636271,-6.3215787390100076,-8.427407805773477,-10.602749527732106,-11.692388621814414,-11.603859917310176,-10.70869499410953,-16.62616448959573,-12.964568535133498,-16.055688028066097,-17.265259127502496,-18.749782257181757,-20.6409458335873,-20.04792146308416,-18.73582612398664,-16.73967222720833,-17.27663111727018,-16.01045415852471,-13.161679931474167,-12.83672436004716,-14.355239118330942,null,-14.912997235668772,-16.4457001477154,-16.87768664722303,-16.99097452694852,-16.512094983734084,-16.449189608376656,-15.931439065533244,-15.38721274269962,-14.833809407031323,-14.288617865829996,-13.072836798003262,-12.287107531653742,-11.459066439937729,-11.759111798954683,-11.344931626637406,-8.436282032051423,-12.11798093116706,-14.158697604804807
-13.265045062203267,-10.66976438370282,-8.252643398132863,-6.893474966924654,-6.751938379202421,-9.740310585248807,-10.151252165617379,-10.560426617283294,-12.808499948721625,-11.234026690515591,-12.049378796231009,-15.648767727004364,-16.779087149331154,-19.249374986477758,-19.531854751014738,-19.219549167381015,-17.854401838594413,-17.434722556859594,-18.796266739703267,-17.162200048137343,-13.298896051226187,-12.201095158368233,-14.776700792810878,-15.427386110413341,-13.396025831661058,-16.047449900729706,-16.29572295602631,-17.47044455030435,-16.92321403656116,-15.831795376477528,-15.83053546912042,-16.529016681792044,-15.8854696562463,-14.247795136088525,-13.87622167168161,-12.913932851406138,-12.767390109608488,-12.242896814713319,-11.340854543682543,-8.652181272413982,-9.224185954774528,-13.137134268683138
-14.75110703626592,-13.52694677422145,-12.153087708929338,-8.575928451752938,-6.296350874975198,-8.142850356777616,-9.875795264856992,-10.429177116582188,-11.705725457353582,-13.301532368385288,-10.130142728497058,-13.341519286158308,-12.670615172812528,-16.08528021214345,-19.109141249320572,-18.55761013014182,-17.913359881587102,-17.451084020348723,-18.285764053547805,-16.662090161451687,-15.448712383102837,-14.349378257537238,-14.873937224824493,-16.691017628179743,-14.957934457010246,-16.114578889427868,-16.696870810856076,-16.516039517410732,-16.254750593225012,-16.26196267266737,-16.31610615024912,-16.629705450626826,-14.84737077449735,-14.324235284741928,-14.512924045844382,-13.79463509687574,-13.633852959820407,-13.011890463325248,-12.404769907464038,-11.685408150971497,-11.888024953957032,-10.802075143540758
