public/json/wind_2018-09-1606_700.json
{"header": { "discipline": 10, "disciplineName": "Oceanographic_products", "center": 0, "centerName": "Ocean Modeling and Observation Laboratory", "refTime": "2018-09-16T06:00:00.000Z", "significanceOfRT": 0, "significanceOfRTName": "Analysis", "parameterCategory": 0, "parameterCategoryName": "Currents", "parameterNumber": 3, "parameterNumberName": "V-component_of_wind", "parameterUnit": "m.s-1", "forecastTime": 0, "surface1Type": 160, "surface1TypeName": "Depth below sea level", "surface1Value": 15, "numberPoints": 4800, "shape": 0, "shapeName": "Earth spherical with radius = 6,367,470 m", "scanMode": 0, "nx": 80, "ny": 60, "lo1": 109.0, "la1": 20.0, "lo2": 116.89999999999955, "la2": 14.520000000000117, "dx": 0.09999999999999432, "dy": -0.10000000000000142 }, "data":
[rows 38 to 56 of 60, columns 0 to 42 of 80]
-11.995524543949081,-11.526762110416113,-11.523635778313835,-11.993137118784155,-12.081151662840831,-12.587598637291157,-13.443960174118509,-13.860605597907565,-14.358797835984248,-13.975401778575034,-12.383290582589908,-11.823878562383705,-12.163659733080259,-10.584570564445697,-11.163444020235747,-13.5517831496517,-13.53917048439013,-12.621896207334945,-12.027604645473378,-9.512558848182442,-8.450107515167527,-8.798735255668841,-10.339961903502337,-9.763230213583883,-11.058000059688862,-10.464152306488542,-11.756904808974106,-13.233911721037055,-12.243097988512371,-9.671928890358648,-4.655263203921528,-3.1713658063759906,-0.9637881713286405,-1.3547159838020428,1.5310502733566043,-2.899818817044531,-6.6257952993864215,-5.466819400313776,-2.6692099460215535,-8.725954688304407,3.79566702528599,5.098265462031866,2.5509851371372045
-11.438271757117842,-11.468125807103512,-11.43627237707937,-11.759363588034036,-11.939272967692254,-11.854735635979981,-12.60868952944218,-13.666595857426898,-13.38398644602417,-12.377423487331459,-11.262631192770458,-10.800241622627135,-10.138577506385865,-9.97985675811871,-11.006255982399662,-13.248152277401557,-13.19407773165853,-11.675512678681839,-10.236821253009719,-7.348653637912992,-7.477622615267546,-7.115045739903699,-8.163236490467899,-5.919461622927358,-6.180921696031498,-8.245457501865976,-9.064422149934742,-10.172159287410619,-11.46371798476773,-8.145307757091992,-3.873441608072684,-2.732370168264114,0.5130244282462373,-0.9022779213488904,-1.2837536243464664,-3.1580590769853067,-8.18057862814693,-5.470042276964284,-5.7824681657831905,-3.019409002719886,-1.252537360957724,3.1980245179321636,1.5802057300888155
-11.755548642657066,-12.045170897472115,-12.042863272068983,-12.036107595204683,-12.236526097211925,-12.19090454226519,-12.637847782027562,-13.468963560976304,-13.077431796152617,-12.599665128839202,-11.403838909453883,-11.105787985412867,-12.257184836879848,-12.456779066776432,-14.016999999581575,-15.630495335341642,-14.126393061047905,-12.33485333866917,-10.641808022207549,-10.520764829378486,-7.951678922561109,-6.548406780254234,-7.550908054363186,-7.170738302075917,-5.437454544083364,-8.273628011759914,-9.386093925429673,-10.021688018573812,-9.897691446586101,-6.397194966430255,-3.900094739364195,-2.6092757912524434,-0.048562822707874986,-0.16452727910855935,-2.2727360316707683,-5.929125505491482,-5.8853155885823965,-5.571869066884272,-4.033614415742706,-0.8738602915948515,0.004529948621100531,-1.3867568361884488,4.481586490221238
-10.964923030057545,-11.327506781101297,-11.753164656519402,-11.737302828335316,-12.190585851280641,-12.47405447902691,-13.249073957875234,-13.121026563081802,-12.684959142238213,-11.845494541814654,-10.795830310867803,-9.546169147719223,-10.633918569793536,-10.266891051997325,-13.781152179221525,-13.348498602938117,-13.343675399705912,-13.493423982255079,-11.8841614305443,-10.580507298263605,-9.80725422876691,-10.024414850677468,-7.606933785237021,-5.915537866233393,-6.761321376516371,-7.005351912059741,-8.809876419124635,-7.27098508295288,-8.38783952865308,-6.445220474602582,-6.135460284488863,-5.532800959212954,0.03390044823931706,-1.9950060818386537,-2.0822236542600603,-6.654075592418113,-5.609398633778145,-4.320246810497304,-2.846927751121955,-0.489896261916052,1.553649523589757,3.596219065924896,-2.728212473577413
-10.19595475761497,-10.776726151631628,-11.141666321801633,-11.228375394751055,-11.725773889786039,-11.928268067710203,-12.031730479651891,-12.241164798303995,-12.24705058414672,-11.940135619826737,-11.671744883789854,-11.319362281045413,-11.894372409841132,-10.840323370867763,-11.288021006915027,-13.241949462277834,-13.528906953229086,-12.428807290296094,-10.26784806849602,-11.035788086919975,-9.958610438878617,-9.46419279677142,-9.041376612384896,-9.595156606263977,-9.178089193188425,-9.044008591712885,-8.463340128761752,-6.993530300340982,-8.010182667179238,-6.765832026137364,-5.1674891510435925,-4.759978963642262,-2.10319010266757,-4.352166512862844,-6.470674543031448,-5.197023769059443,-3.8838687522291107,-3.704921872017593,-2.2720269041798735,-1.626151985941074,3.9682078204260085,6.365654108580114,2.7121847221705
-9.93996068123326,-10.107530605945843,-10.126892243049541,-10.099477517387932,-10.509402090027255,-10.962399993079199,-11.351161384151409,-11.784509015946066,-11.37222646569197,-10.316941346835089,-10.648360281887612,-11.39206249798375,-10.921978182460016,-9.582822601221197,-12.028987838235174,-13.650442310401884,-14.19535310979552,-11.94052383171536,-11.279676829714226,-9.926959777399823,-8.53613427373766,-7.919078952639768,-8.508394449951268,-8.024870728130075,-7.992947181709555,-7.394007782208046,-7.57625116425695,-7.710217799028894,-8.212648150231326,-5.983154255152097,-5.931685189000953,-9.274436136698316,-9.695464877759099,-9.120038268011328,-6.265230131974417,-5.091996236209277,-3.8199001718257604,-1.3306753285375457,1.1058760375987067,1.5427142797587228,5.9698158221748905,7.595343125257673,3.437230272635637
-8.33607304603813,-8.804614836881822,-8.63229455680361,-8.478392392097735,-8.234116403775786,-8.918650038057871,-9.694767414553414,-10.46560628168482,-9.611400903982771,-8.868047749019858,-8.384570562641873,-9.207134123116615,-8.916674546899278,-8.585479927645094,-11.1258473931826,-12.34626195393343,-10.988738714320913,-9.234193761206937,-6.670443879628961,-6.039158629302667,-5.518623816793397,-6.097481649734306,-7.439148343195585,-7.656014747378251,-6.304450072029351,-5.1264477506184445,-6.529487551987911,-8.107190845184693,-7.606158050348608,-6.145169121189551,-6.426744530875048,-9.772634828646595,-8.121594569364625,-1.8553806739174714,-3.1466750186882004,-0.9148486462384304,-0.207794774615094,3.0360241332581293,4.832333133380173,1.8953555947530376,5.520264281584296,7.22847356421766,1.0469786598051765
-7.803990293723597,-8.088356394769647,-8.327670074388328,-8.233870954789694,-7.8485620572249,-8.419051610474982,-8.643293139407412,-8.664913272821813,-8.283984665418725,-7.792720266666292,-8.201950505371489,-9.994522063928272,-8.929352409256941,-8.161957690945021,-9.601480364179254,-10.681140934867992,-9.379884744617073,-6.77523208607168,-5.365008432453046,-3.3666153012094586,-5.498501361508578,-6.009791586532245,-6.1163230443222485,-6.001844880548858,-6.851281832373111,-8.47650900047855,-7.6229189925714635,-6.295995346276159,-5.940061404790339,-4.430069103218969,-6.568506484680404,-7.7640251211770845,-7.949496324248309,-4.010213103365833,-4.677663186436539,-1.213531593131031,-0.045504074739367774,5.310457575348808,3.4936504131563293,0.300132978168544,2.663364828508035,-0.8969856664882288,6.0997741928821885
-7.374507104886467,-7.825730039469417,-7.926043139554227,-7.984310692263628,-7.827582492360461,-7.6517549728691865,-7.990539242543875,-8.705009500536502,-7.350284042430179,-7.22170886069479,-7.835384094996464,-8.594379286320635,-8.585421482067712,-9.31232093449687,-10.058964552091819,-8.80122373124938,-8.456328494628066,-6.806776982972555,-7.220072377453726,-6.89334077832055,-7.538001570764941,-8.598945030135129,-11.01051786513707,-10.568488694848943,-9.474793198352968,-8.558353911367393,-7.947227364632872,-4.571844307596132,-3.7979831953005494,-4.752098966538283,-5.272799353535348,-6.074705519811102,-3.8305662386161807,-5.227537148772244,-3.28439553637517,-2.399675920106758,0.05811171685129042,4.466654303892636,1.3162264367250338,-0.5250764199910757,1.4267583627915168,3.3559266523582956,5.064266725396308
-8.120098023833984,-8.080078198911298,-7.992266281088272,-7.585414661442936,-7.586501691452867,-7.292621641301371,-7.8560773548069225,-7.617945451086605,-7.589284864551877,-7.465070566392787,-7.848092990777889,-7.711582597943253,-9.01102298970809,-8.87440830745482,-9.513487998141231,-7.1650940173503415,-5.945640947934099,-5.236234748592949,-5.482260877995054,-6.146436590347629,-7.5847575711570085,-9.496417833766575,-10.361595213004426,-9.435289488432737,-7.72725038800984,-7.433401726222346,-7.216868596591468,-6.35041031279128,-8.60445099864155,-8.675056644074099,-6.565144637862193,-6.215018150454173,-5.53301865281533,-3.606338379592269,-3.5064525837186364,-3.432586195218441,-0.862729221234497,-1.3014587251929544,-0.27503549574766817,0.5737138540881915,0.8732038394954535,1.3419575257604057,7.869837279047097
-7.267529460936863,-7.262916804112036,-7.381847296334948,-6.70953628949156,-7.031645167458943,-7.244929677638312,-7.071946395786009,-6.897220782298486,-6.763410131828201,-7.220774503232559,-7.039783149861977,-8.245357657695973,-8.326006079603278,-8.42060042793408,-6.582514647747226,-7.0853133245479905,-4.185689113882064,-5.943188676089444,-6.250504477886862,-8.276741599721385,-11.049416595767463,-12.578366823194058,-12.268944735840654,-7.896018887223773,-7.340368214786656,-7.434190531496155,-7.595476887418604,-8.092379874912647,-9.00790706368269,-9.105501483629473,-6.863466292080409,-6.267252601877347,-4.550246961909893,-1.7909012669935094,0.28138422243141303,-2.708158571910827,-1.114602062258661,-1.5235673343960647,0.11962978075426164,-1.5036869589560822,-0.029870476767487192,4.2190570398779625,6.288893316564293
-7.732963208444978,-7.419392732161628,-6.667959428096962,-7.012549232345963,-6.723568433269208,-7.030083534138673,-6.944342831668417,-6.324149808311174,-6.766885214857112,-7.504269294947281,-6.552364272374074,-6.649119824515583,-6.635535511940192,-6.905456861252766,-6.902087803665068,-6.935542584027772,-7.939335544389675,-7.086871857009766,-7.088937361216291,-8.896119194561413,-8.606040190552655,-10.168627139245464,-6.046276723165056,-5.617238973713471,-5.41170180971956,-5.065791877721498,-5.488037819703866,-5.360011104848049,-5.446516631010731,-5.754734941136327,-6.314162368618907,-5.625581288613629,-3.6871065230304585,-1.6979693470629835,-1.3121563166758436,-2.015043136317256,-1.8642849360691702,-2.3147892020593313,-0.8569296030027896,-1.893802831714369,1.7369997932127856,4.18768432441614,3.6039286778281245
-6.318837178197722,-7.92028647934098,-7.102783530846314,-6.92977558147401,-6.496109245771088,-6.93824627458301,-6.381196829483919,-7.224107377200649,-6.329063163398874,-6.073707839738835,-5.902091463129855,-5.898066338015147,-6.3654764666788965,-6.810457866498087,-6.602948125477754,-7.378865333739495,-6.647196633382345,-5.8260658040279285,-6.203003871986898,-5.262468982118166,-5.9054262177794605,-6.0640771671420355,-4.115339378499127,-4.723279700825877,-4.1652626095049605,-3.3941936967220565,-3.0459365038304997,-2.3594069993853353,-4.789312957619591,-6.952131973205472,-6.005468020236124,-4.51488024390292,-3.2624008611498803,-3.6614860304447934,-3.36084541453641,-2.3607500298563506,-1.6496082167419597,-0.7386077586094457,0.5499034287473841,1.6400651982714476,2.956068539804069,4.813463329727451,2.376441704715714
-7.990091779777503,-7.003961430461501,-6.188465267129223,-5.701671062373028,-6.092391495241953,-6.484573856768374,-6.640357355772943,-6.656507452855905,-5.867149942642609,-4.688323474423135,-4.857127539025079,-5.159800477336746,-5.575638870549727,-6.893129281739227,-7.932726970732862,-7.216385294685756,-5.172491102090378,-2.5510423969337612,-3.746213850332122,-2.201204781039969,-5.021157723026156,-8.363279648329266,-5.518976553189211,-4.736924154112035,-3.673319998832908,-4.891630293749151,-2.319310023683439,-3.4767423340087467,-9.198041280083062,-10.467371766928126,-8.624664232406538,-6.756380678764182,-5.507681597191004,-4.167321995077571,-3.409479645003125,-1.7052228662778832,1.0518914539727438,2.72280894506895,2.2572449461695974,2.650085713840147,2.4219282094829397,3.4407733224743042,5.0504534088129684
-3.5340376015622024,-4.356992869323744,-5.474896287495262,-7.17920177047263,-6.64200742880834,-6.015057509050429,-5.836469013099423,-5.972514792179177,-5.795685977506232,-4.848352449922213,-4.671404140540762,-5.173645172661866,-5.32414458831825,-5.771137668795157,-6.6226981506906455,-3.7554981512779495,-3.605458231642216,-2.499867181759598,-2.329969914026779,-5.499308106250206,-7.42234873697513,-8.714891041571253,-6.9656970844576565,-4.034090581935483,-4.630891675956392,-5.458849136814994,-6.148233404486992,-6.8336731972964175,-5.939048817612392,-5.0157242452062025,-3.9671137415457913,-4.4291126689845335,-3.0403835293037482,-1.6007107202798738,-0.47060022633218734,0.8128152879406851,1.4323585833196346,2.9879968067062075,3.889205149143705,4.653076360462706,4.7382482175546325,6.060176514738325,7.90817486662693
-6.717887994401719,-6.60643369016998,-7.215862846377651,-6.382926876105908,-5.475620757543015,-5.031117603018998,-5.212292027956355,-6.059683421229031,-4.92031654405922,-4.400538924491492,-4.58572371341951,-4.6941914490302015,-5.202966612385325,-5.3295782342777605,-4.836827669255585,-5.402322803096146,-3.676621679014265,-4.27072051275665,-4.293963563812157,-3.675025465969032,-5.755845331330711,-8.360073683565725,-6.533005974261997,-4.212625589310301,-4.677463598699926,-4.293969488188063,-5.237049192566208,-4.543271023482259,-3.3460596280609383,-3.202208850813294,-1.9154580528364729,-0.1479222660186238,0.6066330315489298,1.9553281248771845,3.3898242279287736,2.7899919092115786,2.970954036158242,6.344716962810629,6.094020639369852,1.788375547827145,3.7085978158108155,5.8715130731751,7.815422214220792
-8.10334206694461,-7.729759599520279,-7.10925899456062,-6.48307016158282,-4.363245747447388,-4.052051467405822,-3.666587607123964,-3.747078922945408,-7.21589574705914,-5.243550514849388,-5.649571005542679,-5.114396092933212,-5.06920507994708,-3.013509971382861,-2.3266809007825833,-3.9585560675354055,-4.613039529385736,-3.658879657284515,-3.3187394649500668,-4.444498850796057,-6.5193979696134665,-6.903113724783666,-7.2535775639294755,-5.611000900034201,-3.8755430527664725,-3.210946519073791,-4.652405912638808,-3.091999390438976,-1.0105278021074136,-0.20507179133688863,-0.15125514392160627,1.6870197100790882,2.3132922151058812,3.284648183848566,4.302567974482119,5.925109766508497,7.511093224139051,8.78141994822564,5.222951710010176,-4.7075867004735885,3.7114174027730678,7.639057644475509,8.702852082054049
-7.863103097313386,-6.768984255620042,-6.569755118528251,-7.1184423550854135,-7.448214654866813,-6.16757910404731,-6.262962613275505,-7.164038380582601,-7.645923123951781,-7.053143548533424,-5.95795393367364,-5.33094862249456,-5.801352483889392,-6.136829881499192,-5.837935589977955,-4.638514459159391,-4.718167008204878,-4.7994973065519515,-5.134675589704965,-6.6345713585102555,-6.569770734701193,-6.864452634248664,-6.307081269312217,-4.018776964321647,-1.3466489939361554,-2.0729446227207853,-1.92651220450678,-1.1721983273366916,0.054444325792187956,1.8168844680608323,1.7473442022661059,1.5848514638905797,3.2238459998653206,3.7791169618033496,5.466762686997024,6.336399442509126,6.241845986792301,7.351433791034003,3.2456019387033797,-1.7902969663334085,7.1738249622245736,6.692406678905149,7.191336408507977
-7.05926965169979,-6.777441524075229,-6.435667719140094,-5.833736260679468,-5.9433887192017,-6.335733373533712,-6.133742323691133,-5.841362243120997,-5.449194184574682,-5.782657324215707,-5.704288206360928,-5.550884813660978,-4.897873164168611,-4.633049839184711,-3.353917879704388,-3.51290206961239,-3.8728468702736354,-5.409011805897609,-4.915147397866608,-4.269439390766057,-2.6290034400942046,-3.4413025407221873,-2.5918912622222607,-1.6182832802137987,1.9565583851230754,-0.15960923472846056,-0.3422780409759939,0.22241585475692693,0.624413212111656,0.8306569756232544,0.2754344910817488,0.47547518710567405,3.8170995728934924,5.266980792417662,5.606676972325078,5.520874266369704,5.9450901720435985,6.631960190833413,5.067822244075234,4.999803178600736,7.93296379927771,6.60454243409387,5.912816101406362
