public/json/wind_2018-09-1512_850.json
{"header": { "discipline": 10, "disciplineName": "Oceanographic_products", "center": 0, "centerName": "Ocean Modeling and Observation Laboratory", "refTime": "2018-09-15T12:00:00.000Z", "significanceOfRT": 0, "significanceOfRTName": "Analysis", "parameterCategory": 0, "parameterCategoryName": "Currents", "parameterNumber": 2, "parameterNumberName": "U-component_of_wind", "parameterUnit": "m.s-1", "forecastTime": 0, "surface1Type": 160, "surface1TypeName": "Depth below sea level", "surface1Value": 15, "numberPoints": 4800, "shape": 0, "shapeName": "Earth spherical with radius = 6,367,470 m", "scanMode": 0, "nx": 80, "ny": 60, "lo1": 109.0, "la1": 20.0, "lo2": 116.89999999999955, "la2": 14.520000000000117, "dx": 0.09999999999999432, "dy": -0.10000000000000142 }, "data":
[rows 38 to 56 of 60, columns 0 to 42 of 80]
-7.545199307009238,-8.209340984593135,-8.834135412687056,-8.588710459986478,-8.538461238441228,-7.802924157052062,-7.060600114188778,-6.344719979223015,-6.763028889993895,-5.982888099122374,-5.146256936166432,-9.751494439578504,-9.387505162623054,-10.563337754932952,-10.609964067149804,-10.418497986426793,-9.34950511587252,-9.346136617214505,-10.27140177017445,-7.654562789002902,-9.779425742168195,-9.471399349171769,-10.036960269599394,-10.303827885127248,-7.420342074571197,-8.300846893948217,-8.391075992610322,-8.73367535725763,-10.01081877182903,-11.430724582632392,-9.709094226195509,-9.715475906774376,-9.671070560889273,-9.366035535822341,-9.32388522431475,-14.802305217957667,-11.591410913227756,-11.317889070442543,-7.4035594209687625,-4.881910703386186,-7.241524500776663,-8.673254848096253,-8.492863076222495
-6.753596526998455,-8.62872135021841,-8.112712182779585,-8.149867876505741,-8.34684252037306,-8.463957880471986,-7.823019385672043,-7.815767890787175,-7.202230255696007,-6.431933985530658,-6.345027393823866,-5.581243096580949,-10.261389012843216,-10.682973942199714,-10.977281782174504,-10.82016739833146,-9.65865121747702,-10.357755668536928,-9.759726969819969,-10.02995546066635,-10.683600225850036,-10.74029093281148,-9.969257269268542,-8.431703827221828,-8.8354846409148,-9.8895977150355,-11.43890358070195,-9.753204617743418,-10.75789596808575,-11.028374964169258,-10.405451896052233,-10.389227953108923,-10.64233769746447,-11.401706115466986,-12.378461401655787,-14.380282958461908,-13.36194005363337,-11.83020802058772,-10.192945892591442,-6.027903956493033,-8.303713005603473,-8.192151682709497,-9.082294870719641
-6.464114357003668,-7.606033239152925,-7.440627124595801,-6.6869452565379675,-7.824783182572618,-7.965185873180474,-8.636647174242125,-8.759057461655342,-7.911561521945428,-7.044010345481244,-6.875128672935524,-9.615755259516337,-7.446559535024911,-9.107705268561965,-8.773730842182895,-8.25633899463848,-9.06462651595832,-10.984217524237017,-10.046554209888019,-12.361529819554073,-10.517859113236192,-12.290620572508738,-11.060015190342812,-8.020492501765922,-9.171383670353343,-10.249420237193622,-11.367661407289143,-9.036174317784766,-10.065579698465791,-10.85850411143319,-11.070499338889011,-12.122400180387594,-12.537165295378953,-12.112885543172881,-11.539052622500328,-10.990173175524216,-9.883222010039756,-12.061668147372993,-10.765846770539506,-8.556411936222071,-10.40513836969056,-9.545888082183813,-9.957126965856622
-6.024316937211696,-7.142667745536237,-8.075741144249047,-6.766549591634634,-7.368449192446519,-7.962489959317589,-8.433152759719459,-9.275586169316014,-8.811911134337672,-8.049145231024832,-7.554260834067761,-8.716902745524912,-9.346571398549148,-5.877060916257685,-6.517170324664401,-5.500608974106722,-10.021040756430901,-9.858080099351222,-10.69606512469531,-11.850568230741334,-12.926904910923405,-13.745799349465194,-11.748164026127084,-10.905735773238687,-8.948091350023349,-10.703689002194094,-10.16499777907002,-9.031889853519122,-11.08951172715022,-11.801226647219245,-10.806208653287111,-10.12655413889582,-11.811596349815183,-12.45356825453738,-13.233840000354085,-10.400461840316323,-6.11479103661158,-6.078437207288342,-11.302494379723246,-8.487035256260132,-8.990898764197219,-8.97625942622925,-9.32952893192516
-5.61090480208768,-5.593789683601442,-7.324251220201246,-7.508968451357049,-7.68072048695738,-8.345950784970347,-8.480534381400108,-9.968931445888892,-9.469055918484148,-9.236732068910356,-8.93932209022126,-9.550306116520664,-9.660528558441083,-6.866627155089681,-4.552075087181365,-7.4555657678556795,-8.150980942649184,-9.770587201933589,-10.708540828681766,-12.482742764950387,-12.449664951993062,-12.889024861281428,-12.144553711994169,-12.169116277898727,-11.306668839007143,-8.189326640380642,-8.579130258757166,-10.174438873783778,-11.91578929797015,-13.941579689881076,-8.97935228494891,-10.816559880432836,-12.295480960871496,-9.892844248937756,-8.854954677306807,-9.527149267461041,-9.168046705859137,-7.55334188239588,-8.764923739289836,-10.428277674046017,-8.15505269396021,-8.399494354987567,-10.379581932305864
-5.999388841967645,-4.8760128283838435,-5.306333797736666,-7.087947238100763,-7.6691188437318845,-8.051790721992987,-8.279154408708177,-9.358976855859435,-9.710514323087894,-9.721167993987459,-9.305487748476898,-10.991477134379156,-9.760580436184695,-8.559062060140416,-7.70663439708926,-6.524780041959801,-9.31597156046046,-7.649679456943629,-11.481430831986344,-10.327733725809175,-10.863752313480209,-12.960297272986713,-11.94244600058182,-11.513216442216846,-10.099607230079735,-11.164949515463919,-10.562009109974174,-13.135274086534944,-12.989385273817728,-11.684211478176003,-12.528237551616774,-11.253922244094287,-11.56144156257156,-9.400414405457115,-7.741860164193139,-8.543323575114936,-12.260791362743422,-12.810617139645384,-10.921959791862285,-9.64887973587187,-10.93937335421949,-11.924877005170401,-12.305495300383928
-6.543759802044529,-6.0952803752436875,-4.835043857984644,-6.337030698179495,-7.621247861354477,-8.031937411511615,-8.239182793726242,-8.936534117969607,-9.737823952316496,-9.939383845732037,-9.993810472891486,-10.47128996602982,-9.299825844191771,-7.774413197331582,-9.028959434023601,-8.080371071282997,-7.094242959220886,-9.24747821354882,-9.603100136303473,-10.616985500855373,-12.092653374309428,-13.269547724221715,-13.143226431837931,-10.92443805068658,-10.610092864676785,-11.1918664708069,-11.683414891331404,-14.24610186322469,-13.15781386752797,-12.517530642666044,-13.157017215448503,-12.68273934778186,-8.926075282429672,-10.105611190609888,-9.268734986584878,-9.271696987346544,-11.26773875473736,-12.991255199328585,-16.288231238955845,-14.308884349817797,-13.970563400968146,-14.139590454702038,-14.53493730488255
-5.563827990263437,-6.171828859503924,-5.496094530225304,-5.415065276271827,-6.97259438590512,-8.202595980359586,-8.64923995324586,-9.27035974493781,-9.860232671256876,-9.838330862858594,-10.292627438137341,-11.340876335668788,-8.949998053425666,-8.098701446598067,-9.248380307705457,-8.87511689499116,-8.832424352573629,-9.901656823426194,-9.952116589255416,-9.868841736704283,-13.233291779340416,-14.220874157858866,-12.487939882379088,-11.57064194554343,-10.528252662658243,-12.033442815051535,-12.342286017496424,-13.101511381811703,-10.897677033213148,-12.801327780085437,-13.855221536870221,-13.32821580785282,-10.669649097682582,-8.021043230805434,-9.177632155259163,-10.891841571679057,-10.838786207928884,-9.95408498235702,-13.415870895755223,-16.94577731907148,-15.763409926033695,-15.9991933238114,-13.640546779141395
-5.563623829641837,-5.781956951978051,-5.405516874655047,-5.6289225622837415,-4.991935499826064,-6.2607815370995095,-8.238278706907032,-8.767395880421864,-9.941836923159206,-10.281515181848825,-10.331657412581498,-10.184456762345874,-10.173698512321792,-9.04024916185431,-9.958084542695975,-9.945987903607293,-8.878954050118061,-11.12851571959808,-11.443291721784439,-12.513820054294802,-12.854701456566985,-11.003495991051404,-14.133140068577429,-11.768638641931602,-11.208079919547211,-8.366109947571562,-8.012070653202585,-8.12507425217514,-12.288024943041687,-12.435720870232938,-14.73799161070844,-12.443285243949159,-14.077017085327764,-10.38984144213796,-8.71623507388149,-10.809984596628105,-11.73991157204092,-11.192711642917214,-10.729881586363557,-10.97060468478235,-12.203554133464749,-13.492316614867317,-13.5350011965964
-3.783854612608187,-4.095477000698147,-4.744643277724821,-5.086745436458756,-4.637523759237582,-3.7390622963596014,-6.839230071469098,-8.674291480996741,-10.43277012926687,-10.33116435975266,-10.293225366218865,-9.508791964061318,-10.717250146072306,-7.444468785008499,-7.832710534481447,-10.198729199281305,-9.675538233772782,-11.348931670657052,-12.009358712941948,-12.96674741390806,-14.759214687392769,-12.101605524313193,-11.326375065174735,-10.42994243623245,-11.207030015843436,-10.846217573279546,-9.642462327943761,-9.171583981403856,-10.556068259149805,-12.716114624366403,-11.24477393986837,-13.23863943991891,-7.210861099056698,-11.525024710194932,-9.851534905650556,-9.446931690939099,-9.476739396423362,-12.074083430030319,-10.440832286659722,-8.345132223861597,-8.424812875014128,-7.7873402377697465,-8.260636926223675
-5.589301656399169,-4.506334069609848,-5.214762330365029,-5.026353035357805,-5.670767049771082,-3.9972729068460655,-4.0296159216298415,-6.483482932946541,-9.598918796119667,-9.853618358112554,-8.554774818163233,-9.260619941504414,-9.346256649803587,-7.789823059078143,-8.431814627253466,-9.875397723509023,-11.18661839230668,-12.08446109386178,-12.127537771238908,-13.149954370365345,-15.589986293577207,-12.276635181770898,-7.370187697136515,-9.55895986854995,-10.807412421090774,-10.879896300949381,-10.152739390582344,-11.038070315036832,-10.985075424640506,-9.352255600672041,-11.886002951788862,-11.396397293113118,-9.654125292585382,-11.45318386212589,-12.368748827537871,-10.294373400224826,-10.393564123845566,-7.842072842886387,-6.589235150702645,-6.216575715743488,null,-4.191127314258312,-6.808005977177003
-3.7916099605174,-5.6045920237770135,-5.3074969624244765,-5.578142034082906,-6.26871891805642,-4.716715504968513,-2.374400607588984,-5.042097755476191,-8.223275096596765,-7.774592796174095,-7.063177695361844,-8.494559874940576,-8.997344089617359,-8.436168308403868,-9.122696713570601,-9.102939923209519,-15.584953998124057,-11.86847020292672,-12.976613151424202,-14.324322732978402,-11.68257402059282,-10.736279604267523,-9.683292404811255,-10.467181978370068,-11.182302385375802,-11.371827740189872,-12.330348190354286,-9.754625595135275,-12.291577560380809,-11.635944062792912,-12.604263903090159,-10.937451426027534,-11.613081012635039,-12.546815131214064,-11.854505186885325,-13.49718156542562,-11.849179132533541,-10.181009372705045,-7.460443412198648,-5.023100150105659,-4.837461693508576,-3.7063133519633604,-5.652045740420003
-5.951589169588507,-6.136997527825226,-5.79686564732766,-6.3194748933913285,-6.236454479162664,-5.4739700311896815,-3.512246323435587,-3.8416107724751356,-5.925528682081929,-6.7439433782327685,-5.688180829459168,-6.96497699415659,-8.843538178524263,-8.79208236835753,-9.470060526495601,-9.193294091665349,-12.766942591999795,-11.13972536870283,-13.043125955077919,-11.598920292463632,-13.408275892704776,-12.597465967489281,-11.372822951415674,-11.54026572633518,-10.522259210358026,-12.997724776926189,-11.327405720802536,-12.631557515870307,-12.133241974055387,-12.487621163663931,-12.196518078771518,-8.658645779261704,-8.011311828739881,-11.001445308625986,-12.422331077651485,-11.561195653513119,-11.379275127961293,-10.723472270014392,-9.656392536146084,-11.07951323653866,-10.9772123385335,-7.348876574312249,-6.719764914545662
-5.29408469395879,-5.141917756548209,-5.809271670084701,-6.972614555849139,-5.960482442134092,-6.179215188061192,-5.414430786081054,-3.093474937270056,-4.900971428443089,-7.956403151014684,-5.412789809632991,-5.4762554333013735,-7.111870791161966,-8.350576068758318,-9.13446986186683,-10.35934389389051,-10.595064038763045,-11.481731396253466,-12.385192947185038,-10.806434452905405,-14.604308112717813,-11.977835148511886,-13.52142864104384,-10.934440647532274,-10.732407732577627,-10.423741630534032,-10.219048186070554,-16.493852332126252,-12.06606746244091,-8.723777483244243,null,-8.850686448846844,-8.704405063871576,-7.775104765944456,-6.565281584155218,-7.886982765440161,-10.638857615861319,-10.626308549247153,-10.765903481614641,-10.596290893935024,-11.386672987844628,-11.750032128776272,-9.934302168855265
-4.206176050813264,-4.910094091879335,-7.886539810993647,-5.649678965725848,-5.272599486447909,-5.500499398767267,-6.833454144811027,-6.154349754028918,-6.223921395752273,-7.871217502426731,-4.924280864030244,-4.457521183741251,-5.232182793576607,-7.261495760353074,-8.339710722233615,-9.562003475049773,-10.752181279967449,-11.186367423419169,-9.860513022235937,-13.024559679669363,-10.761700249311161,-7.703798342222485,-11.73591479664861,-12.474846514141127,-12.846349773950301,-9.482109475304712,-12.205423674198649,-13.732674519506194,-12.898750417823372,-12.293182250696685,-9.55728036216302,-9.259704969889604,-10.079255215776781,-9.718066359914854,-7.789096634708716,-9.62893202509398,-11.028090498643643,-12.253739278276015,-11.777026708425106,-11.229340250535266,-10.287100359020108,-9.74492566189154,-12.66256715617066
-4.515799715432425,-4.203731786799781,-4.697017451572664,-4.3449617606699125,-5.057836254656969,-5.004123287499912,-4.680592765791584,-3.9092847337796024,-3.765121210145627,-8.866004289062518,-6.234022673860482,-4.904180650045861,-4.519614418214613,-6.250283053958741,-8.227805550095265,-10.43758402025996,-8.851266342741514,-10.791033245243677,-10.836673162565305,-9.591646081848108,-12.095452275040198,-8.639925878940804,-8.20962450270829,-11.650898184747705,-11.10127423604521,-11.553550461587381,-11.050800799210203,-12.35353350462065,-13.501975614833778,-12.246494297557145,-11.709842195155794,-11.60618854436144,-10.846805172927446,-10.762192580778907,-10.290239803027632,-10.664441795070788,-9.184241981214797,-9.643626397412739,-12.825955622897379,-13.04248923352487,-11.736327857315072,-8.96182021291854,-10.965784660983301
-4.710948653881879,-5.030448989204178,-4.025907260272577,-4.828600819270139,-5.739572450893684,-4.20420355553397,-4.679038031379019,-5.223094462994203,-4.473918885565116,-8.074127219720532,-5.720198753808878,-6.607979664314208,-5.15366721392266,-6.544856394538676,-9.309391406741296,-11.140161094961666,-9.75467211656725,-9.03143509837749,-10.517186105917277,-10.810722045072117,-9.314018923804596,-8.160462703459796,-8.831270203998129,null,-9.716585836919254,-10.93524949515293,-12.039013755320768,-12.077729317337878,-12.475257071766446,-12.760494931554968,-12.272344327817974,-11.836832762331497,-12.006073988196345,-11.256907719105936,-11.402431102511034,-10.691635534575443,-9.266951213070143,-9.203255066272929,-8.14537954361215,-7.153222376439833,-9.742695120655895,-11.178405365732367,-9.428289365640929
-4.865842034913377,-5.498277183301334,-6.49389986612996,-6.268723616893152,-6.299833537349347,-4.8815213535911575,-5.020000587538815,-5.428514905580152,-4.5979207354560785,-7.394929727494384,-5.72773629173578,-8.167441294169915,-7.149408961245708,-9.050433595181186,-7.648617915678223,-9.297907544738626,-8.958925504351582,-8.877824629488137,-12.309727438392205,-11.05977907831243,-9.417205829862274,-7.131816263220494,-9.099187665686728,-10.488569008889169,-9.465604678442812,-11.642028532295662,-11.788996907135836,-13.175525039450282,-12.657897254046622,-12.782627318733171,-12.69354939960692,-12.510761684454561,-12.098136718037262,-11.273262059709335,-11.300622717942364,-11.172490585183112,-10.86399078811532,-10.690923573225117,-10.236289017417311,-8.387659046830167,-8.397801818285535,-11.07178536704725,-12.415265683952688
-6.72583456326992,-6.723881110168392,-7.345767237022389,-7.568846903344209,-7.324335010454014,-6.74327699524369,-5.32603485969268,-4.818999383608666,-5.606614258674908,-7.631435157945138,-6.921281086378208,-9.259095678966567,-8.904530149173832,-9.110917467823832,-8.893134339549615,-7.650802822682059,-9.510776559118836,-9.428008539773016,-10.344491616775109,-9.266776497247886,-9.040164196470641,-8.343230689324146,-9.11045498287297,-11.128274674577288,-10.577402969714152,-12.180737324757025,-12.623259421604796,-11.147802381764937,-11.585471460861,-12.057307223997526,-12.834614383562766,-12.500276620089988,-11.81959435737904,-12.205056054754282,-12.082439790597691,-11.743672825526625,-11.64756497719064,-12.003474724301963,-11.639467770429123,-10.181851337269839,-10.423643621831571,-10.844138386622113,-10.144174803645903
