public/json/wind_2018-09-1606_850.json
{"header": { "discipline": 10, "disciplineName": "Oceanographic_products", "center": 0, "centerName": "Ocean Modeling and Observation Laboratory", "refTime": "2018-09-16T06:00:00.000Z", "significanceOfRT": 0, "significanceOfRTName": "Analysis", "parameterCategory": 0, "parameterCategoryName": "Currents", "parameterNumber": 3, "parameterNumberName": "V-component_of_wind", "parameterUnit": "m.s-1", "forecastTime": 0, "surface1Type": 160, "surface1TypeName": "Depth below sea level", "surface1Value": 15, "numberPoints": 4800, "shape": 0, "shapeName": "Earth spherical with radius = 6,367,470 m", "scanMode": 0, "nx": 80, "ny": 60, "lo1": 109.0, "la1": 20.0, "lo2": 116.89999999999955, "la2": 14.520000000000117, "dx": 0.09999999999999432, "dy": -0.10000000000000142 }, "data":
[rows 19 to 37 of 60, columns 0 to 42 of 80]
-18.811282419070913,-19.341754951613463,-19.69431263207662,-19.72143470752436,-20.084618666749552,-21.59818209510718,-23.31863419796486,-24.250588285846945,-26.107583209212372,-27.111404203638468,-29.18372562350639,-29.053057797458234,-29.51331296676198,-30.263993638117675,-31.135717913886936,-32.073432350338344,-32.64608122847127,-33.227282088987614,-34.08144814604046,-34.313311376066416,-35.13032270481152,-33.26443218059033,-35.39338870362465,-39.05366926227178,-36.25014472061757,-37.840471920308495,-40.756431462995515,-42.45011051083193,-43.517603060023404,-45.3541160978068,-45.6944744433724,-47.95940392984343,-51.46762003739401,-52.55644469948524,-50.634532129046484,-51.701402806570876,-49.303133168610046,-42.318719317849535,-35.77431845064298,-23.37729522489102,-12.716994563602693,-9.329905145420424,-8.74959679342029
-18.769943181636954,-19.025303645246453,-19.170712269649847,-19.95502811314873,-20.89576685431245,-22.451068571268614,-23.26303367574308,-24.359314264910143,-26.350498282901363,-27.403495066568112,-28.529882324594162,-28.97438099828586,-28.554531744280176,-29.88585852210417,-31.078850383544708,-32.00029612069983,-32.201348571954625,-32.77253851230499,-33.0301508110297,-34.43152721974485,-35.60844284053539,-36.16249058577329,-36.561460730348735,-36.853664551277795,-38.27187116002976,-40.83108074595794,-40.77126179914649,-43.66793617268911,-45.64937171894027,-46.05983848089072,-43.96106079948717,-48.387661548797745,-50.719987202229596,-52.02130132035291,-48.633518278926076,-49.6349984124897,-48.09052568849529,-47.03162607420462,-39.272175546864474,-35.861583539431756,-24.58218811107742,-10.19378559548783,-8.402758924717562
-18.69011669791315,-19.45143936650032,-19.746502359927092,-18.935008055140813,-21.011785326282634,-21.779867684883936,-23.713233871869058,-25.656853076027886,-27.76319045964985,-26.956187692698954,-27.567905463518215,-29.14642619092735,-28.582373933000824,-30.708026633179344,-32.16695026861403,-32.103706888587865,-31.653052994957072,-31.597097741905802,-32.45918816454248,-33.822573477789504,-37.15457888623418,-38.961340536220575,-39.86688146676956,-41.06855549347431,-43.01750865607703,-41.49503258592339,-41.37963109143795,-44.266140855035026,-44.478659921671,-40.22104420641052,-43.59660432669684,-46.00938103526948,-50.1635371910142,-50.87471214502432,-49.02517235416372,-49.023947596897386,-47.3726077767716,-44.23532518951355,-38.63323634734974,-37.46846282082172,-35.136862617798435,-18.984649059416075,-7.050169872656031
-17.376377342626952,-18.79738388406405,-19.518005311091446,-20.26616259496902,-18.937057164077366,-21.280066489868318,-23.149869634868395,-26.404044686605335,-26.853231545169667,-26.24684805923719,-26.508704832823998,-26.502826902798667,-27.766564921179327,-27.759500903344446,-30.89710113386493,-32.66371921158222,-31.269211978344295,-30.770369916022034,-32.886164886452875,-33.59299589482884,-34.60930281843703,-34.92272662149322,-29.948016769071327,-37.87231336873003,-36.55911910983966,-36.91966654180101,-40.72131057983749,-42.94425059337379,-42.226248914935354,-42.54641980069024,-41.66154463595241,-44.31712500888761,-46.82909823980807,-47.14614350408853,-46.567437968117126,-47.278299858454204,-42.38744889580539,-40.89530847986127,-39.652607759093115,-38.08911432152232,-31.093246453774285,-23.868205114057275,-7.625325640400456
-19.107069501544686,-19.290150043867175,-19.475110664521814,-19.044785110976434,-19.72295568161264,-19.57500247207905,-20.964829067430742,-20.713460418095995,-26.929371770642312,-26.500107886598855,-26.145674219392774,-26.188248846019828,-27.07355433607881,-28.282139352962314,-29.630028994002803,-31.0053212453018,-29.411176765133135,-30.909831973730487,-33.367510943941504,-34.427234732973695,-34.200856026396515,-33.72113710554858,-33.909532341506775,-33.081752201890986,-34.696206449533626,-35.51014442113274,-34.30429140490874,-41.00576214768074,-40.9986231747378,-42.287762403158176,-42.84529117716022,-43.17505184757961,-40.622588315416955,-47.389457797070214,-46.312312843797265,-44.264550461173826,-40.247822954945285,-38.25171287309734,-39.44165032587854,-33.76064226648058,-33.920926044615236,-25.557584266953018,-16.224531522095756
-18.691454746309528,-19.44859671114115,-19.967672889754564,-19.68738341074199,-18.715346299229726,-19.29542662515796,-18.942262080347575,-19.497942029699217,-22.060905888444175,-27.007853734442634,-26.335032935923763,-25.90987865391186,-26.836692504879203,-27.589455246591406,-28.971059596200742,-29.31869260828613,-30.192196574855252,-30.54542915061587,-30.80223805799993,-32.18569361448904,-33.552279263735755,-32.74528042212793,-32.74202924651984,-35.58100439315235,-34.660704839946725,-35.392024031068836,-36.424864885726954,-37.36344991925482,-39.51479500318171,-41.499977889045,-39.71671133824074,-41.336171706658924,-39.92963705723258,-45.56438428764879,-44.1725666450579,-40.39882994970518,-38.520236123346216,-34.58765262826101,-36.02540406798812,-32.06806605797169,-29.098687557494152,-29.30551478367618,-19.993545174967657
-18.69578507518223,-19.294305131020433,-19.23728531078976,-18.78094523048964,-18.86527593790268,-18.6276007976858,-19.25482016825892,-19.720898826243825,-20.311411931740025,-24.745681245372246,-26.277605625912948,-25.940833617612068,-26.452407218313915,-27.17958460298384,-27.63495747531144,-27.57135817170439,-28.060347137637894,-29.542446957327034,-29.269049105299874,-32.15422648630494,-32.151380470839385,-31.89505224184847,-32.24002604859733,-32.62865839957867,-34.37990801770947,-36.56498576198901,-36.12806106437033,-35.04986614369935,-36.80993387140778,-39.692590955217945,-35.86487606873189,-40.780037248274084,-39.37474371358721,-40.75120847241029,-39.924479467131086,-38.360707626525496,-36.94345879546267,-35.76394330243537,-31.390525655671212,-29.999533635293563,-30.765500704397876,-31.362344059665002,-20.525676274473533
-19.463685844037933,-19.5814173322498,-17.67071193717576,-17.540048568216214,-17.450590467616927,-18.67787047632389,-18.799340129246495,-20.26975929342704,-23.44045898109528,-25.02507687698078,-26.919403514827177,-27.219405659741035,-25.446410881734554,-24.666439746355376,-25.815793360450584,-27.150953458124466,-27.244715758744928,-28.131329648118395,-29.842096765680385,-31.854996195539666,-30.039727330250138,-33.15477544969272,-32.27523265150761,-31.461441237361974,-32.77554452235428,-33.81255276893289,-34.38575926411405,-34.99136170143665,-36.87536870529757,-37.61621343824477,-38.890076813165216,-37.52962365969753,-41.057866523155475,-39.18271074141383,-34.75943896678124,-38.66110114095494,-35.57656160190757,-33.007705982564644,-32.16787820138201,-29.36423174022232,-31.526689095314136,-28.153041916184893,-24.527963138397865
-20.227531601122678,-18.80915816145258,-16.485912091167997,-16.27032017536568,-16.31878318321678,-17.624800806216886,-20.56862832017559,-20.9907855119951,-21.270118722038642,-23.503621488093668,-25.538559476739287,-27.066287153112192,-27.648783353082386,-25.846200874230952,-25.334820506222165,-25.881820279362636,-27.581777421970763,-27.4206085144562,-27.293346358812528,-29.082605011572568,-30.908422948647413,-30.057135549533438,-30.97903326681312,-32.95403593772074,-32.84173408527183,-33.06094690499179,-33.43765900612583,-35.356924628643185,-35.53174970483415,-35.13151169017257,-37.02132017426065,-36.49502864875135,-38.552545899651406,-35.08263575425117,-35.786172759329226,-34.09317900709083,-32.54717232533736,-29.06830176520941,-27.97451157247022,-29.857349030583585,-25.69863119929896,-25.91601904152929,-20.78439218959936
-20.477318531233976,-18.325292988473542,-15.86244205928911,-15.32812576417589,-16.285007862450847,-17.749340409461446,-19.077308783873338,-20.46565646798706,-21.051568086519516,-21.611448915822784,-24.567575143784183,-24.940955612235282,-24.326263185297282,-24.66790536373518,-26.235638095043264,-26.869458245367255,-27.315447109112363,-28.914263945308647,-27.505812160409583,-27.960146079223428,-28.619703068461337,-27.4774389841002,-29.497251525544588,-31.337676453101423,-32.40347445234849,-33.87611080482436,-34.168848858047824,-35.16263424409711,-34.171499219821335,-33.76867311509253,-34.8187633152751,-37.54127685505709,-36.11733983527368,-31.66806095790683,-33.77706956210545,-32.33078129864683,-30.52604204001404,-28.495720403095618,-28.68819098499756,-30.6673058125635,-21.515749363893843,-24.94818091642707,-21.264927969425386
-20.5220651270829,-20.480022888830003,-19.557475932327968,-20.055749716531224,-17.96859187743094,-17.17463535025653,-18.11303710130764,-19.6879410091021,-20.502607734633692,-22.171472762445717,-23.601408387529823,-24.04830818081128,-23.575229838584637,-23.260238528706758,-22.849969731892333,-26.10144730101137,-25.693537307491013,-26.380645747482667,-26.011834815754497,-27.741817054998663,-27.521741197272917,-29.872300564516465,-30.284711017068847,-30.091926703396975,-31.260018075625382,-31.63867264471461,-34.0907446695325,-32.81572093678562,-33.49511121474031,-34.141979007714404,-33.45816026801553,-33.82126160760489,-35.00686763449682,-30.320161874059686,-31.103467091590076,-28.740640436152308,-30.23270450106872,-28.236521232449864,-29.453616463992667,-27.912718566987426,-12.806652120725317,-21.246739334906223,-21.88193094369733
-17.810872214608768,-21.433534737123267,-20.217915483996887,-20.357693636202335,-17.986591141382945,-15.082301417331449,-16.685137897559308,-18.640678428835216,-20.556101606072517,-21.921334696952837,-22.926970246659366,-23.517105583678585,-22.691266919813323,-23.57482335500775,-23.465733928295926,-24.44902138081097,-25.118046545706328,-24.577505828462535,-26.438674215700964,-26.65929709051273,-26.386968460329992,-28.74070268970967,-29.47657617037956,-29.25629493500628,-28.494260567531285,-30.206912314209458,-29.847931056072593,-30.672248341914482,-30.93955414393555,-29.242827380862717,-28.842116922184772,-31.96232800398834,-32.68207696413869,-31.68078751419518,-29.353046294272914,-27.247206577286093,-33.0467745894557,-30.30351782380091,-29.417553674255664,-25.876385616535945,-17.994247343231354,-20.165996677672208,-22.096115369316884
-18.80249456157273,-21.061912336314975,-18.44645398336399,-18.055525285369885,-17.617528728737355,-19.407880135504634,-19.40989316058377,-17.770536853993118,-19.287860423297957,-21.1141440085702,-22.077698085519955,-21.95502013983867,-23.395746186904027,-22.72895224289762,-23.310729347995714,-24.50949906929388,-24.839033543095923,-24.88530790083557,-24.351746316359403,-25.91662394945537,-26.513901375100396,-26.426806083710673,-26.882772062399923,-28.01692410339135,-28.757796388475313,-28.689872926988564,-27.55417224534776,-26.622648159188294,-27.168084546517044,-29.45441106337917,-30.878190441453583,-30.233049722557656,-30.133040460926672,-30.021983822231817,-21.68939238194405,-29.8956069958439,-27.3010318268572,-29.0719629469726,-28.82102955812848,-24.66147699929195,-23.472217426351193,-21.205715667915413,-21.211774606491943
-19.11286219068352,-21.787314006828236,-20.089500965654754,-19.33258791373565,-15.44033831357909,-17.406882724835288,-17.46192273550128,-18.293403686990846,-18.739764153541934,-20.38243791338896,-20.222372497456774,-22.103778048516038,-22.25845426533469,-22.187801435151336,-23.265535918414187,-24.07284483615328,-24.669503971300376,-23.914996808902924,-23.76379105215972,-23.56515768704112,-23.86420608468894,-25.25976945066692,-27.584115662523015,-27.271922553442216,-26.707659823914117,-26.153919867307906,-27.616680824460836,-28.816339008562785,-26.78173771252913,-27.701571090872726,-29.248467711808576,-29.082162761513622,-27.942500634756954,-30.068029871940393,-24.619739288483157,-30.933953356528676,-27.885582170649343,-29.565943976779476,-28.611412601889324,-25.83847277040409,-23.43237168268951,-21.809196023075277,-17.132216419857592
-17.955456800214737,-20.810362854851324,-21.708261365063695,-18.386117887412354,-18.141369884661117,-17.477691131965706,-17.915419506471896,-16.981389746901748,-19.14834248932155,-19.76630705763393,-23.320303367245025,-22.000699420673534,-21.53330907930912,-22.263012994230927,-22.43133112617341,-22.94402195643407,-23.830447564064844,-24.22586664007992,-23.2555299934212,-20.989191874449254,-22.380491940461663,-23.62127265301401,-26.044201032373447,-25.74915676891033,-26.002671667230683,-25.49091150228212,-25.873164991446423,-27.835978427247547,-30.271205388432517,-29.97937898920068,-29.833081114800805,-26.845723266713676,-29.940821312683536,-27.41480743398445,-27.27193234369632,-23.102590270375412,-25.51277364023021,-27.828330521610543,-28.405614127166512,-24.369677103181544,-23.538793620146762,-19.00925872181052,-16.172728864253074
-18.13414159980688,-21.377602339345252,-21.903647966899527,-21.067138098891213,-18.56175267884262,-18.589686074390336,-16.79087065091954,-17.107049539693282,-18.23509701966166,-19.977343236884096,-20.911884203167517,-21.388047352677706,-20.835721269040427,-21.57679119838377,-21.780547249271713,-22.690513950601087,-23.502342836976077,-24.01044679022615,-22.997460333753846,-21.581819629531804,-21.76411113917384,-24.603284110970773,-23.91495999940907,-24.069356030547546,-24.026165174149806,-23.14152870324354,-23.773752781306783,-26.186535886380064,-25.727691310164392,-26.281973872285363,-27.963236360201176,-25.301533754032164,-27.445336933618233,-27.008868379771414,-26.903534611199653,-21.64334290780478,-24.323097903545893,-27.102959338256568,-24.904701931856124,-27.16182935196621,-23.136043788272406,-20.873225116421548,-12.277178705944108
-16.900912937666867,-20.2964054759993,-21.176971890806964,-20.451287636668773,-19.05400551492554,-19.283740153098947,-19.199967181861478,-19.153498204576497,-16.01781895021725,-15.64465025247976,-17.836082951109546,-20.79045329290868,-18.913967626918584,-20.874494987423663,-21.822643929909994,-24.46172917879261,-24.116195175459378,-24.718095133021826,-23.745679502886873,-24.102781397440395,-24.22029218714379,-23.128725141227733,-21.085613719092276,-21.247698446862184,-23.770357231419563,-25.783283250256964,-23.746160521337224,-24.555852661223906,-23.836934647575777,-25.067724305619915,-23.604468771569394,-23.299196058783863,-23.884281046573086,-26.679915181079444,-26.004909027426685,-27.9323060593578,-26.72061426716358,-26.166524499125416,-23.706862103604603,-25.071880871664558,-22.37514194651519,-18.560006917200333,-16.302748581456314
-16.865469810600786,-19.060852991975246,-21.00082414817342,-20.271947356279064,-19.695479497874977,-19.849842703866777,-20.637364474211672,-19.33492369897525,-20.988071470625897,-21.97999187000564,-19.073490514377546,-21.44657525085013,-23.336484795557297,-21.173172988591368,-24.4177364599947,-23.175320402365575,-23.301431207930914,-24.175991904420922,-24.407558460816507,-24.937869875131028,-23.064727059883918,-22.805271892738993,-21.734700073358493,-24.00679118778301,-24.16245156363096,-23.001406827996465,-21.09816250773362,-23.270212078325233,-22.85495795597589,-21.2891849275167,-20.500585955700465,-22.31187869671323,-23.96584538759092,-24.346180084621505,-27.16852982753213,-29.801745413912442,-27.33846919062523,-28.47553887132434,-29.831031915264898,-24.412759728517234,-21.753975027851613,-18.088591084077393,-16.461160955516313
-17.684719598131366,-17.294461816604027,-21.027250870772747,-21.392955256371458,-20.001739358018423,-19.30770413705618,-20.215832813996744,-19.576145443064384,-19.923871737458096,-19.49231108424136,-18.909011393079027,-21.352232335079297,-21.671228993875758,-24.22267792570499,-21.95631866624435,-21.560236507504378,-23.44230856132663,-24.779743144552082,-24.108388148568984,-23.87568289425079,-23.28958626675255,-21.202613171676308,-22.29913057876355,-22.85772312328529,-22.313125426139948,-20.550639837689403,-20.250515011604204,-21.411302254209726,-21.92175843492398,-17.57504739414106,-22.76963500389932,-22.910441118761163,-22.853692476074094,-21.85695397860922,-27.211347858728594,-27.690163184395033,-26.27307797689361,-25.640400216222616,-24.22933496482281,-22.806338685325617,-24.916766259886256,-21.83013685092817,-13.038785612494049
