public/json/wind_2018-09-1512_950.json
{"header": { "discipline": 10, "disciplineName": "Oceanographic_products", "center": 0, "centerName": "Ocean Modeling and Observation Laboratory", "refTime": "2018-09-15T12:00:00.000Z", "significanceOfRT": 0, "significanceOfRTName": "Analysis", "parameterCategory": 0, "parameterCategoryName": "Currents", "parameterNumber": 3, "parameterNumberName": "V-component_of_wind", "parameterUnit": "m.s-1", "forecastTime": 0, "surface1Type": 160, "surface1TypeName": "Depth below sea level", "surface1Value": 15, "numberPoints": 4800, "shape": 0, "shapeName": "Earth spherical with radius = 6,367,470 m", "scanMode": 0, "nx": 80, "ny": 60, "lo1": 109.0, "la1": 20.0, "lo2": 116.89999999999955, "la2": 14.520000000000117, "dx": 0.09999999999999432, "dy": -0.10000000000000142 }, "data":
[rows 21 to 41 of 60, columns 0 to 48 of 80]
-13.660139381478517,-11.187891555621249,-11.341025574054452,-12.578332548248541,-12.999115246172387,-10.783122024711147,-10.724970350209707,null,-11.783763766200755,-10.762164151160116,-9.837597820231606,-8.5034426306571,-9.755133613850546,-10.043603238162396,-10.799730983225109,-8.761683254031801,-10.169129997806076,-9.411864693515748,-9.037482284397013,-5.682403229608051,-6.973563003329664,-3.744118888718277,null,null,null,null,null,-9.702947921196023,-7.848915774358711,-6.900824400912194,-7.101307078930512,-7.799127582196638,-7.503906079756526,-8.898080138348542,-8.766418528576073,-9.09712183468722,-11.599479677157067,-12.152021155570665,-11.457042749071121,-12.080727776015975,null,-12.902887118173675,-12.477417435610224,-12.62021856070551,-10.6964345023947,-8.864603850215154,-10.949606292334572,-12.165830280082549,-14.506478159075115
-12.560627609582623,-12.186112398633881,-10.885787342839302,-13.823841647949765,-12.748232736728689,-11.091918695147712,-10.932674475559166,null,-9.998879816267678,-10.882901082653074,-9.870300965119052,-8.011521451819394,-8.53719991845439,-7.919026431472071,-8.167578858169847,-10.362406872567249,-8.828884858439217,-10.56810215579286,-10.14965703748022,-6.850623610720359,-6.826769073933032,null,null,null,null,null,-8.905872556217467,-9.755384985816933,-7.934837987640677,-7.487686318647537,-3.9744818970437885,null,-8.137791188675983,-7.790845068271905,-8.683418116644905,-10.068734057388687,-12.469335953674127,-11.304267258103383,-12.040167639839613,-13.750073018776437,-14.923096292704788,-14.567346301069206,-12.196291784590283,-9.583817808827654,-9.713602972296968,-8.915460218914394,-10.94320762507613,-11.398261283608555,-12.183015711684803
-12.460379502976235,-12.813769848277405,-12.89543757305911,-12.303300611083356,-11.701800374487691,-11.681399509132472,null,-8.13720603605813,-11.01081385444169,-10.54773951321314,-10.687991807741232,-8.46945903560598,-6.174747502938936,-10.221452865039165,-10.21623044765855,-8.25819776455174,-8.244542268411607,-9.176856606002449,null,-8.620410737027637,-6.845467516658177,-2.2357700753084737,null,null,null,null,null,-9.04569627547841,-7.765339845296337,-7.367124572922276,-8.132364490476508,null,-5.293345490204467,-8.508724313751227,-9.075714300997724,-10.263721095425856,-11.460802137691692,-11.761128456875113,-12.717993436653568,-13.337071783906024,-14.066723487682204,-13.20104027938908,-12.80175628745582,-10.633915687935765,-7.87179687416462,-7.138836142496201,-8.774385685467475,-9.713597787539129,-10.960845273749658
-12.261645324461634,-13.418775155822871,-12.858406191435932,-11.472753206817739,-13.031146789404694,-9.300254631000724,-9.241455942272612,-9.122739026995559,-8.513881547447511,null,-9.98705394640874,-8.562578468411287,-6.803017156646295,-8.173815604052663,-9.92703233537182,-9.960545605320476,null,null,-8.945774557882023,-4.9861939638285175,-6.713825696815572,null,null,null,null,-5.563090484739155,-3.6196344381965173,null,-7.531180803439953,-6.554374624394786,-8.949037472802322,-7.416827818723349,null,null,-7.207839809016782,-9.426274836353334,-10.248901255016373,-11.715293148440121,-10.899263740066303,-9.871029953022457,-12.498481430273701,-11.664200550683649,-11.615472145894305,-11.17517658748183,-8.183439895699369,-6.553954091461246,-7.470749049560709,-8.35817155690026,-9.30704311628346
-11.774728713637792,-12.854019892799286,-13.15165631159506,-13.718693935651102,-12.477505704340368,-12.144207885456076,-10.947390400828194,-9.03580548944806,-9.015464090450118,-8.330727355543884,-9.123614106378529,-8.34038284691093,-6.616571537177216,-7.637719080644103,-10.069293625284782,-9.692023454640038,null,-9.153503084844768,-8.366808426846404,null,-6.2671380915021695,null,null,null,-10.292857355851595,-7.1134493084387795,-8.11943777214152,-6.110526857708044,-5.726890246228121,-4.072151679238984,-7.6559370066081645,-7.622622584803232,-4.906333010186307,-6.061098118774693,-7.285124874216553,-8.21606938868629,-10.052650851343703,null,-13.802713035729523,-11.897803272861369,-8.530095175637255,-12.691718560593543,-9.840883814920367,-11.36659128199907,-9.326906869922887,-7.419713388313092,-6.06680643028247,-8.760848088243261,-9.374211048231743
-13.329040094256097,-12.995241785592333,-13.284855923429895,-13.608396549922125,-13.416199772146815,-12.81833130986819,-12.568642437219381,-8.895897320992303,-11.521605163022295,-9.246989485649053,-8.98047875024372,-9.639047093285217,-5.387333794010329,-8.192251066721054,-7.921921572251491,-9.24294476329948,-8.729276031975951,-10.029373125576642,null,null,-8.81816694900169,null,-4.102724471849694,-6.985775136483742,-11.366802165931961,-7.613113038817576,-9.250406777034087,-7.6245164626184,-4.840085653341111,-3.363565051613171,-5.533174856051517,-8.82001143076494,-5.767205528500223,-5.37012430812299,-6.515386843856321,-7.86957887679406,-8.215786876136594,-7.7454886915297845,-8.588620865566229,-12.842383254113575,-12.256236821328997,-11.60147826999417,-9.70356402986897,-11.092906714758136,-9.945353087051831,-10.901505292985048,-8.296117975381739,-7.835210624649823,-11.661013389556995
-13.764189700246828,-13.851052985670057,-12.60202324653477,-13.961974387528809,-13.659416443967336,-12.420998284015402,-13.749392342236263,-11.521772901251627,-10.360898018890381,-10.220006873433846,-7.6233525404759614,-8.721541003591547,null,-10.997014412135204,-10.835167544813878,-9.94562460392293,-9.905738840280772,-10.376176379707232,-7.2276565196035785,-7.231117299271876,null,-8.390545317400864,-3.494900633343164,-6.583693997522853,-9.814160518485558,-8.371887774471418,-8.475614160533041,-8.8229286597769,-3.6837184452613134,-6.952946181185454,-5.522580381176436,-8.169087701697462,-9.49087389753657,-5.026180282414632,-5.262483778122303,-7.998446597681855,-7.482070052681396,-9.988564363409763,-11.576195552985496,-11.402276247212278,-10.745891813205592,-13.141937613955577,-11.56458505601185,-12.486615235351,-12.885005167958717,-12.542305726936226,-9.993145167194019,-9.622692274203931,-9.62499197797479
-12.767346103381062,-14.1933068112795,-13.227663692322555,-13.942618452164568,-13.82228253381947,-13.306183286989052,-12.744138675586608,-13.345338867188325,-11.850003858015633,-10.20705146163182,-5.592243564878964,-7.054187193137757,null,null,null,-9.878598007296235,-11.215392715118815,null,-9.745377295664936,-9.042987721812187,-11.205403885181237,-7.354851786426746,-6.637430976679591,-5.510153873375225,-6.915580952895975,-8.061613119871138,-7.852406584232372,-8.782322169371318,-5.614371008535875,-7.818271511333572,-7.238065467947802,-6.307468248849149,-8.735837298363657,-7.284240382084947,-4.879995148805312,-7.387997384056325,-8.79372996100069,-10.112724975269472,-10.389133381106367,-11.186411662638161,-10.782706489402166,-11.51771073106168,-11.601016877233143,-11.570340419819868,-10.705666196629837,-9.335146154290644,-10.936005666922298,-9.224705495917254,-9.815419465131683
-12.232907758692543,-13.499739681743538,-13.267645322843185,-9.193192147716806,-14.140865989721114,-13.51533188362718,-13.164680515596874,-13.154338472370576,-12.949864967510207,-8.169992751025767,-5.194231512528839,-8.032051396074062,-4.947826494087471,null,-7.521327914801896,-8.469113526644541,-11.130488745657598,-11.51972805855567,-7.82824256268138,-10.025454415666488,-12.07349938416115,null,-8.097505702679529,-7.413050693201195,null,-6.302721670019631,-4.417385711545965,-9.45318871907495,-5.124627783637029,-8.813735559614399,-5.462973071674638,-7.331731181381606,-7.907762179865395,-7.548612832576026,-8.648674104379369,-7.280103140752399,-8.59863178841913,-11.237973219256213,-10.157597599926143,-11.986032367886315,-11.548525799627186,-11.289089460785153,-10.111593725887278,-11.342859968151382,-11.009496482689201,-11.057278326442667,-11.801713581475736,-10.694738199773912,-9.375821460824286
-11.670870295294952,-12.811234067670387,-10.821436524415045,-11.664921126153505,-13.749315302745027,-14.27828423978191,-14.634606715605038,-14.223388970836528,-13.107267405586214,-6.142352633338959,-9.450721146957752,-10.129692033566183,-7.4792898295395895,-9.146189495757433,-9.10615420194349,-11.487176587106898,-10.817516623929937,-12.336364479397984,-10.765918931892198,-11.463392653779003,-13.855611382105085,-12.632531939850802,null,-8.400460499176418,-7.402221545340483,-5.4346010361450094,-6.4297225896261,-6.394259431004082,-4.132285645693951,-9.5534063416714,-8.981291377975296,-7.444476165230711,-8.500835747343764,-5.970614589631561,-9.220500539354656,-7.871437539535158,null,-10.202547262153338,-9.816830740285326,-10.291434644834812,-11.351017394679182,-11.531324378271778,-12.812334363309985,-12.859695529467556,-13.244451736475344,-12.62408478737125,-12.170659267155829,-11.96758031367079,-10.266553364830791
-11.996285137808758,-12.93677205785707,-11.57098572711955,-11.582846833983753,-12.624102946365397,null,-12.788242531250908,-14.514549484156648,-11.506712633902886,-6.739822910619828,-9.225610304312141,-9.704389671705478,-12.602938895050833,-11.513545011643606,-11.551089835277974,-6.505867339737574,-12.310521290204587,-14.289211735760139,-11.959756823201651,-11.255635983758832,-12.205963828696296,-12.14142701680002,-8.102704639487836,-8.346003604114715,-6.497230924064808,-6.014003474223199,-8.02858388552068,-6.770092249331211,-7.223785997377799,-8.4857783480781,null,-8.001684951972186,-8.889631172641996,-6.923871807931704,-9.894883379475734,null,-5.9853900169045255,-10.473218622581115,-11.413488194260223,-8.988483808352726,-9.04370583411059,-10.58573982491516,-13.31351271250609,-11.732672097176378,-12.391288184032511,-12.877335403965255,-11.259986762608259,-11.151402309111912,-12.791471794704883
-11.699951476164191,-11.896518643883162,-12.831095103189032,-12.585733126159615,-12.64723097579503,-11.928042564614904,-13.112788977139747,-12.132331227846429,-12.041557065733464,-9.094872297272657,-8.965293971145151,-7.214650835418062,-13.384306839220626,-11.748538384173115,-11.70281206987255,-9.476766015228378,-11.789147327700348,-14.629858237929355,-12.894549270438395,-13.25389839168506,-13.533871362905542,-11.852885027618946,-10.719893453684616,-8.270863711386848,-8.845344131617892,-6.938109858525328,-9.90628203379143,-8.233052323139503,-7.362147087412145,-10.88333481879026,-8.168254709918058,-7.7465532010535245,-10.32390752700599,-6.351277764724795,-8.650442450203865,null,-6.857387272740813,-6.585574532100986,-11.304168684014506,-9.826088772552033,-9.688542010031616,-9.994372313365814,-11.227804866214864,-12.28833183157687,-11.81905110054073,-10.86787708879397,-11.898845321240563,-12.015323331784664,-9.93011852885082
-11.886185468696704,-11.05463767289563,-11.120847907642407,-12.439985758035132,-12.700598758652834,-12.755279269885774,-12.033631041090532,-11.948801295289499,-11.656739367456975,-6.923834690884038,null,-6.606946837142947,-12.743021131072041,-12.617262283136574,-12.032909749072722,-9.446016840892067,-8.64570602872038,-14.154002596399396,-13.549419646221299,-13.478054610734759,-13.98395623170726,-11.230625675294977,-9.20350467641944,-10.064750795408084,-9.322322753447116,-8.776792529805686,-8.919749854428481,-9.285900132565244,null,null,-6.532696797558541,-10.203999009115888,null,-12.554588031578643,-7.222489956695292,-7.760701989432095,-5.872908483911886,-7.975411304938155,-6.992190433509268,-9.968653725796079,-10.534562104306433,-10.599044764405727,-10.100570071547423,-11.170826061952962,-12.957865891149634,-12.367981996560008,-10.648024321784257,-9.224803070607154,-9.404696383180886
-11.824307979220272,-12.20620215423336,-11.628250893600523,-11.623909447168046,-12.14049149895727,-13.494183222537428,-13.684717509058812,-11.818523377767907,-12.450541550057736,null,null,-6.725849708794039,-11.655300302765259,-12.499609493171778,-12.246076096864263,-9.524549046105571,-7.41055875754008,-13.247097735220727,-15.865200301075715,-14.30808206450225,-15.483961171214673,-13.344443342305867,-10.658784323300027,-9.976417781616053,-10.590833651699247,-12.203648240720801,-9.81890857942501,null,-7.454743105885516,null,null,-11.063305516917952,null,null,-7.859227431020587,-6.4014934316671654,-5.458093513136687,-8.755653086449133,-8.927384244651531,-9.04027731767048,-11.035968635445021,-11.782704647556447,-11.674708153267352,-11.4166995563124,-12.887203776045649,-12.926592871898054,-10.186975294727413,-7.77811677730346,-8.128549374186958
-11.94947286778625,-11.414016638468237,-11.762683170176235,-11.72297042720501,-11.834313011667545,-12.540360973244452,-13.667223275350759,-11.366785199065452,-11.439383412061494,null,-7.533136241485046,-7.968028696326013,-12.047909412346115,-12.359114775111651,-12.816861477093703,-12.004306742986959,-10.437091124743073,-11.80760841053749,-15.520991184551626,-13.98564731421053,-15.052498571879449,-15.949295054227946,-12.273063047944802,-11.288049345856331,-9.648700137520589,-9.247071411969358,-11.1010804671986,-8.499664531840924,-8.23764266569703,-4.34919617656748,-5.62234469067688,-11.30897797340165,-8.000624196480716,-8.432581056005603,-8.245260484278448,-7.845228104909896,-4.1461702375247995,-5.720381606445877,-9.420212957295691,-11.940602716869837,-10.734349679835658,-14.300297512821652,-13.26218685665708,-12.349586837284926,-12.651103837287987,-12.223991940310384,-12.17236786337571,-8.94354545880537,null
-11.979491255945529,-11.823362571037714,-11.215604312101718,-12.138937771482741,-13.253540234615032,-13.106771727022263,-12.860830840541581,-10.855945567483934,-10.94310382653481,null,-14.794035800853973,-8.061993519333244,-8.58527685002558,-14.584046127365042,null,-12.050330141206967,-10.94976320546304,-11.631689713821771,-13.589458412973928,null,-11.478161951258295,-16.276733043178748,null,-14.377468890309833,-11.838610479796312,-8.889646242933802,-9.62922842131852,-6.025935747727542,-4.594132867998052,-7.642355955210009,-5.546593000103771,-8.724023272288926,-8.513062763510048,-10.02032868217377,-7.815507036430942,-9.55143430371841,-3.3063900078512414,-5.585379151261513,null,-13.313443300222447,-11.404788325208878,-12.699418225229763,-14.179272316412693,-12.663902240809747,-12.972726878690409,-10.95573763411515,-10.50465378911169,-10.461662763298598,null
-11.142254147925703,-11.664980329748115,-11.577473409596308,-11.653038629128497,-12.338046276291267,-14.051123519227017,-13.508939944751232,-10.956481804986561,null,null,null,null,-12.010717094983482,null,-13.729409616008835,-12.701875765656887,-12.67889236370438,-13.092113363951732,-11.773942200113503,-14.942742486448006,-13.772671948173954,-17.14531877037412,-11.45155964240315,null,-10.927190403228959,-9.352995843416213,-10.90976623312615,-7.268173695656977,-8.108281563683752,-7.695465169794567,-7.567910056680554,-6.133861382185524,-7.940007325845046,-11.928025319533196,-10.998154903950166,-4.887099408625519,-6.856906809737803,-8.799149803393552,-5.721026300613473,-9.268563072942431,null,-10.1683429382513,-14.027558233296405,-14.345859152086618,-14.26170141217086,-13.319663638867171,null,-7.0788293389286485,-7.082057813862358
-10.766211209850358,-11.544845441912946,-11.883691555423365,-11.58923363463914,-11.068555716804664,-13.656550098478817,-13.293859037265305,-12.614823123792329,-9.356127462947867,-7.17370367513909,null,null,null,-11.978178295831668,-12.485865253092138,-12.277376968186516,-12.760383414719477,-11.50977493930052,-8.576946323797639,-14.924253165708418,-15.364275521952528,-14.041684681295319,null,-14.08043104620191,-9.850783621291455,-9.019644870744951,-11.058424278142004,-8.710736319130527,-7.104367680703072,-5.046143662648192,-10.230674647462909,-9.093645327509908,-8.503593789056557,-6.53826157671971,-7.485710619174525,null,-6.2345805204868405,null,-10.23078287365243,-9.856200359270208,-11.074609508877336,-11.376349137753271,-11.039351543350541,-12.262997950231075,-13.084069616180846,-13.110177963605452,-11.171150532800233,-7.012069041266607,null
-11.224567439216871,-11.465641217211237,-11.8424957432006,-11.502754063063314,-9.974477743851185,-12.230749601879387,-13.135379267011977,-11.844337780050456,-10.651624679881287,-6.008737030160373,-9.785365975243758,null,null,-9.045436095476644,-11.719352911331587,-12.661652730432849,-12.573142774097322,-12.806003758709346,-9.325844213331846,-13.210226884977871,-14.972600741862598,-14.78161387312719,null,null,-9.797641735366867,-10.906577075117198,-13.394501400404547,-12.372413814976088,-5.228232572639971,-8.169387838796034,-9.003213383303816,-11.601755315557838,-7.9124214846846,-10.200789636886583,-11.429958420294597,null,null,null,-7.377633735920668,-6.650664438345195,-7.124666190390628,-8.876735815738009,-12.011243506176744,-13.87108685835378,-12.185852721401252,-7.869094809587459,-11.689348934818218,-8.034665554119822,-5.662635877257463
-11.150594908652877,-10.438302399965998,-10.447350096080573,-10.157738233374634,-9.728266388696142,-11.038107969417016,-11.49190425765754,-12.154544473241055,-11.00063162789072,-9.66315062383436,-11.47507629474429,null,null,null,null,-11.321007179180906,-12.364678697702308,-11.31250111802345,-9.894857412350108,null,-14.417992585326859,-11.677712380023838,-16.68104976165171,null,null,null,null,-14.335530074248528,-6.619769618577681,null,-9.326075337879528,-14.115218843331208,-8.756385350689497,-10.839032407238005,null,null,null,-6.632355154489668,-9.16671144852615,-6.362295429535186,-5.810027773402663,-8.05238210132834,-12.323705025818171,-13.42502635550581,-13.243840385972307,-9.874671130799248,-8.819838362072066,-10.427116382873692,-6.556180990668655
-9.257411606423576,-9.798082233017995,-9.861422631256195,-11.028439666567152,-10.924673717936102,-8.559716919409754,-11.44236786814281,-10.941222971174769,-13.098487382470466,-11.85748524657414,-8.637098086386164,null,null,null,null,-11.656770848257894,null,-8.428206232525646,-9.513144817164344,-7.100590158386677,null,null,-14.40850336713636,-16.157669057513406,null,null,null,-13.40170628715599,null,null,null,null,-7.396563323729898,null,-10.263637226504672,null,null,-8.946857030814641,-4.519725258537057,-8.859998347327105,-2.914196077391163,-8.823049465576757,-9.334546827776252,-6.694067803081479,-14.995001487019174,-8.063199281226773,-8.038286576644351,-12.164059243894275,-9.974227936058739
