public/json/wind_2018-09-1605_700.json
{"header": { "discipline": 10, "disciplineName": "Oceanographic_products", "center": 0, "centerName": "Ocean Modeling and Observation Laboratory", "refTime": "2018-09-16T05:00:00.000Z", "significanceOfRT": 0, "significanceOfRTName": "Analysis", "parameterCategory": 0, "parameterCategoryName": "Currents", "parameterNumber": 2, "parameterNumberName": "U-component_of_wind", "parameterUnit": "m.s-1", "forecastTime": 0, "surface1Type": 160, "surface1TypeName": "Depth below sea level", "surface1Value": 15, "numberPoints": 4800, "shape": 0, "shapeName": "Earth spherical with radius = 6,367,470 m", "scanMode": 0, "nx": 80, "ny": 60, "lo1": 109.0, "la1": 20.0, "lo2": 116.89999999999955, "la2": 14.520000000000117, "dx": 0.09999999999999432, "dy": -0.10000000000000142 }, "data":
[rows 19 to 37 of 60, columns 0 to 41 of 80]
-7.55136301745101,-8.171315486057566,-8.319569171471542,-8.24634378549867,-6.151717776005897,-8.1909532359161,-9.11381795051619,-9.819461719708729,-11.55938218131222,-12.281079644210806,-13.469518437107133,-14.930999764007353,-14.053159115021636,-15.718330414050993,-16.50340731181265,-14.984796974422245,-15.464525124279936,-17.943827197144596,-20.406362036513393,-22.038656078483417,-23.325927813038565,-24.138686087427743,-24.50820815007599,-26.65527292240188,-27.195767598635904,-27.11238871132412,-26.417530901501365,-28.189808189374542,-29.68606409804262,-30.253093493389166,-29.10828733645308,-30.120812136004943,-32.16157591992859,-34.192525751120776,-36.66692110305153,-35.798043926817854,-36.02798414462734,-33.088002265385086,-34.86403765462111,-36.22459220092989,-31.489100023622072,-28.566012449402596
-7.795028730342057,-7.99771819005914,-8.749913399149177,-9.008958846328124,-8.831901290317225,-8.487561740247079,-9.291702379930044,-10.084475243901986,-11.255698481044025,-11.510787450899304,-14.270417923862441,-14.919736853992674,-15.992587953651853,-17.018821479692914,-16.071216064922776,-16.566376593936404,-17.52366113720131,-18.199648113176558,-19.687259643623825,-21.47148148353627,-23.60012228427209,-24.353716645593934,-24.273592283584446,-24.46821996052466,-25.7276671925883,-27.642456285664807,-27.583946647871812,-26.362499054777203,-29.32819616339458,-29.967686796842465,-31.090112660852682,-33.170855744472696,-34.44755039645451,-34.054552404884866,-37.44971789436584,-38.77054247403553,-36.91805417500271,-33.95791071507851,-35.55532586087159,-36.74940558223193,-40.49126870823723,-42.90440130378046
-7.771686572508612,-9.04739637270869,-9.238636348072369,-8.845136342609011,-9.570703075135881,-10.375291546387059,-10.024277570385507,-9.783577628795037,-12.24741699859928,-13.338976581753043,-13.657486290322085,-15.882652660230512,-16.573261771897645,-17.155654645748967,-18.731173922611774,-17.89694255832122,-17.83125899566392,-19.84431549413162,-21.027837777464356,-21.799458620541607,-22.02107551187777,-24.070158361423736,-25.720178285513096,-26.07465330983773,-27.899887681662385,-28.511796523917177,-28.603370147094928,-28.28752990935608,-29.848803749483682,-32.95718589964146,-33.90585615631039,-34.7842921564948,-37.76479488651144,-36.51748114999312,-38.43699220043203,-40.04358882174011,-38.48861112359316,-36.80832135623889,-37.733836793041036,-41.240942488374074,-42.191343241411,-48.49657195040586
-7.930755286339234,-8.810509131989706,-9.396016123923015,-9.709813323955,-10.014094137598475,-11.151776228380955,-11.39600027222636,-14.391352409008766,-15.412118547043503,-15.355961668281521,-16.20854256525923,-17.48045988520128,-18.123574843680128,-18.887086285923544,-17.867588571002234,-17.760617400150323,-17.97024952619413,-19.067500804813513,-19.540740643075996,-23.524157392415074,-24.38404396590009,-25.37430233555708,-26.257518818586924,-26.16983961832912,-25.42125729712788,-28.542463664235395,-30.208263908590595,-32.5261953191405,-31.421200670760907,-33.78246151243868,-33.58975107012986,-35.03866112980254,-38.514706559446296,-38.015251330325775,-40.54452514901878,-38.39636693365649,-37.51258657046036,-39.01876245484758,-39.81471029276832,-42.36844160811559,-47.8518865286251,-47.345917487121696
-8.823852249569567,-9.975658640611755,-10.127379780016534,-9.596231119235442,-10.829678299812677,-12.09799378919068,-13.12360179651414,-14.01359898296647,-16.7421709483707,-17.7482295793095,-18.61156783688012,-18.792792691120585,-18.1974140007681,-18.884119805156388,-19.008640770302353,-17.938490083631688,-17.98971006575786,-18.329158703616972,-23.06279951847291,-23.030988352680374,-25.272966734198096,-26.236245573868636,-27.81883480349849,-27.05052935360135,-26.87959077135379,-30.51053291649965,-32.115139199242954,-31.607463899538075,-31.50168149218929,-32.94034295972316,-33.780437268627544,-34.99733681530296,-34.27005183957472,-39.8775559630177,-37.32627760888495,-38.7640380521384,-38.562082395738265,-41.030099064036484,-41.43209229763322,-45.29565580267655,-47.842135160612415,-52.430472297509695
-9.171764943545517,-10.664534256226547,-10.655041943610573,-10.580037535698008,-11.632426765428333,-13.167140125151528,-13.167908519034548,-14.321966005357485,-16.86245957688176,-20.153773651167036,-18.8375177832664,-18.94227325592831,-19.389745988623922,-18.898714839155797,-17.153264206401428,-16.938374028074158,-19.823279293924777,-23.210140058224336,-22.48526458740742,-21.32271874770415,-23.532091716604036,-23.79522042126215,-26.520949461968502,-28.203372702282238,-29.086692478941814,-30.314351082544423,-32.864620765218135,-35.29474673334455,-35.36047250669324,-33.75363245888359,-35.11848731301016,-34.951702494552386,-37.33998192817841,-36.370158609240484,-38.080373354391774,-39.94040427855204,-41.50409046648258,-42.38693716299226,-43.49197230855813,-45.188471421271096,-46.658355378822925,-52.571173070290655
-9.907832929073354,-11.533738714523015,-11.621794106628052,-11.744825338817709,-12.067699815215741,-12.786123054130403,-13.406806471126501,-15.015513232017195,-16.89185554549768,-20.30272501295243,-19.348961781897135,-19.012141740273957,-19.68309735929192,-18.879962334720233,-18.677112694766805,-18.739262268516896,-21.976505485473563,-21.822612363786437,-20.978143101048644,-26.371010844852933,-25.822442313019103,-25.324950952761707,-27.92051630170503,-27.95654860690309,-28.260078300473126,-29.743835045654848,-31.526213329295913,-32.96021182193492,-32.16939519807483,-33.401190437446225,-34.98910786609227,-36.1424544538227,-39.057246401496236,-36.80973760925579,-39.536784528363924,-41.68503319041606,-47.18558261812506,-45.778273064297515,-46.16221891139441,-46.80607566964728,-46.02034919471024,-49.10922248611924
-10.78287593350943,-12.44403192371679,-12.428504208854578,-13.003912408131665,-12.524934185112254,-12.147576345851927,-13.561815233792341,-16.412502784197507,-16.249744681691535,-16.0413239157903,-18.428548091967038,-20.714473684286975,-18.88268668490644,-17.992276050638072,-19.453864799290603,-20.347666469455945,-22.246067638453017,-21.497923630513725,-24.977840194256196,-26.08549365639037,-23.338522014431852,-26.991400069991833,-26.49862904961317,-27.90234304563229,-27.562450421032906,-29.261747126533557,-30.59877091725685,-32.701316185576054,-32.63464939090148,-32.18480926705558,-34.858759873968886,-36.77885621936007,-40.67155019807788,-39.44479755990788,-41.91498442408148,-44.16216810414474,-45.795716685743926,-44.33117019827265,-47.52298154456939,-46.474978933040674,-47.582966497406694,-47.738807469588714
-11.708175000811321,-12.507389047373627,-12.955800294881557,-13.378215449919837,-12.380090383046197,-13.571831749967927,-13.68943286986231,-15.966063367516835,-15.64743685296502,-15.813328871479928,-15.78634799736325,-15.322745250488762,-17.389631266297947,-19.280870155990506,-19.494626413728312,-21.468947946300183,-23.59003929454793,-24.02879325381561,-25.082199845148903,-22.67748711497084,-25.34129931488996,-25.941560297829884,-25.687741937520002,-26.380750682282986,-27.55258709115652,-29.03291551037993,-30.227978225530613,-32.181438704995706,-33.275946566477785,-34.21755248266883,-35.922595719341416,-39.7660618317284,-37.857377840659694,-42.096503876868354,-42.295741929162595,-43.46454981802963,-46.54547076586329,-40.61628199187454,-46.60582426621475,-44.75233278226875,-47.544752520848064,-46.64867017337596
-12.667566520571244,-13.028987368356837,-13.088369939623751,-13.041808476499893,-13.890229250098944,-14.58879558617436,-14.736453380539098,-15.432590942748233,-15.772602782484872,-16.55925500492996,-17.60031054325041,-19.039920080451626,-19.4176925323348,-21.02469026283331,-22.21118234321253,-22.343472815697513,-22.144353070465776,-23.0366778345942,-24.485016731132333,-25.408765975857754,-25.85414381243711,-24.91017938240349,-24.689891871067992,-24.86434713748136,-26.948658510030512,-28.588198422369206,-30.219936255111577,-31.484897367298085,-32.753367627016914,-35.136858354513585,-37.433261758436814,-38.684926200275754,-36.25296314827892,-41.80190992767184,-41.91833877185145,-44.39942063300133,-43.08921719905281,-41.78596876778704,-38.2701092640218,-44.77422814134058,-45.938715516603075,-44.896716869998805
-12.883649798624232,-13.532495236324161,-13.971942104002654,-14.549606063784326,-15.089587671959887,-15.195933591107721,-15.158966805118819,-16.19660549058169,-17.28874387165172,-17.92939469663105,-19.323269388897856,-20.08134792082616,-21.569331180150705,-21.849389234856307,-21.575131171473885,-21.19541115029396,-22.624259834979306,-23.28176656796601,-24.392932351553057,-26.018371884143367,-25.59092376524448,-24.39709618228715,-25.192098884578286,-25.511382001603344,-26.106763742227102,-28.357861171864524,-30.182096164505978,-31.353397675024073,-33.322655961174085,-34.83928175491113,-34.511978729706726,-35.51260387491773,-38.72573213886457,-40.83912735497322,-41.67486552230661,-41.42725337806119,-42.902545986734026,-43.02077448190783,-43.192024846061926,-47.38541894376234,-48.26388841913278,-47.438585968114026
-12.357730692845921,-13.517252059524713,-13.939091023790164,-15.607503368392907,-15.966635300288232,-15.059059433983787,-16.124796957142717,-16.686304203720635,-17.133691380596307,-18.341410794004442,-19.17286443565862,-20.410111622292423,-21.132362685096613,-21.677933555082106,-21.919848548139015,-21.601631882132608,-21.603443834646697,-22.40372160520854,-23.93332255110417,-24.483030598072922,-25.464548957640837,-26.405321635812598,-27.12469777733281,-25.44205862042277,-26.254306981465028,-27.684543113838277,-28.97502374120231,-30.613309477947034,-32.87209911313939,-32.203325855014256,-33.846786981042584,-35.60870667648352,-39.11263735021396,-40.163631436776946,-40.84348617444349,-41.92104446332827,-41.93172407017745,-45.34297138624733,-44.824831325140835,-46.85585847541173,-42.377926306515064,-46.82604170042268
-12.742662853675998,-12.529536508223444,-14.56700589356667,-14.2549265531119,-15.537118393149155,-17.15472458544067,-16.73406800357253,-16.185591324491973,-16.31093367310775,-19.367856858224755,-19.41814855994608,-20.86149195202887,-22.319836301775855,-22.693377451241346,-22.456680200927927,-22.05078479868066,-22.221922018501765,-22.014076059053437,-23.53755434813494,-26.522721054545926,-27.71229884304816,-26.64317146941485,-26.355717721166457,-27.22319802666267,-26.71741875236976,-27.312911057892833,-27.997257028588216,-29.289397353127974,-30.111456630483566,-31.64621616771049,-32.64683143569365,-35.39857198467436,-37.17652914247544,-41.307273139523936,-40.011312451018156,-42.066094239854216,-38.1381766309837,-46.85700786923015,-45.62372661761128,-41.71340714464589,-46.13668208756439,-47.58168573658534
-12.398617895261347,-12.891646028559265,-12.916968956956916,-14.864634810824736,-15.831463927631223,-16.673312859659777,-17.22595195224996,-16.330211795399627,-16.68160335209579,-19.975344190823197,-19.563779260183697,-22.150369456647947,-23.203066942699873,-22.321087008940154,-22.655344469185376,-22.622017799064242,-22.24223970684187,-22.955070332971633,-24.875756459689036,-25.36107991054367,-26.238666662581135,-26.046486240429342,-25.999928182926933,-26.271274489217802,-25.730393365955457,-26.292221793816022,-26.315401757860425,-27.355890120788086,-27.585922122457525,-28.871042656364672,-33.413614171118525,-34.79810611878671,-36.59905384324822,-40.70320081740314,-42.62034433122421,-45.797959079805075,-45.37443666701537,-46.24606536053002,-42.86114406754261,-41.55774484057385,-45.9677050844285,-45.12033827571307
-12.037526901539827,-13.250659789791376,-13.6762929251609,-13.820189752162896,-15.499392789240007,-16.073682955235533,-16.663481055217627,-17.367119679248944,-17.408542188622146,-19.552543193016838,-21.312836040256673,-22.217928519981356,-21.98239467700647,-22.631343374537362,-23.93090757597039,-24.020113714149627,-23.599865642346003,-23.895322231659424,-23.550304533222675,-24.30115549262581,-25.797053785710272,-25.61822788536635,-25.039415621299607,-24.520424656018356,-25.345909633785247,-25.463354565305437,-27.00427823126132,-28.05647945948059,-29.23931029802324,-28.732404908702335,-31.740684044153447,-33.7738843164827,-37.32745244802354,-40.78555133563692,-41.77725389850876,-44.21163071182165,-45.33772502735872,-44.520889354779776,-47.8409875834627,-44.42436542853572,-44.354600119945964,-41.982659781020516
-12.311008246953667,-13.00832447579156,-14.396276612836026,-15.277583222834483,-15.445476921189519,-15.441950503936871,-16.075609542298636,-17.29142986771368,-18.428989606318,-18.527625001246648,-20.464325465634282,-21.940264009658367,-21.29227562052153,-22.19687452230093,-23.02182811637274,-22.92176764530677,-24.15121676131064,-24.31788594316468,-23.474177882687485,-24.075080248116425,-25.089369048789443,-26.14282802502263,-25.469510223131273,-24.759045716794667,-25.060743202512796,-25.880898366551232,-27.269875013309505,-29.952298248310445,-29.13638389631071,-29.134270091880673,-33.69603184211117,-34.326888998430846,-38.77026651994956,-40.32968526747311,-40.63883679537716,-41.85389599164116,-44.192252236614294,-44.93345755322152,-46.378503126053126,-46.1096735901248,-39.98557123052924,-42.187487113931624
-13.17365408654104,-14.644992580977814,-14.736536261579495,-14.711858845825613,-15.111926815172179,-16.114131410558947,-16.21104770425758,-19.065602923580506,-18.546237934313346,-18.92477846195531,-21.648627229310843,-21.91886889605896,-20.794360127774553,-21.869105615234318,-21.666576561497347,-23.81138421106738,-24.5598454497007,-24.341127776722132,-23.657349024195568,-25.297465669147734,-26.404210379693545,-25.79211588609839,-24.5696378293553,-24.780125610169158,-26.570133553706505,-27.097395710511922,-26.670895981735146,-27.66626108839823,-29.70003522528458,-33.01868655038728,-34.24215375538266,-35.76897696171123,-38.17683714302679,-39.544849602630755,-40.00293106989641,-41.02699663306864,-41.58301921304989,-43.02497691256819,-44.53418972394325,-43.50542500680929,-43.262599926568264,-43.72580616404612
-13.856131117392895,-14.49553467134813,-15.251969598382306,-14.432254571873058,-14.721863281767611,-15.264926983457695,-17.28979658820125,-17.300783718348267,-17.364357221202,-19.84977342094168,-20.94446254453586,-22.878121004136567,-22.07188361081691,-21.638756355251665,-24.840289647953,-25.031037999472904,-25.27304146986563,-25.813619977856987,-25.440334057429205,-27.189534671354956,-26.532891567064784,-25.13367393188171,-25.348515318846744,-27.169630324482878,-27.975687643607696,-28.15230849350958,-27.811113747481144,-28.510419475229,-29.404320436760948,-31.197610315831067,-32.480342111791984,-35.6407207654296,-37.01791339237683,-37.47054512947106,-38.2953571731056,-40.95095229340063,-40.886883851340656,-41.48383361470923,-41.29576756129773,-41.938619469292206,-42.5380379555988,-43.9166919268582
-13.267974638545574,-15.894611758228905,-15.187338578968289,-15.215344643668812,-14.991371973804933,-15.147793322253696,-16.474730909434303,-18.702828017197657,-19.597203996967437,-19.881174128310338,-21.848823470842824,-22.745150057889376,-23.022030710773596,-24.61345835443558,-24.243273054304645,-24.103844504548107,-25.608325622406884,-26.766802518157547,-26.53195422550163,-26.433416719796206,-26.680533422390617,-27.259574557525497,-28.63384223786336,-28.627035115793337,-27.313731879044724,-26.45467416062325,-26.872337246995443,-28.965230179676652,-29.487645743453754,-28.21141123018344,-33.04114743478121,-35.12137934253925,-36.45788276252857,-36.31529410228064,-37.35235901533101,-39.41084950986634,-40.525342918367336,-40.2096086339511,-38.1194925862919,-39.65528431826228,-41.73406500235019,-41.83887040919764
