public/json/wind_2018-09-1521_700.json
{"header": { "discipline": 10, "disciplineName": "Oceanographic_products", "center": 0, "centerName": "Ocean Modeling and Observation Laboratory", "refTime": "2018-09-15T21:00:00.000Z", "significanceOfRT": 0, "significanceOfRTName": "Analysis", "parameterCategory": 0, "parameterCategoryName": "Currents", "parameterNumber": 2, "parameterNumberName": "U-component_of_wind", "parameterUnit": "m.s-1", "forecastTime": 0, "surface1Type": 160, "surface1TypeName": "Depth below sea level", "surface1Value": 15, "numberPoints": 4800, "shape": 0, "shapeName": "Earth spherical with radius = 6,367,470 m", "scanMode": 0, "nx": 80, "ny": 60, "lo1": 109.0, "la1": 20.0, "lo2": 116.89999999999955, "la2": 14.520000000000117, "dx": 0.09999999999999432, "dy": -0.10000000000000142 }, "data":
[rows 38 to 56 of 60, columns 0 to 41 of 80]
-12.58346192920463,-9.981673669598722,-11.707060354735727,-10.380740091777099,-10.846009448728573,-10.839697676928001,-11.016655808648173,-10.950492564706826,-10.32047684913036,-10.644052433478247,-10.2861538791504,-10.270045127714809,-12.397840041328765,-10.868774909304745,-10.786879204234857,-12.589561272383891,-13.186452726121932,-13.718206072561795,-14.594344684402252,-14.2103106052393,-14.759625835967958,-14.287554531296067,-17.04370217032388,-17.18563963506208,-17.737768205697876,-17.614574087489874,-17.40913312566981,-18.211672804896793,-18.621292519652442,-19.615669614506476,-20.066911365596592,-19.67885229354141,-21.193135653174263,-21.51613998430391,-20.190682867918294,-21.82438190342559,-22.481244307722704,-21.68416799043367,-20.923960108576367,-21.46361054778736,-22.140567403837426,-23.570378363183018
-11.811401377745717,-10.930086019233759,-11.417191722593046,-11.147173603038361,-9.450669982973269,-11.317313423930855,-11.445567652534598,-11.847389093031536,-11.012266366196604,-11.062642932128611,-10.445503739044579,-12.464796250603943,-13.450795268805283,-11.815373499451406,-12.103536424819513,-12.404881369566267,-12.901502530512403,-13.340745717850115,-14.450242118693062,-12.922969975249849,-14.85922961284705,-14.43555234378621,-16.141129709346107,-16.442358355077804,-16.981551182949122,-16.95521353330025,-16.35574996210283,-18.298618339982514,-18.843476363775704,-19.720786903514746,-20.006150983688073,-19.414479321988573,-20.651518348676944,-21.659115710710942,-20.710832698431616,-22.93366673477261,-21.994634027248402,-21.6602706603301,-20.83121696242442,-20.998699884067477,-22.50286993523462,-23.6417120261916
-10.401601511776798,-11.607573192419373,-11.253198327464457,-10.560107547229155,-10.681959550327186,-9.812274162796491,-11.698993668549075,-12.03569480043967,-11.683645465318191,-11.21553616959914,-9.68465145889775,-9.756881809624485,-9.941097878758258,-12.68764793055534,-12.802186419618094,-13.269198996110823,-13.300782205559377,-13.35717605674514,-12.189287721413104,-13.232862640333531,-14.576118621637988,-12.7450060237989,-15.162909960821251,-14.955056293466328,-15.187904253377576,-16.14828813935776,-16.82624390175929,-17.715051844522943,-18.724484212365375,-19.444749801931177,-19.66756515848833,-19.0546835642371,-19.808432950942404,-21.386195115604917,-21.372789764667235,-22.836020432153767,-21.594058949566815,-20.696905311948004,-20.040184774940386,-20.4451359307696,-21.649749397509815,-23.160716699579183
-10.22143915270438,-11.220769642958384,-11.239487823536049,-10.195165687759372,-10.598089877231201,-10.715482630628841,-10.058248414899776,-11.69423065151532,-11.793769603773699,-11.095523844693652,-12.060723797636664,-12.072987187079441,-11.719314297052112,-13.640076742891207,-13.240619073761444,-12.869010749753198,-12.290258160334387,-13.784011799877856,-13.719112715401362,-13.506632029639796,-12.77174792470378,-14.196023781631792,-13.882987081009386,-14.076912645846138,-14.668368652595069,-14.195312394077153,-15.979793551793726,-16.11372342183945,-16.27995215135149,-17.709234165546622,-19.55724809317794,-17.812792899770038,-18.281829247352995,-22.37622921751254,-22.043352946138988,-21.838433464454866,-20.70046141124218,-19.814069051861367,-19.843268178190645,-20.185702231806438,-21.98175558067036,-23.277689587838292
-10.101306485707866,-10.807691742436507,-10.960792792756898,-10.386393337185755,-10.308570176019831,-10.64601241412763,-11.376155904131732,-11.041765882098359,-11.001754685206137,-11.28035061001816,-11.724015664455868,-11.24054651050398,-12.592265189039995,-14.45683150883147,-12.873710415370894,-13.179829346947567,-13.674431343781077,-13.614517554560853,-14.092384432292812,-14.487001063697484,-14.588137341068245,-14.478971242605366,-13.914091329549569,-14.021323935486096,-14.830292377810258,-14.491972659443991,-13.113811983871571,-13.80237719202257,-14.359426862623293,-18.206169471270886,-17.453653754770475,-14.113176064454297,-18.161330456488102,-21.922824473323022,-22.6386636173727,-20.366190991454268,-19.564754934045013,-20.458304849300436,-20.289854629677855,-20.29559690289909,-21.66259877784097,-22.12780850270327
-10.034196833598273,-10.426568754553418,-10.82819774867885,-10.464214640450376,-9.994909399371096,-10.207763786367956,-10.89002902332305,-11.981444791222563,-10.843596695323136,-11.52825962234184,-11.534639488229958,-12.853540559320686,-12.859164602380428,-12.813753261459595,-13.051995232788663,-12.854886280325163,-13.422305837861927,-12.931846899328391,-14.123157635843206,-14.412656079395962,-14.394542598835535,-14.792101589378698,-14.61828245435221,-15.226006099007227,-15.423833993591826,-15.166595615472989,-12.796399677951458,-13.235065753318551,-16.04778930971071,-16.193704690688346,-16.064744925644106,-12.80956324813798,-20.02276599925872,-20.796032250268976,-19.991113869932203,-19.356255188796865,-18.163365421595046,-18.546403041072775,-18.84029780698156,-17.09923091793448,-19.217828569079934,-21.673484915530473
-9.517728295570963,-9.409256560476383,-9.971306976260152,-10.61311852011268,-10.431266525357413,-10.180425413243706,-10.145773958516905,-11.858444333822334,-12.072365007044805,-12.407960460304492,-11.871540930927935,-13.377369518690761,-13.796939517754458,-12.811992719582214,-13.44471768920783,-13.944872895353932,-14.116261794920963,-13.73356356816346,-13.708179784639723,-13.748518557466072,-14.358518573910912,-14.315500968614963,-13.680925386308587,-15.382714854589985,-15.094683093956982,-15.5701937479487,-13.069094713058323,-15.74609053758379,-17.21108661784255,-15.64457754225386,-16.270522606009933,-14.87166740903289,-20.181103229029535,-18.734377402497845,-20.091401771640466,-18.757929520867265,-17.440555254410135,-17.864980351166416,-18.706587102957016,-17.84762613432634,-20.16175656533167,-22.969532974766526
-9.199945243962711,-8.949253679407104,-9.692839214939752,-10.521940272786274,-10.5320530662453,-10.248722444898249,-10.42590800783801,-10.39748582476464,-12.200849073362168,-11.94727135461954,-13.167867224476248,-10.415031296099015,-14.397885895635426,-13.03403270553637,-13.928554644890024,-13.829231149321958,-13.054590949325062,-12.823613152663327,-12.579432114352482,-11.743482413005285,-14.08848758831627,-14.848227044060085,-14.521546192888925,-14.272946145335586,-13.02344019917066,-14.933695352334043,-14.912685945534129,-17.671979606142266,-16.92128944985882,-14.309334126959424,-16.95378731472833,-15.82236473642657,-19.647023190180825,-19.830990384758863,-19.883472887519055,-19.774677305662507,-18.99087271170975,-20.604931156381678,-20.187623345907753,-21.236739740336773,-20.918757233798313,-23.178176667861855
-9.806590280626342,-9.622957231396397,-9.029500197853093,-9.950316381286822,-10.739953260252303,-11.051418236428775,-9.595809265101696,-10.342073780235054,-12.10870368083259,-11.653971278849612,-12.222941902458077,-14.93356869662804,-13.08409585594982,-13.20064281902787,-12.792331888809835,-13.353407896635233,-13.487130847898863,-12.98804117632409,-11.671412193674392,-11.155489892099231,-14.604053503803868,-12.55468231981608,-15.514236847437086,-13.750738970361272,-15.173185286914048,-15.744330845847813,-15.286387337240328,-17.101503609221442,-14.915384877883731,-14.997955508989323,-15.795847710914975,-18.34336264708095,-18.12661113143994,-18.59519585849137,-19.17443289481224,-17.9120742162494,-18.502375528441014,-18.548590197640433,-20.01156729973723,-21.891011510937425,-21.677298891416847,-21.846784605542208
-10.827726214811614,-10.286731018791585,-9.445501884109161,-9.664123941646405,-11.091110974384396,-10.828255169187493,-10.854803208393554,-10.702086991371118,-11.97982920718381,-13.033243247536706,-11.944780133726104,-13.788705294523673,-14.773211947244855,-14.03618507685962,-13.191295453815545,-11.805491203921992,-14.088106143905955,-13.222743157077254,-13.253097834878536,-10.347107428448346,-14.904010385179935,-14.699573017534853,-17.445800210735815,-14.972509298030172,-15.615350365733082,-15.89830412508286,-16.983872452704603,-15.719071802801409,-16.817832844628548,-15.497089278221573,-17.61522522983902,-15.442276739501656,-18.905252668013848,-17.528180711833066,-17.814646867503388,-17.229005941338464,-16.624939257121923,-19.213015632301893,-20.522503586076446,-20.094746929733745,-21.079390217948557,-21.029171646263485
-9.937314634293337,-10.671075767395399,-10.089982104471956,-10.039816814414792,-10.613890712435582,-12.050082700176588,-11.833355305340637,-10.412692600739978,-12.248461117320822,-13.274137368786953,-13.030868513332178,-14.25520275471093,-15.706591497730946,-13.448350053478734,-12.805508636227122,-11.75631117114186,-14.907360438414669,-13.243446137281243,-10.43335377677754,-8.91276885866892,-20.10218474092691,-15.772457542640508,-16.07592359971452,-14.91602754305047,-14.865810871528206,-15.195988497761537,-16.49765748125723,-16.081621299313596,-16.838385353020747,-17.452827211586577,-17.345998859675973,-18.970512245638538,-18.643843550625903,-17.715372540541505,-16.495503405059672,-15.453360034601014,-16.606993165330213,-20.42109692525646,-20.925099073846106,-20.589595278591048,-22.566619448526552,-19.37413690485077
-9.837890102059903,-10.42093017377902,-10.54185507412981,-10.421463049473997,-10.986143550354365,-12.260060002656802,-12.223692125918511,-11.677539902604329,-11.041217720570948,-14.071045102754908,-13.034433537099279,-14.266585880964275,-15.123737733563605,-14.60083303539971,-13.259845529515095,-10.667969133658215,-13.397996777296289,-13.49488031195759,-13.240608414963132,-15.951268856143427,-18.641550953160472,-15.99031376938064,-14.605239227530099,-15.136331259141762,-15.29169581248159,-15.663056500821854,-16.084819153207672,-16.24973905096718,-16.444524557070405,-15.642253951567753,-18.22258984533799,-18.444083990508098,-17.503782322619866,-16.59610229808121,-16.45456160517889,-17.156903984773884,-18.17428429270459,-20.12493544298451,-20.15342656766599,-20.505382671173322,-20.784934588085903,-19.37702470182731
-9.714913680449058,-10.729863617351072,-10.735060598201562,-10.763725884714328,-12.098953793356282,-12.850077370741573,-12.105111301990986,-12.655945454764465,-12.277364758065033,-13.66345145864566,-13.231736058823575,-12.744758805369404,-14.12949015566278,-14.154715160019448,-13.9465987674125,-13.295838825958459,-15.111685002612003,-15.137089440076185,-17.774870205421365,-16.436748638597447,-16.68777415355308,-16.022912268772664,-14.729075802948218,-15.264963399589687,-14.848651801708913,-15.468147235864366,-15.58653704405205,-14.770894452763057,-15.683673851159739,-16.07558963284618,-17.508890021308112,-16.79093207559179,-16.782539116893712,-16.387021641084683,-16.952101725214032,-18.34824992247537,-18.10642501275278,-19.208587098267856,-18.894412310634117,-18.962955395265556,-19.156154805970722,-18.852089698004523
-11.34231326254355,-11.034485242021118,-10.530327314051208,-10.853273415380343,-11.864515853445425,-12.928538821354579,-12.665719796700706,-12.707243870100058,-12.647835527179637,-13.396167706448672,-13.581385083912163,-12.702357493558353,-13.519348857254734,-13.893498243288828,-14.071061890042083,-14.93474810098451,-14.887721463231507,-15.475032580390476,-17.59873297072093,-16.035298006882236,-16.011561769921737,-17.602511517084896,-16.490458775400448,-15.98579452146177,-13.623705472558866,-15.874786603002292,-13.013445192425715,-12.346955800254912,-16.126215490175323,-14.864765229954335,-17.304322908640632,-15.995277597860817,-15.75271653894099,-16.63797180526224,-17.736801303749957,-17.324368774022478,-17.36039086171915,-16.973701043024345,-17.456952211981363,-17.800237103304497,-18.38327922057874,-18.374829675075638
-11.112097527793715,-10.855615900057392,-11.284815202373974,-12.301613905964109,-11.19676751596425,-11.32261246589171,-12.877474307423894,-12.299484555743526,-13.111035874005452,-14.04356550255366,-12.908060204748256,-12.976536674177197,-12.879251298503906,-13.126756573151939,-14.240435892809334,-12.499923291310765,-14.458664793913778,-14.570623655208731,-16.203660186772744,-16.74571971200942,-16.874637457414444,-17.338015925746298,-16.79813715978402,-16.197103657656058,-16.255777795116526,-16.054924760849325,-15.126321548369189,-16.320269093718228,-16.3836457588348,-17.605725079669597,-15.488874593214648,-15.705966121380209,-15.818182271799891,-15.339014200790075,-16.74482683743063,-15.720997451514563,-15.765226068289293,-16.078319229003572,-16.203904942960683,-16.6743345130774,-17.416977830250314,-18.044240664205002
-10.043414662560524,-11.410857956100108,-14.60731067190158,-12.151515632450085,-10.889691311309312,-10.672298863370147,-11.20206454753308,-11.906475951848702,-11.951378772685901,-13.648388481130226,-12.891423593779503,-12.73147834436152,-11.963002438098478,-12.401781391837998,-14.087175329818653,-13.885181023150594,-14.517717803270669,-15.355914083183725,-15.744086474001879,-17.435644707642265,-16.4064954738372,-16.579563114261475,-16.715147377542547,-16.303464238346777,-17.43933660729457,-16.33028443979258,-16.05636920125109,-16.333971020181846,-15.916891278792786,-15.816403378445152,-15.51981348606466,-15.423302303932385,-14.344991507746695,-14.23574827342956,-14.036234818606633,-12.789773009123905,-15.175524308325723,-15.761835621372338,-13.754248989986953,-15.533154248285364,-16.54567907546376,-17.490725529104672
-8.82302643745011,-10.964149837574556,-12.15280458535364,-12.197078278277452,-11.158187309691122,-10.495822655504304,-10.48264217348987,-10.822141532667546,-11.405959751564744,-13.149056155938469,-12.870214058317444,-13.257542592665509,-11.835231418244552,-12.100023965964231,-12.446021328085434,-13.674391157769517,-15.495320912249463,-14.185411577897462,-14.368470724011638,-16.009197745052706,-17.89572043968,-15.919311253378627,-15.754125126126484,-19.017006392356492,-15.929711565125544,-15.524548325760442,-15.757899659956442,-16.02579160379812,-16.065807133976115,-15.304931397295599,-14.747728466613658,-14.619556287279531,-14.2272598007923,-13.051599809477521,-13.482435281442543,-14.03210452990858,-13.5224256506944,-13.446201275039263,-14.904604840506526,-15.677867818129643,-15.625316190599607,-15.455680774000157
-8.512857050001712,-9.121291930548644,-9.076155363009807,-10.097056026558002,-11.953533848369515,-10.673909341858103,-10.766627264336867,-11.274750220759419,-12.121590834766579,-13.126076950257804,-11.929159784461948,-12.19279345134547,-12.438880198286318,-13.130542388209102,-14.765320375011866,-15.471640748613417,-15.220565251474218,-14.16176786706116,-15.414112838292858,-16.46707742954141,-17.329754616007275,-15.303415771785605,-15.999454474745606,-16.93503538912794,-14.09073717255863,-14.720002223512234,-14.539945451353969,-15.026384945565159,-15.38957109238741,-14.631260061305312,-14.14306218483684,-14.165285429088836,-13.713624614242876,-14.509348561694166,-13.39909452337888,-13.540212530554129,-13.60307297448791,-13.853785830880197,-14.651361531322236,-15.50223962566241,-15.152917593123705,-15.166571563016612
-9.179108384805954,-9.454776292313376,-9.741762588367816,-8.501905929853606,-10.390792277426742,-10.151103087988233,-11.151573439228946,-11.487196279617985,-11.382769663922673,-11.476990586765359,-12.413849943589959,-12.750823889990215,-14.555664032073253,-13.3939839609644,-15.03034498199371,-14.826304293818744,-16.55195257877523,-16.49454050153552,-15.85008543155092,-16.76707689776402,-15.259911710187135,-14.869160169590407,-15.83040331611374,-14.357063765768036,-14.297366416287705,-12.851933551839222,-14.548127248022883,-14.991202326487613,-15.256167398194126,-14.425336587488808,-14.655477901582179,-14.148695474936835,-15.122136255186346,-14.177154134275243,-13.351072524266538,-13.016895750206528,-13.049231897860984,-13.724615047169804,-14.279396108229111,-14.21689096863321,-14.13474317825492,-14.522332986539949
