public/json/wind_2018-09-1602_850.json
{"header": { "discipline": 10, "disciplineName": "Oceanographic_products", "center": 0, "centerName": "Ocean Modeling and Observation Laboratory", "refTime": "2018-09-16T02:00:00.000Z", "significanceOfRT": 0, "significanceOfRTName": "Analysis", "parameterCategory": 0, "parameterCategoryName": "Currents", "parameterNumber": 2, "parameterNumberName": "U-component_of_wind", "parameterUnit": "m.s-1", "forecastTime": 0, "surface1Type": 160, "surface1TypeName": "Depth below sea level", "surface1Value": 15, "numberPoints": 4800, "shape": 0, "shapeName": "Earth spherical with radius = 6,367,470 m", "scanMode": 0, "nx": 80, "ny": 60, "lo1": 109.0, "la1": 20.0, "lo2": 116.89999999999955, "la2": 14.520000000000117, "dx": 0.09999999999999432, "dy": -0.10000000000000142 }, "data":
[rows 38 to 56 of 60, columns 0 to 41 of 80]
-15.301909861863525,-14.38729209281356,-15.919317272808357,-15.586839512656207,-13.77354502943336,-13.871347640789274,-14.940050448373409,-14.467116264227734,-15.182748344009893,-12.8011049263279,-11.831852454150438,-14.617883701126743,-13.287223865638552,-14.403739496375989,-17.114130426040095,-17.105756671492102,-15.441708149731113,-15.605771642101718,-16.1113066980836,-14.98174448198674,-18.22777899243996,-17.721066982097486,-17.672281726340398,-16.87546244110016,-14.057835722142066,-14.556220388974207,-16.50421589591626,-16.669260642530908,-17.321735442416053,-18.09955398433667,-16.894915986570908,-20.430466878852243,-19.392031032805768,-17.973844387877516,-22.091604466814623,-27.56888798929327,-22.398552857916783,-23.493952405783254,-21.782145823402907,-21.53780869188603,-24.269984603303744,-24.22014055241884
-15.511722125419935,-16.42396827553476,-15.86762798315451,-16.2571017296952,-14.293143073032397,-14.038355706065516,-14.689376599377493,-15.367688344444499,-15.257533052997859,-13.494071423410677,-12.841242604819568,-6.663656146806221,-16.036196353689036,-15.46849207981567,-16.122598966820398,-16.796472202523717,-16.295649948379996,-15.624813766923193,-12.714206668628847,-17.469522153969283,-16.812085541279014,-17.139725014373226,-13.927772567804151,-13.27583566302615,-14.706370152363085,-18.837368858444098,-20.50191357553933,-19.688035733391164,-19.16608807794446,-20.799613237879157,-20.005062406773135,-19.87598437221897,-21.497413874921204,-24.93181276575403,-24.991498545072947,-20.146169809364928,-16.23975969865182,-14.526161264169575,-17.00424274604018,-21.561986578499877,-23.23853962841843,-21.483910330841027
-15.717235549530908,-16.692970002279324,-15.837204494170939,-16.126647384128585,-15.763493139717667,-14.508039886850469,-13.308653737765441,-14.548577448324709,-15.71126922895813,-14.496906486856112,-13.836323092745737,-17.442960739392557,-16.85014750288378,-14.10499321906405,-14.288856850940592,-13.69104571507484,-13.417611458331061,-16.617352314912438,-16.039131957310328,-15.445645348342495,-15.570518705299802,-18.805280203685633,-14.517241640259709,-11.192099727717252,-15.613633230612859,-16.2947521846274,-13.446957295167854,-17.297181865901983,-18.3237431949011,-20.188270600704815,-21.490052420542522,-23.86007981867531,-23.93699682986993,-23.590095964534434,-20.005254405051467,-17.557567685474154,-16.56990231353293,-16.97257478312915,-21.018210828848225,-22.855708685070436,-21.558034909727734,-24.731401685517774
-15.682545373776033,-15.72083287793308,-16.908438664203864,-16.23941049240667,-15.929817019233678,-15.026908881280054,-14.141045167021238,-13.532024031246086,-14.987122026359142,-15.316218759423926,-14.66227965715605,-15.495675594835326,-16.44279468569607,-13.28122501367253,-13.052695121957829,-12.846946289106217,-16.490618672083034,-14.017649650159232,-14.168473084107674,-15.029093657740264,-16.61697445773222,-15.042493151713177,-14.714984786803292,-14.527146664213761,-14.634761730949249,-16.353975502833283,-10.985674386127178,-12.788304712002192,-18.590905805342793,-22.49566609336477,-17.469255030145526,-16.037772905508056,-24.162116576044806,-20.656486476986046,-22.415228963784806,-16.665414256328745,-15.486352513237389,-21.46445878574926,-21.310855954440235,-23.437305910344868,-21.168639519095642,-23.932986438731483
-14.112534481125829,-15.555312216072265,-15.316081450300578,-16.35989528590537,-15.781451197580111,-15.7337578015832,-15.181387730583332,-15.182875998204985,-14.238615616877693,-14.41713384069848,-13.867520510094192,-15.984376060005076,-15.452370862833817,-12.47255246514508,-10.969713797878232,-13.819402916164801,-15.843362812019155,-15.18060113354975,-13.002881199250455,-16.33648558743282,-15.444280181969383,-15.247047570091139,-14.908353309752986,-15.522828090149407,-13.523043215760381,-10.273891897507973,-11.61938168657523,-14.459469141264451,-17.345016215116164,-13.901959653896958,-12.329462639556176,-16.640302033868732,-21.609262919732593,-12.24240996966332,-7.0328997673916875,-13.401678496354549,-14.045171653794052,-15.198078111289519,-17.687981002701367,-20.667930286646833,-24.01601157116799,-24.394692141741686
-13.980955605635025,-13.610481099125527,-14.771016501765779,-14.78801522676922,-15.68019689441018,-14.789906885061466,-15.7277348627716,-15.731054891295091,-15.424765352185407,-14.322562959898404,-14.399533139417626,-15.79396700840319,-14.209162722517258,-13.98776916740421,-13.410565621117716,-13.179277222018223,-14.440747162553553,-15.037133840048194,-13.827080049980326,-13.710747166749751,-12.358483241364848,-16.289414823721266,-16.260637679723086,-15.708760476465542,-12.75841452741185,-13.814409573963665,-12.781797365482417,-17.84608264018002,-14.003071858547663,-12.386486932965354,-17.92529156465816,-16.126168537223776,-10.320237498678889,-5.728165320535052,-4.5280569026427475,-10.435568056190018,-14.317676838690506,-14.392333821871858,-14.263401095598528,-20.923998371428752,-23.02908848213991,-25.16961937025969
-14.357349778013704,-14.220209628791494,-14.604789908244681,-14.979869007173384,-14.891760672306877,-15.347575408603344,-15.727223953553834,-16.351749752311473,-16.199887786951688,-15.926191265098302,-15.124448344505678,-12.93232398763867,-12.663772311136158,-15.552780489699348,-14.755714714195161,-15.076524945250949,-11.484621522955432,-14.678787702337189,-13.65302718376909,-13.755947626778584,-13.755524058415528,-17.04726627922191,-17.72912832322722,-15.483441237398143,-15.575754159848676,-15.26910535412053,-16.746683539266122,-17.347433051341998,-15.044720905591044,-14.474308361768927,-14.872426390438097,-14.773102135245331,-8.739189920129656,-11.659199237732494,-8.577950722056075,-14.123595599066071,-15.27499634407487,-15.60525587325388,-15.426221684877786,-20.44628638228811,-17.610775633927048,-19.377984254756697
-14.577916969144278,-14.330656285040845,-14.64844585218235,-14.43798823001334,-15.567741610877444,-15.59455355590773,-14.77174909207951,-15.90654729039468,-16.62738773156998,-16.300114136416376,-17.06003029263315,-17.421820495279093,-11.043625175282775,-12.994738425296227,-14.881865169824392,-14.680305195823717,-15.080484484552084,-17.522275860933235,-14.821416970891395,-14.751499972832281,-17.31628286077569,-16.111216824431885,-18.491764495535936,-16.888083023183285,-16.606222754907453,-16.84741702851129,-15.55048129572899,-13.727673464415487,-11.287081903494068,-16.79150050347195,-14.949482251563147,-16.14140212744854,-11.438041676040845,-8.501337155602192,-14.04171621662744,-14.122698098652512,-14.384133343272103,-16.698116262589032,-16.81295956057279,-18.475887156572675,-15.560765113521906,-17.354541712378285
-14.35539527093634,-13.3326207861084,-14.923728499253118,-15.242946640299413,-15.007532552016368,-14.002936956821316,-15.897985914192972,-16.017618122287818,-16.6027436006922,-17.104057636850897,-16.272117321686263,-15.120799612584314,-15.724728714595773,-12.825131560471839,-13.156961044692439,-14.667748064356992,-15.483188757187378,-18.17185604234284,-17.055145278015704,-16.634564470745804,-17.499072153609248,-15.156412029523722,-15.847048752736232,-14.499073439445239,-13.538289875193765,-10.651647718664119,-5.125958980439554,-8.661216772772603,-12.89861417049948,-17.514257392313937,-16.63781709574183,-16.19740087006509,-16.34150678253812,-10.955410307618992,-12.373073016027222,-16.150472719599172,-15.511637815051,-17.27086050232326,-15.540468900486685,null,-15.666923734771354,-12.454761119739274
-13.107258425547332,-11.601781036317892,-14.38267838168571,-14.969294220508072,-15.043742000272136,-15.735988320356231,-14.45087523595356,-14.470340007645934,-16.42954287592404,-16.73226322500549,-17.43671759629407,-15.34068359299101,-17.713563185252795,-12.331139589390807,-11.540986257892895,-12.394567776747405,-15.038609794423238,-18.79771825889593,-18.57292952827291,-17.20316691217464,-20.220148422165668,-15.815862096909283,-14.437305058194003,-14.03489556122804,-13.863440282424072,-13.33690466904932,-13.36720742160146,-10.712105535442193,-11.984055797222583,-13.246248293679438,-12.429389729173765,-16.304928052464692,-6.135850991193106,-11.308623220033644,-11.749974588107404,-11.645014445398932,-15.28264629512156,-21.537798562164216,-16.14302152180953,-14.115086394498931,-13.949146884108234,-11.083744824293555
-14.270488031309569,-12.18304571857196,-13.432949075716634,-14.327381395790935,-16.3743244527533,-16.06096008608025,-14.05440622937829,-12.453160017383402,-15.452331911577009,-16.062379216517375,-15.583298049916491,-15.880214592449262,-13.283605901784,-13.539800042768848,-14.259082384277129,-14.469114061873078,-14.576109503804686,-17.43686397315515,-17.827447312847248,-18.27262176712328,-15.929245034883614,-12.809238484028826,-5.639563017474518,-12.648719765466158,-15.915043088224259,-14.457805200007796,-12.294441028580128,-14.728538926079658,-14.13356187255803,-10.951781189536753,-15.871753821181809,-12.639741555819962,-9.662693991329537,-12.467539024155382,-13.715998658767035,-14.99430698224386,-15.868732998537725,-9.229305509455374,-5.5122088645017175,-11.171662570100086,null,-10.96486950271361
-14.454928367223717,-13.73930300125278,-14.150544400049263,-13.863567595288412,-16.433920570290496,-14.737994088592565,-13.486060346786466,-13.090673645054293,-15.801443848599634,-12.2238078751847,-15.626644288142215,-16.953967719028796,-14.927112884036175,-14.936474961982997,-14.892518990321387,-14.16502422528546,-23.66154552724735,-15.014374777834142,-16.946347854990737,-17.170068302716963,-13.482866465222521,-12.209115925453878,-12.930456969215058,-15.771949127641191,-17.07852354774083,-16.054291009117534,-15.263547787135437,-13.556561542472434,-15.630435653417813,-16.4237088886053,-15.347358826496091,-16.6205181197138,-12.515450921258507,-15.167724524965127,-15.029812094013199,-16.21284460596526,-15.144233818036676,-8.779769815709864,-6.305627178586398,-5.085250417056244,-2.1649595676039857,-7.867787231540479
-15.71150903345449,-13.390491738529143,-15.414447254848987,-15.061057309404738,-13.840242492139252,-12.809630538254526,-14.04521314511816,-12.182695735305472,-13.208281611822539,-12.469722816378042,-14.405439585154138,-16.339554035422157,-17.537301041523182,-16.082084776030904,-16.209193094796294,-15.36396937532241,-18.560012398171992,-13.655349965539664,-15.509060322879353,-14.679270216153917,-12.954262995201573,-14.518870421153217,-17.38691724937144,-18.262600126129986,-14.053120189801497,-17.796916591852067,-14.863925742964545,-14.525082458493312,-18.497725669384796,-17.550992595418705,-14.492247169766904,-11.116460771396175,-13.414278071688422,-16.690495469450823,-16.58210141089692,-12.769894616347848,-10.996150774470703,-11.269404728788466,-8.913803196100742,-9.25918961777113,-10.498777873483762,-8.797702223029148
-11.023790120219143,-11.12199928296809,-13.726985738677769,-17.26873169371824,-15.232762642760536,-14.12962678557021,-12.32693894875976,-10.152637079423432,-11.95307917158907,-15.388723976663293,-13.039288904286918,-15.481191682614469,-17.5431275536241,-17.196767206124544,-16.26444767431295,-17.054029524756956,-16.863755041678868,-12.302888571358459,-14.157341422408221,-13.732866969401238,-19.524161947698595,-13.004645823657249,-17.356767718729138,-15.907602211251822,-17.841339635294148,-13.228010983125449,-11.74703942257283,-20.801389479114203,-11.856011011063648,-11.587277952187492,null,-10.421664602839776,-10.441529167510701,-6.899832804226106,-4.838104633188335,-6.945816148600235,-7.9971665228139805,-9.967425046224658,-10.7185319393439,-11.979222091465726,-12.99913491963343,-10.422746564914265
-12.87094374033394,-12.506747362741887,-16.338642326366895,-13.785276913873192,-13.160771843720212,-14.33343015392652,-14.225029200506498,-10.773268149613934,-10.68949598035013,-13.513954803970128,-14.248037938938978,-14.384681207509287,-16.333962568696155,-16.905414885094302,-15.992185070939946,-17.407807041467905,-15.888356852076935,-17.182308905156383,-9.046650151838122,-18.13164118975952,-13.79798611748539,-9.64502135969608,-15.05653532518693,-17.334414900959096,-19.705125763132223,-17.069605718038424,-16.224105370557993,-15.282453455984632,-14.6104776160862,-12.508105120710601,-9.969108900911626,-9.845252994991029,-10.262937085528929,-11.023189500274668,-9.462110293383436,-8.790574243114474,-11.263223096169304,-12.526558793458983,-11.763974196229938,-14.176606690809075,-14.900235630269663,-13.785726156599177
-9.428305676590991,-10.757560398840113,-7.937347539820588,-11.275926014072661,-11.2759152728204,-13.231403464435335,-12.594498263948728,-12.214515174029234,-12.758578738097661,-16.751098777169155,-15.964486921415311,-13.72533422273382,-14.903961020317169,-15.350858596550356,-15.522559348617047,-18.60128406749059,-15.937434148284778,-16.205585901942655,-14.842266108986738,-9.884890714644978,-17.958644597214786,-13.954597094859903,-9.300077809187718,-16.264199017674976,-15.974901046384273,-15.891848755951866,-17.07422403184664,-15.622518470527302,-17.20594145040721,-13.837277456492306,-13.838043086485575,-12.72073618001005,-12.327500812670642,-13.98196019870969,-12.248818320750772,-12.774407763717573,-10.7553765049257,-10.439978714335101,-15.138146196514871,-14.488689109862404,-15.159311956847183,-10.81545326605243
-8.136459136874867,-8.666556069299872,-7.059705946784133,-8.946783641992884,-10.687294700809538,-11.795738701441161,-12.081148075790757,-11.770567029469115,-8.881191840482165,-16.420726299917455,-11.771587770279284,-12.411735727881037,-13.144984912402878,-15.914978524255478,-16.562735999034427,-16.89432230794097,-17.491066484651,-15.638580612907456,-15.329281745233668,-14.496386400359459,-12.15540134239238,-12.76591155608679,-12.96603807121829,null,-14.402400244860264,-14.111431746622982,-16.547194277275704,-15.447496483219334,-15.21012519417544,-16.07431576911239,-14.989404090125053,-14.65870718041385,-14.047067314492413,-15.648754346987904,-14.312038503040688,-12.035321395138117,-10.670946523889064,-11.71863466227129,-9.145201760898521,-5.722123997750444,-11.63667346520955,-11.41210343395067
-8.327920371655821,-9.691205754946697,-10.091207049587494,-8.233158087956904,-6.038318746166963,-12.35884275467589,-12.270829514777926,-10.017304562119406,-10.127949947381675,-9.30749931322337,-9.525477522195507,-14.074337967940513,-13.44217274590622,-16.014701489856364,-16.28113987733586,-13.924031378979054,-15.27806013786043,-15.979987799426954,-16.221801421548562,-15.56444000449304,-12.862346836712383,-10.371211813842676,-13.424377986838557,-13.149785424796708,-12.587019663136475,-14.308298438836275,-16.547872416352547,-17.50549170250002,-15.126004053695521,-15.01600299477137,-16.33761006521158,-16.240460022827442,-16.57765771999869,-14.184100479249864,-14.392825551387464,-13.676710097773991,-13.822482256397047,-12.166324618466039,-10.326142180141192,-6.194148938693491,-6.921862798318665,-12.508370103333831
-8.345482924345824,-9.743612164606459,-9.841706974671588,-11.582887083571247,-12.312396437468774,-12.393703785268084,-12.302277605427498,-11.92921235353115,-9.539192981598559,-10.412209574961569,-9.145824022552855,-9.926142079563956,-11.952624305164704,-11.674730573822998,-16.603122631576014,-14.07802824862485,-13.94001832197438,-15.290687556785926,-16.707248590321978,-15.140399574884949,-14.09575518246691,-12.215408896866021,-12.085169684127843,-17.289154147708743,-14.755134408651932,-17.337490049294153,-17.838568402702425,-15.383360862352589,-13.31159929876541,-14.465886214425959,-16.187985170837216,-16.925788140165093,-15.634135092825844,-15.513273481523886,-15.022292916281039,-14.56878264199776,-14.67914688935782,-14.198849445071772,-12.952794191256338,-10.216871166510124,-9.462918429174833,-7.916579355536639
