public/json/wind_2018-09-1604_950.json
{"header": { "discipline": 10, "disciplineName": "Oceanographic_products", "center": 0, "centerName": "Ocean Modeling and Observation Laboratory", "refTime": "2018-09-16T04:00:00.000Z", "significanceOfRT": 0, "significanceOfRTName": "Analysis", "parameterCategory": 0, "parameterCategoryName": "Currents", "parameterNumber": 3, "parameterNumberName": "V-component_of_wind", "parameterUnit": "m.s-1", "forecastTime": 0, "surface1Type": 160, "surface1TypeName": "Depth below sea level", "surface1Value": 15, "numberPoints": 4800, "shape": 0, "shapeName": "Earth spherical with radius = 6,367,470 m", "scanMode": 0, "nx": 80, "ny": 60, "lo1": 109.0, "la1": 20.0, "lo2": 116.89999999999955, "la2": 14.520000000000117, "dx": 0.09999999999999432, "dy": -0.10000000000000142 }, "data":
[rows 22 to 43 of 60, columns 0 to 48 of 80]
-15.601130954410632,-15.047748237916863,-15.446586911940175,-16.518223812521416,-15.369196887956003,-15.688688161396804,-15.901406367223561,null,-16.11739090331935,-16.971934218652756,-19.66650885114239,-16.19781283307999,-15.347170192949575,null,-15.524856532185208,-21.33200386247811,-19.946700147163668,-22.38817284769177,-21.45654826152802,-19.447627875755302,-18.23639563230698,null,null,null,null,null,null,-30.719351852560678,-28.0150176979731,-29.313427428084907,null,null,-31.34602454217392,-37.74286083208167,-34.658336436550655,-34.56449694171907,-35.27128561995151,-35.99742722937722,-36.93036199711278,null,-29.11996281944331,-32.312068347410474,-36.378667640951804,-28.901096376319302,-35.00352429995186,-35.28573962002028,-38.95983673059472,-28.076035987533672,-24.373187971632774
-16.021369282047974,-15.29030771088403,-15.785533925115121,-15.753849626976367,-14.452706119446171,-15.738642910419955,null,null,-15.741094464616857,-18.881634349732337,-19.5601955301962,-17.336105006251678,-14.859737866699241,-15.129200270723503,-16.78806132195142,-17.796610333860183,-17.016468063727412,-25.13147810966713,null,-19.188749111857533,-19.287106474534944,null,null,null,null,null,null,-25.984180204955774,-27.872032491058537,-30.37304465262566,-22.520618969826018,null,null,null,-35.25928984881965,-33.173884745778544,-35.05951063524682,-36.30740833671678,-36.40655428485725,-32.71445202305664,-35.427060168607085,-34.483775472355894,-30.930714792066922,-34.479699069569804,-25.796336972889875,-34.55502810302556,-34.20357352457934,-37.23452619014134,-24.818819974913833
-15.536756175606595,-15.000220746872115,-15.39545821404069,-16.499076221097642,-15.311824540274248,null,-13.252676934563802,-13.1830399931382,-13.357159961975185,null,-17.185772615849586,-17.64117289918423,-13.150020413395634,-13.253406519427093,-15.795819564911962,-18.97627817048479,null,null,-17.451037669082577,-20.315727931549276,-17.781977928907487,null,null,null,null,null,null,null,-23.593744551131557,-27.44628782312027,-27.5115170928119,null,null,null,-29.67335743866958,-32.58710491729065,-29.54089476146313,-37.22042474255072,-32.953977061338264,-35.52148329435423,-34.79043818554414,-34.10185335002662,-33.53269774257678,-28.259970194603902,-31.98775191456511,-31.430162085991277,-32.708583248388386,-30.145380828701867,-27.244990183779596
-15.547848065571621,-15.410513624780691,-15.707562177767372,-15.913005179807122,-13.826565064018268,-13.939590242099044,-13.718307949518675,-12.973994895797947,-11.843904713903864,-15.651712182042122,-18.78772977374643,-18.627180982627017,-13.03659565584612,-15.50483278985935,-19.989355936445122,-17.955229644397356,null,-16.48147629971399,-18.809345714957836,null,-15.89174000824295,null,null,null,-18.764626172885162,-19.586687405166643,-21.57526206617576,-18.11906061226131,-22.940578925438725,-22.0617129583851,-30.612753521155916,-24.764422448300998,-27.48128175063289,-20.267189678730944,-29.657747905995638,-32.15923769252368,-34.34191076215858,null,-36.224953772772295,-32.97804098288915,-31.387122201841077,-34.30985458292315,-32.57905791980021,-33.06044505853038,-30.988251067908813,-31.115187508474563,-31.488540744967132,-27.26017334608911,-23.91847469570034
-16.05679884342352,-15.348719705200706,-16.891236288902395,-15.942578412995983,-13.948970931424112,-13.993873458379614,-13.426601184782848,-12.59690834343731,-11.198109423260806,-16.692212464501793,-17.3903098390038,-16.866729089291248,-13.798572276234202,-20.37600918008127,-19.107847299755193,-20.530372205885275,-17.806511972015443,-15.382351565963427,null,null,-15.392137505721893,null,null,-13.964755118997893,-18.636267522785097,-22.476219854868454,-22.423729215512402,-21.441077409215822,-20.67613211935958,-21.67082634905073,null,-29.069639172952417,-31.017037436550773,-29.57359469359235,-28.497317474466726,-29.73710123319329,-29.271258729339074,-28.94959941469275,null,-31.409346904811848,-32.44291591131667,-31.81291154941654,-32.133370886295,-32.5841879901406,-26.343501601422986,-28.261917186073173,-26.09484239344249,-26.724579641538835,-23.85580142489659
-16.70645603891818,-15.550615934603758,-15.808930057899332,-15.544791388935465,-16.13144662140279,-14.99731791422884,-13.842908294498729,-12.805729057070613,-10.889764429398339,-15.061934212970922,-14.795943700913437,-16.233499792184514,null,-24.246515821694953,-23.990025830408005,-22.422021471488783,-18.01605266687527,-19.397363762361927,-15.975761256413428,-15.786991896707043,null,-17.42262339042084,null,-14.932975999442451,-21.095012386534005,-23.94010864287715,-24.919601657899605,-24.82319852924747,-21.834461268586395,-22.304122136788074,null,-25.479193256351607,-29.024983860833643,-26.369413734769648,-19.966609190391676,-31.359767639668927,-29.102921873386787,-29.267343593858783,-28.859775713716346,-32.361481008233795,-30.732458847707274,-31.222333083935645,-30.3566416195845,-31.813910162141077,-31.591183334998934,-26.991995311446104,-27.639098879000457,-15.189815060346097,-20.921337356973954
-16.46849824829463,-16.44611571292162,-17.39143222161209,-17.079012491665637,-16.794271524571307,-15.580645532360592,-13.69607823259918,-12.523550105834953,-11.17223691229577,-15.038168369507009,-15.004930952440112,-12.827644188548222,null,null,null,-19.26717806533862,-19.967859870493168,null,-19.670406800028502,-14.327467450182278,-14.741692421959636,-13.976832566420667,-9.811447454266965,-16.10971222313326,-18.167274425414536,-21.509520417417203,-24.63300055558257,-25.53645390081032,-24.301244161396077,-23.22993441936155,-27.422132419037442,null,-26.869407388083765,-26.964545406961136,-26.0368803293987,-27.731215395629597,-33.541768849652556,-31.393126721789297,-30.80020502964132,-28.973003468722293,-29.061661438163213,-29.665364867591975,-27.901375142824946,-30.398855877570156,-30.305275452802046,-29.583782504355852,-26.529649277864337,-22.760778882539295,-20.223312691012026
-17.17460199304824,-17.24996512432638,-16.48054745626831,null,-17.33269955259734,-13.612817653498055,-14.384254788069658,-13.596493709328957,-11.406573401426298,-15.356898292013067,-14.540873195840762,-13.25212480867517,-11.348441033243091,null,-12.144078008912325,-16.40441232992438,-19.628870536843415,-15.193376583893595,-16.09199283890481,-15.156622302011879,-15.184170244553023,null,null,-16.671275612637864,null,-18.272177467647285,null,-24.329601000100944,-19.365278983280557,null,-15.697916405764204,-25.80944381974417,-21.29063392889987,-27.859479683229846,-29.800690057159876,-27.574164593512844,-31.053816602088176,-31.890196162705223,-31.26940939655485,-29.69611184626642,-28.279749571320945,-27.679098032367833,-29.182542684363032,-27.18658989526383,-29.20212349883491,-28.62704697578645,-26.988435640074712,-23.538840592732136,-18.232546557629117
-15.129719595023968,-14.422608486584426,null,null,-16.357649380625613,-17.55450582749352,-15.532588822967465,-13.509152221777079,-11.09622187479944,-15.434140842555191,-13.768817074062529,-13.965081124633333,-12.900945893953372,-14.0745790379477,-14.333583892605436,-16.98307906181473,-18.825325290989156,-17.195931887969525,-16.21934076427841,-17.441358204460894,-19.35168994075469,-14.701999504701773,null,-17.652873217121034,-17.629298633679447,-18.28344022634654,-15.748885382146781,null,-15.597747562868207,-18.049352168564006,-25.65167291184261,-26.287674306284966,-27.294135422999112,-18.840307237924545,-27.142214946541575,-34.92437669988946,null,-24.86717792629412,-29.968801259227263,-28.839938085390486,-26.475706248288716,-25.908891363031653,-24.865421825004738,-26.914656985625882,-28.529280537209154,-28.585698308408258,-28.76704859919627,-26.602158140995517,-24.618942821920285
-14.085066035484155,-13.780399457579485,-15.37363088308931,-16.779993158876856,-16.518607577963348,null,-15.020894446262197,-15.230436226281672,-11.910049500302254,-13.89846889279363,-14.7347803584247,-14.99858050515735,-14.266205396757108,-14.6179077099041,-13.954514385184522,-16.506845315170185,-21.87444295999985,-19.569593113653127,-18.11910383527485,-12.826051726948947,-15.224563003284846,-15.51244435759339,-13.281427773818955,-18.05433627796413,null,-19.343310765339893,-18.53292742503856,-18.38786915299562,-21.0275368370471,-17.42165284143679,null,-25.44062618960503,-25.498150846598524,-29.13882808028672,-25.619537443307433,null,-30.75094842178662,-29.753324284331075,-27.926944281963497,-28.52799084978972,-26.732008319118208,-27.206531306659496,-24.662825634101708,-25.55087786502652,-25.522744121640955,-25.878469703640285,-26.764964161669447,-27.481942821012268,-24.972373236778843
-14.638724506518727,-14.998283567230539,-16.112043628164443,-17.232332484525266,-17.597030829763824,-15.818847230679525,-15.886250524450741,-14.99477233299365,-13.127136305650504,-9.35405247697648,-17.180962582865877,-15.251192090401396,-13.224380896618817,-14.387001457211317,-15.359962803629637,-14.549545393910462,-23.472153918058577,-22.140184091540416,-20.287282648040993,-13.705183964101073,-18.708103770302944,-16.943769530642662,-11.468730498381206,-17.302378050490933,-20.935698870209244,-21.168951023189738,-20.408125169057737,-19.19964371869217,-24.524469765360255,-25.768304911291835,-20.095764817771986,-24.14515199724856,-27.469929357666096,-25.714543734730263,-26.468217527125393,null,-17.649823456907267,-26.681193427806036,-28.813543483001894,-28.135500687501686,-27.36975373068342,-24.66324723925162,-26.94643223875864,-24.1319183492896,-22.86733651434643,-20.531771348214768,-24.29546985203121,-25.264864376539403,-24.683722454641117
-15.086096167024738,-13.978435154136218,-15.203394119950811,-18.985899640707018,-17.389526708234236,-17.20885135268293,-15.807064053651276,-15.033188838544977,-13.931192413560327,-8.011326731237347,null,-16.79860600193489,-14.563391189587914,-14.914163259842809,-15.147134702051256,-14.347268965032933,-20.143584799120006,-20.08394917320123,-19.88729084435394,-21.29674211097489,-22.103206382211383,-20.087681264344944,-12.477592506196348,-17.33365205459024,-18.13439791059878,-21.063379639550494,-21.15838361059466,-18.71113185891327,null,null,null,-22.973868900116567,null,-28.609073864273128,-24.287407875063884,-27.129402193966772,-26.07105688046525,-27.1785220177993,-24.400534408697467,-26.642863058213532,-25.705156136080912,-26.8559204509821,-24.248202396727564,-25.89981533637046,-23.010369964352538,-20.522415000331033,-19.734279474131917,-19.618670764256898,-19.62942013628888
-14.278429400483525,-15.668649078210088,-14.3477036472748,-16.9442688482659,-17.17710337376803,-17.252136947178766,-16.587876587110344,-14.752018776209344,-14.208138662043224,null,null,-18.20405062719979,-17.43913728585693,-15.881122769434274,-15.919355655015277,-15.101750294144566,-19.113110645652995,-22.586331719268287,-21.237313131084452,-22.897063328792488,-23.442632425692153,-21.100561593108367,-14.997491291534388,-17.333546522661504,-20.66369179327692,-23.85068594123876,-19.037530010135193,null,-14.896577293672959,null,null,-17.976863919861245,null,null,-18.25007253632148,-22.99026398163907,-24.817260970149775,-27.8820095395594,-28.139174317034517,-26.278090797097356,-26.920389496770134,-22.12613500829389,-26.86528617451783,-24.78354701830835,-22.70026264707237,-19.948453787884315,-16.69810743937423,-11.322921877215263,-19.08667121651313
-14.321103644070359,-13.547484545910326,-13.250569085664122,-15.135111724591543,-17.081035366745198,-16.838536199200153,-17.726538994047885,-15.518493766964248,-12.95350034089983,null,-7.372412833566858,-16.321819464477766,-18.476262882344937,-17.154242154280386,-19.6184604115182,-17.96921145103226,-16.131518913797443,-21.827675002025114,-21.388278747040154,null,-19.74309630792124,-23.03338463098375,-18.81098740413793,-23.896452815386276,-21.395984214668495,-17.97854669801149,-19.09908566658506,-19.431795143475213,-15.420392024327548,null,-14.96468271491214,-15.704706282313783,-14.688616921348743,-16.760531562764225,-21.745010415322035,-17.591173828601924,-20.122986996921867,-28.545538584999804,-30.441695199456138,-27.29009610504869,-26.194250227208766,-26.5941887589255,-20.14150652700203,-20.274336386201785,-21.748698103551188,-21.192804844229464,-21.090963252709532,-17.176286363382697,null
-13.575766081989066,-14.549784100600284,-13.927611234956425,-14.8936602839094,-17.534307607219333,-17.149109651117122,-17.339116913005903,-17.15107878076344,-16.732315147557287,null,-16.36603662103094,-10.232185940381779,null,-21.729681319617573,null,-16.430220001497393,-14.877341721715878,-19.309475834337725,-22.093684943701994,null,-16.283572181937238,-21.379667509481628,null,null,-20.278557613601215,-18.995499963451156,-18.61174808276773,-20.384279252602365,-15.429340635833672,-14.867365163176203,-16.115789828300258,-16.619877477191963,-16.19908694315637,-19.679453454256706,-13.21919877615749,-20.218504208872798,-17.59579739684233,null,null,-28.15431315884453,-25.72208483424052,-26.8472666438874,-24.65988557718055,-24.444038325262667,-22.359124297583787,-17.85851026458322,-17.901528036989887,-18.413691748616507,null
-15.137819918824569,-14.837513975354687,-14.978367693702697,-14.832260307480306,-17.18021301849301,-17.392315450855147,-17.21522486856568,-16.896437018683336,null,null,null,null,-16.091881059711323,null,-13.972487241967057,-20.042096810510582,-17.963783420105926,-13.549804029754496,-19.290154231823365,null,-17.48251938733254,-22.682303842052917,null,null,-17.367649964801227,-21.080260017775622,-22.526158940922137,-21.638506461986854,-14.251035744191638,-20.019919374327767,-16.35808821883383,-15.765143514720165,-13.4570967252805,-19.422229482099205,-17.74596699762382,-14.8939808652703,null,-20.430916326614145,-18.065947863661666,-19.90340507905347,null,-21.297028924626833,-23.14518052837932,-23.88078017773879,-20.26289029871579,-19.478777833417514,null,-11.822049430347809,-13.940010381188497
-14.2124919954323,-13.540995446099002,-15.576891506427787,-14.802347859269435,-16.523269097357357,-17.238251767533256,-16.203838935274483,-15.457192482939064,-13.873786584902659,-14.923941154767222,null,null,null,-16.97769989658141,-20.090055402625158,null,-15.923205635831149,-12.00138317380676,null,-15.755482813464557,-19.081505584031174,-17.638655884539702,null,-17.902032856518456,-15.564142817674586,-18.83902078206556,-19.212620994413605,-20.2235447942478,-16.597835008324438,-16.954134629385752,-16.28865315839608,-21.392146654866245,-18.454986723337385,-20.564334340093186,-15.310551751852486,null,-18.023037598721764,null,-26.28704472961857,-23.818180242113435,-22.297012311774843,-23.374137900296915,-20.346383830034657,-18.06670409941437,-18.288602908796186,-21.58190232842359,-17.49750489126081,-13.402284874954026,null
-14.366249447629825,-15.285588554159627,-15.122834363110394,-14.520084414514422,-16.071835667587735,-17.768895009924588,-16.650581908947387,-15.644009724902784,-13.72205437521573,-11.741079293157465,-11.19121169175888,null,null,-17.44341916085221,-16.158665541857168,null,-19.26927144510429,-13.483777369965575,-9.684432442358768,-22.300485617490516,-17.736592362350528,-18.270878774835836,null,null,-12.203504954115632,-20.983944268823908,-25.012358543919262,-22.157798983155317,-18.978948475953672,-21.13902790400798,-20.740156158348825,-21.89682872494619,-19.757048482057378,-21.189517495365628,-19.7547872318461,null,null,null,-14.26455157488122,-22.767630567592953,-17.270029282760447,-18.20159282194588,-19.215773302388655,-20.29671694629495,-22.364039950916652,null,-16.25293244491881,-16.86461957248084,-11.246306644806925
-14.266452441008054,-14.279131842529782,-14.63894311341732,-14.44699208598865,-15.322897739751866,-17.079389600340715,-16.58081007890869,-15.35941599574608,-14.376357856859387,-12.4520014789824,-13.231947384130883,null,null,null,null,-16.240765401753144,-9.860408782488468,-15.209012801909322,-16.072811412171404,null,-17.973479393224505,-19.984198728411684,-18.36900166924787,null,null,null,null,-21.518328182810706,-17.61124001892886,null,-20.04375472391392,-25.73851678967997,-19.47019324102673,-18.20485588389398,null,null,null,-13.678214014384636,-19.663911037077998,-20.977432283052053,-22.33425516717952,-19.2688899128625,-19.744253757663454,-23.093721289652382,-19.71541961396074,-20.777091528444302,null,-17.130791570429086,-15.933146789403825
-13.997902512358847,-13.147633151878605,-14.655333969714949,-13.471103839826178,-14.002831244681563,-15.03349617187257,-16.27782115581713,-15.883223148560413,-15.811784249047307,-13.061163243223533,-12.954488276679136,null,null,null,null,-15.490561394025574,null,-13.947619170332858,-10.443866420397658,-9.598600200405292,null,null,-17.409438735159593,-18.181396117785493,null,null,null,-17.55757421725192,null,null,null,null,-18.787836591929747,null,null,null,null,-16.705114853107418,-18.904576653722962,-21.336044887956426,null,-21.41126922105251,-17.875580192785264,null,-23.629449072751243,null,null,-18.53183605914307,-13.917243766834344
-12.864843244459554,null,-14.525874323842855,-13.414738421104046,-13.151440124573842,-14.362192991703944,-15.959443936092612,-16.316183183648295,-15.187213876457852,-14.377258113941233,-11.439993747384456,-10.324061935488245,null,null,-15.53847725213953,null,null,null,null,null,-15.446071411329555,null,-17.657155030259712,-19.35655431635582,-13.066119880638418,-9.899378276075288,null,-15.92476084891152,null,null,null,null,null,null,null,null,-18.139236003157997,null,null,null,-21.340430509341928,-23.79446915255647,-25.871745632405798,-24.62079324949227,-21.150977503846676,-20.216480476693082,null,-23.859602841275347,-15.129925401845957
-11.509525123414614,-13.198898191464009,-13.287434265205965,-12.318282436285756,-14.200991572465195,-13.512357553156251,-14.730605802196154,-15.283949851706952,-14.5809868621686,-14.150019205507686,-12.770960201472347,-10.8759653700575,null,-9.862479976019817,-9.282499373332708,null,null,-17.070649365738433,null,null,-7.428342135586421,-14.93159368120258,-17.187271170939887,-19.87673870103259,-16.325360026367942,-4.794026981769988,-6.228543603027692,-12.660724012521051,null,null,null,-8.22466376890336,null,null,null,null,null,-13.18828869942767,null,-20.06795194008074,-19.36466178014173,-20.963337955757808,-20.062660140981805,null,-23.673788939156694,-22.82389056734646,null,null,-16.380229815317897
