public/json/wind_2018-09-1611_700.json
{"header": { "discipline": 10, "disciplineName": "Oceanographic_products", "center": 0, "centerName": "Ocean Modeling and Observation Laboratory", "refTime": "2018-09-16T11:00:00.000Z", "significanceOfRT": 0, "significanceOfRTName": "Analysis", "parameterCategory": 0, "parameterCategoryName": "Currents", "parameterNumber": 2, "parameterNumberName": "U-component_of_wind", "parameterUnit": "m.s-1", "forecastTime": 0, "surface1Type": 160, "surface1TypeName": "Depth below sea level", "surface1Value": 15, "numberPoints": 4800, "shape": 0, "shapeName": "Earth spherical with radius = 6,367,470 m", "scanMode": 0, "nx": 80, "ny": 60, "lo1": 109.0, "la1": 20.0, "lo2": 116.89999999999955, "la2": 14.520000000000117, "dx": 0.09999999999999432, "dy": -0.10000000000000142 }, "data":
[rows 19 to 37 of 60, columns 0 to 41 of 80]
-10.987830969067081,-11.24848344064999,-10.53012656428246,-11.578239961368396,-11.769575176916282,-10.581642790995605,-11.760069867833911,-11.86222886137448,-11.118288699149897,-11.572013916548084,-12.747199510527931,-15.4374368967415,-17.309788956352563,-20.655283993180966,-22.425893698048366,-25.22549031513946,-25.241321160954456,-23.803791446690262,-23.20874100604507,-22.218194971536256,-23.295088548891002,-23.155952201390576,-20.237217629418968,-12.554414217257342,-13.378284237833975,-12.807470656441431,-10.75395181421695,-10.09900760362312,-10.652642302192408,-8.798840400073127,-8.493343918706236,-9.150559861093054,-9.66708035004318,-9.849456047276252,-12.315263481693933,-11.88098169159428,-13.352967284114735,-14.28411288789514,-13.950440377437772,-16.676204554013438,-15.856193774000655,-11.172148558474108
-11.430845077072526,-12.070889771297026,-12.450417296817548,-10.570193956879312,-11.991440604272515,-12.833223093699967,-12.31244307439634,-13.97367507354085,-13.321494935211058,-13.845791460987902,-14.980434907432015,-17.4941966151842,-20.208280141118877,-21.558383338695826,-24.506636715739972,-26.88301615347435,-27.3453582743362,-26.145566882151172,-26.776295234762454,-24.444075578958845,-27.06256259994514,-25.74800707414413,-21.57594032324028,-19.34248890780132,-17.12039587087687,-14.992336110389786,-13.40177099150521,-13.01296255653495,-13.14184653007452,-12.67682530471485,-12.340115531669868,-14.883892801364375,-16.074023596289923,-16.488601974060828,-15.838222551863467,-15.778324045805237,-13.442818302625808,-12.482941691346811,-14.723536418268246,-17.350548319056557,-16.291037542595305,-14.271642693753131
-13.42517138465211,-12.809937656615684,-12.764214345016022,-14.508029813535671,-12.374973741792761,-12.829341418761567,-13.614304753251808,-15.370207984507473,-16.45069611141197,-16.932486585293177,-17.78190413054945,-18.916313214262605,-21.5751606979187,-23.30749346435266,-27.91306139419902,-29.310565063743308,-29.80443954980428,-29.788599002924006,-29.02876142618761,-27.918446500761007,-25.23691749919645,-24.699047282971293,-27.443965746984496,-22.848431081762563,-20.58072625874705,-15.945337447004897,-13.831154568853368,-16.12895510357743,-17.05491574347144,-16.499210967483698,-22.584427598235408,-20.7950266900983,-20.821376912518538,-19.323023436366874,-19.677091163491003,-18.918801512105873,-17.132346840590436,-16.98951785281445,-17.593679384398843,-20.015841354851446,-19.181107130785254,-15.548055776223757
-14.828189558553868,-15.369736260880515,-14.910908253819738,-13.183862244700899,-15.488019409580081,-13.672320838142223,-14.033831646458863,-18.163314438721514,-18.52068280368678,-18.8873529178489,-20.272276474457577,-21.455286572026466,-22.07078397970367,-25.202603517698588,-29.22563024516618,-30.771060514442617,-31.93156804754902,-31.569110292254656,-30.162911364197996,-29.760825952726016,-31.230024786503773,-31.221080258893004,-32.19330954247255,-28.728275270070817,-27.87894517459824,-26.53291204228702,-25.943257369757877,-20.150624997057825,-22.50072001565111,-23.524859210802546,-25.28186739534554,-24.719099957993357,-24.03230419539676,-23.76322918567139,-22.640311541925048,-22.24757658427768,-21.33198493577801,-21.123750346583883,-21.648291494387603,-21.767687414630146,-18.247379530098705,-20.484045000481196
-16.425884269135345,-16.57554783271474,-16.204201701170792,-16.017535894940046,-14.76421105821051,-16.75835935835269,-17.634584311661712,-19.288717163098628,-20.90083878670424,-20.42376870023525,-23.148442378404543,-24.717176221806948,-25.081217119276616,-28.44953302397099,-32.2261453015767,-32.67257899856693,-33.69401238034785,-33.75047262506687,-32.143553845015035,-32.79256769098343,-36.64543042209559,-38.016546529701316,-43.034773724675745,-40.34935377821099,-32.034278824124776,-27.09156515253327,-27.049220061214246,-25.528703496933765,-25.881762244816343,-24.596994878152863,-24.892410590714707,-28.22663799369598,-27.056202400003155,-27.328234068339192,-26.510004791813536,-26.695985324440965,-26.7124344912924,-26.184312267956244,-24.513479678606366,-21.553284413237833,-23.079854201712067,-20.879670376808267
-18.13306112027294,-17.964115763276418,-17.621456370871726,-17.939018796442078,-18.684924234146173,-18.93825482573755,-20.539077245725704,-21.473121202458977,-21.99011151288866,-23.4907365674801,-24.960667616237345,-26.38108973879569,-28.271632840120443,-30.446396338531905,-32.682143573864835,-35.127928608102515,-35.262595863177765,-35.03015656022196,-33.834593435401565,-37.135459880470265,-40.650862266806165,-46.49150663997069,-45.78239522915676,-47.33325681111977,-42.484006805859956,-31.35742911897371,-27.431852864697674,-30.133059358517585,-28.548426309333614,-27.850307166161592,-28.7300954076918,-29.735913553481023,-28.953862133067005,-30.16286640870317,-28.45318589713171,-27.885128855264064,-30.22242278111481,-29.028860983340728,-26.799123183079878,-23.89606278947659,-24.086150539435636,-26.083869045074962
-19.32217079172722,-19.246743248323867,-19.15857351295905,-19.89362463878169,-20.01038293191907,-20.460812626013215,-20.908528711894693,-23.353138020546574,-23.54892571672801,-24.652786564787032,-26.739994445415363,-28.824302064150583,-30.096381775117344,-31.774478998876766,-33.63954852267476,-35.871834563410644,-36.693174091165744,-35.28952266485412,-36.71306861899929,-40.275959153266044,-41.55285920554867,-42.29847547834637,-44.770007604533376,-45.85195211074498,-42.83187124542495,-37.52940131630058,-32.55073063249033,-33.64213449943471,-32.70860376452949,-31.70964014890862,-33.5760270849917,-32.89443522557262,-32.26057867978246,-31.87472895595084,-30.362265028196,-31.89287280281934,-31.885566507051568,-30.531026672325098,-29.18724671189301,-28.37557003097597,-29.041173171662113,-28.128538764087345
-20.466387223593927,-19.97102522656194,-20.310006168264046,-20.698747504331767,-20.80980634441589,-22.38663964731206,-22.345549891040566,-23.585472245281597,-24.921920868990636,-26.035566776821604,-27.70470527553934,-30.70338193556274,-31.397375954552754,-32.45530247611428,-33.52450299225182,-35.97153179703392,-35.499486003350434,-38.092283046789746,-40.674361670020225,-41.103669783858415,-44.06998500136702,-42.947070472553335,-42.76246515782771,-45.03975217157662,-42.9871248036748,-42.40672159995981,-38.455300226592506,-40.568564193686385,-42.51245209246009,-40.374545509369995,-33.73598516130686,-35.72653051829971,-39.33590128247659,-38.10733987993803,-35.037112792105226,-31.93270261240577,-30.375696561014596,-30.99577434296775,-33.05485192362298,-30.49680811628217,-31.702894491743947,-29.88674237103669
-21.043180919305772,-21.207718104082865,-20.8658192733322,-20.952118921119165,-22.025575890656274,-23.730965906380796,-23.08844357400266,-25.464235877394923,-26.00008965393528,-27.498151403852134,-27.984877730376972,-30.55751959923692,-31.704502541363233,-33.22007227377734,-34.21848412401263,-37.16770584810473,-37.62030967103066,-39.16104928794846,-42.0580665584501,-40.193626255665016,-41.23491500656667,-43.83658351443218,-44.47905266357405,-44.873118087550594,-37.76934603256074,-46.736442362020114,-46.7421197100393,-47.50934001731059,-36.686252441443834,-38.004620320433276,-38.9443052987707,-39.63023751592627,-39.55781882139515,-39.509821887150416,-37.9766292623517,-33.81811574919988,-33.159070467020406,-32.54067822858769,-34.79583194168994,-31.22627357796965,-32.22959174198539,-29.263258663165253
-21.30013971888992,-21.283495399686064,-21.070363336579852,-21.632896625372286,-22.613929034342718,-24.389337902334734,-24.485106151500904,-25.225015718567647,-26.66511859150895,-28.332198495492023,-29.434580790710246,-30.58538485309163,-31.319956725019686,-32.748730320593175,-33.88566833961937,-35.46699020057586,-39.59365062214108,-40.78722343458576,-42.14046833396735,-40.02412989580256,-41.195939580249544,-42.389803672596116,-47.036599255071025,-45.4126390024897,-51.83966096848182,-47.26968244230319,-48.2486946279832,-46.04043976507046,-45.457863025314346,-45.13450351164992,-44.39465790659989,-40.233216064100944,-38.79328657524328,-37.991898463852294,-37.23456013532336,-36.984813149806364,-35.126494827980444,-34.54732553607669,-34.68702786944678,-34.22028338713481,-32.06836041957165,-28.317798183916437
-20.88096275312597,-20.789135476511138,-21.431560213311368,-22.924773754617227,-23.071555813957225,-23.98662166034762,-24.656279986971626,-26.14224836557603,-27.23447859725359,-28.634056318387103,-29.941835437949507,-30.737574733014124,-31.58957345541858,-33.08538612708279,-35.34628590494115,-36.26278345263271,-39.65614382970466,-42.88056137847752,-41.87147951732828,-42.377865695140024,-41.95310181712373,-45.538722656326605,-47.307244937301476,-48.628602042931355,-50.42598929505459,-48.52423826236807,-48.000456367286134,-43.726238622249056,-42.55430422628469,-48.75201532891779,-44.412997682695014,-41.78325458432841,-38.27911296864831,-41.72513840260863,-39.725101839000445,-40.96232094188398,-38.33397337959874,-37.2591358350857,-35.78057344250862,-33.2204424192536,-28.664669659679713,-26.424676881985683
-20.72816494102105,-21.07926892076481,-20.99107776393046,-22.076065038695155,-21.673435685714566,-23.940366641829645,-25.63744895076453,-26.159172177476,-27.852695577232915,-29.124517837154084,-29.68584599790196,-31.578813470243247,-32.0172310483136,-33.38911387960974,-36.11383177251787,-38.5148606518914,-39.79517661665352,-41.632063806937424,-43.31816045016749,-43.74993382512478,-44.556756921846954,-44.10852283915591,-47.63088921223332,-49.75428977353076,-49.964516419002564,-46.9508095813555,-48.70729431032361,-50.22327692345763,-46.01925729022282,-43.28762420771772,-44.938878794649334,-43.91472518692106,-43.65457086877986,-44.58748615352084,-44.816203931864095,-40.72551749755614,-41.32224315446038,-37.544906648649736,-35.03694875586457,-32.976611757284346,-29.027899150718955,-33.040336686539575
-19.312463873599548,-20.866337129343165,-21.356281100388102,-21.263014755568353,-21.787398431926185,-24.89275391868046,-25.743810477328694,-26.229544898229072,-28.513182064371733,-29.37586383901136,-29.723396352433312,-32.180736477659686,-33.73642915392083,-35.15981122206373,-38.168524312763665,-39.71451438261265,-40.228879123901564,-40.66891768940394,-42.344919170068614,-45.28556172330812,-45.41282714413525,-46.513649783794115,-44.52478682428582,-48.03112952733733,-49.52930348865102,-45.514518030267375,-49.498627519822534,-47.224977127960294,-45.129655390166775,-42.960448646895635,-49.222386902688946,-45.471049667196496,-44.942144706907555,-43.67671675820454,-42.661911182796906,-42.6673025233986,-38.129960340488886,-37.811655167502806,-32.630404752156835,-32.26709412305324,-31.980403590611914,-31.788418909230884
-18.240443512787966,-19.720789761599594,-21.890216241428806,-21.487985633779708,-23.260375331782914,-23.96105461241822,-25.608930112623494,-26.50919808648903,-27.598160398759536,-29.234526959258634,-30.757339199432298,-32.995969993075995,-34.059296689515904,-36.13396729506333,-37.90751017825673,-39.06906609701979,-39.77781185963062,-41.247009985766525,-42.450119412326416,-44.785420867268165,-46.276721791472106,-47.373310340988304,-46.40337611669382,-45.80294337230342,-49.77926692908676,-46.83703871131136,-48.175724096507814,-44.767379601656394,-43.64965757952936,-49.89587171063449,-48.52856423130864,-43.337126235237925,-43.308296958715665,-42.938190840683134,-42.22468270122307,-39.395104662446556,-38.827294990256526,-35.47092697165141,-33.76890493150948,-33.65521522974684,-32.196412703774634,-32.184660658455485
-19.75991787048684,-19.42365944911183,-22.341829436973974,-22.13300179219218,-22.91319176279426,-24.076093636698428,-25.8167220633231,-27.39353187728042,-27.60435599701259,-29.715813502944368,-33.91430024856123,-33.598262430728745,-33.96782339118115,-36.41812609641699,-37.152141556371205,-38.892810218590974,-39.603081341019845,-40.62694915204834,-41.40020221175292,-44.21813633190299,-44.34364769668312,-44.999774283798914,-46.20881702670878,-46.95359141128364,-46.073630900807586,-47.11606783525866,-47.6095811889875,-47.17459083982272,-46.718812873305104,-47.080444972265745,-44.8874068027615,-40.170795962747825,-43.421326454610615,-40.64318963705373,-40.731707460965424,-42.64603362583537,-36.640882929380034,-34.72624409370826,-34.90889917935174,-33.711791378039315,-33.64645718886759,-33.21358440339009
-20.73457365999748,-20.996103624751115,-21.73511418128181,-22.451849514231366,-22.82139582399563,-24.764255132433334,-26.863751672334722,-26.456163421662907,-27.989410184929795,-30.145281774581726,-33.29085652192184,-34.20657938161924,-34.47639627345475,-36.210525149995306,-37.04821590780413,-38.239038801749444,-40.04802582581568,-39.9925610487554,-40.424781232467154,-43.423285677231135,-44.43326212830602,-43.45660066909822,-44.425696077671944,-44.76153584653372,-44.54939977482492,-46.87082291083741,-46.52389201591431,-48.51167618151868,-44.78893299422637,-44.77779518655292,-41.545757865733314,-44.393712659478076,-43.179749318942214,-41.971062307339736,-36.953319749824765,-38.92648098195739,-40.87579070400919,-37.69665801229117,-36.31759934387295,-35.1657951336653,-33.59310643770848,-33.93313084989357
-20.769695154167643,-21.15500908564634,-22.065015483401268,-22.362733429350076,-22.747155890741865,-23.920000016354496,-27.077320025696565,-27.670892272266816,-28.75679417433334,-30.604673765760555,-32.501411266708814,-33.213194092269475,-34.46140503307816,-36.46332840701854,-37.475091005657646,-38.49428061830085,-39.6920619846763,-39.34767860906322,-40.668266431389874,-40.83983993708282,-42.855304374283484,-42.89601940108706,-44.632514406783635,-44.7421988306492,-41.9285874827701,-45.56276247184823,-44.72413191338273,-44.224593173011655,-46.21524014780615,-43.39871569695405,-40.31578121867821,-38.75213959061072,-42.10733122843601,-40.83928047594388,-36.883821394731015,-41.40574930808129,-39.19850648161935,-38.19866679779752,-36.76409519723822,-35.581883044476655,-34.60608448470882,-34.751350021895334
-20.30845807340468,-21.923293892190195,-22.420361173334406,-22.99706721170918,-23.23656998848341,-24.068114510952626,-26.365077494781747,-26.80521506115592,-28.50541483197307,-31.45464039398861,-31.644196022942545,-32.19517521670268,-34.195934573467646,-35.80552285267653,-37.63416141864583,-37.94293252690026,-38.11137885744932,-38.883497355339856,-39.86380070780562,-40.36593699738513,-39.71184775240772,-41.27379795292685,-42.357417929363585,-44.363592117180275,-42.36428753999463,-42.17561903487346,-43.331325225560434,-42.064105625354465,-43.255579345281014,-45.846581295434454,-42.44830982930793,-40.30910863088319,-39.11238034202527,-39.00365885358264,-38.126942887825365,-40.29628849888945,-40.61997803357016,-35.76335365709161,-36.40453087552993,-33.82488850779609,-35.877884920845794,-37.07342578977559
-22.05126835817994,-22.52648609545203,-23.526120865549107,-24.11149770924119,-23.67931318976486,-23.697565876583404,-25.951663058237234,-28.71676576502326,-29.08492434719173,-30.244691541720456,-31.369957269119183,-32.03428965574195,-32.91968677257076,-34.75399492710577,-34.658020935429384,-36.238971365483245,-37.33695093015225,-37.84973605620395,-39.13560818105328,-39.50057184178243,-38.74195852936302,-39.731267877824294,-41.503519239869135,-41.7293973395196,-42.25710696268311,-40.70499093373572,-41.52526143507028,-41.76098251957827,-40.29828487918089,-41.71637928179605,-44.04951168364275,-43.49856249739993,-41.34309085994204,-39.364431147541595,-39.33615652986573,-39.998543556533555,-41.50553063718783,-39.37253112130725,-36.1179313341978,-33.15939699365321,-33.12013257448497,-31.038685217634864
