public/json/wind_2018-09-1603_925.json
{"header": { "discipline": 10, "disciplineName": "Oceanographic_products", "center": 0, "centerName": "Ocean Modeling and Observation Laboratory", "refTime": "2018-09-16T03:00:00.000Z", "significanceOfRT": 0, "significanceOfRTName": "Analysis", "parameterCategory": 0, "parameterCategoryName": "Currents", "parameterNumber": 3, "parameterNumberName": "V-component_of_wind", "parameterUnit": "m.s-1", "forecastTime": 0, "surface1Type": 160, "surface1TypeName": "Depth below sea level", "surface1Value": 15, "numberPoints": 4800, "shape": 0, "shapeName": "Earth spherical with radius = 6,367,470 m", "scanMode": 0, "nx": 80, "ny": 60, "lo1": 109.0, "la1": 20.0, "lo2": 116.89999999999955, "la2": 14.520000000000117, "dx": 0.09999999999999432, "dy": -0.10000000000000142 }, "data":
[rows 0 to 19 of 60, columns 0 to 44 of 80]
null,null,null,null,null,null,null,null,null,null,null,null,null,null,null,null,null,null,null,null,null,null,null,null,null,null,null,null,null,null,null,null,null,null,null,null,null,null,null,null,null,null,null,null,null
null,null,null,null,null,null,null,null,null,null,null,null,null,null,null,null,null,null,null,null,null,null,null,null,null,null,null,null,null,null,null,null,null,null,null,null,null,null,null,null,null,null,null,null,null
-15.311023012812212,-16.448540467210073,-16.12365387059849,-16.595199654370894,-17.104543041665114,-18.810160766163946,-18.199846821391407,-17.01093311638505,-16.432340230712292,-14.694366792546827,-15.076664282946936,-14.877034434413261,-17.27920707950704,-17.769675507408728,-17.435797057247825,-17.222006065265667,-17.964735510036267,-18.574519096490338,-19.05073455409202,-19.103912736550782,-18.499911614287146,-15.831780222734318,-15.342066208950953,-15.843986397819016,-16.89907745491149,-17.233624516922433,-16.724418642574978,-18.110436035737546,-18.700402049391347,-19.24871387569774,-19.310602348468347,-19.194321068708923,-17.532598301483162,-15.35186836763749,-14.532938754629683,-15.074752288075134,-15.390672357774799,-15.682054878137874,-14.882844197051757,-13.672084665190777,-12.55507008791351,-11.5782957759425,-10.297211792911886,-9.586338610860809,-9.611925115897824
-16.256615904287024,-17.12603260400244,-16.97660286958858,-17.417072379044924,-18.587132884754205,-19.796046471443347,-17.656043343379647,-16.946774597153926,-16.487414172149784,-14.644473975458963,-15.660184069863153,-15.401160429173942,-18.08934769568292,-18.11141000719243,-17.246873435692546,-18.00297581067579,-18.95737549195934,-19.98592712933371,-20.772593919939148,-20.401554111283787,-18.321669292268837,-18.99826323841565,-17.87381340472049,-15.419174782356883,-17.55071574933293,-17.976608764816618,-19.805464013196442,-21.7968791003725,-21.434105557645484,-21.006801970284187,-21.181172905220127,-21.20798964902798,-21.463558524682853,-21.16264573315475,-20.4634236570134,-19.37334421377865,-19.24502800018824,-17.966542709600226,-17.507526535807912,-15.657154429769513,-13.889320951127567,-13.811271904196781,-13.587574125892129,-13.516405192596562,-12.625642421981865
-16.515430992118677,-16.770525963848055,-17.496657302591302,-18.113281094772844,-19.002746867007854,-19.244058812011094,-17.373435023416345,-17.134731009455916,-15.402119510189618,-15.568256164880069,-17.62820978869544,-17.96881546960258,-18.28531949445302,-16.700101283717203,-15.865606975310312,-16.275360565391683,-18.98125769296393,-18.74373654155314,-20.073426191555857,-18.21733437531622,-18.025467064478057,-16.74938947660139,-15.584289482361942,-16.79848955925079,-17.7345997133798,-16.731964830378065,-19.993626895673643,-19.584912701452268,-20.153365769121635,-19.959626150293296,-20.64760135456847,-21.31185687414636,-21.762363603333903,-21.47110866328062,-20.947884239169557,-21.67615852223356,-18.628649835136468,-19.827494044212514,-20.34533931370063,-17.501458783959826,-17.035613737329264,-16.706565274968142,-16.425252240565424,-17.945149254614808,-16.520922961398202
-16.45269705733525,-16.794462592589518,-17.550947550631847,-18.4671483844364,-19.153896875952405,-19.33273463056535,-18.207633697043715,-16.621293588679073,-17.684993070308497,-17.631297874963945,-19.208034773996484,-18.826578397644425,-17.447462542149488,-15.626557757312483,-14.840138703002951,-17.431641099784596,-17.8334733499435,-17.91643885469976,-17.903287161702746,-16.920525077524296,-18.25626163222758,-18.075779956519508,-19.277662708677898,-20.68546276075314,-19.66087873394589,-18.17699230661503,-17.929726833292133,-19.338358134197318,-20.21833884239814,-21.130959892849578,-22.25676675783828,-22.103787076796547,-22.49992085983757,-22.89402284328223,-21.944276860689076,-21.261718649495837,-22.244123745409766,-21.225023123397783,-21.150061737332877,-18.774319217838872,-21.119550064496366,-20.775363735588947,-22.539909254804822,-23.449891540690487,-23.540126700190115
-16.61205368625593,-16.610007126336246,-18.15550115536778,-18.804625493743522,-18.827150327486763,-18.993712113145648,-18.078491167668957,-17.20327365252635,-19.435389977248963,-20.293340828272235,-20.160638829167954,-18.824723191172858,-17.735189300091935,-16.489319185408583,-16.228291983845857,-17.418349422003697,-17.31871819953714,-17.28788305653013,-18.02336038509416,-16.954687161359818,-17.799644016723427,-19.770250665193288,-19.31820648611898,-20.303534650980666,-18.77158701040177,-18.1940320191973,-19.3306652303497,-20.66616313801752,-21.896665640304743,-21.252029172839922,-21.160356733140542,-21.715240675241144,-24.03354965302297,-23.33608779921489,-23.906176838441993,-23.393556425712987,-22.110557892670677,-22.463701685012374,-22.03188572153849,-21.211375719678053,-22.832555370150217,-26.85002746991568,-26.61861607251874,-25.01833957280777,-25.496738434387876
-16.857818969637894,-17.179423140721976,-18.615984024796496,-18.76743969752777,-18.746627095963976,-18.28959848640308,-18.405968962753192,-19.6945457692354,-20.440310458068147,-19.971513622752852,-20.344104288429513,-19.307790876689836,-18.346513870505216,-16.575895191191297,-16.811651931415707,-16.073942840058006,-17.12492301901368,-17.688506868210133,-17.126587766850015,-17.0251351515777,-18.41824474909987,-19.711583849623803,-20.484589947978023,-20.81490982393675,-20.398318901547164,-21.3067812860793,-22.947432218453176,-23.1397676739386,-22.219907334032854,-22.800808957141953,-23.111769733163015,-22.17918515620297,-23.139857172517036,-24.31045743047231,-24.750808025805764,-23.74731407407342,-23.955908084338404,-22.729906722904232,-24.23601495034965,-25.630636874150838,-27.23186616167403,-29.473351780726787,-29.006248999464876,-29.00564094019045,-27.665081345371817
-17.264922059835833,-17.69107262736506,-18.7302739057033,-18.73915010230756,-18.450540127878224,-18.389891530087493,-20.37541843807232,-21.113059455065716,-20.835971609549055,-20.929607340232472,-20.668605076047385,-19.51286853123148,-18.94714076433643,-17.76034736591002,-17.11360031858904,-16.505752099429,-17.138167524241684,-17.09223960837031,-18.207640189366046,-17.982141225082973,-17.943233108634384,-20.340187375433235,-21.098872152153234,-20.66818489832553,-22.81631969544234,-23.599196413437873,-23.37988432084447,-22.850726370824205,-24.055148735586208,-24.484962130455326,-24.469190984054183,-25.17254114809785,-23.711934372207377,-24.136145446592625,-24.16792795774556,-24.424098938343157,-25.18178348227411,-26.10961714735091,-28.111894334463386,-27.49586559653186,-29.72124623010609,-33.173586400874235,-32.93586857133219,-30.800507257155836,-32.1197376933593
-17.6755114695091,-18.006285893518005,-18.523112404293336,-18.398580289013598,-17.638400275136128,-19.66919665190951,-21.081955933595722,-20.572498067212628,-19.098446578959653,-18.293591574510774,-18.943887610409398,-18.74846401097627,-19.51128664484698,-18.603336775828783,-17.38466660205311,-17.118732914693258,-16.705497867242908,-17.764758333055127,-18.490618272649794,-18.24932889594003,-18.242009167607236,-20.481243826179362,-22.46195406292263,-22.871629842326293,-24.235523276744857,-24.281172499960313,-23.31872043629471,-23.43531226832779,-24.904845741195906,-26.30947485819994,-26.315013353249714,-25.168330642671954,-26.044697033031348,-25.330239865036777,-25.057003333158928,-24.596933283915856,-25.229771694128864,-23.755439815589003,-29.45008961969958,-31.417885663624936,-32.936041999198856,-31.777895295948422,-33.76207762333652,-36.69075461325421,-37.717426422675025
-18.068573559137647,-18.284197569042128,-18.054956866918634,-18.008408813132988,-18.449434674904676,-20.459235784354792,-21.640843805525066,-19.488544749100996,-16.82939176153451,-17.789167492805287,-18.793245725055407,-19.148449490211174,-19.40402373106214,-19.390643120258627,-17.823773528200988,-17.827470031015768,-17.048808734323586,-18.429523612484523,-18.601192743015513,-18.435865047563407,-19.342067137836587,-22.93514524383214,-23.778028525186855,-23.833675143754597,-25.536419221907163,-24.71214186990031,-24.14287479961425,-24.558652941550854,-26.323000109468243,-27.085855869203975,-26.99593282067413,-26.529890770005604,-25.571472442532134,-27.223747956544806,-27.000545607371905,-30.188625229441605,-27.563928580706705,-29.117770361603657,-31.289330095274142,-33.43764855675057,-35.19102933586482,-37.29413611999097,-35.527548228539295,-40.9905563773896,-43.63577572140829
-18.11388564568266,-17.83464288539886,-17.905537460179225,-17.8965970440521,-18.657338525726928,-20.330693908352924,-21.083300498988223,-19.962124867615707,-17.35090120208981,-17.798648201298576,-19.482960034427492,-19.8703665010332,-20.06493152668535,-18.6465685636722,-18.284691328378344,-18.86813092046714,-17.352975056658032,-18.98943974810155,-18.89959172988745,-19.48191277624198,-20.758310885695177,-24.027622382365116,-25.6857368075118,-25.310585745434736,-25.115297500654457,-24.962268181488106,-26.012919224218003,-26.88035417098152,-26.243825030519034,-26.760738275368258,-27.63348776104368,-27.966600488507034,-28.45262655002251,-28.332044613929135,-28.497822706215125,-31.93760682862824,-30.519476705156073,-32.48749628245205,-33.29569443412589,-34.38750530517288,-37.72954556862386,-37.79057692083209,-37.07073366844622,-42.59418834105149,-45.16655247795718
-17.957280501234678,-17.460747248874135,-18.008356843154022,-18.054946702449435,-18.066563879003247,-19.437081815229988,-20.281365757237264,-18.826271548497154,-18.15027192673357,-17.76231425651666,-19.176591413395172,-18.28492117699658,-19.456358514379858,-20.238608774834248,-20.296088211668707,-19.54379740310062,-18.671355724801238,-19.02345980476856,-19.26519926242917,-20.07746910459226,-21.586176593237017,-24.07358683493991,-25.518902333507327,-26.364588665844927,-26.326602187852934,-25.703461721241432,-25.425255685689525,-27.0163708438037,-27.073653667480333,-28.113304859904847,-28.05932358675721,-28.25227730576355,-29.33210124029127,-29.71779816486914,-31.48549948336649,-32.407050583427946,-33.65794950048756,-32.147047116284625,-34.611736932622755,-39.200779084655125,-39.59027386103051,-38.11417299789677,-39.18549794576302,-43.90148573488168,-46.33922373180894
-17.329228662911518,-17.054754624247774,-18.088437670899154,-17.28948706569638,-17.121244719378115,-17.427292366829725,-19.11294392483297,-16.884701974947465,-17.748002385140477,-18.73899119465463,-18.904658511836253,-19.41544410219971,-20.461366343234076,-20.978205966883404,-20.22619416294235,-19.53751436473494,-18.959421860425767,-19.476996112702174,-19.28179505175249,-19.938683767500642,-20.931789329823214,-24.13521926526406,-25.645961571970673,-25.876852561651727,-26.40938420954645,-24.759830010632633,-26.553396879332443,-27.10876858206098,-26.209884097836255,-28.28495110824369,-29.7210298439647,-30.03946102561599,-30.151501091805883,-30.162322239105215,-32.80464966457704,-32.14075550944433,-33.25719237719093,-32.720509959959635,-36.030290056651175,-39.33771342000399,-38.0198176420644,-40.417729457437865,-45.595816275469026,-50.52303614326442,-45.022423400084726
-17.219422561245437,-15.605985370604031,-16.445734734051022,-15.929818811061233,-15.565900912524086,-15.832725060390501,-17.026273907036597,-15.79441164211271,-16.527159472329696,-18.12840394820717,-20.601659005141293,-20.942207953487536,-21.207033205197956,-20.419460321440567,-20.368766483330482,-19.294867289834055,-19.130977179346093,-19.255016869331854,-19.02646290274565,-17.677139353850766,-19.519944786387867,-22.713728219756945,-24.403181211184265,-25.476280067230164,-26.252160845797295,-24.629763010884897,-25.546179946922003,-29.39661860008723,-30.131178692195483,-30.63653914938517,-32.1998665145238,-31.09097411384831,-30.67992784442688,-29.998561746381533,-34.533904894607545,-35.23195657165867,-33.64925963674406,-33.303494092094155,-37.333283584627814,-37.754698720568626,-37.886803016677,-42.44539816753026,-43.092054261420074,-43.404659894065375,-39.87816861057071
-17.418922301437682,-15.206014348439641,-15.529125001331902,-15.235276072092537,-14.962297719230056,-15.398833325873007,-15.10580181645092,-16.005271231056575,-17.153944310483844,-20.513156859857048,-21.057486800624105,-21.017323637824674,-21.578214661135938,-21.049258701405932,-21.072599600801983,-19.802275421259935,-19.424602220543974,-19.207271332311763,-19.20333411569761,-18.04141486453696,-18.99283001720656,-21.308681590255503,-20.37461142856994,-23.8744778430022,-24.190838040047762,-27.673425921119343,-30.882960676126295,-34.4488170091636,-30.77666850441029,-30.050158426599296,-32.01193900808025,-31.03349852484315,-31.808219876105557,-31.08772173573417,-36.345940804291835,-36.95416864049277,-35.21968540498693,-34.915930094733945,-37.96760748623052,-36.91858224550519,-40.720875205539365,-41.243798796381114,-43.74123798716127,-39.4700593992345,-45.42262758533886
-17.0759668839505,-16.18635336524156,-15.417790121729967,-15.240112636818035,-15.000127745048875,-15.901856234923395,-13.97255634323314,-17.097958222413112,-18.258296750830645,-20.65790069941427,-21.23874248019631,-21.158972184317232,-21.195943453090557,-21.629815914475238,-21.292764655426744,-20.268318565869254,-20.405489771690597,-20.090424427242105,-19.135370370402033,-19.51464052219884,-19.346608030296146,-21.431597762844554,-20.045166876008224,-17.904004838040255,-21.973033081838622,-30.84072157918636,-28.801237757484376,-29.796510522280364,-32.351822082959025,-31.513780197426986,-33.54436980391947,-30.955723746726854,-32.72660827045428,-33.15903568440421,-37.638963235057645,-36.997949440536765,-35.97351990867512,-36.66922368239126,-39.49320318137194,-36.0106057437973,-41.62021439629042,-43.67159211445558,-41.433572184093464,-44.932172335731,-47.252304885296056
-16.971276516612814,-15.834386456625785,-15.695086869018374,-15.653499925883128,-14.557304515318856,-15.567255730543849,-15.757731276942032,-16.034787269095276,-18.423469475602822,-20.311754851615255,-21.264005156219046,-21.328768667315334,-21.018206594677615,-21.36182696266693,-21.809210735463722,-20.737695965436274,-20.52679350160587,-20.941646719738742,-19.86961914068375,-21.449641604223203,-19.583495382334966,-16.57147884038469,-22.670250129490707,-14.222660303960392,-20.8643144034694,-32.7630189901882,-30.74957125518646,-31.38208718486399,-30.05618811089401,-31.653843193067143,-34.5691054033618,-32.354033722664795,-32.86104902356459,-30.178371414886502,-35.78413673331396,-36.49108334147578,-37.614120218448484,-38.014879268587606,-38.465098719712856,-38.321279649717276,-41.14116825563227,-42.04848310060179,-40.43493743326141,-38.839629250030754,-40.40306646440888
-16.93254416282655,-15.387730686542433,-15.519460235178556,-15.386359698810631,-15.21966805913447,-16.28375911100653,-16.05014028219154,-16.240238392875426,-16.20901157688466,-19.261638427765917,-20.890113047196568,-20.871486713624996,-21.574906324249206,-21.989506271520334,-22.59131721557621,-21.500512778694095,-21.45439697402559,-21.896642626863354,-20.502385488238428,-21.52298922607414,-19.787189207870657,-21.534542420138415,-25.057108931353554,-15.82114799414477,-10.77571155525781,-22.511936129049346,-31.30523043269165,-32.350241495462406,-30.891534337351942,-32.248382013183715,-33.667584865147305,-35.67665047730503,-36.407543081725876,-33.327780982533994,-35.53551874302331,-35.50387142549915,-36.23343849985546,-36.72960360547648,-37.3137271814541,-32.98488149328998,-43.44143154491408,-34.08973589308372,-42.98150647184428,-39.901113715568314,-38.704107739769206
-16.137870944897273,-15.112177924027478,-15.313914562311375,-15.882016291187675,-15.880270180548173,-16.828064793607723,-14.85822491023059,-14.599296230106514,-15.888377500142173,-17.165775675142797,-19.903601867386264,-19.041166595737593,-21.002685650472916,-20.442052249326462,-21.834468343363916,-21.20682417293724,-19.79725255987809,-21.709517849625744,-20.42458430612584,-22.231534287503838,-19.531880823570237,null,null,-15.520561897049118,-17.642265788266048,-19.123895412771002,-22.477547499504226,-28.97700830829469,-30.88364313133839,-31.12467960480134,-29.09881581908956,-37.40811461990539,-35.5894367243739,-33.38571919054849,-35.24294188112529,-37.806921319400196,-35.873743313112385,-35.02857827924216,-36.378086892644326,-37.20283407765192,-40.228972688072126,-37.10093612206821,-35.199182807179355,-37.92789660431398,-40.903630734335266
