public/json/wind_2018-09-1608_850.json
{"header": { "discipline": 10, "disciplineName": "Oceanographic_products", "center": 0, "centerName": "Ocean Modeling and Observation Laboratory", "refTime": "2018-09-16T08:00:00.000Z", "significanceOfRT": 0, "significanceOfRTName": "Analysis", "parameterCategory": 0, "parameterCategoryName": "Currents", "parameterNumber": 3, "parameterNumberName": "V-component_of_wind", "parameterUnit": "m.s-1", "forecastTime": 0, "surface1Type": 160, "surface1TypeName": "Depth below sea level", "surface1Value": 15, "numberPoints": 4800, "shape": 0, "shapeName": "Earth spherical with radius = 6,367,470 m", "scanMode": 0, "nx": 80, "ny": 60, "lo1": 109.0, "la1": 20.0, "lo2": 116.89999999999955, "la2": 14.520000000000117, "dx": 0.09999999999999432, "dy": -0.10000000000000142 }, "data":
[rows 0 to 18 of 60, columns 0 to 42 of 80]
null,null,null,null,null,null,null,null,null,null,null,null,null,null,null,null,null,null,null,null,null,null,null,null,null,null,null,null,null,null,null,null,null,null,null,null,null,null,null,null,null,null,null
null,null,null,null,null,null,null,null,null,null,null,null,null,null,null,null,null,null,null,null,null,null,null,null,null,null,null,null,null,null,null,null,null,null,null,null,null,null,null,null,null,null,null
-14.215434098217386,-14.060661472190382,-13.467889286170886,-13.987681629896613,-15.007316031447191,-16.308687194836555,-18.1971774619725,-20.58280098193955,-21.512281434213627,-21.967833072500156,-24.636758800810167,-25.159637071916332,-24.699505267029895,-24.857511836525934,-24.57539454988465,-24.604781145936386,-24.58530155995524,-24.4681298771332,-24.671529662401646,-24.743118117019424,-24.286123022900114,-23.551094713121316,-22.92647942357369,-22.189290940339212,-21.738559218694036,-21.04474698734157,-20.289108699500268,-19.557149734267867,-16.549595497054643,-15.434329797091896,-13.039904384659833,-9.362626227171695,-4.386709055932994,-1.6016168175894683,2.0985853252106406,3.82101054471914,3.0677024803970503,0.8055718242123392,1.0039009835908848,3.3198956139138174,5.285445220095131,6.334318858627189,7.720431979737318
-15.379229688104656,-14.91281412517844,-14.461214538268926,-15.75490101855713,-16.781210856117692,-18.652684704739862,-19.629787089233673,-20.5861830204932,-22.047197307128442,-25.927728292313418,-26.636703348147083,-27.539907859057596,-27.836096592784283,-27.30908476348499,-27.27558544725828,-27.08131752300312,-26.37786547527514,-26.01595932553089,-25.855423048507575,-25.63355366081869,-25.782802141577655,-25.536076076043518,-24.77381730874577,-24.054084441048907,-23.623522569287793,-23.234047642572182,-20.93465537080665,-20.64947297993799,-19.691379698367214,-14.94923701322396,-13.216032350150654,-13.019594369261057,-8.827697475645646,-9.13265820969973,-10.205432555928347,-4.175007197853579,4.1199817444872515,2.6804015981985208,1.1811362299344563,5.8609013644606875,4.366318281443257,7.1624807885035295,9.914225091634904
-15.907098823108608,-15.870269500751268,-16.740759112593015,-16.987569050316434,-17.9519208767679,-19.133066729225245,-20.800950200314535,-23.458128342830683,-25.90544794768633,-27.946982071436256,-29.09517843073972,-29.714521559538596,-29.466375029478364,-29.41522762015804,-29.68934032762642,-28.982606390292695,-27.906705033054024,-27.634903633610467,-27.509562075881966,-26.34641353949227,-26.15340171733451,-26.437314697489118,-25.289256017252463,-24.574853834156137,-23.946198182114465,-22.710165241358318,-22.905988492509845,-23.80814132805183,-22.661880082316408,-19.75952795855097,-17.753414004685258,-11.230727201810307,-12.990011420888184,-12.839823546663734,-10.210334859165615,-7.48668394897879,-0.05567786062387475,-2.5370403539180346,-0.750087018930375,9.18394177496084,5.077427910916226,3.667494116731459,15.154593095515306
-16.79479001370239,-17.630574375938565,-17.982399616623546,-18.90877475154936,-19.628702218271165,-20.891476634550564,-23.11419283052039,-23.67143386228515,-24.840201370774757,-26.874844499475675,-28.710285126483882,-30.10531434166462,-30.486697039571133,-31.1161656381623,-30.7164285693257,-29.404442507096398,-28.382583303151925,-28.6540939917223,-27.712575912075888,-27.321498500479613,-26.64060981179146,-25.951232597236704,-26.568210402971705,-26.39913412968869,-25.53340718403166,-24.62180864147572,-24.322765810081954,-23.827953340053696,-23.729316340789573,-22.853527988957893,-20.244174248787285,-20.190603958373373,-19.156537187187453,-15.598377856332036,-18.442986540362224,-6.076898273047723,-8.015249462449395,-3.948102657277029,2.021503158954466,5.789310396292521,2.935914332639851,6.2181673746688855,10.683729431086858
-17.841364108985672,-17.821400813816265,-18.886181458282955,-19.980151021438267,-21.192786766308892,-22.381210418083818,-23.241946904670606,-23.94429535304458,-24.67671022524093,-26.019358752787387,-27.380465565131654,-29.064525361781463,-30.360237040321874,-30.046156508876408,-29.246538984826852,-28.834672182421535,-28.822032153194403,-28.952919349784448,-28.171762277245804,-27.076032576630734,-27.93779456655013,-28.488543593800497,-27.54902744886008,-26.895932520000823,-26.92802713784058,-26.53589370960071,-25.66663672119966,-25.196028151243645,-23.752856490150595,-20.965370327013158,-21.781634400101186,-22.049307295665955,-19.56448677001368,-16.9756202694533,-18.44691282425632,-13.339460836368266,-12.38567323357802,-9.058165484405992,2.7457444027545885,2.8893281062875116,6.618776974329843,5.017091741853956,12.97195930461289
-17.10996490173122,-18.44309746754925,-19.970265395046074,-20.982824180096863,-22.653482173792817,-23.741159628020718,-24.753074418165745,-24.592839501431236,-25.200968887914932,-26.031379988572183,-26.5337189907188,-28.342945733651536,-28.93766947383279,-29.140188444914052,-29.57051036733804,-29.89438453698759,-30.312661477199534,-29.929302678670496,-29.66531598768889,-30.21618520566929,-29.990452194076738,-29.779801744277826,-29.071345496419486,-29.39490011830931,-28.80890951070278,-27.638665755633546,-27.01235657958863,-27.28949467350694,-24.188251149153245,-21.7280940143989,-24.830570885245784,-24.579713407363194,-24.260503219558185,-24.079445809565815,-20.436785701557326,-18.48954678320446,-14.800029624507193,-7.54911143588961,-3.5988318808111215,1.1455675552206315,4.466677254847468,9.088162977336827,9.743392032035263
-18.166127669348075,-19.056732147270115,-20.437577911597067,-21.731842644839062,-23.079448583110334,-24.098109181725683,-24.858189695457057,-25.025217666211542,-25.560081681385356,-27.37368288489038,-28.263584957663547,-28.696966154377037,-28.69771105779159,-29.435651243577453,-29.879883690210363,-30.78054499695581,-32.09229896505842,-32.00534735582369,-31.541008861510676,-30.723137978619725,-31.1647040613518,-31.024493050903253,-30.356902659177035,-29.225661650007147,-28.54001494015697,-29.580191957153367,-30.943521892219913,-30.098013278984656,-29.308657396087362,-27.955855816401506,-23.877971883234405,-24.715934647082403,-20.65751228648554,-24.256305689699342,-23.735841582387845,-21.603773702879266,-16.36774895141123,-7.349103182026783,-4.623552103175848,-0.01041300480839926,-0.45895520882309726,7.08946236473284,14.623045582796525
-18.10300336408909,-19.504134959407182,-21.658272328199907,-23.37960335922898,-24.484943129466153,-25.244609655316268,-25.510408232407073,-25.450721005847264,-25.5522539927458,-27.071588583774126,-28.76483775301195,-29.615775013103253,-30.248835166094462,-30.4163787549527,-30.98930479537374,-31.913906104576995,-32.89510734092043,-32.57653198592034,-32.34631927428379,-32.378554546951165,-32.37698809293151,-32.30041130941442,-31.071151837646592,-30.613974486664443,-31.971060384783332,-31.851446050468468,-31.305141263972537,-31.569923841109432,-33.09062131878112,-32.80068497431668,-31.699462213614417,-25.73593284987158,-29.592198149919515,-26.295401475219663,-23.448226893513507,-21.27177157499953,-21.246386030713317,-14.357943568746862,-5.77091769977976,-0.6476356861234572,0.12535765157951137,6.137529918691305,8.786025429855048
-18.797766052068464,-20.70455220520296,-22.458445026597136,-24.313563785945995,-25.10143123598462,-26.00803259801479,-26.2529022065465,-26.233731898473053,-25.96317974126308,-27.29114805621172,-29.31558103836882,-30.59589380879949,-31.233782760350827,-31.458004157641213,-31.392449704165976,-32.73916947431331,-33.75229113613278,-33.84390603547667,-33.67298996400508,-33.89578395023274,-33.37763525113958,-33.0970644293662,-33.25560409193049,-33.12406713535164,-32.268685302809374,-32.30752993587333,-34.88574458777215,-36.546693513003746,-33.71217708032725,-32.801421036509865,-32.072384826324495,-29.316127178084134,-28.613550856957243,-29.31714583534415,-27.676064344445926,-24.482206283746514,-22.32463024501451,-18.61370655375655,-11.949032914595001,-3.561716230455945,-1.2729913547067373,5.08329964408037,9.759575482570808
-19.78805093357376,-21.793442374288496,-23.867672958955364,-25.421487857526543,-26.261569543262006,-27.04947636117096,-26.864600265792465,-26.87860340443836,-27.099567311674832,-28.194040864052404,-29.30627312346097,-30.57092581377085,-31.561121094664365,-31.62586837032407,-32.092509135013266,-33.6133724354076,-34.25698711367251,-34.385016455282475,-34.6425207696296,-35.0011326965618,-34.1755582360219,-33.75706672413714,-34.02555595597816,-35.50779624208175,-36.40870339493246,-35.88225934204685,-36.52707517633928,-36.98467243011577,-38.303937723818706,-35.619707652872656,-33.2104101325141,-31.90479629667523,-32.17406938793104,-31.047292990166742,-29.18647904018176,-28.302721419605717,-21.3088836329335,-14.13933758443899,-4.772700160125143,-0.14582086405830644,5.049806020884408,4.882151634321536,16.550699661375027
-21.543133584428173,-23.372717945533225,-25.186679589041862,-26.36397554732041,-26.921215136421942,-27.437152380329522,-27.38292422556306,-27.801286550948454,-27.684125916333567,-28.526738503599447,-29.790691092486956,-30.674759779332447,-31.432869304087056,-32.12264486284817,-32.83260755891101,-33.68780638183766,-34.11964389511582,-35.34737878386444,-35.90978087604075,-36.051080495488584,-35.51760452756826,-34.78876582837536,-35.95306395072804,-37.87963193463746,-37.7709107993967,-37.91591609951079,-38.15274777261585,-40.3553452372487,-36.18408766914372,-35.68370133745369,-37.02028522770245,-36.108144904064574,-36.187119760274925,-32.6183130901011,-30.60317968317286,-27.90555024291596,-15.531309239573861,-4.71930016667996,2.8194778891014964,-0.21657116549894942,2.6173977205861747,7.414147375476656,16.26337673812376
-23.048792635753912,-24.86283584674199,-26.31920046954169,-27.101008947663274,-27.25885900161379,-27.354352348926433,-27.324363188603417,-28.245751996735223,-28.935387691428858,-29.329211475883,-30.342570715646254,-31.28640861421338,-32.15903690216635,-32.340885461457695,-32.9487982978854,-32.94821283228601,-34.186621424852845,-35.948149010737446,-36.542635198183994,-36.92021778235144,-37.16365427954713,-37.248070913152006,-38.00896807362625,-39.10494202048508,-38.88316738236752,-39.86541382599458,-40.36634925808886,-41.211042241529185,-40.53719393655343,-40.76799993489327,-40.59269973292193,-39.24911349084764,-38.01307162782437,-33.69692081969973,-32.58185354567346,-26.026374425987154,-9.031751657880031,2.494106845104929,3.585427601343585,2.740481788739768,3.967937551409522,8.061909285842258,15.019338776495303
-24.26865488945051,-25.480355963172038,-26.64880015078093,-27.346827908713088,-27.194424004602084,-27.410559589224743,-27.620649263100336,-28.95376211299937,-29.46920651025075,-30.37575622881144,-31.066066536146426,-31.816585944885382,-32.366256797269685,-32.14956881571595,-32.44167696296258,-33.84539311072765,-35.279561846259064,-35.97803068188974,-36.87127036170514,-37.30292038018119,-37.822437778711915,-37.91699703679247,-39.303293283555846,-41.213312970331,-41.122900163953545,-42.75666108440964,-42.695279529077695,-45.4346926442178,-43.98639867493026,-46.07827293285898,-44.94109948201349,-42.32077152398165,-41.232188002974056,-35.98734176094764,-33.751065609424124,-21.745280785588694,0.757775812071916,6.584888611573808,4.6171790562498884,3.870060249811966,4.85197170028463,9.018721015105266,15.234843788414327
-24.98208202129661,-26.11251967690188,-26.654191382363827,-27.170837255006727,-26.834082088087712,-27.618467122895574,-27.885046316083525,-29.096256191375236,-29.8069393555515,-31.079069789274897,-31.690266165381377,-32.256218924061066,-32.19014171025992,-31.72421627481708,-33.07565199523316,-34.749270119183535,-35.54024301115689,-36.40989130304155,-37.17789198578974,-37.871865912809106,-38.274011055399065,-38.18303314529607,-39.12230960029999,-41.47466267651724,-42.16975324061641,-43.217661928311514,-46.031062113193144,-49.50998769343744,-46.91280007124758,-47.45289692054212,-47.00831248179183,-43.77644160901251,-40.590342774785185,-40.284655703026814,-31.641557500989897,-7.50051887297402,2.3341490323889955,6.419323081669685,5.073394949120455,4.201835691600447,6.72648635762987,9.780242422753304,15.365995270842435
-25.892420756650445,-26.699808747205985,-26.89246807081215,-27.259858865846432,-27.54121419281466,-27.73285395179266,-28.221571173377754,-29.04124541780409,-30.31032174310145,-31.58289682977011,-32.24265861834384,-32.40553194447223,-32.106571781275235,-32.57372512863383,-33.794681285666236,-34.66307206861734,-35.597418692546555,-36.880594206195724,-38.195812524540706,-38.125245075882916,-38.70909856040562,-39.47677734076374,-39.939236443725086,-41.438778793245696,-45.20484751171947,-45.71085913059757,-48.59402477263856,-48.41020498709214,-47.90884859984035,-47.15693206348188,-46.75427246812943,-45.20607468670718,-44.32288451308303,-36.52017348074424,-17.46874536704758,-4.483211971031052,2.8069043512676215,2.83969558324445,2.9903216897786735,3.7343589257577845,6.1619576927915825,11.134213558225841,16.517612942400035
-26.049406368135678,-27.147072683373043,-27.283731355057572,-27.182524731249536,-27.382471759415537,-28.089155089881995,-28.736655783584787,-29.76826950056322,-31.32481619980715,-32.23777189375673,-32.316042201509276,-32.15597161990502,-32.60091559788777,-33.48113967149354,-34.248105363361134,-34.87590134333479,-35.66381466142117,-37.14148250707738,-38.91200597672476,-40.275322059684854,-39.981436445974914,-40.208280309658896,-43.21520731558653,-44.21474798842087,-42.745481512746935,-49.05527507316698,-48.2186141834271,-47.86112225314331,-48.00841215976382,-46.54687971488104,-45.91638044903794,-45.15932592454717,-43.59351600581325,-38.92273502829231,-12.372795891319317,-3.272268425575592,0.28764227208315984,1.0122724478607164,2.5180573824928,4.469356483188356,6.985620223884103,11.315936195173482,18.31846090136522
-26.233707468253407,-26.950741308882968,-27.096420848192384,-27.17223049176241,-27.24241529179275,-27.54594369287229,-28.377952891396482,-30.04747222536053,-31.502910992903406,-32.7058353623754,-32.34611295636056,-32.30272081727135,-32.97215566636447,-33.77860619077926,-34.654216177446074,-35.000117699692424,-36.37736126084005,-37.43651607799234,-37.527466189669376,-38.711292913638715,-39.590067270764145,-40.34553770723372,-44.954760229101126,-45.871590623770196,-38.696626974465666,-42.5141029078338,-47.02613871566414,-48.670000479536654,-47.647922715933774,-45.866488869332564,-44.36206518769174,-44.13380478445801,-40.73183219607118,-29.497480493466465,-5.518174207787619,-4.008256846583024,-3.305763864662302,-1.3461079328401209,2.5342234931983003,4.859000921438829,7.187184260654066,13.15695456886824,19.9059514728622
