public/json/wind_2018-09-1523_850.json
{"header": { "discipline": 10, "disciplineName": "Oceanographic_products", "center": 0, "centerName": "Ocean Modeling and Observation Laboratory", "refTime": "2018-09-15T23:00:00.000Z", "significanceOfRT": 0, "significanceOfRTName": "Analysis", "parameterCategory": 0, "parameterCategoryName": "Currents", "parameterNumber": 3, "parameterNumberName": "V-component_of_wind", "parameterUnit": "m.s-1", "forecastTime": 0, "surface1Type": 160, "surface1TypeName": "Depth below sea level", "surface1Value": 15, "numberPoints": 4800, "shape": 0, "shapeName": "Earth spherical with radius = 6,367,470 m", "scanMode": 0, "nx": 80, "ny": 60, "lo1": 109.0, "la1": 20.0, "lo2": 116.89999999999955, "la2": 14.520000000000117, "dx": 0.09999999999999432, "dy": -0.10000000000000142 }, "data":
[rows 0 to 18 of 60, columns 0 to 42 of 80]
null,null,null,null,null,null,null,null,null,null,null,null,null,null,null,null,null,null,null,null,null,null,null,null,null,null,null,null,null,null,null,null,null,null,null,null,null,null,null,null,null,null,null
null,null,null,null,null,null,null,null,null,null,null,null,null,null,null,null,null,null,null,null,null,null,null,null,null,null,null,null,null,null,null,null,null,null,null,null,null,null,null,null,null,null,null
-9.780552286498285,-9.36984833685032,-8.684508208259134,-8.347891283472595,-8.096594285472406,-7.723179463305125,-6.888640950872008,-6.942805113990169,-6.5875008539103685,-7.482802521088345,-8.79904221688082,-9.370879298731138,-9.387049692073981,-10.06456046774721,-10.400368152998288,-10.90306083342847,-11.563078232994162,-12.081013941023961,-12.810034194209287,-13.446228687460824,-13.510226237755228,-13.556131168846356,-16.491953286002143,-15.04005662086297,-15.182554472247617,-15.891244294622137,-16.889165097644515,-17.53972266018608,-18.132388397223156,-19.11492733294548,-20.110703449153217,-21.074016452635224,-21.929254975999193,-22.331932071824134,-22.305175018557165,-22.625921282996373,-23.76182938157543,-25.366058806463787,-26.805067879181962,-28.169879833182897,-29.22941584581305,-29.548201670180198,-30.01433659109554
-10.009295140134984,-9.39694140993252,-8.668716965187876,-8.4582424222329,-8.787473948372641,-7.987490870954789,-6.0190435084373695,-6.888398148925391,-6.471361597290697,-7.027635245750809,-7.998866708028972,-8.476140844548027,-8.962364708666449,-9.735121842250399,-10.93890018548825,-10.645865292978996,-10.730848242942542,-11.109851412896564,-12.195512228276025,-11.983903647036508,-11.61118371274288,-14.051141422879788,-17.846865050238172,-14.28726177484023,-17.84355522091305,-19.452609046898928,-19.831505760717114,-20.367601366099986,-21.63214380222056,-23.055711133117864,-23.729832936249416,-24.18950279192881,-23.709068082850138,-22.943465904388763,-23.154539209853045,-22.408963640736424,-22.462144119502643,-26.47818358578746,-27.023498555900055,-27.556243453944738,-27.932811314849545,-29.268789909539947,-29.615690250203222
-10.117913985202037,-9.495553917023837,-8.784802034715216,-8.518470184656877,-8.864662814581122,-8.030927904703582,-5.838519284368338,-6.389570230974806,-7.267763236273738,-7.219426104830186,-7.911955316553484,-8.15643060762599,-9.191896836611281,-10.091897061543882,-10.01912190650835,-10.501348955246755,-10.512817456204495,-11.255878297403784,-12.199923743974034,-12.109214431129052,-13.202885608222752,-13.7873676532973,-15.39801982061351,-17.34355333021115,-20.089684343574053,-22.004914454081273,-23.040294126821745,-23.01733239310669,-23.222490081114145,-23.471221729032287,-23.340559723108615,-23.03524973682031,-22.996525748680504,-22.74403636970562,-20.90093031924979,-20.460549054035393,-23.464560453318,-27.27036216534121,-28.45146550716431,-28.783289003004132,-29.117213988845744,-29.746423187756363,-29.885152872309284
-9.957765453425683,-9.226169800182854,-9.286440910584934,-9.068124724070314,-8.674392904571484,-8.025856400078995,-7.029909491617694,-7.332611615472752,-6.786675463712582,-8.24966634449677,-8.756187849730296,-8.813484430951279,-9.415389668271215,-8.957069141251996,-9.673587725036667,-9.712827102767534,-10.443141694451606,-12.035958268848143,-12.884699508214656,-13.377514445314699,-13.56107376840607,-14.047130462680045,-14.903997190637236,-18.816406537655904,-20.81110430102894,-21.712854465784975,-22.55789198157493,-22.983825462147667,-22.840917889042885,-22.54510672695889,-22.591506583157248,-22.544377048825616,-22.527027273381158,-20.563936016145682,-21.449477255189038,-22.570103523075264,-24.915502027518386,-26.68109830178298,-27.38013392592324,-27.271905102859474,-29.671540726431694,-30.360124797571967,-29.40911050184444
-9.770223396625497,-9.342135883428863,-9.20678743067845,-9.070943248653194,-8.782571051998174,-8.52902340496205,-7.953222221283515,-8.008777867823625,-7.049400425499047,-7.262916415177594,-7.940056397027082,-7.867992908376226,-9.058125754377341,-8.774726742445951,-8.967930663485161,-9.536365878472445,-11.065106474398544,-12.42179583007459,-13.534572616532747,-13.827574566303179,-13.979200867768887,-14.652982010614865,-15.614592559784253,-17.459743428418285,-19.371125942389845,-21.085456354582483,-22.14700283170981,-22.171851479605554,-22.24954661173447,-22.07932111064972,-22.358861561221943,-21.801920656668806,-21.44477401371969,-21.466103165793516,-22.38050276611023,-23.16579135266556,-24.70225475670773,-25.78688384955441,-26.222850092350477,-28.057383079075624,-29.106713928199333,-29.23342470125933,-30.567905905922046
-9.620984670262356,-9.21088969424103,-9.097878503667186,-8.829921708868206,-8.781405722256881,-9.025111171242868,-8.543596479670176,-8.180459726683626,-7.856745547054947,-7.50383271742143,-6.534300908300818,-7.275104045303895,-8.380964658452477,-8.802122141230015,-8.801564294037757,-9.631349956550363,-11.486949304713036,-12.362193348506967,-13.656641663867454,-14.522663969865444,-14.897927753282554,-15.479916241039332,-16.16594529839604,-17.24211316285256,-18.592425346214632,-20.161315141410068,-20.788681789207125,-20.941039409771534,-21.07776151558536,-21.69187921288774,-21.933884254859407,-21.954111549464386,-21.337309019895013,-22.34062456271193,-22.258193749702674,-23.125329605570684,-24.431062079794895,-25.51628581680621,-27.59157519403997,-28.09166992121319,-28.824984664107077,-30.823228988933906,-32.782143621061046
-9.523850018205545,-8.914880168863847,-8.842420448662892,-8.683193771322914,-8.646408066437257,-8.967682038713011,-9.511754918232983,-8.820312254083492,-8.62736597301612,-7.418596709683751,-6.0216046108624095,-7.722160148720642,-7.869921247809845,-8.311547136134816,-8.930738687939144,-9.579444182633985,-11.385885928033982,-12.409433224727017,-13.518134789406886,-14.914735120879948,-15.92106676240818,-15.977196075512559,-16.25204238804576,-17.27127607482468,-18.371971225743625,-19.892770439637253,-20.073607456705567,-20.14690827448303,-20.723131479782875,-21.491069317771213,-21.925518099157514,-21.36369722546067,-22.020104158042244,-22.80813462056614,-23.041276807874663,-24.085063907856167,-24.86548047240693,-27.098099462523127,-27.10371537945976,-28.01874206067717,-30.444010468325896,-31.966692925853355,-32.74329903595512
-9.400546934535255,-8.867379187499326,-8.364011046931727,-8.146608292762673,-8.567327887902128,-9.150883553695282,-9.50432057151687,-9.544337652452734,-9.141678782282941,-7.355599236069322,-6.41958781694171,-8.176399620128592,-8.108703128915957,-8.21061697147118,-8.806725180634379,-9.960616425651766,-10.557771611457252,-11.877462389552505,-13.413653580301933,-15.093768557747236,-16.104621343272242,-16.12327046913476,-16.2810071385388,-17.238755738353102,-18.464470433380704,-19.351573190826734,-19.39683279368805,-19.862054048642328,-20.707675071835986,-21.585322140090597,-22.088819551943082,-21.09319749164883,-22.328293531781185,-22.839703702266753,-23.072971318293845,-24.303680996209692,-25.91336681903769,-26.93437941589297,-27.881480623011107,-29.084010238780166,-30.47425555139192,-31.24115482446385,-32.34943708587494
-9.141737437628674,-8.572594397952848,-7.996401187849426,-7.80476044989272,-8.158872153125415,-9.077059192556487,-9.790379669013733,-10.173157117374881,-9.513811208227322,-8.4591719478518,-8.261397611584398,-8.376289990508727,-8.646121113917845,-8.33570981498546,-8.372790835197222,-9.190692677776628,-10.069517401162765,-11.436639922060152,-13.24540528303997,-14.868360820347608,-15.34277116803738,-15.951263113637367,-16.324554283643334,-17.577012188701076,-18.38146730475412,-18.60093402963996,-19.11883249997947,-19.793874148644438,-20.960761434257684,-21.751026600590837,-21.35372908387193,-21.828108805956905,-22.486755997618218,-22.311673262080447,-23.287095853611437,-25.03798601608195,-26.861217020932347,-27.289302311913005,-28.36856665794535,-29.235992437611586,-30.271979964437012,-31.125230819442688,-31.731223910812208
-8.683306269235471,-8.433695791612678,-7.790659280844522,-7.773089353262737,-8.203377367102632,-8.914799908633638,-9.906952805716363,-10.683398621698116,-9.302252426849009,-10.103615488016617,-9.355112008817397,-9.09494487443212,-9.286540802137422,-9.231896131454219,-8.80767579981965,-8.74513970658953,-9.970962326418714,-11.33350995860437,-12.898541496045853,-14.033475750648401,-14.934144743188579,-15.90747906249703,-16.273545845842346,-18.248738710829077,-17.753345630081064,-18.15987418042973,-18.778640223719073,-19.713357604558908,-20.86395822516802,-20.789384381825723,-21.3048873123971,-22.479653426585617,-22.060609462879526,-21.87095086538571,-23.746039596333283,-25.529225736290933,-26.726581642390546,-27.582804877912615,-27.934625681831598,-28.825802622884826,-29.69017029260369,-29.844155099516016,-31.828105791451627
-8.571610251423357,-7.860862209324036,-7.771010190994072,-7.872993614731804,-8.347946821873775,-9.138576174641651,-10.0569906857826,-10.388763168250357,-9.681384007396177,-10.26420055622462,-10.335316873122721,-10.667065116673331,-10.211135466959966,-9.230551057580419,-8.376872710565607,-8.769881381433377,-10.053250677340174,-11.739644490077266,-12.653056757214882,-13.162154894295305,-14.564295227131897,-15.40469012050481,-16.999005243262673,-17.89963126700806,-17.755328545922428,-17.216006857230514,-18.669607223035047,-20.175756217906645,-20.238564579461073,-20.581021896876216,-21.8421676228603,-22.427128495566834,-21.36599953482207,-22.08974073812482,-24.58096611981199,-25.53973101729682,-26.790335313209265,-26.63894234993988,-27.589122099804406,-28.35386549619898,-28.294443247711452,-30.19583523100567,-31.73020818823361
-8.71828664353944,-8.102982628055665,-7.949523555573059,-8.192212672163903,-8.300455080559614,-9.479205987772287,-10.00060741626352,-10.136044670796547,-9.161753968411519,-10.059362013038637,-10.365137634234994,-10.041286854560184,-9.88906967809491,-9.026107217926217,-8.510103506096216,-8.332086661673351,-10.080826446415758,-11.924620258511764,-12.985658589416783,-13.333359717610614,-14.614217431606631,-14.287997448801747,-16.695611961969817,-17.676188633123495,-16.905957142545773,-16.92836759403066,-18.472273519182163,-19.819474892485204,-19.857600597134823,-20.664352122602534,-21.917612531811706,-21.968966204668455,-20.771532898845635,-23.267396446460562,-25.18935313875969,-25.792961028739956,-26.105658655905685,-26.304431948210823,-27.124515359639513,-27.937635156729712,-28.54332258017339,-29.38190116985767,-29.46077798565092
-9.319357695259965,-8.816307566961507,-8.852362457632399,-8.953994415291712,-9.370662499143352,-9.850033391142736,-10.60281983079016,-9.592213202141112,-9.921805404944099,-9.730785346221015,-9.878657685704207,-10.529395912782235,-10.213171109721069,-9.871742792329067,-9.00435442443393,-8.842812484381097,-9.868930148506891,-11.412914934792825,-12.576783176146975,-14.044736906470638,-15.349442529948808,-13.967312954343413,-16.143462002278262,-17.146009711234946,-16.44292766896795,-17.937619774022135,-17.961186330163397,-19.221318113531645,-19.9119689033946,-21.063101788594977,-21.909800508359883,-21.09701548356271,-21.269016760643773,-24.105250628986745,-24.769357671786658,-25.56476965354696,-25.82779984108482,-26.330140200824584,-27.005531076280832,-27.595006141711476,-27.545023634570043,-26.683799024823927,-28.84899965056192
-8.923435724745215,-9.92049568675618,-10.049647044935432,-9.523100917896562,-10.225369031465558,-10.863915580703601,-10.610315372544557,-9.676839549843299,-9.86016823418179,-9.775180683092332,-9.884818409931594,-10.033066713547607,-10.634954057711866,-10.331014220667113,-9.935257139530105,-10.142505245735608,-10.585675984255015,-10.804685651869748,-11.943444487209494,-12.947251176195719,-15.168395168176573,-16.220287683085626,-16.321518263915333,-16.60843919388659,-16.80818712953265,-17.133204800175722,-20.282540356462434,-19.265368273632003,-20.379518209052307,-21.636484721705116,-21.10774733572547,-20.37756255416924,-22.300292616047727,-23.75802295259447,-24.5916940076167,-25.169036867697614,-25.472489345936868,-26.685000762196086,-27.092841136181256,-26.62176414094874,-25.6298979826248,-27.231826367789957,-31.664066962647034
-9.285775871860627,-9.275685227685887,-10.179280441067176,-11.09069403841594,-10.639511344142822,-11.022253976792115,-10.770169957624248,-10.370875824956581,-9.953699963331845,-9.870042242241743,-9.60053468583145,-9.912111885629756,-10.494657662205443,-11.21623766528013,-11.3948417213342,-11.397657510301158,-11.6544374860282,-11.371436209770913,-11.17222381530178,-11.838272628255126,-13.24977800837147,-15.164705211792194,-17.034385271139488,-16.20327382507415,-15.575245827917838,-17.524914159229777,-19.238934078832536,-19.901234743559932,-20.009136905167452,-20.960473149485054,-20.00110780018746,-20.94635098862615,-23.150408948550755,-23.87995031852793,-24.58012980968883,-25.53278823165546,-25.113173886301496,-26.197129818515783,-26.347449118844516,-25.920022895603523,-27.79197398995182,-30.501789227055436,-31.22851982554885
-9.543133146426728,-10.216878349843258,-9.970617353320508,-10.486419068823947,-11.723200773375414,-12.289333390272203,-11.094702524722576,-10.861819813188015,-10.025745588909938,-9.384615845049595,-9.767708189107214,-10.090231412670583,-10.55149291124033,-11.193016082412942,-11.612504450895202,-12.741930204565715,-12.35059563282546,-12.370595010790101,-12.118345003955717,-12.247134640254115,-13.58980661859298,-16.66708187615637,-17.57334808871696,-19.619709280118688,-20.637939217973823,-20.072524898417058,-19.4183903864745,-19.945594237034314,-19.962737709792382,-20.476808831998447,-21.035382064847713,-21.141480423857537,-22.780819503562718,-25.283390385001173,-24.973537780993418,-24.445340586671044,-24.888542089441817,-25.434591015523218,-26.00912736442754,-26.13703310798271,-28.57476412920892,-28.931515601530712,-28.909930513719942
-10.106817696124647,-10.405667201022993,-10.881158740917419,-11.049431960615342,-11.205113850859679,-12.309338758779136,-13.30483032284866,-12.863522502628758,-12.198918495169277,-11.215556587420275,-9.223362430226565,-9.256888620669882,-10.445306257506932,-11.068770618689154,-11.810736063313295,-12.862167847490944,-11.849192318970204,-12.276699164242228,-12.818102885074675,-14.239008514937941,-14.455521166019548,-15.154475699996027,-14.869834795721461,-17.306094586777807,-18.83541289147114,-21.665045384287026,-20.705713470262367,-19.47913182513345,-20.80890313731198,-20.432689718354226,-20.37777187992152,-21.185109057063535,-21.87929225201714,-23.767521973582728,-23.298869171633267,-25.778523836452283,-27.11755913262134,-27.608716507969483,-26.86206668700016,-29.59225077139349,-27.275668740274696,-26.849722292931432,-27.98167194408004
