public/json/wind_2018-09-1602_700.json
{"header": { "discipline": 10, "disciplineName": "Oceanographic_products", "center": 0, "centerName": "Ocean Modeling and Observation Laboratory", "refTime": "2018-09-16T02:00:00.000Z", "significanceOfRT": 0, "significanceOfRTName": "Analysis", "parameterCategory": 0, "parameterCategoryName": "Currents", "parameterNumber": 2, "parameterNumberName": "U-component_of_wind", "parameterUnit": "m.s-1", "forecastTime": 0, "surface1Type": 160, "surface1TypeName": "Depth below sea level", "surface1Value": 15, "numberPoints": 4800, "shape": 0, "shapeName": "Earth spherical with radius = 6,367,470 m", "scanMode": 0, "nx": 80, "ny": 60, "lo1": 109.0, "la1": 20.0, "lo2": 116.89999999999955, "la2": 14.520000000000117, "dx": 0.09999999999999432, "dy": -0.10000000000000142 }, "data":
[rows 19 to 37 of 60, columns 0 to 41 of 80]
-7.640449605181629,-7.318030008194577,-7.97863004628001,-8.041149661714766,-8.071750827512247,-7.779381260597715,-8.425852195647732,-8.79042874576318,-9.250387909705044,-9.313970838055885,-9.259958036233982,-9.693812345581582,-9.07150495786701,-9.976075308193273,-9.921939840090838,-9.81788287362573,-10.91384349406083,-12.130708243756429,-12.201857066835528,-13.613913829119271,-15.707785406858859,-17.49547619420755,-19.68520732242637,-19.53277277096732,-19.628415890672542,-21.74703750875282,-23.99049767032685,-24.012957820889884,-26.37475455228804,-30.20863878729217,-30.699125271070997,-30.160946863741074,-30.374027202401066,-30.818365997656837,-29.75100279894088,-30.67154990261144,-33.7166400783808,-36.891628348803906,-36.894784531123335,-38.84019235457516,-34.636969969699145,-36.214450232781864
-8.115627412599814,-7.910727296868875,-7.88784135480741,-7.606524329407845,-8.090132819570636,-8.82534245415917,-8.823711318578676,-9.303895318371445,-9.148197099980866,-9.87417802612839,-9.817682106771175,-10.552454213182124,-10.332494522113779,-10.589994724268873,-10.34186294138136,-11.089542710383652,-11.392961628713865,-11.426617957622252,-12.172227818381737,-13.592772616736845,-15.182005722352494,-16.402600488005955,-18.817957855232788,-20.633878317553112,-21.53727468363153,-23.261232269988092,-24.581960533753644,-26.15101807470242,-29.83519912387636,-30.581041120207363,-30.70894159101102,-31.69504045020592,-31.459795114569463,-32.5433702729147,-32.74659713660256,-32.58743431354449,-34.89689359823718,-37.10505245785912,-39.60837291202486,-37.481320014649754,-37.52409987424239,-38.58086174504081
-8.891774741422074,-8.043060708524461,-8.678809229285982,-8.262642517244284,-8.018004355177801,-8.653132166864319,-8.835489877782877,-8.892272902950378,-10.390259782923147,-10.014141560910764,-11.121680732507436,-11.935081376398932,-12.17431036455375,-11.45948402302265,-11.262331332444159,-12.112348862278804,-12.144479251624917,-12.069948885813242,-12.503466068130633,-12.187312877008782,-13.312130413675368,-15.587982167697726,-18.426802665536897,-20.38450301315219,-23.634172301007908,-23.869198886559264,-24.203405475099476,-26.786675425722404,-28.758371382643862,-31.9944837647618,-33.6217249784796,-33.71221843083668,-33.38612827580091,-33.018883319970385,-34.4365902101098,-34.6760795971554,-35.40607985141879,-37.34419345309487,-40.16505360417466,-38.87367817034485,-36.771622839791,-36.8419289952274
-9.006056644950608,-9.250945447988098,-9.684577428831528,-8.193983671338122,-9.390498207339032,-9.861927395574936,-9.708899440247771,-10.466724148097667,-9.689079660659893,-10.500955670467151,-11.94846833217047,-12.996657649069379,-12.99452745685432,-12.597541880338628,-12.428375401021182,-12.856201233121489,-12.679491942869983,-13.797387323411801,-13.676386458353715,-14.474593956625455,-14.883852066253668,-17.003457489613172,-18.89955748769366,-20.24695434896542,-20.258932640866064,-23.401519061941517,-23.19074162907063,-27.521537275814662,-27.39421107234571,-29.827386777945023,-31.893224695514807,-32.84765755362134,-33.09707059806671,-33.48085742930964,-36.04875478335404,-35.73974673388417,-35.99312993721318,-37.235345431006415,-39.79674408445483,-37.394786374199334,-40.13844173759226,-37.44833640860862
-10.047200321749626,-9.789681624159797,-9.451446880064651,-9.704883721561295,-10.00241894916481,-10.12317349617923,-10.538521191946767,-10.582769502112296,-9.789999633984955,-11.359881478194279,-12.854354446505381,-12.78210816142264,-13.791269091614666,-13.818361654262953,-13.784676687333638,-13.177907312077911,-14.408656936431914,-14.55818151587314,-16.47877163014861,-15.78705357232015,-16.69696653771441,-18.98632585456074,-21.388703276112224,-20.076160058841527,-20.783266615475558,-20.98911879111403,-22.783454779392347,-27.539543048949618,-27.79049008208058,-29.076990638621748,-32.23349559131689,-32.179584976682825,-31.696208824228584,-33.47636072921556,-35.75957342249877,-35.92055529504205,-35.2897625798399,-37.67583803598023,-37.42748144384658,-40.0138421186481,-38.86182197041263,-39.88306147574977
-10.099718805996872,-10.267935768793164,-10.373384353936899,-10.132644840348352,-10.692844102165148,-10.90537841802809,-10.894108813786138,-10.590129296551515,-10.562483896803268,-12.305826228629847,-12.399740450313413,-12.961263854455627,-13.386739533414591,-14.079243045388345,-15.028629175752606,-15.435575480116297,-16.687415328395346,-18.086019058496188,-16.797006128628716,-15.65892950895223,-18.10467674422033,-19.54976458173662,-21.439697818984833,-22.023014662120445,-21.38379333873584,-21.173636227571635,-23.900755444575427,-27.437261686130284,-29.593343672645393,-30.977403620838462,-32.56883580722172,-32.618387880618364,-33.0347364409422,-33.85197727338552,-35.50034047251713,-35.257513052831655,-35.39432891374659,-37.6473651097641,-36.3000282096597,-39.90720901184636,-40.92572610621774,-39.51468746912151
-9.83556946261722,-10.144850565671547,-10.798948351708916,-11.298796503900999,-12.013738043833253,-11.410812145037244,-10.060427660468964,-10.393637847496777,-11.298629878817534,-10.864513165643352,-11.002529450462005,-12.386298633365943,-13.932981389770049,-14.393101350334959,-15.422697333497446,-16.682440396440388,-18.40044416643951,-18.12711837302075,-16.15162664759215,-18.14835432100869,-18.925259757010487,-20.70984934271267,-22.541409362439786,-21.7735995765566,-21.93126907742628,-22.674224923212716,-24.10041432846469,-25.750622913407447,-29.04145112236793,-31.608362968057378,-33.91239493978692,-35.496675723151505,-34.19519391358315,-34.12966950227742,-34.43941893096267,-34.94590216073631,-36.47964490506652,-37.62253964435448,-38.21475454818871,-38.72656089820457,-40.83547595597659,-42.58142858561998
-9.773694270636586,-9.824951670441061,-10.278104769419992,-11.053596726615394,-11.7544327453402,-11.862408205680977,-12.572267560737059,-12.777724778542892,-12.293065401357026,-12.601327742471225,-12.078507261863203,-13.275661612494577,-13.689086366515806,-15.230426414355016,-15.926083250467684,-16.96793465987984,-17.397962770324433,-16.9734597413923,-18.299359423080812,-18.551549656658143,-18.860579082673826,-22.430037981606233,-22.264613604486897,-21.75932661648331,-21.926076274575614,-22.731858574445617,-24.08768159371525,-25.221609061175982,-28.760966823677553,-30.414951109556682,-33.10590411511755,-35.35235999783176,-33.76225293852389,-34.34420462802813,-35.00205717656788,-36.35493836022574,-37.162718921284856,-39.50577322257951,-38.07077751166038,-38.6175594302175,-40.08048493754336,-40.808804884337036
-9.563131382472651,-9.682846952270289,-10.111398449018965,-10.60195709680405,-11.832391178811982,-12.130554200023546,-12.669406503990238,-13.79266580906999,-13.745548287604327,-14.852783447015833,-15.157659174796331,-15.34086515373211,-15.235355174313046,-15.679699369191727,-16.578568850175294,-17.19094724471614,-16.502085974594987,-16.898654835599284,-16.590462131468673,-17.549984398607876,-20.718391285878194,-21.674740982093248,-21.915976958314108,-21.77034733423468,-22.123233912547626,-22.721442863796504,-24.388707898981615,-24.326521430375593,-28.485304610975753,-30.543390514307433,-32.05271755444738,-34.49006732881948,-34.50453372666413,-34.375621477183905,-34.56930997437587,-36.118120451618516,-37.25347873742549,-38.87351911320281,-38.445887224140144,-39.44917753454786,-39.98400686190005,-41.277831962269566
-9.7538351164795,-9.251422707800186,-8.895201296524235,-9.562491410545372,-11.257149678566604,-12.251904425837365,-12.340205610917447,-13.21954638580547,-13.929211027660482,-14.75077390391414,-14.310430393264273,-14.796645304125876,-14.93408548575185,-16.14559506339925,-16.648769945156268,-16.219240009959005,-15.88041361188118,-16.474731605836705,-16.358914162318474,-18.233634804112324,-20.29647149469791,-20.062828720030062,-21.10511782719321,-21.87888941884949,-22.407817362946144,-23.11813039780455,-23.461003197277815,-24.75821143399111,-25.934891702032505,-30.95046503976533,-31.366838137910918,-33.357189277293195,-35.548126510681,-34.88753910853648,-34.36927808438546,-33.96338614894909,-35.81183653716618,-38.084776315499624,-38.022458792171236,-39.91825968945325,-39.88040229023714,-40.72233457008909
-9.74765044272934,-8.490412880872444,-9.464537828800104,-9.649480037075895,-11.402989019490978,-11.486279695616613,-11.34953550567685,-13.03916174953277,-14.467251568141693,-14.7338399198684,-14.299681969941954,-14.4660654940891,-14.995066205423875,-14.711351088499715,-15.37542069866355,-15.350733435208014,-15.568864418639018,-16.075637405095804,-15.77464090304678,-17.74474994594267,-20.45955046045022,-21.309775111284253,-21.872493497078136,-22.22510123223079,-22.39269384875042,-22.56519743252502,-23.833643338544377,-24.813436458606205,-25.079385768968947,-29.666190346743956,-32.189133357631725,-33.46120763145066,-33.4982169150503,-34.48841349042656,-34.60366148297584,-33.51996153256236,-34.9626081246264,-37.230680318040015,-38.432659562848016,-38.206188089767785,-39.614619159527955,-39.62958063802187
-10.00597268651738,-9.721924464025184,-9.127385762030084,-10.856494888447207,-9.635190921332782,-9.23985579082581,-11.510701503140092,-12.328667362814357,-14.261910869380555,-14.900598764848578,-14.29129015466889,-14.208110175851221,-14.354164698459645,-14.597942211515631,-14.610847901739309,-14.631290867200647,-15.480125103940857,-15.971816085549964,-15.714694972369763,-16.84860746791979,-20.122669408904166,-22.99612342179026,-22.81485996019216,-21.830361274814855,-22.45214140744269,-23.215270521177562,-24.187975713970367,-25.89854108310874,-27.72032329493705,-28.89305488845211,-31.03640623446593,-32.828970518508044,-34.15430369809863,-33.43498776688868,-33.943836519211764,-35.22419824734156,-37.26033106045937,-38.08450035540181,-38.18481222992825,-38.28403854629176,-38.97424206337904,-38.7663530007682
-9.252808411512301,-8.63063565502252,-9.777269982054937,-8.939962907419815,-9.494645408558407,-10.612888901542496,-10.705632095353355,-12.0698324837351,-13.70336002638621,-14.602274941397162,-13.757872714346409,-14.070659220849704,-14.545155998446159,-14.94122852282285,-14.764444977113449,-15.164649459058506,-15.791160726599408,-16.457027321715138,-15.901377218621867,-16.76469811372478,-19.65921650156453,-21.76458011783204,-22.516008358260315,-22.470879048781654,-23.186722056872064,-23.936799669929606,-25.885891585915168,-27.020455196967006,-27.804334371609045,-27.566998766166225,-30.123188591197955,-31.49988649051831,-33.77665159364352,-33.41668547324377,-34.187520460599536,-36.07048662955206,-36.26961357505624,-37.07218968673096,-38.00577760911568,-38.87168202476971,-38.79014139064032,-37.966619884133024
-8.76888453542235,-8.908638436214906,-8.501103297647804,-8.599139456563512,-8.652814274970632,-9.743270673309866,-10.617919216794764,-10.895703873062592,-12.776927086817595,-13.656658705850942,-11.985926181638678,-13.850338511343855,-14.077754801131059,-14.833678474461449,-15.174609262833519,-15.395775844218116,-15.401074561694452,-15.843988036801788,-16.26977285238969,-17.017931993598847,-18.69752822367015,-21.451292927245753,-22.640341290255094,-22.64958619387072,-23.03554471446284,-24.171559304284912,-26.322261065110503,-28.728501924064478,-29.697407464183993,-30.363324386979908,-30.29316547671488,-31.10250169706011,-32.698149433670366,-33.166731402932704,-33.50950335780049,-34.994821335729796,-34.391235653534956,-34.14422496405975,-35.7735893712409,-38.51181743826023,-39.184782445136634,-38.97002052112176
-8.793563393402259,-8.559083456095001,-8.334782560647605,-8.354072293749597,-8.808505628136048,-9.243737756977286,-10.141658737119027,-11.615236331432502,-12.54156529076738,-13.774660150289787,-13.017174942489518,-12.797789992674101,-13.526148917290095,-13.994012846093046,-14.767228729827123,-14.753622819154195,-14.731500028191604,-15.142426705595891,-15.652125158748255,-16.35130929423258,-18.613413595089582,-20.82169943012108,-21.786409913891518,-22.59735088940169,-23.78692466992077,-24.573954773473147,-26.74982682547139,-27.767332806822495,-29.993889172536264,-31.969007468265016,-29.83571205820698,-29.283571479615766,-32.07513148468038,-33.860046421666546,-34.51984067298196,-33.87787601375563,-33.81279629904606,-33.41525229884428,-33.87387526717545,-35.829226618800476,-38.205753993033696,-40.4835954439243
-9.665809476328155,-8.423371801757746,-8.783725317679966,-8.899819900836215,-9.17950287936089,-9.54128139049925,-10.314624488980968,-11.447864416380167,-12.138418924946413,-12.688577357504965,-12.680499502008159,-12.549161908917181,-13.036404625228135,-13.003346222421502,-14.210728389510454,-14.024625309661234,-14.777606664866578,-14.593873113210773,-15.303969420226984,-16.46543701911533,-18.539023806151334,-20.640973803285863,-22.042862526195442,-21.889685828290556,-22.3480959519468,-24.753800311172135,-26.99733184955126,-27.756352364316758,-27.741293367138447,-29.672801939578697,-31.406004944240628,-31.931988338986457,-33.234435091729985,-33.61214679041812,-34.38243698672349,-34.38794220570912,-34.23864954392373,-34.2563739256332,-34.16391671868129,-34.84983739580399,-36.83609601429215,-39.42284176872258
-9.945039590979873,-9.103872173773542,-8.592144322301356,-8.873683446012961,-8.827524024617395,-9.365427540057224,-9.945943586123812,-11.622717126130013,-13.500132959125446,-11.90987511881892,-12.669220505587958,-13.371003333873162,-11.973820558475094,-13.031498543026665,-12.882790424778817,-14.674804472249823,-15.946519198166575,-14.956159886456547,-15.986599441144058,-17.509010018671514,-19.01905809932708,-20.548988309898355,-20.97881489559743,-20.60147466325818,-22.579685554888247,-23.59723622078281,-25.96444476025483,-26.306629855101672,-26.84736230235047,-29.178715871880556,-31.36890711091924,-32.373070725685054,-33.57309149779276,-34.58685004552544,-34.1512432863876,-35.01291252499113,-35.29988575631321,-35.276391040816975,-35.41281084473052,-35.807825214242264,-36.010624035968696,-37.77690992199705
-9.739155863196792,-9.423155726631055,-8.942946448303452,-9.162414757021772,-9.269189120237217,-9.12702496844376,-9.938801038452393,-11.881237395140815,-12.927371068464844,-13.810580205445389,-13.591011973424425,-13.847581890094453,-12.91194979594987,-13.008985854904932,-14.91233486959489,-15.16967244294537,-15.791103831078203,-16.214358056267304,-16.28539144926521,-18.138423421719345,-19.22939926471743,-19.557222500505326,-19.359492368123234,-21.334138096335828,-22.655980598339074,-24.016457847611164,-24.624213211633077,-25.739330435637584,-27.215858861575303,-29.298631430352415,-30.64991556535542,-31.725927812565402,-32.79912353685599,-33.63293334079371,-33.6476215274004,-35.293140661478205,-36.15248705510499,-35.778097047599665,-36.61075585426365,-35.98925043614316,-35.41852746618226,-36.10631031974253
-10.268305269973053,-10.919805959052342,-9.8081332907804,-10.127025414174252,-10.662867527576578,-10.88642412177458,-12.050656748900863,-13.09456981535533,-13.910553547122145,-14.493676484298602,-14.247234147001837,-13.553791980315319,-14.677061151794952,-15.023147318299591,-15.166619309272107,-14.18868738100171,-15.523569472267834,-17.413076451140586,-17.078733646995566,-18.87248309469343,-18.761734715226247,-19.401654447596602,-20.239024228036442,-21.79758257047109,-22.352036596302703,-24.341851103836333,-24.71343429049892,-26.858983641435415,-27.882976893989603,-28.063654717845452,-30.92472294050065,-32.44100964514083,-32.4758350163156,-32.94988142784638,-32.49145515302504,-33.12756251919589,-34.397753191431065,-35.952128466566876,-36.170921949648374,-35.46512789817945,-35.925487011554026,-36.28162309243524
