public/json/wind_2018-09-1520_950.json
{"header": { "discipline": 10, "disciplineName": "Oceanographic_products", "center": 0, "centerName": "Ocean Modeling and Observation Laboratory", "refTime": "2018-09-15T20:00:00.000Z", "significanceOfRT": 0, "significanceOfRTName": "Analysis", "parameterCategory": 0, "parameterCategoryName": "Currents", "parameterNumber": 2, "parameterNumberName": "U-component_of_wind", "parameterUnit": "m.s-1", "forecastTime": 0, "surface1Type": 160, "surface1TypeName": "Depth below sea level", "surface1Value": 15, "numberPoints": 4800, "shape": 0, "shapeName": "Earth spherical with radius = 6,367,470 m", "scanMode": 0, "nx": 80, "ny": 60, "lo1": 109.0, "la1": 20.0, "lo2": 116.89999999999955, "la2": 14.520000000000117, "dx": 0.09999999999999432, "dy": -0.10000000000000142 }, "data":
[rows 0 to 21 of 60, columns 0 to 48 of 80]
null,null,null,null,null,null,null,null,null,null,null,null,null,null,null,null,null,null,null,null,null,null,null,null,null,null,null,null,null,null,null,null,null,null,null,null,null,null,null,null,null,null,null,null,null,null,null,null,null
null,null,null,null,null,null,null,null,null,null,null,null,null,null,null,null,null,null,null,null,null,null,null,null,null,null,null,null,null,null,null,null,null,null,null,null,null,null,null,null,null,null,null,null,null,null,null,null,null
-0.1081670285065395,0.5851788587438079,0.9417624136851814,0.9575960094596856,0.9513528639341062,0.537203128541411,0.12795165589919788,0.0934390188948338,0.19493591655693743,-0.022758877174075626,0.12043968219316052,-0.5837167889637414,-0.7444533995716517,-0.6634070310362781,-1.1332400123829376,-0.456320450215269,0.6625967646327485,1.879262440299727,3.2149721645922718,3.0273824638031988,2.6058192331829253,2.609472082622151,2.5892944756469074,2.337037728739947,2.0214350355191564,2.1228776468150667,2.138187070939734,2.1826323729448363,1.1983004530590633,0.4405861012407835,0.7446643304327668,1.3988590270879229,1.6827672169489665,2.3977265647319252,2.1683003524280213,2.5271210751473134,3.0681709120114213,3.2500428066876186,3.79565909122955,4.4750737773779905,4.8019472540791694,5.1013430735980805,5.567187018434406,6.414930217735995,7.2628677482126225,8.407599839921925,9.560172923996255,10.2692094522167,10.784517584997321
-0.9582502666545503,-0.17112247669762853,0.03763047568966643,-0.13503000023078418,0.07981074925493177,0.03863649970246026,0.1931426759326378,-0.1148293575723273,-0.7641490582109982,-1.9302911699892515,-3.052915377623853,-2.2590581028991084,-1.7512912326396655,-1.1139533260975958,-0.9021324084333636,-1.1025826704931592,-0.025276870095945196,0.9865489766844564,2.2892797117821457,2.652798437731817,2.3900715219545017,2.3376012434126543,3.1694544309597212,3.7903396679726833,3.408480309071289,1.2428319899053908,1.5857978041747616,3.047365712137129,3.6899830272076675,3.9914132571602545,0.8918112497545772,2.7503910481968523,3.164505198083797,3.2149835428348497,3.187596877250912,4.165567075887965,6.19076901581993,7.692857604453607,7.996684974571208,8.097973428504346,5.447445401456426,7.92586002269609,7.068810107761165,5.996884683108801,6.937253471112584,7.52536951410932,8.46599525036397,9.004963304144896,9.874600196323463
-0.7918867136008401,-0.3520962344470858,-0.7109259035146805,-0.7894215261817086,-0.7389734598548021,-0.14539610379701662,-0.17818783648413675,-1.4231742265842473,-2.483401530492034,-4.907221677713454,-4.90731224115503,-3.460624546964472,-1.257726881217649,-0.724941888613948,-0.3331693520005301,-0.7419772171134793,-0.9360847605003364,0.3213490346297476,1.1104942071719368,2.2404631441668204,2.5839500572440155,1.9222227493383603,2.7174469532877508,2.69724534101565,1.1149974072638766,0.4175974669891307,2.55516024623314,2.9926365801398886,2.474790901038376,2.7899066793693033,2.414404958294542,2.275339792754653,1.0776355421297708,1.7514351652701003,2.260163943725064,3.1986186558300203,5.41981833911986,6.881763429126181,6.618924234253301,7.462136989832813,7.624972894685534,7.421184933342113,7.641938151723651,5.240485008540592,5.88749351131605,5.803580359638781,5.831204827275229,7.27639986926933,8.169261194201246
-1.4284701919400664,-1.4153767122794545,-1.48451884249231,-1.5941535738325028,-1.4073842620460062,-1.1120976629584098,-1.2941124580298795,-2.3990776522875725,-4.7053269569838,-5.6520057916467135,-5.076260516869697,-3.881352477543015,-2.030292881533791,-2.1641291174128967,-1.8937420791688497,-1.7588797147731872,-1.1606551007399,-0.6337517014636561,-0.1339364289281813,1.0650912175933416,1.760669606400689,1.651736078896448,1.1855142728883616,1.6424845233857008,-0.06920361834179219,1.3433041198203524,1.556369027441847,2.2475046333853212,0.6847822455349952,1.4659058550221247,2.000550808418084,1.208081294975019,0.8725455838908744,0.992333989034487,1.6093829865827507,1.9314093418400118,3.655400120414869,4.024466242110622,4.223708482824618,3.9841499780663696,4.7438238177808385,6.261595465537147,7.271224076894669,7.074399832835589,5.300563155709461,4.340427978576381,4.525984833200336,6.556597934554226,7.919434646435526
-2.754806116411982,-2.749090314628705,-2.500164539141088,-2.4140996478671015,-1.9701084686175916,-1.9333097924722578,-2.345486818502859,-4.107582992475043,-6.5528639459286975,-7.5610610752926135,-7.672492128169347,-4.859576529575411,-3.5280437260176245,-3.211319526719128,-2.337107629732743,-1.6282616256072133,-0.7961110688207135,0.10722369529032069,0.6110952588990699,1.367500605102607,2.2636354540156485,2.2193405403711424,1.2489794428962904,0.3513414954441241,-0.12252265360942918,1.5665597545797318,0.464430301389348,-0.47991375470973624,-1.0368944324681613,-1.021825697059979,-0.374632119215646,-0.94846488345801,-0.5923093160843307,0.12477323183490655,0.04600835921715029,0.7730940582285892,1.6892429875318393,2.6581290720390744,2.68850255398063,3.2359479326308658,4.038713111296916,3.7967944936952756,4.335247918889975,7.005551246081092,4.988456082531066,4.831446874908634,4.182507735885374,5.912075572529517,7.2691130387637415
-3.922777191071196,-3.661556959306715,-3.217016951145624,-2.813410315641299,-2.5353426306438323,-2.519753323902549,-3.4066851414104855,-5.821839982924645,-6.892419877476765,-8.423751918754766,-8.164289368202958,-6.714960715409142,-4.619192838329479,-3.963170578406114,-3.1642198672450395,-2.11188364727994,-1.0000485272742887,-0.4971412537440953,-0.13429400989300938,0.16485846012009195,0.8558751005586631,1.7358607644937014,2.155028312293155,1.8103895703789972,1.0918985068281348,0.5351248100904604,-0.476945029642966,-2.337388704274961,-2.959053602108911,-2.2318244624944223,-1.1387624635440872,-1.2955342467359379,-1.1946489400571694,-0.7020242359025131,-1.34606421604281,-0.8795279767469165,0.06889029350053705,1.078381897964919,1.5179805612536326,2.310333536128609,2.366217594177681,2.2343905233054073,1.665947622045699,2.4450638893777668,3.183517103287636,3.207344186220137,5.219856606261861,6.055653215268352,6.879403926874451
-4.824588506172143,-4.544642557633975,-3.804278458176278,-3.674863336900982,-3.6331529775581517,-3.3618731215867395,-3.644111579096783,-4.820159139501618,-7.103459480879669,-8.133986680502144,-8.21216569199754,-7.893556802615341,-6.756441372720309,-5.81117020480413,-4.357602483004868,-3.0189430950937055,-1.0506141007739025,-0.746943127274687,-1.0535992893954909,-1.0439873869836218,-0.8054561068628242,0.3465398282532929,0.6475953234137287,1.1421640272823885,0.5432203380838838,-1.6932946942224127,-2.467067319848571,-4.159891990305363,-2.1188222109469486,-2.360736180082453,-2.845115768026968,-0.3979390249723117,0.7082516369764619,-1.227965738511764,-1.3972636334162676,-0.6436459635404383,-0.3682023879409355,-0.3719258130249517,0.007779520405934014,0.9772781670755659,1.7601075283007517,1.4993822304035915,1.379663555034653,2.3200347295735453,2.4752696961545437,3.381930393043963,4.441795621019971,5.205069047051681,6.171687342938289
-5.630824930226721,-5.289083020624344,-4.672610706830352,-4.816514431457263,-4.465700665302892,-4.180783657340516,-3.5118809628062913,-3.9776887577241533,-6.057174676620194,-6.465586425998535,-7.061804934444512,-7.30362993563878,-7.149161562724132,-6.33290494139102,-5.5183858448037615,-2.9179349225642106,-1.7660307841729925,-0.9006100164739708,-1.359120571038282,-2.1026949915515174,-2.599575930151883,-2.2503163866183766,-1.6017334092583193,-0.661791195179874,0.018379731441444395,-2.103784600044138,-4.136363410891578,-3.651221727743088,-4.1109432394084715,-2.0983754397781933,-2.243972393022635,-1.848416116908974,-2.6894792664779064,-0.8761348957429772,-1.1942965696502252,0.2148668533859206,-0.4600685176652728,-1.0706723415187038,-0.8693752008115911,-0.4009679942338932,-0.5801695411204114,-0.9720558986439706,-0.7501357329453289,-0.09238517251661763,-0.11121848910080251,2.168757659780553,3.59257014583158,4.412542485578733,4.872751690675218
-6.0085954161517074,-5.63694275427815,-5.1179490738559235,-5.354522605719579,-4.867193730753945,-4.6808194649825,-4.8599343049845025,-4.5951908085293,-4.5841365731596895,-5.6171289666705,-5.652988045877822,-5.707828260495701,-6.512569862779975,-6.08148492392947,-5.127906534258894,-3.5186763006586164,-1.3314748357692163,-0.8692873809135007,-0.3639364406075616,-1.6212329234535976,-1.9748159025068055,-1.5509536938806097,-2.9927680453280785,-2.893184527469848,-1.5010036922720693,-2.937594567819983,-4.794126264161376,-5.646226781082139,-5.864923553050063,-3.0237736428037185,-2.3410870493729026,-2.706151519255433,-1.75988082101112,-3.0329386505578224,-1.3070031627224374,-0.9322873023925913,-1.4263231015498996,-1.628247063915238,-1.6777393678792558,-0.9213185106191015,-2.239519078910113,-2.4899669223160634,-1.759634725276426,-1.4193193449381332,0.42665945967810404,3.0803748165205125,4.250368243141757,2.099909912620664,3.031818937758832
-6.0849960263806775,-6.149748743547247,-5.855353751527527,-5.6339940588349755,-5.391525004468147,-5.290286484253843,-6.12100169954577,-5.935272013571604,-6.020617289609733,-6.331812723212496,-5.125533016151094,-4.992396699953183,-4.577752431048293,-4.250081475267914,-4.192856521752914,-4.279015024274151,-3.003726143307725,-0.5591050761628603,-0.3298749143355858,-1.7209507509754742,-2.094400957617848,-1.6277207398357956,-3.009895317836331,-2.770586720496849,-4.020753190686901,-4.751865823445129,-2.7232917394862017,-3.549799744553642,-6.7081008149982795,-4.903499178062396,-2.4050298584533842,-3.5384906358591444,-1.3634086959499154,-4.198360805559198,-3.7130935405616907,-0.08101090828773624,-2.666414808075685,-1.5853115484953868,-2.7786219096879936,-2.120088041713671,-3.1224786284916304,-2.148385219789776,-1.748427133118771,-1.5134104407505085,-0.3957414846131416,1.3813655868496808,3.343825097896179,4.1304070321328314,-1.0768851866540574
-6.574520744312986,-6.7916419849684395,-6.456413464119235,-6.473010926048971,-6.440547371800327,-6.08924408043458,-7.201440652761252,-6.935400255508847,-6.288357819981999,-7.119406016020797,-6.681880436509303,-4.598537727845532,-2.9799819040731323,-3.1911217919249166,-3.535708586553392,-3.474560977103414,-3.483579199876964,-1.9033862025273702,0.13062080816590788,-0.20521144087465915,-1.8743222193052107,-2.5714365313502436,-5.18294528125823,-4.437007556060434,-2.788262952344683,-3.6122480534630634,-4.037870359299333,-4.948959310985422,-3.7299079622993276,-3.0054167154011817,-3.3068936240366646,-4.90081481525287,-3.974564220130585,-2.973189487620778,-3.5061735747921143,-2.097635510407209,-1.837487318840258,-1.9800783435043599,-3.1012847154130725,-2.673360975362718,-2.688036718578138,-2.4705430248320344,-2.7449188691791306,-1.724719794364826,-1.1699187654639653,0.5177182026426175,2.3549538414541233,4.881050967755232,3.528622901153775
-7.509102694367662,-7.056149923503902,-7.678531758262114,-7.34455274681006,-7.571437898943439,-7.134055506886179,-7.812919480168866,-7.973289063437801,-7.892958672037726,-8.025103212118255,-7.6345294641515,-6.611048632175406,-5.395371933412461,-4.6067407085477745,-4.078538346544072,-3.1879826576264767,-2.717624391369443,-2.3191153820322703,-1.7228994974349576,-0.0896110249079644,-1.692940885313687,-3.5795155997622743,-3.374614263172357,-6.339921254728611,-5.458437831628156,-3.875964962808442,-3.996292487237752,-4.000430669526209,-4.33002241248476,-3.06037894856419,-2.793097214606996,-2.2243542073568583,-6.34186402476495,-7.240785407550306,-4.038089084592961,-0.2935854341063527,-2.2263171426178117,-1.8927346385212038,-2.9515657955399677,-3.0077835385060068,-1.011995928551759,-2.2933339315704013,-1.9150397740710003,-2.105282573997785,-1.182568842829941,0.21118243049288676,2.842462251664008,1.3379308236337148,-0.9110297586889284
-7.782513058506902,-7.509121666849501,-7.8284042989019405,-7.511325356956166,-7.717563041123031,-8.403222672119782,-8.2243009152301,-8.951308860367105,-8.717615416721783,-8.98755029494331,-8.68726552748878,-7.3602963524380165,-6.343761255861618,-5.7449527235742455,-5.539607311066005,-4.304648454503937,-2.790535559767867,-1.501087730980355,-1.0803501411721361,-1.866101023871892,-1.2415197317314064,-3.320849375299977,-4.02248531689497,-5.735587422723874,-6.977293029307894,-4.475376926933822,-2.060092201406616,-5.614752379199183,-4.9919986449185245,-4.310908276923522,-3.4343004767981653,-4.072150377336834,-2.6379691335855426,-4.055960031897928,-5.604249290969676,-4.598049381932416,-0.015677925132030958,-1.3760410849667446,-3.227059869179177,-2.7736226099105346,-1.9389313655008285,-0.5654637211142952,-0.10695796966398304,-1.3468230679709092,-0.6320004335803706,-0.3750183432392843,-1.5979609076890557,-2.896269157898339,-1.6600921290325477
-7.959940624921624,-7.933704238248541,-7.91253851332357,-7.844013838915204,-7.561227377049567,-8.375883124144728,-9.084108720940153,-8.717805359218778,-8.892155092651139,-9.237364120273641,-8.8115003945654,-8.131835867304098,-7.248168947089706,-6.477001302743001,-6.047886478634516,-5.017954953415982,-4.137689804922843,-2.132040454350605,-1.09926412064586,-0.4820135652275385,-3.2949842070953093,-2.295965805142682,-3.221718570132512,-4.608844825989718,-9.368698940225016,-6.869312437683612,-3.723268050365721,-3.766144204585225,-2.296397486803608,-4.347036714450948,-5.90184053013724,-5.503446869656719,-4.440519105041233,-3.2819452245070293,-4.79559712037993,-3.960902459865868,-3.0540699357601166,-2.5142788376002616,-2.6733188462768216,-2.660381157226322,-1.1670703028843163,-0.8499234962659185,0.07711638336512923,0.18002934960862302,-1.2459387303888794,-1.270208675230625,0.14988135676429906,-1.1476163694116925,0.378420956123381
-7.230893399136529,-6.860986185815388,-7.605468069727184,-7.317364710653807,-7.834077005962438,-8.896334959113398,-9.361970531804637,-9.001113661351088,-8.86259250918152,-9.004516386969655,-9.629221469964305,-8.85444423875693,-8.055460458221742,-6.366528780272089,-6.620786541200539,-6.093856380615016,-5.705803411120409,-4.082565763706249,-1.423529180831651,1.6828220184045581,-0.4139149430275379,-4.220795570637472,-3.4321274998699276,-2.0480449178199143,-8.442257522441174,-6.540797853835096,-4.059748909423824,-1.4888092529203456,-1.120561024547016,-1.8542783150492448,-6.121846293869353,-6.369547690093174,-6.185093195409286,-5.128555410249465,-5.147793017893805,-3.668498159628535,-4.115247607187231,-3.57632696348214,-1.5466601460140914,-2.7241076481438946,-2.787423216815162,-1.8814167382251585,-0.8139379385537182,-0.3546636776110611,-1.9152948828405927,-2.1604346817492863,-1.807447384267188,-4.071438343407836,-3.0455361446418827
-7.428194036195288,-5.507713202656661,-6.3443892239647255,-7.6638740586038105,-7.377644456748311,-7.69372123698698,-9.580244673517582,-8.532315226485215,-9.239418417685936,-8.707773868190811,-9.110187734204395,-8.545000390360352,-8.056525656533335,-6.620918107256592,-6.494606365283809,-6.195870369707286,-6.067125809568598,-4.938822913301373,-3.1149001451133804,0.6884057357606203,2.771084774367982,null,-4.49673341574181,-6.4948443808055085,null,-4.604136381880523,-6.843246749125862,-3.5314869030971483,-1.6019855385877813,-1.59129100356737,-3.4116525983365036,-6.9688680676225045,-5.830324261194815,-2.3617409293887937,-2.4810804743261734,-3.0617822718943106,-5.230527482680729,-4.6245709924077465,-1.452543608147464,-2.8952887631669038,-4.107518186607649,-3.4219153057994,-1.3786013672777502,-2.9246852116944497,-4.134589788736459,-3.9017811150194976,-0.07166411961348824,-1.0877280199335966,-1.2854097622767628
-7.914106095434848,-6.957321238396859,-5.200744489307598,-6.508487604356624,-7.153130430127356,-8.120340160153834,-7.207078522464658,-7.916378653783312,-7.02243398372916,-6.5964664195545115,-8.65625503244395,-8.423654831617814,-8.198173950780404,-6.980063580234583,-6.90085690273009,-5.910183564853143,-6.523086852877588,-5.548586410486016,-4.172304302327615,-2.230646307264982,1.0485010635044942,null,-7.068559941464141,-5.293666080593852,null,null,-3.5139488559996126,-4.922367088180977,-1.0773784281086516,-1.0264351904629143,-4.002540932740738,-3.354686464015711,-5.232424739844282,-4.087635947232424,-3.848324264466846,-2.1744724665885937,-1.0837195288922483,-2.0168524059465223,-3.436431721931925,-0.6409685717571714,-4.331449295636645,-4.176007632751976,-4.663244158029051,-0.9318840397483823,-2.876988459861426,-3.200416786235987,-2.626131341764824,-2.429881876854359,-4.157259341514762
-6.065035210007965,-6.266769789855189,-5.388177338775792,-6.3787857332478355,-6.954803023967504,-7.7680180870159985,-8.958164757149351,-8.598031569457,-7.938367825476863,-6.380620669250999,-7.011710644782321,-8.349795987662517,-8.14259146907026,-7.025530773745578,-6.430461500005515,-7.044318831886547,-6.808274218432971,-6.04475768588089,-5.11571088411787,-4.626105124950128,-1.352258521003322,null,null,null,-3.5905904336140124,-3.3149699528954493,-3.605033258807702,-5.651414425713107,-2.182028842179138,-2.9630163878813747,0.4905806479048744,-3.393146526571317,-5.113326740599146,-2.417571249962996,-2.4158159097635,-4.246409539050967,-2.3552436589867582,-1.0500164750411418,-2.1359595666393703,-2.015882644745201,-3.8384191937390417,-2.4525417534228477,-3.4300527804518555,-4.875377946572271,-2.493819347233241,-4.2426067079985925,-3.9696765564134537,-2.861005359033154,-2.75126931855999
-5.6123419737305476,-5.5980301083567765,-5.842167695350552,-6.63131203604803,-6.911034366456706,-7.343049778182266,-8.358758759194366,-9.602438478746716,-8.577703519579003,-6.491376001262268,-6.158055545479158,-7.061992600714447,-7.841630091831868,-6.337106766352939,-6.847868608830829,-7.798079029695082,-7.778068926159286,-5.708286431363856,-6.040697522046601,-5.108557217587605,-3.4994370722813963,2.1982999465540574,1.3305840003753762,-1.1960262569066729,-5.47792713135283,-5.598127509704247,-9.634598009704735,-6.559926817732784,-1.509720832115586,-3.2450832703549666,-4.581659453182196,-1.4779907639857126,-3.744523871160802,-5.719749912275288,-4.755979656935889,0.48002795816600835,-1.712852655022652,-4.302780992489335,-3.5238946891944862,-2.749383904569615,-8.586863930203783,-4.020890129916365,-1.822111647231683,-2.493162143512536,-5.238102917599523,-3.002767677201688,-4.793291757829454,-5.359267904577846,-5.427131499976006
-5.421762701220958,-4.745884281837131,-5.214229298776223,-5.279276281623932,-3.1465709026144353,-7.837454338736883,-8.558822522050727,null,-6.491842014150168,-6.974426587076979,-6.255527984165052,-5.144577052554156,-6.74959783239802,-7.461352005479455,-7.0580318925760235,-5.319383901714106,-6.515615986686109,-4.911214301490331,-6.332694461642745,-5.532084349656442,-3.9721103004352956,0.49994032007777855,null,null,null,null,null,-4.822411318011731,-8.553474626087313,-3.344572927017295,-4.452478078025366,-2.6832409687048893,-0.7866887639885919,-5.013685978428871,-5.0418653875230675,-2.982209596521443,-0.9100737075114185,-4.4734058183535685,-4.808092348160921,-3.3703194411913104,null,-2.9206099839836956,-3.7498018491355922,-2.6937348855516894,-2.921435528064598,-4.528396404410523,-5.374757007914133,-6.599799291653073,-5.755003601251164
