public/json/wind_2018-09-1523_850.json
{"header": { "discipline": 10, "disciplineName": "Oceanographic_products", "center": 0, "centerName": "Ocean Modeling and Observation Laboratory", "refTime": "2018-09-15T23:00:00.000Z", "significanceOfRT": 0, "significanceOfRTName": "Analysis", "parameterCategory": 0, "parameterCategoryName": "Currents", "parameterNumber": 2, "parameterNumberName": "U-component_of_wind", "parameterUnit": "m.s-1", "forecastTime": 0, "surface1Type": 160, "surface1TypeName": "Depth below sea level", "surface1Value": 15, "numberPoints": 4800, "shape": 0, "shapeName": "Earth spherical with radius = 6,367,470 m", "scanMode": 0, "nx": 80, "ny": 60, "lo1": 109.0, "la1": 20.0, "lo2": 116.89999999999955, "la2": 14.520000000000117, "dx": 0.09999999999999432, "dy": -0.10000000000000142 }, "data":
[rows 19 to 37 of 60, columns 0 to 41 of 80]
-10.64815740732089,-10.152710311657394,-10.196308924664688,-10.197723136325463,-10.319762251427395,-10.69552235602019,-12.01406123376929,-10.675380999415811,-11.064617876418286,-11.028026144159739,-10.243030354060632,-10.655443999765259,-11.349672697515567,-11.8986566589085,-12.353986700340766,-12.984080710051886,-13.651055399924767,-13.590163919780203,-13.071732260572677,-13.244345159941565,-13.673849057672015,-12.647563561698327,-12.646451195934707,-14.192362719874675,-14.201171977921073,-15.090406171900693,-13.903511142067813,-14.709482878024836,-16.23993338223579,-16.74346166000763,-16.519954219613954,-16.96792106976921,-16.879789635998726,-16.264406246814616,-15.844700048708393,-16.94829612293546,-16.477613558234882,-15.856473946171981,-16.679798616046533,-18.41102714108202,-18.085374320331294,-17.572394104195237
-10.843584074352002,-10.75890705383796,-10.611439455896681,-10.517867475160473,-10.899667765542457,-11.136782917193061,-11.036959793540504,-11.21676407792653,-12.23962659682046,-11.003058047667226,-11.509550905383936,-11.054813729089746,-11.347135571837168,-12.061817154097188,-11.798843405171983,-13.795236315780308,-13.998058475950693,-13.688765203776045,-13.386333479474269,-13.794477813187914,-13.462607790499979,-13.759543129269856,-13.478022567354287,-15.404099300334885,-15.171610828266074,-15.4753129444498,-15.498391016212636,-14.807039295936319,-15.279374839179876,-17.496342555106533,-16.86640711236993,-17.355736912942966,-17.700034854346374,-17.62326493546172,-16.880405820835637,-16.164281543962556,-17.66244152011397,-17.8455532560308,-18.204063103173564,-19.812677800595633,-21.652054074188236,-18.406735073778393
-10.675312684717868,-10.736459936649874,-11.69019049233058,-12.031355656005527,-10.871670526652823,-11.088188193550529,-11.723887489817677,-13.201661031541857,-12.990525191174612,-11.67464931691782,-11.618432191629225,-12.150598367752524,-11.091312564366227,-11.524234771506418,-13.089208225030964,-13.522435349156215,-13.430002786099472,-13.836397025268688,-14.257622993749694,-13.415037436668747,-13.228509776188957,-13.306036871835563,-15.688458574424038,-14.366051875705809,-16.092660820964895,-15.871732338599461,-14.07422203369248,-15.373940955745736,-15.989247597041125,-16.098726106120726,-18.10480072231251,-17.27528965152053,-16.604941615558243,-17.060420233135908,-17.8083101612753,-18.08023824114063,-18.954276600383356,-19.595890614004567,-20.059815579558034,-19.98703391153449,-16.427249428050093,-18.523334964376375
-10.83064828151934,-11.319446802128496,-10.96610674869735,-11.921455589158288,-12.357232368648205,-11.890207763324822,-11.28653849664671,-13.289236599822365,-12.747820311136811,-12.631335617303929,-12.852460658729814,-12.664766427699918,-11.791235965551403,-11.180425772209514,-11.2345170749907,-14.405203940101758,-12.817450591101547,-13.602169225673954,-14.238076063631874,-13.975859334392458,-13.884027688964812,-14.683762740519718,-11.219969781680433,-9.702590098915316,-7.693540450957505,-11.695184785367681,-15.33106355718402,-16.399934684015854,-15.836604327898074,-16.92116024247845,-15.443766080177332,-17.101375718760817,-17.03334313165294,-18.283059178722226,-18.348617571435206,-19.458265398466835,-20.11246788595778,-21.238172027777292,-22.49930218885081,-21.23611754198547,-18.572806538440958,-19.09846647207896
-10.349276860977499,-11.298772769803413,-11.918143968674261,-11.271387440132077,-11.607291205289602,-12.749894849367921,-13.184019142426811,-12.213745273849252,-12.831533763724943,-13.897320354635507,-13.422083999432907,-12.972266774605773,-12.194868805558814,-11.98713880588165,-11.302846804778692,-12.676109103470225,-12.884908525601427,-14.227158597382983,-12.676663595654777,-13.06457008499488,-13.98437869886609,-14.204455330597227,-14.414214231445671,-10.473798324341669,-12.003358877395579,-10.761709329757075,-7.12453728669524,-15.06342688025211,-17.14407861600492,-17.363014984003538,-16.901626421259987,-16.08024258654219,-17.566735217926986,-17.25339509579209,-18.53529584766195,-19.669799789074098,-21.82238183458005,-22.991754579527065,-23.714376503583928,-21.116712391725795,-20.457371857127487,-20.384045889038386
-10.685443943679449,-11.159190356796625,-11.765958670709116,-12.290797486761967,-12.462157702046149,-12.971835590400572,-12.90201326079324,-12.721880917294511,-12.941009478668603,-13.020054738973382,-13.335131157323,-13.254469318298797,-12.440677348452379,-13.048446430910694,-11.776909109230619,-12.746338315227383,-14.534905853270422,-10.809085157019569,-12.655193830095175,-12.74990916881191,-14.181631555790524,-14.699641107601675,-16.097740552320655,-14.017331796595215,-14.048183464057145,-12.61825974752281,-13.058191246924657,-13.543614908070715,-15.967814922506806,-18.041692300998953,-17.635851646966913,-17.367822512365272,-17.160416597409654,-16.593683041260277,-17.69173912989381,-19.565563424195588,-22.45931478769903,-25.706684875976684,-24.507869954747306,-22.425661623030585,-21.70434547668524,-20.463174757413945
-11.16506299999373,-11.517868625047804,-11.916502112860774,-12.549876156919094,-12.275293199489864,-12.900631535474012,-12.207903423863414,-12.95803546286662,-13.792597115017113,-11.741054439299775,-13.067696220742203,-13.418174437207467,-13.419287326757221,-12.764391283575812,-13.412587098501476,-13.577545173265733,-10.933609284246227,-11.743228885152613,-13.149711775313246,-11.296307772601907,-13.262333157656785,-12.280890274069327,-12.278216670959779,-14.34919010860913,-15.398635941577037,-14.695961068626024,-14.675141366862409,-14.805909193961325,-16.109862470358525,-16.96914018151292,-18.970019190603075,-18.644209453318858,-17.704250955807083,-17.135816758444612,-18.24939061578076,-20.66989837335615,-22.580657654365858,-21.67397686453389,-23.575261885247453,-22.247798111105357,-20.40621248504155,-20.150511027262308
-11.06604781830803,-11.685406556612973,-12.64282248387537,-12.611315205413447,-12.676727256118086,-14.155447405894154,-13.601084505272313,-11.432507736690008,-13.663291313860803,-12.58886938686678,-11.611444076270717,-13.61025391125003,-14.015636359484308,-13.936879809570113,-13.073047402829179,-14.156053277119096,-13.175900005977848,-12.276106386845763,-11.80679317486491,-11.17061143452061,-13.103835478355531,-11.480248246826548,-13.550168123307262,-14.313023477390157,-15.759986660701687,-15.276044824506133,-15.702412006360383,-15.649204560876118,-16.908054270623236,-17.441768814487464,-18.30593312918601,-19.2653330372518,-18.739288866329076,-18.840137256966713,-19.131735573237773,-21.13855020985158,-21.8451754629764,-21.128941314958553,-19.381007641116593,-20.492954628944698,-21.528836975498105,-20.69352376844211
-10.69706130664828,-11.279919142663921,-12.183165273990813,-12.605468726952008,-13.54732701759423,-14.389763883721313,-13.729853750961789,-12.98726642383958,-13.821963432778583,-14.05433302509891,-13.331287819679055,-10.501422799229026,-12.985606141199844,-14.439354590475055,-14.627517394613891,-13.953484781562619,-13.931165013207455,-12.835830220171333,-12.479304220849773,-13.351657746585285,-13.605070243909537,-13.703158836368882,-12.77063783139733,-14.781565750991371,-15.703633518712206,-15.55301454604184,-16.488250037713385,-17.324653748488835,-17.718738163136074,-18.33256735387106,-19.015299985162088,-18.897022800782047,-18.842341567867507,-19.162826984329673,-18.46232101033351,-20.85456048243827,-21.37850454122902,-19.976792500557753,-20.687250620555044,-21.078976161101153,-20.67855460815551,-20.81131262112831
-10.370088686597663,-10.696067350840552,-12.063323935013862,-12.881728575179572,-13.790051925940618,-13.546642010373914,-13.651600137752194,-12.821467719892683,-13.617640295012345,-14.777558347547528,-14.293088267005736,-13.855531604084549,-13.141643604246482,-11.293051862011875,-10.55408868760048,-12.164394350231136,-13.772482152026086,-12.247584214251168,-14.445815439657185,-13.729604607858606,-14.023962888028786,-13.843098015200983,-14.224169667292243,-15.036830348899677,-14.876029378172484,-15.57044474478587,-16.323632375331954,-17.68047703436805,-18.491190903877772,-18.398339775403784,-18.672960795835447,-18.482474999523127,-19.616851903299043,-19.593814900729196,-18.783745199315497,-19.27320988829453,-20.504729427667307,-21.731650152561315,-19.760178676391657,-20.33210931706523,-20.653055190917364,-21.246832306397387
-9.837326013130872,-10.202770181831088,-11.377968306000774,-11.810482845549911,-12.58602868265723,-13.019125800396365,-13.634089970698525,-13.624689598114532,-13.595437346619478,-14.800335490953437,-14.574736832053116,-13.812380415732978,-13.199199418558495,-12.083985715329543,-11.986280515069552,-12.546214710310172,-14.2499555895183,-13.90136861908629,-12.423444648526067,-13.804360077611463,-13.618802305088462,-13.912446205475216,-15.68231034123397,-15.286151984948672,-13.922281339188672,-14.993708601178781,-15.926623985391341,-17.240894736535118,-18.037601377426366,-18.24501726388049,-17.265248978783976,-17.802327189192383,-19.725480138581503,-20.451087426479166,-18.260979615869157,-19.580652818664177,-21.80093871780864,-21.493334950064074,-19.90169000350214,-20.708526992800316,-19.989374154845805,-21.488670110958097
-9.530410685640966,-9.285030823814134,-10.034803899704025,-9.284338813583744,-11.119644297948234,-13.6062029094579,-14.05677208433642,-13.970176696799527,-13.751159104273569,-14.647939530490966,-14.598714223477991,-14.256947095922706,-13.50445259478025,-13.236236628985754,-13.177655009460217,-13.583236920623477,-14.370792560804075,-13.623173265006134,-13.6054008306666,-13.626046050338353,-15.65700436428467,-14.608081810482346,-12.61515988440966,-14.9280686448119,-15.375227999503865,-15.289707686916369,-16.273102270283875,-16.359917378611296,-17.73117732832926,-17.308393807439938,-18.01974350184026,-17.738012056451844,-17.91334715364426,-18.673093078561358,-19.66668758137302,-20.37164622434375,-17.02850620406314,-18.893184456707843,-20.336874299267272,-21.410414237128133,-21.478948526024773,-20.445602580317342
-10.68900337017099,-10.347222158846002,-9.27341205772003,-9.72177083817514,-9.951055595036777,-10.156883163380646,-12.273696411585263,-14.066933876651106,-13.79431992798735,-14.548660940544469,-14.712268828383985,-14.86999142943203,-13.861203064964526,-13.872759536992586,-13.260900403424193,-14.39076544282337,-14.47445703264284,-14.434708708365932,-14.292216955433648,-14.519551410209726,-13.689889902461317,-13.363112483378943,-14.350839126876181,-14.940387383053785,-14.579413364959882,-15.300552356190073,-16.10196568944066,-17.20948211817676,-18.03105279413493,-17.46852583795714,-18.317110187413963,-17.622784634348058,-17.087777479044835,-18.454002137163435,-19.901486638831777,-18.158197899791073,-19.99411991855946,-19.59516625286809,-20.273512672735038,-21.693813643556982,-21.53389833749037,-20.402323516857642
-11.303160130722672,-11.086362671466999,-10.770884499076313,-10.36653884972686,-11.430703326943046,-10.744552550787294,-11.865753920351107,-13.25722101450419,-13.610095707927547,-14.302954463578272,-14.941390074135699,-15.49785075700044,-14.978677775460772,-13.85159242710215,-14.389802725759786,-13.818614065286553,-14.454237232466232,-14.535373592277363,-14.674172691230861,-15.241259468423317,-14.64146653988078,-14.545112256560039,-14.231218243691965,-15.037726573462443,-16.08631848471998,-15.730420143974516,-16.13743338257006,-16.357424191472525,-17.87946441467596,-17.909566422121326,-17.826215116423324,-18.347406007915595,-17.565877319369985,-18.073299981293594,-18.382873348521333,-16.613590947714172,-16.288437623500762,-19.53991621720159,-20.149897906291407,-20.785500974152875,-21.63969914888821,-21.36089636258649
-12.035458388581711,-11.855532285998128,-11.663503174072668,-10.83569258228401,-11.292359174677664,-10.46307637385194,-11.145976888310612,-12.781185227040272,-13.573069655176681,-14.382229612943938,-15.55563806129431,-15.308233434879302,-15.06910609721452,-14.714040647343616,-14.92975057741744,-14.716828732183325,-13.77744276776418,-13.646995292650553,-14.159460004232407,-15.220805732557134,-15.897667738467684,-15.017110807995945,-14.77114651680674,-15.488336813207772,-15.633419025404898,-16.21331095606882,-16.78177292118485,-17.38754876093172,-17.23186118292462,-16.99990712810953,-17.590529926520833,-16.89459548377296,-17.888070558514816,-17.9863323153829,-18.441397570312134,-17.864117452276382,-17.593206449531547,-18.40523807678084,-19.44558935575807,-19.65651728237356,-20.529665800765276,-21.038303056833705
-12.144788297293085,-13.090679609138434,-11.944012507526905,-11.731309625457726,-10.39756911723761,-11.119480221860393,-10.869601035555625,-11.761836188207745,-13.827428634788243,-13.798052772353293,-15.941612488118828,-15.511818052159825,-15.322060965430165,-15.043653495936496,-15.165125831756285,-15.154439841143692,-14.620136291059099,-13.688201875451139,-14.163310659661539,-15.267459359117954,-16.388708840049624,-15.49705383690781,-14.65861172483486,-15.09290859599517,-16.24948041472401,-16.351961409639316,-15.628236167105367,-15.288967104285234,-17.070286607877105,-17.814196940814153,-17.322605031204468,-17.07746897790961,-17.29900351716647,-16.004489956369518,-17.605354207179506,-18.437718838977496,-18.406120328841332,-18.80712516684684,-20.492996567070403,-18.481681308242216,-18.322704891006083,-19.873572408579502
-13.086557843156099,-12.634567141962266,-12.314900693994469,-11.831028299042716,-11.739408919040251,-11.104201259332353,-11.175551612186215,-10.678268242079405,-13.610218221749358,-15.531207694417992,-14.854779959491246,-15.14646255784444,-15.676837216905414,-15.27317064283653,-15.367524357821686,-15.943954090698568,-15.184434485767618,-13.767333552081856,-14.029901195444284,-14.929304787357712,-16.01460421362759,-15.06569693355857,-14.9692319108104,-15.867479292136816,-16.57849006455146,-14.405030583411097,-16.865758003875186,-16.130278023113775,-17.110980104383255,-18.23102733292111,-17.065065096475127,-17.360990006809224,-17.1307962810515,-16.506860715963757,-17.018330779438916,-18.21155490229769,-19.348957862290312,-19.62985543840483,-19.53566407750066,-18.644696802799803,-19.2800404137793,-19.675022728035785
-13.425130209231025,-13.851456127427852,-12.786904770111098,-13.370244109470185,-12.532460861852465,-11.876269896297744,-12.418224379001444,-11.755032334449314,-13.235089561910106,-14.322283045556498,-15.430089817500516,-15.346179241329853,-15.909602748295253,-15.173530106573079,-16.702980068010774,-16.16178564247774,-15.357337520416017,-14.580085592401778,-14.51160780019061,-14.848708372820974,-14.48470918720486,-14.480099520992626,-14.95807155562606,-16.199382979865455,-14.844781377578252,-14.047873936090095,-15.90883685702397,-15.016115667150284,-16.698312067201076,-18.257756818739338,-17.443185821404363,-17.801709921608904,-17.719896774532053,-16.930280851694036,-17.47298753909562,-18.243144637803937,-17.12515299090553,-17.804650258445868,-17.01067940699551,-20.318264424739656,-20.069110400656868,-20.401686135507468
-14.208215738628917,-13.473095411514848,-14.769180960709239,-13.754397096539353,-13.433005177078032,-12.584985432881053,-12.70183164744355,-14.104080534730382,-12.533056744955601,-10.379078852089998,-11.107941943911381,-15.099285075086055,-16.908101801378322,-15.8406410593578,-15.903758908390355,-15.964979887185617,-15.835386157825628,-15.906394131887106,-15.367283099718128,-13.90332915477858,-14.78076807481009,-14.475101832815042,-15.870715438400623,-14.852757296082316,-15.192984390509954,-14.280948824413812,-15.20543546774927,-16.74817494308292,-16.466957579864594,-18.222857650871582,-18.652958032590945,-17.775016546851113,-17.46396584083084,-17.990996936664256,-17.802990334944404,-18.547307985827516,-18.604582191079917,-17.889387449216823,-16.044460548601233,-15.042729364284758,-16.094970315204634,-17.89314961385852
