public/json/wind_2018-09-1522_925.json
{"header": { "discipline": 10, "disciplineName": "Oceanographic_products", "center": 0, "centerName": "Ocean Modeling and Observation Laboratory", "refTime": "2018-09-15T22:00:00.000Z", "significanceOfRT": 0, "significanceOfRTName": "Analysis", "parameterCategory": 0, "parameterCategoryName": "Currents", "parameterNumber": 3, "parameterNumberName": "V-component_of_wind", "parameterUnit": "m.s-1", "forecastTime": 0, "surface1Type": 160, "surface1TypeName": "Depth below sea level", "surface1Value": 15, "numberPoints": 4800, "shape": 0, "shapeName": "Earth spherical with radius = 6,367,470 m", "scanMode": 0, "nx": 80, "ny": 60, "lo1": 109.0, "la1": 20.0, "lo2": 116.89999999999955, "la2": 14.520000000000117, "dx": 0.09999999999999432, "dy": -0.10000000000000142 }, "data":
[rows 40 to 59 of 60, columns 0 to 44 of 80]
-15.52068314629278,-16.697783596315386,-19.00235637667591,-19.921364220577026,-21.20014663411835,-20.9519728764635,-19.787277943005964,-16.564523630736367,-13.660245870798878,-9.753532261608747,-11.014376085888903,null,null,null,-19.28854271751556,-15.61824611428672,-17.825064246680377,-18.279490132369617,-17.714926628272273,null,-19.891792265171947,-21.615840779439196,-21.86468425583213,null,-12.62356449150089,-17.791487240873455,null,-21.302397761245288,-14.12652375289079,-16.40831872815142,-16.693809186734857,-19.25127676879254,-18.473089631562758,-19.872207940394073,-18.184760645422124,-16.798599975129108,-13.372675027996582,-15.482744430300908,-18.25640106880365,-15.833484999922243,-10.68661831762701,-17.512750269144103,-18.19202829360154,-19.02526544123888,-17.10245868167457
-17.936064879055465,-15.093182828572616,-18.398684429008274,-18.783057110160765,-19.985361301680534,-19.752140931530054,-19.900872879430253,-18.767059263446107,-15.524789762349195,-12.081929263986115,-11.154074430723933,null,null,null,-17.08312926459599,-16.945495236725915,-18.430011557151005,-15.668395302273359,-13.999626132886911,-19.05623124098302,-21.048099509770285,null,-20.963396146470657,-17.504940776332596,null,null,-16.045457953503966,-16.636757202224715,-20.536275021664807,null,null,-18.119585531656423,-19.583510871629176,null,-19.228575919281724,-19.074170073398875,-12.125079104548004,-16.53293865043143,-17.333860202219295,-18.20617379312296,-12.75759116100455,-9.643339020815402,-18.049088801942265,-17.866620304787705,-17.60322514893464
-17.125826290675043,-16.149089070287282,-15.872601414162794,-17.677455332277344,-17.95668645021079,-19.271798732539803,-20.257766377522845,-19.673438495123214,-17.02208607024903,-13.794153832100136,-11.482222713891005,-9.326722168734388,null,null,-15.65915242542392,-18.79190329126949,null,-18.951875275949856,-10.408352608277175,null,-21.575659717636025,-16.605461231692125,-21.801249141805396,-21.295686289238148,-11.771117930543232,-6.375401956894655,-10.89678872578403,-17.098927588286333,-15.408953885052892,null,null,null,-21.653696673127186,null,null,-16.621510638373515,-14.412251365884588,-12.039530401094183,-16.861218585141277,-16.487096079772357,-13.950530346733753,-17.75397208710493,-17.063798348395828,-19.366127032391667,-19.266108956768893
-16.65949663570242,-16.104803795795107,-12.508210271254608,-15.825382575055183,-17.256385827843417,-19.110603942649718,-19.596396187845606,-20.063273774624893,-18.538125281452018,-16.415185802701615,-12.236903070875853,-13.369059071817013,-12.844548466197447,-7.579391801399741,-10.30915513440069,-12.353788479524944,null,-14.35138979072052,null,-9.187107917844274,-15.229316593620077,-19.45381452223675,-19.958189325770856,-20.360066230884446,-17.226537888566735,-8.109397885560501,-9.124428471530802,-18.301211823472677,-12.381223330708236,-11.516147770574998,-14.531616441947229,-16.851841354049327,null,null,null,-15.159586565593674,-17.985091475970517,-11.325322546504966,-11.900105123853825,-15.740936973942961,-22.00957468468395,-22.499643370925497,-21.863592272874648,-23.75861565242993,-21.42414123546739
-15.478210866896646,-15.9077443557057,-11.492067640251094,-15.198464542496222,-16.810547710271962,-17.974743177459022,-20.126710887814227,-20.512677748512598,-19.796799409471667,-18.543606448269742,-15.922030659392728,-9.02450339844113,-14.554329985570314,-7.711104243118914,-6.541937285796831,-14.490635612643498,null,-15.051135913293963,-10.681603473750673,-6.095875566145681,-8.206894412080883,-22.25452361334676,-22.339261095572592,-22.56027481933814,-19.64677391068368,-2.619269212442169,-18.27495530216753,null,-15.725680082000219,-11.673601409676724,null,null,null,-14.828086139449502,-14.993581567071644,-11.848859418671259,-15.253041117202827,-9.332663477537956,-10.875051226725438,-18.380957707330918,-16.601251765643,null,null,null,null
-14.442780790082681,-17.53850127730699,-14.101871041074364,-12.69693359032186,-15.905932930885772,-17.406067799844763,-18.401834635201546,-19.839989735863263,-20.572582541424946,-19.736411565031876,-17.568412312629157,-16.624479100266047,-13.504230098570503,-13.379505730690608,-5.322111598271004,-9.163755932644111,-16.84062877583691,-15.493643367308277,-11.944738123504354,-14.402710647235045,null,-18.422775663022676,-23.23958790458751,-23.96989311523027,-23.89546430128976,null,null,null,-12.325139127629933,-18.123773913272203,-9.134821415327286,-17.336894180605555,null,-13.165890862242218,-18.821470858261748,-15.501999853049213,-8.90312459713728,-11.476384620312713,null,-12.748850508026194,-13.454805604587772,null,-16.95733019164696,-14.384257552895667,-13.084011774756837
-14.76136923056741,-17.01920579505437,-15.649366740931368,-14.235244799231884,-13.199397144220473,-15.657853640068012,-18.403180993733525,-19.284209381890342,-18.838893466833486,-19.480426925206253,-19.813477164164834,-12.196806386431586,-15.982528567738193,-18.30642725000071,-12.114779177367943,-4.796532615518395,-17.28205162534941,-16.426008956689103,-16.363699062766848,-9.161960256193954,null,null,null,-18.07863354601297,-19.93907100411037,null,null,null,-15.054383639910226,-20.448728465979123,-21.754703326040968,null,-18.416731628721912,-16.279584822894567,-12.528088485862373,-16.812099025360176,-14.825844185018692,-13.959223485157978,null,null,null,-14.038145224192824,null,-16.14649184239978,-14.49220739583696
-14.661987680839914,-15.999419216366112,-17.56230339646226,-15.493002953314573,-14.221601469244632,-13.402980902096761,-15.31286320147198,-16.345781094716923,-17.458413741340866,-19.761034774514115,-19.34090418660757,-16.58639854155565,null,-17.960714272972915,-12.404709067876786,-5.95785937522692,-6.263854458402662,-17.98286108401613,-16.73011200353323,-15.446090995217316,null,null,null,-18.583438239097212,-19.453140544867626,-16.835628624661638,null,null,null,null,-10.4769834146633,null,null,-15.015532624533808,-9.092851143425358,-15.580208367558727,-12.368486736656594,null,null,null,null,null,-8.761502704631708,-17.05264417798951,-14.952335474684665
-15.843229167157176,-15.757127115418278,-17.076577539411634,-17.440457090061404,-15.111377973018007,-12.39098890860011,-14.599717325571067,-14.403799268498448,-13.28118610809504,-18.941911228753728,-17.62551669813388,-15.664393593464313,null,-19.3246015365373,-15.47498389880858,-10.457077213155955,-2.4327186915282177,-20.54493802308552,-17.735246371282958,-17.115591313923545,null,null,null,-17.913118007169828,-18.156613639683048,-18.9299493107171,null,-9.692623813232988,null,null,null,-9.746746288026712,-14.107441292964706,-14.34888538525042,-15.586937857504466,-17.20358371120397,-15.952502754851501,null,null,null,null,null,-10.271993564733501,null,-15.42462598781431
-13.733152457013919,-16.114914424194215,-16.704566576352875,-19.221030120187198,-17.116722768397118,-15.091534085215276,-9.107189926785566,-13.629752609712986,-13.809161860947196,-11.399875080820914,-17.187189235199746,-15.330401357519868,-15.321836773664016,-18.877267913048826,-18.10459616670814,-15.46680621683633,null,-10.961110261173065,-17.365148559314207,-12.050955147999186,null,-14.466460687340678,-14.441180039523204,-17.268944349893285,-17.72146700175359,-20.436887719724453,null,null,-13.932585909274898,null,null,-19.71540342025868,-19.174802778957545,-18.769221040167913,-12.61232119090845,-19.02213968269971,-15.337290847450895,null,null,null,null,null,null,null,-10.33300415279423
-16.202436934685323,-14.682837977722759,-16.531696549540925,-19.228539699750364,-16.94091222710199,-13.151950769635015,-10.653277180383714,-9.539933624064599,-11.406983822577788,-10.294701479025354,-16.28443728280478,-16.159717212921507,-14.863146753998182,-17.966185687780957,-18.25167219920979,-16.350023045433552,null,null,null,-13.028315367832652,-9.279972759042082,-16.13901481922031,-18.13380331364213,-19.292598927944404,-17.18765417874647,-18.906946691628843,-19.046320505136578,-10.061568654610753,null,null,null,null,null,null,null,null,-16.164200199304886,-14.200320979554943,-6.896794180149795,-11.317834811488876,-9.814272208425624,null,null,null,-10.250454858746433
-15.249421992748221,-10.729556751662628,-17.632968190344616,-19.211136963527643,-17.512837159014236,-12.536899593395988,-13.456116734936286,-7.404147011723417,-9.667047431828372,null,-11.355263781605064,-16.392822437078355,-14.871692217321561,-16.76546040193914,-16.14245323714527,-17.076537325099387,-12.693543654167236,null,null,-17.434584537244145,null,null,-20.09441085139933,-16.320265602934292,-18.033239558302192,null,-18.57007276200782,null,null,null,null,null,null,null,null,null,-15.325136801634919,-9.955295179089287,-4.112019947426398,-11.803395149183423,-9.467800232103638,-9.887412649858447,null,-5.743727902250735,null
-18.264764144953173,-17.86724694325421,-21.674916335671682,-16.811320292718207,-18.895987371914984,-13.93591982551848,-12.186556194829816,-9.59713452813662,-3.200002476597121,null,-12.129963081760607,-13.601903278053634,-15.44069971031772,-15.285742332753967,-18.12938133643269,-16.848088844282493,-17.683824226886987,null,null,null,-14.190239115067898,null,null,-18.617466498001118,-18.723308604215376,-16.301249870905966,-13.918401163328486,-9.560486219613184,null,null,null,null,null,-11.97538235328194,-10.101694439439834,-6.020024697123682,-15.939401078088935,-14.477292272008821,-2.3730047321138192,-13.552146612820284,-10.797234465751394,-7.37662884862466,-11.615934190068506,null,null
null,-14.113164779992221,null,-16.94407008146458,-19.19291553864463,-14.793626287499047,-10.763593036192002,-13.325625637743645,-6.464531666472251,null,-14.575682263490606,-13.426325620946342,-16.277609371649607,-14.913717226811425,-16.001033826195567,-18.37163315630872,-16.87125275202559,-16.43754522073458,null,null,null,-13.345833733004305,null,null,null,-17.377476155851532,-14.32500746861308,-10.199974272821862,-15.345596090535198,-11.015735466403461,-5.725486572631547,null,-13.028945810344208,-13.805530994794807,-14.139679615485264,null,null,-17.86642899669992,null,-13.927620073056264,-16.020538757337654,-11.719536695466983,-11.32162543762645,null,null
-13.129515359706724,-8.447462496364246,-9.509336460713081,-14.854854019887103,-16.610899921021947,-17.76794897354435,-15.233969012473539,-10.705576083508983,null,null,null,-12.048031074671506,-10.023745690188392,-15.141421350829932,-14.934826662329023,null,-17.959205840334143,-14.208292928943273,-15.859622143421353,null,null,-17.192834315801267,-7.688861666690886,null,-18.690663109731545,-16.62422758471771,-15.029532860426297,-11.631017487948258,-12.709402928252379,-14.986050551587496,-12.904175090859898,-12.27293602054279,-14.524840457537191,-14.5238007389026,-13.167326893651078,-12.2660176829276,null,-12.923960063864197,null,null,-16.58347222594125,-10.586044694687022,-10.69141355491396,null,null
-12.765766678983354,-10.371721872148896,-12.422788385553194,-9.516987230000526,null,-18.5808655086079,-16.083826835726448,-8.595474442231183,-6.911402315203515,null,null,null,-14.945624918575147,-11.039779094571376,-15.50830232103307,-9.608436307786427,-14.083618601218017,-17.288496664077712,null,null,null,-13.784464252038145,-6.371646949371373,null,-16.508830365716356,-16.760141650572894,-15.137489345898398,-14.967677355583248,-13.433266936348563,-16.711252642721274,-15.751344096884429,-14.919912602508585,-16.835292436053315,-15.89021323639848,-14.152869161900544,-14.530347408548558,-13.376446483568659,-13.053103327717423,null,null,-11.458190416194704,null,null,-9.789680100661618,null
-10.889851115911194,-11.637713786880347,-11.611927566363587,-14.204484052757026,-17.06423459606074,-18.196519115727803,-16.844639202731802,-12.192571670761035,-8.385383965568092,null,null,null,null,null,-17.088770624877412,-15.77209454940714,-10.406691388338222,-17.441088850928825,-15.525210187199926,-14.431826602260712,-12.196412684588243,-14.819847397107171,-8.451667040643676,-11.237470036402206,-18.915304761431365,-19.273642301774473,-20.51504628903796,-16.663804368255775,-12.626796241143579,-12.601543488276318,-17.517875916081238,-16.333402337869934,-14.989333671437947,-16.017358456218062,-15.216850310574381,-15.179694132283283,-14.877104298240043,-14.589462270931865,-12.823115749599747,-12.340941435852615,-10.927357256209458,null,null,null,-5.269826456826756
-10.3572363230145,-11.512422650628034,-12.460027063604711,-11.409837651591893,-16.537550102483884,-18.38389976359116,-17.558980585494837,-14.400918549726587,-9.28582605972843,null,-8.16537119956276,null,null,-15.23730430041162,null,-17.632141517221072,null,-12.73972050933919,-17.5751697824465,-15.837507993297242,-17.15605904270968,-17.086932659655865,-17.692571073051635,null,null,null,null,-16.759575380451295,-10.623641568647693,-11.796756360932502,-17.01358366377039,-18.04627323911441,-16.082101630205237,-16.63026619954236,-15.617758227777857,-15.439383543505944,-15.02385316060183,-14.982774079538418,-14.81815361168921,-14.288575332339349,-13.085771673739538,-11.493440831643934,null,null,-3.900251615182886
-8.084577860648956,-13.044992807053811,-10.15314709587312,-13.003235834929205,-11.38076349443614,-15.042583999069432,-18.69286840961951,-16.4915786384573,-12.946189728990678,-7.620980164990456,null,null,null,null,null,null,-15.56155974809393,null,-17.274663870277752,-18.551754794597148,-17.0092589617705,-17.233486411735676,-14.580722136856906,-12.768247100060035,null,-12.833713137189532,-15.192830027738077,-14.827108379518895,-11.521498650023524,-13.66181697242018,-19.808694088800138,-18.9387876810817,-16.79867692045901,-16.490854535612495,-17.255225603268492,-16.266924975025844,-15.946881885482794,-15.617243516763104,-15.747809922248504,-15.642818213320234,-14.352035239068941,-11.972688734691673,-10.451251677044523,-6.845950184257933,-6.562915301458485
null,null,null,null,null,null,null,null,null,-11.693140621918742,null,null,null,null,null,null,-13.270238626985305,null,null,-18.040873633860045,-18.972093705143347,-18.607669156647212,-16.40847017477556,-16.89483599725673,-14.232333067279496,-12.951602981668001,-14.580717160187946,-14.784394889870777,-12.546983153167758,null,null,-17.990538227896373,-18.355573690371518,-17.510154542699606,-17.979254914140277,-17.294979275439538,-17.50421765700526,-16.550412072291834,-15.878951605786169,-14.452746123849044,-13.792465212519437,-12.76692492571063,-11.115802450691266,-9.782678895971568,-9.987795228287213
