public/json/wind_2018-09-1516_850.json
{"header": { "discipline": 10, "disciplineName": "Oceanographic_products", "center": 0, "centerName": "Ocean Modeling and Observation Laboratory", "refTime": "2018-09-15T16:00:00.000Z", "significanceOfRT": 0, "significanceOfRTName": "Analysis", "parameterCategory": 0, "parameterCategoryName": "Currents", "parameterNumber": 2, "parameterNumberName": "U-component_of_wind", "parameterUnit": "m.s-1", "forecastTime": 0, "surface1Type": 160, "surface1TypeName": "Depth below sea level", "surface1Value": 15, "numberPoints": 4800, "shape": 0, "shapeName": "Earth spherical with radius = 6,367,470 m", "scanMode": 0, "nx": 80, "ny": 60, "lo1": 109.0, "la1": 20.0, "lo2": 116.89999999999955, "la2": 14.520000000000117, "dx": 0.09999999999999432, "dy": -0.10000000000000142 }, "data":
[rows 38 to 56 of 60, columns 0 to 41 of 80]
-11.66381226410519,-10.818082004097075,-12.402322830639061,-11.989938576078131,-11.692009105253305,-12.418833709496779,-13.58767026043616,-13.97737771459151,-14.319836130447817,-14.645613624083534,-15.941029054299928,-18.327061766835303,-15.449187301808667,-15.34383576701999,-15.267642463717175,-16.7102559949327,-15.734838138024054,-15.856611908750734,-15.667643356870329,-14.829842998086631,-15.603777693965945,-15.246147702253957,-16.164684935451678,-15.754222528367173,-15.201083298695728,-15.000992575545965,-15.995163660241314,-16.623262852273122,-16.191300224310453,-16.826947366368945,-14.38285723212232,-14.969384229132547,-14.340214232138152,-13.58545194670438,-15.945091760157862,-19.177130493848,-17.02972267207211,-16.20238642834357,-17.353043531575146,-16.26037006834077,-16.896978625677196,-18.02560210392568
-9.241837810921156,-11.972271274097462,-11.59678194824096,-12.113938867995476,-12.669841134071026,-12.772408725412316,-13.537032863903411,-13.996837622189828,-14.524563794212796,-14.923149203530139,-16.00555436677214,-15.618411262320357,-17.334977243944117,-15.6429179650243,-15.544244880704564,-16.251359046534883,-15.684035002348537,-15.979723912067238,-14.925857949726614,-15.66892417610352,-16.114737116227346,-14.392886916106931,-14.033751450421864,-13.932548460468475,-15.39904152879998,-15.825965327040487,-16.854777022976535,-17.126416507438446,-17.430978119808007,-17.97904875435624,-17.592682523854258,-18.805716301836448,-18.206340687554885,-17.639808635173324,-18.877097207579553,-19.418965677527837,-15.930503758414336,-15.427629896783525,-14.689237828475067,-17.067547033782898,-16.94902931180944,-17.70641247884112
-9.225612203668117,-12.227098076158548,-12.168352122529841,-12.630314240828092,-12.719743206402294,-14.452575530993817,-13.75719042253689,-14.383189899593333,-14.556690990450557,-15.131717532476832,-16.072763880071868,-18.40872845947095,-19.285387857769912,-15.934101904767456,-14.001207181249432,-14.550629449379796,-15.723676254514658,-16.19819098685703,-15.8834055640105,-16.527362073513505,-14.800381165514867,-16.1569484098521,-13.53213780318766,-12.15493436279709,-15.642304450605359,-15.493321680941419,-15.6481199840905,-16.11531206557613,-16.144899145189225,-16.506207359177708,-17.326997797828145,-19.119290072164212,-19.4639697809024,-18.61011117154809,-18.83750362552191,-18.093166704496223,-16.312236008081516,-15.983457831966234,-17.229178603624113,-17.607374098249625,-17.584018102919735,-17.663948603715177
-9.93614005198717,-11.707329956101093,-12.497172635526207,-13.105134497978684,-13.295522341155635,-14.327267640547218,-15.080581047031437,-14.41617722218797,-14.344291983888038,-15.142286328057072,-16.605607649985398,-19.815978227310268,-19.58856650637781,-14.525778334012976,-12.529503707150834,-14.517155232396401,-17.056798789254692,-16.11522223490078,-16.553633787504978,-15.577065750470037,-16.01986290309479,-15.728480029431173,-14.221602052543044,-13.35337670406735,-13.914650810955763,-16.20109459272322,-14.449786168825494,-15.599712160720085,-16.147474968523454,-16.543371983269214,-16.020566555296682,-15.74686806786814,-18.070296933234737,-17.835788920003804,-19.861623771352797,-17.033129090422403,-15.992191497627665,-17.168021815742147,-17.424599490706765,-17.697967250876992,-15.853926331127509,-16.96085602150351
-9.037877968894751,-11.341336805631625,-11.751831200331168,-13.29847534755942,-13.466416330674717,-14.620882406596307,-14.904629081887448,-15.884122987029263,-15.819235535019878,-15.805444932976616,-17.275631671437075,-19.07597694236917,-19.621803600209127,-13.769493074462213,-12.719081660811696,-15.528260914987676,-15.73380000423094,-16.035919061592722,-16.032043488793338,-17.198019830489876,-15.860396714545539,-15.220712431462712,-14.678449334570107,-15.726722392457859,-14.992481633305342,-14.209856085988193,-14.606794339436307,-16.38388883498523,-16.534865039855575,-17.697422198335097,-13.178884082093106,-15.337142922488606,-18.75037823882067,-14.673985182584444,-13.49455132390554,-16.112391245020753,-17.239577812340425,-17.204808236625734,-17.660647946063275,-16.66006911507451,-17.101982931908537,-17.93213755176028
-9.19772408248836,-10.028357345391196,-11.368336952634229,-12.506336901919722,-14.105331609651241,-14.47270998863623,-15.620247116725224,-15.88879004159684,-16.260728796990545,-16.1680204857287,-17.777864810276736,-19.334854237931,-17.115163292750594,-15.964003246306762,-14.697979825407447,-13.69448617227174,-14.712256360741653,null,-16.240249987953575,-15.608531431952514,-15.345962200466364,-15.485875587615382,-14.812722097748306,-14.557839430855223,-14.41688526895808,-15.26354348658448,-16.104292705658278,-18.32713687235423,-16.001865732606895,-15.945201250943365,-15.595601348038695,-15.195279019992604,-14.842051363581163,-10.813873025974935,-10.57241408462761,-13.015211088913427,-17.312738229798764,-18.93275567769811,-17.250941574372167,-18.375178540167767,-19.009506289044754,-18.53789299436603
-10.17355176973148,-9.774977616772663,-11.473750168111101,-12.733883021905498,-14.085261878814311,-14.540877272597278,-15.62555011273469,-15.69372092053263,-16.29223841298267,-16.95299876288133,-17.87178830731001,-18.151990103837132,-15.205683809880519,-16.19156438500929,-16.151946365916682,-15.60604654480505,-12.7841611569266,-15.349039074352863,-15.5880252536669,-16.054807257450847,-16.23885823982625,-16.054843611226936,-16.623534401599386,-15.000878706959428,-15.544158945546869,-16.376224803119676,-16.57921490112434,-18.97441656203884,-17.267564114343678,-15.880005103519212,-15.484948608824558,-15.53248648288317,-12.464946549698851,-13.525183663172939,-11.903126332081307,-12.985616784771429,-15.716757206724274,-18.010700680668513,-19.228204897578543,-20.591538810140804,-19.281522174407094,-21.832889315808234
-11.876156058442454,-10.918775409323807,-10.705179927229615,-12.4501185173344,-14.075472359247806,-16.076167344426715,-15.88437212921665,-15.787197816744657,-16.016461579090045,-16.649056784714297,-16.883480039980043,-20.17794609297319,-14.50696697914621,-16.22438342326616,-16.157119887993208,-16.014471812362515,-15.44754831776511,-15.690368123967517,-16.489453751859728,-16.544033441043435,-17.910757700429755,-16.627888335651605,-16.974569960226773,-15.658279452396531,-14.701486172360056,-16.26601425384982,-16.556752133286334,-17.706080466060424,-14.942060146739756,-16.661001516857453,-17.292526286283735,-16.40557897431989,-12.81150856205981,-10.905517925255154,-13.096607973047089,-14.788628723405044,-14.616897339719392,-16.181258397027047,-18.379860902244246,-21.420924063600744,-20.344377463875695,-20.36717270273511
-11.813731560699468,-10.7904115665868,-10.314887224221556,-12.316272445255725,-13.735215237579895,-15.81189603845242,-16.391735174963372,-16.432227272958784,-17.014000145831453,-17.537527957268704,-17.444200360360927,-16.28570041990328,-17.60449686906641,-15.442811463464965,-15.90163046586539,-15.933372865491256,-15.809179230140446,-15.828520361747536,-15.96241881716341,-17.40533309202501,-17.043159491456667,-14.701031518084637,-16.936187327129282,-15.611010654596711,-14.351318221563893,-12.895534761481079,-8.620046330564067,-12.359486457203026,-15.739747518088462,-15.95535108362517,-17.635865729772803,-15.451771004145444,-16.484806901696675,-11.672390447127192,-10.045775567892834,-11.96199469774183,-15.010632441127207,-16.473399894609223,-15.92517633291559,-15.988073264951671,-18.622445513252494,-19.37380057277852
-9.443590276515579,-9.761416975159847,-10.464207826272252,-11.586639433485523,-13.81817460445163,-15.795606878182356,-16.536858096169027,-17.098312661851207,-19.05144940350463,-17.590967241324023,-17.431481274342175,-15.271457171970368,-17.943303086431364,-13.136261540377875,-15.266904723314058,-15.090128137793016,-16.190694288673786,-17.156414278528967,-16.770395993418905,-17.898617183962216,-20.097336129644237,-16.643748675880246,-14.100436798025227,-15.112796737025167,-14.878299975988199,-14.429866004149055,-13.788170625732677,-11.478241467122867,-13.619091546018144,-15.812106420532691,-13.528522680837321,-14.902886301872183,-10.059894316146647,-12.550354195952142,-11.255259703735584,-10.202238268637242,-10.888564115309773,-17.019637844926855,-15.722395209797817,-17.63622605521254,-16.454242232615766,-13.952427388676597
-9.308915081868346,-8.44000825367701,-9.461687121200624,-10.887153543727278,-13.103100388685148,-14.546231473847676,-16.199149538924136,-16.978435274922344,-18.650569514977512,-18.458905622719946,-16.330192176720157,-16.56674660440979,-15.09387316575594,-13.326982330902624,-15.548296268551592,-17.094378046190457,-17.259496186680042,-18.638245105627824,-18.045030401106466,-19.79950697503343,-17.098123666300875,-14.695742859234292,-9.653224637745236,-15.786552448031056,-15.130534907712,-14.833782454634228,-13.947909160602793,-14.21127286749411,-14.052997131961314,-12.99336457661343,-14.855212640313738,-14.338350648896645,-12.703049098558868,-13.31539173112211,-14.290980357843763,-13.231872799598055,-12.921970976927232,-9.231698194057167,-7.060311846080176,-12.090765821861888,null,-13.158091477435406
-8.846712616320097,-9.22649236695711,-9.236606734800823,-8.705798865079352,-12.480103136094915,-13.05006848323762,-15.889141840115588,-16.51342314981151,-19.15812625696398,-16.64957902884729,-16.664638965096284,-16.66785429778343,-14.843763868200707,-13.961534343308921,-15.355737589387228,-15.99531210234052,-21.45464987471184,-17.59895715323838,-20.214801781963043,-20.545495924024124,-16.426790448106686,-15.003875986661104,-15.128273181044557,-15.79638376481613,-16.247442779141565,-15.824593390538924,-15.09173220616542,-14.095781626099576,-14.896647635959145,-14.40004721542989,-15.241390114608588,-14.916249289495578,-14.695547516211276,-15.617970537672427,-14.40159951116609,-15.449635121576925,-14.012264159386463,-10.633345069622287,-7.532169795189196,-8.213148964938439,-9.119679566723029,-14.3253710504541
-10.714172487370123,-10.27625257121256,-9.35016003376195,-9.092754491568064,-7.668795131436284,-11.739421758942004,-14.86068810483338,-15.904224564080181,-17.50286907633499,-16.66420570957607,-15.986402212597477,-16.60076400524981,-15.871346850908905,-15.881758635956821,-15.924914909398511,-17.000351713393265,-19.56931299883606,-16.70744211614489,-18.59120795445645,-17.720863084112835,-17.271174857802272,-16.545360726747084,-16.329322555583627,-16.73539550403085,-15.687513455812873,-17.411562293904456,-14.72051176116146,-14.144826954771059,-15.497616397792973,-14.599346322095558,-15.400012172978435,-11.447389326179426,-10.716386224165657,-13.80332713338228,-14.540460545331806,-13.587650224811533,-12.792321379348799,-13.029796968208602,-13.1986225381686,-12.78726236252718,-12.573113314056771,-12.5148660417482
-9.649257370255093,-9.393545528340708,-9.452980191780496,-10.784878005336592,-8.605322474050919,-9.271688137590509,-13.64577984829425,-15.113242641265655,-16.209332614250005,-17.714960612623944,-15.667821160528195,-16.46624823196397,-16.797009671481447,-16.349964539898057,-16.734875597680237,-17.066200896368034,-19.270780724281618,-18.451341973309763,-16.79682126777941,-15.066105015352003,-19.423407576755423,-15.482419668243459,-17.53476036885384,-16.266317150334867,-16.90296207642851,-15.163603798559093,-14.761588363256715,-18.148256802062946,-13.121498680045876,-9.543096246418422,null,-11.665097016973721,-10.916432827959989,-10.226791080570177,-8.526113247728095,-10.519635008837046,-12.540744923724585,-13.585726694933111,-14.320949397989398,-14.809101234128754,-14.46014101489471,-14.315579628470957
-9.922877932638713,-10.383921406744237,-11.855749603403847,-9.205879192380467,-9.982629709253539,-7.96490408193204,-10.824525981200889,-13.99040587848914,-14.745478886774587,-17.23569973922004,-15.639692854801023,-16.073221310664152,-17.384055791036154,-16.50068773697879,-17.498947398810007,-17.920726310004945,-17.452626443262762,-17.921815790793545,-14.98212259839147,-17.517008547193683,-14.562334723364344,-11.867812470349964,-15.271631452467634,-16.624731064431217,-17.811863070831706,-15.873621546211089,-15.870412908916819,-16.116321284394914,-15.625560921286294,-13.939371208741951,-12.389603195038855,-11.49928440770634,-13.00171952686131,-11.91506737336158,-11.58609905904944,-11.685888935250368,-12.771315677749751,-14.427363602059408,-15.975530240070395,-16.557867822526774,-16.397592151315425,-15.94623880197191
-9.907378361274995,-8.830090771925986,-6.433610128826315,-8.534021667084014,-9.700249311054375,-10.192570143637196,-9.574404084596763,-12.18457584811688,-14.62053534987718,-18.019566195185185,-16.006603300949802,-15.90600257019772,-17.090230053598717,-17.37417486234304,-16.502628451245176,-19.764321002606657,-16.211326417460008,-16.921012032900236,-15.700063347986735,-13.569028261383945,-16.234598195455735,-14.027647742316642,-10.707486889074826,-15.557695151235372,-14.079061394478149,-15.54350245452972,-15.698019468132863,-15.666009147003297,-15.97675878347148,-16.077930871086473,-15.143432920378183,-15.22289248197723,-12.76508701159629,-12.410977406885392,-12.737343372880757,-12.741586636168252,-11.685649082695269,-12.939599455268045,-17.076034115843942,-16.90237116223255,-16.85919189475289,-16.360797213455328
-9.187501473366488,-9.643101664893567,-7.4622128814345166,-7.468129183303266,-8.972919900105737,-9.985727780043907,-10.247015731313228,-10.676940508886727,-13.531242084653892,-16.418299433664707,-12.74811467313138,-16.457946786712455,-16.41342882585721,-17.741901235143068,-18.535446703764073,-18.628052502519743,-17.302871649221007,-15.68820191246137,-16.031579093069283,-15.146522430396496,-12.821919065883879,-12.033133795593884,-13.68077521238677,null,-12.197764641711892,-14.035904838436934,-14.918620018629206,-15.82119974318581,-15.471554038602735,-15.297725347237956,-15.192081001014863,-15.143577307688084,-14.458526648722117,-13.457638789348174,-13.369387103776,-14.169665864372249,-13.423877423005923,-12.12808422075861,-11.305438588735832,-8.209377739466712,-13.899498839154157,-17.541687801377037
-9.133406720290486,-10.39943579469238,-9.91371728594222,-7.5464444393816414,-7.241951847655493,-9.374263444586726,-10.403559742360283,-12.558732024560696,-13.478329282014482,-13.783584628731168,-13.493607294072874,-16.695189500667876,-16.502984787646938,-18.80867305785593,-17.60635508377716,-17.113232868651195,-16.009240985837337,-15.629286933894273,-17.53555542164837,-16.122055099266834,-12.95684679430972,-11.829491487646688,-14.009512177046366,-13.787129547181676,-11.693299242361087,-14.01758071270571,-15.014547359305114,-16.15608274549266,-15.596271750460495,-14.129774983357406,-14.76745849419695,-15.325806173737213,-15.59316709666674,-14.106698206130961,-13.488959937817725,-13.567434575776185,-14.53703279148,-14.192916092620127,-13.34212390085284,-9.897292935053718,-10.469298236809252,-14.041063422109273
-9.949759754476165,-10.113159285015552,-11.502326332696121,-10.013124977637242,-6.995150614949347,-9.006625551079637,-9.558726650700429,-11.628744113834351,-13.754319727658075,-15.46310760756262,-10.453446973357972,-16.148738182884657,-13.22295288058756,-16.189378313573368,-17.76704651119223,-17.26526638051606,-16.29522648937564,-15.578940203709415,-16.206806402933747,-14.943295198272033,-13.83945030969274,-12.935149298221583,-13.365154933306899,-14.76596237095445,-12.953351154397613,-15.045046621152165,-15.282721764085705,-14.095051044565047,-14.12280563899516,-13.871025715194287,-14.77564831757289,-14.736397786198776,-14.663554309772024,-14.258545973450863,-14.328904937132208,-13.945365827718096,-14.535899725625393,-14.818287365514033,-14.173147998601332,-12.547780373594373,-11.819769349722797,-11.254043798360822
