public/json/wind_2018-09-1611_925.json
{"header": { "discipline": 10, "disciplineName": "Oceanographic_products", "center": 0, "centerName": "Ocean Modeling and Observation Laboratory", "refTime": "2018-09-16T11:00:00.000Z", "significanceOfRT": 0, "significanceOfRTName": "Analysis", "parameterCategory": 0, "parameterCategoryName": "Currents", "parameterNumber": 2, "parameterNumberName": "U-component_of_wind", "parameterUnit": "m.s-1", "forecastTime": 0, "surface1Type": 160, "surface1TypeName": "Depth below sea level", "surface1Value": 15, "numberPoints": 4800, "shape": 0, "shapeName": "Earth spherical with radius = 6,367,470 m", "scanMode": 0, "nx": 80, "ny": 60, "lo1": 109.0, "la1": 20.0, "lo2": 116.89999999999955, "la2": 14.520000000000117, "dx": 0.09999999999999432, "dy": -0.10000000000000142 }, "data":
[rows 0 to 19 of 60, columns 0 to 44 of 80]
null,null,null,null,null,null,null,null,null,null,null,null,null,null,null,null,null,null,null,null,null,null,null,null,null,null,null,null,null,null,null,null,null,null,null,null,null,null,null,null,null,null,null,null,null
null,null,null,null,null,null,null,null,null,null,null,null,null,null,null,null,null,null,null,null,null,null,null,null,null,null,null,null,null,null,null,null,null,null,null,null,null,null,null,null,null,null,null,null,null
12.020087154078201,12.767508848717139,13.523513534951697,13.298180261903312,14.19847885580807,15.168940492915569,15.913029202830185,15.662957486586631,16.221215870449722,16.62750941376282,14.759862379396008,17.68229441755795,20.637146772696873,21.68822279118204,22.390164210825134,23.507003260347936,24.96973808490614,26.05599762464624,26.83816610723615,27.383813073117,28.111113261073687,28.755750631450685,29.28823506026349,29.843573021613444,30.25680864829684,30.457956417392637,30.411571827532484,30.66288752393603,31.061740528285863,31.007566364486408,31.54814012588535,32.590571682536485,32.47194244754381,31.990868521429597,31.18999120726435,30.061469824547235,29.268607580817296,28.08468781906545,26.428042328368303,23.2019951438388,21.018435263736194,18.96831086996205,15.599210797420547,12.211945667300014,10.384962703592617
11.642963367346766,12.081090217955508,12.23147072662481,12.674003149354244,13.829891413879551,14.416206210647847,13.633825168818458,13.639298481411208,13.61526987857774,14.438483533190961,17.732632214477334,20.760038512784668,21.582754200421796,19.677605133618254,21.93124889639265,23.6398522778577,24.034243191697083,24.601262087476755,26.204074090898967,26.25070457343231,26.341500172555914,27.933369997865217,28.634303862052107,28.32481939195763,27.920562140797593,28.041547139576483,29.967504070260308,31.032656714403284,26.571039050307938,29.15652212424475,29.23260653465698,31.72724136305876,30.50392773194295,30.7506296438445,30.050254549410596,30.907689945775154,29.45696056735974,28.126576431078732,26.34340835116369,24.382107649663247,21.584029571521768,19.505733486455625,16.49597354508256,13.492061913280624,10.725756463435149
10.994303444923041,11.247310969299727,12.20669978575064,13.38087941386009,13.823402322588022,13.870038500373294,13.53849954521512,13.855123448731977,14.84311210632236,15.990089004248897,17.89872338380376,18.712493128721224,19.597745633518695,21.05284897789291,23.143149025501433,23.65337857280859,23.33483764182349,23.598375702407623,23.970213184815087,25.257065920518414,25.996116905803884,26.40442571999295,27.551318948421414,27.929414850268344,28.090623338399546,29.010060959657885,30.16494638088975,31.072526474558323,29.911208645491605,30.64903588875568,31.474029908421937,30.966778809288936,27.15579659368928,29.404759798061217,28.325300221655386,27.607458027199517,28.54799650660087,28.117523834029363,25.977698075821937,24.090515778065082,22.374366499463903,20.120060512789824,17.331870396291244,14.154153028828441,11.494453857386327
10.409735996645999,11.701095091138082,12.480977381980278,12.92422108141213,13.574591306556027,13.763121984856326,13.981154630520095,14.195482933887707,14.383719929193772,16.135034317193064,17.60308978938839,18.130125753439035,19.5014389659455,21.864304772006825,22.210994684847407,22.538908995794767,23.442740261065165,24.49146879497955,24.778003826970345,25.701545099123386,26.72955062003938,28.499851693318938,29.346182060490552,29.342800935181348,30.31754393182462,30.550038783801224,31.149859637148687,30.477922061446485,33.711423930598286,30.341031007267453,30.984084634254074,30.15817718230476,30.366304498603846,28.15711686265054,32.21633583495962,24.071338537543145,24.488489239154895,26.108904946345994,25.170209523789403,22.858322098347678,22.851821967360557,20.818090175192268,17.139776699240905,14.272772616745064,12.12983961056879
10.19390657736928,11.5546119702701,12.453982278364983,12.673012616725039,13.107385215402331,13.199159641194296,12.94752028257817,13.39505949276899,13.930227565726033,15.323072809793938,17.239809815450847,18.65607073885436,20.22171788873336,20.88401845552645,20.580109885709806,21.050210718976455,22.540928195159616,24.135410275492312,25.50221260672546,26.712844539743937,27.67545287686964,28.367396506865763,29.273969126800495,29.29957924913748,29.524349703677444,29.885600253087713,30.34982722028034,30.498383436842143,30.76358105654986,31.111560392198545,31.88339205635851,31.283262769100677,29.820470874603707,30.742866129583465,30.218427391774696,28.711909578318192,23.39308684580555,23.161842816979274,22.460294663663596,23.576928942306445,23.034531262776888,19.99693856894954,17.47595712019071,13.585930710412722,12.10096534353739
9.910039272981699,11.387511447008578,11.87955944413909,12.389773743341252,12.75131357327409,12.311401142158166,12.883898205334784,13.38076625376102,14.762684116543781,16.223897387563955,17.07776427249788,18.37541733378989,19.44727212958778,20.116369960745562,20.725448170478145,22.228112565657835,22.700609819155463,23.245958796726917,23.873486142023854,25.42816352522076,26.90094653942321,27.620215912511867,27.69170792170358,28.406399662280165,29.451411718893272,29.89284727895901,30.860635271943696,31.03932848050603,31.721529310150878,31.348841848867384,31.01556910148905,30.17115982715685,26.636434317004895,30.85089174213825,32.76088097484261,27.683997295699978,24.56416198274784,28.110538190684053,23.39778924249246,19.547500446151144,18.019170064306746,19.304363046206443,16.923050287499493,12.809377801599961,10.726101329367378
9.600712356780049,10.714252832995694,10.95864175843532,11.559501680418258,12.61568550163358,12.745782558299377,13.822718453389863,13.609820110816804,14.361212074724582,15.400544588916267,16.555074755464524,17.563829908633807,18.529197570599102,18.981955450227858,20.334412282926845,21.085009713025087,22.772273768696945,23.9721877470558,25.375802603921166,27.04924003303905,27.58925352278328,28.46788886504515,29.272949368459713,29.16585789046823,29.33783977609204,30.302500267634745,30.58079598152844,31.620974468686345,31.99177053075258,31.885469467325514,31.64195161572769,28.832695433933175,27.963627297209026,30.938105417864996,30.189763339569986,27.104413320824474,26.91947154245183,21.597673223614294,18.091946836194335,19.021814505107308,17.409092297111812,16.56299663886525,15.973554133171088,12.405699958572777,9.790587888860724
9.129951115405419,9.810864175733663,10.336131361470917,11.116296951072522,10.908833776878016,11.59732160913082,13.343818353627498,12.922305867732673,13.898262749594966,14.366488184270558,16.065054642020527,17.101865769994685,17.538139529124933,19.166518424530256,20.675305102254338,21.916734264096622,22.760316207609613,24.11065942004653,25.563716488100006,26.42294956794148,27.70673577976333,28.99646336324522,29.422324056822852,29.640032120596914,30.515433064032145,31.436100450711685,32.35027788739333,32.26043666347252,32.15448385551325,31.648937796941702,31.43332221583561,29.238478173483227,28.94788400496465,29.598816737286633,29.8979669440304,27.97081420456511,27.474739092335398,25.01344087536665,21.420493592527055,18.734708673536424,15.64918777724904,15.825061888141715,15.057829732750768,11.21590369063841,9.004088304106299
8.51860469819295,8.96170009331457,9.535140372015551,9.970465824012178,10.42523685901092,11.571197811737633,11.896422467328108,12.409169729036849,13.131109340228722,14.555123661517285,15.524802219102835,16.57940912832794,17.748888191999473,18.78894392846487,20.30038866131619,21.19427690655194,22.886643909424375,23.86403418754888,24.769050014622422,25.855483040417393,27.582946523828777,28.38927613217716,29.290941561502144,30.798810619597642,31.790439977538984,32.33227722335383,33.092688073983325,33.799934741129235,33.06873971541364,31.820509176305674,30.94106717560571,29.36425466955326,27.694834396719692,28.602008909666843,28.064281280670652,23.64294761595687,23.684276639956163,24.142563197001113,23.88179074645139,21.580995632477503,16.25395024046493,16.526954392904702,13.744552426919842,10.636032752475131,8.379510167320204
7.8107318647184165,8.290136702809917,8.806250674562774,9.086301506795891,10.000502338443166,10.29206472570162,11.554861950329322,11.671641078889431,12.483629660358252,14.051560934236557,14.872620539626052,15.872531168439036,17.807479423546674,19.665431499743523,20.299165503182515,21.348145644314023,22.453684418868093,23.374908573223976,24.497225355446172,25.469075237247278,29.2371737131515,28.892643437227264,29.799188195041975,31.72128045206925,32.14720425938266,32.28189936316322,32.67623283265075,32.26838051408899,32.55090580898688,32.063113743515665,32.09691666209864,28.85373976581218,27.07143491637587,26.248121345860124,26.687008961928065,23.305657121882255,23.209186444854097,22.621716857540523,23.419298515251633,21.310298591253563,13.207381316383593,12.328698684970071,11.147440417900816,9.528313653723313,6.354230404745861
7.2029054758989375,7.635750246339569,8.340722809134657,8.752598285459717,8.576161363460557,9.845346021670625,10.698809307077823,11.191798457291767,12.4876304201858,13.105275565215273,14.130846973131279,15.733514493125385,18.344822120791477,19.015182779841687,20.02187078375774,21.28871090042067,21.41400739964981,22.96237071968377,24.1429511785459,26.89250508519741,26.931356796876077,25.87025954146553,29.311866785840003,30.17074665214784,30.44399361099125,31.331763605938853,31.956439472362174,31.346641622329876,31.100067905889595,31.07718126755075,30.989741311064716,29.790502085740265,26.09715308837538,24.65219812187148,23.8861236234301,21.660526859303094,18.841812911388697,22.09502150645657,21.287826448915844,20.50709630186489,14.169461183593622,6.948496045743135,8.80585282233937,7.853079323381468,5.497661235873922
6.59866597710054,7.000671089017459,7.665288421609991,7.591568988122901,7.983603991825252,9.016023654167302,9.899016938083719,10.721095001097673,11.084824820871033,11.581410801386083,13.468762590955873,15.32704298693132,17.127516205434077,18.07722799983315,19.397093089757433,20.037498608101757,21.40881424870964,22.70888079036579,23.26831738181109,24.143387038867793,24.026777173932917,25.895006663898585,27.724866660807653,27.73640964182859,28.407454945076502,29.5715320714823,29.808969609835227,29.677834623486362,29.132429172979705,28.884861675554525,28.253449635537887,27.041026425700426,23.037559288756913,21.994643778638917,20.26322783123493,18.979007960462262,16.950939977589346,17.2177103116423,19.080721394870622,19.348916641733148,6.677521580013582,11.300508226969027,8.663150718555242,5.66454767181671,4.252373045164992
6.124115184451479,5.967012837126414,6.452606695251897,6.938712687309435,7.070705653339748,8.607099084921975,9.274690593191346,10.204398716362792,10.237101633345825,11.207389785085438,12.52581328842296,14.91378083250274,16.573138659166844,17.605762369689305,18.45790995233171,18.875230177101656,19.790690425173707,20.554290904818206,21.567211896922565,22.248588147689766,23.59530578302126,23.866142949032756,24.678702517537513,25.22822847794623,25.25265456267087,25.56958578323234,24.496974129549237,23.674725768228228,22.003384596506194,20.537550603045663,19.34603575568855,20.06619905539858,19.207291086540913,17.484448017417677,16.717607565503233,14.26510223985559,12.6338981187631,12.460586143469477,13.879701121106562,14.623528142432464,6.590274348759986,9.914244563301486,7.842796774812898,6.077770396306297,2.9224606892528744
5.663306762672885,5.1485804276995335,5.325255233500534,5.719498044693433,6.806699297040176,8.159837533098234,8.62586103780917,9.541150068389781,9.806808088902365,11.05225247571309,12.240222095055415,13.561486865115882,14.87623937687852,15.733538832964346,16.52542916899064,17.30487494944711,17.529862626980183,18.599060641062348,19.702272753131176,20.55624612817808,20.91341048498939,21.384601278412,20.285338239429706,22.79883983056147,21.116423311671028,19.105543861290645,10.505482226101961,4.862867312044576,-0.26770782565517115,1.1565722845622426,2.6377633250623647,7.487453605159982,10.07292959253081,11.060849700795181,11.243153812064083,9.012768419486513,8.011291394613675,7.590319283815704,9.613796117259403,8.95479925897304,6.000322297807774,3.6885670157182986,2.647886374750979,3.2084457748407513,1.6962937388837156
5.077738723450802,4.062729312749207,4.128738762201691,4.827286438674296,6.3198049061785,7.194642902901031,7.757749930956808,8.43805608784871,8.695711302242225,9.154011583958708,10.253254098001198,11.8320210198676,12.527040742900791,13.901927846387949,15.706160107890017,15.946434911362179,16.617833451626495,18.452912299574677,18.412451453957782,18.645676062311896,18.077026594293947,18.75713294028072,18.87610363572466,17.79600739101122,13.407131895326257,2.064097377242311,-4.214949370278999,-6.684018640492965,-9.760242692311056,-8.666529328154851,-6.165410204203253,-4.342202967260126,-1.4997755950322724,0.4923473209799483,0.6797025350829377,2.3341542573263805,3.3486290658010676,5.061831430546605,4.644159453090031,6.496349672164305,3.0445087604919427,-2.7327885785685724,0.559709881918393,-0.16348001892089456,-0.58862943767538
3.8938092926057264,3.42097516091457,3.409301815434831,3.499978227728154,5.1167745594078715,6.4543010103643095,5.8046615717277685,7.205804757550332,6.383508561163393,8.540586800773289,9.066754325378014,10.28880317223135,12.213032790623846,13.290960232527972,13.74306881182193,14.867871726444289,15.44024129594495,15.970522208177705,15.628221172911797,14.612863051114083,12.88965877870879,null,12.279006823629736,8.883899101257736,null,0.624542836159252,-8.38770079718226,-12.7384112077821,-12.80184767333787,-11.669490457637538,-9.349659574255199,-7.831715281415529,-6.66531875271504,-5.306573534903142,-3.2250990146225655,-2.6636973797315004,-0.7337941215782788,0.8430419395310982,1.6111151792897742,0.9906371059602684,2.1470138951278317,0.017333902055282638,-1.3382426973788417,-2.4704322168933546,-3.541289949682976
3.296142763079182,2.5383968009547813,2.502235211334517,3.4538458957290685,4.5075771912544935,4.466367792251688,5.641577545569863,8.165653478423177,7.296994054249206,8.75153447109712,8.254001927813597,10.497899466410367,11.924918392707422,12.151575100973488,12.75930235206965,13.310238693318466,13.222607210973162,13.521844157141361,12.42830703690888,10.57616524202095,10.512649423798551,12.183419222576802,8.781384390444972,4.336702751525744,null,null,-7.134291855212432,-13.707431732224263,-14.927631843077688,-12.74869972951199,-10.359568146171993,-8.216699679079833,-7.116996911635271,-7.620095935641071,-8.902648101765232,-8.67755255068896,-5.934674928599566,-3.6313420571351265,-4.277151536860597,-5.0147769420545645,-8.634544734190507,-7.290165088536325,-11.68232532831,-7.9819217091713055,-6.237440600623957
2.182751020885081,1.9058548879934274,2.0869708455816736,3.1536194311548194,2.748378002602831,3.725312300377417,5.269905716648744,5.402070588399184,5.556254219383404,7.718872668188615,8.070900303888202,10.037287214127415,9.418717155871503,11.040720711716752,11.273864745477551,11.548817045229995,10.563921448284532,11.222030711951163,10.474335088419448,7.999676684803044,8.673561450106478,null,null,null,-7.930403544242511,-12.119273964070786,-10.953345259962855,-17.378223351719168,-17.636901737791835,-14.711556358077011,-13.142859364819227,-10.536013469398124,-10.775018250210152,-12.568908330134855,-14.286987116811156,-14.46474663852151,-11.833586881832412,-9.876991086331888,-7.861232687906898,-11.176291117334259,-9.118279929132042,-5.772775107560256,-11.192803190772752,-13.901203750826872,-11.407266526497143
