public/json/wind_2018-09-1607_850.json
{"header": { "discipline": 10, "disciplineName": "Oceanographic_products", "center": 0, "centerName": "Ocean Modeling and Observation Laboratory", "refTime": "2018-09-16T07:00:00.000Z", "significanceOfRT": 0, "significanceOfRTName": "Analysis", "parameterCategory": 0, "parameterCategoryName": "Currents", "parameterNumber": 2, "parameterNumberName": "U-component_of_wind", "parameterUnit": "m.s-1", "forecastTime": 0, "surface1Type": 160, "surface1TypeName": "Depth below sea level", "surface1Value": 15, "numberPoints": 4800, "shape": 0, "shapeName": "Earth spherical with radius = 6,367,470 m", "scanMode": 0, "nx": 80, "ny": 60, "lo1": 109.0, "la1": 20.0, "lo2": 116.89999999999955, "la2": 14.520000000000117, "dx": 0.09999999999999432, "dy": -0.10000000000000142 }, "data":
[rows 19 to 37 of 60, columns 0 to 42 of 80]
-7.4016160916432865,-6.945392926773069,-5.267266444848419,-6.157403999442305,-6.939494363054328,-6.7073088310798115,-6.9366396626024756,-7.759617768253721,-7.710234728418584,-7.119964067604189,-6.979551800037886,-9.387100369224301,-11.064844927369945,-10.522398859214517,-8.62330604208399,-11.333458583810685,-10.118233592807538,-10.217843269291633,-9.71120729826534,-9.569331526025389,-7.282030719566569,-0.5137360201694037,-0.7959557388205112,-6.961014387483763,-12.439751952881391,-9.753285396956034,-10.661967773440214,-10.559634918049218,-7.542572025166496,-8.20227471207368,-6.757810227706292,-13.325754322446624,-14.921223966129816,-14.252631836040885,-17.2152151618531,-15.83487234393542,-15.330737274227834,-15.078745221576332,-15.631163899806939,-17.29490522752753,-16.160173928095602,-16.68938060565482,-18.866371446165317
-8.257613102238068,-7.492327145668652,-6.8772942379026905,-6.841382244875513,-7.966177083287123,-6.861915154917403,-7.5579218622883015,-11.87547438381251,-11.62878829180398,-10.888989140022861,-7.182953539036745,-10.253295228288739,-9.5347906288655,-8.675437358111388,-9.797752911686233,-11.845619282400667,-10.70395635625056,-12.170878356111832,-12.806665260806362,-10.086996416570777,-9.901191313043173,-8.58336862114595,-11.263447685865176,-18.282241687309075,-17.223375578815435,-13.755406255323336,-14.361552539096877,-10.746303542565565,-6.408846017381846,-7.906080644960799,-7.691173676404523,-13.849642412735,-18.972302693602003,-17.302264147428634,-20.779595099684993,-13.653197010775742,-22.379838122096988,-27.31783181804032,-26.07699069081192,-20.654719687422386,-21.578675727719165,-20.99135911536438,-21.297730147021607
-7.7269681845491025,-6.749512994048106,-6.863699414604867,-7.084073524485611,-5.382685381261231,-7.813094708811546,-9.103738061281888,-7.426418526947302,-10.676635032685612,-10.809001503199596,-10.919750989826978,-9.56678769537342,-11.443926676181013,-11.18652481293823,-12.354324901486574,-10.210652127986473,-13.186486824196805,-14.672031017659199,-14.280970775391026,-13.06300440442599,-11.653718620860417,-13.187155321512865,-10.8157561997932,-14.075766612719992,-9.555139205100087,-4.338449990659339,-2.8757271149041537,-12.643367793496708,-14.314836938569982,-7.202315928889449,-9.06624830008244,-13.308388680078115,-16.50589692653956,-18.335394355745073,-21.71909118155883,-22.09894637674806,-30.592617015859023,-31.540960462811768,-32.40177671149225,-29.352401001014986,-28.913076167961435,-24.021073927110482,-25.41853611947851
-9.3347419239989,-7.949943053898642,-6.303777291569739,-6.728304807374552,-9.897688189673348,-8.702380207828377,-8.746213772631071,-8.215007110772543,-10.246841422268359,-12.461503522376114,-12.846652021849456,-8.946355175681408,-8.293243175644282,-7.363189807390545,-7.63190664404285,-10.96908579343376,-14.595413683345143,-15.790056649456279,-15.713584289402412,-16.35679262374501,-13.643706465334045,-9.584861258130209,-0.6888256663761032,-1.5729108164662207,-0.6679161216258014,-1.0641679191082412,-6.638665984500269,-13.55985273023469,-11.73256806690347,-9.92199548917052,-8.545419793191572,-11.371888516403565,-24.888652103552587,-28.746139321893807,-20.17203118442854,-31.070187338083535,-33.122540614205334,-34.806917841841006,-35.7213177740782,-37.07700781944388,-32.595609584804265,-28.032492415696524,-30.17402249568451
-6.832800474825502,-9.374728685825069,-9.510365588421537,-10.380858359963499,-6.891804770404256,-11.55514779278879,-6.570190607035723,-5.799079808127387,-10.095249362347708,-11.583714848254832,-11.915856317779948,-10.198795917406526,-11.002993473328413,-11.651654646001859,-11.637772040337325,-11.482150533666298,-15.144800538665656,-15.652371899446829,-11.562635343056769,-14.632210245409308,-14.053361141789146,-7.94008022271233,-6.094337973868846,-3.991491105245298,-5.049198628112189,-7.429796831238771,-0.8115816484648697,-11.120184973652,-14.09524685614595,-16.25494906932097,-15.948525692154499,-13.36124084398129,-18.210328029457582,-24.202257344328892,-27.92944126907559,-27.445260066532633,-33.860874476207556,-40.39731283926324,-40.8215300638164,-41.465603613571496,-42.35185939347027,-39.564552609878895,-38.095642494926906
-9.876770686996835,-9.488778024241638,-9.399644556136566,-9.271187481463745,-10.024869831751282,-5.1968033295184455,-7.665431183659095,-7.397289834355104,-7.343013842471406,-7.187795461381391,-8.149099350338078,-11.887054510716922,-13.736080923747853,-12.438029205641932,-13.43123775265485,-15.162098030961115,-10.749330412814217,-9.007691250926381,-13.022334559490314,-16.1816036714635,-12.792544917917853,-11.064510332427812,-8.500034944714194,-10.175103919146405,-12.118191252718944,-12.346336013548932,-9.374356684654458,-7.103881600140485,-13.044058539599263,-17.45705199150033,-20.869277165200685,-18.14773912896892,-18.263767853019495,-25.84400486517311,-27.653666790428282,-30.675967555214058,-31.60494311692307,-34.61431503562933,-41.92070255684149,-42.178414331832435,-38.40893134278224,-46.45976520562003,-47.7606847676079
-11.551283938883715,-10.932173329564577,-9.60726592990476,-9.246870471744916,-7.285589920806882,-10.760841791143367,-8.26393955159528,-8.496493963999768,-6.43211072020441,-6.248277924933566,-8.797243407161552,-13.70897006645138,-15.297074132015924,-17.364769218300843,-16.457642720318393,-14.299794669971554,-9.15477669550238,-11.54287774416841,-15.971196482153628,-9.997651506252248,-11.008492865544422,-10.107732860108047,-4.844935230351461,-4.922184626102154,-14.671200055379627,-13.931177924912054,-12.605221633256255,-14.140824572774962,-16.828363171489755,-17.89688442038039,-26.083251209180702,-26.114399203731118,-24.506945211738497,-26.709297917894745,-29.41335403481907,-33.96041392258685,-36.227212304979695,-34.633034737255,-38.10949754129741,-42.81024994246903,-52.4329118975665,-48.5407888222059,-49.606474038605555
-11.454045323677576,-9.84601486600197,-10.191589869962675,-9.782687095507777,-11.308852972191836,-10.110129428527358,-7.432656391329854,-6.451746494033191,-10.593807562129758,-10.138019721863376,-9.688649442123946,-12.268754178663455,-16.48864836983825,-18.696338486743517,-18.091032418652592,-16.291662967295157,-16.16849797305733,-14.740384819913634,-9.59797231504944,-7.161210723986214,-13.86619601428468,-9.235461362764743,-12.12010488996281,-15.2487254239383,-18.10923217551584,-18.227092860538185,-20.306582121755824,-19.545131611530437,-18.76976460669889,-19.381647922434134,-21.656212721994784,-27.19363218186399,-25.728557884498453,-26.534461991531604,-31.509930375461206,-32.249351170586586,-34.162072735739315,-33.80345268084444,-37.44786263201601,-38.914842376461785,-49.406041317994166,-52.39352669409814,-53.38131423204862
-10.203218857689553,-9.193186718763078,-10.611260045403661,-11.954516587154426,-13.132625039370698,-10.505240522659964,-10.449079738192635,-10.236493735715737,-9.326690585730757,-9.986067330667685,-10.171996694464363,-10.757755857699447,-17.238927824866774,-19.436316592263246,-20.860374815268614,-17.472546816883717,-12.233568516329798,-16.227031210531457,-14.892992509793162,-13.23566408250342,-11.851448693743546,-16.638124327393637,-10.95774221631671,-16.72390730858456,-17.842403106664158,-21.76759097698666,-21.37082859134265,-21.184895435986917,-18.84664525127527,-23.234937167640826,-22.005432067419097,-23.707490044580837,-25.07947105445745,-24.466379333941305,-28.74102633662656,-33.99635524162858,-37.46147703413884,-42.25182441353854,-42.93825888580458,-48.18865698217813,-51.450301586067226,-52.627777273833075,-52.96868322724217
-7.614549383120765,-8.96340842343454,-11.712829969097498,-14.955120770644271,-13.290005379619853,-12.936404322346462,-12.719592434584415,-12.956768726993317,-12.23231410791808,-11.395791991849203,-12.140724530675797,-13.853956766690573,-11.039162185242057,-8.863718243098775,-7.297068860954482,-15.309977816704352,-15.704716259127522,-11.954095310883815,-17.597037817766445,-15.914401334027756,-16.29955912817406,-19.39328021591428,-21.379272605785864,-17.78673916361113,-17.45264580047477,-18.06774055448442,-23.463958977414688,-22.613528925990092,-22.821145607226413,-21.494689329377813,-25.3341161015916,-21.828055774020726,-30.8225977434886,-30.798437469417657,-29.375649760665688,-31.192324294432545,-35.34920397747129,-38.59428186592867,-46.44264103791484,-49.80207270868472,-48.49788529278933,-47.534086779101,-49.72824555279704
-5.164795294704801,-7.70610707778447,-10.36494220319114,-8.991005205465827,-13.605243666382732,-15.518390658846752,-16.109794205929916,-15.009792910675623,-13.481342768622287,-12.573093746092011,-13.293055935637977,-14.855011156868173,-14.154618843728686,-11.539411226633971,-11.879080044749566,-13.93669856545245,-17.410126450358668,-15.828461543323163,-16.45947753188635,-16.974697099124935,-17.71574301123129,-16.02929114084015,-20.05930999449838,-18.639315397215935,-14.103316546132376,-13.512893695684635,-15.328159576588552,-20.492374442896377,-22.261520395045817,-22.20166426725749,-20.279528907965897,-26.32585424923535,-27.352692634002494,-27.562992965196003,-30.842338133802336,-33.229850635422764,-37.225570480016785,-39.822731034051365,-44.12200725986792,-49.707644550431056,-49.9564512493519,-50.94630948358126,-49.5431458592699
-4.25855438997651,-6.357055667984165,-7.958090549386304,-9.175553835811792,-14.511089974203221,-18.08823095689598,-17.90876304654737,-16.245598947220383,-15.564728783672695,-13.959321410318145,-14.760532533607268,-15.157520508658855,-16.120833205600114,-14.767609356069942,-16.034108430011106,-16.343501496483736,-17.44329694720648,-18.394034317232325,-16.062503950800394,-18.964331300448528,-18.78738954489205,-16.556817710358267,-17.071895603587777,-20.208757362704006,-18.812724420968244,-16.838075250248416,-16.417345465779814,-16.160672730423546,-21.075212222315056,-26.260796165948655,-28.682346892879917,-28.5114895131494,-27.97693957452085,-26.489374287663548,-32.72649407301364,-35.79066982771069,-29.173529587373817,-35.03476764436366,-47.95922511673842,-48.43629909191543,-47.79392573634131,-51.102188226203005,-43.66592969071944
-5.1618404052641225,-8.368419058111531,-11.028377573209884,-12.130414990635188,-12.616700231824078,-10.523740441774866,-11.36997637270835,-17.16109555226877,-16.29554932364593,-15.062344596245403,-15.431805475059782,-16.449321844995886,-15.78123045824428,-16.656860126406173,-15.004738357537226,-17.09406706506453,-17.76515360502216,-18.440206945052243,-18.387839035246472,-17.03621790313584,-16.821001334699147,-16.9933685680708,-18.33219899588474,-19.391417002281656,-18.122620819731004,-19.247101401102388,-20.232840254278724,-24.591599504989606,-26.054932603543506,-20.361607899553064,-27.060582029714357,-28.091505563453268,-29.35759205248753,-28.1992525148349,-29.02858222397933,-32.13644405991151,-38.63108368633447,-37.19351580563729,-39.61143578998865,-38.828351084805824,-44.27001697875621,-34.90322526677792,-41.20761139830637
-6.0791015393303525,-8.897714487349214,-11.002518164674848,-12.56475409950628,-14.896324486125204,-11.90600109489828,-14.539747883169369,-12.960818412944144,-16.023996051176766,-15.83058027286766,-17.478153270915236,-16.965703430546405,-16.70215856199017,-17.224998836331533,-17.625448002728362,-16.46922074927121,-18.322221101529276,-19.523376314857412,-19.234035084665543,-19.756296717582643,-20.62639322056885,-19.494205055715224,-19.81372244325747,-23.074725951948807,-22.651076917316054,-22.353155713950464,-21.26359884601973,-22.35986062366692,-23.820277865079614,-28.36903376737075,-22.08970051045691,-26.469575668022248,-31.80594538954667,-29.31300118474318,-34.5415965113004,-28.116868509503345,-30.488003457536937,-41.33037449696785,-38.56925025603499,-40.847847616293556,-34.977887546454525,-34.884439702697115,-39.6714493143656
-7.8887797146933725,-8.127931790081398,-10.119225581977686,-13.169797426345124,-12.072283905983479,-11.635903369477466,-11.408864010510149,-12.148919425130902,-11.871805442029428,-13.155556422089267,-14.387860878482385,-16.275019784799934,-17.016054758457468,-18.445020561898232,-19.542982196164218,-19.174011534146228,-18.67942256781509,-17.98254261485128,-19.55425680792442,-23.7405096817795,-23.740680688786977,-25.616453981728316,-22.15316938952873,-20.67805589183579,-21.87954809926824,-23.920240120899294,-22.58509670279061,-21.44767853048348,-18.139309489117586,-17.48122155753215,-23.51041490522672,-24.93843608491628,-27.504925554944993,-33.2891984596346,-33.749453304437836,-38.482300579988284,-40.50958812711902,-38.524196165144666,-36.80690450213696,-38.16248740644534,-40.448344015052925,-44.95037672060899,-42.16861679059058
-8.588210201504472,-8.210011974761558,-7.4886915317167215,-8.963197163898743,-10.98536710856829,-12.224704715747524,-11.180062119521674,-11.581789358850287,-14.010155359064102,-15.702053187629865,-17.54126879947953,-17.342557599956443,-18.51937835512509,-19.63725798823127,-21.5253817735326,-22.432937745333316,-22.081917848455948,-20.376365622481433,-23.530703313942187,-25.421490404932914,-24.746628665574008,-22.57135484719681,-23.45930275025362,-22.056098243489796,-22.920915637295234,-25.76373897526129,-24.595528153081418,-21.33514371446479,-20.642813018797305,-22.937443063348407,-20.87247165014139,-27.217156319025253,-27.021497339290942,-27.993414745177258,-33.6188316905656,-39.679173673550906,-39.21288307851422,-39.78907121818633,-40.005975446648236,-36.934235778125,-39.3934441736,-42.51328120804024,-43.100226269801155
-9.09723484690038,-8.181820216920151,-6.739133404661555,-8.956244900718682,-10.36628292842923,-10.894127644432846,-8.408692812244318,-9.863423520325604,-16.652357913588304,-19.434887176773028,-14.86470577265352,-17.09811147532807,-21.019789046854388,-21.484928848874418,-23.700805049038983,-22.138912992647725,-22.07473622622133,-21.441031574291678,-22.925779974591038,-22.480215225890216,-22.602347233251486,-24.49443425961614,-26.44054445859259,-26.681921920665143,-25.21743803205684,-23.48637836156768,-25.34130421607708,-23.743239161730475,-25.363211975673693,-23.975143099701448,-26.68941732302661,-28.101303491491276,-31.584752346047644,-33.31411761243222,-35.33119847750705,-38.11347490241506,-38.37921946139762,-39.561488007906874,-39.298210539798504,-37.87695675169075,-36.92884225356763,-35.3272489037307,-36.56907078626586
-10.329092985975677,-11.171135720278254,-7.484152363787954,-10.104982044876074,-10.316722171390316,-11.660334074744254,-10.144934443329735,-12.725008497315066,-13.583834622987787,-12.5087391255343,-20.300883100621338,-18.137230808191,-18.671747018325938,-22.462343673517942,-19.840450847503917,-20.91078478379602,-21.870199531806517,-22.73996619315608,-23.171967056152376,-20.660518723254583,-20.559364030635116,-23.194400722521845,-24.62070343627471,-24.712613426259704,-22.897872448532517,-23.057372437300664,-25.926499537245647,-25.72793085382347,-27.207664226112342,-28.541717039428054,-27.326745848124233,-28.690457230771727,-31.187446846327493,-32.72835174296591,-34.076070765127305,-36.76247411983183,-33.350653749857614,-33.37501688921962,-33.09751447895101,-38.01250847421291,-38.17233523639138,-36.57561004427507,-37.54847349149857
-10.999511826938559,-9.956561559900603,-9.819391876857601,-9.060437949212812,-9.250707092070053,-11.642132920971148,-11.00949975011089,-9.737700025601752,-11.127928156097669,-9.513115829621674,-8.44735375626998,-19.74226159718957,-21.660447876403467,-17.228140622842112,-20.59489329352078,-23.088436076146298,-22.5536156655998,-21.987452611124986,-22.46403525117482,-20.25423186975331,-20.921572966273562,-25.00499998719432,-23.26990160619701,-22.176443111418543,-22.602015137550097,-24.347247183180645,-28.98877718367091,-26.844606961586006,-25.741014628156915,-30.238029978881652,-28.55716585541265,-30.89423014586262,-32.09984553723787,-33.99749185638298,-37.03812096601142,-36.89185354773532,-36.670660741886195,-34.32514427529523,-33.367119245307435,-30.39829779928455,-32.93408446995125,-36.06644104185242,-37.39813073976101
