public/json/wind_2018-09-1515_950.json
{"header": { "discipline": 10, "disciplineName": "Oceanographic_products", "center": 0, "centerName": "Ocean Modeling and Observation Laboratory", "refTime": "2018-09-15T15:00:00.000Z", "significanceOfRT": 0, "significanceOfRTName": "Analysis", "parameterCategory": 0, "parameterCategoryName": "Currents", "parameterNumber": 2, "parameterNumberName": "U-component_of_wind", "parameterUnit": "m.s-1", "forecastTime": 0, "surface1Type": 160, "surface1TypeName": "Depth below sea level", "surface1Value": 15, "numberPoints": 4800, "shape": 0, "shapeName": "Earth spherical with radius = 6,367,470 m", "scanMode": 0, "nx": 80, "ny": 60, "lo1": 109.0, "la1": 20.0, "lo2": 116.89999999999955, "la2": 14.520000000000117, "dx": 0.09999999999999432, "dy": -0.10000000000000142 }, "data":
[rows 22 to 43 of 60, columns 0 to 48 of 80]
-6.9514260101246,-6.276240852945216,-4.277444043383965,-5.446634611543242,-5.9426271506195585,-5.19315362454442,-4.600802971543536,null,-5.029184691404758,-5.9197813002019775,-5.0664961055958955,-2.4423064742760974,-3.988845322224985,-5.579955850966632,-2.471159928603927,-4.301139543990188,-4.160063340424578,-4.9910978138957764,-4.62984384704065,-4.111051976659464,-2.5977922740550863,null,null,null,null,null,-0.853172152263717,-2.763464463281546,-2.795501716969723,-2.9184655178546923,-2.338110199866895,null,-5.390877208609823,-10.164471455584959,-10.366218300362263,-8.819040102197803,-11.729957727723708,-12.567528814907448,-8.051113482458742,-8.937580867139868,-7.798330653243125,-7.45266140996409,-5.818157631913438,-5.56830317025998,-4.701427864077723,-4.353487260319765,-3.6787734577710847,-3.944728723398788,-8.278475614754045
-4.513718130429691,-6.70316403471356,-6.635103147428329,-5.997858467146253,-4.462706764370871,-6.80175083161453,null,-2.8780516010338215,-4.6291838630223126,-6.5847752016705,-6.652082365609767,-6.048325157955074,-3.8104297135052896,-4.5153566078516825,-4.629351533952545,-4.114185640939894,-4.775614860406042,-5.570089634162702,null,-2.837470637983897,-3.2726661699324238,-1.6408385845028741,null,null,null,null,null,0.5345455160832053,-1.2598431884562704,-1.6371875965105285,-4.4503747554259,null,-1.445950898692655,-6.307132495740108,-10.394789203604866,-8.541127054474654,-10.091170596019959,-10.909965731759682,-11.758698335159952,-8.373910707450245,-8.817206154539898,-7.4858211712268075,-6.375099182828764,-6.048882245550629,-3.2346900009132753,-5.710046150812531,-3.169085601086833,-1.8863042075250647,-4.285643675196194
-6.845063172852737,-6.874970005408083,-6.448351642822572,-6.652916539260638,-7.313948116934626,-2.431698807142218,-4.759039812271166,-7.076127513302418,-6.733464956482495,null,-7.283020261101685,-7.815847286696155,-7.4782782405319805,-6.485616762203305,-5.008879322805699,-6.391373713256508,null,null,-4.15864936567399,-3.2008237249790437,-3.4614209716534354,null,null,null,null,-0.9820820409083735,0.489942130369837,null,1.4893903728455964,-1.7210863410895303,-0.937129846002301,-3.374256796750142,null,null,-6.929506714901512,-8.726430122458286,-7.321210833298132,-10.467378779685761,-10.913980512157371,-10.558537638666966,-9.947283153340459,-8.812376952036546,-8.215847695090227,-7.6115669331470865,-5.730690788348124,-4.193148843392766,-6.004861464152921,-5.843925235170671,-4.3823198364991525
-8.457393159466863,-8.10944291936784,-7.566192037255082,-7.468563903604635,-6.476072627885826,-8.101226322279363,-7.207159396399199,-7.113564944833815,-6.304423759580992,-4.5636468027789245,-9.35684453522406,-9.40726214547429,-8.145623272436048,-9.136431785327435,-9.508466694731716,-6.087353047553757,null,-5.871888002895442,-6.5196500122726455,null,-1.8138431950094474,null,null,null,-1.273945672875241,-1.0543338238012554,-1.2310607518246521,-0.1977574695839595,-0.0993174017628154,-0.15727154237342642,-2.1570388836716545,-0.946571386066141,-5.882147102936997,-2.3707492661136707,-5.87696260237874,-5.947837267655324,-7.351037384327486,null,-10.81125414749411,-11.051320940717146,-10.483170969642787,-9.261017953609507,-8.274749107956428,-8.636787964841453,-8.535943300210013,-7.572605273295663,-6.081369461499575,-7.821251762152212,-6.957606220720802
-8.296484466991847,-8.107105551526738,-8.53482676477645,-7.934261811826345,-8.291496242071595,-9.666671243900769,-9.941646574187487,-7.815280669702915,-8.530359949845648,-9.280510682475807,-10.059892603362433,-8.89541217319409,-8.461438231321258,-9.164507752167909,-9.519945252898289,-8.597183923305561,-6.06803786713443,-7.894326718331025,null,null,-4.64822170984408,null,-1.0086211332303077,-0.467862881546698,-1.8372213399716948,-1.1726597549239623,-1.7913597049640497,-1.5520179496077504,-1.8837667032033973,-0.8120143559718374,null,-2.949945035056917,-2.9196781310853153,-1.3728137355524743,-5.875806745552136,-8.498000960412078,-4.2794686936130315,-5.887637191591049,null,-6.559168891251926,-7.440601771137587,-9.663028439288322,-10.485256313730964,-9.200692613817841,-8.04406670314586,-7.611898002642668,-6.475638119151882,-8.004884805671706,-8.80485507256382
-8.70782173439411,-8.097298684882317,-7.899376721904922,-8.389926947173892,-8.004294081620685,-9.109210249064187,-9.056273867128322,-8.943727633686853,-7.024727534567797,-7.6615169778076515,-8.210873709112539,-8.235168374106939,null,-8.95343749076618,-9.919817098349274,-9.523450385853597,-6.073182856292748,-5.718120742174284,-5.95218255393976,-5.661860381315057,null,-4.919722610587868,-3.3265576335818707,-1.0874346831910273,-2.9003041665911238,-3.938172519717054,-3.0774698819909414,-3.273740804684411,-3.3618790067632274,-3.4178492922090857,-1.9704527484906595,-2.1124576941180635,-3.370765085026635,-3.3199574085459425,-2.17554771247127,-9.450150137736928,-10.861188760863296,-7.2621660982695095,-4.231749305860097,-5.919546602665089,-5.770474624328823,-2.9436686494875737,-2.761828473236666,-6.903266961765533,-8.586040787552054,-6.817767562203424,-6.691369136657499,-6.814278850984146,-9.300441590469624
-8.888207290107216,-8.337161723035145,-8.33785940031223,-8.768760918528491,-8.094430455787291,-7.912486594331704,-9.39013605907074,-9.37675297186667,-8.994229205254076,-8.507731405389503,-9.607537700283965,-9.624678110465307,null,null,null,-6.391916150788651,-7.601656569777162,null,-7.155257075224331,-6.4566227252196065,-6.278842654421652,-5.825418414992262,-5.095404157959138,-3.584961904188234,-2.4572898390570197,-2.2015474801924766,-5.766846637537409,-4.9367969938564915,-3.533344838363324,-3.885652663271468,-4.306224269159131,-0.7135554733609721,-4.661834428719431,-5.505822700593945,-5.866755836527943,-6.176784847776405,-9.8266913660771,-11.095226286675128,-9.833190003881642,-8.967789854959653,-7.70596569670828,-5.592450872329163,-3.4750921561337957,-1.5722481677548499,-4.078099900075958,-6.9877121671607725,-10.287673867470783,-8.451680767723381,-10.736565974481225
-8.592208233925986,-7.742617955637563,-7.093960406559719,-4.225736453161402,-7.544309212248217,-8.60775916945543,-8.887317337637942,-9.87792968866974,-9.998592542674757,-10.022168959143553,-9.507880189948086,-10.955318306156542,-9.976823949435552,-4.85625701739546,-5.44351134238797,-5.6197401536565454,-7.934050301018509,-7.326729666695579,-5.8573137090864975,-6.694886405479629,-4.558052983814751,null,-3.696112866061938,-4.095537197495066,null,-1.5318331814616124,-1.1181193057634427,-3.863984456437188,-3.0678034647409804,-3.8252000868410545,-3.2586303368457683,-5.084614782927475,-2.622972034988803,-4.734809639199303,-5.688501293612421,-5.412108924605457,-10.679159824853233,-9.853352590934488,-11.893382359387045,-10.551129416694508,-9.825089924224253,-8.149240286673407,-5.473132486496077,-4.208872890154766,-5.52812523118221,-8.768542924444915,-9.370736095454873,-11.926114894704309,-12.701761720841034
-7.891683579638701,-6.9564946247162,-6.264332589169976,-3.96853310133445,-7.019001081391771,-9.432895672480264,-10.010878939273345,-11.00245857660795,-10.209762833806856,-10.378459959372561,-10.33424564438952,-9.45939448926616,-10.310177706370107,-10.57132526933093,-10.376943540491233,-8.619461720248415,-7.35817484542369,-8.368705879483521,-6.768445025265883,-7.871992577007858,-8.054750215469875,-5.703750535845372,null,-4.977343779779801,-5.136840881174417,-3.814079116091612,-2.3520322164939453,-0.5727763238544079,-3.6217446761944254,-4.527916278244303,-6.507421800359589,-6.167118523739731,-4.6535936864027025,-1.3560817462361898,-3.498729290421343,-9.727819742303165,null,-5.117316429039869,-9.266429008124975,-11.44078394513496,-11.705796026045943,-9.30906150065952,-7.4693130184479655,-5.991458454034287,-7.421830377510032,-9.155227815625615,-9.634144548677906,-10.86592381368668,-13.188802891447134
-9.500305813697258,-9.47568821319146,-8.81438871948084,-7.929097938806082,-8.23561508996109,null,-5.992564227278143,-10.719395351300228,-11.095999930363185,-10.023433722016545,-10.105039101702305,-10.548043817283896,-8.54572567063306,-10.517786706027136,-9.51593277079277,-9.53629433293089,-7.630202430225609,-8.812922004986607,-8.75179659955019,-6.751984540605763,-5.906271791528858,-7.424163915155373,-7.606637704123825,-6.114135406422315,-4.148316290779458,-3.767294199937554,-4.558455727745382,-7.147433842169383,-5.6773432311571845,-3.7064447967820175,null,-6.319958094392273,-6.926386694642798,-6.912178929434796,-8.3477227655601,null,-7.982740856568544,-8.847540765847569,-9.200942282298907,-9.922082371012461,-10.997695307187573,-10.871126376970652,-8.180499802385413,-6.771737923874809,-6.4511594620317565,-9.389943720253942,-11.346199978625975,-11.422489890151052,-10.946128284461398
-11.153975390329846,-10.308252840248397,-9.394816020797851,-8.768994283008894,-9.65646887559632,-7.808459855435353,-5.990114084813106,-8.71030309867918,-10.474178349322576,-10.051217950788466,-11.683384612590903,-10.048158512253307,-8.97798704743266,-8.618904296389072,-10.313821267372457,-9.738708460128986,-9.211967618427218,-8.336169952208166,-7.864217028005821,-8.072583100500223,-7.118447550498046,-8.505720643629052,-8.632784146606612,-7.557288809557686,-8.052510498137698,-4.921002452675867,-3.2061707650241704,-3.7365849302757135,-5.781180646596782,-8.216601012514197,-5.340591217698941,-5.17097826013684,-9.2156633712646,-7.149529831168978,-8.682045849328881,null,-3.9383065086820856,-6.278434373326448,-8.842049272384491,-8.173595062921256,-9.544350107514092,-10.41978951648583,-9.257605741551238,-7.923498407876925,-6.707971436015141,-5.016857866499726,-8.66385790557876,-13.560798665826573,-14.183423282164338
-11.263659528414317,-11.816089646744684,-9.138952637286273,-9.364303215667222,-9.413258672727236,-8.309749707918446,-7.359888600131716,-4.121447920484713,-5.802642792301157,-2.9615623666328585,null,-7.803790802487876,-9.143206398741642,-9.158013525522316,-10.935443691608913,-11.359680713888242,-10.733273553476836,-7.930674104036472,-7.260057391080725,-9.102985317535952,-8.676390837532397,-8.995339265666463,-8.51747988629904,-8.40762511275821,-6.5363095557987885,-7.726603445625976,-4.828272831901087,-3.2415735714786895,null,null,0.48439050757030044,-1.986071272055607,null,-6.98992426098787,-6.103368428243199,-9.483215121203207,-9.933207761895863,-9.623791766082414,-8.142759893865366,-9.270471801783865,-9.634177221815033,-8.547858969673198,-10.484142838362134,-8.427568758931468,-9.94830698139562,-6.435815040352449,-12.12528703429294,-11.92041612686932,-13.222013702937982
-11.625930848628053,-11.651130751831687,-10.601395959436989,-8.625428671729608,-8.855413787887457,-9.715840979659575,-8.786851239572762,-6.45797773945274,-8.480344597571781,null,null,-8.574233133217454,-8.74518945410285,-9.93565196129047,-10.91753573598131,-11.578861541541837,-10.975694502352203,-9.315055401654433,-7.685541176647771,-8.19682276958468,-7.857511386853044,-7.077338316379689,-7.71390777567297,-8.442104926039024,-7.789780979542993,-9.382924169450984,-7.354191889246252,null,-3.3388035118239525,null,null,0.5876874398863287,null,null,-0.8527957827088216,-5.8561376281306,-7.578764896583659,-11.536893243339494,-10.045197473553639,-8.672315776078449,-7.855570690603536,-7.229623312539984,-9.333918152037153,-10.514434533544676,-7.29413443013825,-9.040262443399374,-6.9425323355980515,-11.027231905481498,-13.913924821807175
-12.212842018720293,-11.361106991078822,-11.725800374978263,-10.890582700138305,-9.708719818424225,-10.116085918418687,-9.713673953788042,-8.934536671541055,-5.244170394053072,null,-2.9007195100628533,-8.421256470742295,-10.459367326928785,-9.819223529556012,-10.524718444997227,-7.998743559138008,-10.10580059303598,-9.145063676142868,-8.58169269499227,-4.996329052700257,-6.750608204701406,-7.7146919553681315,-9.30780329221731,-9.988556809726184,-8.653150757570582,-5.17364016501144,-7.115000557821967,-6.410144723664606,-5.974824205713783,-3.67283540221627,-2.8620294696204875,-1.3383452340622477,-0.57316129062146,-2.085689205944743,-1.9668819335257721,0.17837005367013026,-4.528606964052657,-6.806918757533566,-11.085793669136619,-8.97155272308134,-9.188378528629245,-9.437062528528903,-7.315205488342389,-7.804980079741396,-7.106147443376325,-9.029648067362134,-10.536227671451824,-12.805196856436648,null
-12.118084541112536,-12.854196460434304,-12.285416665383503,-12.86058041692408,-10.344253717268744,-11.148643574099898,-10.37319023102305,-9.918773587485662,-7.940281798651463,null,-6.383430868886908,-6.390401970598415,-4.354406245003856,-12.167475811876608,null,-6.2201219589393295,-7.854188979909995,-8.578987413749772,-7.86934452171514,null,-4.299290441638985,-5.229310589447812,null,-7.552941461675684,-6.37278982016868,-6.7159898228487105,-5.951738113096386,-5.7281457387875285,-5.47961839752049,-6.825468639466426,-4.077204104612757,-3.8047117891925573,-1.3726856141129622,-0.6471042534310791,0.5015513879718377,-3.430604111709199,-5.522599709637974,null,null,-6.038276995887614,-10.350727193108261,-8.729968335941791,-7.382627416873295,-8.53447989290872,-11.15381576588963,-8.136837622081748,-9.557237071638264,-10.180943766266665,null
-10.834519522670108,-12.53069517064384,-13.126136112311857,-12.726066410336992,-12.65858976824198,-10.070248333040992,-11.182920860158506,-10.935738275014835,null,null,null,null,-9.313690924910691,null,-7.214343076662702,-6.407479421303869,-7.272404718255514,-6.179134904827838,-8.083264583747443,-5.942742127540122,-5.238248074579861,-6.226379263209608,-6.630898810059576,null,-7.1723672344741,-6.769172202082018,-6.734978252365943,-4.025758099454855,-5.450273784970931,-3.579438401661002,-5.267063233950136,-3.727591904545239,-2.0426534519519377,-2.8450943303459213,-4.444648203102691,-2.509893462078159,-4.212451267436365,-6.957903480500222,-5.574419732749021,-4.37258024197776,null,-5.72880779511066,-7.098603064972629,-7.88891047442266,-12.79462986837399,-11.505009825742182,null,-4.121195277501826,-7.148525563367011
-8.667059012959191,-13.015943415822658,-10.619038818101574,-12.905886958725675,-12.848300355531402,-11.78049706266992,-10.733995243171773,-11.914104231332717,-10.63760077849123,-2.4116864524673893,null,null,null,-6.302039392322361,-7.5976860024595485,-5.270311105227203,-2.8841230542970417,-5.161863622972861,-4.69227705278626,-6.769663983874627,-6.590510490555831,-6.986784962151063,null,-4.2689937412659305,-2.185753156777499,-5.521715860866051,-6.975061591779836,-3.4990502354627795,-4.398319440327944,-5.824997059673003,-4.332614799267127,-5.431406446509004,-4.028471873331638,-2.717971794211723,-2.612569463365888,null,-5.040505159350385,null,-5.85932328586237,-8.350256426499506,-9.551754606437637,-4.900909255670262,-6.713016219190195,-7.255381242479607,-7.811313194023892,-12.956066783110455,-7.9860972046901155,-7.54876839221092,null
-12.533856602831682,-12.73196299379411,-12.061571828779385,-12.601382319440864,-12.953129865138786,-12.662468735296228,-11.295007999239253,-9.355050983442494,-12.279034962055569,-7.086510356571367,-7.459259888096054,null,null,-6.710403316622138,-5.857321790201028,-2.131348724913601,-4.605908147758973,-5.185320742281013,-3.818925981369639,-7.264362707944051,-6.305194325605837,-6.013455666671499,null,null,-3.3764226548353937,-7.75556708118045,-10.087754771297224,-6.414522588216564,-1.8268627228239251,-7.14437450458865,-5.245926065568468,-6.2711871702614275,-4.601649267327306,-5.480055495863241,-6.4500302125193425,null,null,null,-0.40037531454636976,-5.033786837583322,-8.57605466481953,-7.465655528453892,-5.868073335778615,-8.17468754684675,-10.534438533067709,-7.306401944434897,-8.58671360142886,-5.809306772019806,-7.639097278571033
-12.260598634206527,-9.806632063757327,-10.52968206093832,-12.236411468750925,-13.050942909487585,-12.889494519148649,-11.435291588162709,-9.773388342784903,-8.627513886808956,-11.326107441090658,-7.357464648610851,null,null,null,-3.1317582843984355,-3.429887858310675,-2.716315672534309,-2.4866863348082493,-4.635675989996501,null,-2.9131564785961563,-7.227969642921886,-2.973446492579667,null,null,null,null,-3.245173991637078,-0.6597545189218709,null,-4.183612323991378,-8.515516509962806,-2.899582528268259,-4.793080322686197,null,null,null,-2.402437679512998,-9.270490553103462,-7.308134325215905,-6.667791732361314,-10.38881661890164,-10.156394701748571,-11.166778751317995,-6.937596593795174,-8.282970325883351,-7.354454523583896,-5.606777191907545,-11.017746333576234
-6.825518363491229,-7.814289830299728,-13.4733672921197,-12.843517783461095,-13.911724001003218,-13.194741193313414,-12.525155866859663,-10.374334770688117,-9.490255660791721,-8.289072034580073,-9.962918250797639,null,null,null,null,0.24253796720252221,null,-3.4799430055742553,-0.8414875433540427,-7.433807189867119,null,null,-4.211884622019961,-3.8637218459666376,null,null,null,-2.921692388892426,null,null,null,null,0.8043137838617519,null,null,null,null,-0.9070701543156607,-5.621001449735824,-10.161242164038487,null,-6.784735364522397,-11.08030852800246,-5.4711493744004995,-8.133154035903873,null,-8.16192996176778,-10.141997102763646,-9.827626489317563
-6.266079317917297,null,-11.690091494038855,-12.559948715307078,-13.85326370084472,-14.300246699780061,-13.108411024013659,-11.783615230463473,-12.014527058905099,-8.337489333351444,-9.076997913590365,-10.731428085037084,null,null,-4.029368594698345,null,null,null,3.4210214367601215,null,-5.780771584784693,null,-4.332959837266082,-3.3231052749940884,-0.8318525953926859,-2.9856050602140876,-0.9696716488047475,-4.794837710692396,null,null,null,null,null,null,null,null,-1.6647147513766243,null,null,null,-5.765518456399128,-7.881709149454642,-11.124119626619894,-9.241067046139976,-9.573898725595306,-7.245177462925868,null,-11.240826199925475,-8.947530309932162
-7.159866102560706,-5.894149314839417,-13.67620182236401,-14.294056071794785,-14.61945850287546,-14.633093276695922,-13.999834645457641,-12.372146615265052,-12.771577389441319,-11.090177521637365,-8.530705097331314,-8.175951513209858,null,-8.374821899720715,-9.709051035657282,null,null,-1.7980744828121284,null,null,-3.00662342236684,-5.931184754000273,-6.212492828374333,-4.713345370282031,-1.3035299808301823,-3.9942798222683686,-4.814428691981116,-7.012691461362993,null,null,null,-2.437474416746552,null,null,null,null,null,-2.963663051293227,null,-1.7997585638646205,-5.634809371196659,-8.025772153425311,-7.802405485880937,null,-9.55553276336177,-8.592444111181424,null,null,-9.657370514811621
