public/json/wind_2018-09-1603_700.json
{"header": { "discipline": 10, "disciplineName": "Oceanographic_products", "center": 0, "centerName": "Ocean Modeling and Observation Laboratory", "refTime": "2018-09-16T03:00:00.000Z", "significanceOfRT": 0, "significanceOfRTName": "Analysis", "parameterCategory": 0, "parameterCategoryName": "Currents", "parameterNumber": 2, "parameterNumberName": "U-component_of_wind", "parameterUnit": "m.s-1", "forecastTime": 0, "surface1Type": 160, "surface1TypeName": "Depth below sea level", "surface1Value": 15, "numberPoints": 4800, "shape": 0, "shapeName": "Earth spherical with radius = 6,367,470 m", "scanMode": 0, "nx": 80, "ny": 60, "lo1": 109.0, "la1": 20.0, "lo2": 116.89999999999955, "la2": 14.520000000000117, "dx": 0.09999999999999432, "dy": -0.10000000000000142 }, "data":
[rows 19 to 37 of 60, columns 0 to 41 of 80]
-8.295155796515155,-7.947266744629356,-7.277726268538462,-7.233404323046201,-6.619917729611973,-6.805813851565344,-7.745542959708202,-8.589783846814964,-10.041322297111599,-10.376150805713742,-11.501075320603139,-12.223337918207065,-12.497116295720826,-13.96035892023407,-13.18506373800079,-12.838233455728783,-13.729863793529217,-14.730852709092373,-15.58717668870641,-18.12595441503561,-19.810517375095742,-23.15172825489343,-22.343260018269795,-23.93264152241698,-24.19239369036412,-22.890676312833467,-23.87154232617879,-25.353305519060687,-25.770974397915673,-27.457736800089855,-29.440523462323945,-31.604980849325745,-33.99854333217643,-35.40879259145243,-36.09925226906273,-37.43524744982582,-36.7728232744599,-39.6604899658838,-33.86012445941346,-40.2864656992675,-42.778636578282374,-42.34200538617472
-8.306568081747262,-8.534073042301062,-9.67659304521518,-7.901017290437967,-7.306736608295216,-7.222168429065308,-8.316861439368967,-8.653305059161287,-9.797575261552742,-11.597761165163172,-11.998546786642793,-13.00337011174936,-14.236553680935781,-14.861173314298807,-13.573372878413805,-13.452480608224796,-14.564120691456818,-15.451604443121397,-16.27789761104227,-18.361427605859316,-19.759896179062487,-21.5981198679079,-23.72098985861417,-23.902844527232343,-24.335063541228948,-24.498905745194694,-23.168392090490407,-23.75142032933832,-26.619225708052483,-27.454690432109302,-30.714756984389503,-34.42263172533226,-36.67653517029356,-38.651222509020876,-36.884942267302456,-36.265147333705535,-36.54693564671295,-39.22614940618569,-38.3450001245548,-44.27001259882904,-44.8016523004421,-41.19707281249026
-10.03481089766762,-9.40825672748213,-8.231465842192602,-9.487826187968736,-8.13649720813262,-7.657078091056611,-7.130997678510081,-9.396224904126315,-10.504078863266082,-11.244970127400165,-12.266160667766934,-13.259074287884129,-14.250134690860701,-15.025006568039464,-14.777283621103626,-14.512862830948059,-15.299485702069763,-16.673159767846396,-17.175333873462108,-16.574796805981062,-19.451068998084395,-20.599794070825862,-22.2269702192415,-24.531005853075673,-26.384930091393105,-25.71602654210333,-24.962420786113576,-24.786593625459165,-25.2251227376967,-28.177454741382466,-31.947460762298075,-35.42730603035515,-37.68159017384741,-38.81215523957922,-36.7714482171699,-37.461681745937746,-39.98289664474152,-40.98572836669069,-46.45606438886637,-42.48727873911362,-38.84801213649166,-39.13760750820109
-9.151984019264368,-9.395585396144755,-10.856992894815466,-8.362365728453016,-8.792958149798013,-9.225628336815856,-9.076206466914979,-9.633379928007045,-10.118406436108469,-11.334381839482779,-12.503392946317554,-13.003193066703131,-14.39972881655304,-15.188735682600923,-15.32957424403099,-15.703478888880891,-15.496162541771184,-17.638080045976146,-18.533579169514788,-18.68092824369443,-22.275373621520618,-22.969898311489626,-24.513415072135054,-25.426220552511204,-25.799362583827808,-25.731223532696188,-25.027537114048798,-25.15217838002537,-26.098995469452422,-28.576718972775467,-31.240522140157744,-36.27779983674961,-39.426880336747935,-37.25497230825189,-40.14699372317093,-40.231952516855486,-39.511482110900346,-42.36391448905285,-39.37733509029587,-39.73282166888792,-39.48997327228625,-40.27659464807924
-10.817555814373955,-10.778427563318616,-9.895406294796661,-9.67517296769668,-9.401609995264726,-10.748947026927782,-10.470230242952542,-9.929177886775124,-10.416180057183002,-12.135085860913707,-13.012557532772481,-12.91382711293693,-14.076309978870484,-15.207030575061609,-16.185638063722102,-15.08311106005545,-16.435572205190685,-18.303068578289945,-20.112982400357957,-19.82652938507433,-22.155860405952957,-24.430914300169547,-25.48969070826896,-25.444644680365883,-25.884970352856378,-27.551956323636414,-26.564986764691604,-25.434289685682693,-26.82372396936924,-28.966293358346068,-31.733870778156366,-35.90026068936411,-38.2364129503071,-40.33120032040937,-40.642830279939204,-37.44811345503369,-40.33646373745409,-40.374348341270505,-39.27448299772055,-44.18988104630982,-41.5988350325873,-43.28599916779819
-10.2125903899466,-10.657378882509565,-10.104669097455078,-10.733891947293367,-10.882315677199573,-11.26972709481079,-11.454208094567456,-11.314757442504641,-10.499495537539854,-12.558131522997062,-12.141993389435681,-12.974691476013058,-14.349451972153675,-15.256046217417158,-15.50121511306286,-15.76886753486024,-17.87744231784982,-20.393979602616962,-20.343758034277837,-20.114301644229705,-21.456151074398974,-23.199194393537798,-25.22782110275793,-26.234230321114985,-27.852598253074824,-27.461845356359795,-27.32540946006333,-27.4851120464387,-27.70056709083165,-29.212060823877977,-31.37863227042451,-35.7792249145335,-37.63107646222876,-38.27991227201342,-35.81383459899661,-37.66177761929132,-37.36586460840294,-38.691761291128465,-46.480210535554505,-41.761814454939156,-41.797644903061986,-43.786490619129594
-9.771809177555422,-9.99121408724955,-10.59121643021789,-10.623433132853421,-10.465512918933017,-11.289597758447043,-10.831729883889924,-11.368482367334277,-12.653697083144987,-12.523201932900271,-11.147379335419611,-12.278657112466677,-14.898736760234852,-15.96238459992085,-16.087751812154657,-16.267466098319677,-18.367555004463277,-19.978049902938864,-20.25458643327972,-23.587646864605635,-23.866356918558786,-23.444610549943818,-26.61787614874562,-25.972468364123788,-27.730778839192876,-28.357625173903887,-29.24845823956443,-28.722560192789672,-28.411679781933966,-29.2958391522118,-31.75613349588147,-34.99906355784343,-36.8259965801279,-36.3337429827155,-36.18139799719991,-37.02750551862822,-36.22895471001082,-40.562331062279405,-43.630662793439086,-43.50445169227647,-45.73351470655706,-38.437880375300374
-9.39666356402858,-9.899234980376477,-9.977460132959374,-9.722715931655568,-9.983970647347427,-10.479438067470648,-11.393301689558214,-11.918042106177777,-12.50042496100584,-13.786526126574781,-12.827524731937062,-13.098687447099854,-14.270820742857222,-16.32092799779687,-17.3899019323866,-17.32888515597414,-17.82648510198408,-18.62025501969135,-22.835785739151852,-23.434352600392724,-21.82312480356194,-25.948161962161496,-26.847294140646888,-26.79588438910465,-27.23297637161501,-28.672995673165808,-29.709698542007605,-30.7294311352725,-29.730644074495114,-29.35850119719895,-31.938982515057763,-34.121938315163746,-35.95303595594778,-36.77775643714094,-38.43448612138411,-39.332687033776025,-37.38750376732721,-42.29132059522113,-45.04141657228442,-48.23177804078341,-45.44099071286891,-43.51116327033466
-9.78898189306691,-9.78357813621947,-10.048660819296785,-9.592759709189716,-9.768051655579152,-10.737591386757128,-10.825640323913454,-11.656091432342812,-12.489129287127673,-13.172138424385865,-12.700761063443597,-13.702393622081305,-15.57976464154965,-17.133896272398143,-17.14260745520709,-18.392155422820437,-19.488238714224366,-21.14797843177051,-22.694125384606345,-22.369670859503945,-23.242049209025154,-24.23125782094629,-25.95552310344263,-26.52269036195496,-26.280279459009066,-27.735025132610588,-29.378683154602335,-30.663008039675873,-31.045630986016892,-30.616095934509246,-32.22227459383235,-33.3559564864556,-34.46632504689592,-36.85306093144102,-38.51143183167325,-40.42855815356892,-39.98138057983756,-40.432006684729984,-45.48881665098591,-49.516931508228865,-49.4505792299556,-48.92489906514711
-10.06892700926915,-9.600240001308523,-9.191502923631006,-8.856868698277006,-10.058193667411187,-10.598356342623328,-10.577206253929953,-11.430584759049744,-12.552931198175258,-13.667714153966525,-12.518620348151506,-13.139305022927223,-14.188545150480978,-16.05001961465973,-16.882454043490274,-18.076926546415255,-19.10830291108527,-21.27424681975542,-22.874008985721034,-24.50427349431131,-24.10921688088363,-24.66857481018515,-25.150572221389467,-26.071066365832813,-26.251424307106255,-26.956449394603137,-27.93782748514684,-29.877457154444883,-31.19112360180876,-31.574510522080896,-31.436625200651648,-33.54396884506997,-33.848755397218426,-35.77100026214816,-37.62585139491922,-39.03438142411158,-40.92361051614843,-39.72367361815242,-42.86254365880969,-46.023403179435306,-48.505655295625175,-49.31981362293642
-9.868135267959122,-9.047030838891876,-10.347376982001224,-9.311738082338511,-10.35700519513313,-10.102146149076615,-9.625124498129994,-11.169939151894168,-12.830137156731272,-13.724768364048517,-12.831512595931361,-12.802761823518992,-13.530278036497064,-15.019893723939166,-16.437117583763566,-17.139507652228016,-18.74034516340198,-20.68203697510264,-22.00628163571791,-21.98803044233346,-24.489910428302558,-24.806215654382157,-25.891104912208604,-27.443746895535085,-27.051311725854415,-25.82718781744752,-26.937743357284297,-28.720390907569303,-30.720141127756456,-32.42330366029061,-32.07023069004137,-32.80275975550844,-33.48694350049471,-34.88037610741192,-36.42627854221542,-38.23248262618072,-39.63827698422197,-40.0784757920333,-39.84990791950338,-42.636844125962426,-46.82586596445434,-48.337378946072775
-10.110440421189747,-10.27220846341367,-10.238540436245781,-11.179924372559501,-9.331727945773244,-7.7432010957279696,-10.1045271359986,-10.503690949531673,-12.27895788414914,-13.651711375918914,-12.693182275044702,-12.239454813020394,-12.97471373061301,-15.0068004634244,-16.288051181113445,-17.217267262885215,-17.652525540506925,-18.840767413899087,-21.435225874333373,-21.810334913298572,-22.574502043118784,-27.431733906454948,-28.916457953441316,-28.831210637077987,-28.641424238826716,-27.727982068083776,-28.11961009300052,-29.7573713254519,-32.108632146945965,-33.55623395110283,-32.58708897493211,-32.6028645306021,-34.169251509957576,-33.89261498349602,-34.3553739764855,-36.02571086003376,-40.844867210284576,-40.59092730183527,-39.15385132443295,-40.263631473770026,-44.34268968273219,-46.065638301032216
-9.745431669816332,-9.136419793944935,-9.984810515614003,-8.988108699520048,-9.351905840808092,-9.88295064825379,-10.25762393684295,-10.7024211813297,-12.3650947340028,-12.963215839270507,-12.386728889685545,-12.561143130733722,-13.610965408828003,-15.525742512223909,-16.49740529329261,-17.119095306317192,-17.31622519029432,-17.680734785739766,-19.96819190895454,-21.407175408327277,-24.078233439168418,-26.722290819519486,-27.958750128155252,-29.135878625281457,-30.61523826231516,-30.012349558448992,-29.448098959718767,-30.500925067974627,-31.410433830057862,-32.18061991952891,-32.87856669650577,-33.873768057091205,-34.8709732949596,-34.80884347106463,-35.44960576859044,-37.73975342475631,-38.11145113383912,-38.59297611875822,-39.050526195006306,-39.67324334071865,-41.77476972823294,-43.178300373314315
-9.12060451928048,-9.398892905342828,-9.658527118512756,-10.23619001620921,-9.495831385983292,-10.152953408203274,-10.726895677330795,-10.750418288892908,-12.704963963081514,-13.017765206958359,-12.425503718587374,-13.63234057695281,-14.314133622348994,-15.630143495763882,-16.614019364165255,-17.670777613735535,-16.97346091486841,-17.01598431347969,-19.577094459515227,-22.089418955539042,-23.099350865296216,-25.35980301008923,-27.587463764179084,-27.732823906048033,-28.24089112651985,-28.750344864682624,-29.231720342531776,-30.218250517390267,-30.54315621180184,-32.64218385099896,-34.21430714625211,-34.52993232146068,-34.33578070507547,-34.859238561948565,-36.369143795726025,-37.02535121168155,-37.99372389787944,-37.12104161339672,-37.13147553771682,-39.1383095192199,-39.999603499867604,-41.0803937540737
-9.755451748409229,-8.713207863770107,-10.050656411494364,-10.314401090118746,-11.026583448833028,-11.00751109904776,-10.806724163310665,-11.6340558559907,-12.073048218369026,-13.852163629437738,-14.493609659333028,-13.812081847599202,-14.167450884712766,-15.658322706408363,-16.771721590998936,-17.5798582120839,-17.12125629173862,-18.121111336695737,-21.101064679216698,-22.395339995462162,-24.32461167713065,-25.0535482111676,-26.65064504560454,-27.585339267258753,-28.725570021244987,-28.401151251834815,-28.93334693608429,-28.859172484508687,-31.61109531217125,-32.380518402019746,-32.477682774758435,-33.97814390056739,-34.63853195362425,-35.45074994199638,-36.647052930176784,-36.161761103317644,-35.99781012354971,-36.05056172998172,-38.119631549603135,-37.824391819743894,-38.530246556756545,-39.35322074413501
-10.25765310135692,-9.890137599003689,-10.974163243237975,-11.420112371895891,-10.548523515934578,-10.797349862575812,-11.941270195616848,-12.557397726972013,-12.610473077099199,-13.729153781302399,-14.953233820547517,-14.15930942740883,-13.468784707090458,-14.782817678280274,-16.23978746435644,-17.668573639368688,-18.887073414357232,-18.720923748424163,-20.124406109884255,-22.059014453358806,-23.788393654722025,-25.674902752335093,-26.541199776393853,-27.842698196885426,-27.643271316665782,-28.779941438350846,-29.656272730906938,-30.614480806600902,-30.5277982088921,-30.479014275331366,-32.754230084522746,-33.187449221810766,-34.47990526312383,-33.94539955598725,-33.759003940228176,-33.75059529892529,-35.21374627499196,-35.35408305225086,-36.75039325342663,-37.187024396915874,-35.999453499034914,-37.68932532797675
-10.86425888021562,-10.158575329891464,-10.769103356189525,-12.10912576988947,-10.938775833295372,-11.029488077465547,-11.037490133032602,-12.278061209701136,-13.921546725762038,-13.243803855383796,-14.814222682669937,-14.046362289706325,-12.892651840655022,-15.261069960029339,-16.135627917197287,-18.186168944344455,-19.478498258504512,-19.056646682503878,-19.233930631649795,-21.55286095120496,-24.81444578026087,-26.26425843081266,-25.966755947022722,-25.158996032221697,-27.568890574249643,-28.64244436956659,-29.10170328235015,-28.68235728649879,-30.107735968894374,-31.771712841371208,-32.466178692096356,-33.26390258911139,-33.95894303470541,-34.101860314209404,-32.510867570358755,-32.17206758971467,-33.58160645145489,-35.531368771387534,-36.870379125078145,-36.25750612831918,-35.97729639291356,-37.08669316087221
-10.270283061600948,-9.769114227640818,-10.269260609618646,-11.479909355382077,-11.198109591327965,-11.279295472921456,-11.575787987254511,-11.508921007278868,-12.838029713176152,-14.730527577442539,-14.195042728874352,-13.51530800459258,-14.798512018567868,-15.529647153801418,-18.263308939289892,-19.21207197654552,-19.333269695639594,-19.644471746855643,-18.640974416885896,-22.081311194571928,-25.01398752131959,-24.302187428017668,-23.53423048029184,-26.032047911211347,-27.18338499897241,-28.294045886556987,-28.57369150170628,-27.565544321758217,-29.609812022124522,-31.37132223745365,-31.069565353196875,-32.6559753144096,-33.3931539039507,-33.15171256182368,-32.785732892641626,-32.11927442225294,-32.554116754018345,-32.84585079614997,-36.11581821915148,-36.10731605313966,-35.2672178064102,-37.31779253356393
-9.507866470221,-9.723038593191827,-9.276155758562062,-10.89338165097173,-11.325091594800469,-11.51377976910315,-11.28168385608223,-12.64833090319527,-14.171191374104431,-14.38824658128445,-14.77976120518409,-13.790467327898373,-16.259758746465863,-17.411582451985325,-17.54315690237989,-18.537919367195627,-19.855319913834105,-20.166219490514386,-19.125498041597158,-21.96661395857352,-23.242620831878206,-23.359866384556064,-24.26823903232633,-25.382557888015562,-27.58633926206003,-27.39471432090414,-26.823440235932893,-27.93845005244572,-29.47504989962162,-29.196859856581302,-30.90345953642219,-32.2550368538069,-32.69203490679108,-32.07951550857016,-31.08659266454282,-31.139647105398126,-31.9655155727935,-34.09190889744228,-34.98939081725335,-34.854505665619044,-36.23817273488309,-37.40116480252742
