public/json/wind_2018-09-1612_700.json
{"header": { "discipline": 10, "disciplineName": "Oceanographic_products", "center": 0, "centerName": "Ocean Modeling and Observation Laboratory", "refTime": "2018-09-16T12:00:00.000Z", "significanceOfRT": 0, "significanceOfRTName": "Analysis", "parameterCategory": 0, "parameterCategoryName": "Currents", "parameterNumber": 3, "parameterNumberName": "V-component_of_wind", "parameterUnit": "m.s-1", "forecastTime": 0, "surface1Type": 160, "surface1TypeName": "Depth below sea level", "surface1Value": 15, "numberPoints": 4800, "shape": 0, "shapeName": "Earth spherical with radius = 6,367,470 m", "scanMode": 0, "nx": 80, "ny": 60, "lo1": 109.0, "la1": 20.0, "lo2": 116.89999999999955, "la2": 14.520000000000117, "dx": 0.09999999999999432, "dy": -0.10000000000000142 }, "data":
[rows 38 to 56 of 60, columns 0 to 42 of 80]
-13.598838892964821,-14.840281072743146,-13.726237137361982,-14.819407830991658,-14.942514172887421,-13.646966619249184,-13.998989739324326,-15.7613729692229,-14.289361207516269,-12.883840251967303,-12.045928327968452,-12.138183326087653,-11.082757289976646,-9.173093145211332,-9.236386434059172,-10.79789002892513,-9.441577128785033,-8.153907374136203,-6.778827401182067,-3.6707030681433745,-2.3084343724681777,-1.740598437306364,-1.8073416305253387,-1.4003353151772582,3.2819118162678347,4.646209868911999,7.709723867029036,10.303693888755276,10.978706020983882,9.80631764892781,11.04119082844823,13.710608606160065,12.70636106249379,12.413409501468776,14.038738033807666,15.771176619739157,17.74195652586693,13.357278154857493,16.763011371902152,19.7279222782826,20.91392782991053,22.283061326095346,23.09723349244329
-12.63410865329345,-13.960796676657486,-12.830857667429948,-13.76550733307807,-14.256279638577645,-12.303353358923244,-12.020254495986077,-13.077025175350204,-12.213656410943894,-10.411141497772306,-9.82482586147471,-9.366038739352671,-9.07786143008353,-8.511192839329045,-8.416023799165464,-9.9023354088481,-7.771820291871853,-6.791906114314633,-5.361596928050711,-2.9932133284939635,-3.894969135230437,-1.6807863943128898,-2.797249695756663,1.314972316940606,2.711282492823098,5.283263135502024,7.350037186933941,8.930340970547467,9.650521179429465,11.207920795061924,12.842929141866627,14.473110551288396,15.992075140364477,9.647913178280621,15.73039720140707,16.91295456144157,16.974162580408777,16.771579069101147,19.110170925514332,23.00595166601379,20.509617711325536,21.758823046707995,23.70799869450903
-12.32573577587354,-14.030036410528309,-13.465990954603393,-13.748118124882405,-13.33466603078974,-12.322145542836648,-11.974677599301573,-12.466105678813532,-11.944773062003073,-9.588677557170959,-9.41445882859915,-8.489396255140006,-10.791004726636299,-11.064942811000119,-9.767853931787542,-8.084301898495035,-5.6069498699129845,-5.193620757964025,-3.3118567701997943,-1.879259841510645,-2.4470762518327884,-0.5959668280706124,-1.7635038824459424,1.7052179998683337,3.9805342800759367,4.810752283658113,5.694616035769983,8.416801416223793,10.002568633472485,9.222800226023915,11.331396165554096,13.553967988813092,15.678931560664408,10.89670531641799,11.958009278637824,14.795066675891302,16.086406520712234,17.58922590626532,21.00381913773081,19.98656760965323,19.747172405303267,22.27662227902167,21.57316798967607
-11.593214906158334,-12.440147965774601,-12.355575797961269,-12.120941732866333,-12.24313599115394,-12.523595364804253,-12.44201449428378,-12.481087694591931,-11.63137507303852,-9.584393885033347,-10.238453189204664,-7.633547210737284,-9.077857876658143,-8.370733134867685,-9.21984322897946,-6.6310761705925785,-5.696988493253765,-6.689431369030015,-3.636477954883553,-1.123707455402168,-3.64371286642702,-2.0839277618167067,0.9063634139302805,2.3039865859822943,2.7760699044724655,4.500509999551133,7.465845637901385,10.538811714586327,10.491417948347571,9.977534487828155,8.20042607830302,10.058022663476969,13.881297621898604,10.77521139397486,8.588058080713028,12.10425799039858,12.575165067978391,19.9452012451402,20.99471795951476,14.909311171869252,17.254817090970242,24.247806241594255,22.58167396227887
-11.394982716674587,-11.919476495771889,-12.106818561610863,-11.206179053861284,-11.243257867391245,-12.026595038335355,-10.350755261061627,-11.13633281256289,-11.082919239941223,-9.61600601303068,-8.234499780695646,-7.074568076533094,-9.581390917884569,-8.218426015124905,-6.267690742621201,-7.971886773470746,-5.576141974629589,-4.0260609386633215,-1.3006959595284222,-4.927241642633664,-7.426453277664586,0.4047902453559921,1.855609694310531,0.8228897546801125,2.4258845245348124,5.188674321496567,7.552825053861096,11.094420235227584,9.705789584210795,6.509123511570821,9.035180103898135,9.16901383208721,9.648571469190529,8.292316084593876,9.955100568689339,11.393842021246854,13.272784590092114,19.2705614190502,20.229103290712274,16.421966788007264,17.905660514241852,17.364904622760335,19.033341733220887
-10.452860011904438,-9.587152974133437,-9.151096303507455,-8.413145769478405,-9.6246622077377,-11.177902949269736,-9.06095297259895,-9.969907144081564,-9.791057963467983,-8.542377802570346,-7.179053354450989,-6.984294761899772,-6.97231068576428,-5.116838563343775,-6.551409934240304,-6.893424996968548,-6.592107596982289,-4.531734036960097,-2.532022349507959,-4.01271253143463,-6.0743118028258305,1.0051565781192566,4.601621470201201,2.712908372319588,1.7938147342347792,7.2573211490410605,9.923455764239826,8.752277635726253,8.573963540562579,7.584974101634934,9.571246834011788,10.805231925099022,8.206020675738738,10.307553057633582,14.0368925679834,16.24993577073886,10.669753491985333,15.617017935903235,17.16442604266977,16.864738680298466,16.65085407293885,16.574844417223982,17.416788277877558
-7.35202813399182,-7.564771087899631,-7.608415641188874,-5.933782948075043,-7.296711750140975,-10.429733651447522,-6.504250834014682,-7.325911082202008,-8.271359318844215,-6.736586026938491,-4.952333742758747,-4.415976992050367,-5.392725884700124,-4.477133042180371,-4.42112746318701,-4.122225310581678,-3.3130211742285116,-2.823993855073777,2.12348489065301,1.1653476913546401,-4.829097287166885,1.2708817162550423,3.847373755870063,3.4936719874340096,6.673071708540074,7.7309559357241735,9.568470623183728,7.741131969316945,8.35365445982674,9.038789635266612,3.9150094260562973,10.72134907109474,8.039328604504613,11.597138937519462,10.643061280514853,13.885328967290807,13.89800122665908,14.849352773922092,15.04367244843485,15.897989104447767,17.048907493429596,17.333803056080704,16.989784666863287
-6.80556533042016,-7.630385728697098,-6.67414125319066,-4.752983332023796,-6.740253556285051,-12.341083868215991,-4.605421858716749,-5.799890803668452,-8.458192115974668,-6.083397121207307,-4.506482054931887,-4.266558358231979,-3.4720144250107143,-2.943933790185084,-0.4253589642888152,-0.9006044638724114,-0.7152294073839764,0.3153506457309035,2.065772074974814,4.530210008896095,-4.292742393001323,2.263446296664203,-0.46236714483988844,0.14224050636682187,7.410826747855042,1.605429785169889,7.504219164946194,7.298268887263377,8.481958903175764,11.480424243775634,3.835029943544831,9.649849362413509,7.144694424592092,10.684217143281984,12.428061250464332,12.398066098673354,13.632944569161417,17.27151212629903,18.540097494037635,16.3259106392501,17.309973945675,16.35210952168776,15.901337930138183
-7.435983983572688,-6.208514427236858,-5.2522610192365615,-5.00695922259506,-7.181187424072892,-10.110391779649927,-2.9733300897812267,-5.402755486383582,-11.812422180901802,-6.415590584918121,-4.941002044582531,-3.108243063926971,-2.3404072163301226,-2.7802353893515255,-1.2580359601623499,0.6528439430298649,0.26696890217803376,0.0953670218375756,-0.7216117342487622,-2.1705372553205864,-3.0859119896721454,0.1458552369002128,-2.8438827544939773,-6.88209982410234,3.8049950977960716,7.79760647898403,3.819976001181088,8.163381211636251,9.420395592642555,7.752756453624645,7.4930534370555,5.723086661794994,5.5818425335731785,10.22070392203114,11.998263701942566,12.843307736241979,15.399353414526848,16.30508679684213,16.96378822128655,14.892977916056157,15.08511532263321,14.947513122590342,13.995360498839135
-8.642954963921351,-6.51559344680585,-5.437995486949256,-5.776236140538596,-8.952342294535647,-7.839750529341951,-5.134802152679436,-6.94917979206304,-11.056271822060745,-6.543938124771515,-4.786590575397133,-3.0407757383544167,-3.039913681747753,-2.001706217529633,1.6013051200940227,3.058741193177932,2.929587669246861,0.8104854170919489,-2.513107482566674,-3.827012328773842,-3.5031077818694936,-1.9590449479635859,-1.3053211662987865,-2.1738956736988913,-0.22441754607381675,8.469734492953535,6.892160526060723,11.767437847962075,9.220747700567241,6.816621843855548,6.693441810246655,5.931288444063311,6.124741424700301,10.512783316085997,9.935795571591575,12.827371351954506,16.275264045450832,14.729206263598993,13.389586054497798,14.866257916143283,14.951220161537618,12.601486914254327,14.052358458416409
-7.432261722477953,-6.220864869640577,-4.39881858591164,-3.8796497833243566,-8.11027516348093,-7.277928080890917,-6.788763645084228,-6.912987925738921,-8.099247186600023,-7.368790856597604,-3.112147267890293,-3.214393590197713,-2.1976883033684795,-0.17354168668108072,2.7165796623990093,2.39166850162154,3.9190729099226393,-0.7352699007315537,-4.756493555174954,-2.2780194268132163,-7.953631023419082,-4.234817243996363,-4.038247289519388,-1.8632709849158293,-0.6535051012340616,8.356658125132519,7.7720205682866315,9.239856592389762,9.62811894267549,8.00188555309363,7.146255942366907,6.078921757257284,7.205246570969126,12.284179185336196,8.08668725431011,13.224784885867953,14.357262065120914,14.92506836025554,13.700265986244105,13.049017672446809,13.405735419887211,16.321433051992148,16.98357525516534
-7.779944614977953,-5.020078777178812,-4.607289129649729,-4.366054859712213,-7.985110287124206,-8.544918167765886,-7.4414893535962925,-7.792708014987748,-8.025831857829822,-6.923911516018508,-3.1673066751890087,-2.398956160522053,-1.018545955781501,1.0042607072528555,1.508159287814129,0.4130387719446059,-1.7355479932825544,-2.7167444244976644,-5.181255493978553,-4.354876793665506,-4.337619587183592,-0.8575844571606672,-0.037251891795235234,-1.9126683699162899,1.8532798989337385,8.077762428887086,7.271461732290175,7.496864262588825,10.098993108555316,8.965643641781485,6.4231380551249835,9.182567639945754,8.467044077714837,11.46144577027179,14.052724645657142,12.043468514501988,13.687967832598616,14.694745984967954,15.839176392179247,15.539698474631756,16.633989199908328,18.37242991645951,17.41099396209106
-7.645710795274234,-8.59610409855188,-7.862045199661026,-6.931805999952244,-7.398405163407163,-8.27923329078341,-6.960800126534141,-7.5218009542302,-6.677199155313701,-5.153234621314395,-3.5366108164064576,-1.6238365660706844,-0.19892026159628537,-1.63958745918171,-0.40498664707630105,-0.8164640680487061,-0.33746820402274286,-1.2448338678261774,-4.9483453638690005,-0.780750561942152,-0.8528371238831056,4.65571240053016,2.508912489764091,-1.4278438831862141,-1.3210529212595739,5.889562049613746,7.116712489858648,8.640119036176735,9.252588178756373,7.637282715234409,7.057365051927176,10.838274561676934,10.526151455216857,11.097533974852343,10.51466947943295,9.829778883856305,11.174345105548376,12.952333515170519,14.824039415211237,15.146228082256162,15.833107633737534,15.379198486956838,14.35400479797014
-8.602918927943376,-7.903624328996314,-6.7029445946312265,-7.116087481876394,-8.050091517772032,-8.124740143877196,-6.520506414908544,-4.515074003357059,-4.2054765384676855,-4.40104085219337,-2.3384612023877374,-3.157783564076929,-0.8729811853783743,-3.13243510641524,-0.34353551164243246,1.635572781879406,2.2927368722994146,1.5528244676600678,-2.1771241845889167,2.7331247081383196,-0.8646494093133801,2.2056774965247383,2.3743219993922176,2.4185103966462655,0.020678828318792336,2.589075401597675,8.64220112097562,7.260569815563072,8.496278204403113,2.5328216039804414,2.943465175020484,9.497114617047975,9.139541830037489,7.515261003167486,9.178694008762992,7.905517061132494,9.762015257961592,11.74801665971951,13.702143044582762,14.953813051549599,15.552713986983049,14.491487280481836,15.169157383159618
-3.8101355106559653,-5.935425988063622,-8.240197914952159,-7.589535064953129,-7.745561172767691,-6.341600543457055,-3.7870670944480116,-3.1699585283469025,-3.6218028769911745,-5.343321857343369,-1.9189160828173162,-2.0822645174714003,-0.3912452867110053,1.1744640815127074,1.9918247332400318,3.6518827691553675,2.1821923672595847,0.6744614333374412,-1.536777852813215,-1.1152825189547202,1.47817594097138,1.3508521609007453,1.8996389533171454,3.943389122335758,3.8544529632406035,-6.591230006446269,4.217972395399223,5.6374282727525,5.082795538920363,-0.054783109040396405,4.872071215035615,9.141761786717026,8.512911713100031,7.247135333524344,8.582592998659068,10.174102439008683,9.744177453031517,12.196644549646305,13.979760320200535,13.717521868987472,13.181830260737712,13.452152212574248,14.59844338681713
-7.498163763610953,-8.546940885250157,-9.31781935523477,-5.24520373732701,-5.184234162664137,-4.233459281501319,-3.3026823892961215,-1.802794961829414,-2.7980093159802246,-5.2042319750167625,-2.585194908863755,-0.6652147300702127,0.22121543730305054,1.553385419196861,1.8302475942818093,1.1146787851152606,0.7579448811792932,-0.07574910568539364,-1.9321931284633056,-0.3876803879464971,2.797571888989315,1.4754159925475847,1.5345541346028326,2.5770523114052457,-1.10454985337776,9.000829580953724,7.456752605758947,9.556900230798941,8.79323740046612,5.643239568094478,7.461573512343858,9.901446209697422,11.171357109035712,11.684278688962515,9.853439231913496,9.954692495908077,7.088162540041381,10.65817592273717,14.298184900999534,13.050395843127099,13.205724621355792,12.648665236418072,16.010341439798882
-7.98326926007194,-8.452808987491332,-7.143481986610412,-5.87695739099729,-1.9608679644111189,-5.007779599369236,-3.4600950563169883,-1.5827474428625505,-6.812094871515563,-6.28432358133235,-1.9514536101930713,0.1980667491574497,1.2112908336434391,2.408041185146159,1.4067486921417656,-0.9442311161118455,-0.7963921870505457,-1.504576316192721,-1.0717609054980073,-1.076732061856939,-2.460618457857173,-0.20549150608168887,3.4085292799794673,-1.819342352274095,3.570483794491861,7.836246232655322,7.3087621985125075,10.40499400926471,8.010581098423124,8.588149844449294,8.37350354006377,9.719619368869006,12.869373116847518,13.294472251575044,11.11571565883388,10.539154719362969,9.320343768693528,11.797369872350316,13.115306913016614,14.107778748592272,13.803026946326781,16.236451679750004,15.724467896998101
-7.79313717922071,-8.391382043062855,-5.996191163739405,-5.339355978273545,-7.204445398769365,-6.2978952236996735,-6.792764694834906,-5.96025305693432,-6.153901329365799,-4.148657260912771,-1.843688157490234,0.5962828342739322,-1.3436313421504744,-1.4055055220652588,-2.319386049832876,-1.0504759769285197,-0.03845315377419252,-0.6358529226260918,-1.028299520418806,-3.4207060242842573,-2.3384408599161013,0.4205883487498332,1.5429331361136265,2.051776625296462,5.002502975874119,7.977616861890343,7.704033867690304,7.0596000147048965,7.029410673550761,8.863693583086569,10.383294237268576,9.452268752609776,9.069647575567505,11.19046149757853,12.962315068160983,12.79451270307571,10.854850398046569,10.682165403680967,12.984625241020739,16.27467205751149,16.82180392569902,17.562800038058995,17.49516304675806
-6.659624692796015,-6.74816529677271,-6.061656886281095,-5.039795209062009,-5.364807444594703,-5.716700902840182,-4.996442862302885,-3.7602582452563946,-3.802734266589802,-2.8920555146877254,-3.5549067985874934,-1.6987789754452272,-2.1987825616580006,-1.9366138427987336,-0.7217759845488685,-1.5560171100175868,-1.5473272223217007,-1.820472424739351,-0.5299019275700037,0.8261704739860991,2.8635889561975008,3.1630975404665262,3.8511836251149743,4.4461140026303845,5.7273993975881385,6.570691282032491,7.546403508408282,7.63302526534443,6.886901760511546,7.2458178252197225,8.823355528451476,9.117702340356466,9.126898595513339,10.048242209012729,11.42506748508745,12.780653997985777,11.66132763327315,11.514218246226871,13.369740033009073,17.236134388781696,18.463092884610184,17.307546078456763,19.33333997567303
