public/json/wind_2018-09-1605_700.json
{"header": { "discipline": 10, "disciplineName": "Oceanographic_products", "center": 0, "centerName": "Ocean Modeling and Observation Laboratory", "refTime": "2018-09-16T05:00:00.000Z", "significanceOfRT": 0, "significanceOfRTName": "Analysis", "parameterCategory": 0, "parameterCategoryName": "Currents", "parameterNumber": 2, "parameterNumberName": "U-component_of_wind", "parameterUnit": "m.s-1", "forecastTime": 0, "surface1Type": 160, "surface1TypeName": "Depth below sea level", "surface1Value": 15, "numberPoints": 4800, "shape": 0, "shapeName": "Earth spherical with radius = 6,367,470 m", "scanMode": 0, "nx": 80, "ny": 60, "lo1": 109.0, "la1": 20.0, "lo2": 116.89999999999955, "la2": 14.520000000000117, "dx": 0.09999999999999432, "dy": -0.10000000000000142 }, "data":
[rows 38 to 56 of 60, columns 0 to 41 of 80]
-12.796404991435551,-15.010998733746254,-15.999529066277422,-15.485986249628073,-15.821293445190584,-16.371597889389847,-17.11534590352881,-18.505181464687354,-18.821787717789885,-19.232173059439347,-20.04048121030272,-22.065316580718093,-25.327711813554377,-24.560122534185016,-22.97687502284488,-25.882448812635786,-27.173666047141342,-27.240479092535278,-27.486557888372573,-25.665355649558197,-26.273306989585393,-26.703612655257626,-29.497387010792277,-28.403873027024737,-27.240633796143378,-26.273038035576917,-27.236425149930962,-28.720272662551473,-28.791147113732897,-31.15983121558277,-31.77330785541563,-32.58341747312686,-35.33028788373718,-35.4407107021074,-36.57753432077603,-38.04102438071105,-39.889487009255696,-39.73404887625458,-37.28855421291556,-36.87307452585751,-36.35841279384582,-39.18265996710883
-12.068353749490432,-12.657496728564986,-15.297920444560972,-16.215474558074106,-16.29414952349753,-16.86781051719009,-17.65236641186152,-18.76238649671918,-19.496533224263068,-19.58304517371348,-19.9525045510484,-22.403121724687914,-22.380911101521725,-22.006760208306787,-23.643093994010766,-24.60097021830837,-26.09273828130849,-27.083852092246747,-27.574458996740606,-26.268440815410035,-28.45597560099298,-27.98432691400183,-30.19895406320734,-29.157239381705033,-28.1826651788843,-26.949444040738378,-27.35542046852329,-28.92096515833026,-29.129941810714644,-29.790149481272177,-29.603527613142745,-31.448219026584255,-31.15563029688647,-34.047044967327714,-36.63866788835897,-38.68912063311558,-37.85095965157848,-38.06991985140292,-34.48704263936782,-35.24279660120738,-34.739522328406004,-33.896893707412445
-11.829365475917333,-12.68229671928011,-14.26624453448437,-15.542577665125936,-16.909537889916006,-17.13465517179282,-17.991399028773284,-18.460497623377233,-19.439080187533673,-19.542535764800057,-19.641259811682453,-20.411082320428896,-22.021346210842157,-22.302763447130975,-22.690083207668184,-24.660827667777486,-23.6048988160843,-23.196628955012187,-26.006279112182916,-26.939221720275608,-26.74936259961101,-26.96300238218359,-28.905022767399355,-28.58799513252127,-27.804517219434544,-27.252084141945527,-28.916440239108205,-27.41887315901463,-26.97887789074197,-28.2393876793755,-27.899338369087843,-29.441958596147447,-30.155881529244795,-31.50608527267449,-34.68246890595838,-36.54274637341666,-34.7321138656279,-33.43263565456505,-33.20735001441926,-34.76873310081828,-35.919125435380735,-36.083061188911365
-11.817137698010518,-13.949336276099261,-14.402411739562128,-16.22223088680214,-17.260009093768655,-17.272517736320676,-17.454674766200863,-18.337447914723,-18.726817467856463,-19.86542257737758,-20.310263331473678,-21.92275784463611,-23.511239520583118,-22.691914334410175,-23.438212327222704,-23.07202542536973,-21.680784395748177,-24.05727943087562,-26.03704613963163,-25.983878498078017,-26.269776631997352,-28.256097611827222,-27.963297934657763,-27.89443061246587,-29.152700906014058,-28.87576745486014,-29.418643919485824,-27.24714059540386,-28.775470898216884,-29.365366487632624,-30.204965460642356,-29.083930373563966,-27.886651646123976,-30.623616167506036,-31.502647942549842,-33.91075184247513,-33.41616234909927,-30.897567377498802,-33.06904536758718,-34.17205946976832,-37.6511161687452,-38.41717433010228
-13.536368957672106,-14.16409870412762,-15.457377278824866,-17.066003146506674,-17.55571696918306,-17.423172217773516,-17.64244169561269,-18.759676203001558,-19.270864351567738,-19.018365503151006,-20.38227912636911,-20.09632692350383,-22.94745899757024,-23.830433057444363,-22.26136703536963,-21.732879285989164,-21.88305623609889,-24.420707598794138,-24.675220579526307,-26.354919492340187,-27.26188868376666,-28.105006266653422,-28.793423967906378,-28.95345296434489,-29.118128912707864,-28.605080083464088,-27.91256505196702,-25.870115476749103,-28.282565759582486,-30.964210314759,-28.33433784435836,-27.75707821350794,-29.136509766091564,-30.512312124560324,-32.4784265299477,-30.9402564369784,-31.248435726127887,-31.606408501034238,-33.0815142837624,-37.11942208286929,-37.40842540916354,-38.456505690068056
-14.149117806385998,-15.664378993908851,-16.55002385486227,-17.886068321693195,-17.629540243896603,-17.685414507017096,-17.96138077717819,-18.445444736255666,-19.580899189176122,-19.683724857853058,-20.14121404679561,-21.100159524029007,-22.286270866152456,-23.099637948946814,-23.052706542836326,-20.964155609440247,-23.265482063919986,-23.83701944278726,-26.4549447329746,-26.152618381970246,-26.474906919085676,-26.559587486473234,-29.498916884334605,-29.125863367787638,-28.378607207820778,-27.356553044005206,-27.791591086203013,-27.102931316898985,-29.156461896441293,-28.710719566797493,-28.022772741029222,-28.01650950193079,-32.83091886394972,-31.00845908494717,-29.82692885891637,-29.040263193395564,-30.883433346006655,-30.946398108040974,-32.31690088160463,-34.6974573705384,-36.885243882666096,-39.407774429624766
-14.210915544657048,-14.329309463075903,-15.81408474167891,-17.348261807700027,-18.68264933802416,-17.869242044775294,-18.217179579555467,-18.645215987800007,-19.512745359610115,-20.001457425648468,-19.582595517650656,-20.103804197230932,-21.772126027991227,-22.145707590692588,-22.33360016801008,-22.846725083175706,-23.829982865951735,-24.29554403222862,-24.82370247601678,-26.28648480189783,-24.163208130605,-24.689996053405803,-26.800504009194125,-25.924278008230978,-25.05250097153284,-24.818420689025746,-26.35124177438753,-28.550748703633293,-28.415881109558306,-28.693406736329553,-29.76984822925585,-30.804240134925294,-31.97715034281899,-30.849016728308857,-29.77179996848875,-28.52593531910298,-29.224858186608497,-30.044633702833856,-30.23031532742317,-31.801218256930397,-33.194168135681096,-36.929587576773926
-13.385037990167884,-13.600208183783339,-14.888226244705244,-16.668725045378352,-17.75964687160845,-17.70762684568392,-17.774386571678704,-18.20874837888859,-18.862159729506704,-17.9540061622691,-18.749782076344097,-20.283424159652235,-20.90504756935498,-21.40525966808507,-21.626182797403953,-21.600256437455023,-23.10896950898776,-23.055071661077875,-24.13926968827994,-23.108875128800598,-25.01116277442506,-25.421313144066314,-25.586623837889228,-24.651531527707117,-23.750742369746376,-26.119716107889673,-26.083913614762686,-29.546712735962913,-27.110253275347333,-27.761080945081623,-30.69647631484594,-30.52436228354511,-31.64307223295157,-30.038781309204083,-29.02887913450354,-28.54153615018822,-30.754279172504287,-29.624394667298574,-31.851478914705332,-32.071524462798635,-34.582325149354645,-35.523981592493
-13.009472409548763,-13.955511397440677,-14.053117768964832,-15.480831579582649,-16.45456160328872,-17.640978245919122,-16.485564008019473,-17.508390701095497,-16.88098811359454,-16.239659238115053,-18.28880641370168,-20.756736814580623,-20.096419760547448,-21.53262181837191,-20.59687326355033,-21.97182092966675,-21.448520070820237,-22.63998080938893,-21.372466875710753,-21.80646359855486,-25.353557301219123,-24.76032782486829,-26.432360487782496,-25.223818030658663,-24.3016522421198,-26.67331876562209,-27.923370942075046,-27.609567385655605,-25.459226913952676,-27.944310592643816,-29.924250601114654,-30.640554905407374,-30.820330074186767,-30.98791046533287,-29.246499501573837,-29.236134619802122,-29.84660173063741,-30.160488916578288,-33.16212558063214,-34.49809738790971,-32.38088512944248,-30.834830572371768
-13.904362207168631,-13.865761328409008,-13.668972461479784,-14.59493195134332,-15.987498945498102,-16.64067827778754,-16.979228607012725,-16.038243517605622,-17.475330574880036,-16.159159127437807,-18.57191514009222,-17.973862098356975,-21.064614716883316,-21.088326778221106,-19.976409367314236,-20.20436384483559,-23.018623902482556,-21.779093194826437,-21.8375351045664,-21.099275476232197,-26.522872208750528,-25.80298737750875,-26.284734630089904,-24.91935848228465,-23.82421147424673,-26.156764389493393,-28.806795968964465,-26.18474686938157,-27.093610042730518,-27.938333412900732,-29.493870657795604,-29.80903754062643,-31.229626831558967,-30.65600038631111,-30.221363927540004,-30.032268371091074,-28.76476202496424,-31.69252312395704,-33.032990420308906,-31.725276718258268,-29.995833615904644,-29.677893724481905
-14.273395172399757,-13.183143215364801,-13.254698328395978,-14.429770663081143,-14.918157808023825,-16.866707514016586,-17.11764118177026,-15.64254810659609,-16.69141351846301,-17.096410363855043,-17.739878289285787,-18.69394735501651,-20.721090885276027,-19.175268224777874,-18.930740122231377,-18.368348255533824,-21.5189124207047,-22.001053221834606,-22.858708818830983,-23.229274052517546,-28.0557617406226,-27.03366890995209,-25.46222004447803,-24.899834137332135,-24.41023825536554,-25.79012036461493,-28.851800919073874,-27.75448392840927,-28.32547412703888,-29.53647796945412,-29.322150869438037,-31.5334416717186,-29.343914370996124,-29.433807298805988,-29.735604904554517,-30.324321093595067,-31.266023017945066,-32.00468128670851,-30.282598148098657,-28.884622896428713,-31.26859933761468,-28.650487246596146
-13.57743435578442,-13.009965874316324,-12.912018571508096,-13.808168337050216,-14.46042455071478,-16.293257032821273,-17.564756544669784,-16.043660971388213,-15.07547167611929,-18.51659399707557,-17.09679290240937,-19.256065674266665,-19.51780910459135,-19.046431862192318,-19.06479920609029,-20.60490959912334,-22.96116693454286,-21.63229522786512,-23.619616739874097,-25.979771704890336,-25.184026903418683,-24.57601011850798,-24.35487487233571,-25.600700955339285,-25.32819440609112,-26.71956890666428,-28.847116622868214,-29.135723607960177,-29.24662020501393,-29.25989911268514,-31.139853265657,-30.58422319277967,-30.033240171501827,-29.498509146549594,-29.26308599100787,-31.039108962897693,-31.618696374804735,-32.886661624709454,-29.8915205801504,-32.129381022920654,-30.864027415438628,-29.812250787187757
-13.187699452360462,-12.797220419661441,-12.967234424595457,-13.827664739387036,-15.704697509299857,-16.37584659170968,-17.134147316922924,-17.268648517495585,-16.288646288221074,-17.543985817017624,-17.787520655579158,-18.621414624272077,-19.0622244203255,-19.39540734530984,-19.641508939915173,-20.60680093800425,-23.38782050062953,-21.919762818741415,-24.816153205097027,-24.920387405227537,-23.98145342694984,-23.55600139268819,-24.268932006396053,-27.26097349012548,-26.153581891814504,-27.612034324403155,-27.27878089377532,-26.5520543874846,-29.951691079187633,-30.543675396743303,-30.622413126463194,-29.453814715670433,-28.552186611397865,-30.294604660658095,-30.24076300076764,-31.399139125893665,-31.317096877846357,-31.404066031076866,-31.21508380293061,-31.011216271450024,-29.071500383056936,-28.780845968551404
-14.295307292212883,-13.722060453691308,-13.114183768858709,-14.12712356300019,-14.810805125699462,-16.362366810098827,-17.56916992647681,-18.002084621870047,-16.766203436558868,-17.636337855155247,-18.51778439961666,-18.480148258056563,-19.102918549124407,-19.63405443442071,-19.847854126439003,-21.47624839395016,-22.344485370583804,-22.920561737747867,-24.585282784601148,-21.583318793454357,-23.576071054121034,-25.4123650325539,-25.335991995939782,-26.700785024306892,-26.21443306023585,-26.458419706130492,-25.13183002473115,-27.145852696493847,-29.339304726460973,-30.992418308680794,-27.742162840051144,-26.302444878560905,-27.38242639300826,-27.443891965580917,-28.86329872169521,-28.630532442970726,-29.70637267305632,-30.42186787975215,-31.21916649664618,-29.69781224743683,-27.703157136391013,-27.6307057730309
-14.318177687822228,-14.240226783093544,-12.556827884078412,-15.566510034175964,-14.925142532524927,-16.853057087016506,-18.10037890594416,-17.488393232725336,-16.744734415615177,-18.657579066480768,-18.938642204284534,-19.192185263612615,-18.70199501785191,-20.29246391226332,-20.158583859202597,-19.887662150295284,-21.32253043314277,-22.641326845499066,-21.938237656597696,-24.303248596003073,-24.633212656812894,-24.568078603536726,-24.050839597709547,-25.403707631551363,-26.224913187665095,-26.307733639986694,-25.66871370602509,-26.292912454267768,-25.375862191226297,-20.90676368265668,-21.11185426205633,-24.401266914700834,-26.507691371269594,-27.013035357974406,-27.67476206716687,-26.63923485416154,-28.64418452452305,-28.648158712062727,-28.162872494375623,-28.464719139522252,-28.130994421210453,-27.414963593504293
-13.709318591246195,-13.103679991936428,-16.762792990891437,-16.243429946741983,-14.915764666086432,-15.871845052458404,-17.74631589203447,-18.03842860105288,-16.520918646416277,-18.419153259670466,-19.04033721796958,-19.389763178810714,-18.371939079839272,-20.474427847010496,-19.85779142788202,-21.057532929490357,-20.49240984732939,-21.404157462439024,-22.53364502629623,-22.08510417471147,-23.973930156161018,-23.870126582002577,-23.8109668059833,-24.375611924598342,-25.656502804988218,-25.12118835483555,-24.0555142014346,-23.716414727072536,-24.225437004222226,-23.44571136522246,-23.67693958740106,-25.36365778170088,-25.617286057201973,-26.17564255919381,-25.66617624795678,-26.6288859539298,-26.61690274565995,-25.512815448974436,-25.892569348469472,-28.141506289593945,-29.01875748421573,-27.44152958864472
-14.383977451353466,-15.32541715118022,-15.920769801623138,-15.337097997448371,-15.33293840531168,-16.01032972472406,-17.116703371219952,-16.87932495339519,-16.428241441250076,-18.137692932062553,-19.36620006135857,-19.121891124108387,-17.698232816606524,-18.59445365224243,-18.695057131336927,-20.026420127167505,-20.690946296705068,-20.768760177549574,-20.796943467494973,-23.00237173461988,-24.14138394367265,-22.578865740571548,-22.549483614688967,-24.62812198823547,-23.781547521496734,-23.17800052457449,-23.814715408593383,-23.303216904965023,-22.95981204568647,-23.118013561887786,-22.598675825556654,-25.676059176638823,-25.97459449515739,-26.663700161100177,-26.654793207065858,-25.943502835487383,-24.23349671489471,-24.013057615299893,-24.25519173242321,-27.3211197159678,-27.2132034319919,-26.556020018585983
-13.775822572011322,-13.841247459949852,-14.368250150467013,-15.131532630521438,-16.701421963241962,-16.577841423046163,-17.209425202584825,-18.28060223709335,-17.23330995798832,-17.558777978781574,-18.381796125861584,-18.72384080742051,-18.692337629164136,-18.107878874154032,-19.833916692118372,-19.71044503711677,-18.79621029496282,-18.807436937318112,-21.119016238332833,-22.70059202151279,-22.363479136777755,-20.953100079416032,-21.461054736990786,-22.94606487718935,-22.34373366093444,-21.28041662682763,-22.27959472841432,-22.618429823411972,-21.794588358951057,-21.208361274645043,-21.35042670583578,-24.45276536824614,-26.438718559052916,-26.31931518383032,-25.8491158348595,-25.092557756530027,-24.73610406832269,-25.198893020304386,-25.524352854072042,-24.76735471010678,-25.41324293198915,-25.58057416651229
-13.680966737321855,-14.848800226171324,-15.159383907176156,-15.800102368974427,-16.279281098182985,-17.032533895805635,-17.7925064484688,-18.722060774113213,-17.9934624314544,-16.345921334105416,-17.522436006300396,-18.916602752886128,-18.742650894069445,-18.54170956179922,-18.89424698164692,-18.84197661645409,-20.12488284376755,-19.433168336862707,-20.918598701086957,-19.918394390099813,-19.72667809719846,-18.44812793180934,-17.125919290481853,-20.78481774735797,-20.118422409311556,-20.400676567679398,-22.25012783803484,-22.718543731726438,-21.961879459724827,-19.9124343970789,-20.898013635907564,-21.496964727247203,-24.45907158566697,-24.600542831659844,-23.08337104577501,-24.101354948814517,-23.56437742954777,-24.134831782739525,-24.61026350609028,-24.437381231879908,-24.318910555216405,-24.237288822464816
