public/json/wind_2018-09-1512_950.json
{"header": { "discipline": 10, "disciplineName": "Oceanographic_products", "center": 0, "centerName": "Ocean Modeling and Observation Laboratory", "refTime": "2018-09-15T12:00:00.000Z", "significanceOfRT": 0, "significanceOfRTName": "Analysis", "parameterCategory": 0, "parameterCategoryName": "Currents", "parameterNumber": 2, "parameterNumberName": "U-component_of_wind", "parameterUnit": "m.s-1", "forecastTime": 0, "surface1Type": 160, "surface1TypeName": "Depth below sea level", "surface1Value": 15, "numberPoints": 4800, "shape": 0, "shapeName": "Earth spherical with radius = 6,367,470 m", "scanMode": 0, "nx": 80, "ny": 60, "lo1": 109.0, "la1": 20.0, "lo2": 116.89999999999955, "la2": 14.520000000000117, "dx": 0.09999999999999432, "dy": -0.10000000000000142 }, "data":
[rows 0 to 20 of 60, columns 0 to 48 of 80]
null,null,null,null,null,null,null,null,null,null,null,null,null,null,null,null,null,null,null,null,null,null,null,null,null,null,null,null,null,null,null,null,null,null,null,null,null,null,null,null,null,null,null,null,null,null,null,null,null
null,null,null,null,null,null,null,null,null,null,null,null,null,null,null,null,null,null,null,null,null,null,null,null,null,null,null,null,null,null,null,null,null,null,null,null,null,null,null,null,null,null,null,null,null,null,null,null,null
-0.6813933110316093,-0.9602790900335176,-0.42947497248666844,0.7281600187997298,1.7182109661208738,2.2624523885535144,2.302527141858976,2.3781170076585414,1.4500884779634369,1.4021364821299311,2.409337181390972,2.279447174806013,2.506159984501982,2.8843203290197406,2.6824543968339563,2.728527320538224,3.1137871439707236,3.133465334689467,3.5546349494906027,3.874314641818368,4.096464363746704,4.385083539471517,4.7017545796692755,4.815764402902886,4.737920787870339,4.449903483613889,4.044754179881385,3.7745284611641,3.6347645717898533,3.374328794661298,3.2792982635120347,3.3941157691657144,3.568422479127716,3.6643413899796107,3.688271499660015,3.6416241795777915,3.511389933269055,3.3814036468478657,3.122337623559585,2.6889413206371815,2.142549348472891,1.3208102738787093,0.34367612534808445,-0.5772839071550888,-0.8983270396621089,-0.45272602767428666,0.553000160743902,1.6935386504240606,2.4313779941306803
-1.8271585732228541,-1.5767175335910966,-0.8558607585564157,0.001159729328146911,1.033850893171382,1.5822547553383162,1.3266073825948062,0.4445528031865208,0.07944079630584969,0.9299019800122205,1.3309371730729171,1.2850700435163949,1.608771398506901,2.3527632390562205,1.8208606190325456,2.2122715561612303,3.788811918444208,3.9797152871467807,4.4161844624819455,4.266629372776194,4.482933246733159,4.643616476475096,4.510828562267638,4.261095686582625,4.034716407989326,3.5350863550515816,3.096777017252883,2.652552105145957,2.4802054657051964,2.2431766718132677,2.2285425349925756,2.47817121200287,2.4089733665240955,2.6005226498812624,2.4033285066109196,2.4658460031722385,2.554716525506322,2.231781209869842,2.196706085479793,1.6363867677010009,1.0720626944934013,0.48966714724555305,-0.024898939922792133,-0.46197507802471216,-0.47772964768185994,0.4287541486249309,1.9012520803517072,2.585922318593508,2.8707579544364954
-2.384622078171559,-1.739648274907943,-0.9867895744599919,-0.2697435365843329,0.6473188053218271,1.2050952504605477,1.0150487136438406,-0.0679745567801956,-0.32509112410704566,-0.06980042272383982,0.392710218713061,0.5216149670630874,0.8368549791218012,1.2044601630624456,2.031609785482284,2.3629809489392786,3.1162493599311203,4.305391411932421,4.555490260845221,3.736571224093602,3.3527306897487135,3.698435950323357,3.4788860992554707,3.1560993491615656,2.8827533197933084,2.4508656304825545,1.9628684956918083,1.7027768315482525,1.490238170896868,1.340884111737371,1.2647543737566231,1.4314436745251822,1.6959074255076643,1.9917952719190242,1.961575280785311,1.570014949052353,1.8121030347185123,1.4574353912829014,1.130028625567367,0.7188082284824134,0.23744515749696313,-0.4347497813602311,-1.025003625571213,-1.5956256857202085,-2.0249320254112715,-1.2820444649862326,0.41624076209302785,1.5848156409087741,2.0432639994173787
-3.103318552435104,-2.0041447713684124,-0.9692228737729949,-0.12809692101973585,0.7604740409743574,1.1359294474466175,0.9217554585911154,-0.17291535477136688,-1.0357925134158483,-1.0960894402754224,-0.32673442484864357,-0.0874700306131595,0.6424101398481703,1.0938453150219147,2.2241987438633766,2.4087120181368205,2.442972548110617,3.8101084174059285,4.3494519822854,3.696701665846255,2.94271801560717,2.8676186410898588,2.7752663454787534,2.2202435525346744,1.8321249384155018,1.4462016614791666,1.0332213277735054,0.8801748651042494,0.6987614148930491,0.6084400815424993,0.8659718239488203,1.0484949231182836,1.030969505910391,1.2306365155103547,1.5783522815525328,0.9778396386320403,1.0917231946395833,1.0695249450882571,0.24039592586642655,-0.0963076585070419,-0.6021400321849251,-1.099654539469978,-1.8248079641346444,-2.5839824427512634,-3.1157415997046405,-2.462601284500737,-0.8212027028721146,0.5263741623957868,1.2266802947883209
-3.179826975360244,-2.677022092212121,-1.262778154056034,0.32504111233984967,0.6219340901003654,1.2881624508623584,1.2367379501879698,0.7694240188194302,-0.21221534955894739,-0.5274714581754983,-0.39903755329728324,0.16514249302364056,0.6993308707906188,1.0455713752900446,2.129890207969394,2.41419558875664,1.8003268065128137,2.9000490222975923,3.451163114420343,4.225803666003169,2.486729944531209,2.1813518937008913,2.2216358524155586,1.656115570447084,1.1360944677873388,1.2755472598970075,0.4343806881175211,0.13199438200935446,0.45263450263690896,0.36380323853164076,0.6285173292315634,0.3409157599455601,0.9115500603570763,0.5927772514747626,1.0637908615508447,0.7737709701651322,0.8234967546781586,0.7236221338219484,0.10050276949844432,-0.6672473910390995,-1.1061091341435474,-1.6015823278725643,-2.3589089278519055,-3.1248375218447246,-3.6388388584387976,-3.3550041700601136,-1.8996108681116495,-0.570745748747798,0.2823353581080527
-2.365796198378703,-1.4683614677336418,-1.0245677364226882,-1.0301466767096694,0.6855257202318692,1.2627217804520705,1.6895890656498616,1.0998086595333956,-0.35981115714419193,-0.14863185944869814,0.7197621688205403,0.7874790792041104,1.2519506677636814,1.6250455668320025,1.4825613719247948,2.4445625873125842,1.5331394832994145,2.3748020815344373,2.040443352931879,3.57194714639111,2.726141168999664,2.017439264145492,1.65329158937692,1.3978530414210648,0.9470824972004728,0.9914288006080765,0.7649338510145168,0.3489195214001367,0.0496260438155804,0.009476411367812118,0.9285929614016981,0.38965818698952714,0.42332833323156055,0.4320446428900126,0.48945254765617374,0.29471295502281125,0.3007224139251933,0.22530691115482487,-0.08295595536530881,-0.8085380713809609,-1.6106586205828388,-1.779012493072353,-2.4210877789927183,-3.375431193687991,-3.6797630802508237,-3.679999320451067,-2.7004844212078036,-1.4003637535379814,-1.0317560483099306
-2.3493486329076245,-1.2184486127346499,-0.30552822095113075,0.22706934401489634,-0.3341897886641203,-0.0009304847475674987,1.0189414402916004,0.5249478828431499,0.34952564532211783,-0.21822865592880025,0.3887332157242671,0.7818829789921968,1.4215459770840062,2.408109000218705,1.6844933128726889,1.3761320442748577,1.9534776774060618,1.88741951517031,1.5459640351267676,2.0069463350345313,2.33718480335547,2.9678867145443224,1.6625260285174426,1.2459092058196055,0.8019113009335049,0.8015842647787589,0.6047624758796039,1.0043740555473222,1.5263054194127816,0.9863714686186589,0.22803643736696322,0.21314705505665676,1.0807250504148045,1.4384350893494793,0.3314972434344254,0.6791200971998632,-0.030197988925852588,0.21025276329432818,-0.7655081131859178,-0.9372725885980395,-1.6355853289289508,-2.0340878369527013,-2.5949551868072,-2.876316171307216,-3.44719101786987,-3.2403083741563314,-2.8758017626637384,-1.9395707510553386,-2.1145070682836185
-1.9243939064241729,-0.582820494014682,-0.9298700365935465,0.023071687475965354,0.3634154216793276,0.24962355083063462,0.9226020327389323,1.1795084645035376,0.5386983578761761,0.6416952555543265,-0.37579924132814535,-0.05123461823472652,0.8546562535340537,2.0896513346958243,1.7484366013902695,0.9527457495050647,1.351882656817552,1.5037504767180971,1.695865703051883,1.5108975235473516,1.8167447536123476,2.3830370587796206,2.7691374130120225,1.236079320685672,1.0815261741361415,1.7286961414855626,0.9308670346193879,1.039667383184797,1.0334131857239979,1.7367681777684112,0.8050016438512202,-0.6703659126419338,0.49988385586386735,1.0444233775768972,-1.9782852212300226,0.009481373723885467,-0.12525688763035436,-0.34599159292854953,-0.19608416058913447,-1.5115101355114047,-1.7413952595232889,-2.0631342811631455,-2.8626072910216718,-2.7128409425270803,-3.1625254927781086,-2.7375868436490416,-2.274910788872507,-2.126572197993353,-2.1585178101896285
-1.909835842733756,-1.2976841647993909,-0.6721827723280063,0.3118276762967587,0.413765263215484,0.7137580609815728,0.8730880118125111,0.04273856974091017,1.1294220571764118,1.1228215506398065,1.557003034803824,0.4798909139864811,-0.058830301329868016,0.4076462535068031,1.0105302746974136,-0.32431650469400664,0.46481838208443116,0.7629824825376395,0.6116674975486134,1.198247579424262,1.6177022723223442,2.449301727309652,1.657868723485191,1.8452255235941688,0.3058708003790335,-0.34232479852660525,-0.5882352100309677,-1.2457992255100854,-0.2852881946536,-1.0188672285615588,-0.633820516175618,0.1919677458790111,-0.5954934363019806,-0.9835096095918736,-1.0831902317660411,-1.907533415014632,-1.2435105677479417,-1.5356056751785274,-0.4293952946771989,-1.1247530953112257,-1.8390291621932184,-2.5084968446837594,-2.7734097325292035,-3.0420112853564936,-3.314518727829002,-2.158688522453926,-1.9710827491252023,-2.0920989660908766,-1.5595776295110548
-0.9515579909625896,-0.6360228686530005,0.06407922004938577,-0.5553419038241942,-0.21947375827124882,0.8620444552429637,1.3835909084669178,0.46166493638199463,0.3752730589817376,-0.4145106490058457,0.9869127958140325,0.9259626244785866,-1.3428677652403558,-0.35954106476192566,-0.4476571271644605,-0.47896045190431397,-0.39853700283308335,0.8820545539702032,0.04848506365635031,1.3281351507916088,1.3939917833238833,2.0863802506096762,2.130274571811159,0.9316270854973946,0.3574958106351046,-0.5797313449179384,-2.2816531422591235,-2.5721513163411753,-0.7119037680029588,-0.4779167118223411,-2.69972334176374,-2.972880307481041,-1.9582863087652749,-0.220148580249868,-0.9400747455264714,-1.6608770047953654,-1.9500836681264553,-2.7789090169434383,-1.293628651212,-1.6678743051519849,-2.136886357678256,-3.2005576952523147,-3.299495996282327,-2.9301211496213835,-2.8049674632061685,-2.281180254546898,-1.7444415350962739,-1.8673749581064538,-1.484459793422108
-0.7474030343911584,-1.5424817931691766,-0.6509096054636799,0.3877950124162796,-0.005572745003832928,0.578979577565891,1.0394395591398915,2.0240156689872713,0.04982789567548676,-1.1313263238244908,-1.1229920234539634,-0.5176934533245546,0.09384923530764186,-0.7546886668641611,-2.1564793202126977,0.2849601782009567,-0.3348112663412651,-0.17616789372347724,-0.6590333473226548,-0.030946387680323692,1.5837906487625597,1.4555266402008413,2.385340785839648,1.579132361382852,0.7300299104221298,-0.4212794645193543,-1.4745376586231902,-2.5777000982747813,-2.14640168775115,-0.680740074962966,-0.35893964999788847,-3.543870254288434,-3.368495790297712,-1.1194870450308507,-1.538184622634135,-3.211416808563288,-2.577062787309841,-3.069773347114663,-2.097477163645573,-1.8879000135784239,-2.4337964850318237,-2.814643458280637,-3.2436347263251513,-2.938149992996958,-2.947840270316286,-2.4620483605738896,-1.8261615784893217,-1.714931401646484,-1.960184482228417
-0.994424089277544,-0.7930848992423589,-1.7932809872730442,-0.733366690998194,0.0264792828790121,0.5638556884740308,1.2230891086228812,1.0160309292534793,-0.3419978981994349,-1.9110151811738085,-1.843982682115454,-1.04363833431229,-0.266610924947979,-2.494294090364246,-1.3773163048936496,-0.1805787038835607,-0.5032887591864447,-0.9851029192388252,-0.7855210188107069,-0.684697700862573,-0.1731340184766619,1.9792432059399316,1.9571720432980069,-0.904988779299962,1.3088881334692477,1.0886670523259452,0.6380084469045176,-0.3596844050480825,-3.026266183414514,-1.029673513767644,0.5087252945772,-2.182454222071489,-2.9275375378419173,-2.460407028915471,-0.8721174331905288,-2.2169285472805047,-3.1050048707374494,-2.9456559532119333,-2.924024337765747,-2.696332132688253,-2.1492063042253937,-1.7277782259177006,-2.743773237924994,-2.843693798234984,-3.0091745103157574,-2.360269220029103,-1.7463300678269142,-2.090152050825683,-2.917759152705715
-0.9286330163001988,-0.9863492153112255,-0.304957451550615,-1.1649949767516274,-1.482901393861111,-0.30715184717682953,-0.35659619868293907,0.17966866173097626,-1.0644704711011463,-2.0854185094743003,-2.7881944383154385,-2.437368427923425,-1.4769221386641838,-0.4124286989532072,-1.2940999050963522,-1.5407549957976912,-1.3754546805310581,-1.4728911655446972,-1.3270826777090838,-1.2386991849452995,-0.6112299035784672,0.33379463863621994,0.8371578945423295,1.97520934313276,-0.3548433966944166,1.1232667048643592,1.187406140047837,0.24038366277502332,-2.518903737401474,-1.9754279877376892,-1.18260763009435,-0.542761929366485,-1.5598027965873569,-2.699194360523135,-2.0302838788523063,-3.6108436242954607,-3.465274246224731,-2.9854690571141442,-2.8197688270937444,-3.1974287170953324,-1.8795956953089596,-1.3595540433147448,-1.832330809805297,-2.418907574819558,-2.5958767282101536,-2.1615737773660753,-1.715347185770896,-1.8822095145340432,-3.101209754933475
-1.7650342006061546,-2.3443525093058915,-0.6360340521447376,-1.2052850684162575,-1.5796692882613805,-1.5512817111792685,-0.8730634886590755,-1.0761409739612593,-0.6294745510090829,-2.4010710265413966,-2.278843167254251,-2.956205268830469,-1.8523031356593307,-1.197986054474452,-1.9104892396617412,-2.6305588014765195,-2.162382928161599,-1.6531854366853633,-0.9861449841739491,-1.4901304387306222,-0.8005412020108552,-0.9487263545881428,-1.3019955380173625,-1.1899765328613097,-1.9600750074203634,-1.4698303536359822,-1.1780430811088987,-1.092881449342993,-0.7254928507532397,-3.4001964907019575,-0.8614787931917918,-0.8935059040534405,-2.4881628026266953,-3.4393419330694934,-2.3757193467179967,-2.5173699716763904,-4.085845378036854,-3.7192012298772776,-2.7742082435108713,-3.3771508254234153,-1.6737302911931138,-1.1370248112266566,-0.6520243042134288,-1.7535744839734184,-2.295053103688832,-2.0269614615409774,-1.9231172475385598,-1.751545550724488,-2.021532265671657
-1.2333147016631354,-1.2911937234571065,-1.8703890668675536,-1.097837969907083,-1.284511609694695,-2.0892692140951974,-1.7156156623294232,-2.045966012325279,-0.5767436359948281,-1.297906574215458,-3.3915474379188923,-3.6163459690229223,-2.9422606509767975,-1.4577544752897815,-2.040189177179061,-2.4845245797018043,-2.880517760072859,-1.5711653294647845,-0.6272915549120031,-1.8380225982403078,-1.2059222523106934,-1.6063335140958919,-1.6619728292914955,-1.747173133856475,-3.594866861779942,-4.265656977140284,-3.2101278197545557,-1.4079959188663367,0.4424676078807757,-0.44704112604676394,-1.289412605423677,-0.6930302765013944,-1.7791254742395721,-3.2712204576822015,-4.612425188547531,-3.00423203609489,-3.766030484797869,-3.9232518557182448,-3.1037170143004102,-3.406763028887005,-2.0895474965223717,-1.1534407149211292,-1.1062925488001814,-1.4961955604802282,-2.516683080631395,-2.143376143966451,-2.124988849407485,-1.7897848860691032,-0.8754230298366188
-0.5295333185442515,-1.382920064066319,-1.2469378825052737,-1.428742922554594,-1.8178786067136068,-1.1703424995075156,-1.685811033583015,-1.9898349933945136,-0.6514528415533601,-0.12148121913112603,-1.5172785743167196,-3.516586080938284,-4.269894644105664,-3.7760445254590396,-3.055806300592314,-0.9587859785367302,-2.0726877672183592,-2.5836238472019017,0.15148491657602112,-1.2392531442210972,-1.3769592667543658,null,0.3669864778702533,-0.48855195264995277,null,-1.2575815008995568,-3.2654791819560716,-2.6451024432347485,-2.8222947230674347,-0.517307926874105,-3.637730584818791,-2.2816399171331074,-2.0201152223969046,-1.7377475955911275,-4.260232879062515,-4.031704616151199,-4.242763762076877,-4.414547984599026,-3.3386170786275375,-4.018918724459129,-3.2067640912242634,-2.5122432592105968,-1.1878404259894322,-2.602334587685901,-3.2426597225514553,-2.992052936367978,-1.7520330114547795,-1.9770160209032313,-1.7310967037161218
-1.148525604140935,-1.5844461762797906,-1.962394663720764,-1.3534129092255003,-1.5481321236955943,-1.1010126149497368,-0.9889309362157068,-1.6363131113788691,-1.9342062950842505,-0.05670046811382584,-0.5575471590241956,-0.19788323033314442,-1.7525083043722178,-1.9941726485205153,-1.9107470805585143,-2.153127838141534,-0.6449150201232391,-3.077028935660272,-2.4327632886589345,-1.4064272364347175,-2.3722619548043005,-0.10159804306770034,-0.859414919756357,-1.2761424707841862,null,null,0.5360072473137827,-2.3841375872385697,-2.2426100464915537,-1.1962836037281055,-2.4431355260675964,-2.6364977280145734,-3.095700320802046,-3.19964321312181,-2.945890584453367,-3.2951701233463933,-3.9575563772924407,-4.342244226839093,-4.19316801411915,-2.327720580095317,-5.749129812180052,-3.227816648239637,-2.1365094224988144,-2.888707720931251,-2.852157233964157,-2.810421842366198,-2.0814659999093035,-1.6030778190450459,-1.9439125897707814
-2.1905035098160224,-0.6769553526822374,-2.3481109907773385,-1.7738049624837444,-1.6470775325236764,-1.509953076540328,-0.5877116857769307,-1.624101035943029,-1.9586588296590293,-1.361121170108088,-0.4913877098850241,0.11675975524843626,-0.6145147642628405,-1.4868010534412484,-2.134793715981914,-2.7691433099032943,-1.6265997366671705,-0.40698211017785496,-1.3040396891336419,-1.2756975748930022,-1.308010873947819,null,null,null,0.7506329535014541,1.6102738296733243,1.1369749938119367,-0.7557488326580812,-2.021060539113528,-1.6215786575134155,-1.5166417418702567,-3.1237004803809496,-4.27100408047847,-3.612655597768844,-2.8320020885566426,-4.382093602972563,-4.782342815917645,-4.500101611892818,-4.303872340199313,-4.332131637075555,-3.6140163755804338,-5.002002187139132,-3.8673671895191535,-2.192695811059022,-2.5064778237256773,-3.245094744104764,-3.4300399080092956,-2.6350654569425807,-2.6982730859581054
-2.773200551477506,-1.8394328862644005,-1.5398599924292076,-0.6770736068725295,-1.3743600618424257,-1.2703073138457124,-0.5529931354059685,-1.8503966970283634,-2.27276097783386,-2.4690569121994397,-1.714520431778233,-0.8164788838565432,-2.0126699422017174,-1.6013127149509754,-2.2426074353415575,-2.9491581470845047,-3.298519635570701,-1.1633509050159216,-1.0769495551626727,-0.844504965117371,-0.21169893286684346,-0.8130536270357435,2.4552520268042795,0.5344695260946467,-1.515718704267639,0.2702634356819221,-1.099892881589993,0.17839480903553392,-1.127689914065207,-1.906092770606755,-1.478560059260417,-2.0481376638272177,-4.371122416176026,-5.156089817389175,-4.41497187460961,-2.3445319547768997,-3.612841045008052,-4.165981430178841,-5.418502014180624,-4.400053460241234,-4.207667532716288,-3.909160560716053,-4.510821020905224,-4.550078644442785,-2.081529881667012,-2.9220927264154115,-4.14033161599903,-5.241726908322637,-3.9655662794673243
