public/json/wind_2018-09-1520_950.json
{"header": { "discipline": 10, "disciplineName": "Oceanographic_products", "center": 0, "centerName": "Ocean Modeling and Observation Laboratory", "refTime": "2018-09-15T20:00:00.000Z", "significanceOfRT": 0, "significanceOfRTName": "Analysis", "parameterCategory": 0, "parameterCategoryName": "Currents", "parameterNumber": 2, "parameterNumberName": "U-component_of_wind", "parameterUnit": "m.s-1", "forecastTime": 0, "surface1Type": 160, "surface1TypeName": "Depth below sea level", "surface1Value": 15, "numberPoints": 4800, "shape": 0, "shapeName": "Earth spherical with radius = 6,367,470 m", "scanMode": 0, "nx": 80, "ny": 60, "lo1": 109.0, "la1": 20.0, "lo2": 116.89999999999955, "la2": 14.520000000000117, "dx": 0.09999999999999432, "dy": -0.10000000000000142 }, "data":
[rows 22 to 43 of 60, columns 0 to 48 of 80]
-6.729341168537789,-6.174036362502997,-3.328776917920479,-4.88920178449829,-5.67377637453717,-6.107405159183307,-8.778728396044423,null,-6.197936888846284,-7.131094552855572,-6.563847441071709,-5.278574195667835,-3.3777562190184245,null,-2.491272428396911,-4.528511129222739,-5.432217122691112,-5.857698963766168,-6.493545416462618,-7.182793406585931,-7.031031573850491,null,null,null,null,null,-1.2948210287011221,-6.003024308839208,-6.811404076114791,-6.762310906215267,-0.3680308081821726,null,-5.1707366896166835,-7.766801501947412,-6.916458193691813,-4.229114193559655,-2.5777082831814626,-4.2625184567082135,-4.737707885579177,-3.3109427285146444,-3.6929904852380915,-2.7599154414767058,-4.355920132571997,-5.679072829369009,-4.14475763465169,-5.548134476160397,-6.702108085098537,-7.10733958200578,-8.037417094156424
-3.1914074748129213,-6.000989005782654,-6.341632371669989,-5.650072929337754,-2.568964366370881,-8.192906629129277,null,null,-4.996742227477352,-7.217112691107351,-5.5448219242319015,-5.837914290205518,-4.975929406151468,-6.309396557974505,-5.833856613368026,-2.94323802634106,-5.780933705210236,-6.27070757043033,null,-4.188132367305541,-6.4797493918203735,null,null,null,null,null,null,0.38373096052410666,-4.8216016470913425,-4.441724414429413,-5.57931976440019,null,null,-4.633258463105854,-8.176788458455906,-5.179167903520591,-3.849801770107901,-6.153781781050767,-7.097498261645037,-4.526767873673345,-6.067049084352155,-8.484690285606824,-8.406118338121427,-4.846189281255255,-3.6406225756721327,-5.186614314405073,-6.728563700610371,-7.321526347637246,-7.397303541293649
-5.656839702598359,-5.6966824391316635,-5.431879554004741,-4.24319069703866,-6.823794761542538,-1.0152371585228268,-3.6946542967742015,-4.441148843693471,-4.127004691441023,null,-4.747987797365857,-5.992243373834873,-6.3679184589567,-6.4651814625533675,-5.7608528358277145,-6.970699648018416,null,null,-3.2034701089793858,-4.384752888530759,-3.899500736569069,null,null,null,null,1.9126040014940375,3.2975395445534383,null,2.4200985137339632,-2.4207459777019595,-4.014059736030551,null,null,null,-6.0917963403596485,-7.142032191273956,-5.289348521076678,-6.256756393117893,-5.99812840950177,-4.826350302323641,-4.135526647744763,-8.260226949148667,-7.997070622895615,-8.990676832979137,-7.837651109428188,-6.200114575965868,-7.591443107213595,-8.0961250677998,-9.242993378400216
-6.072125905447141,-6.364321992560083,-6.131008115314076,-5.259103206923855,-3.7109200858788833,-8.073757782104419,-5.089012877256041,-6.838976639623242,-4.2130221131856205,-1.1644046870092462,-4.299293817210269,-4.990491423616098,-7.109789042232349,-7.524583592081622,-8.577169060377479,-7.070819319628342,null,-2.77604253960642,-5.884551198439912,null,-0.21642037039631878,null,null,null,0.662782181741201,1.6112052652237583,-0.061207689591960227,3.54431840768138,4.41327084556619,1.2777520997711083,-4.461265047798365,-0.19104746567858788,-3.7626925342317246,-0.29020684462420854,-7.320129471088136,-8.394002772183619,-8.42933734354673,null,-6.210599994873089,-4.830604130414839,-5.264581301699252,-2.5070698989394273,-3.4355648445816387,-8.699803648367208,-8.442943736322352,-8.323285888943703,-8.12169891515794,-10.321691052084976,-9.770109802429962
-6.263861525599538,-5.537365809156107,-5.935273582100234,-5.760319734570221,-5.369124465928611,-6.99197070317849,-5.868409883338036,-4.717899288585323,-6.686245425096378,-2.392858660372371,-5.8050880373643885,-6.36379896977263,-8.856993028841503,-8.333624233860146,-9.137827289713407,-6.968191255073413,-4.389762672952246,-4.950233197310753,null,null,-4.312372885448981,null,-0.5626333542528086,-0.32481379130706145,-0.478006947916784,-0.48584200543422057,-0.7648670386593539,-0.5018946404248854,1.9574472822709459,2.4641649024380246,null,-2.1648076538850898,-3.6838226584743774,-3.6606525915543395,-6.610663280445317,-7.309444343184744,-7.555563700152323,-7.595492906868646,null,-4.523471413085603,-4.409463713371148,-4.500934607382531,-6.534899561569607,-4.441780918394587,-7.355673426362653,-8.296673914647602,-8.61862543665329,-10.792043506376272,-11.264112253373414
-6.454871427562641,-5.340335549244009,-5.616260085307091,-6.485477783942034,-5.411474863277861,-5.576030199053543,-6.953228241620022,-7.146794784632801,-4.840419862601165,-3.0860360938555993,-4.155976282506792,-3.7554422154116964,null,-8.204674611605197,-9.226778408727615,-8.020460993793094,-3.9450144476022886,-5.394234988397242,-4.1565839067468096,-3.471811006035237,null,-3.0262983142469992,null,1.3946631068066628,-0.8593068141714664,-3.008892012942677,-3.13283186888086,-2.248271499686336,1.7231094675047696,0.7937122307107025,0.4958526132308838,-1.1918750722102571,-3.098558918796612,-0.9391338636777622,-2.2398367948010462,-7.814494817654566,-8.381517288239612,-8.645287358137919,-8.442371151037067,-9.231924301037107,-8.467550450385769,-9.522055091269978,-8.1212590886574,-3.658136047071442,-2.132634916130486,-7.183942380915134,-8.660123844761593,-10.239428404733985,-11.139277758003177
-6.788630945092555,-5.327304314172746,-5.456658896449685,-7.371012551409464,-6.301567966420026,-4.888370489606308,-4.386730400522798,-7.2411122221027995,-7.192253288601992,-6.144205142453776,-5.231978770229077,-5.506111835748234,null,null,null,-3.1945612341307497,-5.1725453175497895,null,-7.076001726723537,-4.6403858053166145,-2.404410462572928,-1.7719150147239389,-2.647588543717807,-1.1149360183858765,-0.8397279839017926,0.35283249373736864,-3.235442959998901,-2.514209449636934,-2.0284480929771984,1.149481012925795,-2.8842506227675226,1.7888594163988607,-2.8178600673701935,-5.070614995737465,-5.758414644222711,-7.432627189941213,-9.270443786622808,-9.601529551773035,-9.111251760514381,-8.243257349791303,-7.287185316075895,-6.905378864975645,-8.098221376814905,-9.170412104190575,-7.945514717781928,-7.4718136162427635,-8.881555605969803,-10.204403659062557,-9.510439407038959
-7.096386269852832,-5.961635329309028,-4.008554867283126,null,-5.221071978919298,-4.977225561148863,-5.130647697063299,-7.0064419440208985,-8.589002673303089,-7.4299776720922734,-6.460329164889915,-6.612263107840727,-6.647006019955311,null,-4.293671371448788,-2.5782835650158002,-5.75660279437378,-5.471670450105377,-4.090537453578282,-3.1463240493682747,-2.4588868936829775,null,-2.017375554730931,-1.671012891813267,null,-0.14035399050661337,null,-1.1765050717108168,-0.3288308465173441,1.1831894872675146,1.052135304042216,-2.878342747243443,0.10391197158201607,-7.2412543193506895,-9.189736489614612,-10.152746024318988,-11.89643060065731,-8.501011155208104,-9.143868536129892,-9.795803861763005,-9.19320444252721,-7.646617780795177,-6.647239954472597,-7.028833202346452,-10.30109933641048,-10.677511330555948,-10.233149454530611,-11.721578818746899,-11.858976156642363
-7.817120764017555,-5.341131342190044,null,-1.0826424849054026,-3.092524706220805,-6.393587032487535,-4.618874999581347,-4.880731385654165,-8.553660429537393,-8.247815834282482,-7.349391510938467,-7.964716003107641,-8.917458582909788,-7.463762403070499,-6.609274596305835,-5.86661534877223,-4.3549290672516445,-5.361252015885986,-3.92005434580573,-4.746982332467274,-4.341200514353119,-2.8533194414494503,null,-1.1021046709932951,-2.1526535728188536,-0.7890889168549108,0.3801037749706764,4.016188148488905,-0.9393795185829628,0.5562548929067341,-0.3183649396782167,-3.2695488190559825,-5.701601591592441,-1.8189350515500973,-5.876886087173665,-13.699000137239677,null,-3.695857238455998,-9.3514867577318,-9.56230325027732,-8.953591671911013,-9.52445120334875,-9.618017757182134,-8.51270292615583,-10.080047052425765,-10.229580672342914,-11.764601587621048,-11.674561088720273,-13.121766119245532
-9.300970902704503,-7.866737779209695,-6.546013705493165,-5.660809093801538,-5.167901360295449,null,-2.6953128317005577,-6.217856546248276,-4.81161192746692,-7.251908134104833,-7.75896041979583,-8.131484193902075,-7.50245804856711,-8.589687806416759,-6.125763430916701,-7.014117959504461,-4.88418557015914,-5.550296908952442,-5.203936532597281,-4.431401518034494,-2.664623648895603,-1.669261016358715,-1.0140644031758097,-1.3349342508677282,null,-1.392763549311258,-0.5050424117584073,-1.0838435975732053,-2.789632899188172,-1.100450267329192,null,-2.4955308147335313,-4.26342706849411,-6.863884731340515,-6.9510426209966445,null,-10.306434850944843,-11.059384536162117,-9.670526040706891,-10.18119301351292,-9.452207517260451,-9.434129277232993,-10.322890917191511,-8.431193013170699,-6.823943581930319,-8.792503133281112,-9.728310493788161,-13.871474371637724,-14.255983900431996
-10.192734674743301,-7.979162481560344,-8.561800222084598,-6.276876523631674,-6.0963475348690235,-5.0277062916128346,-2.4157045313100327,-1.3634463763752862,-3.4269278429737358,-6.803551858195308,-9.743794962199116,-8.052437730332406,-8.473076422098451,-7.515997535778798,-7.611052158314648,-5.960392339583788,-7.319780172735245,-6.08722686264174,-5.733661038121992,-6.720366177426852,-3.883890390950979,-3.5008551526994474,-3.5815548241639354,-3.0791426307889336,-3.7525992469734795,-2.285696486361155,-0.6794593253179336,-0.8514904857173434,-3.900516878919018,-3.66858442645919,-3.3580174528541282,-2.0224499451019633,-5.600295557530356,-4.134074295023095,-4.5995254092767395,null,-2.1028216593256728,-5.2732512124643165,-8.73322553485087,-10.182669043578272,-10.32174813773395,-10.40145555164966,-10.76471581562984,-10.07069492790531,-7.729210217113669,-3.5334297782206625,-10.434063157586314,-15.366231152130192,-15.344902396311152
-9.598744903594532,-11.206346023895508,-7.121155463000286,-7.411540130960134,-6.4199167723720985,-4.392298992214492,-3.1447299839675704,-2.538109546248942,1.623908508349333,1.9230531323620037,null,-6.895989416622882,-8.127645446910096,-7.913953282552669,-7.580159913125182,-6.907185958343794,-7.157485090942782,-6.532516873020129,-5.877392888840086,-6.737503353201237,-5.82705246685956,-5.554468250361919,-5.806073958453004,-4.942831355108812,-3.1521771221046557,-2.7788945545354578,-2.6297045534192365,-2.513408380799524,null,null,null,-5.110067798674402,null,-7.581444451725766,-3.0271490052177605,-3.6567382138574134,-3.6961043695602647,-4.647869639121703,-5.200688315197627,-8.424692697872818,-8.692703507235011,-8.194634177611828,-12.17135835309998,-10.934177364778428,-10.864251441155112,-8.176643844082765,-11.9413258275763,-12.107135121495356,-15.689132731919482
-10.037275461553898,-9.83955780073818,-8.393325840661982,-6.321211188331905,-5.209079947767682,-5.929411416196669,-3.3298697372841897,-2.8620860755606494,-1.2567507849034547,null,null,-6.918375184741056,-8.224732181766376,-8.82190429959586,-8.578835619071787,-8.185566044354998,-9.244999677446414,-7.481236981802736,-6.847990325479611,-7.69227546480613,-5.298662869793052,-3.965743585847904,-4.996198688166837,-5.130686988241921,-4.909465654199169,-5.53104635645047,-3.319030214150859,null,0.0277696590874454,null,null,-0.6634893201022566,null,null,-0.9909297301280124,-6.181389939325249,-5.806272953384278,-7.920637842205553,-9.032606894509703,-5.517699556007287,-7.045517479440301,-8.157570017208235,-6.253777594449475,-12.467100042697272,-8.50189438918009,-10.45766986363775,-8.214564268010225,-8.623445443538978,-13.854518087418928
-11.481733143552438,-9.777874678990944,-8.924066653279695,-8.302781961324548,-7.709434281385393,-6.118553031725669,-4.270241444039548,-3.321702285278782,-3.3003547131128195,null,-0.11273271551041271,-6.943312157255965,-9.145239708819787,-10.466739362999034,-9.65595017399627,-6.190972207368578,-6.229283323084335,-6.452630013055769,-7.628383858443734,-4.318309546172634,-5.253252257874581,-4.211358520468462,-6.183569492281865,-9.27079772547606,-6.47507859083913,-2.2973869541237204,-3.080392653846555,-3.0589484141159367,-4.8071792102866215,-0.43874999622116656,-0.3142900567226319,-1.3404364374640276,0.05571418755891859,-1.5897651367048329,-10.116930859970351,-2.5310920085735416,-7.19111398617004,-9.07615079424138,-10.145156172541249,-6.166188472924173,-7.301813856360605,-5.357570377567275,-7.890164783288367,-4.934567495051569,-7.398081958289765,-12.143100984135073,-11.774821752672015,-10.156481111280707,null
-12.405929175793789,-11.589182917901859,-8.56324304533506,-10.91810972001809,-8.561463627278313,-6.859643583064871,-5.399810179951835,-3.5355860030973716,-3.4945796827501896,null,-1.6994457164049392,-0.913796877472307,null,-9.349864505242826,null,-5.646476511982603,-3.8617855914353982,-7.9576710375597965,-5.830568098614338,null,-1.9287536386967332,-3.3417302108812996,null,null,-3.467277797785308,-4.469746428038141,-3.651304961306627,-1.7667248340147723,-2.7179277953251035,-4.1175281603507505,-0.8139081730244981,-2.2734222987642694,-2.025839628719183,-1.1689610388570026,-5.245647702547717,-8.063015491316373,-8.015161397544363,null,null,-7.877785955755291,-8.768266610777333,-7.796295943815017,-5.5865316057469565,-8.632635071328504,-9.701386774880552,-6.5628250703260536,-9.33971642609356,-8.456704852268517,null
-9.965201437204149,-7.818852405625854,-13.366818580778478,-8.596842055651168,-8.73424880640941,-7.593497199449194,-5.943169791905645,-5.068337975968272,null,null,null,null,-6.7940095327025745,null,-4.553664233959762,-5.880989052835155,-5.333382150497486,-4.074066846404314,-7.222810351675452,null,-4.173516599099926,-4.870944703944602,-7.549282702417926,null,-4.205062559870431,-5.631011960231438,-5.0823880219451825,-2.6500870704710904,-4.040018540983359,-0.6860237965597656,-4.06326290797208,-2.3081047979902802,-2.4432786834680775,-2.632322422580959,-6.483523173648574,-9.326586492206722,-6.044021278607867,-6.573605249956001,-4.570514978828631,-2.636253162517949,null,-4.799553310969639,-5.945855651319453,-7.322783448189369,-11.582655053753555,-10.000348421693374,null,-3.9776370838196216,-5.405619398180703
-6.253177500976497,-12.222044518610232,-7.1644952216307765,-9.485995447972702,-8.928229784082326,-9.054437218113451,-8.022407008736115,-5.4139884471377195,-3.787335007138964,-1.332853451972639,null,null,null,-5.678012949313531,-5.175297245466398,null,-2.1181482386840726,-2.099729087589358,null,-6.257569415760262,-6.377797842640895,-6.546790858682038,null,-3.4265040559609163,1.1107798719198874,-3.5805765554511466,-5.921732566392353,-1.8846777227042124,-2.677369953707384,-7.285607650894346,-3.3843282410789275,-4.979178000380971,-4.834273588025577,-4.694621500428878,-0.46895666682892917,null,-5.86274219788224,null,-7.73326732238575,-4.306080596793837,-9.663694157471658,-7.279988184152476,-6.201747405438156,-6.287507658709578,-5.416325479583829,-12.20252153531096,-8.707557727656702,-6.255471315438424,null
-9.356907122826813,-11.124710912441758,-7.821848219004238,-8.309982094921391,-9.527837394276977,-9.912586703258869,-8.41401226861206,-6.989450736146942,-5.8005734345200874,-2.417104816350235,-0.3764626487444014,null,null,-2.875219143028815,-4.258937605743969,-2.718310591527683,-1.0904776636733158,-3.752091567182667,-1.7091085322400328,-6.876353287152706,-6.0184504824839475,-5.2166910860503215,null,null,0.7918382282048029,-6.125700486888661,-7.936075856534109,-3.472567786919066,0.23567690923691278,-3.1202497358932098,-3.907879336796181,-6.839287723773019,-7.295047570024769,-6.7560587106622325,-7.979814166721096,null,null,null,0.002931289846487415,-5.789318649900303,-3.591887678310289,-5.962110418406654,-7.554191215797603,-8.775079114191975,-7.470098745257329,null,-8.161349929434822,-6.418515865910876,-6.996262484388637
-7.8917812284719995,-8.432346576832657,-6.003933363042288,-7.388376538334374,-9.056284183933457,-9.734857916134576,-8.040686631100854,-8.225860299650085,-5.438255024827509,-6.351345369278336,-1.4218881111449102,null,null,null,null,-1.584937614571597,0.20971563652378833,-1.7697595287266532,-3.284327828200143,null,-2.4233364123582724,-8.526988925397784,-2.2498153272454164,null,null,null,null,-0.38062558985234396,1.605003289146737,null,-2.841843452809246,-8.470695178559193,-8.595316367536304,-7.017317125395992,null,null,null,-0.23400694244620035,-6.250344337740657,-3.8395200140409185,-5.837134901834954,-6.934888012495483,-10.2664321089972,-12.391428845819494,-5.344177068259172,-7.785884077595891,-7.9965483904912125,-7.323432892792064,-9.581605712263022
-3.691629837217014,-5.760989728248438,-7.975588737794617,-8.04045629472838,-9.408358521982548,-6.4906109494162,-9.488086063535713,-6.606070274594741,-7.010561118549156,-5.725528165628381,-5.94009517825531,null,null,null,null,1.6132968559422052,null,-0.9894588184279481,0.845958556710098,-6.942514304465384,null,null,-2.0590348909512284,-2.2709686760792573,null,null,null,-0.552755900411939,null,null,null,null,-6.462924224010035,null,null,null,null,1.4485109058614838,-2.16749027389813,-7.643755287511034,null,-3.770806554921059,-9.874800527157138,null,-8.438410943802133,null,-8.024686426753858,-10.780943727686676,-7.455716213433276
-4.413024517412094,null,-6.469061074202279,-6.142044386652477,-7.139864484686459,-8.266617252901492,-8.915417554741683,-7.770454937875604,-8.822353130669313,-6.314895456912266,-6.038038020079808,-3.5485442611113447,null,null,2.3379100761288623,null,null,null,null,null,-5.726512486925792,null,-3.33840818748409,-2.9486320774410504,-0.7534264040851748,1.7298185604129515,null,-2.150505946663652,null,null,null,null,null,null,null,null,1.0987623616000086,null,null,null,-3.633119754238736,-5.453669481164713,-7.10768801367764,-7.871321468827138,-13.195443858918305,-9.567503728275323,null,-11.417475709294619,-8.477990031500651
-4.714601094212778,-5.437114275471544,-6.3366033930783,-6.086403001334978,-6.746424158292029,-9.118386987355512,-8.95451409288734,-9.566394576566445,-9.010165758859468,-9.04528246266357,-3.8539364793852466,-7.293233392082836,null,-4.193530025014959,-1.8214480927623091,null,null,-0.412383337328343,null,null,-1.335103707314201,-4.092356476116083,-4.7203190698862745,-3.4760832935181796,-1.4144637973532228,-1.8235271865474765,-2.0298544041148223,-5.681590536645705,null,null,null,-0.6108110316890506,null,null,null,null,null,-0.09927545596911456,null,-2.930840991213987,-14.841231798392762,-11.061525398769401,-8.609828632701259,null,-11.251368944437719,-10.59712760901211,null,null,-10.302269229284946
