public/json/wind_2018-09-1610_850.json
{"header": { "discipline": 10, "disciplineName": "Oceanographic_products", "center": 0, "centerName": "Ocean Modeling and Observation Laboratory", "refTime": "2018-09-16T10:00:00.000Z", "significanceOfRT": 0, "significanceOfRTName": "Analysis", "parameterCategory": 0, "parameterCategoryName": "Currents", "parameterNumber": 3, "parameterNumberName": "V-component_of_wind", "parameterUnit": "m.s-1", "forecastTime": 0, "surface1Type": 160, "surface1TypeName": "Depth below sea level", "surface1Value": 15, "numberPoints": 4800, "shape": 0, "shapeName": "Earth spherical with radius = 6,367,470 m", "scanMode": 0, "nx": 80, "ny": 60, "lo1": 109.0, "la1": 20.0, "lo2": 116.89999999999955, "la2": 14.520000000000117, "dx": 0.09999999999999432, "dy": -0.10000000000000142 }, "data":
[rows 38 to 56 of 60, columns 0 to 42 of 80]
-22.616137743026716,-21.691588579385805,-23.04816025200463,-26.257832524131672,-26.00628552583703,-25.09857594951445,-25.5718833475783,-25.986581289113015,-26.80749412397045,-25.81986644143178,-25.95381571700495,-27.023811024838302,-28.818514723991598,-24.30241078667711,-25.412625043718243,-27.079343282728335,-28.88932067909105,-28.601419059627,-27.920579161668666,-25.005371854545956,-23.770243622333197,-25.849333230856026,-26.16600338435704,-22.876447819225138,-20.298535568519274,-20.477377122233083,-21.33543278805275,-21.69904920413336,-18.699006369808494,-20.047415265160197,-17.207392222787348,-12.10438537900629,-13.086838830296784,-12.80747074380278,-4.5031178015050015,-7.3654369437303,-6.626509723071216,-11.610334908155156,-0.44279925894597627,1.7425671692074345,2.5621966673012095,3.0794901757467645,6.2481882134112645
-21.529145222539267,-21.73352577554048,-21.6288411390191,-24.594984335909636,-26.472311710322817,-25.254545198325783,-26.720432326732983,-25.330824507003673,-23.99935268383103,-23.856340823344603,-22.613665533277395,-22.053547960061877,-25.41699681311507,-24.761997332753772,-28.3726853195909,-27.324158563893675,-27.570079335216526,-27.057322011789793,-27.27709613813354,-23.805007771105736,-25.254736906819694,-24.368432694075313,-26.773317224501945,-22.89814102696655,-21.60946958064877,-15.339869903303706,-16.987610593312663,-17.538421238085785,-16.770089294517156,-16.35852838448606,-16.060530658939577,-9.671782746272228,-9.92340883607724,-10.98103232778059,-7.564073141315403,-13.703398825353094,-10.519747724066047,-13.110917078574145,-8.526445191915172,-2.2783652935192347,-3.0823160470350817,1.8211381030252838,5.858109896565802
-21.627286164313023,-20.905783593690387,-20.023941372138175,-21.946736286035208,-26.461244535597743,-25.907999538285704,-26.276649215452057,-23.599889686595542,-22.575318210299432,-23.349084901406915,-23.147962070190587,-23.27877643703962,-22.47510660411422,-27.8145809877206,-27.41580841367055,-25.00691007800104,-24.73254921543226,-24.86595473827451,-27.605815519854445,-27.566548301397358,-23.697579847834717,-23.775448955010322,-26.87689835975212,-26.783230384409904,-22.411678159055022,-20.516457262298818,-22.953172645732423,-19.82527729055625,-15.889080546990431,-16.103901330994187,-17.882851894639092,-10.896927727017284,-10.620638238771088,-13.346295094206473,-13.176930521763792,-12.453104407147437,-8.784667765293058,-7.531774741753706,-4.319291951064737,-0.07393256180563729,-0.7079576551578204,2.077306033272652,6.716234962734493
-22.601929763204954,-21.801517823789375,-18.65531357439916,-19.768076927894263,-24.088001427431173,-25.663728070652347,-25.251360752289635,-23.48550563982337,-21.73611884670633,-21.81919470227892,-21.125266753807516,-21.586994762294605,-21.68032315367082,-23.634809240778036,-25.96937367309597,-23.27315673220835,-22.119392971075417,-24.79225128699595,-24.948301555915798,-21.64659488248584,-23.904950120750925,-24.976304740846338,-23.6514877546183,-22.781969018297996,-24.33138696039534,-20.122327520870794,-21.225572222551342,-19.823219818524706,-18.1013945407348,-17.483660963641952,-20.3617592070728,-16.51724526592208,-10.620330941390458,-14.367584018782939,-11.626782565392492,-12.037962248153661,-5.7077624107168745,-3.3017128706118064,-7.772477557761201,-0.8415743734907873,-2.4250185218579183,-0.6385133219615319,-0.30469486807254903
-22.120632365882166,-21.826886070742876,-19.0866910519051,-19.187892903538742,-23.085757798062698,-24.862301230334026,-24.614835533819683,-22.9431652479819,-21.292248771024113,-19.769229071863887,-19.148984479607833,-20.974442161775187,-21.474932290814827,-19.977738630593517,-23.718882882572487,-23.588458615995513,-24.19252745676217,-24.316794907979393,-26.1488931272883,-24.454657323872595,-22.94125364256974,-24.20864305826537,-22.32541917396274,-21.987446370842747,-19.45737642039422,-15.55001786730406,-18.510931872514682,-21.223010389512105,-21.96351591886104,-18.98467399919688,-17.389616907749083,-15.04455396084525,-14.015200497973666,-13.616828812114505,-19.76448475719988,-9.193677689587386,-7.547656213998972,-7.036569301046599,-5.8538782593526015,-4.884600377699649,1.6650660016078644,3.2305796534199733,2.643508606290723
-21.29541380271315,-20.580372038809745,-18.010017465852883,-18.08080004668632,-21.999480184319452,-22.81368297933656,-23.751245234536814,-23.1980651646173,-20.292578313040142,-18.99414562554611,-20.455920702837563,-20.87816192651382,-20.57464452529092,-19.478696278928112,-21.36251473547342,-22.557175388428867,-22.939533211892055,-23.067425898955957,-21.42259685362866,-22.171566053898914,-20.64570707783149,-21.698746058466654,-21.08029536354347,-19.402628787379605,-15.534439686806973,-13.891844745819881,-18.530812035322885,-20.763042405137835,-24.789814884181034,-15.344869539099664,-15.435524912051873,-15.214583663882454,-18.03608817702871,-14.356159873662255,-11.35348609534958,-6.422174400762793,-8.358273635606087,-0.9397650691926854,-2.734000465684392,-0.37168340432256686,1.7042014854535235,4.414222649096413,2.6952130246816877
-18.628500151615537,-18.872268229527695,-18.435791232542257,-18.799793601814926,-21.088026732797463,-22.396491017518443,-23.619705601508908,-22.736158806126355,-20.192062793123554,-18.58934621741102,-18.88726810000803,-19.950457895307387,-21.042290640371903,-20.172014401863084,-20.141448160440675,-20.871490573031114,-20.866352060443347,-23.854098800739585,-20.002422695189075,-18.418482987847227,-17.896650650937236,-20.220777878240867,-19.634130354943863,-18.725296525573793,-14.076497990478028,-16.080142099255113,-21.199278387770903,-25.450581899745032,-19.39573138747684,-14.36852712831053,-18.020147032238363,-17.658453528829128,-16.92214355293788,-8.842461028430812,-7.926557299605365,-3.220551131317454,-3.2384333918786434,-2.8066063735133544,-5.5323631507457485,-3.460265240453395,-7.162458610505753,-9.012915203561198,-10.182517529527722
-18.79332660646878,-19.728666739723863,-19.399196532059573,-19.392986190000684,-21.0712858936499,-21.690572703726907,-22.148133574479942,-23.469192190595432,-22.364115519298938,-19.851834242828996,-20.624728787061876,-21.752576929528868,-20.59655349588442,-20.189065966148945,-20.29030492481749,-21.024872185508645,-23.08166950126875,-21.7242434061725,-21.332077709665064,-16.182724821290723,-21.841214418530043,-20.364176544909043,-20.506299848736305,-19.345601696875644,-21.323543671981156,-23.02296891688529,-22.002488313766126,-23.542226784645898,-17.531732171265936,-10.409441013327617,-20.580138467433837,-19.55660980957458,-19.759605155404028,-8.383113510508505,-3.0349300969170634,-2.194441274914243,-3.474446584627087,-2.87768971630022,-7.398374864551551,-8.101112137173498,-9.410419512915052,-7.728322696262379,-9.29846603357581
-19.775583648545965,-19.84135757992513,-18.979652027233502,-18.98844990688912,-20.088857075284942,-21.206636622146135,-21.946021463666064,-21.854104729443527,-21.358367963277143,-22.891639092597103,-23.305002574211723,-24.380762070048362,-21.878204180885884,-20.338384074926783,-20.5940317266259,-20.632174617335608,-22.795907064489587,-20.02975019388457,-21.06543030729566,-18.4361704956198,-20.65834746723788,-20.685307006347944,-23.820386127425245,-20.651428644242205,-19.39845217377006,-18.99679731258874,null,-20.208083754759627,-12.91165952850821,-17.342508690746982,-17.0755328850531,-17.84600069938998,-12.60945634109105,-9.082804933535472,-5.608013893194121,-5.6278760125325835,-3.8864723493972972,-4.035442102962888,-8.940506722928049,null,-11.837124698471232,-13.675573539818952,-9.391398028047984
-20.14153568637149,-19.817828480670617,-19.05653723913114,-18.689470085098836,-19.14556795420855,-20.84112971366159,-20.63018173676375,-21.26718570637406,-21.392087504323023,-22.682361138254887,-22.64976428014932,-20.273900424155347,-22.56469029335894,-20.54129134008549,-18.521924566923317,-19.184573396884254,-18.858913422234522,-21.588838390306726,-22.495736133550174,-21.58272803015716,-21.608440876939003,-19.430195379191158,-20.28971478136314,-20.551836077866213,-18.451694932220438,-18.919669534922114,-18.918068613737226,-13.675205301909212,-16.680318796439142,-17.23901541330084,-17.333964609078514,-15.229099079218253,-16.739275023444616,-9.900779641416396,-7.65366604518456,-6.073445884767959,1.6567987042408299,-8.991221634778217,-8.05875241987927,-7.241248409682565,-10.387907756970598,-10.473298422389778,1.101211916843762
-16.58236405878321,-18.598363589855722,-18.5751215265225,-18.76242892575163,-18.679595873742077,-19.016259574737767,-19.297729744739613,-19.943646657389447,-19.42102353732362,-21.745496113252287,-21.42387686511807,-22.788833988280523,-23.391762190227286,-20.91496174786957,-15.349500889033495,-20.151447196477655,-16.506524737475218,-24.337719897612526,-22.88966029299576,-21.922551000356066,-17.293052581788274,-19.952786608118277,-20.426355152813652,-19.52902901579605,-17.012377494815745,-15.5219153237956,-17.310275083636157,-11.339237532420864,-12.914769116708246,-15.792105563558497,-14.04599433078603,-16.718863786660975,-13.179432634260404,-6.1955755374249035,-6.331926167853771,-10.01373970640301,-4.4026537202960645,-6.973487477353512,-8.574118207500877,-10.888770047801634,null,-8.292299465930425,-5.710747787552003
-18.81829917752974,-15.377798575521984,-19.391781740726096,-18.956291887395828,-19.212560026125054,-18.28426931109021,-18.026422228272974,-17.97929449701924,-18.88668232357916,-19.603712708228322,-19.584428677202187,-20.455178443012066,-21.673163263622097,-19.510221426407863,-18.45253420758378,-20.031613648411494,-22.0624861063368,-20.309903306405836,-21.16292047722491,-22.865992405744052,-17.60387735450108,-21.71768205997757,-15.00733061574935,-19.26912911983973,-21.040605188698507,-18.055580132660207,-16.18438418960467,-13.487488870620158,-9.82756890466523,-15.061701804722752,-17.98788311870807,-11.83694629725047,-5.624993827512235,-2.028771476536609,-4.353408956558038,-8.508007046745432,-7.666021974211531,-9.163778962488063,-6.387520855448452,-8.34990193374622,-7.1606301979963725,-5.608173150511754,-7.408044957754109
-18.941360185645863,-22.498987777853337,-17.75389617965606,-18.151147228186044,-17.733432464183412,-17.236301484226285,-15.904458701261385,-15.949055089344975,-15.673543663027477,-16.657410734003374,-18.98328541206703,-18.936107342043996,-20.436006866733162,-19.557619516620875,-20.3861781908982,-20.92687278525509,-19.434930324732854,-22.596794490077166,-23.44487892407679,-19.000159494642418,-17.66835354085435,-23.129328468652744,-16.896913720004775,-20.68286038132739,-21.575346023171257,-20.295890512914568,-17.16716158206434,-9.495067169925617,-12.541800640351251,-15.979037726094557,-19.33826528134358,-16.689170587737223,-12.501975745905355,-11.206033254265902,-7.616946339851442,-8.949068710108085,-8.099632967680513,-5.7925543950205665,-6.289527510592207,-6.86334061415106,-3.9286268251077865,-2.677773827842016,-8.407595905746808
-21.12711507103863,-18.36739368718222,-19.18562251704042,-18.83459336252954,-17.38138542958625,-16.295363538958835,-15.336410489394707,-14.31619005290661,-14.912748631864584,-16.141949638793626,-17.267636308138883,-18.83430915618005,-18.710153202908,-20.45832199745562,-19.51840618234916,-21.415838297171497,-19.626720207155508,-19.158042665990067,-21.20200770491052,-17.587078312469615,-21.414586315320186,-21.654706930065636,-19.63384294143304,-18.919658852165092,-20.235248114608787,-20.889500922356675,-20.446784415040874,-9.958793309244058,-11.252473751856302,-14.294856207732638,null,-16.67908851899885,-14.520422620298508,-12.876382332441535,-8.490992535848278,-5.859217881258494,-2.5563422417324624,-4.462950870417665,-3.8749029450013928,-5.587289482016928,-2.9402117997627415,-0.7021673764354991,0.9250630784888402
-21.677755394545972,-19.28068189401113,-19.342625368262212,-22.026935632219477,-17.987978060020865,-16.022348184324226,-13.657803228760514,-13.030266700478718,-13.926363334202076,-15.280520328345425,-15.793026105468144,-17.733627612212377,-17.4043534946762,-18.749462140983514,-20.822155030865634,-19.914788517878726,-23.270469867609563,-22.70083143229651,-21.212666610241868,-23.317284871587646,-23.68478755940386,-19.004128763498542,-20.57124472230334,-19.445098224556165,-17.858791795692035,-20.268294712734637,-21.797486493067854,-20.774301176131374,-15.142751547075505,-15.755802075344628,-12.796393196272177,-9.819628930289827,-11.173186207395215,-6.489685926315309,-3.107596360393204,-1.3492609531060147,-2.481800165791701,-4.248853989420039,1.360369239285777,-3.303312647718472,-2.2702363456996313,-0.027618019554563604,2.5285608108468716
-22.517719873798573,-21.306237838689327,-20.90108885872201,-20.817680127308105,-19.329559733561823,-16.22778357194171,-15.264914588569098,-12.649815121695884,-12.263981072919147,-14.920334112254244,-15.060534340799347,-15.826037250866205,-17.228255463683883,-17.84976578343408,-20.216052146005403,-20.967160170693493,-20.7573794099191,-22.182426520401386,-18.91113922492567,-20.834917334298257,-23.939297523670977,-20.951740394823602,-18.138715944046584,-22.447828367510507,-24.23710739206984,-18.412449512379727,-15.739319453168136,-12.371016984188488,-13.173816360402803,-12.44810011999177,-11.591643330657547,-13.621539136940315,-9.047184286749506,-8.536314942847422,-4.151667776594767,-5.277852176640357,-7.077779712522386,-4.810490521930765,0.5252607667741619,-1.9251113957357144,-5.303944331955823,-2.6462507589566124,3.051456067037996
-18.007536086231667,-18.22654381744227,-16.426514293725223,-19.036931839534187,-17.02791837794483,-18.529401170769958,-16.479524058129037,-14.1691493587395,-18.907650358663986,-17.453160008820234,-16.136709969930855,-16.20860195790216,-16.536974074725318,-17.27146023666129,-19.125667225284747,-22.39550151695784,-22.947912939142377,-19.530216467489407,-21.603090786721317,-17.688527854309285,-21.704334441512238,-22.071118701449148,-21.602725304443148,null,-18.942437575800426,-12.576960760645242,-13.61797922451519,-13.787896662694259,-8.932203507909874,-8.42136221357118,-11.891523524566006,-8.761978994606446,-6.497257480338991,-7.887287812163159,-6.8094058421500305,-8.475423916877105,-6.120295935386862,-8.00510440919222,-8.096627603850099,-7.751906067846047,-5.4137726562809885,-1.4390388725303784,-3.46493689995675
-17.194449132515196,-17.84142619832929,-17.190714312078875,-19.717972239994886,-19.827137634365368,-17.784775478517894,-16.429355718444107,-14.204177515672276,-16.00053498235059,-13.061876127020032,-16.921785056723284,-12.87758567021047,-14.369972849704277,-18.880934645163123,-17.382843487816714,-16.726224554683778,-18.64886039348621,-20.1010801544931,-21.067036412376883,-19.682221764748522,-18.438342148014257,-18.380265837875815,-17.74807078928167,-19.53009509376534,-13.081736063820209,-11.809549539641576,-14.017536901023579,-16.09702335874477,-18.398756167928894,-10.53027006877074,-10.785129484236355,-11.642947175904887,-11.270035489459717,-9.512546688510055,-6.36884815276165,-5.200677497499587,-5.752848690715841,-7.092939819127652,-9.949126107070963,-6.8215639540104025,-0.7526606502070848,-1.1080539572920092,-4.580153448926831
-17.26467777237338,-17.455410100027894,-17.60395751027807,-14.515029645116588,-15.60648228750241,-16.934183902353404,-15.976590933031911,-13.56088072050838,-12.820738928341346,-15.804199053149803,-16.754912420428127,-16.476189805967525,-16.939694610041958,-16.522658248594585,-16.66787139977108,-18.967452187339397,-19.401785662238606,-18.989674053502224,-19.86140599300224,-20.15129462883747,-19.396732775280277,-17.967375661024285,-12.062082011059516,-14.11914974475975,-14.962393172986559,-16.488619085905047,-15.911609656949592,-17.76539612824997,-16.090396077194583,-13.033698928628034,-11.24107748491029,-9.310695437678008,-9.572148720217514,-7.066498244845083,-5.8287220421387715,-4.576605300713778,-4.742033912062039,-3.7141359763434925,-4.769103451776052,-3.873639377850153,-0.37444988074538205,-3.305971736168071,-2.842276158113755
