public/json/wind_2018-09-1521_925.json
{"header": { "discipline": 10, "disciplineName": "Oceanographic_products", "center": 0, "centerName": "Ocean Modeling and Observation Laboratory", "refTime": "2018-09-15T21:00:00.000Z", "significanceOfRT": 0, "significanceOfRTName": "Analysis", "parameterCategory": 0, "parameterCategoryName": "Currents", "parameterNumber": 3, "parameterNumberName": "V-component_of_wind", "parameterUnit": "m.s-1", "forecastTime": 0, "surface1Type": 160, "surface1TypeName": "Depth below sea level", "surface1Value": 15, "numberPoints": 4800, "shape": 0, "shapeName": "Earth spherical with radius = 6,367,470 m", "scanMode": 0, "nx": 80, "ny": 60, "lo1": 109.0, "la1": 20.0, "lo2": 116.89999999999955, "la2": 14.520000000000117, "dx": 0.09999999999999432, "dy": -0.10000000000000142 }, "data":
[rows 20 to 39 of 60, columns 0 to 44 of 80]
-13.952420874956815,-16.168756318176513,-17.819760081138433,-17.975039185948738,-18.296471879047523,-17.83575993509304,-16.824511944411064,-15.948362176750354,-17.014337240771287,-17.388106239700363,-18.603059147424737,-18.927698689397875,-19.829067860877924,-19.1933479126084,-18.32193952439416,-18.60917916911245,-18.911701267078435,-18.798842752727,-18.826383334171386,-18.68782205910164,-16.840548190523183,-1.9629228198961184,-9.450191821347358,-19.595093840020546,-20.292776808780452,-19.87083710487835,-21.37566553385969,-21.37011439574062,-21.398061203600882,-20.946447878378763,-20.93468209131783,-23.9047009533754,-23.974986821028665,-24.695332301822127,-25.214135935076428,-24.4003685963196,-25.13974763431518,-25.16363447245986,-24.24041088991485,-23.920681774918947,-25.367048309558463,-24.4398286195158,-23.222380701664484,-25.50532547838661,-24.709174746977567
-14.328416853386996,-14.922642843182693,-17.499808375690012,-17.442320623063566,-17.890156121182628,-18.618433126423866,-17.638950383360374,-16.76299152331559,-18.87786267834323,-16.627693145905944,-17.32750365104529,-19.30389663183476,-19.646134903490967,-19.74434547523763,-19.89818363042297,-16.976599534508146,-18.463126778817752,-17.963250408612158,-18.63080258822783,-18.91201134428489,-20.062561824180186,-18.52459961136463,null,-20.422623782204752,-20.42485129883704,-18.470941228264042,-15.525548239178779,-21.70104756706265,-21.155037553040653,-18.46633580188593,-21.429162930164143,-20.821743498438526,-21.10569664722992,-24.55017502303907,-24.56681643031495,-24.48032109610275,-23.785448195566435,-24.285367047097626,-24.10194969705862,-23.181670020409214,-24.484399620410702,-25.517958050449533,-21.148979266373473,-22.727702198034816,-24.03344886530276
-13.361509776139151,-13.799972229979126,-14.784251279782797,-18.54179138526799,-16.76885913870553,-17.777794475988085,-19.28505546425602,-19.714750037238638,-17.98231110574681,-16.919845197982614,-17.02139728382579,-17.022023010997387,-18.00709636773225,-18.62540560818497,-18.777256302346146,-20.16601992694072,-19.777225741424054,-18.335368056013053,-18.656326229799564,-18.4501904754013,-17.276595016078648,-13.997333497399794,null,null,null,-17.24809261320346,-20.770647535519526,-20.933299783742324,-21.337236115276298,-17.04257719868555,-14.420881943402165,-20.535864818059977,-23.000113442248058,-24.22993351748784,-24.91984851573947,-24.857665058799327,-24.003555826696385,-24.5048233088395,-24.17051458724346,-23.306928179592518,-23.216571554575097,-23.51964693811282,-24.194771647030592,-21.28706456355642,-24.35898603839228
-16.656638302430714,-15.140083449000757,-14.102576510487625,-15.191978866300094,-17.29450460540587,-17.460237221381643,-17.953608957343317,-17.37161503142695,-19.156688759748473,-18.887769335328926,-17.568212302884447,-18.235916484386486,-17.72217844462235,-19.81393518886155,-19.712885302875137,-19.36604457299364,-17.00137551613497,-20.870901101062657,-18.39541865368834,-19.245151289320056,-17.08782075079468,-14.039778526030165,null,null,-14.11404846937191,-10.96535260721062,null,-19.560202767417927,-19.79404330831507,-19.816769659734675,-16.396887520074966,-15.518945067396258,-18.780762813056956,-25.32238783559165,-25.401195400992567,-24.553183388556967,-23.665191784734144,-23.128356301518963,-23.5141802132674,-22.853081490458113,-22.646311931396976,-22.376316572013074,-23.169495366920405,-22.407399712716554,-21.515494463217117
-15.247577756520421,-15.13869132409225,-14.678781459083485,-14.712705358530915,-16.69130608689042,-15.564664037079476,-16.66844008148249,-17.688513376817514,-16.67293334890134,-19.412583045429695,-17.86590430709982,-17.97329347452217,-17.587929780895003,-18.232580924305996,-19.93319870402794,-19.295067031499862,-19.29041616408403,-17.243000140865853,-16.40658285837257,-17.872344361785103,-15.618674564827021,-16.33665641247419,-13.919906000047357,-12.228113026665667,-14.166521012856837,-14.564181639966334,-13.091630286166033,-12.183423430858289,-18.892848190048426,-19.906753441714674,-17.14962674480851,-17.374739825287747,-17.575492534899027,-22.088679480238618,-24.46838113301563,-24.19786345207214,-23.65164475823393,-22.453740198471603,-23.64273283954119,-23.510475383612615,-23.16503696894531,-22.507933805607966,-21.99439470103633,-22.61617846713755,-21.167670633542496
-15.107866029778473,-14.805830102804311,-14.91893460856113,-14.528124331981923,-14.15041130291736,-17.518987015699945,-18.201416658346748,-17.531364568639123,-17.197778771056612,-17.689107075297024,-18.870793821814797,-16.197771303464705,-18.029630597128538,-18.327651822994923,-20.131130834965802,-20.237674009974977,-10.773209081988426,-18.85414204819249,-17.863520935495824,-12.49125103263672,-15.448507701568415,-12.39280341130573,null,null,-15.541821783645963,-15.630780546552694,-14.521223597978722,-14.479331236394938,-17.146758354224826,-14.919735980493368,-20.52565058842746,-17.75574470077818,-18.108581723404548,-17.95048750601246,-22.36549151505933,-23.21181530304828,-23.41426896263099,-19.919110281341503,-24.584390765804542,-23.638544875173757,-22.789375755073497,-21.98288467180756,-21.329049153241193,-22.127252343057513,-21.647739579124647
-15.913449970473348,-15.2055780039458,-14.341723300081508,-13.344748478539401,-13.244372141691892,-12.727762605070298,-16.791608629753938,-17.932530973837558,-18.48499820842876,-18.2322796258991,-19.786100665596727,-19.203397190601283,-18.75651525206204,-18.74853772866595,-19.412221427170852,-19.76029043690885,-18.714706948198106,-17.749730172626265,null,-13.316977374675089,-15.559644747771218,null,-12.76867159496996,-13.010613271647673,-15.28815647012977,-15.864850983984178,-16.444944431029796,-15.400958839180237,-17.55234495016682,-16.55939457839829,-18.519785722823023,-20.23430322021979,-19.78115783655405,-20.453897550120068,-21.65814199314117,-22.71891028099167,-22.184441457096053,-22.00293044775536,-23.269493503682718,-23.201258712931114,-22.68433863147916,-21.777507962646393,-20.871970662311778,-20.458542687762773,-20.9711481334667
-16.631813244675126,-15.685024650846083,-14.800010431073552,-13.935283846035244,-13.26698675293344,-13.268288881267914,-14.796333000912298,-16.667757054892885,-15.895674386303421,-16.850490037175916,-18.551456928913048,-18.735397703361883,-22.015464344177868,-21.133136895881044,-19.99470301822133,-20.6538407041301,-20.076910252758516,-18.171411832532648,-17.09621422162798,-17.59693620682955,-15.958336033895453,-14.054041301362846,-12.326479448627836,-16.337911038048535,-15.36454934131796,-17.755202508025366,-17.787356651339636,-16.677853889842716,-17.55265123982874,-17.314653018835955,-18.5625146217794,-17.31196406594389,-20.274262195472275,-19.108341595267216,-18.948388987688514,-21.5074419173121,-22.04578518608083,-22.778438647467947,-22.093564042750117,-23.367608515764516,-22.254505098758756,-21.50208268977361,-20.665516258261977,-20.171350116448906,-20.554675884034246
-17.87169190405842,-15.834919532825953,-14.382357847575973,-13.16725363237704,-14.097343626725767,-12.919732290977253,-11.00262425019513,-16.40034574369863,-16.80542342425154,-16.309062092237347,-17.28495615010921,-16.430901061483606,-13.39695245129962,null,null,-20.967267964748693,-20.230301579374327,-16.06146882933989,-18.62520803042794,-17.238661677135962,-15.633574785706488,-15.170486624019524,-14.147934253746586,-14.377284678804454,-16.24491986022793,-17.476191065438783,-19.236621718323775,-17.56607058165604,-18.76638667800603,-17.001483630738775,-20.418516092800033,-18.29369118141213,-19.536727322584838,-19.9391244535924,-19.743049583564392,-20.78685451355937,-21.424244367475712,-22.532161864909384,-22.903009008908054,-21.627377658893558,-21.805968598819977,-21.91396374164784,-20.604355440942733,-20.218095439116652,-20.637440850552046
-19.15603667824924,-18.09322676310746,-17.221721200809828,-18.077047952056812,-14.542749586297123,-13.002784359049901,-10.978211710237748,-14.243884568160494,-17.107696138680037,-16.84069041848215,-16.818722007130965,-17.62764818454783,-18.164172819737843,-17.397524202016566,-18.096145894260278,-20.16272030809099,-19.85183717959854,-19.588571457331177,-18.326734974550575,-18.072049967527455,-16.518657434155386,-15.073849799804197,-17.807093981069062,-14.810222095589738,-13.106313400003783,-13.340361913333727,-15.38479255229063,-18.612666876141347,-16.213141596740122,-18.779021147010337,-15.031320514089407,-20.67071052046391,-19.887672967605745,-20.7219996263388,-20.999212371505305,-22.144736392227177,-21.147934350519005,-21.87162477320762,-22.195377912177168,-22.180626772480753,-22.086985716522342,-21.043665994421687,-21.054418205890496,-20.17454628085853,-20.105413397600692
-18.7381803776894,-18.36352140279066,-17.77822890765542,-16.962933537967707,-15.305322353416,-12.386270203262049,-11.845566840811212,-11.37447328089879,-16.97059052235194,-17.251730071410694,-17.433240689452735,-18.24702667368307,-18.70897853588115,-19.20450894655474,-19.747533855894474,-19.247681185840477,-20.098793229282144,-18.892270105475628,-19.015088198411615,-18.258662104203054,-17.786609497846754,-16.782735050027853,-15.57597186240584,-14.759566897507998,-12.623594678885887,-12.898298716246334,-11.681352152649566,-14.370142097919436,-12.984345791490442,-16.153397775466704,-16.591176132900483,-18.620859023607817,-19.950758687804445,-18.16680760037319,-21.386202097722595,-21.592234322672596,-18.543324957617667,-21.536089210339835,-21.95236635845614,-21.312098727947497,-21.873864330709495,-21.461472180710327,-20.451333894613477,-19.911780336656456,-19.510126345985228
-18.67457913784932,-18.056349455044778,-16.795064224689497,-16.76126245017772,-16.36571093269351,null,-15.12273928951609,-12.63462801248852,-14.09511451011047,-16.680877970122843,-17.14461182148824,-17.918540973930376,-18.56533857110454,-19.36899370849437,-19.54767384150622,-20.045863859848883,-20.090272697757374,-19.564948548817732,-18.405030185085515,-18.414190227189337,-16.16618317383889,-16.738498901094143,-16.626468229419153,-14.392775513164338,-13.013078169872625,-11.902516979299559,-12.287817918618842,-14.942443897248317,-14.864759847853215,-15.752339591549026,-20.3065057785645,-17.854427293472263,-21.542632458626287,-20.56930884754137,-21.4879322172002,-20.92152131264848,-21.81043894510715,-21.18341540849352,-21.97675685744103,-21.128019200075215,-21.240168352003504,-21.348317371625466,-19.672178684499016,-20.079594713457954,-20.205599577130457
-18.749741527497783,-19.184431271524804,-17.760166976668735,-16.863200377731665,-15.361800467357062,-15.68026118671163,-13.524996549291375,-12.56361652478454,-11.501054824438382,-16.80227298250001,-16.93358481650203,-18.022654315979143,-18.61278637643936,-18.576717243382546,-19.842370665646385,-19.18573000263163,-20.05835289032366,-20.095293254079454,-18.58835760538038,-17.246259720510636,-15.63207011994984,-16.814426924761488,-16.238207677071557,-15.30264856044096,-13.354938367704031,-13.17130436548642,-13.149288493940992,-14.305876472972567,-17.125833320882492,-17.827447257118465,-17.69651426877529,-18.19047165253636,-19.58910126615203,-20.661701906494283,-20.159779083592,-14.606404285438039,-19.219019722206635,-21.576140695266087,-22.034496640994703,-21.74821625902372,-21.09439196901624,-21.11012422287627,-19.560732519241988,-18.49581318557728,-19.601275514190796
-19.498535182646343,-18.0998329109897,-18.83968471711791,-16.979254312306782,-16.519650886526666,-15.941531242008834,-14.449372335989054,-11.458044516429306,-10.264847998266095,-10.469879648056244,-15.262284068028105,-17.32868577758971,-18.130641658595923,-18.982897628827274,-19.055652141019927,-19.458574778988588,-19.099915537395226,-19.013449475298437,-18.695120642753306,-18.54305329041228,-17.12578818833696,-16.685379645072217,-17.40410123046246,-16.383955952602,-15.305726882957867,-13.799754091646296,-14.90321209724956,-14.187293348229105,-11.179110344462833,null,-15.788316376297347,-18.83528616554243,-18.949640664009266,-22.64646890804797,-19.780426643809342,-20.295881999196062,-20.69854517574261,-21.822469514939,-20.773099729685423,-22.684130846232684,-21.40398612120794,-20.836648718733937,-20.428345494364834,-18.72096975885438,-18.33844624231322
-20.113294445984344,-20.098290342223123,-18.94706667820145,-18.288566847960958,-16.478984931833477,-15.925888429022066,-15.042247814524945,-12.761065832673307,-9.261056276816607,-11.06159585090646,-17.75689438968692,-17.61982708718144,-17.918748848220506,-18.68652087186972,-19.681853687415593,-19.947663063812534,-20.83324852006127,-20.405251924956413,-20.474515017492177,-19.646809182969037,-19.947697111550514,-17.311337335870036,-18.9483441296199,-18.24781022215692,-17.2068055877974,-13.888740426314062,-12.39035627858376,-12.475367457937937,-13.565515878191102,-12.82810025637487,-13.063937798353093,-13.389648589970218,-14.50809113261376,-16.349052338730534,-18.165661989386358,-21.109326350215433,-22.068684970559843,-22.124148918284263,-21.408338600184788,-22.584601641047612,-21.975714121659117,-21.24697666803314,-22.06101223149392,-20.748864437087104,-21.669338053870916
-19.58651715950427,-20.09241785769131,-19.133867567488622,-17.639203203857495,-16.52533922270393,-15.865428823787681,-15.453765877971943,-14.407461195382094,-11.855499584613515,-5.948432808052889,-10.502496692298163,-18.006880269104556,-17.314803758973483,-19.431816346823915,-19.923822336512035,-21.413990379744277,-21.171785647692307,-20.879529313860633,-20.460406284717866,-20.536798456006522,-21.727841796516085,-18.451119232049145,-17.728799392191966,-18.905193101017293,-18.81315982872568,-17.868705784499408,-13.112907499202816,-11.768786020863017,-14.455730338870517,-11.470356246527846,-15.622658360383623,-13.808285800846523,-10.343174730868954,-14.88260299628081,-18.440935841337723,-18.90104640758013,-20.854273356358505,-23.85325593399462,-22.68276584996241,-20.463197686898916,-21.19969131245637,-20.3293959036917,-19.664430411213342,-20.755995968741047,-20.958619783733027
-20.815150441944063,-19.54610100584354,-19.387512818617267,-17.601927368238858,-16.781757331632015,-15.46305048964857,-15.42834938313749,-15.074742210722846,-15.446495581738617,null,-15.258190730064108,-14.52901500314281,-18.50635708824779,-19.109535472384344,-19.998016485080502,-19.024971810682036,-19.229320686061907,-21.30783994525965,-21.313214394825177,-20.41495588445682,-18.315000327354085,-18.215228951585917,-19.356191496794573,-21.640272395207287,-20.181555660996388,-18.449812641521966,-13.665137781915314,-9.090911405945105,-11.630849700487268,-15.550836648341484,-15.744885784832803,-16.337842865350805,-11.009227202175285,-12.852295441184292,-16.684628061033337,-16.117842959020404,-17.66033136107733,-19.877479289374513,-19.110988083173766,-24.05595698942933,-21.31329024935742,-21.174205907318278,-20.132775016737973,-19.49955644768405,-20.280283471004243
-21.18280034540671,-20.08592066755344,-20.042078910238182,-19.618969653946923,-17.548105698362658,-15.637075957369568,-14.40938201171812,-15.16993314206181,-13.139355935203403,-7.646484268745343,null,null,-17.738216226374664,-16.36041069530338,-18.596217995807514,-18.865143264851238,-20.09313581360132,-20.888931133405766,-20.7027759865802,-21.04238569084988,-18.929681338660902,-21.25171518269142,-18.676946947614965,-17.98625495773177,-19.539806880041837,-18.540492200571236,-16.3592639350305,-12.009894498813875,-10.719298648200477,-14.363119108911667,-15.512907445996786,-16.930910618596464,-14.169766157534212,-10.687518721902071,-16.327929804938368,-17.710615913111404,-15.171544113733919,-17.557382944704887,-16.24340748744627,-17.165240017030584,-19.350404026605418,-22.372685031787295,-20.830075128777686,-19.88974459522687,-19.70849751661289
-19.309509330472437,-20.584945982295572,-21.075453314563415,-20.329784061154317,-18.956043245735245,-16.88834941270255,-14.451381467384593,-12.396254275462416,-13.675776338474137,-10.714517862655814,null,null,null,-19.279387776686228,-18.13933181135937,-19.246463209964652,-17.64077558570418,-15.629679028033415,-21.101436068790225,-20.881778653335317,-19.722428587803982,-20.189819998062166,null,-20.01530966883181,-17.222230166866144,-19.778908396444432,-19.43964891499271,-15.122608395928609,-9.898949090718936,-13.493472149492533,-14.833532513014077,-17.322418185842857,-17.148700660954187,-16.254239090543102,-17.338166303729015,-21.280026688141753,-19.067187303678043,null,-18.22379876136092,-14.544764592445066,-20.320209676215082,-20.59548507676941,-20.650029856116493,-18.888800202487396,-21.3835870064718
-16.7369714729583,-20.876401751645517,-20.19248565805499,-21.196167424953018,-19.842870970022332,-18.562435386870472,-16.52871569017349,-12.670702559605356,-11.290322530805259,-11.443076468204259,-8.434128721453792,null,null,-20.082785162627204,-20.96135489848601,-19.316490528941976,-18.24555760186857,-18.142470271361315,-18.97189502332359,-21.10533654961254,-22.159868584932582,-18.236857377952283,-12.6958023810385,-14.637052708328167,-16.828033220158776,-22.310725036523728,-17.228887378786222,-18.35283851307626,-11.60104794620919,-10.087050379381441,-16.85848971527634,-16.78394460366854,-18.778590989463016,-20.087416309476136,-17.626111118032078,null,-14.288623895208662,null,-14.511872226167714,-15.683279197669858,-12.823421634721488,-16.53884298082162,-20.78469238763988,-19.560525395323957,-17.110925310021965
