public/json/wind_2018-09-1601_925.json
{"header": { "discipline": 10, "disciplineName": "Oceanographic_products", "center": 0, "centerName": "Ocean Modeling and Observation Laboratory", "refTime": "2018-09-16T01:00:00.000Z", "significanceOfRT": 0, "significanceOfRTName": "Analysis", "parameterCategory": 0, "parameterCategoryName": "Currents", "parameterNumber": 2, "parameterNumberName": "U-component_of_wind", "parameterUnit": "m.s-1", "forecastTime": 0, "surface1Type": 160, "surface1TypeName": "Depth below sea level", "surface1Value": 15, "numberPoints": 4800, "shape": 0, "shapeName": "Earth spherical with radius = 6,367,470 m", "scanMode": 0, "nx": 80, "ny": 60, "lo1": 109.0, "la1": 20.0, "lo2": 116.89999999999955, "la2": 14.520000000000117, "dx": 0.09999999999999432, "dy": -0.10000000000000142 }, "data":
[rows 0 to 19 of 60, columns 0 to 44 of 80]
null,null,null,null,null,null,null,null,null,null,null,null,null,null,null,null,null,null,null,null,null,null,null,null,null,null,null,null,null,null,null,null,null,null,null,null,null,null,null,null,null,null,null,null,null
null,null,null,null,null,null,null,null,null,null,null,null,null,null,null,null,null,null,null,null,null,null,null,null,null,null,null,null,null,null,null,null,null,null,null,null,null,null,null,null,null,null,null,null,null
-0.442477044799775,-0.2886487902410988,-0.4710608253846423,-0.6460197181961553,-1.0383056167278488,-0.8915531912181915,-1.1919487750681215,-2.115345413230243,-3.27406869693933,-2.994346357271311,-2.454335589967673,-1.9578583133019496,-1.634247842170216,-0.872433134454724,0.009952701961147253,1.2269741574082547,2.6240139071445663,3.4404584702859484,3.9417322135270974,5.445322532582189,5.84305500215529,5.917764361046571,6.474909345409019,7.358160261285851,7.908718738598356,7.6650456137035965,7.404114887290845,7.794618971803624,8.265496138845924,9.019247767123549,9.379205336491752,9.468042363347736,9.719973795772813,10.719513617513067,11.396671711370235,11.888030994221268,12.21105570566103,12.901858166277497,13.734512559501198,14.950530766269413,16.535450723078142,18.09436562778998,19.28872077894185,20.600149644530354,22.088624772170668
-1.8826114350228673,-1.0317411767700548,-1.004783936185508,-1.341208772117716,-1.7755597113089563,-1.9610731706922224,-2.268494819881637,-2.591200361543304,-3.2833176530130452,-3.6105097685299983,-3.354658966773483,-2.147088887856403,-1.6500386087988261,-0.640967212128112,0.7332195350096045,2.1967870765594246,3.472289202358439,4.316300844111232,4.547977033223938,6.055237335798765,6.459697156052016,6.600603306666344,7.070276330605133,7.594626341474695,8.1046637994397,8.288310289839435,8.795180107559506,8.625047745767855,8.635602282189776,9.348907592155665,9.957132742986195,9.407627127432463,8.682108851380999,10.408128078873299,12.688918002742499,13.858755884413213,14.353252771653855,15.719686966711311,16.526921594117354,17.655217844963158,19.13892119040065,20.91617467674216,21.36290024112371,22.48912324338442,21.133410255175015
-2.5393490523473483,-1.910456883795249,-1.9794263364801772,-2.036344431193049,-2.6992175918438543,-2.554901736605649,-2.168605481199598,-3.4133080639007063,-3.3589342688639707,-3.9406639930144216,-4.123241338299322,-2.7823744015478153,-1.5441735138277812,-0.2795644613673097,1.1611136568149654,2.70318899055851,3.7524613417280626,4.737692984705855,4.409919279152563,4.192624090045779,4.1256010270003785,4.87750445920918,5.647631348977935,5.834314986865361,5.847644763346101,6.32393282148724,7.279276907812487,7.507321539622011,7.579776269116037,8.528911853755742,8.173330347525393,7.488138712534765,7.7235677243097065,10.074438607232565,12.382665523109528,12.682970882495969,14.497454372008038,15.385130426090962,15.859027894083747,16.24035869462681,16.894300378022827,19.12255581240351,18.99437564513016,19.427899531139847,19.34643693406349
-3.05480911048044,-2.540269631552856,-2.6455204132846095,-3.139092746736284,-3.2890523877479376,-3.290895993756198,-2.5304932987969044,-3.1595968173605877,-2.8996705652547496,-3.5115893555092232,-3.58146168024723,-3.1901562562159027,-1.9117416881785123,-0.8424993111220522,0.6540274989210602,2.346583613688989,3.4109082724510444,4.0888687316227506,4.447138108135907,3.286061456820058,3.2294271915879382,3.9213073801103024,4.050185987387334,3.56860914964331,4.10324255637857,4.708239526659647,5.154623325103054,5.5865132851048385,6.364465066031752,6.994463239712436,6.753123875664022,6.062211332513735,7.258528470129475,9.999886218571557,11.192678732678518,12.016571548419522,12.437584017406671,12.62121582902306,13.584498007251625,16.23304050809128,16.23654943262197,17.55142025531178,17.68820675259355,18.41436109662703,16.968683092844934
-3.5369329884352734,-3.6527388288997678,-3.1442221595048405,-3.981014147352499,-3.7262345293656676,-3.660731509992381,-3.1473419193708634,-3.315576058629577,-2.6106967758690827,-2.962506857869541,-3.236488387853881,-2.8504929947916935,-2.3319662331407303,-2.04577452490014,-1.271422135476685,1.0179522565600907,2.943209947940009,3.729197665373275,4.250198220301669,3.1883047739627837,2.565850702115859,2.7421646930148516,2.4416673052836435,2.6871976070024624,2.7436835993572815,3.8118043876589542,3.4774256735861555,4.785188837269954,4.568515266356034,5.309511609457632,4.634978071676402,4.518223633328677,7.521825866599738,8.99585189041983,9.964349787001947,10.634711348532669,11.649795175171796,13.624768723804195,15.312292218351557,16.386206351810056,16.799271253542546,15.390821069734107,16.311030857475362,17.313755018290795,20.32649502088576
-3.9701218342811435,-4.304459775856027,-4.2241938403124415,-4.332335557454555,-3.8290498640823203,-3.8639796561566597,-3.534959539122965,-2.8884457328770625,-2.2395572684554854,-2.5903218484783372,-3.0316592888016203,-3.4582353905883827,-2.56679333069099,-2.4990039015843797,-2.1833322803061486,-0.4855297086645446,1.33397514005434,2.110568213846462,2.894029658662199,3.1325915492823095,1.9787601290097037,2.119915707650706,1.0615894908188572,1.304064232137381,2.0674529236427333,2.292585469894373,3.0638109611329853,3.8212342277132807,3.1537377021034003,2.969828633378441,2.5464059715592047,4.172435364453296,6.349217773427574,7.6899863997574265,9.576356872404164,10.383050285503591,12.056092486158013,13.340186108085362,14.857875085094472,14.74601667975941,14.042733197597304,15.05186600186437,16.988527389242634,17.150772975268104,19.200525603239598
-4.626807282477128,-5.185776433923441,-4.985150778510417,-4.706134456433051,-4.495549563515842,-3.91936881290792,-3.4461216667826133,-2.278123018088575,-2.5155136308248407,-2.5683445797174955,-2.4518714285214323,-2.64915215601544,-3.0142336058418775,-2.476608198219713,-2.996279741942441,-2.454781190335971,-0.1901681609006451,0.8720155033235257,0.8552612583205921,2.630338333153286,2.159026824609086,0.9279554967288444,0.08782680262805415,0.37512675222838154,1.0131855554847216,1.8172987710671233,2.3561231696119087,2.771240559649982,2.1042125975730714,1.819964715638511,2.287473800141899,3.4590224564758474,5.255411956520829,6.977682115481769,8.30142128975352,9.719149406993,10.486771049637923,11.758753875238154,13.424383370488398,13.402909983785054,11.794895198727213,14.506207325497952,13.30215595999818,16.008823804610895,16.021542627758176
-5.073113836370527,-5.507528497443783,-5.313354164745403,-5.0584063658200575,-4.779551741392526,-4.348055305263663,-3.468397782052952,-2.0844820885321345,-1.945608175358551,-2.2988916793895093,-2.3690222946893518,-2.342416507979553,-1.9163386621005851,-1.490404831936676,-2.461489814430262,-2.6995043344403946,-2.115739581479728,0.4071803962172109,0.5454411211922243,0.5695156511920845,0.3500932881470538,0.11629496059084296,0.008012402328161607,-0.45945118469179325,0.06412506750329076,0.7471578647013917,1.3445304164940173,0.9972450233204488,0.6781689526029345,0.03685784685747498,2.3693175755767575,4.183158951175837,6.105147102949924,6.481323609854158,7.166501612796786,8.009751708490318,9.278483698497986,10.391798581129315,10.519143972379068,10.77150043632991,10.741399285309841,10.501187926689031,12.017315918328134,13.725860852394252,14.022628311044453
-5.167682862248593,-5.65945418311129,-5.515938309906549,-5.46933602310006,-5.01911621311759,-4.642862863789298,-3.6792906268034944,-2.204202999065587,-1.5736654746756749,-1.9735434625091632,-2.1092316970875333,-2.086661174863698,-1.831407444016933,-1.660541424761731,-1.6602977906012786,-2.9005007522136643,-2.686656776782138,-0.6881968494688343,-0.12712900274091807,-0.11640150236830556,-0.5780963831191102,-1.2420030181421629,-0.8012282866856548,-0.5377968621611375,-0.2855052029665048,-0.036659349847798284,0.20774029466798766,-0.25014313028424023,-0.29390344112861944,0.9129001835196415,4.64547705715202,5.149259935348831,5.768074895445883,4.546048183812128,5.2264704679329625,6.003067886102934,7.500883246393698,8.095724085742292,9.607004124071665,9.884256050965028,9.02952187464335,7.599854242697899,9.142516689802726,10.549337611953963,10.6398658431296
-5.216709169037962,-5.762650182988778,-5.753450318279509,-5.342831333102456,-5.081346486790257,-5.07693657149459,-4.094681837831059,-3.0365836519724083,-1.7582599287880187,-1.7457551959866262,-1.9262587187098799,-1.4834597147995214,-2.1654078083100328,-2.626891844004576,-2.9071229242507832,-3.196477461859371,-3.810220825730317,-2.1510007016314168,0.0786545983082726,1.1295948599793482,0.5685786288408401,-1.7562527093852793,-2.0213743532367965,-1.4182175600962932,-0.8366102778076241,-0.5759170578700992,-0.3929753525041269,-0.17668338400131756,0.15821874694995547,2.810855815341416,3.368760719149973,3.8566978366272098,3.630814117474529,4.297437620651329,4.016836873245718,5.467708421215933,6.338208503889163,5.929061259812119,6.796162771022404,7.141740042218535,6.40688711392168,6.749462524496812,6.432087095083111,7.66030986764099,7.734983557977172
-4.407991673932334,-5.625065382390119,-5.6797795061445555,-5.534717205945024,-5.159282709741568,-5.296481270204825,-4.466931084322819,-3.648033034708055,-2.0364692113823253,-1.6475310370821068,-1.2784064551773084,-0.48295325622302476,-0.9564664237870492,-2.356589679713008,-3.1142208533451314,-4.962878974578704,-5.724595542374798,-4.246032957283678,-1.5535647149490572,0.0159269851279272,0.9320795114235103,-0.3402548975603096,-2.00189677690074,-2.783411083237574,-2.892263298971299,-2.7749370390113746,-1.4690774764120222,-0.7629091834640033,0.2252376209993644,2.0177566894431145,1.770375466432876,2.027772506445198,3.2098961447072805,3.235927468082462,3.850305708487584,5.340415280091216,5.289492798575669,5.17406932531724,3.6395262885177195,4.005056416345789,4.959873196908299,5.93900240137967,6.032914718397463,6.603230901933082,7.796598206589516
-3.529072855744847,-4.8420297577836635,-5.403803546677688,-5.330350504591641,-4.767550181273168,-5.041794095657804,-4.748500777127049,-3.882281770631767,-2.967101014642675,-2.653275431710534,-2.4449621558920756,-1.0250253293399731,-1.6882941858091467,-2.8713360285791203,-3.0731167627961806,-3.8009161124309334,-4.490704432844274,-5.141350490885694,-4.52654840174506,-2.0722438232524345,-0.7286387046401456,-1.0936460525249694,-2.82383395373118,-3.78130169037055,-5.843229239089622,-5.020554711238084,-2.237807150544839,-3.1236140166682884,0.27501618389960475,1.1780870546102813,1.2054881367798174,0.9793993497126294,2.0434674388546643,1.4998423837328037,2.249484476536977,4.004655109764652,5.050573301741387,4.173588170741862,3.8797971914380494,2.6270535874586116,3.47750066300508,4.989352362658752,7.025095581749713,7.547652478941634,8.465632504881055
-3.8687946765222465,-4.097346813646566,-4.710709415205766,-4.722136843946664,-3.960465457466865,-4.001124430558694,-4.699659872525,-3.914568941101929,-3.8984165231071577,-4.0829900301831685,-4.589914988656383,-3.085278427996781,-3.5390867222902584,-2.9757305743924505,-3.4704079098760583,-3.6080282718728816,-3.731948604943319,-3.811688690965394,-5.357998895039286,-4.8036370645993784,-2.369042474207583,-3.050892489777945,-4.146456257977059,-4.842555943293166,-7.529684688893189,-6.284752733103476,-7.0126036745481235,-6.079712498592015,-3.616304039112446,-1.5681800823304566,-0.7633040012090845,-0.7320409305107409,-0.23983040395719776,0.9962235094976417,1.950484163657141,2.3524259919373933,3.502832884238235,2.155273168667754,2.2375131364031087,2.4202344155144306,4.566269926873881,4.607392482771946,5.789435991635619,5.873399221394225,7.836407783053099
-3.8881797455161884,-4.084721468539479,-4.504381847548691,-4.8863109807969325,-3.981743714606064,-4.20284789911669,-4.6110642287127295,-4.312092486284755,-5.516383292581795,-5.614661582160001,-5.432977735272599,-4.92833669757329,-3.6302822393487975,-2.9659320669501206,-3.7821089926943685,-3.860583501406234,-3.4501673237544486,-3.877787240529109,-4.760115271161441,-5.105267513738079,-5.124475610367139,-5.816934373786777,-2.4825888752931125,-1.9940855105535453,-7.884027974368435,-8.043479634271293,-8.603868585579498,-7.057369253984363,-2.9175298526574265,-2.257642647658886,-2.3513911856422443,-2.036858023115308,-1.0032213779798642,-0.13788741734252022,0.011123441737468195,2.1883162208005027,2.4262871987283123,2.4645204545759363,2.5167476516906593,2.465231272483526,1.5199015244581977,2.793959742537195,1.113585480476162,0.8606938803097244,1.6495905548717869
-4.566796062947259,-4.452845873356164,-4.785714085852634,-4.489501435112477,-4.297736232503386,-4.617868986061717,-4.853731616483394,-5.202208381780844,-6.059705433672628,-5.559118501734085,-6.412202841896787,-5.673264814172373,-5.4920601628192625,-4.009410100875138,-3.4905555426440955,-3.0075910773564476,-3.388591340376312,-4.464175450110133,-6.12946107412799,-6.478274896277169,-4.838295271173467,-8.082761878466915,-6.747751831055855,-4.754321048699855,-5.751632702878032,-10.178578545758686,-8.309170184618237,-3.444563465098753,-3.2312806948330626,-2.1429640549785156,-2.739856290930253,-1.8700357549275215,-2.1336577940546886,-1.1395618224164044,-1.2868428256248443,0.953589308716037,-0.5470193782136348,2.8747954729378455,1.8737832306909485,2.4650707836665333,0.5458323461765758,1.3453115106640299,-1.9721906882987583,-1.593990912389762,0.6443213074230258
-5.018284246005105,-4.321009741911955,-3.9761478427406765,-5.09019655606779,-4.339375926341184,-4.120879593727157,-5.780314548944223,-5.8925199965090975,-6.0377045496804,-6.814981940337271,-7.1817636242374885,-6.209582009618261,-5.198704032447581,-4.70702228144351,-3.3798598087943783,-3.4473987913791815,-3.556129808589402,-5.270599896905706,-6.793633179911326,-8.488923958227305,-6.762784430134701,-3.237435927479776,-9.121023913476375,-6.4956678869597475,-3.724748277988938,-7.469922502090495,-8.91737753717489,-6.763538731255002,-3.57955941663596,-3.8775875288967083,-4.234407336612112,-3.4358911214882784,-2.0982464171425317,0.9457257572905644,0.28618485476587174,0.43271559796646863,0.4830189486505597,-0.36750906161576913,2.5728727836219183,2.000157355106574,-2.4440008486006013,-0.15076812076978804,-1.4729420526570012,-1.0084425933519667,-1.4832519942296905
-4.920781742452016,-4.0941054031274255,-3.6296629896567296,-4.258753985287212,-4.191995360789475,-4.676163613171255,-4.43669173643959,-5.156685720543996,-5.8689670013561654,-4.818564918036314,-7.298931496896593,-6.841591839312508,-4.690443262934956,-4.234226147805761,-5.054182452845776,-4.300074682310573,-5.586461812655806,-5.610663392762518,-7.660650680123874,-7.296191864641043,-7.18454226200923,-7.235866688908626,-11.93284173739508,-10.083938692678442,-2.7855327213558483,-1.0972429300760855,-7.2689247062476525,-6.377669167859235,-4.071552512429957,-4.632110016581598,-3.4512246911053,-4.838636030997671,-2.859757180958937,0.0009031557036405929,0.8841626655523087,0.7701441088533182,1.4420579417375063,2.3589357701678066,1.7663147913948942,1.6724912911784129,-0.27906942881077784,-2.982057068950119,-1.888992376568704,-1.2500822615736575,-1.5969244975641397
-4.690666755108519,-4.1635009209298355,-3.329092798834491,-4.202974893382455,-4.9701621017107085,-5.379086500762508,-5.711865858983893,-6.390579963592291,-6.262117491830015,-5.6283324713082905,-4.394886807366067,-5.640906968460014,-5.87820725314411,-5.002634227568707,-5.337386915515295,-5.354529814761298,-5.794324921506331,-5.740326008135034,-6.225575153806592,-7.910686938109326,-8.147529284695935,null,null,-3.702846911596634,-6.324866056510082,-6.1102715322023675,-6.634079560028775,-6.192466113326647,-2.9095787887462303,-0.6913782679434892,0.12941171103839644,-6.38030718069779,-2.795670108036454,-0.8240743066715857,-0.9074391031032808,-1.4372338259256472,1.6727333153377284,2.2637475161488942,0.9112188742898868,-0.11994408168996266,-2.1097765147438254,-1.439625468080119,-3.434491308223206,-3.3290954196120337,-4.50752092193603
