public/json/wind_2018-09-1605_950.json
{"header": { "discipline": 10, "disciplineName": "Oceanographic_products", "center": 0, "centerName": "Ocean Modeling and Observation Laboratory", "refTime": "2018-09-16T05:00:00.000Z", "significanceOfRT": 0, "significanceOfRTName": "Analysis", "parameterCategory": 0, "parameterCategoryName": "Currents", "parameterNumber": 3, "parameterNumberName": "V-component_of_wind", "parameterUnit": "m.s-1", "forecastTime": 0, "surface1Type": 160, "surface1TypeName": "Depth below sea level", "surface1Value": 15, "numberPoints": 4800, "shape": 0, "shapeName": "Earth spherical with radius = 6,367,470 m", "scanMode": 0, "nx": 80, "ny": 60, "lo1": 109.0, "la1": 20.0, "lo2": 116.89999999999955, "la2": 14.520000000000117, "dx": 0.09999999999999432, "dy": -0.10000000000000142 }, "data":
[rows 22 to 43 of 60, columns 0 to 49 of 80]
-16.192481784638964,-16.01024326344764,-15.813972137436417,-17.318494510127326,-15.85468875591321,-15.766122267765663,-15.622258334141039,null,-19.310829665987033,-21.982341412053,-21.99791138707436,-16.764519200348076,-16.542293257419743,null,-16.725906778848127,-23.661020237587273,-21.127107167396737,-24.150340359694898,-26.137122224052955,-22.395109805597023,-21.601866009462427,null,null,null,null,null,null,-31.743559215499342,-29.6844451521978,-29.433531445143732,null,null,-32.19691487846196,-37.76634662320787,-35.91808940558117,-35.91605405676832,-37.88403345625436,-36.021668083320726,-34.61934269968785,null,-32.980515012934646,-37.11427320134005,-41.11204458705654,-35.396462603164125,-31.194352750035797,-23.09730700040277,-7.505040131685892,-3.054058452714292,-1.779679408968863,0.3444937611943338
-17.112131300450418,-16.989636947872324,-16.72097973058446,-15.89986041017156,-15.280945512639363,-16.432140072703145,null,null,-19.43523581093654,-21.060832119537658,-21.18173021988138,-17.182526184333113,-17.600164945027746,-14.426568405055711,-17.769202462875853,-19.855819957983563,-19.621294316442068,-27.089156152998022,null,-21.16526817557207,-19.420887228155138,null,null,null,null,null,null,-27.708045966577508,-28.864205194417316,-30.24202056203302,null,null,null,null,-35.20258830109465,-34.87917477545627,-36.23743228007871,-37.69085051511267,-35.778309963729555,-36.146612555175366,-35.0543351495999,-39.249898501102926,-38.38689259012483,-35.12434768986134,null,-32.17581078629681,-23.423485824901242,-12.591629425784014,-6.385184281090353,-1.5298338260968063
-15.614524597176851,-16.806136144815262,-15.968571885197377,-16.995180030087305,-15.935587710274385,null,-14.277354047855834,-13.5404430708811,-13.709237236432022,null,-19.818318071139664,-17.973677553727608,-16.162453360898645,-14.35991943306303,-17.546800800496896,-21.626431538103567,null,null,-20.11282768391777,-21.71052812134317,-18.834221740434725,null,null,null,null,null,null,null,-23.42734742473173,-27.318296131280565,-27.621496753158567,null,null,null,-31.16866717871609,-36.47149203578365,-28.79247666301628,-32.73099708427307,-33.96731244037542,-35.83079998310851,-38.065307991151215,-38.484339189646484,-37.84102501225887,-32.71412614799954,-35.23687004000738,-32.653232518267934,-32.20882386918598,-21.755925266093524,-13.632421306885522,-9.576376509669016
-15.389425985418429,-16.888030823345858,-15.598129372993803,-15.762328040955273,-14.792157086738467,-14.232703847281574,-14.817794789034988,-13.119544753510477,-12.336516564517197,-13.399490567667103,-19.493430197229543,-19.426956082534613,-13.354336845417418,-15.342287566604004,-16.849288522542388,-20.294866993727034,null,-17.495877814827892,-19.723638725698837,null,-16.06629273993748,null,null,null,-20.430205665690284,-21.00503501091438,-24.973638778595063,-21.769491783567155,-24.10910599880587,-22.424062029998588,-31.595318145952817,-25.303316333220174,-29.984704424944532,-21.458162304277348,-31.595654444727412,-33.78178339373661,-38.37264020740198,null,-30.056309528266794,-36.32378191671124,-33.33632323354655,-37.458603531233635,-36.6953432245034,-35.638061844956496,-31.721901303270027,-27.520416545278636,-23.949910275628007,-21.099626772380518,-16.654076773881904,-13.161491209286043
-16.17668231426233,-16.781884408523112,-15.780381437214096,-14.678156872141638,-15.016952595659465,-14.265680646916852,-13.888537710502039,-13.631020412793935,-19.93977871546698,-17.7690505030111,-19.98206311211635,-20.9374034858857,-20.094832822863385,-21.86748743240901,-17.309532706171144,-19.047345554851667,-20.70406852036835,-16.510112495076285,null,null,-19.492230016633457,null,null,-16.53160198140526,-21.71836066915277,-25.271669199386892,-26.272229057955172,-26.049601711064604,-22.817221883282713,-21.111933639088875,null,-30.363218483555677,-31.826758693390417,-31.19343060213339,-31.855170199571972,-32.68794629547071,-30.864371922205414,-23.577009607916832,null,-27.52938401337163,-31.550435218871055,-32.73629242871537,-33.73910111882116,-31.79518024555442,-30.697504906107596,-30.94274618757493,-28.91281096181992,-22.754017863841113,-16.654925843474288,-12.280104623388103
-16.471980936342906,-16.62299621087076,-16.10519926079492,-15.327486042625162,-16.919194902660497,-14.146038990078129,-13.849965430312269,-12.822087152475103,-16.486508890671626,-16.676085986938887,-17.316358568833216,-17.926220537959843,null,-24.490020604685743,-24.19213533969104,-19.1660898676582,-18.69161253327298,-19.419663455520457,-15.308955008833687,-17.25341155520587,null,-18.265845504141936,null,null,-23.59531791590896,-26.614929340548898,-28.682776427603024,-29.184525939151627,-23.92002828657692,-22.139094489564172,null,-24.943762323015655,-30.06146365794366,-27.425286047596508,-20.117174817306687,-31.916640172878562,-29.59789698870411,-33.242566830019875,-26.067607082702814,-28.423643373874114,-23.095018138205518,-26.33211564611777,-28.97498527345057,-29.519294572733735,-29.459211730005567,-28.181285744399826,-27.786439617122884,-20.841544860369027,-16.655988060865763,-13.395202502410507
-17.533533717794135,-17.438982277235624,-17.611959894354094,-17.741112932999673,-18.257281102259967,-14.559011533401218,-13.486495160614982,-12.382454218535752,-15.06922857040964,-19.74969673794856,-16.527493393763855,-14.991046745706084,null,null,null,-18.317764983646825,-20.220648152417866,null,-19.320018568647207,-17.995251947179923,-15.30498897898012,-16.566891630145218,-18.8879017063429,-19.748826263277387,-20.36936579153788,null,-27.460071717609587,-29.737344792308612,-25.44608961936791,-23.701628384606888,-26.85786799528615,null,-29.464442717139537,-28.70028840807542,-28.02040934462613,-29.10984385734386,-31.689507766512627,-32.506844001091345,-34.34401114031844,-30.95017839198708,-25.813230823099815,-16.062639092963273,-21.929089392824775,-26.597054580034467,-27.323397406057172,-28.0497223493795,-25.370086943962338,-19.359973509420776,-19.855023637252586,-12.762823750694105
-17.400673806951716,-17.58545647138586,-17.392009857887082,null,-18.697022467024354,-14.470356790442656,-14.547105362264665,-13.26957293140455,-11.998522609519204,-18.361274447599836,-19.594059851601013,-17.040836858861393,-13.834169483372726,null,-13.211954767447251,-14.397761160326043,-19.263833308546474,-18.83045501533435,-17.975000297760985,-17.28810716957845,-18.502517410453336,null,null,-18.329349388228728,null,-18.57881171876154,null,-25.70245205422476,-21.188889123381582,null,-19.011840699255526,-27.28835748840064,-23.663705572025968,-30.02752061543133,-29.15600751321732,-30.508323896048637,-33.19742435906536,-32.108025055536594,-32.51233026634456,-32.60555029583044,-30.538981099697132,-28.371737510303973,-23.011998129735908,-18.85296800287859,-24.583202604458613,-22.893364399789,-22.25701105251361,-21.970067498170145,-21.556068486581573,-19.17405027351373
-15.654236816740784,-14.916861406852615,null,null,-18.55111386124447,-18.15781773519654,-16.760258929935887,-14.30216874387939,-14.680774521690605,-12.993723963309307,-20.315712178590605,-17.965141481863487,-17.004454726495972,-14.800367158353264,-16.681025094170785,-13.456255621235137,-19.742432916684056,-20.36780871202886,-17.11933189029697,-20.100702846685298,-19.989657492505312,-15.390616706224028,null,-19.58899745554504,-20.72529030242968,-18.987340602933415,-15.502148989013797,null,-19.077004966025825,-20.157545745803834,-29.146745778797957,-25.465060394284784,-29.295367012630305,-18.179961951304172,-27.49615363012328,-33.441475662759345,null,-26.78464566783968,-32.66581295734878,-32.737347311409074,-28.632357545178856,-29.01052415826493,-28.569226043371636,-22.847372736858947,-17.33920693011468,-19.046465799578925,-18.446046775930583,-19.926037058174366,-19.531639622687784,-16.17458594166094
-14.689864523098484,-14.53310714931063,-14.262470808512408,-17.136189051139425,-16.859331181917383,null,-15.696410767680266,-17.114844310701404,-17.26213795342598,-10.052553758141492,-17.36358997651155,-19.698704298493507,-16.039849977535436,-14.493454738853528,-15.069974506582406,-14.655627098006978,-17.375994078527114,-22.77970061038595,-20.383013207878218,-14.74798526764725,-15.124743923698734,-16.270080676607037,-14.972521224784929,-18.490673899406353,null,-19.955776351505,-19.687310687452616,-20.24140482698866,-25.052754714645474,-21.56820263080767,null,-26.117348084628983,-24.338404581250572,-29.09458537941537,-27.16591287469957,null,-32.08423309149974,-29.45954536522259,-31.315151826700642,-30.044384930130494,-29.137495178262586,-28.161181617024646,-26.958622550474402,-21.707446453494626,-22.599048461782765,-19.659807155050196,-16.704445213543316,-16.404620225617727,-15.195619558879365,-12.423918789929093
-14.821680191064113,-14.796573285072405,-17.644513358265375,-17.57749678859335,-17.841590831128446,-16.30753474700145,-16.785760061589645,-15.875328213527098,-17.995184222985124,-10.219458786647527,-17.85253761178782,-21.188662167440174,-17.3813277308599,-14.904758663778047,-14.626816315829512,-14.267481964521348,-16.054644976732035,-22.048316812432297,-20.443236163962204,-16.59270329461972,-17.95419825625304,-17.678767339376343,-16.046862721341153,-19.619964962016354,-24.067881608247394,-22.352946096861576,-23.283375456047203,-22.048767788103525,-27.39541695080731,-28.68072466000856,-22.045207943041795,-25.388712032515965,-27.658040061220778,-23.770529995256943,-23.154435331946974,null,null,-28.868434557000274,-29.069493111690182,-28.773757639245886,-28.87987495978219,-26.49851593420694,-25.455773774843248,-30.03824836827847,-21.254676772360977,-16.60616696602643,-19.774912939324455,-18.24584152496797,-14.714651816764963,-13.12536711019636
-15.17759273557741,-15.008143674696754,-17.53642171497736,-19.094527776189103,-17.632649737546842,-18.013050306871328,-16.93243641189502,-16.28777091827291,-15.451010902419933,null,null,-17.971431994234848,-17.090063889509906,-17.120165481805003,-14.961972292706516,-15.034332113530926,-13.985031168083596,-19.521997142355414,-21.244504707642196,-21.569496017334696,-22.07440859487893,-21.385458768051286,-18.50069643199375,-20.730999004018376,-21.11730658514086,-23.416527115610418,-22.847697542780892,-21.15223917295571,null,null,null,-24.5198298347881,null,-27.216038511541235,-23.29530706238988,-24.704108982435326,-28.05987257567539,-27.348980477733317,-25.762892388675418,-26.880856980909503,-27.39028234870849,-26.935858362299577,-28.121778564414367,-26.709742601479707,-25.125526408899194,-22.938901536125456,-20.071455657521746,-16.41293037647434,-10.911349029260764,-9.421086858851535
-14.984522558551472,-15.267035068936,-17.077002260041535,-17.901159854039246,-17.597088230459235,-18.019257017316367,-16.689174758161172,-17.2325453140923,-16.57836373964476,null,null,-12.719091971743289,-17.091001287787666,-18.996278632407034,-16.394433589853207,-17.49709431734929,-16.153100595906253,-19.831193582058916,-22.497517576574715,-22.083549800667438,-24.268098556879565,-20.941125471235814,-18.987545032262204,-20.672137567911708,-23.536472448307034,-25.775275992568428,-21.01416378821079,null,-17.466627251966585,null,null,-18.148190389038415,null,null,-18.444973602632295,-25.215053413693425,-24.353949338957985,-28.380199052807537,-26.249460267921815,-25.076992238675107,-25.78641564371573,-24.617062152447215,-27.212205528409857,-26.188762798275643,-23.434692705654967,-24.05663782812263,-17.876749537196734,-13.909674343523115,-18.907194999531306,-18.274648158909816
-13.712444965730658,-12.925435692877196,-15.77128243087802,-16.784555541986407,-17.543680064857803,-16.60428137618995,-18.436328391181288,-15.16263363624708,-14.573246448156548,null,-3.8361453037780002,-12.053330533149868,-21.227272025530954,-21.10633613310324,-19.88120193199699,-19.555815105120526,-17.470293927697252,-18.41383869443025,-21.05332719464461,null,-21.048132668712277,-22.10276919983003,-20.158848676172003,-24.165585266207326,-24.031738328810402,-18.665188184675483,-21.33800528263911,-20.970805902782818,-21.423095239830772,null,-16.71181092508066,-16.890340170864697,-15.188950540662374,-17.025707493899333,-20.105839289560723,-17.286171477526914,-20.618341742203267,-26.141909950489165,-29.007443389348996,-26.135436522682255,-23.75646288257845,-20.772549483955295,-19.690587209106877,-21.811033012147245,-21.167980497796833,-23.26680233489055,-21.46210734819087,-16.974137348645908,null,null
-13.449426882465767,-13.7996835473651,-15.72597503761707,-17.162314494595076,-17.63227616955494,-17.11250065422732,-16.901012138163985,-17.1394894192395,-16.289991567851953,null,-20.442606339157273,-9.35123327274593,null,-23.023770388763328,null,-17.44041757718241,-17.53578641919716,-15.609225799692723,-19.212005696463827,null,-18.326471010276038,-21.61835771040425,null,null,-20.636860332092866,-22.06909412934805,-22.78521075216995,-21.83968131777971,-18.202954254615257,-17.805513953960844,-18.555247266342107,-19.13318804569327,-17.828291100684943,-20.464591218419088,-14.697997454026925,-22.24828370644413,-20.578696206912003,null,null,-29.501162399262967,-24.033413222869576,-23.155386963932038,-21.660320956685684,-19.028394131243434,-20.37044905740221,-17.7019891896234,-17.483875831755505,-17.847783377025138,null,null
-15.026535624045774,-13.769286682706717,-15.959065618457773,-17.18137426996121,-18.027992534527,-17.573724119862746,-18.02244176787234,-16.935328669229726,null,null,null,null,-16.171696995816493,null,-17.78442141099837,-19.656706856148375,-18.552036801633367,-13.889229921778773,-16.98909517175988,null,-18.505517615131474,-23.584962985097086,null,null,-18.926370393186204,-23.980615908537928,-24.782116373490496,-22.58330784447083,-17.53405861288458,-22.333053172026034,null,-18.86966262381643,-16.72048661738561,-21.3186545250764,-22.628008397568536,-18.775831379620453,null,-20.425021689454073,-17.96398868226625,-22.3448883470754,null,-19.6506454915634,-22.197510820191802,-19.82671659748125,-18.706356422484752,-16.714187792739082,null,null,-13.83506149206168,-10.321599004351102
-14.318018312713209,-13.664132308515327,-16.205537325994325,-17.309992386328076,-17.492313110491228,-17.708119466963353,-16.43119456743455,-16.03794473180021,-14.66720462982398,-14.285543344354176,null,null,null,-14.399632482742966,-22.17244340164146,null,-17.482701284622767,-14.00206000701297,null,-17.255681508890863,-19.422439939830433,-19.350031709884675,null,-15.961453149291552,-16.344788206070515,-21.584083273774468,-20.399219128029507,-21.76607799006689,-17.69573748211278,-19.806874989834,-17.90874632693857,-23.159862101021336,-20.705768615248026,-22.61047344401241,-16.907312689161866,null,-18.228205372330955,null,-24.92803786907829,-20.98922330088522,-22.456182410621746,-23.113354740497336,-19.525603132277656,-16.557729294087874,-13.10009937356089,-15.930661416351176,-17.241945575759257,-12.483255992204123,null,null
-14.242455055897084,-14.115763821778152,-15.303731850862224,-15.876248681435056,-16.979685158353476,-17.987838639393367,-17.20093709356739,-16.68674019848654,-15.089997473430635,-13.406632543940779,-12.022290956417502,null,null,-16.606267435484764,null,null,-18.140440038671887,-12.698164266170346,null,-22.1389480281474,-16.804430961028707,-20.842145438763236,null,null,-13.456272040492433,-23.6719114862814,-26.731876368481537,-24.19656054320907,-17.591163431320314,-24.14396910179763,-23.266079564239035,-23.411153350624318,-22.59979438451355,-24.18754763970058,-22.3460910600211,null,null,null,-14.596250776959415,-23.015431292709483,-16.72741033367532,-18.807808976165816,-18.19481834559639,-21.934995448910772,-21.37663259444195,null,-10.755508214121008,-13.737264949704425,-9.856213010326838,-9.100638103956594
-13.950864567948893,-14.252222100725774,-14.94802972899033,-15.91543620338827,-16.749730188759415,-17.55237217258194,-16.973633440946834,-16.112090962978765,-15.214374630405517,-13.402612024696026,-14.307879290447167,null,null,null,null,-18.13324477779888,-14.32581997135786,-16.468638580494186,-16.57578004004676,null,-17.947840268669776,-20.164944450750735,-19.157031339774825,null,null,null,null,-23.16761649684541,-18.766093627847795,null,-21.541307078727478,-27.76029882079766,-20.651232609409806,-19.912066918206737,null,null,null,-15.916323612135415,-20.532137123067645,-19.73276776945446,-18.978224426723074,-18.634288991112797,-22.307254622072108,-21.77034217481134,-19.795939896355573,-17.381276440122647,null,-15.512704311930962,-13.719445002298194,null
-13.729584257149543,-12.358122710413417,-14.348589451782509,-15.387994124608298,-15.488248561860813,-15.068384852725796,-16.841003900586458,-15.983451993460154,-16.77917101066955,-13.473048802253421,-14.554589819980146,null,null,null,null,-17.372919389465725,null,-14.33911964867674,-11.025802888557473,-10.296925677237677,null,null,-19.533844783106073,-19.05550077881293,null,null,null,-19.6983525023632,null,null,null,null,-20.30802301129913,null,null,null,null,null,-19.492819971383277,-21.236468018650836,null,-20.434756828236484,-16.041459261817753,null,-22.47963918805332,null,null,-16.763502136270585,-14.62442059563751,-12.498916949600524
-12.780963542014796,null,-14.435485279112548,-13.848419848558217,-14.358391596966364,-15.341749319179167,-17.556121085209206,-16.16047296170235,-16.004020586159427,-14.247079325299278,-11.80913667235005,-12.561654503051052,null,null,-16.924916476594518,null,null,null,null,null,null,null,-17.070657696360303,-16.89945388598082,-12.208344439626792,-9.529739910979167,null,-18.55786117626297,null,null,null,null,null,null,null,null,-19.22925533456499,null,null,null,-17.77709720008042,-19.581217998124693,-21.02603001175418,-20.78018409336113,-22.213458744366655,-22.176631321894433,null,-19.63520697801244,-15.518239957177979,null
-11.722209347231551,-13.010415846424221,-13.072791194050762,-12.714398819820973,-14.21842643141374,-14.06857897794745,-14.652725640899313,-15.922291619383047,-15.116491184180965,-13.69584376955445,-12.519829037106062,-11.262772860078954,null,-11.919679366087191,-11.867127151671195,null,null,-16.041821977994907,null,null,-8.451429979383914,-15.664175533963055,-17.40643782686818,-20.72112614715424,-16.6222923321741,-8.333856344708542,-3.283986007881681,-16.778671773725787,null,null,null,-10.065840925733445,null,null,null,null,null,-13.056984907102487,null,-17.936855914091915,-18.62414379982149,-18.04358426292884,null,null,-20.31617686833699,-25.752627729251504,null,null,-15.845584984425585,null
