public/json/wind_2018-09-1521_925.json
{"header": { "discipline": 10, "disciplineName": "Oceanographic_products", "center": 0, "centerName": "Ocean Modeling and Observation Laboratory", "refTime": "2018-09-15T21:00:00.000Z", "significanceOfRT": 0, "significanceOfRTName": "Analysis", "parameterCategory": 0, "parameterCategoryName": "Currents", "parameterNumber": 2, "parameterNumberName": "U-component_of_wind", "parameterUnit": "m.s-1", "forecastTime": 0, "surface1Type": 160, "surface1TypeName": "Depth below sea level", "surface1Value": 15, "numberPoints": 4800, "shape": 0, "shapeName": "Earth spherical with radius = 6,367,470 m", "scanMode": 0, "nx": 80, "ny": 60, "lo1": 109.0, "la1": 20.0, "lo2": 116.89999999999955, "la2": 14.520000000000117, "dx": 0.09999999999999432, "dy": -0.10000000000000142 }, "data":
[rows 40 to 59 of 60, columns 0 to 44 of 80]
-6.2818303290794875,-9.577353582100782,-9.750360638804166,-11.601530817819516,-12.559551218353219,-13.002503931066938,-10.574830158549466,-9.585262122420819,-7.412959146503136,-8.058462011259735,-4.980900377803698,null,null,null,-4.801071455899164,-5.556200382374534,-5.963354594206702,-6.732679185842222,-10.575609956263492,null,-6.94443573252692,-12.548504172527531,-5.901627627581265,null,-1.153588158611201,-5.239653372443298,null,-7.750280533132671,-6.312324886397057,-7.239538643602955,-8.267915215601377,-14.473632018394845,-12.435005354888881,-9.583089397288308,-8.417108464984402,-3.9023836996846133,-0.9857758947205087,-3.024789879406688,-7.2573466018896,-8.352455084139976,-7.472232388743098,-9.31344673437448,-13.751432596073482,-14.033335363805413,-8.860890188856178
-6.275700044943329,-6.547408597758171,-10.574974041786755,-11.247135993087465,-12.488556805581217,-11.340997973165926,-12.164220102637493,-9.941940292583098,-9.085017353877504,-7.61230178370855,-7.603897643873394,null,null,null,-2.1953226144782603,-3.1653159237642745,-7.705139837082469,-4.933834979922117,-4.975996023255247,-11.515453120057042,-9.841583766807567,null,-6.750559380808986,-5.696331434742934,null,null,-2.6672842232483647,-6.313777714035382,-8.057340381507569,null,null,-9.861105685844569,-10.357810617585216,null,-8.618487735498471,-3.379710530488941,0.42304928367143,-3.795010441642172,-8.081333082385287,-13.801629230577976,-6.867459193640704,-3.6861890298032844,-12.3714247664642,-9.154097876157547,-11.81931466953036
-6.4339955981336,-6.630054094861452,-7.1035188662357305,-10.287080697952614,-10.994811139338868,-12.398895508696612,-12.826185707252545,-10.970719341172957,-11.671710752076088,-8.928992333620265,-7.652679193415825,-9.834116178413913,null,null,-3.046439326921929,-4.314679474191523,-4.15883954673696,-5.712519561934428,-1.5683542727256548,null,-11.141942481704772,-8.086207414563937,-8.193323238345974,-7.567853343219818,-5.367070618538243,-2.748779232584589,-3.089920336852436,-9.195452690199556,-7.78297480981553,null,null,null,-12.864623130545317,null,null,0.10539784203289143,-5.432790142397208,-0.6657222748070455,-7.042879855575858,-9.347540607442363,-8.778119555149118,-9.924928374267052,-8.342759016571263,-10.906882241840748,-15.07046763246136
-6.615500914101103,-5.266078526745541,-6.969970935047854,-9.14985019238997,-11.065417391548747,-12.535933662844005,-13.720409318411772,-12.292329000911826,-12.070902450897549,-11.379290347565275,-8.352935446969902,-10.637424492566986,-9.068917369503822,-4.991130958091695,-7.009823329058389,-2.641497373294833,null,-2.479611188631906,null,-4.227022566953824,-8.021309603395439,-10.145679580377756,-9.161658148498768,-7.47660123755023,-4.799815442551569,-6.900312169340173,-6.714495376239903,-11.854974456951837,-6.261230680717275,-2.0740731816324254,-9.556805505327198,-10.262083660644564,null,null,null,4.471995538157556,-1.9650840733290007,-6.439301145256047,-4.381661616697683,-8.867391115379576,-16.83889492995733,-15.548111199321486,-14.655369653821644,-9.17989363981283,-13.895769466004118
-5.158430188713048,-5.655177879560768,-5.650183701747913,-8.318833810024433,-11.048348309367906,-11.935390707654685,-14.09831989027212,-13.962708665073386,-13.123849447862357,-12.224980979119023,-12.20182335216983,-7.329127616351836,-8.259058376229106,-5.274581220886378,-4.1448032152681185,-8.29056045330496,null,-3.823892663368367,-5.813439747450957,-1.7479110477929478,-6.108801229682935,-13.057414355076585,-12.90763735405364,-9.426858036022425,-7.696253217835701,-5.757998453472307,-11.208905173914548,null,-6.632892159385205,-5.598640887275539,null,null,null,-4.580386376010099,-1.2658506938921854,1.2135230424224326,-4.831115628663671,-0.7614966062347854,-0.4927867849825953,-17.575659002366688,-9.8765472293725,null,null,null,null
-5.830459775201816,-6.436062309515,-4.083677048563553,-6.8483770570783085,-9.511740202496716,-12.19870889085346,-13.490767249276747,-14.026222158675482,-13.598174344997336,-13.236174784062692,-10.946112819734743,-14.210873666413795,-4.387916904531197,-7.223241732516398,-3.260104319565684,-6.624317874806318,-9.555494265389752,-8.705876021159936,-2.885773279137318,-8.921315573910212,null,-8.587257195855736,-14.38928170298782,-10.760827648727952,-9.324731939829995,null,null,null,-4.01775456374839,-10.216867230600299,-5.444512317657678,-12.913554869744836,null,0.07111292836773755,-2.9137441963699597,-1.8393707837014666,-3.898394717407115,-5.738357131376121,null,-12.641712568038358,-9.524513473751824,null,-12.362806057317647,-7.213229518615238,-3.1841239462084507
-7.459751977378047,-6.116412579966713,-4.429124388901068,-5.3601626102284134,-8.138586020508757,-9.106423722346923,-13.905633544952808,-14.926845392058068,-12.826732089737908,-13.356247999207888,-13.274221575469753,-6.4689271871743586,-9.013863541685957,-6.064779492634514,-5.44174386640722,-3.072623933742227,-9.537453948139786,-9.52050814743566,-11.05127794851665,-5.255845103313504,null,null,null,-7.528187320916381,-7.173560222077016,null,null,null,-7.540309108106854,-12.418234274049409,-10.911431738188904,null,-9.455905962052338,-5.262639968176188,-0.712209618925307,-4.679935659832289,1.0415428438235608,-8.71886200840246,null,null,null,-7.573784493108807,null,-10.796668701338367,-11.657092572797861
-5.464098366536144,-5.25422238620274,-5.5897493425601485,-5.173998991050987,-6.202605156532252,-8.340354045652836,-9.00109656511709,-10.725043410396497,-12.068475096459276,-14.046198840115444,-15.634003642464485,-9.973899322546623,null,-6.561968085000061,-6.475134707569925,-4.864259522710833,-6.046839488692163,-10.36123322078104,-9.855504481987554,-10.465541875350521,null,null,null,-7.548158284022614,-7.834267161999864,-7.1115048120274205,null,null,null,null,-6.062519885423389,null,null,-5.026116497410739,-1.3585356293212651,-5.933019336573712,-1.1365973975038612,null,null,null,null,null,-0.18647967579526284,-12.014955536950184,-13.475200261791372
-6.915101836046795,-6.18393299915418,-6.562340916812808,-5.552048317729765,-5.642006080783234,-5.976595189161589,-9.165497934721621,-9.13787725262972,-10.34620688385589,-14.257022234936526,-12.935266856879014,-9.994548794760655,null,-9.758179352815688,-7.131490553485797,-7.092142464417302,0.847839518465849,-12.423927979123311,-10.738835243643067,-13.940183738778567,null,null,null,-7.664999427468101,-8.831285419780182,-8.825447061309713,null,-5.152002877339209,null,null,null,-8.814351918221357,-0.24066601986380454,-4.402945676988884,-9.483925198331939,-8.626181889311308,-10.422554773758948,null,null,null,null,null,-3.837751116720122,null,-11.357316743766347
-6.20758058274726,-7.596642807569615,-6.985599757661513,-7.435175072864425,-6.401351448592365,-5.254604126568813,-4.4314548628205666,-9.386501410822692,-10.583646384796982,-8.314699895774275,-13.357794240961008,-12.561462044143095,-11.220720597017994,-12.432580473919497,-9.53652615519391,-9.570593692107142,null,-5.138705765527449,-12.894526040996844,-9.95152302554744,null,-11.054666503545285,-7.998293082779146,-7.5549010001207275,-8.009673698237235,-11.203095944025673,null,null,-8.291282537748293,null,null,-2.0826250173330445,-6.784371291075777,-7.327749871535046,-8.794163060117233,-7.942339400882991,-8.278976553254966,null,null,null,null,null,null,null,-5.76176103615278
-6.927278776117986,-6.690026218327519,-6.652772303967664,-7.8950619705580545,-6.497984249111944,-5.106605555688327,-3.336055320679881,-7.713683300115359,-9.359413151201151,-7.910695886569158,-10.9554791651455,-13.421419192453609,-12.974403158896651,-13.450771189227247,-14.23178603149458,-10.524119429511607,null,null,null,-10.18279722568678,-7.469972268579053,-12.64700543384315,-10.54493906560425,-9.4943225922154,-7.545850324391815,-9.447927892845465,-9.460104116207422,-4.175643091067493,null,null,null,null,null,null,null,null,-2.015455356685272,-3.398279286267586,-5.260364726942305,-4.984996000421816,-1.7232393503933165,null,null,null,-5.774902313841199
-3.4527004040393314,-3.040636203259127,-7.0544692238186295,-6.986760854080944,-6.275502101808984,-4.029734816640407,-4.612885816206707,-0.4910970734937268,-8.086745032149029,null,-8.41849300529428,-10.635732314837508,-12.344119687401475,-14.631706820675976,-13.818864630811325,-15.13099895134716,-12.485156322563476,null,null,-10.567214045469687,null,null,-12.548277289158925,-9.561446028003967,-9.65833342803475,null,-8.971558708016945,null,null,null,null,null,null,null,null,null,-2.913487529869532,-2.1997462955584437,-4.626298058293739,-6.0371436314896805,-3.3878667663208297,-2.1993197352551412,null,3.0876653009093564,null
-5.96848060320501,-2.514748151673964,-7.5312074682329415,-2.7164764939340653,-5.698947595231535,-3.6944627749570533,-8.669406931122596,-2.333149427639713,-0.7658530695511554,null,-6.861603699781023,-10.551432926203358,-10.32070439830282,-13.301124298967213,-15.204345562534382,-15.623936893248498,-14.39538198697047,null,null,null,-10.935576641361871,null,null,-10.011473783790866,-12.802880728039481,-7.5425367744203555,-7.821520204451747,-9.268934663233987,null,null,null,null,null,-1.2518067273664657,-0.11162484626901469,-0.19337795868525223,-5.714017712993467,-5.778562354643496,-3.56848697904903,-6.584410325726638,-6.509097537776046,-3.617192161975876,-5.713386764897421,null,null
null,-2.035552311966314,null,-2.676406011067139,-6.29055959947622,-4.953025234668586,-3.949184951639504,-7.506047706524312,-2.0713317340436115,null,-8.748675377584389,-6.877679620829232,-11.678929594788325,-9.775772600837728,-14.240037139259972,-18.40055117446145,-12.451648298608845,-12.609381456490516,null,null,null,-6.352612144677152,null,null,null,-8.324042433136468,-8.620279436437087,-8.182021084672744,-12.089585400601557,-8.364603925868032,-5.383337471323295,null,-7.496017170890444,-6.087898720924988,-5.989998113140956,null,null,-2.6723399615099566,null,-7.9967457676149944,-4.281507476315474,-3.561875055818885,-5.876566509922897,null,null
-1.909024125331455,-0.6219626225341894,0.07758407942376344,-3.9146538726903977,-7.074904830015699,-6.948517384699168,-4.83696918554968,-5.81274509472057,null,null,null,-4.4004228056576355,-8.132060473515415,-10.786517946467486,-11.411850971940428,null,-13.871087865000222,-11.784746983032543,-11.199632898036587,null,null,-2.5822590879408027,-2.0895552786375,null,-4.6839749319011865,-8.474282257237554,-6.772353956470656,-8.657182082686685,-8.880467146478969,-9.901883907987198,-8.74522755392456,-8.037230265731186,-9.162292551603482,-10.414624842740313,-6.570890875073579,-6.962471379958034,null,-2.7124172177662778,null,null,-0.47523242198811566,-0.04632198872772059,-5.674660057032355,null,null
1.6306462606678858,-5.009765470327247,-4.451126714076173,-1.7856266076422682,null,-7.919165477123279,-6.1962270292131505,-4.454025991443194,-7.307181911356142,null,null,null,-6.7437037932896375,-10.521486723455599,-10.877843313738088,-9.070846518032958,-14.894746750850459,-14.370450886289143,null,null,null,-3.5447316028812885,-2.633359466011263,null,-5.789956433726401,-8.502171688599839,-10.784449368940063,-11.459125374718441,-10.20975406487284,-10.923922829379356,-10.087861893290487,-9.474906512366665,-10.620733937280434,-6.566156600298129,-8.635486470934117,-7.779251113361275,-6.288256244085443,-5.65522767659544,null,null,-1.177950828447987,null,null,-5.6382272588755,null
-3.364860491814799,-4.667985321210548,-5.58102969122121,-10.836616323407421,-9.17238682166029,-9.45088002957121,-6.902597186097544,-5.190586063687338,-3.496925207853665,null,null,null,null,null,-10.383447823877958,-8.475732480296465,-8.88478897983891,-14.011376473683558,-14.414013456853962,-10.277275145660765,-9.938362586192865,-8.698696914691071,-5.111127452099774,-9.678911275760901,-9.436758444664122,-9.662530724012528,-7.41097285726053,-5.1013990332477235,-2.5424487201029997,-7.521403612666847,-10.4292285996076,-10.271375812174453,-8.29873254131961,-10.7346543969122,-10.879833960375635,-10.538159054847345,-8.994297050438583,-7.216635495241281,-5.6221251955242835,-4.670673114647901,-3.4125703793777737,null,null,null,1.2894731604567016
-4.008435111092058,-3.5620634705851857,-6.234047245657209,-6.358286859504123,-9.366732562111553,-8.098306194627806,-10.116434280870193,-6.447229510968482,-2.322462150681006,null,-5.392188141119522,null,null,-5.929393009477559,null,-8.876820407462837,null,-9.924765253913835,-13.119074390914722,-11.351149179777465,-12.394627911381164,-10.923946903263612,-13.258046586569327,null,null,null,null,-2.5069650755960744,-0.6733187592083233,-6.7091902153804925,-9.89211002476388,-9.137767032041085,-7.743543824331493,-10.208259559454135,-11.531323789740526,-12.10976511632416,-12.098972001651937,-10.441452652480997,-9.777834780689908,-8.750654457651148,-6.181222154339247,-4.803330264571256,null,null,0.7780198651907243
-1.169729927692253,-4.526837097990334,-3.634551491967148,-5.334275818505791,-5.997171897423948,-7.520060587854528,-8.386109559479658,-7.649096364479172,-5.445304832756655,-1.007715218250121,null,null,null,null,null,null,-2.928364839152243,null,-11.070394449320874,-12.653181471812143,-11.295979412246666,-11.364010727131388,-11.073241689929787,-7.332583365604903,null,-3.7829594663083834,-3.241520104671054,-3.296947028359872,-1.3875165269493226,-10.279133019955353,-10.44356015323749,-8.146252265860337,-9.514938810207898,-9.968915220961629,-12.067787225355696,-10.592507494733173,-12.737172809432906,-13.390523929506276,-11.76588072398102,-10.727316893401566,-10.305115037853929,-7.924466532359979,-5.712704510621922,-2.49348236929636,-3.2991759292924625
null,null,null,null,null,null,null,null,null,0.9759200520155958,null,null,null,null,null,null,-3.602360399925002,null,null,-11.384058594138853,-11.066943035710741,-11.468240884741572,-9.173575158116476,-9.318312200140367,-8.836726586353654,-5.153150637623139,-4.409275366154418,-5.69874843250602,-6.224445156565425,null,null,-3.883858799220918,-5.098557279932128,-8.736870262816428,-10.653617981163725,-8.964953321814509,-8.218923965552912,-11.092128154407487,-11.24415857347622,-12.123492787231545,-12.612796886458415,-11.732985425550202,-9.761177249278095,-7.524055682149059,-7.9248667344582735
