public/json/wind_2018-09-1517_950.json
{"header": { "discipline": 10, "disciplineName": "Oceanographic_products", "center": 0, "centerName": "Ocean Modeling and Observation Laboratory", "refTime": "2018-09-15T17:00:00.000Z", "significanceOfRT": 0, "significanceOfRTName": "Analysis", "parameterCategory": 0, "parameterCategoryName": "Currents", "parameterNumber": 2, "parameterNumberName": "U-component_of_wind", "parameterUnit": "m.s-1", "forecastTime": 0, "surface1Type": 160, "surface1TypeName": "Depth below sea level", "surface1Value": 15, "numberPoints": 4800, "shape": 0, "shapeName": "Earth spherical with radius = 6,367,470 m", "scanMode": 0, "nx": 80, "ny": 60, "lo1": 109.0, "la1": 20.0, "lo2": 116.89999999999955, "la2": 14.520000000000117, "dx": 0.09999999999999432, "dy": -0.10000000000000142 }, "data":
[rows 0 to 21 of 60, columns 0 to 48 of 80]
null,null,null,null,null,null,null,null,null,null,null,null,null,null,null,null,null,null,null,null,null,null,null,null,null,null,null,null,null,null,null,null,null,null,null,null,null,null,null,null,null,null,null,null,null,null,null,null,null
null,null,null,null,null,null,null,null,null,null,null,null,null,null,null,null,null,null,null,null,null,null,null,null,null,null,null,null,null,null,null,null,null,null,null,null,null,null,null,null,null,null,null,null,null,null,null,null,null
-0.12637668184584422,0.9808844243424907,1.874200179635906,1.9706064757634438,1.7718916264197984,2.4260141671463793,2.8423104758554745,3.230514614799228,3.4362888895127472,3.55412036495282,4.123946095489453,4.232558345263048,2.9269350247953243,1.7066462364441761,1.4249388412476498,1.5063807505839812,2.3025841507316764,3.5259639540456513,4.727119637441333,5.47411829163776,6.300752544039887,7.311212115784151,8.143324981727751,8.621416902315087,8.962095131352664,8.757595271718596,8.442927815502358,8.540824662661944,8.352785134408569,8.113386662871369,7.9460709317398095,7.912166208576165,7.870866342327484,8.125999494391742,8.121329687202516,7.120987771563399,4.987934815726972,3.772512112752953,3.3952245553063025,2.916197543349943,2.5447938638723953,3.034588181456159,3.7663680991082376,4.387876371927753,5.169694009811293,6.238367731706802,6.926896427603896,6.3579274539813575,5.004627915467926
-0.5652231847567045,0.9848301488155139,1.5419448392296868,1.5375915049830304,1.793235412636112,2.1195354910778517,2.293623635512374,1.7792106316723153,2.053440565209675,2.141819437152534,2.4971739852088763,3.698119012849696,3.162030824163989,2.897063774109503,2.4520581451457204,1.1770598876902123,0.7647214918218148,0.5765826930026122,0.6597967879568618,1.0136274411834958,1.4115585083697992,2.492763614359729,4.213736502925538,4.471915376319024,4.952566254018721,5.145543954046382,4.898886792433512,5.087880034953009,5.319163705719317,5.052748956591069,4.71365170421447,3.416596134866119,4.122584472791132,4.917676367506881,4.931156685174866,2.2992245991461657,0.7414576851190116,2.564780166294592,4.093236457818841,4.091938640459729,3.112483550689957,2.734379284847415,2.013245152691903,2.4376571168636136,3.572922252503931,3.2441448070898784,4.660265336114897,3.443731908677324,3.697344156657047
-1.1700525910795418,0.6897329619094087,1.0620214128408034,1.0850949307963509,1.5560306835270241,1.9095051248762207,1.2035217853537217,-0.3262455482886577,-2.9480536989570316,-5.027542649600304,-1.117389700457729,1.7558871803422693,3.54988228121262,2.411692669136649,1.9049165759331945,2.132734228646876,2.2293671630561356,0.9849907555229506,0.07117153833989047,0.1994193303971473,0.4295003499393544,2.016230955216153,3.2733361366298612,4.074187654524945,4.116392159386478,4.7154186561356495,4.522648728824282,4.697241442133961,3.280856942863539,2.806127167456537,2.481717903834036,1.5809849738895911,1.7688809538446757,2.5663745705929393,2.2446824774599152,1.1578938305768776,0.4226140831149522,0.7561782667111863,-0.17903698171176605,0.45628710960525476,1.8299912557883917,0.7232501585059483,1.1321288704826806,2.097404259170118,2.429444106535326,2.990985622111653,4.165952933854641,2.945094958112451,3.369429727859898
-1.4582608157717372,-0.23406602267627052,0.0741850728223034,0.4275204946178912,1.047433279918948,0.9632068085922679,0.2943789197125639,-1.1327166362524221,-2.7854704404200543,-2.7602567781051364,-2.8634310592185055,-1.4940785792551836,1.9322069899046306,1.336680975751282,1.2913683605777422,1.0467907569839818,2.355502473938213,2.9020450169116723,1.8172530841652463,0.44683891662117936,0.7143306675080421,0.9104758529429431,1.7907608440590956,3.145831201620826,3.432402648248224,3.22408747806523,3.049361089002033,2.1062528174380026,1.8146206789640342,2.311382020711751,2.735480356743098,2.386098174319755,0.5921320692823073,-0.2874830013021013,-0.20271107420410459,-0.7961065084856326,0.7679142474983638,0.9494767951422789,0.47897647618909034,0.6361677332069995,1.8993487075315705,0.27304682993094176,-0.4217867269507593,0.1550515186499304,1.122885334572388,2.063630954182357,3.872080625537189,3.381619103765463,3.4064822961476344
-1.62039690779713,-0.8417937110475976,-0.46152380435661494,0.05114018503801987,0.7321031097793103,0.5552915191923307,0.5305125970262312,-0.2227989711571271,-2.044423313015302,-1.6384975785655114,-1.2257721892261704,-2.4132003700448648,-1.3392959014976096,0.038315123821836175,0.4716678238097298,0.2602664137419238,0.85943359869247,1.9728776524048943,2.1501255727647757,1.4014206185536238,0.7092256585850949,1.0723307204771475,1.3300714019090092,2.121285960875019,2.4193530001899464,1.5716926255672896,1.212279660010262,1.1273901623960327,-0.30379165423331195,-1.401788202627986,0.08021788935739944,-0.33137210971083303,1.0818755556252095,-0.41930066648179476,-3.771620769456291,-2.133046828232644,-1.805091639824445,-2.0379440463072043,-0.5434388230453436,-0.6311881242376076,-0.8738642219023904,-0.10315593102224727,0.1145790696865791,-1.1265288177463753,1.3964621876657082,1.147856478460176,3.1053019904685133,3.056044099314102,2.8345893289215573
-2.085760313504223,-1.6848224458093721,-1.3112292883283607,-0.8554941209087514,-0.32475253285674666,0.09302441732667958,0.5130199495119774,-0.04563416589225623,-2.099829102593139,-4.384297357384524,-3.970823648234038,-3.7709942059633423,-2.2384985439201133,-1.180048526191618,0.07486412985126195,0.15787191325243394,0.5166449391572965,0.8402702393462298,1.1251971595835957,1.1324659761679294,0.4946877726358463,0.5238239718832007,1.3869046743972502,1.932302187996269,1.6866566946512072,0.9061672873806169,-0.15932801471489827,0.4476573674595561,0.6110295308404268,-0.9895381666128553,-1.3849489638962449,-4.509935926139818,-3.4855582130180403,-0.11677453618159249,-0.2057593354033339,-0.20364114135904898,-1.1300804786719585,-2.019887618936063,-2.682711601273761,-1.978524874797,-2.306234930325539,-1.4825047839242644,-0.3040462093202432,0.02172395450488067,1.475409862065809,0.4238003836417754,2.244948425221216,2.450855121515051,2.214906409920274
-2.575458268325234,-2.77154607413018,-2.373752111984109,-2.5074795309578253,-2.357808624824131,-1.3839015055146913,-0.3416769369310493,-0.6911787520705301,-2.9698140996341795,-4.290933656196837,-5.906968357919572,-5.139651708681293,-4.157497907747194,-3.616349174309861,-2.550212276109817,-1.8203006120814191,0.10745594336079024,0.04124435500655709,0.6597568650026269,0.5163685246078797,0.8509236651651094,0.29621356267339777,1.1700124327458943,1.9141751527817135,1.8882932737576938,1.3065647855606657,0.8542455927654199,-0.3079819478219511,-2.0539565195555456,-2.504620992389044,-4.041942397623855,-4.921415570400651,-5.0957163138142505,-4.490601862109337,-2.4422591753294918,-0.10002438339938208,-1.4225280711112398,-2.948746494534787,-3.024871456582341,-2.7788651214839204,-2.995183066746994,-1.5640839682462733,-0.009111801342935292,0.13927549278807055,-1.2578820153422252,2.0300140839018694,1.0223284034386102,2.1229207092976283,2.122814473730585
-2.8918279488712555,-2.7781936176167488,-2.168828912008816,-2.532632852520492,-2.9252846302737825,-2.6717982694108953,-1.926487644887585,-1.5996139719430271,-3.9545729296621515,-4.758633840355878,-5.753100136909945,-5.219517894764166,-4.8492254611098025,-4.006346817410741,-3.2033419050281897,-2.0106826653058785,-1.3494162036624557,-0.11891119817601878,0.670578435798304,1.2077733976030123,1.1310997791050048,0.5543584625658272,0.22304168412547185,-0.5683829808855042,-0.6293815097349498,0.24123300343019943,0.6841957356904506,-1.3230921903028516,-1.8607566132174989,-1.3968286092588245,-1.9371274873105468,-5.909419857656669,-3.4617239171432495,-5.693098733922837,-4.143197831701902,-1.8222975824557368,-1.234088171598193,-1.761419668996457,-2.5182574594398925,-2.6703915100765503,-3.30798395662148,-2.4456932799918483,-2.565699146284636,-1.8274737511695314,-0.33605749374087857,0.6976755024997661,0.7171541254197114,1.646341322582833,1.614568152165913
-3.447659402837186,-3.019292223461611,-2.2338606753942365,-2.9398599925149878,-3.0276016503279917,-2.5866449451095948,-2.2550530386078234,-1.5078460434348102,-3.890180891451183,-5.447755735411141,-5.026631686336835,-4.639814791901601,-5.0727838408619785,-4.266982330645698,-3.2146836132451586,-1.9555631104774025,-1.6277437037631977,-1.0270800544960677,0.6239601883140801,1.3623845459573334,1.0259992067289667,0.726452237148667,-0.40571483877301107,-0.07415186083534728,-0.9603548536601227,-2.4422857719071933,-2.7394330731541108,-4.116860187544361,-5.7729138106730655,-4.980339139970956,-2.5091209946974073,-3.9890800103790385,-6.277692095221006,-4.664514829057756,-3.456854415408115,-1.9942009664675986,-1.2282699649913698,-1.7383190199848246,-2.4616631299190312,-4.107688890215513,-5.501865599751335,-4.2189433968211505,-3.6679875534471185,-2.784105640619151,-2.154288696655286,-0.900587959675745,0.6261162074382521,0.8965951407070902,1.5095118767316091
-4.051828080452848,-3.807555936017691,-3.0726635297826626,-3.6051902567667993,-3.9318852946127096,-3.2765514132751896,-2.5465054195055847,-1.4801660984946128,-2.772979600283255,-4.591229627618408,-4.738703052242583,-4.379966291536548,-4.877683791543292,-4.8627999414562595,-4.294397848295122,-2.622858256971276,-1.662038571804302,-0.8853447547402945,0.1328334517747483,0.7390318095661482,0.9790075855592637,0.09277466588989967,-0.7924304570535758,-1.8082769875300353,-1.5405151714381677,-3.4752677983789058,-4.512506903022547,-6.157139603532832,-8.008340490294122,-7.263253891682791,-5.712089601451254,-6.074178142501942,-5.68245751403337,-4.954784291856252,-3.6419161076550526,-3.296578290976277,-2.529820168447113,-1.5841364578263226,-1.658014238691736,-1.730924123597036,-3.8741755572143086,-4.600501660995103,-4.125538445081283,-2.4926831832809713,-2.657827116190251,-1.9480157513809695,-0.40459699601390664,0.6205731482784104,1.7465462338093132
-4.882958425208292,-4.6335727260029405,-3.9434240278612642,-4.17127863286276,-3.9458016225666652,-3.835247159332287,-3.793035042965488,-2.469965110044885,-1.2555102253279695,-2.552906181522555,-4.170017564883004,-4.338969623344216,-4.532672701843115,-5.255541255181784,-4.947203735442376,-4.073894972530391,-3.05836930467603,-1.0849459527328589,1.1854958304461936,0.5005337499470623,-0.005959957997854939,-0.5819202191766965,-1.367153300558292,-3.255707045259896,-3.831232690971714,-4.189914503781853,-5.754204326404307,-5.736114258571605,-4.843811203862346,-6.323630454673821,-5.895187601312559,-6.509229311978811,-5.985868509732202,-4.6174835241702095,-3.6420077159548954,-2.675766599806542,-2.906082825072948,-2.9153476052516516,-2.6087594323340655,-1.8834848854265387,-2.536085284731436,-2.1222732772457205,-2.4993016329565285,-2.2649114466122375,-2.200946479729951,-2.2194569483388404,-1.740354358560865,0.2201018172410929,1.3922741537444028
-5.64344605717812,-5.561972227759844,-5.461478822141364,-4.242994979789664,-4.520893556389866,-4.930823762896226,-5.284170530344007,-5.133322957608417,-2.9136566170973297,-1.2633352187734403,-3.701365608045309,-5.07593179753121,-6.001224897262051,-6.031057191585233,-5.517560907988925,-5.244473111637703,-3.5955953701904746,-1.567902610077037,-1.3275488902139048,-0.11136055925200586,0.14483518056533254,-1.475232143728973,-3.022654085841686,-5.250270917370404,-4.530115629313174,-4.285231397553926,-5.282140581877408,-5.709769039755582,-4.706194377436732,-3.0600506058346006,-3.0021840758297405,-4.211238632159392,-4.6742455564577226,-4.587528913625247,-3.4076268745594613,-3.151748460305623,-3.4811770991633093,-3.8698281146397417,-3.948712628257741,-4.07678533718912,-3.976654404702689,-3.9713228158048417,-3.0331478558154346,-2.138317642657575,-1.4155480874916715,-2.4151211899400167,-1.675377467813164,-0.9478388421721375,-0.1482411675705571
-7.500899862784754,-7.5487995314537395,-7.484564820324552,-7.113156576807765,-6.848727655855768,-7.184076891205571,-6.80841914291889,-7.644461762999268,-6.786967279926931,-5.234414648517931,-5.4314340616323085,-7.051964075297597,-6.4531602157672845,-6.383356209707018,-6.264354690059233,-5.983801252737984,-5.11892416653648,-1.9617538154193095,-0.3373522463743775,-0.845346448047188,0.462382942661298,-0.3168255214685679,-1.76766976735337,-3.534303756056636,-3.2293679632083894,-3.578030562654591,-3.893448345859638,-3.1749121235845497,-4.385258430519689,-4.298702445193845,-3.2669863012855225,-2.194476048279377,-1.7948646854734833,-1.8749010769376089,-2.946289478541506,-3.5244395026658895,-4.2588509642747265,-5.207940152435038,-6.299671949011735,-5.879395410269745,-4.8784695398497036,-3.3924730766723177,-3.6598621827300217,-2.6920857739632327,-2.341904970797671,-2.10034424239553,-2.7047083803720895,-1.2934407964895382,-0.6665506981462452
-8.805175276722263,-9.55729674366276,-9.230040531668513,-8.319396824853488,-8.555980059353175,-8.293996975645506,-8.61792928633956,-8.466878959583209,-8.46117507513566,-8.350274609935791,-8.284001012926879,-8.51231938797356,-7.745350916548481,-7.398144372534235,-7.321484654073133,-6.861596655271006,-6.153611155310326,-4.646069318412428,-0.9069311526743128,-0.8538653989941375,-0.19068761848860427,-0.8701001128494988,-0.4592143232856054,-3.0203590582527844,-3.901077347518682,-3.218785614782613,-3.204006498305642,-4.581944685739639,-2.326272173170696,-3.403469228721846,-4.000261327361853,-3.0025103279909415,-3.3920709535298528,-3.6003225257297613,-1.8892051350072132,-1.6821275513402845,-2.8352435408043366,-3.0135717700781464,-4.359263588148522,-5.988285321266723,-5.575946848960805,-3.874929695382354,-3.906576672071702,-3.315065317036461,-3.2497071565447824,-3.661393476697092,-4.184643197250713,-2.3154564338537744,-0.3432883840593171
-10.078458582236362,-10.757472969324063,-11.144142922323955,-10.371390981821817,-9.461926252818929,-9.464865049187312,-9.206084228821158,-8.811474504149036,-8.312571199522027,-8.58262717131587,-8.079762670323461,-8.104162640202631,-7.903783791381997,-6.646939314234805,-7.295137945361851,-7.3788100263550005,-7.003862166849907,-6.045189671213038,-4.018952121544938,-0.7141790399622416,-0.08524443043265431,-3.7558347613582264,-1.1020994987629418,-1.6493333356718287,-4.583836759491925,-4.2187564070773,-4.269341711230453,-2.3570996951330203,-2.4326212931546713,-3.1334860619370817,-4.133248348280096,-5.678716139663004,-5.676857249990743,-6.8635089906180955,-4.391993857183727,-3.1933397680304787,-3.4431574026193528,-3.408151541908184,-2.9531022143690593,-7.074321251928331,-4.804421998803016,-4.282474199097934,-3.6915760411531418,-4.146717696926562,-4.528679838884232,-3.9361102838366566,-3.8881611701729497,-4.653356334983405,-2.1810049527769637
-9.716104619707387,-8.721932226251885,-9.642730086429431,-10.022215973726057,-9.467282063198441,-8.45189561146833,-9.145903438583748,-7.827198323082984,-8.565136519553548,-8.229849940239209,-7.361475888981828,-6.62469391507029,-7.300705520963708,-6.714136186415416,-7.739681349860155,-7.117575581005995,-6.830908656809116,-6.215043355186072,-5.65635545176989,-4.012399485193679,-1.8079044369297266,null,-2.028945545745061,-1.0019283909077776,null,-2.7161352977963045,-3.5366818546184793,-3.170821986431252,-1.9846292425486756,-2.6045549737788374,-6.1435800484290315,-7.610342204293809,-5.520001852503394,-3.46256287415875,-6.3113848851963255,-6.237072113759952,-6.017517706269396,-5.293044901880878,-4.4302102009700555,-6.369966794077428,-7.811186313956772,-6.217987812139955,-3.826392670528557,-5.1890532218942695,-7.2466894853319825,-7.099404947020114,-4.126953908207311,-4.438161212010695,-5.733578649906608
-9.059555718141803,-6.550041284174947,-6.411698267422078,-7.523186476098354,-8.307736412403088,-7.864347231431968,-6.551428994393225,-7.706924727272887,-6.9592857753740125,-7.121929306679779,-7.388792415360519,-6.910530856636811,-6.79721799890442,-6.645474492814376,-7.143429754408716,-6.802456131636383,-7.057523191914831,-6.332933708797211,-5.4273248525157545,-4.782856199145474,-2.663515957313884,null,-5.769482312152502,-3.9179394215890686,null,null,-1.5962899090537448,-3.0740221003055908,-3.1646759580610366,-3.214113123687259,-6.9293647896965815,-6.860479761665935,-7.023698840920421,-6.728771917697339,-7.003795883770993,-4.429830730182652,-4.778332594259459,-6.538835364972201,-6.038191188387409,-3.0439342903730724,-9.501021917285778,-7.3462932117300435,-4.392139263478015,-5.54661906869227,-6.533073544934039,-9.8006055860365,-8.484563958645207,-5.746826743846665,-5.959138480360522
-7.878049345315798,-7.911028538523914,-6.812202361164157,-6.956895028986578,-7.650906539986368,-7.937912729242577,-8.28095346131654,-8.211352933725918,-8.193622302400897,-7.0924578623877395,-7.557492831034779,-7.543167564030384,-7.334745586557991,-7.216508780549011,-7.186681459589634,-7.603818010421927,-7.00259042630902,-6.380132377705631,-5.683704477674316,-5.405637837306116,-4.838428952518454,null,null,null,-2.449451167657549,-0.7340438473087956,-0.537161726953905,-2.519232803734564,-4.182474124003314,-4.351789678053238,-1.7629424983834965,-7.749605232868727,-8.278301701550403,-5.486960606587301,-7.15154784115137,-7.716980846274046,-5.913955405863371,-5.363831610744766,-5.5617012307971345,-9.64328767073664,-10.04106483321498,-9.233342834529047,-6.066807801103482,-6.469348034878705,-8.511217555822514,-9.23424448474766,-8.86995167820686,-8.570675225580484,-9.052329622169147
-9.101503359922626,-8.868843691537792,-8.630961710942394,-8.47721517378173,-8.345984912031675,-8.581448368514835,-8.121839427009528,-9.996074264742763,-8.880653314230116,-8.445211438651492,-7.616059076987483,-7.925565444790051,-8.115502990985899,-7.427302676789585,-7.430315054296204,-8.759906890656335,-7.558877319246529,-6.686311951430393,-6.155311426766966,-5.340063703701897,-4.450878990438952,-2.0768666461497762,-1.104391625687331,-3.91727515489689,-4.821443466186602,-1.4886107618423856,-3.942305706875367,-1.6448728584386565,-1.5856568241236966,-3.871175084463638,-4.368329102031259,-5.1266409146994105,-9.353722374891415,-6.670070755615774,-8.479649273680451,-4.3775011403329325,-6.827297813178464,-7.039633735115168,-6.423323123705302,-5.6501023160686845,-10.185332168566456,-8.952324813002756,-7.761963364834151,-5.508409498422196,-9.94670777805149,-9.01388861832682,-9.11958166886504,-7.3318032647646785,-9.609939175454809
-9.247892333625368,-9.741942185304103,-9.257083171452607,-9.21554267188851,-7.56762388506833,-9.401781885261993,-8.769054450270868,null,-8.016288196100762,-9.255385066005152,-8.482302900123353,-6.171898856393072,-7.551974768376272,-7.990878268418456,-8.228135047202988,-7.2026677040216125,-7.3986814436018395,-6.464423642990817,-6.0077039858820545,-4.504046621129995,-3.26521667860745,-2.4306311583222335,null,null,null,null,null,-3.830090719321618,-3.676097836590636,-3.2376701015477756,-3.9810034840948703,-3.57427464463046,-3.1943180519258774,-6.598856466342465,-6.707773699974177,-7.599296506903563,-8.376297979549914,-7.3113897666836785,-7.324646657362803,-6.07762071125836,null,-6.19719734673274,-4.872357045979684,-5.654772896669924,-9.161008126986562,-9.16316804245341,-11.152285320401678,-10.925620669136396,-7.82414444482757
