public/json/wind_2018-09-1611_850.json
{"header": { "discipline": 10, "disciplineName": "Oceanographic_products", "center": 0, "centerName": "Ocean Modeling and Observation Laboratory", "refTime": "2018-09-16T11:00:00.000Z", "significanceOfRT": 0, "significanceOfRTName": "Analysis", "parameterCategory": 0, "parameterCategoryName": "Currents", "parameterNumber": 2, "parameterNumberName": "U-component_of_wind", "parameterUnit": "m.s-1", "forecastTime": 0, "surface1Type": 160, "surface1TypeName": "Depth below sea level", "surface1Value": 15, "numberPoints": 4800, "shape": 0, "shapeName": "Earth spherical with radius = 6,367,470 m", "scanMode": 0, "nx": 80, "ny": 60, "lo1": 109.0, "la1": 20.0, "lo2": 116.89999999999955, "la2": 14.520000000000117, "dx": 0.09999999999999432, "dy": -0.10000000000000142 }, "data":
[rows 19 to 37 of 60, columns 0 to 41 of 80]
-6.172559978641886,-5.365991960717701,-4.9832455005978,-5.321860296291123,-8.007150123311026,-7.2498477810737425,-6.977676328847141,-7.399025438538035,-8.518909573715652,-6.639863936561623,-6.2139381350164635,-6.156558707323285,-7.106926497133604,-4.403886744002859,-3.418059579239534,-1.17113108861371,-2.297915270034215,0.3975328882478283,-1.109749664351662,-0.012787468978372935,-0.35581435710614856,2.9723847875416163,-2.0341499927003257,-12.274900036676092,-18.506717309493062,-13.366254972585,-14.788058947361641,-11.809325213844794,-10.755249368450606,-11.971893529860713,-13.542666970422282,-10.477958947557758,-9.974214666650871,-11.846537014769606,-14.496366168822671,-14.941440271582803,-14.951931497653804,-16.011006929336368,-18.819382131292375,-17.56698799311468,-16.136283535999006,-10.747936074337051
-6.990755023545985,-5.883007389368925,-6.434311609019696,-7.031706358531318,-8.692502502973309,-7.478377519188321,-8.047806906127242,-10.18625058254521,-11.739529979405342,-10.005377905993987,-6.0423773557126115,-6.168305285743774,-7.735334021770668,-4.26594233117812,-6.020435263599392,-2.634064237464511,-4.311011553168209,-1.57546329125911,-5.150357581694225,-4.072566590516262,-4.382654627774157,-7.8185823479344885,-14.395106203241978,-17.340226219768237,-17.684107450046838,-19.901724411859565,-16.408823131319625,-19.71863924728826,-19.43702940491842,-18.39029696903959,-20.15714046762095,-18.612879839125714,-18.33436189885336,-20.246556006792922,-19.20059560708559,-20.154522280479235,-22.148236241690093,-22.348081278592637,-20.64478493922504,-19.535581747267376,-17.01086380108648,-15.44102220042647
-7.281237306726709,-6.821658282239602,-7.45083742263408,-8.303935804675035,-6.154030248530369,-8.439575504063994,-9.43159158170154,-5.656975341822945,-10.01001509482262,-10.43458382434674,-9.475248157709542,-6.534661392661025,-8.412212722114207,-5.0686640695600005,-7.008373246030523,-4.262335895883201,-6.365790871645065,-5.281392273575855,-9.896599355116113,-9.654123734979567,-8.046334665076849,-10.925895808965265,-14.744504402653089,-13.559335003778108,-11.857870784214471,-16.299586508500195,-23.49564373426571,-24.46192552145834,-23.655887033185074,-25.486571621898456,-30.281312010722086,-26.701665466422565,-27.311188545793012,-25.012895047318523,-25.27290003475938,-25.268750651006965,-24.200769331573085,-27.63503551235651,-25.162989717463788,-24.09849037834354,-17.7433428298202,-19.794391369081
-8.495447355492479,-8.617988163252335,-7.946892708838976,-7.504223453411164,-8.594178451145462,-9.872292568986541,-8.719819420688408,-6.524958472318866,-10.63948278026422,-10.628476187229884,-11.59850238807089,-7.333905420879019,-5.618842780763956,-1.8672644008416908,-2.017049953792602,-6.032137526179081,-7.50262496005228,-11.506214224031222,-12.975957547355904,-14.7183234689904,-11.566859195051446,-11.229985280429222,-6.332816388085527,-8.351411559545728,-10.89092247923428,-21.181382683687772,-29.61631712169361,-29.500233917656782,-31.37836809523242,-33.9585883717593,-36.39778100827024,-34.760237729914515,-32.81274387750537,-30.45680831123629,-28.484230383618247,-29.792814518376204,-27.773377738234075,-25.100414599552415,-22.098968932299925,-24.17421637343743,-23.171322895489823,-23.247469440767386
-7.992516626089824,-9.095766864878714,-9.203578435256679,-9.355099529050223,-8.107592807585542,-12.123721933003983,-7.37904305904693,-5.898648134797217,-7.595595411720613,-11.246995849622303,-12.12423804652557,-9.511316603749986,-8.877179002450859,-9.890623856633578,-10.643869663978686,-7.171914655115005,-11.591631429207315,-12.698790717553475,-10.489078208724575,-14.1698739047313,-14.362710116282287,-11.395889249577872,-12.775084777663416,-17.734579153395476,-31.385673609555205,-37.766055484946015,-35.049915257557736,-35.34691714625173,-34.96232227929608,-37.12668016638509,-39.766706314249376,-38.07969062019168,-37.26184887599384,-35.01482414182425,-32.131439118985995,-31.5346234505648,-30.971567030931922,-28.80120851593198,-26.88408480168949,-29.9187463294843,-29.633516010263236,-28.016035213288177
-9.9331778036501,-9.815425302672333,-9.707210835816246,-9.59413780171105,-11.109231611881047,-8.086325161260183,-10.150536598804914,-9.556805881008582,-6.6518622465162585,-8.084256615149865,-12.48749560874935,-11.887924356825561,-11.559744457611025,-12.137317071685267,-13.304033237677748,-11.949163560752043,-9.848577837306813,-9.321290844392434,-12.445338923306723,-18.154215367013247,-13.689754702037934,-15.617812378121371,-20.09612199487507,-25.601035463639725,-32.555889054246734,-33.72359760800688,-36.455805535676,-36.15819118317186,-38.372221611353,-39.07702562500834,-39.802004715864975,-39.13618548004049,-37.26934521266016,-35.70560945669371,-34.34214689614433,-32.61901832065285,-32.48196925891442,-28.97237790036997,-30.53861707310645,-27.39476587832392,-29.667344974332323,-29.22990943514283
-11.532144307602948,-10.66502286515068,-10.798057828369485,-10.571439423618042,-11.116142621893713,-13.66755050090305,-12.9598531034477,-14.513547118741418,-11.871498970729945,-9.4602356759477,-15.355503192921862,-12.034484399897211,-14.027670844969165,-17.97687133171457,-18.45981746416384,-16.50076539439923,-9.229910021988678,-14.482351895721585,-16.922596682374003,-13.598942456011928,-17.564378158413135,-18.84483536922774,-19.27905154332969,-23.769612097543842,-29.08201230288563,-32.93681602338945,-38.193751519572146,-38.05484555153182,-38.8876057181799,-40.128167190528366,-37.79672047147089,-39.56467984208929,-37.88517107885685,-37.17640024724018,-34.125834413097,-33.595871302126746,-32.73577923863645,-38.86959283470515,-36.817948919452384,-36.41371380827959,-31.772453138664932,-31.507009210688324
-12.329285510394618,-11.515656576996015,-11.59852654149391,-12.05512649199135,-15.342188683107919,-15.564946573157979,-16.554183531464982,-14.304650315042124,-16.051914298730214,-15.92398059446625,-17.426615753685002,-14.326576162912694,-19.629256220286308,-21.92303686695844,-21.83322660549706,-20.529036843452943,-17.276798734616683,-18.643575913617347,-13.43893699732564,-13.038109729333762,-24.040393967613994,-20.06734080423619,-24.880232284671315,-29.747334928154814,-35.1029803450233,-31.51794110670471,-33.21206046831506,-37.071586900167105,-40.73599062354262,-43.472792630967305,-44.66487014978743,-40.440162424733785,-37.77782668768731,-38.058373528997805,-40.407626244338786,-39.32216313155257,-38.73886024793089,-38.52569540885292,-37.931935448614716,-35.221745534937114,-33.71460062749985,-27.706314512582846
-12.937731526485829,-12.349792646559413,-11.696867092123416,-14.18360044216384,-16.062693078536654,-17.168104692975426,-17.86795987991442,-18.058912966868522,-17.305970848784945,-17.330162819281576,-18.50802261373259,-17.45014323759899,-17.43601209276289,-20.58634554356174,-24.14814868899139,-25.065292393875826,-17.041775766862134,-22.827938410840094,-21.386195711389703,-18.704156045869684,-18.340642721593344,-27.09443475281372,-23.414248782052304,-28.573010250448604,-36.848823830424315,-41.25429488925955,-41.371710931831366,-44.21601152596811,-43.58482951644723,-44.5878721151899,-44.50602817015319,-42.238037913654985,-41.35261086877671,-38.51733319558706,-42.39718362365818,-42.0434146205568,-42.12509938616615,-38.736310092487166,-34.15045155771554,-36.02014946016379,-29.77466900251933,-33.51196816835384
-13.274249802024295,-12.596865225640963,-13.19277841109838,-15.966615528865917,-17.222020323912446,-18.76203565050461,-20.160457958438112,-19.675113140347193,-20.44902282996312,-20.564153767960185,-19.56673322803701,-19.118361674779848,-10.47793689152074,-11.823441685453956,-10.28200862539946,-22.147980663133623,-21.810795806731452,-17.153927482117417,-26.717790537415,-24.332735228708607,-23.605979886461288,-33.551772943922614,-30.25313802246337,-34.95845840111575,-31.138649536866268,-40.529530996188576,-42.78979658483192,-44.461264586004056,-46.567779172231376,-43.79195128124699,-43.025550697585764,-39.34917801207477,-40.81621818380418,-45.80629151549597,-44.038074139820004,-41.81099747965851,-40.84344634037603,-38.942088247371785,-38.866946590667446,-35.1029897291622,-34.8901748768762,-30.887752137038426
-13.242218164022153,-12.500147843123866,-13.282161884931934,-11.686171391170719,-16.82790719630351,-19.373457544367007,-21.210777802431856,-21.081905118656632,-22.230885396721572,-21.742602637952256,-21.417197809181822,-21.00151904116971,-20.61018584777031,-18.57676465439267,-20.47117585071914,-20.43965178588966,-25.974091370427296,-23.136768554195456,-26.409798769934454,-25.872231409459136,-27.902247126614967,-23.474152946579157,-35.09575043457178,-30.579733051902167,-31.60323449735025,-32.83752480124005,-31.50627186481231,-41.488282542328434,-44.80010298217921,-38.547545751756914,-42.47252542230462,-46.890835726905195,-48.40291641449576,-46.55869415855919,-44.42791584865485,-41.591724190373725,-40.497885995860976,-38.872578453149906,-38.01068198947317,-31.8437773656823,-34.46041089121012,-35.94234247584906
-12.944043428409241,-12.955674235685457,-11.78397992434518,-12.4114358753987,-15.834154087981066,-19.862757510907745,-21.025225219675573,-22.875500049783057,-24.040512304669004,-22.952576470246342,-24.12518760131669,-24.597878793386556,-24.824418949740778,-23.459645101184616,-25.369822379203903,-24.200428426033614,-25.666140530366917,-28.67400694406781,-26.346944845333713,-29.254453621472457,-28.99011974241437,-31.377831468596124,-27.16390168634928,-33.66562945001565,-33.54946084481587,-35.05272477752261,-35.38651082369039,-37.8471607854027,-38.44734496272665,-36.00553176139331,-45.352723382540304,-43.54581752305599,-40.893294292318025,-39.34137858935462,-41.831223028358906,-42.70464202140452,-39.854242254418104,-37.174345480464424,-33.00338185339186,-33.37032051502863,-35.11795537129671,-33.61501754460713
-14.23885373443991,-14.711053558826373,-13.847264375279524,-14.171905212104164,-16.60029373307851,-13.984107101781186,-16.50220468421606,-23.908151358254543,-23.957122822241207,-24.03919109113123,-25.703536393515634,-26.343696447652235,-23.61472730742053,-24.67289300206221,-23.074156605351845,-26.439110071781077,-26.467714515122907,-28.661274999103416,-30.45585170493451,-29.439685310920723,-31.04881872856737,-32.06973459682553,-32.586871131632996,-33.969399544046944,-33.682623697934716,-38.53283309706955,-44.302161347803484,-44.72116239593717,-44.64561461423689,-48.65339549227144,-45.45221276114494,-41.2286931597242,-41.12246227928792,-41.39317872062043,-44.97401212683888,-39.620830696887744,-39.14805295409184,-37.36732647082024,-38.685542872208806,-36.145463339703355,-33.74995751298142,-33.9725122589107
-14.208402446169522,-15.47633231928202,-14.599412534816999,-15.188832026277616,-16.984931594880994,-18.165175278079715,-20.302102990068704,-19.634387459937418,-24.558131735994614,-25.659082224256682,-27.34646342946297,-25.724971648283407,-25.13596344118051,-25.01300983082223,-25.442933472600984,-25.345862602689994,-27.27473293422543,-29.307281572484552,-31.876978302389304,-34.22318952280458,-34.30694920351147,-36.15320141639238,-36.47033302577253,-35.891039585016536,-38.21083276268487,-40.36700944206447,-41.061261339390164,-43.5971251280909,-46.26274827989552,-45.789022980366965,-44.838261977160705,-46.72501771114705,-44.70947213726968,-42.31368613876273,-41.433621295178774,-40.44637063853691,-41.21272586014172,-39.904051872457835,-40.8712975572647,-38.713583424330004,-36.533506720484496,-35.21527407943599
-13.662724763596461,-16.29618989660067,-14.683668073701512,-15.878863530741617,-17.230454347187226,-17.263490874263283,-18.90128317679915,-19.77587594300081,-20.465905911351363,-23.802787148868067,-21.74108212257099,-24.309121766914938,-25.349758585489656,-25.623124701868175,-26.515411680221206,-28.287388562784777,-28.859167023845863,-29.017008411374587,-31.597407657608052,-34.643091636862664,-35.30288204061576,-37.29562075185418,-36.47022200364796,-38.63982226531754,-38.56688519714737,-35.86003079291388,-39.73129885396084,-39.919522724368484,-38.53256118665051,-39.17065349429714,-42.313597511426615,-42.94565156855452,-45.77417775637381,-41.98245978137997,-35.81810696474979,-37.86986357998053,-38.73031439210923,-37.637411819547616,-36.818643516126166,-40.04680911355391,-37.59167946926477,-35.95622769128139
-14.055927362717902,-15.823833468223762,-15.600604690736562,-15.523154182152295,-17.065440284415203,-17.53428169495543,-17.486888175590394,-21.33601595581821,-22.217007128047847,-23.588886145391843,-23.386329567335093,-24.917823074591563,-26.638991444414103,-27.235453675356183,-28.57430661895788,-29.96546329099013,-30.302950142724413,-29.625495051920968,-32.45693560520414,-32.36874312747985,-33.71052044459241,-34.144734998408516,-35.809228538581294,-38.00512833055063,-40.116616602582596,-40.28299999351761,-38.776465401548094,-35.892104245267824,-41.57844217435007,-43.354653346752926,-36.895775281157924,-39.125115766419235,-40.70655417941242,-40.589036940663284,-42.75805025242307,-44.72450793175409,-42.72482597557304,-40.07400740671104,-42.06398434588545,-38.817740994592846,-35.39420264665109,-36.900686682029935
-14.743957593780237,-14.850410857938295,-16.520979618471557,-16.326543642843678,-16.56297040388432,-17.046240508790603,-16.301955105901964,-19.206371703271337,-25.64456094097064,-26.628229830719178,-19.719762033814526,-25.830567097829174,-29.57893223901277,-29.470696876674523,-29.985822017388323,-28.611567678835158,-28.16096528417679,-28.709592450494878,-30.637516615953622,-30.04625068036049,-29.17497594661901,-35.13408240026574,-38.1820377676711,-38.95312974550044,-37.276460201047584,-33.832222026218474,-38.58125002455162,-39.19132394475966,-37.30450393369592,-39.854003015948926,-39.64671932276417,-41.310134712269814,-43.49081179737378,-40.528160502756286,-40.68274338775399,-43.42066595291313,-42.978801944922594,-41.46681871337652,-41.37877825880375,-37.45241233882147,-35.44959907768629,-33.41441287495659
-17.24031980632381,-16.699284602665244,-16.95754671823367,-16.71795015982771,-17.46760030571981,-18.3584978957294,-18.07868895044026,-20.143379055421107,-19.585294751213638,-17.101353500702594,-25.4581725919819,-26.464481813770288,-23.739840124969476,-29.03556197379944,-25.549397066459157,-26.179518234119183,-26.476165534963,-26.720222239587173,-27.47240682713786,-27.57738078943035,-30.13635341132708,-33.1080022687143,-36.858697751069904,-34.84640619675775,-35.26533826884059,-35.603727148168055,-39.764341476219045,-40.504099656974816,-41.136479600391056,-41.13280951900948,-38.982502324698864,-37.85485412776241,-38.94064807451204,-40.93171013507714,-43.837851905091455,-42.007942046095316,-40.055574521382766,-41.699953060814686,-41.6268418657792,-37.048364397094524,-35.35728915268187,-34.79164556390171
-16.681096764197317,-16.039923435210465,-17.743012209074397,-16.516440854036546,-17.646753923079622,-19.06281351145654,-19.66249865960538,-19.606861903003416,-18.804576091270885,-16.013420088535504,-13.837336953121863,-25.13149817046117,-27.25453854694717,-21.574533991288373,-27.37300151882831,-28.47655169492484,-25.657004192363033,-25.939365828046586,-26.890160466498784,-27.181020898561293,-29.33858857329363,-34.5432818616692,-31.057627902053216,-33.039216820083325,-34.5679999707707,-37.62651660751115,-39.86821814755195,-37.945287130261,-41.3460807368323,-43.60067160224993,-38.43043430211055,-38.06353330677595,-41.51728933905994,-44.36661888067056,-41.664673238405136,-42.62179141030664,-39.92194182346152,-37.60103526465471,-39.10332881428837,-39.14804301896609,-37.7051256043557,-34.853439545470096
