public/json/wind_2018-09-1605_950.json
{"header": { "discipline": 10, "disciplineName": "Oceanographic_products", "center": 0, "centerName": "Ocean Modeling and Observation Laboratory", "refTime": "2018-09-16T05:00:00.000Z", "significanceOfRT": 0, "significanceOfRTName": "Analysis", "parameterCategory": 0, "parameterCategoryName": "Currents", "parameterNumber": 2, "parameterNumberName": "U-component_of_wind", "parameterUnit": "m.s-1", "forecastTime": 0, "surface1Type": 160, "surface1TypeName": "Depth below sea level", "surface1Value": 15, "numberPoints": 4800, "shape": 0, "shapeName": "Earth spherical with radius = 6,367,470 m", "scanMode": 0, "nx": 80, "ny": 60, "lo1": 109.0, "la1": 20.0, "lo2": 116.89999999999955, "la2": 14.520000000000117, "dx": 0.09999999999999432, "dy": -0.10000000000000142 }, "data":
[rows 0 to 21 of 60, columns 0 to 49 of 80]
null,null,null,null,null,null,null,null,null,null,null,null,null,null,null,null,null,null,null,null,null,null,null,null,null,null,null,null,null,null,null,null,null,null,null,null,null,null,null,null,null,null,null,null,null,null,null,null,null,null
null,null,null,null,null,null,null,null,null,null,null,null,null,null,null,null,null,null,null,null,null,null,null,null,null,null,null,null,null,null,null,null,null,null,null,null,null,null,null,null,null,null,null,null,null,null,null,null,null,null
-0.9723785557230578,-1.3708887693834366,-0.4666483374373957,-0.39961508705178134,0.7228362726934491,1.5652489205739468,2.618285386921683,3.4549049017173985,4.96394415968469,3.5956622880040863,3.72703431933472,6.028020527398915,6.7839422740685835,6.942882288850643,7.643461310317214,8.508223511736931,9.86344367715157,11.771277603318243,12.90281389915686,13.449572383445844,13.558055018702747,14.430738954011826,16.090594440097853,17.940377674023466,19.62422240853541,21.127806110057286,22.33805127322641,23.365059185429043,24.008851387918654,24.726460630925924,25.204913200558902,25.842892977376057,26.590169322909688,27.290296833237427,28.27590165587365,29.400819807497456,30.721996662399565,31.323976020874582,31.64752482510545,31.15423244661102,30.6934514957334,30.80616658510496,31.244200175931205,31.53797483366174,31.51195524966476,31.811594187356697,32.33601047061906,32.52759125168856,32.05656195379361,30.556972423403817
-1.224149776566307,-2.038199364705271,-0.1650209799799619,0.7555887806528279,1.459133470028674,1.8940273942873895,1.830572696361624,2.9013563669093303,2.407511359917682,2.4802397897730755,4.8932763957907754,5.848153932314462,6.918955250666649,7.35408218348012,7.85327274927364,9.275103064913804,11.219913934824874,12.681669680333773,13.505259335335314,13.929963048883717,14.698849276508042,15.262731016313507,16.140325031914823,17.980506101061355,20.22820936018531,21.045346175139308,23.061778418465543,24.15117562814491,25.112909840073772,25.967834590905788,28.30329992149999,29.33855777228665,31.111835669518367,29.62896092927984,30.727211292354173,30.800673235070853,31.509539704917653,33.68698755385512,32.01098096828742,30.203065950744932,31.981022492273496,31.208046600883335,32.37302672000788,34.04448836158889,33.89135683836825,33.942119090383684,34.872551685463534,33.87056419316531,34.79353278789658,33.104217667823
-1.357835988110144,-1.2502746679535877,0.24979017269488352,0.5543978359728707,1.253382501152756,1.54778795278628,1.4233536396573803,2.0316852621352433,1.6781147072729976,4.43241745349597,5.365714694409948,6.193272542436667,6.9843560278393655,8.001240596851215,8.943339548474096,10.32431572720042,12.482576061995589,13.251398275176854,14.252204105986728,15.148956794600531,15.95413170710083,15.84554024517416,16.905463923999832,18.981604373605055,20.63331101283216,22.504889775952023,23.69173350923241,24.560917012728346,26.048897654819072,26.951247170896654,28.57537632782754,29.59611897815683,31.905828905871033,31.76156182501942,29.62552255929561,30.295325192246803,30.657054873758394,32.105755077208684,27.677897454074362,31.2149361940618,32.30396608500388,33.35235269036044,34.382724930418476,34.43723353292915,35.403505649433775,34.808472129914406,35.41301382431659,35.61511434714464,35.61076742100178,35.619622852727325
-1.0404876235390617,-1.2074687685824945,-0.22549301832706137,0.5844274557302372,0.5673467293378595,0.8069726402133317,1.3786845053097283,2.173262291996004,3.083109125594512,4.5395063704092,5.648089617180702,6.889849525588016,8.221235664712825,8.61809274802625,9.704996952346654,11.637151643721927,12.273242233718731,13.101308796473628,13.960836157417157,14.768046077077514,15.287133693127377,16.4072670062886,18.062837555908004,19.46659074583623,21.45643883787278,22.72782302135693,23.31589406298712,25.824894202297912,24.561396559229692,28.683416940008257,27.908532304178134,31.1244209013177,31.382482868735387,30.655800350899323,24.638488445545693,29.656907484214514,28.57382156487388,29.195009021630014,31.211428710924338,32.93422045456778,33.294072526608105,30.240853921442874,33.28498098543689,32.493534001127195,33.40005356061827,34.4025125196483,36.61392196224255,37.17917406106865,35.68848091032059,36.283461176803726
-1.420209915294119,-1.224812784927724,-0.3699230644567554,0.10960972762745483,0.19098350216210563,0.4149797128591319,1.3708669475993207,2.273906737069068,4.073244920737017,4.645263210354544,6.452113180232702,7.490200841466016,8.156364149337305,8.453986234062205,10.129420104904632,11.55338625116647,11.983898428421226,12.843507774637768,13.877722449052367,14.289022572395716,15.20665303989356,17.132609533814218,18.18165584419411,19.56851756135032,21.35186350070362,23.471574514932165,24.32487256863218,24.813797091331455,26.55437707450448,27.94673845779974,29.21818274614416,28.346303319055583,29.420886510117768,25.910118533853108,25.996969573879213,27.566354652982795,27.585491952506906,30.041147735122117,31.078491639172494,28.924375837698086,31.135883455371463,31.55913368575026,31.701987701110713,32.04504877068543,33.125722265576044,34.737357811720564,34.621514551067996,36.810345222651115,38.078401087876735,37.070616112605094
-1.555792608434306,-1.5035157556083356,-0.6565253207036152,-0.12858364335938474,-0.17150143080432073,0.1213444316291612,0.47012655565205524,1.450921382868311,5.377452965795451,7.19929208365695,7.604884883954088,8.236733144066811,8.544948040729189,9.365281867023075,10.263647230855186,10.984000153417785,11.216234758554783,12.337544077340787,13.704594313722165,14.13636034808869,15.905454218611276,17.628716580631043,18.844005035572714,20.382320558475087,21.565375224765617,22.506980722963355,24.720863867173435,25.519501483350922,27.380432772483125,25.35885095526219,28.53130712853619,28.359518427012006,24.15685238341745,26.104129343577462,24.883557722137926,26.742157280555823,27.99142652186373,29.62125445973672,29.132786451152032,30.30129818734992,30.727230805492027,30.526032784666388,32.51806090661438,33.267105428192316,33.408950177348885,33.078665105653265,32.06227044043746,28.026644138253367,27.33788812740096,34.21426403137255
-1.6872699555326893,-1.6612158574797613,-0.8082309943887785,-0.47666778477781324,-0.5364481085371247,-0.1041888056537788,0.46979783521725443,1.8137550386687291,4.008574058609796,4.9216700156070265,7.319528137297246,7.601815183568389,8.465673518574468,9.353763851323533,9.329518574539243,9.858262763028366,10.156764161558826,12.450740119210066,13.728770654584869,14.583948011745626,16.06675003926477,17.82323398904364,18.922439339808797,20.433003558691013,21.59036714609279,22.880799570886282,24.098852101683214,25.24289419626367,24.657324790131863,25.92973820612874,25.29516343542757,23.279366922868487,21.684443953715167,23.68094588448751,27.118206016590413,24.704697386661536,28.533128245637734,28.670503269065904,28.484114720286463,26.709215518943928,28.57200279197346,29.125995478214723,30.679128349744985,30.355172546576377,29.32647307288392,29.09962060164933,25.108901385625714,22.33820756575075,18.511851830563575,13.062371736540646
-1.7118052378466453,-1.7925649314369958,-0.8027785808726613,-0.5331396438292558,-0.4767742326631481,0.7046221499016865,1.3975885035880053,3.1481845794754006,5.118685723347689,5.603711525629115,6.236886430640508,6.850790871781699,7.728589608254789,9.098389944781333,8.842708298028992,8.450709555457196,10.521096538227958,12.23918808013965,13.35827384327008,14.381370021308705,15.858398908112642,17.20301564205135,18.29668735841674,19.994478240929613,20.660228752369235,21.814484989837332,23.10636511134367,22.283161311986706,25.08640674440268,24.767477993319485,21.674601106747026,20.520404722373005,21.539251822584518,24.843785395774354,23.324110070215188,24.596264461027307,26.63967737220122,25.093614589784714,23.784104157946846,24.866550959818653,26.250288543340297,27.205013528262405,25.846437877581927,24.635325738887385,23.947928871103606,20.479834123349704,14.385631938988192,9.23840810641888,7.680717919658536,3.8875850587825527
-1.8160170605698716,-1.6451691020340578,-0.7755661578284818,0.14947340450298613,0.0794742320806511,1.1179196827169613,2.164573207537266,4.034949040889486,5.873679072511166,6.469715693834018,7.537076124284673,6.874750459701464,7.766077106261863,8.00056320722339,7.421422876850011,8.052841081638764,10.359305431900996,11.836563435757263,12.780466686008216,13.592791544347378,15.04098975292068,16.44486037556175,17.90550109199955,18.573615373827515,19.460834235476938,20.302091784817144,20.871089949268345,22.23820241740614,22.326359366959554,18.096829805684262,18.52764791328995,18.746947202933615,22.523296171674385,23.51528570715779,21.924567837271162,22.154051673352967,22.388808677902546,21.944384723799544,22.47041478304576,23.793985340068133,25.489179300232827,23.51354790801674,21.682959797297507,21.862547539012304,12.775498620752611,11.954856879519348,3.7123870904127765,5.2686603103618115,0.5593909293857791,-1.2874295256854429
-1.604659949156988,-1.0454423255860579,0.006388828753278371,0.3650125104308638,0.6001822875212965,1.4504835327971692,2.5195121187214093,4.477221042141611,5.507574675601208,6.50021508029441,7.520286648045305,7.325503172156045,7.720610371870955,7.604075885723788,7.0533785737797565,8.375884160378599,10.087849640822446,11.277152018271842,12.48915955152123,13.54121818737176,15.123511456809423,16.269059729998393,17.313207405504112,17.673577694783134,18.735518926813093,19.87758781995504,19.992138471794252,18.456698115442997,16.076175075549855,15.571869440733161,16.75099140710857,19.347466444771843,22.137193762105007,18.55189201653592,19.707444949183078,20.554612791767376,18.890563269678022,22.036634506862836,24.20627499947325,23.794050799658983,21.183624400502364,19.98096843000162,17.684519132557597,11.946000048352225,3.3777888385398485,0.6980398769665607,-2.2972954450486194,-3.033239019032571,-2.104581017223793,-3.1310568914077743
-1.2806533711406418,-1.166577114114904,-0.539107827307139,-0.01807687613673454,0.865529436564949,1.9464323612874623,3.3975050484514058,4.623493960897798,5.206955560562231,6.377442002303397,6.430711074411221,6.880643724912047,8.020954655162447,7.57734440077461,7.612632824208618,8.111751237718249,9.43128919816777,10.904179979820038,12.126267099917833,12.947969686269682,14.51680228948835,15.690933345460607,15.937076448541447,16.368691628143306,17.26303185014695,18.23880992352054,17.697288708839242,14.838270469337173,13.863928126780845,14.137731671514949,15.298675322892413,18.183666691390034,16.304533631147013,15.819237999442873,17.67902387845514,17.596397596454057,19.98030922541484,20.196646546187214,19.773323587238337,18.487625644229887,13.655136112000056,12.36710176651129,8.443527539529407,8.185615442955951,1.652628045932541,-3.2987603775953938,-4.163775656223415,-4.612449786583795,-5.653440710882588,-4.452007646580183
-1.7495623525801558,-1.1907779723593903,-0.9356064937630502,-0.20707351673344088,0.621497489801708,2.3073317381197596,3.895528768979602,5.26888563541876,4.977409728039611,5.47428589047088,6.061389975833037,6.706563871953545,7.098397183999477,6.92252087061794,6.624772082992845,7.9239362836108285,8.821777896919157,9.803016826604845,11.672794333948149,12.55747427406179,13.824979571402933,14.545246862886955,14.676484187640927,15.592389356150964,15.1886607104834,15.252839366231054,13.38171042990283,12.270247295591934,11.13076094415086,11.500941947094764,13.959542632335065,15.146184294491668,13.358650630484634,13.233296643850501,15.030329856496103,15.68811552892086,16.491777877435386,15.359520001916032,11.735115245624394,11.535337493525887,8.920613632894394,7.754231824871743,8.471925678779273,2.1286719333987314,-2.4789753978450744,-6.031983160189429,-7.239310797295572,-6.490771317948489,-7.26237782039351,-6.748902582561696
-1.6794223953607064,-1.3631746619208807,-1.0079752070792116,-0.3716520936551149,1.036024629372271,3.0759312733974546,4.365886871729119,5.570486498929708,5.201989072517983,4.83654907666259,5.2192261480618685,5.7972488209227,6.189500371451247,6.532997987700893,6.832283096750944,7.646297724288512,8.385794203433347,9.695319492113372,10.969976044914802,11.524467888979736,13.206672378635886,13.880715280585196,13.023937805410437,12.14318386912981,11.989045366634462,11.477508246809288,10.187055186446628,10.498563648656253,8.406708638869588,10.079110347872376,11.859994495031572,11.833328884070923,11.062591461579286,12.138348799341326,11.941073737715177,11.875622514492651,11.472584927638358,10.684784484054287,7.640762208532226,9.053189381374654,4.788799515645141,3.8579318141612813,6.144914047468233,2.207012149611115,-6.876293045243818,-9.096644096805221,-9.129035606940942,-8.159439864236345,-7.286015269838972,-7.66055996607095
-1.3959357568106365,-1.5573078948161423,-0.9879979518045573,0.13503455433091616,1.4003080727142119,3.3079966921340263,4.8013729480916405,5.461790673836781,4.8207921919994945,4.803778800270477,4.603917866169135,4.918017546236589,5.022826535391265,5.711075644260095,6.371939386755593,7.000794641348492,8.179979318460502,9.094654568157297,9.93758580254715,11.349789382662053,12.15220479429296,12.632411274907653,11.868700863111526,12.659952908845018,9.584782255905294,9.458219925171015,7.741725472331696,7.849877625071532,6.873168523817896,8.140089666041002,9.61537913601898,9.854061095410247,9.526703306116096,8.039285211201758,7.382733819782437,9.059744896776143,7.510323714589857,7.573023089403885,5.870206330949452,8.516453464941355,0.7036350416792166,-0.074052430955546,-1.9674544330113748,-10.54906566580473,-13.553559051603951,-12.8264566464815,-11.50642432825393,-8.632147707688684,-7.970783778234075,-8.962092696885723
-1.065670025338557,-1.046001361676077,-0.7415644256172922,0.11751790161049705,1.5628537024140792,3.084555258712741,3.879743235648979,5.006383934712498,5.329487729105792,4.366396525665136,3.8230386571721353,4.391519648982488,4.199542311658008,4.634360502885472,6.075843446197005,6.768324933320196,7.744310287743668,8.584079689951633,8.873700043396653,9.92903285738754,10.351660628362929,10.879057676956258,10.368726161367388,10.378279522588123,6.053059425508098,3.7043077442824166,6.102981228131755,8.920673344949819,6.21837955834142,6.546279358900902,7.973344172847093,7.271165286124861,6.487025427614342,4.3293727581159,5.595106965172219,6.9053336910983365,5.32621542519696,5.613478832916099,3.9328870450057862,3.8036252542011484,-1.4568952348206672,-0.7798161338265709,-5.182750249108093,-14.854972332593674,-15.910778143205722,-16.035214116217347,-13.812483816854911,-14.081190111919135,-12.004125361294937,-12.467427793287706
-1.259553954824258,-0.8297951813896136,-0.2974580699883417,0.7168909080982296,1.6783262980790934,3.196267010832107,3.5964151664090536,5.169159795840633,4.150255244531018,2.7058377860983605,3.5089359258071346,4.304182429524311,3.768159007541446,3.8906104565195463,4.7192232436594725,6.081072460008693,6.912860875949518,7.5623668657862275,7.282632432083231,8.261971512359892,6.768485889101768,null,7.065381127299378,5.599516733903114,null,6.28121488002211,7.168399108920602,8.003061994662476,4.649040226754144,4.936226433813997,6.624926195632427,4.5776398958059294,4.211454432346249,null,4.903852550961475,4.605232433470428,2.725137989945515,1.474231925119729,2.345362142472304,0.4771200297494395,-2.6687236942994423,-4.086897118693657,-8.392853831451001,-14.845992033075412,-19.935317689196417,-19.641059451861572,-18.51739901837816,-17.025227201184688,-16.350975698745735,-16.288766947051784
-1.1205956814412186,-0.8696329935715935,-0.46825597719920437,0.6635581632174664,1.8447558034500757,2.3899318082612964,2.747670923647749,4.869790959700761,3.447451366952799,3.425074630677457,4.1129939305376855,4.194487951018665,4.385980867047817,3.587468834076339,3.8133796248817333,5.784557221338609,5.980290977218599,5.9950273370692875,5.818607819969608,6.360508143891162,5.270499431490572,null,4.521928024684102,4.1521910782479985,null,null,8.628636150734344,6.839118378761841,3.942127898300998,2.8469038542537795,4.2983199393063405,1.8487195707521242,2.5375051566927467,1.4686107203807142,3.173903745707677,4.40035876739621,1.9119703762793012,-1.036348927678185,0.7682438781172634,null,-5.126957178724623,-5.871009888809052,-8.390527317042428,-10.702479773255767,-19.735028426941344,-22.23948314935835,-21.812927120578415,-19.96433309189758,-19.098170976186147,-19.460114954355245
-1.4558632620401333,-0.9902892294330826,-0.2664832104692869,1.5628253759835413,0.41946110020509697,1.5036425607384787,3.3324608605399293,3.4829947941947608,2.3372156102616763,3.3390672807382487,3.508689385527026,4.459125964909431,3.1988125228244337,3.89036625374174,3.75748921174176,4.628151719470052,4.040792914319284,4.647736314523435,4.910187566955112,3.9576264696822614,4.468052494959554,null,null,null,1.3904454440448824,3.3326095428895828,5.146743730516784,5.192149768654036,3.239208640692475,2.6764226015900476,null,0.6362283526849138,0.9067280954859998,-0.07626040827194304,0.7172275161999924,2.717281415447391,1.6316648281960444,null,-0.9288795649780481,-4.5895270720794485,-6.329804853323843,-8.265814448062837,-7.2293751707694085,-12.413003890785879,-18.7795070108999,-23.466389456641252,-22.6237339411669,-20.926813127064936,-21.339031428965754,-22.238681493152043
-1.6609044331456815,-1.5504096344034957,-0.4418271758920234,0.3148680148202233,0.7371286830193559,1.2713506118497757,1.9796500432124386,3.004529128993308,1.7077908625960068,1.9285287444581358,3.194499616703654,3.1359043047518993,3.2081557003189682,5.415006202271883,2.404978121181651,3.8430023896986762,3.852585473146406,2.37142429339672,2.854322805799418,1.9182597437418356,4.65784733167054,4.502677421167479,null,-0.1049067036571823,-0.6320452824614717,0.409993166889529,2.433911147641037,4.711102867595558,3.662047759917063,1.7124257112479209,null,null,0.32016395816315363,-0.9629137144034634,0.7784387412309449,0.9404125248950685,-0.1501594921986137,-2.515957427284704,-6.733389467770683,-3.6151199792934756,-8.300606876315637,-5.776777202201812,-9.10577451578493,-12.291083730169598,-16.80095457060301,-21.021429088541904,-27.627600437556943,-26.165807628887144,-26.39372142010457,-30.29126498048363
-1.6299736789409334,-1.3785630201578862,-1.2336868013782967,-1.102274990830443,1.439897139138124,0.2305074813457563,1.6098584190797827,null,2.1003181836342466,3.7400357151575436,1.3916870723115213,3.2537396794095477,3.651380426784702,2.5606680066613263,2.8514000905338888,2.419630775488027,2.8503402459522524,2.1816480465309067,1.1450810344197018,-0.5006532154666047,2.7323141332242553,null,null,null,null,null,null,5.347549829215126,4.652400216920734,0.8990955789510423,1.5374422510153796,1.5018306435648943,null,-0.43045096602217364,-0.3993609716653446,-0.9229083627108142,-2.3517430776295924,-3.871424473916945,-5.890541585803171,null,null,-5.3838723304355565,-8.446399964664081,-8.528617712396768,-26.856290719452836,-24.27527172819567,-30.811623484172664,-39.09301312592427,-38.99550585022173,-40.8641479165598
