public/json/wind_2018-09-1519_925.json
{"header": { "discipline": 10, "disciplineName": "Oceanographic_products", "center": 0, "centerName": "Ocean Modeling and Observation Laboratory", "refTime": "2018-09-15T19:00:00.000Z", "significanceOfRT": 0, "significanceOfRTName": "Analysis", "parameterCategory": 0, "parameterCategoryName": "Currents", "parameterNumber": 2, "parameterNumberName": "U-component_of_wind", "parameterUnit": "m.s-1", "forecastTime": 0, "surface1Type": 160, "surface1TypeName": "Depth below sea level", "surface1Value": 15, "numberPoints": 4800, "shape": 0, "shapeName": "Earth spherical with radius = 6,367,470 m", "scanMode": 0, "nx": 80, "ny": 60, "lo1": 109.0, "la1": 20.0, "lo2": 116.89999999999955, "la2": 14.520000000000117, "dx": 0.09999999999999432, "dy": -0.10000000000000142 }, "data":
[rows 20 to 39 of 60, columns 0 to 44 of 80]
-9.523807574758735,-9.596553904209982,-9.75260588303427,-9.23248765218334,-10.362059614808294,-10.281504973592472,-10.667020653337868,-11.986628015579988,-11.98255366268853,-11.059644972875024,-11.145022264820383,-11.31347159278631,-11.136506979294795,-10.311484814742412,-9.454872325546553,-9.96451494116285,-9.46492010320484,-8.918642769765025,-7.751811635700847,-7.781563151875324,-5.0215548586436904,-1.1338230734985648,-4.415882475320284,-7.326181151976063,-9.484302330267267,-10.34194161759852,-12.685367147285707,-9.700602457390358,-6.1795563007707885,-9.755341875562529,-7.066747296917871,-11.243535352034847,-9.984764994775983,-10.179593287436573,-6.4905890859731015,-10.931138574793573,-9.086391891687164,-9.619877869295355,-9.10755783971444,-10.438614279270992,-12.593161324850152,-10.761341175697002,-10.786053071728002,-10.375315859736544,-11.010825666395995
-10.423034176830456,-8.134380622993895,-8.896334667756479,-9.430788411590504,-9.329801421304163,-10.643961392010953,-11.327042125882716,-10.696930348480906,-10.5446919489099,-11.386434751371567,-11.43861276197419,-10.941650331959837,-10.890947252600009,-10.31651770062816,-10.521145997517126,-9.648646396666017,-8.974130148473265,-9.41807118254151,-9.035565198748502,-6.914639423942857,-7.121738904823997,-5.777387887594313,-0.8246119993301688,-6.518948114540921,-5.461179560375378,-5.52791982144543,-1.9561828666356678,-11.08521604531542,-6.728834948131319,-4.81889571034898,-5.689659855749619,-8.446758066690771,-8.851139069703054,-9.626349230638755,-10.086343005989615,-6.159357332726782,-12.345169402211852,-10.934691377883132,-9.833053697092396,-10.961344342550571,-6.033333778493747,-8.834781705501396,-9.892914378827527,-8.072211941009606,-8.640754973097481
-7.7693617720248795,-10.338652424708513,-8.002880584327048,-8.917306478056023,-10.753085823668384,-11.143775231358514,-12.133717595839377,-9.02056051014618,-10.281791732389433,-11.819562970445865,-12.129857051976474,-10.114621467554262,-9.15425427131443,-9.63115807577358,-7.653163312097912,-9.091382906668848,-8.5641710125239,-9.25732094818828,-9.640156375097298,-8.80353563259813,-8.265907446706137,-7.418707654380366,null,null,null,-1.6899920864804605,-6.767879845031837,-8.890657570487734,-11.472954836361817,-5.112695259315902,-1.1347175328514478,-3.3338047157605817,-9.758914777815354,-10.768801149216346,-10.818088226211204,-9.96614524613558,-11.487805877954585,-14.119654308174468,-13.4256687926191,-9.882846984065612,-9.462059108870468,-9.425837143236459,-10.054256499652034,-10.457642075624978,-7.426422699105992
-5.634336121295394,-6.836834725411954,-9.270472697854926,-10.745165671073611,-7.580824396881318,-11.92441645347054,-11.492418998951338,-8.986690925672534,-10.4777820662501,-11.201796652797134,-11.572482466203253,-11.183604249543452,-10.499307602486066,-11.088905061678851,-10.43710444418104,-7.700015225881406,-8.768062981546267,-10.150786868779491,-6.2021278070688295,-8.127960825456785,-8.781850049560195,-7.019570337652805,null,null,-2.7078365763027086,-2.8729768515638514,null,-7.432781598851362,-8.286004250136852,-9.642758194750535,-4.299639617481642,-3.6814830740336264,-4.488368698935418,-8.925527710240369,-11.395931312532081,-10.12891317294914,-10.818640961823425,-13.815028228494326,-14.333158622570945,-11.2237782499848,-10.652013639025727,-10.683620901483096,-11.153123361725818,-10.781297005573476,-8.102239774791519
-6.171526771438183,-5.307842609309185,-7.522326124926215,-7.528414797916256,-12.111042644424382,-7.3822186692430005,-9.917156724108082,-10.809206141160535,-9.83310254101594,-6.8688401943229564,-9.772734269151115,-11.436594483873284,-11.150308761409267,-10.929024868171561,-10.427944194401057,-9.867685582049294,-10.704206217299916,-4.1286308956956805,-8.830353076258438,-8.64995701058956,-8.683331010161437,-9.645136863511029,-9.24724202697688,-3.905241562694313,-4.393133325754513,-2.5516012378340505,-2.746975860640237,-0.8777533078028974,-6.557353455535566,-9.737965775049766,-11.498921204139796,-5.019088241373164,-4.159520109955102,-6.341281390278851,-9.30592129672639,-11.02492613110351,-10.984247561054069,-12.287692616735836,-13.75581730811771,-13.178804954234586,-11.28639415495693,-11.281305512873729,-11.769067684624723,-11.341436397655524,-11.631009474508094
-7.195567100227736,-6.30030975146013,-5.209750183086995,-9.314731432098526,-7.776225581977805,-11.683621185949683,-11.50011442747352,-11.91012701739146,-9.741766178318926,-8.358553840345166,-10.692615334802628,-11.166333063157346,-11.385695419983854,-12.12686895832869,-12.17082326948847,-10.37768365638985,-5.736640863169335,-7.334776894093191,-9.714386524348845,-3.3944522511797275,-7.668951856531937,-7.556248393601293,null,null,-7.267236472159323,-5.728564660432019,-5.335350483032257,-6.290652459795833,-8.775089054603189,-5.828149400374389,-10.668594438491006,-12.798056277743115,-5.946213387639743,-7.069517653544021,-9.150556808785394,-10.855823162658956,-12.24551510714584,-5.162426742231733,-12.684335207937577,-12.523066097428067,-11.746018190873716,-10.929573174256172,-11.715641374726637,-13.022419886198925,-12.434290076493221
-8.412625395726986,-7.236935572368732,-6.232662377025816,-6.951142482362698,-9.162428968791545,-11.931715416063309,-11.931229879320636,-11.005634512113133,-12.156299245775937,-10.554699763568177,-11.473868931946726,-11.293759105599541,-12.66821298623283,-12.996848054129789,-12.225563419965786,-11.2584483799479,-8.966042558843167,-7.565612903033625,null,-0.530961095947108,-9.493715914845314,null,-7.295708221714425,-7.606289222447488,-9.649568992868687,-7.537465392929137,-7.192086767961781,-7.718251601616385,-10.282517584434226,-7.932511365806077,-9.822260473479032,-10.303821023746078,-15.033096288901039,-9.269198076820789,-12.800514056403896,-11.630302135663644,-8.873524493275495,-10.370820290920037,-8.326512073363622,-10.900461497761686,-9.9291981597823,-11.153171612724174,-13.0277072861152,-13.525074738688943,-12.88186958208152
-9.3990351309161,-8.47699938782628,-7.7689072389549185,-6.796678766153381,-10.423782700916252,-9.539705482080475,-12.180763935050237,-12.66760981109527,-11.297814607686764,-10.241532608677552,-10.455679342429068,-9.285049101538949,-11.848090019823067,-12.438465326036868,-13.072765175613835,-11.581589463099023,-9.099305012892614,-9.884975041542361,-8.758660145558947,-7.788464703183443,-6.134951614020977,-8.016283574192716,-5.573457452241216,-6.336841852181927,-8.109995379768199,-11.006557467223928,-7.470091166245391,-8.381392880708791,-9.54612650312334,-11.42252075223234,-7.685063428364305,-12.522353705569191,-7.921799713041098,-14.658686045225167,-9.40631382435381,-13.85201578549315,-12.485827928889774,-10.471233153899538,-11.181313453524904,-12.276527277413098,-11.25332535505214,-11.671135675743255,-13.628217431474555,-14.827145179847953,-15.925962124601153
-8.035418829930205,-9.148419357786981,-8.168857286495989,-8.814934139950168,-7.345893033109003,-11.597843087972072,-9.894198729076168,-12.84498265803674,-12.8711337430811,-11.591293243534823,-11.791079338980294,-11.283946852115228,-11.506753436583084,null,null,-9.07091406002101,-10.001920266883292,-6.609736931163027,-11.403162111967037,-10.29564794468032,-8.442283008617089,-7.979274678806485,-6.5370260960662065,-5.70324551146818,-5.385232370733261,-6.650558323479475,-8.35005309563127,-8.103044817035835,-8.21117346255989,-9.515712888000536,-11.852924775566175,-7.443318629262902,-13.996049498047238,-11.981706766199594,-13.99016366153537,-12.038264158715574,-13.738574689151068,-12.403812082224832,-11.973156954541679,-11.549749816025347,-11.288066703391168,-11.053672220037715,-14.41415941138989,-16.56481613771965,-16.2093488067326
-6.966427346784569,-7.436386464839733,-8.55216390512612,-7.5334957785176195,-6.7419909768286725,-8.163504654276046,-12.461316347871703,-13.559607069134904,-13.48348550484853,-12.992959995384398,-12.729897690783675,-13.096887134977727,-12.158998914261215,-9.990928781327023,-9.039359191634857,-8.679106628768341,-9.878082875578311,-9.808354556054793,-9.179889424241377,-8.371765355030636,-7.463478636576925,-5.170556558121011,-7.654446842388949,-5.6140484254538565,-2.934558523933783,-2.908092600001309,-3.8356403744538428,-4.773157671616604,-6.946170834649661,-8.489595243038568,-8.849374307175918,-10.044630205020713,-10.414381899542182,-15.44625201685417,-13.938455911178117,-12.878632466087884,-13.728244802057535,-13.726160094580376,-11.229294044893091,-12.506536297569621,-9.985493519742112,-10.220364984555454,-13.568259037032341,-15.599357656663267,-17.9480284689444
-7.714642727073741,-6.5001555857665085,-7.6442190983458795,-7.219313744191516,-5.985567950118147,-7.9294988220887035,-10.990417776980184,-13.21989282623191,-13.598001188844492,-13.46563436473621,-12.932005417285774,-12.977504453665217,-13.214927374402015,-11.74487617903335,-11.084345014433698,-9.802475203603151,-9.362208107436942,-9.512255060130977,-8.26118505195612,-9.38231770561671,-9.523277317442249,-8.625711528297192,-5.287619225668687,-6.7176119447043074,-5.512567355462927,-4.768954332872914,-3.3424953763652803,-1.5638574868993431,-1.1299200358718957,-3.471596347454362,-6.988345645367146,-9.908778254199643,-9.158804265879212,-10.879641220586853,-16.94965491240367,-17.032941895111357,-6.2514020196407545,-9.991415066448804,-14.20219575190128,-11.150420899698526,-12.165345277193284,-12.35624462284549,-12.595919560736839,-14.622015708676727,-15.702458107155788
-8.175735739576293,-7.797236355077247,-7.67727566071233,-8.852616448266652,-7.429891260918575,null,-3.6064042333787216,-11.01917349670463,-12.67785766029028,-12.420401464781825,-12.811805361207394,-13.25470881787582,-12.58877748098532,-13.068381590886053,-10.94852252868255,-10.944224262612455,-9.340277360951793,-9.713245324137706,-9.64564182871317,-8.17134043688424,-8.39279490774167,-8.517980855321115,-8.263602673387098,-7.250424896827965,-5.3193398709626445,-4.548047180668975,-4.752846698571338,-7.6173089299366925,-4.805465872908681,-0.42628991746494,-7.358843979842436,-6.930437530123268,-9.402693471463747,-9.349823267168409,-12.469751799393228,-10.855919516060865,-16.215312395170788,-16.330426589276325,-15.579066853654762,-14.713300704261563,-13.26901438649232,-10.5659484586972,-10.934981274163688,-9.262131586240184,-11.619290676818082
-9.260097787903963,-7.733929336354797,-8.545848852962676,-7.0962247252474935,-9.258913601184535,-7.823315641618421,-5.038885152714296,-5.407395868727835,-9.774662941811396,-12.523786860895074,-14.27854952348629,-13.276895218031951,-12.975112113575916,-12.745667752060653,-12.577992500802516,-10.473690613482965,-10.481377246345712,-9.958691855637827,-10.229693951143352,-10.743664782187906,-9.159780593191918,-10.004175561169527,-9.679155188623188,-8.416924608386054,-8.49460413038049,-6.326101627532842,-4.7906900638611205,-6.990514056515987,-10.304214046383244,-8.434707543823261,-4.845953508373685,-6.144742594745523,-10.431273801023073,-9.516726552702956,-10.065590560107218,-7.233207170124827,-11.211056274822935,-14.62884888432507,-12.347713350076232,-17.719527059274814,-16.405137173897675,-13.651719628380022,-11.314037461522034,-13.487282255048617,-10.637037103862111
-9.879105236317777,-9.89559020978079,-8.083371247940105,-7.092727294927567,-5.616787362011695,-7.423478000699116,-6.029855506237443,-3.899346612217782,-4.508500257603762,-7.821258686882115,-9.605055171780496,-12.03466542122038,-13.099974211925401,-12.952286104800727,-13.017278192331116,-12.07985622835838,-11.453462620182417,-9.585326732269511,-9.685726945847723,-10.520413646558048,-10.051052794834918,-10.21120912563635,-9.777693811314084,-9.841451830306807,-8.726532548892022,-7.001134295916034,-7.147353203973736,-5.430434607366068,-2.574535840409137,null,-6.01706845404487,-7.646098459533859,-6.336913382071826,-13.317849746005042,-7.08981743091267,-10.612915113625222,-14.243166266828226,-17.29972587502213,-16.412911352771236,-13.629412229852122,-15.6991248757688,-15.801365629575717,-13.31981129516297,-9.979183630462224,-13.602284819938177
-11.239387434459342,-11.365646433713394,-9.516557942507639,-8.228633492671971,-4.838226977121007,-3.701653615572605,-6.4023795544539315,-5.886374329920522,-5.831477308004411,-5.7865009388817965,-11.6866011704185,-12.247958293816254,-13.148423034932671,-13.220766721673824,-13.426978761785456,-13.116566142892552,-12.446079136525576,-10.984511365275015,-9.06034442626666,-10.628254928505191,-8.777999774610098,-8.99189884919996,-9.643988764518697,-8.58872529186748,-8.943589984249174,-10.339140056406512,-7.153794566741265,-4.816060367339222,-4.962992856683877,-5.069777848880425,-4.008633230654068,-5.1510527484834,-5.956128920876901,-4.730051235928756,-8.113884969274562,-7.983334244812922,-14.609529224141829,-13.202342830987245,-16.59911814202448,-14.163134215236612,-17.350686992385086,-15.581807988779069,-15.281635474210507,-14.589217603062485,-10.133376117161868
-13.242583386301806,-12.302516104201274,-10.75421988908143,-9.62953885838673,-6.69082003922747,-3.7668461873361956,-3.0531013170836236,-6.23849964971703,-7.534636312644595,-10.559761861584693,-5.157253697244591,-10.524629345973967,-13.517905292680796,-13.72400553836138,-13.622314977896643,-11.267071795437083,-11.859733239501177,-9.949756793541525,-9.80452595714165,-7.365393688750247,-8.895701696642263,-8.861755883108193,-9.17078711770298,-10.740903514135502,-8.899495911346015,-6.586487012540472,-7.6973104208964385,-7.808288921127162,-9.034622726463017,-5.959146848108825,-6.14181508029111,-6.5278705591080275,-7.466585980586776,-9.88375342760082,-11.099846256930487,-10.298085223527671,-9.96282000609721,-13.80114420118926,-14.597752587361486,-15.454686423771784,-14.104184855493653,-12.317115830717528,-15.334764708118582,-15.257945253174789,-14.007477244035979
-14.543560342879111,-13.138639501599286,-12.099442919023607,-11.788855796789374,-8.59431558894683,-6.036923223489665,-3.799286892821402,-6.125718426137418,-6.66876305089888,null,-9.007276119053614,-8.495707628428235,-8.912051148866855,-14.574485227609948,-9.967173092701344,-10.352188078859001,-8.892215289036026,-11.097871677332243,-9.208323897196667,-9.114307169716836,-5.655557483179337,-5.917290998830283,-6.270412054703749,-10.964176135440708,-8.787325123331362,-7.600774399185371,-5.746290213923901,-7.362257227595424,-8.549132307038628,-8.572264861818736,-8.170697834997904,-6.027262308477231,-6.477049220372176,-7.598296851179859,-10.952467753252684,-11.768456817974913,-14.095400886308028,-13.899955011942362,-6.2488222272038705,-11.849553365182217,-16.07449877453986,-16.69174932008574,-11.832588974962144,-15.719659934481832,-16.804209453267827
-14.683999919417387,-12.710557878613535,-14.703849995597638,-12.358430300128006,-10.901482923995882,-8.777169870450331,-5.1296358178584205,-7.487129763590564,-5.577759235829974,-1.9824436312960614,null,null,-11.331962026811711,-8.790416794612828,-9.086328077269195,-9.615194873893666,-9.648978636728637,-8.734031581141362,-10.759644591454828,-9.215889681626559,-7.1104538906195085,-6.632587648628405,-9.859525411198259,-5.746472348490902,-9.630366384233744,-9.709908980026881,-6.68296951757274,-3.9531640914857737,-8.578372950931742,-9.15320683101015,-8.480129577039204,-9.186675455316397,-5.429207697671018,-6.38668791219783,-12.889825638696085,-12.607578011240323,-8.640023001152052,-7.587550412909747,-10.957927858768965,-8.7242681990169,-7.081851221417571,-9.73939400649426,-12.651025870128937,-14.110791021370497,-18.097251729072227
-12.245803697237166,-14.888260476431359,-13.606638355390503,-12.837054574285743,-12.202394823442718,-11.383017169859398,-9.19595138842724,-6.3766744033420215,-7.150324524586095,-3.0634967692367945,null,null,null,-8.765062321189,-8.46861004942491,-7.7074624695619915,-7.424769262291031,-5.053674766909401,-8.651489450182872,-9.771137924601977,-9.115861882561695,-6.590929757969966,null,-8.050782719156592,-5.039065113849897,-7.304258176458028,-8.380026404431561,-4.324782569314121,-4.919741326877131,-13.128566211925582,-7.526340689262266,-8.865789503550268,-11.17800270453966,-7.53916382400671,-7.013917978979956,-12.984251687368518,-10.04223179787948,null,-8.30850130049507,-4.3701271532721115,-9.929084471312592,-10.005451316667447,-8.67511126165161,-10.824278324144577,-11.766080917476165
-13.996132105038832,-15.776670762227031,-13.611875832860317,-13.717944597642001,-13.265383800573325,-12.58161827413576,-11.444739005152698,-9.286568336637384,-8.240482013477497,-5.902018025721224,-4.55905593693486,null,null,-7.989215796485382,-8.129920916304332,-5.77446757641659,-6.358341595297462,-7.707773411994444,-7.321562076230689,-9.38833376085575,-9.91521619369125,-8.565933348614054,-6.936750468749695,-1.2825524325170805,-4.926667742505968,-10.0471623679597,-12.123481415659375,-8.323892912128295,-6.537493219992819,-6.73802047148877,-11.783489686430277,-12.847117269493795,-13.147920504738297,-14.087698540838254,-13.849387789484162,null,-5.853607723991896,null,-4.186066245695509,-8.246731629889638,-8.097589366147952,-8.269541005090325,-9.113849738050774,-8.272723810838553,-14.98481620779338
