public/json/wind_2018-09-1604_700.json
{"header": { "discipline": 10, "disciplineName": "Oceanographic_products", "center": 0, "centerName": "Ocean Modeling and Observation Laboratory", "refTime": "2018-09-16T04:00:00.000Z", "significanceOfRT": 0, "significanceOfRTName": "Analysis", "parameterCategory": 0, "parameterCategoryName": "Currents", "parameterNumber": 3, "parameterNumberName": "V-component_of_wind", "parameterUnit": "m.s-1", "forecastTime": 0, "surface1Type": 160, "surface1TypeName": "Depth below sea level", "surface1Value": 15, "numberPoints": 4800, "shape": 0, "shapeName": "Earth spherical with radius = 6,367,470 m", "scanMode": 0, "nx": 80, "ny": 60, "lo1": 109.0, "la1": 20.0, "lo2": 116.89999999999955, "la2": 14.520000000000117, "dx": 0.09999999999999432, "dy": -0.10000000000000142 }, "data":
[rows 19 to 37 of 60, columns 0 to 42 of 80]
-13.761412684823902,-14.268353758191793,-13.737150572679889,-14.444810752427259,-15.089978751585424,-14.77277948128029,-16.768619914252753,-18.547360703171094,-20.67328740076439,-21.527401525959736,-18.956160604997724,-18.864077566708755,-19.68433690752566,-20.447053523799482,-20.871870053905482,-21.008678143869073,-21.58910077733262,-21.50378244378499,-20.92073879344022,-19.290811056120198,-19.425489578907257,-23.1774481564828,-24.87164959727211,-27.218568782459453,-28.17775811685668,-28.613329531232235,-28.88333111219022,-25.40394640314295,-25.17122208257367,-23.781030098607882,-24.584865899426447,-22.94845527138679,-22.401317140004867,-25.44435063022978,-26.268306059608573,-25.094258755778224,-27.921144792316056,-27.541363024051734,-29.23335289384696,-31.129046201437014,-27.15618801439717,-25.392329852088174,-30.716623111487273
-13.763182617622007,-13.783400513174666,-14.242832248418647,-12.424552007113519,-14.241845095461361,-15.830491319518949,-15.223137073388347,-17.92166787611519,-20.407806783459584,-21.193308651359793,-20.090510519763406,-18.91839688699385,-19.042510437121045,-20.730242652322953,-20.207994552534164,-19.868212994385907,-20.66779395990193,-21.492222611443186,-21.969498069419096,-21.18355927384367,-18.039882653297646,-19.917378934351795,-23.127193068719617,-24.229809109354584,-25.49811132065723,-25.726967661579902,-28.065986523904254,-26.555002810517617,-26.803193519288396,-25.247913672819823,-25.493096231213208,-24.00364968096085,-22.74404135900997,-25.067586709279265,-26.233723652310875,-23.6794646469675,-25.264970650117107,-25.977923309792786,-31.183919788288836,-28.674435688809798,-27.936615448156935,-25.975738388277147,-28.59489818987927
-14.327418575345856,-14.289002402317632,-13.950334325200629,-14.323352646489425,-13.75456234998479,-13.956326970886757,-16.73553952812976,-18.814598331639374,-20.401174425876953,-21.216407545688057,-20.274371543991048,-18.498572359830384,-18.557570916445464,-19.67075298293814,-19.115719826162078,-18.683593540588024,-19.041001581792756,-20.403360861853137,-22.131764997420397,-23.881503415375697,-22.323640953160098,-20.65534131564914,-20.954155551372637,-24.58189930109306,-26.34795303277121,-28.42743581928371,-31.776085406550127,-28.62037384376237,-26.986251837318488,-26.410075401371337,-23.866938031724303,-23.950113574094907,-23.895190504080464,-22.44907930409409,-22.83082279899487,-22.60073282307957,-22.12803978218101,-24.439810180602244,-28.120285831033236,-28.65676094705327,-29.341572430888046,-27.192083413600173,-24.63971903917736
-14.344965449409372,-14.437803982164866,-14.78384165924355,-13.364284004688097,-14.3440929448324,-15.109800642793166,-16.135088111435223,-18.434058829508615,-19.523124815814136,-20.147480868250376,-19.684826990474516,-18.768256886389047,-19.483486729925154,-22.192123976126464,-19.953266366013462,-19.022832200286462,-18.86700694160338,-18.094529796712138,-19.954207965904363,-22.411338101128017,-22.554958082903973,-24.18886614678942,-25.780938622318732,-27.0650152456814,-28.11936637358812,-25.48291384834281,-29.70626261000934,-31.2394480199696,-26.504627937499954,-24.967913241238854,-23.35265073825127,-24.980283952308383,-20.572388042502695,-19.79771175482107,-20.489783948243165,-21.932491534045457,-19.33283678343003,-23.07218255047131,-22.333902212914133,-25.744732939330387,-25.565092484452315,-23.245740366918184,-22.528654587974486
-14.474842132858605,-14.382008616161356,-14.05021633133015,-14.904538412916969,-15.197737660574786,-15.73682340891825,-17.198614739158316,-18.30783951719964,-19.962398725072276,-19.92100624398769,-19.48839580347922,-19.075399119190884,-19.624254503866503,-21.037513821537583,-19.086415664301185,-18.099163943513524,-17.073090078424467,-18.770870518035533,-21.026375693644656,-21.389639803158836,-21.835134275320232,-21.938469138735464,-22.073594983742492,-23.554213510676338,-24.08100174133825,-25.52716523924627,-29.130741912962737,-29.771970938675715,-25.824403217867726,-24.315026258751463,-22.05638186104254,-21.623362828894773,-21.57965235501943,-20.633704294260333,-18.31666450095328,-21.2275918311027,-18.070667470582418,-20.468450929465163,-18.180741057487587,-23.452576142103414,-18.99412081948505,-22.02737559052719,-20.071668763177925
-14.657609084717073,-14.744460157994755,-14.706783805072007,-14.784778457032704,-16.050649808026286,-17.375152254031157,-17.64237053023896,-18.01463088298049,-19.00641263621779,-19.863836220926764,-19.613148023262244,-17.65405282377788,-18.90787020548,-20.782459993167535,-19.97342238871989,-17.85061929014933,-19.86930388401462,-20.579333603823482,-19.657703179571744,-19.657431192396896,-19.347932798492916,-18.48921434279586,-19.607773242732218,-21.087520506188877,-21.802798868512255,-23.52855910980748,-25.212917252651756,-27.91460160046143,-25.136036179639376,-24.978814740682033,-21.210908635830442,-21.050610500425776,-21.42784971597691,-20.56283874602485,-16.85810749650257,-18.97219587598587,-16.515048348018695,-17.824852868380592,-20.620021261939318,-14.728492399345484,-15.07640330371597,-14.93991735332964,-18.960615387650805
-14.423250977543734,-14.69311847127295,-15.536307679891799,-15.674952876957017,-15.900389131359994,-16.227584600657607,-16.635396442600452,-17.424868796775783,-17.688670814362744,-16.984403399473283,-17.381201354150704,-16.76021606680773,-17.65285718175931,-18.45790661337967,-18.684650928199197,-20.47200908329883,-20.08157958601954,-17.722119162400773,-17.317582399352535,-18.694085122423484,-18.986417510190506,-18.604573719479205,-19.962868025000855,-20.466871971227384,-20.113528190268024,-21.476494942404447,-22.225316674935485,-23.651338777213205,-23.86106568212617,-22.861173339867367,-20.333888601548594,-18.826506943324652,-18.299699867835084,-17.293085909555735,-17.627827731652,-19.891031174823087,-14.587078281009429,-20.704807142932843,-19.303028644578074,-13.595636040725179,-19.250631754278878,-12.655455180673773,-19.177518686035256
-14.41420963571304,-14.603349777656941,-15.139716607093124,-14.933760439703724,-15.487698764158539,-16.433679790837804,-17.684493062332116,-18.12272328335907,-18.756084220086905,-18.56014696846539,-16.32682804409944,-15.246915241720508,-15.658521649434073,-16.69711410826841,-16.611025256479135,-17.711221836131184,-18.23260382116861,-18.17977133018707,-18.37154704758145,-19.08414332058687,-16.736821631241934,-15.579622803935955,-15.999174707322409,-16.25775990849146,-17.241066126527294,-18.13612972139914,-20.373564559133168,-20.563123318309703,-23.723735077870256,-21.679061963351508,-20.686858060018032,-19.058411076056927,-16.70940258867508,-16.373338910294265,-17.6398492094057,-16.72701536907916,-16.83717880398662,-20.32722659229203,-16.191840792603507,-10.841682125267395,-20.77194289603583,-14.08842768748254,-12.966922686967692
-13.470437532056033,-14.563498239836008,-14.726808632194473,-14.817036607316576,-15.22694023049915,-16.206996041566274,-17.239239969397804,-18.42871360837293,-19.3759554188058,-20.332571835920366,-20.825270075165125,-18.600096170359404,-13.510366625493198,-13.49678586512138,-15.625784542937968,-16.183360013918612,-16.27336803183848,-16.202944481044007,-16.238610391673745,-16.152486460514247,-15.979817866812684,-14.319974680513472,-14.991697473264656,-15.536311396148196,-15.744704044060137,-16.437763282886934,-17.831435981530554,-19.22716753524526,-19.194328138908453,-19.741071736071856,-19.656465854390326,-18.162146337290583,-17.83406346173109,-17.05446649880557,-16.138652185936746,-15.684356608038343,-16.743443539820724,-16.142880297948633,-14.042488514171446,-11.268571524994115,-18.17072965702819,-10.399465824563276,-10.860900618782484
-12.686791635361498,-12.989037504604623,-12.997993353243274,-13.860622397476071,-15.123916709292601,-15.610398813350194,-16.65290270513879,-17.546375724176016,-18.06500064863249,-18.87417638644562,-19.196718242414555,-19.2063375085549,-18.598956391201266,-19.144533985705415,-18.615345106037907,-16.826498420477623,-16.18054166557554,-15.864440497872044,-14.907230411088628,-15.030455076074885,-14.972537081493355,-14.708763655103077,-14.221788859723695,-14.064914942448429,-15.554649391547203,-16.330740893500064,-17.204161863618005,-18.249858904171134,-17.48506696677129,-16.825530710123584,-17.845562421175032,-17.198651246843074,-16.790076734562422,-15.861427386523648,-14.71719320094822,-14.373379909527614,-15.623382379429422,-14.834135618215893,-15.201825215099873,-13.0935459333665,-14.996033420663746,-8.32003531489736,-9.092548856819398
-11.783170509707881,-12.087070096790212,-13.743647381211225,-14.902396070149228,-14.661606296887507,-14.738206546465204,-15.51195365400632,-16.38262008779066,-16.519150553672954,-17.59498451889146,-17.42962011801605,-17.29972067991293,-18.742419695561516,-16.31402416236141,-16.601461252317414,-15.648840278766876,-14.688638965680138,-14.331993867585425,-14.058743907003588,-14.348274697416091,-14.853003254171416,-14.931629286751276,-14.672867071226372,-15.542816222666321,-16.15659472884836,-16.369444655504196,-17.43977769942964,-17.989339736832036,-18.02352484370039,-18.222193496797665,-16.48439482362702,-15.347254102542953,-14.650151905491626,-14.370693474562467,-13.073221308589291,-13.33829314789495,-15.199302462557512,-13.059967313887883,-13.767024102313908,-13.294231776319595,-10.902230061381578,-13.339601286788124,-4.601689489682059
-13.649381493424908,-13.631040035652891,-13.417458675984967,-13.987459170106703,-11.709871893934402,-13.137262717030492,-14.984078846245149,-15.495443788222923,-15.521124986104024,-16.321312424296057,-15.921465828411819,-14.868880431646026,-15.871659255471682,-15.079259314129292,-14.879691402106753,-15.246647015535885,-14.363629895654462,-14.312320441508716,-13.405657360073981,-12.474929946478792,-13.077463727903833,-14.319880195711214,-13.674291835942288,-12.99381679651421,-14.142772284192564,-15.544481508408971,-15.889886902312359,-15.994756761006563,-14.917435121073803,-15.0898458495714,-14.362308587365222,-14.985357891008844,-14.19939413253812,-14.013213436827467,-13.99451808956628,-14.489623864222214,-14.55116500850863,-14.728130766191015,-10.212923945018451,-11.535453148190815,-9.304786028110328,-10.55652260247161,-8.23438001241453
-12.982702262550813,-13.416445672355792,-12.845880316920834,-12.398111008752181,-13.155884642037865,-14.487152524134439,-14.229377376796732,-14.940193745539448,-15.021887256055482,-15.17183212916677,-15.198926158640711,-13.431126111162872,-15.024018062864755,-15.681732951839164,-13.95135032326122,-14.70968038587795,-14.068958758696194,-14.372280466980007,-13.196915413654827,-12.958867053762145,-12.76731067863999,-12.300964568832292,-11.206128305250816,-10.889007407993049,-11.089343828406314,-11.781354756304264,-12.979089456805873,-13.807678014822432,-13.604816837725608,-13.77645526006533,-14.423100098639102,-12.643162635812757,-11.395846842078646,-10.56547100209599,-10.997235688215145,-13.22782455830604,-10.361862551861334,-9.698770946979826,-10.165496507765104,-8.66862335383208,-8.959869390724911,-8.29052011429585,-8.947834608632581
-11.03107787899674,-12.080416746578349,-12.010948460043643,-11.7985247105875,-11.809025759501782,-12.915859914923182,-13.374679615235637,-13.3137896275486,-13.360164992585378,-13.06593454599303,-14.073264584576046,-12.913516530905161,-14.01204635855658,-15.92844824882446,-14.273876821706194,-14.831493355725236,-12.639155905242506,-13.366657129424766,-13.294324554359193,-12.301444522161786,-11.677132151970087,-11.681386700040498,-11.684274942896048,-10.699025043572309,-9.41086499456009,-9.117699600178527,-9.633475906226872,-10.131920523984808,-10.832404762000797,-11.168679924788732,-12.256203428450185,-13.19838278695928,-12.00448476628464,-11.448307651520267,-11.571065031459538,-14.11069411171825,-9.83512380348009,-10.558098634858194,-8.286262789939823,-7.495474782267908,-7.734366886575252,-8.12588248908225,-8.452551874670016
-9.638632264638872,-10.476999306298064,-11.294919093361965,-11.693161535403137,-12.537586922889215,-12.46845767585412,-12.812058137546769,-13.26327325695846,-13.553883908150706,-14.054002279449882,-14.676534155239858,-12.920839239542346,-12.374417632605516,-16.103900900453976,-13.277665607033114,-12.94602613612695,-11.818929201319449,-12.474480723221806,-12.186366478462599,-10.71639685726363,-11.173985368934568,-11.16337701774441,-11.473595334323878,-11.183208283784007,-9.968079972882972,-9.588447967377986,-10.343397780345793,-11.214414826721532,-12.993896142193165,-12.175234195522268,-11.877903540222366,-12.744814165969471,-10.612466804213094,-10.660311006145818,-9.150737145160058,-9.955979605680465,-8.59398269300867,-7.805735226522145,-6.054664938635734,-5.624664253934174,-5.812482599352993,-7.055757416546186,-7.483468159362738
-8.688541960888683,-9.332058458548053,-10.224855546954162,-10.814758907504547,-11.507520491169554,-12.616663493794661,-12.022132379322219,-11.25027918521743,-11.273939778486715,-12.416429974618062,-12.952467762146545,-12.034773380036714,-11.437306834139484,-14.075120786839712,-13.145663845867741,-11.651361224363466,-10.758080081594915,-11.01928604405179,-12.015742716291033,-11.092851764564108,-12.241201497333751,-11.547688641420741,-10.96564745318897,-10.001716595606057,-9.54602762792177,-9.85304489957404,-9.720099480826642,-10.333814173723258,-9.978615136916014,-10.25614881502445,-11.888900897327973,-12.006657439654054,-11.404046899613686,-9.90577705858111,-8.294964605141939,-7.281364439013109,-8.968921439602443,-4.986119730348761,-3.6808958769078957,-3.3396185333985047,-3.5284236633727115,-5.196592295458902,-6.150192240712498
-8.874076281365246,-9.400919316304625,-8.997622054617706,-9.292745471528326,-9.826025049951127,-9.792822153408297,-9.87601716569161,-11.387603453635354,-11.368449905263677,-11.6331333247789,-12.026939494068763,-11.416556179931083,-11.156834769318975,-12.765294007690384,-12.640803467200975,-13.164272889656392,-12.550801400809199,-11.737794060026687,-11.21675255024558,-10.560737998035373,-11.114946204913927,-10.732188817401559,-9.911419974853558,-10.212049950295429,-9.943166399199226,-9.667955479995369,-8.964010278036247,-8.615862511930805,-9.359422638883784,-9.501104600854791,-8.142409158624359,-8.691748778120704,-10.13827259866769,-9.091042186628234,-6.357890165398439,-6.211813321145255,-7.579372346824885,-6.6187322902172605,-3.9099009891665393,-2.632099320169476,-1.6325139300734461,-6.089659196214081,-5.068809257170942
-8.698691609117816,-8.33976195252652,-8.631259351896501,-8.21153816293726,-9.124657668986648,-9.662295064502104,-9.858199766660622,-8.779954966731811,-9.719113324778032,-11.421087955252977,-12.09092207436722,-12.380103943875302,-13.037289887330356,-13.535551118502642,-13.62130316358003,-12.355930912801355,-11.802378590409983,-11.440553947516388,-12.076555753101058,-11.685848439833073,-12.260818828338355,-9.583575708098113,-9.486444606785513,-10.638592048105135,-9.774944437967346,-9.062696732309961,-7.750631528765039,-7.521791142556866,-7.656699619721769,-7.422602592545814,-6.90910548588346,-8.233093577252856,-7.797660829112233,-8.473304892047992,-8.26928736861434,-5.810233696226056,-5.292402583050676,-2.885300986443674,-4.637369696611906,-3.6245326930622337,-1.73190084739338,-4.838219579690574,-2.5312514716719305
-7.127249690298786,-8.158631703562497,-8.195524836266951,-9.13964414613239,-9.381224743314391,-9.693667812130558,-10.443793757242846,-10.856536817661043,-10.64942078997253,-11.064969797960762,-11.451062787745986,-11.842091324716112,-13.224273113347252,-14.690662413108058,-13.778747513832707,-10.85040782580451,-10.961719505674509,-10.955864260749276,-10.141433416194948,-10.229170665309137,-11.439731275424924,-9.376973635366538,-9.90472128256479,-10.036292274083442,-9.54740932353616,-8.452051338798059,-6.489643092090638,-6.44823873017716,-7.010829521065337,-5.434925044116054,-7.029885526942845,-7.511227346473879,-7.248100445299768,-6.389930133635039,-7.178388660183685,-7.295003075690978,-4.426547103548287,-1.3602742829324257,-1.7692089933695536,-2.9511222504174053,-4.996951628360515,-2.2344353040276976,-1.0617836521733337
