public/json/wind_2018-09-1523_700.json
{"header": { "discipline": 10, "disciplineName": "Oceanographic_products", "center": 0, "centerName": "Ocean Modeling and Observation Laboratory", "refTime": "2018-09-15T23:00:00.000Z", "significanceOfRT": 0, "significanceOfRTName": "Analysis", "parameterCategory": 0, "parameterCategoryName": "Currents", "parameterNumber": 3, "parameterNumberName": "V-component_of_wind", "parameterUnit": "m.s-1", "forecastTime": 0, "surface1Type": 160, "surface1TypeName": "Depth below sea level", "surface1Value": 15, "numberPoints": 4800, "shape": 0, "shapeName": "Earth spherical with radius = 6,367,470 m", "scanMode": 0, "nx": 80, "ny": 60, "lo1": 109.0, "la1": 20.0, "lo2": 116.89999999999955, "la2": 14.520000000000117, "dx": 0.09999999999999432, "dy": -0.10000000000000142 }, "data":
[rows 19 to 37 of 60, columns 0 to 42 of 80]
-12.270316897358418,-11.869223447555537,-10.38758307782344,-9.606296851382249,-9.580122422037132,-9.570955647915644,-9.168320836925105,-9.203284491595447,-9.413622863069325,-9.10388021272583,-9.063619911690864,-9.26478715927338,-9.439701135047683,-9.73309257909626,-10.006657355831448,-10.319245918769724,-9.732065042071834,-8.550675372362535,-9.292641344805494,-10.770877536687465,-13.456426724835307,-15.508164963591888,-16.092095196730867,-16.184585900187486,-16.99321046284183,-16.61099407987989,-15.39637129877751,-15.233502176201686,-15.258353123846309,-15.654422826092217,-16.481651210150446,-16.46375650153788,-17.34077735768073,-20.532533315380864,-23.22826940849189,-22.318227326072254,-22.02592885487536,-18.867624011067527,-17.04919423873441,-18.42151671491535,-22.477500414099424,-17.383659247178823,-19.40719976112845
-12.763096959516098,-11.272380613617047,-9.873704441384776,-8.913604681033105,-8.537094833695384,-7.823625162567774,-8.229313580416935,-7.399408084245316,-8.282408615363117,-8.490698846483642,-8.951074609168591,-9.297575182087094,-9.579942111827636,-9.56555279108929,-10.074473956918554,-11.111311750293675,-8.746816409275652,-7.1507913069101905,-7.838749920741757,-9.803669628650383,-11.058427556196675,-11.514010171875272,-12.820719414379447,-14.481684514092784,-15.064060633482583,-15.3660907560833,-15.786776498850045,-15.301083759557859,-16.256136667125613,-17.005535098558664,-15.484945976793803,-16.93985857673423,-17.350838831545794,-20.703039639620453,-22.42316026608602,-22.014364289801,-21.639617379690623,-16.928869187709086,-14.724644360878493,-20.556139055653578,-16.95291790817908,-15.665542508023465,-19.178727255881007
-12.023244616196278,-11.894854160631294,-10.277616121278584,-9.501279846211835,-9.009697568003022,-9.345777239529346,-8.862143121291066,-8.189117079608804,-8.851491219481423,-8.129168276908471,-7.956660248259792,-9.452452025994651,-9.466785871639628,-10.00162705958884,-10.818946488552724,-11.790604361410868,-10.238829990568274,-8.831066026534174,-8.987147089220345,-9.0388169704188,-9.592431573026088,-9.299328703814892,-11.327295065637188,-15.216141596418193,-17.204687063527082,-17.972093508082462,-18.057781451537146,-16.232761256630244,-16.21158117878821,-15.577603027271383,-16.848886157893425,-18.282960659977608,-19.52265233886671,-19.387512781004514,-20.650702678816696,-20.843675446758656,-20.401562928520725,-17.25783673353087,-16.488628622282736,-20.187299443283187,-14.311936107557004,-18.54708846995049,-17.141321383382436
-12.763025014902738,-11.121989864537346,-9.988953328243685,-9.826061279150766,-8.441557374485438,-7.751413342497729,-7.760393118221001,-8.68348901942001,-8.112172841925315,-8.307461256423444,-8.924887219737426,-9.265759014495668,-9.529411185426763,-9.869875659732205,-9.988285221297806,-11.618608046840112,-11.45706574603764,-10.74108505092828,-11.16573654694799,-12.499225015646356,-14.120196459831106,-14.983402879852605,-17.338823676779718,-18.46137137649076,-17.554342693980395,-16.309939987876433,-16.439763492125504,-17.679214587702027,-17.828779974921524,-17.933385943573246,-17.794132098277387,-17.04477750468282,-17.282859255202332,-18.67088923498171,-19.58940611524549,-19.38698142121531,-18.172026826045453,-18.981335896111744,-18.190201891126275,-15.340809088366628,-12.108872469178449,-18.141495560183763,-14.194643932071696
-12.305579523520136,-11.224225496480063,-10.579415832368458,-9.687229858622954,-8.793270137573687,-8.521523087207713,-8.480178493284956,-8.746872813266402,-8.173781937381442,-8.357978393982993,-8.66607549214725,-9.549220288808128,-9.863973533208561,-10.330773544487108,-9.941949167682882,-11.073588194336537,-9.825587665845944,-10.941935877731485,-12.86525343106921,-13.274684923100782,-13.707384409696179,-13.915335190282587,-15.29353180761941,-15.010403774419506,-15.209468454357188,-16.97070827164258,-16.905619731934504,-17.513384829212374,-18.111146842356344,-18.183366481297355,-18.402779125583287,-17.788961385615163,-17.279124563398888,-18.607001053308565,-19.48604850752831,-19.07333137247419,-18.92427182090109,-18.109954012769155,-16.22616109497552,-10.242591424315384,-14.000377652734647,-15.88802020858175,-13.680550526166162
-12.695393248203938,-11.53864851426186,-10.270633713756816,-9.888146383937645,-10.182371403805227,-9.826737550417922,-9.855301791903631,-9.589946458701059,-9.71920751967339,-9.734907360805376,-9.239457039961014,-9.08900198351387,-8.871501121697571,-9.671778425594223,-10.31933509978475,-10.419595871403942,-12.925305479192247,-13.313161938382208,-12.953646321440868,-11.956311158289726,-11.703508580377521,-11.697936787713404,-13.369287385159389,-14.200801968550312,-15.296103718091562,-16.016238052882116,-16.05614129382651,-17.065858524739564,-17.53424397014679,-18.294985620322414,-18.397102048225364,-18.211348168816258,-18.79744398840134,-18.995711256499913,-18.358412111403357,-18.297799685302664,-18.28680626422985,-17.33723642522997,-11.172381498728953,-9.427966937172576,-16.417473515264554,-12.06987243266034,-11.100824062843905
-12.933141988086419,-11.649607560170384,-10.365501060281607,-9.406726294327974,-8.836170962127916,-8.673171735411916,-9.54604130562737,-9.63737994130418,-10.098162573294433,-9.282553087610772,-8.906021733605854,-8.238112131586899,-8.856577489302804,-9.36715768184294,-10.05834033400049,-12.191998413307207,-12.251813341707015,-11.921240332048365,-11.773092357496463,-13.020478692678711,-13.542738578700318,-12.781170256768227,-12.938316136734047,-12.512103942100616,-13.784720696929226,-14.427878684742232,-15.206066586995675,-15.577951571406839,-15.880350992788262,-16.489409019706258,-16.847146375346934,-17.77855631185883,-17.141417572166674,-17.233516627300133,-17.137815828072718,-17.187297576339166,-16.92238172365523,-15.34031371286891,-14.15010374447969,-10.796726450582291,-14.84886513904275,-11.075335293049818,-12.53202673768951
-12.648866875938012,-11.646668254284902,-10.36256143499783,-9.265229146312722,-8.272028172985225,-7.483467006443442,-6.419691000580599,-6.910337898476347,-7.640106762789895,-7.493881672298435,-8.48991930340606,-9.00895366615897,-8.902088356438531,-9.347466946894976,-9.647671436291487,-11.230643303127806,-10.976016495752472,-10.71158526407222,-12.540493820394968,-11.893453061130954,-11.495297068708053,-11.989450511459765,-10.999838658825205,-11.478383475992999,-12.760657350357349,-13.504341394717514,-14.288402708885629,-14.861696334443366,-15.915043589065451,-16.844075091800143,-16.360058400262975,-16.080948381222868,-15.24694066927057,-15.77698956211773,-16.594088294897233,-15.835656570192597,-15.869797219276414,-15.036884089454755,-14.802245491828657,-13.592666059986119,-13.152932401570718,-10.471704419736236,-16.285781343587278
-12.710564566872423,-11.909007409628813,-10.742563438402032,-9.382583722641828,-8.646926235940922,-8.93008509655135,-8.864369893127707,-8.447125109683407,-7.753479616635263,-6.262327802120148,-5.518521941472038,-3.2672261479264018,-6.944742212145433,-8.1020869988627,-8.759431477714456,-10.595288926198283,-11.302615658447845,-11.149403054422846,-10.806806495180298,-10.490183791315738,-10.490352183270389,-9.598815720386602,-9.474033029529489,-10.563017738384403,-11.413529577628504,-12.152636360595508,-13.369245764806887,-14.138244254920558,-14.321258555989996,-14.615063751201953,-15.777830398532256,-16.193085761007275,-14.941224289757544,-15.720370573302805,-16.194399980055117,-14.079507450720557,-13.890989795661884,-13.620972376325819,-14.39019679197675,-14.25906255284097,-15.511597889434471,-12.531502456056579,-15.070188540650518
-12.569371300684375,-11.305597983965257,-10.239974837052713,-9.08964431553307,-8.968454673447301,-9.396009194850095,-9.600126204520567,-9.196859608482558,-8.819197696086805,-8.984439092346381,-8.691444892582012,-9.084734735876609,-9.82532907752214,-10.673073792869978,-10.823677773295886,-10.305311928080295,-10.03329485181801,-10.039218790512361,-10.734629211414596,-11.212129492734364,-10.728403884356336,-8.62392788003272,-7.955898020737239,-8.620671786280129,-9.99610366482404,-11.642340915798577,-12.944233964652746,-14.067846266591115,-13.906357058036944,-13.829985124945615,-14.819191450677831,-14.732761503217045,-13.382214283014711,-13.933236573950033,-14.685602262105206,-13.268823605150104,-12.58205935323427,-12.943326374053461,-14.639254561316097,-13.853805983351233,-15.872300666119882,-14.221403432918597,-14.273896911741803
-11.279986258011116,-10.423593359434511,-10.671914901653833,-9.376207523022464,-8.905342702564937,-8.93599747799075,-8.93153393413739,-8.84071551530508,-8.799167533782764,-9.134448171401248,-9.100119957722463,-8.92382532487513,-9.553101799901135,-9.24766585399492,-8.741232643099051,-9.455627018452867,-10.188756444221312,-10.806999631237845,-10.752404739576072,-10.581706912943373,-9.557311066456478,-7.282315017364243,-8.556374839680625,-9.917430822573673,-11.318885803596512,-12.125831760817409,-13.400573121280301,-13.786986621373014,-13.628063217171578,-14.634501005231044,-14.156580420213757,-14.27969082321111,-12.13760496429639,-11.982340555153513,-12.647374420037444,-12.093310893571285,-11.024006987064338,-11.885848883960097,-13.578043857974585,-13.51265522736503,-14.623497734981392,-13.335533247539093,-13.295053597175109
-12.620097051049427,-11.156366134425362,-8.897783206252633,-9.303140376026509,-8.18958055372944,-7.303082683692663,-7.570117503851172,-7.758605153007153,-7.800374264934779,-8.202329266569679,-8.093235560906876,-8.455442165901836,-8.526501265070527,-8.870361475344946,-8.838246807870812,-8.851038774247606,-9.096610657456306,-9.703333207533559,-10.223920031752918,-9.698344161381238,-8.03727344187083,-7.92507785122296,-9.006008558499133,-10.50080166883184,-11.858857457293652,-12.944132577135928,-13.420506957563548,-13.232459739214537,-13.008326532638087,-12.810652702963411,-13.27708391448335,-14.080340680773665,-13.363432721381237,-11.374271996112974,-12.174107741721992,-12.55173065685554,-12.50775345963892,-11.527354220732416,-11.796249039557432,-12.386223599503467,-13.314445354533277,-12.163773730274412,-11.726287507612076
-11.946300495256075,-11.471315948227122,-10.629679655340519,-9.60281104648121,-8.346821323438771,-7.721464281097954,-7.084374482134621,-6.84018721282007,-7.042049057477938,-7.387348709404431,-7.3534512031378165,-7.659384970478879,-8.370038961872453,-7.916528773333519,-7.753532321624813,-8.007146136086844,-8.508917956733384,-9.360862321643932,-10.230984873322978,-10.265539730868444,-8.495373790258265,-7.494808036296353,-8.242148339003293,-10.303517312157403,-11.219725026458487,-11.38605013607642,-11.596840704114646,-11.9806489206429,-12.185963022336782,-12.123782767898462,-12.847681112226477,-12.708280247576631,-12.395774483127951,-10.586865800993888,-11.410280012130345,-11.954689097027842,-11.187159218771152,-10.609746059378663,-10.688781519197333,-11.473071955174978,-12.027720356977113,-11.714383888761752,-11.184880745885348
-10.900959390860006,-10.574445710821628,-9.292562425022167,-8.695344636019447,-7.431999739176348,-6.89435230705956,-7.0555185830207545,-6.9587262664028735,-6.790509101627618,-6.94570566270062,-7.107550386504894,-7.331631398847496,-7.402247733670636,-7.168625200911502,-7.522848190772946,-8.084591444203378,-8.554109199620457,-9.188298577611178,-9.69228513451638,-8.826163792827778,-6.438222657056264,-6.055258994703446,-6.994616146928717,-8.123121346392388,-8.54730813572507,-8.445849031742139,-7.844244331584814,-8.830861648250313,-9.765497671865315,-10.58957615244518,-11.696017377218933,-12.722018130944562,-12.51804483737907,-12.826061294637258,-12.368545409034505,-12.342780167133403,-11.038221809098843,-10.666443395526509,-9.859345472336079,-10.504316530742521,-10.938904336399673,-11.173593865397683,-10.976675617456738
-10.298559488329605,-9.702574620913106,-9.244659624400946,-8.284461523934262,-7.700966687949452,-6.385555533100303,-5.423614315485398,-4.924766497305829,-4.574917366921044,-5.73184151126346,-7.16300684394225,-7.07174900403288,-7.0628017978062925,-7.26218287817314,-7.64444610321241,-7.936258177345346,-8.631338565260322,-9.026361787712204,-9.009972167520493,-7.958331307961622,-5.490119734916325,-5.494396443002908,-6.303765317363505,-7.119277998220087,-8.540707432134976,-8.697384781454588,-9.335732897977628,-9.517006837011134,-10.835483804947481,-11.334624497618128,-11.07300311895134,-11.08899869985997,-11.296471651727954,-12.308372757338146,-12.49084141372882,-11.655418925716464,-10.05074922416875,-9.106266773373077,-9.417335391772541,-9.468859351328113,-9.372686651207815,-9.26223520194486,-8.989540069285203
-9.694478099122719,-9.93682138043883,-9.231318391227063,-9.236739570088666,-8.043865254666086,-6.418891911620965,-5.599838593795527,-5.022638759029912,-5.222031676232565,-4.949328412664527,-5.678596843735629,-5.8763995566233715,-6.213576015995507,-6.465326301296415,-6.5661938265629844,-7.27801238685577,-7.455789202597426,-7.498678576217565,-7.354096697292437,-6.271179771982117,-4.981298157401344,-5.635453989289119,-6.97208656305591,-8.058577908425084,-8.18227114952436,-9.012734678856615,-9.811015418220553,-9.39552946153959,-9.461658836709448,-9.711692225508871,-11.10312204511514,-11.413770638977587,-11.725451718009753,-11.679364256767892,-11.68997067762184,-11.592974862789534,-10.815021879924945,-8.99006190263715,-7.740740054390157,-8.53174375545617,-7.9212986531634835,-7.2357764568853815,-6.874915598513781
-10.518094384071995,-9.39634082763286,-8.07389875488064,-7.8229348015079045,-7.22731310941224,-6.929938009881809,-5.7684336122696385,-4.781306475904598,-4.380033507669408,-5.1887818342000385,-5.301130609629711,-4.708043537814383,-4.640047412091884,-4.518522326171077,-4.744336823145845,-5.628506468877737,-6.189973731296187,-6.283876682222171,-6.80842146457974,-7.04172702128399,-6.835083465430153,-6.593250817291347,-6.971737498110247,-6.62047423313534,-7.586471493369258,-8.502420710650405,-8.27614285205102,-8.801409123274784,-9.066985156136287,-9.474041316477383,-9.057074073811942,-9.165312166635342,-9.379696189151446,-9.663102828558783,-9.921473454886707,-10.188570767321997,-10.882586200585624,-11.251657991951797,-10.398037989472972,-9.338759611697508,-8.384747080325912,-7.4962651102550755,-7.419127456052868
-8.225872946446831,-8.403550128498344,-7.848849116058552,-6.0050935482060845,-5.512968927374985,-4.42108744020876,-3.3569292961945107,-1.246054241377428,-1.4657391803360134,-2.6357742397315236,-2.3604697639991823,-2.5155090465223564,-3.333443037571861,-3.062284144091495,-5.39150713159022,-5.918551104077389,-5.907459780147714,-6.069595499029555,-6.744006026841488,-7.558315169022937,-6.649898219259157,-6.09775170821829,-5.839989970206457,-7.5943610335241605,-8.126874547269098,-8.073110385061113,-7.998931706648479,-7.480289246336023,-7.388513660686517,-8.737225019258817,-9.215427450814621,-9.343725893006692,-9.317747618295744,-9.26477295142067,-9.513262323546599,-9.495000750003184,-9.927419598461086,-10.31131722261269,-10.956731222200867,-9.744569620517087,-8.27053213199402,-8.054687713317668,-7.8034072942924695
-8.25703393078175,-9.022950661736363,-7.712114150647818,-7.374289279148834,-5.556104125683058,-4.438141045978074,-3.5594117418630544,-3.085996132492961,-2.9598917876808697,-2.9023493185875235,-3.0979235772881064,-2.9203557830629627,-3.251147444597304,-4.657472651887425,-4.463696924891777,-4.553277634820322,-4.641987553276932,-6.078233070860937,-6.950830334676015,-6.513573685254722,-7.177364299048325,-7.073815573264104,-8.315573822907293,-8.050472118677636,-7.451943672273848,-7.186688091039031,-7.008681713223348,-6.477828020010805,-6.180300434164019,-6.48200098172246,-8.11367445017981,-8.792551089487816,-9.096914042772003,-9.224870132137216,-9.238640456913224,-9.754487819009592,-10.851987658424878,-11.978913304541935,-11.57195545419804,-10.555001293224999,-9.858682298660192,-8.756514438912676,-6.907821274760146
