public/json/wind_2018-09-1517_950.json
{"header": { "discipline": 10, "disciplineName": "Oceanographic_products", "center": 0, "centerName": "Ocean Modeling and Observation Laboratory", "refTime": "2018-09-15T17:00:00.000Z", "significanceOfRT": 0, "significanceOfRTName": "Analysis", "parameterCategory": 0, "parameterCategoryName": "Currents", "parameterNumber": 3, "parameterNumberName": "V-component_of_wind", "parameterUnit": "m.s-1", "forecastTime": 0, "surface1Type": 160, "surface1TypeName": "Depth below sea level", "surface1Value": 15, "numberPoints": 4800, "shape": 0, "shapeName": "Earth spherical with radius = 6,367,470 m", "scanMode": 0, "nx": 80, "ny": 60, "lo1": 109.0, "la1": 20.0, "lo2": 116.89999999999955, "la2": 14.520000000000117, "dx": 0.09999999999999432, "dy": -0.10000000000000142 }, "data":
[rows 21 to 41 of 60, columns 0 to 48 of 80]
-13.104665389332235,-13.138158059807004,-13.522161132697928,-12.854480627913668,-15.055285962430002,-16.49005053086033,-16.02881924832662,null,-16.829730081046648,-16.10504402206836,-15.464045705662684,-15.584109085918806,-15.921219736760174,-17.13690025879873,-18.375335359986167,-15.456653766921855,-17.675944356310048,-16.503987221257237,-16.63935783557553,-15.0603849984706,-14.290338118453462,-6.492381231023582,null,null,null,null,null,-16.854370128206842,-15.515173130785252,-14.446792614187592,-14.69739306429693,-14.290095531115817,-15.030702302087684,-19.321054718052938,-18.047404238862963,-19.364372801825418,-20.594620950346062,-20.450248064751346,-20.09414763863055,-16.64920677014225,null,-17.726245867700634,-16.798832510883777,-15.631526381961534,-16.445745813046383,-18.01501323365557,-19.418400392640862,-19.158424005597038,-17.15178509565959
-12.263156957507551,-12.416568207893029,-12.43222364717783,-13.481480489815548,-14.118830266326663,-15.591869534940978,-14.944235210993254,null,-15.832432496261102,-16.320114374709796,-15.884494084525919,-13.349531457162636,-12.879308943619241,-10.801145045948244,-13.042205955654538,-17.58704656756015,-16.884033001260725,-16.592766244877915,-17.2834464643659,-16.421665513427037,-13.99262197057665,null,null,null,null,null,-13.483359103503261,-17.944447441110903,-18.073422193646987,-13.223076913077676,-7.193409390805082,null,-17.96400540002638,-20.487815061661504,-18.903855674467877,-18.41666578566251,-19.688267400347502,-20.78230905193427,-20.320529929787114,-18.076934142855496,-17.005252169801885,-16.680381865402126,-16.175059045529387,-15.169148945748368,-15.006579828711567,-16.970231413352867,-19.30934385447407,-18.803265554256747,-19.586546917361872
-10.88584872333917,-12.288426879150531,-12.974100465797264,-11.738645236391118,-12.257597994525476,-14.95307947074804,null,-8.209058811171685,-15.997899351428988,-16.362805311278684,-15.681350242283013,-13.816316039028932,-12.942987378035335,-15.570234974069516,-16.071886160108278,-15.894886504097915,-14.294147278100983,-18.13030056428509,null,-17.388748586961647,-14.779997274373734,-7.246951939421693,null,null,null,null,null,-16.370423590685487,-16.804772617808723,-15.660217075439798,-10.953682342360667,null,-12.617718152872596,-20.057572842200216,-20.726162772178878,-16.688047427311894,-18.83349536537277,-20.295851222477683,-19.833276125599504,-19.406904617267546,-16.62183240203149,-16.281951373416415,-15.226079510202347,-14.92184653788009,-14.044708933515828,-14.019846620342522,-17.125406402299866,-19.024193150039295,-19.198097497115256
-10.351835168243792,-11.669371126512859,-13.162874101709962,-13.754481212502817,-12.669362284253566,-8.083836964533262,-11.137968365868245,-13.0184004367173,-14.492625155104893,null,-13.734025040711622,-14.97396249663543,-14.265428199563626,-14.730904876967898,-15.747242070547303,-16.167580261696646,null,null,-13.67775172896484,-15.217006316765225,-12.868057636049487,null,null,null,null,-7.706314616918454,-4.453513408692185,null,-15.288693127129717,-17.3097079005935,-15.456809405249828,-14.661735275626924,null,null,-20.16250479481734,-19.22740369947619,-16.744895543104782,-19.559144210102037,-19.774164807858753,-19.36366006929397,-17.765118402093695,-16.78045996335166,-15.400500052401812,-14.740836475701954,-14.789024489084955,-14.41671094592095,-13.105857209759606,-16.11497198762646,-18.66994813918459
-12.031169723487938,-9.912997901280402,-11.676441562590792,-13.773765966300926,-12.883475119560849,-13.918725582450307,-13.92790744304893,-14.872321279034331,-12.267442696429235,-12.484893013167884,-16.499624222911418,-15.437954974806207,-15.19365626855572,-16.598599170002693,-17.296904444916517,-14.939377255845578,null,-15.96577858761707,-14.315282164882438,null,-13.249264886418747,null,null,null,-12.847359298489206,-11.044997922320805,-9.391511865742508,-12.724239902335441,-13.176652857512563,-12.122843239512655,-16.99272665555917,-13.958380115516663,-13.897774812788422,-12.513351230498463,-19.441126472078427,-19.012601805669632,-19.624632121298433,null,-20.205647080223358,-18.61162951138055,-17.758141416519734,-16.555988611758373,-16.31384474225809,-14.791681037071548,-15.074952881992768,-14.616623538298914,-14.6252660976543,-13.381939240567998,-15.330825173992842
-13.429999759251288,-10.947142068682712,-10.228558590793149,-11.977812472752912,-12.979559047148502,-14.018395207881042,-12.905205745253614,-12.36412059062872,-15.487192250889603,-16.054107041617193,-16.66265356354255,-14.89742503780406,-16.54440230544577,-16.587526288779728,-16.104464557478202,-15.624504228690299,-14.784319538250909,-14.220852134914235,null,null,-12.769068529847976,null,-12.237298240055075,-13.376548693058123,-15.353366291132193,-13.827557863450092,-14.152987572963069,-11.61199506083975,-12.239480299794693,-12.517905033940472,null,-16.628687062158807,-16.08159392873943,-17.042572303385082,-18.481661445272984,-19.694465916302654,-18.802678964930134,-16.774961835828876,null,-17.783080883449472,-17.22679580594776,-16.849254624414577,-16.34339624787801,-15.896340687504868,-15.676815452355713,-16.50836135294813,-14.35986638633413,-15.848156613177231,-13.343611501127466
-14.96254107254467,-13.61236547399826,-9.900450173697072,-10.452057607982546,-13.14849829397072,-12.385927930591588,-14.441924780377274,-13.423959482964115,-13.634631433237018,-13.109995556200886,-13.647749421009784,-13.95613633877033,null,-18.39580606621243,-18.003597084674787,-16.555964939731915,-15.126296661842686,-14.078901249962353,-13.334138456405144,-12.53708211981934,null,-11.526409274600715,-8.589031815441508,-13.20188228218256,-15.280058749486574,-16.568719729943137,-15.566086056318557,-13.816480430459816,-11.102345801373199,-12.898793158456268,-12.576477892088691,-14.91254157348781,-17.094409251930205,-15.355494853219236,-14.405107692195195,-19.47866748561168,-18.908625186454216,-18.483166009608194,-16.63574141607566,-18.200493488396408,-16.54358609910008,-16.74027045659839,-16.23379090989055,-16.913713687284076,-15.246710276988036,-17.407007471728093,-15.097560062585883,-15.806174736380118,-16.356597500267405
-16.415778829319372,-13.634173910190073,-11.436547663327486,-8.138598762546822,-11.643807924822317,-12.773150429377113,-11.324915819036397,-13.979083519389183,-14.520285764250035,-14.677736285734978,-14.481773846972432,-14.540429849919905,null,null,null,-16.191780538719723,-15.739856133247187,null,-17.03532152823189,-14.924816323090834,-14.780012982579116,-13.446034258187279,-13.06441379256588,-11.124244254741107,-11.521725572809657,-15.075546445138327,-16.831452435587344,-14.844224055987747,-12.816687000449374,-11.603985766307764,-16.044631037014128,-10.868154721428096,-16.366671264540873,-15.519869895609352,-15.598844912223527,-16.918914055452042,-18.958557599413375,-18.56244169140835,-17.64805718022573,-17.078778833374507,-16.974534216890866,-16.26945693038506,-15.309889199258786,-15.940045081082962,-17.12779923126891,-16.1227925443834,-16.54791726524715,-13.980989710808574,-14.99713357608947
-15.687350767419495,-15.523015476489782,-13.48583290100656,-10.553878898381184,-8.429338180427198,-11.916891520219687,-13.660568023894978,-13.717385781851139,-15.218675742332483,-15.114688464043592,-14.904846927053772,-15.301783586837677,-13.358283247158841,null,-11.896528832931885,-14.340588253947493,-14.873894342283027,-15.778636867847311,-14.888987701329143,-14.326672592483217,-11.8612378438176,null,-14.99701900238963,-11.160552736753457,null,-8.658332596895423,-10.022312016414329,-15.793844463225662,-11.30624263705725,-13.703128118764711,-9.176705899075328,-15.723672398220286,-12.930177821834716,-16.466541025873433,-15.907632889847296,-16.298287062003844,-19.18229008757176,-18.652716638225776,-18.45897127784867,-17.0668503763465,-16.94660540657305,-16.550830985419992,-15.413570499922718,-15.094609655718603,-16.03311518733971,-16.77948039876457,-16.155013864957066,-14.782499491161829,-14.509709043488996
-13.595979215880286,-12.42584166159233,null,-11.895539318968627,-10.282871807244224,-9.226439362273602,-12.844944024110383,-13.608881590390041,-14.779705181591897,-15.003069967384745,-13.91254495666297,-14.303158571512393,-15.019630432184051,-15.787645862965764,-16.630874214260043,-15.892177520993478,-15.439682533739475,-15.056788082687124,-14.761994781726024,-15.676889735722158,-14.751354393938566,-11.6290897191434,null,-14.592061562627425,-13.84641948651596,-13.677617014848378,-12.678183297036421,-11.193016764284238,-9.115685865643599,-11.443355598868104,-12.670692543000378,-13.561379323353634,-13.209900259601927,-10.13003886102109,-16.594460374242658,-19.266208254294032,null,-16.539700766405208,-17.80901397804861,-17.804720873330957,-16.964926581332918,-16.712009070281656,-16.039154480274945,-14.954773592276661,-14.952886705022237,-16.704235952275283,-17.10676194932149,-16.472493382373514,-13.746600898800539
-14.016012749165931,-13.336937463518026,-14.252584002437471,-15.553072016462885,-13.815568308606032,null,-8.86791350582308,-12.534636197454217,-14.020495892985581,-13.89768385466757,-13.894193447553935,-13.663129199608754,-14.350311722512032,-15.701860106301014,-15.327229659840464,-17.31307757353324,-16.121532069278615,-16.628393638455343,-16.559903318586052,-16.34660799007542,-13.812259692448713,-12.600359767707369,-14.201366776433723,-13.767516347176638,-12.62381211048007,-12.400703567950522,-13.405630018809434,-14.736024347562928,-10.934313689725803,-9.018116336324901,null,-13.335878853851803,-15.447219582000981,-15.035525238162002,null,null,-17.639760053051386,-17.520470274556278,-17.298060655642757,-18.226686815562868,-17.145075452153833,-17.341693432926057,-16.80367907603394,-15.091802345691335,-15.584802739059173,-16.65575213621979,-16.875567215916423,-17.089151929382275,-16.768815528492095
-15.141780235222036,-13.790994780661112,-13.729128779377401,-15.64400385817167,-15.506786619676632,-12.762007520486813,-7.486879314382276,-9.57644866004681,-11.157662273430004,-14.50902196191614,-15.158818067377972,-14.83814054258836,-14.520155482229402,-15.002122658555896,-16.24823031203,-15.685178622355622,-17.19246313803703,-17.09337630970591,-15.857813619406496,-16.749129630637402,-14.7370804174773,-14.861981023364129,-15.85890613739823,-15.724204684144755,-15.506646136641821,-14.238050696372188,-13.229501488410863,-13.603240558249203,-15.59402996504768,-11.681353000590454,-10.232864008325823,-13.394852084901308,-14.256463313161634,-15.09144773905593,-13.905751693738845,null,-11.768673836218538,-17.000921264388364,-17.51847410044362,-18.465428685447097,-18.042374957974385,-17.88087523059513,-17.442884558317637,-16.88792346960046,-14.211287008325769,-12.889221126308552,-14.659531701259523,-17.694431321938648,-18.481104821474368
-15.69565228743349,-14.763647741489315,-13.333487882481174,-14.072236637139296,-16.263750409913868,-14.540071804276616,-11.078024108119264,-5.365854460867868,-8.16734271502574,-6.403540448849618,null,-14.403861692778278,-15.05888773343532,-15.591845469742843,-16.072549776047207,-16.793020538205777,-16.947618357133557,-15.5318888153338,-15.667494465790522,-17.111659901458932,-16.430073208097447,-14.608783512738336,-15.582421826249288,-16.908106866197986,-15.57055572817375,-15.268219301954673,-14.592852015336288,-12.39616481042615,null,null,null,-11.526865944116292,null,-17.09795076534096,-13.852274988965206,-12.378021622088568,-14.793395422209864,-17.320011850412026,-16.596114794223517,-17.54554345271863,-18.476823398711748,-16.410654343737665,-18.284296633652804,-16.919679569886757,-15.49874147964929,-13.720209078893024,-14.740731312366885,-14.106829190498322,-16.34714542219635
-16.356246729266,-15.690320991616893,-14.040581896026538,-12.176691253942943,-14.026929654643272,-16.075082586199258,-12.116998624085973,-7.066817632919418,-8.845059607144567,null,null,-14.418769641625653,-14.895402959050978,-15.596346703923643,-16.271262471740904,-16.947885025578184,-17.952500920907056,-16.729520543349622,-16.87169425987116,-16.26431998185676,-17.377061165851366,-14.402143071034505,-15.268192515680335,-16.40957274543616,-16.831896411371506,-17.031403751384623,-15.065638579232303,null,-11.401082615677312,null,null,-11.317253184165939,null,null,-12.27890161370136,-13.533716398954638,-13.70977491553581,-16.394451989006303,-17.574169509255615,-17.44800084554326,-18.607195482153596,-18.113370219033772,-19.005967704340495,-19.079745675603448,-16.98292138895819,-15.2067893912166,-11.457416139775152,-12.008752942525684,-15.45625116341989
-16.18252621073931,-15.561172328882591,-15.165343766150293,-12.845040566082453,-11.713736066882591,-15.577604474651952,-14.529674216754495,-10.694833651288125,-5.825321076573578,null,-4.509534620480984,-15.835441777546416,-14.55569620598349,-15.525791649486708,-16.173072900073937,-15.81786609592565,-16.511072754396,-17.02396284779759,-15.167197638783422,-13.125947510417,-17.607375436963284,-15.561700196677032,-14.470534621326792,-18.143603731498406,-17.554935804828222,-14.988499362602557,-15.374172159676462,-14.41051389466552,-14.456929561821806,-7.9340441738028495,-12.574161865542,-8.195686146554728,-8.084560560731884,-13.878236336588785,-14.75410977280673,-9.79589872274346,-13.1190312493388,-17.295472582573627,-18.460052342343573,-15.650473800637547,-17.293625604602884,-17.655024169969693,-14.701129471152486,-15.492351351373268,-14.70259370173895,-15.937863810682828,-14.87554176976393,-15.63381753470627,null
-16.350267122010962,-16.35521076656269,-15.4194662653308,-14.414858878282605,-11.265885639655172,-12.669333219844145,-16.36138389710468,-13.587174135682694,-11.628991245194435,null,-9.546927118357202,-12.911158352799948,-8.892570334378197,-17.127339216696015,null,-14.842374813572064,-14.207565685701429,-18.0626308296067,-15.261627046159852,null,-12.760527222769966,-14.93187217343737,null,-17.53314404839631,-17.758260719219603,-16.216043177261426,-14.961685703054119,-13.806322708246148,-13.748573462069805,-13.005984818419062,-12.032862584937442,-9.235828106530503,-5.667734654841855,-12.031443651510292,-10.694726434719804,-11.86131717336988,-13.248295614807706,null,null,-16.52438049336776,-16.07038359232557,-17.6801262186038,-16.81171027610385,-16.048752910516974,-16.92916712922247,-14.59242095802586,-14.657169805761542,-14.147265029267253,null
-14.559612034551321,-16.443937907281285,-16.65386148307225,-15.379096060963217,-13.399392189480315,-10.069815508699453,-12.60741378764709,-15.76804306798462,null,null,null,null,-16.085162959127405,null,-14.91698646687652,-15.08191042908459,-14.784296713112706,-13.63254389995328,-14.722701053571946,-15.65611762978044,-13.494194094509748,-18.215281195907913,-11.88463049934969,null,-15.44780328494588,-16.920022657282377,-15.868207316206178,-14.631451566745229,-12.691457994977373,-11.894103376044777,-15.630902218990077,-11.821294619065544,-5.067035531627219,-6.269840574797949,-12.169346369228297,-10.442613353440766,-10.394521067764117,-15.792265094489178,-14.44124563596483,-14.88740832447811,null,-15.122904903609403,-17.34850993104013,-15.690255314886885,-18.899368643852554,-18.10884627828816,null,-10.400424432699701,-11.257779371092802
-13.217238132678105,-16.82359676046595,-16.459883155325333,-15.920030753878809,-15.148442418664327,-13.297555166980668,-9.53135866599477,-11.851244608895696,-13.957163516411308,-10.261318967577589,null,null,null,-14.149320865664743,-16.301702516961868,-14.247968204002417,-12.964107165255564,-10.783617559726075,-13.420041724276878,-17.277573437343055,-17.017968043848832,-15.158326855630865,null,-14.756392175701725,-11.681816965420467,-15.316358489940253,-16.139329460066627,-14.883198652660434,-12.0921441112638,-13.90930606573447,-15.268909621907948,-14.27079085455135,-8.699645053617607,-7.76299003808846,-6.6919801950056685,null,-14.935551275180362,null,-17.26503805028546,-14.244708642425952,-15.234277824813148,-12.984042435831478,-16.053330550329484,-14.904091953712374,-15.474151446864486,-19.01463316393207,-15.135493101561316,-14.479528923876062,null
-15.026035346234684,-15.305722335247184,-16.65012306391911,-16.86126529968385,-16.264747634022225,-15.181775615163048,-13.401734387764861,-8.337559091486876,-11.846719663650875,-11.587083660382065,-6.065088589574382,null,null,-14.890604359837521,-14.77791417116427,-14.390908890935231,-13.976922710710413,-13.355651401777035,-13.197067045043118,-17.67937634926908,-17.562361490393304,-11.903730198091857,null,null,-11.421436921467377,-18.328790612761104,-17.842134916584133,-16.109151852819036,-12.190792785137585,-14.489435851734964,-15.240904438240413,-14.930961085777795,-12.895280384260221,-14.48345036329733,-13.294068553444866,null,null,null,-11.073617507764997,-14.089775122955412,-13.54799312027221,-11.833779427338698,-14.52246937962134,-16.609028399151512,-14.486249781390732,-8.200399678921208,-12.231903803723736,-12.672549743347554,-10.896494348182895
-13.483392365776647,-11.823527277331769,-13.789436361180256,-14.940314185609722,-17.08531591356001,-16.27447981691826,-14.886582573880862,-12.328206268189934,-7.199817811797162,-11.65690206907195,-8.214899545177447,null,null,null,null,-13.26292349344526,-11.102232258952963,-9.784793042202923,-11.950129997537742,null,-14.789693544000016,-16.183069624768585,-16.561361587780308,null,null,null,null,-17.57220584638245,-10.738598170081687,null,-11.723083349115074,-18.296874429683818,-12.64349513316652,-14.716806773461066,null,null,null,-12.658817653740051,-13.674336446486624,-12.048037118590242,-12.38194218664172,-15.629708672060747,-15.127459803043566,-14.541931832979952,-14.129749873760172,-12.006754871192117,-11.963826772994128,-11.615626329893546,-13.855270846800332
-9.667820648931386,-11.634289145457053,-14.60506202957738,-14.429188922395404,-16.658956821443265,-15.733710077308503,-15.627566640896603,-14.58927589746503,-9.720891891223136,-8.515169403841503,-9.761866330586653,null,null,null,null,-11.487023592684906,null,-10.85898179010904,-9.793583631068259,-10.341970094846996,null,null,-16.583005347211703,-15.563874513282773,null,null,null,-14.543159906270702,null,null,null,null,-12.134353815342488,null,null,null,null,-11.554513559686475,-13.305377148706672,-14.159991546756203,null,-13.191644861800082,-16.061037729601352,-8.845296776898657,-14.791788535977524,null,-11.9931651196838,-11.169689332052071,-12.494047251384645
