public/json/wind_2018-09-1604_700.json
{"header": { "discipline": 10, "disciplineName": "Oceanographic_products", "center": 0, "centerName": "Ocean Modeling and Observation Laboratory", "refTime": "2018-09-16T04:00:00.000Z", "significanceOfRT": 0, "significanceOfRTName": "Analysis", "parameterCategory": 0, "parameterCategoryName": "Currents", "parameterNumber": 2, "parameterNumberName": "U-component_of_wind", "parameterUnit": "m.s-1", "forecastTime": 0, "surface1Type": 160, "surface1TypeName": "Depth below sea level", "surface1Value": 15, "numberPoints": 4800, "shape": 0, "shapeName": "Earth spherical with radius = 6,367,470 m", "scanMode": 0, "nx": 80, "ny": 60, "lo1": 109.0, "la1": 20.0, "lo2": 116.89999999999955, "la2": 14.520000000000117, "dx": 0.09999999999999432, "dy": -0.10000000000000142 }, "data":
[rows 0 to 18 of 60, columns 0 to 41 of 80]
null,null,null,null,null,null,null,null,null,null,null,null,null,null,null,null,null,null,null,null,null,null,null,null,null,null,null,null,null,null,null,null,null,null,null,null,null,null,null,null,null,null
null,null,null,null,null,null,null,null,null,null,null,null,null,null,null,null,null,null,null,null,null,null,null,null,null,null,null,null,null,null,null,null,null,null,null,null,null,null,null,null,null,null
-2.3608813520509724,-1.8124922074675782,-1.4360061562050006,-0.95887264826406,-0.2863917698448119,0.03092917158340747,0.32294210725164685,1.1680229743889359,2.0799309844824507,3.335093906375021,3.5587878609148573,2.798512376026003,3.2139664131450485,4.210556705005315,5.438134914212171,5.711565455190177,6.143213528393121,6.849328110187091,7.230241850933553,4.878146266254808,-1.1128745204108574,-1.7977291620961398,-1.4341751723918685,-0.8609317095950173,-0.3419284669041268,-0.2804873210620596,-0.2312554526483636,0.1704989301143004,-0.6956852073034072,-1.2249230861463065,-0.31281810740147536,-0.5838266607737432,-0.00031860807208061726,0.7096642373591919,0.31226985009159247,0.5847611331451976,1.6217234744738926,2.376493991862267,3.3754003984199814,4.768171377276529,6.902111254209621,10.051891650246182
-2.4315306662726126,-1.8195260827933595,-1.9542419565101237,-1.6312506707724233,-1.0668944125975908,-0.8625047969534069,-0.9973932572771385,0.6946439866570292,1.6292437984981671,3.5099178182892703,1.465653539074864,2.3399538560705193,3.2452029876666786,3.983708295983424,4.05834257954439,2.7189104754426983,3.2784120788007267,4.690012869569204,5.943380373104757,-1.8568490114213407,-1.6251811546852233,-1.504071005986339,-1.8530717493617619,-0.6080392848867362,-2.260738335360921,-2.4424448669172247,-1.59488743641519,-1.2078581714323127,-0.9854501776460094,-0.40661060264983345,-0.9392173309020645,1.0814082831733998,-2.473600655813023,-3.54620130968517,-2.3763123902261643,-1.6778297159249054,1.9764120611408622,2.114948114528875,3.56189590566708,4.912277589177288,7.056437878215528,12.003173708748891
-2.0718941100062525,-2.113871142278298,-1.8314011259508207,-2.4138277355945106,-2.4627675696660773,-1.954499011061993,-1.5015741385618355,0.6014965613441989,2.8140089746289627,1.27125808895895,1.1015777526540578,2.429763458468868,3.0182510070954964,1.7863842120653877,1.0407618240057226,0.43013462518932466,-0.5542832436278973,2.6045686427226222,-2.6032780501391803,-2.4830317631623666,-2.9014272742083618,-2.8106211186465004,-2.8081194117557473,-3.9997608842510832,-4.410214737996355,-3.903391287065756,-4.383167442079085,-3.195893422587914,-3.240178713663734,-3.255339387382351,-1.9827254011180722,-6.779398800271496,-5.441268582970774,-4.198131941570018,-2.1721889402343613,-1.1434706092601212,-1.912568278671269,-0.9961903823849205,1.1037373004846447,4.829936892766664,10.828049052716434,12.529768076461158
-2.378426458123345,-2.1380669398658187,-2.482023602002414,-3.517611177227415,-3.5174623905965743,-2.603277090498921,-1.3198831394786348,-0.7331793458631506,0.523962793932707,-0.011256067978245337,1.1266584933217014,1.6770029271744569,0.9020420710212608,0.8386457967369894,0.1609177005334923,-0.8170567547295623,-2.339105958150838,-0.9271702123514143,-3.5646510606623716,-5.133265047174266,-4.7366623320789385,-4.9158834014314134,-5.074920731173139,-5.338851670105499,-5.307497202485984,-6.127323309775694,-5.687865773677235,-5.571116188425652,-5.597741758717207,-4.793972983451489,-6.109404967014692,-6.902239937138056,-6.180522120917564,-6.541153739699702,-6.927084650888803,-5.8466056699110585,-1.6205613505950038,2.127145411895132,5.793673092299714,8.342096898963275,8.8323541389651,11.240953870293907
-2.415665548700114,-2.520775177903341,-3.1330378129697998,-2.674104382194259,-3.6724359260989328,-3.595280528770038,-2.1067757640030695,-1.340317750685658,-1.3620116725596314,-0.3223260262750787,0.5038182360531167,0.47272864710226337,-0.12811602602827413,-0.3471005963373981,-1.7574954065558095,-2.479727270261803,-3.823930192819631,-7.354912363320556,-7.420777874688885,-6.27761024814967,-5.329611982389782,-5.582520491604633,-5.4123388320161165,-5.400630430672388,-6.6387236818202915,-6.914159178730895,-7.76084546396835,-8.074775761049445,-6.750213975301547,-6.5944618709754295,-8.032022679936095,-10.634558489989056,-11.118839332170866,-9.720535536129637,-6.566033872925252,-3.1727471342736386,-1.5211457841118112,1.1022581434365792,3.6165728510751665,4.675606425667522,5.807056522868468,6.538189965884263
-2.6978325943308743,-2.2641196331669073,-2.440630448177239,-3.756412037838194,-3.6249199557765164,-3.369774254859993,-2.407624360397523,-2.031965081305419,-1.395120790606108,-0.8680219028868608,-0.2216233070352682,-0.2790090922709194,-0.7664232013792955,-2.0870497982434077,-2.7755367405103013,-3.51924915390762,-4.374816620406773,-7.039851116249282,-7.368856553491947,-6.822676022477959,-6.501683727210244,-5.836767005297548,-6.232845267666113,-7.383770553505541,-8.023699234973815,-8.47643538462225,-9.67507202222161,-9.311706167235457,-9.712600988873758,-10.094230098640242,-13.18162280013059,-13.125124638263037,-10.52561977550631,-8.629487326609437,-7.494719057332959,-5.851138268931241,-4.13396380617575,-3.0221728113544817,0.6702767159099073,1.6718012049861772,0.9056497600853781,3.4930719789864546
-2.905099115692715,-2.8835468079518742,-2.2890285853494663,-2.460695504470159,-2.502176980833686,-3.007758781495408,-2.393660257717976,-2.0570514404219074,-1.8816185428588785,-1.164812630544346,-1.026365155534812,-1.477312497041113,-1.0213034901038804,-1.9760849965786462,-2.328146155535787,-2.517202322470933,-4.33893890114636,-6.578743438057297,-6.961730405790199,-7.493493403222583,-7.35788989221743,-7.220663681732841,-8.503277400985297,-8.905466329290535,-9.528753826546996,-9.839383145767988,-10.9046660058998,-12.549135855029832,-12.251131071890287,-14.840781505291808,-13.799392126649725,-13.775476268085168,-12.228713563318166,-10.862435248687428,-11.23911195757386,-8.67092680760835,-3.302511372040288,-3.169115515770433,-2.8729111027573193,-3.0583180950459745,-1.2039920875850538,6.41168199184904
-3.365343518043722,-3.380705712348984,-3.098128822019774,-3.126047739137681,-2.4397840237216637,-2.2144095107826676,-2.4792283586550865,-2.176806877470478,-1.8050037363293732,-2.0561944679940076,-2.0501087979073693,-1.7964279640227871,-1.7355794084222347,-1.340048053585681,-1.728169780609441,-2.094104722991096,-4.09828446948206,-7.47477790824068,-6.992723533045853,-8.389815513381848,-8.79815370031573,-8.964892077978972,-9.985179799701056,-10.208415840993004,-10.271422326663185,-11.33326438807659,-13.998430471729385,-14.430478859554709,-15.954869915984435,-15.73917726435387,-18.530697977440365,-15.714701029806657,-13.497048301893422,-14.193367317442803,-9.564123144959211,-7.458031711643453,-6.455441469500519,-4.344962492483808,-4.0673931182251755,-0.3099260486725404,5.894223994688126,3.1836199452962894
-4.392147091028928,-4.443335541555278,-3.8794052509356716,-3.3291412013327037,-2.5560373348847483,-2.2308962570489275,-2.379902880824706,-1.9506470019391857,-2.74966151244769,-3.1436607589196406,-3.006625437827327,-3.9749742984118037,-4.015353071863101,-4.041629034067944,-3.8456367607047426,-3.821788952943235,-8.530518934184212,-9.69386559505286,-9.876869102065655,-9.605356963214351,-10.311012422056299,-10.7123148881441,-11.386750918508788,-11.469182040614552,-12.02482880650846,-14.588737758812512,-15.998584244693832,-17.201876940248116,-18.804826216775766,-21.564369105754174,-18.88730377131654,-17.001613765724862,-16.20619896015829,-14.311601429573628,-13.669557048210455,-11.07003384514165,-7.631147996539201,-7.999555949389762,-7.869413486498477,-2.656033830437438,-2.3200643752243395,-16.272587844798036
-4.980775294362125,-4.863786155518399,-4.331892008261814,-3.869856896605428,-3.029794815775541,-3.0646872768564695,-2.663842373496662,-3.1976400532403564,-3.895125986347316,-4.579683457391377,-6.013307153969081,-6.636501163187425,-7.097136415442062,-6.9961134177017295,-6.370792741048468,-7.268263937019658,-10.02463208653371,-10.249881987629296,-11.46146289033698,-11.533944778962555,-11.774536759712472,-12.477179039066764,-12.584531045041102,-12.07623293011498,-16.248551042662466,-17.40146134121519,-17.542942377786083,-21.37575857602085,-23.9841648867621,-22.047449459585636,-20.512716672940975,-18.34044912144309,-19.319640788207366,-18.618248827126962,-16.94913592939971,-14.399047051005068,-12.465684350110056,-9.041033998046192,-10.537672447420464,-13.03695884750806,-13.784832132036987,-16.341503234370435
-5.71891392499085,-5.289765503503311,-4.694569407154417,-4.581493871931111,-4.367420418110367,-4.14679541810029,-3.2635926377766573,-4.374226985013209,-5.1967452177244455,-6.842295163416621,-7.37675430940565,-8.29274410421342,-9.116438068056638,-9.118887014412577,-8.50124033495123,-8.936590666024358,-11.574347799260813,-10.944280857342525,-11.815787716703557,-13.418521131027681,-13.415731333619282,-13.998702627065876,-13.520057317059532,-13.470635670445695,-18.946539116864223,-19.989690358124896,-21.35386900560596,-25.463970475814808,-22.793068282214364,-22.589171612946593,-21.525948228654663,-21.42323416635584,-21.70728756355664,-21.171231155146735,-21.50274182580867,-22.81159072131616,-18.59910508062258,-14.630238981585507,-15.086144277750453,-15.298371524372763,-14.109720861932393,-13.25901229858264
-5.915731365221984,-5.48228837122952,-5.31313608007759,-5.254712294762306,-5.018377871873611,-4.76589866719771,-4.606602583332666,-5.5170463997763095,-6.5313895449644335,-8.42966650956231,-8.118573186367634,-9.124600263689292,-9.901549916777006,-9.92481547559847,-10.037062592986397,-9.98273771046588,-11.873482047905116,-12.269418298212253,-12.501632850335227,-14.429845349294801,-15.89086523291826,-15.239768014452993,-14.537101123160078,-17.33788364916158,-20.164326066050403,-22.671904779105073,-24.07384404743985,-23.57305092583876,-24.76701695319897,-23.521821481168864,-25.071926262147674,-25.159967151489997,-23.39068406932517,-24.064532529699473,-25.483701235923824,-23.254702817644304,-19.760439041036268,-17.48713126687816,-19.625154186747412,-17.875947847638685,-15.891246119792992,-13.39142692545294
-5.3690322702475965,-4.7675597969684285,-4.728299150456125,-5.337971917579876,-5.6005973655985555,-5.044069510854975,-5.657315362962217,-6.593351147960017,-7.080158297154751,-8.655185439638178,-9.033264853210172,-10.03975392272022,-10.187082478576755,-10.724919099252855,-10.683558746732471,-11.332239729397916,-11.586761032205853,-13.498379350692009,-13.8608516480748,-15.243447493017392,-16.71849265288647,-17.224748001456597,-15.945729978919449,-18.682205717921704,-22.80090242074005,-23.037837596291723,-24.748619961532366,-25.411813317228702,-25.367597404904743,-26.31359741172715,-26.974414323839582,-25.96403245787833,-23.858949292099815,-25.213178812709188,-24.90376321308667,-21.751466861846144,-20.975857639524534,-21.105645210270296,-22.162222820840732,-21.72999099967279,-26.939886485849215,-24.88802267505552
-5.452891732800689,-4.493467939877845,-4.59865944749346,-5.104158739922305,-5.474240637115342,-5.33257520805947,-6.370924954003637,-7.285366614042036,-7.395376174014892,-8.861098649497688,-10.621948744441292,-11.148739184778545,-10.614868224345122,-11.514961396848406,-11.626919994174981,-12.090703806261834,-12.527793356323862,-13.36644987800015,-15.29053173841061,-16.621204040073554,-16.91073156253804,-16.620001044397778,-18.067063902214596,-19.54417695090496,-23.40242815792206,-24.87587494096026,-24.17255781126661,-24.796037703610956,-26.9934953080614,-28.55659720474676,-25.40155120272328,-24.515415960779283,-23.757139749030976,-26.053836429271854,-25.374276203671442,-26.21165712599813,-24.312213543872822,-22.788836560543395,-27.20188932240114,-29.17460441728587,-29.20601736418298,-26.384633736016195
-5.456336877698494,-5.148526161555692,-4.9074495639869555,-5.440777865361082,-5.78870933380561,-6.702539576792626,-7.4929408385219505,-7.234788456561115,-8.605462651338463,-9.389074304223046,-11.437382066216115,-11.448446154125396,-11.11228305420418,-12.537294963551545,-12.233262577830669,-13.255793836688284,-12.65396623319543,-13.22730817443052,-16.062061412353145,-18.560422928787755,-18.742113119789586,-16.917757209305925,-16.94290641160299,-21.966052291297345,-24.70262869061104,-25.877335323064024,-25.83540071262652,-25.746508893076346,-26.940700199565114,-27.58783103275043,-25.853746947616827,-24.062076925088505,-26.52609217611606,-26.6980683295068,-30.788433270615045,-29.593074578990606,-26.620528935899042,-24.87559227803433,-33.70112754986132,-30.67410434750967,-27.866194971479093,-28.595961227888512
-6.268216763670015,-5.352750726175913,-5.728572512129816,-5.908827886129703,-5.639900491837918,-6.845744737266493,-8.444165332071579,-8.522773722101311,-9.606313035430455,-10.750870297490584,-11.77203661017219,-12.400653949871025,-12.184605772109693,-13.24637857140933,-12.08245454983837,-13.411556336451632,-13.237234039362,-13.451969663238433,-15.189499381370414,-18.758566864835316,-20.175768067744222,-19.145597917378353,-17.771731841277997,-21.488713934447283,-26.435131923285844,-27.917058488288916,-27.71456785466156,-29.626434124488256,-29.555326163157368,-27.241926482208186,-26.32708747247686,-26.001898490192474,-28.972576913849007,-28.78720287802504,-29.575152378818466,-30.954569790422784,-29.191156165933997,-29.200798854148932,-33.721752558018146,-31.652676335676734,-32.34447658647466,-33.828009200621814
-7.290669096319198,-6.655527386786734,-6.400301165325565,-6.116713672759315,-6.546003793290646,-6.722384814647701,-8.798361639784403,-9.211998313419373,-11.368221240617748,-11.96540687743358,-13.10442139957945,-12.774286952358457,-13.725050243160883,-13.783778073929263,-13.212494736725194,-13.886452112068355,-15.086546898626365,-15.440251736256947,-15.620752724702141,-19.07603172526865,-20.168826572128896,-17.71805751620845,-19.559993262543273,-23.30614975200442,-24.944087868391097,-27.01396067332444,-30.667519583181132,-31.734988736810095,-30.227251325616077,-27.705039656414062,-27.7583991589062,-27.89175560764659,-29.70286906576562,-31.854035367027173,-34.57038504074044,-31.944660568667103,-31.427483513846674,-31.426504147427732,-34.442556117831565,-33.90850284234445,-30.81801894896381,-29.996203817822035
