public/json/wind_2018-09-1513_950.json
{"header": { "discipline": 10, "disciplineName": "Oceanographic_products", "center": 0, "centerName": "Ocean Modeling and Observation Laboratory", "refTime": "2018-09-15T13:00:00.000Z", "significanceOfRT": 0, "significanceOfRTName": "Analysis", "parameterCategory": 0, "parameterCategoryName": "Currents", "parameterNumber": 2, "parameterNumberName": "U-component_of_wind", "parameterUnit": "m.s-1", "forecastTime": 0, "surface1Type": 160, "surface1TypeName": "Depth below sea level", "surface1Value": 15, "numberPoints": 4800, "shape": 0, "shapeName": "Earth spherical with radius = 6,367,470 m", "scanMode": 0, "nx": 80, "ny": 60, "lo1": 109.0, "la1": 20.0, "lo2": 116.89999999999955, "la2": 14.520000000000117, "dx": 0.09999999999999432, "dy": -0.10000000000000142 }, "data":
[rows 0 to 20 of 60, columns 0 to 48 of 80]
null,null,null,null,null,null,null,null,null,null,null,null,null,null,null,null,null,null,null,null,null,null,null,null,null,null,null,null,null,null,null,null,null,null,null,null,null,null,null,null,null,null,null,null,null,null,null,null,null
null,null,null,null,null,null,null,null,null,null,null,null,null,null,null,null,null,null,null,null,null,null,null,null,null,null,null,null,null,null,null,null,null,null,null,null,null,null,null,null,null,null,null,null,null,null,null,null,null
-0.7548881504420792,-1.2683689533149358,-0.559856599103199,0.5017842810414601,1.812919831812514,3.03179696412428,3.6100989027945065,3.0268763535944934,2.524806235586995,2.1011174057586377,1.9917467375725706,3.1116585209152383,3.5351483280372413,3.5587651118591856,3.296574168251321,2.9787064318917085,2.8944003353493746,3.09565601320853,3.752035377988304,4.4093575419726685,4.279498171218272,3.8922580270151808,3.886597024482185,3.9931350907095053,4.090365062366882,4.154812302426214,4.364070442070622,4.459972637849998,4.591537282196423,4.936109878082598,5.07567543537175,5.169656284135058,5.253941299617432,5.159622920584644,5.141356620661135,5.348938828190479,5.60607050511114,5.3899476062077785,4.876256260577105,4.150115884429479,3.302173000036277,2.5436714197713486,1.9844966656561773,2.1284161170346776,2.7772289438774855,3.350460822962387,4.025065873865689,4.535299915539608,4.566779361109731
-2.0024033649194672,-2.0371176888378257,-1.3329968547517144,-0.03559170503064791,1.4547873029893776,2.895894350023582,3.178951588638605,1.8660653858497387,1.484296526310806,1.2404804411495305,1.674616899370283,2.331919886747306,3.142217917398361,3.140783831276969,3.79945019382236,3.563797088800957,3.8104541551601914,3.9168413321288265,4.7259285855521425,5.388296178953565,5.7016043978261015,4.784428020687142,3.8907784320400847,3.3816135525580377,3.1112740613820966,3.0203036998594497,2.747248806914883,2.6123935502651183,2.1999609685499943,2.962008735652633,3.5866346370196895,3.5406030076267525,4.050278795539856,4.118584498056335,2.8814315452590624,3.4623803800061324,4.011295572523468,4.109843909389663,4.3657659913859215,4.029424781912333,3.721036164919334,2.3890039933673224,2.4150424563761694,3.0024338177647842,3.1119368615450433,3.280600829166119,4.171792109762318,3.779937099794533,3.763311665657019
-2.503707820093615,-2.0279521803871887,-0.9348912215036527,-0.5081304734884682,-0.127264116136687,1.3459434484483288,2.782005594461698,1.982545354255104,1.773069419393721,0.9028663117112594,1.739243674990562,2.2511077490472218,2.3633741615158086,2.8721776905515255,4.060545730174281,2.932291798683087,3.513285771919219,3.8516666042908594,4.509070394023938,4.475300246519257,4.670277762941623,4.329323418420357,3.26014402720374,2.7785270007472107,2.173907741608371,2.0756812696285247,2.0107873758826535,2.04885405280353,1.6176632356688272,2.2869363898775386,2.797599604713719,3.4597506396464817,3.6304213502435108,2.1478655148195105,3.210103374322403,2.6459839509803174,3.0872679860065055,3.0986857212595535,3.4700068174385668,2.745885823697502,2.28634594017862,1.3671517887321625,1.4010147745539367,2.1488805834132894,2.212443088515184,1.792298227395703,2.5335863666050837,1.6571283860820352,2.436661659767846
-3.064533826828963,-2.3314953574163537,-1.2261075244172244,0.06604633203473236,0.6238486563233432,0.6727226574368625,1.5196599049447146,2.124205954105568,1.820267601325861,0.626892849091305,0.918383572954148,1.4847487707167446,2.5218842222497146,3.6546051789083887,4.083079920605047,3.641596064629639,3.1635830698751883,3.657159312615429,3.680295902147576,3.106497234807797,3.659292853896625,3.879694732729434,3.361537328875274,2.632129203975166,1.9464530064672987,1.5747453660950332,1.843952012020891,1.819272448634612,1.9787480747656176,2.205177084411598,2.823321278359914,2.943334649781139,2.0961216005734533,-0.2250991684595718,1.8580620442667823,1.787481470104018,2.300272399688442,2.9439235938729,3.0324462566906636,1.7087950328522554,0.7615062337939891,0.6732237691810865,0.4277706021133242,1.4391091481548053,1.2537272318242345,0.494648898908814,-0.40366842602990394,0.4475819119402972,0.5773736494969437
-3.2171640273506443,-2.2785218496999753,-1.3988516244540783,-0.5161322302149003,0.7399073138571708,1.4502562802684562,1.2205969302217636,1.0843785009568816,1.111045880825317,1.419372454431515,1.849971764248941,1.6489896577841787,1.9123699563189411,2.216928299700961,3.891542997148595,3.438592048582429,2.5793620387252467,3.0593262128661225,3.318149975808227,2.7857969318210523,3.0113113155687516,3.203787199679648,3.0247445836981885,2.9992037045389877,1.9604241552330657,1.634703166121017,1.7023543439814546,2.025856998812938,2.442630597841815,2.507001054887119,3.3440240574813753,3.150282896758999,2.4866916475671834,2.714881234097299,-0.6346596219261721,0.00012615131084749154,0.9136691663008683,1.5977839608361224,2.6243431518694553,1.3974659131613656,0.011540902852762016,-0.635790822243407,-0.18588571835338769,0.18245636006520666,0.09910644638273262,0.5400589199641523,-0.410807446445541,0.19885268783557336,-0.04678007249062137
-2.773484289283079,-2.2977454335940704,-1.3339334834013208,-0.9876428415947303,-0.27488077427919644,0.5206213986897165,1.0096109912043771,0.1863275442636138,0.5953798038235478,2.094579983563824,2.9051629450769028,2.0436580377501032,2.7953733555457805,2.259672962745312,2.117627959834536,3.233924068986207,1.1790815452836003,2.5386610691673925,1.9048873752729527,2.3261211069004424,2.532065090852966,2.893126951278445,3.1726451610496165,2.8289019555281874,2.9516865665366008,0.8583221671071264,1.5176742060695652,1.7890644724719786,1.4427070740623784,1.3356281130606251,1.0270670319206965,1.8664042636385956,1.4036653989756378,1.3779952687143067,0.09822412567271777,0.4013890350761405,0.08853856058925991,0.6763421300516429,2.051152834901014,-0.8834771048838335,-0.33670678180013824,-1.3848645523866911,-0.865639800601571,-0.9038553034859026,-0.2518993998061396,0.35397766526286684,-0.6754180080514047,-0.8900644621016502,-0.5794900922251355
-3.2320478487145046,-2.8836807445252894,-1.6784584042892412,-0.6007463025761504,-0.35555085849610174,-0.1308629339594463,1.0089817041066185,0.16961510397579727,0.047724403264267516,0.6545084475107388,2.101219153141497,2.964777284527376,2.369604478413722,1.5457832799944826,1.0124781133859162,1.6945763615329148,1.3024347143698949,1.6393877958656597,1.9902982467868067,1.6440924394312868,2.3163035257183116,2.4465318401610934,3.3865365432771863,2.8128091209960298,2.27140080997073,1.9275920341086747,-2.203535020663862,-0.3737105728983068,0.4842170961750776,0.28242581316415627,-0.2940794186525457,-0.7300099060168537,-0.2394716240809956,1.0445740675542128,-0.7005314118978334,-0.4155443731531462,0.16749398965841983,-0.03484265965044806,0.3487437308669686,-0.06195178088806656,-0.5226067146804999,-1.3384657032053262,-1.9417780776698113,-1.5982789516169082,-0.3439410054224996,0.05579032477840772,-1.2533228801904457,-2.03305723362236,-1.7110830547317775
-3.1654066602556044,-2.623077315205558,-2.728643363756299,-1.3738930934329587,-0.2338769257581561,0.3425307780219791,1.0551705793338513,1.1247752380354905,0.474551942893652,-0.9311061581835821,0.5007137213585402,1.8681853658839216,2.1724237490774843,1.425594529056382,0.32155592641466635,1.9346006863622283,1.286066259848288,0.6017031556761118,1.9845381359052876,1.4438925571166823,1.681940171629278,2.0491947369562618,1.9430817706678645,2.9575285998115577,1.8682671309349972,-0.6104130732785266,-1.2375093347376995,-1.6566273744082927,0.2378976568885258,1.3442174588686857,0.3204111836706245,-1.4066824597345156,-0.6585212271262049,0.28770696615358043,0.04605011222056557,-0.990772174747961,-0.06507361869223952,-0.907210720385624,-0.2878988595421201,0.42628100728888,0.3888827849994844,-1.1841326777992822,-2.782779731544354,-2.077488751999269,-0.616578354597886,-0.17695467678368398,-1.6939726679062737,-2.2888094034526607,-2.6715736153538376
-2.4287275226291323,-2.346576781106042,-1.462295278487282,-1.8100581152335695,-1.265185098536953,-0.46362223237186934,0.6095182866219282,1.3505502367094921,0.09910836269339382,-1.034948227322228,-0.2746574959938766,0.38146970783885303,1.7739671304039577,1.214074617127499,0.3839447151552242,1.0632784190640294,1.9392638983378028,0.8740088438026457,0.8188146624815873,0.414961955873674,-0.15459942274382765,1.1162089668532207,1.788818378020703,2.0674517316102485,2.4376594716471605,-0.18668427292218523,-1.7419358661664848,-0.2493975797395054,-0.19828216264677784,1.0848413322980148,1.0759102155548228,-0.45393828548211357,-0.47243336092320776,0.04918437723284081,0.6620284560838015,-0.04071345480607125,-0.2781739319431378,-1.5694428330969235,-1.2796675488586475,1.2741395697754099,1.4500777371535283,0.34021025279810857,-2.0278620828339258,-1.888529153873291,-0.3569022182153477,-0.7054513156739538,-1.9758379892707802,-2.38645469453459,-1.9363330339243885
-3.3728083343123063,-2.5248618198186685,-1.252008354410407,-1.7689229252376024,-2.030670423072472,-1.3995275437998667,-0.1410740123983945,0.8635514577591248,-0.23129994831150127,-0.8967746417256438,-0.8242441802787527,-2.82100876058724,-0.8755050144413395,0.1839673612967671,0.010450928071964294,-0.36234488414396876,0.09321888745463253,1.520631155377938,-0.8079747980064964,-0.8922500325641081,-0.8085331819975252,-0.37618797999314996,1.0174114400115786,-0.9637249188815175,0.3738293656445285,1.2765176188772651,0.20389770446323788,0.6634657725260691,-0.5652622184377545,0.6150095313011879,0.5161549619083761,-0.31726467601885133,-0.9884511364795034,0.013089966110581344,-0.24187671709159797,-1.491776856284023,-1.3274242955251938,-2.023090172415059,-0.7218077875412141,0.5527121881039891,1.3875855063630134,-1.1195920282879392,-1.0389004058422286,-0.8194136316611927,0.035612936505779555,-0.7141708014163878,-2.0420538993069424,-1.94278614471797,-2.015198665116217
-2.8870723298809997,-2.120630521175979,-1.848001628780609,-1.7547119268222908,-1.3521136003853074,-2.0762197446242334,-1.1859038198943486,0.2805765694313188,-0.05303895022437583,-1.8540371496501487,-1.89059465304008,-1.4251584504175554,-1.5967445210571465,-0.8939777054999887,-0.6764629936521798,0.1137631827940234,0.08738215108512178,0.6812293233236606,-1.4304386982280675,-1.0989423459330605,-1.2224611401683663,-0.7198885681989404,-0.11186236243464728,-1.2240177702411943,-1.1633206093531194,0.1445274627733626,0.19990838457587343,0.2782931589732774,-1.006594013313674,0.3317994101289349,0.06961763159166152,0.2486173473467803,-1.7101625806832055,-0.8387409784207299,0.1315697062144164,-0.8135496834393772,-2.282818718892314,-1.8202791355317456,-0.693464606931452,0.7327190883599939,3.5765527243706576,-5.646385721251333,-3.0222176371925658,-1.8492810948866678,-0.23773430444862598,-0.4041787582486556,-2.0877937815734167,-1.3705570710353074,-0.9289488826999959
-1.6506826415739715,-1.4751585329939432,-0.9944985420933133,-1.2832283530856565,-1.4882415320527647,-1.6163593690305416,-1.4018039969793485,-0.39448805754103394,0.11185409690975456,-1.39066670234028,-2.828478680820372,-3.530192024772225,-2.4310254350246217,-0.4441550849162862,-1.594013064930326,-2.0663531464236646,-0.6142643183270026,-0.16357740342933338,-1.1012971473350721,-1.6330575088216266,-0.4641356787423505,-1.6667035658888065,-2.0980014520760926,-3.746622673403475,-3.918795790007519,-3.04452085144507,-2.3364842681017106,-0.47346527336528527,0.5918699984757833,-0.18163772168676814,0.4215441642864234,0.1161757842511805,-0.3431976684602771,-1.276232807404306,-1.1181422940837604,-1.1927059877148438,-2.213751531220942,-2.073165679893508,-1.274319344158751,-0.23135033271926092,-1.3643944807138997,-3.492612281104826,-3.2759246190940097,-2.329354067289407,-1.6331809682706881,-0.4509914565987304,-1.6750221232970057,-1.1296495157246857,-0.31061505398257727
-1.7079285028126645,-1.767959705819064,-1.460860262505684,-0.9552856020145939,-1.3796143526508153,-1.1861451778937826,-1.288765903531658,-0.8110816232824212,0.7034148394718258,0.2009309513561926,-1.2310323611169436,-1.7468822500660826,-1.3593592986551208,-2.134468263476567,-1.3310146821079736,0.45953140889821303,-1.4684599651330517,-1.834847789694787,0.3942391809280036,0.5199010645006694,-0.4448997635655514,-1.2177824183982293,-1.1984827442758514,-2.1136384612766603,-4.197827303341576,-4.073059617523489,-3.769239593405276,-2.1766667364914776,-0.1221526227596148,1.4023085842451113,-0.9000443224104502,0.598006024105774,0.24792363972196416,0.0038495320313503088,-1.3036008478010495,-3.0749365978961385,-4.1864283236822875,-3.0395270010194912,-1.7152132465144,-1.9176513181380537,-3.2350909959417047,-4.388779053222502,-4.350335540659898,-1.5572278590707214,-1.549319775949117,-1.2090699660584914,-0.45333515904991417,-1.6571088258001165,-0.5223879567716788
-1.3371315604036729,-1.7384594860493634,-2.3219229823390637,-1.655076283557714,-1.2972804022756286,-1.4463372479348053,-0.9218964247750183,-1.3993344802975973,-0.7494486866109811,1.0906075962506514,0.596507728773651,-0.03431258455108266,0.1977651758948644,-0.9763715737133398,-1.552409159190681,-0.38438451616162506,-0.1455320678385275,-2.144691786113818,-1.681466780640961,0.7155544752232317,0.5537257432614073,0.23698648021140234,-1.540011648024657,-2.405261814759248,-0.8590758740398597,-2.215791109566998,-2.683328413138562,-3.2155130718966363,-1.6244360146582002,-0.48045907080530914,-0.5257937433302913,0.6605267553380643,1.3641635920266864,-0.10603004688901095,-1.9269936287974736,-4.8501258813082115,-5.516177924618098,-4.408234690945235,-3.1563695720576765,-2.2241761378171914,-5.3780849047810335,-6.10899243637031,-4.345075511815486,-3.0559728214448993,-1.8600421380415337,-2.4546434908725865,-1.6199629143888796,-2.401685288579583,-3.5111119397308124
-1.4614704555338656,-1.6472438019420594,-1.7100282534158522,-1.247265743442873,-1.1524811694302666,-0.9579947612905486,-0.9571793239335342,-2.0894518886422158,-1.5755564189586968,-0.18345988358061127,0.6535953141121658,0.9275353398715203,0.6493912649426766,-0.2107918845589609,-1.8492615339387313,-1.1069041789061818,-0.5332478963495846,-0.7856425197497775,-1.2615167497064528,-0.48975813211999697,-1.3408036590387353,-2.0394227363952635,0.14465646393105192,-0.7001174594250789,-3.622450381472597,-2.231858589107044,-2.1633391482230167,-1.7065358193086813,-2.1772932001522167,-1.7864602930097302,-0.6798133057912545,-1.0474516292427123,0.2645987266508695,-0.8814765221871916,-1.7914020936184527,-2.657583549844574,-2.800087013239692,-2.9870408348569586,-3.9332021754922013,-4.02850284655614,-4.756134094800058,-4.840572531200137,-4.748457953819556,-3.011646767631377,-3.161057932033101,-3.3107103520345804,-8.194929808123295,-3.1127678776773227,-3.181436708872207
-2.5343340024594294,-2.685431839472659,-1.7277989253601382,-1.467384483966453,-1.2769726075941132,-1.153409844741676,-1.0519653246484606,-1.9659660871680065,-1.7312508139742622,-1.930498665412874,-0.682543854048176,-0.625904150117943,-0.06438936663728206,-0.06291788105951959,-1.4969382623595613,-1.8763111230435867,-2.2410283645977493,-0.9846420043033416,-0.9024601027526076,0.036585698199804534,-0.37836256937346474,null,-0.6820609271492327,0.7961055708458604,null,-4.037664075696738,-2.1649890287536833,-1.6885278791859364,-1.7698070614424275,-1.7977972032464113,-1.585502598689787,-0.9724034368246881,-1.4510195348344115,-0.30525197754234584,-2.6638705050389446,-5.117725252690967,-3.668245354748116,-2.3421040351211415,-4.088870660438024,-7.247817640244721,-3.7402600479309505,-3.781845178447022,-3.2839507840070103,-3.648606142396593,-2.7019653734211957,-3.6818007202130323,-1.9469481672871978,-6.0760424940963755,-6.12540290868697
-1.7586862140137838,-1.31565963201009,-1.3945251346424514,-1.91175149310159,-1.8038094134482674,-1.270208201389718,-0.9706748702245996,-0.08396124960003823,-1.5895452156873218,-1.020353686140178,-0.774090974725263,-1.1461273844934818,-0.8808327581139694,-0.4765699043088123,-0.4720348262665055,-1.4575877622763393,-2.4417908702605917,-2.0401833251091497,-1.7803486528730856,-0.2716550618790162,0.8793112278472627,-0.21531986928276278,-3.631925673641192,-2.5507761579514034,null,null,-2.434570244909664,-2.4140887037718715,-1.012266167288327,-0.44177772977670693,-3.344924398775456,-1.410059264379368,-1.9864323142788556,-3.3443489056106457,-3.0633728893060463,-0.528476582592395,-3.121902021464935,0.4901234814438689,-4.1209558319148325,-5.227570201141642,-5.667657045051137,-4.329276885581139,-5.202085511264048,-5.289432925694755,-4.8310733765803455,-6.2389972938796205,-7.9757865799898475,-5.984371328030255,-5.038704106140642
-2.431372021645024,-2.116942761679376,-1.5438202572576887,-1.2279838971273402,-2.55547374594934,-1.4198308321309616,-0.7489730515893109,-0.825068549629573,-0.8737373720269825,-0.6520780928764969,-0.18368641278894945,0.05369963392766195,0.2496548289730451,-1.221792337892654,-1.0727357006520948,-0.4580913677615284,-0.9445994001866547,-2.444040259672547,-1.214318664714199,-1.6373135023841954,0.5146118900421299,null,null,null,-2.210740043439211,-1.5048143746447058,-1.3245305071860942,-1.807529768703764,-2.28072790699354,-0.8551823672869735,0.8129741324327646,-2.4460360191093335,-3.4731493224954213,-3.9619953135185804,-3.8556542567376084,-6.3214775869806985,-0.5422545002588258,-0.7092776522118857,-1.063418455130448,-5.0468913043439425,-3.3917880957959885,-5.012999000008149,-4.444599541085987,-8.224304395308359,-5.688397333282727,-7.424365302254706,-7.161701677618252,-6.00900222942057,-8.532522814006185
-1.8466150847691276,-2.880613259964087,-2.882120490998566,-1.3238446132333226,-1.7454436548566474,-1.8820249883962235,-0.9191723342772012,-0.47628349342000686,-0.92619570759443,-0.976759385992002,-0.14321374759787245,-0.10416450428544673,-0.19048772196640773,-0.4968454272276083,-1.6859509119575604,-1.5083933347167364,-0.8404349796820397,-0.6920456403256903,-0.35828345741647843,-0.18979808135475335,-0.35926872265141,-0.2772828009035898,1.5566193839311746,-1.3986023008575301,-2.7862430393379882,-2.92370200740282,-1.6826703419240427,-0.6843487604432072,-0.1650697800898564,-0.46703690311733803,1.4844319977597773,-1.4504839387565847,-2.4302231171926096,-3.0330115617924402,-8.363302269661478,-3.8830279016703675,-5.408648179918773,-3.4976729253135233,1.3156586762136562,-3.433320840534008,-7.583947189024319,-4.3585199050104215,-5.140739174939608,-3.8848503058477935,-5.639029650010746,-6.510282920399443,-6.1479830981730945,-5.68570161041888,-3.823930119249372
