public/json/wind_2018-09-1606_925.json
{"header": { "discipline": 10, "disciplineName": "Oceanographic_products", "center": 0, "centerName": "Ocean Modeling and Observation Laboratory", "refTime": "2018-09-16T06:00:00.000Z", "significanceOfRT": 0, "significanceOfRTName": "Analysis", "parameterCategory": 0, "parameterCategoryName": "Currents", "parameterNumber": 2, "parameterNumberName": "U-component_of_wind", "parameterUnit": "m.s-1", "forecastTime": 0, "surface1Type": 160, "surface1TypeName": "Depth below sea level", "surface1Value": 15, "numberPoints": 4800, "shape": 0, "shapeName": "Earth spherical with radius = 6,367,470 m", "scanMode": 0, "nx": 80, "ny": 60, "lo1": 109.0, "la1": 20.0, "lo2": 116.89999999999955, "la2": 14.520000000000117, "dx": 0.09999999999999432, "dy": -0.10000000000000142 }, "data":
[rows 20 to 39 of 60, columns 0 to 44 of 80]
-0.03040880871794712,-0.06768163526919668,0.292758938594893,0.9658281901467737,2.632217666172405,3.507307961118477,3.069931737991541,1.0431579743721389,-0.6832077507434611,0.11808589415488058,2.7490894556814736,2.724377726853489,2.697427705970904,3.3082228023911737,2.8227132424984465,1.9483462207016913,0.35928791209938477,0.6018016973623297,-0.8131310861462353,-0.0035228228109285067,0.4339127678725423,1.481105712984147,4.385585209319976,-3.8993740638875574,-3.253813574749921,-0.7021236181276881,-1.301263980967775,1.1097681267205028,3.0445469754978443,1.0276804756888094,1.1745628756712354,0.6522364414923802,-1.8285337279399871,-5.098873058037279,-3.9213152202161035,-4.630556335847547,-7.253841496275282,-14.0790271817365,-18.554160370295524,-20.482251544037062,-22.207625792253587,-25.122062679705827,-25.809942020832107,-28.950446717070978,-26.376086930343668
0.12476673547719908,-0.04961061760613544,0.1255881892301699,0.7708865221645274,3.775600813248801,3.0612361208838648,3.2335285412940036,0.5655607419573797,0.8400817397088531,-0.2966639355305161,-0.3546336936481437,2.3444367048117107,3.0796953660499162,1.8759516962031744,2.147505533137103,1.0323541213107785,-0.798981789285745,-2.7262781726362357,-1.7879748367493273,-1.4864545900116513,1.0409717916941172,0.015199438988033998,null,null,null,null,null,2.4612457808963724,1.4945963785854954,0.7717653238370463,0.3426478501512632,-0.7092671758595502,-1.7350628557775125,-3.9603913361055225,-5.476868707827544,-7.535700444648264,-11.55233573645625,-17.06330563002275,-16.749083225215855,-16.783980528580663,null,-23.093913580687346,-28.96952123044764,-35.254188443531056,-34.97101369026702
-0.48680763988694775,-0.716323808175096,0.23142481476091725,1.654173030725624,2.1742068119896376,3.278852704994057,1.7968301910190243,3.0422285144329617,2.2251561371261914,-1.0919509904891456,-0.3500552885041109,1.8882864102283863,2.9948671138936094,2.0005330853922114,2.179836877853436,0.407440199928242,-1.5534449515501403,-3.9542011449505856,-1.0407860135346225,-3.1249220589986577,-2.1488639350418426,-1.0740458075246009,null,null,null,6.316586094983859,4.230857604280164,2.4165015786367734,1.958157638996517,0.38375117647916124,-1.1356637149869464,null,-3.5981619207353854,-8.251589138753495,-8.285177245588748,-10.328917106840542,-12.558826580956953,-16.42838736039273,-17.35678396728474,-14.94339778810018,-20.9357540640979,-22.90930533238195,-33.98757939415886,-35.54347450160177,-37.612844047110904
-0.7543637099715768,-0.16452645791010173,0.47483699161484355,0.8146963068282338,2.2466788558940634,1.9295656221774253,0.842293302893762,2.1367795339677715,4.3986472326429515,0.7611090623890967,0.6993934689804188,1.6244355020424097,1.174204851743256,0.2410224520021642,-0.5822446790825582,-1.6979387723362498,-4.663641660306653,-1.9212668990706954,0.18663781133790414,-1.0853811084878164,-1.5174446763348555,-0.901393829965555,null,null,null,2.6449659549634577,null,3.745377216472116,0.8787082627472509,-0.41686877915840514,-3.5468739785592938,-0.9674692353641416,-3.3000280846823085,-6.84520584184892,-9.724246563329341,-12.556775386377877,-14.795011141815513,-18.45220308664181,-19.108070950991937,-22.070218253310777,-22.02774867402028,-31.69782055749051,-34.33621072621484,-36.9887803719305,-39.447218849575144
-1.003676849058836,-0.35275692307545264,0.03635647465073896,0.3592896756802899,0.8797154430287231,2.9036920370366848,1.4401749949288567,1.2120043013462718,2.5206690445849733,3.9064456495444246,1.939961044155577,0.06134841560846316,-0.2258716210819996,-2.1742784177529444,-2.0935320649197546,-4.487893764423703,-3.4795295314260333,null,-1.2966826015178403,-1.1813579628251771,0.18947476942757607,-0.4769249544115522,0.19713115597241815,null,3.0179511149172082,3.5388939766900043,3.0980305383952027,null,2.229724099662614,-1.8274529310187255,-4.073175186443001,-1.811283590170875,-5.95636604635067,-2.385358292536461,-6.4714417110704545,-11.126666789702217,-15.038896365525321,-22.627661855617227,-20.427095609073184,-24.232114263164533,-28.762375872981128,-29.895123814509603,-30.853790529012464,-33.571406389749846,-36.931246464124676
-1.216294123463391,-0.6378762933785384,-0.5893105359731079,0.5703534470969949,0.924014555696866,1.6482465469308907,1.2543441076138366,0.9302563090125953,1.7947679749189986,5.325102001804604,0.42858857200881295,-1.8682467183706986,-1.1834172398797906,-4.48904640524793,-5.26843300346633,-4.428839948124612,-2.2096232111112943,-0.18762539572362735,-3.3270647147898584,null,1.2849174934204446,-1.7418384407946645,null,null,2.6576022903121155,1.7510292698499792,-0.4844697995893711,-2.027015325962499,-0.9328325214002591,-1.3495711709649523,-5.5153557576564936,-6.379789772883138,-6.59200023457945,-5.720871679520139,-8.497111203824025,-10.914659758845197,-15.192955077522745,null,-22.440469282556258,-23.995087092826637,-26.738225257278348,-24.067494930826516,-30.500369920274785,-36.11643963662772,-40.20735978568855
-1.4470930932876342,-0.73506999535963,-0.38153557962888673,0.41879284598329897,0.2851974706245349,-0.3737084684217767,-0.10133358692923164,0.8386444998077334,2.1051212914223236,2.585398568328954,-1.7255098666197337,-0.14674704236539435,-3.565995364450139,-5.537938276935509,-5.773930862159359,-5.333860405243726,-4.132737880433135,-3.423449002540114,null,null,-0.7093099485761425,null,0.8619039447464595,-0.2629761884790729,-1.2022900123382543,-3.107560997800317,-2.5942555919493016,-3.903731831687164,-1.3912270982736317,-2.8219691347028886,-4.446246107946658,-6.788860203403855,-7.579377408699731,-8.66502868825492,-10.361541400817678,-12.328982990672138,-15.073377953693496,-17.68890694261341,-16.373780891131123,-24.548447158045985,-24.678507745546504,-24.64352996222567,-29.906369602671056,-35.106258359886155,-38.468331843708654
-1.5003890400586772,-1.0837357650390211,-0.07945697821117077,-0.11531085469208954,-1.1401317237442754,0.05605957772542001,0.19464291149965637,-0.19069298380391014,0.7709549038275796,1.8391103881072124,-1.2646691672150516,-2.2327231073281633,-1.3463021549718892,-4.605935332032728,-6.754827790607754,-4.456415896155265,-3.0882013517161897,-3.6485267858573627,-3.640592246836198,-1.5270455314842282,1.3459744061413879,-0.5183196524715475,-2.2799672269668294,-0.10209009721481081,-2.8086477383318718,-2.816571502357143,-4.676291150427775,-6.361838406010872,-3.9174172663609097,-4.589632079843551,-5.3803504968034686,-6.392556958536287,-7.485345260576471,-8.153954399072944,-8.249788599274014,-13.555313214652857,-16.95707497352781,-21.38792748181259,-21.786349748130853,-24.226217989009292,-22.44314852528535,-26.800679277489255,-27.807317768116157,-32.820131724306876,-34.17908390848173
-1.845736810840017,-0.9010394246771325,-0.9906596740563788,-1.136959856434887,-0.6540085835896104,0.7036390360512925,-0.12092057948837585,-0.42540355453007334,-0.13468905283481045,0.009454716706312587,-1.281470773276737,-3.8049047595146344,-3.640413575876613,null,null,0.0782874540322907,-4.137398371551272,-3.693777052407603,-4.205541475095805,-3.2119857071315265,-2.542104651996797,-4.9127885221436625,-6.624981140978606,-3.6394819441265454,-2.564781969270271,-1.0917630653674768,-4.923043444786284,-6.349933394206652,-4.631089551202823,-6.310709688681139,-7.787811577206391,-4.490402534762332,-9.964917590580836,-9.714781658995653,-11.981588379172706,-14.885145496249955,-18.53636986345585,-21.34038810517135,-21.516161222676324,-22.113646324181016,-23.474413226298427,-26.165225843569793,-26.869805110328116,-27.98951420186835,-31.48988726439103
-1.4482158580294011,-0.9186967997886941,-1.5281518643926366,-0.662555283749569,1.8108498217325244,-1.1548223967006144,-2.0845300022753968,-1.554793521624194,-2.0197876369889403,-1.3269614472085636,-1.7293932187988093,-4.451990287757507,-4.341940626982485,-1.9817173203255605,-2.1891249836327917,-0.9130763588955065,-3.983894556755864,-4.525310728519009,-3.2413773710302634,-3.065111897807032,-4.3019872130452175,-1.566946161537573,-3.1690352958585173,-3.304609573208548,-0.32323650085267636,-2.0539536415075332,-0.0391515845777618,-4.4701158543045105,-3.767557254226101,-5.434934477995271,-6.933437569959339,-8.71662683421187,-9.206537299811783,-14.670877134225089,-14.973918705058654,-16.714884658415087,-18.89325029360541,-18.401001899753002,-21.814911783480067,-22.851813968278755,-23.97511557673375,-26.50204589064077,-27.329832214708723,-26.158884041368133,-29.93130879224117
-0.7395584355657537,-2.7834242941958713,-1.194154163254141,-0.39794841188549995,0.7614353973481706,-5.85644840291623,-3.540436131315369,-2.8487405332419273,-2.3611717720467786,-2.9631726725214036,-3.6629676272525704,-5.305514315170779,-5.52103591928475,-5.123269306896068,-4.676200457220378,-3.3329682950930595,-3.6717655177682804,-5.385450723991934,-3.942627325488468,-4.72519914534301,-4.664928261701647,-2.9333653095022276,-0.1730322086970097,-4.169672058001422,-4.950564183035893,-2.3882842294334132,-2.874491446495097,-0.021478748780580162,-6.383817799937042,-9.030847080005742,-11.605612918537538,-11.70229321542968,-14.174378247761641,-9.782169454461208,-15.924285844568395,-22.74901059792993,null,-16.128968917583983,-21.071957005268196,-23.131646794986274,-23.278598275928683,-23.232230634737068,-24.926113688573064,-29.581174840254008,-33.21379826288414
-0.404564793992174,-2.932039602563443,-3.092206120717476,-1.9113472390829136,-2.054003605262693,null,-0.6391963117801522,-4.588334158262146,-2.030943579403684,-4.218723883996347,-4.903380194239489,-7.062960817198087,-5.709320108588415,-5.541115508278821,-5.803193605859935,-4.796352178989726,-4.528283860457438,-4.777102409032237,-5.751662257065296,-4.386977414754148,-3.7544468401025295,-2.9918317591140915,-3.7092701556621432,-4.44138629498808,-3.764814202906706,-5.156817082778526,-7.6476395631830805,-8.908791535810295,-12.294542843748854,-13.033630528844444,-11.804414917911306,-11.492408876224934,-13.593261509394635,-14.464081299556193,-18.633583086187663,-17.39361170840236,-21.67993151264606,-21.567147402864084,-21.943348858894602,-22.19533788762461,-21.509192962176712,-23.257852776330388,-24.376268720268435,-27.375620872904463,-29.741524447519048
-2.1498759737789763,-2.8827662380331485,-3.718117169891976,-2.5004912477957753,-2.501222287119439,-3.020380311643187,-1.8736131318400235,-0.08263620945717122,-2.521114490327621,-3.8238215601001926,-8.72425878599698,-7.169200751497906,-6.668212973305892,-6.51238255761882,-6.0888060297126545,-5.322659139780239,-6.025513596098592,-6.314450098774554,-5.787789572814073,-7.0016163789751005,-6.032388686018621,-5.32629788639224,-5.517823654086545,-7.287543977109813,-10.37329045799606,-10.032818873393468,-11.86676404372612,-8.726418858386591,-11.865479447214605,-14.62631819832547,-12.683494504432533,-10.423134775616997,-14.679435050211987,-13.405866952758567,-14.03798631327865,-10.951447287656046,-15.274662213851109,-17.21752972007629,-20.655595344216295,-20.911109676757665,-23.132494660790034,-24.393864761526146,-25.609931643218445,-25.119679894670316,-29.461802921135952
-2.0556647705640763,-4.015188145191969,-4.144887158909861,-3.6850355676115796,-2.425520072926962,-2.6463464650415793,-2.9586261029310084,-2.149901766970488,0.5891522325499785,-0.9738537727481456,-6.3824990587555614,-5.721610424076701,-7.188138126886281,-7.112323442508881,-7.0227697124046315,-6.980158879018465,-6.338651415960626,-7.784280481513331,-6.917797729458901,-9.0477532240975,-8.358954405482153,-9.409348447884339,-8.935953150292164,-9.578815869048102,-8.923052752244619,-11.839646136956182,-12.431739229890923,-11.29429101131588,null,null,-9.361842299725662,-11.328593716789316,-6.453613954074532,-14.08724550260217,-12.672894748109982,-17.038059172193073,-17.308922423626218,-18.818625304140287,-17.48371306189293,-20.033459949361905,-22.422664020951764,-22.64006204933442,-26.88010006379001,-30.0576274562599,-28.93666304352666
-2.4472252913591133,-4.876755859432354,-4.665009226756611,-4.863055621308114,-3.207758308349524,-3.2815715706107453,-4.12095900279623,-2.462545960322581,-2.140006756173503,-3.0866332090377036,-5.54748871868475,-4.400904426729238,-8.228405723613339,-9.232258861013307,-8.575990237581966,-8.92299720009098,-8.048452931070129,-8.563925526945837,-9.026105385028385,-9.669647410542918,-8.184221628086538,-6.8427296762068375,-8.478305114929732,-11.370163788175738,-11.87997253832215,-12.851119290608082,-11.320160480930195,-7.125962678449664,-9.19777290370513,-9.480833923989122,null,-6.554645087080271,-9.28608768011567,-9.974723311290127,-12.975002770246489,-17.359884609092482,-16.56165661785418,-20.011941665439267,-20.92135001493829,-18.415651182958904,-20.77781730236137,-21.77959932909857,-25.598497556760137,-25.01766616977399,-23.733456743844258
-2.799478755818033,-4.900289394341677,-4.911146750719155,-5.008911350865784,-4.898603424685524,-3.764351994970448,-3.0524621525540883,-3.0151468262980696,-4.607794846303674,-4.736725979325877,-1.436856889585536,-5.4871321225101415,-11.84807898026556,-10.760867665773473,-10.488433844233048,-7.5172389903728085,-6.99703180891245,-6.901143235114746,-9.746377044079084,-7.655525361039276,-6.911872453242674,-7.636286403578684,-12.090873505188117,-14.094646087200383,-12.054156769824536,-7.833870880156452,-10.623842479356082,-10.585153576316147,-10.237093003415008,-9.557149367777372,-7.585983799903221,-9.399012640477684,-9.48996552560222,-13.538533645822863,-13.925977912195817,-15.577521522595504,-15.597152656669346,-19.861492014800966,-22.48749470935449,-21.915388907053604,-22.90373964787865,-23.130407419321838,-21.748085044591907,-20.513519581941374,-23.6951024426424
-2.379378251297736,-5.36274701624539,-5.744664227424835,-6.17573165423503,-5.70814218252593,-4.847950369256536,-3.316401569286164,-6.523363899633827,-6.383149009394723,null,-2.580569806535976,-4.369306394107699,-7.94769338240749,-11.148862773174567,-7.394582034541498,-7.054578386197436,-5.931957336673034,-6.966969158712129,-8.94008743678987,-8.132303441334916,-5.290179338106299,-7.811294844916401,-9.906373445215245,-9.279017584023157,-8.050044819120911,-9.362984900551163,-11.836621508860768,-10.474242583666756,-10.918571292135695,-11.677381856417137,-10.571752516560927,-8.590147277727274,-10.083314880072509,-11.855340123112253,-11.387986952668518,-12.888519364242988,-17.232444398274612,-18.011731337205255,-13.651080728932387,-20.22187814571408,-22.41522533365984,-21.499580854130176,-21.96186223080806,-23.801515728848553,-22.993386874798333
-4.324707174511519,-2.813934861681055,-7.428800953483906,-6.85058591712029,-6.099140011880218,-5.119713991219619,-5.7354605016481885,-6.023886196119163,-5.873822165596399,-2.676435293611109,null,null,-8.00429730948633,-6.367555068618285,-7.363315204807195,-8.850285232794631,-7.502731308166759,-5.065915832110278,-8.972418776608007,-7.079362183990464,-8.888708883891555,-8.607822024069474,-9.296169319869094,-5.665866720412862,-7.189316566416181,-11.102989967735176,-11.428970837706343,-10.546203367325347,-10.86266023446515,-14.503509535780953,-10.147220763424652,-8.539747364722578,-11.234385251601097,-12.511498735203425,-13.663878794515742,-18.87041127727106,-18.888684386569835,-18.787309725912067,-17.559054204061056,-18.274110766413987,-16.192662194592042,-15.860058426848534,-19.879358524316206,-25.715544719181004,-24.339095221351727
-3.775346409679596,-2.8760719019051004,-5.613489057010079,-6.285531940014469,-5.70307680907596,-5.620367867707996,-6.548438954663834,-6.280203799200432,-7.073978190416199,-5.0909187698925535,null,null,null,-9.277575269228173,-9.443743287475236,-6.594539832736474,-5.263256761975201,-6.2662618116124165,-5.656042431910512,-7.60347232476366,-10.605305739385766,-9.660167597698617,null,-5.656280117307471,-6.1338184206512665,-9.934387632290925,-9.92734311054069,-8.544291278820497,-12.498273211398912,-10.96421495369114,-10.350093992753544,-11.085821166315133,-14.539025164971058,-16.982812601263284,-15.871267586149584,null,-16.98424443598725,null,-17.33276818534132,-18.14268125820442,-20.53285046343902,-21.901358110403713,-17.555169655107683,-17.822951550758102,-19.391468065350683
-2.879918648221797,-4.4112822740849005,-3.548722046838524,-6.230636242535377,-6.152781062474968,-6.158229449526492,-5.804088147415273,-6.726879287639635,-6.292006178992162,-7.024693974011824,-4.051636006341337,null,null,-8.737894391195498,-6.314415197448291,-4.0195272038028085,-5.403034472146665,-7.919346255632634,-3.7124178953334166,-10.5940639065519,-8.581696610621108,-11.033838689939241,-7.094485124389816,-2.8074441799982313,-8.247857346858837,-10.780377637176148,-14.567989475447158,-10.040733566282341,-10.13393936951315,-13.929363966376393,-14.729400071711458,-11.083450658610356,-14.965448890657694,-17.17670896188822,-16.27107973341429,null,null,null,-12.495162807861114,-16.581167644378475,-18.508399614876353,-17.103234051533487,-16.64528702203369,-16.856171860950635,-18.968516404709323
