public/json/wind_2018-09-1515_850.json
{"header": { "discipline": 10, "disciplineName": "Oceanographic_products", "center": 0, "centerName": "Ocean Modeling and Observation Laboratory", "refTime": "2018-09-15T15:00:00.000Z", "significanceOfRT": 0, "significanceOfRTName": "Analysis", "parameterCategory": 0, "parameterCategoryName": "Currents", "parameterNumber": 2, "parameterNumberName": "U-component_of_wind", "parameterUnit": "m.s-1", "forecastTime": 0, "surface1Type": 160, "surface1TypeName": "Depth below sea level", "surface1Value": 15, "numberPoints": 4800, "shape": 0, "shapeName": "Earth spherical with radius = 6,367,470 m", "scanMode": 0, "nx": 80, "ny": 60, "lo1": 109.0, "la1": 20.0, "lo2": 116.89999999999955, "la2": 14.520000000000117, "dx": 0.09999999999999432, "dy": -0.10000000000000142 }, "data":
[rows 38 to 56 of 60, columns 0 to 41 of 80]
-9.847891719249601,-11.12607345829961,-13.314112124543525,-11.625428375888685,-11.337382823477432,-12.482175103489237,-13.953852734135104,-13.61503488817935,-14.291955611830343,-13.838023676038386,-15.138802652651952,-18.100445683854765,-14.456581928456728,-14.862799083642797,-14.731654767598627,-15.946286889552518,-15.098382936143569,-14.700757502900704,-14.484182959062423,-13.579258219521442,-13.641560023293037,-13.946881422481635,-15.185315646256576,-14.960370430164367,-14.514630588503708,-14.569169491802665,-15.634690753691103,-15.37108899998799,-15.049329612871018,-15.779788550364376,-14.03775303128925,-14.089263526876309,-13.270325084226645,-13.482395438272931,-14.903038411319537,-18.374025520784866,-17.294068521852747,-16.549974164233596,-17.316689911008602,-16.23036720556956,-17.191362730294014,-18.00887674276386
-7.867127985929406,-11.357397374362424,-12.667471332938014,-12.475502558333826,-12.184372745941594,-12.259780133017056,-12.982228568307747,-13.037880200296014,-13.670752266281713,-14.296022782055402,-14.622515575277799,-15.10851644462398,-16.249040749463298,-15.522953515147549,-15.175524282350802,-15.486748369770108,-14.881463786317653,-14.846469602760395,-14.055806385571696,-14.576687334455121,-15.361910803468422,-13.833606031925425,-12.855504488885654,-13.550677414259189,-15.271466069989888,-15.16115012121203,-15.525743169536982,-15.75795626741152,-16.685413413530693,-16.545052209297054,-16.204382504487697,-17.48509436208049,-16.63117442645855,-16.28412231639708,-17.771307490520286,-18.587035961535616,-16.638300715272234,-16.054202740007085,-14.44460967285053,-15.99087436644663,-16.743316892938306,-17.898995853257098
-7.421919955659156,-10.074687722754172,-11.245466869271121,-12.217533851020452,-12.138948095316056,-12.729587245497276,-12.204334262891875,-12.432348758486654,-12.155865136751753,-13.758408747503804,-14.71346805415035,-17.311133341230082,-17.671118914430714,-15.292333977847864,-13.526587664500616,-13.9066840660313,-15.261750656588552,-15.435363482456925,-15.204231796179604,-15.795812001543224,-13.840909928459306,-15.25144178365401,-12.726324289365365,-11.482168669702713,-15.212119510653011,-15.112578036118313,-15.181610876024648,-15.278622307847868,-16.241527909913785,-15.802829974371653,-16.204926229317348,-17.268487414189188,-17.437897815759502,-16.920174256443946,-14.887337814595158,-16.516082121961325,-16.163685755496175,-16.068227048637183,-15.778700372364678,-16.623747549506383,-16.91273077811919,-17.379838578562776
-7.598509064485389,-8.697210453237949,-9.858622028678543,-11.028016336094803,-12.009757453081242,-12.648577685846515,-12.57347842962384,-12.765295709166619,-12.082356528839602,-11.922414311868298,-14.598317686848734,-18.13522219748513,-17.797509376289412,-14.149531236213303,-11.863683989943508,-13.569935718795,-16.016399342814175,-15.608406325718006,-16.090875891423472,-15.438970604354026,-15.243200566540036,-14.830024240393193,-13.808624631993496,-12.76711153049671,-13.29718624339598,-15.840118098289704,-14.327677437250824,-15.236517132000827,-16.037875471927656,-15.76250407184698,-15.356790498763075,-14.355270509841457,-14.927641953000652,-14.913377149187276,-16.543362360069615,-13.396581042280229,-13.778874837952383,-16.178677281077018,-16.48233787148753,-16.56692896854873,-15.680572467141932,-16.85881663130996
-7.230808002201546,-7.603925088918879,-7.562720420647633,-9.537987762851767,-11.270892993376508,-12.674241424562574,-12.327001774697436,-13.449858799316907,-13.688984780203818,-12.936177324768144,-12.857743357610657,-17.14911297109618,-17.92403471599482,-12.057746862302668,-12.404199508196342,-14.669372381178675,-14.976686613138902,-15.234958865952745,-15.193831957141072,-16.60622097394386,-15.634074522306557,-15.106211492272768,-14.498537297316936,-14.913009552447328,-14.453118811808736,-13.973087662918685,-13.882099368899363,-16.200538022003993,-16.346126820342754,-17.553670981391573,-12.996972652437607,-14.04363775545368,-16.815951521002997,-12.766731944886931,-12.615564350324904,-11.832706128227507,-10.484716854463354,-9.603591795013104,-14.176328502481159,-14.606410234265988,-15.641085745548772,-16.830115114829567
-7.616525854756485,-6.61618723749543,-6.184920112723653,-7.67359985313639,-10.63906406544134,-12.260054116483062,-12.96414615034788,-13.62665030908147,-13.89190460066349,-14.706723192754655,-15.59702618343439,-15.40056240375436,-14.035724391599391,-14.58325849635439,-14.007365692047435,-13.90738945266334,-13.91368458480901,-14.299669192527457,-15.467405860149146,-15.019608975018059,-15.369760450728997,-15.831719500554158,-14.919289942417617,-14.440834918407266,-13.960244715009027,-14.752455997129939,-15.617941110681347,-17.423384792225143,-15.466263806325799,-15.64246475741542,-15.69595909776916,-15.25784254797004,-14.850890031535178,-11.481503127878229,-12.06054028655601,-11.645256120846554,-14.53015358063866,-15.129956974892096,-13.930534755568575,-14.95929227869002,-15.945735846830473,-17.215626971713647
-9.239331535941975,-7.443900812728562,-6.849058606200249,-7.736807953085072,-10.355614720660984,-12.231164408677696,-13.413553642827365,-14.124842704790638,-13.860855938108513,-14.770762294180134,-16.042162723971416,-17.27305081153961,-13.409415263507753,-14.155782921619217,-14.900637282271488,-15.604210992196709,-13.731089136791798,-14.719225265197688,-15.049256747939246,-15.802550674069352,-16.110093731995253,-16.801620826922537,-16.57673430124759,-15.010119042933042,-15.155723267564454,-15.628248398894561,-16.12390572322638,-18.666356044504703,-16.920336570679396,-15.047167725850823,-15.435526677430401,-15.58014981613946,-12.288154334167402,-13.450420782977893,-12.658175825413508,-13.301740042229108,-14.22764472761366,-15.627033925936079,-17.414551046017042,-18.04977801045411,-17.20148412384482,-18.298464486906045
-9.84701545841506,-7.693237081072837,-6.624702097561978,-7.563902378375689,-10.164633682963315,-13.278186622883723,-13.624391459214891,-14.328600326543075,-14.349930669486112,-14.582859940533467,-15.187615866667377,-18.298869022411704,-13.168082296037817,-15.260421397373152,-15.349831054632261,-15.607649852465562,-15.562096467411576,-15.433675650690803,-15.690378835803752,-15.862749680127052,-17.91792090628374,-17.22509902261074,-17.036722191391277,-16.207792577223252,-14.819423900945907,-16.677005397764383,-16.412611829200134,-17.932606511351445,-14.780338907198026,-16.492582114529245,-16.705948508450064,-16.026895574319187,-13.326081990188351,-10.928942453171299,-12.319228053705022,-13.883965916332574,-14.19315539520341,-15.054251152083465,-17.466266648913624,-19.32567494937531,-18.497376404274146,-18.653566400891005
-10.61636942555378,-8.003754944694599,-6.90391127389617,-7.2579266981344,-9.530065890229407,-13.12456698804815,-13.792817582810414,-14.684348980897257,-15.376838979804601,-15.591054316955557,-15.849561563161187,-15.001912732470759,-16.306155297339917,-14.219751198112183,-15.326827284902505,-15.590391670982864,-15.913925414462366,-16.78732642930503,-16.22012729380752,-17.110236347604047,-16.767055975058923,-15.631701729146187,-17.121355410284643,-16.112493451406174,-14.821694331360789,-13.401816915168002,-8.910705320648182,-12.952689503136114,-15.425514699929858,-15.859211067912058,-17.266026254014935,-15.726522081222113,-16.034569856857477,-12.066541241817843,-10.599298936872476,-12.178500884589486,-14.537418961124189,-15.69616173455479,-15.151218606835233,-14.900259824008035,-17.598680791821643,-18.53682946642555
-10.973460952107327,-9.062483522760402,-7.962946823050236,-7.3361572721702135,-9.464561904165208,-12.964358625947686,-14.00636972169065,-15.216665924954057,-17.22478900804258,-15.906016035048193,-15.95777478527147,-14.189706563950612,-17.06418704551721,-13.171299790244241,-14.462014163839227,-15.027300761906776,-15.97983672908777,-17.542708556908046,-16.966724382556272,-18.07469022069217,-20.224186340128394,-17.700233313761668,-14.460862745708837,-15.923828607407447,-15.355734566643537,-14.709306844266068,-13.719282981561669,-11.588622573884848,-14.174844132241175,-15.936393709377446,-13.683208354939277,-15.89092086993919,-10.672019364054895,-12.752306901380926,-11.887721081482994,-11.885781494752235,-11.426903347276347,-15.795355861469222,-15.099155515437289,-16.693171873220344,-15.783035956820873,-13.384040870374735
-11.04670958416192,-10.006595543750414,-9.169284747544285,-8.530776487299317,-9.585091762984211,-11.833783099010205,-14.095926167871916,-14.957353225592364,-17.131462236248726,-16.86498577695067,-15.014298640478836,-15.603786269447419,-14.758094705769665,-13.40999524504075,-15.149235637874497,-16.2782932501267,-16.47061747821164,-17.925267975740944,-17.892265349229014,-18.36769095132584,-18.360754219357137,-15.769642814518047,-9.575567100459091,-15.82839440378001,-14.730508714092682,-13.871643216510229,-13.387965765802667,-13.556573895495298,-13.419045164012074,-12.868624157095166,-15.27598443451414,-14.643419880476781,-13.441783260956385,-13.852147293259915,-14.273607947763697,-13.80709557707497,-12.707430177414182,-9.606224271851277,-6.796493837135197,-12.192388909300343,null,-12.643461943574557
-10.802483348695413,-10.763094953144945,-9.26092628414697,-9.211050789413399,-10.954703360248459,-10.956601943271659,-13.852757724555017,-14.67977893032925,-17.86913426780436,-15.306423547399966,-15.334539122524642,-15.464193354668627,-14.522600277555256,-13.670270787563439,-14.411361591101663,-15.893506711177663,-21.86441858160783,-17.12135123824418,-19.822002319725176,-19.301009032815347,-16.7676575485526,-15.377561100143353,-15.12973952166129,-15.9766923192856,-16.033346050307046,-15.780363059390668,-14.550947574789845,-12.967378246366804,-14.192165855373931,-13.832910664466699,-14.564523302863346,-14.443905502197943,-15.063354309406837,-15.867223303537838,-14.902509595545615,-15.227186086531175,-13.900919758378915,-11.379430177120572,-7.829366630017347,-9.00635944061904,-9.126941759103483,-13.588696730424182
-11.670679597933828,-11.566271539379239,-10.05835357393757,-8.379512280456938,-9.612908933380687,-9.81179063295344,-12.557033073839463,-14.21061916595411,-16.31363335233965,-15.741910481907217,-14.932194179621572,-15.191181911836464,-15.060466788774324,-15.226610228224164,-15.244136671918,-16.40517431325511,-19.183552750601518,-16.287917236141933,-18.173454176110134,-17.800485221177205,-17.179503402759984,-16.66695560108542,-16.294612144031326,-16.641682079925474,-14.665873881576001,-16.908538573307624,-13.896777805616848,-13.481179085516178,-14.698659469476425,-12.84034615473701,-14.08282857283167,-10.173924874024838,-9.640539031792713,-13.861785324686172,-14.986460752676273,-13.893123928884272,-13.215122536711288,-12.767643332969083,-12.256423006874744,-12.78336168248426,-12.605992681821126,-12.244693047069426
-10.10660849343417,-10.00132295209209,-9.798537516216665,-10.671651297325136,-7.227205513711321,-9.335218350368425,-11.712480612418688,-14.012874162103923,-14.922243808111283,-16.79362860428184,-14.609813637943848,-15.2156193093563,-15.63613664997103,-15.437008125060181,-16.240284742097142,-16.197673014024645,-18.567577950708596,-18.01114296643896,-16.7566913761237,-14.839466946003851,-19.529917175201245,-15.195156315508996,-17.58805533234725,-15.838233252505251,-16.499017272380822,-14.298442703163325,-14.469844715780937,-16.111939035849133,-13.131332220206394,-8.623252388306552,null,-10.429180135816578,-9.44634797564202,-8.588274838166774,-7.746612194241632,-10.159145841379637,-12.506171864481995,-13.129403444496628,-13.985889995719768,-13.838712864835182,-13.970343967826985,-14.519103845886569
-9.665861173287324,-9.474196917923116,-11.686098279547092,-8.902313987461314,-9.052469977208617,-6.985988805252549,-9.858466589569396,-12.212022120798691,-13.586176326696208,-16.592570849997205,-13.935832583862101,-14.745704771744581,-15.96221855245214,-15.520500346479853,-16.615357651190134,-17.340470022025684,-16.699468029235966,-17.69109321645334,-14.341310415357786,-17.12776464872808,-14.157416612936938,-11.969836688484708,-15.427412160407837,-16.45097837103906,-17.35255356074956,-15.41049991784846,-15.2620639701176,-15.652490784947759,-14.66950242361487,-12.903620622515174,-11.39559112769698,-10.642634712000435,-10.800834075859063,-8.490380056460465,-8.545445112956742,-11.229355763779232,-13.058079446793117,-13.706880555062884,-14.940364486912559,-15.463977189540739,-15.690174599662,-15.49672318466906
-9.076433898209185,-8.990074032729066,-6.671872115389221,-7.556505304380664,-8.251937562077057,-8.651583503034935,-7.490930214195503,-10.60293132520147,-13.128086606802253,-16.849659522787647,-14.004699270709688,-14.316354069300935,-15.48513976725329,-16.199060033457926,-15.63211879355473,-19.015600904505707,-15.549413919688252,-16.479188190203303,-15.022244124559789,-13.30219402464327,-16.04226195666041,-13.823057553802716,-10.940316265814412,-15.821742084889463,-14.423710548939983,-15.515268872724578,-15.756305679694535,-15.614249051411534,-15.519626202996658,-15.247199826142527,-14.233745438888896,-13.779735457406982,-11.406062454493382,-10.446816222651165,-9.973242559231403,-11.626377789197718,-11.198411392526014,-12.677001863808165,-16.091167508656163,-16.12573938328832,-15.952621905007845,-15.665955518335121
-7.562971487401185,-9.009795694302142,-8.012473977579429,-7.76833569087719,-7.412367708073862,-8.525351504025624,-8.863739772759327,-8.764001789827967,-12.159508156899781,-15.541286088266629,-10.875447528710634,-14.989244456885578,-14.915943630013814,-16.512086430948763,-17.19135672910754,-17.84061428311656,-16.6484581565497,-15.060726950605867,-15.695736336855976,-14.779298560431807,-12.879343586110922,-12.130566456617426,-13.590838437421457,null,-13.043217475280471,-15.02418346843547,-15.493655893982982,-16.240181504263546,-15.722994997753721,-15.25378796717017,-14.945546791518893,-14.747003484442367,-13.738467809460044,-12.389508461343087,-12.082443865637652,-11.271866480694595,-11.07553207321875,-10.811799516922415,-10.617634075037417,-8.521094635939678,-13.042092879473728,-16.440460672910078
-6.746088062414888,-8.78152839340864,-9.59083474734172,-8.707094773823302,-6.99699451789181,-8.063370664753108,-9.331306683566613,-10.539171568338185,-11.872028221388893,-12.162740977316826,-11.811779322992678,-14.98201935007204,-14.795038404436761,-17.34382795302262,-16.398845519440407,-15.809168063104984,-14.977393173444767,-14.92376512468992,-17.3277958190079,-15.561225238816608,-13.012139922674173,-11.809728721124767,-13.941895003416157,-14.037125324507208,-12.70757664783822,-14.996229886601736,-15.631651713607313,-16.79604467664094,-16.31255002631109,-15.323974047833044,-15.347006928600093,-15.767788248307905,-15.999152992754722,-14.070675490967421,-13.35934107040093,-12.756584920321407,-12.829514871164264,-12.595167461248895,-12.784678557302632,-10.7477471972503,-10.527097991036047,-13.7064826835817
-8.111938243588922,-8.370545342279149,-9.686112411616271,-10.334931958945392,-8.592205349160524,-7.685698659105057,-8.830762947846894,-10.384265686588604,-12.140195853326016,-14.193950253830632,-9.305239013170535,-14.540488356832169,-12.384605666909074,-14.807927137155193,-16.041236048590626,-15.981551233471587,-15.239453370408405,-14.538278938304813,-15.353848523468747,-14.39645912036239,-13.441729564319578,-12.845962702593342,-13.360049469829502,-14.860674142344202,-13.313444439012098,-15.505989205462946,-15.97809341511538,-14.68046698527331,-14.649500744077804,-14.809998954846979,-15.817383335159025,-15.598440613199019,-15.135153742833756,-14.21434172315746,-13.86894994677139,-13.32771366567517,-12.962268642674037,-13.15574903935416,-13.244960141674161,-12.776349972609918,-12.298950838606844,-11.523075463429254
