public/json/wind_2018-09-1516_950.json
{"header": { "discipline": 10, "disciplineName": "Oceanographic_products", "center": 0, "centerName": "Ocean Modeling and Observation Laboratory", "refTime": "2018-09-15T16:00:00.000Z", "significanceOfRT": 0, "significanceOfRTName": "Analysis", "parameterCategory": 0, "parameterCategoryName": "Currents", "parameterNumber": 2, "parameterNumberName": "U-component_of_wind", "parameterUnit": "m.s-1", "forecastTime": 0, "surface1Type": 160, "surface1TypeName": "Depth below sea level", "surface1Value": 15, "numberPoints": 4800, "shape": 0, "shapeName": "Earth spherical with radius = 6,367,470 m", "scanMode": 0, "nx": 80, "ny": 60, "lo1": 109.0, "la1": 20.0, "lo2": 116.89999999999955, "la2": 14.520000000000117, "dx": 0.09999999999999432, "dy": -0.10000000000000142 }, "data":
[rows 22 to 43 of 60, columns 0 to 48 of 80]
-8.992478970058412,-8.880196742499884,-7.719839199745901,-9.47385146409476,-8.155387409763595,-9.057313466222007,-9.886344902648544,null,-9.277031959616165,-9.22957589507757,-8.629271878415087,-7.663757408727962,-6.134223224948189,-5.796257163561123,-3.899611334304725,-7.298723335189096,-6.895700177905487,-7.091864639898388,-6.911766122264293,-5.9936664914816635,-4.909870061884707,null,null,null,null,null,-0.42284870148511433,-2.127186192985635,-2.08321732955669,-1.2065602618079256,-1.4520060914256916,null,-5.825033895374684,-10.094663036127162,-7.011156732675113,-6.4685310676003525,-5.758886268607235,-5.6340217827438925,-5.150271416341295,-4.137254825517518,-1.6237708660722145,-1.1661463242542078,-5.625635435212031,-2.869654398101939,-4.5977677302327224,-5.442634637908274,-6.704438090966704,-7.838482013863731,-6.945622272740016
-5.909668274198157,-8.203586698260612,-9.082315211400772,-8.072513181189166,-6.810401600076789,-8.576396758979408,null,-4.766852757869376,-8.432586166868113,-9.560227056716089,-8.595610584366494,-7.725734535222798,-7.388233390660998,-7.958292639980474,-7.466849329742113,-6.078233350936987,-6.330652387074322,-6.978493352908041,null,-4.098130021529255,-5.485326002721839,-1.573601605842891,null,null,null,null,null,-1.1320279076713147,-2.5407487343507573,-1.4914134524398905,-1.6457463091224191,null,-1.2231322362461063,-6.234855876187094,-10.066465185114641,-7.314803049015902,-8.6298395290549,-8.385560325926923,-7.368720132523874,-5.940954311250622,-3.6495765804162894,-4.486382575553215,-5.520877615625032,-4.123480015508084,-4.198781483446344,-6.795192183619433,-6.940117625066639,-7.951947971021323,-10.544506020890163
-7.598919427259033,-8.265131159477399,-8.373437764234232,-8.432776160880739,-8.222551419109369,-4.97670221436641,-7.86207808518497,-6.866581946663987,-7.997058724736722,null,-7.857939934340068,-8.82057092079426,-8.308319155920016,-7.621270594825962,-7.824796370344159,-7.454401735794921,null,null,-4.702379021319755,-4.29646806963196,-4.9260010213928185,null,null,null,null,1.2106598287130015,1.1398237870295935,null,-1.3646311747881306,-3.337139784888891,-2.4179262872578615,-2.1420020436381657,null,null,-6.331429068542626,-8.544742730640436,-6.798688935667025,-9.561895453766148,-8.3863617381036,-7.377407501138307,-6.297414837523567,-6.315443526442682,-5.717934710748891,-6.9091526195516835,-5.139309229563551,-8.802883463369819,-12.320141165186532,-10.15773750098305,-9.204322467034046
-8.01324947415948,-8.95115454298673,-8.960349473836636,-9.95467947282967,-7.513263011626191,-9.809838897059027,-9.383454441469564,-9.2611303556462,-6.629421499112409,-5.310527016145466,-9.822680682584553,-9.646989042704401,-8.99010987811857,-9.862067182802473,-9.519865706417328,-7.980366776667405,null,-5.99599548350932,-6.972750934748951,null,-2.1726539007263046,null,null,null,-1.4002230344074602,-0.6371766867385572,-0.49784849227496986,-1.3771674931899112,-3.847767625042693,-2.8173096865544887,-7.950519650595661,-3.8777265067662503,-2.295751052163529,-1.0288714499377138,-6.996226961965666,-6.919752840620969,-8.576902173695753,null,-8.82271062667208,-6.752653913539669,-6.417705882384955,-4.838524402235262,-7.03185611657597,-7.643630043066396,-7.117212326951144,-10.898037757906174,-12.524465107085675,-14.971749500778607,-14.22069552181537
-8.87969116489684,-10.206245410039404,-10.6267255722872,-11.108721217041964,-11.118186901931024,-11.03053795155575,-9.718022986360825,-7.911841267579575,-9.789224677414001,-9.286017852603626,-9.79920294595721,-8.966121587030589,-11.5625329112182,-11.044660099459996,-9.54343704587259,-8.356506439500132,-6.846526001905324,-6.03787795242409,null,null,-4.253838413166265,null,-2.6609070305468947,-2.8372691816998263,-4.035057159229694,-3.1967051723844055,-1.9865299645219543,-2.8523989259767664,-3.5398136357784415,-3.8195182327779063,null,-9.161217944045099,-5.207256041796834,-6.006333361366818,-7.2051278229225755,-7.130804926633304,-6.3411293774328765,-6.525390577557599,null,-6.520563401307907,-5.412712232510708,-5.727094240753655,-6.174353971437842,-7.241602140947962,-9.21111430326414,-10.35433739172426,-11.776314019050304,-13.454206311006764,-14.157499748813555
-9.595968112782144,-10.317409037747785,-10.678525802872015,-10.859701437604858,-12.282599449097324,-10.789747503319875,-10.246168817400182,-9.571329110645214,-9.288296792763258,-8.677340518395402,-8.305826140493517,-8.06825767188161,null,-10.033933610091559,-11.317375421418117,-8.85801639586011,-6.126221461188395,-7.060010340570815,-5.957282344885141,-4.755739608342709,null,-4.81388605040488,-4.082658734691494,-1.4917837883124003,-4.7837074978532526,-7.511109662508607,-5.351813941910995,-4.279264529631893,-3.8516461608145773,-6.501218925753608,-4.794774855797207,-7.66277600372122,-9.255226127382194,-6.902040383698369,-4.4411336456507815,-8.528975182412205,-8.140244376367576,-7.173065810196577,-7.292142288263069,-8.71210865266068,-6.071677580265455,-6.040215761367143,-6.741830171308463,-7.984873872774532,-8.394869552327892,-9.18693823954845,-10.726809130374674,-10.960401082725967,-13.253008911744645
-9.691849484413694,-9.953567844509237,-9.782299990548267,-9.645721596555418,-11.160121599843594,-11.137754788883571,-10.671046365300713,-9.727713144991228,-10.258912797694023,-10.209364385158764,-11.078696737196776,-9.794330269969286,null,null,null,-5.702202440862911,-7.888038082785007,null,-9.602777679007781,-7.460285144241537,-7.170146523741608,-6.786827297641709,-5.719321660773005,-4.040026842207365,-2.6418094435849673,-2.0215973813901478,-4.6918888112759785,-4.3856147674598125,-3.4553268149321044,-4.627021727204242,-5.693753500443449,-2.0880667170751845,-9.884091252079978,-9.140651990335748,-7.042705911969254,-6.299973301916239,-8.504482829330087,-8.153667942560272,-7.449581977242811,-8.149290617023238,-7.628973905141965,-6.962842866400703,-6.713832351620692,-8.131798501217105,-8.771436958707541,-9.230835373000895,-9.425478174585034,-11.709218337943025,-10.12950694533069
-9.528155379209634,-9.645937573827036,-8.039771339393752,-4.359061623831518,-6.315059276129352,-10.225420906470294,-11.584718291211102,-11.119163593776396,-10.841699407068521,-10.477372000665577,-10.918154093195035,-12.910141186241091,-9.281584062868966,-5.383565443965594,-5.986650937965531,-4.976861444897839,-7.300840076844036,-8.597607309405905,-7.2217653157747375,-6.1408537776718894,-5.0890039502476885,null,-4.843952766242903,-3.748234552749827,null,-2.3123367841705957,-0.7635860760027999,-2.2863199684273137,-1.6426443301575044,-2.905239476603759,-2.2960626992336346,-3.6502386311148163,-3.735137586069544,-7.385351426690439,-9.091409220698704,-8.556021541369653,-9.331759167209835,-7.986214661648449,-6.901278603562874,-7.037366181412706,-7.647557220997417,-7.378538230919034,-7.2420437203254275,-8.243186577954791,-10.188645414640586,-11.213036374020513,-10.126563439176557,-9.5544624144902,-12.087632931310393
-9.091984323854563,-8.582900590707652,-8.044760076322927,-3.970750062189699,-6.779611868962808,-7.547955194726924,-11.270012387020909,-11.903547241792195,-12.410711505008898,-11.605414249453291,-10.282496672298073,-10.971912676355995,-12.25917174385453,-10.905279587849908,-10.41818149048399,-8.526872999432237,-7.55720500830644,-8.08462084268601,-6.326298624919407,-8.455364713698412,-7.589791340092084,-4.784196882122682,null,-5.907888710063949,-6.831875145499427,-4.349561072271268,-2.0553165391020984,1.0570636773812991,-1.9432522139437085,-2.43823493204547,-3.926366832875471,-4.7413297449661025,-3.3478345104023632,-2.460452646625078,-4.39657493679919,-11.009337201041953,null,-4.821668439748734,-7.107000552709282,-6.708856698227408,-7.5278942922961924,-7.431162545178447,-7.537050863085666,-8.867795363884115,-10.81196498225415,-11.296905696800646,-11.686354747565773,-9.63476123569641,-9.35141038092694
-10.071955627633017,-11.218523622917319,-10.841123351999432,-9.355230402331003,-7.977413356614864,null,-4.6100300825490645,-11.56066945514321,-11.89182040154167,-11.747390320352537,-10.299720193746243,-10.790675066908364,-10.078908308369025,-11.554962171320216,-9.433301669118082,-9.76619011319567,-7.990164145090186,-8.782027740143405,-9.077590199543355,-6.200290885574184,-5.303411140924233,-6.613583355999685,-6.327960366588295,-6.344885203179093,-4.2329154856685065,-5.811558829526595,-5.547891990173796,-4.462386265229918,-3.4774645644906332,-2.795550843297062,null,-2.9206419839785154,-4.721752800145557,-5.591662121572763,-7.471621641506426,null,-9.630922987501066,-7.67706601054094,-7.475746450069414,-6.8412705131479505,-6.935458404986218,-8.162109013132627,-8.13677060785404,-7.77906647982062,-10.184104189674624,-12.69988964017394,-12.995559158509003,-12.841280468538883,-11.483926990104408
-11.48310952275777,-11.147352645075147,-11.057869857920199,-10.490190827636242,-10.571792684160673,-7.490806033389035,-4.2698719398287865,-6.371725390958489,-9.999031862437707,-11.0807346604471,-13.298704201408823,-11.223800017723597,-10.63439244428358,-9.741499241799756,-10.980105876124476,-9.445917538076822,-9.724441115556903,-8.401680245618785,-8.044744123238356,-8.800836343750975,-7.4328270561946015,-8.803261982101867,-8.460957000551435,-6.834738846620014,-6.74230132629196,-5.373505495514211,-4.416855591524197,-3.9950849511922075,-5.336484364904568,-4.423402540329019,-3.790638946906076,-2.5200667621349337,-7.831435831508395,-4.980254897105952,-5.302895951627012,null,-2.489426522328235,-7.035694022613249,-8.580421822459432,-7.859065443519841,-6.712078612735009,-8.076634893512866,-8.70395905734282,-10.32881780357522,-9.058486936591635,-7.516702439708604,-12.11116668424008,-14.892764009099377,-14.43221027830443
-12.377640787842509,-11.662430161364734,-9.798277735076963,-12.408906368043274,-10.735458035232007,-8.704433654838164,-6.110713588233212,-3.3228937102482723,-1.0658764657485724,-1.0120731356278954,null,-9.516132687686584,-11.27532958176405,-10.645197527959578,-11.298966519435776,-10.884585232350195,-10.430614409929962,-8.076445702239209,-7.395645776264134,-8.944169012596376,-7.850368853011741,-8.921845184204656,-8.410336160264013,-8.321147833095825,-5.728068819154205,-5.666820442582024,-5.033273106543094,-3.4830960269951925,null,null,-1.495239111166537,-2.8676372585458436,null,-6.283441452028383,-2.3241732676386726,-4.697030233225582,-7.810944131413558,-9.700200934920064,-6.618352337651983,-8.883755847994482,-7.734382027845876,-6.373893538737503,-10.123768741026831,-9.005465642939395,-12.476723626802487,-8.76033024965916,-12.523170613202579,-13.20914976084504,-14.608423732870344
-12.439294408531989,-11.529930589922692,-9.494804600390436,-10.136334141983413,-11.272205993215577,-10.550683262539017,-8.060023612187496,-4.309336348418684,-8.112370434875459,null,null,-10.207205357100012,-11.189189403790955,-11.860913556676332,-11.256560914753209,-11.151008682051943,-10.24103873377885,-8.703845794190618,-7.519949400961108,-7.955664177910588,-6.630112615703682,-5.282919904088705,-7.300465480799727,-8.15134291603059,-8.155344480343741,-8.801898011804843,-5.374195718218786,null,-2.7440288059646862,null,null,-1.7400851681736795,null,null,-0.6033775386063261,-5.971393867908762,-5.474307691256835,-8.873439239307496,-10.506950681258438,-8.505056865724326,-8.027020725769134,-7.395862690344736,-9.607350732680564,-11.049384330898821,-9.305374730012018,-11.11196916057225,-7.753160253801364,-9.996444882460462,-15.216743353675806
-12.807500036204406,-11.127891125963743,-10.451703624660821,-9.306827369154199,-11.397725551942841,-11.625773167473623,-9.483896852042388,-7.7773668754666705,-4.491319175057636,null,-2.154521158574874,-9.06029272420903,-11.937866644490418,-11.298365448865546,-12.001472017616724,-7.8022342942142595,-8.920404853072332,-8.329527269282503,-7.7808654294861785,-4.599200057442145,-6.3074588258943125,-6.161345068719953,-8.102944734614391,-9.760288893774085,-8.788666688474914,-4.564783731012102,-6.887629476317548,-5.439623682720785,-4.986145088078777,-3.3610283036204858,-3.34863526788374,-2.9192534302997153,-2.205846163402696,-2.7490005860211837,-6.538383757687926,-0.34476245819396867,-5.538841273607164,-7.552877485467273,-10.108043445053486,-9.08919364741173,-9.984876751466455,-10.048603310768387,-7.763739738921384,-8.009233406934758,-7.721409347806128,-9.253857584148328,-13.12585675334666,-13.086918078136456,null
-13.007460273220126,-12.98862863982928,-10.792189942477549,-10.634621863859804,-8.98033992206598,-11.302854540947628,-11.43811336758445,-9.381883289574732,-7.675496977029416,null,-5.967838510064399,-7.921618468011801,-4.795416862612204,-13.525141039128975,null,-6.383692607010921,-6.281350036476068,-8.627675434924642,-7.042426249840896,null,-3.635564895943123,-4.220218534607565,null,-6.822421837029273,-6.070982809588391,-6.499635180387801,-6.687271625166854,-6.7624622314377145,-5.704593347390341,-5.929797025150091,-4.068122709250048,-3.6721268793407815,-1.6443444550062498,-3.576196380006447,-1.1162890461168862,-6.32574622365501,-6.447343731759113,null,null,-6.432218471053421,-9.953083076173092,-10.604452922336375,-8.888213380506441,-9.979449086658917,-12.036569217143338,-8.711519236675082,-10.684585252295586,-10.519610436145326,null
-11.600383293418991,-13.062261118324754,-12.64533807421864,-10.259834591504703,-10.352614296653034,-8.303025671948731,-10.94664204341102,-11.35466370983827,null,null,null,null,-9.495469748735811,null,-6.774213098751161,-6.048517096030864,-7.096675417535362,-5.488914882530671,-7.762798356040176,-5.608995214975088,-4.9154667861866175,-5.696911691128477,-6.517874207230962,null,-6.145225821142119,-7.0399213010174035,-6.6042818354315695,-4.756744598107147,-6.702896562955553,-5.1860835347648315,-6.4227932865233806,-3.2273208715518997,-1.0720801751928173,-3.344701340899927,-4.493162142441479,-5.554833021303629,-5.411021328176638,-6.7813103120352105,-5.097860304242604,-4.1136216699770145,null,-4.825750380026706,-8.702461279856303,-9.415510422920615,-14.139323958231572,-12.250559467397153,null,-3.453899546205008,-6.788729556071875
-9.675637696237363,-13.720088723788228,-9.442257717588392,-11.605267626661254,-10.83186681640273,-9.592961819017107,-9.222195271471591,-11.542466965035974,-10.381810448901454,-2.401733787363874,null,null,null,-6.659639490295378,-7.959640965996727,-4.195004633615033,-2.4727618562517604,-3.7300260520811515,-5.031468016281437,-7.247041862177676,-7.5334649519704975,-6.495717078594523,null,-3.459999046838463,-0.5792381210713563,-5.067076969692401,-6.494154358833866,-2.9221459788624418,-5.711234564488292,-7.740781627538243,-6.13801254743281,-6.608813654939986,-4.208379793066459,-3.018545456597638,-2.3198181275421454,null,-5.2038881059469375,null,-6.289781603322511,-4.570735627836491,-8.264072250267947,-5.864656015107266,-8.427167539241974,-7.370304464443942,-7.822012336618159,-13.973919680199847,-8.228856200807245,-8.244199769112535,null
-13.066610768525303,-12.885961982596694,-10.999428021437563,-11.849085518613789,-12.306580209935781,-11.656595872618905,-10.092859025151423,-8.812901624328383,-11.139825193446704,-7.251073976348874,-4.957027314331716,null,null,-7.148017578559699,-5.485994600777515,-1.5336325435716556,-3.7447926238505236,-4.040838015564767,-3.470808028475869,-8.815688473345432,-6.317943764262578,-5.208314886068465,null,null,-1.8078270463236656,-7.219368111639667,-9.777664414686804,-5.845529875011521,-2.3928845837785193,-6.98744367798486,-8.553589445588832,-7.909274981902956,-6.299474330957773,-7.403491777181472,-7.150259463343552,null,null,null,null,-5.302481729852377,-4.851557796505603,-6.105264187181761,-4.05370368715253,-8.890786014014099,-9.306367722555542,-7.226623935511281,-7.652354158472847,-8.150654012690923,-7.573847155464444
-13.047140376024213,-10.60979534381595,-9.26325810284713,-10.735074184623679,-12.656668229636246,-12.447148528123005,-10.777943551320885,-8.967966827344798,-8.521081961704532,-10.527059548411597,-5.381501250532143,null,null,null,-2.334009802166499,-3.512574866887702,-2.1205367378634814,-1.3213245109313076,-4.49027438203277,null,-2.340319028467766,-7.3582938160253955,-2.757773252687428,null,null,null,null,-2.2152213561673673,-0.06461754828378136,null,-6.082462134569507,-9.581336249074852,-4.8406338396415025,-5.782784493877869,null,null,null,-0.16073664640892282,-4.708599434661954,-4.989965389486659,-7.191624786298522,-7.186876252122061,-8.474511657358251,-9.990401237267212,-6.808607265704824,-8.240460074248789,-7.130362530612608,-6.644456839109484,-13.374746293908677
-8.616209315782083,-8.511912941381807,-12.668090065799642,-11.616833944467906,-14.184206914709199,-13.120960119929983,-12.070689217815298,-9.571846529482738,-7.279108809772329,-7.800830164251391,-8.86411733743228,null,null,null,null,0.7668585093490579,null,-2.9845294748520783,0.09526073727687845,-6.343598604281385,null,null,-3.6104782927093777,-3.1773257149353737,null,null,null,-2.1930398596715825,null,null,null,null,-1.7070649620468084,null,null,null,null,-0.7255512099661157,-3.9437363392783618,-6.936163127515885,null,-5.358372413528827,-11.114114055997575,-4.859774437983549,-7.091531921037326,null,-8.524184019210832,-9.880741952118345,-12.783809074000299
-6.825858555359346,null,-11.515108606000698,-11.555635674347329,-14.200010530603201,-15.259014113027854,-12.894252619498651,-11.288530514627247,-11.194552592090385,-6.8948568393138885,-8.283089407516606,-10.644603161688696,null,null,-3.8881207473553467,null,null,null,3.2395476064076933,null,-5.965067218568954,null,-3.346924071214013,-3.415481493381136,-0.564262388322332,-1.6159531401682752,0.11514417959472284,-4.285304860671239,null,null,null,null,null,null,null,null,-2.5362785155598653,null,null,null,-2.3150737593569777,-7.903823542730334,-11.490090357365634,-9.347903279128028,-9.330508953717779,-6.426648718833398,null,-11.906801495656541,-10.209769008970376
-6.798841212814752,-7.93589937002706,-14.155871431176408,-14.248356944838273,-15.264535212260412,-16.06946120066584,-14.274159168828113,-12.34533158363303,-11.72992989631641,-10.24793002179259,-7.626530142017049,-8.590279546856218,null,-5.557195322591509,-6.143989736735819,null,null,-1.5408417403432926,null,null,-3.005959731106923,-6.861589878404162,-5.692750575679906,-4.272480368231268,-1.5928752297647835,-2.8344672068936125,-4.408219871396074,-6.222726083736444,null,null,null,-1.0507898673119818,null,null,null,null,null,-2.7500620864705687,null,-2.7764675621901067,-6.541749438359996,-10.6398965865475,-11.135582134335554,null,-11.187855104897963,-9.256044174238056,null,null,-10.867683769205081
