public/json/wind_2018-09-1516_925.json
{"header": { "discipline": 10, "disciplineName": "Oceanographic_products", "center": 0, "centerName": "Ocean Modeling and Observation Laboratory", "refTime": "2018-09-15T16:00:00.000Z", "significanceOfRT": 0, "significanceOfRTName": "Analysis", "parameterCategory": 0, "parameterCategoryName": "Currents", "parameterNumber": 3, "parameterNumberName": "V-component_of_wind", "parameterUnit": "m.s-1", "forecastTime": 0, "surface1Type": 160, "surface1TypeName": "Depth below sea level", "surface1Value": 15, "numberPoints": 4800, "shape": 0, "shapeName": "Earth spherical with radius = 6,367,470 m", "scanMode": 0, "nx": 80, "ny": 60, "lo1": 109.0, "la1": 20.0, "lo2": 116.89999999999955, "la2": 14.520000000000117, "dx": 0.09999999999999432, "dy": -0.10000000000000142 }, "data":
[rows 40 to 59 of 60, columns 0 to 44 of 80]
-13.515053180328444,-14.830354070414817,-15.983654455407736,-16.7155667410772,-15.448977211323898,-14.597905409582758,-13.07290547421935,-10.520717189818232,-9.214089637373029,-13.232156190469873,-10.327115616704647,null,null,null,-15.301940392781997,-11.883215796024812,-13.88978022828825,-14.224972637638249,-16.388010653713597,null,-18.73754049242616,-17.680555483642234,-18.283804237220103,null,-13.466280348074175,-16.9804315950919,null,-18.26305350169346,-12.795013564969693,-16.61567298607201,-17.203097095318864,-18.034242669189958,-15.51766342757901,-16.254542531077938,-15.830012908042153,-14.917820020814855,-12.951355435985747,-15.250168114934919,-15.596667724900126,-17.327292131455994,-15.260407479399028,-17.980386665974315,-15.824858396465197,-16.81903013163826,-15.016409305092683
-13.2033247912101,-14.035929610877497,-14.992310437159668,-15.551877653272946,-15.208772307459531,-14.506979013595574,-13.826776132011899,-12.777602205705232,-9.371848526777152,-9.14485248849712,-11.690472071481178,null,null,null,-14.781019689851373,-13.129294957532972,-14.015655439352946,-12.385646698379075,-11.87485994608275,-17.66507886177886,-17.166708446129338,null,-18.931494621877412,-13.101019303681916,null,null,-15.982770208714399,-15.335104791162967,-16.29810367980872,null,null,-17.25467990694597,-15.903446604354418,null,-17.924555593391844,-18.00918472655134,-13.35849575413496,-15.563200885979484,-16.128776564404706,-17.598196560537776,-15.987257351900695,-13.537707216468734,-16.628940351766158,-15.018529983924159,-15.857925955160162
-11.644467103714009,-12.88236180499606,-13.972653088144774,-15.518635189755171,-15.287523215230124,-15.216070389080787,-14.844385067398413,-14.487649586864618,-11.499596752167726,-9.868627602300784,-9.730933081130047,-10.023596485029476,null,null,-15.718683302635949,-14.601808877274735,-12.172590722718319,-14.056558700131284,-9.50467768812832,null,-19.049273514602575,-16.80871333819194,-18.569316740966133,-17.580061529861332,-7.7906014284021285,-11.79635646441946,-14.622089790562878,-16.479153853112997,-14.647838071157423,null,null,null,-18.221819265096542,null,null,-16.850357773207932,-15.912486060818019,-12.000671243179246,-17.439445421526553,-14.924808142590365,-15.92461257267365,-15.530556604820472,-16.985984814820014,-16.352498727820404,-15.957458397253486
-9.503251676318609,-11.380680563995643,-12.931528083377389,-13.800447613943632,-15.106900558647713,-15.23158792743634,-15.392971082131972,-15.024989920474315,-13.558803206424905,-11.741002583742423,-10.394449330620743,-10.412196934227007,-7.834517291650472,-9.210708479790448,-14.9019122405793,-12.854751689174812,null,-11.236853377507979,null,-7.764384154955618,-15.90806566937372,-18.06257074943219,-17.34628495075949,-17.62338066519737,-12.513768366317565,-11.524336388971763,-12.205172506718874,-16.689560009748035,-14.72938433938908,-9.699119032273655,-13.452935154320173,-15.654184704049246,null,null,null,-14.602842487446809,-18.042857391483174,-13.7333367379346,-11.95302427908498,-16.398608666302966,-17.481309029618252,-20.642297331484862,-21.16350058140744,-22.32584485646635,-18.946099851969805
-8.885122974627237,-10.75031468350823,-12.60574524429253,-13.77816286301183,-14.428670911665337,-15.739798645341784,-16.646730351630612,-16.17202813519401,-15.340133481871316,-13.962797856257854,-12.042906909261168,-10.469624766485069,-9.236862657856122,-7.325348571616901,-13.334087467652576,-14.55742426002382,-11.844709210389663,-9.67011721984051,-10.895483713207657,-3.3808749205674125,-9.185838733641262,-19.1076016673709,-19.343798670410465,-18.885726864792133,-16.950917157899042,-7.676636591607638,-16.040507765785605,null,-17.260085587447346,-12.620246610730032,null,null,null,-17.14185489160446,-15.19665965622839,-12.694509842971382,-16.097697394726513,-13.440176558208114,-10.793454067964046,-18.363462538636345,-17.711376443314446,-18.25834726579183,null,null,null
-9.55914208222218,-10.595907101960751,-11.919696072912805,-13.56635618856414,-14.478458857839328,-15.062455403714836,-15.453875012567092,-16.984703535164023,-17.161849432707104,-16.342665650430515,-14.427911430395547,-14.27416877037231,-11.371954938879009,-7.231010017900073,-6.8825289546956245,-15.932355356539558,-13.04369434667243,-12.115380094517139,-5.720771388192558,-13.01666531440733,null,-18.32007905032188,-19.60989782411364,-19.726656350908858,-19.754275352098027,null,null,null,-12.312847405371025,-17.51852994954079,-14.559834221582877,-14.874841759762887,null,-9.327440003650993,-18.19024124701042,-15.153439575756048,-11.468850588863253,-14.583204711170534,null,-14.426650911207451,-16.92671097055383,null,-17.405037884633195,-16.162871739776527,-14.016228356543444
-8.700311160510996,-11.070838663585867,-12.02233284232574,-12.66556009807372,-13.691307293136937,-14.648546661096507,-16.492872106263054,-15.79869392027892,-16.36419138533641,-17.160031135341043,-16.968293475981774,-10.36361723908494,-12.912292707863234,-13.98416463002848,-6.744893079014231,-6.5534412371147255,-16.81865250181937,-14.37606660709103,-9.360906326396508,-8.661571640823274,null,null,null,-17.598685804793803,-17.844188049596667,null,null,null,-15.727130289966814,-16.70988895467341,-18.275224296060017,null,-17.018535288584836,-11.01064972106741,-15.46864151956084,-14.367520166689406,-15.117119577065663,-14.056416538832735,null,null,null,-16.09700432767725,null,-16.691900990177206,-14.433393945586722
-7.774737080562168,-9.046825956474999,-11.78570031729227,-12.09584763744469,-12.427326827402014,-13.631369315708845,-13.55280337909108,-14.915218979339029,-15.72732751541806,-16.91581825020146,-16.3400686557645,-13.816659783131072,-13.533771878090384,-12.831256803121098,-9.144247677892231,-0.41835945135463537,-10.63048581164235,-16.85480408566276,-15.518667123986482,-2.3501727987533725,null,null,null,-18.20927117702425,-17.469902962285545,-15.512774599772856,null,-9.624143202394981,null,-11.873480446563121,-10.777737450775303,null,null,-16.953313882984997,-11.80156038651914,-12.806460870736519,-12.748360499152316,null,null,null,null,null,-9.741351391280514,-16.395393890820035,-15.898786508596128
-8.095551103335232,-5.97738952537623,-8.6040386520394,-12.183177031792157,-12.04399598491564,-12.037124480665398,-12.741327555744302,-13.58546017382142,-14.754403007959343,-16.22990664046172,-15.166412697174952,-15.39440702152331,null,-13.692985951160114,-11.483675734591131,-7.502640647116272,-5.217848907676835,-16.906651383209596,-16.048233362814937,-16.647062642990285,null,null,null,-17.573635976712485,-16.65647038027006,-15.865816604252519,null,-10.022451711725466,-9.262279648960385,null,null,-10.909099486684395,-13.350951080270601,-14.906964347407778,-17.840097701202694,-17.051655126616225,-13.741609906233256,null,null,null,null,null,-10.563151946241344,null,-15.849001586645935
-10.774472729748549,-7.9945709726652305,-7.639736973818779,-7.741680978498459,-11.181527840663557,-10.97761243506947,-9.840159347137543,-13.113065799417992,-13.262428573708355,-11.423003996711154,-14.577193020853606,-15.275724320494756,-13.929281833653135,-16.089360263060307,-14.521216297127497,-12.432320970455459,null,-10.18532308017475,-18.9065699784443,-14.664344041779184,null,-13.685703227682911,-14.060708526694654,-16.55586348058616,-16.85863083813412,-16.612836620433114,null,null,-11.918824326817742,-5.588150501875604,null,-17.12031344592375,-18.24780337440115,-17.412073526409113,-17.35839666844606,-19.294294895537195,-15.019650332004588,null,null,null,null,null,null,null,-14.464599884740363
-8.797644423342776,-12.83511976556865,-7.634530709094852,-9.315266691370153,-5.791338988077441,-10.59852106422478,-10.118566366686622,-7.761945579573197,-9.916773336071907,-10.769509603381259,-14.489300018248766,-13.704704871990844,-15.454521061318935,-15.205280034350741,-16.065374204939182,-13.987242007229755,null,null,null,-15.70142183190459,-9.944719882527146,-15.176318759165582,-16.51155266263341,-18.475983988568913,-15.304766266624341,-17.477385550647973,-16.12516731484945,-10.926271559065267,null,null,null,null,null,null,null,-15.53119057144814,-16.133507360112503,-12.001751094241094,-13.020340078548944,-11.27864336578789,-7.006115603657854,null,null,null,-10.617230750593206
-13.432860437889449,-7.789808763243885,-9.842131188016653,-9.285647613715838,-11.474165751041388,-4.020543703730289,-8.152921413359932,-5.969318224955047,-6.747764968557675,null,-12.765712400993316,-13.774393192541233,-14.3605137779494,-16.19527788970016,-16.282253646639482,-15.667752345062006,-12.523150039920363,null,null,-15.70240411073867,null,null,-19.060097723860732,-16.384435077381536,-17.17621457151044,-11.803713537884608,-15.334586176031005,null,null,null,null,null,null,null,null,null,-16.3215419765075,-13.56529468599783,-13.365625206258207,-14.387033406471993,-9.926825516410792,-7.9877827751026675,null,-6.637600086501752,null
-15.810137571677704,-11.100253059777815,-13.520413010927928,-10.22217799844191,-7.859324586587373,-10.097017909107736,-2.3983799314412924,-7.017513139593883,-7.8952026995551785,null,-9.724895072399214,-13.211280293982588,-13.087448779261834,-15.50806472206879,-16.326412883657007,-15.831833994948141,-15.42480534653284,null,null,null,-12.274353029745177,null,null,-18.71231088712245,-19.057388020229034,-16.503778074386315,-13.930661677316962,-9.31301779602285,-10.400101373964192,null,null,null,-7.924093916705823,-11.520403434803823,-10.266833807740657,-11.586310057815277,-16.776162870596274,-14.374363725611046,-12.37765899428057,-14.32148425381499,-12.558684004603005,-10.804138726230613,-13.105412374131731,null,null
null,-11.929361753801825,null,-8.446179086778873,-7.887201162120503,-7.48822843831237,-8.494382497178218,-0.06220275187514126,-3.6431329321362993,null,-10.706437445101525,-11.581369399790706,-13.192416930170202,-13.265602300455384,-15.516045379578188,-16.072035945046533,-15.095796170771447,-14.26493048717888,null,null,null,-9.328315614377871,null,null,null,-17.775523009147726,-15.575135852471984,-14.872864127502224,-15.567648160832968,-13.157012890971544,-12.704709770454238,null,-12.721074015314894,-13.70722634491459,-13.411812014781853,null,null,-16.59173407640693,null,-16.001166623674056,-16.255893263700884,-12.465367752747728,-11.234308842655821,null,null
-11.248121992297317,-8.554197216581901,-7.413932874523767,-8.461344399492173,-8.904749652201357,-5.481893394632312,-12.33116340876028,-9.950356541887087,null,null,null,-11.22762743458664,-11.679064947081745,-13.39655670205194,-13.136805057313554,null,-15.770829383806035,-13.199136228679674,-13.461685460565704,null,null,-14.810511063881751,-11.602797948034544,null,-18.140332330097042,-16.781557633291158,-15.546364032921415,-15.647411199208573,-15.719220709950022,-15.150676464358746,-14.247238640242603,-13.417962456569601,-14.602099114235523,-14.031929002676694,-13.408428346201951,-12.267429534773338,-9.996120550685013,-11.896338534525665,null,null,-16.594619077855285,-12.184110503020541,-13.231258651601404,null,null
-8.82455839238888,-11.806546295727426,-10.56390026987511,-8.299215621299494,null,-7.557274318816977,-3.9705401313935,-8.55343378921976,-8.25475628451323,null,null,null,-11.407312011800165,-11.789740336688624,-13.290204260592798,-11.270392470781497,-15.120458571803121,-15.223725252455017,-7.218094671156141,null,null,-14.290043296338087,-5.661573414430336,null,-16.80063386102175,-16.549537305217875,-15.907588299212971,-16.21593836030187,-16.55206533962365,-16.505281397461136,-15.61273140766753,-15.321054984541558,-16.073233326035975,-15.098923345612036,-13.826730408085561,-14.1990413659269,-13.924306602103545,-13.151960692107941,null,null,-11.99453514391158,null,null,-13.91944096003507,null
-8.712348968551881,-12.18702566909309,-11.680746595809664,-11.73541492157796,-10.239633024496419,-9.757814767922277,-5.600386779084453,-1.6546502797235418,-6.664702614237054,null,null,null,null,null,-16.380129716502477,-12.984994666745006,-13.37881792297222,-17.254879586309276,-14.487038245554075,-14.113330177464396,-11.498224256454955,-14.471210218711889,-11.883303425453072,-16.284051169042502,-17.704029491369393,-18.142712465866015,-19.214005626573147,-15.190965838340329,-13.30418839006959,-13.526108188752952,-16.768155247801182,-15.600734003299465,-14.680716717700642,-15.134106924234668,-14.47870606734546,-14.278796832462744,-14.119073740008442,-14.00304419851714,-13.855438466876004,-12.979068100899118,-13.008305366507487,null,null,null,-8.87174965808509
-11.76964243161937,-11.234235579191665,-13.082069306098266,-11.908693279989297,-14.141321225740894,-13.185320739913593,-7.783169362248746,-3.6310095756451095,-0.8403388210131372,-0.3041016996948338,-9.302139826745748,null,null,-14.668813533914424,null,-16.6679308280026,null,-14.54819043200226,-16.493382983178506,-14.303755403039204,-15.063102474448623,-14.54738019620272,-15.46320447054966,null,null,null,null,-15.648454306368215,-11.155145757016864,-12.40070971020428,-16.473608019865473,-17.10771012386291,-15.46244013244882,-15.869731875835374,-14.769044619865,-14.368744037004852,-13.95014910009296,-13.810603675115056,-14.305550107343864,-14.807495732842163,-14.558510811408087,-12.25860683099719,null,null,-2.9302933694739535
-7.497530516011358,-11.955963621043383,-11.057194553019427,-12.616213389258402,-12.700112439291178,-14.184364082997389,-10.98919519055559,-6.899191194898067,-2.4148674765639466,-0.5572258867522468,null,null,null,null,null,null,-14.077802363755543,null,-16.51886635548968,-16.48662539055321,-15.167464522942794,-15.084645527386254,-12.87109823914578,-10.628744595885651,null,-12.445305056289417,-14.572890201771177,-14.675589261127092,-11.82767371515658,-14.455933117837471,-18.833209187129665,-17.994394777193392,-16.305199104185956,-16.19872312349078,-16.58580363272346,-15.315348366891648,-14.841702807295544,-14.427636975520969,-14.226463838312185,-14.292846368848224,-14.913659693039184,-13.902688980346014,-10.828498724057749,-7.3875524184659715,-8.329817508320273
null,null,null,null,null,null,null,null,null,-3.4493757272186785,null,null,null,null,null,null,-12.764799051764944,null,null,-16.99884521378307,-16.903159320707886,-16.75004600616504,-14.23630277287044,-14.430413127914719,-12.548023931567029,-11.851508330521384,-13.591327998663054,-13.909915654812387,-11.545245617070005,null,null,-17.063644035326526,-17.180728139922607,-16.799886033918956,-17.07588123940846,-16.2994635022535,-16.33314527574953,-15.130822378764222,-14.361855998759967,-13.202441178393862,-13.663987594586494,-14.681514189056573,-13.604536263556422,-10.638758977039647,-10.301973880701688
