public/json/wind_2018-09-1600_925.json
{"header": { "discipline": 10, "disciplineName": "Oceanographic_products", "center": 0, "centerName": "Ocean Modeling and Observation Laboratory", "refTime": "2018-09-16T00:00:00.000Z", "significanceOfRT": 0, "significanceOfRTName": "Analysis", "parameterCategory": 0, "parameterCategoryName": "Currents", "parameterNumber": 3, "parameterNumberName": "V-component_of_wind", "parameterUnit": "m.s-1", "forecastTime": 0, "surface1Type": 160, "surface1TypeName": "Depth below sea level", "surface1Value": 15, "numberPoints": 4800, "shape": 0, "shapeName": "Earth spherical with radius = 6,367,470 m", "scanMode": 0, "nx": 80, "ny": 60, "lo1": 109.0, "la1": 20.0, "lo2": 116.89999999999955, "la2": 14.520000000000117, "dx": 0.09999999999999432, "dy": -0.10000000000000142 }, "data":
[rows 40 to 59 of 60, columns 0 to 44 of 80]
-17.670757463277788,-16.77072626121498,-18.946831318104522,-17.571000115500055,-20.59210789812647,-22.547125459595325,-20.53500778426639,-19.865094678610117,-16.91854989059508,-12.916274209159596,-11.726032010768654,null,null,null,-18.219553222033486,-16.355465613441247,-15.222949373634808,-16.76107723368171,-17.38074590681156,null,-16.7764888150256,-20.824064070979794,-20.895055415122446,null,-11.95622007031896,-18.328779284294058,null,-20.017674082723765,-13.14374269922255,-13.126673739087506,-15.669095493448209,-17.801462220876335,-15.378511625098726,-15.213577879152552,-14.668526409940284,-13.249811569754765,-9.471582599131434,-12.586149230428251,-18.771391902029322,-15.981646950002965,-16.01959559290151,-16.964651182008197,-18.209185803420272,-19.61068823093128,-18.125094076502677
-18.634931441291688,-17.48279057895979,-18.641574693708556,-17.53265066962647,-17.88704655595552,-19.800823369062357,-20.255181220778915,-20.30566574695895,-18.680586969622684,-14.773741722883862,-12.425734421172896,null,null,null,-15.842009899124143,-17.133615382538213,-19.57741364388605,-15.084470221703945,-12.044981010449018,-16.934783448552547,-18.790266320927454,null,-19.811467340709513,-15.370847961165216,null,null,-15.594063321853668,-16.004094538383438,-17.49851256456466,null,null,-13.443632605572315,-16.52176910451398,null,-16.07938612490405,-14.735003328082863,-11.184188424127337,-14.504259567771479,-16.30701081696751,-18.103886065841902,-13.56433853195189,-16.59729781246299,-17.417132808516577,-16.220935143455208,-19.204309357925453
-16.142783497815135,-17.370342774963248,-15.999510811482734,-17.95610699259155,-15.746022151796526,-18.62690135916483,-19.88559993873348,-20.078753250607534,-19.656246600018754,-17.08493036055659,-12.46416537800679,-10.048042664518434,null,null,-13.116184475025175,-19.120211434683444,-15.195972096928793,-18.900267352899967,-9.03785996540701,null,-19.710967326635302,-15.774574573841242,-19.53234393001848,-18.92575643796886,-8.460696748944406,-4.744334390785446,-13.496518771041053,-16.79729608140818,-15.323463901691039,null,null,null,-17.285911515030584,null,null,-12.122122775279031,-12.519337772335364,-7.589930045443724,-13.860674126593974,-13.88269089001373,-17.878456593940086,-17.590122459560938,-17.15251947172839,-19.039125510813356,-18.8769459354446
-14.888031471564862,-17.030655860947885,-13.996857251235674,-15.684044745556513,-15.718792392923403,-17.1265484694377,-18.504177518552265,-19.64046827214655,-19.177040162605035,-18.63896848982993,-13.583774354245595,-13.826371664196161,-11.476162654940666,-11.186667904509875,-8.967972027003821,-10.64885151426596,null,-13.589874047298967,null,-8.841016783980358,-12.16273080666265,-17.070581048726954,-19.286342878147835,-19.410992510570605,-15.787912690347088,-7.934153682223865,-8.580070063304902,-17.962563837579324,-11.977762640731024,-5.940848368188508,-15.07689641354938,-11.438577957513566,null,null,null,-11.11785978323089,-12.371017955921522,-6.9158500068787365,-8.38371024287629,-15.334724080046572,-19.226190912615294,-19.907825514385124,-20.207875461632767,-22.0032465386682,-20.20097643285875
-15.695026865016853,-18.048398922364324,-15.855899998172681,-15.141876219138041,-15.711328535227477,-16.617352342852197,-19.12906639122593,-19.278737679951526,-19.82618746686793,-19.641363083004386,-17.255774462049093,-10.086510980512918,-14.673046183874405,-8.160056532258245,-7.107359561350944,-8.32084381360454,-10.916553610496052,-13.52248819120282,-11.33921020938234,-7.9523892484437395,-7.116796365352776,-21.70236317455751,-22.263016732374844,-20.841746258215892,-16.86811669105814,-3.6130615774207144,-17.829219703448548,null,-12.680180758884477,-10.581002051518208,null,null,null,-12.848314981696886,-11.154444348886802,-7.116324139993965,-9.568949995457046,-8.870827272574466,-8.02032879097424,-13.66930346941107,-14.17643403837198,-15.365619357911427,null,null,null
-16.309206883694234,-19.51729162530886,-17.576296768639082,-15.000353319787658,-15.896875876853203,-17.26052301234805,-16.708122121375744,-16.046507276644263,-20.032090267452837,-20.250013182931063,-19.78691368978108,-16.89016162535154,-13.924685258025995,-14.952497068869397,-7.650714351213626,-5.2267675842486945,-16.70068105769074,-14.56098779634782,-12.791762748767717,-15.537550292621384,null,-18.695355062734006,-22.978625231020104,-23.855813491270087,-22.19372877573275,null,null,null,-11.590947710245537,-16.898331654806864,-8.727400722873197,-13.93289074358506,null,-8.269388679290696,-16.433907175166155,-11.663153015271837,-6.173912746564423,-12.653860521481207,null,-8.807440536221549,-11.709088995987685,null,-13.7712628283922,-11.577015774041596,-11.031482060374746
-16.922035136649875,-18.207591270873134,-18.674378773331004,-16.341665775965907,-13.821887273697024,-14.463249576808582,-18.425345696234633,-16.63390959405337,-18.383656052400752,-19.605343983436185,-18.74255024098825,-13.852831657406952,-18.041794554949412,-20.106471495259076,-13.9956785159232,-6.038421940676388,-13.368845535780205,-16.30551642216953,-15.731312330263576,-10.706341488188517,null,null,null,-17.016084574569327,-19.263577925190372,null,null,null,-10.343804631019363,-18.75876669963201,-18.28974995246641,null,-15.52304655206584,-12.073998557620921,-9.952077168051298,-14.146390422042522,-14.179950797328495,-14.106968994755784,null,null,null,-10.842814298101054,null,-12.962874371185439,-14.438232076507239
-15.048595487344643,-16.26431021779488,-19.84427477950402,-17.79478181247731,-15.359595230652232,-13.515825817186878,-15.862286118883016,-16.64643323426801,-15.463841662754687,-18.653947845456457,-18.110588255543064,-17.356036435234465,-14.543580275881999,-18.598385188159995,-14.574885245044133,-4.312302466025313,-4.517945435186391,-17.871386023821966,-15.533495185969212,-17.043198677955345,null,null,null,-16.34186173263964,-17.301561528924037,-15.197305315126851,null,-10.564901166881885,null,-6.194677389330579,-8.546414225998634,null,null,-12.230673454476046,-8.966414509026928,-12.582533359747943,-13.002155406694616,null,null,null,null,null,-8.30887454349639,-15.277773480436466,-13.698577874740256
-16.376904956593087,-16.018364118960765,-17.928879806281447,-19.025740131552325,-16.772013712350358,-15.689378277675324,-12.644967488120374,-14.692822963300193,-12.640976904328172,-17.96906077311664,-17.831487495443753,-14.214294698421268,null,-18.375446282143365,-15.85297291295635,-9.085586509654227,0.5833123795546078,-19.559796080771033,-17.93361453256189,-14.052406585009157,null,null,null,-15.083065685105066,-16.691077514118362,-17.824164826183576,null,-8.415455181929854,-8.980106518229139,null,null,-8.056327544478073,-9.883311055633085,-11.239095547556522,-13.270700805745475,-15.795041017834045,-15.025346932891654,null,null,null,null,null,-7.242360684039619,null,-15.286583817434398
-14.938836466263378,-16.79619061412909,-16.451284318806376,-18.383810398970382,-17.29011161882503,-15.230626506191747,-10.704188207616632,-12.03404501171677,-14.316911295430378,-10.474474465934412,-16.77171815495571,-15.630545033273476,-14.340445831531419,-16.78574989414601,-18.968888765390464,-16.318912697620178,null,-9.34963908499102,-16.450897550239883,-10.694699388283821,null,-10.759894460911585,-10.324725911687173,-16.574270336124968,-17.444727434975228,-19.921772433189894,null,null,-12.91085104747662,-10.587763786560835,null,-18.508528163060884,-18.51670941791008,-15.835563900432756,-12.768341519154959,-17.631767436362644,-14.640197858673073,null,null,null,null,null,null,null,-10.892552216781132
-16.827000540035545,-13.500752716102307,-18.013387001654266,-18.014903502048305,-17.36995822948384,-14.611705205687237,-10.994873510955065,-10.988190544676335,-12.550017307074807,-9.819099010643834,-14.676318486251464,-15.772144346065335,-14.915511305866394,-18.033057228245564,-17.46575082884206,-15.910413688824553,null,null,null,-10.953701627016049,-9.023910979058584,-10.52326489049201,-17.088647771685,-18.912247248797094,-16.408982697450455,-19.66309652122155,-18.82569008275461,-8.596870722875103,null,null,null,null,null,null,null,-13.170377992011538,-14.727004333299078,-9.54445754787601,-11.480006869012785,-9.115010249410618,-5.876997156563677,null,null,null,-10.718743586026498
-14.38241078742431,-12.54164667571173,-16.497637582879364,-19.90304239123691,-19.14293622337418,-16.149182442543854,-12.520365977439708,-7.828017899091311,-8.868173034239913,null,-12.280358741213284,-16.124087973405935,-15.310217184009643,-13.984025364406516,-14.712335727806837,-15.566803109168296,-11.782938200766637,null,null,-16.323751509003493,null,null,-16.6634888797897,-15.371876423670052,-16.720021654550962,null,-15.493586874390534,null,null,null,null,null,null,null,null,null,-14.679308697035655,-6.71697872899955,-7.451253434174091,-10.154867590396407,-8.10286462401578,-3.836801296965626,null,0.05189458616062953,null
-17.13392216903767,-17.63566471383122,-20.044242482674207,-16.230497023037735,-20.052857006028002,-16.851986440763795,-13.009586311217092,-9.923053491337104,-5.756495425560152,null,-12.454554861222004,-14.093280931897652,-13.147503093591242,-14.42465791327835,-15.484993943447067,-16.085717899709092,-16.910676801008723,null,null,null,-14.779739745862358,null,null,-17.327001470018352,-17.628293937377084,-15.976336683285993,-13.060859030148347,-8.54468935082796,-8.075134370049941,null,null,null,null,-9.239509292684245,-9.491738910088538,-7.0062844071426635,-16.145794070734503,-13.814950200596959,-3.582670561218626,-12.535896481836,-9.874786324071005,-6.972858071350406,-4.744255839245682,null,null
null,-13.62876202501005,null,-14.94328213785764,-17.80155923750657,-18.00138753250872,-15.176933912586833,-11.54613502792565,-10.429070926573424,null,-14.87023607816956,-12.603238344101998,-15.385328844342638,-13.273354638212565,-14.748175803992726,-16.91025810627458,-15.960477395801863,-17.06260185948623,null,null,null,-16.3671676629263,null,null,null,-16.16348269085559,-14.199200807110342,-7.00965067546924,-14.648924952119186,-9.426456711725496,-7.646829797771062,null,-10.594848127134725,-12.41426266606662,-12.68887888139387,null,null,-17.10004872684077,null,-12.27606217836003,-14.697994686616278,-7.700908787812705,-7.501001336499828,null,null
-11.92881174560592,-9.378367710295667,-8.485402533070136,-10.367808682359614,-13.583664408996224,-17.182708040760744,-16.9343775031781,-11.451092489444068,null,null,null,-10.81924921033768,-9.96965934290488,-14.803024712275873,-14.977217803586594,null,-18.30379573077434,-14.507585383121302,-15.6345712108062,null,null,-18.303387511593556,-8.833420630070139,null,-18.873304714787395,-16.27099875515939,-15.442528234869346,-9.461754872441361,-10.382538295939433,-13.999607560539385,-12.03647721185247,-9.437015424978917,-13.434805291610726,-14.42337698154856,-11.491908975287714,-9.387930125648513,-6.222770157095978,-10.994409584471272,null,null,-15.51933740192204,-7.175390428919746,-7.351993304882228,null,null
-9.998526059026448,-9.839508860513172,-12.272382695009458,-9.271581966572677,null,-15.65986305859273,-15.45922060273529,-8.771875828144111,-6.975087609020911,null,null,null,-14.595147873375389,-11.51928984692962,-15.661895962783685,-9.891844646904477,-13.238922488141613,-17.042678126928703,null,null,null,-13.045651502101169,-9.876618834014995,null,-16.26659713196132,-16.620172529609086,-16.688224245793513,-14.706718488115182,-11.862813190556896,-16.238577327616433,-15.085290294022919,-14.134878584442948,-15.458170497120223,-14.586737737397808,-11.907122240270645,-12.555810703632478,-10.434569300266453,-7.96183095033086,null,null,-10.298921410250077,null,null,-6.515399326627403,null
-7.560045822295225,-10.675144367538895,-8.562789463487531,-10.076445080305373,-10.938281421901703,-12.596980453611796,-14.395317127530088,-13.197209124308747,-9.541625135237322,null,null,null,null,null,-17.23920766511428,-16.86006856796425,-11.277592962328612,-16.738731671678845,-14.688580466741485,-13.029929464387402,-10.113008158339442,-12.385826955206543,-11.154278868804235,-14.657342798846486,-19.09016965052554,-20.656726998820474,-21.663893022192106,-17.577266045576177,-11.844655050715366,-11.662440104805748,-17.391724780412414,-15.79090205114829,-14.15115670393403,-16.603675474298157,-14.548700120003556,-14.91805288766551,-13.625795198637586,-12.507622448228528,-10.561304287258583,-8.100681270570767,-8.00606316095352,null,null,null,-3.3518712228657264
-8.099905651749088,-11.145325726080777,-10.39819114964296,-10.376674404043458,-13.237681398292224,-13.212215102369115,-15.425654069467958,-13.914711002548163,-11.061777971274612,-2.1674898147542625,-7.280964757661589,null,null,-14.076973501113578,null,-17.721350326357804,null,-11.976676732615589,-15.703278896204743,-14.200168165787568,-15.727152135597649,-17.88127328508697,-19.492164549126848,null,null,null,null,-17.415676160306973,-11.440145875078954,-11.186562525642945,-16.591542831455634,-18.43185898040779,-16.616549840869805,-16.14977789975053,-16.501868208200595,-16.083890392064276,-15.653005379448306,-14.738859033548316,-13.76049193879132,-11.986678351887731,-10.418765641969244,-9.089718216394553,null,null,-3.4162879441913825
-7.651680637789462,-10.93155470506553,-8.62232696501906,-10.070721535480777,-9.809386159321392,-11.062643098512,-13.44558470522205,-15.062949423419736,-13.002640921377218,-7.503401760226955,null,null,null,null,null,null,-14.60506608579218,null,-15.14109626329196,-16.883970625942844,-16.097561545511336,-17.569131962686352,-15.35263839277653,-14.500102668335238,null,-13.47225841210323,-15.873153245841968,-14.328499418015575,-12.451403658658704,-11.216001464580065,-21.335920574623955,-19.431596257147955,-17.699793478678007,-16.488774727262367,-17.938622558997242,-17.082452110005274,-17.26361167351383,-16.60529527569123,-15.383164197713995,-14.256518912078697,-12.689606620251755,-10.686339241323552,-8.18594893526007,-4.3540100444334895,-5.778532540416543
null,null,null,null,null,null,null,null,null,-11.477400993263743,null,null,null,null,null,null,-12.903199122754524,null,null,-17.265651598929082,-18.517820012960836,-18.283763850674585,-16.01885872330157,-16.51577094183959,-14.117879576065324,-13.11160436769709,-14.991754572196466,-14.818007202713812,-13.234202121567549,null,null,-18.459272295182902,-18.982226460756127,-17.96159283683601,-17.897712609929993,-17.74942469169236,-18.34990274410695,-17.751940806227967,-16.44993941573887,-14.314067321021732,-13.602153407189578,-12.515871357843846,-10.624638560217148,-7.736592512497795,-8.038991141155135
