public/json/wind_2018-09-1608_950.json
{"header": { "discipline": 10, "disciplineName": "Oceanographic_products", "center": 0, "centerName": "Ocean Modeling and Observation Laboratory", "refTime": "2018-09-16T08:00:00.000Z", "significanceOfRT": 0, "significanceOfRTName": "Analysis", "parameterCategory": 0, "parameterCategoryName": "Currents", "parameterNumber": 2, "parameterNumberName": "U-component_of_wind", "parameterUnit": "m.s-1", "forecastTime": 0, "surface1Type": 160, "surface1TypeName": "Depth below sea level", "surface1Value": 15, "numberPoints": 4800, "shape": 0, "shapeName": "Earth spherical with radius = 6,367,470 m", "scanMode": 0, "nx": 80, "ny": 60, "lo1": 109.0, "la1": 20.0, "lo2": 116.89999999999955, "la2": 14.520000000000117, "dx": 0.09999999999999432, "dy": -0.10000000000000142 }, "data":
[rows 0 to 21 of 60, columns 0 to 49 of 80]
null,null,null,null,null,null,null,null,null,null,null,null,null,null,null,null,null,null,null,null,null,null,null,null,null,null,null,null,null,null,null,null,null,null,null,null,null,null,null,null,null,null,null,null,null,null,null,null,null,null
null,null,null,null,null,null,null,null,null,null,null,null,null,null,null,null,null,null,null,null,null,null,null,null,null,null,null,null,null,null,null,null,null,null,null,null,null,null,null,null,null,null,null,null,null,null,null,null,null,null
5.153399232384254,6.841055918600692,8.272231064855214,8.769513153253927,9.709370146213978,9.411928088367276,10.32467123333763,10.042631529145599,9.46715558184259,10.152636924242566,12.598981500524577,14.57393426658967,16.42321853119097,17.000843611926992,18.521010981736733,19.788575725419857,20.237414500852225,20.67906287360765,21.268142231870286,21.658450982916136,21.986312436852344,22.179474814856274,22.75705595810955,23.611738902258207,24.51274572718605,25.052477976060715,26.0671602147315,27.606072711319406,29.231505576692356,30.639195128535928,31.44326442681299,31.210782008475412,30.929806827307168,30.133288317835927,29.70513537952033,28.890499179373915,28.23534437172073,27.74227543053751,27.561624243661008,26.67713956544725,25.802326315417385,24.96671698897683,23.82996552747258,22.449829035677507,21.9746754473047,21.497899866610812,21.18692769969779,20.8527394794832,19.468594232494368,16.281758347681595
5.174632277588424,7.079273508947515,8.420979282719365,8.999596584728387,9.396929779283791,9.523400834689669,9.791601223735888,11.081922748236376,10.107324287570224,12.512870907923624,13.900282042501077,14.688883773388211,16.02540112938511,16.780990259173244,18.50585654838751,20.233294814459207,20.591985768845127,21.012250536255024,21.80258730090771,22.466364936390853,23.251820512503095,24.436233390914687,24.81056506963408,25.37341118102817,25.182111389051567,27.235408822902833,27.864825117144957,28.289785693233803,29.68072575124401,28.68265749199645,31.534959178318037,30.338460365501717,28.863655040102053,30.76470119368311,30.00209893126289,31.07053644599389,27.976001006559436,29.363449855600123,28.403704641391045,26.096393155218003,25.445480897634397,25.163643259525074,24.17215611688309,22.809969264990986,21.44584079191622,20.719398831583945,20.253200427023263,19.993298748180205,19.437668752740976,17.39297998426246
5.688003164409869,7.468722514768854,8.929099916961869,9.036726315946947,8.746063489631496,9.06236766522129,10.407653166583103,11.332672838979706,12.022375417710414,13.393273557431868,13.561442452661415,13.613552706832657,14.262914866069218,17.107159668248862,18.926222296943187,19.343777950857856,20.567847324842408,21.851155993753665,22.214915647280318,23.698244055972417,24.530941639699517,23.444540090472124,25.434020656683373,25.11221775665017,26.12647644363035,26.753550479978358,28.536879152353585,29.01855797551012,30.04839444825249,28.92496666103044,31.77517532881798,26.961691972321553,31.30472458498052,29.979567751270785,32.19799595025989,31.288785263365693,28.511922213533015,29.833452948375978,29.88991207332348,26.228299910214794,26.087340334404427,27.661037148998076,24.277665513168554,23.344050186113922,21.614186408166553,20.28488041572614,19.479310975053888,19.284147043938418,18.68246249391103,17.53093297894389
6.187627924808112,8.454196482981454,9.160657306941584,9.231962294933048,8.919145407858307,8.977708130618842,11.144233953704868,11.841646135456402,11.938336658080905,13.773633256429736,14.302913097814857,14.509974900037026,15.928547737635595,18.237245305534426,18.157462987704477,18.81136608130681,21.118200355255823,21.728259050304043,22.708620034519907,23.154678899421565,24.453109425528886,22.561821873008245,23.79716815642048,25.562420240439216,27.72822006658485,26.432861244575143,28.360694640883025,29.39275345748992,30.41739057979305,29.322269284809376,30.33531744803532,29.904732077574856,31.07513102990361,31.79514662066166,30.126614356258656,32.539373188055364,31.559826942201934,30.960205019058073,29.072909979747568,25.625923851083957,28.734833051258597,27.02169184344173,26.421355614482696,21.025398621847188,20.542823992998954,20.32662086168199,19.22317310039839,18.401315850397566,17.718486358818225,16.605837370988773
7.076648093140964,8.734420957675384,8.981490785372502,9.503347671588363,9.940095023737817,10.172070741436656,10.858043145233687,11.197410622322368,12.519151442050743,13.960167448211315,15.281511780285276,15.52198300925734,17.260179788846937,17.958200775927164,18.254117172106458,19.171436570269513,20.1174384132543,20.53523237192608,22.152682100545604,23.064932540020845,23.020655545223697,25.57160622052092,24.617576636779056,25.958785861209392,27.981052391508623,27.92013414736538,28.61388716846542,29.254745625465688,29.46706324969057,31.06841370884779,30.815091146968243,30.448174640967412,30.50214323005274,29.2208603184076,32.65873456174605,30.6485700193892,29.900575623377122,33.56886417804894,28.70895825280795,28.151588845921637,30.008618191613117,28.04484770427554,26.277867518190202,26.20698016427368,15.924731926387985,20.294344410402136,17.869302555072956,16.999730061703193,16.421448802068415,15.354225748807425
7.4836588095100955,9.168536618554642,9.754771601998575,9.941227437996162,10.195184794712976,10.7072287951344,11.71107935138759,11.44212979378982,12.791333592292101,14.016223877771198,15.580505848204355,16.626563328018683,16.31390648777815,17.42753821246462,17.61152384696006,17.481281141307015,19.668581060346334,20.68878305235985,21.488702113097485,22.344642606944596,23.337973395064644,23.78123053432459,25.76750178016833,26.28162424774233,26.07616795671005,26.68889854379814,29.755918168498347,30.168421549192992,30.089757694132082,32.37372258490228,28.73557942946162,29.6801076878724,30.556148715454196,30.80813103746529,31.463719052788218,30.276806855044086,32.6136820966362,30.853792120970066,30.289082040031282,30.046440832910992,29.689646799494973,28.39554812143886,26.03770676737578,24.834078087545457,21.657295340350682,18.215533419881528,15.073906954033207,14.88172575408564,14.652419342853513,14.488111375593373
7.331970339172248,8.706865090045863,9.412347284905982,9.514868676840175,9.822076850301197,10.292672044902877,11.669495610701675,11.720788928515894,12.379155961631646,13.740639679577178,14.54093310776566,15.19827347842222,15.659456288669954,16.339846556782163,15.85932020885617,15.946777069129665,17.575497262950385,19.49729614033314,20.269620806282255,20.86828827022324,23.113752464830696,24.01443043846661,24.566381830535562,23.93582157496757,26.39546972268853,28.469100216057004,28.68803917570723,29.973076567828972,29.799816399932805,29.284518331612233,29.358764341563138,29.984621582838766,28.305683020152667,29.230398356525246,29.54199402057366,30.11260827865483,30.78619984271699,27.36353720925168,28.845676516627577,28.36537753605287,30.52656030989063,29.451752702463864,27.32703335763163,25.88415404416009,23.23281713880658,17.747366992064425,15.485027035130184,12.330976892407367,14.209211075136636,12.75749607371501
7.543903249298542,8.097521172964035,9.009552061892887,8.999250099414132,10.177187533715218,11.278927817408297,12.051183755438977,11.830230517817974,12.012668526777667,13.018314727593575,13.25376542641453,14.287466406589996,14.97432914495219,15.201803340405514,14.445791473062126,15.011558131295779,16.657994224741913,18.313237309610898,18.997607201569576,20.938877563269116,21.812837051256366,22.908026795210606,22.401241135549718,24.844972376422355,26.0634026295676,25.77615218011056,27.865124512701797,28.63027781321155,28.523633889287986,27.60445599686829,28.100674749536836,26.940318680447316,27.017500093607296,26.512283405445007,28.135484683800335,29.074226758860092,29.772478441148515,25.859660169043412,22.968235710416323,26.160061315809603,28.372103820335596,29.997665366328622,28.707310969245334,27.885689839438033,24.900507835764778,20.57573189869254,9.068234471242878,11.363232635268243,11.40555814010727,11.013755109794701
6.9191944449489755,7.950451089333117,7.884893993552068,8.726944968779398,9.793590674605966,10.67678601332754,11.095599158887039,11.721881349138819,11.643500969089516,12.988620089953265,13.492782202813695,14.187784640084633,14.626201496375643,14.461819631014588,13.72829138586933,14.72548518166357,17.235825453650563,17.678732687210225,18.31837778400863,18.871298179326626,19.835324670726727,20.61192103011812,22.08818120228505,22.739629694672963,24.22278992010423,25.567776142932157,26.368204317543096,26.996793953533345,26.551349124595525,26.115129610206232,25.01706289234599,23.65496200910561,27.691843011194624,28.074706223535674,26.660508583930966,26.118998810977153,25.864361009825753,24.696136873756103,22.401698245389117,18.97811419123027,16.9228389849532,20.25126739569588,23.67515309572741,26.768659923245533,23.49300592860862,19.437060032706757,8.131576748371044,9.233520149852579,9.94383022595601,9.83135657091916
6.505070069824164,7.243551618520488,7.734070084589817,8.756026547184034,9.933934868539659,10.4268268617741,10.265450546860436,10.94032669599892,11.603964411977431,12.58433343787107,12.775316452635579,13.541329639209591,13.687963194305652,13.906716569308793,13.36523574808809,15.723364237706521,16.74384290684916,17.015723954113664,17.026345115665322,17.95704573289714,19.049466710818685,19.689080935920284,20.419752933674232,22.192095820260654,23.251910781627707,25.346739811359612,26.05649825458373,23.453231470482343,24.06463363960556,22.34921047916617,21.931383557554604,24.780340756649817,24.78934345394142,24.835005085342257,23.432334340734467,22.328644379204604,23.751228007921107,22.469503694027676,20.019527484365803,17.084778175815078,15.649193682001465,18.185742263733218,13.243923389197768,10.981817697908475,20.00342892723078,15.69897846855489,9.844257673096841,9.011770134460587,8.384413674947439,9.135908330085385
6.258627320171244,6.459034028888726,7.131095799961148,8.544619957982569,9.252573164300472,9.381905582303126,9.863941841091473,9.553922939448585,10.529680227715936,11.242099837633631,11.69513121845288,12.691556812876255,12.91129889536084,13.712763501914164,14.405370108353434,14.940939232931559,15.592423540508683,15.985120889845424,16.186019631005653,16.70797277104514,17.91973681438359,18.484550117179623,19.957102971109002,21.900990239719313,23.15536950791909,23.104162187895426,21.811130931257082,23.383421955817756,21.35558669943242,19.432912209216482,21.397083646715746,21.397360344593885,21.403104509731843,21.491668961346445,21.84784017345852,23.192622674439736,22.287761376130774,20.27828556070699,17.449552919845118,13.06945122393364,12.542440453009798,5.527125316600916,7.361983705549326,7.117123243106721,12.921545536809699,13.146792858542385,7.853450660356412,8.728620978893991,6.004702596233393,3.621907795577938
6.009856500232652,5.818227657838898,6.863874707326221,8.375712477022272,8.425047398266887,8.077487018712738,8.089974292648693,8.809949185905197,9.250638064898798,9.676242535747047,10.421409535662013,11.783443069778027,13.184019201981034,12.720470420487505,13.639655945227032,13.922004721076537,14.326761238281879,14.694026664395189,14.90271328724019,15.59304772551922,16.80695474840925,17.661533025547676,18.92271546484969,19.978229873599908,19.417950766869325,19.96883471161644,21.356490402551152,19.14523601563475,17.041419985029577,17.386728549212645,18.389458741331364,19.724045938630756,20.546099645356584,20.709078676124093,21.334586235611482,21.113144213994712,18.633654165999843,16.042769162815304,10.361257389650191,8.902015629392784,2.3617409105476885,2.573938337734602,2.492361706545637,3.227802644612515,5.364581578627107,7.962193382855076,6.067275735994012,3.6964243080591443,3.346289274514279,1.6754485715962062
5.716520725384628,6.238812591367152,7.055144516352376,7.354071795037123,6.900525435164563,7.5130017493457455,7.864909056181217,8.257511288675833,8.513001259182964,8.855446413889727,9.710849830233032,11.226488738477325,12.180090562360395,11.766382550041298,12.008421037466027,13.115428531042344,13.338920596586142,13.50340760237769,14.047733844554738,14.405295987162088,15.148903866713088,17.132316802045406,17.275816034336838,16.250399835416182,17.642509701438378,15.910925781122641,14.072238336579295,14.171613842267778,12.28622755995114,16.260763220370627,18.249502884688678,18.79888888450123,20.485917621313778,18.995291263174693,18.729728758704585,14.655317255050266,7.944520848474191,5.222121547430661,4.1467023022853855,-0.6118105852593696,-3.3737205429278982,-0.5860312782150556,-1.415643443817043,-1.304668205786283,-2.6138391329559463,-1.209051092812767,-0.9280545199229022,-7.6350514168191035,-4.40727597892451,2.060868954675377
5.481587774283294,6.197930370943133,6.137238924953577,6.998430899903843,6.666301946034174,7.483169700038411,7.558472124883723,7.526506553601208,8.570956032861618,8.744770217611007,9.314111994644122,10.401014413131177,10.456804732412026,9.921221318942338,10.742768065854824,12.098125829806179,12.304150634451501,12.846754254928797,12.903275318415442,12.90747216511382,14.633970382514068,15.234187803469762,12.757794831104214,17.40156932109207,15.582058098691926,13.900658607089476,10.875983041379122,10.983937048891068,11.770337389053289,14.736267523716274,16.40481479676485,16.378863418025087,14.689632982406005,14.260994603618506,9.55351416816386,5.649899541855088,-3.4343622641920746,-4.674140277575149,-6.133493570885241,-7.889797365135917,-5.133264125621616,-4.6074040084005565,-5.887084462046217,-7.13945176554007,-9.021500288052872,-6.31762937999982,-9.860397287669011,-8.7589933362281,-7.004409885148723,-4.06488669319984
5.284103365637902,5.429216938846733,5.389495249337595,6.767019031645514,6.575076055831068,6.682611819942165,6.759310106293349,7.482316893361935,8.225176793745808,7.655595684863622,8.119216616648288,8.970190852608654,9.165030668015541,9.074604577670904,10.28954420171479,10.738968610737134,11.151135314291265,12.119034164311806,12.054832569915284,11.915054106805634,12.555348489707242,14.972441675381248,13.566663964519382,12.516281769279358,9.599323152134946,10.153272435821519,8.864987810239247,null,10.810054063185113,11.24556730034554,14.235674027076499,13.939356389683336,9.403392358607254,5.247135323266072,1.660189802332812,-2.3730521230193213,-10.161088414798902,-12.480314858792392,-13.196255989463507,-10.020117667854299,-6.2603472874082255,-8.226384285948164,-9.770423474371977,-11.376849883496721,-13.83339126696465,-11.712290862122249,-11.782328314680182,-10.306933327026343,-7.333354297735973,-7.622929011498993
4.200209997600863,4.3935440097680365,4.917442572111252,5.0280935926159955,5.816918746364393,6.013428726776112,6.065206953242491,7.363465722751196,6.9477518033530545,6.56396851249092,7.009263889102668,7.623956145666617,8.543779196763332,8.960099290013392,9.364007089049565,9.753167571278041,10.286126246877995,10.52772036602006,10.157847111102889,11.46928637621286,10.311541417929208,null,12.08864790951265,6.829062248971394,null,null,9.706949156611243,9.412258748038724,8.943688729685245,9.322189466303238,11.778753058205844,8.168804713692083,4.274352184245853,null,-2.9604495415584506,-7.5919649183639955,-18.09447638099241,-16.348799188459026,-14.867124985674764,-11.741064026266805,-10.294899281502529,-9.924957972323423,-12.38640211433097,-14.571456524272099,-16.300983485626055,-13.972168205611897,-13.0917569473389,-12.681741031317184,-13.580410716197632,-13.42196370859235
3.9419585576585563,3.003112384195417,3.573561426199319,4.427339602710826,4.796428397295685,4.782325400470162,5.361505649865498,6.649654939329282,5.770639792463844,6.535780782435343,6.123764860021739,7.698288523946576,7.5092028527832255,7.838521382478714,8.81519181735477,9.417246957951761,9.043516723259922,9.674252732821293,9.016200529032949,9.436567370956872,8.094246733845198,null,9.330539412827855,6.47772303840592,null,null,10.205538407490591,9.186332268368153,8.13281867498308,6.148513523801989,7.9145134046982815,4.888626075000402,0.533386165019161,-1.3078643081636285,-4.748836605444704,null,null,-12.59649107978132,-12.169796890852675,null,-12.17065920919156,-12.236401223222071,-15.863633555538652,-17.267246361117284,-18.591008823711206,-16.695764541929364,-16.228073718777306,-18.238114290831994,-17.957386766286557,-17.159070879768798
3.0135891895900278,3.3586549719588272,2.882329424791364,3.223516545480956,3.8017992024472944,4.5908062503991,5.18919690909866,5.179757837607065,4.661916268839798,4.853436686294792,5.329614057571986,6.196844576114578,6.432456316671709,7.497039661808783,7.786403526842364,8.055595595019376,7.921198208525327,7.731935607561723,8.900294981340457,6.905689002938702,6.244485037854108,null,null,null,5.296324771172039,4.3868052594941345,7.140996897654137,6.690568311823391,7.211255997158328,5.323711230411083,null,1.5396442689082446,-5.520390945980894,null,-8.434983265977069,-11.263401446644485,-12.060294079080792,null,-9.881423201551977,-13.178433419883453,-14.489380280761084,-16.506286636814853,-20.542687840330455,-21.343722074679512,-22.328500346125704,-21.31912534419769,-19.099932692336576,-17.926082030892786,-21.725871519914936,-20.048307490894
2.3238769119613836,2.004437830533226,2.1011738324707943,2.180232558524897,3.715523193840518,4.1330980234306605,4.318227744034649,4.096085333121815,2.7711591699514804,4.004400067704246,4.393221280036773,4.67679357122233,6.064300243046957,7.509237230829044,6.180423039292736,7.149112082793257,7.874485201876023,6.505091538981489,6.263562437155915,5.80620942803254,6.818356784928241,5.054057350968041,null,2.8847484138555277,2.8231759514905663,2.852843635709115,4.870584586009931,5.495335561647423,null,null,null,null,-6.781567125725245,-13.44175699494032,null,null,-7.563352957884707,-8.426998994415484,-17.695770312419288,null,-20.50733622944064,-20.416552378586147,-23.15410410387736,-24.65971781504753,-25.541140629667392,-23.824079830456363,-25.422502902584775,-29.01446489351301,-27.04527901722649,-23.317734940536162
1.725179329557529,0.577554771840443,1.0310177985804798,0.8356282966391262,3.54902632543818,3.110328902624595,3.644742470426679,null,4.1258701664879975,4.2739889050689355,1.9932906128109777,3.8797803572778666,6.124525814103938,5.855724864282748,6.417644938779415,5.79961274855846,7.091574131395275,3.969118707683294,5.072313748271707,4.039678120662461,null,null,null,null,null,null,null,null,6.294304911610658,1.1741571638400368,null,null,null,-12.296380300590375,-12.949798279873537,-18.822882098882406,-16.99890117578823,-17.978296315653292,-19.93613947511862,null,null,-25.914529570385795,-26.27089082927139,-27.081973667301824,-28.775892230865416,-27.768114002740653,-32.93338138810609,-31.27266667047104,-29.133686129693665,-26.32716159398806
