public/json/wind_2018-09-1521_850.json
{"header": { "discipline": 10, "disciplineName": "Oceanographic_products", "center": 0, "centerName": "Ocean Modeling and Observation Laboratory", "refTime": "2018-09-15T21:00:00.000Z", "significanceOfRT": 0, "significanceOfRTName": "Analysis", "parameterCategory": 0, "parameterCategoryName": "Currents", "parameterNumber": 3, "parameterNumberName": "V-component_of_wind", "parameterUnit": "m.s-1", "forecastTime": 0, "surface1Type": 160, "surface1TypeName": "Depth below sea level", "surface1Value": 15, "numberPoints": 4800, "shape": 0, "shapeName": "Earth spherical with radius = 6,367,470 m", "scanMode": 0, "nx": 80, "ny": 60, "lo1": 109.0, "la1": 20.0, "lo2": 116.89999999999955, "la2": 14.520000000000117, "dx": 0.09999999999999432, "dy": -0.10000000000000142 }, "data":
[rows 0 to 18 of 60, columns 0 to 41 of 80]
null,null,null,null,null,null,null,null,null,null,null,null,null,null,null,null,null,null,null,null,null,null,null,null,null,null,null,null,null,null,null,null,null,null,null,null,null,null,null,null,null,null
null,null,null,null,null,null,null,null,null,null,null,null,null,null,null,null,null,null,null,null,null,null,null,null,null,null,null,null,null,null,null,null,null,null,null,null,null,null,null,null,null,null
-10.985053113630881,-10.54331364489853,-9.913279476909167,-9.53012992999221,-9.507071231394347,-9.895815078729703,-10.341663403406395,-10.334254571498606,-10.066913786589271,-10.698901746214712,-10.71737390670868,-11.975523324796411,-13.029511653831582,-13.53933758421061,-13.357936323295643,-13.245814377962027,-13.225353933473947,-13.302354136161496,-13.054985826968503,-13.332644215123748,-13.518922709364915,-13.563561603898286,-13.924404318758697,-14.402882702697926,-15.026720874750893,-16.047048438406463,-16.637343799890257,-16.847746896189562,-17.017714813921945,-17.410446876108928,-17.800234330008088,-18.963374631306422,-19.836218592770695,-20.265965641500134,-19.204535967414724,-19.483377337311737,-20.31077407540309,-20.941560368317408,-22.50443186998913,-24.397683646104234,-25.863105603757404,-27.046833664818365
-11.272105614455876,-10.616277143703591,-10.14707210514712,-9.894505604992315,-9.72679062829193,-9.842176631678123,-9.895646307591054,-9.68696697803118,-9.73964334756321,-10.220496242719445,-10.163569184778575,-12.140604335429757,-13.195817162772505,-13.63867254384338,-13.722193843123506,-13.358705163275514,-12.931892866991484,-13.327658444152041,-13.019588759764051,-13.169572015024487,-13.197911404413917,-13.513520863093664,-13.908409576614726,-14.385924201851164,-15.394043825652783,-16.452880215968833,-17.08181158238784,-16.786292423666975,-17.343260432279106,-16.17395653716104,-16.476060191460036,-17.594645750839348,-18.61894863105018,-19.177376585329885,-20.523213413637798,-22.138001552537226,-21.93494762759859,-21.714004713268622,-23.25115842578022,-25.005693828272097,-28.170855861629303,-31.703806997016365
-11.195052769456158,-10.623304281768123,-10.348973683634757,-10.295967371188873,-9.934023257994442,-9.560920015447008,-9.417665457677987,-8.910600052995925,-8.454062877820311,-9.635239598675437,-11.01268614639526,-12.6299309798351,-13.101121270888404,-13.635815250011628,-13.79217748897088,-14.135552165069939,-12.902259162415126,-13.30538935323348,-13.070707321700434,-13.295271157280368,-13.27680563036903,-13.363804315355488,-13.981515672653646,-14.532957640224941,-15.32871261557113,-16.05205581324437,-16.246964777461194,-16.08309809824271,-15.627522485829942,-15.20307682837461,-16.725130627839064,-17.48995368206811,-18.78133995036484,-20.22924096235154,-21.653837851388918,-22.454837652936668,-21.047617635911678,-21.772203234618914,-23.826592661578157,-25.201962234608864,-28.443105434991388,-31.369117564097095
-11.05429103379219,-10.831869865424732,-10.755226944189909,-10.371587401301785,-10.158821909346093,-9.488853855072065,-9.200347671891038,-8.755921053133903,-7.474856253877164,-9.18171658987847,-11.350991693266211,-12.913296047053773,-12.826838232336403,-12.773376064864749,-13.219490906103559,-14.122762684804464,-13.552318619462465,-13.772736038091278,-13.21219240450445,-13.179370961320613,-13.273165278645171,-13.458650390521372,-13.955309940402252,-14.296116644248709,-15.181941790536973,-15.997418316499934,-14.695736091098222,-14.873834638120478,-14.491576333280406,-15.136629942442084,-16.382539249062788,-17.825619454730855,-19.58115337419603,-20.331495118725574,-21.064134081483967,-20.546050285489244,-21.100839099518446,-22.68716237917561,-24.806654586470387,-27.697119914944874,-29.647139902485,-30.57723598080517
-10.975245279568972,-10.735468015511847,-10.618777490203003,-10.425412073507335,-9.976322802543685,-9.355362739051298,-9.051005983225464,-8.70673088671456,-7.5742990000707575,-8.53588788690185,-10.972820483599065,-11.57347072455965,-12.433476223442803,-12.210654043555468,-12.8473631603126,-13.5849403087595,-13.757737987179336,-14.001278111900074,-13.451553629457635,-13.532829919872002,-13.054276316236262,-13.242629794841541,-13.859083214465095,-14.40139838333569,-15.644060199974831,-14.460823243599346,-13.979744724904778,-14.379728320817994,-14.826640956045456,-15.402761229474539,-17.160805446012592,-18.58275203223405,-19.24745603782227,-20.138157243834918,-19.95990993916297,-20.423674446833814,-21.383171718805265,-23.88374974752731,-26.266334588312173,-30.49117173473312,-30.40663241204591,-26.034568455841065
-10.86470125299583,-10.473107253743345,-10.475038254607597,-10.276175624151268,-9.721380433523532,-9.4565352195683,-9.388671422214127,-9.099328974093982,-8.833793708671056,-9.630013785008488,-10.344645246781354,-10.705201856162958,-11.683084429937503,-11.393145455968796,-12.295313370890536,-13.011632636586338,-13.675528338849567,-14.473777325739333,-13.892050597180575,-13.593189352009272,-12.831860531253591,-13.450793256786136,-14.023079233410522,-14.52878347482306,-15.293268194170185,-13.283672551825603,-14.012922883024178,-15.216858868715967,-16.827118630327078,-17.402601229352143,-17.857077080705018,-18.69239413672897,-19.364880454761035,-20.01731571637057,-19.865240937509917,-20.29018189556822,-22.557842887071686,-24.611595420131582,-29.08192825377311,-29.629361725185845,-26.83859109855157,-23.995171681050696
-10.482095470971315,-10.266536198026161,-10.184327715417135,-9.982662299934411,-9.701976669363702,-9.85167500411458,-10.309319592810303,-10.40876714996461,-10.165038886629924,-10.065424707786956,-9.12283506062718,-10.736516027047871,-11.007667364552422,-11.238451841210164,-12.151382420248463,-12.679849139445297,-13.632930524076638,-14.339118726554128,-14.12596237835893,-13.291230951072526,-12.873972568360184,-13.584094708238341,-13.698058130211125,-14.400902477430263,-14.837576375850862,-13.434046622961816,-15.018070493073704,-17.106442492984783,-17.785698897810157,-17.14735689716229,-17.641461083837882,-18.03225735672363,-18.88539558833457,-19.213390939973834,-19.708288226092062,-21.624776818739367,-23.70670764646834,-27.095097211416515,-28.460285024882204,-25.380644482454116,-25.899812963310524,-25.666941740058583
-10.253376806444102,-10.227897966975407,-9.968167707555205,-9.70528164329342,-10.18769948219629,-10.8694123204457,-10.979148032858227,-10.592594588481393,-10.516757279371308,-9.576086092135093,-8.421247777839138,-10.453209397496133,-11.14244956260472,-11.845651314281392,-12.299806392799736,-13.62851284194972,-13.319102112246549,-13.944983444070196,-14.155107942480775,-13.54682877441352,-13.500363472215623,-13.8735510575552,-14.051106900207927,-14.258812040244186,-14.524464051396347,-14.527159409387014,-16.112908034996682,-18.271360216137595,-17.852121107105216,-16.81057674494539,-17.0883352019759,-17.938540719760066,-17.758775455791735,-18.626884113550837,-20.836041399696125,-23.40619862390227,-26.376066775640357,-27.641807445815548,-23.69157244899985,-24.305285744164486,-25.919736447883803,-26.613399968136505
-9.945227310753877,-10.146534338325038,-10.061823060302853,-10.056079773675998,-10.118285470736414,-10.66519913030918,-10.654634451045904,-10.238337193019188,-10.939438411210224,-10.117818818132953,-8.776843225940743,-8.79882708550592,-10.51853336878918,-11.386379127026768,-12.194980005638282,-13.150056565425032,-13.641910358573078,-14.110298877414111,-14.045762498299965,-13.713355783465868,-13.97104180505681,-14.000222917896304,-14.15087486870485,-14.073209017860375,-14.294640849991069,-15.028971910334802,-17.31457682375808,-18.861201846074746,-16.98783102636628,-16.4493606267187,-17.521117726970026,-17.046632605947796,-17.675480010082786,-19.93487675128545,-22.672506928876825,-24.141736862406656,-26.85037329906722,-24.7894521952713,-22.70781864247727,-23.901432033495933,-25.005655173612393,-27.15263432590385
-9.892584244889045,-10.245481335399795,-10.459948149688481,-10.530731063016182,-10.21934204899244,-9.91299039382212,-9.918383752475634,-10.046970662525034,-11.167737452609732,-10.848708000881475,-10.277023314483369,-9.612274240253935,-9.901991904351338,-11.076331245767566,-11.914249466797097,-12.365054655729539,-13.53782860113143,-14.067075432630094,-14.126713045874768,-13.618202254025368,-13.796008719882336,-14.381212061284726,-14.352262102030231,-13.959337200525916,-13.762039058974722,-15.272154232825358,-17.046381880417314,-16.669425990565745,-16.779244560752304,-17.92209967852518,-16.499061836334985,-17.5674222752044,-19.141850057303238,-21.450943142330278,-23.047982948583076,-25.412729741106375,-25.436515868971902,-23.457102859786076,-21.630155778593085,-23.226178693858582,-25.045181085725325,-27.612410215250243
-10.256463421654797,-10.811043906854275,-10.693051090117553,-10.334966949579835,-10.137473593935121,-9.61460735756278,-9.720846616534466,-10.140900696260667,-11.305654132248808,-11.208834001893065,-11.002339393424235,-11.036471003035954,-11.381084311922898,-11.468497566976875,-11.861596586014354,-11.828629611116718,-12.228847678109807,-13.348756295637232,-13.93039603389586,-13.787758548096718,-13.589042132976607,-14.966422326463672,-14.149837899597447,-13.08145974992125,-13.573640907501474,-15.014250393109942,-15.668100170283443,-14.43393281074852,-16.089330395904394,-17.925711812700058,-18.28855710021338,-19.644561732073115,-20.54685687900822,-21.65362334702288,-23.518394792581454,-25.38868322269945,-24.2749092376185,-20.737783005478764,-21.964897457539657,-23.584715361913812,-25.29574873261874,-27.2903913139196
-10.881611754227606,-11.308236891878835,-10.915909526467265,-10.097786326698357,-9.966494304779102,-9.721991369086757,-9.902219439213308,-10.364750183354914,-10.639377201871625,-11.29538526619784,-11.940836767195025,-11.623825448888127,-12.086778726056668,-12.133705329048503,-11.8330561143399,-11.461766848270592,-11.74560615359655,-12.523907968736548,-13.577471549144786,-14.283667211691236,-14.105488285085913,-14.080050303931024,-14.077693602483398,-13.051594060973374,-13.10696663015133,-14.181292698938691,-14.543177321765619,-14.943259489737425,-16.784032694060606,-17.364533876982545,-18.776598430443993,-20.584793614898572,-21.475185778014712,-22.694221115903517,-24.576883235477084,-23.92753080053949,-21.183173176550397,-20.610094783089153,-22.73826729468497,-23.734600974015287,-25.533343966044004,-25.701327755219573
-10.46735897891486,-11.009773663205896,-11.091417266065953,-10.816266215721097,-10.378177669749807,-10.294747346390643,-10.41518291389012,-10.4804751530879,-11.025918015074971,-11.425299096169512,-12.157695050914585,-12.912321497080937,-12.560836712888017,-12.293435224312649,-11.569940365728486,-11.127512702027529,-11.44150264320337,-11.998262405238854,-13.142058771692923,-14.962785742684519,-14.679646152968635,-12.820659652642911,-13.666372811537926,-11.896651349977127,-13.110590162832375,-13.730971812204706,-14.117701223807401,-15.293603935523265,-17.011004034670805,-17.2948343083413,-18.347837365324445,-20.615933639972177,-22.205406350014247,-23.946721708369612,-24.196742412445875,-21.201129081122772,-19.959773022497608,-20.636187577364936,-22.820443470381804,-24.694872952857327,-25.336161587067707,-27.085611141629176
-9.467288613712235,-10.821335672160737,-11.697758382067308,-11.087361475785261,-11.382209204711938,-10.800550231805076,-10.500283995421029,-10.978204901200343,-10.749870455022299,-11.722008925036448,-12.322496005699433,-12.252768613147577,-12.757780602812892,-12.492551161420582,-11.9092298421473,-11.64739374096407,-11.279485418016874,-11.868488241696944,-12.709123829114223,-14.13301730204999,-15.738185929910028,-13.299442580651231,-12.182050958528748,-12.606296030505133,-12.708932812204527,-14.370756676741847,-15.428861485437203,-15.330178845722534,-16.988330040244826,-17.664552018803363,-18.36208067926394,-19.605843838035867,-21.642884955563567,-23.817571385061065,-22.21138429649682,-20.680391190149074,-20.44758013572643,-21.260096585221927,-24.042717200856984,-25.475048755605638,-27.073657215792604,-27.42456107836401
-9.232533411354902,-10.131052033407027,-11.234163074914207,-12.171688135503434,-11.730392481263586,-11.256231789269595,-10.476119872899678,-10.92688954896613,-11.300547722368574,-11.620379069174772,-11.724164522491598,-12.60753528720198,-12.792470096636608,-12.97662897742629,-12.950557406962211,-12.062406997496808,-11.604326958312841,-11.635376126826223,-12.122155292646859,-13.190519011582342,-14.303819170833737,-15.234105031725349,-15.210398974562233,-10.029577731949965,-10.082678879244416,-13.227550119225695,-14.821509856335275,-15.634695688558207,-17.00477433860924,-17.851981465814568,-18.47179172851468,-19.270583999574914,-21.44926479031659,-22.740993113330937,-20.800306368364446,-19.823115260776856,-20.271770531230043,-23.00285708455605,-24.38760398926868,-26.061027696800352,-27.019645659040336,-27.15431897989703
-9.35881655917515,-10.045617877432214,-10.843255459328084,-11.37650259930374,-12.511926906952434,-12.259309077430185,-11.711553060082027,-11.032387232350503,-10.597275033547783,-10.934956348722121,-12.182456209097097,-12.817886943785396,-12.866165953946687,-12.798990323169122,-12.724444981897316,-12.97700240654585,-12.949487600184169,-12.998125592900635,-12.175389079760713,-12.736769201052951,-13.064525925650393,-16.147889039985465,-14.474771543457187,-10.895385926339307,-13.133550812341007,-14.598917027045632,-14.020865735424037,-16.39266673133154,-17.153232204797554,-17.696480343125828,-18.645945383555013,-19.523674685707938,-20.5511270698577,-22.029284124539757,-21.383758335949352,-20.395437649806023,-21.008592984853003,-22.701373996902095,-24.241070293994586,-25.7968946026061,-26.912399283118425,-26.501262752262903
-10.174547413766202,-10.28322309170013,-10.588090968547824,-11.407210073927658,-11.479253131670102,-12.385151212586422,-13.387556441274441,-12.81187108568674,-12.72961825404222,-12.029827593198371,-11.861127822388283,-12.462142946847319,-12.296202654234893,-12.59809044032875,-12.872111978892566,-13.863391711555066,-13.828946457044058,-14.390250716043688,-13.600663729992972,-12.343675991312459,-13.620779084671804,-12.086722773265715,-11.797569976483652,-15.529208741998113,-17.49224516668446,-18.25083480732654,-15.904613430072637,-16.206635434532583,-17.775881366671637,-18.333421985293448,-18.154667730555634,-19.212137752503985,-20.83976713660518,-21.464924877275052,-20.849377662389816,-22.38617286092303,-23.73452279982128,-24.078130017008174,-23.35668583177972,-25.05293583894927,-26.571984261105833,-25.917840145930114
