public/json/wind_2018-09-1603_950.json
{"header": { "discipline": 10, "disciplineName": "Oceanographic_products", "center": 0, "centerName": "Ocean Modeling and Observation Laboratory", "refTime": "2018-09-16T03:00:00.000Z", "significanceOfRT": 0, "significanceOfRTName": "Analysis", "parameterCategory": 0, "parameterCategoryName": "Currents", "parameterNumber": 2, "parameterNumberName": "U-component_of_wind", "parameterUnit": "m.s-1", "forecastTime": 0, "surface1Type": 160, "surface1TypeName": "Depth below sea level", "surface1Value": 15, "numberPoints": 4800, "shape": 0, "shapeName": "Earth spherical with radius = 6,367,470 m", "scanMode": 0, "nx": 80, "ny": 60, "lo1": 109.0, "la1": 20.0, "lo2": 116.89999999999955, "la2": 14.520000000000117, "dx": 0.09999999999999432, "dy": -0.10000000000000142 }, "data":
[rows 22 to 43 of 60, columns 0 to 48 of 80]
-1.7952928354812623,-2.933273008320721,-2.201095316611567,-2.021779148641199,-2.2231309433909923,-1.827199773131337,-3.259559457972128,null,-2.034200434958694,-1.8912181666363994,-2.292257828556698,-0.8901110126723286,-0.0497631152824263,null,1.6647718229846125,-0.07700841058904484,1.4555927467122798,-0.5539470282803245,0.039497235914204586,-1.9846545794592616,-1.01313117889115,null,null,null,null,null,4.991405536033842,6.930505759440567,6.569608861564923,4.1531021320093835,null,null,2.9375241834216177,-0.17106367508815873,-0.5574853248846894,-0.6212167026755051,0.10921835102272755,-1.450660555873307,-2.7504751058046013,null,-2.941551741722402,-4.739665058385752,-8.702669220473627,-10.036104150209516,-9.67884141391768,-9.220855485534205,-12.342815851791247,-11.04166143140758,-14.941724760879666
-2.984855744366178,-1.9886740626387285,-3.0207649842072537,-3.0037837139405283,-1.4504219433182586,-2.8197924767921965,null,null,0.1321643345824154,-3.9815738926074022,-1.4580846367420384,-0.4439670117364672,-0.8567435932522627,-1.332846076303742,-2.0217512462101523,-0.305642571020285,-0.15863608766471526,-1.363142823780896,null,-0.14625110137297762,-2.73928360352185,null,null,null,null,null,null,8.05673625948038,6.01707467076475,5.392367478826724,2.0998075052611695,null,null,null,0.6646500097692097,-0.5875035955329955,-1.4317444573944622,-2.494338983866966,-3.8999874525319718,-5.749117160137059,-6.374512194103018,-5.815896043654672,-6.829374856625001,-9.214426281479241,-8.054489600600743,-11.213421289787949,-12.934907334536703,-13.62570399325135,-16.043416631836582
-2.64178658061169,-2.7626211856839396,-2.6927027023303096,-3.149822044801321,-2.2647904027564505,-1.0849331091595225,-2.445726035111169,-1.608306605624485,-1.9404556463564697,null,-0.11346755111169582,-0.9288097229231322,-1.3805330413104588,-2.686870242511635,-2.8248543575743454,-3.3003385705572996,null,null,3.0056823712445,-0.8885760487271575,-1.0947303718665413,null,null,null,null,null,3.65130726819504,null,7.838480267076281,5.111564381177533,1.9421880559680402,null,null,null,2.8533845786538,-0.9864532807713857,-2.5933469183219913,-3.7259873976991758,-4.376764963618669,-5.222088761785043,-5.306098183451792,-4.602478298861234,-7.851961557528961,-7.6930853321729575,-10.894799369762376,-9.263739096483482,-14.082515740266334,-16.883314389948964,-14.988902843466935
-2.729021697656197,-3.0464579813464,-2.9844169282546407,-2.4448163531307356,-1.5586127002093544,-1.6819072082047128,-1.4018679585113816,-1.6146503141637698,-2.896127631830906,-0.10733053701687195,-0.9966128057946784,-2.101250584192527,-1.18619598358028,-4.371307786371072,-4.262056308699092,-4.7586942565111086,null,2.553431857704656,-1.1535548696389453,null,1.9870256646883546,null,null,null,6.057753074788534,5.0928000039088595,3.6095799518495024,3.289708890986064,5.031368752599425,3.6173127139643886,1.864651039637994,2.5048467367458036,2.0478504749058493,2.5035351345661225,-0.3391540784289844,-3.093497054059713,-4.577456196667139,null,-2.6021832513231087,-6.097640095980206,-3.8640713239070767,-6.631937873709534,-6.1424723653251805,-5.629234568955897,-9.67486852707643,-10.93106511951882,-15.853684904110747,-23.04786791496895,-20.10091788532462
-3.2607271886018285,-1.9206769303468543,-3.0523864394200313,-2.148791765978488,-1.9960330405603162,-2.3925592753148823,-2.131825676027474,-0.970265268848057,-1.4183086961450133,-2.486348434743253,-2.9783844124570806,-0.3986824219706917,-3.7388928802902703,-3.5933778112231565,-5.5221266642147695,-4.777733651453151,-2.1544034655414728,-1.3598761122838532,null,null,0.3553129538519636,null,null,2.658103163366307,4.561487716670929,3.8893480983407285,3.214107596002177,1.7265753706459945,3.2285786865039077,3.314201672266473,null,2.369303223572072,1.5566396443737887,-1.0276468583466998,-2.172082457700503,-2.9753256608665364,-3.7415457562169685,-4.859960082276425,null,-3.0914410327983366,-7.336982863006309,-6.482153363896849,-8.245141129381244,-11.604070613100966,-12.062948657530482,-13.572264512558514,-19.18832380484716,-22.66592390224372,-19.894166564936
-3.153556141233772,-2.072015611280237,-2.286143920599719,-2.6744418765505142,-3.0879382297037306,-2.6743956060994996,-1.365219906670549,-1.9435545434700947,-1.497094657699889,-4.249652432574018,-2.682605847480597,-2.714151778812093,null,-3.2055654254628685,-5.496942649490969,-2.8225368272456954,-0.7191043575427054,0.1810868376338133,-1.057492130058886,0.6295755341206719,null,1.949185399134996,null,4.281835657750321,2.5971745422892942,2.976640212045753,1.650902352585558,0.2938729467721744,0.9516082954910448,0.8611357642370225,null,0.5540718599200353,1.814240520964753,-0.4422254355319196,-0.4069131545118694,-3.0497539265805447,-5.693098147732183,-6.846999399060866,-6.228653658051322,-7.415003298296096,-7.753490184549662,-9.11958217000887,-11.39265105210561,-13.866267368159008,-12.608860592527122,-14.654949008970174,-19.630183411246293,-18.122366567795126,-21.177203639276122
-2.332254819259094,-2.25409448694447,-2.764220873592005,-4.01111626766483,-3.516596758130512,-1.5744572280047464,-2.413795260420125,-1.4783718370547454,-0.8540758156844294,-4.384024856739644,-4.08709635756161,-4.195399031583845,null,null,null,0.7330172922974444,-1.5667114824771866,null,-0.07914291199955992,-0.37242984248754435,1.6776923641665116,3.6731702273222906,0.1639041775317151,0.39354359940229855,1.3383705829938333,2.7133877996623856,1.8943885410864314,1.6403714948777184,1.6264395473166766,-1.903588334557076,0.4999588795070248,null,0.3348444149075554,-1.2060355057277263,-1.480853014785514,-2.9715841899879516,-7.385965760554088,-8.983859905230453,-8.787201322194623,-8.288147604087369,-8.150772473329095,-9.69884953389027,-11.028220428496386,-12.764408263519911,-13.4561524043436,-16.86803355168182,-20.73517293994973,-21.366234160190995,-22.518793962892076
-2.7439045014236605,-2.1349506459422067,-3.046582038082397,null,-0.8633292137798663,-1.5226403825196346,-2.1520382103191866,-1.6247278935408556,-0.9460293200428629,-3.8974769976283965,-5.009110274957315,-4.8684629357880045,-4.830207977585786,null,-2.037788761577025,-0.9116063478714935,-1.5703102963113813,-1.6406896208826411,-0.037718714849982765,-0.1209586375599831,0.6179312662299188,null,1.2975162277501981,-0.08479247664426649,null,0.8128817800501784,null,3.2900952169331354,1.7950356318810505,1.7534529611344214,1.6432061369505822,0.19435333718907694,0.21191065093988698,-1.271951485713559,-2.3745263250353337,-5.396278460320264,-9.80929996185731,-8.78993935209327,-9.067010488732329,-9.151263663934603,-9.94756108284445,-10.435161946754345,-11.462686935349929,-13.211374080634972,-15.460010734206863,-18.662725141804074,-20.787551550186155,-22.18207703416019,-24.732631569589273
-2.52992658417448,-2.7834303173841026,null,null,-0.47194248820567397,-4.920951899615268,-1.8745193073650221,-1.8622109797411666,-1.1232735453699596,-3.2433644999283286,-5.453256053015201,-4.563013591117378,-4.298621440125988,-4.0204658010207375,-3.0183951756886525,-3.4133475775881874,-1.693072784399384,-2.7432581283832613,-1.2311155281356443,-1.315315702150239,-1.8195564470287215,-0.13839840614900395,null,1.0535780975649591,-0.9771393373769843,0.8544389298154352,2.259640631087122,null,0.9653013883331022,2.611274750396843,-2.084825761246397,-1.8085794021015131,-1.8693920711802585,-1.2143860288645114,-3.7751695569978603,-8.347732385443315,null,-5.169281961193106,-9.286113579529387,-10.110435281899576,-9.785508270141772,-11.857548972006501,-12.532945330905179,-13.364336807574247,-15.978038148810052,-19.082735413007597,-23.25152961817589,-22.286242837855323,-26.817573124208376
-3.046213356352334,-3.9068325124334553,-2.6903987772400813,-3.629170574454955,-4.53037901731538,null,-1.9395534894021236,-0.9658281046421813,-1.1406475550904243,-3.155863065791566,-5.164462057590197,-4.914660207456917,-4.678958962445598,-4.188123873969304,-3.9211668126425847,-4.278615469903136,-2.588328847353268,-3.492180184461831,-3.8254822951542438,-1.44748100243355,-0.249838906940267,1.0193158639549607,1.5738136555590094,-0.5332514178427445,null,-1.0226188713491613,-0.37426387211423234,1.0305429600059934,-1.5376678009029883,-3.4274652313916594,null,-1.905933347137707,-3.0424518455741945,-5.988359014422563,-6.386909815650562,null,-8.746768572517153,-8.857020787969097,-9.971738464612274,-11.629367102749995,-11.06119197365788,-12.538273262152956,-12.901662350160446,-13.038313645903953,-14.547260134852925,-17.28546338610736,-20.23325083027994,-22.06223761686232,-23.12427947655432
-3.6361763961445543,-3.11634452138237,-4.516620939085717,-3.623235192599001,-5.021826150114512,-4.701233684920773,-1.0052513963820262,-0.36477176825576696,-0.32293033002408794,-3.8126412961937164,-7.035873350723466,-5.612911923122859,-4.47530272863095,-4.239415029684463,-3.9857882860612537,-3.7360373206799604,-5.374360679102626,-3.997539612941447,-2.298919178318329,-2.209098766352436,-1.9279768374412598,-0.2864234394034636,-0.9120656315048816,-1.7852894481435952,-3.311480014786965,-2.066847843114648,-2.0882219404624447,-0.9332340901006841,-2.0650982332646484,-3.9601465768350455,-4.7745824471384015,-2.719526793524053,-5.205671313285418,-4.522999561976897,-4.701277555541722,null,-3.861270129763508,-7.79833068670187,-11.570271834976065,-12.235768412108893,-12.205135863782193,-11.987649741668971,-12.410923949904618,-13.487564984323456,-13.991592933611269,-15.410498459865725,-21.463180999832808,-23.94586717179725,-21.31428483377411
-3.681234169144647,-4.4881849132917315,-4.531675458063425,-5.2082950220631465,-5.025248514226562,-3.284209130735301,-2.7902629916561064,-0.5680590679099565,0.9700891480807483,-1.6412271818884998,null,-4.944671143901256,-4.624321877922648,-4.3940107094178815,-3.4826321984740707,-4.794437449739044,-7.342326658311715,-3.8519278926794738,-2.208393705562613,-4.609471059751879,-2.5924578454664706,-2.0258692176358974,-1.8269516646577653,-2.023021678140949,-1.9265898494879141,-3.788863408370009,-2.3720749409547564,-3.870929770026057,null,null,null,-3.6005330331033445,null,-4.674157529506179,-2.893000850153708,-6.459249596506975,-8.73323273914175,-10.715006140223037,-9.889816621468148,-11.246962611569103,-12.095238662122172,-11.37356045249761,-11.268558939321633,-15.874580849562959,-14.492858018951226,-16.935734577000627,-19.615382908103122,-20.73997226082738,-20.675935346066183
-3.352141338310246,-5.575760557544557,-4.50086181276837,-6.3233393501540345,-4.100604162910835,-4.352942618442556,-2.444247261586809,-0.710762335157134,-0.6651324735581583,null,null,-5.537748190187102,-5.725173761739112,-4.998787438659029,-4.319620001349029,-6.0416468675417425,-6.634953971521874,-4.820968945624662,-4.314590622512828,-5.559226347315861,-3.3229680325210964,-1.1883861794300925,0.8599380406369787,-3.064058509961455,-5.1009743018584315,-4.604974522221825,-2.998021929250601,null,-1.467735870084078,null,null,-0.5197987420036092,null,null,-0.2867167554464938,-7.733923778614503,-8.201835830783663,-11.594993868790349,-11.674929984389614,-9.213288356731773,-11.703393471783514,-11.909784139481493,-11.080598444348553,-14.721556986470645,-11.154480325298962,-16.19738870334341,-14.280460671382095,-16.279216274813148,-20.97287898535782
-4.919995535620057,-4.462743675292135,-3.712288575525272,-6.061778711152934,-6.033191870356156,-3.903279042481785,-3.4342108237593476,-2.4140112127678823,-1.287183590423967,null,-1.7206553145996473,-4.460156186309586,-8.455350922492027,-5.471641293104961,-8.025677410396636,-4.790666901270339,-4.8173527108994065,-5.066836110569937,-6.805756770591392,-5.120501311255467,-2.3892351899269313,1.1108509413695251,-1.582290038539576,-5.988199787151513,-4.3172413315403535,-2.20621890409632,-1.8122199755917072,-3.0048659788529344,-1.9596481153449923,null,-0.7324551118047282,-2.564015512202614,-2.7392596370378057,-1.83823128342034,-4.876880326740017,-5.385402261094495,-9.079020775789639,-10.08011706914396,-12.135041027416854,-10.319355660590036,-12.2233814750183,-12.530353833096035,-9.72868054093586,-11.528466888113512,-11.343386736849668,-17.077811296594557,-15.70912712124239,-15.053280384851721,null
-4.232525507434938,-5.277783978403175,-4.126007929066784,-5.401658780150518,-6.480261431898356,-5.176839488461374,-3.658506837429909,-3.5761925079657706,-6.089292733909256,null,-0.030472143886537906,-6.3312842905075835,null,-8.125031497395026,null,-3.273615049329493,-3.6845254893471933,-7.043908047885845,-7.8444041152336865,null,-0.45786814270237086,-1.692703646867233,null,null,0.26763110588840583,-0.7362335776981064,-2.2279418574715537,-3.662553136760855,-1.329874586734513,-0.5935710955977664,-2.82075852051941,-3.3433601451006982,-4.853155873066728,-3.666623270702803,-1.7823647418663473,-8.973234597064714,-8.529739280675152,null,null,-8.632870645478823,-12.800522686305056,-13.048251097595982,-9.347241315999508,-12.833112003666177,-13.380215223539677,-13.1488719096302,-13.91025487768956,-13.28083266288999,null
-6.205547544695417,-3.5882823968879727,-5.0685118041004245,-4.57841989755856,-5.967040861904866,-5.282402108653648,-4.908302538176485,-6.835658558909635,null,null,null,null,-8.76292606553176,null,-2.6570842504565926,-5.24053676213137,-4.738820594204627,-5.5942218019441095,-7.702992820229051,null,-5.167409149645548,-5.105932948774964,null,null,1.3728841024060299,-0.6477951005881756,-4.315477645018317,-1.8228094111084137,-0.9819407819135556,-4.472503620473181,-5.680528960291006,-2.1388265096879406,-2.7707357877123027,-4.65742901902961,-6.495153537938375,-9.611656286885927,null,-8.587495035466779,-6.678129208786516,-6.824963560561172,null,-8.214835067737996,-9.189554620845358,-11.633584644865138,-12.840868695009807,-13.444003126454287,null,-7.21116787852415,-14.60052806638436
-4.695024614341807,-2.0426275527885274,-4.763774482397007,-3.560879434649727,-5.235549102165853,-5.946039017850344,-6.18537587465077,-5.390090203554397,-5.483824691003522,-3.0697550892679324,null,null,null,-4.95740493675352,-6.971672729760481,null,-2.142375330818174,-5.63360925344092,null,-5.255076964168295,-7.556888850650848,-8.292089013090141,null,2.157967389362327,4.219948282603724,-1.0456628431813326,-4.792004767888235,-1.7689715565895807,-2.2622891419732847,-5.027724001700048,-2.918130365028255,-5.7064896829958585,-4.677142640449372,-6.073561752622454,-7.0470525651603335,null,-8.667665464797256,null,-6.605758559460115,-8.529614445465896,-10.084776881473998,-9.251137987758531,-8.08529184020252,-9.590244731995059,-8.878979590204864,-16.03953505984867,-11.64745707972062,-9.21478270143356,null
-3.1503452918709756,-4.64853662184664,-3.198247552997053,-2.989113520636583,-4.417544564498591,-5.657683317780821,-6.625078479082935,-5.502315800937435,-4.920518954225178,-4.655319049977917,-3.230723530127174,null,null,-5.842584491347324,-5.06406409447235,null,-1.6376673699821362,-4.481913289793651,-2.12004828342708,-8.896506953719854,-6.017234512841214,-7.050945239885477,null,null,-0.47695600879099287,-5.234474728708035,-7.892995334736854,-4.035127725641339,-0.5181278692725044,-7.678173920865687,-6.6316657349490296,-8.131266701024929,-6.740258794451146,-8.743599995556188,-9.992988781071421,null,null,null,-2.181530591982378,-9.502370045720898,-8.544229594042884,-8.778359881698801,-7.588924223292498,-12.02263246710632,-12.602888636870858,null,-13.573039642814486,-10.924072134366204,-10.694709796656538
-3.173405152752565,-5.110419392785275,-2.7495078541362665,-2.730817880801742,-3.3403652167927276,-6.000458889749925,-5.4504488283564765,-5.6720866918177,-4.618241865417506,-4.9150354600619055,-3.8589975931667277,null,null,null,null,-2.0369788129264474,0.35698102224548783,-3.895172284552334,-7.555548052940811,null,-4.171125707311212,-9.160114392591607,-2.3549823642653056,null,null,null,null,1.2565824291516208,-1.3969517732961128,null,-7.730819805682809,-9.007306754520409,-5.494434080817781,-5.920303872953745,null,null,null,-2.447162788756692,-6.478066318647991,-8.730749756689349,-10.330851403464958,-10.5115574118154,-12.13366219926742,-13.353297115952234,-10.96094723383424,-12.652953054270773,null,-8.804856256435164,-12.923329330184881
-4.273145267534569,-2.711230932763073,-3.505988578754072,-2.7729231274374677,-3.621938385451588,-5.332913882236737,-6.120538801938336,-5.570324810812732,-5.133984885078261,-4.396291279892575,-5.996570623124393,null,null,null,null,0.3488619773402783,null,-4.127904147097333,0.8206426126905175,-9.982991422404307,null,null,-1.5049312886305255,-3.907569645775801,null,null,null,-0.6062570197704641,null,null,null,null,-4.0519226755535,null,null,null,null,-2.012180548508547,-6.153199142165148,-9.740132727451039,null,-10.410383409161078,-12.123130545610307,null,-11.006004617980238,null,null,-10.702413600740753,-10.863754720123087
-4.085599012393021,null,-2.5924813135145826,-2.7297010121630905,-3.409306692444057,-5.889499889510542,-5.498920621491603,-6.877737820703734,-5.399889760180498,-5.026737935307206,-4.200497799768499,-6.96960251164195,null,null,-1.692801127551741,null,null,null,null,null,-6.828348201464099,null,-3.6545460396784186,-4.134942748750834,-0.651761383442831,-0.12701640959834581,null,-4.735445427661358,null,null,null,null,null,null,null,null,-3.2906012137036953,null,null,null,-9.52183634446115,-13.470199149294132,-14.118801848103985,-11.345759289891365,-12.872016895753086,-10.339542305984303,null,-11.727219473146826,-9.086874022568841
-4.794755087195844,-3.6812210401774887,-3.1602702448182787,-2.8535734368152004,-3.963502716719756,-5.425804573691009,-6.486488099855119,-7.217411022518581,-6.274233207116526,-5.287046728832487,-5.245490492214704,-7.232271963086799,null,-4.082653679037883,-5.790325148021805,null,null,-1.018789282431486,null,null,-4.1122666370630245,-5.413181485320726,-6.067841321319812,-5.274657755892385,-0.9100704030486264,0.608191804572346,-1.5494044083879361,-7.40036377970699,null,null,null,-5.15238408866805,null,null,null,null,null,-2.0798641282353687,null,-8.975249498609672,-11.685241352207031,-11.346115422158544,-9.631700532461592,null,-10.322988231905022,-10.366265593267205,null,null,-9.956298059235479
