public/json/wind_2018-09-1610_850.json
{"header": { "discipline": 10, "disciplineName": "Oceanographic_products", "center": 0, "centerName": "Ocean Modeling and Observation Laboratory", "refTime": "2018-09-16T10:00:00.000Z", "significanceOfRT": 0, "significanceOfRTName": "Analysis", "parameterCategory": 0, "parameterCategoryName": "Currents", "parameterNumber": 2, "parameterNumberName": "U-component_of_wind", "parameterUnit": "m.s-1", "forecastTime": 0, "surface1Type": 160, "surface1TypeName": "Depth below sea level", "surface1Value": 15, "numberPoints": 4800, "shape": 0, "shapeName": "Earth spherical with radius = 6,367,470 m", "scanMode": 0, "nx": 80, "ny": 60, "lo1": 109.0, "la1": 20.0, "lo2": 116.89999999999955, "la2": 14.520000000000117, "dx": 0.09999999999999432, "dy": -0.10000000000000142 }, "data":
[rows 19 to 37 of 60, columns 0 to 41 of 80]
-7.72962238656405,-7.813301512606642,-7.112445535271166,-6.9304888755221015,-8.844489173505227,-8.380464702501929,-8.257132217503534,-9.532489963341112,-11.034605601015937,-9.701308222182929,-11.370369279766981,-12.047153542084871,-11.62082897729611,-10.284898792865775,-6.122229452804424,-8.021174113849115,-4.065094503597472,-2.4590722289513938,-3.2930216776633143,-2.2446072633700713,-1.009577351562624,3.316795765415151,3.096121767410197,-4.454043461058975,-9.002779456028945,-7.136076616079878,-8.953287665367974,-10.050808665049736,-11.581653510549058,-12.282924093096057,-14.029690692697823,-13.298636110081489,-14.339895000930671,-17.07196933586632,-16.24948087431193,-17.434485512159927,-17.30059950627099,-17.68253969629621,-18.381376280415978,-19.374026910303723,-11.869491593041106,-10.253905374816743
-8.779750126384105,-8.243150209809944,-8.067691416059988,-7.838004442990183,-9.016534770007876,-9.037720824121624,-9.196919139376869,-12.71801833803585,-14.069477280318305,-13.1175067234992,-9.747934666547035,-12.840669886324488,-13.20745752971394,-8.097146659628988,-9.791926843640928,-5.640199694900467,-7.870431696668263,-3.1700728058424303,-6.447601367130073,-4.502516420278594,-4.254977751443217,-4.126793451221934,-6.216903497055958,-11.90853181993301,-13.4374832642598,-13.518681827505837,-18.891056345378935,-15.5713258589782,-12.05764916456732,-17.25114127889442,-16.688838443263087,-16.926711348801344,-16.477700394907412,-18.246928063216366,-20.009921717462365,-21.460148982349008,-21.723304675088738,-22.945969435973105,-22.612824901391285,-23.4910161402188,-18.62942505372834,-19.625669649732572
-8.451411341102421,-9.332196942366123,-9.01589362435751,-8.987383041771754,-7.200818973135179,-9.404932713334253,-10.487396981080188,-9.056396193622406,-12.982583320830642,-14.675686594111175,-15.158256716099565,-11.449506303141282,-13.289472625524722,-10.302916449643623,-8.939599608263824,-7.1815960322810115,-7.580701353900099,-5.252354348859567,-8.242105216286541,-6.253918529661711,-4.63982143115323,-5.9988142304489225,-9.157414023591082,-12.839822753256724,-10.815401811850787,-7.23040658324226,-9.930275294318442,-17.442645194413952,-23.616359002538402,-23.46206674227843,-19.678721300246995,-21.68013041036854,-20.23982315326806,-20.189565157109705,-23.873511750433988,-24.177201373186584,-23.794465920929543,-24.52412484608144,-26.66399405680291,-28.997232040530832,-21.484360031843078,-18.69965095605274
-11.003469036257135,-10.533136659887571,-8.82873264874905,-9.096721557858771,-9.664645848491016,-9.990696690536783,-10.343651042601639,-9.341746229004226,-13.393278857846964,-16.311087768216453,-15.805833174017321,-11.27445942781839,-7.987420434396805,-4.734913723778456,-4.222726108679646,-5.372782495429208,-5.274957647844657,-8.669002267054776,-10.358542577213882,-9.378450292431218,-8.186748473435559,-7.3944166362143795,-4.9296059172088675,-3.4241671262291087,-5.079246869343386,-9.758173450608886,-19.345106843052868,-23.98770139342466,-25.933834365871803,-28.47592517500693,-25.918900430096325,-23.422842771484422,-21.861315202286274,-23.098353121189124,-25.22614483406963,-26.431386752624846,-26.9230081411626,-27.456110881028795,-28.85972847059027,-28.62150853098254,-27.25832299380211,-31.050095304715242
-9.386986613322332,-10.527135804436323,-9.790822652974747,-10.37180297163262,-9.279343105884587,-12.950437737379325,-9.633959189977162,-8.019678841521026,-12.370162878405312,-13.606733544150497,-14.700628684871372,-11.898671366923484,-10.275178978707576,-10.246897334555126,-8.604656877541895,-6.9383172950068275,-7.778952948611007,-8.971968791205299,-5.320428742394991,-10.818623438890913,-10.666587873862003,-8.39308334985348,-10.789699359716021,-7.95821204946345,-11.199872564209933,-16.13202370400762,-16.06651427891627,-28.99610466703635,-31.41201670210716,-33.56088735252924,-30.618393926115964,-31.101627783890358,-25.80702066789181,-27.28220342442713,-26.39556789889334,-30.647184968047966,-31.110086239649277,-31.02310062145551,-31.6399461150886,-33.180098220165675,-31.807025601900666,-30.666348104068692
-10.942563535876442,-10.300910070900148,-10.249612602968192,-10.803477326521888,-12.724165412823481,-9.535707217481336,-12.002338777979404,-11.022320856469818,-7.900872874023518,-9.686218086657748,-11.848362520487122,-13.177549124246882,-12.358384891754458,-11.464624144403444,-11.542338049796694,-10.606130831494223,-5.726897395247606,-5.133289838447315,-7.440315871616701,-15.804752814292645,-11.658458172493432,-10.555006292850635,-12.262716135192747,-14.90253662812475,-17.126697292899085,-20.62760031158795,-19.87492740698064,-24.544484637529063,-32.535627101312954,-37.713884802499436,-35.92248067205173,-39.11757514120134,-36.93396406305118,-32.90849225170821,-31.19805222980631,-36.16634732430202,-36.04409898532982,-35.176283120095974,-36.18396254431906,-34.23696247734045,-32.40223610221073,-32.334446600406395
-11.731635914118838,-10.670300446652199,-11.331156942988631,-11.424420413566958,-11.62183180191434,-13.115343001870341,-11.913086231449372,-13.015846994701642,-10.384933892945593,-9.668673899631393,-12.902415640881003,-13.43905574088523,-13.601423026066179,-17.359423108423435,-15.455524054171892,-12.237330385759428,-6.267705676496647,-8.686654772092488,-10.612788478860397,-8.721591744478358,-12.000880794765246,-12.437805915874936,-11.779445422147644,-12.103259640635232,-20.108936578535065,-23.0193357382748,-27.697124047818527,-34.39406717488595,-36.96884966484612,-38.26882030595739,-39.98038060186886,-42.48429094503925,-44.19015726675215,-49.39684377952376,-47.238361482239654,-42.59443368768942,-40.535539857070155,-40.46829115550371,-36.66540071088109,-36.278419199019204,-35.296384491865375,-33.62826303062823
-11.730348116233918,-10.982815343586081,-11.564011088179011,-12.120915011044145,-14.0155239434912,-13.860191787142032,-13.22408513489295,-11.64393052670577,-14.13467808498612,-12.658904810924792,-14.314543047540601,-13.197333910909418,-17.26315748473585,-18.785979008514037,-18.289219500060284,-15.356274949105103,-13.82019410962982,-14.910183954327938,-10.387162152357801,-7.924580751359021,-14.819618047518444,-12.61168444104812,-16.518950650823676,-18.524069506673268,-28.341408972269644,-28.791485723175995,-34.09680839362637,-34.75635455577344,-38.37457496170349,-35.618192516038995,-39.27392323581744,-45.47222874653194,-47.73709826761383,-47.78674479542879,-45.21028157016886,-47.833497221318325,-44.19386325241881,-41.722435793791036,-40.63845169809412,-37.933966881880814,-35.418560849962944,-33.77490311280637
-11.492503825286109,-11.46204449168583,-11.509912922039286,-13.363421603700617,-14.746722051600921,-14.95358443060266,-13.801821159291094,-13.825105408371165,-13.222259098374467,-12.884727253962124,-14.705231049189974,-13.545007275145835,-16.21647899226567,-17.14673395913488,-20.539279422114145,-20.242517467142473,-13.160392286149687,-18.83181380512082,-18.97624561818929,-16.86577735809172,-12.35016604458611,-22.573265186826667,-17.35656669697276,-22.902258892041086,-25.083751219772694,-32.319971379808635,-34.98125445732567,-35.758048643768795,-39.59714011692569,-41.44237630040549,-42.36830843720187,-42.84891310190443,-42.817925853691534,-41.19474095419097,-47.04124319300645,-46.06206473336475,-45.56120927886485,-43.209339800374345,-42.70623760304173,-40.06782853319537,-36.71352448761621,-33.47297314642446
-11.679223268005904,-11.858811764303068,-12.397172923797923,-15.111799216919849,-14.894738729975597,-14.887142429686886,-15.259444892371365,-15.185500450632807,-15.187271747800835,-15.98818641447535,-15.674096462510288,-15.662575535815062,-9.098475989451016,-8.205529973250918,-7.157932519961051,-17.262023019606865,-19.10916388257858,-13.18258935191827,-22.821223743059242,-22.130656759862255,-20.877277761782103,-26.060203674699956,-28.499766808700308,-22.830464663466962,-24.12608638376661,-30.677840102950427,-34.80154497467378,-38.98987419591526,-37.642701204559664,-45.273849561886855,-42.831735018716756,-42.39294920211048,-41.210441821152,-45.85055047815929,-44.710507642551164,-47.19231189456542,-46.45449640259089,-39.30731837097271,-39.427527579322835,-39.839085171360246,-36.5929048480088,-37.09106670230284
-12.111369440818448,-11.984279685856858,-13.01854359866824,-11.269524024535333,-13.933406809994635,-16.095067680857024,-16.77662328873448,-16.238650314661704,-16.063110738334522,-16.59025990240688,-16.455327449357604,-15.599381345334386,-16.02244985141843,-14.299365647348807,-15.751886022002948,-15.913958370334349,-22.749326595894885,-20.48205266911414,-22.95353007082371,-23.598064731838022,-24.312234708250504,-21.1532459038956,-24.305242921768375,-27.46664220028732,-25.141416213058015,-25.45570304761872,-28.459415761316595,-34.8157402536819,-36.030506631930294,-37.70451557455252,-38.05212485245946,-41.58295723414642,-44.25217739288105,-42.13460704892193,-42.71572189613218,-44.99662400002751,-39.98262767139125,-45.401568390838115,-40.00693473017231,-37.605984351330065,-40.86787478205494,-33.3780719359261
-11.024205610843994,-11.591071114156364,-11.080495938375094,-10.873505262219975,-13.842528732658852,-17.33193949221078,-17.641657792695618,-17.324410919294472,-16.80722061071887,-17.534993699751222,-17.349067310460875,-18.027703987842653,-20.173720029016657,-19.02670525019652,-20.893571537836344,-20.04620858153581,-22.14891163676713,-25.51649092952588,-22.317326873537123,-27.40824985758563,-26.83161255485439,-21.389892734223668,-23.63147419188732,-26.644105729198323,-30.589731068136608,-31.917559494556258,-33.89873169468596,-34.79822467320305,-39.11729894092152,-41.3829710864849,-43.222360284735444,-42.737511411926064,-43.63463956796131,-44.4501414314383,-45.24645423626042,-41.94537289811022,-43.310274667540256,-42.2175497022416,-38.68537774359068,-43.77411208702749,-39.572250893515836,-36.67736372632591
-12.980699178378835,-13.259582885087564,-12.311132384231655,-12.45489594481478,-13.676518632631623,-10.91528366107434,-13.015546511524061,-17.691083718909717,-17.676686131371323,-18.090784402606605,-19.051018481274358,-20.624710533119412,-19.429158433430437,-20.900214557124603,-19.37781237529414,-22.333364049604846,-22.249549507332176,-25.28351921724726,-27.828853813819258,-23.41862837152172,-25.627080001959552,-26.68898690962042,-27.815897441480537,-30.062217757883435,-29.91767035333509,-33.856182600524946,-37.61117521144068,-40.845243246893816,-41.25449207062623,-41.67783316634795,-45.03308874162507,-42.72541265601403,-42.36582437281778,-47.96363010848352,-47.82929081402683,-43.9190704786771,-42.90469952165861,-42.33184439030185,-40.848613241994954,-41.785520775023684,-33.5541647142599,-35.19964617134332
-14.100654030530665,-13.487712113485133,-13.715331271229259,-13.862941669008647,-14.869058689412906,-14.481377174774126,-15.95661090451857,-14.44080260055621,-18.039454580008393,-19.563636909184446,-22.550340052162326,-21.450133366995896,-21.21948127636981,-22.40932499885186,-22.501709318067277,-21.28067369311692,-24.18245176288264,-26.94180966731814,-27.055513545138265,-27.13246169522325,-27.63792882341894,-29.28557163206275,-32.524486524102656,-34.04792257145152,-34.86094806411561,-34.76898340552054,-35.73659083810884,-38.46721784668432,-41.2135494977881,-40.710765552969704,-40.79045285089918,-45.818129456703076,-48.09892302304333,-46.61522332364227,-42.85251469162678,-40.271354053135326,-43.5400569820102,-44.795285271936194,-42.27164355476978,-39.494653430673964,-42.47937863312026,-39.888260410091014
-13.979740882859588,-14.748242028571784,-13.429288146719397,-14.373869895040432,-14.270406114790257,-13.948957015328531,-14.674367852539968,-15.420420919325203,-14.544166269444265,-17.489359412164568,-18.959161688672822,-21.165997263164193,-22.276563562729162,-23.41506402154138,-24.314401830997088,-26.159481860760412,-26.265007843648796,-25.771377794204056,-27.051022534526403,-29.478491615411386,-30.035328915595674,-32.9972556415792,-33.31659603688823,-34.46912584285079,-34.17681086661102,-34.69539554334992,-37.10216338624817,-34.50699955902089,-34.148312102838545,-35.024125903387116,-40.34973612417098,-40.43703875915843,-42.0451433874339,-44.11934695624957,-43.071803479402334,-43.59440210661109,-44.14945481405036,-44.790746141112606,-43.69280152334637,-38.36822446591361,-35.684757911846845,-38.52365606345013
-13.698197372200863,-14.390124354462216,-13.34458320282583,-12.408208807603735,-14.414746207180862,-14.67148533414052,-14.696642610512772,-16.56717989248726,-17.769261437748504,-19.01329941860726,-21.533526436142612,-21.96739254949971,-24.20983530980002,-25.51374194178777,-26.565942199054213,-28.417180906641047,-28.569001171091905,-27.336729161954004,-29.100711349987144,-30.615594045981187,-31.92928478027953,-32.34528521699029,-34.4207677312385,-35.590353706189546,-38.02631510398464,-38.53911379547776,-37.57925364774059,-33.309967385074955,-37.192997913312105,-41.73800090698509,-35.95791262309061,-39.01919056175152,-42.54487165145159,-41.58435242409418,-41.32901258644931,-41.36528495151371,-41.73488008784018,-42.846108810174286,-38.10170639738851,-35.85837816654934,-38.24971235482924,-40.67023370860422
-13.631444891938411,-13.908797581649418,-13.515655635241071,-14.026299997137418,-15.432406722483325,-15.167797086651328,-14.83819547115585,-16.687499046656974,-19.660567748286,-20.728215478620676,-18.63248234451863,-22.149585316997992,-27.23807825869424,-28.219396416884596,-28.890440246448424,-26.41379633806069,-27.408453613313704,-27.341220285366955,-28.940770687596217,-28.56678633747245,-30.429185341617774,-33.13618646620532,-36.50776902278106,-37.61751418237647,-36.320887292281036,-33.33808386512492,-37.19218660801079,-37.07296069471146,-38.380670790336204,-34.85179811101255,-34.88009754475312,-39.35970216679907,-41.539372406535335,-39.79192442464646,-40.40188632760882,-43.44533096914115,-42.549783066340844,-39.47493559190268,-36.289802087756996,-35.893307411345795,-40.14368443829162,-38.90572642604396
-15.693196139894404,-15.39706111579638,-14.142563730714059,-14.092601881425466,-16.27716134890209,-16.4103147191791,-16.18196775776207,-18.10068017207403,-16.956450136641212,-15.714968448256739,-22.9774112486199,-24.153694268071845,-23.767634855698113,-29.077375527045273,-25.473598694796806,-26.078982062760932,-26.983829616015232,-28.019298431652665,-28.19344110517602,-27.38631918499648,-30.036046222100058,-31.63274545632556,-34.466441545284866,-34.347485259913604,-33.3235783135326,-34.07220394411681,-36.45687808638249,-36.20237572192777,-37.90572432903888,-38.46418454924736,-37.70934696039453,-37.9771407864098,-38.233813805467435,-39.47535327710729,-39.34798495256681,-41.31533240616436,-40.53193793492481,-36.414566376893845,-37.73596105835427,-40.53058157699057,-41.53122781304691,-39.150629900499844
-14.947052898089282,-13.489540678354388,-15.00906769045684,-13.448315278036718,-15.273422312659562,-17.027933720295792,-16.905062399442937,-16.418128092829438,-16.523314182497174,-13.26568666002646,-12.319181547172558,-22.90399436545752,-27.029582404587927,-21.905394934053753,-26.274093725205915,-28.494574540011584,-27.35372706945013,-26.024924160915468,-27.39567273093895,-26.623448786516406,-28.882280235145778,-31.055032029148727,-32.3283099351865,-30.614765831558515,-32.633602905647905,-35.09557721456986,-36.81247229432839,-35.568483116291915,-36.51725894599921,-39.02866491627489,-36.80197889433497,-37.08143302980645,-40.07603619386667,-41.50185925293316,-41.780783841935886,-42.47193867208986,-39.23245676575601,-35.23218906930253,-38.5893859287842,-40.461937450976606,-37.40056075403045,-36.741310201012716
