public/json/wind_2018-09-1600_925.json
{"header": { "discipline": 10, "disciplineName": "Oceanographic_products", "center": 0, "centerName": "Ocean Modeling and Observation Laboratory", "refTime": "2018-09-16T00:00:00.000Z", "significanceOfRT": 0, "significanceOfRTName": "Analysis", "parameterCategory": 0, "parameterCategoryName": "Currents", "parameterNumber": 3, "parameterNumberName": "V-component_of_wind", "parameterUnit": "m.s-1", "forecastTime": 0, "surface1Type": 160, "surface1TypeName": "Depth below sea level", "surface1Value": 15, "numberPoints": 4800, "shape": 0, "shapeName": "Earth spherical with radius = 6,367,470 m", "scanMode": 0, "nx": 80, "ny": 60, "lo1": 109.0, "la1": 20.0, "lo2": 116.89999999999955, "la2": 14.520000000000117, "dx": 0.09999999999999432, "dy": -0.10000000000000142 }, "data":
[rows 0 to 19 of 60, columns 0 to 44 of 80]
null,null,null,null,null,null,null,null,null,null,null,null,null,null,null,null,null,null,null,null,null,null,null,null,null,null,null,null,null,null,null,null,null,null,null,null,null,null,null,null,null,null,null,null,null
null,null,null,null,null,null,null,null,null,null,null,null,null,null,null,null,null,null,null,null,null,null,null,null,null,null,null,null,null,null,null,null,null,null,null,null,null,null,null,null,null,null,null,null,null
-11.490540183927791,-11.3126746555388,-11.201759902463396,-11.079852705148417,-11.434325584983796,-13.124653689268674,-16.594246155355567,-17.80242288637862,-15.183010817216754,-15.231306918849318,-14.805097321342647,-12.48452248324246,-11.194035196046022,-10.889423849343952,-11.177802209139879,-11.365260152233587,-11.558767063040786,-10.73933571640637,-10.650911701998947,-10.079198410442121,-10.879888610994529,-10.53068052046481,-12.947686650439518,-14.092613476612087,-13.95363905380736,-14.371614185655499,-15.60511765764442,-16.762931100900314,-17.621466875798852,-17.894519749957492,-18.1409139894127,-18.417425812753805,-19.033382417604564,-19.889808274409855,-20.28697188362724,-20.445426785132923,-22.063271595905277,-23.29852527311739,-23.755434211289266,-23.923458092644903,-24.183840841823535,-23.743185526188086,-23.459359697765372,-23.627692136017362,-23.60167414832458
-11.564029031351495,-11.639250430545424,-11.05884658255109,-11.498990653636866,-12.05532389269986,-13.775742290728116,-17.42564655825288,-17.600192848909504,-13.804200308490568,-15.60698282829218,-14.065283735545343,-12.97341074658847,-11.956040881096472,-11.806940656718574,-12.969839630269078,-11.990551558676668,-10.85670315797393,-10.307213537172105,-10.105240437814592,-10.79212461822031,-8.87150897824517,-14.00433649578511,-8.55384125009373,-10.56624022594383,-10.619943494892564,-12.76608838494223,-14.869768594180428,-18.17378088498194,-18.180690720894038,-19.60616296702404,-17.82063544107725,-18.93398339600722,-19.130628160259967,-20.060464893627653,-20.26624470553934,-19.991947403589894,-21.969603549381908,-22.114373602775707,-22.52160594588077,-23.390824126199156,-23.42289008903466,-22.63697271558914,-21.814175113157354,-21.92582344340064,-23.06221341538975
-11.386877179962255,-11.772440528257752,-11.18049967560897,-11.994825607613606,-12.590982719760252,-13.751389911568575,-17.294589434147195,-16.389802689815756,-15.200463886800122,-15.411460094541235,-15.70682805463236,-15.007907801840634,-13.74200319067053,-13.498500224079832,-13.707731242659364,-13.05391207255431,-11.305648076868465,-10.90730930276495,-10.849994566664362,-10.882707035165911,-10.82426667541574,-11.153812069359574,-13.996461190637973,-11.330346089200965,-11.120373045208687,-12.486700614565809,-15.835619439717036,-17.818092834337914,-17.983922761593465,-18.57820239139299,-17.924692537909788,-19.026689305055328,-19.549585784736884,-20.43814376836147,-20.73851321689617,-21.776701237063662,-23.140909038792632,-23.677235835422895,-24.072610648057854,-25.727249659375786,-26.381391129384042,-26.396046124414923,-25.136682143611335,-23.654745563110925,-25.719607806994826
-11.333862911276258,-11.542698144019466,-11.811288726407245,-12.299974634949033,-13.355147432090222,-14.187011279336875,-16.688635177649097,-17.16776544926742,-16.059660600180877,-17.105843049412183,-17.16946076262642,-16.6268290847007,-15.09577094881464,-14.464263128185522,-13.793420464172536,-13.155102600707833,-12.055984507371178,-11.43007062870364,-10.821192586440949,-11.033111578703881,-12.198644911881976,-13.513409362288712,-14.669806388966737,-13.76634430915226,-13.213832660253866,-13.417956333671231,-17.253301151762614,-18.150541726859704,-18.96965836356597,-18.47876756338382,-18.585088206820142,-19.040348492171333,-20.040328912630883,-21.307178111222,-22.18476310168829,-23.440253101358262,-24.456189374362783,-24.191742761704894,-25.879041169528364,-27.949946889105483,-29.019580566515693,-27.828998420355134,-28.0020997103075,-26.676236801059122,-28.129547171841896
-11.853209758099558,-11.530109295519733,-12.128425579119698,-12.751604554847821,-13.808996412612865,-15.363050794752619,-16.569515923819207,-18.28006940422046,-17.042831447188227,-17.151142035842067,-16.823084962953175,-16.493506365378018,-15.536588801574485,-15.058027184092406,-14.21364427747723,-13.586529115031304,-12.294285052461422,-10.982406414685466,-10.892636354011149,-10.672280209610843,-13.279798640740943,-15.067478843198606,-16.46739133153809,-15.587430823395556,-15.153135709670359,-15.695467257166857,-18.43554591824358,-18.694790358016405,-18.5020568306627,-18.799921788796013,-19.457637196451678,-20.15005018315877,-21.199864352577894,-22.09931246188939,-23.815828800938828,-25.22797279867968,-25.49254495908757,-25.48799256144181,-26.76260330672984,-28.537259504546068,-29.17026121345711,-29.846172846684805,-29.026445516234627,-27.34445723818019,-29.859100261994385
-12.741196420545204,-12.294764828393577,-12.371777813480792,-13.651561024993526,-14.64110400228574,-15.50332079505591,-16.789408433185063,-17.92614347158908,-17.683106915484124,-16.617343091419436,-16.016611664036443,-15.877411295978483,-14.992032951569485,-15.186730065865099,-14.673447190303555,-13.86423952049586,-11.617197382594735,-10.777843340645287,-10.964611451117992,-11.103138692388828,-13.61557588363766,-15.325836108699146,-17.68600730065873,-17.25558492280199,-16.88589806578548,-18.025572538725747,-19.181403805038435,-18.9114138255071,-19.315764981874118,-19.891812152227526,-20.1993206867999,-21.352252958524783,-21.802151657043037,-23.12579299996219,-24.79492707076057,-26.60903933994202,-26.937318574432844,-26.7530480958466,-27.905881773229037,-30.199079683852595,-31.40154252836897,-31.400369248709048,-30.753621770085378,-29.610604916953655,-30.9132262483253
-13.545545939537984,-12.814450694949423,-13.706977225558886,-14.80086181816853,-15.2286995558516,-15.949094957253445,-17.195606091124528,-17.529266743709456,-17.781050494192655,-16.24573249472383,-15.540833384336516,-15.834149931036858,-15.277716265863345,-14.782334272352223,-15.043486483007625,-13.63281589707466,-12.724855305796755,-11.414185733145265,-10.678945117695006,-11.453633764203401,-13.719745783034462,-15.907647619185775,-18.982646391820957,-18.57720383642809,-19.026776517279714,-19.304730648804142,-19.13195658924359,-19.65110893796725,-20.484504392518854,-20.641983537135886,-21.144851859123293,-22.163798174892165,-22.950274726634884,-24.34930651789256,-26.0243101277814,-27.677149387323823,-28.06987002623998,-27.770301504405943,-29.745576458809417,-31.13970781957874,-33.16106465629832,-32.57957901597502,-30.917907632839295,-31.79972104035789,-32.24088596501144
-14.53797709495083,-14.267259262318339,-14.709891878530794,-15.319619418543137,-15.983885424995378,-16.171577789554043,-17.83374220727844,-17.611244725415958,-17.93891475107037,-16.589601975960054,-15.714701533125744,-15.872424250917952,-15.980327998561616,-15.624246010169612,-15.953982393705996,-15.185835257212126,-12.888696748402388,-12.146514672922098,-10.552654723855081,-10.843681930958521,-13.014648893077432,-16.84774162691217,-19.37930147078031,-20.221565865947117,-20.55504623521101,-19.89320511719616,-19.962094021580132,-20.632226447001045,-21.169042920911707,-21.408671878052864,-22.0675949380479,-23.834887978296805,-24.699008638537578,-25.09173818154784,-26.335276629134164,-27.678064645620154,-28.511890680128385,-29.487978481179198,-30.480860780438878,-31.721925486049905,-33.56330744250043,-33.89368320949792,-30.585920550057548,-32.10743886971954,-34.84867150297316
-15.067474152042667,-15.640722062999787,-15.363670382255638,-15.942764808404547,-16.45675985547101,-16.807015494374355,-17.86979900249343,-17.7193698385885,-17.785561044547975,-16.763163556172014,-15.794234459721501,-15.866976634228601,-16.47159812083529,-15.776664442815635,-17.01385797419374,-16.0457027404704,-14.884583336505818,-12.73743065817407,-10.49706999239168,-10.091348269351936,-13.552995301746487,-18.1042380614509,-19.73532883745309,-20.80858676013847,-21.08456967303013,-20.981561293896092,-20.941187520368572,-20.996157708857034,-21.609932637387967,-22.25530090470543,-23.223943523710457,-24.722641224072095,-25.310372186131175,-25.291640435577186,-26.44305798662452,-28.226774925727693,-29.162537096628952,-28.948597812825746,-30.320620837090637,-32.69746373352589,-34.17020505322417,-34.67856678116145,-33.13630092315694,-32.254314383076974,-33.58089060365769
-16.067684134302915,-16.80096179750919,-16.402586246443164,-16.41855920232191,-17.051204322460173,-17.443015691282124,-18.083490825103997,-18.112950067295554,-17.26510993839768,-16.53331157003349,-15.663213958540197,-15.639002369004194,-15.923855689784112,-16.706626353130613,-17.86218901719634,-18.4113448277337,-16.20605839103388,-12.973513580647614,-10.788763966765163,-8.935266293986238,-13.048753101693922,-18.65238871858643,-19.65057277168915,-21.157358544699324,-21.759146787650216,-21.953945462209397,-21.59656809136171,-21.53968644491245,-22.485138194319184,-23.23173059254386,-24.3251187887776,-25.893460324092114,-26.49912753557276,-26.04675234731847,-27.037894059170753,-28.542929778659627,-28.552385560732333,-28.95600204708607,-29.836765546873103,-32.07442940135921,-35.50760683820109,-29.0646225442418,-33.75627641146753,-30.948430265823724,-31.652504825063353
-16.81228055391369,-18.17874523511778,-17.73519877095218,-17.514128724807897,-17.507706680026406,-18.196653080873585,-18.680970098861923,-18.630845733735836,-17.524181989167282,-16.855309408153577,-15.69037520536131,-15.068820121248029,-15.049290473108108,-16.51600581711491,-17.946423423766824,-19.06157944755617,-18.869521363281564,-14.208939876820528,-10.195432344578407,-9.760838875803016,-9.82692358658649,-18.632137612360395,-19.02243854997839,-21.23167316311038,-22.18734801677149,-22.892299732932347,-22.54469453676751,-22.62298235557545,-23.799956017114532,-24.169087282653265,-25.640661593162715,-26.942777821908624,-27.25769855868281,-27.228228456714927,-27.554324342999635,-27.91870489213339,-28.84630701060347,-29.131691496285622,-30.01311204872837,-30.45857722102768,-30.620787922749287,-34.8318543647672,-30.009739114006805,-30.91088285196656,-32.214292511877595
-16.722381901525573,-19.092704685329878,-19.374171618397156,-18.556939989711456,-17.929717853442934,-18.975326500709972,-19.71026272071028,-19.016810051407287,-18.147687714960036,-17.41509010272425,-16.309349469038104,-15.225808154810508,-14.972259568719952,-16.249024278167504,-17.709089394809368,-19.164386568773875,-20.057020685300817,-17.044030712476435,-12.397130180208014,-10.174163735858901,-10.23846805808091,-18.65748488883423,-19.301381870148,-20.9727320146037,-22.765365062361468,-23.50094097169376,-23.38540793967248,-23.622229137449622,-24.699116485488357,-25.423309067298188,-26.613590009105515,-27.72948430539157,-28.19979573988343,-27.708100463459484,-27.617650018615052,-28.236272626522236,-28.942584571499026,-28.73883792551252,-29.903959128396988,-30.292999987051108,-29.65822365725291,-32.91164218905787,-31.88456225792032,-29.360050288655113,-33.40976531585496
-14.812946081736296,-18.817856016578197,-20.38965757275198,-19.234187502560708,-18.59669668832178,-19.205760851275418,-20.071778339796325,-19.258765712426268,-18.73225956046378,-17.888948058447554,-16.63337035382247,-15.355178958072747,-15.129592927285913,-16.065414536937993,-17.307052937603512,-18.417528177298127,-19.22778864603634,-18.733362808029582,-12.77887111531351,-9.68778874363791,-10.491424004842091,-19.078813669722184,-20.522679327333705,-20.874495939611805,-23.562752321762183,-24.130810154251954,-24.60360876533605,-24.79329558925926,-25.251704100267606,-25.850187023030205,-26.875063984923003,-28.320983425311667,-29.213223089308883,-28.185473966052793,-27.918005970594432,-28.806803685036584,-29.412843767868033,-29.11734105137058,-30.169694144229098,-27.954824507888137,-29.827509323294255,-32.10792022534002,-32.3961026362398,-31.709661657485917,-31.718986022126476
-14.138659047361365,-18.30037214744317,-20.02930695991599,-19.97176271393286,-19.02934212667783,-19.084378104100942,-20.177490433801836,-19.708865545855836,-18.687462472953122,-17.654677963229744,-16.91786934007852,-16.044104031823853,-15.47485572657057,-16.148532978430186,-17.30571693457296,-17.965743952393975,-18.048769578758115,-18.171118621954907,-16.7401304526912,-9.792179969918303,-8.14889325580109,-19.06122627921617,-19.69970928989578,-21.215782089257473,-23.78475028503424,-25.322060715642884,-25.14298191869822,-26.29591116412848,-25.499396711674667,-26.155052948750996,-26.56461331585652,-27.959216639917667,-29.67327350827117,-28.573613711572047,-28.683864774483325,-29.400958929332646,-29.91420902119807,-29.665516025121494,-30.138013105770966,-28.573402683243255,-28.434225491488753,-29.869579760424326,-33.680076379398955,-30.16142301682404,-29.908553318844636
-14.423136664477791,-17.1489267362809,-19.628861299608666,-20.006691386678156,-19.839892250390093,-19.549450561485088,-20.01130486062526,-20.17074246664781,-18.783924810768536,-18.05663226908087,-17.271163865701634,-17.02864245178011,-16.622457034329187,-17.012616681341672,-17.20085778843715,-18.029793005215005,-18.339766513690073,-18.465213376019516,-17.651126000018174,-14.572730452870882,-6.178278029116926,-15.18503670521887,-19.62837564802647,-20.776697916842103,-23.06761817545338,-25.622621958076724,-25.567505706863287,-23.900447441477912,-25.465532888259645,-25.787322626953994,-26.860734239812075,-28.744968855390958,-30.53831062177089,-29.775347702585613,-28.9266179004265,-29.362545247523922,-29.13088654850665,-29.847171658332243,-29.157566209750552,-26.91845888231553,-30.60080297998551,-30.56059251596774,-30.203666139368796,-28.52718437257628,-30.756703660766238
-15.827129822327198,-16.418548359523843,-18.945139750051606,-20.604659308827085,-20.245863238603754,-19.540780815245558,-20.20144644244261,-20.536638704792814,-19.275018527419654,-18.98936732632366,-18.720449170534554,-18.96837054079358,-18.04765658560831,-17.97866729790796,-17.71299981616287,-18.27295712705822,-18.0949878663817,-18.130967449973852,-17.990915089105822,-16.766363372841873,-12.120757322038056,-10.068764074803287,-19.68156437742401,-20.805742882082065,-21.340900949344054,-26.41678436688222,-26.415793079810282,-25.514289238682583,-25.240562664759523,-25.047617311822815,-26.123266189423013,-28.348825908957657,-29.674353967432566,-27.35844406459265,-30.013750799541768,-29.742340792198615,-29.82814856583345,-30.007186272912445,-29.362571228445454,-28.971236330244203,-30.788914684879828,-29.951266898623434,-28.954334605697888,-30.615325968443805,-29.19071815116721
-16.95493813990717,-16.946871956102207,-17.28351242065242,-19.917736886798235,-20.365892252538394,-19.544509875622346,-19.16308635286033,-20.23453713730594,-19.740887350131647,-20.031910109643118,-19.42568154195406,-19.457551820276073,-18.44508396549756,-18.752151649144324,-18.87139877383653,-18.38920434837229,-18.317221371706232,-17.95349881682998,-17.733341572020596,-17.06471296819207,-15.918964433801339,-13.598284760392783,-21.556525229330187,-21.56285107339793,-10.242072549603636,-19.688631665914812,-25.830667594382824,-25.440352717239016,-24.07656693461853,-24.399602579858758,-25.872834921533467,-27.018943029711,-28.66645225557848,-31.039229168075437,-31.519564627179562,-30.392995039717498,-29.801168647167085,-30.49729862828302,-31.46651291170142,-23.227926457741244,-31.653677233947636,-30.24974232798243,-28.875522778958402,-28.81509651931642,-25.501182499150666
-17.9317225718638,-18.061651995716087,-17.913738066466287,-18.720830210555818,-20.41758494764373,-20.410451005940647,-19.281219850799676,-18.039428583309853,-19.434562104162715,-20.345201419601345,-19.230301907839408,-19.66039952740148,-19.756751847386496,-18.6054279903522,-19.254179393496248,-18.246905859371502,-18.65305021431736,-17.357758801854587,-17.83400874679875,-18.113117828620307,-18.10341689895624,null,null,-19.22028691809269,-21.032621716808833,-21.41363476024449,-23.843113479157054,-25.836735701857656,-25.414786493003927,-25.26985246235889,-21.62332617386156,-27.620460550781093,-29.90188044763855,-31.589491417379882,-31.940184386357355,-32.040515142367674,-29.390927136370962,-27.30216154873368,-30.016135567561463,-28.8617445419738,-29.694555904231628,-29.72865951345255,-28.170486526005565,-27.713335805167755,-25.68149520947648
