public/json/wind_2018-09-1609_925.json
{"header": { "discipline": 10, "disciplineName": "Oceanographic_products", "center": 0, "centerName": "Ocean Modeling and Observation Laboratory", "refTime": "2018-09-16T09:00:00.000Z", "significanceOfRT": 0, "significanceOfRTName": "Analysis", "parameterCategory": 0, "parameterCategoryName": "Currents", "parameterNumber": 3, "parameterNumberName": "V-component_of_wind", "parameterUnit": "m.s-1", "forecastTime": 0, "surface1Type": 160, "surface1TypeName": "Depth below sea level", "surface1Value": 15, "numberPoints": 4800, "shape": 0, "shapeName": "Earth spherical with radius = 6,367,470 m", "scanMode": 0, "nx": 80, "ny": 60, "lo1": 109.0, "la1": 20.0, "lo2": 116.89999999999955, "la2": 14.520000000000117, "dx": 0.09999999999999432, "dy": -0.10000000000000142 }, "data":
[rows 0 to 19 of 60, columns 0 to 45 of 80]
null,null,null,null,null,null,null,null,null,null,null,null,null,null,null,null,null,null,null,null,null,null,null,null,null,null,null,null,null,null,null,null,null,null,null,null,null,null,null,null,null,null,null,null,null,null
null,null,null,null,null,null,null,null,null,null,null,null,null,null,null,null,null,null,null,null,null,null,null,null,null,null,null,null,null,null,null,null,null,null,null,null,null,null,null,null,null,null,null,null,null,null
-14.882051288735818,-13.29186803715195,-15.38480956016691,-15.969853318289234,-14.325344258919328,-13.102755704405565,-12.705143893968668,-10.01577334033811,-12.695567387403173,-11.505682903294732,-11.515474628804647,-12.678994479143784,-13.659872600773253,-12.658437898189147,-13.333540860479676,-13.346699186506601,-12.467741204538886,-11.776227585322895,-11.238492110663096,-10.878950207815006,-10.146168731943979,-9.947142190420447,-9.212850368820266,-8.31532685267493,-6.430820633798704,-3.59045698463913,-0.6494065302563781,0.5027798644505321,1.8439547689995754,2.8193272328886954,4.310503979984688,6.947065833205475,9.599225086261029,11.28603495144741,12.160128301229992,13.003475803543967,14.789676059981693,16.772872474040422,17.775547245760453,17.840407338317714,18.757716242683106,20.313446190069303,21.520967063510412,22.472746062908847,23.129287064750656,23.85430395690528
-16.079056105935777,-16.429439189279016,-18.15776261435655,-17.234108585582604,-16.586823369050073,-15.598599516062054,-14.74605052206808,-13.79192936315658,-12.780925999309463,-13.771206388048247,-14.348817065887534,-14.35727931577711,-15.145960252130042,-14.353453841606672,-15.047067379198786,-15.201221723136285,-14.47451232822307,-13.389799880794428,-11.130744630065596,-11.419493184950138,-11.670856193699379,-9.546095472408098,-8.216704407690766,-6.81466935630756,-4.4358652814460795,-3.281451010151194,-4.010322302065711,0.7552975555192082,3.112514897587785,4.233689880659614,5.01357539214625,9.196908304684996,9.97738853046734,11.240067367270067,14.91041338444796,14.49684446028129,16.397806743737675,17.67449963119796,20.6541133766687,21.673309978216636,22.44412280683785,22.112083284525912,22.122234529228443,22.85859768408134,24.024863673695126,24.86287307638461
-17.341622621208252,-18.68541400691231,-19.31625817457065,-18.870870499884067,-18.695051995285603,-18.0356389195667,-16.92914016691735,-15.989621714438755,-15.53487093949108,-17.361297131039528,-17.218850234922147,-16.260805478696255,-15.953738300669505,-16.943166487848295,-18.125429916808045,-17.751887942335735,-17.033876066825343,-15.359809906449167,-14.781811439051967,-13.888369463665397,-13.207923325321625,-12.875090030926074,-11.458247230274331,-9.97019905210238,-7.565759459865525,-6.089409452455282,-5.795587156910859,-2.8996056759311957,1.7037087750697215,3.6963273041816236,3.3176628583254386,5.038007139043262,6.095103400810949,9.154589953729385,10.61123978235397,12.59516079820305,15.668004984844588,17.385960249594405,20.578845756389804,22.078972221305612,25.69899689860638,25.590022332580954,25.44240566084771,25.313715767513415,25.2109961860229,25.55481355807383
-18.474293776392386,-19.4314271369759,-20.03361470217181,-20.110408226230604,-19.94504806367056,-20.029069213253507,-18.68301500181459,-17.208145696455166,-17.68661898585105,-17.857005213200253,-17.95837370585247,-18.392575251489042,-18.29283283460677,-18.807922400519285,-18.436271278739955,-18.631975000755286,-18.34539446743463,-17.245011050886426,-16.001741821666517,-14.670110464021505,-14.566278340703098,-14.732695142346758,-14.359901636333616,-12.20629495845881,-10.280761427190004,-8.09897643771529,-6.491985690723792,-6.9507661790222395,-3.514354984280428,0.4405434163168447,-0.33266811878293717,1.1954575834471906,3.604076377850979,2.277101746338685,3.8324445730880545,8.740092063705289,11.73559518777458,12.526826999266618,13.012338627524997,16.194199062233984,21.273907078213377,27.59637498199892,28.05830911726961,27.404065557152382,27.692418160022026,27.798401336588753
-19.295874101862466,-19.985243566949887,-20.469753429708035,-20.73951150029541,-20.82630156570052,-20.55099265026503,-19.794767853891454,-17.751490918011747,-18.34807644578672,-19.11219115278146,-20.0937998434002,-19.943499444701644,-19.830194101944137,-20.26574539618234,-20.123705136398797,-19.429228309893958,-18.57299750137023,-16.284142965085387,-16.013941770345774,-16.195087388682985,-16.79336100136807,-16.037972088440092,-16.018048421650406,-13.245526964775028,-11.415172056686007,-9.804930486681116,-8.257141012662446,-7.287099071548328,-4.7659667101823535,-3.897105142844072,-2.4505575419576693,-1.4014024826735378,0.41961594671385016,0.4143797750367082,3.0541768347609275,4.847211952938842,10.437551540951926,13.65429996511177,15.95178215023507,16.216217444699204,21.476473725634307,23.691114972872583,32.112834843931196,29.378040265463888,29.10124773258483,29.329818544713827
-19.704639995185055,-20.76882599383292,-21.190836415258534,-22.018001443531073,-21.6611887231176,-21.152282454363654,-20.605447346210674,-19.23793944405757,-19.11015069585512,-19.784286109050633,-21.010581437519082,-21.566151158608513,-21.575092991956623,-20.39904679449686,-19.5125065611664,-19.590479490104798,-19.20175669771439,-16.69452207781435,-17.932693885073295,-16.046792230723593,-17.861333599520414,-18.664983136324054,-17.536236679955323,-14.435681164040844,-12.410333844904434,-10.88434750394929,-11.48170180179774,-9.78088361531649,-6.298360555278466,-3.8029210615104305,-2.6709060336911015,-1.8661066584777406,-0.5764988649272147,1.3160456855710854,2.012177890262717,3.8843014238753035,6.237977296603324,10.155955023416205,12.14884214556133,19.26633948425598,17.705676432665943,23.768217598679602,24.490548065141354,30.57934400469987,31.05714267482636,31.068880556945338
-20.551610995434245,-21.574639356764862,-21.838777127535863,-22.605090973794084,-22.879390951198985,-22.402538587656593,-21.171317902270026,-19.939284040510245,-20.441130955344875,-20.934763497079103,-21.763133499408873,-22.92228450269778,-23.556830983997397,-22.808105857179886,-21.622610121185684,-22.42873288016126,-19.30460957327002,-20.114369271341236,-16.724921629034878,-18.38762703690935,-19.9237705876838,-20.47930860277335,-20.359557350259728,-17.31994390627416,-15.487799435371045,-15.059319430807946,-13.193976135133068,-11.78423488701646,-9.596088807456836,-7.846295907683699,-6.490695112049467,-5.5399704401769885,-2.2584633094124413,0.2635564515023438,1.7551615824586153,3.786853755093019,6.1417234246537875,10.417140250257981,11.813084312137274,10.42140551951459,17.785733824015953,20.82017892316491,32.10579071486291,28.84979924041473,33.47985516479617,33.09685779630706
-21.74102592119347,-21.86186255399437,-22.225802994600663,-22.82407394969545,-23.70969173749851,-22.981683067360663,-21.868916499023044,-21.089771462806095,-21.929598794117993,-22.10138607167561,-22.50585332367206,-23.461248838509547,-23.42914293309638,-23.708564879319663,-23.440199189890862,-22.143128097011623,-21.177079817342722,-21.013694438498185,-19.9918638088468,-21.792832654774713,-22.031135110603984,-21.28032415203878,-20.355566384406593,-21.011527757469104,-18.100310610872903,-18.40285839244081,-16.81361768360287,-15.358747119665043,-13.073817686132928,-11.229237465713888,-9.222877607628549,-7.188914148812763,-5.222140961059407,-1.4860816006186202,2.9504064586140255,4.185773208565984,7.4016794879218,9.58120214356682,12.324484661064389,14.882163395928341,15.188921196103234,17.63857172892212,19.11645562751528,27.565519622183466,33.16293456926666,35.54371230765498
-22.83110623620067,-22.85521649655337,-22.53030304472273,-23.495334464725506,-24.959860206798307,-24.213227881167935,-22.897771915104123,-22.10588245495626,-21.645810037845003,-22.731027298916754,-22.957618359759778,-23.372364373582943,-23.084731820584967,-24.97157617412133,-25.212533597574993,-23.402857697392783,-24.301262442931193,-23.962103012716554,-24.09550007242308,-24.1143631405344,-22.92012974426629,-21.911055190712247,-21.088516004463955,-20.199805477262576,-19.241288128031528,-19.155942588272055,-17.115052721100124,-18.6376754827003,-17.29249033120775,-14.94034477260628,-13.948545388480778,-9.907232310238262,-5.736488265046353,-3.3483984009058996,-0.18035428297869083,3.632671860943034,6.758562542854267,11.214086028705005,13.267751371047725,15.881332794511032,16.94204421754945,17.510895371512753,21.33277574259887,25.636520336293117,32.0632333700348,38.71921213733119
-23.386664129722657,-23.097968812133917,-23.01547003370692,-23.457687346250506,-25.72832271357753,-25.054125033613374,-24.10077037006534,-23.056861020907903,-22.546111413649637,-22.281754790803003,-23.101084302311275,-23.219345719468855,-24.600207759347935,-25.743603274785613,-25.99764956617555,-25.852120727300058,-25.273130906690888,-25.494585917674943,-25.739693076939314,-24.97986835949708,-24.483254594218568,-23.16795882909432,-23.17342554491849,-20.97675425737972,-19.98144451530642,-19.52012864328654,-20.591221762512678,-18.66790786958658,-17.64099353389829,-16.857336485529295,-15.332173077100096,-12.734408512430843,-10.003935618819298,-6.440644632813243,-2.8025357507018613,0.14120451703620462,5.745146221197112,11.137956665596285,13.99440389090999,14.356765879714018,16.69295232804969,19.16437956228155,21.61155367710024,22.49866527394062,30.850128226792826,39.54143346330554
-24.02249349459803,-23.855877670891093,-23.50024023907253,-24.58998284844737,-26.22544835792554,-25.796308125126668,-24.713235109522603,-24.000475064643727,-23.374751772068407,-22.94961519411728,-23.669850392732226,-23.804798706160472,-24.524625156602966,-25.92644102002031,-26.90684970768781,-26.601855638405162,-26.066009376425136,-26.07636977289357,-26.129492024046428,-26.390879149879545,-25.282803644126023,-25.545258575454024,-24.830824894407012,-21.895759070452613,-23.24508917631327,-21.443061670194815,-19.655227660127455,-20.264405762092377,-19.748181599534668,-19.037004593581393,-18.889247357742942,-17.108411068736025,-15.415226945529438,-13.34654149937857,-9.237536078465096,-4.557276609194428,2.6622848544967543,10.022598277749422,14.433010154096063,16.27222210193224,17.667617775899554,20.293947248783837,20.98176318890621,19.598965931740143,36.39182713341502,39.06673618140238
-24.21248841217739,-23.804998870679587,-24.67450005657003,-26.09699901718168,-26.852789050821144,-26.88945689492196,-25.550892134670157,-24.769050071875846,-24.6258681416295,-24.627426556971436,-24.36027946824769,-25.939271479962542,-27.910815281442332,-27.54016710741289,-28.30097667328506,-26.69182198013221,-26.929502615754505,-26.680706144968095,-26.970500914298654,-27.07877930538965,-26.729521768345887,-27.762444226263803,-24.76539798264274,-25.616172384456448,-22.395845280030834,-23.686076263919276,-22.51883032319856,-16.836515735007456,-20.115252492151964,-22.66600068394511,-25.311176199603864,-25.757517555017515,-22.004679025260856,-16.887207718607435,-9.972445374729586,0.24335961875010434,6.69619660361305,12.725633340512259,14.816953370757636,16.01250826908244,17.662016332395847,19.673128137265536,20.97558937318179,23.321100739644514,31.66167693248065,37.92329177552093
-24.288496556539403,-24.20938829849716,-25.41028818809101,-26.223719559298434,-27.18100470759524,-26.80898118283509,-26.041414161360983,-24.940908743003302,-25.111770903280775,-25.527639907743584,-26.43757321761064,-26.67933024743826,-28.495617925578742,-28.338635905668237,-29.096818760637348,-28.33237926424842,-28.575135804228065,-28.39023511247567,-27.614329492598692,-27.728034998250585,-28.479113162694173,-29.41885525586319,-28.463880312385136,-26.214665461092835,-27.770447734750817,-20.42452753552828,-16.009517273645898,-24.58830876235472,-26.816044557161934,-26.743863482446592,-28.408340112142294,-25.98754176731826,-23.85207872521993,-13.459915602282765,-4.4773478482310765,0.5562233513615708,7.174843073760328,13.187489836875372,15.293470090339547,16.466287425431094,17.42732783652912,18.104956204791858,22.56507121675319,25.827178027797913,31.14800332217127,34.551205238095505
-23.640971284661504,-25.266861148186578,-26.164153646048916,-27.551611503205933,-27.373589707776723,-26.988844967885512,-26.377397256016426,-25.64957428920905,-26.078296414812016,-26.060815835178367,-27.462022000204417,-27.690349025606732,-30.23329958220733,-30.765148319277856,-30.371519426756514,-30.444861749841124,-29.141332781941315,-29.597469546394137,-29.67794930108383,-29.883045139366626,-30.627457761186594,-27.125880200736407,-24.259275591355564,-27.12559960028997,-23.711064705124677,-19.613851470000196,-28.719599870701273,-32.07862968881693,-29.981068696909325,-30.172852690824953,-30.066636378452905,-25.228473525805132,-22.242251541518307,-10.909093549469329,-3.9974698936626565,0.10439861839619323,3.623118341227939,9.915790640854617,13.989172534044602,17.123576222248676,18.323404442583893,19.522420474365273,23.262188521828467,27.884782756305555,30.606870658366773,33.5451033819815
-22.476547711394964,-27.54999947692161,-28.08305782726924,-27.808409797565634,-28.181380652523178,-28.4152876204649,-27.266755920106032,-27.046169150823626,-25.544176901396273,-27.69966093298763,-29.011563615753158,-27.902418594478295,-32.14496292403667,-31.260528506368793,-30.185720823865314,-31.14611855984968,-31.80577333545125,-30.9870122874458,-31.59384081373363,-30.707847605733683,-30.169437696126955,-30.51823772267832,-28.62979913548057,-23.994104807758426,-29.53952971738207,-37.59378013641243,-36.46243281448487,-31.836277387223603,-33.73472791920328,-32.92192667699645,-31.005588101272224,-23.973736126667333,-21.919176320360314,-9.0938470456569,-4.936566867139618,-1.0274934097495565,4.085792304338027,8.157934008210868,10.496521722486388,13.261128570015583,15.581613631292626,18.69351533039595,23.766143812627277,28.05314009989646,31.416470826834804,32.41596372378726
-21.212834289329987,-28.382265011539864,-29.56836071109879,-29.25059549405682,-28.305990232318205,-28.5876374679246,-29.36462851533692,-28.264531831675725,-30.200030311064314,-30.993815756175657,-29.86092614207142,-28.219083987604044,-31.23574654319215,-32.60725457256525,-32.16486935498959,-32.77761076137794,-31.072073653436416,-32.9396809624464,-33.0736734240387,-32.63867528540646,-30.266536093669405,null,-34.62526919784536,-31.119303155821953,null,-37.36320158912663,-37.86066820495542,-38.48016462624642,-35.95007471659693,-35.21693503775283,-30.62402215395352,-27.114220420590616,-19.342294170251,-11.110718162678754,-1.2261549684154678,1.0988495487175163,4.143069659400633,6.980821940339933,11.24984553962092,12.992172785696619,15.429534225670574,17.93701204451553,23.425765282202637,28.593425301984936,33.10938739631558,35.00152208462449
-20.737466107348876,-28.276384364376646,-29.61599121502685,-30.071492510074517,-29.113193181752862,-29.01871098699047,-27.421727000226056,-27.249634404319913,-27.357501404098393,-29.511360452783435,-30.057233540494465,-27.65237373547746,-32.55951754811095,-32.528311520200305,-31.907694455715056,-31.459320509091356,-32.554833742208615,-31.72704959901802,-34.03811037589155,-32.047790042340964,-30.492444884658806,-27.579423667346223,-36.45473375324796,-25.292657290589368,null,null,-37.164000806436846,-40.76459682324362,-37.46642113072486,-36.18373802108936,-30.659100511297027,-26.061171620379632,-17.786826094570074,-8.243141973763793,1.54944306605894,3.4991629020172312,5.881019520437637,8.165343688895673,11.16780429896147,14.989997416412388,15.71827711461781,19.501637457438733,24.357059331605655,29.57714901287971,33.780337931980405,34.604099219979744
-19.6444589867733,-29.057845589311384,-30.072006106257035,-29.48100558806097,-31.29367043092524,-30.250189196683248,-28.973076943229966,-26.574011762151915,-30.265704084634518,-30.172678927804732,-30.268434567626198,-29.503950637878795,-35.30146200760586,-33.81673705928305,-31.694178061989327,-32.018986813384025,-33.50289035873395,-32.57416635151669,-33.10268316976196,-34.0311097885947,-31.686837859489703,null,null,null,-33.95868900649066,-36.47648136452245,-37.05732782733976,-41.18249375595978,-39.81889760254967,-35.51203361277598,-23.391102608898752,-29.304910260821384,-12.257919064013235,-4.399164471392166,3.900884438414351,3.1914701953314384,5.9046954748456715,9.804669967453378,9.477205716996835,13.03907823427428,17.468281544427775,22.81251050620753,27.11590268170919,32.32970176974061,34.99205326761119,35.892894775184715
