public/json/wind_2018-09-1606_950.json
{"header": { "discipline": 10, "disciplineName": "Oceanographic_products", "center": 0, "centerName": "Ocean Modeling and Observation Laboratory", "refTime": "2018-09-16T06:00:00.000Z", "significanceOfRT": 0, "significanceOfRTName": "Analysis", "parameterCategory": 0, "parameterCategoryName": "Currents", "parameterNumber": 2, "parameterNumberName": "U-component_of_wind", "parameterUnit": "m.s-1", "forecastTime": 0, "surface1Type": 160, "surface1TypeName": "Depth below sea level", "surface1Value": 15, "numberPoints": 4800, "shape": 0, "shapeName": "Earth spherical with radius = 6,367,470 m", "scanMode": 0, "nx": 80, "ny": 60, "lo1": 109.0, "la1": 20.0, "lo2": 116.89999999999955, "la2": 14.520000000000117, "dx": 0.09999999999999432, "dy": -0.10000000000000142 }, "data":
[rows 0 to 21 of 60, columns 0 to 49 of 80]
null,null,null,null,null,null,null,null,null,null,null,null,null,null,null,null,null,null,null,null,null,null,null,null,null,null,null,null,null,null,null,null,null,null,null,null,null,null,null,null,null,null,null,null,null,null,null,null,null,null
null,null,null,null,null,null,null,null,null,null,null,null,null,null,null,null,null,null,null,null,null,null,null,null,null,null,null,null,null,null,null,null,null,null,null,null,null,null,null,null,null,null,null,null,null,null,null,null,null,null
0.769763074483567,0.9337395201527592,0.6499781299136829,0.7455531695166444,0.24771615078940157,0.6913977986854469,1.4241068338391811,2.863343724494608,5.01430798160494,5.14792324241497,5.797130022646305,5.548769561059286,7.654082731049106,8.89668151604521,9.611480652588405,10.915896394136261,12.524602647872028,14.143561747863814,15.578672279568863,17.95048740880322,19.239684189397742,20.545944535002388,21.42930677313813,21.74015264305291,22.495154218819323,23.208028315203627,24.03712943792138,24.574376195892768,25.021076768842484,25.518144487286772,26.077342968128008,26.493706018354317,27.011411289361064,27.595483955517835,27.892801665835822,28.01388501285787,28.152251437922544,28.472483988125312,29.624593284187213,30.564432347826557,30.691978030604893,30.138938489985282,29.67178914451717,29.686065512334732,29.57687018327979,29.260069933534073,28.993899376629138,28.372412671848164,27.11927329414563,25.98501974566615
0.5686917961569073,0.5961932833799443,0.2839941222398684,0.2509811849884185,0.3679457968127649,1.286659200342065,2.0658814822550577,2.6984106797369733,3.698485633557668,2.614752702460105,2.347895991903422,3.676337068655343,6.298460598738039,7.7497128997117635,8.917899254146388,10.20712200120155,11.771852653147365,13.35680412618701,15.588030559259893,16.71035315590588,18.444337061794627,20.601546716012745,21.42104342391953,22.618612214802944,23.808188214936806,24.75487670421715,25.80370445850667,27.02884011965176,28.027471568375706,29.394869844205374,29.962658617312087,31.022321201284065,30.467988470971356,31.982903443917888,32.134311409275014,32.43717340428038,33.16916889370453,31.56693816661292,33.46467527278408,29.712504501709596,30.935586780331978,31.980109406950746,31.32238570821097,31.719459303020496,30.39544051800666,29.781483010335023,28.753460146795994,28.811409599235667,27.44854189941845,25.94216966341658
0.6965353819042203,0.8220290294214534,0.4993322291216611,0.14379710955488598,0.6215214361724448,1.8550044071652572,2.523847623491998,3.0131702510774083,3.4831132386102195,3.2191020064244213,3.8322304497147637,5.072430667483449,6.048885508600273,7.931573059782079,9.040612074464677,10.20820376917995,11.481166658038672,13.457984424460943,15.251326028804261,17.242844134512065,19.981302163817052,20.775276512611,21.93685673207655,22.715940829823055,24.646157390311025,25.741510336237294,26.66773597970621,28.221137288246567,29.011629444178983,30.602195956687773,29.474866344554183,29.976065581961606,32.72454033038484,33.23521902192215,31.538228277858053,31.80735110389515,34.85899633379993,30.0293416371176,34.46664498852886,29.45379094203421,32.73975693935746,33.55902969871403,33.340420204976226,33.141155464937356,33.05492662674481,31.63449639881395,30.2582923738926,30.16761534290536,28.572845268396932,25.916452742400764
0.9581000204008187,0.4985881442710852,0.1615146012557807,0.46944859111850146,1.3734491792138859,2.483356378261813,2.9480657625183535,3.8138104628320693,3.834128189958146,3.7838514103434946,5.143973060849778,5.844660027953171,7.376834489915332,8.789488633434132,9.554455863655827,10.690121433100803,11.516868117256191,14.23412028421927,16.23641137787333,17.494150345727455,19.523620747026705,20.075319055853903,22.101289518672697,23.60833754778647,24.688624290830035,25.54261874758967,27.413812252899177,28.33476449160229,28.986127001760536,30.00467177882699,29.328667138886814,32.08878692771836,31.140185150174684,29.24553600785881,33.498484543069544,29.179931763632805,33.611304132755734,31.35597444113916,35.291812124786006,32.71469877399145,33.10766511751898,33.298643255675664,34.61774171544816,31.14553015669602,32.77096549443736,28.6073120930519,28.96023447870379,29.747524427228562,28.90047184606263,26.38282812551797
0.8257004869223151,0.5218599277990295,0.4823048915136512,0.8946691320685409,2.3575985479668784,2.7852652446600357,3.2747979279321338,3.7740874114257443,3.879166148556907,5.010163792361617,6.36055891966846,7.0788043196840515,8.087589367439417,9.339039562185373,10.135385634745854,11.18423061644515,13.0218510274888,14.974079171147483,16.30082805941549,18.296499525657804,18.31201054875136,21.080058502438952,21.64508228438788,23.066184789235436,24.35095084058622,25.65476073096502,26.89355277036079,27.687783274639187,28.613971754149023,29.852475216659737,28.630405943344257,29.877728950340938,28.794058540962215,31.830252735942096,31.25329889387653,32.88548781147052,30.715190747099477,29.109237018419794,32.787281954377576,31.23019470628769,34.5845542904069,35.09465465938309,33.24335168359372,32.937116713253715,33.372522227551855,28.444360389405492,29.566707298702305,27.724111245246025,28.527623557957646,27.258573247131537
0.919154702036932,1.0845183074259643,0.8564235834370792,1.6521187474333923,3.0120956701477626,3.6023179809652337,3.983455983368989,4.249796563007644,4.664291308508153,5.838261008541062,7.022982688429632,7.693594968584112,8.535500831991886,9.862691690261716,10.437171788999827,11.901508409242368,14.016055474472127,15.210859822046796,16.320819912112093,17.617238155464793,19.008490214129225,20.159210477694298,21.31807562364247,22.925502757529387,23.972791892917193,25.088456750356357,26.0042543347694,26.861429784168013,27.68572841530352,26.595148972719954,26.502536577870092,28.140432569108363,26.606463353243278,29.55814990094227,30.50133841957208,28.215253073728114,28.68832609560583,31.144657004215276,32.28198447310419,30.362757038951184,32.288611275371444,31.77175105232645,33.93280770879392,35.744226383754174,33.30773096472336,31.08160515445391,29.20831184717585,28.444912935447164,28.634651475562443,22.481239656838667
0.784348598568839,0.38698154537530244,1.0717589613589136,2.513056049096826,3.8464538119710467,3.5313108560806077,4.200278309371451,4.905629565006118,6.372761043482843,6.8548264513296004,7.322737977116629,7.550294984993799,8.331209741766166,9.210568005677723,10.384078702662114,11.854749125643117,13.93848498829966,14.742430804768741,16.932681276952454,17.74197253263142,18.474338474326075,19.898499692058564,20.763707777876093,21.49562384358759,22.530535318702448,24.075010008706617,25.10025296151726,25.839174230827417,25.09519661093226,26.385763119237986,24.803111018085268,23.62015969029866,26.90176366052277,25.12495514284076,26.25639179646477,26.232096418251842,27.92199081127067,29.534103161621644,29.743574282693086,28.553961071380723,29.190277669890797,26.055887633371533,23.425403285712445,28.674548240016286,34.01670559228624,30.12964212693941,29.487437708066565,25.903641586737585,26.259186171563787,22.77104063543675
0.6810040757188935,0.26674363248369065,0.8008835361275717,2.2346214679669654,3.855130709552573,4.156859512579147,4.9720592250301445,5.39283016747145,6.2052636909557,7.34807438861305,7.443304500414756,7.805268253536553,8.259563207747668,8.745651094922167,9.71294746865237,11.111942802845821,13.463030232141847,14.825270130423284,15.922003844481356,17.18601759580292,18.000771766584172,19.053599535052516,19.243188155396208,20.320437690188616,21.15286591605335,22.215556554369698,23.802621452321418,23.9585672380027,25.481765244817588,23.717661534568254,21.38372423105369,21.972299847119686,22.83462041271185,24.800849249456952,24.39454227044335,24.054631170845468,24.4339902587188,24.96026772045979,26.102082944961175,27.33101596439476,26.487259393115608,25.03770748390772,22.830724533587997,19.733223071223346,15.904295493944787,9.959745429412687,25.795226918641234,24.59355204009344,24.450911332328907,21.892596339346774
0.5040507823066592,0.30641897994367506,1.324544090051521,2.4575021666240455,2.9951583685466785,3.9316387896776916,4.906074360566315,5.323567827988561,5.989692196179705,6.93817533033999,7.013844277026737,7.013828690778949,7.258863736727677,7.911594012595264,9.207440066052612,10.35533058134767,12.433587965580173,13.469381107200903,15.020783185323186,16.28267218131288,16.999804572412707,17.43453407181354,18.121472721588553,18.438580966821707,19.30079178670927,20.968735355635886,20.931135701956002,23.455305248001903,21.325041951052366,19.74534036453536,19.816034529944965,21.126928647272393,22.60521783469597,21.83564389420924,21.15016224600271,22.604078190217383,22.53280180440619,23.127062470243345,24.972977620550314,24.834497584072512,24.986986818160368,23.319168923713175,20.35481899024923,15.724762032359125,8.29115089026213,5.050066018577741,7.898221238113624,16.13757075619806,18.88986965667372,18.90514743984506
0.7941419542999425,0.8150163184377568,1.7848297229563523,2.831846330730334,3.0628022485419275,3.339013327213627,4.486463749511196,5.148279260375192,5.770736441628024,6.425119266446593,6.654491581498527,5.840622666120142,5.779684895789772,6.577547822335638,8.060267914870252,10.047224863803931,11.175908670742267,12.220837633933906,13.407511282781687,14.78071787282859,15.558320521151579,16.04413607204642,16.162007113875664,16.827866706989752,17.938952199381667,18.784599048810897,21.50683543183051,20.55585132671152,18.030902441923892,17.977222447284163,19.278213845395403,21.015302061718632,20.100051142708796,19.101892802072097,20.29729379789147,20.84466268806556,21.285059454232226,22.435298769174477,23.4204569311817,23.889177913634388,24.738346517778123,22.639261511680676,18.120747185941447,8.135211605042358,0.6864156413225218,-2.139898160946836,-3.2866871916459894,-2.3548427214330028,0.6325486292057244,1.9739628230636517
0.7344048909903165,1.1733568474980198,1.7231853369428713,2.932601100707024,3.8217807001649646,4.22631679851802,4.683316634699213,5.466616801291811,6.062146882211631,6.116991850396092,6.160619045264603,5.244510015331811,5.285848060333262,6.466138587303965,7.699722705712189,8.382961249803996,10.073444105121803,10.813594143754683,11.937784625827925,13.261891300244308,14.016234458501195,14.299294151963997,14.265459719428389,14.905687160864648,16.267630477404282,17.750208431258198,17.657514054764665,16.035879472520968,16.854579848335806,16.470554445671198,17.519340588819816,17.75800176025582,17.528656663746336,18.71943528377509,18.82817203830836,19.181019643670673,18.502871508108953,20.596199481300737,22.08430557078489,22.38960162059746,21.08805652478071,19.387670845760645,2.6718000689741905,-1.5362566789056658,-4.162441031445026,-4.7362025836744515,-5.130344981153717,-5.850968973029592,-5.175148303013195,-5.335248565549311
0.7640317779630108,1.275512554527598,2.0827210113211296,3.225740300037556,4.43997694337289,5.466172445483334,5.7630546359595,6.3171205228247445,6.57577830272843,6.093588785731227,5.724905842963737,5.359641664566184,5.568285641823589,6.180373399346862,6.775237789647114,7.764369584012305,9.347248664843827,9.475001034257712,10.430781249073107,11.37697168325563,12.230595620069025,12.418338260101923,13.058333741586402,13.99008512393726,14.048532511895486,14.987847590463822,14.15205541812055,13.616603163599088,12.29814044061315,12.537670470860022,14.271575255921471,15.307395636368874,16.87388465237301,16.766933450679783,17.4551859962818,16.37279128666598,16.497822094807727,17.17202307203382,16.406336236427272,17.047246797445396,12.603580650537568,-5.019109488227907,-6.6994027732486465,-6.971233662862975,-7.127270216204152,-8.364475675805277,-7.736262163817697,-8.221918435720251,-8.908899137477924,-9.300496644423887
1.0932561839540482,1.5798227791233177,2.3238139255894374,3.082895314083294,4.249807522458656,5.527112257328385,5.997371551061742,6.389706426559169,6.7261181764438165,6.413565318699311,5.537872074639995,5.565193953947512,6.491127772202264,6.099144793013904,6.860426513064242,7.2434674470039155,7.505936629115593,8.608629239870687,9.129751757135038,9.107077218390607,10.008312386907779,11.226543273191012,11.635284532218318,11.770346888931495,11.583125457171544,12.332894279970537,9.953791532479334,9.302863779769883,8.836787586214482,10.220028089080216,12.34967997927361,13.699314842294628,14.778610331292644,15.234459829402597,14.65510252564496,11.563234252483063,11.871958997609788,11.234365422258097,11.231823876283912,10.301159563394188,-9.65385698465643,-10.931386931437789,-9.065146372097495,-10.453332287952325,-10.17991649232657,-8.930379499581331,-9.100008017613941,-10.044619554060615,-10.704493103175153,-11.671725502943723
1.6018013139544522,1.9254634876538526,2.216367867710852,3.031692009727893,4.901762681790784,5.7410741604289175,5.868975428371694,6.2188374656331495,6.467107189495751,5.6212833155576645,5.214688561391554,6.687345778663229,6.34206163227709,5.446971542738783,5.447644861791568,5.772692518524874,6.348923893824338,7.480691987389209,7.546461082287369,7.696822249152904,8.539145751021021,9.85322145914508,9.165759553658054,10.217541051199735,9.561788535385242,8.262900455668115,5.796538800656511,7.185772028872046,7.963643735311746,9.157557582805916,10.993575920148109,12.664727886772695,11.90243572463546,11.994393174294387,10.439622597592606,9.958490557623895,7.072504229697778,8.86959899738737,2.366675778277299,-3.6980810117624303,-5.4242983619763105,-10.332700809581597,-10.174344032990243,-8.329241900332278,-8.278133024571607,-11.171502139450725,-11.78208816115544,-11.152429848973284,-11.196723789344794,-11.828177932204763
1.700754066964141,2.068025879842056,2.0822806375958636,2.5517115238944514,4.012062096119445,4.95364974073134,5.09057015885082,6.084347147445394,5.753746198768299,4.815545269971516,5.2790230171951515,6.2684586062505225,6.1377531946284964,3.975848960454865,4.438375633496777,4.365928439216439,5.544312015613698,6.461874158370975,5.920517597463041,5.62451412150226,6.617382257302594,8.199639105551384,7.888195281894429,7.7469415091068115,4.469440655395007,2.9417269296421713,4.1578404437839485,8.635251207463597,7.34786183039318,8.262502197774992,9.728687248961918,9.853254569841411,9.03274108899368,7.753050623312086,7.249039997561704,7.741871290317357,3.279877270224931,2.264759264101771,0.4201306745234327,-6.776920626065429,-8.359445851240292,-12.143300204363356,-11.84179553814408,-11.907837444066649,-12.543554195866866,-10.490144950703327,-10.2968341869688,-11.695694875327302,-11.266358023640635,-12.338231968748488
1.151508983052349,1.6756847466043892,1.9423529520182887,2.442509301274105,4.25684644339348,4.752362673163867,4.6446833386728485,5.754112658387973,4.927153389933803,4.402679970715656,5.044381488929295,5.686534406157021,5.081258297922086,4.46598181457354,4.225635786530736,4.33106208279737,5.38231311602515,4.8958973611398955,4.846364218093873,4.1835657650462545,4.719831766365059,null,4.740629698168375,2.9255335010397667,null,5.537420742259002,5.739550899073212,6.547163542748393,6.646825628120048,6.064241291876527,8.48949968324755,7.2584378813375565,5.7556952198797955,null,5.763625810585953,4.250216223627005,-0.1600698418655876,0.24882700278184458,1.0424188665527447,-6.6554047496577615,-9.946560745483216,-11.970760214840045,-11.515909684009806,-10.293519638133958,-10.813971909063548,-11.181248685476772,-10.99866759564278,-11.82225184234518,-12.664369748079771,-15.048789988346043
1.1125092142464492,1.4599049057462272,1.408216704089681,2.1192103702734877,4.315432545876859,3.8565975300263537,3.9410526031976945,5.350606762138235,3.559541713638185,4.808605265091145,5.043050606170215,4.978930225085923,4.953033012057848,3.694562316870336,4.0876673705860025,4.431582871259443,4.5776586315950745,4.29511333816444,2.9376041516064526,2.783123207279565,3.3799256114377574,null,3.8928034757157803,1.49168021018146,null,null,6.837557552716916,6.154349654860483,5.359954852446646,4.570383757040615,6.735578727927855,4.634647812859935,5.173312816311407,4.054505435746679,3.7266161723893245,null,null,-6.524734787651299,-7.321736298445517,null,-10.451222576856841,-12.84747608242368,-13.093162112609654,-14.601334778669019,-15.388322469790568,-14.19768090535237,-14.025419440775872,-15.350038430389858,-15.910816144517035,-19.689124997977544
0.9010088773376679,0.5535366633650599,1.1109463737328482,2.6234950300833,3.419280286647139,3.073440369821865,4.442882024887053,4.249437372845723,2.4044710376141847,3.2391663854839576,3.6393197451493746,5.055470641174507,3.147445892887899,3.7112507053575925,2.875667254948261,4.473312737869797,4.073747999558903,3.051858835129806,2.3765489323882765,1.8123444465535774,3.080061141296742,null,null,null,0.12896109916635773,2.0699440018621913,4.015725898888977,4.826470451228407,4.115782022020359,2.896931982263426,null,3.1754818856066516,4.276904371248432,0.07943541360220971,-2.4220542421375137,-1.5348339551715542,-3.2968654187965045,null,-10.443185787742129,-18.05324175603961,-11.477985014529075,-12.419711105101293,-13.885494537486405,-11.260442802500533,-19.18952146033931,-18.07819990747047,-18.69920229992318,-18.91176560052568,-21.894362802979593,-23.84233758482436
0.8533295789645636,0.39186834464642517,0.5650008312266986,1.6064718372093743,3.5398941298098925,4.188825588617215,3.697636465560019,3.732154217702302,0.3629379325170557,1.0441688343398656,2.862641935465846,3.6760125376987673,3.8220786852007014,4.029774649376411,3.399718334052691,3.922218481119894,3.9260797139506622,2.4832774199794967,0.964265364880031,1.4082276244344827,2.7762210937727265,3.8260503701763016,null,-0.9444543069366597,0.09634374361459341,1.3226146012681643,2.800007649291998,4.002833368263644,null,1.6110448348266087,null,null,1.5889768208953556,-2.7758594306676576,-1.892913324927863,null,-3.860674701059162,-9.993158620428492,-14.006938119537288,null,-18.19174611417902,-19.94286534408014,-20.97066592209731,-24.77407456680381,-23.049916566763265,null,-28.148800178568077,-26.641863439129043,-27.06303295721272,-31.397935356440748
0.5995005640879603,0.3740574576282738,0.3967278136284342,0.6856864607730525,4.159235599193999,4.083043987952603,4.022790241561972,null,1.365395294977277,0.5878241339585654,0.5240116811828216,2.8523191195579685,4.371821675585264,2.7887869778699077,3.1364878070045568,2.8857686638529576,3.0032935960535867,-0.737400713434995,0.551550167850942,0.11911471417240338,2.9030435969847646,null,null,null,null,null,null,5.194124563863789,4.617511748401597,0.8426269268403682,0.6565568832160127,null,null,-1.4423773803177624,-3.2216023667480176,-4.675223777018361,-7.02970754045597,-12.97832929002405,-12.567976929440132,null,null,-17.81684948556897,-21.492891725900815,-28.214897811743015,-29.861968464288108,-28.380108844202788,-36.9034245824634,-37.88609163726325,-38.059991593338026,-39.24276031603288
