public/json/wind_2018-09-1521_850.json
{"header": { "discipline": 10, "disciplineName": "Oceanographic_products", "center": 0, "centerName": "Ocean Modeling and Observation Laboratory", "refTime": "2018-09-15T21:00:00.000Z", "significanceOfRT": 0, "significanceOfRTName": "Analysis", "parameterCategory": 0, "parameterCategoryName": "Currents", "parameterNumber": 2, "parameterNumberName": "U-component_of_wind", "parameterUnit": "m.s-1", "forecastTime": 0, "surface1Type": 160, "surface1TypeName": "Depth below sea level", "surface1Value": 15, "numberPoints": 4800, "shape": 0, "shapeName": "Earth spherical with radius = 6,367,470 m", "scanMode": 0, "nx": 80, "ny": 60, "lo1": 109.0, "la1": 20.0, "lo2": 116.89999999999955, "la2": 14.520000000000117, "dx": 0.09999999999999432, "dy": -0.10000000000000142 }, "data":
[rows 0 to 18 of 60, columns 0 to 41 of 80]
null,null,null,null,null,null,null,null,null,null,null,null,null,null,null,null,null,null,null,null,null,null,null,null,null,null,null,null,null,null,null,null,null,null,null,null,null,null,null,null,null,null
null,null,null,null,null,null,null,null,null,null,null,null,null,null,null,null,null,null,null,null,null,null,null,null,null,null,null,null,null,null,null,null,null,null,null,null,null,null,null,null,null,null
-4.886718808327096,-4.083317302701351,-3.6842859391944747,-3.502486293185514,-3.2611978698008963,-2.490566502368533,-2.4928561342251334,-2.369051687448065,-2.957819753997436,-2.2172869137655176,-2.993098379353924,-6.2546625936441025,-6.7560982044099696,-6.66675553660614,-6.9855536548713655,-7.117766557564603,-7.533724595091821,-7.402180945831993,-7.399207541364063,-7.3724523639677235,-7.161642069204384,-7.045447833305697,-7.1282544887644415,-7.048519300178251,-7.1172019027163085,-7.504973467609259,-7.29947102409686,-6.677730707883001,-5.638324035830863,-4.865408226499207,-5.398444191895999,-5.972788981473143,-5.721850224461047,-5.577319826304395,-5.847818835945438,-5.855927159926441,-5.029116274877574,-4.940895736771658,-5.594772791103493,-6.697523644544243,-7.0654397652929255,-6.5518960684020895
-5.526153661903527,-4.777601033750971,-4.4368092882367876,-4.12505097787068,-4.0511693034142535,-3.645954036127664,-3.570742807390543,-3.5798407624088355,-4.106798853739486,-5.51918649054673,-6.6807492322599575,-6.910108600386947,-7.406799215147728,-8.53802227101984,-8.572752405760498,-8.920704828029855,-8.64647308992131,-8.74492637487752,-8.62703457580768,-8.814561554588835,-8.658248887366774,-8.544660534898599,-8.55253237970546,-8.195755041125004,-8.660675982507989,-8.598940984792026,-8.264273292406441,-8.643669486896071,-6.617672577230812,-6.631703402795621,-7.217721804963185,-6.512259057744481,-5.542570702763587,-4.142027829952001,-2.694096908036452,-2.652559183964064,-2.4967292429534473,-2.496787303021015,-4.894630828208264,-7.767074198751189,-11.376055320801038,-10.188251604880925
-6.194842041146874,-5.5466322046304555,-5.380909364384714,-5.0037950477381745,-4.706936802927346,-4.626650693847169,-4.716145704530991,-4.943919676667588,-5.653861606028476,-6.900793034782576,-7.447641454324161,-8.262133413992984,-9.335381776627669,-9.553903793666409,-9.542040533085302,-9.876030517084992,-9.443696960155696,-9.721128276383082,-9.5791680487741,-9.712242676900077,-9.364406335143439,-9.198949581521434,-9.420410100010859,-9.265207285846682,-9.277048579555931,-9.319568247571723,-8.490128318838549,-9.170453718570677,-7.552622676945163,-7.812968073772896,-7.992787305911408,-6.2617766905648224,-5.341001659208285,-3.766867557613212,-2.5160764681002585,-4.296629106675776,-3.7541097005468544,-4.381220758688095,-5.715565271638155,-5.044630471747763,-5.340438430153432,-4.991896625036688
-6.746248232103638,-6.346895647245248,-5.790295578133729,-5.82219651471935,-5.624486980688695,-5.547747097531939,-5.514990597498364,-5.932220690334111,-6.285472897149094,-7.029020072173196,-7.878244742227331,-8.48067331456705,-9.602035345562424,-9.305192719723905,-9.707253233572175,-10.15868124331114,-10.295629528704538,-10.758888137441598,-10.120125757798125,-10.057707368513032,-10.026706995914433,-9.755781471464879,-9.874982798642174,-9.849408206410043,-9.718957701261681,-9.478948911647905,-9.855893348806575,-9.156751367352186,-8.03489959367591,-7.468436239384605,-6.276713473348917,-4.552004766347778,-3.1562353457792454,-3.154918755001039,-2.9501276670921204,-5.624082942698029,-4.536388590919379,-4.8359933261570305,-5.294784158035327,-4.970741023970616,-3.865027657312176,-3.902044557646721
-6.9312866533036,-6.95630473099402,-6.76456742760457,-6.517742162963103,-6.559326728334385,-6.677114018694457,-6.428784880472265,-6.4344614690884905,-6.14747627791122,-6.269801167463381,-7.223836454888531,-7.706813548245172,-8.301002295979375,-9.68201118068506,-10.081001507488919,-10.463247009953118,-11.0739577299954,-11.423605578634229,-10.724738682995362,-10.653685444670257,-10.376804267084015,-10.447348108990127,-10.641009014664775,-10.49266640126599,-10.245137025738508,-9.80865402046321,-9.547849446221635,-8.473104849418533,-7.147453182030805,-5.547782295615504,-4.568076898721294,-3.8542462182787496,-4.029199631288071,-3.516955750612572,-4.40057308801955,-5.544031922156829,-4.980927367742599,-5.89575608893751,-5.387635253976602,-4.021865290393945,-5.291735933880756,-7.81878994006654
-7.878295087448809,-8.288396838366483,-8.130748305968982,-8.23269122261835,-8.382967372915925,-7.90983242925995,-7.709511349783101,-7.365574624379418,-7.038730103330423,-6.103842846440759,-8.005373173651543,-9.246479791574657,-9.022422688415151,-9.712716151689918,-10.600237929095329,-10.572003465846233,-11.22378364465649,-11.907329895369273,-11.449319820107752,-11.267149106955909,-10.740656874445826,-11.131759378113895,-11.297126295052959,-11.11152267604621,-10.654546387279213,-10.029999033530771,-8.851261660499686,-8.316762908456267,-6.99228719210001,-6.199986473935692,-5.5878967517591125,-5.296064187846941,-4.849487385172183,-5.327697010441797,-6.238926308311044,-7.025236535032564,-7.294755880248063,-6.1219062967104145,-5.132098583495136,-7.863017375054344,-12.790682243588076,-12.537337658493728
-8.623536353701365,-8.669204876592667,-8.811542610710859,-8.800498889459835,-8.941932269412852,-8.556894497959155,-8.078431907995808,-6.954435607935873,-6.76327817650881,-6.461391975791871,-8.347033393604393,-9.950129596394978,-10.081744861808057,-10.372669119262323,-11.40983405972264,-11.543907330665263,-11.62042887447895,-12.237611212345673,-12.22766765593551,-11.482551666742784,-11.222678688789086,-11.469852145117915,-11.550843143323577,-11.47459124097781,-11.040854050986736,-9.865723723029488,-9.269341596311898,-8.750929010547152,-7.1601352337906405,-6.5922210224286335,-6.975361082999063,-7.098537825583949,-6.317070021401328,-6.465850627197983,-7.451711587550527,-7.525843270299769,-7.57153044969726,-6.902141810144743,-8.326455726179205,-15.492792130280206,-15.832025970915197,-16.000857445437248
-9.01362258583873,-8.790040541626155,-8.80359827515148,-8.997995342346984,-8.857464927825536,-8.221258801949627,-7.642154546683037,-7.250953059004948,-7.9165778765414565,-8.250499259772411,-8.398764931670737,-9.742480032164435,-10.373847614421052,-10.236800030068181,-11.112328494048382,-11.86048524453773,-12.476193538813195,-12.764046211613937,-12.359897215997565,-12.07686254107253,-12.137071895136131,-11.510211447642654,-11.544044436839341,-11.459435370461906,-11.206793578868716,-10.39068885941353,-9.64704907286728,-9.232719070651209,-8.182612642910549,-8.318228515872294,-8.435392801892387,-8.297638090341696,-8.147878104861633,-8.487344300869937,-7.848437858425592,-8.120792381481657,-8.518441003692436,-8.89112968391172,-13.321394144181644,-14.607868004907704,-14.146979656336061,-15.823625063543572
-9.091554987529422,-8.66036875571983,-8.66459650530114,-8.48709964507697,-8.691675175330548,-8.66340691877734,-8.370592797576988,-8.706043008495497,-9.241802761142862,-9.765077362460346,-8.706753947453974,-7.786737126800829,-8.52789030721926,-9.962997611409733,-10.299186448108138,-11.144653056221568,-12.232176882388174,-13.202941309125892,-12.521597671671907,-12.808537922159571,-12.566408114267697,-11.74311907067055,-12.043633362085858,-11.962538019825773,-11.468246490516247,-11.13594227184437,-10.589736029762909,-10.710833645125245,-11.105633425307746,-11.454678398049722,-8.704114904448511,-9.10372427964409,-9.631278786788023,-9.22063679513759,-9.303034334152493,-10.123268302108533,-9.952541258901041,-12.418890822315593,-14.890935311516133,-15.600149788189972,-16.641765736226578,-16.019980279424697
-8.551101509799118,-8.299022818863103,-8.065375258939675,-8.434491822060693,-8.984716522065685,-9.426041342573583,-9.36520870350489,-9.625594100337008,-10.199808273920688,-10.22733733270723,-8.860361613370436,-8.356382304050452,-8.214179409886627,-8.386414699150908,-8.79964261057191,-9.601212223553725,-10.795985937686307,-12.80680707078626,-13.116412670742662,-13.29322026943472,-12.929315748437933,-12.450854047394232,-12.513887051415058,-12.247723835183436,-11.392498334249037,-11.036649191644809,-11.778712435665973,-13.237778119011953,-13.993052832561398,-12.328757499504098,-12.260911975011933,-11.33534447871091,-10.109316781828674,-10.459548647345413,-9.967858339580733,-10.431608684563123,-11.76775346072097,-12.87411120832937,-15.394061786183698,-17.271521117458338,-15.75423839788148,-13.38590166591514
-8.305304449557216,-7.9273822646837155,-7.983515570123406,-8.84867540279095,-9.522473416672701,-10.2702390328955,-10.320259313752096,-10.05098355709989,-10.321700768988014,-10.903554722959075,-10.583223119334955,-10.20924230450565,-9.307190354459792,-8.841896220613132,-9.24700470388074,-9.611451821959989,-10.640195413085726,-12.064879010076462,-12.942629939563474,-13.39753115613607,-13.574093916429948,-13.058015301578026,-12.389306241705931,-12.214865118690325,-11.535802395567579,-11.177560588193902,-12.328212409697446,-11.697649484843465,-11.279986517545174,-11.035255042003232,-11.569678535649299,-11.013374808840016,-10.780901834660257,-10.867359610931821,-10.31128463552129,-11.428307983380899,-11.930035405787333,-14.124800009189624,-15.492693645689606,-14.96921367870734,-14.420222241934743,-13.41572068411826
-7.8821660304329555,-8.024492013277486,-8.862122784858538,-9.652077748725207,-10.331331513219359,-10.834218402092347,-10.617661604993557,-10.390922109428239,-10.943940083303989,-11.046299042142152,-10.716929263934745,-10.740592746274672,-10.057143232090636,-9.365136314930886,-9.318570232527236,-10.54023273278237,-11.313041853318403,-12.461424340268223,-13.805582866542288,-14.064038718592034,-13.706317279934774,-14.006760766125588,-12.88193182479088,-12.209099224543795,-11.455803109144828,-11.157669304445614,-11.688953793107814,-11.304604585633173,-11.554408443481911,-11.148559361735227,-10.182180525564934,-10.418006940402197,-11.052239376781184,-11.734161375814214,-11.869746158837222,-13.942395214731647,-15.121744806643385,-13.942589928219654,-14.973431783687033,-15.215683877291243,-14.764254343364023,-12.983619311737115
-8.323871908079559,-8.719086876945415,-9.50345554773582,-10.191517550672735,-10.870310924916643,-11.27076368374966,-11.164208406641226,-10.839383006939224,-11.143357501443893,-11.133831242711032,-10.777293623852003,-10.52977638140149,-10.828336201892542,-10.649465073054696,-10.626521020808338,-11.50658009541688,-12.263790634951675,-13.434894350845413,-14.798904684521768,-15.082945940302498,-14.138610611384774,-14.167396470230434,-13.59827496072933,-12.20101732462813,-11.860019879585208,-10.816821244544718,-11.871493165218538,-12.025900423370608,-12.096281295459697,-11.391549642599475,-10.745376838796341,-10.703995983213629,-11.69235737302728,-12.89561377339558,-13.414590932350645,-16.236875066239705,-16.927323481604,-15.558651733760799,-14.239924314683678,-13.541655303764003,-13.652499681213667,-13.400251156894635
-9.141767724365208,-9.58908856289531,-10.292002486792398,-10.63258541659645,-11.236879482104856,-11.848394719837863,-11.663159719062866,-11.30073826464521,-11.659066387575473,-11.612088052967962,-11.541237236028287,-12.125257500084835,-12.093351941072834,-11.978173801046184,-11.841538182659917,-12.329775217403453,-12.691212475239404,-13.707351456289762,-14.77669734496947,-15.78617262205382,-15.25149396751142,-14.07979127548034,-13.890250521517792,-13.567593940101604,-12.188468178839182,-11.622834253223584,-12.140961654842565,-12.537279131776511,-12.383742589435368,-11.38160931565947,-10.57534840394651,-9.659975411279708,-10.529355206384729,-12.237704321050582,-16.424355804146238,-16.05410354633895,-16.058816287119654,-16.279558552687245,-14.379148080933282,-14.218469306316546,-13.711645422869012,-14.408572353046985
-9.232318599025591,-10.421997983945943,-10.985092142888055,-11.241205445773291,-11.400722545251046,-11.967063616174443,-12.112356345014824,-11.813384147083354,-12.151333388270523,-12.783276970588554,-12.774806404540344,-12.87646761193004,-12.956403012983962,-13.010409662753007,-13.2635021657989,-13.096285634270979,-12.53754359964903,-13.105459359832427,-14.321720890741169,-15.579126998604242,-15.676194409306722,-14.978109399625879,-14.584974029297063,-12.896204919336919,-12.467815830190414,-13.084759546270154,-13.094951971099015,-11.911688322057634,-12.24751129295954,-11.70330421928467,-10.710225151999332,-10.356877726035409,-11.463914798279543,-14.4814727276596,-15.59152089114043,-17.702930865955064,-15.907817729404213,-14.132091837104182,-14.507465684247023,-13.906297007720989,-13.946406520604473,-15.978760746316581
-9.809520773188774,-9.91188608014789,-10.794144361226374,-11.652709367220336,-11.687100038238558,-11.786370979459171,-12.138021576851603,-12.07404095582117,-12.929960428135491,-13.658883405095878,-13.226600480345999,-12.909073543143625,-13.488541899577648,-13.486036344489957,-14.007434917682492,-13.867907732435608,-13.48683239479076,-13.190628638525265,-13.092932782965859,-14.214851116454511,-15.26279862897728,-15.083334977281877,-14.852901374626422,-12.685319839346063,-13.955076492152102,-13.430495078006281,-13.197222553342987,-13.098511490042577,-12.75366740909218,-12.692635893647227,-11.467160868754432,-11.076706017358406,-12.056630848550377,-11.679391107769746,-13.584822448103854,-14.46240026926668,-15.806677640722363,-14.340776408333266,-12.59591403854412,-14.298048632308582,-15.168029107015071,-16.41663457777008
-10.173905873129943,-10.103828071104216,-10.42357194996044,-11.001143302698368,-12.045478617723813,-12.261537715908828,-11.882621515343686,-12.335344315628546,-13.352250696641693,-13.056664493988599,-13.537285595665734,-12.923389239619068,-13.218045629877281,-13.602418022422167,-13.931316135678431,-14.198379267045247,-14.060861617058187,-14.440533333577502,-14.000405995934724,-12.915422996833318,-14.330914856703671,-14.44093157318687,-15.585970336475233,-15.711342531744425,-12.400461833850134,-12.304602644775557,-12.416972946319039,-12.804786053822909,-13.228993254149973,-12.76411536604546,-12.537745691010738,-11.89486972562228,-13.011447363894588,-13.57671532080976,-12.966270410984896,-11.552951306025367,-11.323771634805492,-13.299658759514665,-14.770165331710867,-11.957681306138031,-16.297551973096922,-16.912146223383264
