public/json/wind_2018-09-1605_925.json
{"header": { "discipline": 10, "disciplineName": "Oceanographic_products", "center": 0, "centerName": "Ocean Modeling and Observation Laboratory", "refTime": "2018-09-16T05:00:00.000Z", "significanceOfRT": 0, "significanceOfRTName": "Analysis", "parameterCategory": 0, "parameterCategoryName": "Currents", "parameterNumber": 2, "parameterNumberName": "U-component_of_wind", "parameterUnit": "m.s-1", "forecastTime": 0, "surface1Type": 160, "surface1TypeName": "Depth below sea level", "surface1Value": 15, "numberPoints": 4800, "shape": 0, "shapeName": "Earth spherical with radius = 6,367,470 m", "scanMode": 0, "nx": 80, "ny": 60, "lo1": 109.0, "la1": 20.0, "lo2": 116.89999999999955, "la2": 14.520000000000117, "dx": 0.09999999999999432, "dy": -0.10000000000000142 }, "data":
[rows 40 to 59 of 60, columns 0 to 44 of 80]
-5.003603864053051,-6.85584709665336,-5.792186073554662,-6.762670153830534,-6.65585699030718,-7.52096587144408,-5.0430043525153705,-5.933009944169399,-5.216923017776896,-5.932185504253658,-5.292900448531412,null,null,null,-4.230718583080524,-1.9273889325193716,-3.3691322599482545,-6.5819144336310735,-5.702903097618415,null,-7.001381396262686,-10.072850560530432,-6.641130787164919,null,-4.069291854258166,-8.48757966293506,null,-7.007857482807252,-10.731903614446217,-12.356644761708953,-13.688254270699527,-14.271863469588837,-13.580491955796004,-12.604750397089832,-12.39704320350108,null,-3.4025522184665578,-9.79050299425489,-15.944255972254227,-14.607611721753875,-16.084549066870405,-14.323108939139749,-18.489814423937045,-18.618665411504495,-16.46617040658604
-6.3829155652272584,-5.109614868741347,-5.450212752923436,-7.289586336015063,-6.991293811503838,-7.293134447507075,-6.3306879044831454,-5.321228031319695,-6.3573668755195,-5.4247922835461315,-8.10699712106933,null,null,null,-2.6333928489321043,-1.3558178636529998,-9.873009571473453,-4.359325949890699,0.515216574632598,-6.3469759770819625,-9.337379064288722,null,-6.238943490225124,-7.592181571587643,null,null,null,-9.603544450349771,-7.450133834133448,null,null,-6.176611727838578,-12.090898348680717,null,-11.185525408125072,-4.855564272450594,-4.744806021401647,-11.119448521580605,-14.109971277331404,-14.462356551680427,-11.76259654855828,-17.037380015817963,-17.592485572100482,-16.609067442661498,-16.48964056661942
-5.995062921114963,-5.735188220573471,-3.734786580762119,-5.834878292897411,-6.28753180871195,-7.828343236459716,-8.057108608210537,-6.206054169389597,-6.3902241053719635,-6.786062504375133,-7.463227887805086,-10.436774124755468,null,null,-3.4713034909453744,-4.746627830462888,null,-0.7379257933087247,-2.718787028211334,null,-7.974976741790371,-7.079302478508146,-6.638634000537781,-6.79688420464363,-5.918435694634453,-7.25894897727404,-6.2633492957013654,-11.160032490482319,-10.573416355906472,null,null,null,-11.053736461816989,null,null,-0.43762299069233745,-7.512628905455463,-8.100068110959624,-12.629836130930006,-8.435927154413367,-16.254392673520368,-18.957120093899,-16.370600743427033,-17.345643690511544,-16.522356376619573
-7.208203699211225,-4.833350941188932,-3.687206068521923,-3.4856352710890026,-6.81509710301838,-6.785745871231662,-8.414478140327754,-7.06647076122601,-6.990034507138053,-6.655212866054459,-6.91097401582547,-11.11421410784279,-9.353850742614165,-6.136860973994056,-6.926124558151395,-7.697934655724638,null,-4.657303049091829,null,-0.8808662315531702,-1.3676150537422616,-8.45441627993883,-8.647551537650523,-9.068809584931655,-5.488996397465005,-8.751873403838456,-3.9569355005858657,-12.078506070191665,-10.711829763234672,-4.930526500833554,-11.023896909970851,-7.085170641033249,null,null,null,null,-3.740431725237152,-8.99697011530898,-10.81431597665799,-13.754697976301111,-16.16255347195648,-16.626784904424678,-14.494421620110145,-14.850920194990154,-15.25611653873618
-7.3518098876278355,-5.804996978108354,-4.312627152090469,-3.2146635793981,-5.987988065626949,-6.880798632678563,-8.056053507902508,-8.511742653090254,-7.015724071112095,-8.44443461183474,-8.570216701373122,-11.748376323706053,-8.424808186711694,-6.866923893876066,-6.53966311750231,-9.677696224524107,null,-4.297522795292952,-8.618695017384795,-1.1419870211062946,-5.828518397911477,-11.283806308311156,-10.400133257224683,-9.463271958358,-6.461509334227907,-6.996148496880356,-8.847388385924672,null,-10.430163780322221,-7.414231694077907,null,null,null,-7.763834829376187,-5.304168809170454,-5.901603897887988,-8.210130950180984,-3.6511095409295384,-11.62604860073191,-14.959454929137546,-11.802809652377515,null,null,null,null
-7.842064458141778,-6.918178365278534,-4.080486080762424,-3.6712854019011405,-3.798562115928195,-7.235849550764877,-7.614118643858307,-8.458816663448008,-7.564729821525501,-10.691558166534396,-10.50099836917446,-10.159182333844297,-6.206293905275402,-6.164724412939394,-5.813785673569085,-7.434453223770304,-7.822122656747484,-7.483942375516868,-5.9030495542895185,-9.29994915990526,null,-9.355826803489453,-10.94161359067537,-9.599650160691171,-5.498264044681662,null,null,null,-6.109162731010474,-11.110756194718872,null,-11.598453691571555,null,null,-6.445740313208805,-8.300341689744922,-6.558292158787972,-9.349395927261718,null,-12.90529503303714,-12.328528725610356,null,-11.453550525121564,-10.770558772211395,-9.635370880371376
-8.662934179095172,-6.442307937255808,-4.756547900168397,-4.137454422078979,-3.665690054002556,-7.250954104676188,-8.097467085106654,-8.008371906319127,-10.299588246132068,-10.91914180651017,-11.728302512609089,-6.30966850797645,-8.251378945771856,-4.527514505824883,-4.458383954258578,-3.9632554459603067,-8.973867593947688,-7.739372106099585,-11.835707458208564,-10.07417338146725,null,null,null,-7.557629649936533,-8.214883110916464,null,null,null,-11.40484806114835,-11.410307894537826,-8.609427193068907,null,-9.78519504249924,-4.945135291605758,-6.865152465252205,-7.286165145703974,0.09084312584632581,-11.041436436924599,null,null,null,-9.325792226941552,null,-9.556637765724647,-11.576636457209824
-8.142248102321958,-5.948960918008756,-5.4023189890945735,-4.187816387974154,-3.9974808955804844,-5.361192056175619,-7.138082801779815,-8.21635872660119,-9.799892770945156,-11.07716629161734,-10.171077821987694,-8.808661111978605,null,-4.058715417091069,-3.6111019158837427,-6.201344942586692,-4.421915924693162,-12.022020678320647,-11.026519706986841,-13.062923565999778,null,null,null,-6.411188154918584,-10.187578443941984,-6.742037899898039,null,null,null,null,-8.120069141667354,null,null,-3.2967538329719575,-6.669987135672065,-6.325324050639765,-4.554484930932857,null,null,null,null,null,-10.949932729118775,-16.81346109702735,-10.602473696129582
-7.101065748386139,-6.150168921992388,-6.813577442620659,-4.506120215173885,-4.974625773557407,-3.689065470896006,-7.834768980547575,-7.405407784325971,-8.594132755414778,-11.964716513195643,-7.870914141034087,-11.366554218912793,null,-5.891299189540694,-6.175487867068668,-5.78863806911224,-5.7752117085318755,-12.675503495889496,-9.22872355061091,-11.966394801419135,null,null,null,-6.281122716528429,-11.537986425906357,-8.687083854034132,null,-8.913708284221013,null,null,null,-8.975098510892233,-1.2463882097015464,-3.2355915919031872,-8.216461592195934,-7.962745699873746,-8.374708016889418,null,null,null,null,null,-9.475928573209249,null,-9.303529818147757
-6.126496297520431,-6.23246077515502,-7.260928543495718,-6.116598403484719,-6.078876006400172,-3.3895504812610007,-4.878708985095482,-7.4075226800407465,-10.035232211204114,-7.45138208030683,-8.475527244311017,-9.807626124355382,-9.70722827112595,-6.9105791959732485,-10.018662511836633,-3.476533208042242,null,-7.670025679123999,-9.279796907266636,-7.09775367059457,null,-8.451154437526979,-9.32308096296421,-8.840389786765137,-11.822589801272178,-10.04310998384788,null,null,-9.993624639879567,null,null,-3.6932980607385613,-5.46237451275272,-8.282289141875285,-8.883705907465057,-7.275745704036048,-10.002975218686906,null,null,null,null,null,null,null,-9.185117545009504
-5.122784377790638,-9.026348794547095,-5.753036096647472,-7.388062598200845,-5.34790883456659,-3.6239857763338286,-3.5240622269678705,-7.683896965570703,-7.5399488567684365,-8.551326563814856,-9.39604774324165,-7.499043983425084,-9.978946638549944,-10.249453962766339,-8.98148503016387,-10.14813525335173,null,null,null,-6.505386271239631,-8.631325645229136,-13.750542842839426,-11.147396034869406,-9.998765307269572,-9.974023760091091,-11.007916178428921,-6.727869082592708,-10.73342080528592,null,null,null,null,null,null,null,null,-3.705596369374531,-7.76804664871442,-9.081071289172336,-8.919923236587344,-7.57979025414906,null,null,null,-14.218047483669197
-4.644668345191963,-5.280444505640119,-6.344017780642628,-6.6948253339149195,-5.849903149129338,-4.578013018449111,-3.9748517355965145,-2.9111047725245918,-6.380133159999769,null,-8.261733935889437,-8.587887706503757,-8.450511996753953,-10.412906671848276,-10.667486163317164,-10.34294369520191,-10.803493484533586,null,null,-10.78422717230088,null,null,-11.467071507054353,-9.711797102499816,-10.414810162709431,null,-9.793976607814416,null,null,null,null,null,null,null,null,null,-4.6786070487312035,-4.67141881753681,-8.300655938260784,-8.64281882956486,-10.37578205747836,-8.227906720554754,null,-9.23776933760019,null
-4.8024206875030995,-2.072738399567651,-8.248245302484895,-4.9614028369947105,-4.059699314756538,-4.2856678958093966,-3.3450488937909313,-4.328794754485442,-2.2727907317726954,null,-6.388436520399452,-8.94902816661125,-8.067066839489028,-8.596930503110174,-11.429724628494101,-11.651816302573803,null,null,null,null,-10.182469707857155,null,null,-8.41907542921324,-10.818426023725111,-7.134868804875924,-12.431841452381688,null,null,null,null,null,null,-4.224139123670589,-3.7530251830113874,-3.549827930239203,-6.392441906962958,-5.040192538179261,-10.437559958987885,-9.510465596030537,-8.585659027339954,-9.683035117217353,-11.164051338993211,null,null
null,-4.300001034224808,null,-2.0304490227675256,-4.110035853454116,-3.7074571070512206,-3.1197391661118092,-4.45939298247401,-3.5453854421733073,null,-5.2858361734159125,-7.309932318094039,-9.426812801897022,-6.253989634114241,-11.784344076906562,-14.01213628930191,-10.64716285824323,-12.224098829563294,null,null,null,-7.533677075349655,null,null,null,-6.7422154615209005,-8.877950786705435,-10.012172093483992,-9.09981645430123,-5.656204627406453,-9.653035496645435,null,-7.782366615265595,-8.743663197129774,-7.948350410768578,null,null,-3.4379660163746624,null,-13.838505382020692,-4.385834734536682,-7.216738371368655,-9.59694905898548,null,null
-4.8833619950056,-4.754054612125235,-3.129140661729167,-3.6654968770179788,-4.757202504365871,-4.23553126246348,-2.5759267826583843,-4.871959860075351,null,null,null,-5.981771559547237,-9.228715311732229,-8.294493628165037,-10.345428360229713,null,-12.139479627475904,-9.41824657804365,-10.166162357453462,null,null,-4.879146216100945,-6.010548650570285,null,-3.055863469864235,-6.720181692213885,-6.041012522347597,-9.405928158728093,-9.599696048338092,-8.57547244587381,-9.28679791565008,-10.328497460845831,-9.687637052523165,-8.08636177559475,-8.897508643998226,-9.85959900409767,null,-4.583686023521842,null,null,0.6109844766990508,-2.0485299283413765,-7.134361039088964,null,null
-1.6370402638791763,-5.8009774873959135,-3.691980313657929,null,null,-3.6956474966113113,-3.6387310549458194,-2.8077722717746623,-8.161268946701265,null,null,null,-4.957166140635273,-12.029055736886445,-10.008658504514164,-10.657320907709074,-13.747607511024626,-11.006644480312318,null,null,null,-3.9437985310804375,-4.689543668749625,null,-3.259881982039093,-6.298578952335458,-7.421621307681358,-5.5628256520961346,-7.88507433104499,-8.936578963687987,-9.905534349650294,-11.024261763283087,-8.683684294147879,-5.749715542584628,-9.027687607336325,-7.8556194680363,-7.768548556919682,-6.986220363709385,null,null,-0.5963607253716592,null,null,-5.986466502570351,null
-4.665164323601917,-4.294023687041754,-5.472518469099924,-4.504700945106072,-4.604387906984491,-5.053727701948116,-4.169391406357155,-3.440051438065754,-5.47537575293353,null,null,null,null,null,-10.69649372419022,-7.897278919540876,-10.807992117378515,-12.777586081871952,-10.508190605268188,-10.898533189388615,-8.13462011484718,-5.721197143102691,-10.122884999630601,-7.1226218387954345,-7.444855861376194,-8.975563070362993,-4.653252147441534,-3.8963677151930245,-4.6910498817497945,-9.496307411099549,-9.892372241870413,-10.197857091826805,-6.9100978077609705,-7.973137017198666,-7.131976372590158,-7.754249626353749,-8.100520509081221,-7.542562843757887,-7.466653987709551,-5.747277790995208,-3.845182889954885,null,null,null,-2.186943104309415
-5.206993239660456,-4.033972050966419,-5.387947948212762,-5.2266112298404215,-4.863379287707758,-4.649310842767234,-4.660331899192793,-4.287674286447325,-4.101303829202325,null,-7.247740366738915,null,null,-6.056251784257293,null,-9.362550040764932,null,-10.942228959080618,-10.736506602493197,-9.549334622801062,-8.827781408920353,-11.109171038359905,-12.45480173781706,null,null,null,null,-0.6971525881969534,-3.0308049683541998,-8.093302526503338,-8.615987439248364,-9.196531147500526,-6.620203143918241,-7.676879401518008,-7.290329632611082,-6.422885439634542,-8.229872955342577,-7.792532835139445,-7.688299402490982,-7.695263175284086,-6.071388547262349,-5.603041071032297,null,null,-2.3817744891972197
-3.652478983122516,-4.885142883474232,-4.729057786922128,-5.25267374483802,-4.257489945148323,-4.330344998663998,-4.218202250331207,-4.171095073497671,-4.729981684186853,-4.69044609987929,null,null,null,null,null,null,-3.2669023287354753,null,-9.988218581046237,-9.599300410095694,-9.76077550442277,-12.096349292722987,-10.85594962681945,-8.180360622611113,null,-4.349353326743568,-2.6990750847401257,-2.5949979256775237,-3.691672324379675,-7.038522135798487,-9.285620103367147,-6.85917629984368,-6.680941698268981,-6.343374786053602,-7.967100008140689,-5.821893714159523,-7.629743501560701,-7.821143611548606,-8.984967994182094,-7.369876310584654,-6.713808749518589,-6.218889775271656,-7.045234835478489,-7.526463425850287,-5.858563071847565
null,null,null,null,null,null,null,null,null,-4.2937656896239185,null,null,null,null,null,null,-3.6143231821906685,null,null,-9.686514528067022,-9.488053373828025,-10.771537854965663,-9.323821031508844,-7.769986080421256,-7.941840149649703,-4.994221138175589,-3.9566680266751373,-3.8524676495089403,-5.813436953785922,null,null,-3.788988013313036,-4.833064971846421,-6.079805209449326,-6.713447274517401,-6.020313492955212,-7.026781349420867,-7.023458162983584,-7.624456715787458,-6.594341576646762,-6.9718721579644365,-7.52069637833636,-7.359979904619282,-7.629895871184654,-8.794462265057277
