public/json/wind_2018-09-1603_925.json
{"header": { "discipline": 10, "disciplineName": "Oceanographic_products", "center": 0, "centerName": "Ocean Modeling and Observation Laboratory", "refTime": "2018-09-16T03:00:00.000Z", "significanceOfRT": 0, "significanceOfRTName": "Analysis", "parameterCategory": 0, "parameterCategoryName": "Currents", "parameterNumber": 2, "parameterNumberName": "U-component_of_wind", "parameterUnit": "m.s-1", "forecastTime": 0, "surface1Type": 160, "surface1TypeName": "Depth below sea level", "surface1Value": 15, "numberPoints": 4800, "shape": 0, "shapeName": "Earth spherical with radius = 6,367,470 m", "scanMode": 0, "nx": 80, "ny": 60, "lo1": 109.0, "la1": 20.0, "lo2": 116.89999999999955, "la2": 14.520000000000117, "dx": 0.09999999999999432, "dy": -0.10000000000000142 }, "data":
[rows 0 to 19 of 60, columns 0 to 44 of 80]
null,null,null,null,null,null,null,null,null,null,null,null,null,null,null,null,null,null,null,null,null,null,null,null,null,null,null,null,null,null,null,null,null,null,null,null,null,null,null,null,null,null,null,null,null
null,null,null,null,null,null,null,null,null,null,null,null,null,null,null,null,null,null,null,null,null,null,null,null,null,null,null,null,null,null,null,null,null,null,null,null,null,null,null,null,null,null,null,null,null
-3.231909696835895,-2.8795877137090695,-2.7718371411985685,-2.7352156454670924,-2.63836943297485,-2.325115547658895,-1.9313703700209675,-1.7407376334935596,-1.3856166244421373,0.593631993761938,1.0179072992298417,1.2755163711213124,0.8360297286290067,1.2028584779438323,1.0886264428263734,1.4289483461319021,2.3522010723956743,2.739189109150173,3.974138515666734,5.330816621870753,5.857379024543305,7.238294970372292,8.889379239741917,9.872216282847516,11.124990880624907,13.016039942216791,14.323057423676024,15.855094646245371,17.425459496363413,18.434382934904946,19.418852053756726,19.762215254415405,20.152506935337072,20.370083003795894,21.384052603348522,22.388412077700423,23.34415684664312,24.954385236503978,26.40265646152588,27.905184351325396,29.243590856412684,30.767111863768108,32.42425794741443,33.89327778146329,35.222127481184366
-3.216645049815849,-3.0707348121152798,-3.410364683614834,-3.5337620278613744,-3.951105862485806,-3.5788070232776503,-2.6244152159259704,-2.712445599069234,-1.912693318703519,0.5844403966473655,0.7810002386543057,1.6019905792488975,1.2818022999780083,2.07584064135715,2.848181197053908,1.5053229233044658,1.0843076632020312,2.214028182655604,2.6645503075680703,2.591245852354678,4.723027649162132,6.024944620538105,6.6991999875230945,8.705506471633079,11.474195303306383,12.617433647132168,13.89340494311201,14.818399006179925,15.614769479313324,16.65130423014303,17.665792531021474,18.837180604658876,19.433406355617727,20.32718410062327,21.58985508370896,23.51791836339805,25.85130703149326,24.853655944762448,27.79490738482032,28.51517898399598,29.622419287072915,29.75568329385913,30.195677537098017,32.94989323521603,32.16022584103968
-3.229006024095419,-3.7671596927541264,-3.8706348704255906,-4.2660180459968124,-4.861092495317169,-4.009783050223071,-3.2541952518103665,-2.8224827653294935,-0.4060497085806164,-0.2878772888884843,-0.42747966014917155,0.1217125549744746,1.1737301568692093,3.483075850074514,4.202514966070135,3.7256079852123034,1.933838761967309,3.4848429335906275,2.905368654684684,2.076111019938495,2.98553430312353,2.8806859733133705,5.472834063161654,8.436616646800065,10.45177015123327,12.646570547319843,13.472119963827375,15.105744758779865,15.905322175973021,16.361483292648813,16.989396873385196,16.938008881048923,17.749099005633767,19.567463220499015,22.060653361387015,23.965859319756447,24.41429791893722,25.785619083795858,27.826523895682534,28.18984292559084,27.408546885531862,29.558827327180524,30.75450724126583,30.545518508902333,29.108033775788094
-2.93852750131392,-4.028733813097676,-4.188640696526015,-4.913036691071864,-5.245644779127566,-4.30583170565299,-3.535707332791868,-3.3429971361990525,-2.6347765342291694,-2.1739876970008307,-1.3440850359151828,-0.5335153404702118,2.1511750720205463,3.5776558362364455,3.7945884404183206,3.7120975701762653,2.9932107483870967,3.434074428643843,1.7720825686747235,1.462122352197208,1.6546228443432975,3.3885417479100806,5.689383854631341,6.669175803838344,8.5516106045568,10.896821724330536,13.14673797486964,12.931068005207491,13.292157578858227,13.752454912037987,14.219064836603804,16.258105478143797,17.523055218243854,18.794459330031696,20.96777304264162,22.871911868844347,23.910342875361337,26.11343254906273,26.675718342394084,28.213684778455512,28.49055723661599,27.17173714019974,26.382626461927924,24.382321807971334,29.32208082315696
-3.416263154582586,-4.3277953206814646,-5.012355329813303,-5.337619594396515,-4.988571888486683,-3.9840354208576803,-3.8313624055585556,-3.144250950089283,-2.605834704075285,-2.858030817044768,-2.1622675756840293,-0.8179661521184981,0.6079091524919391,1.350797867567158,2.1902633492664343,2.00888452359304,2.288460867086732,2.9713884628790077,2.2337786479849204,2.6878048141605033,2.9917126943464796,2.9629733281460577,4.95670842673219,6.241128659222465,7.404020248924075,8.64859725123831,10.665660200575784,12.049972509928056,12.061977019960185,13.262977685757766,14.127446369352858,14.347887421524073,14.19413958342805,16.982015760533134,18.591738844020117,20.369880826899642,22.579068071965377,23.766830246940287,25.816167915371608,26.132803159886677,24.042266664364234,25.659442221466183,25.437415621697355,27.3139177616777,26.64222133283928
-4.349968340901514,-5.041042244201112,-5.359832648610098,-5.026549220049037,-4.602932509715806,-3.5743108961932806,-3.3359966492829107,-2.5678843011961288,-2.392180342791303,-2.203607209117848,-1.9105659757941396,-2.1006237219417088,-0.6631774560707075,0.9659056585349943,1.770010654959815,2.4888700941798327,2.1710410244963247,1.544747493067062,1.6961650028170996,1.827973396771924,2.4007181035412084,3.2774958958503237,5.576299843368382,6.595934894119783,8.254730929449504,9.92220216140974,10.332929357209435,9.765381275401614,11.043539918916396,11.8718263069651,12.797092096419874,14.983043515949706,16.376333310900048,18.00383942877914,18.23329520545894,18.994680996703828,20.322074331717133,21.224472571356355,22.49376717837285,21.98188477284619,20.306676082334505,23.18424092205862,24.092380993306854,25.557904752980733,27.153272656529936
-5.413262106821652,-5.430721231231347,-5.374583564906269,-4.874910024288309,-4.4911808594481455,-3.863966608779869,-3.272973793163015,-3.246050679332188,-3.232003493154523,-3.0974223011974686,-2.410133631413468,-2.3229367784411794,-1.0380599725927395,-0.4631151473101695,0.3117339835717798,1.5986267111978032,0.967884872434171,0.7630201743746525,-0.021104768428482922,1.3656474098355662,1.597746856076261,4.4041813143242186,6.873350631632147,8.788312702398446,10.295660764281578,10.175741224860872,10.054889092992333,10.714723966211604,10.700303411089688,12.180705885225436,14.64941231797858,16.20191078606437,17.89541286876908,19.237079035868195,19.969650079364275,19.84102292641872,19.05815263004938,18.019204066167735,16.197424671777174,17.995644726147702,20.18251081212658,21.659806258716827,24.18022309001053,22.839274889772945,24.544916500735976
-5.987830576090311,-5.356504202261264,-5.08380634077033,-4.638389996003724,-3.66742759003565,-3.1694921010927786,-3.322947027697703,-3.558658213759099,-2.7588819996582696,-1.4912750049473273,-1.4483763370702707,-1.0954657883438474,-1.5980236652589979,-0.5280172463264344,0.005143054462482852,0.3747813977514452,0.12860098186090943,0.21562693213446685,0.2932379015079062,1.0766076899186587,2.8368563400517037,6.289919565879726,8.5271239070467,9.11818328927924,9.520158838707736,9.456943357478693,10.38092172716152,10.593726928473448,11.020539198170274,12.775303971966213,14.259087940200086,16.247413759296663,17.088711010008986,18.06793080375271,18.802529891024,18.835531778793197,18.22863400186735,15.29813618557543,14.708255478512262,16.155468386537127,18.87955653979723,19.91617383389784,19.46590613294605,17.79436028369506,21.617192973078563
-6.166405994981339,-5.530286822434473,-4.129967410637383,-4.051064643424122,-4.293221211187267,-4.007255287792469,-4.239379582490757,-3.6070219392592624,-1.8581115198550893,-1.466124639923166,-1.149068101994588,-0.8070904035904447,-0.35909529274671537,0.4252748443575801,1.1828734545198716,0.4777518671461875,0.14359321085752436,0.5828660819811318,0.7492272013755653,1.1520320346000579,2.8620860003487802,5.886636878455905,7.721615811863389,8.553406548203501,7.428633485972269,7.910671212463888,8.900687721496942,9.213336306225877,10.06458452673258,12.013209914709815,13.540111932045306,14.623574027606516,14.843021662444706,16.133951811768064,17.076912095496347,17.779784856233096,16.386057356499894,14.677313695488614,11.432828673430727,14.05249941491962,15.69285856327913,16.274037628679164,16.643113437464915,16.350240024410727,16.394000132205175
-6.029891395738396,-4.8604443213869155,-3.3718067336491444,-3.3487063850977803,-3.6864285768167564,-3.8946898119184183,-3.5289555665291785,-4.004098356469868,-1.9496779228419798,-1.5244461646095258,-1.1840613637358264,-1.6881100733886771,-1.162197695820378,-0.5055442069752355,0.034921250070717794,-0.7566074028605281,0.029559663804931396,-0.19487783698165692,-0.3412694751644203,0.48598234280927344,2.9795288841114647,6.084270682221582,6.45596098916968,7.147456637676157,7.732430428903678,7.656751060174772,7.771382172072581,9.070361365229392,10.492993477983337,11.973966445879702,12.213315163885829,12.78041946382153,13.4239003853894,13.347465038888354,14.691819120091816,14.484832548722746,14.931554888531034,11.742266507589967,11.460732953983554,12.2969590115718,13.214765672978672,13.450334864690928,13.524561232077863,13.332142502219508,13.496529065067032
-5.274108548688462,-4.428869547014294,-3.1848725723485387,-3.6714823831924432,-2.917678003891515,-3.513868809257312,-3.5637702268942033,-3.43921492752843,-2.281293338400513,-1.2399876543987396,-1.2526280503389873,-0.9338090093288373,0.22713714097533144,-0.2766332845437997,-0.7560049443390685,-1.383473060350151,-0.8213500200347622,-0.7424871449477597,-1.1180809000902587,-0.7656350491698809,1.549266528979679,4.8089354380059,4.6711024168603155,5.25646615716558,6.730560943850572,6.775320474559468,7.718523331427572,8.472028800496373,9.90006519050612,10.98043323027757,11.177985980502637,11.588647867501361,11.20504636940247,11.880058641174173,11.39057234670871,10.82412762183835,11.942277618120006,9.482899624065197,9.203498139596709,10.187218597202039,10.89904625840343,12.983312019389892,11.117305586963667,12.380437134903564,7.954925063737127
-4.457511963646748,-3.942656385237002,-3.346851335969224,-3.020197024332884,-2.399930714708365,-2.512046912475782,-3.5239916742662087,-2.0676621553315644,-1.9612110918628836,-1.6844701950113234,-1.014168044132598,-0.4370440580340962,0.19206879819190628,-0.9911441534918446,-1.6732519212370065,-1.7972821362197704,-1.0699865972618485,-1.5910089059567782,-1.728317101637511,-1.0795439612523001,2.536086642019153,4.709073778808126,5.372337834158927,5.011241037983331,5.059960407026757,5.167732410817859,5.775311579518415,7.073748797821411,7.78694845100045,9.176644887307488,9.343992193317755,10.079839893275397,9.170524398600307,8.787965800765075,8.395957901954304,8.994835392267724,8.829517062307009,6.272206687995894,7.236157167264066,6.996591006785158,6.8549858369226575,8.209919331552598,8.168597187035589,6.136238392405693,4.309544207230569
-4.234851846786109,-3.3138416268820223,-2.4967417065967386,-1.9640520723716302,-1.4082422412144506,-1.6125437532812719,-2.50839865419032,-1.5661768872598008,-1.5261499168985795,-1.0457877601329222,-2.0329501477763605,-1.3576735568456133,-1.2764286414980488,-1.2419418289864312,-2.1446663810374353,-1.8557127070039274,-1.2146851355300576,-1.4645969208745575,-0.5637609735242017,0.39968381526336116,3.4797906041817215,4.767402811442118,5.1730487163966075,4.750352655526649,3.5427016416416692,4.1803953198896036,6.114673442987987,6.937535592384698,6.22900093249322,6.9018116925773,7.132104368968988,7.484697755168372,7.3439339079214,6.817072390562931,7.78379706692915,6.586266623513154,3.691171995892539,3.908019416394332,4.668297807175045,5.775574020784518,4.607416597209158,2.1345889530463715,5.017670583165102,-0.1246855054087661,2.9243362958545713
-4.279343769983717,-2.988349304035459,-2.277708374644619,-1.7142895499567827,-1.2300691732543316,-1.7649090775892495,-1.6613206544528556,-1.6555806145707679,-1.675977468752208,-2.4382539712958606,-2.659144440991376,-2.1428042740938973,-2.3896734021520136,-1.9875758037454094,-2.7518631603745254,-2.273454034931755,-0.9838515784767954,-1.00187789168176,-0.08131134492364617,1.833328873879867,4.6043854589504045,6.514882691296489,8.195427484090132,6.46763302967039,4.677272196675339,4.302813736403618,1.1960820397701843,-0.6870004356794362,4.29743033354488,5.9172122413767925,5.80892276586804,4.7352923202860335,5.144744636442318,4.731325188543138,4.111126990137853,4.03237646173155,2.422881408303712,1.500317723468802,2.0786668814749643,2.2788520045885314,0.10594623588025126,0.06770040654614583,-3.6061796890580933,-1.6528688460315881,-4.979143849148441
-3.631871791199266,-3.516020082659972,-2.3084905929064496,-2.155282364189227,-1.514808638110302,-2.2803083745657426,-1.4163693131314132,-2.0023326217954223,-2.097080829884021,-3.0751044155475524,-2.9954945618608106,-3.3014266257705644,-2.519935019606252,-2.49420594214377,-2.392199114830471,-2.346591718410217,-1.8986063697730007,-1.0321631472010016,0.6999034372382806,1.7482465324936387,4.736575801925075,7.011401734299259,7.031877758349503,6.783055105817194,4.352806145892819,-3.2426595981480912,1.440104281910908,3.952856099382603,2.533745256837461,3.2498724545378015,3.354855008805369,2.7372408327898077,2.4446166952080857,2.6066764791954653,1.7453723988933243,2.173643528423892,0.4574562664613245,0.9186368089877153,-0.20968418812762746,2.2554869889228377,-0.10444415956540595,-2.4236006878700507,-1.8829580534979002,-5.203788505856805,-9.275856162826834
-3.667317673234324,-3.3220102238792006,-1.9011359594475976,-2.760800430386605,-1.836353769934653,-2.0845157502565033,-2.281612810082149,-1.6621782890979764,-3.1939185319119883,-3.1117850895139876,-3.3952517768622537,-2.4670871341856224,-2.2550309423281805,-2.3812646457946878,-2.291709638406053,-3.520399200211351,-2.0412012977043643,-1.320344454505201,0.4698387380143376,1.02470770269937,3.1468273343053705,9.689743484080095,4.466077192847568,4.811791431374121,4.36106676141193,-0.3329756687882237,-0.3638637741521121,0.9908928901645918,3.4981178301425038,2.793368793420182,2.335280785009842,0.8959046778547807,0.9752925494479172,1.8213066250853545,1.695462680585956,1.0286504680158584,0.11041024648073426,0.00024095135054362504,-1.0763632679271171,0.30373710155613187,-2.3235866250973993,-2.6315196245987185,-5.866684425766418,-4.791772925554634,-9.092908519134248
-3.4078487111414097,-2.6231033592092867,-2.184024241896146,-2.3405143091121094,-2.3198181251337893,-2.7504781697828324,-2.920683735741981,-2.323474845900872,-2.9040721986658005,-1.979044794153681,-2.921212229987348,-3.206805661003834,-2.285684962929457,-3.172270164864135,-2.7640957477191646,-2.654299293286787,-2.436518500621221,-2.224528425555615,-0.5583199055507704,1.0751378629190604,2.8428402274784457,4.87311765955226,-1.5336200283026664,1.5759074383415694,4.071695019772251,7.967940824844934,1.5532320261489558,1.402398442392074,2.2425339917201494,2.3273345299710577,2.380582451132862,-0.6366076741419648,0.23313842105056165,-0.20665382725727882,0.9848147820524393,1.3761364883563483,0.4505527258765638,0.45330805771710564,0.44286727749304555,-1.2156536831159177,-2.3995859868825065,-3.0126144345096266,-6.336487303903889,-7.912502552406272,-6.559412601244206
-3.060518948910726,-2.3289344671073966,-2.060025765799298,-3.1970264877170824,-3.6537230726471357,-3.2542451612538255,-2.4478890204634918,-3.7606085651047074,-2.6423710695093545,-2.5476945211971245,-2.3158568643942896,-2.0470204636652256,-2.899415519183062,-1.1789217098980151,-1.4474843113555975,-2.9169084515968295,-2.787657382951349,-1.7382260782062562,-0.8815175577699312,0.7743998294002551,1.0594820628502077,null,null,6.632006700534295,1.3018386212559836,3.4355147557388457,4.974192729319495,4.456487477569457,2.0529640733617747,2.5111343762050686,2.2031321662969825,-2.3920350023738677,-1.1265063855036628,-0.9425934215380591,-0.015085848354440552,0.5553602963246845,-0.1369171720375691,-1.539167580431886,-0.4388059821599803,-2.7531920659771187,-4.242989064608875,-4.3880386453576845,-3.780922675641311,-7.694672837957949,-7.430380351132179
