public/json/wind_2018-09-1514_850.json
{"header": { "discipline": 10, "disciplineName": "Oceanographic_products", "center": 0, "centerName": "Ocean Modeling and Observation Laboratory", "refTime": "2018-09-15T14:00:00.000Z", "significanceOfRT": 0, "significanceOfRTName": "Analysis", "parameterCategory": 0, "parameterCategoryName": "Currents", "parameterNumber": 2, "parameterNumberName": "U-component_of_wind", "parameterUnit": "m.s-1", "forecastTime": 0, "surface1Type": 160, "surface1TypeName": "Depth below sea level", "surface1Value": 15, "numberPoints": 4800, "shape": 0, "shapeName": "Earth spherical with radius = 6,367,470 m", "scanMode": 0, "nx": 80, "ny": 60, "lo1": 109.0, "la1": 20.0, "lo2": 116.89999999999955, "la2": 14.520000000000117, "dx": 0.09999999999999432, "dy": -0.10000000000000142 }, "data":
[rows 38 to 56 of 60, columns 0 to 41 of 80]
-8.481960575926497,-8.76320058647417,-10.593156147267372,-10.368075958404738,-10.171702754099517,-9.027912637310406,-9.453819929352647,-10.123422108653534,-11.13994269022547,-10.344662259128272,-12.32827172240367,-15.918609668466189,-12.69157343375362,-12.067697378554863,-13.812608916451815,-14.51176568126936,-13.82179264344412,-14.001605871350009,-13.85505862936234,-13.870764306883991,-13.180604219918727,-13.73215983908422,-15.357966337333055,-14.528661499975849,-14.110977486471171,-14.075270933545994,-15.132564439481975,-13.721101886938257,-13.286062398340885,-13.588545709128928,-11.912201987805533,-13.245502402032702,-12.570839313150639,-14.050528636028764,-14.67330525127898,-17.681354660830042,-16.684726563124634,-16.841625517820894,-15.560781188494328,-14.083018471198704,-15.559780953117603,-13.73241423324497
-6.25948546701517,-8.48628570150877,-9.055528884273867,-10.34896655561823,-10.688679256053344,-10.658882004628383,-10.624895989789074,-11.24383646661369,-11.450367493019769,-11.099199545690174,-12.16656253198571,-12.612688168451793,-14.162109681150508,-13.610281753585749,-13.478833902339415,-13.90979505461364,-14.086690008205862,-14.557554177968552,-12.880346161167449,-14.740382659376612,-15.253803070902784,-13.579579429077613,-12.442251001062878,-13.16739719557576,-14.237507647275333,-14.039897632440724,-14.515615439682406,-13.845827511540566,-14.154840699015137,-13.285932538821736,-12.16189625248182,-11.916766265410166,-10.547797450979303,-10.952164996431728,-14.531912934518754,-16.167902940245863,-15.159811814187476,-15.057969700973288,-12.2900429885477,-14.786539025234584,-14.852891894540917,-14.115388664186309
-4.5674518538412485,-6.805491937381507,-6.983568026579197,-9.537891439913656,-11.176978163978466,-11.496297631537413,-11.345986792014168,-11.477457831715263,-12.000173333430551,-12.19716157558884,-12.168868535995959,-15.037276140357868,-15.536995103865692,-13.260307741278378,-11.968023859508143,-11.817746776636422,-14.000362879187175,-14.8671599604503,-14.279002640385293,-15.75682448248414,-12.843509847829218,-14.980951385840847,-12.395848393723918,-10.888336742341064,-13.896501220266273,-13.951902696615827,-13.11762297860772,-13.676390666587633,-13.811446560598437,-13.389922145557453,-14.108494287677722,-14.22767457625145,-13.37658631074109,-12.609924487661873,-11.245777830904817,-12.965782228043027,-14.021270900636335,-15.680695395026973,-15.583620403919184,-15.282819251364733,-16.097905330705895,-16.451394817302866
-6.0797079629480635,-5.906853681372913,-5.750797181931181,-8.224527958736866,-10.688424151395727,-11.903389020833982,-11.381801005680327,-11.250350241488748,-11.748455652625545,-12.472735341712788,-13.460306752510785,-15.976428153385028,-16.324724149422526,-11.919309863834712,-10.660168535531705,-11.687171818245972,-15.018234548921928,-14.700417505506813,-15.470380424067613,-14.859408104230868,-13.979521017651109,-13.403673246057533,-12.614817035571441,-12.110389282470763,-12.415375981961772,-14.107234970869534,-12.663415142380993,-13.135372086418583,-14.041646597862592,-13.933022474868592,-13.386747235383822,-13.312724144713597,-14.113666509238215,-13.863327740332316,-14.516022507257656,-10.920236139534179,-10.539015494487247,-15.144204453798082,-15.724765592792597,-15.989661310346351,-15.173201372099282,-15.931965265927474
-7.241088177299089,-6.037559138726799,-4.995982834346723,-6.380001976582807,-9.398581058389405,-12.164955481036364,-12.181456389959958,-12.92285766078563,-12.454221748955929,-12.111063300767047,-13.675627256237899,-16.008080521748454,-16.557988961413756,-11.56901918222503,-10.688602078645044,-12.857264003326687,-13.471581348155674,-13.98465056922143,-14.594055828547972,-16.164938532562292,-14.843052333120193,-13.626075575321725,-12.590968358952814,-13.229782463061369,-13.05816904416238,-12.755624841040056,-13.309708750588527,-14.496724059075401,-14.724277168796803,-15.38639740955066,-9.679991919530883,-13.791147798137589,-15.00885581003435,-11.063210826948845,-10.067062741221086,-11.11770781182878,-9.013551027111205,-12.750479962238511,-15.210863899265433,-15.686110767865344,-15.078762193078996,-15.59630214705368
-7.544416275243806,-5.922450773184024,-4.6936149512176035,-5.253334422978549,-8.504807291380411,-11.206351457124395,-12.311407628150858,-12.94567756788234,-12.902612023209342,-13.102435655024697,-13.508087492307915,-14.795979144095664,-13.951890665310223,-13.224731295919021,-12.089077552705662,-13.094945481926132,-12.272850155589273,-12.3946678555387,-14.598005590841447,-14.366736858380165,-14.749869463851978,-15.100928478544262,-12.787849658949124,-13.085228418396438,-11.873975428912237,-13.779278535312315,-14.584886670006195,-16.38831707279011,-14.693457525816399,-13.789410196063951,-13.738294373183408,-13.808742698412164,-11.496126538595624,-8.992407112537286,-8.132788884471186,-7.395863172766162,-13.579128989292524,-14.27273958548312,-14.458495748828224,-14.970148554747636,-14.702721785705076,-15.7031234530909
-7.689657122979483,-6.81236434266205,-5.655616946047228,-5.580854848201941,-8.094602898750638,-9.910921293473885,-11.676546093129371,-12.430545126050044,-12.419972950960071,-12.605433283118147,-13.830688205420252,-14.623018946946832,-11.637926276860192,-12.720144511944598,-12.8880829051981,-13.471780545607029,-13.550286881662934,-12.664228220157174,-13.893208473005492,-14.705040541094382,-15.578996185167988,-16.244124972189148,-15.175175967184657,-13.607915371974467,-14.080478092527894,-14.735051588676686,-14.91015883599548,-17.700891835647084,-16.15576769691093,-14.595622517994327,-13.74942113675397,-14.272240775964407,-9.751225282318362,-12.427353501297866,-10.799919255067902,-9.747209496514522,-11.190284234637092,-11.555246354682826,-15.780771332188685,-16.706703324388798,-15.931864595365077,-17.370937794101508
-8.542428612044665,-7.614224041229885,-6.908604461567601,-6.252510697486523,-7.854338857202521,-9.785990847872554,-10.011820948059828,-11.240833838666527,-12.349771477917116,-12.33207574377969,-12.724171971345582,-16.289012134806967,-12.027649041832245,-12.50514549793418,-12.195991233455443,-13.6347142136034,-13.59550950861136,-14.049080695190938,-13.970768752531182,-14.48183126744659,-16.867037682757562,-16.959429532703926,-16.154161998460065,-14.967917756306313,-14.021666070180569,-14.951814112340546,-15.378820946110359,-16.749099714018097,-14.233497494144574,-15.166169610111137,-15.468709753448161,-15.309813316857833,-12.29544899074667,-10.56437047030429,-11.916148280114621,-13.29687078098262,-11.452561118858114,-9.349639022127974,-12.98624969656679,-16.0092641032517,-16.680305117861003,-17.430299185536157
-9.230236354450179,-7.795161507339859,-8.009731995740454,-7.423356483206764,-6.434396810866236,-8.919814846406842,-9.879507955401706,-10.936123903183045,-12.729216229573236,-12.724076210515873,-12.899023370084377,-12.88495391360605,-14.202282441352335,-12.215022560791704,-13.447751227154551,-12.85780637248039,-13.85926281078789,-15.190035362469274,-14.328834114383287,-15.634369060104396,-15.929210889681663,-14.788654735816293,-16.522650001522727,-15.138664516154833,-14.506158655476204,-12.166582993113146,-8.462548275446897,-11.537636848115675,-14.662257963708917,-15.111077031205344,-15.745865046014776,-14.940889177509135,-15.473143923043459,-12.093047451743818,-11.669407103609785,-12.523680340554513,-14.958170470365882,-13.08542710923238,-10.739618295387302,-10.24667768238762,-11.808205379631735,-14.802132991301788
-8.398168549964915,-8.32868962409589,-8.131575754150479,-7.139753115543853,-6.571283092210671,-8.443068129198076,-9.76785595880177,-10.988347766203592,-13.526131387313123,-12.559689581778025,-12.97374268742972,-11.844701963593252,-15.119168637686307,-11.349302855126203,-12.30648663678636,-14.017571335562565,-14.030009802590644,-15.902589767620999,-15.38452800459928,-16.558488353996164,-18.588476492368212,-16.180940146131,-13.931542124208441,-14.991459225098652,-14.877998321189164,-13.74230489216557,-12.055842860678043,-11.120556188396984,-13.368899998944629,-15.476353606410557,-13.615838989653204,-14.919678185367905,-10.014097752616856,-11.610512542781857,-12.526348357461245,-11.786784072685757,-9.936544852298056,-14.418847380275341,-14.515642775874541,-14.60685295013425,-12.956338647725872,-8.08324875693787
-8.033109047896692,-7.994822099360108,-8.182993728874848,-7.377098858577375,-7.202428565180632,-7.267177489073189,-10.0557170319681,-10.27291456936908,-13.78023804830295,-13.822340670706073,-12.314258693639804,-13.261411382972948,-13.344398010596006,-11.065011681585645,-13.237873619127665,-14.070253137335051,-14.978096783301561,-15.879031090416662,-15.931394217133992,-16.60302864636446,-17.25641010290581,-14.934587614919446,-8.773584416393913,-15.14240584703721,-14.344581093286399,-13.916001479323066,-12.34572377664245,-13.19704503459861,-13.08819321171616,-12.513915965410943,-14.836799476156996,-14.4092027966244,-12.29324285121129,-12.733999818239326,-13.148528664949566,-12.567873003810723,-12.962506810182486,-9.62690101566541,-7.660427347912632,-10.64561301120506,null,-10.132152432619904
-8.995450955026586,-9.192147583851224,-9.586143565471144,-8.74774068238243,-7.447554917159424,-5.02484980649184,-9.529246840310643,-10.745502447677785,-13.869060553483688,-12.21020742252377,-12.548354854508844,-12.816487606880175,-12.566490789357918,-12.11928621611343,-12.539916896323257,-13.890481870763889,-20.665359853816895,-14.690448299909319,-17.486523401097166,-17.25554522890542,-15.260331354252472,-14.453938000418395,-14.19115925245406,-14.710163567892925,-14.761650626529145,-15.148484785435054,-13.556294096439519,-12.525511049735965,-14.039612106252434,-14.16029965035614,-14.69908604314955,-14.70036793869411,-14.347428648125359,-14.650059264341596,-13.803571957116594,-14.209686510057734,-13.447824227289477,-12.000326298258479,-7.886171293468939,-10.151710090702801,-8.556659537441682,-12.18025759845338
-9.795589652519118,-10.441276663574676,-9.90426585572325,-9.819186896525308,-7.72460455118076,-5.3022113010362135,-8.031586707641063,-11.16759877163723,-12.283469742488434,-11.592175439359385,-11.993455389533873,-12.395040553335612,-12.940040169166373,-13.142118473121972,-13.602780461578234,-14.649962134085017,-17.113495863363937,-15.066702629386487,-15.904274617119372,-15.721645069101964,-15.94360827556978,-15.651503334546337,-15.507623813542661,-15.850969760666894,-13.947127005900253,-16.15453566942334,-14.09882306815311,-12.522035683311188,-14.218563612130023,-13.807069774914002,-14.294220003819568,-10.856424374653098,-10.577409894929184,-14.00236953787011,-14.577900634872439,-13.080862139810092,-12.356257007693301,-11.88942271200816,-10.457643268266294,-11.515639775822853,-12.425702352639153,-12.04742473761215
-9.02602874427171,-9.961005905775489,-9.729399899919658,-11.111629274690188,-8.923603706337236,-6.840192923145397,-8.848452856649471,-11.252490274022472,-12.199823162232951,-14.435783659557611,-11.371280703966008,-12.645738563391799,-13.53299484938891,-13.55476186180483,-14.668710151725396,-14.716599798017771,-16.839316220665424,-16.35686296748181,-16.114103161373166,-13.417029075870026,-18.49055622307701,-14.243624636642597,-17.1666636555043,-15.182766601508613,-15.735121034645283,-13.970648304329266,-13.324151923229891,-15.902043116481337,-12.328041021861251,-8.583959881988168,null,-11.080336976525103,-10.731658069140924,-10.438635954413254,-8.665584212752098,-10.740154760241255,-12.392264876721104,-12.842845484164954,-12.256672190917584,-12.325765608183975,-13.252461327775652,-14.106563416506376
-8.940169961401242,-8.617576254846457,-11.584043013168557,-9.186807207227313,-9.142958164112937,-7.676618160612575,-8.363980873653368,-10.272978681422517,-11.286223372269857,-15.917338249055398,-11.8437479105221,-12.689422426469264,-13.690157705389247,-13.972409069895608,-14.878278916057354,-15.889096486459216,-15.55602853099235,-16.51908171351225,-13.303769426126662,-16.399427656979995,-12.825548584658579,-11.045547710008794,-15.03135567553803,-16.376092742865012,-16.889233825474722,-14.805391288475949,-14.975832548339282,-14.428639650127725,-14.666585647799987,-12.33739649712787,-11.031862068558024,-11.098978173286177,-11.382286571124068,-9.251810357182892,-9.593144110855455,-12.008729203758499,-13.724045613576378,-14.499939928127853,-14.205602228088292,-14.209386932658157,-14.863284704423997,-15.013251080766436
-9.544436828177547,-9.22794450485894,-7.51783263462849,-7.797779845024981,-8.521464743504248,-8.254469326834258,-7.300342350949421,-8.504155304070956,-11.248871770714462,-14.924603128411057,-12.416328394834515,-12.49256760283347,-13.642120420405128,-14.168235313761944,-14.14784844077811,-17.33047910381716,-14.640489093010933,-15.371934691305205,-14.003018589925285,-12.627319468027572,-15.169824944201906,-12.945324925964005,-10.402396072496735,-15.417306299728622,-13.472756853097668,-14.738836832652758,-15.113426279305166,-14.806579074565501,-14.79225095440318,-14.273901142375525,-13.958903101165124,-13.173293827784258,-11.470981805414855,-9.94125619701179,-9.82411327413363,-12.018170479655947,-12.065051355187519,-12.680299765239097,-15.955691399846332,-15.598084247240187,-14.889129113824003,-14.596270940533232
-8.420896924087799,-9.34500563310489,-8.199473752980195,-9.081196802552228,-7.703042705752901,-7.694708246035866,-7.877051333512401,-8.423273918008766,-12.157338969746835,-14.332681962467479,-9.449410234220624,-13.395041529141771,-13.013558154239663,-14.738534467856745,-15.364173981633861,-16.809978082594192,-15.741535147938954,-13.962617889015657,-14.619799381966754,-14.136061925866413,-12.314614157107592,-11.299725658249072,-12.628638548190679,null,-12.547840666875285,-14.390797097667848,-14.826750889287734,-15.229774556088843,-14.96036185334633,-14.55605605136106,-13.627398534062115,-13.407529711342514,-12.861041592534404,-11.455821694208362,-10.355575140267206,-9.704074668097984,-9.489064155121557,-9.703368957531499,-10.218455781497667,-8.845449807562527,-12.066409335841985,-15.318151255000936
-7.283450019296975,-9.039338481918971,-9.329815722605058,-9.284789886857753,-8.623988907547247,-6.721213163773935,-8.08151121310041,-8.904251584000392,-10.784945293361385,-11.965977449950543,-10.676699860224446,-13.008913446540705,-13.068794853008516,-15.449290533356931,-14.4398214650057,-14.331505499652229,-14.051519833858361,-14.006809450014979,-16.555549758068175,-14.955684479390333,-12.638826475631786,-11.053675696626986,-12.664323242673238,-13.376790612875782,-12.387647894873862,-14.517883513877559,-14.642528116036079,-15.816874513933843,-15.51715266470747,-14.368042413133425,-14.268317025836295,-14.315553182529815,-13.783206728268468,-11.833333310287703,-10.959191121935593,-10.348056459819952,-10.180695827970688,-10.748882227015486,-8.971294992451853,-9.652629044582573,-10.233789687681067,-12.262566924144682
-8.107453791041912,-8.351888190634225,-9.266924007007972,-9.884450931537133,-9.810439710073574,-8.211552952582785,-7.406168900860729,-8.946068708602027,-10.376658383401514,-12.61258752613159,-8.460178891387393,-12.892297146444688,-11.40490929882192,-13.665321405284129,-14.169527801839829,-13.420483402836146,-13.885220924888896,-13.371678159276914,-14.249119689037792,-13.15666709638931,-12.588448026335119,-11.830251043785195,-12.66475909793837,-14.160236216836276,-12.906131678919053,-14.977961460575848,-15.49555867399328,-14.514074812151222,-14.29883820012821,-14.45189225824109,-15.183836783845427,-14.728030670794745,-13.69948203314736,-12.991198782817879,-11.891358749238165,-11.095489791725583,-11.300048084877817,-11.294610966745953,-11.556806291134667,-11.770397642889687,-11.911019174669851,-11.411966131620751
