public/json/wind_2018-09-1613_950.json
{"header": { "discipline": 10, "disciplineName": "Oceanographic_products", "center": 0, "centerName": "Ocean Modeling and Observation Laboratory", "refTime": "2018-09-16T13:00:00.000Z", "significanceOfRT": 0, "significanceOfRTName": "Analysis", "parameterCategory": 0, "parameterCategoryName": "Currents", "parameterNumber": 2, "parameterNumberName": "U-component_of_wind", "parameterUnit": "m.s-1", "forecastTime": 0, "surface1Type": 160, "surface1TypeName": "Depth below sea level", "surface1Value": 15, "numberPoints": 4800, "shape": 0, "shapeName": "Earth spherical with radius = 6,367,470 m", "scanMode": 0, "nx": 80, "ny": 60, "lo1": 109.0, "la1": 20.0, "lo2": 116.89999999999955, "la2": 14.520000000000117, "dx": 0.09999999999999432, "dy": -0.10000000000000142 }, "data":
[rows 22 to 43 of 60, columns 0 to 48 of 80]
3.926950275531928,3.315589394523631,4.094832786634582,4.8246429323282465,5.437576239740362,8.54042292649805,null,null,8.473504246757352,7.682876504586016,6.323397794613359,5.677389210987619,null,null,null,-3.1029739123072444,null,-10.464487853525968,-12.556867483099222,-15.556070628166111,-16.310960932636622,null,null,null,null,null,null,-21.578239752087487,-23.091856599870564,-23.04312993201201,null,null,-17.69994790815061,-14.651513378040377,-15.144741903698977,-15.700695909814197,-13.666136349467749,-11.65480683183346,-11.581198303638306,-14.715915996919472,-15.74909213289364,-15.24640105913471,-14.189061614566388,-16.24387797688914,-15.476492941742277,-17.079598590639506,-13.86339192575014,-19.365074354754732,-19.332418288885485
3.1533892192540547,3.130920149088873,3.3276143055452465,3.5221098830319106,5.8498508108556075,6.859771362759264,null,null,7.4908814826983035,5.925181298040268,8.042915374388786,4.145600066505376,2.427256192578669,-2.5562400344211333,-7.242744115460322,-6.933534046149276,null,-9.896227110553754,null,null,null,null,null,null,null,null,null,-18.946563724254766,-22.49461941553864,-26.598172237134666,null,null,null,null,-16.742990854350758,-15.426045299234033,-14.701179125971423,-12.867525771137128,-14.312361700462437,-19.217829474130312,-16.784696823318374,-15.764321678203222,-15.865245355641608,-16.92300895140078,-15.342643692791077,-13.048141697075597,-17.44923278281863,-17.491825908911203,-17.314692350977772
2.6315412371509375,2.69692709952421,3.3094996949822746,4.682878476206663,5.092882825582282,null,6.582090235643847,7.277302292679962,null,null,7.463212018771189,3.312749931336849,-2.457300467572864,-3.9462325702441245,-7.293672142450019,-8.680406391005045,null,null,null,null,null,null,null,null,null,null,null,null,null,-25.241375588607966,-25.601305836645842,null,null,null,-16.65523207541737,-18.068421527028573,-19.74002678858937,-16.208955068019865,-21.51396535463375,-21.38604484543867,-17.74040681991684,-17.909974786999918,-18.74955304160872,-18.265068837694358,-16.094259072221917,-20.532851655642016,-19.812857183910964,-19.012894024622444,-19.740342892715088
2.0031458616688567,2.2642783858344346,2.7358067882773307,3.924428825309291,3.3735824088424176,5.859076516708066,6.429039200377648,5.944570719479904,null,null,3.9604213831670454,1.5686247560697137,-6.401390886873399,-6.003798389853415,-6.092719352800931,null,null,null,null,null,null,null,null,null,-16.107888464817265,null,-30.09008494285354,null,-26.60618536393212,null,-26.396160116441813,null,-24.353965695199925,-19.06427468643831,-20.628753217779003,-16.859905254030856,-28.595708758093593,null,-21.94625126709163,-18.85580613853692,-20.86638963165568,-21.633619535594775,-19.598710179363245,-20.856465379907643,-22.772456689054735,-23.06378381925555,-21.390425021806024,-23.628079478675552,-21.8666643710064
2.008999995073194,2.1211878737705137,2.2872144867542925,1.5152623510384968,2.109175442894784,4.532079504616139,5.184638607966743,4.833748745445622,3.5194396917553137,4.394482057425527,1.7079604040999283,-0.28849125668279774,-8.170931802049214,-7.566223799937951,-7.475137951811411,-10.797001371104555,-14.614781360701107,-11.134105373755126,null,null,null,null,null,null,-26.296149082553804,-26.32682300075181,-27.558816283230602,-28.310306020567587,-24.79028055182629,null,null,-23.907704484961364,-23.407355585290524,-23.013532185704754,-22.02467256075162,-26.430580942862413,-26.459157386903964,-23.482041784546983,null,-19.79059553344954,-24.566584292728002,-20.992040836337615,-21.398598834159195,-21.373741288221503,-23.57795212767495,-23.808916430598064,-23.14019488384178,-23.38277216219514,-20.83994812267085
1.5932901808293591,2.1867821520596293,1.915906743402955,-0.3293656568255328,1.9477500220452266,3.4749055661222465,4.028771578286562,4.353432499410066,4.115178088950518,4.709910427162874,-0.36711504887714663,-1.8455517650463213,null,-7.588491256909836,-9.865424021357626,-11.200202759228096,-10.75496962309898,null,-17.307895117476427,-17.53693241612625,null,-20.667063952732423,null,null,-25.401269062684747,-28.416520178498665,-28.641014430400816,-28.51365504681214,-28.76275845438071,null,null,-19.95917727897037,-23.316998449818694,-24.03100891009689,null,-26.66592620742602,-25.272484194422475,-24.354414706087514,-23.982731118336076,-22.496768853152965,-24.60129097928556,-22.4411688540684,-21.046624915311284,-22.620883503506324,-24.156305883446443,-24.1462398199635,-23.454556489921785,-21.085054919504213,-20.312878244079403
1.4946276035918171,1.5789723729089964,-0.03117887132942749,-1.9274647304144426,2.2054201885108924,2.507716934768057,1.875971268938984,3.2535641728411315,2.993124675096919,1.5615751614869844,-1.715486004526766,-2.3454169739417625,null,null,null,-5.038820424346266,-11.255574832744532,null,-17.497730424203585,-17.355075812066463,null,-23.554681063148553,-22.305745942824203,-22.45931743743685,null,null,-29.203001340451053,-27.08511942905499,-29.512629926924227,-28.33348596714757,null,null,-31.798309637270094,-27.821885344554197,-28.629018956728267,-25.66922333048882,-27.424125614097157,-25.665692768250903,-20.46485176033017,-26.694692523961,-24.60569246942743,-22.893934820186654,-21.95816276077862,-24.069140485868218,-24.31578783098695,-23.993751269320928,-21.926482759517768,-22.03235964905354,-21.431934086923203
1.4901731597971846,0.5814752207558337,0.31955184931811365,null,2.7557730701746266,0.4806630934709307,1.226828836457801,2.070428300936237,1.9851340602933067,0.027243746338871992,-4.232432648718133,-5.73029712432716,-6.295300121866493,null,-8.078457100285457,null,-12.162745356769388,-13.609988124529231,-16.562052793176907,-17.519528331891827,null,null,null,null,null,null,null,-24.2124863370161,-25.360075036717383,null,null,-29.689348523342396,-31.427235798196847,-29.43113363814324,-28.847144113102512,-26.37742270599162,-26.977900128344544,-22.31161146984857,-28.470646086532525,-27.46841422063533,-25.71797482241181,-20.67915803409887,-30.506670621629716,-28.246686786662597,-24.11892180487832,-23.627933920696567,-24.833652435572006,-24.671529029969783,-19.120949390163688
0.8319769572811181,-0.58066920810207,null,null,0.45139885066514596,-1.5496073512925248,0.12378999268660293,0.8352911190221277,1.7383457446341057,-2.212150920784455,-6.38622394400826,-7.887423148841165,-8.809471838013161,-9.02684885218721,-11.51168412162078,-12.477636469526297,-11.75812825685896,-15.976839510840776,-14.943835127309798,-21.26155973534358,-21.85751815568078,null,null,-31.007299626445928,-29.4785147827584,null,-24.213115071566083,null,-27.822730149409484,null,-29.121360086472585,-28.714384616482423,-28.4883953543562,-22.856072469465815,-27.388966022295097,-26.79483194938584,null,-23.457160865727964,-28.079426298470093,-24.16986086092129,-23.671542786436145,-25.94052061061442,-25.301761896158894,-26.30301933421556,-19.733776679170663,-26.100405009822396,-25.818484031647944,-23.414125866818836,-19.967388748080513
-0.4955135127922112,-1.074183045312484,-1.7785383123086358,0.52329170756725,-1.0742158145977836,null,1.2923216343399135,0.8062634061751824,0.32154839390994594,-2.8370115450560895,-9.675747619207211,-9.580698777702644,-9.90810659975786,-10.275245413329113,-11.645488197092456,-12.504613131849222,-12.469169340338759,-15.81192330744466,-20.363685969685115,-20.97855722386557,null,-25.795716575162416,-25.944641872320112,-26.783772970459633,null,-28.984830581360914,-30.58392647485946,-30.589627883039064,-30.494569219057517,-26.43703346296769,null,-26.944641989622284,-24.963348776093767,-27.56862749138967,-27.996188493716406,null,-29.579004304756452,-27.485551520120204,-27.356166838211436,-27.291378518516574,-24.783281970839713,-25.03127076394334,-25.979273909211912,-23.05289513837993,-29.103712920959737,-26.91068984951785,-25.06546389792384,-23.807361430341434,-23.099940998095335
-1.4049281195000576,-2.191556677863764,-2.4269479879746334,-1.447971507893221,-1.9590865487922908,-1.3815414080293906,1.156944149808808,0.5004785800378047,1.0978959315913257,-5.7238602054089665,-12.369943028140781,-10.836666194427615,-11.258127289911103,-12.60163997883043,-13.152097619115786,-15.348478210387139,-15.750127739094124,-16.9930790864135,-19.040512577282698,-24.57538901102804,-24.591410541529385,-26.272433939218615,-26.604934375497372,-27.395388843477864,-27.309599907077118,-26.03785128294127,-26.227994293200084,-26.19746145269559,-26.930545422542004,-26.711422562662666,null,-27.157992463488924,-29.934148403166393,-25.304607523424686,-28.609831500853744,null,null,-30.03574630820379,-28.841793276786987,-27.3295528838382,-26.45702530785748,-27.406533686417085,-26.911477237323297,-28.146010032121858,-26.8422630742242,-25.366896116003584,-25.98059390327051,-24.38414043056243,-24.52562370038943
-2.5629379979953955,-4.606419068138419,-2.4033788349257184,-2.152947300566762,-1.7302600660387761,-0.5795065505508022,-0.0030798537728493405,1.094123740934238,3.542862157006017,null,null,-10.378839173691315,-12.090216190357186,-13.35451332194676,-16.619037099088516,-17.158797832341058,-17.932330592419227,-17.888051014632588,-19.45749454117987,-23.752038732848273,-24.472850700178917,-26.00496581443333,-23.63189936848124,-23.012383247371375,-21.063931189998463,-25.09298663693617,-24.985331750024333,-25.56376932667994,null,null,null,-31.724340443130494,null,-26.762682667542595,-25.76747551358934,-25.213331994731025,-23.108679755203333,-25.56040467950925,-26.72081927575849,-27.136669072684825,-26.32229320929553,-26.54228327281319,-27.44015032169837,-27.72181835793309,-26.890103353923664,-27.87945571124617,-26.041212025584358,-23.905686389384012,-21.8919787495413
-4.593550267187039,-3.889877588327029,-2.959453064981031,-1.8686542788666813,-0.7248690866283004,-2.2031981240771263,0.41528491143282015,0.2586748297125057,-1.266999180786238,null,null,-13.18491296605728,-13.639368311464525,-13.396021883750736,-15.891528322901873,-18.14018986231073,-17.753388564689107,-19.202304694250916,-18.479098970907508,-19.786185030530532,-21.39148982521024,-22.11747894297301,-25.035287376381778,-25.08385631619342,-25.710070843444207,-23.65617932762742,-25.650325851557294,null,-22.37247869810869,null,null,-20.8970389054563,null,null,-23.542584802610634,-23.847662555194105,-23.692475398629796,-26.92775851645128,-29.807554417989635,-27.407438033569164,-28.72850608141794,-27.641069982057886,-26.402965752330743,-27.07895480605265,-24.212182525968455,-25.488925514821183,-21.313830144515745,-24.774898519677624,-24.05147911129765
-6.026608415738946,-2.8864214264378,-3.584646030110714,-3.293086207269358,-1.987615670289577,-2.3186715811653955,-0.24946733064858323,-2.3397678289894626,-6.27946965100922,null,null,-14.154707233093967,-16.91331579292739,-14.66537197271976,-15.800184528078123,null,-16.05339954450379,-16.580028137278177,-17.301329447465648,null,-15.071238435370045,-22.284826798959656,-24.736867975566636,-27.11085772188597,-24.769609180330246,-16.376928360256862,-22.18512768229047,-23.123586998830845,-24.962603313387582,null,-21.72955671414827,-23.777287673988162,-19.876459809595588,-22.663738108830863,-27.09394081885703,-24.472410531973377,-23.49623981847516,-24.602878112531513,-25.47775794611647,-26.132926683128918,-25.81942230771488,-24.350069710974424,-22.466849467366032,-21.306743682918885,-21.49832585186201,-22.98998657492343,-26.076681457329226,-28.109563598166766,null
-6.517318547401198,-4.40872729831451,-5.542802590082391,-4.46832823571251,-3.392589503428234,-2.917828691643301,-3.5872390541928416,-7.316806584637586,null,null,-6.107360956721823,null,null,-12.930200476949166,null,-11.84752312090425,-13.724649179843327,-17.797909423916426,-14.822068878392589,null,-13.068083289262267,-20.940721890419503,null,null,-18.445113527419373,-20.819564325547475,-23.868593020143635,-24.008899308958416,-23.962018356746793,-24.916350798557147,-23.910390446189837,-24.46094456330231,-24.065576394433485,-25.174350937877097,null,-27.105760285795753,-22.520010381040795,null,null,-24.67512661516342,-24.652914242539868,-24.545844395366615,-22.790259510358844,-20.895535946769087,-19.724910108269295,-21.188028744680764,-21.27548039857467,-23.410458483034333,null
-4.719845321921948,-4.338508749250032,-6.237268332153935,-3.3456302836597933,-3.9057587595781116,-4.769431986325129,-6.818872711520495,-6.664614494867354,null,null,null,null,-12.58870639534232,null,-10.030191994018931,-13.483299139547782,-14.154597650537667,null,-13.912804478901975,null,-15.7726537415624,-20.3003305021396,null,null,-19.511010034077323,-20.462712996856833,-25.261394302818353,-22.537563884733377,-23.606602840475773,-25.440735261025374,null,-20.648900177480563,-23.515275107038512,-29.148417465642723,-29.024741576209195,-22.848126085545687,null,-19.641335865490497,-17.187211617429718,-23.881196820379802,null,-19.76631713705576,-24.381926361986316,-24.473375791464576,-25.121043165630283,-23.697722175112524,null,-16.07807199986773,-17.36727810054679
-2.839896127331023,-6.096452577583628,-3.3523055160365107,-3.469989006406232,-3.6845931987455476,-5.9973278199844415,-7.635332675963728,-6.658688297718294,-5.494504287081052,-5.325018148744032,null,null,null,-9.19242610614222,-11.748474530001905,null,null,-13.520269318168975,null,-17.539936223701645,-20.718043540708525,-13.024585313738225,null,null,-18.769107035529558,-17.422616454318927,-18.241849184058246,-21.096940880391962,-25.93718493565553,-23.558965703972863,-23.12335665539323,-26.97566457283753,-25.63469726747666,-29.245301721141818,-23.094178346269633,null,-19.66783066305416,null,-21.218748819952605,-24.738150120786223,-25.568315634346284,-18.629403257260254,-16.04013702246273,-18.453552123993706,-21.992726597346046,-23.05326356615128,-20.427428113206574,-25.64821420110588,null
-3.9323628758345692,-4.9273228159436755,-2.680737381159112,-2.4942388572995027,-3.7445488513552556,-6.740464808394889,-6.627744842260832,-7.8664709132347355,-7.096658456099471,-4.5762065589916086,null,null,null,null,null,null,-9.223467560207363,-13.056488786447872,null,-19.569978550349763,null,-18.415108207971205,null,null,-16.79481031407925,-24.89592409374236,-23.138860704714396,-25.752555651566677,-23.157626540438393,-26.784850134204802,-28.636896856546056,-26.110952492095457,-29.30950068451768,-26.264841045601365,-25.69325238267474,null,null,null,-16.201582215361466,-24.2017204696077,-18.873150249495012,-13.548164578232141,-15.658232436281144,-22.97429869272155,-21.341451730347067,null,-21.113144102809553,-21.56299164811716,-22.648736844072168
-4.5260989774570275,-4.617104752191204,-1.3985694647599771,-2.1389683522594005,-3.877091971746233,-6.401965515201392,-6.757945196160369,-8.82217965977298,-7.317593142289555,-8.415468025491197,-10.723432500484934,null,null,null,null,-10.019910668244005,-11.658027228180549,null,-15.935801616234823,null,-10.560320362158206,-14.615311808009212,-10.006609354409395,null,null,null,null,-19.390151982478393,-20.788745512217638,null,-21.167276122279628,-27.22608734564314,-25.78421544482553,-22.059479219040245,null,null,null,-16.407174013492664,-26.467664510418476,-22.92879822215866,-22.472877736005465,-24.271790986891418,-24.942708775643794,-24.16310443329784,-19.39038500319183,-20.845945989154483,-17.076238708635316,-22.033618835216483,-24.89249144240693
null,null,-2.787519348928015,-3.081711211988082,-3.31768622949481,-4.6009759602002305,-7.659841132109763,-8.437456031953545,-9.321473881907753,-9.912772993752993,-12.087684643768705,null,null,null,null,-11.215807572338404,null,null,null,-18.222085732792017,null,null,-12.947505228365378,-17.535852041943723,null,null,null,-18.238303376302877,null,null,null,null,-23.423671847746853,null,null,null,null,null,-21.713381948567942,-23.204356453858537,null,-23.460510466169627,-22.96294048701211,null,-24.50672683532641,null,-13.730429601811593,-21.979163205986087,-22.0011096476947
-3.4974972539825906,null,-0.6179651306919568,-1.765513788941904,-3.5122732642634222,-6.135360738735542,-8.71739504431291,-10.050586070629372,-10.262063796915488,-9.714472891713362,-10.55146330542517,-11.11800053224071,null,null,-4.947542442180961,null,null,null,null,null,null,null,-11.237007103334197,null,null,null,null,-20.395739779645147,null,null,null,null,null,null,null,null,-24.01048577983692,null,null,null,-27.38942634829378,-29.309796368360175,-25.045104003181393,-19.466678546583577,-21.369980179550907,-27.53930481409012,null,-20.476130317606586,-23.324276305566766
null,-3.198266727427151,-3.8216096175601226,-4.344726735577645,-5.9585006765053,-8.49747979678042,-10.254906099226048,-11.6189041996524,-10.226149631139133,-11.705546494264143,null,null,null,-8.435324978763383,-6.956202360351216,null,null,-8.857410522952224,null,null,-14.580377480385721,-15.851727055482357,-14.922794040619495,-10.468996959491108,null,-16.674062230945054,-22.917995461214385,-22.049346608314636,null,null,null,-16.006799259339846,null,null,null,null,null,-20.125245116755774,null,-21.566442720534596,-29.39924177640065,-28.418561266072423,-21.63472562436174,null,-24.991345319532915,-19.350437183908713,null,null,-22.26804774795883
