public/json/wind_2018-09-1608_950.json
{"header": { "discipline": 10, "disciplineName": "Oceanographic_products", "center": 0, "centerName": "Ocean Modeling and Observation Laboratory", "refTime": "2018-09-16T08:00:00.000Z", "significanceOfRT": 0, "significanceOfRTName": "Analysis", "parameterCategory": 0, "parameterCategoryName": "Currents", "parameterNumber": 3, "parameterNumberName": "V-component_of_wind", "parameterUnit": "m.s-1", "forecastTime": 0, "surface1Type": 160, "surface1TypeName": "Depth below sea level", "surface1Value": 15, "numberPoints": 4800, "shape": 0, "shapeName": "Earth spherical with radius = 6,367,470 m", "scanMode": 0, "nx": 80, "ny": 60, "lo1": 109.0, "la1": 20.0, "lo2": 116.89999999999955, "la2": 14.520000000000117, "dx": 0.09999999999999432, "dy": -0.10000000000000142 }, "data":
[rows 0 to 21 of 60, columns 0 to 49 of 80]
null,null,null,null,null,null,null,null,null,null,null,null,null,null,null,null,null,null,null,null,null,null,null,null,null,null,null,null,null,null,null,null,null,null,null,null,null,null,null,null,null,null,null,null,null,null,null,null,null,null
null,null,null,null,null,null,null,null,null,null,null,null,null,null,null,null,null,null,null,null,null,null,null,null,null,null,null,null,null,null,null,null,null,null,null,null,null,null,null,null,null,null,null,null,null,null,null,null,null,null
-13.501208246310458,-12.307303763373456,-12.679686291306979,-12.093230611383154,-10.34725257385205,-8.375538010047428,-10.701002029999692,-14.305756289485524,-14.357984027512071,-15.073319848547964,-13.699476850062519,-12.186312764259139,-11.49105130526478,-10.882529443116116,-9.867273346420161,-8.968137237952135,-8.20685221841585,-7.640599059532191,-7.15677727501871,-6.872156147775593,-6.251830150347706,-5.20330521585284,-4.754002368999227,-3.9605445717708916,-3.3837184078371108,-2.3926054523392715,-1.8291986746901325,-1.3111120939341443,0.39123407516932956,1.4117971724448082,3.6623049737593614,6.066334232371695,9.45389942329049,11.569687599838586,13.305094453422111,13.911364204175484,15.018943769496138,15.497570688196374,15.927491578152512,17.290575575599604,19.172951768143815,20.545177668432114,21.763947666911918,22.804534013256426,22.878905129857927,23.10215053039366,23.193173210677404,23.361538429434127,23.736310012188092,24.506714785371837
-13.875898233732745,-13.495849967070452,-13.137344681770813,-12.050737008015185,-11.43551251963211,-9.899036667122775,-13.011141609920617,-14.755964062371849,-14.411019452136312,-13.642358557266133,-12.991025791640528,-11.77028736882821,-11.386471982836715,-10.82049517648228,-11.46231986801144,-12.135533785265464,-10.21396978699856,-8.554947556496625,-7.393718994190318,-6.366950779346279,-6.664589314035405,-7.0567662747886395,-5.631722529332409,-3.590388265989614,-1.5986087538261609,-3.2329456603447237,-1.8510139368523097,-2.4661126346909925,-0.2701394179746275,-0.14190772368910007,2.1577417845482,2.4523692095455667,3.009386048275649,4.699179976783155,6.770879347039227,8.91487304405591,11.170941101807651,14.672052377874316,15.902011868341647,17.508754652909527,18.391594993886848,20.309665349623607,21.574857037329988,22.550882269617357,23.779846665836722,24.08379044514333,24.40272278368846,24.740515767658025,24.86501610876307,25.41492146397177
-14.485972142113924,-14.073868811742782,-13.49411404566258,-12.248447177877724,-12.367065653789037,-11.732989069454092,-12.014431130812547,-11.606392162706836,-11.353922999504487,-12.565703124345696,-12.847486883025248,-11.28520291703423,-9.794688935049287,-11.778696980737449,-13.201875102801935,-12.723952374366274,-12.093536573727414,-10.987345054740057,-9.712346455827953,-8.777502694380251,-6.654744466350677,-5.6026827903967265,-6.755572562011071,-4.137047820385762,-4.311397785478697,-5.064816128979551,-4.644381914529787,-3.7633734853749927,-3.759545928015037,-3.793184420138629,-0.7096091792147611,-1.6637491368952206,2.9918509682378356,1.6588725192763505,3.301647770426062,5.716900306348435,9.141723679674858,14.756883060818774,15.7509179989827,18.45152069055938,19.309413018287348,19.83123149625109,24.464291327502817,26.225825680671488,25.19968355015753,25.331040281353108,26.13680634263615,26.3688310342626,26.887660867809007,27.127261245303234
-15.629382896615457,-14.281954132564346,-13.621281193870036,-12.46380436005579,-12.516605685167777,-10.687092984792717,-10.925767991782987,-11.282328140981104,-11.645901521793874,-11.648788859888937,-11.842310509518668,-11.405764035688797,-10.981009029154881,-12.405392754908656,-12.816696872669647,-14.124001395183551,-13.798189742660043,-12.024513102931513,-11.449318986348842,-9.06438883619526,-6.938113315773043,-4.966261918723026,-6.793685707884261,-7.559659155904805,-6.844811404580101,-7.088707941973555,-6.362094525511468,-5.604584886086713,-5.711971827891141,-6.475483110089159,-4.2560358184915925,-3.1466958315598212,0.08863507938169232,1.0810541808465488,2.687225893504241,5.375123454732801,6.2316353288891015,9.85215913914551,10.693725621251584,17.522368585541734,20.81770231915309,21.30793367526988,20.48608082128355,25.086390355323104,28.983047783937185,28.46834157769718,27.55589978895634,27.88230962789754,28.107737562754558,28.691242338043782
-15.734057168053125,-14.412215103026256,-14.26164472641008,-13.680354476953202,-14.055600902182118,-12.593261034396324,-12.983007783883,-12.815375182262928,-13.148315621852454,-13.883908025305772,-13.559012684174903,-12.39935655522444,-12.983086545624557,-14.542553104858774,-15.342170279825616,-15.729766779655208,-14.25115656980299,-10.57478400300193,-10.84035377420587,-9.526935377628641,-8.930008887688746,-10.136865881761441,-8.772970045048194,-10.73771208342637,-10.363031598183134,-9.585867950447174,-7.92977849961832,-7.045822170579306,-7.983676657335299,-7.045560512093314,-7.3831944306366,-7.155704380064346,-4.89616279601031,-3.757085409501963,0.3260830069411213,1.9345090747980958,3.0669158731499944,6.700342779239822,11.528681716654077,13.411397362851263,19.134468728718737,18.09718474470747,22.39855828674412,23.006007096292997,29.0847305841479,30.01726015259621,31.320505479009412,29.843332790918236,29.31227350996276,29.47365536299243
-16.947245961166352,-16.651673212173847,-15.696458476149658,-14.632141635400432,-15.568961427376031,-14.789119481582189,-14.74192885989293,-15.095352161629553,-14.839439852371397,-14.724969793923941,-15.189392961416264,-14.0862133052734,-13.475396971327562,-15.01654533419007,-15.7005258599685,-16.352805367074804,-16.07821699596541,-12.729735664208132,-11.945381595205088,-11.943001611180037,-10.615926438011567,-9.968863789382972,-11.215890063903196,-13.684745965380445,-13.289747267481614,-13.06794074838608,-10.66448410191733,-11.586505502440525,-10.149330716535772,-7.4645925840566605,-8.593658746162525,-6.834812067587091,-6.0694094146339665,-4.718793825375096,-3.8690475123548884,-1.1427082012812027,1.1003387977142547,5.231670782898372,5.3470489549248414,10.67509122954801,13.793907340403848,15.1095115173256,21.93483418955016,22.26631042766618,27.782218430780752,29.57686572586286,30.250738513820373,31.32570927167681,30.193708098774287,30.284003047021145
-17.95065133828584,-17.03552538525451,-16.03359956251556,-15.153329806561182,-16.542397507849643,-16.655449600889767,-16.341218055758496,-16.534830389175877,-15.79848452018428,-16.378897902364542,-16.50296293380848,-14.51577154402687,-15.338178498925563,-16.748554187382425,-16.613360768674482,-18.744683970402946,-15.610519743599548,-15.533254807375698,-14.127506716835683,-12.536048640229284,-12.002894771654276,-12.96300921369929,-14.170723348014151,-14.694121871528331,-14.870639231330685,-14.90408901029977,-14.23579327552028,-14.136266631442032,-12.492468369023022,-11.987961986025514,-10.386992275467245,-8.560661203669229,-8.245161608762515,-8.285427025306115,-8.509216293615445,-6.49366434159455,-4.5191439129140925,-0.6472408001316359,3.1337899674239464,10.056301045221206,12.040674569166962,14.865577064446889,18.724372613079844,23.224787990428563,27.032284310057776,32.27703807894858,33.16867466786796,33.86177171830622,32.07995709705832,31.805589504661743
-17.909732113770698,-18.25854816950062,-16.525074308340635,-15.37114884107362,-17.713520723442972,-19.55879235110276,-17.060517131689814,-18.409488073283264,-16.284220001897168,-17.52899391308531,-16.282662143998202,-14.895521254438693,-16.323749981977656,-16.348599025814114,-16.99249483267397,-18.709523715751885,-17.47014117467741,-16.925988167227853,-16.56256388873863,-15.418268708640284,-14.211166748703922,-15.474815515060719,-16.803966561233747,-18.13998213996691,-17.28377182792128,-17.45914600484219,-16.009776733809495,-15.232567561320632,-14.811969485701868,-14.960048468293317,-12.770798832138219,-13.582124925202994,-12.474141446309638,-10.085480516933806,-12.048838587483077,-10.994878824036455,-8.707692363333244,-5.207650800846916,1.8133021877598459,6.996524783301442,9.624071687549186,15.700651932548467,21.08209287634031,23.8653085707014,26.081541620958937,30.432552608371704,33.78928078978359,35.14340110893275,33.62959066852391,33.41823193849809
-18.554022575109265,-19.171892919924133,-17.177761358963885,-16.25418363373986,-18.257588459919674,-18.873489950671257,-17.874867032809696,-19.70896382496419,-17.133142681019528,-17.881534292502774,-16.993284847484382,-15.27075634741441,-16.250535837340326,-16.909811197400096,-18.96456068392484,-20.074105405817193,-19.88079703412404,-18.044296806759593,-18.43922590044834,-16.827839976068415,-15.574686420527314,-18.1622564185442,-19.29685992996395,-19.61047277277866,-18.198418070719256,-17.25543064293448,-16.740400545381235,-16.365406639831694,-15.808643593081646,-15.69265452938731,-17.360063710490174,-15.38218159610529,-16.708520872825908,-17.648324962953925,-16.11302656896236,-13.536239841060626,-12.1815997870165,-9.251544645485522,-7.532563755293113,-4.614778148880881,0.8658204119729025,6.234272701881149,14.566531916940422,25.09843217698573,29.18379124836781,30.15699114581949,33.609201801752974,36.81577556071154,34.70607189472805,34.547532680143135
-19.92689300447772,-19.89996281425307,-17.981558869230344,-17.37374405980046,-19.125669900784253,-18.815590068016064,-19.567801898618043,-19.992475774497183,-18.021438139062447,-17.784560808197327,-16.705046369083547,-16.015525848572494,-16.038480289525,-17.43900416314425,-19.10672024177957,-21.419335453902992,-19.788894525537795,-19.064656353206047,-19.128805926611992,-18.248602327258006,-17.991822430914777,-19.59364775654356,-19.60021857436166,-18.297487801736835,-17.846300158935115,-16.687825161303454,-15.045550122742306,-16.595148143869338,-20.17366218678407,-18.79193913794065,-17.32229979124694,-18.83109685246471,-19.07229478917833,-17.963896993973126,-17.75521019476048,-15.903851177705034,-13.055592086831531,-9.370135357801512,-9.932125823771182,-6.9054498964984194,-6.462058748279262,-1.5035020147812934,6.964198054948658,21.10842384611164,27.816399970534942,31.468920172575814,36.78449298734989,37.41930945084977,35.167125380332266,37.0773557004056
-20.837118881144725,-19.919666695582542,-17.71853505821952,-18.166929888266402,-18.909060376749906,-17.980754005046094,-20.353622913599022,-21.204944891909186,-18.37508420343904,-17.95107511347316,-16.721777205361267,-15.719859446148194,-14.489875596484838,-17.277773136846996,-21.04230943930314,-21.09016226383403,-19.932808150960973,-19.691454576365793,-20.360816870185793,-19.1844831869414,-19.94985045527896,-20.541858572124134,-19.490882095868006,-19.44568706983903,-17.855232539730117,-16.541658095088813,-16.417633871743092,-18.69318166044864,-15.916142583968579,-17.081082182671693,-20.019294013870255,-21.740465037726064,-21.110623878859577,-19.951480389788543,-18.835175366025126,-16.476348071310017,-14.158782143762725,-12.576038743426897,-9.304814786058369,-6.034743106604867,-5.755284273785978,7.75651096722059,10.770729953174865,17.217361011906533,24.77986413986352,33.267138958230035,38.71263171697156,39.16786225180845,36.31480810178265,36.205846914472225
-20.72716074142663,-19.167808410831583,-18.54710591056848,-19.138265159121865,-18.94365320240541,-18.727008794118703,-19.948149639875698,-20.680905229540315,-20.52747416758415,-18.78442856187666,-17.397077556387373,-17.70165376334392,-18.193082493662445,-17.446198365672394,-21.753876896108057,-20.71179836269585,-20.182570737680102,-20.159618998918017,-21.80029741334371,-20.869340276635832,-21.53268359717621,-20.328127378143414,-20.7814056329411,-20.689366868016837,-19.4078592840324,-21.242076505036046,-17.078984104519357,-15.173013869938115,-17.756156506616673,-23.840547660829927,-24.444692953785786,-24.429541563682385,-23.280511490903425,-21.017686013459976,-19.120033117304388,-15.856346759059026,-15.386593872193208,-10.89937221158483,-6.2021196272865815,-4.006364286832851,5.6362643055036665,9.34134280930506,10.54413962321537,15.46727841156785,24.729559804041866,32.602265728613666,37.77791649214653,40.227170637615664,38.411378898576785,38.85373496186547
-20.599957118807882,-19.06896548037221,-18.694243507106545,-18.457261741515552,-17.660462105524047,-19.80643074171477,-19.322764415965725,-20.473069360085805,-20.65898755846643,-19.20224296458468,-19.493607103427557,-18.665202660551092,-18.778713127748656,-18.375665602374134,-22.651992085767905,-22.376417769857518,-21.40581280352502,-20.937619014661284,-22.100466518878847,-21.53044827142854,-21.64010583250339,-22.83053417786149,-23.279667336530117,-23.279133415137782,-23.475398592859598,-18.75191491952936,-17.608643684600256,-21.954978346528705,-26.315751053221337,-28.82565772102923,-27.025311969427015,-25.240587638001692,-24.33226444461111,-20.833473564778803,-16.69079408376405,-18.014658829956925,-12.709422097835326,-6.550355617687083,-2.082451067380463,-0.9395871046432882,6.290471310681232,8.034546535382157,11.554399109110307,15.213125073397961,23.26868016801421,31.59147171394916,36.869799602554664,38.04741671385903,39.05486288067223,43.88186718202135
-20.2929733285771,-19.233693666961322,-18.67275703580576,-19.337827159690523,-16.836296555334425,-18.838608776889686,-19.476042742033542,-19.711569710167023,-20.85056301838316,-18.770473827589797,-21.02262990296716,-20.589833591141787,-20.053464143458207,-20.89160043012778,-22.475547052233306,-22.950839724481785,-22.348502002970296,-22.74350468644381,-22.48349316042883,-22.432944794164566,-22.949555985162092,-20.658039833559062,-19.02850398376105,-23.35083343311249,-21.52092767613095,-19.41074655288546,-27.686408827824117,-31.547354790295742,-29.038921023512742,-29.588234915944664,-29.665944301407798,-28.0753327754148,-25.120245960455605,-21.73982877205716,-20.892341306495894,-25.013527289711305,-9.499112341339721,-3.315655421722983,0.7162859214682068,7.940856794225696,6.655634592457577,6.869143827757917,11.787560207860889,16.893674906768325,24.18763337612397,29.95496722491659,37.94846169230402,39.38286910754756,39.76741156133178,40.5626934741097
-19.6292487708675,-19.452363784258615,-19.194140529002624,-19.32133268460256,-18.96521232380255,-20.152805288116298,-19.749520503191217,-20.881477508365776,-19.552816390205003,-18.23078234215165,-21.80691517592639,-21.936126910557082,-22.29131807700455,-21.379416963959617,-21.7847360082599,-22.574160789181057,-23.41295082937423,-23.177884844806552,-24.90684184923296,-23.4433134623183,-21.423729521218018,-25.384686235021036,-22.332566550198163,-18.965913481328084,-22.506862079927,-30.548827988769766,-30.21982502545688,null,-31.42670775993998,-30.871260091079446,-32.55606209570165,-29.687629964981085,-29.665052475502414,-27.905064880248716,-30.06140476775934,-21.175374572975404,-5.380739490485869,-0.41512704902996544,3.253194798500823,5.35633835411957,8.093114743664751,8.567251194346104,11.445896012242912,17.89715624120698,24.358295588509044,31.28244391007436,38.03275929158978,38.75424018226845,39.04351394490373,39.94819503296084
-18.90320537830418,-17.842302118506336,-22.078238736968736,-20.01306509938773,-21.205988978154295,-21.500973637109837,-22.537710756460324,-21.921735240737746,-21.72895608118737,-22.383347183989255,-23.34987237290392,-23.288278853678612,-22.15343039910787,-24.057895205180287,-23.05044416888731,-23.35595132496441,-22.98262785274852,-24.724945828159527,-25.468163820414134,-26.409283376897424,-25.189196408676278,null,-27.5635231450251,-23.659071127959656,null,null,-32.069983102165395,-31.597828610100223,-30.805955142528,-30.942237704439854,-31.3523091039913,-30.227176095411032,-30.658426459289814,null,-25.15850832058699,-13.456180305589237,-2.7995515392246753,-0.8362763755596938,1.6771456546651597,3.4686968459680934,7.191052377133556,11.123437640490152,13.65515618783303,19.791595931081083,26.557638556433382,32.1757618324684,36.560005343930406,36.29940444836028,39.09564604288532,37.08723907436173
-19.492264505896607,-17.097533690938292,-21.542802199510486,-20.492938958916096,-21.182133945730875,-22.01971350768041,-20.219669240810717,-18.889946517921857,-18.230453082031573,-19.5906344366659,-23.323572061123915,-23.072839865955533,-21.640110441259438,-24.12428704500392,-23.664233504369182,-21.650941910102627,-24.40313229809603,-23.888405007814296,-25.959309385977622,-22.074956567093494,-21.451075779057298,null,-32.766933212589215,-22.529966739991043,null,null,-29.130182711533372,-31.32105727810596,-31.4735688033123,-31.444405281695328,-30.919963678681732,-33.816325589835785,-29.962929296415695,-27.593211857129138,-27.06967234331623,null,null,-1.2138780989968014,-0.1841061302783543,null,8.028518037180342,11.98717887946815,15.792531100854584,21.096803462267165,26.0165724793994,31.333517731388564,33.004749167239794,34.6590062033399,40.16271859546308,35.3975698409744
-19.338498725551123,-18.947099536144833,-21.47883797990066,-20.779098979109182,-23.74438437239106,-23.04902565075603,-21.696397428615327,-17.851159573588795,-19.034088196502495,-19.93363638282913,-23.79409238803078,-24.06119938089289,-26.239390069124127,-24.885447576962772,-22.773575060022793,-23.85278555697705,-24.61505299192905,-23.31785922968284,-25.830562982518874,-26.904410938240108,-24.4217761905686,null,null,null,-22.3362088921892,-25.90750873607082,-29.809942879015665,-35.34942042609896,-34.36274834166798,-34.272018235636175,null,-31.975309479216655,-31.466207631484167,null,-20.440573787926944,-12.75651424616775,-6.5624903273346975,null,-2.4963113197562703,1.5355696858188852,8.00143382286339,12.296657967884652,14.881002526861199,20.32344421074532,23.701423275921677,28.105182958035584,32.60994142121665,34.07104499485386,35.23041647532377,32.738644355038865
-18.259627302965804,-20.58756754864371,-22.32338108576212,-22.313866350065222,-23.83574674917159,-23.647866931067647,-22.76285806362378,-22.915566036439095,-24.30963680584921,-22.951971845862232,-22.30926201845254,-25.102815462677093,-27.25659124044185,-24.21555288671506,-25.136759740418857,-26.451430848375363,-26.061840442792686,-24.394972167205342,-27.948987894622103,-26.518536305305346,-24.443830786596,-17.297945396685954,null,-22.81828115182422,-34.168208232598175,-33.26225969446157,-36.256912807791366,-35.97780211700382,null,null,null,null,-31.17356575068393,-31.793633546731446,null,null,-8.694929987507884,-5.551478960843427,-3.271214636505993,null,4.8836603356993145,9.979401380979864,12.59455775956216,17.09177285187204,22.910091101123424,23.26244331217419,28.966162617224676,32.78603819498613,31.79624647764046,30.90777112451569
-17.206615882415285,-22.120405244425495,-22.088244557082295,-21.085831222344822,-20.401892519818375,-23.967904488727918,-22.84994741105367,null,-23.82491683875955,-21.875867888547855,-25.92944579209413,-22.014493016545973,-26.45107373530857,-23.78565169761529,-26.51510551770452,-23.476375036731422,-27.38176809237386,-30.033571781620743,-30.283216269269708,-29.43626561114574,null,null,null,null,null,null,null,null,-37.61302311558881,-27.970561897116493,null,null,null,-29.147016501749178,-21.344989263355313,-14.235431817736467,-10.592771131992626,-8.269449509078783,-4.06133288976954,null,null,10.303050308273138,12.064546146232477,15.741442403624744,18.353732552223548,18.813852547391473,27.776343438086002,29.46210310232754,28.09487780664284,24.357893612347436
