public/json/wind_2018-09-1512_925.json
{"header": { "discipline": 10, "disciplineName": "Oceanographic_products", "center": 0, "centerName": "Ocean Modeling and Observation Laboratory", "refTime": "2018-09-15T12:00:00.000Z", "significanceOfRT": 0, "significanceOfRTName": "Analysis", "parameterCategory": 0, "parameterCategoryName": "Currents", "parameterNumber": 3, "parameterNumberName": "V-component_of_wind", "parameterUnit": "m.s-1", "forecastTime": 0, "surface1Type": 160, "surface1TypeName": "Depth below sea level", "surface1Value": 15, "numberPoints": 4800, "shape": 0, "shapeName": "Earth spherical with radius = 6,367,470 m", "scanMode": 0, "nx": 80, "ny": 60, "lo1": 109.0, "la1": 20.0, "lo2": 116.89999999999955, "la2": 14.520000000000117, "dx": 0.09999999999999432, "dy": -0.10000000000000142 }, "data":
[rows 40 to 59 of 60, columns 0 to 44 of 80]
-10.364771723038682,-10.703090602370148,-10.824470403510789,-11.146165287654856,-9.726247984133202,-11.354334384596006,-11.959420204769206,-12.802570431679243,-12.793127077295605,-10.857352033728855,-13.345721067219728,null,null,null,-13.464417958944145,-12.910871559860867,-12.21861101253005,-13.15310969879806,-10.047455976527512,null,-17.179755061113738,-16.970527644361717,-19.987717491733815,null,-10.04357020698965,-10.958663301808485,null,-15.766712525333524,-10.461876246850593,-12.081150395586096,-12.488999354728746,-15.82323266239302,-13.582354589164908,-15.669454558733795,-10.971006792748344,-10.998538751175708,-9.630909846595308,-7.439155103073251,-10.005993486357216,-6.185496254428218,-8.845480977028227,-11.282432861380935,-15.06377811145703,-16.680873222897535,-16.248562486410684
-11.68967123511586,-10.770353714662043,-9.494432885505324,-10.236447217560816,-9.557887354733872,-9.224817508161367,-11.902199231041617,-11.545953326185664,-13.231741618092192,-12.973661674626179,-12.904394185591446,null,null,null,-12.77745134385271,-11.671161840127883,-12.867079250282854,-11.250494540881284,-11.583683236662454,-11.068211113720157,-16.358051383549267,null,-17.236770109441544,-13.775587479468506,null,null,-11.243362223488267,-15.387350817520568,-13.79715962781706,null,null,-10.572455166694839,-11.98583740186832,null,-14.576044690090928,-13.28615796284319,-9.97534555004722,-5.936794362954091,-7.503878328780826,-8.10696236644652,-2.9309124460547777,-11.827187861272831,-14.132048836631919,-14.016189351727999,-17.002575966999036
-10.953655735258582,-10.362040925607744,-10.071092426230766,-10.475034455935603,-8.955868347145504,-8.547832209664502,-11.056768658222484,-10.696936362064612,-12.484072719357247,-13.871324750078994,-13.149304869337012,-13.633613857639286,null,null,-13.507931148183761,-12.972403759172796,-11.06741015700798,-12.588296610355481,-10.979047908672598,null,-16.651429958665197,-12.038624870523485,-15.682028770268051,-18.39210809597398,-7.641971697215606,-7.084429732167564,-5.976704966165143,-14.9386123727765,-13.39021262843198,null,null,null,-10.563957589238532,null,null,-12.476155798101264,-12.388249014007942,-9.559751337190153,-2.97338052629389,-9.68420561576611,-3.163203735817474,-6.746796044860362,-14.885479135645348,-14.341281357663753,-16.241442011955737
-9.486265394175234,-9.048323140821223,-8.320743305976137,-8.485150112868507,-8.13435432564107,-9.160751620336757,-11.030866136541082,-10.764198011921371,-12.215255154897102,-12.98232814528106,-13.802875109117183,-13.089040114602552,-10.561643446743663,-9.71398968830266,-12.593862745029215,-12.483536772223047,null,-10.131582592656583,null,-10.037397972886204,-9.117345009344135,-13.678175134745807,-15.667593754365866,-16.402897012915247,-11.28122970396712,-8.86264599491895,-3.108075697000663,-10.940764286715545,-13.943997959092215,-9.69651986014384,-8.19132334351093,-10.110239953319084,null,null,null,-10.131877796491896,-9.11611167144906,-9.804404337789087,-4.663515823128587,-6.571449957703332,-10.75896966214787,-11.242788330918303,-4.084086431445218,-16.611466401853914,-16.321436029949314
-6.770671748440956,-8.857663425841764,-9.017902146283834,-7.753966483951216,-7.913772321901193,-10.208830197347098,-10.88661895525881,-12.062059806498509,-11.923116491724981,-13.278034813136994,-13.967665846828721,-11.754359851609944,-14.642089727241387,-13.03674742380667,-7.178181716355264,-14.14252998072851,-11.871749581015017,-9.740320357288235,-3.3079195857028294,-13.203484915725081,-5.756518855369647,-16.3606550711592,-17.39661007526857,-16.62000984190542,-16.84446480596326,-3.270601320762241,-14.715469469984246,null,-13.673952813482734,-9.956376794285047,null,null,null,-10.873919078716002,-8.596289201500332,-10.151117279885113,-6.922780764428419,-8.881389402279734,-4.65246000778187,-2.7815761476124763,-10.327010200326393,-8.75660322952951,null,null,null
-7.004889950023019,-9.195873899864976,-9.119560648346814,-8.448973584096905,-7.510066428778311,-9.46100780989971,-9.02994062027426,-11.867089353898608,-11.717359839770257,-13.804088437098315,-14.643025226004024,-13.078471505590644,-14.439655120779431,-11.3822900026129,-7.284814437738254,-6.493662510929687,-13.718940617754114,-10.188573227261855,-8.666132106803419,-9.540369904003338,null,-17.093034106204875,-16.93309525215606,-17.62603986406348,-18.308281861216877,null,null,null,-8.236636606049222,-16.748427774196337,-10.516531683699792,-11.352844015770781,null,-6.543824548359513,-12.918015311836783,-10.236308918238343,-1.604269283824735,-10.371563942182574,null,-5.016588933062847,-8.058871373164889,null,-12.019754917700446,-14.277270450272253,-12.377649945061354
-6.470568947908937,-7.276015312964774,-9.557793892848014,-8.486165028751602,-7.374264742066218,-9.099600030130706,-9.922670267139026,-10.108721605746512,-11.083254865364516,-14.206456135631953,-14.447404700787256,-10.081451704271052,-13.261833667996306,-15.253309120895938,-6.010692640739784,-4.791960734388214,-14.239625331635859,-15.060077842059346,-9.545044709223953,-4.937910640644781,null,null,null,-16.292476636337923,-16.316037996910055,null,null,null,-9.252002306795843,-12.567760810981133,-16.028603975427913,null,-15.028570986089317,-7.387620091089267,-7.357951951732641,-8.796747776089155,-6.405752297551178,-8.437866672866038,null,null,null,-8.359775789761201,null,-14.947135927695406,-14.95457369691522
-5.062762457189774,-6.22283028873423,-10.675210227541536,-9.05557812453856,-6.863053759881463,-8.483353931752756,-8.60099722799861,-8.99894187740938,-11.922857456064188,-12.461191125108481,-14.270469398416356,-13.694392070282248,-10.107441803333641,-14.771408443666013,-7.79979150378537,-4.060927376002311,-7.871040427220736,-16.26303425769982,-15.150818081924413,-11.261700591642008,null,null,null,-15.434513573183871,-15.088879267620843,-14.62708427404535,null,-8.897828488450845,null,-6.85600494017325,-8.776933157053538,null,null,-10.629783099828593,-8.517360930848197,-8.366852392186127,-7.887710656793849,null,null,null,null,null,-10.171678691243354,-14.755965104269855,-15.864352771960958
-4.313622196371264,-6.935863936649055,-10.011523228629882,-10.331074694120732,-8.30100237696707,-7.954677418639785,-9.223631379955217,-8.593658746345099,-9.751059189555912,-12.613347151302726,-12.573935505647425,-13.805743958901902,null,-13.980197622778537,-12.987320129354808,-6.014089675569869,-6.404847434936831,-13.51457151706969,-15.801211119290269,-10.65719713496414,null,null,null,-14.441011798465247,-14.852242991062347,-14.661758916014952,null,-7.866457594069345,-8.308358402928572,null,null,-7.365438409942897,-8.916955944322135,-12.297368366310103,-15.196549204294648,-14.085515373260977,-11.738597249232951,null,null,null,null,null,-7.046799677403232,null,-14.69469928166275
-6.308319229520572,-6.52008849247585,-10.960166480922126,-11.374381924409125,-11.108671189012039,-8.024038332808527,-7.189469466892424,-8.871038990962058,-8.763712763871355,-9.121207597492091,-11.211689490048496,-12.417316559697838,-12.2574830182898,-13.039778173580086,-14.555937841601542,-12.96672418862428,null,-10.054689286870076,-16.009233657621262,-13.92696788319394,null,-12.977206248839366,-13.654478676113243,-14.343834803356394,-13.633831636379337,-16.373792119780603,null,null,-12.076589218306687,0.14595959674530593,null,-12.447633235387661,-15.101438509402298,-16.445141656102862,-11.20426595185082,-16.26365896418434,-16.21705531309772,null,null,null,null,null,-6.503459601749864,null,-12.132881252804587
-10.788154136102031,-7.307031798417596,-12.269523241563768,-12.490834030169495,-10.950869968139001,-8.801134573619361,-4.027629340466042,-5.889185371640643,-7.74100590694668,-7.51904506021394,-10.263365482054375,-11.318798737857248,-12.074922059830737,-12.048909656208146,-12.85513516869857,-13.792030511215547,null,null,null,-14.171621684242277,-8.148650721215066,-10.726227302189619,-15.49663355518848,-16.60999075746977,-12.390684237710165,-16.296568764139128,-15.942070129289107,-9.022433324104185,null,null,null,null,null,null,null,-12.099808881138129,-14.755288973333315,-14.056228501129642,-12.229661988680242,-14.605677238256531,-9.509975543169702,null,null,null,-10.289428109920205
-11.17852432230091,-7.220794003619195,-11.8306154482885,-13.800044022345432,-11.59109667340941,-9.68988707634189,-3.701377306074926,-4.315010850488003,-6.320942243310091,null,-9.20650888497683,-10.501900480983794,-11.960996265217823,-11.933531146769665,-11.8216664542659,-12.865313478818067,-12.527187016816459,null,null,-14.973211760426217,null,null,-16.308531198263267,-14.503936754636104,-14.004689131618678,-9.746571000014654,-15.917991927642337,null,null,null,null,null,null,null,null,null,-14.706616797424227,-14.426749855913783,-12.260340327123913,-15.737191837249124,-11.70387662147903,-8.112737891995096,-5.01561799306282,-1.1720734289268087,null
-13.035173308559251,-10.19846183182255,-14.211910601365544,-10.466263596642303,-13.511888704907275,-9.459800027200266,-8.869029175264227,-2.1844266425897985,-6.464742918241727,null,-7.926128024649159,-9.543428585243294,-10.588621988702666,-11.934486324287699,-12.90413545463777,-13.341575850999877,-14.048460599757309,null,null,null,-11.552976824008576,null,null,-15.582897074172292,-15.826112140124257,-12.646392220241216,-12.437037963457275,-9.45157399952546,-8.300440213128617,null,null,null,-7.9051211075383545,-11.026198392988725,-8.900382114135297,-6.487744429278529,-15.824709339283201,-15.202707771046605,-8.236283699225764,-15.047338289602175,-13.056480216271765,-8.626813588020095,-7.818111121350414,null,null
null,-11.096739372090443,null,-11.565489884051075,-13.751546480413515,-10.492406612109113,-8.091246116528406,-6.446989964203845,-5.470780069884781,null,-9.193969426218644,-8.985686390825638,-10.103418401103038,-10.823587156247335,-12.48663073669686,-13.252043236876936,-13.185690387717008,-13.94886372389994,null,null,null,-11.97705537217109,null,null,null,-16.04768818659699,-13.060625266041228,-10.172659603081094,-13.69178354264807,-11.741039733887854,-10.272203712885492,null,-13.17296186775895,-13.82764085013736,-14.259810858830239,null,null,-15.341149106735465,null,-16.02991208423484,-14.728745272778376,-7.082385143855295,-8.414452765325349,null,null
-9.94097739404449,-8.51162522614584,-8.185464626133673,-11.976172153422407,-12.621243675588174,-12.99378890765511,-9.625059487596134,-8.668542097575774,null,null,null,-11.626782085569285,-9.925933555674963,-11.62200453837678,-11.384504783847957,null,-13.557899915192358,-12.242441565137808,-13.233134332243079,null,null,-14.9491405782501,-9.264739627107739,null,-14.751836444947543,-14.54090088822128,-14.93806301492461,-9.088274134838429,-11.811772684266925,-13.249728389560271,-13.219859022737575,-10.558880654718612,-14.256301220991823,-13.177055538806979,-14.058114907736831,-11.66028697195901,-9.814425954215679,-11.56935606372561,null,null,-13.829971281672584,-10.261953664457318,-10.799888508452154,null,null
-9.9698518404585,-11.244018008671675,-11.86817822231572,-7.658653597329206,null,-13.076594396654823,-10.09515589000035,-6.073262831384088,-6.941017109560587,null,null,null,-10.669246613952447,-10.333294003288541,-13.772822084196132,-8.626388007606723,-10.243749762182645,-12.017836711640742,-8.592228092934503,null,null,-11.423713507202608,-6.915987734487615,null,-13.910124639779653,-13.212174209866609,-16.142677881064063,-13.025228410338539,-8.742201215203487,-14.191962927673764,-15.094930940510778,-13.245039030974022,-14.10049748307599,-14.056698724443265,-13.509038048288986,-13.688481966830075,-13.175218782688685,-13.808430617100672,null,null,-9.23088636187381,null,null,-10.273760691669729,null
-10.03964969644661,-10.752285630180102,-11.779374908819685,-11.311276048856328,-12.44811022484934,-12.885819838695209,-11.50289663977412,-6.052723330626435,-5.521000340864225,null,null,null,null,null,-13.24723733397454,-13.412017146759766,-9.790527228523661,-11.675626554571107,-11.477258128001198,-11.546167918936382,-10.115310622836642,-12.069867287779632,-11.749210522739613,-6.951345851708825,-15.889806367378398,-15.784086472873192,-17.667103025540893,-15.994891970495292,-10.428280558323705,-10.177914522627525,-15.127561089033362,-14.402086691728625,-12.882926332849118,-15.340343764193296,-13.857831533841066,-14.013780530414092,-13.66922028057716,-13.59360830808313,-12.181091861466781,-11.081166901342275,-9.737044700088639,null,null,null,-7.550390472562463
-10.901564067368302,-10.936310322280132,-11.958320533416465,-10.852571927836975,-12.647075396583745,-13.115287692157578,-11.823470173878588,-8.106849135867154,-5.171510876641452,null,-8.793934557121164,null,null,-12.438120822507013,null,-14.458779045060549,null,-9.679166531633985,-11.350303472533149,-11.001080889314903,-12.788173113391046,-13.398382560381666,-15.769329900190638,null,null,null,null,-16.00525508341069,-11.013004926000878,-6.413524311578737,-14.870634115813015,-15.59976712020737,-13.849410798867623,-15.2696592937038,-15.029152662334592,-14.130165743874558,-13.750919026227969,-13.84749112737415,-12.390557748424177,-10.732343417302266,-9.283811597736772,-9.038188249694146,null,null,-5.526002666054319
-8.057383701774416,-11.34306176281745,-9.943121828845058,-11.585496375296737,-10.154226764406873,-11.824452396844986,-12.284903362029254,-11.004230861066953,-7.152152107333637,-2.0476961640205578,null,null,null,null,null,null,-11.459134855219482,null,-11.985747183050206,-12.914682769409952,-12.32150115824391,-14.268199411219907,-14.189476955940078,-14.072141557720107,null,-12.764452317962128,-13.671129118726533,-14.18600599290588,-12.020742298193273,-5.966527114088493,-15.5063743755024,-15.824351257040336,-14.59165829570438,-15.22038425398139,-16.20166312681365,-15.113884328598665,-14.798553913078935,-14.43962255067936,-13.811309313523278,-12.012508417899957,-9.401448048469856,-8.30927135031616,-8.56514517496796,-7.492816457465298,-7.993834121620982
null,null,null,null,null,null,null,null,null,-7.193717060920299,null,null,null,null,null,null,-10.854237137870461,null,null,-13.445517027830709,-13.697278068128202,-13.172322459341187,-13.528574474668547,-13.84866392961905,-14.017715949895251,-13.274981304846811,-13.708916139284362,-13.947025418971185,-12.710017669275329,null,null,-16.27762976814192,-15.966257284081433,-15.484689581960577,-17.144660016196124,-16.432796641900005,-15.946234569323762,-15.08120478537533,-14.845268184886187,-12.37919285169157,-8.927089103379943,-8.29578164630547,-8.952930589127813,-9.540576556454662,-10.556932328895366
