public/json/wind_2018-09-1521_700.json
{"header": { "discipline": 10, "disciplineName": "Oceanographic_products", "center": 0, "centerName": "Ocean Modeling and Observation Laboratory", "refTime": "2018-09-15T21:00:00.000Z", "significanceOfRT": 0, "significanceOfRTName": "Analysis", "parameterCategory": 0, "parameterCategoryName": "Currents", "parameterNumber": 3, "parameterNumberName": "V-component_of_wind", "parameterUnit": "m.s-1", "forecastTime": 0, "surface1Type": 160, "surface1TypeName": "Depth below sea level", "surface1Value": 15, "numberPoints": 4800, "shape": 0, "shapeName": "Earth spherical with radius = 6,367,470 m", "scanMode": 0, "nx": 80, "ny": 60, "lo1": 109.0, "la1": 20.0, "lo2": 116.89999999999955, "la2": 14.520000000000117, "dx": 0.09999999999999432, "dy": -0.10000000000000142 }, "data":
[rows 19 to 37 of 60, columns 0 to 42 of 80]
-12.209690874609763,-12.239144269493622,-11.958977815760875,-12.105774306031966,-11.907379048301685,-12.246215566934765,-11.730033276951948,-11.618126899489697,-10.70538835582137,-10.586939040837219,-10.118720009016197,-9.414237756065928,-9.307864784948357,-9.63381902593287,-9.265754729800644,-9.713056907595329,-9.670955687416429,-9.217342554511893,-9.794725520611767,-10.31227102192856,-10.90125007074042,-11.176456345336959,-10.529538119537523,-8.987567655968048,-10.372814068535014,-13.144038103984816,-14.898241571227182,-14.372958124065523,-13.155695334130918,-14.584055586228597,-15.03007567668035,-14.644530586900885,-14.934063540275194,-15.125748149959147,-15.435142973795068,-15.923991778543304,-16.30155110301692,-16.480914964089187,-17.35853033066348,-17.680668452900314,-18.19284925085142,-19.214893187705623,-19.572698367006698
-13.406218719477048,-12.293008412580878,-11.029669483654532,-11.387573769079568,-12.484893301986267,-11.425315026858577,-11.255188454663784,-10.120733710257761,-9.83365189758401,-9.982009090641181,-9.947724316411815,-9.803591059588918,-9.850203478273906,-9.777820543091957,-9.679713390885757,-9.280026820715795,-8.705609990559665,-8.423566867868194,-8.582588732978161,-9.321699820767826,-9.872905875395475,-10.213394347383067,-7.7747853983627495,-6.499972130253987,-8.422893571960667,-11.570220935501219,-13.338334411778012,-13.621777185404264,-14.447759245713922,-14.535875337102137,-13.651777056208099,-14.491817177069166,-14.811878871507405,-16.04213721368303,-16.711061487074332,-16.886008990567962,-16.614057105003027,-16.92044552066132,-16.873473414378978,-16.152138542333162,-17.05356748313882,-17.843993408062055,-18.08619599290927
-12.91346725287709,-12.872461359572963,-12.196381312185933,-11.748450170657495,-12.165758926349053,-12.195198888505285,-11.88252531887672,-10.428206662220195,-10.426265718280435,-9.706408069450518,-8.753130631785838,-9.149311219602108,-9.27470667262769,-9.70964543260038,-10.417383956446926,-10.31552331313784,-10.199125680833028,-9.950118015170236,-8.812405650893856,-6.845405019840241,-5.607314854435652,-5.726210808065705,-7.100063859209175,-8.041450451677939,-9.35956295066893,-12.19625957209836,-13.742689585316342,-12.793433216178903,-12.714024917695784,-13.05949340901944,-13.362190853988146,-14.511669653174991,-15.647090155914977,-15.993022526202909,-16.408419007449996,-16.934463248950138,-17.189773437630155,-17.178186853948272,-17.52582320184019,-17.52405914286278,-17.294934033183278,-16.9213489174898,-16.581440171448243
-13.82965954493866,-13.341831072946697,-12.136477881501179,-12.096814478643639,-12.171095439152111,-11.539756153464374,-10.767664840987425,-11.219132042676998,-10.238729042030126,-9.516740328269751,-9.649865399535742,-9.842450739492048,-9.960965128670995,-10.155651847179413,-9.865553355246952,-9.29135544785812,-9.247965952445114,-9.538703846559821,-9.502494163686553,-9.98644262833634,-10.400302998754459,-11.542897626740029,-12.488143457470093,-12.000719766513198,-10.848039074066403,-9.940171645319083,-10.534348318723625,-12.718148783399512,-12.731939924973044,-12.661227212334126,-12.787745586728082,-12.713973467901894,-13.535488776220829,-14.806925171086595,-15.656568104298728,-16.41778998969208,-16.775151103970916,-17.345800000084193,-17.6303114252925,-16.73028197501187,-15.684679943476288,-15.442124478197854,-15.438378889984232
-14.343936866186695,-13.309471458933583,-13.052410341159057,-12.34224097598641,-11.5972555562157,-11.444373082533474,-11.886277526410787,-11.035011424277865,-10.03424455573554,-9.397806510719695,-9.519329618637991,-9.123852854182601,-9.425451941245313,-9.587607260038723,-9.224093904119666,-7.91012793725419,-7.484682925787016,-7.814621847555466,-10.27226527157924,-10.68102188511264,-11.038453395133146,-11.519786538021688,-11.98939873766142,-11.047596951463198,-10.921628227129123,-12.101957460150734,-11.25260661801714,-11.480280775499196,-11.385905505641162,-11.502139533406316,-11.811383532825687,-12.447252308312507,-12.948259960950635,-14.392891629163884,-15.743063963478704,-16.170358304846058,-16.004380091867446,-15.964834146074166,-16.910248820499024,-15.664534845118336,-14.759474487000181,-14.98793347360157,-15.141981515082266
-14.502718786461168,-14.36143906683523,-13.628804667207868,-12.506792653858966,-12.530395007184907,-12.450823530291924,-12.114858814758652,-11.87570445734351,-10.970655448280578,-10.799445785073116,-10.142669557632505,-9.813490946715712,-9.192385179219324,-9.200656651631387,-8.99953833876464,-9.045162621030599,-9.288300832530929,-11.134402726746472,-10.329301560312114,-9.047550720521926,-9.602799128588902,-10.135660196399321,-11.061050274803,-11.676355286462456,-11.653767726438682,-10.970810994388124,-10.222789729019162,-10.957929780225758,-11.180403996419223,-11.403245508311215,-11.870805151129902,-12.492963416753506,-13.96226588784036,-14.493420278957712,-15.058989068452199,-15.2181225165646,-15.546857675573841,-15.186778036748912,-15.18603569656775,-15.47123771719934,-14.254844733166138,-14.246555293579547,-14.310198822842867
-14.635043740946678,-14.621554767561022,-14.38968451586539,-13.64735719004917,-12.584878779057773,-10.720742483075103,-10.673036704663078,-10.822247501358062,-11.375400387973343,-10.621233416442676,-10.276650137020788,-9.919485343619248,-9.681019297750359,-9.161989227509672,-9.197623626941999,-10.25762803345471,-10.748585403921439,-9.992183915840156,-9.71737647709408,-10.99690760614342,-11.429129318654752,-10.913502393043215,-11.265130365264833,-10.633786543278465,-10.977689403606833,-10.47314189694945,-8.961880429415693,-8.276789882829647,-9.496533472547684,-9.91852546292517,-10.620807352772635,-12.043651299121459,-12.537371836218046,-13.06861329498343,-14.522416948102734,-15.034185018432655,-15.278229109870567,-15.367320472096774,-15.107633049160194,-14.93648591522232,-14.066388947959412,-12.962225363909116,-13.001530845172788
-14.303066084070178,-14.747230748707029,-14.540669518580176,-13.829566192580373,-12.678720767901027,-11.392276859690298,-10.101046045965896,-8.433592278328824,-7.834095171778052,-7.484900357313668,-8.819096013972658,-9.276525533475196,-9.204786565713917,-9.324169860380655,-9.654501222806976,-10.123031539879507,-9.920947602945139,-9.065666575495452,-10.952429328283342,-10.105678536085218,-10.30818594630332,-10.778619052212886,-10.503546781127259,-9.880581421953131,-9.797370719775301,-9.503862809698308,-8.690881791769423,-8.21317718295477,-8.35526453588951,-8.666900521627564,-9.550064488068648,-10.356294464490013,-11.027364398713175,-11.961227953597284,-13.622687297342571,-14.20313103751317,-15.05772088691451,-15.82207422538676,-15.39111913556394,-13.981080911924797,-13.243639997482937,-12.681514528872393,-11.993533085658429
-14.313253272060397,-14.65672548346071,-14.493000261279635,-13.786598626275604,-12.485926676581075,-11.596813252907362,-11.201313552664148,-10.743145733309106,-9.885272504601769,-7.945261253715855,-5.273202044180858,-3.188222893206157,-6.481697130932266,-7.7507715149509275,-8.779922350714408,-9.900175241789468,-9.452657229168508,-9.696224152649899,-8.527640439082337,-8.187481975441617,-9.017717955549681,-8.834050940036954,-8.696695665205663,-8.76142856418668,-8.253619847903444,-8.455001217935177,-7.3547260454129955,-6.707734773746665,-7.616676564601805,-8.80497404862987,-10.47125323292333,-11.637705118010697,-12.072944304433145,-11.880788502422236,-12.52763072456288,-12.984982923430865,-13.466325525447548,-13.704417499210717,-13.492341043987604,-12.89123001677551,-12.33281537860167,-11.786421255642768,-11.927767306913506
-13.72076465542135,-14.170899689704585,-13.676207028058599,-12.977544040377834,-12.539492710092649,-11.968923287293723,-11.760885246185033,-10.781217724070029,-10.221071347880514,-9.696767378550199,-9.765231764321507,-9.952177051690526,-10.445461157962969,-10.961845617240444,-10.86482148846689,-9.874581654082839,-8.78981384980694,-8.895149716914219,-8.437163996641962,-8.940031103476889,-8.333770550278208,-7.918914401238569,-7.300325304829894,-6.947114956811037,-7.346041420723945,-7.688276762025087,-6.728424520530245,-6.433040822007257,-6.895873635045466,-7.435629983808149,-8.912144449286133,-10.204552063543431,-10.855656705608318,-10.867909084581276,-10.845566529852757,-11.908803679755653,-11.019369713270802,-11.852543440513571,-12.664423206244521,-11.986479731976033,-11.141369787590637,-10.829727571297477,-10.639978685947757
-12.16987539729764,-12.53383180678571,-13.824201652059735,-13.488740745445028,-12.479272922940964,-11.647667199205456,-10.67554349757518,-10.130761600963842,-9.789367227063519,-9.776734087361483,-9.528821141438222,-9.438675084008871,-9.142982085561636,-8.869052591081438,-8.597898892753534,-8.974043682306776,-9.63022381769462,-9.345999588738557,-8.389717379057442,-7.618174002678488,-7.395265550976174,-6.781955206785401,-7.265678225429374,-7.530538970736462,-7.857598439673178,-7.516819584008465,-7.928193451161243,-6.9956049028877185,-6.654058384001644,-8.26134088394232,-7.977300124271645,-8.864417495593283,-8.91507949097098,-8.498662084636875,-8.993737252564644,-10.143712341094359,-9.233773760469145,-10.553990646599555,-11.429213446165033,-11.389098407493961,-10.43093404028091,-9.751806113099022,-9.719848202543949
-13.646749772259007,-13.069886587620193,-12.258185787720208,-12.623172754264132,-11.772010527534428,-10.888329057920377,-10.1754655625564,-9.668790397876387,-8.941769285684,-8.603080231277787,-8.526615739370492,-8.44266338287493,-8.301767816097811,-8.525014915664354,-8.933204594750032,-8.797176141230118,-8.568309004093706,-8.306512564015556,-7.7391088099871785,-7.507471126297407,-7.305819064002554,-8.124888877960153,-8.511345018998304,-8.077450932219522,-7.656927943297658,-8.339323147466867,-8.429067110805313,-8.668959866254665,-8.660321435976481,-8.246181871628702,-8.635810138280464,-8.885131375669062,-9.318517866398803,-8.253076502561607,-8.054275703717874,-10.220759503658702,-10.128455794600189,-9.712379922754243,-10.333967477627379,-10.369756451299324,-9.847630084107866,-8.924977521563653,-8.531907334556777
-12.955140977869888,-12.76598301717591,-12.834109405513308,-11.966015274634909,-11.482139901070799,-11.412467686621387,-10.26780916446053,-9.49874607329778,-8.565990771667755,-8.141582359880175,-7.594564202219304,-7.577466913559809,-7.875741831656082,-8.133784146409088,-8.214110473614435,-7.948336058151764,-7.982687672649673,-8.220058469082614,-8.002907353940266,-7.842861611003483,-8.431010744513255,-7.595093433315217,-7.346413733471791,-7.83022962877345,-8.14914790238926,-8.279006872224137,-8.041327364974446,-7.958888305832005,-7.297301243033395,-6.565278310961046,-6.963445018286145,-7.156297776078073,-6.218088427572203,-6.578459757935345,-7.334917402543772,-8.85271097739432,-8.10802523949724,-8.67939525681143,-9.812972607704463,-10.128996707958187,-9.901079268031717,-9.188878258189307,-8.318500659222796
-11.826841426390168,-12.321141678821622,-11.098012796835043,-11.254573243179445,-10.797823767532206,-10.004964859824474,-9.312552403333942,-8.488422049273806,-8.255913895774222,-7.733413608478512,-6.950995792985703,-7.377236587340203,-7.5371174102050835,-7.299616048432843,-7.306815474766214,-7.6002972600039875,-7.373266259086179,-7.125674688054738,-7.062511684044466,-6.812278522605964,-6.681202775129433,-6.436027887557957,-6.1230028122035565,-6.148280024276012,-5.828278407390033,-6.064640892932604,-6.446826190877188,-6.956579666147423,-7.081255013495737,-7.2918794574719445,-7.876368589233012,-8.905900369092729,-8.307663702223564,-8.058746332758595,-7.630276195535866,-8.19892271145006,-7.92384482354695,-8.47136718274012,-9.144871327457684,-9.738854794991418,-9.555167657384388,-9.748173610392815,-9.787145841016681
-10.569033567668702,-11.14075113197324,-11.348474341927057,-10.637520643287925,-10.116867807465283,-10.28408356615068,-9.585138139134175,-8.938700844367851,-8.323943219119478,-7.5616809206255,-7.6278370806242,-7.217547875070808,-7.461978703068765,-7.713775607540266,-7.7903746957698266,-7.942234830278123,-7.395664374581715,-6.830882636311573,-6.555642998299479,-6.116058464658122,-5.672436333728938,-5.581465086025368,-5.325016640882491,-5.0323963101412135,-5.224302204410857,-5.517451237411547,-5.891658993777456,-5.578298956422331,-6.736870719677129,-6.746801592444018,-8.025981124382648,-6.977056586610754,-7.309368815713718,-7.608768526891875,-6.9189096087082484,-6.003031634394835,-6.14258144766984,-6.9989023013965115,-8.023964896602003,-8.859398055968468,-9.308199549795624,-9.10594142020056,-9.061165009785304
-10.460159015360107,-9.719770494302107,-11.439190945778005,-11.66778859223706,-10.928421170661867,-9.496109406002999,-8.644091027073483,-7.623008913169095,-6.769280861653011,-6.2699624719786575,-6.010534521592565,-6.399393781612419,-6.318948151048135,-6.369754430321519,-6.150836772737157,-6.217173469683218,-6.335375300325613,-5.805982433356846,-5.233754509585639,-4.669814856378005,-4.679462873007548,-5.3279336109285795,-5.505150142399266,-5.320377307841797,-4.745493015073711,-5.389195841080956,-6.768064116931412,-7.052247099234863,-6.492971358570924,-6.6447768396506355,-8.49391298054172,-7.318329164140193,-7.677320496065424,-6.543240734239185,-4.6975149621556405,-4.4248685922909505,-4.76504763222822,-5.23239169882794,-5.576324100372658,-7.185696743684982,-7.552010668527068,-7.686159738649811,-7.784495031505871
-11.504577494801707,-10.568606958745779,-9.19328988458497,-10.497440361578146,-9.492736528231264,-8.983424931027397,-8.675972176331724,-7.782608697396231,-6.98665024305447,-6.7128371920612615,-6.274543989316226,-5.523276490502772,-4.816051711335019,-4.5476691973596175,-3.336662390181954,-4.941846088492472,-5.294924059508029,-5.197387688215075,-5.062878222520851,-4.845115101561221,-5.172097615426421,-5.087355124804105,-4.731603565920416,-3.9425850955975865,-4.17733383405337,-5.320149327961615,-5.623915959121784,-5.772777205089116,-6.371271520126993,-7.280839043220856,-7.238656546495146,-6.58725128942527,-5.331253008719984,-3.966563796331243,-2.6475705802723537,-2.924535502940916,-4.282965743179667,-6.256161958176828,-6.939482022500198,-7.941893697598309,-8.477688454091432,-8.51302098655435,-8.473354313954184
-9.726674783344656,-11.063074670042994,-9.264257484209637,-8.33120179856563,-8.810773781459922,-7.551280447909323,-6.421136393158292,-5.491150107220428,-4.856888199057793,-5.018460045544922,-4.237809267815496,-3.5712156784683033,-4.164268902548299,-3.546125894199713,-5.712098314400972,-5.637877668852401,-5.2687796211566695,-4.694664427754904,-4.725333392035678,-5.472270838374277,-4.405231184494523,-3.6775541177574436,-2.558906943109464,-4.431282457595088,-4.817246561564646,-4.774938623073785,-5.227996653456361,-5.588851283512307,-5.823058458604198,-6.405524256552296,-6.985682493960577,-6.422157234876279,-4.81712087620817,-2.5565226333809976,-1.619803384245377,-2.4077405035978594,-3.5916483308657736,-5.012081053783303,-7.471303438896618,-7.8975904471470635,-7.431160398228974,-8.09808846501265,-8.906707174696033
-9.67524060326067,-11.481434164724293,-9.64474753992671,-9.207236276936877,-9.290316750222619,-8.354051568549231,-7.090029706891592,-7.204560584040157,-6.915293377844734,-6.2301773539536445,-6.137196256589753,-5.48015437872377,-4.830472818280913,-5.919081514117633,-4.850501724607319,-4.132913874086596,-3.95115748556074,-4.789844709715463,-4.783136020307184,-5.010919623407071,-4.669620332902501,-4.312339988329253,-5.001139707914048,-4.723359205482824,-3.9177626659228086,-4.106719990221709,-4.604943752280164,-4.8991029383259335,-5.310029489140325,-5.359461469647186,-6.492042200511396,-6.590149704833221,-5.231801862546696,-1.4954269844343928,-0.5214949783619574,-1.6755869341565433,-4.0181328902652025,-5.940819225020603,-6.363276403412846,-6.531266799856226,-7.666610220561052,-8.266177306500818,-7.301327854528336
