public/json/wind_2018-09-1602_925.json
{"header": { "discipline": 10, "disciplineName": "Oceanographic_products", "center": 0, "centerName": "Ocean Modeling and Observation Laboratory", "refTime": "2018-09-16T02:00:00.000Z", "significanceOfRT": 0, "significanceOfRTName": "Analysis", "parameterCategory": 0, "parameterCategoryName": "Currents", "parameterNumber": 3, "parameterNumberName": "V-component_of_wind", "parameterUnit": "m.s-1", "forecastTime": 0, "surface1Type": 160, "surface1TypeName": "Depth below sea level", "surface1Value": 15, "numberPoints": 4800, "shape": 0, "shapeName": "Earth spherical with radius = 6,367,470 m", "scanMode": 0, "nx": 80, "ny": 60, "lo1": 109.0, "la1": 20.0, "lo2": 116.89999999999955, "la2": 14.520000000000117, "dx": 0.09999999999999432, "dy": -0.10000000000000142 }, "data":
[rows 40 to 59 of 60, columns 0 to 44 of 80]
-16.632382439164125,-15.935554732722233,-16.76638914717789,-14.502449496867698,-14.120053347732142,-18.027759687821753,-19.11606857610427,-18.51512426361129,-16.52520174660612,-11.814304450515191,-11.80079188045024,null,null,null,-17.914754783459188,-14.909679716282556,-12.372493980691349,-15.668881692802831,-16.983588126399113,null,-18.78512360542058,-21.240436417544032,-19.90395509459941,null,-13.981701257239859,-17.145727825675998,null,-22.560243972669547,-17.127442090086245,-18.18244168080511,-20.595771335416654,-24.50765091889062,-23.27818429828969,-24.144943782503756,-17.41072711855373,-16.717023042869016,-14.480090860145022,-16.261767851404635,-20.23993693319768,-22.821980374698562,-22.74467251952582,-21.15149543217929,-22.204093624637594,-23.456167664860537,-20.43923700079103
-16.08176455816665,-16.52783118120597,-17.565444128001886,-13.900567347685797,-10.64751398808984,-14.8793325358088,-18.41854263721917,-18.085921540973395,-17.408727643615883,-13.207109483244281,-12.441460720078931,null,null,null,-17.272341336692463,-14.288676005461788,-17.322075540132147,-13.902151276329166,-11.154104829140204,-14.368570490301368,-19.0124474508347,null,-17.214388392645017,-17.076529351236836,null,null,-15.2286293398802,-18.463288741951644,-20.561738833450335,null,null,-16.168926304793825,-22.83279203868525,null,-22.372805864802732,-20.14148068564463,-14.410645471778977,-17.99322873860165,-20.603807337966487,-21.925064960128406,-18.512044076734778,-20.958483885201254,-21.594749638663203,-19.386047424009245,-22.37053402548269
-12.736639873205737,-16.422588507623715,-16.208568519412868,-15.29678216066589,-10.940479817048008,-14.906425462543476,-15.472442023757981,-18.203892193440293,-17.096136518093758,-14.372163769032667,-11.346503546378168,-10.384276637758552,null,null,-14.193765483891836,-16.663637044908214,-15.197966465095892,-16.321561488963013,-11.488824224662505,null,-19.170994699732564,-15.596115608802794,-17.909493036790888,-18.960728304303647,-12.498542259005301,-9.754808770915261,-10.099950791121447,-16.802030095892313,-18.85459620570187,null,null,null,-20.95227925008725,null,null,-18.52307964040522,-15.666623115722613,-13.791398759198577,-16.414231585846224,-17.38318555872544,-21.417076621771418,-22.67199021148096,-23.723822200126868,-24.37958342915133,-21.242191999660953
-10.949516070778255,-14.491023860630666,-14.66639319682546,-14.743043281979716,-11.54243204069333,-9.981383384469957,-13.393094822995836,-16.623822322741024,-15.59666773746396,-15.1112125091006,-12.512743243980168,-13.336479276687998,-10.517524695252268,-10.818938870948566,-9.778643247643686,-15.595870811537383,null,-13.203563924462589,null,-11.147500126124946,-11.940085121778484,-17.01552248480233,-17.68071362844018,-20.01301738562107,-16.565325102833786,-5.751704645481225,-7.038059164562299,-13.857552189512964,-15.552086080463237,-11.897465211097817,-17.343319750838184,-16.024265425346517,null,null,null,-16.160937456402,-16.713102439240185,-12.982442064023521,-10.40850189889767,-17.895813020385393,-20.388083140489314,-24.530631417916652,-24.00047290089271,-25.869358787167254,-25.227939199454514
-9.603820344258468,-16.244686453279567,-14.376099717338708,-15.750913784296158,-13.242247490104198,-8.980542157907951,-14.695312721583251,-15.658975885885688,-17.070886543173295,-15.937109752752033,-15.018151593884124,-10.528720454728527,-13.632323689847151,-14.412092290240409,-6.407649590426551,-14.647607482867482,-10.359648192395372,-12.540134185490018,-8.027850472650961,-10.62932785856973,-11.606865308723112,-20.03076586585481,-20.721409097246593,-20.518406691488124,-19.54152841478627,-6.914824207885353,-18.973591462760513,null,-15.67132954853212,-14.055967014360286,null,null,null,-16.752960143836066,-16.627025187968613,-16.774136620975867,-15.254995213991123,-12.076759026152981,-9.037914980883446,-16.864470231231245,-17.98930080328462,-17.13219737024973,null,null,null
-12.133756176496838,-15.920808050681028,-14.688184496339597,-15.930805249628726,-15.086517616145885,-9.893941572495928,-10.956298424611244,-12.437022954146363,-15.865917310004313,-16.342931630819262,-17.574801853516327,-15.86452183127081,-14.098433457073934,-16.29009913428659,-9.375959640115743,-6.6718989986526545,-16.99120875283883,-15.864658589238143,-11.955712034442968,-14.466404449688904,null,-17.432068330128324,-20.667099191098227,-24.002634705830502,-24.283877898039563,null,null,null,-12.006239673557005,-19.745658344374455,-12.786490905963117,-15.927417565313942,null,-14.232107367330922,-19.1173267035539,-17.81982138442992,-11.28904898573317,-12.06664307486558,null,-11.843768517601452,-13.233889345865974,null,-15.640320553310492,-15.748879070769938,-15.03044742789711
-14.090178630956775,-14.701502114469239,-15.368249994983437,-16.210915333472332,-14.91035584378908,-10.951097766314621,-10.52686416234193,-13.718110854441466,-13.221280650340137,-17.769580564156385,-15.726825562414824,-13.12664537567201,-14.888617228294123,-19.70510810161973,-13.554421191012116,-4.343785994783307,-16.18176024322821,-17.331023320788404,-15.237587708705814,-9.681357034006059,null,null,null,-17.231854136610238,-18.197724566559263,null,null,null,-12.728652501692212,-21.063067226365447,-19.189716785469738,null,-19.541146274004177,-16.235445522300374,-17.581399221245427,-18.050027859402455,-16.97197406843214,-13.506198682221324,null,null,null,-13.89795448877637,null,-13.711369329292742,-17.036966490031535
-13.085876799934574,-12.810720753476046,-15.205906957521972,-16.495965463648893,-14.275043305100057,-12.761738145586026,-11.244318529822474,-13.826963076081274,-12.168829198959106,-14.674528087331623,-16.143361481652736,-13.415913343286588,-13.87435725641831,-17.183819672602475,-13.172357358440319,-3.6053359071126763,-8.324106266570105,-19.73263853590651,-17.74189813297551,-14.05073336314296,null,null,null,-15.452411879659984,-15.394354224269154,-15.855487814789488,null,-10.549443398471944,null,-8.65488425932672,-13.383709024947482,null,null,-15.925517596181567,-14.400828088444639,-15.619051729564502,-13.291192764521028,null,null,null,null,null,-12.225188016349344,-15.949775275651533,-15.726333238177002
-13.724235705769225,-12.051557569219241,-14.628401475717634,-16.126893870824397,-16.00199436186434,-14.621038234163937,-11.34760831088813,-11.41242962015483,-11.052404182909237,-13.52128360507042,-14.76327184289067,-13.873323558639015,null,-16.22419406106534,-14.980791228871238,-8.388276738369417,-3.863318388173228,-19.27144111793185,-18.358554236976012,-14.690723488435491,null,null,null,-13.242286666423615,-15.031496008148736,-19.02259612823438,null,-9.259672988123318,-10.720867515125509,null,null,-9.970421221456034,-12.02026639207193,-17.219967465534957,-16.236317936754105,-17.511325232200576,-15.071555924135394,null,null,null,null,null,-10.912898478435357,null,-11.716219555341567
-14.005670772956067,-12.120685644324636,-14.27430805823289,-14.73178807390969,-17.395312950088705,-14.822088984326857,-11.98022050357529,-11.104711268039791,-13.432982227994966,-10.877305759026056,-13.666735766695252,-13.729337176982071,-11.270741447984273,-15.239637127685807,-18.886948489326763,-14.75835245613538,null,-11.222562504840042,-17.81737198994059,-13.24164576592753,null,-9.504552390437542,-9.869716306699205,-14.718693452629454,-15.980310213175855,-19.3731197424154,null,null,-13.042592667528229,-11.633568748029658,null,-20.45085478460904,-18.706189074867282,-19.23320762008769,-14.986414817226091,-18.90978575932522,-13.974227651615886,null,null,null,null,null,null,null,-6.921474414929477
-17.75195353196481,-13.526577449012773,-17.66910536634124,-14.631294002479017,-16.152708337029598,-13.50936506716393,-11.788041402169819,-10.772372869012795,-10.398435889148102,-10.185238021796536,-11.967014166016025,-12.794198029557831,-11.676047020980365,-16.42216167071153,-15.46819452332911,-15.936872544057916,null,null,null,-14.317719723905473,-5.172215607677636,-12.682616402728344,-15.430303262337727,-17.682706542714797,-15.64994770820332,-16.746218854030545,-19.419854764675335,-8.980363024964277,null,null,null,null,null,null,null,null,-18.871262790295773,-11.170846794039639,-10.277464545365373,-12.044793238332993,-10.78859909591539,null,null,null,-9.993543854045988
-12.53625787241907,-12.584664484784767,-14.972184359861592,-19.19848985331739,-18.211951456485735,-14.80738975937597,-12.669768269729822,-8.608510388361722,-9.339701868178276,null,-10.569239744795514,-13.256823969191615,-13.37125448760987,-11.822365876312034,-13.337970043957371,-14.945966029868819,-11.349965608409825,null,null,-14.158606612998073,null,null,-17.04952557221892,-13.313814068001026,-16.148482876280205,-14.225337700265452,-17.002667149997905,null,null,null,null,null,null,null,null,null,-16.74433437881043,-13.132868650290828,-3.7662901393158346,-14.636455614054656,-11.898113307586298,-10.603212165102427,null,-6.0016551821024935,null
-16.43522399615059,-17.401127856615798,-20.842584133222182,-16.273156871636985,-16.204409745204345,-15.947532187327555,-13.546818773108862,-9.910857682314495,-6.092751005025862,null,-11.581981220885584,-11.05298772502391,-12.425617144492564,-11.77422473650491,-13.762612316699425,-13.100401716283681,-14.10492249535991,null,null,null,-12.869152283763176,null,null,-16.16022071933524,-16.56025443098735,-15.951823563480984,-13.865776548226314,-11.968304607871273,-10.366596279986215,null,null,null,null,-11.643606398223039,-14.377640649503025,-11.479803789130312,-19.615243858233118,-18.196209564216595,-6.26440554134292,-15.370663619172944,-13.542541883421652,-10.686543675869325,-9.7392936261239,null,null
null,-16.129245032404373,null,-15.2708746289529,-14.837327269222332,-15.4501369207988,-13.738712470579806,-11.348979485034302,-7.951658848657255,null,-14.527909244916533,-11.973720242052039,-13.819537035918337,-11.236298774962242,-10.816561399626455,-13.799800048591663,-12.633450163643433,-13.915888840229709,null,null,null,-14.535617192087045,null,null,null,-15.539402361227253,-11.593028890980179,-11.657583792035867,-12.890967698595842,-10.152996848463204,-9.39829957631605,null,-11.462257722288642,-11.310845393733397,-15.173920950720346,null,null,-17.946028030247042,null,-15.555171477188184,-19.060388816473765,-12.485159963665662,-11.176246366418543,null,null
-10.952191042131933,-10.432378271009206,-7.567200301540345,-10.865973614883952,-11.826270177814022,-14.537804537195361,-14.469880341556548,-11.758349660349907,null,null,null,-11.923493147040682,-8.608882852247039,-12.37937869341212,-12.161657660937156,null,-15.341871429879141,-11.931051206405233,-13.25426980720604,null,null,-16.080619912409,-9.517482770219955,null,-16.339895696521808,-12.952327660120627,-12.842264886118073,-9.660903805535455,-11.672112813181004,-11.787353594141512,-10.490856676395714,-8.943422284460127,-11.464796291477592,-13.003846336277757,-13.2967329183768,-10.488906485577484,-11.130615832490884,-14.93553313764738,null,null,-17.673015286043494,-10.811636561536876,-9.725697111196116,null,null
-10.196536403219556,-9.860621854786029,-10.456559886141477,-11.030157605464481,null,-14.054225638122652,-13.803395757904386,-12.248689492707346,-9.620430192280182,null,null,null,-12.360928008742238,-12.356525290962075,-13.48729324360987,-8.911266989289826,-9.365498179632842,-11.945592083875136,-7.482424515072714,null,null,-12.013007883817064,-8.34965653149326,null,-12.663029533675417,-13.873444678578636,-14.183603355980999,-11.539200011673524,-13.371795112737079,-13.953195653214149,-14.059337138365818,-12.570342811598621,-14.443534223345086,-13.405742736713659,-12.011247322318551,-12.157538083709536,-12.170930878965756,-11.173575636467119,null,null,-12.68938249911591,null,null,-10.342744197169457,null
-8.337057441182301,-10.41326032096668,-9.106477419453409,-9.63134839002462,-10.608490662161405,-11.257961883564027,-11.805463072568656,-11.52708702057644,-9.2009665811762,null,null,null,null,null,-14.397013901094168,-13.23339258263957,-10.490148490994162,-11.777379495173468,-10.923556013550623,-10.514844735694583,-7.071974914243897,-10.102061003173219,-8.69542761218961,-15.131374581632375,-16.15394062352547,-17.0979467811043,-19.27564689532958,-14.137554073401093,-11.682162224226518,-12.929039110763174,-15.904967079956455,-14.138014236441375,-12.292479664899952,-15.641651165354952,-13.48920174327696,-13.827308577419222,-12.716077754088158,-12.329695015573677,-10.170694916723393,-9.258388423313518,-11.470322931093925,null,null,null,-6.843732941679164
-9.621131608064438,-11.450348675950236,-10.222113868204376,-10.74064482723062,-12.937140942636885,-12.69943937440985,-12.091151825403,-11.473854580367854,-10.19024301880939,-3.928329700370089,-7.330325629453416,null,null,-13.968314130878742,null,-14.661776150399854,null,-9.339040834780006,-10.81228493865681,-10.530309267912148,-11.57074761650301,-12.661744668241514,-17.166482339338074,null,null,null,null,-14.212412925990527,-10.603504130732286,-11.38755792242923,-14.579103689609108,-16.632440379847885,-13.988474669481686,-14.03029574570999,-15.74342955832909,-15.04741452657884,-14.762868918210932,-14.316797534420841,-13.111055831265642,-12.576993453089676,-12.359276930750653,-10.111720553198126,null,null,-6.835518483428627
-9.412555711107316,-11.757201578620256,-11.102640270050065,-11.89273456731212,-11.745845940953416,-12.333016120524078,-12.250973403901927,-11.745359333436646,-11.172479736843702,-8.536667821043363,null,null,null,null,null,null,-13.528917358297923,null,-11.74337240473273,-12.345446682759231,-12.300661628696187,-14.029520402965552,-13.411410821351518,-13.423156681373511,null,-12.133028746043722,-12.443674021022762,-11.030136009547114,-10.704066298629726,-8.719420427304684,-18.52084881672971,-16.896452564239937,-15.02826175629637,-14.310664068619452,-17.745527699668024,-16.33082226223225,-16.95889055785253,-16.40769135263546,-15.576329685562955,-14.406398658689419,-13.975516107631096,-12.900039321892457,-10.555387498761739,-7.689557409667038,-7.5293219935017515
null,null,null,null,null,null,null,null,null,-11.900976661358339,null,null,null,null,null,null,-12.3315306960273,null,null,-14.196015600050547,-14.691734600134605,-15.210517923918587,-13.38228913017027,-13.012278202512297,-12.463741346834938,-11.145075789578387,-11.59479202479621,-11.122037077819991,-10.537371478869355,null,null,-15.930690477314116,-16.16920146735511,-14.792254640776267,-17.29441632483646,-16.984876173774538,-17.6145379738902,-17.304754578751776,-16.31422106820399,-13.955793248903095,-14.00160870053068,-14.44017201148938,-13.507617043134282,-10.362683596873719,-9.326381969560554
