public/json/wind_2018-09-1610_850.json
{"header": { "discipline": 10, "disciplineName": "Oceanographic_products", "center": 0, "centerName": "Ocean Modeling and Observation Laboratory", "refTime": "2018-09-16T10:00:00.000Z", "significanceOfRT": 0, "significanceOfRTName": "Analysis", "parameterCategory": 0, "parameterCategoryName": "Currents", "parameterNumber": 2, "parameterNumberName": "U-component_of_wind", "parameterUnit": "m.s-1", "forecastTime": 0, "surface1Type": 160, "surface1TypeName": "Depth below sea level", "surface1Value": 15, "numberPoints": 4800, "shape": 0, "shapeName": "Earth spherical with radius = 6,367,470 m", "scanMode": 0, "nx": 80, "ny": 60, "lo1": 109.0, "la1": 20.0, "lo2": 116.89999999999955, "la2": 14.520000000000117, "dx": 0.09999999999999432, "dy": -0.10000000000000142 }, "data":
[rows 38 to 56 of 60, columns 0 to 41 of 80]
-11.934989007525804,-13.82796932295442,-12.931773620283327,-12.158443425806633,-14.318282570980731,-16.65739326136556,-17.99778767136822,-17.39504125735354,-16.146487876079966,-15.138745470258636,-14.761545504044959,-18.69327322456433,-20.846354725077997,-27.348976872926954,-27.66091356994158,-27.315832051802342,-23.297271354271725,-26.087090929490795,-26.266307462956078,-27.343738546909492,-28.520000488306376,-22.88200843184391,-27.267148641942402,-30.29677912281218,-30.34304954394359,-31.216108210620746,-33.48160738602465,-33.647320213875226,-37.89756757183651,-37.109066270930136,-35.77500352900294,-36.50057720484852,-38.18836962632128,-37.67769793642134,-42.119142610633865,-42.18253754220553,-39.665384370651864,-38.670648435257164,-40.38380805437253,-39.41821664595789,-37.958475487354704,-36.632927646883324
-11.435987624747238,-13.41618446497932,-11.768841095521726,-10.678442912333647,-13.60171469027555,-16.201389457146504,-17.391020484437487,-19.103390438606418,-18.972390215858766,-17.266189004274285,-19.02198202066187,-15.947743834681635,-24.931101632468383,-26.557975126861745,-23.766456267466072,-23.469556947327515,-24.60561115671952,-26.354719931932237,-25.70353176446081,-29.337784109240612,-27.694734412707444,-29.281018841118765,-25.214753465083852,-26.535137995088647,-27.573069847918795,-33.82196777488534,-35.22433341924243,-34.791217569779405,-37.25985450340676,-39.876581996752314,-38.00446690189587,-37.49176442515184,-41.67591984915431,-42.79631989064597,-42.21341161280041,-39.21418724135731,-34.49554700044198,-32.65869447872774,-36.037994587828884,-36.1321579852247,-35.87573713736409,-34.924854742856965
-12.891716974154097,-12.048871431836368,-10.472738247653982,-9.603716928901235,-12.379099811648553,-15.884795001077787,-17.744603373312582,-20.85914672983789,-20.888599146306582,-20.60669760938609,-21.280108212266093,-19.83345861508617,-14.4392457270737,-18.062220649969433,-20.53902444669302,-21.38764831099287,-27.11624849209545,-28.88654644570866,-26.47410909613097,-25.707881868049512,-25.56123338349478,-29.027614022919476,-25.47907850615139,-25.480740050759678,-26.873066010817467,-27.03687574824291,-23.404092154370886,-30.309780238169147,-33.879386473423615,-37.009907087834726,-37.31128082573325,-38.110142211042934,-38.254096676559016,-35.24464907623123,-35.20250060706725,-36.9260268633527,-34.99059879203922,-34.08785438683741,-36.55555263997713,-37.3735192095291,-37.03056710918923,-37.20476559921922
-12.204770140960633,-11.673873560658043,-10.801055874058942,-9.8874316920494,-10.60725667195149,-15.024941454406282,-17.91347868501959,-20.303674793147138,-21.424677242369892,-21.810870897828718,-21.027527192738894,-18.927112216378788,-16.447614001953482,-11.550487002997265,-14.23578228260862,-23.603844569954088,-27.8514322516831,-24.580713683902697,-26.734335102879378,-27.22357259646438,-23.590401094097484,-22.56576643200299,-25.460548161880574,-27.746660469497293,-25.161456387397365,-25.641997999012748,-25.434838568621753,-27.91424028927844,-31.50636793304301,-30.834004784118314,-26.645940709826952,-30.793316562469727,-34.503799985059445,-33.823961704700515,-36.260300108717516,-34.03122353995149,-33.44754946312666,-34.67247635085217,-35.3424268869805,-35.33230303772607,-34.05580829869589,-34.890805890274336
-12.618399703486876,-11.079710656271642,-9.688985684653783,-10.082634519369169,-10.993686099084083,-14.772955855155525,-17.406042400234686,-19.990631524121376,-21.19947947794735,-22.73128056077865,-22.35858254556789,-23.936572276501735,-16.412167462241385,-11.192888009705557,-18.98654831206518,-21.057737532694752,-21.709126788964458,-22.760010822790868,-25.224534196041557,-25.342944831702265,-25.238601453733665,-23.933334100343664,-23.498937789516205,-26.627044504864283,-25.56570443647892,-27.73034062533102,-26.517971458844713,-26.61888325280504,-25.340885078107753,-22.644972339566465,-22.321822396026416,-25.271820662983277,-33.83169075762721,-30.34249589988717,-26.641309555772807,-29.920738194625226,-31.74707265686149,-31.65983387581469,-33.798585357637485,-32.98024205399103,-33.925016237148725,-34.97143555984623
-12.692633162987137,-11.139982163714004,-11.674300814556528,-11.399739071886296,-12.694809922553615,-15.116112695490829,-17.528338542801393,-19.676281293863905,-21.359240862713676,-21.883490240313304,-21.57843199694462,-23.35107298529767,-20.37681834170627,-19.813631688180667,-19.831762054267294,-16.549314424090444,-18.25827957174516,-20.22449951663208,-16.63161075970971,-22.52756989199812,-24.15181989975822,-25.87986232882636,-26.098831949919735,-25.463997337286393,-28.060358231101244,-28.972004373862625,-26.159241777608575,-27.80866339326554,-23.655193877805974,-29.148373895317704,-27.849522956579985,-30.58011808506701,-23.622927670755843,-23.085164086780047,-26.95114857379599,-29.730437034069322,-30.770407234299384,-31.669810870282365,-32.07217521509584,-34.19315580841938,-34.566734047601585,-35.5410042324112
-14.584074876082807,-14.475318132583219,-13.414743898693636,-12.98503240794632,-14.162545712555904,-16.125873290262362,-18.13608938062457,-19.35492680091129,-21.2266853418122,-21.96293867089704,-22.50024345489032,-23.861208517098543,-21.942735924374556,-21.861417383770455,-21.313545905414948,-18.753643368684653,-18.761866103345977,-19.0739584874542,-22.621220385570528,-24.333006893053728,-27.05340216264635,-27.87563655597461,-28.414047275622423,-26.71857495359427,-29.082903353796333,-30.438128078383574,-27.454604123516166,-28.321034701236687,-26.241105466518174,-28.201565105464294,-23.400616274462667,-23.792547764871237,-24.521117812677407,-31.640435561549765,-30.952414070830187,-31.895086285558754,-31.634646498985433,-33.49915810661301,-33.556817472263376,-32.12383170584952,-31.634634483813972,-30.962284907379495
-16.317634863376565,-14.217065806711966,-12.997737429521413,-15.983236749013885,-16.278503605108867,-17.058934910559447,-18.174811061643037,-18.90787621771704,-20.877082868752005,-22.104318658167678,-21.261275912992218,-21.31346638322213,-20.32200021658426,-22.04038083641132,-22.51551198599335,-22.357865587315214,-20.843486419304913,-22.17958385442293,-23.226468239027966,-26.38374298474637,-26.656650360323138,-26.660647106987568,-27.159022508147082,-29.19173110874888,-25.524323065723372,-25.543074660700018,-26.155376479472682,-26.47185693084038,-26.034348653769722,-30.300765573947384,-26.947559397609005,-24.381300787927994,-23.463449493340686,-29.349010549061358,-31.951726194956436,-32.52970381748985,-32.63551465747309,-33.41279411078495,-35.021105743187675,-32.314581616344896,-28.724973566588176,-27.89298858947543
-15.505500615630513,-13.214145368434728,-14.028174072570664,-15.687801780008547,-16.89015918418857,-16.923796300988887,-19.449557335033212,-20.13564069103566,-21.828256802698473,-21.138639176545922,-20.35612957138214,-19.0589858619231,-20.556260248246033,-20.823015103750734,-19.796066375248223,-22.16206334617238,-21.328947264649877,-22.777663450307454,-21.840157939288474,-23.302491570740727,-22.446808647730506,-25.079463777814752,-22.40126449654619,-19.34681838884021,-24.043304278023832,-20.63930601972994,null,-24.918934525972745,-29.54948226304288,-29.54540432316596,-27.665444006972038,-28.218827860177385,-29.901543990613227,-29.296479045090642,-31.774268684403104,-31.93928916682155,-30.905514924320038,-32.3167898810036,-32.46214954229451,null,-26.334444513935736,-23.13799315216822
-13.884420452862138,-12.81377097466074,-13.901911888829035,-15.114739883570206,-16.659636058859093,-17.27783224474854,-17.69035973882584,-18.695845283543086,-20.821848921193705,-19.945381302225243,-19.91911278046757,-19.932039128596386,-18.460847609081874,-17.33609696629526,-21.28199809256028,-24.122272128627465,-25.57896274063523,-25.63225992604169,-22.762487598360558,-23.267549973404286,-23.19135067385399,-22.987357413260355,-20.96471666646861,-20.461219177408005,-22.80701732101209,-26.15769066266816,-25.886343929223294,-27.102995673099915,-28.11351958400334,-27.295188629821276,-26.444837249702918,-26.391315072474473,-22.436354031338062,-25.898658285592532,-26.273929644183102,-23.470614713900293,-31.271036229679424,-31.109451324605054,-28.4900890231588,-30.542235028944585,-26.416080594436494,-25.17456777354448
-15.546205311950002,-13.96438629992442,-13.837440645467744,-14.244292221156421,-17.125631003078748,-16.197358784687122,-17.08574698632305,-17.927636049079958,-20.64796101363688,-18.316413360479757,-19.202230393601457,-18.79124690407275,-16.175635327576735,-19.32094017327929,-23.69922692281337,-20.508222468194994,-29.789559660381205,-25.86936247928121,-20.961193998049364,-21.675607872983548,-19.93322743042131,-15.258683599522643,-13.570068640000144,-18.751778664790887,-22.800523138263877,-24.690454393986364,-25.19984144613035,-29.242250893692407,-28.308065153292752,-25.06021213243084,-28.65839392204125,-27.17549457200367,-26.457959928823293,-25.772555946266866,-24.43906682272593,-23.643072878590463,-29.99132602869916,-22.661160243789098,-16.31040928258324,-26.50984223550432,null,-27.090206730578398
-14.77937146962439,-16.548268178201862,-15.026070350790707,-13.89231410098638,-14.062916874475803,-14.48442882744823,-16.68841773053583,-18.12112019331211,-18.34775373960151,-15.787152515233327,-18.084009390643324,-18.34312835849992,-17.62468362573403,-21.168637785207178,-22.388459712957538,-21.282421782918423,-24.19381764458509,-20.9453683177351,-21.030157632874417,-20.51958342200398,-17.027737837610854,-18.022267027783357,-18.043953719035255,-20.708805245092474,-20.53885428978743,-19.56961553898315,-20.606993552798762,-26.05162856601817,-28.1104621426012,-29.00507614350341,-25.484100839528136,-30.056972174028633,-30.015327018783474,-29.579037648981757,-30.377954261764714,-26.902733682912146,-26.61599097740887,-22.44404019037591,-23.477205363610324,-23.010056031095544,-26.10934238378058,-29.63023720989718
-17.688896181963734,-13.731007449791647,-16.05213938409389,-14.93369374679507,-13.547765683659494,-13.205591339093653,-16.665771202055772,-16.61625517662868,-16.18607634491175,-16.272286288539668,-15.538688055986945,-17.9890756311813,-20.224287115012825,-21.15382509327609,-19.658572557072077,-20.333343208520766,-19.973069924888915,-18.100140835675592,-18.950292232466637,-22.435321335354693,-22.45202411999656,-21.795357191147247,-21.258024980057947,-20.089562925491492,-18.769547183526388,-19.01732579897465,-19.26919205156943,-25.647830541982547,-26.69696032363582,-26.37669236622584,-21.67198720727638,-20.12413896533701,-25.33456290751994,-28.427323272087257,-29.65916656598363,-24.899123713748768,-26.37967666157483,-28.370655093211656,-26.78996804678382,-27.953379197386912,-29.672231702121188,-31.553120337208235
-10.710492711387593,-12.798713228293579,-15.607698672350237,-16.485511002080322,-14.616707271567893,-13.729772215548515,-13.507990090135687,-15.931357453415284,-18.443969901707984,-17.888206224588288,-16.502083867406967,-16.774102596802447,-21.328312897676046,-19.14638814097815,-19.876641127531375,-20.123291545350487,-20.765288145566068,-18.144037674064215,-19.606127085909357,-20.769788842522537,-20.460964166735955,-15.884798384246965,-19.482202263010198,-18.077947592422326,-16.59320019325555,-18.80668093378022,-20.380665446738877,-23.089410644757454,-23.969681277947707,-22.109900878791755,null,-20.100439209595585,-21.626910124513543,-19.414924511786825,-20.447899620479525,-22.33754512832183,-27.396183768054648,-27.079684194511856,-27.21091457395735,-26.639357858503846,-29.607856633579743,-30.83042030861499
-13.739962240318293,-15.109198621182191,-17.488898187337988,-12.702267510965145,-13.842540399390883,-14.382442934999956,-16.123854204267534,-16.383103938222412,-17.56604348014865,-18.713383993244577,-17.447203689674502,-16.70159597626016,-18.661340095749697,-19.756469869408065,-19.415201801280812,-23.10237007449047,-18.636322041950816,-17.372936463625596,-20.635265552328367,-18.816381689174623,-17.14389431551313,-12.917915201230954,-20.94177065868768,-20.78038615769577,-20.713358522863206,-21.945217317332073,-21.12292777946596,-24.19245209667427,-26.12209944563221,-20.03135649660652,-18.849884151733082,-22.23271062355093,-20.96598023727953,-22.64718506182828,-25.196301558315724,-25.118526605139618,-26.055000572687433,-25.450721628509978,-28.12661193055553,-28.856881672937387,-29.68453777756219,-29.53158607107956
-8.636668095059022,-9.930352209197364,-7.727273233598019,-11.426994886880632,-13.266667579011665,-14.849425448622545,-13.947432112210535,-16.429654747248804,-19.00709871532855,-19.60268536187217,-18.938139013508085,-17.074691250197944,-17.74755950986804,-18.52002808256617,-19.68816070323235,-21.01872922733855,-19.051402768679207,-18.08393808954241,-15.121119367195123,-16.629881357797625,-20.52830793441104,-15.236137277971654,-14.022549065227283,-21.83299732841291,-19.762527302223575,-23.465734358234855,-22.730446735512587,-24.352929465877693,-24.404479362725766,-23.414698259507087,-21.807061899205674,-22.72491524312767,-20.03356637230457,-20.053478250770645,-23.011420013505422,-24.81477058907159,-23.329694157723758,-26.123432204387225,-28.15618885926575,-26.377591272887457,-25.691059018681923,-26.902343050541603
-10.487697374221295,-9.128996959200103,-8.41772271455503,-10.261181204750585,-14.173733774923264,-13.441085672952548,-14.716929871659852,-16.997604859864815,-13.697440577054305,-15.57559502962086,-13.114443354756789,-16.292563888837886,-17.002538671273925,-20.55700463154661,-20.512243095433444,-16.967640978749067,-17.582298417125337,-15.99860746943753,-17.509116385015737,-15.023766699675084,-14.371185700736344,-18.166721387729385,-18.873910930475194,null,-23.120857404699752,-24.597457745169862,-23.11189002082804,-20.875276022958488,-20.329567991202047,-23.930225854817177,-23.4571749176674,-22.628940258294378,-21.263684499636582,-20.42012072244574,-20.227387865233677,-17.687349685228455,-18.656081789964873,-22.30083263391914,-16.815719888362207,-14.89676215791253,-23.724178970965177,-29.29963289958487
-9.425412060250766,-10.442879636403923,-12.005386148485666,-11.284803428537572,-9.5457092144605,-13.86941574605119,-15.44564445726208,-13.814058897550723,-14.899735647074701,-11.559633517467683,-10.784883855186369,-18.423098945167585,-19.51398811430127,-19.812993705150255,-19.26265479843967,-17.744468076396796,-17.893702366235125,-17.557051474310683,-17.73910246566703,-15.259472109654801,-11.947969627543696,-11.62924437537873,-16.359466183997405,-18.25237280787276,-23.54945293688897,-25.989531167774537,-25.562731614862013,-25.35981959800631,-33.955345815320115,-27.29954685667022,-24.815552794861794,-23.994348567841726,-21.850045639765327,-19.24498808034894,-19.72798685045094,-20.74996293740463,-19.896015782471306,-17.99103519461065,-14.797199201019474,-12.598107003096443,-21.983155567104244,-25.60196912464322
-11.324210742603924,-11.611613632435347,-11.914843204378737,-14.210278342162741,-14.676038930841749,-14.10072837046504,-14.037412747815893,-15.307299960458923,-16.07186767637733,-16.039864904062902,-11.174156392928133,-14.73178253746579,-16.933388394645494,-15.286149637842426,-21.18939565748712,-17.58910331371446,-18.80761197285401,-18.792607035032603,-18.50649475307709,-17.75600821054418,-16.413678121315698,-18.55120182367647,-25.756211240206664,-27.575253405408745,-26.071343240382287,-24.736702695786292,-24.998875884017693,-23.33302799607632,-25.10853998412833,-26.060660703374054,-25.311215708752723,-24.70504768249054,-22.25096403210784,-21.13698045292645,-20.485595733324462,-20.30289440105912,-19.02582037702998,-19.529834813258883,-19.698039742598407,-18.73591035620059,-23.48678185689214,-19.459230399268712
