public/json/wind_2018-09-1602_950.json
{"header": { "discipline": 10, "disciplineName": "Oceanographic_products", "center": 0, "centerName": "Ocean Modeling and Observation Laboratory", "refTime": "2018-09-16T02:00:00.000Z", "significanceOfRT": 0, "significanceOfRTName": "Analysis", "parameterCategory": 0, "parameterCategoryName": "Currents", "parameterNumber": 2, "parameterNumberName": "U-component_of_wind", "parameterUnit": "m.s-1", "forecastTime": 0, "surface1Type": 160, "surface1TypeName": "Depth below sea level", "surface1Value": 15, "numberPoints": 4800, "shape": 0, "shapeName": "Earth spherical with radius = 6,367,470 m", "scanMode": 0, "nx": 80, "ny": 60, "lo1": 109.0, "la1": 20.0, "lo2": 116.89999999999955, "la2": 14.520000000000117, "dx": 0.09999999999999432, "dy": -0.10000000000000142 }, "data":
[rows 22 to 43 of 60, columns 0 to 48 of 80]
-1.8906501164034024,-2.607284294083163,-1.5265968648053125,-0.5069318578326237,-0.8136242375046113,-0.6257510674483837,-0.8830272647397956,null,-1.361512405600464,-2.168235916077884,-2.6210791968920812,-0.548421306864006,0.4045872658908809,null,-0.1699415248970268,1.1774297951704256,0.16799872830199541,-1.6432169692226932,-1.3454052346244196,-1.5959034439148414,-1.3166101894723155,null,null,null,null,null,3.7715331908584355,4.819964927915194,7.982799540074486,3.8778486314829537,null,null,4.417913281657299,-0.30276051756145445,0.06562769662700227,-0.17163619737538102,0.8229505660912041,-0.44535012401214225,-0.8057248321046917,-4.457120356231766,-4.300933436512993,-5.956034103243267,-8.871725148588972,-7.0440587068154805,-7.471357559151114,-8.928236734751593,-9.424900658958213,-11.775301646030695,-11.251012542272223
-2.7983844327066394,-1.603220335197602,-2.0634224251666273,-1.8569779667846933,-0.915865203711965,-1.867814552747011,null,null,0.4810432852048083,-2.9230155702485416,-1.1742495292437898,-0.1789844235273337,0.05386849001857704,-1.314141253168104,-1.6339557807086775,-1.1151020499586788,0.7077678630187462,-3.423033934520211,null,-0.2761925089660909,-2.439379019950259,null,null,null,null,null,null,6.660644205064856,5.316507557078846,4.351181955616512,3.5007316100624846,null,null,1.735484645452904,0.32078565010060245,-0.07050416587130925,-0.6024030732751029,-1.6501826159883182,-2.4303530287677684,-3.0794085409546126,-5.522610138343943,-6.217875162183171,-7.631276069728621,-8.709758426070147,-7.779858002029154,-9.216083939571883,-11.038797118909498,-11.62278884594749,-10.752228142628779
-2.7771760218132235,-2.2435594005103408,-1.6070012729566394,-2.7909030221483384,-1.677196878676432,0.013493296308421235,-0.9609014295363261,-0.6115728437815644,0.8840286436635194,null,0.36761277862661823,-0.6643212754053385,-0.6683497947609406,-1.6053623457646828,-2.8138241434195126,-2.7224655930689523,null,null,2.3194249130945237,-1.679443302984779,-0.8315787067898253,null,null,null,null,3.690380261699279,3.7369828883600045,null,9.156928968867193,5.707511840489592,1.7313434158458687,null,null,null,3.7487063434773784,-1.4734822300667993,-2.075073984110728,-2.7305194594106603,-6.290398030038279,-3.3553425943374755,-6.12800081986422,-5.260362859057598,-7.889107108702644,-9.13734733438397,-11.519195186709597,-11.453941881792012,-12.859563234956923,-12.88508866355018,-12.474773937508562
-3.181946876632928,-2.5277863987587876,-2.570362789759425,-2.1223584773423787,-1.2234871123065698,-0.15968810384337112,-0.23794214073795222,-0.613314895119812,-0.7570424784221973,1.7735655295291177,-0.20086114613868578,-1.0187308969099114,-1.6422944432930193,-3.2215949806415263,-4.3115248617196995,-5.044651265228056,null,1.6183721774962803,-2.5593589332958606,null,0.7659325190227527,null,null,null,4.400551897733683,4.668666402800256,2.5208448752341632,2.300726195299186,4.265232404393885,3.8879834964323328,-1.3453411275999865,-0.4802224513876868,-0.1744992975373733,2.6658635969966546,-0.27970903281619,-3.0070383322878684,-4.867921946299232,null,-6.958679527677925,-5.980935928686321,-7.4915521286096896,-7.972955122074035,-9.190077785597868,-10.465084157202197,-10.592077015796082,-13.095318612659002,-13.550103772488441,-14.335433835442519,-15.05250403137104
-3.503697181615548,-1.6061908878378957,-2.6041224054465086,-1.9095134602522246,-1.6499607652714898,-1.6887058125651189,-0.9398553445275123,0.7452261069361942,-0.8798416656192852,-0.29048335373322204,-1.3820102396810792,-1.016299906813298,-0.8311487018262195,-3.607034419707636,-4.128323487145896,-4.014773318632288,-2.92784452073902,-3.3104524539451083,null,null,-1.4420794958223968,null,1.2799733477005544,1.7390349187229197,2.7297745424336055,2.323855175217638,1.9109501796151127,-0.03254995790623462,2.8295588198471093,2.672626531009398,null,0.8636823532052641,-0.3312405717691692,-2.1815971597694896,-2.8663770880499593,-3.3521287026829256,-3.499109740141229,-5.41423191861743,null,-7.330236705547574,-8.614055793884187,-9.925578149863595,-12.002945532473781,-11.442065738736915,-13.235972958318904,-14.965815562707892,-14.526121454884738,-15.308271554228975,-16.58847336551016
-3.8072091931309373,-2.261051333065306,-2.036371454664328,-2.521839570071771,-2.4978509446067876,-1.7988962792278582,-0.5777126901011892,-1.2996099028648236,-0.8517577589634998,-0.5938248203701568,-0.31801258720057235,-2.042170265727085,null,-4.013285538489829,-5.365171544446887,-4.129333710281807,-2.3181335793133337,-3.062978670381259,-4.067136754985596,-2.2412201346590295,null,-0.2553716510628688,null,3.0982585852377293,1.2373004143335107,1.2179925242631358,0.9525740874041145,-1.102173529948476,1.441330304263506,0.49946010358252846,0.010327964038237547,0.6454542099646576,1.523618867866792,-1.3541854813654588,-1.3119594377876433,-4.141747723991555,-5.701730863939042,-6.345894231495563,-8.523077411265465,-8.242875188138306,-10.065627489584958,-9.603457518951732,-11.092538618174135,-12.808944184177353,-14.970264190129411,-16.565480767922573,-14.420557166832818,-15.301348719403844,-15.434238096280673
-3.4552411054332586,-2.495252991645579,-2.8652926991010275,-3.5889268125134564,-3.0738713644298983,-1.0494047435949927,-1.770340373903413,-0.6105731547976178,-1.024793659853289,-2.7962365952834296,-2.7784208034168336,-3.306808145901305,null,null,null,1.312281048883924,-2.9366239635174267,null,-3.119251033735173,-2.7357380255989363,0.40094859491235885,-0.629503862463392,-2.748891931986952,-0.8210084681181649,0.11370726997643321,2.1406595113695075,-0.2890078545953006,-0.23164220803149704,1.213665966817201,-0.14195729011057578,-0.48237577285633887,null,0.18625573781105614,-2.315866198448573,-2.9158762716178774,-3.1837638985376793,-6.305433728541992,-7.830307943813413,-8.555615191909839,-7.451475269627828,-9.352519424633073,-10.098661735617723,-9.712120772945765,-10.316199719961514,-11.289084519777784,-13.723107211737238,-15.674550799906061,-13.206157893672476,-13.829416731291387
-3.519589070551472,-3.3090308736112766,-3.813622979864692,null,-0.2066240575094941,-1.0365328994723113,-1.38937868850976,-0.801215707538878,-0.4838798007084495,-3.790072899672021,-3.8059635355350405,-3.9676855446463204,-4.02231147323655,null,-1.6717112865388366,-1.3310417641637506,-3.7842618810924313,-3.29625243136654,-2.8419250154442057,-2.076206244128916,-2.978467919428001,null,-1.1582865082581364,-0.8537838118685951,null,0.798269251403827,null,2.678309204462444,1.5869037409818305,2.84769625946692,4.442953060260101,-0.3327039321298446,0.4526462073727045,-2.146936488717833,-2.493608124331865,-4.5245045524311465,-6.79823146599947,-7.6418880224121315,-7.416911802442976,-7.680866342704649,-8.8048446301209,-9.93255906216066,-8.90531444633594,-9.374632356763026,-9.503620189406703,-9.174462695058052,-12.92942953230408,-15.384851736021051,-16.46436347957806
-3.33528432893365,-3.5957671153449535,null,-1.2215811509696306,0.10465258891070285,-3.7605845861981004,-1.4863575392616237,-1.0178705185938228,-0.6208289870660992,-3.6693073120353876,-4.651444145978098,-4.834126658947081,-3.793613869944356,-3.4240128475955967,-3.301347635292399,-4.254029385024059,-2.927603706187115,-4.5076462145230805,-3.440634153774728,-3.358944171493789,-4.431091261581747,-2.5128392539344073,null,-0.7784934736057834,-1.7472503067241991,1.9076066149901565,3.153121821715629,6.889964263904978,3.353007408366731,4.3815423389364145,-1.574240611833797,-1.1292464737259407,-1.6322956047265875,-1.1078184142197665,-4.2362436550674,-7.663566996498516,null,-2.238609152362834,-7.075779903858186,-8.583784356767039,-8.595488301375076,-9.678270686075344,-9.989256704785856,-9.867729672933827,-9.056792744471206,-12.664104618393555,-10.477107956637152,-13.569616663197216,-15.311011534628221
-2.9324745668170165,-4.094572771949849,-3.2570701333305916,-2.800702521771017,-4.254652159437326,null,-1.1253854141385207,-0.3367495675485857,0.7889746598224374,-0.93901313192256,-5.154487499248882,-4.966979898930753,-4.221897183390041,-3.882429194689246,-3.3446453895202373,-4.867531572538013,-3.7474258282785695,-4.070929055720142,-5.047999413212352,-4.552924558717584,-2.5752108878279136,-2.4246048089317576,-2.9179323342424013,-4.045457414993775,null,-0.12445600474114711,2.225588096257577,3.3804445384283097,0.974330193085563,-0.8571427475114184,null,-1.0675191322748108,-1.4046909068772522,-5.026984723313804,-5.548235157582334,null,-7.662724234186557,-6.9538275068337025,-6.787594377845779,-8.544634138873938,-9.037232379035867,-9.404683191053449,-11.027995914994367,-8.945464218648734,-9.38629377977535,-13.004653087400683,-11.096006453295303,-15.390592964470436,-14.685381270761425
-3.019773745148469,-3.5799011846232136,-4.091924002755854,-4.250767710939992,-4.352285104957123,-4.092673405036054,-0.4332185132068768,0.7376336127855345,0.7136446277367775,-0.015954143549759384,-4.139697611274206,-5.579067655386714,-4.257578830160532,-3.863043676334336,-4.112985426677265,-4.463710053225929,-6.046891906799238,-5.067805502115019,-4.072192910692548,-4.280498009406673,-3.6516607797453053,-1.2504963125013726,-2.4323501713616427,-2.5765793716699097,-3.5114576548869674,-1.5450809737908484,-0.35529579835110725,2.0872374738765096,-1.3755046850176484,-3.01095601012117,-2.3084752006959866,-1.1110153767405682,-3.7286654983779863,-4.433418858573721,-3.718991546897778,null,-3.17412570908469,-6.4058354053821995,-9.097436051865378,-8.128850329736386,-8.892642621588829,-8.160890394881637,-10.52742141525631,-11.539207305496705,-9.51646811561412,-8.415634817110568,-12.503982000468884,-14.922200886252552,-15.02227151275951
-3.0206468606660057,-3.6984695141358617,-4.459733544955772,-4.0388115519430094,-5.065260179449466,-2.4391267240033034,-2.3908457729308377,-0.5515420466450851,2.739431528489102,1.659206375654962,null,-4.894020500609914,-4.859017408835208,-4.308117699197941,-4.5676368078437735,-5.166089525561526,-8.120069224522371,-5.644250712832563,-3.933260333120333,-6.052345848282567,-4.107221330454028,-2.9148106045359112,-2.691417404120517,-3.610316545060103,-2.3459757815212097,-2.6792515103135943,-0.7981127020578944,-2.372423938995353,null,null,null,-3.4656080087389562,null,-4.207868319297805,-2.5707870141408975,-5.487924011992073,-7.258882935796059,-7.690014843412202,-7.510197713358353,-8.039612482191165,-8.713192843772832,-8.533351507814086,-10.362686138666755,-11.20869708605097,-12.609560572440529,-11.237351192188353,-14.255633426983287,-11.653367115519426,-18.49619348656913
-2.242696856750211,-4.869257456588484,-3.6283439582874935,-5.782540223222628,-3.175535246290154,-3.718662751490672,-2.2370956540162465,-0.6933121754291706,1.3748457617310024,null,null,-4.031807273592871,-4.115390698183264,-5.021531243169058,-4.565500047749724,-6.243740945490113,-7.848989243047533,-6.228595860756037,-5.9402030794889695,-6.855070674254638,-4.316674790821465,-2.4367577665800653,-1.3764716353430826,-4.268860692338876,-5.299709584303627,-4.366071792289132,-1.5192865805789832,null,-0.6402048134243236,null,null,2.818163861524066,null,null,0.5307758471014604,-4.8365894814063495,-6.402654046142167,-9.201031878547965,-9.961743827867439,-7.503136707001769,-8.612146725075933,-9.11037195294323,-9.555919959471991,-10.667499588795794,-10.534019700034085,-11.536668136833411,-11.100636013421681,-7.999290415119821,-19.70588944362047
-3.90422157644669,-3.35666612073417,-3.189746482906292,-4.809891178378954,-5.273191806155234,-3.9268582324908357,-3.1373527764483473,-1.851306806334448,-0.3454479198497897,null,-1.3736430975923106,-1.1821914584650812,-6.499496795582753,-4.298233387914837,-9.05137357515635,-6.404578443545697,-5.554841508304792,-6.525415654112826,-6.731530122642043,-5.792168923749104,-3.8436543029437713,-0.854352771410829,-1.6113004185209099,-6.44863430110648,-6.750718578269993,-1.933206800965963,-1.4321084143839098,-1.4852688593287404,-1.0141953823089374,-0.5666064919368552,0.8893941513055802,0.35870344855459724,0.38803348489648404,-1.1766572788297687,-3.29247290661978,-3.686802633163715,-7.335929598489444,-8.63505390920771,-10.739511461538699,-7.993633133665488,-9.944716804906347,-10.391759702471253,-9.601981064429639,-9.552244171924285,-8.696253323864982,-13.143000481729295,-13.795143480524482,-12.702795594793326,null
-3.3195719796811494,-4.22802932973771,-4.1022169682468945,-3.857926471776453,-6.136945925062286,-5.0949596626832,-4.19626034000556,-2.1201685698249673,-3.452578227862451,null,2.9486872702134095,-2.726428904616858,null,-8.688949675334639,null,-5.1366080665361045,-4.375955422602056,-8.358217323131727,-7.467459203764566,null,-1.0208800864049636,-1.1831577831330158,null,null,-3.17987253643907,-2.159613153277217,-2.8581388749583874,-3.272945838535679,-2.6472010508630346,-0.29399611820725335,-1.0360364158580564,-1.0455429241075354,-2.2280307310311143,-3.883010401046942,-0.8572873643948042,-6.10807372129206,-5.090434773426007,null,null,-6.655532720525301,-10.546338812144318,-11.811076313452613,-10.006346704281974,-11.13495452833829,-11.2901099615591,-11.089974996872034,-11.184259394005037,-13.332747594796507,null
-5.107433500272163,-2.7186355749120636,-5.748496128457388,-4.599918720385913,-5.51153699847079,-5.678170129760369,-3.8678792356800678,-5.6960171741375705,null,null,null,null,-7.201446440650874,null,-1.370382554748303,-4.8583027275992094,-6.1965224755625545,-5.316623498887384,-8.002162539984784,-3.1156458120636668,-4.377477616520126,-4.131099302245467,-6.3073040023133,null,-2.06329855433048,-1.9297729736463454,-4.930765700329795,-2.321771218058872,-2.127666005512073,-2.8336103674555835,-5.27205307689814,-0.5927109743701672,-0.9215275888018732,-3.2529343197500786,-4.301608654346286,-7.734387074143918,null,-6.323502303414239,-6.239273968292849,-5.337372796423363,null,-7.344743162535919,-9.562769144653474,-11.016598913821069,-13.300353928461334,-11.133001337564755,null,-8.390777865326363,-11.664661036930958
-4.022943083469293,-1.7134651369679905,-4.762237449951917,-3.8771532806618723,-5.194838672040174,-6.017043765125384,-5.527801464505858,-3.881770500576722,-4.398317384233481,-0.20813367958888496,null,null,null,-3.3714210788449854,-6.527543067149375,-4.930178879227032,-3.091517704493662,-4.45973346016379,null,-4.019281600386733,-7.355402701382095,-5.403452470746943,null,-1.0006019207375967,0.9959578178201264,-3.99892433451737,-5.136895378816972,-1.6137941656003008,-1.5248186223079965,-4.917756063089101,-2.135212512963225,-5.834480568314015,-4.349722259170596,-5.054820655412191,-6.017149427143109,null,-6.9703163094547005,null,-4.256691975862704,-6.666524498175106,-9.935833872257678,-7.845561643868262,-9.075673845896969,-9.407922078512685,-10.560759576696547,-13.519010312166184,-10.703001772556705,-11.195449848580155,null
-2.7035915697369024,-4.880055950192032,-3.1619148133430235,-3.040319233328615,-5.46275515388421,-6.046115350839535,-6.36800481128023,-4.833005613221627,-3.8064683184466075,-1.9859571714104223,-1.4076773313588435,null,null,-4.872584003015434,-3.5735105335979123,-2.3847199440968234,-1.1896242601581954,-4.926975653266096,-2.9025806846790974,-9.636248946488841,-5.346482347397922,-6.188426501456476,null,null,-1.3701593846688622,-5.952960667486241,-7.254492147390262,-4.714211163863043,-0.50051593423599,-6.0035602852588,-4.904559762115211,-6.624510480327424,-6.367096836078598,-6.978993245222949,-8.92070917705086,null,null,null,1.2977687121057093,-6.371440863692678,-7.106267963285115,-6.513148593675965,-6.210646526754947,-12.000563992221641,-12.125966425616284,null,-10.62666950894152,-12.291327079446585,-10.602431036004992
-2.5833171935443033,-5.3504294655538995,-2.4582725412268807,-2.526918729840963,-4.20982743908689,-6.418901674215613,-5.959281734276363,-5.449864265746418,-3.5694702594247123,-3.56090032789556,-3.302446539501471,null,null,null,null,-1.7189854235840678,1.4801511905847382,-4.328451569077443,-6.607559915507664,null,-3.75899690388496,-9.90765837092287,-2.1331402602417704,null,null,null,null,-0.3454420608349027,-0.7625531393703735,null,-6.582318885993152,-7.2812661587809355,-6.577202966760689,-4.8491816487600214,null,null,null,-0.6208190685860219,-4.550488280359579,-6.018845140761503,-8.438424771669556,-9.004992460385916,-11.12249619359278,-13.558831774042398,-10.154960255976196,-11.367174304885191,-10.224865590425852,-8.048694613432803,-12.000283379261763
-4.150932536176065,-2.826238504125266,-3.0627857421869944,-2.5448115804892018,-2.2810131593079404,-5.435556818060617,-6.336426459112153,-5.188109522200135,-4.848709558113428,-3.665452492596476,-6.228377357712812,null,null,null,null,1.4481852678728142,null,-3.4354835416245577,-0.6492799178937181,-7.824227998960083,null,null,-2.157427041463522,-3.3692410935582124,null,null,null,-1.4609753185587382,null,null,null,null,-5.572420098374543,null,null,null,null,0.1179304250292546,-4.681052697449312,-6.371536721120071,null,-9.434665600029206,-12.287959735777374,null,-11.017934615393013,null,-11.290099996236131,-11.05719413595791,-10.642247721543763
-3.1126619700155005,null,-1.5714252857913034,-1.8677605711750613,-1.9067625827636505,-6.363572091738092,-5.380753405169046,-6.198994332764007,-5.5251273727952555,-4.845472490383605,-5.175434220905665,-6.246071048300937,null,null,0.6219015849666326,null,null,null,null,null,-6.970820927728945,null,-4.389016547007493,-4.152850849216646,-1.1248218492316613,-2.7054489997099527,-1.1183854197615348,-6.101104534512671,null,null,null,null,null,null,null,null,-0.6014389042503862,null,null,null,-6.221517977771602,-11.667254441624184,-14.046656434921914,-11.104568601823129,-13.042600737417077,-11.11574600618528,null,-11.317726176380878,-9.287929651581686
-2.6437383344593353,-3.757419194886168,-1.8233626787337163,-1.8974078771391263,-2.003982836732155,-3.5242907245267774,-5.36612426206153,-6.721664227229344,-5.92255029116363,-5.797719356690137,-4.940931319154187,-6.954361096489308,null,-3.2790281485544757,-4.147259354609612,null,null,-0.7848559202354513,null,null,-2.5229635437279176,-6.328628535183124,-6.785885211845198,-6.267303273652697,-1.1199723688088727,-1.2017827193657034,-2.6402282416520437,-8.218391072954896,null,null,null,-6.252396085871008,null,null,null,null,null,0.7995746117969675,null,-6.656882321273346,-9.09767463416323,-9.76033834103076,-10.908333491333547,null,-10.556125290229959,-9.92135255294405,null,null,-9.564844956498597
