public/json/wind_2018-09-1607_950.json
{"header": { "discipline": 10, "disciplineName": "Oceanographic_products", "center": 0, "centerName": "Ocean Modeling and Observation Laboratory", "refTime": "2018-09-16T07:00:00.000Z", "significanceOfRT": 0, "significanceOfRTName": "Analysis", "parameterCategory": 0, "parameterCategoryName": "Currents", "parameterNumber": 3, "parameterNumberName": "V-component_of_wind", "parameterUnit": "m.s-1", "forecastTime": 0, "surface1Type": 160, "surface1TypeName": "Depth below sea level", "surface1Value": 15, "numberPoints": 4800, "shape": 0, "shapeName": "Earth spherical with radius = 6,367,470 m", "scanMode": 0, "nx": 80, "ny": 60, "lo1": 109.0, "la1": 20.0, "lo2": 116.89999999999955, "la2": 14.520000000000117, "dx": 0.09999999999999432, "dy": -0.10000000000000142 }, "data":
[rows 22 to 43 of 60, columns 0 to 49 of 80]
-17.718090921427375,-20.435029300889383,-16.85933541395619,-18.247373027410557,-19.155361821988148,-18.268381643762243,-17.33485285913211,null,-20.448685401625287,-21.534753808733328,-22.133819729200468,-19.88223199788362,-18.774566605899153,null,-15.92162838328892,-23.991319873512204,-23.97279336952166,-31.05084086123385,-28.258904262148416,-30.39080370433617,-26.131372982570454,null,null,null,null,null,null,-32.79806576225077,-29.982369711048808,-29.982381530854,null,null,-35.68598688426873,-38.74807709964216,-37.778229757327594,-39.83236653188477,-37.29348940331394,-34.71907506491509,-32.4247879107456,null,null,-3.467021701562926,2.929522466023223,5.396526690414188,7.933372675196436,9.743316698835127,11.655173255299445,13.239736830093047,17.39790727911211,15.87928750725809
-16.368101950393303,-21.350559329165602,-19.11954316823497,-19.64244526783494,-16.96053051186773,-21.367255922582927,null,null,-19.84917695313386,-20.060810531396413,-21.23988870960762,-22.0784848206278,-21.241352156044385,-19.846982303235684,-19.613870753199734,-21.15025274232849,-24.273892826900198,-27.605872713537853,null,-25.054234230101265,-23.209614955008053,null,null,null,null,null,null,-26.42503897551066,-30.031271966624203,-33.706545152204455,null,null,null,null,-38.887393054787736,-34.93499070524351,-36.194056198934845,-37.1135497088547,-34.0686363188654,-30.06340466953031,-22.441543389632987,-11.376221715181751,-2.6259174091139386,0.6252400048208494,null,5.990243835525292,8.216301141848103,11.810485351264965,12.974330872178268,16.12786623429349
-17.16262399282486,-21.444500264664367,-19.015729065586733,-19.25704886263837,-19.64069801071639,null,-15.977801794573564,-15.212095617019846,-14.001004430183334,null,-18.241227006931293,-23.51422128154669,-22.10697663817176,-17.777156540626574,-20.381506173570568,-23.69940322009358,null,null,-21.38348432903255,-23.69276802714863,null,null,null,null,null,null,null,null,-24.035251180760877,-32.221037740260606,-31.181080992789486,null,null,null,-34.124556447954056,-38.08659562536175,-33.96839585498181,-36.82187765651633,-33.02949980633419,-33.9528035672968,-27.327632241113335,-17.425528661354697,-11.457426683616113,-4.487277563762299,-3.649876397348706,4.039689203092371,7.591424276433929,10.60389128517008,12.349700394545646,11.737771249439918
-18.549233631749125,-22.391436103698023,-18.851929028294425,-18.349843422061273,-18.173975135410352,-19.444478387749054,-17.612513157892586,-16.74945151559012,-10.741512174643946,-12.626503998201393,-17.26977636085415,-24.185673458918266,-19.977919951973632,-22.316785231808407,-21.55588245698167,-19.9702011816071,null,-20.850926637976205,-23.016870198066574,null,null,null,null,null,-22.183323096596695,-24.519256300097013,-26.070848441136928,null,-25.728368766433,null,-32.07533880956088,null,-28.901626716688522,-25.538466343573198,-33.11567986948878,-35.51266643201219,-36.38177129315553,null,-37.265050669897626,-28.66087693750291,-31.460147204187848,-27.38069229741726,-16.1787800332893,-7.267103809620246,-6.0686760286058705,-2.862668968930123,1.1725415258543943,5.682583024372494,8.269577433572895,10.593298863825993
-19.78262093398239,-22.072007425845566,-18.910403993929503,-18.17174259161617,-21.356829596012734,-18.682134114657337,-16.564060266112527,-15.257159561613598,-17.984279466439855,-16.650147101217797,-18.39966051536762,-22.21233211126135,-21.037960651272925,-24.531639672301914,-23.45196282788536,-22.426908434476605,-22.2315968838722,-21.111479318484516,null,null,-19.755176168592065,null,null,-20.21719507800131,-26.71815650644375,-28.57779300963255,-29.93810147775158,-26.87291955995024,-24.673890166883552,null,null,-33.26005357927532,-32.51200907054254,-28.483712942914266,-33.589501705653056,-33.33533719167527,-32.49647277899729,-28.42322926956162,null,-31.96976369789079,-25.64508147491031,-24.282120644753476,-23.854209541696882,-15.403928433887454,-12.648489510929451,-8.353304546055085,-3.148756810195581,2.037644731386602,7.467775509314853,8.446560731488338
-19.20798692381047,-21.98151232591366,-19.13822696319657,-21.164117390769537,-23.14738951866081,-17.34837242378187,-17.810718590817558,-18.797136462985545,-16.853060144487998,-13.59585559312686,-18.244273279872406,-19.200598943021795,null,-27.6021546615559,-29.003602977237843,-25.589166244071638,-17.989603122768106,-21.70151760551138,-19.472237594875967,-18.098836660122828,null,-21.523345304898616,null,null,-27.263618864563924,-28.698135432795546,-30.893103956235283,-32.8750347650479,-24.864809413075996,-25.392330784459766,null,-29.229631207378915,-32.34663563434233,-27.6999842790089,null,-33.14254367973486,-32.68768008492623,-32.62432806007068,-29.445548494389755,-30.336093977490755,-26.098782283906267,-25.37850269945202,-20.70897760612334,-18.885353710706802,-12.18147124066411,-9.810621221954772,-9.123840847901954,-4.4332687807820275,1.6436297607080927,4.583561531113685
-18.481230272821417,-21.379558211186815,-21.28025234496568,-24.9366695119151,-22.582911171229355,-18.040425184850925,-18.7830222926889,-20.762243053329986,-19.621465874038574,-12.523659002722844,-19.10584581673848,-18.362288363972294,null,null,null,-22.28961287360674,-21.986589112661957,null,-25.76476804186275,-21.19408698740896,-21.451560183184196,-21.090158200028114,-25.86792278773404,-23.008438435020466,null,null,-31.743630099735828,-30.9692703262222,-29.41495108987001,-23.452187541608314,null,null,-33.67106398397822,-30.623406036171808,-29.142816278357316,-27.554527200476528,-31.143699868020377,-31.215772620709878,-30.16340404130323,-32.87580658388367,-24.70618752257481,-19.355785662680567,-19.960039042918226,-17.18148598954152,-14.598087409120769,-14.47251188443014,-11.069503830197306,-7.309408117681537,-3.54396250597597,1.0970662228362487
-16.798674794668095,-20.201123625979047,-19.155207955955586,null,-22.769129115577726,-20.54552298299131,-23.108187724984496,-21.652811826520324,-20.391398121586022,-12.4421270058709,-18.719737966840924,-19.047950767104595,-16.3143203005731,null,-14.866181448242276,-17.087078933590988,-20.333899738517655,-20.828821716472216,-20.55986183926875,-21.905437928482975,-21.255891650806745,null,null,-20.669410861530007,null,-18.873014550087788,null,-24.218219434151404,-25.244525408117113,null,-22.344969776012448,-29.284815458686626,-24.899040539800097,-29.989639634791974,-30.531720903892875,-29.94824353537945,-32.55349268103325,-27.3991037694718,-29.445492477070857,-25.453256579104156,-24.50590113719045,-20.860440423655255,-18.93371381732694,-17.233467183037305,-14.089466243402534,-13.36673207504143,-10.423172026797761,-7.664591120470671,-5.643127384217501,-2.4477726785071314
-15.353426473424623,-16.440179773423136,null,null,-22.983689817108644,-25.138401992978274,-23.740032676142757,-22.714399258892893,-21.1267843977463,-14.055263435916903,-18.034969463323264,-19.727636723493024,-19.61916075008746,-17.451830056394527,-20.342464745819093,-20.413304182896795,-18.192491163186382,-24.33773153345383,-20.657056246996003,-23.582109553692405,-21.528184817233097,-15.646402184079584,null,-21.76396524012392,-21.41235986438845,null,-16.840747676247094,null,-25.745518222647092,null,-33.94807537880984,-28.044605567978422,-30.653604973532502,null,-28.76192474883105,-33.907674199587944,null,-24.397009496992453,-26.355772731125068,-25.886075724731874,-22.07314616216857,-19.675735381214924,-15.964887721756112,-14.251619300585965,-11.001075678554837,-8.884214104244219,-6.879529472770344,-5.181494854458404,-6.029964915612688,-2.0620066413655582
-15.014717851493867,-17.365347911962697,-19.64329654941484,-19.407114612047064,-20.20490014019729,null,-16.504556388494237,-24.454101236790436,-21.595786530695882,-14.806822686495684,-15.359959490815633,-22.264298022562457,-18.102611088968597,-19.745275372627457,-18.136469434987678,-20.588509519422352,-18.205008150558772,-22.284195074760262,-22.06389872356803,-17.414577731974713,-17.341606096592344,-16.26481323062072,-18.537177292091858,-20.89064244286602,null,-23.040702785755915,-24.425078644535464,-25.713340259095258,-29.46304985547721,-21.949657664338076,null,-34.8817067035981,-27.962231114886066,-29.254490197156446,-23.227584278958176,null,-33.2940490983497,-29.404700237546045,-28.273939648622836,-20.888248390972034,-20.547994502295364,-18.14718206907636,-17.44532424257099,-14.878805329322851,-14.102212970117552,-10.402312435095403,-7.91672472891916,-7.679593407554194,-4.890407950269045,-1.575756166551511
-16.047362176007116,-18.31254436988323,-21.24605504183491,-19.77529433996757,-22.49362615298839,-17.19074809354608,-20.565874965627337,-18.598159750002555,-21.78876541250549,-14.665875821174309,-13.295111423185062,-24.31056385537891,-21.78253898812055,-22.32688118236246,-21.034826945868137,-17.894285636688256,-19.903460688044802,-21.02808440578531,-21.572219525183165,-21.378568067214548,-22.055976708634102,-18.740518350751035,-18.82614452380627,-25.511976602095732,-25.924464500296832,-25.39671519892573,-26.123150295267333,-25.12268689379381,-30.43129875643515,-31.779086375722507,-17.179995258679973,-28.0361989577201,-33.29302075534969,-24.91435375602607,-29.366832801311716,null,null,-26.318256510340266,-27.044912734488527,-23.49168114954195,-21.411505079890496,-15.21344588216906,-14.503676791246388,-14.282814838863041,-12.120179598021668,-11.315772305411539,-7.856946937611406,-7.91272618666383,-6.591912366970935,-2.1714586514116925
-16.54316464369426,-16.916950536353205,-20.395778022257442,-21.514014426725563,-20.496269032502756,-18.40396971950773,-18.60709268503011,-20.16888779367334,-15.315802148519744,null,null,-22.429854057555225,-23.44531263948175,-23.902163675603624,-22.36346515317671,-20.778430220302067,-19.18651970207609,-19.631348885951898,-21.095392506083112,-24.782239842800166,-25.04921241012429,-23.439058005198426,-21.895427906975343,-23.14801375455202,-22.185603888055514,-26.585957260581313,-23.94552505538038,-23.28978428292895,null,null,null,-24.96602906221304,null,-29.851711704103792,-25.820191490911924,-28.01707843146005,-28.167054677663987,-27.355719760388588,-22.683472947603562,-25.29265188472175,-22.964739630512234,-20.75502305335183,-18.619790388109223,-15.839565315779392,-13.54791918955533,-11.022255906363132,-8.276912722790653,-8.770216949536659,-9.88501696329904,-5.724260590171679
-15.814334410413917,-16.214843478951344,-17.39494121339932,-17.03159133828961,-20.784984146910624,-20.25030370183066,-20.52917495740667,-20.163858287137643,-17.598242466686564,null,null,-18.5318154450308,-25.52726330746066,-25.578491413262363,-24.178220993768,-24.702182891096303,-23.95496468563406,-22.878246013870097,-24.09572726114246,-24.57384076124571,-25.170496969952865,-21.000127433647535,-23.327890756211836,-23.904227845675813,-24.553403181429232,-27.056407323898085,-22.82724002072817,null,-19.553890258999026,null,null,-19.553776241775957,null,null,-19.859756575311007,-25.05008521326176,-22.769401214160453,-28.61403667304369,-26.777550565938036,-25.479014493394867,-22.75674984227825,-21.031863583821526,-19.665171581423035,-17.477683373405224,-15.542441135571682,-12.15896909939614,-9.784029226562872,-10.432887912609013,-11.077050959955768,-11.005400696545257
-15.127361971413254,-15.373935417028315,-16.770387735302542,-17.7447423743397,-19.759256941321993,-19.2366454125547,-17.97325912168905,-18.58268300557523,-21.74263158025245,null,null,-15.621840974019149,-28.598010804549777,-27.376318297986316,-27.39881541325561,-21.749761560221287,-23.017509279013733,-22.174540249370963,-23.26663937947916,null,-23.056934676726893,-24.220155190774925,-26.125400283909915,-26.80199304931957,-23.392172697664492,-18.619969706664197,-23.54338785418647,-22.982999941139052,-24.648951377592827,null,-19.463062028426297,-20.161764144928295,-17.312458297188815,-19.065468368969782,-23.138160568615707,-17.65258059655643,-18.40282564480007,-25.578498135062166,-28.207595229440418,-25.996101705541943,-23.758996661165657,-20.534168097470083,-17.135023518129657,-15.715919792095473,-15.663559384423785,-14.510928543677448,-13.281549382947023,-10.435495888772103,null,null
-15.66015509009796,-16.227330042735986,-15.963472315552771,-18.45495226854895,-19.953879470398967,-19.655547574723514,-18.951502270047243,-19.62937728154101,-17.85247216575128,null,-21.55062445292147,-10.927041712394818,null,-28.301162291929998,null,-21.18518442046106,-21.434928629194992,-23.459325996790035,-22.0197232024719,null,-20.149494347973256,-24.15622004905065,null,null,-21.5936164764845,-23.448678620365996,-23.596151024617082,-21.58220985689781,-22.585143470675234,-23.384456329410327,-20.188153526793762,-21.80489292191092,-20.780301069605322,-18.587999543483228,null,-19.527422356444106,-14.684359510147493,null,null,-26.679458649080644,-25.250998083426815,-23.964743135051123,-20.677700803195986,-19.236332213912778,-16.177314272821363,-11.272802003429513,-11.9966482296653,-12.371445482026171,null,null
-15.93014096602741,-16.42651532134283,-15.88745658066579,-17.86721845775868,-18.45743592800982,-19.270574101326073,-18.478972255664708,-14.826062465039925,null,null,null,null,-16.698647193345845,null,-22.8842490468537,-24.970851210966572,-22.783936837821194,-16.19220084455923,-22.3361283193204,null,-21.991404469426303,-25.380575801651442,null,null,-20.04570188001413,-24.932661374425603,-25.4795570893112,-21.320058441734854,-23.648183280224366,-23.448893441991665,null,-20.547531878793208,-20.011042611914746,-21.984270090965083,-21.798307604159657,null,null,-19.152404097150885,null,-20.88938079431028,null,-18.353364676663723,-21.553174274407194,-18.28167595581604,-18.439836738446115,-16.969518251373273,null,null,-8.34794930113469,-5.812765095100844
-16.19588825334374,-16.036376730126616,-16.57584343194427,-17.23600539753929,-18.670546593170968,-20.452596260478042,-17.7873581337631,-17.239815804295873,-15.91186929714507,-17.039365820349328,null,null,null,-22.23668772086942,-24.847406506781688,null,null,-16.91259336823514,null,-18.587886803302723,-23.61111493893783,-20.572030867499436,null,null,-16.960259227705794,-22.307626823259515,-21.775851443615565,-21.141452403884436,-23.094735000045247,-23.90086547675763,-20.1797662456299,-21.158931131552905,-24.599335713266857,-22.00065827165341,null,null,-17.02450931762124,null,-20.60037454641865,-19.87445086750433,-17.67286588732284,-18.61392462552967,-15.629810647065982,-16.437329372472966,-16.472042333493228,-16.59988095029321,-14.56340436840371,-10.390733033092992,null,null
-17.55225594527483,-16.337780020426308,-16.84081258974757,-16.27981267793879,-17.882870672292874,-20.27571581795623,-16.50122690134649,-18.614900343528053,-15.167965473285667,-16.33827061558706,null,null,null,-17.076124822649305,null,null,-19.882904785443138,-18.558927951753624,null,-25.22227642185459,-18.30072542622096,-23.84861445818942,null,null,-15.331662095788946,-25.071343611639428,-26.054627635976615,-22.380468117843872,-18.699592242521888,-21.926357799669695,-24.635926369379845,-23.315171277133825,-22.949702235235932,-23.279108896581786,-21.97739527630588,null,null,null,null,-18.151343304468238,-16.170355407474645,-14.386657117802988,-15.350607781866657,-16.08302342025619,-15.747012412105917,null,-14.08558053063732,-11.802084373937216,-7.24419821145944,-6.427364151428526
-17.17608203541238,-15.582035215426068,-16.637135185959522,-15.33938703112657,-16.75652824501345,-17.959409151715107,-17.527441065847913,-18.76930358046618,-16.784676047849135,-15.664460517767129,-16.42598124955727,null,null,null,null,-18.431962536497696,-20.102780077981087,-19.61208305331806,-16.25758813363096,null,-18.545651957012815,-22.208365936701227,-18.829778675684917,null,null,null,null,-21.383021711532507,-18.76002482606534,null,-20.95629086148727,-25.40299092849674,-19.825654750589425,-18.761441764948597,null,null,null,null,-19.730852615950393,-18.900065307733712,-17.464935779836438,-17.542905277074624,-16.44171067053096,-16.193296278566077,-13.342523474652499,-11.587667457463233,null,-11.605172697685454,-12.2547274259991,-10.162663428538965
null,-14.626748591458885,-16.836214378158992,-14.219347135691564,-14.582631910658703,-14.827898473495036,-18.44598751459091,-15.464874705356419,-17.422025711435577,-15.593140320651123,-16.78433959456067,null,null,null,null,-18.849057139644504,null,null,null,-13.179071113847773,null,null,-22.28698638624807,-22.40658006464711,null,null,null,-16.173004291192576,null,null,null,null,-17.806133755489498,null,null,null,null,null,-16.930844864220276,-18.210815557835762,null,-15.587720013614273,-15.708939787913135,null,-14.950125822144901,null,null,-9.909454560689586,-9.917690028027703,-10.582517759502565
-12.876540111464978,null,-16.411198122609612,-14.857792551840701,-15.077511004948434,-13.987412805543556,-18.17531021130529,-16.04200695399218,-18.117520819996237,-15.702855153102995,-12.160612171433295,-12.352083173502105,null,null,-19.284951599324224,null,null,null,null,null,null,null,-21.300585635769202,null,-16.36066273327034,null,null,-10.703411115991468,null,null,null,null,null,null,null,null,-13.076606165739245,null,null,null,-16.274084946145226,-16.86033685096218,-18.510007625794255,-17.512833611015118,-17.419640744727044,-13.761798257771103,null,-16.54813151582166,-11.826144200237103,-8.554190749632712
null,-15.211219522762288,-16.020091109702356,-15.473756161221267,-14.769472186570042,-13.485156209191864,-15.48472542624902,-16.97421642190668,-14.959573320799413,-15.326279540416884,-12.749479564345187,-10.540287181610122,null,-7.012731897077225,-16.906255035081088,null,null,-13.68785807238612,null,null,-7.835450876936012,-16.99889566867595,-20.629711521511872,-23.33798817411928,-18.20298868854138,-10.037522860340726,-7.890146102243614,-18.453333913924872,null,null,null,-10.930072953627924,null,null,null,null,null,-11.776145849516695,null,-14.439297514929912,-17.258026924574786,-16.041494490006826,null,null,-16.94368867164492,-16.01068518315765,null,null,-11.049383512744653,null
