public/json/wind_2018-09-1603_925.json
{"header": { "discipline": 10, "disciplineName": "Oceanographic_products", "center": 0, "centerName": "Ocean Modeling and Observation Laboratory", "refTime": "2018-09-16T03:00:00.000Z", "significanceOfRT": 0, "significanceOfRTName": "Analysis", "parameterCategory": 0, "parameterCategoryName": "Currents", "parameterNumber": 3, "parameterNumberName": "V-component_of_wind", "parameterUnit": "m.s-1", "forecastTime": 0, "surface1Type": 160, "surface1TypeName": "Depth below sea level", "surface1Value": 15, "numberPoints": 4800, "shape": 0, "shapeName": "Earth spherical with radius = 6,367,470 m", "scanMode": 0, "nx": 80, "ny": 60, "lo1": 109.0, "la1": 20.0, "lo2": 116.89999999999955, "la2": 14.520000000000117, "dx": 0.09999999999999432, "dy": -0.10000000000000142 }, "data":
[rows 40 to 59 of 60, columns 0 to 44 of 80]
-16.063328247339243,-14.598028669497484,-15.454519281005524,-14.350194277910703,-13.212358361293983,-16.761997205698343,-17.6611347390104,-16.66273331202114,-15.057577611826664,-12.065888683921468,-12.701317439034327,null,null,null,-19.901128202370142,-14.523995312767324,-13.835340884439464,-17.35868724653644,-17.25379765613384,null,-19.55247264305323,-22.204506646131943,-22.210354121442865,null,-15.347954639492013,-19.832164677727718,null,-23.55970582337535,-19.869886062365765,-20.973622999826365,-22.753197669615076,-26.002352619360686,-22.452899071585993,-23.48418208348737,-19.554997763870986,-18.209749398933646,-15.290257824172368,-15.82104711517305,-20.676800548578825,-22.679734553914102,-22.186204889767026,-22.18370018724235,-21.08381759234199,-20.961365845714916,-19.363716238455595
-16.941625464489213,-14.989184232921131,-15.233865112003443,-13.737273835950077,-12.08753603353362,-14.366223858552825,-17.022117972678185,-17.444568637569375,-16.16611778950176,-13.6274055925782,-12.733094105772247,null,null,null,-16.35541947585662,-15.551180446155733,-18.122737803435314,-15.276887389394302,-10.473686021251206,-16.396189937022484,-19.60760386024353,null,-19.15644681045255,-18.907509087903684,null,null,-14.013202582132996,-17.959372693028023,-18.702241488656124,null,null,-19.979162922438434,-22.19543293217623,null,-23.228619417821953,-21.57628150220605,-13.921456390578024,-17.471727294589744,-20.70677152263995,-22.959332452084404,-19.680346882063805,-22.489191522739297,-19.926207211911116,-16.90741087430298,-20.990582716063923
-15.496456886006948,-15.481929329297122,-15.620237327109429,-14.464128591101158,-11.888063962251353,-13.472252060163992,-14.671177086639311,-18.007634281431642,-15.90339017855625,-14.671663862594391,-11.488249255247066,-11.431527235841308,null,null,-16.714133707405107,-17.68589432433782,-16.492864656226992,-15.672763136869925,-12.454031594715145,null,-18.33885232965288,-16.077313015660017,-18.841094908274545,-20.830626733726525,-13.893960965048349,-8.006295214541797,-9.34632239343145,-15.13750522708654,-17.445539150319934,null,null,null,-21.748399760739964,null,null,-18.888472879088525,-15.862695172134586,-12.993799012020348,-16.73356407957236,-18.580457102907978,-22.368364063134866,-20.272477723492386,-20.328643475498485,-22.74622882392366,-19.561637446982683
-14.765113439119165,-13.060884929955671,-14.502455322175463,-13.048476042467437,-11.386544125593423,-12.261099257408832,-13.20353585389449,-16.073995598201755,-16.049303512502913,-15.16184053563044,-14.225309588330592,-13.392134909701939,-11.835762958256703,-10.231588122832926,-12.018541602615388,-15.476375525180494,null,-13.073351765591676,null,-10.979913442348275,-14.086570596666366,-17.36041732318584,-18.227706806948103,-22.331739277684964,-18.830496457954805,-7.061220837350285,-7.118937768841769,-14.869377810071432,-14.482288865350796,-10.881279949471987,-15.713423411965232,-17.62313035939464,null,null,null,-15.148575069675426,-17.207337967401344,-10.628632565078659,-13.204897846561812,-19.02967489915573,-22.138196004042108,-22.770893446798116,-23.29580540124327,-24.05787908760456,-22.74539934633102
-12.922512744450149,-13.609290775974952,-14.891166722334741,-13.884920082898999,-11.117050170274112,-12.658681972582112,-13.378613172500883,-16.11753282987019,-17.34437944037711,-15.919205533031889,-15.744727349295568,-12.288982055595978,-14.172089244521551,-14.568631694747305,-7.863730455285474,-14.307523793022058,-10.758644612874015,-11.345757432804126,-9.047304132830892,-10.164689140946798,-10.648030626853823,-20.385565047673506,-21.70115851350842,-20.85657139021449,-20.4239401387306,-5.020087234994836,-19.438402652889042,null,-13.48390393562179,-12.263487785817658,null,null,null,-17.583400726100198,-15.344645896847302,-15.230329902556498,-17.689373233589958,-15.56076181589988,-13.678367268123752,-18.33351710072277,-17.6444897523283,-15.950435310603003,null,null,null
-13.723830723903433,-14.88391948669463,-15.041344758476178,-13.94477839973918,-12.05584047444249,-13.134193396669902,-12.644411762273243,-14.559515322404017,-17.372127323029908,-15.990787945143364,-17.255857216423312,-16.481620605437815,-13.14217982539381,-16.622817383411363,-8.749907921833223,-9.754334825038605,-16.219225569074105,-15.651523378216828,-11.530040566530452,-15.532552265698552,null,-16.277504563398935,-21.124631315028342,-23.90647800107256,-25.262824132669564,null,null,null,-11.70653440778621,-17.794103038920547,-12.51086117522125,-16.5617272974562,null,-13.499159684140174,-21.015472237133714,-18.73623184589346,-8.583249370340123,-15.04793217999863,null,-14.628896312670822,-14.430583269700213,null,-14.421775586504307,-14.568585802470558,-14.834360044890495
-12.869769264373847,-14.970446166014632,-15.09879494689909,-14.655251552199228,-12.846872360326948,-11.366387289543423,-14.66551561599503,-13.71491346038948,-15.793111163945216,-17.10652249760071,-16.04076226282768,-12.948518304224129,-15.034821734422094,-20.308906605498557,-13.008098456624534,-5.014410276198886,-15.852347625801391,-16.667253022092606,-14.796070987489855,-10.429257145713951,null,null,null,-17.977124224742493,-18.515737736379105,null,null,null,-14.868166826742627,-18.889703088292084,-18.583024419731863,null,-19.175582835595023,-13.59983760648589,-18.571198909751438,-19.161129275254225,-15.748227381887038,-16.025710080856832,null,null,null,-14.161699250699177,null,-15.907364470493015,-17.229381467238035
-11.921375236191157,-14.292350170010263,-14.370139091184477,-15.318045629492781,-13.438447927528065,-11.464305320192024,-14.314180291892358,-13.473830325856094,-14.85236126764462,-15.688166532851842,-15.17100888858749,-14.730313501817818,-12.83227762450123,-17.275267880887675,-13.577441772393088,-6.517823812415932,-8.00955518938067,-17.696758256589604,-17.284501557253897,-14.44072415653998,null,null,null,-16.097976367299644,-16.381910739566862,-15.516146445291815,null,-11.775022650456677,null,-7.511753881194266,-11.176479333407318,null,null,-15.411023139517638,-15.02430751136957,-16.110072275353847,-13.519539112460858,null,null,null,null,null,-14.820116157300003,-18.33529928356989,-17.276502111365723
-11.479339980265985,-14.190637004844977,-12.856303705929284,-15.391563074438473,-14.515872815131289,-13.682965061920637,-12.355726616382853,-13.017208030203069,-12.242071822002927,-16.05435855452381,-14.779534570257928,-14.376191543410616,null,-16.73767533539027,-15.165017561063976,-11.689424889276108,-6.55237309500147,-19.22103048428685,-18.910999628821415,-16.420126277943343,null,null,null,-13.911470557229123,-15.19284297798237,-19.163890770190214,null,-9.752646924544951,-11.971119465466053,null,null,-9.791966288744542,-12.464763757517376,-15.01858985026816,-14.694625205428183,-16.64991124925272,-14.640390870622905,null,null,null,null,null,-12.721914796698204,null,-17.568311619300655
-13.021564481520116,-14.052178643811828,-13.561666399000234,-15.846004324723602,-15.98231274272074,-14.389694451946887,-10.515604352581084,-13.883642123723657,-13.48709736373767,-12.848751795397076,-14.270825564242864,-13.292992947203079,-13.989960925231607,-15.730142997873747,-18.06500002959432,-13.021237823518977,null,-11.207225821018604,-18.735743147288797,-14.976887707153336,null,-10.091543398458006,-10.147697984255874,-15.512624739635328,-16.262518232617108,-20.23948555752209,null,null,-11.32889248706832,null,null,-22.87923230905571,-19.130418759670793,-18.178254564653283,-13.514916308721435,-18.902344548533897,-15.916915660539274,null,null,null,null,null,null,null,-12.443233750375319
-17.20122905944437,-13.24391205930919,-15.114024381721446,-14.31099746852478,-14.69274791496437,-13.89499604258716,-11.383407492559563,-10.97384761222061,-10.225468419561881,-10.303385258385024,-13.452563034252469,-13.14684751386778,-11.737329311534253,-14.995077625602653,-15.249455059508735,-15.624560558525564,null,null,null,-14.759993280696506,-8.91974419795568,-11.662520253759368,-16.00294918924696,-17.412801708954127,-16.214742037331916,-17.42703256713805,-18.543577705101928,-16.868419235021637,null,null,null,null,null,null,null,-16.063856114433868,-18.30994650269744,-11.660335678449401,-7.38389135856454,-12.236651465756063,-11.659568368657274,null,null,null,-10.9435211759606
-12.673289781792894,-10.248376818642367,-13.63968348030343,-16.504689348448153,-17.19565878018614,-14.365837807305237,-12.861158188498202,-7.5998733611556215,-9.695796985904167,null,-12.350518144122864,-11.987219810248641,-12.858623922261051,-14.413716837049897,-13.55871373511966,-14.612164378011968,-11.545360262954938,null,null,-15.045065538898774,null,null,-16.5918731184019,-13.63043921142664,-16.474775642776343,null,-18.169455551824843,null,null,null,null,null,null,null,null,null,-16.71207754535234,-12.232620412905638,-5.964528585764104,-13.53327980658948,-11.815672571451948,-9.999839926547322,null,-5.063173975866917,null
-15.98775735322183,-16.692463573853225,-19.488747976060907,-15.880191194822023,-16.03538267724649,-14.16889676219983,-12.511330130930112,-10.98938350377637,-8.405794632095771,null,-10.578480285199579,-13.066288638993129,-11.561187927332881,-13.005268316898764,-13.975265711578343,-13.883995720058426,-14.504184552959982,null,null,null,-14.006537689034726,null,null,-15.403664638829156,-15.648197300682734,-15.330385616933063,-14.045986013982722,-11.699039570461736,-9.942296004690125,null,null,null,null,-14.139564361147531,-14.675621036133442,-10.200996890139855,-18.378178349298622,-16.78089425662683,-4.186474048033209,-14.87216093275797,-10.840412610791791,-9.370265716453316,-8.096947437289668,null,null
null,-16.318853048366897,null,-15.130107148203678,-14.597750115067754,-14.016653100422944,-13.220339996992385,-11.431822354808387,-7.533236667299195,null,-12.103049705184217,-11.267935108870873,-12.456635135079495,-11.030212442291392,-12.759944469189344,-14.173977211105335,-13.833811327616717,-14.445099789047012,null,null,null,-16.472077876809,null,null,null,-14.744405495602804,-11.885820827060751,-11.594421243447858,-12.688023031471895,-9.83685423703844,-8.129318702895267,null,-10.245051892240046,-11.360990497155765,-14.624810726942885,null,null,-17.426469977968637,null,-15.305231000362387,-17.567806428358733,-9.964940813328969,-10.670062931784242,null,null
-12.444820279790374,-10.581962740870315,-9.064821042438272,-11.71053330844562,-11.423183484735924,-14.143213625714308,-13.662878343393462,-11.241955620052584,null,null,null,-11.289974257322852,-11.34316323416807,-11.284715628871984,-13.115869216685748,null,-15.755015164765599,-12.788702921648909,-13.704532664720217,null,null,-17.126403858775223,-11.583342071179908,null,-15.649024285990965,-12.582536207899198,-12.473647584272314,-10.253533278377382,-11.127863705355033,-11.625836297808045,-9.398056103559355,-8.8354698590747,-10.264297834764436,-13.30159186768488,-12.970284536061254,-9.984467335984892,-9.011367132942485,-14.40645582663451,null,null,-17.118631993134088,-11.733659840121948,-9.04564255470245,null,null
-11.285910122327927,-10.21882165220932,-11.264076584492884,-11.466674142490932,null,-13.628307805062361,-13.377876006360609,-12.410133267082418,-10.125912939555684,null,null,null,-9.568212032629443,-12.158935687113223,-12.620990390439907,-10.621495492456656,-10.268562213907085,-13.086455651293106,-8.912555054561636,null,null,-13.344315732835337,-9.988857179446136,null,-11.559822293081153,-12.420341331108773,-13.997113359204539,-12.766717163320587,-12.45042212727411,-12.398976289545526,-12.786998702579362,-11.500278261197783,-14.135339951645033,-12.782295167140088,-11.337099137394837,-11.327988255932393,-12.03193098871306,-10.90589125857838,null,null,-11.722751727639167,null,null,-10.10834474122382,null
-9.623163389277076,-10.652973721689603,-10.307916453767497,-9.702982929847913,-11.283733855756424,-11.801387971948165,-12.180811091781749,-11.854478944822073,-9.926387425971521,null,null,null,null,null,-13.089995077635468,-12.748789724198414,-11.916014627473409,-13.00153851608546,-12.32783822976322,-11.613941020294643,-8.783081157152907,-11.05227001862926,-11.604274936882755,-15.78399767595971,-14.774407218597947,-18.444919333236484,-19.74485862190188,-14.93842806099253,-12.226719498185616,-12.30367342989442,-14.575951699373418,-13.498388750100853,-12.022908557095331,-13.841564322630028,-11.651611922227376,-12.091166748249279,-11.245875020699874,-10.924708383423786,-9.708339685101175,-8.94602273009448,-11.359600816077396,null,null,null,-3.0510790340253386
-10.60761892511649,-11.83324631037271,-11.182192040640409,-11.544025571651874,-13.15753040774863,-13.10568844564362,-12.499228706780045,-12.38715133381518,-10.852913825377062,-4.24337815768907,-7.886046985216577,null,null,-13.314007203062896,null,-14.362184926330047,null,-10.473871867765212,-11.860003158392017,-11.597112579495555,-12.176969431297959,-13.571863765936566,-17.641550171992982,null,null,null,null,-14.9188960182379,-11.208781520890327,-10.774813152497101,-14.357214142331252,-16.71228154454612,-12.902479707533159,-12.622727903016958,-13.061264828095393,-12.238269707072412,-12.891695161982717,-12.706511966397692,-11.50927423436931,-11.550640311309197,-11.275516668832392,-9.621716412403808,null,null,-4.136784088361979
-10.030989717140864,-12.264910339328543,-11.29330382157336,-12.594269668700957,-12.330259166321778,-13.03922222430911,-13.026761718857685,-12.74276308304907,-12.0284084531977,-8.223393582732935,null,null,null,null,null,null,-13.748274857057375,null,-12.102295492950507,-12.4549706462916,-12.733870909056938,-14.45948516705898,-14.210678128079973,-14.026040851298097,null,-12.398445374110423,-12.589881111152776,-12.453270067521967,-11.948477463811466,-10.186153808641004,-20.993111566672443,-16.500479536091845,-14.88863249647924,-13.494031759217767,-16.808750002143597,-14.217405441506685,-15.087860910142265,-14.559382322943282,-13.923157135219098,-12.946123502600129,-12.364993054874649,-11.08800691148201,-9.679026301050648,-7.221763907424163,-7.350605263130358
null,null,null,null,null,null,null,null,null,-11.990715436049406,null,null,null,null,null,null,-11.955380794828109,null,null,-13.314221636670673,-14.056181670249895,-14.779638536013968,-13.524237683445616,-13.305875823639019,-12.470941851364886,-10.97083102057821,-11.278474066730588,-12.070702044648707,-12.556739965346527,null,null,-17.208098332683036,-17.34495287255541,-16.311380570311684,-18.065832956352423,-17.45785066599115,-17.275895332919056,-16.82253784942483,-15.582493285233632,-12.954307071035075,-12.464894858793116,-12.020569051023001,-11.558552031929276,-9.469827565495846,-8.314399293200402
