public/json/wind_2018-09-1513_850.json
{"header": { "discipline": 10, "disciplineName": "Oceanographic_products", "center": 0, "centerName": "Ocean Modeling and Observation Laboratory", "refTime": "2018-09-15T13:00:00.000Z", "significanceOfRT": 0, "significanceOfRTName": "Analysis", "parameterCategory": 0, "parameterCategoryName": "Currents", "parameterNumber": 2, "parameterNumberName": "U-component_of_wind", "parameterUnit": "m.s-1", "forecastTime": 0, "surface1Type": 160, "surface1TypeName": "Depth below sea level", "surface1Value": 15, "numberPoints": 4800, "shape": 0, "shapeName": "Earth spherical with radius = 6,367,470 m", "scanMode": 0, "nx": 80, "ny": 60, "lo1": 109.0, "la1": 20.0, "lo2": 116.89999999999955, "la2": 14.520000000000117, "dx": 0.09999999999999432, "dy": -0.10000000000000142 }, "data":
[rows 38 to 56 of 60, columns 0 to 41 of 80]
-9.177151027755997,-10.205857548596873,-11.206285642003179,-10.268939371352214,-9.89163737687231,-9.909212420474688,-9.171477794680923,-8.018579708402953,-7.7141060599303986,-6.985040123794595,-7.810979390055108,-13.126301093115629,-11.452595106356485,-10.777559154606852,-12.196409870680395,-12.09053623512962,-11.162235324855022,-11.867636477933061,-12.392752811362849,-12.742523078222545,-12.563830174630844,-11.935156748697526,-11.444475783878136,-9.645680684100356,-10.349276545556005,-12.7256543948171,-13.829474221995303,-13.551403017534952,-14.361539862063461,-14.24759646038622,-12.092477258907731,-12.438991492145174,-11.909639847011267,-11.051252708025894,-11.676284434862392,-15.247748994868996,-12.465749710676228,-9.688558974723785,-12.150038763504849,-13.161819109330443,-13.776460418095867,-14.503041792007316
-7.781173801894366,-10.26248243197411,-9.982372701578136,-10.117866517766831,-9.221394629423838,-10.13048473372751,-10.329231324803146,-9.022745070204174,-7.929233775675757,-7.812054762957094,-8.498483708201103,-10.631934286027525,-12.562888955498785,-12.120820963765492,-11.88411452702791,-12.049817582253835,-11.355649193505078,-11.942257102064325,-10.77884872405287,-13.179888394537087,-13.241852408170487,-12.526325919836978,-11.20051294712848,-10.162516088578425,-11.63541202148808,-12.948044667615564,-14.765631789280693,-14.150290509604995,-14.140167295934681,-15.891167307101563,-14.983008711894563,-16.39170320096591,-15.802483278725413,-15.109525802504937,-12.660675002328468,-14.867355746922424,-13.845224698319598,-12.7401735639761,-11.41634027419363,-13.774430312552727,-13.759744781703224,-13.732315277645904
-7.1335965991471895,-8.86763907665882,-9.495553682822855,-8.973608346977269,-9.253137974720314,-9.722494389216331,-10.155072614376577,-9.638028457336326,-7.853549920058103,-8.434416150604092,-8.887641059161599,-12.73126155982599,-12.952870833190444,-11.380568321469976,-10.327049236288797,-9.02940313749709,-10.753062537544695,-12.055956617691818,-11.813959970626254,-14.092605504903577,-11.224334791673133,-12.594463926797959,-10.67837218220547,-9.054916746053145,-12.70056227215434,-12.946745944310074,-13.854745200753246,-13.774747750091471,-14.352637620111011,-14.53667176367071,-15.660352050206418,-16.900715616984225,-18.06579213728237,-17.77531217211925,-18.158451692484277,-17.376015212091986,-15.728734842958598,-15.55111540377376,-13.347890046227747,-14.16102264851964,-15.686546487148483,-14.539791466195311
-6.476423767305726,-7.853304704265919,-9.44763933582136,-8.923925321450435,-9.027357805692022,-9.868542538274001,-10.303478639813722,-10.262446616462316,-8.759980601243562,-8.207152780666439,-9.46965289167425,-12.092160818323315,-13.489148104233882,-9.679790300991764,-7.493938326888598,-8.486437451854504,-12.257110539425442,-12.307935476227348,-12.81830447059536,-12.773817965343845,-12.919875018795356,-12.560850417665979,-10.417538499856276,-9.794239675385587,-10.420433068111073,-13.419807129142223,-12.534023104584868,-13.58339513715418,-14.694269702096403,-15.727324019113551,-14.387388262634365,-14.230960486128588,-15.775083345688662,-15.95390377600556,-16.371911238845136,-16.66812129962541,-16.153461421745995,-14.565770279338622,-15.712705005242338,-14.575259080771522,-14.319460509108051,-15.192052667952852
-6.294541701647186,-6.562171783225447,-6.952382326362838,-8.310414387917485,-7.842009562123336,-9.602467968261697,-10.175210046667356,-11.383719740013929,-10.29509257577582,-9.237987670445747,-10.252763867936917,-12.422362300261046,-11.643490411998796,-9.327325334814363,-7.105499008347408,-10.693540121308846,-10.292174069439348,-11.23937763107503,-11.730220075297767,-13.597496749395257,-13.219173359641466,-13.019996935819407,-11.608532834167862,-12.52821219389138,-11.860469534625466,-10.62782584477996,-13.402085393435172,-13.979575707487546,-15.412467052621949,-16.31212318106325,-12.029305856558093,-14.162165698872418,-15.263405268760723,-12.087890652008447,-12.0294790522725,-11.66586854807967,-12.207549478574213,-13.048265587053812,-14.540094554046405,-14.042364299124017,-14.01363462281353,-14.182038428356547
-6.5185762895843435,-5.790885817893758,-5.9396245122005835,-5.992291772117226,-7.2508051582146145,-9.056734224276891,-10.140432318323754,-11.242922594012942,-11.748575074113042,-10.919456970245669,-12.119948412607204,-13.783771951229147,-11.867137785865376,-9.44441419239023,-8.443708608880662,-9.249350254405048,-11.123778425747505,-8.936342881689148,-12.444135802189475,-11.17717244643622,-12.155292146236839,-14.511969862685163,-12.244507353957651,-11.891353653447673,-11.547912553985151,-12.373103846492722,-14.419320630111455,-16.13770170023329,-14.744810172382758,-13.650552759818561,-13.60754598045407,-13.142868776790069,-13.145120079420693,-8.859752965820874,-8.638863525730228,-7.9042964937534625,-7.303480697061925,-9.408085982679,-11.50494759692708,-12.146766124655638,-13.500907083832569,-14.833610090721148
-6.244212832587402,-6.00334709309359,-5.186089830249649,-5.022965148652486,-4.915755099720624,-8.471559850125495,-9.711575455698641,-10.90109084665397,-11.571283741160945,-11.595874111508104,-11.600741333713685,-13.206166203890389,-11.858531433290148,-11.648646174936093,-10.135535862913297,-10.729970503891963,-10.806403238292392,-11.026460943179856,-11.283263159154718,-11.301657531831637,-13.361106419183237,-15.07579393713583,-14.596266500684738,-11.24457424724423,-13.086136771704062,-13.788394547827966,-14.481096296907783,-16.87353287293458,-15.840077283410153,-13.866668635965265,-13.660223845470485,-13.508129337682277,-10.651244760124325,-11.434528021921121,-7.285094113205787,-7.5076259041690925,-8.275516075188234,-5.488929914802133,-8.35379010577466,-11.6616775755707,-12.711056431372203,-15.128999897805338
-5.631427687472749,-5.282152400067664,-5.875835621075902,-4.458526639475439,-4.308012933992144,-7.45200511105233,-8.791026086525664,-9.748189104270283,-11.384387487611505,-11.733086136715844,-12.057038836836806,-15.283133243218632,-11.150268997553145,-11.041733908726073,-11.318848784016916,-11.556114100764594,-11.65045744348936,-12.630166643266504,-11.797550437181215,-11.683686017448498,-14.654401643400917,-15.986396758759946,-14.854650715557607,-12.860660421934034,-12.644878312063659,-14.09521283387691,-15.139171612724018,-15.653084288547076,-13.348061772266862,-14.613867359942143,-14.475913099344075,-13.341611751689065,-10.560508743426425,-9.952867413753212,-9.89368226419745,-8.368356895319478,-10.05337678747707,-8.038870956208388,-8.323564153534331,-13.041580674323985,-11.073859383289655,-14.563767872789906
-6.345043529213309,-5.88300816779673,-6.4913667900410355,-4.980120654816055,-4.502312585123236,-5.9990696017433045,-7.928657200105487,-9.158800840836054,-11.193619722807917,-11.791164912383719,-12.081482952722174,-12.891461980029757,-13.367817075755877,-11.093629104298438,-11.042988829891064,-11.435155765443243,-12.599630960464678,-13.523494057940832,-12.18102381224299,-13.287727374201834,-14.429498692234144,-12.59931153824543,-15.41435832518032,-13.870188620652108,-11.83383068148498,-9.742634483941607,-9.556513568314815,-10.172607379741013,-13.739009319526941,-14.021329320899842,-15.160974128212453,-12.830340970988665,-12.982771992735868,-10.294814460485533,-8.518920230980493,-10.416913584990407,-12.435747156223485,-10.588259192093851,-8.940091799603914,-9.23061806788278,-12.822833916258624,-13.98009644436159
-5.4168716217331365,-5.925165391646535,-7.2485288795997125,-5.494328293234903,-5.274812769351675,-6.054046756181406,-7.443322043012571,-8.825006270255116,-11.279598282629644,-11.081566640955653,-11.50434624983997,-11.10390315393918,-13.267382519543965,-9.588479136108836,-10.18646843169806,-11.656255633738205,-12.659563378668627,-14.256891074532263,-13.386254319955867,-13.843129482658922,-16.30948047626996,-13.837265789474168,-12.52491408093803,-13.182265040480376,-13.61881652155553,-12.094169245850416,-11.734072550770428,-10.096956892169398,-12.162171714903366,-14.4114953653916,-12.721312977596773,-13.47402324107339,-8.276217826006542,-11.56094313061677,-10.338550519861746,-9.700296024718003,-9.558075503475969,-13.592273146228498,-10.494838729323348,-10.394375028972458,-9.652310035125687,-12.272618722864337
-5.981443043794409,-6.5954224484492565,-7.315138171141115,-7.190917814649066,-6.2589390867515045,-5.871590768894481,-7.573028302524272,-7.699778881270188,-10.360455359004167,-10.4332990330681,-9.542138133699266,-10.637588247999311,-11.0445104361904,-9.123323426910506,-10.144140527976129,-11.348097820928452,-13.582696343965518,-14.15975975423278,-13.786854095472235,-13.722056350520646,-16.59668424993066,-14.002740026113507,-7.798830931317343,-13.007025660434245,-13.561766849504183,-13.186875493269623,-11.479932605102517,-12.314146331206565,-11.625814638950143,-11.01314710378313,-13.66366351423192,-12.989976114230174,-10.78871169116667,-12.505583465963754,-12.444464191259401,-11.459672651196792,-10.363536159103145,-5.231774873702545,-4.721538067770851,-7.621285606028917,null,-8.661345247076357
-6.417132602968602,-7.281697832296107,-7.418096998344845,-8.176802322795139,-8.243371734273316,-5.909723596647195,-6.116304898196477,-7.395594678330573,-9.338647252944597,-8.502050924536197,-8.034321789348315,-9.063534742471171,-9.79706228855148,-9.645748806528074,-9.897916467666157,-10.57071233191401,-17.82299499707218,-12.7060030293739,-14.501154865051511,-15.001298185868206,-13.845546440950805,-12.697650638198548,-12.2669977002012,-12.610773907703823,-13.98437348642929,-13.803721999380118,-13.671709255358742,-11.727888881375726,-13.081836808458394,-13.033535592166793,-13.556470932539435,-12.477849994845648,-13.591082959852429,-14.073416809833915,-12.473616169892274,-13.199644110692653,-12.905830484169696,-9.827786067141481,-7.564812506406249,-6.84604638164687,-7.778672356845375,-3.856885180264241
-6.870121271173244,-7.753251479074172,-7.848994652747923,-8.01240355280886,-7.893527674887103,-6.8952787533571875,-6.040387128343982,-7.3779511569844125,-7.8065153982737385,-8.578239206537893,-7.04206839532232,-8.732268769237132,-9.97908687376917,-9.910082217572452,-10.982623391474553,-11.059193934952415,-14.118937190798587,-12.57235304068479,-14.148581929198594,-12.769751152755921,-13.831177705120778,-13.933001332629939,-14.063946782120583,-14.23785124190329,-11.906099774957573,-14.98243096668143,-13.132208440356013,-12.765818852083004,-12.943458067429116,-12.827928390834618,-13.044902416170086,-9.802691091231022,-9.684402869133582,-12.921380785434087,-13.419340243499889,-12.804387828384373,-12.799331534020629,-11.500586781261966,-10.394132964073096,-11.720654150187636,-12.179258974552855,-10.915790413435758
-6.215368287239572,-7.0181213054286555,-7.091515483869816,-8.241444837872049,-7.437633455803972,-6.160801629792814,-5.795123599122175,-6.46396013607947,-7.657764212328983,-10.802166763950668,-6.908302452438781,-8.905949671368642,-9.662146662091741,-10.683243880372082,-11.513969626401616,-12.192172816954859,-13.620351969303165,-13.151331379669863,-14.293354540205463,-11.554044887985336,-16.179802461017392,-12.49728591019504,-15.518068084916852,-13.7042652421555,-13.695995274987753,-11.227242305708408,-11.79281571225519,-15.908217531696941,-11.61464110886167,-8.332605792500798,null,-10.226310104075882,-9.999439480908872,-9.846703385030779,-8.26077833596039,-10.179177604704488,-11.939418367275206,-11.396810924908989,-11.06480329049514,-10.246592133503023,-11.432575769683549,-12.960350209976976
-6.532335080178738,-6.134704427010254,-9.005679920372899,-6.928281426864965,-7.0365526342183475,-7.4534136828979065,-6.2739544752049605,-5.384176166234086,-7.6369800562295085,-11.68904186738763,-8.349050619213656,-8.396179473486782,-10.339536980942988,-11.458068389725602,-12.001122280407772,-12.758548729547957,-13.19424927688438,-14.044220767500141,-11.254187921399549,-14.67233683192341,-11.135985291158873,-9.273267536164841,-13.199023089761472,-14.954274469079081,-15.224244841449336,-12.07527525009306,-12.800741057397554,-13.535762415060583,-13.48378932905337,-11.806109680395803,-10.3413624791836,-10.370487925055208,-11.676523270883933,-10.467294015761983,-9.419955148535461,-10.988768703252786,-12.497176982266414,-13.020862273740304,-12.132244358529782,-11.145645194388583,-9.630026415515427,-11.667142789247116
-7.716790029088824,-7.532349655156474,-6.600118598569172,-6.189247186238411,-7.03286629093754,-6.968637924006735,-7.41298843446599,-5.319148340013564,-8.123800001342616,-12.792537744915624,-9.799722941424777,-9.313518537974957,-9.69194487572218,-11.091453571105884,-12.375101998507233,-14.18520110271925,-12.103581591166245,-13.433669360345956,-12.22742186508359,-11.05994151475099,-13.488527836126082,-10.700357547435306,-8.89511895296666,-13.82574178817428,-12.657072683642646,-13.149877271821094,-12.902252259665392,-13.549848767310495,-14.44167626948578,-13.270698419374721,-13.198857226992132,-12.848267831081728,-12.033012923788839,-11.569900202726272,-10.328981000342061,-11.617732242403514,-10.201849737357328,-10.70692672747076,-14.622175425613941,-13.879146284381028,-12.576249588066052,-10.37061517333437
-7.297207070319661,-8.581211594320433,-7.296713611865202,-7.759914321596948,-7.795133172077131,-6.657922652387013,-7.113766932817627,-8.195414515775656,-10.314876229457322,-12.664674727647029,-9.051640869003226,-10.71382455717496,-10.310092451116077,-11.294455145339919,-13.048967930709047,-13.932689149949287,-12.959737183046943,-11.7231677481739,-12.530761737839077,-12.325321937136582,-10.786045554874462,-9.765023212197116,-10.781755166321695,null,-11.600104450103881,-12.936717971007127,-13.2868799574353,-13.589727816429614,-13.768364750435143,-14.007510850916825,-13.332029119254619,-13.260449624111374,-13.067750606940118,-12.144460564768844,-12.143520194508646,-10.809593350678245,-9.863339015356289,-9.20987744271627,-10.111894866006043,-7.426636406833866,-10.401596056092444,-13.786945952026286
-6.908332895499479,-8.871357196443162,-8.87857010667881,-8.816373067141928,-9.340537970577703,-7.281292677069363,-7.439920378699791,-7.4403718456543295,-8.799326009891807,-10.425750538521461,-9.482386251953699,-10.988287669127303,-10.545170337412053,-13.249485608716384,-11.555418501712298,-12.271565729995512,-11.939161008851112,-12.057688586258442,-14.4756504200259,-12.80930382145447,-11.273699040924576,-8.995354091567819,-11.249712999451749,-11.820545942013455,-11.354721301186386,-13.798209957450792,-13.816736581565323,-15.016843468870782,-14.456847816694099,-14.08029909837105,-14.221757369050444,-14.247667805590545,-14.01366375080158,-12.67008025504511,-12.362469309412587,-11.726617115145862,-12.322309203524314,-11.809253540948973,-10.478945023704172,-9.19688697304732,-9.363777009360334,-12.144381108864833
-8.225077842119656,-8.652906777061938,-9.706864804783821,-9.560541031229521,-9.28197356431666,-9.307252414450554,-7.020165311260069,-7.570981993784403,-8.5898612834679,-11.085078330884151,-8.61125065387024,-11.517634104115189,-10.201608935934972,-12.099462881288726,-12.668067781872928,-10.76042996565635,-12.012651276835292,-11.958003894519715,-12.921590897025352,-11.202331272011254,-10.922139537114719,-9.94432288216614,-11.214627719371494,-13.04414872118336,-12.440103055652301,-14.231522352779955,-14.489124732602503,-13.293569317897653,-13.343028094670942,-13.407809922671595,-14.49774311103107,-14.409343445945193,-13.638971204891321,-13.936626318345347,-13.069030978891671,-12.050365136880426,-12.211398504130432,-13.186581154255826,-12.925861932463457,-11.646559432847598,-10.730460899647422,-10.795424481398726
