public/json/wind_2018-09-1523_950.json
{"header": { "discipline": 10, "disciplineName": "Oceanographic_products", "center": 0, "centerName": "Ocean Modeling and Observation Laboratory", "refTime": "2018-09-15T23:00:00.000Z", "significanceOfRT": 0, "significanceOfRTName": "Analysis", "parameterCategory": 0, "parameterCategoryName": "Currents", "parameterNumber": 3, "parameterNumberName": "V-component_of_wind", "parameterUnit": "m.s-1", "forecastTime": 0, "surface1Type": 160, "surface1TypeName": "Depth below sea level", "surface1Value": 15, "numberPoints": 4800, "shape": 0, "shapeName": "Earth spherical with radius = 6,367,470 m", "scanMode": 0, "nx": 80, "ny": 60, "lo1": 109.0, "la1": 20.0, "lo2": 116.89999999999955, "la2": 14.520000000000117, "dx": 0.09999999999999432, "dy": -0.10000000000000142 }, "data":
[rows 22 to 43 of 60, columns 0 to 48 of 80]
-18.195901687858207,-18.258675875238517,-16.064990153876934,-18.07447071906752,-15.21205895757439,-16.59873934878717,-16.56607164200051,null,-17.918652492645244,-19.34655043607528,-19.276735999904496,-16.66959733306671,-14.17795061832355,null,-11.0826911289391,-19.871493514772286,-14.846502258883293,-19.828244813130542,-18.596821767961906,-18.77754982249251,-14.965865703370556,null,null,null,null,null,-17.883811219618256,-20.190638041125265,-20.668565428868348,-17.044347538164843,-9.750532679893649,null,-21.187424855843883,-27.329673769484103,-27.152806831346453,-27.256635942961857,-26.17156551995889,-24.87260466979928,-25.50110077400069,-21.73568021623285,-22.4591056922969,-23.844875742354205,-23.998419459884545,-25.769225393421564,-25.33269757236818,-23.533934686773378,-25.625132857400658,-26.16952327605015,-25.943735663329996
-16.15544092638533,-19.048183236381497,-17.520057282867704,-18.090816448628928,-13.52325310120308,-17.85918473419143,null,null,-18.222747195354337,-20.76658452415411,-19.30209662727904,-16.216827923766136,-14.029544353335806,-13.3543665174675,-16.189046759267537,-15.47754077196351,-18.365262726697324,-20.891229385147923,null,-16.1020520638015,-13.986275158830912,null,null,null,null,null,null,-17.015914039017822,-19.392211000686288,-18.797468244069716,-14.070238737139206,null,null,-23.894681401855514,-26.93776007281936,-24.59178319419925,-26.91466845233005,-24.8336263977019,-25.9899823134612,-23.59888054083252,-22.625350457548944,-24.14295781460472,-23.731336915876284,-25.267250857496993,-22.214038754405117,-24.92468594716943,-24.694105647433844,-25.51239287741258,-27.53261659558867
-20.186189930114516,-18.446343162556108,-17.106191815131414,-17.410216463491807,-16.184779986534632,-9.795879609170253,-12.551478134985596,-13.178505788795647,-10.061974942151531,null,-14.5144688416036,-15.61005482870808,-16.205238901259722,-13.403591229761473,-16.415380040648664,-20.189701603790674,null,null,-12.31287587705612,-16.162819970045007,-13.779120511668957,null,null,null,null,-9.228575543824217,-8.711367871271467,null,-17.09617104538863,-17.80109015749296,-17.440556166624688,null,null,null,-22.16627917700562,-24.002369556650056,-23.572487874190266,-25.205270877730445,-25.74804713356515,-25.04940713263067,-23.798950352621993,-23.565217692133906,-24.514440529288613,-24.742801182394107,-23.386557826097537,-23.85199806822971,-26.051965289437717,-26.67180200485069,-25.774868401862648
-21.813408863538946,-18.974186397597013,-17.120398623015284,-18.871172978415203,-15.031643345185984,-16.764172365324544,-14.907191965429131,-15.333604756495077,-11.237559816130549,-12.662267775539531,-13.719824097950768,-16.89840107388845,-17.508971361884914,-16.218281729069027,-19.026694618153197,-16.110714957166635,null,-13.386507125333097,-16.10993161788534,null,-11.581938484044008,null,null,null,-13.785272390986911,-12.72866954865568,-14.140189134856218,-8.137310378101848,-14.801731666712918,-11.457359032998141,-21.911469325039576,-16.309911455751337,-16.088772013619472,-14.412943536874101,-22.015717674820195,-22.83310267423642,-23.907023394094292,null,-25.12209960893689,-23.70594350628266,-22.987432708062933,-22.69549134098895,-24.23259736290097,-23.90700897374183,-24.22720362115951,-23.689387117515114,-25.904101904745456,-22.59212574435309,-26.35378949853246
-22.095873107123737,-19.844406624996036,-19.235570263914887,-19.40099092740715,-18.230503408959954,-17.526243816480143,-16.983730807357013,-15.451524267397065,-17.89351776694146,-15.798394602191358,-18.30139435928015,-20.371529956763553,-17.91832871573116,-18.644225638981172,-18.33754081980029,-17.38729382909364,-14.397996034786559,-13.165233471358603,null,null,-10.893707725623388,null,-3.6712893761578056,-7.884330498394139,-14.21984950759315,-14.392810899212193,-16.146230772015592,-14.012283288329137,-14.961817706626315,-10.721710690507955,null,-21.352671296963145,-19.65443253136791,-19.448759480543497,-22.638106990053526,-22.89808164186565,-20.92088734098642,-21.484541087163574,null,-22.027742004130943,-22.730968983905964,-22.742659254297653,-24.819244553168474,-23.442032232659763,-25.341273487582804,-22.310413313897765,-27.208224930058385,-20.74669268896153,-25.57772793279547
-22.268971039726438,-20.130700087885195,-19.549313479094096,-19.628267765261345,-19.573081461615917,-16.24811602441101,-16.602841782555636,-15.923247506534684,-15.395125961653077,-13.483034725447384,-16.3720281669224,-17.39916824367246,null,-23.319007639671504,-21.98366541123422,-20.724366125464265,-15.351516551030311,-10.908353260591108,-13.54900928912478,-14.211333808049057,null,-13.481532499160362,null,-13.610281970127136,-13.356732722653904,-16.888034278355214,-17.044765629795556,-16.218385665138914,-13.45238397398189,-13.477371531195098,-15.477091965386178,-15.748624274080601,-20.0607075427394,-16.992073846571152,-15.792312809128635,-22.777067021211863,-22.42770331717637,-20.888318028721738,-20.961439717730308,-21.642489908824377,-21.234448357548615,-22.540859463348887,-24.618538508584752,-23.830441563474732,-25.09350487395368,-23.334954570728726,-25.48617853008852,-23.03207484366369,-25.262313795010108
-21.979597158917095,-20.8553835650362,-20.72006016173179,-20.08951599812589,-20.7176535247395,-17.69746545845314,-16.520999609216116,-15.028173337758957,-15.577128010343898,-12.995764277151805,-11.420247155008912,-12.41650640208022,null,null,null,-19.114067623897142,-16.106832263927615,null,-18.782373083695497,-15.080345175677495,-11.559291939956617,-10.884979882624226,-14.161547655290624,-11.62978001483198,-15.257769677052025,-14.876876288138583,-18.079131771580787,-18.021865287741765,-13.984515711160391,-14.634907305558528,-18.471063974779483,-11.557663150711733,-20.023560576297022,-18.427614127192648,-17.449977592081723,-20.96519033927593,-21.892712045073047,-22.94351028466857,-22.58645070212887,-19.951513343936632,-21.053683024905055,-22.40180853874518,-24.041736320227002,-23.6846353859394,-24.651504700988607,-23.898956265412973,-22.982013311139706,-21.45239164044371,-19.779165883545705
-21.086917087760693,-20.694295782378738,-18.461035698907224,null,-20.773631023330054,-17.024495539098567,-17.051346827547,-15.725227653940705,-14.783782059286004,-13.387575682785906,-10.872825334423183,-13.895285253882829,-12.584288774375414,null,-7.568355944800261,-11.463824604656535,-16.932943241243017,-14.934261114027244,-15.597315645140228,-15.565356639069005,-12.948672892074153,null,-17.05656966882411,-13.667819692648786,null,-11.84612557756208,null,-18.303877908049003,-13.64065201981364,-12.925272923297237,-10.950656198850728,-17.100354388206398,-17.902607251430396,-19.26238363815002,-17.60682344187301,-21.47616117712233,-23.21909299882516,-21.89980511602586,-23.353076490960532,-22.979397274307807,-19.708542759121126,-21.787036824271546,-24.262873564416694,-25.271154773967126,-24.830567934324744,-23.87160613722503,-22.07340393934231,-23.651682489268307,-21.690586295227497
-18.266015033186783,-14.831261531334048,null,-14.965393640044843,-20.178161883440055,-17.621601930883966,-18.472126535082626,-16.09304091769758,-13.236395181661507,-13.666100886699507,-13.963686374996051,-14.03937437069092,-14.496825597751428,-14.57975546755129,-13.844788385130407,-15.268298922068027,-15.396654785406696,-15.870481561638401,-16.008147280914553,-17.212469571874117,-15.745917484683767,-12.220727188925107,null,-12.174805815570075,-13.96133314008452,-11.71708907762824,-5.795052303052977,-10.594152632637185,-12.925147227003048,-10.714463976580003,-15.45032146017899,-14.45692284065234,-18.28035148083874,-13.098878721016707,-16.734820640424083,-22.106827843461097,null,-19.18320278081851,-23.54244978498466,-24.291337133996258,-21.23278470355849,-21.397435687826377,-24.010204653924294,-26.118444445117817,-25.620261333001412,-24.488915927343438,-22.513393941328992,-21.906469116622656,-23.30314751148686
-20.446143896447623,-18.229980689253182,-17.901077911474903,-15.921355011580596,-17.340029788735546,null,-15.285539575239312,-14.621133794318549,-12.949510061556268,-13.866891485908967,-15.028290039588864,-15.094648265403345,-13.726735847027204,-16.280125147821398,-13.376691719317591,-17.500082258204,-15.913904662805422,-18.27015138888631,-16.302893377009944,-15.771429518869144,-13.778622804391858,-9.970284857051773,-12.599261928209465,-13.344776299159825,null,-12.32285540691712,-7.948246200865492,-13.693487324807746,-12.969776559013305,-11.84928894435419,null,-14.313250185549483,-19.57357402182791,-16.928875368857202,-16.8046021165788,null,-22.115130393223733,-20.528693012213058,-22.01795137448959,-24.099966868528035,-23.417994912318417,-21.947247281632134,-23.86441533182301,-22.76367720277623,-25.04535340595769,-24.65940369914266,-22.230923493594446,-22.215955392183627,-22.363375470464216
-21.040750264644185,-20.33525083819636,-21.72675073858391,-19.887682693575403,-20.437531347090136,-16.378310766541386,-17.977222271210856,-15.964809031771399,-12.821677724334718,-12.740705051274041,-15.407654974550843,-15.805646893913197,-15.826931425165146,-16.04278499856417,-16.158480374039428,-13.860517513257978,-18.423904241618825,-18.29420405028579,-16.43641627949872,-18.144352314323818,-15.138978022679265,-12.136175142066477,-14.043660557183609,-16.017902166664097,-16.038020505118727,-14.871481647442428,-13.637143145729008,-15.621692815614324,-19.11557240684594,-19.06778774459964,-16.599892475447362,-16.967191312052428,-18.463627113899328,-18.87185463411683,-14.180712030498345,null,-11.424890948430368,-20.64861917185759,-19.805597986959217,-23.424142330177155,-23.491547961745766,-22.900777707586506,-24.275033436027712,-24.776254975752103,-22.98268611914054,-21.398539307520146,-21.52666274916458,-21.2900930326454,-23.409533294597885
-21.047579879053426,-21.765307977399118,-21.431506251227272,-21.480353852799098,-20.111177562469706,-18.721301457587582,-16.680713293359748,-18.065786848809402,-13.745986857319718,-7.038043859384535,null,-16.31796831878998,-16.58222660118589,-17.45604647568544,-14.992555349982998,-16.12691869695495,-16.242956813973247,-15.43981915197637,-16.703981646064406,-18.321524894646817,-17.79779644068245,-13.735687641269765,-16.346234249879767,-18.336321086699723,-16.549502225164236,-15.698527036111837,-12.864348923212756,-13.032758714300574,null,null,null,-16.169216197578983,null,-21.990176232766647,-16.71366012995527,-15.777949090149884,-16.049401226224376,-20.724219986495207,-18.85173297401365,-21.310095963160588,-22.912764034311444,-21.796876974768146,-23.481862208188616,-24.240947389746538,-23.822530289762522,-20.53276151262733,-22.5957394334062,-19.40374970256736,-22.228180625218446
-19.31709959313703,-20.412844712411452,-20.930668156993143,-17.96641762950755,-19.05639743592555,-19.71049968175982,-18.06628068234993,-17.25342391347389,-13.853569546864794,null,null,-15.568255680070957,-16.346181957630723,-17.58212902801467,-16.48018455773323,-16.65157848562781,-18.408315579629114,-18.910228124232408,-19.29191155457049,-18.766286734899293,-20.137076155054103,-15.720214737599612,-16.266316070756382,-17.378946132250167,-17.37147827041898,-15.683034519557046,-12.984635096175408,null,-11.035736001923443,null,null,-12.209398594372859,null,null,-14.745561315277955,-18.806784956381474,-15.62406970001998,-18.92048229642774,-21.681901217600096,-19.352208749300626,-21.534178588593832,-20.788449163018274,-22.86052837498248,-24.377741766584432,-23.893333276292324,-22.39198080589755,-21.638121934981964,-16.669110933448863,-21.68315788645394
-17.147887052826192,-18.64962873836038,-20.663998933628548,-20.26393562116451,-20.09101923107077,-19.5506908203054,-19.02190771462057,-17.150443482867903,-13.01838453290544,null,-6.815497576206379,-12.855448546919572,-16.701338031356855,-19.28264822096154,-18.619958565381346,-16.94962460814736,-17.720189842557012,-19.412516370110872,-18.06179120104801,-16.016766358263677,-19.983618863946862,-17.16666841411985,-14.902221971315118,-20.015500504762866,-18.52760552561413,-14.2712064467672,-14.53207777963961,-10.793504387153384,-13.343221499627573,-6.60054034944865,-12.323084742495535,-10.92697682792393,-12.733774004823225,-10.44753004535468,-16.26693450916664,-13.809526013152668,-16.582687795230974,-20.14636763347655,-22.605712442120456,-20.87348134690026,-21.70009950766879,-21.81371691641705,-17.306987840268093,-20.099602282710023,-21.11842338021551,-24.298116436087685,-21.916787368600435,-18.17954560165195,null
-19.243740620753037,-21.846062822897288,-20.24452046746505,-22.461396607701356,-21.990558001699128,-21.307213320915118,-20.843027562233516,-18.020739246496873,-14.92615649367474,null,-17.87545782289108,-10.441945853774424,null,-20.92088452143185,null,-16.505094774523762,-15.47193939707097,-21.261401037168746,-16.537196317846032,null,-14.675131754718267,-17.178505000138223,null,null,-16.609942151155895,-15.142730216148067,-14.169416938708576,-9.394801903872375,-8.940475400889943,-10.76768829046491,-8.531563235837973,-13.63140684089731,-9.832245769093012,-14.367331573860772,-10.232001022841368,-14.262843502526904,-13.143202428927838,null,null,-23.1401879084043,-21.335282040670613,-22.00455144425515,-21.351823744349254,-18.07538502113437,-21.132528537083555,-17.534299224190484,-20.49951030828208,-18.793877818268534,null
-17.03536278074735,-18.869589444921687,-23.011330042499324,-21.680755414903395,-21.383700498487055,-21.78999832861628,-20.48227826497768,-17.505043097909137,null,null,null,null,-14.441776394146139,null,-17.03229775837957,-17.173969810378857,-17.708979920615015,-14.087675816785405,-17.198630951045207,null,-17.050472865021987,-20.96750400352925,-12.317700772358656,null,-14.753803385546888,-16.36973785475089,-13.206905190524488,-14.148515089113795,-3.8541021550939845,-11.206714984810608,-12.458737294625196,-12.274826843784027,-10.630753119353182,-13.670968739356091,-11.533668628287487,-13.91989829384437,-10.403088089215448,-15.758494683891154,-13.811763034838371,-12.321757210880822,null,-17.37575100092613,-22.29086690859869,-19.110724543028105,-20.929164413129584,-20.449583296942233,null,-16.948555583621058,-19.511017622527522
-14.617129258622787,-17.596006766298444,-19.643301102049435,-20.974664708539,-19.91865757496079,-22.010944630789872,-20.838363785606695,-18.65069498332548,-14.136295026684886,-11.994286724792904,null,null,null,-18.610937841094028,-19.323808662850848,null,-16.36090633462232,-12.573485439774807,null,-18.193966295912528,-20.029585287921204,-16.493731545224048,null,-16.903491454028742,-13.709831394456613,-16.123056237793865,-16.15603281756411,-16.140262907636014,-5.688530537627351,-10.982033849087616,-12.70329379269157,-14.604549991984069,-14.056184645245352,-13.109669660823927,-13.744731479345198,null,-13.998282977028325,null,-17.84834769614244,-13.95065459002235,-19.5991237784245,-17.89366873289944,-17.540964829964413,-17.813634865911965,-17.27109594950315,-21.892984302688724,-16.967553362600864,-15.866294844527985,null
-15.038372449902726,-17.15840678506264,-18.393275423349863,-18.408224129090073,-18.80128521270202,-22.26217911011259,-20.535459668944565,-20.238688439143655,-16.584371615808674,-12.075326852957495,-6.558642655144378,null,null,-19.02816489997564,-18.107189578324604,null,-17.454692739155124,-15.79112495117186,-13.419202837797144,-20.823699296453352,-17.58206490333502,-13.53369958459917,null,null,-11.619691361329892,-21.87156898582578,-20.431368637660157,-17.576778972369762,-9.961772568277961,-4.978884696451583,-13.822210568820434,-15.433915016507477,-16.62602348829688,-16.868328479734412,-15.077303911479996,null,null,null,-10.663383853315421,-16.368005128832024,-8.284065277823931,-12.620072676869336,-17.362190547761198,-19.381292201700067,-16.33929020025974,null,-18.9791664821673,-12.856076575133082,-15.555506627767313
-15.579757668094079,-13.097563662056285,-16.19823029496795,-17.70181989000728,-19.107941207802206,-21.295638798191746,-19.844505111625313,-20.65674767038826,-17.96188929677929,-13.493099036260116,-9.40241276081821,null,null,null,null,-16.156750036759547,-14.992149720682487,-13.377025804581402,-14.145403462718145,null,-12.258075916122007,-19.952037228534426,-19.909690149707256,null,null,null,null,-19.78779073104306,-10.140367176226098,null,-13.154481280418056,-21.039270111937892,-15.570531394129166,-15.943918924983732,null,null,null,-12.270094367575128,-14.659171889377944,-11.691127621692123,-13.931413066880161,-15.462394440446904,-19.187064201417638,-19.511714569681878,-17.167931970501897,-12.14243434603836,-16.208643057664258,-15.96351919159503,-14.708734571515256
-13.648625165066356,-13.280718397493361,-17.61065375797373,-15.934155302070224,-16.260418971630564,-16.182708151424556,-20.301419509045914,-20.274938594833067,-19.975351680438383,-16.306889315685307,-10.302001622293634,null,null,null,null,-15.031723815726142,null,-11.083857503200612,-10.099816958278566,-9.422167724195784,null,null,-16.803187963738562,-15.391985221658953,null,null,null,-14.944250991980297,null,null,null,null,-15.16466196747902,null,null,null,null,-12.701375484057808,-12.82090053723976,-15.590258200371585,null,-10.792661856440303,-17.032788094974276,null,-19.752494542815306,null,-10.720084147099685,-20.696409460977893,-8.937774345791713
-11.02671583089082,null,-16.06272813970043,-16.175332307936223,-14.146499835691294,-15.846397196207555,-19.51830453049913,-19.246700680827264,-19.450865119674493,-17.328161483191273,-10.522809876290644,-5.26139190570794,null,null,-13.508970228963364,null,null,null,null,null,-14.858923792640585,null,-17.320844539720017,-17.902782393854906,-12.509921598054923,-7.447299470009971,null,-14.670323475576966,null,null,null,null,null,null,null,null,-14.373150752174947,null,null,null,-17.770618674640875,-19.007413287177037,-20.151819092775355,-19.622885144880986,-20.892901712094307,-20.447854129339174,null,-21.961151452341717,-18.27786461681478
-9.944196832665153,-13.99298499755438,-15.881403093142554,-14.600207173057985,-13.447754767885542,-15.396480378581966,-17.29006711390781,-18.215755879542698,-18.351630137980607,-17.628186563425192,-11.829731943772371,-9.72143060718611,null,-15.172693575136329,-12.598985233220654,null,null,-14.153490745341493,null,null,-7.184708120000556,-8.490495851577117,-16.13368570190672,-16.020155925233297,-14.24078259114846,-2.973204991998088,-4.568868561616542,-13.308087767640686,null,null,null,-8.83212051670005,null,null,null,null,null,-9.87425214187115,null,-15.630473561462324,-20.431866313757734,-21.019223308735636,-18.63021745020299,null,-22.57518622391096,-19.925824280138404,null,null,-17.692840143476005
