public/json/wind_2018-09-1612_850.json
{"header": { "discipline": 10, "disciplineName": "Oceanographic_products", "center": 0, "centerName": "Ocean Modeling and Observation Laboratory", "refTime": "2018-09-16T12:00:00.000Z", "significanceOfRT": 0, "significanceOfRTName": "Analysis", "parameterCategory": 0, "parameterCategoryName": "Currents", "parameterNumber": 3, "parameterNumberName": "V-component_of_wind", "parameterUnit": "m.s-1", "forecastTime": 0, "surface1Type": 160, "surface1TypeName": "Depth below sea level", "surface1Value": 15, "numberPoints": 4800, "shape": 0, "shapeName": "Earth spherical with radius = 6,367,470 m", "scanMode": 0, "nx": 80, "ny": 60, "lo1": 109.0, "la1": 20.0, "lo2": 116.89999999999955, "la2": 14.520000000000117, "dx": 0.09999999999999432, "dy": -0.10000000000000142 }, "data":
[rows 19 to 37 of 60, columns 0 to 42 of 80]
-32.95655214826205,-32.59253578927145,-35.229919127570184,-35.84103771801161,-36.31297338507372,-37.40384033646518,-38.836044179852884,-39.827351688603414,-41.48849055153697,-43.31898456687975,-43.86635327987778,-45.20246547141658,-45.98128826801968,-47.354077435442896,-46.55350837642287,-45.708472569771445,-43.693689765856995,-43.236657118868976,-41.24157960321929,-34.175175077792204,-23.451462139324022,-17.26680706102357,-13.705436720844862,-6.463340536439556,-2.4950523879606354,-0.863110033939012,1.661531983946046,3.8950901150516097,10.61918007484381,17.83342277215775,22.709209026464045,25.998503562722735,22.594794271623265,23.632293750656643,22.556990747309797,23.939373987645492,26.910967771275217,28.085389608698847,27.866338765518055,26.123269514997258,25.854503208900542,31.38098908654333,29.331939584781225
-32.22858936736596,-32.45960488921295,-34.38731901764465,-36.6340639746615,-36.9651203496106,-38.2080860709665,-40.1853731346781,-40.63557713344385,-42.54711591678564,-43.537250864558196,-43.393491624391366,-45.14972994446471,-47.61823290541891,-44.27441817141459,-46.45217903006622,-44.49083861756653,-44.63532866202749,-43.0169518754103,-41.17377716277773,-31.152522674334726,-23.484690837368763,-15.732085937977935,-15.274163169868629,-2.7766552731814977,-0.7373791094578743,2.3111485672761063,3.2800611453501185,7.521696525540266,13.808570046209763,18.24882427902626,21.42782498994875,19.666670481071126,23.034695957971223,22.71602373120876,23.133814220314935,27.139618063093355,28.1876197918278,28.520776844034778,28.21389469332047,23.729663227601723,31.32842909186183,30.69666910458919,30.534466589859612
-32.2860477315607,-32.4539807210288,-34.62201263164023,-35.267360126722956,-37.560005057612194,-38.80860349607044,-40.86785101672096,-41.36348518241037,-43.28930093894732,-43.27880255809803,-42.64740266152835,-44.06045268019827,-46.62744446851815,-43.84752953093901,-47.39410511450118,-43.64040312954326,-43.832317342844945,-41.930485226101666,-39.925406519152375,-31.221107345124427,-26.827783396959873,-22.181561879560043,-22.498397085161237,-10.58202611741205,-0.2277334336062052,1.6259348961810676,6.705356690133896,10.364773854071094,14.104657255100596,17.452774501609895,17.316199786956847,18.053183157748272,18.678777645916217,24.336331232497407,28.41302863645666,30.550718220554312,27.77243539003347,26.45465384581215,23.765335261954643,28.156997670541852,29.502352900704643,29.592855575048983,29.042545768122416
-30.304827795949837,-31.13366523400173,-34.33565622561363,-35.770025306027996,-36.62508715386113,-38.750395886059394,-40.693691245583736,-42.190082742925604,-42.02540754140539,-44.25258600727646,-43.08973557701046,-42.55584217563122,-43.35594800832156,-44.90448179265972,-45.59883061638785,-45.34422815467684,-44.92243819947983,-43.634276291111924,-42.05802795062755,-33.0819595066045,-21.284658561531362,-25.666891749029446,-16.446160213744644,-15.05417917057992,-5.96781306391089,4.869807822341363,7.883162380906548,6.814458170913735,16.139771688119882,18.659569107320863,15.763448476771813,17.48164777816287,20.20904663192615,24.32156067336676,27.515579109934883,25.746739550372837,23.72520970507429,25.254477423364726,25.938314035888112,25.74291185259743,30.016476008816262,30.308531655515395,28.21001206750946
-34.283996730144764,-32.4857157906628,-33.44041569900168,-34.41426890295423,-36.83562108618309,-37.374867943667084,-38.771594855577106,-38.875162854283026,-40.864157718463254,-43.04384599739379,-43.97596700651967,-41.95419557670183,-42.964198156107656,-46.289601488364326,-46.77459401707588,-45.40932924896674,-46.758135565339714,-43.47404027299777,-41.51062358225199,-39.104958653520264,-24.420513843291207,-23.949082283891315,-27.06912565198357,-16.407585804560483,-10.171608132467876,-6.6423797352635034,-0.7231328881740887,7.653509444476475,12.028792480848114,16.174719785379192,15.453042925046953,15.837028366998723,18.531029168122828,20.140403380997252,24.91151964382938,23.284096690742057,19.077319352796344,24.982201707202247,27.532383922246037,27.078437120922693,26.266916911399072,28.65708870966743,28.305419036837613
-31.935561970091335,-32.44847853227583,-33.280948656267,-35.287004895442564,-35.98597864117038,-37.45396843654517,-37.11015828886003,-38.44460291970633,-38.74265955970345,-43.3939509413536,-44.525137558868344,-40.700213496927475,-43.31693880854173,-45.40197394333268,-46.8537026344194,-46.794547426537044,-42.744311365099904,-40.93315555863626,-38.02100749121867,-33.50935916751733,-31.09676060992315,-25.876948409615284,-24.76736540049048,-21.114120449630775,-12.227390074271932,-5.2892659957254455,-1.719620007928749,-0.08526101026828527,7.249333358471219,13.590707281115126,15.615190120206579,17.098977208220393,16.081959681352572,16.519821374537727,17.763390570274225,19.302230491560522,25.43736329544656,26.55577922296795,27.00503463187534,25.505959983890932,28.285837809331454,29.563797895112558,27.940968594110213
-32.133741552235946,-32.11653178488396,-32.48060894114315,-34.20763874800025,-35.607390121989845,-35.343375526059326,-37.509679198283834,-39.253399225880734,-41.14435725717078,-42.925451100874284,-44.2214829090265,-40.19726186449056,-42.03955180450369,-44.70051591216982,-45.53561218186251,-44.691579054390274,-43.07084986546914,-42.08635919176133,-36.965656538158925,-32.24854877009181,-30.222204690833113,-27.68791356685504,-24.34743163117075,-17.791982273379165,-9.844558938418228,-5.646332151424848,-0.09075250820639993,3.575249994460038,7.375208158928646,10.1937179331048,10.888358578767942,11.461465733351655,13.949295276645287,14.310064095789183,17.293515090965226,22.87604986346942,24.955702722708494,25.060393960282354,24.71514251514029,24.72034033316315,26.630934399984525,26.338499907802472,27.824945075342736
-32.42680210082253,-33.13122728191793,-32.862089821397916,-32.604746283602395,-32.53518094349126,-34.321720570319826,-36.16091135524708,-39.16805353266842,-41.92693233679278,-42.85518463347968,-44.92165149373092,-42.75843700756286,-44.02134278539942,-43.71127833455114,-43.51808668677661,-45.45338937454451,-44.16333086958333,-42.31605860176936,-34.73165054677252,-34.533003968165026,-27.917736776484183,-25.400141819653232,-16.082002377018732,-13.116113378606839,-9.18338233803868,-5.378143927471476,-0.7361180361398048,3.7570854586313196,6.8502005559889145,8.532693268949656,7.02760405052543,10.352576842362705,12.683734244590841,15.8493935293138,16.417185048137558,22.689805283390427,24.013362076210534,23.607222851969567,23.503398657069518,23.08601801517791,27.08608924839178,27.308594523829345,27.541262321666114
-33.1753666577112,-33.70070948299752,-32.32324230438644,-31.765237036461887,-31.85113242619695,-33.38398707091271,-35.27423329763292,-38.39587982533586,-39.46974255745534,-41.21299748818975,-42.942173985447454,-43.61641797994316,-44.84367186576741,-45.03987337975158,-42.097133510155366,-44.43094679910401,-41.63977782064204,-42.875440932000714,-39.617167031658084,-34.323633031204075,-34.02451700935087,-30.69222102504263,-24.723228516507177,-17.928616037133377,-9.281136119926867,-5.876375997344585,-2.0697503845287804,3.451671864395418,4.570670544764505,4.743829238766309,4.781531737308269,10.218739945312915,13.850546003069098,13.707422507232241,17.5275016416791,21.463777662136653,21.41457025073294,24.421087483216343,24.290375786269852,23.409498729024286,25.015896859156083,25.745314106616224,24.33702406026744
-33.572078006816355,-33.56345619986038,-32.14383112821392,-31.170495657686033,-31.385021732815563,-31.906925628292004,-34.64649518050748,-36.974121905270955,-37.52542710933761,-39.77825640320957,-40.371140814073115,-42.10824031071544,-35.647835106964834,-42.125767465940065,-41.97631384257144,-42.828653458296785,-43.01799995988461,-40.11110727701532,-37.36859685543835,-36.592175967596866,-32.77981984226076,-31.13990057574344,-25.830460977195724,-19.008778365127675,-15.218142142101058,-12.2258395288822,-5.476728791313317,-1.3010673356171827,2.6668118095354996,5.3131303530831255,4.1600435249573335,5.044478740619376,7.478496124407487,9.569474263792497,18.337686464667758,20.634244884444364,21.846450672986848,24.131359835211782,23.123904033349216,22.93033792262933,22.331716005988742,23.22940224770484,22.892451770138425
-32.9674515615385,-34.44566137362368,-33.86319986910262,-36.23841772714904,-31.602729428802483,-30.614531626142423,-34.17546410659892,-35.58313817775172,-35.955407997370365,-38.71189759591385,-38.88306526312546,-40.964243174968104,-41.36653522620567,-39.29577430497977,-38.91678865703692,-39.3520588936163,-38.21668068992021,-38.89154926297603,-37.605759191836356,-35.777254871346145,-33.569123407668584,-31.197769327659042,-30.72053234452665,-23.22546994120192,-17.88238923625346,-15.17489176870425,-9.66243770756849,-2.8957689867239003,-0.12786438512724418,-1.2571106036263542,5.011322240436101,4.383559207103795,8.544837771207101,10.81284011313508,16.467238856904004,18.772094939311383,21.137756582795735,20.779578187888397,20.99383372203364,12.86310262380249,17.84259620853375,21.603205704773313,21.66809817740198
-31.313279557250535,-33.29376710676927,-34.07168949871709,-35.275778152630544,-32.311483632049544,-30.89400170655567,-32.74780174827623,-34.033182390196004,-34.478891445853144,-37.461698827914844,-37.5555533908171,-39.23568158503951,-37.714922481798865,-38.52050878461669,-37.23910870655028,-36.16716336262065,-35.66325454188093,-35.470576710456,-36.443507328416,-34.85933091490803,-31.585359113037015,-32.34267794474449,-26.464893947845333,-18.853839633274237,-13.188189851818153,-14.867783470236683,-13.031466711805976,-10.48456290946299,-3.9311625895488316,0.8387702453348976,0.8652518668112765,6.090045342032827,7.78033929768264,10.081512785841902,16.269886234305243,12.575174138899243,11.124571530644623,12.163889487120148,8.502367553769457,14.873439969492603,18.786726156538876,19.941043241574263,20.469405497742876
-30.709647747414103,-31.235600100471103,-31.265124557301363,-31.534920390252143,-32.18581335228373,-34.713564770777,-33.609864549486815,-32.333784671626084,-33.144347698156366,-35.18604850182619,-35.459575271936636,-36.52778876425643,-36.072159806005345,-34.80027894520382,-35.92855315202162,-34.093481533010376,-34.306920873280276,-34.37147819614651,-33.479701510698106,-32.17760456065305,-30.413288079469112,-25.89397045638431,-18.923320635394465,-18.060201157365906,-17.20250740858868,-14.516903077606658,-9.869572767885867,-4.9578147794926615,-7.591059771744499,-4.605603325720589,-2.333675884480628,5.6043413123019326,7.364601850683332,5.965611176142174,12.613537333053944,4.198339589889603,10.512825556026185,7.03702981879341,13.064612954016225,15.80666664879652,18.23289848550031,19.81588845928598,20.069701259047406
-29.314320188092722,-30.46136615609096,-31.86820102675033,-32.25631926469506,-31.758516816066578,-32.56377547546875,-31.968826213528246,-32.972507244068254,-32.20762760376643,-33.19346825667754,-32.32048533185784,-34.21106266223861,-33.21873128881505,-32.286510042740396,-33.0447625612508,-33.003956735515466,-31.88551817547295,-32.940590264047614,-31.390256338441798,-28.294593488222546,-27.791744366089972,-23.889408526318977,-22.468385691899552,-18.699681303624118,-19.74184613789805,-16.247289193839553,-9.408195550670253,-8.697569926454255,-8.406921474706376,-4.08566837852432,-2.34251951890397,1.089490543408039,3.83024007979123,2.598213681346535,8.711125016771348,5.141915939276604,7.65051216938989,11.742019564221495,14.109590629116145,14.44097073127424,17.050156969356525,17.01444687296108,14.675194961399106
-28.60040582538755,-29.152039045245246,-31.073674104744015,-32.08872684007053,-32.375023186058655,-32.87829175654296,-32.036967427486964,-30.23435925279458,-32.44163075103509,-34.10670343415791,-37.17611910232558,-31.688522195201383,-30.37715467612193,-30.92942124271544,-30.25464185212634,-29.50604206265419,-31.04248329017964,-31.407428703810147,-29.113020406375803,-25.389113773316517,-24.07210713963035,-20.786688209169718,-21.553977268792515,-22.444162203296663,-22.588771549148404,-16.988156878017975,-12.55892797755328,-9.870470421675176,-10.425881840881175,-6.879442326318181,-3.7720618093650358,6.141736656888829,1.614759897878464,2.820650892071929,6.9504349995790475,10.200994458879217,9.273226612981684,12.2689142001636,13.084363483661566,12.030110809730857,13.783142749580557,13.942048184525314,17.435480876049578
-27.87043574673369,-29.01499941807184,-29.18368788371242,-31.745943503796717,-31.95460982109801,-32.18526729272352,-31.940229394889023,-29.74370156785238,-29.26350515017152,-32.01832873376829,-32.38879483382584,-28.225765278459047,-27.616801407965006,-28.951905145923963,-27.994694659136393,-28.0212461275228,-30.712709944649575,-29.98314166539578,-27.74525936873868,-25.604871356048708,-22.72985436594444,-21.799906587897546,-22.45034855750707,-23.210348272026877,-20.35257420186357,-16.65389230467603,-13.542064251127062,-11.289782196707652,-6.688139161845519,-3.999765134811734,-6.499822973895852,-0.3712794242403879,0.5704529992019074,2.577602061863205,7.511629558113755,9.287949523698034,9.796670171486303,10.947103159054372,14.44288857974858,9.483080352940329,12.988168659894821,14.266917759727175,13.445548821061207
-26.24180385166582,-27.889820027237054,-28.696533562805147,-29.723323095482222,-31.316846328700876,-31.497191345707982,-31.844410802032893,-30.549773626351566,-28.01548276978724,-27.702502577255324,-31.15972585588164,-26.666771293680625,-24.84242231442091,-27.330826389343102,-27.186744078195876,-30.913311175334456,-30.747364784627877,-28.89918661557828,-27.826460891663984,-26.895926191206616,-23.732366402344393,-19.16107061354927,-20.817263661749333,-21.352557897340212,-22.809296618051665,-19.19235049806091,-11.674496374529399,-12.446587653660602,-5.894576218624694,-7.155288055358042,-1.8901774649504393,0.3953398462600626,2.799839883899525,6.722294789709495,8.560462643255947,5.855489334763345,7.720528868479686,9.274010875297993,13.018432547499225,2.3855955968522395,15.808444142701251,14.309095006987029,18.47300731883741
-25.635435932386798,-26.44857660610979,-27.814166719579955,-29.661538112646774,-31.708279824062792,-31.214979645444544,-30.875041398430813,-31.089990195908463,-31.789305372263925,-32.08745521561808,-27.956416662075874,-26.511971242695033,-30.84064123214021,-26.567972163091078,-30.540052944594656,-29.260355356617335,-29.68064279371026,-27.283696323267392,-26.658238897708223,-27.24108142976568,-21.53242201347227,-18.841964650875447,-22.52465743007911,-24.36838124040156,-23.48969814960534,-14.99714942378257,-10.695176316004744,-7.412179098289333,-4.234054814519968,-4.936095670197565,-0.5713284340520103,2.0052943876865528,4.2067111188355675,6.131337790973149,-0.779250104533977,-1.287639965392793,5.487061463778844,11.417433132407027,-0.566789389337927,6.919419796862219,12.403982922903078,16.78632679228881,14.618478901569052
-25.873592242612563,-26.544088055215468,-27.36844123291675,-30.06543468556412,-30.863334476195064,-29.36168294030978,-29.925447483256093,-30.647209680228844,-29.899399776718614,-28.3075237676128,-28.672555174158916,-27.889135321399866,-25.947713510301888,-30.32024998404001,-27.393062062924788,-26.464903575263534,-28.815639550337945,-26.90288760425576,-25.779478355924034,-23.964435134265774,-19.426704142052827,-18.16273793062016,-22.529403558696693,-23.58611609896882,-20.509828858696,-13.433057359501275,-10.328481681412175,-7.67544291070208,-5.408422895978532,-4.336497866529745,-4.2188131626138095,1.9487967668131416,5.005462186713383,1.0840283824252697,-1.0532972300038403,-1.6159712109705742,2.5919622510387574,0.9262010169211812,2.0040150125954654,10.655666569111,11.225824512156724,7.7580633056536055,16.557837232926175
