public/json/wind_2018-09-1611_850.json
{"header": { "discipline": 10, "disciplineName": "Oceanographic_products", "center": 0, "centerName": "Ocean Modeling and Observation Laboratory", "refTime": "2018-09-16T11:00:00.000Z", "significanceOfRT": 0, "significanceOfRTName": "Analysis", "parameterCategory": 0, "parameterCategoryName": "Currents", "parameterNumber": 3, "parameterNumberName": "V-component_of_wind", "parameterUnit": "m.s-1", "forecastTime": 0, "surface1Type": 160, "surface1TypeName": "Depth below sea level", "surface1Value": 15, "numberPoints": 4800, "shape": 0, "shapeName": "Earth spherical with radius = 6,367,470 m", "scanMode": 0, "nx": 80, "ny": 60, "lo1": 109.0, "la1": 20.0, "lo2": 116.89999999999955, "la2": 14.520000000000117, "dx": 0.09999999999999432, "dy": -0.10000000000000142 }, "data":
[rows 0 to 18 of 60, columns 0 to 42 of 80]
null,null,null,null,null,null,null,null,null,null,null,null,null,null,null,null,null,null,null,null,null,null,null,null,null,null,null,null,null,null,null,null,null,null,null,null,null,null,null,null,null,null,null
null,null,null,null,null,null,null,null,null,null,null,null,null,null,null,null,null,null,null,null,null,null,null,null,null,null,null,null,null,null,null,null,null,null,null,null,null,null,null,null,null,null,null
-20.522184781256094,-22.20098689413492,-21.930906699044204,-21.098717741499087,-21.41828155352004,-20.96348189889439,-20.89620205048836,-20.9913159591429,-19.64501208831897,-19.029547980815224,-18.846288954629394,-20.797264027069552,-22.691012158101593,-22.33244736207027,-22.60640812348714,-21.57489436617022,-20.597476187156293,-19.5906586732683,-18.02890155390323,-16.933286446017107,-16.094192741223743,-15.569282251559283,-14.972650770828436,-14.2765683459228,-13.671800223731385,-12.281254828094339,-11.667993589269514,-10.967657033877963,-9.459348986783773,-8.721961491719387,-7.438338148963189,-6.344210551032495,-5.2326041695085275,-3.2732523665663855,-0.6848459852652085,2.4096196629604845,6.079196185709608,9.90830597360631,12.35353626100135,12.660109359661949,13.945160437111795,14.864698379596579,15.640412604932536
-21.79957612111911,-22.24537514380688,-21.567815957566392,-21.9345497548747,-21.66021593081095,-21.82489512689888,-21.552844600866585,-20.019013016011602,-18.744364678166487,-16.655426065126154,-20.54627598175471,-21.89842404966569,-23.59370341771229,-23.100800790761646,-23.547894037088064,-21.70178274260467,-20.61092547446285,-19.878865990822934,-18.454947712824804,-16.09793450773131,-14.39758558026235,-14.397911684692545,-12.828760628240438,-10.478475070720032,-9.708917690866176,-6.359081475297738,-6.828372115173323,-4.889150207840554,3.0275349248339447,-3.0311705585023017,-4.2781557204724034,-2.2582376816396734,-0.30429146476013996,-1.166205940583151,-0.0036067474593577953,2.7832580863728458,3.4082374797154924,4.884294058377853,8.266082941244381,11.845360207102594,13.28160494793255,15.30277553691688,16.64070939947373
-23.064846651953992,-21.6803256114402,-22.371842080712256,-22.469105603520166,-23.371081017108565,-23.350896730460576,-22.691153640514205,-22.36057257137346,-20.094590350614883,-19.93345416295305,-23.151652954172196,-24.504890690336417,-25.277255380771894,-25.83362122948201,-25.077417093212123,-23.44493825382198,-21.48206912134329,-20.06805079361497,-18.204480996080832,-18.196700663414525,-17.331038630646358,-15.704137541624945,-14.350447919347523,-12.543694564979475,-10.380900663226669,-10.165729525398163,-7.41488073935027,-7.962575960593383,-5.942953845067584,-2.995065137617805,-0.888770050128104,-1.288396008257203,3.608714501426382,2.032374814421769,3.857815558555406,4.3115238778226,4.686130612448766,6.776389232713128,7.789931383208794,8.6054511156016,12.765413476880106,13.152416948860225,15.619096712101635
-23.566564916217033,-22.2271270788733,-22.803172155990573,-24.3321406340256,-24.856877276033238,-24.41065013013538,-24.146917729232996,-23.632541283041142,-23.077963200898473,-24.106658018094254,-25.861812198947217,-27.198932196451416,-27.025957840234646,-26.814094541341845,-25.44815978291249,-23.61512213500633,-21.91933718732218,-21.36878699084066,-21.625937770980922,-21.053651242994917,-20.13206459409688,-19.138931798734106,-17.852469936012987,-16.38102300019858,-13.94734227518196,-12.87615136877388,-9.648250215091547,-6.425413656765354,-8.1746710696909,-3.435851308161321,-0.5118675222356356,0.2983389414299375,1.4393735828960708,4.027870862452017,4.055343455798963,9.283468662376986,10.563335620000112,8.960100421884219,9.636864853878127,8.913262074720837,12.751570364858303,14.498863183307549,14.464870205059281
-23.667495116012176,-23.087277047331,-24.671562508001855,-25.742799884208637,-26.26100452275623,-26.098262769670686,-24.997755352964315,-24.5386689069608,-24.53389791097236,-26.18921159658782,-27.7845699004053,-28.802349290860544,-29.336363453166427,-26.935323035123275,-25.661719484323584,-23.266143234247036,-22.40980992874624,-23.350390547029757,-23.216170456051845,-23.557673979410694,-21.97551915677706,-21.97979920524864,-20.549096716132972,-19.013824330055918,-15.982700287908289,-13.976683089184801,-12.235283106992282,-9.965836892921772,-7.687061574161833,-2.88512027314343,1.5315315900804467,0.972701645717224,3.474440688442039,-0.8368981704328935,2.89971603086782,6.246063266343463,12.171823318195393,12.240036353197635,12.054979498675578,10.078117171760912,14.774233447285308,16.194293866393096,15.404818568870295
-23.922084936098866,-25.363483774274215,-26.191924412806777,-27.426283736013325,-27.14307950926833,-26.59809658322801,-25.317199661921272,-24.189998317678562,-25.723235362148436,-27.73738086674473,-28.734437623737364,-30.04455560133344,-29.937733143046266,-28.11168341476768,-25.740607783313845,-25.149679489897032,-25.74253217222022,-26.63093738494866,-26.020534637479862,-26.49095822419239,-24.802256299941018,-25.448154244930777,-23.736971766913673,-20.550327786151847,-18.014247061506623,-15.892209373620872,-14.654567067738412,-12.054019309666565,-9.778957710056776,-6.614287329516619,-3.1175419795918247,1.2430859882173757,6.179824035576739,2.103092091809549,1.52234115959312,10.083938201244608,9.354308425853295,12.601835913107127,15.951092561098285,12.947055822168288,17.639445366784557,17.7169071858134,17.853729285805915
-25.75953698250016,-26.85848890927319,-27.680453764166025,-27.863942258004226,-27.796127830657724,-27.150923772332263,-27.342827731876717,-26.397766072395036,-27.358491662835597,-28.65891496822305,-31.0400059964546,-31.371287337806606,-30.950936441335532,-28.211630912385502,-28.646180458319805,-29.325939585072035,-30.763536877526462,-31.33812619435453,-30.64697219127607,-29.63305474866047,-28.44594557818501,-27.73383716633723,-26.242506887683216,-23.51177802164629,-20.721168861181255,-18.811942722258937,-14.923843144577443,-12.584805349484904,-10.284495231068538,-7.687489178165585,-5.529028264543424,3.105615981315553,1.8793931711105956,2.8481599962917534,6.262986827587141,7.231415747274021,11.227117790172239,14.180566630306322,19.056636147453982,15.913730836076743,17.378783711116075,18.839138057335166,18.995180220366674
-27.370149801044107,-27.856502273451422,-28.485826689045442,-28.816242853082336,-28.421756251902345,-27.202830602786147,-27.431860920051793,-26.71568972965802,-28.039783176027886,-29.507221918581845,-32.81850842235784,-33.48423206330009,-33.11545827513251,-31.28559432582174,-33.47605798274826,-32.37674201984417,-34.80940882591485,-34.230217747676065,-33.693398130754204,-32.74417326976206,-31.856096630981657,-30.43981572451616,-27.826846313574134,-24.511822338334547,-21.11706376633753,-21.015418441146817,-17.61651973679684,-12.90272305362214,-9.571163680340366,-6.895693500118446,-5.544135876457224,-1.0185170375958905,2.615794338757595,3.9603592227151316,5.9235244177321125,10.28241133659754,10.49841065143125,11.356260372163138,12.317550319019812,19.437477886132594,19.93649846615685,20.33412449855685,21.133405870986852
-28.52064925158954,-28.59698718336851,-29.636845136734152,-29.4303701296825,-28.391621359384484,-28.24816681256069,-27.524452045409195,-27.034501277689003,-28.310381121599693,-31.16194138005605,-34.5990144747259,-34.981774320568825,-35.783561992683474,-35.684885673283304,-35.058310133077484,-36.185835821768976,-37.21602048916357,-36.734071635234926,-35.152364493652314,-34.229956632373764,-33.79320854474071,-30.874570728484645,-27.8410835043929,-26.636936640747894,-24.505161531263752,-20.688501934983876,-17.59205954156645,-14.89568957707187,-10.365553673997464,-8.590197722349217,-5.237668134337856,-0.32868311485354296,3.3582205956347293,5.570481313304993,5.086957581641977,13.394449117042019,12.497672292058818,15.933338024002076,15.453501323791114,18.405173774763664,23.204548355695984,20.924611922583804,24.118571930065922
-29.245020681314834,-30.093614865901955,-30.24707616488886,-29.436485334281492,-29.073358456568002,-28.56948948694762,-27.410071121392395,-28.822188683877158,-30.569615480842362,-33.25290710879541,-36.01153380198316,-36.67878703967001,-37.8860575415781,-38.14668365590402,-38.087647149771634,-38.79016672944788,-38.276334421250546,-37.41723317701346,-36.628866222493976,-36.10015536082973,-34.731912889478316,-31.1940511458635,-30.57599661599442,-29.368830587758737,-26.756565977209814,-22.44090054124893,-18.903194923825772,-14.279641903744153,-10.07946842130983,-7.5040124472814504,-3.5297091105927976,2.1806610096420465,5.072236791700805,6.813297302854086,10.067092450641685,11.739840770566824,15.172481669157252,16.132562870381467,17.685817045707843,17.561044410440527,19.23440359111592,24.876207587020467,25.76486706125471
-30.67691863708349,-30.702110506353513,-30.360498108552065,-30.201387350574173,-29.536873690726313,-27.855097844928164,-28.630281872987304,-31.198095493746827,-32.846453003749694,-34.74751311315509,-36.80663829409071,-37.76033371958962,-40.03347606518273,-39.73250974009095,-39.71918193276834,-40.19043670068947,-39.552060330531276,-38.17858426042412,-38.20093693686274,-38.29370484503494,-35.374426410811566,-32.96440731787597,-32.91275685427439,-31.023616266811942,-26.96928933079471,-23.768197680416066,-19.608684131304106,-15.49422160751729,-9.472688953525136,-6.816887791658325,-0.8985716425737224,3.2714719618130346,6.510227317909576,9.902650827386589,11.17957020827321,13.505865595825881,18.3880341519117,19.551862453877845,23.8915796049235,22.415369199093735,20.65743276489483,23.462458461166218,24.39328908468339
-31.16082325552434,-30.959234590663005,-30.994942703336257,-30.27348094867956,-29.803874572549738,-28.702951522777898,-30.62793184375559,-33.69931982182304,-35.723296975603446,-36.45787242343657,-38.17585021525306,-39.9771485561885,-40.76983906860813,-40.26306646449,-40.54142060426123,-40.63062569996266,-40.43005730510637,-40.15558311735501,-39.20542391686809,-39.52278097711325,-36.96209921629993,-35.65071804312684,-34.29859601748519,-30.964959182697516,-28.10639579567405,-25.164825077758714,-20.797808163060306,-15.520905412673857,-10.122609027053734,-4.153625630354285,1.3156115949861238,7.327708148648192,10.212228531371636,12.22609196165548,15.52907569583694,17.487195558582364,21.67170878610558,20.769699210347937,22.305501677696782,20.365833519279686,23.19454683058147,26.39457122999223,25.803113684671587
-31.457447240620695,-30.98313377581324,-30.420996776381173,-30.195284226178615,-30.83039553279252,-30.394783555649134,-32.703886724246615,-36.42946612146339,-37.130986114724905,-38.15568858576717,-39.8745649629791,-40.87657960646921,-41.243213387564666,-40.38125790188687,-41.43811184698522,-41.46616874811004,-41.184289806650376,-40.73409553364582,-40.347844682337666,-39.139179582941445,-37.672229369886125,-36.54225363217181,-35.00062035841642,-30.875775365400465,-28.0387449119664,-25.246986922602378,-18.33614930331821,-10.970730556274868,-6.998406200318154,-0.19237840397964545,8.30908796114004,11.982951109673412,14.71950318762947,14.881700648804143,18.639576662996618,21.890529411373716,23.10282197540969,25.14965490500093,24.369424126854955,21.806983329616333,25.55777585007337,27.874314562493154,28.436732816792702
-31.74160263050269,-30.662100768764695,-29.678734394387565,-29.932343167617354,-31.806928424246593,-33.011836173749316,-35.19531156966522,-37.1722625952668,-37.63782577983841,-39.55619838162461,-40.99633640345913,-41.216201197179124,-41.47595675554429,-40.509380085996476,-42.28767763036823,-42.143863693522604,-41.43532010949537,-40.52095355418563,-40.182554978158606,-40.485362024081724,-39.67536790463449,-36.91548079124832,-33.38554946946299,-30.915716822193147,-29.5596704597224,-24.533882971226795,-11.834762815499058,-6.824737692111701,-0.9106817219689003,0.8572674083748433,6.838643784083424,14.052574995812128,16.208669157295027,18.35987131239796,21.831966332985253,24.237781430463627,25.05890003721433,25.222010945275894,24.30994972627805,23.98852021079154,23.385369379936414,29.14742381812794,31.64598944538869
-31.16067706134411,-29.747787107225477,-28.91889791063467,-29.472482546993227,-31.902355424231075,-34.65437760176194,-36.30962525929069,-37.98545891306956,-38.84679545065703,-40.68120830861324,-40.813214739534715,-41.39010008652207,-41.38066972012615,-41.177928529864815,-42.628059021827795,-41.6263440092162,-41.82780659498105,-42.321416312983914,-42.25578834675086,-41.936191185169605,-41.043200182212246,-37.41086800523047,-34.59103725658798,-30.283473676290924,-29.586966069329137,-14.791717542174759,-5.565512433850049,-6.595451755986279,-1.64985173419346,0.8105995905513765,5.023811857840969,9.749818679044534,12.655585507987302,16.51195459351093,22.915344713492352,26.535424118383453,27.74028011014759,26.657968338674646,24.648908060737305,24.48634277464508,26.640251152744735,28.948459230011466,32.22531200302221
-29.670225787650068,-29.38042263129058,-29.660684581387848,-29.868902401733784,-32.286000323358046,-35.2185423492113,-37.28142159510145,-38.69900295223407,-40.60635180785397,-41.19055559419591,-40.721033310536804,-41.25542499231618,-42.0772714302728,-42.72582160564433,-43.57835965398012,-42.752164282199956,-43.193192751387755,-43.802354526029575,-44.488020614375486,-42.23718155176084,-40.03375583704781,-36.686996433440854,-36.41567501363647,-31.44341490926615,-30.053999668688835,-11.529599479145155,-5.997644359574646,-5.099257307672732,-1.62230166002806,3.356146768236598,6.671090628254921,9.707398919652402,14.3190922083109,16.077777969473605,21.60446909957504,27.716759457595767,28.45513164537795,27.318358450570486,27.898443119709487,26.193721884807218,20.686725637484642,27.861288220904214,31.08911839478857
-29.05107213505281,-28.774122282182088,-29.834562780196606,-30.42534113790552,-33.113089812900974,-36.15912928161338,-37.9502768156491,-39.18118226016166,-40.59644421026162,-40.48346820807379,-40.9340534846754,-41.56448622684255,-43.0736370283933,-44.56023502372369,-45.232952717419735,-43.98824953969529,-43.78718631711127,-45.13874017131641,-44.45581319909776,-41.81853951138414,-39.89592470144317,-37.49158439984389,-38.56359388388898,-38.369626142939694,-30.901513050953525,-15.637301636641606,-5.462726801385282,-2.204293738538009,-1.7485142603176733,0.6548623483387348,3.941395236030198,9.26553221724254,12.210819180723826,16.517364549468045,24.549283558826414,28.01443621730106,26.601217642751422,24.02945613844137,25.664049739123257,22.841704288137077,29.107800279735113,31.614111887329933,30.017360842187117
