public/json/wind_2018-09-1521_950.json
{"header": { "discipline": 10, "disciplineName": "Oceanographic_products", "center": 0, "centerName": "Ocean Modeling and Observation Laboratory", "refTime": "2018-09-15T21:00:00.000Z", "significanceOfRT": 0, "significanceOfRTName": "Analysis", "parameterCategory": 0, "parameterCategoryName": "Currents", "parameterNumber": 3, "parameterNumberName": "V-component_of_wind", "parameterUnit": "m.s-1", "forecastTime": 0, "surface1Type": 160, "surface1TypeName": "Depth below sea level", "surface1Value": 15, "numberPoints": 4800, "shape": 0, "shapeName": "Earth spherical with radius = 6,367,470 m", "scanMode": 0, "nx": 80, "ny": 60, "lo1": 109.0, "la1": 20.0, "lo2": 116.89999999999955, "la2": 14.520000000000117, "dx": 0.09999999999999432, "dy": -0.10000000000000142 }, "data":
[rows 22 to 43 of 60, columns 0 to 48 of 80]
-16.090023557960304,-15.774621637858623,-14.355641680398666,-16.066614317911814,-14.842064039530374,-14.637256427004715,-16.08576503501638,null,-15.976544863231268,-17.708183100100097,-14.137831332940156,-13.45767703740824,-12.096085573381327,null,-10.894002116625915,-19.29907332690306,-16.23536206872793,-17.623358465590808,-16.036388705287365,-17.46325875908329,-15.092893781052057,null,null,null,null,null,-17.18407660551417,-19.79644515149628,-18.259901947131734,-15.029619031135667,-8.966405615732265,null,-19.935094595262328,-23.836458968608287,-24.36520195807217,-23.243479585201325,-22.248386828802772,-23.288050473448674,-24.01145077181142,-19.13749958709194,-20.98094415550117,-22.18022774690747,-23.061167895083273,-18.57745715816273,-21.880352016663608,-22.426976599291322,-23.318464244907396,-23.117106007744276,-21.13175501881429
-14.414629074948612,-16.843146782017854,-15.953834486086317,-14.326311213020505,-12.667843224368557,-15.650668236923737,null,null,-17.65745070872293,-18.113406103458168,-17.206990002378983,-14.696073901101744,-13.578117288653422,-15.100726042697216,-16.36072935193417,-16.643677185568166,-10.630286307965044,-21.080680169980553,null,-16.84942818801484,-13.79353122608844,null,null,null,null,null,null,-15.895931711735676,-17.330067520443524,-17.515089306800526,-12.638718885893566,null,null,-22.08378698932213,-24.50893565379997,-22.127545991037515,-22.39074048260356,-23.001962056355072,-24.126897957991993,-22.22968401882015,-21.3622482853543,-20.95565439653734,-21.8354395591415,-20.86275535011005,-17.56880942969274,-21.87199793293105,-22.318229489992806,-22.807115635490355,-20.818492635451513
-16.72948891675127,-16.14458989647458,-15.339041663309215,-15.833387282108538,-15.39537759426451,-8.747016475768667,-10.86252033240395,-12.86898526814092,-11.027614872383563,null,-17.474889417144333,-13.711205796864192,-15.272847436064568,-12.38114411014637,-16.40358428350758,-15.897460696770814,null,null,-13.510356621765037,-15.858448574094806,-12.879200460639868,null,null,null,null,-9.58926215900809,-9.33441498730409,null,-15.009585109070828,-16.30383366258477,-13.415457042151568,null,null,null,-21.08435492964753,-21.958511209488112,-20.73602886367761,-22.415587251454085,-23.293712946425856,-23.128941494757058,-22.29215750655672,-21.522547428177923,-20.18990923094812,-21.68090023765015,-18.422774801616978,-20.80753794656263,-22.147255697231728,-22.178185384951334,-21.07258979811312
-17.784812213346235,-16.478805506244544,-14.7940110060526,-15.708293115057508,-13.216113943713921,-15.037676930756566,-14.201873375430898,-15.24032188800254,-12.283802042479074,-12.146311660304566,-16.46405312714163,-13.512320423608058,-17.134558044805594,-15.682851178858236,-18.08386212296817,-15.865654746265232,null,-14.12942423256365,-14.916576488008719,null,-11.297689240995487,null,null,null,-13.108806515386105,-11.832745088992539,-13.289400675312043,-9.747141052235591,-14.320180271451672,-11.267249443681784,-17.887165420627817,-12.819676313404145,-15.0931968299751,-12.10971384208127,-18.195959427235262,-20.813545220419616,-21.376851298966464,null,-24.18481645931768,-21.544611593035828,-22.14786961314351,-21.053606435436034,-19.792922307734706,-21.0362500080238,-20.613106193905423,-20.073567413522856,-20.83949275497777,-21.299092631739178,-22.030635550520877
-18.516758109011143,-16.753135207077552,-15.984025367868743,-15.601526575345439,-14.053134925759926,-14.438641919675192,-13.624600530639945,-13.864117139690062,-16.89544991338143,-13.542066145823476,-16.371911701528518,-19.430419868102376,-19.273381238553927,-17.939406242518263,-17.46896776423632,-16.390732478503907,-13.080039106206096,-12.259183183720769,null,null,-10.969678406364281,null,-4.335699619102227,-9.259075331504407,-12.722727126447447,-13.827864891521742,-15.101121075160574,-11.99359822474962,-14.740841689636579,-11.53174135383324,null,-17.688388032028257,-17.54148271726185,-16.69931519034607,-17.67775941283964,-19.702025188238714,-18.664748760114055,-17.866970317131337,null,-21.48961836152253,-21.612920510724656,-21.172778011118865,-19.895456361989417,-19.10929702463053,-20.381517906927137,-20.270221381357896,-20.037891779750215,-20.55502487746013,-21.45469432452191
-19.25395425471181,-16.79810893137395,-16.60873852615913,-16.155220595851794,-14.611957535945887,-15.57584776023229,-12.954596533255664,-13.79354347523478,-12.903660231020625,-12.528769543673002,-14.777429356153803,-13.475872218555208,null,-21.401186566316497,-21.22207913810717,-19.552201742273546,-15.784107373794022,-13.278290992221823,-12.293476938944309,-14.460592214251577,null,-12.940148858896812,null,-13.033179946708074,-13.024875219124041,-15.618126950758532,-16.153631761326356,-15.467727064879725,-14.145242156864258,-12.978691568024917,-12.637985164949374,-13.436748364416204,-17.506544614846035,-14.729596218427938,-13.178866701394714,-19.47289381349148,-19.81734933917607,-19.363164503156977,-19.769689813487357,-21.849502724142635,-20.486514374342498,-20.842809620677308,-19.957255240995984,-19.28835676693331,-19.80638998807878,-19.187875872734118,-19.35173035611689,-20.215371227890664,-21.214636203322694
-19.461893734788084,-17.388378409407093,-17.353110715684014,-16.335461334328894,-16.420967217730826,-16.04059563815535,-13.626780642650061,-13.626317190238979,-14.398032586515502,-13.046226650217198,-13.29454876663327,-10.03560725499746,null,null,null,-18.43666871831515,-16.846148205240432,null,-19.383493568705127,-16.37819258709256,-12.284614916793208,-11.568070275480192,-10.320890476738075,-10.25032364661752,-13.015467109354368,-14.56691371152617,-17.408077982552445,-16.784878147782436,-15.587167617874938,-13.815338138424964,-17.62441826738721,-9.791883695324602,-16.2351272366844,-17.59996920880956,-16.518727565617485,-16.55327124264887,-20.06087409350693,-21.02667723001868,-20.264848316216575,-20.218861660148917,-20.03091892656563,-21.021285935502526,-19.937596320074768,-19.662060629764795,-19.86325787000943,-20.181109394635047,-19.43379585598047,-19.18226423452111,-18.27183618051045
-19.54081332868632,-18.951719277481146,-15.641562667331495,null,-17.315426994786282,-14.790900588303202,-13.062126050583004,-11.639556939020226,-15.414826960302777,-14.29502237150438,-13.021993814855698,-12.817789474086869,-13.594233967809132,null,-11.721105271983706,-13.814275493074767,-17.95316701935363,-16.862705612544698,-15.597231860180159,-16.16484981795632,-13.75968103821922,null,-15.96485062169399,-11.805552314692068,null,-10.266200867788985,null,-17.074046524621366,-13.939475378288778,-13.584654197306461,-10.762316707204732,-18.077141005842012,-14.88538955349807,-19.225407019705415,-18.07934149199866,-20.951140475353927,-22.313302548710773,-19.435158850695903,-20.376368144504724,-20.36389748269516,-20.570236418315282,-19.55324364414133,-20.704084861268427,-19.905971263968546,-19.34052107051599,-19.212271666965922,-19.986405040986227,-20.102627958702055,-18.106694066700964
-18.133869803767123,-15.32416366654207,null,-12.624762860714842,-17.064609688721106,-14.08383795518896,-14.658683516874948,-11.031719427816075,-14.432676187400268,-14.843523987003264,-14.301678854528227,-14.62276664116306,-15.98095308122847,-15.233040966166946,-16.7262153908543,-16.05036102719336,-16.999167042204714,-17.357169441487066,-15.527511511427566,-18.041699972830667,-16.45815397783319,-13.267473792711149,null,-12.937114853797269,-12.259624055328787,-11.108459001457408,-8.221759562623696,-8.04562566747524,-10.840995864206324,-10.119537459904038,-14.188004275663475,-14.011401154473987,-18.22673569380411,-13.526257946814324,-17.130447818295345,-22.340956005804685,null,-18.023833843083903,-20.150373156026227,-19.866716615507467,-20.290846363694982,-20.823044594964305,-19.10505498713339,-20.227663239614984,-20.025734705824252,-19.268137020749027,-19.043433449806656,-20.093930271892898,-20.349174289133785
-19.539644299377287,-18.18532376370054,-16.333257565783565,-16.34270257635653,-15.837057613171314,null,-14.032647919055542,-11.614986399550443,-10.883655159922053,-13.986842073696552,-15.060644528126007,-15.118016330023268,-14.972661174649447,-16.976992393846484,-15.322247213084935,-18.65234210698764,-17.131532760658743,-18.640638837882122,-17.153611460910994,-17.07160832342467,-14.624243126824895,-12.79977532099989,-13.37570465533177,-12.937211933679702,null,-11.501806855948733,-9.85968484013101,-12.263038680138097,-11.93648669586284,-9.958863449458262,null,-14.380095117711708,-17.87509557779372,-18.573902691796313,-19.68457246562193,null,-23.524855769502143,-20.590324400397627,-19.86480323726704,-21.183548528233754,-19.226145574907918,-20.63560850105501,-20.245534150652475,-18.534948213571425,-21.49883950014955,-20.84122618496489,-18.137599186198052,-18.957339049978774,-18.909784892972482
-19.70681308830355,-18.424595425125453,-19.215826895272777,-17.170819792102535,-17.118100927182677,-15.029821751386798,-16.150352918613493,-14.327571253071463,-9.532536594945276,-12.76508098080238,-16.689541097092068,-15.251223705174215,-16.1944294290835,-15.483051512168096,-17.520530516698685,-15.056962885947893,-18.61385352994364,-18.844147167885144,-17.946405902172152,-18.492197466583004,-16.39828100832395,-13.57793910197457,-15.481606686434457,-14.876893186740345,-13.742628604170012,-13.447867091651595,-11.538946952501032,-12.247979275758214,-14.690700173029178,-13.96935496438245,-11.674120675939418,-15.178736463075555,-14.419043307534489,-17.88940196956925,-15.554162193700227,null,-12.342672358593266,-20.257578593205505,-20.015240748160092,-22.549805452664856,-20.528758481949613,-19.642908050381784,-20.806856301402867,-20.321469200677043,-18.535742739849024,-19.22925032155578,-18.113787073272253,-17.856246586555798,-20.029583931713784
-19.41739922007342,-20.375825545935392,-18.75547783203622,-19.00887999580676,-17.442293436681034,-16.04658890709046,-14.13751680763735,-14.796238415503469,-11.249531707960637,-6.017912530860659,null,-15.872211937849107,-15.624243327108015,-16.08989473409907,-16.299746279151197,-16.082445284438144,-16.690705526993455,-16.225809450908145,-18.26603442651445,-17.780689836060045,-18.525312563923137,-14.158646019064893,-15.505938485902254,-17.156070038529705,-14.980423793113486,-14.417954560028537,-13.084009488990215,-13.17886050586955,null,null,null,-17.27430731400329,null,-21.20821003437963,-15.531489470064473,-15.733319172346542,-17.36382718592409,-21.03061493320464,-18.00106342587801,-22.285307255289716,-21.686157310430442,-18.97354311881103,-21.515277299215935,-21.794494698411192,-20.89207216274906,-20.003531908550205,-20.148754924216917,-16.362506043498133,-17.669671019994276
-19.02268356004197,-20.113761648153734,-20.022587757601563,-17.16265808788254,-16.943111449960366,-16.83890626120181,-15.685991844784889,-15.079190183777772,-11.527417015459818,null,null,-15.531390095806653,-15.706036927789889,-16.747452829784766,-17.51954876948811,-17.79989305774077,-19.498848262571688,-18.464335740418317,-18.67369980481546,-18.759309771224334,-19.620002062976162,-16.59027594692315,-14.324259926765151,-16.422200075525144,-16.404312756895045,-15.327508972193401,-11.254972236283331,null,-11.092812275433303,null,null,-10.543142228506449,null,null,-13.015056129079795,-18.006660158980196,-17.827703384621376,-19.289629010680937,-21.238030746173,-19.38269773421628,-22.380822349452938,-20.314861554946443,-21.776871849874155,-23.07911091532232,-22.183885286634176,-21.045219790224014,-17.466978603425723,-17.688324235834614,-18.633673386347663
-19.147322541154697,-17.892351218866498,-20.146477986540976,-19.09421921929372,-18.70489376512994,-17.204226693766532,-15.92597714476247,-15.126910733157132,-12.678437600738118,null,-4.336834981267696,-13.073484102176891,-16.61302823820295,-18.258635179904736,-18.667698271064744,-17.345989711923014,-18.041419282500794,-18.042628748141567,-18.629908036120018,-15.350951754919707,-19.43576316471576,-17.458399329724152,-12.523223142921847,-19.191478398467236,-18.792715585121584,-14.339357707720414,-14.487880089203887,-10.837715525121553,-11.644343096411323,-5.621273273806589,-11.449442518077031,-9.402791882519582,-7.339075771720205,-10.040710838140388,-16.095958782566356,-14.686668255214093,-16.7567052220787,-21.470041577214687,-22.60134785142374,-17.097215091924156,-21.431473014334333,-20.878698421066066,-16.181210762250185,-18.466708249000916,-20.620966359705907,-22.24496301707312,-20.058229224600552,-19.020753999839904,null
-20.351835006747898,-19.59401839498027,-19.35739206790398,-20.560815484408685,-19.51093178853324,-17.734458032684262,-16.451753477388287,-14.758130944405199,-12.118342619774042,null,-14.757002588232808,-9.641348461729308,null,-18.508014101398192,null,-16.15614817017907,-15.900859278099244,-19.351146082439264,-16.535174016196255,null,-13.295636047558492,-16.785407122045317,null,null,-16.849978242232574,-15.784403005575994,-15.19315849450977,-11.8598005846805,-8.884905748675004,-11.598334007415703,-9.358670684036948,-12.826180668612874,-8.588320228596126,-7.673431609732219,-11.718480503025248,-10.781101830230476,-11.36488266425127,null,null,-21.487481439945256,-21.548161467876746,-21.9444118009256,-19.176579173663615,-18.407012522967268,-19.70067907755505,-17.431010280834627,-18.67259855058367,-17.74129406655554,null
-18.08081840132782,-17.418661788886705,-21.61601746810402,-20.22744021697505,-19.702645115138488,-18.43593941133779,-16.6336457476027,-15.140281796528233,null,null,null,null,-10.168951116610966,null,-16.00047878937422,-16.83884315955117,-17.235894062665714,-14.71610940165768,-17.24978046427975,null,-15.985041797940827,-19.627862223323135,null,null,-15.470157635100957,-16.910929491042474,-15.829924490718769,-14.75011712223952,-7.808199190820167,-9.331586966561579,-12.443063248737158,-11.738006594117028,-9.970889948370111,-4.249073474590574,-12.346945592416176,-9.955558974647136,null,-12.636821130457816,-13.75583754298527,-14.61868673318751,null,-17.665258794257223,-20.264451523986118,-19.337154931917905,-18.79902316225775,-19.512805583983845,null,-15.07930132469441,-17.65538894105841
-13.726796236205992,-19.91464640574757,-18.8659178286595,-20.776263224715617,-19.510465791693363,-19.31392914926377,-17.3423979584861,-14.585143860746674,-13.369801561921497,-9.981906945540462,null,null,null,-16.916993780285495,-15.55223877041472,null,-15.15599224988273,-11.91610615376823,null,-17.95360007882799,-18.176905987217744,-16.569826589639145,null,-17.15233129293385,-13.429784230361303,-16.282816347256624,-16.85779121299924,-15.980232811133416,-8.619750443186598,-8.759484144735787,-11.854187403295624,-14.541793361027219,-12.550378611084113,-10.11585053746902,-10.405902206933973,null,-15.160256554035904,null,-17.588930577975372,-14.265151049786317,-17.326411842610664,-15.969948848168071,-17.898799978695035,-17.131885097845803,-18.452958999412527,-20.168580857281146,-16.85311891684258,-17.264064663288757,null
-13.986946889357963,-17.565955638751788,-18.81716103323296,-18.656715459434594,-19.36416695827311,-20.171562831144588,-18.55769044359809,-16.25623420641533,-11.96516196575877,-10.46756067533284,-5.808847410391463,null,null,-14.233793725608765,-16.062152703739528,null,-16.43526497202081,-15.983139202796865,-12.289536224764717,-18.921698469057507,-18.044472659664475,-13.28337596752759,null,null,-12.349431229924658,-20.24821242331038,-19.28688310352672,-17.841446371988162,-12.17394740932186,-5.1538672625214765,-12.348939312868877,-14.541428350521386,-13.93193701568288,-19.33491077341786,-14.710351601906186,null,null,null,-10.615205749890219,-13.253782221906736,-8.057744412825082,-11.26781117719579,-17.01463463827882,-19.403564069537747,-15.964692174368674,null,-17.67196803330997,-13.123401571121969,-14.706531121905202
-13.847068037928256,-11.949713847290745,-16.763985101779486,-16.284874286321887,-19.877668525328282,-19.443394762547815,-18.82610734853928,-17.811727380668366,-14.30896899816166,-11.316567343715375,-10.552184480467556,null,null,null,null,-14.662441039600935,-13.752150800619967,-13.381052404178028,-14.176634925456815,null,-14.765380063751657,-19.172344960709115,-19.125229997362638,null,null,null,null,-19.38350401888134,-12.344359069836587,null,-11.50358017241868,-20.022941990361108,-15.68500527868607,-17.57260191467109,null,null,null,-11.718800062767713,-11.835623973164369,-11.93197661096022,-10.615908926414678,-11.029824304963462,-17.591175816113015,-20.19871680346202,-16.03874981154663,-11.925487383388468,-15.07821363590194,-15.686640025663474,-14.235855925111617
-11.168270151522778,-11.03521948729743,-16.246302791905396,-16.235385747282855,-17.424940791324765,-15.092252936432839,-18.915734478080434,-18.198048315185318,-16.32134051217741,-11.869420038368249,-10.92963948039129,null,null,null,null,-14.08692213560387,null,-9.379155976956596,-10.833076819918038,-13.70638704911055,null,null,-16.628870716065393,-15.95462409302745,null,null,null,-14.708702965241818,null,null,null,null,-13.054981517457762,null,null,null,null,-11.3156704326353,-12.573937982081347,-16.59098162457504,null,-4.833588705688227,-17.094417396428597,null,-19.4684505337503,null,-11.148824628293543,-19.124688611809404,-11.702124792248267
-10.61602277069944,null,-13.874587672409247,-15.232708395283513,-14.217803905009772,-15.78284066485362,-17.063369912465433,-18.919308957112502,-17.084355217102903,-14.048829230832187,-8.761934440710812,-6.02984184166907,null,null,-11.657545402045177,null,null,null,null,null,-16.962269676930905,null,-17.87797860737502,-17.57212716594569,-12.028677518621784,-8.529189259421585,null,-11.899810863858438,null,null,null,null,null,null,null,null,-16.198634792065633,null,null,null,-8.493967868647175,-10.691866424408957,-7.5656976282486745,-17.890200756202184,-21.028152621444924,-20.91386994139412,null,-20.07265543258325,-15.705871590499823
-10.218513309645854,-12.432653136255453,-13.391187360822869,-12.786922463993996,-14.681052544508091,-15.789164217925155,-15.814686952146056,-17.723079395516645,-16.326890120689225,-15.559445647583791,-10.551505884647028,-7.26845883130294,null,-12.499317243676078,-11.216972767028267,null,null,-13.759409662792613,null,null,-9.240411794350951,-10.869067932190172,-15.44904482025768,-15.445271962673198,-14.576096348730047,-5.70718676137652,-5.292911188817259,-12.497129652986454,null,null,null,-8.43531971206583,null,null,null,null,null,-12.244403397134844,null,-8.31873849260984,-21.31407809233152,-21.278898701666783,-18.380775837820654,null,-22.093701700145722,-19.79388698060564,null,null,-16.908502366002445
