public/json/wind_2018-09-1516_925.json
{"header": { "discipline": 10, "disciplineName": "Oceanographic_products", "center": 0, "centerName": "Ocean Modeling and Observation Laboratory", "refTime": "2018-09-15T16:00:00.000Z", "significanceOfRT": 0, "significanceOfRTName": "Analysis", "parameterCategory": 0, "parameterCategoryName": "Currents", "parameterNumber": 2, "parameterNumberName": "U-component_of_wind", "parameterUnit": "m.s-1", "forecastTime": 0, "surface1Type": 160, "surface1TypeName": "Depth below sea level", "surface1Value": 15, "numberPoints": 4800, "shape": 0, "shapeName": "Earth spherical with radius = 6,367,470 m", "scanMode": 0, "nx": 80, "ny": 60, "lo1": 109.0, "la1": 20.0, "lo2": 116.89999999999955, "la2": 14.520000000000117, "dx": 0.09999999999999432, "dy": -0.10000000000000142 }, "data":
[rows 20 to 39 of 60, columns 0 to 44 of 80]
-7.19035223401395,-7.4801117579162,-8.428009952686219,-8.95240881324665,-8.621956871926159,-8.865542739038942,-10.527492761126537,-11.379591822018462,-11.141847515621928,-10.207555696164821,-9.827956810224258,-9.955886175755385,-10.036689999376607,-10.245180015267254,-10.23192600736281,-10.546048523288531,-9.537160025945159,-9.068718097591349,-7.908763101108705,-6.633052489772814,-3.8488714540031284,-2.2773438435486533,-2.2700343955405433,-5.029982470053612,-6.021119531092892,-5.495466325567074,-4.552251926369929,-3.5721633742789143,-3.634734432987809,-3.43359811642456,-7.001052497551491,-9.707875543471323,-11.529768319744708,-8.024094119808145,-9.002460276290755,-8.521700380835153,-8.118114118614347,-9.598736145001256,-10.520540080263611,-10.570466978232124,-11.223055178803946,-10.007666117531064,-8.925561554925105,-8.849354947703109,-7.909533048910532
-8.675310033888138,-8.675850650012864,-8.971350490168161,-10.615222649109413,-9.980844223224901,-12.004826909973632,-12.10916679963335,-11.779704653884917,-10.642455306239992,-11.142885191837099,-11.115477166970221,-10.37999403546919,-10.21963823902272,-10.576296204542718,-11.365416659161127,-10.630849265253255,-9.900079956748975,-9.535975024378315,-8.98288206213196,-7.37515728677959,-6.2129117620770735,-4.7543064972203535,1.800710645992707,-3.85439886064092,-3.469806848579129,-3.063930561787085,-0.8750780947997683,-6.408976526105709,-4.824868942043567,-3.3692868720449347,-6.2789430075899535,-7.996528084605517,-9.44827314865946,-10.736172059082289,-8.271153948984827,-7.454636799101575,-7.505008766989137,-6.5818384215829875,-5.233724373809944,-6.115741129639281,-5.549334989349315,-12.012253609392221,-10.830528705311776,-9.259590145930304,-8.030828579721177
-9.195200805007858,-10.373670773932854,-9.573180159276136,-10.193296136621344,-9.484887216694231,-10.642807032661416,-12.648332230819983,-10.507049539635736,-11.147385128871317,-11.630581322396285,-11.38033480663642,-10.3079488701897,-8.831308267733672,-9.536285620914166,-8.485087687746086,-10.571809310314611,-9.635736851358768,-9.005871770511831,-9.2097736065027,-8.03970474487241,-7.705521408106932,-5.44721429788241,null,null,null,-0.20846948409725777,-4.313590158044281,-5.160342254277993,-4.22191812517309,-2.7044642408011,-2.068828612386524,-4.449240075096738,-11.196811485941618,-12.187807593051971,-11.139202434537077,-9.944221583720468,-8.42614517561988,-7.460674321400463,-6.488376269955515,-6.1791037450154125,-5.952054321833975,-7.599660683590754,-12.813664903931626,-10.123105605206035,-9.582225589839041
-9.088057668434159,-7.6736193908530534,-9.135793226029039,-9.10066501889482,-7.940924298889861,-7.931785315103734,-10.440577423706753,-9.664606975182437,-10.95279546271992,-11.775729776415147,-10.536568341139747,-9.710660043553533,-9.172500272225951,-8.572276988420626,-8.753027140362754,-8.904723694446366,-8.837931771310242,-9.185710557297,-7.0323026663067285,-6.7764137586087365,-7.202807158140327,-4.931895614242052,null,null,-1.7573957789207522,-0.9207883598606807,null,-4.9121801376691945,-5.45720349657403,-3.3725281455396887,-4.30606964605116,-2.367848960019186,-6.14390941729967,-11.784187326002279,-13.352608909006685,-11.512766832780674,-10.581316274155425,-9.687242052923125,-8.160478391113905,-7.004538037042474,-5.644292325580647,-9.442141397031092,-11.627390535244743,-11.158069249477501,-10.86282734565249
-9.337204379955226,-8.200888150380854,-7.606313511089583,-9.648234696221936,-9.163122963216477,-8.885715674531209,-8.689512117404863,-9.579881530392926,-11.359960668082682,-8.900874849480235,-9.82396623828833,-9.601856351228184,-9.882146542519749,-9.32943816527944,-9.039271783130301,-7.938354414303491,-9.014424925957778,-5.912182660786291,-7.309795471502149,-7.290182840428349,-6.855638859421975,-6.967735426449786,-7.009793231027622,-2.4534605950683015,-3.660603376106493,-1.1042441836544923,-0.48843339402225455,-0.10562777396939088,-4.720616890434156,-7.6087638257297225,-7.642792209788916,-5.404572428902634,-4.784328194121785,-8.56853591964726,-11.044925118232438,-12.32876500472739,-10.965798376596947,-11.400663805847563,-9.933737988547204,-8.859675751056338,-9.174672264169772,-11.182833790117533,-12.514187776132173,-13.592225760123203,-13.282144076506873
-9.778838135582822,-9.545431426925347,-8.525667573914927,-10.112124413065935,-10.069471734411888,-8.774925997196771,-9.57673579562432,-11.183134360941473,-10.984513619428121,-10.454290834984457,-10.694495251280939,-10.79639524936076,-11.231823863794972,-10.834133437797842,-9.67524733129629,-10.24101215269477,-6.755469134705716,-8.70654601377728,-9.170969411138005,-4.374443747928647,-5.811261192338475,-6.59135305025427,null,null,-4.822343959041083,-3.6464924447793954,-3.2593196531135495,-5.024954746502287,-5.90715164636402,-5.776486470210713,-13.016784832111158,-9.549385053778405,-7.378977686100537,-6.688515710375173,-11.365699966973112,-11.009369433700043,-12.19140058123502,-7.39351675351131,-10.856754146791024,-9.383754293474643,-8.909056396075448,-9.019393087019575,-13.12187296809403,-14.171761254057177,-15.162882937698352
-11.177002073839088,-11.090185269355095,-11.096007838778622,-8.90229151269693,-10.554198462753147,-12.036742282408753,-11.315430324037699,-11.26892515361673,-12.971715730585,-12.149363636516725,-11.62277319366906,-11.52019279110613,-13.891938565518538,-13.265099867924741,-11.648393708852707,-11.050607282644512,-10.09391513702535,-10.087588499916397,null,-3.686983361683733,-7.540162721630413,null,-5.273496704188358,-6.296414793177442,-9.930553634083235,-8.104680033552164,-6.30310592776271,-6.482271000674277,-8.109806941689639,-6.73661259219481,-7.847859369652615,-12.455516402641223,-9.122208141946421,-10.09824734398226,-10.80595483027345,-10.980961745638867,-11.203166018596713,-11.15077017165081,-9.34490682196498,-9.282092163005938,-7.959135996484725,-10.476937285309297,-11.725827773143282,-12.825073958764122,-13.897537339490153
-11.366342628230774,-11.791114254424832,-12.70058328433912,-11.3923228284843,-12.281579230969246,-11.644959424657424,-12.815713088319816,-12.607844233910878,-12.714078620447951,-13.182981049228072,-12.450795504366047,-10.967701337432947,-12.335249515740115,-12.67018960973911,-13.563430371275665,-11.380226541474018,-9.377338446626212,-11.186100039954075,-10.444826236379871,-8.79290290802884,-6.666170916137325,-7.817185208410855,-5.890355312537313,-5.551498557795907,-11.146084115066676,-11.76597203113057,-9.462850167767138,-8.904880997446625,-9.392077309273134,-11.236455267339954,-11.072158408731333,-12.32884183505192,-12.517307195302307,-11.148670927351267,-10.219113028816007,-12.463725901070365,-11.98640958309729,-11.35838084480729,-11.490869331100289,-11.159205088132397,-9.29080490966989,-10.126779627294468,-11.431965950072062,-13.3244275881649,-12.884921733648918
-10.79619429237657,-10.871541435388558,-10.435499766002392,-10.799474582505262,-12.223278830806743,-12.576800259744195,-12.245310030088604,-12.93843077365598,-13.543237607433369,-13.544667516948115,-14.211924564983025,-13.368863438554742,-13.293304777300136,null,null,-10.015995976459442,-11.958113190146493,-9.248206065349972,-12.00903214900719,-10.86321918105146,-10.064582007198453,-9.122158452536429,-8.13639183262557,-5.4871393322659925,-4.928913246038324,-6.824854291895928,-8.996957348199471,-8.512264971393208,-8.204341008676122,-7.1881486559041425,-9.377957354731192,-7.2200254516360065,-12.985420309049353,-11.957129764795289,-10.131508970690033,-10.292384300799327,-12.276414154198152,-12.33028165931783,-11.967287228894651,-11.472498285255572,-10.977947258525534,-10.250666511550625,-12.294072873022243,-13.061119874179568,-12.385357754683787
-10.97058220753975,-10.512689265943523,-10.913810890450772,-9.015580931113522,-8.601254177673567,-12.167659951977438,-12.508045835693082,-13.269679630934316,-13.918324884543967,-14.186141136301885,-14.576970790718665,-15.12061586075505,-13.245802558327764,-11.148142987870555,-9.716917887600314,-9.969115440821993,-11.622927883542332,-12.593654040077631,-11.760950372364018,-10.714195291805364,-9.150589794598082,-7.523273608768219,-9.03321227849984,-7.57556468288603,-4.1162951382170645,-2.5479104351717567,-3.076545157706417,-5.294472286715084,-5.393552324629001,-6.940200316541042,-4.79195602214053,-6.932828848268608,-6.829596295541875,-11.834291240581134,-11.752445822684102,-10.934975423452476,-12.428899089431944,-11.620165101488679,-10.431235172465014,-11.61942495921319,-11.371551739077262,-10.521156117576655,-11.824323986690734,-13.490563249568119,-15.479439910993158
-11.110031682547516,-11.692766751740727,-11.431735842350122,-9.03769894587709,-7.250827483230102,-9.9433997972928,-13.01612302649231,-13.840647986944388,-14.748952341942413,-14.554967051766837,-14.388537475832711,-14.6517235608201,-14.47099000420394,-12.442668372088875,-11.568049444563922,-11.156792365541854,-11.740756553933668,-12.139137348286905,-11.340650033344193,-11.980716418126454,-10.845214697821987,-9.375013622064616,-7.413947558330398,-8.611036439131492,-8.198340386050678,-4.155295912233894,-1.9345759268797285,-2.839248818584932,-4.156932803029175,-6.315698653733575,-8.064911814371783,-9.418337458392594,-7.814513092686644,-5.397242957510915,-9.716136292839394,-14.003600455563058,-7.0309824656810145,-8.913607547262995,-10.406772614860113,-10.799931900112327,-11.853448681154177,-11.985491384991782,-12.043312948893288,-14.036214160606981,-14.841596216602344
-11.48126694171591,-12.25728904594689,-11.820347513848244,-11.11765853112721,-8.760206993550252,null,-7.562926121182159,-14.058954179122926,-14.511698379424217,-14.522794684558752,-14.148762093740409,-14.603358398448632,-14.000777665060877,-13.653248856773782,-12.079250101839223,-11.217434810467052,-11.26039858508498,-12.778333679833892,-12.714111767645349,-11.446162797619634,-11.141605937146803,-10.218821907000912,-9.180094654276944,-9.399706499751565,-8.068250345909716,-7.815459366405371,-6.523328915777093,-7.173811276881825,-5.988678989800475,-4.59386899420544,-7.134829390527198,-8.751409032804004,-10.206435654415067,-11.46451696509929,-13.03885943149711,-10.282758119292135,-12.509794422369316,-11.948973925750533,-11.193463637801404,-10.387697347359754,-11.42735564404439,-12.102674841998745,-12.617285941759429,-12.084874821628883,-15.148625634707258
-12.052848283515408,-12.09288063636837,-12.30237878961319,-12.11600772035329,-11.27427335657386,-7.794235424856822,-6.031768863677424,-10.99950920353052,-14.495079670655224,-13.946997080193372,-15.72618542565263,-14.797040275818123,-14.367693376248898,-13.622569886657985,-13.074214856268187,-11.49879607190026,-11.30328912646219,-11.71417660262746,-12.092523575158621,-12.430163050664492,-12.11506910580937,-11.50625774527747,-10.46408961320548,-9.195287505758754,-9.075712961949067,-7.473698157339277,-7.057620008668373,-7.200772424716711,-8.351325768067307,-8.21353112808074,-6.8029912741964536,-6.796441314177331,-11.561959858195374,-10.638725003940555,-11.936759796746484,-4.888227280554871,-9.44518593345272,-11.126700578843572,-12.241039713170181,-11.879710902861486,-10.977288002789066,-12.637033150517535,-12.995457616035347,-14.342347707796513,-13.214288374130142
-12.876791348973141,-12.219293669828232,-11.797893599160677,-13.385172923653013,-12.208914623652943,-10.796679649432855,-6.715085910702268,-7.4943601646228135,-8.404204546846282,-10.865004529048582,-11.367572750774729,-13.443081829938345,-14.664558615231366,-14.295891920435094,-14.01870672809043,-12.4786380833678,-11.521408917819066,-9.73294579556584,-10.846687313918485,-12.83833914611616,-11.694693551027232,-12.58182604667101,-11.230670356542891,-10.685137687847295,-9.306067675442723,-8.709936616346987,-7.600472069310909,-5.846125434952744,-3.0890487717701625,null,-5.579466651012676,-5.368739213085409,-5.478402047911537,-9.665602917308183,-7.501515552548943,-9.418461834352849,-12.080032411934203,-13.110238494705076,-11.390822813682053,-12.168517117160706,-11.83410647360322,-11.378980254829898,-13.93235636289676,-14.261840323386584,-15.733473123073459
-13.493974262910566,-13.369955440602837,-10.843955167062164,-11.932205051957295,-13.239732531497811,-11.649722357454529,-10.519756662761006,-7.659108373715691,-12.94207777255858,-10.148897696792526,-12.387204892508969,-13.976945317696938,-14.640727133890751,-14.773925500980996,-14.653442468692274,-13.900491392670132,-12.363853772753377,-10.415141570923145,-9.955499351435215,-11.775338304163778,-10.962701130434674,-10.614679964776112,-11.863738382157209,-11.378837936959272,-11.26785605380874,-11.897814827186078,-9.207802479766542,-5.890113116612567,-6.71818755590887,-6.065936569199293,-5.003782743906583,-5.122473977584114,-5.3627298671350285,-5.7842234451472905,-6.7411322313576685,-10.52117312651801,-10.593643852942527,-13.107656042416135,-14.067201954386825,-12.751947674869188,-11.536645548263346,-11.53831986291293,-14.48538738491563,-15.357488742998934,-15.289797884808296
-14.062569800443825,-13.575070539184047,-12.069487230975577,-9.90200666077056,-10.165832032261953,-12.886857850099732,-11.002952292870981,-11.218274818815935,-9.596959729443153,-15.688109365906508,-8.283983970918639,-12.359365552933099,-15.07925600600737,-14.598431953215755,-15.383293007818471,-12.92162190365284,-12.549149352910574,-11.159256703624695,-9.924350383388447,-8.66670510954068,-9.741554060585715,-10.929052829379774,-12.483350258567738,-13.189112669031704,-12.299027680084787,-9.005584123030609,-11.412863766360779,-9.680718326478111,-9.78606741983863,-7.410059857990471,-6.713738401084794,-4.828214124184586,-6.452797898206105,-6.748207528226584,-10.863869396795765,-10.142022238966819,-10.76128335278347,-11.32487698768493,-13.39781380131686,-13.354240447672879,-13.516864073319574,-14.042991964044003,-12.638685967125157,-12.990111306806652,-12.494176690523227
-14.334859691554863,-13.70684614772739,-13.000090862573575,-11.725070641841324,-8.794903386694644,-9.073705253135627,-12.23138077166983,-11.861475523404541,-12.016808747788847,null,-11.01068374828343,-11.682125334967823,-9.775284994350493,-16.131757366687793,-11.386741612351802,-12.002128945367225,-11.195010811988565,-11.598415188958676,-10.905194804924175,-8.680809033490306,-6.697810702747646,-8.315052406354834,-10.85411750143069,-11.693646689340655,-10.726709950774394,-10.227278376576031,-11.540984526813052,-11.588679430673746,-9.61135782151224,-9.87731531448268,-7.947416174454421,-6.184413365645439,-4.281861708021667,-6.683509148335907,-7.426552655163051,-11.629951905151676,-11.467779490778828,-11.413176711083317,-6.013868319443712,-10.614078030099051,-13.77205221401764,-14.260185239294545,-13.388862970107253,-14.171401564559053,-15.838523361522256
-14.99675833100326,-13.248881945621395,-14.03398265126242,-12.769244897091532,-11.145547756694446,-8.36861027840299,-9.464130414701483,-13.835613870860628,-10.80405717741868,-3.8326068255747403,null,null,-12.815792597829935,-9.037729908363659,-11.614751399736399,-10.83383988596454,-12.243494971595247,-10.097811590218635,-11.795362337111756,-9.430763132963019,-7.402678920604206,-8.485854551525545,-10.908051077980137,-7.0726871450295725,-10.451449388788843,-10.670773311479786,-10.23842453691292,-10.352445042403012,-10.626302490029172,-9.74956198984199,-10.342041377130462,-7.411638838202872,-3.2126863155081997,-5.166561115879212,-7.254140934452501,-7.946240687693396,-9.924596068323336,-10.620627026859722,-8.720881178499871,-9.616837631001166,-7.515613900788127,-9.81694053540421,-12.02630335173349,-13.369087918679796,-17.45343536640441
-14.67808633169971,-13.70159564818879,-13.877911174862914,-13.343579263262937,-12.578614370947857,-11.299002229674336,-8.871811799673438,-10.98280960046855,-13.381160702159752,-5.975078549759669,null,null,null,-10.28737880502372,-11.898109426944563,-9.383217181022276,-8.319912592596491,-8.726166621684468,-9.291075234400031,-10.36423058716068,-9.92931837396003,-7.367375030672056,null,-8.192398663060112,-6.516894128930087,-8.908080495235254,-10.15703415522075,-7.81072584410115,-10.128994084495258,-12.107122686957767,-9.662708058499385,-11.57871408118786,-7.484760245962727,-6.403416739392173,-6.906692481202511,-11.430793548027513,-7.5639539084359715,null,-10.539263389827852,-8.276328076256137,-11.182057146869079,-11.013333471122714,-11.116509820969496,-10.807101289400144,-12.157779888740409
-14.81861363763395,-15.261316533753279,-13.946847406500103,-14.315556415183291,-13.5103340659325,-13.245005346012151,-11.158321063297567,-8.781194680268332,-11.37606438748512,-11.672954650462612,-10.771057119475149,null,null,-11.415260188068874,-9.560469910256723,-6.676947611669902,-9.41074180027216,-8.814578857366085,-8.691789339966558,-12.166989754969464,-10.340202634917647,-8.486707179114296,-5.917426972730221,-2.8472464004236606,-7.259183774837588,-10.482062922064841,-12.99586342704308,-10.412637968760484,-9.623051064267255,-11.30602026060443,-11.541121555854836,-11.463116567436895,-11.251143339797355,-11.057586152039086,-10.827223005974679,null,-5.000915149117777,null,-3.4996395213222096,-10.109485478767711,-9.940796056187233,-10.837854265160857,-9.451901383011498,-11.751598346512608,-14.204831465984302
