public/json/wind_2018-09-1601_850.json
{"header": { "discipline": 10, "disciplineName": "Oceanographic_products", "center": 0, "centerName": "Ocean Modeling and Observation Laboratory", "refTime": "2018-09-16T01:00:00.000Z", "significanceOfRT": 0, "significanceOfRTName": "Analysis", "parameterCategory": 0, "parameterCategoryName": "Currents", "parameterNumber": 3, "parameterNumberName": "V-component_of_wind", "parameterUnit": "m.s-1", "forecastTime": 0, "surface1Type": 160, "surface1TypeName": "Depth below sea level", "surface1Value": 15, "numberPoints": 4800, "shape": 0, "shapeName": "Earth spherical with radius = 6,367,470 m", "scanMode": 0, "nx": 80, "ny": 60, "lo1": 109.0, "la1": 20.0, "lo2": 116.89999999999955, "la2": 14.520000000000117, "dx": 0.09999999999999432, "dy": -0.10000000000000142 }, "data":
[rows 19 to 37 of 60, columns 0 to 42 of 80]
-12.314321485207817,-12.70816341446444,-12.779876836192816,-13.394229172463758,-12.783391026889387,-12.931221060775451,-12.987044811260029,-13.8492855946891,-14.27741771245086,-13.892600231831054,-14.674968134916435,-14.442173727729886,-12.749519540876031,-13.998757411050896,-14.506619286027071,-15.656559127091958,-16.60798408646836,-17.483587394917663,-18.282063187935666,-19.87635652012645,-20.4762127090599,-21.786329257274083,-22.092816982716524,-21.443894094634018,-20.319669544227377,-21.279006632462792,-24.13537468600217,-26.453249676822765,-27.91207615011102,-27.684130955050808,-29.33357828432697,-29.074352300469748,-32.20298028403593,-34.12574522625215,-33.92647233433844,-32.868879538607736,-33.778255478985606,-34.468059193897204,-36.30759730319796,-35.51162089879314,-35.233120227072746,-36.95921612465336,-37.89384709380442
-12.798828956144806,-13.253141087045364,-14.203711350003275,-11.347749058356433,-13.823920204053039,-12.324615213371594,-13.043039531731885,-12.951186810866806,-14.431415721924694,-14.936793088808011,-15.380298664730583,-15.429986383854423,-14.447422146064001,-13.18905050344733,-15.158195881020873,-14.33918036753909,-15.66972303375659,-16.965174725089053,-18.104575166104055,-19.659321925830263,-21.52563529399248,-19.57698157615807,-21.99714727273623,-20.28297492689797,-19.75988726838868,-23.165023061241357,-24.959644633264176,-26.56891060583891,-29.984745275437298,-29.15865321840994,-30.96764072135387,-32.85137070095737,-31.143370878409375,-33.11577828566027,-31.89254847822828,-32.40057230611608,-32.00303610551213,-34.21761154790654,-35.878949520178146,-35.32618480031274,-32.987172567354364,-36.121838766947135,-37.6954910715111
-13.66939845972431,-13.862112760618048,-14.412404128262184,-15.503491253966956,-15.961441778721433,-12.881587393524672,-12.540719641314604,-14.801018247033575,-15.261405205276386,-15.628552902569487,-15.986566265654304,-15.347806247658212,-15.32614896745015,-13.411523501792239,-13.56966424978815,-14.173536394974988,-15.313896870269351,-16.25761686477497,-18.036522840166032,-19.988512602934378,-21.908077446776083,-23.414214659356592,-22.820143439700466,-25.508034354411258,-26.232043886514024,-25.56259810429385,-27.316142720745567,-26.69561097462912,-27.02014989963931,-29.85773244916494,-31.853900085109558,-30.83898198595106,-33.160272824092445,-31.04668522706433,-29.53640267879013,-31.37392017780811,-32.52070915672914,-32.536107279427114,-34.290131122822174,-33.681424179220016,-36.58791496070521,-34.6926390567168,-34.225148380872646
-12.578581607152497,-13.969515161176915,-15.997476693227526,-14.675399151476025,-15.63300789978632,-15.709597740025304,-14.079724431893874,-13.47784837275987,-14.025129216288494,-15.038412155986943,-15.606331942851401,-16.24029973603967,-16.161793442165237,-17.421432675523363,-15.952189885316722,-14.661952877431661,-15.639302022395793,-15.771509542375085,-16.604871173761573,-18.626931241595614,-19.30001819288698,-20.101981999225575,-19.531213515425506,-24.21234964951254,-24.538695047924193,-24.46295082739566,-23.842288245910993,-23.51520079786217,-26.4358498891365,-28.10530059687439,-29.098212827380017,-31.939494156861954,-30.534071433525977,-27.669982115716756,-28.4106889670978,-29.91847603626127,-31.374926574991843,-33.250194044171934,-32.80119132138141,-32.50807201051263,-32.83000291233903,-34.1343721116225,-32.581131770140054
-14.958871204095356,-14.349690491003159,-14.74096056348194,-15.074790655411688,-16.14373110648868,-15.968553909700848,-16.169600873925322,-16.641201258726625,-13.297078821954504,-13.967822500415576,-15.810515294907482,-16.339970490610302,-16.575291351521358,-14.961644433022212,-15.053566607964289,-14.674499040598443,-14.714838143146997,-15.518144793158367,-19.12075035580998,-19.022871802290112,-18.85281915732201,-19.631129178060725,-19.88207999634806,-19.72991922284064,-22.408310415110464,-22.093662132722567,-22.932969826255775,-22.51078533130783,-25.501840618032436,-27.48305115846204,-28.343539246532682,-29.873521169605304,-30.235523946708938,-29.31438017789599,-29.199035822444326,-29.783982176514126,-31.569259782446117,-30.768477321581347,-30.249459507015455,-30.384507304890647,-32.980061564008054,-32.5407446820353,-33.670620748688975
-13.152567447965119,-14.277040193083664,-14.378377695339886,-15.397733448229566,-16.02745203536039,-17.756802840095805,-17.012547180826207,-15.985791682077497,-15.79242595010118,-15.478636492234504,-14.778870342241152,-15.396776553482702,-15.526126976187314,-14.34796404378802,-15.451728758040124,-15.779252962068863,-16.421156084188535,-17.986736807250153,-16.78057240249216,-16.552116958254746,-18.01024982351938,-17.956579936172126,-18.621914401618362,-19.69756603869707,-19.2085030810727,-20.769100742897717,-21.044500815597885,-22.916815755414174,-24.04679875226696,-26.11259896809212,-28.368258490955782,-28.38957078434849,-28.666923076457483,-30.093799187762496,-28.66708191104106,-29.456182693088593,-29.917752581607214,-29.19597869070229,-30.967342880179984,-32.27187892411111,-31.512408302204914,-30.123098728094963,-30.23005516784922
-11.617232974917668,-12.987612751706372,-13.718977932534518,-14.56422596904586,-15.349764517028179,-15.226741212380425,-15.35941960821688,-14.402789620278687,-16.1627708317087,-15.185297092021827,-12.997451380193704,-13.627365926573983,-13.914757463893528,-13.609991354066988,-13.535757988117044,-15.155216724398716,-16.827882347993448,-16.445715018240033,-13.03416964765975,-18.192223881827655,-17.809011949703663,-18.144350198475465,-18.70716681533431,-18.8093438147108,-19.61629314852818,-19.807955523746678,-19.4456158273259,-20.2300359807689,-21.31574319517522,-24.811764369819223,-26.545347649549832,-27.10068977845949,-25.900550367029318,-27.654615589584164,-28.312407227807796,-27.661960974631967,-27.625381428556178,-29.908744867941145,-30.248071339039498,-29.766724834576788,-28.926897222753592,-30.01628064391484,-31.966157138229704
-11.314164997794016,-11.812309104959276,-12.288874775499602,-12.624335322947783,-13.57471508219568,-14.075988857915377,-15.420599095529415,-17.11006406743035,-14.250420133902342,-13.880546590089173,-13.426459090341378,-12.516304645772328,-11.962081665847405,-12.857814868900498,-14.631945674198427,-13.981847190049516,-14.773708879059612,-16.562409762668047,-18.07926893050253,-17.563024943447395,-15.602592329452147,-16.958366312138807,-15.339502406544902,-15.95650509891334,-17.507615635591712,-17.50997134288175,-18.220972168550222,-20.263026340793314,-21.286081754603327,-23.833708399277455,-26.279602089090112,-25.934351057180486,-26.69005611294213,-27.35037026822028,-25.622198766014307,-26.112174851927907,-27.722171161094284,-27.874943850088556,-30.150521931326672,-28.7692285017419,-28.70996256601783,-30.237491028890723,-31.399102066895317
-11.191461391407188,-11.087632256070622,-11.377024799755642,-12.030949318663055,-13.02960711136931,-14.632380328219755,-14.789918401551637,-15.637855814915303,-15.893634764715669,-16.535033958408594,-16.899620711759574,-16.779152053827985,-11.9479751846819,-11.788176690129236,-13.568997102025095,-15.166250110518467,-15.916099787303176,-14.049314983180711,-14.575262721323083,-14.165984919451837,-15.787579194676375,-14.663199491709625,-16.17743072011213,-17.053364374172624,-16.760479395275528,-15.661806830961599,-17.208997983181774,-18.424754249784918,-20.54977247719174,-21.98910903349644,-23.431449527503823,-23.99668661650469,-26.002842405003918,-26.502614208862433,-26.365202727860577,-26.352637003004514,-27.26066597575699,-27.75145403123363,-27.95234852058529,-26.654202324355353,-28.832305646976202,-29.481139063467584,-30.149234857341135
-13.164882027508265,-11.656909484587713,-8.829692319541552,-10.428702136366068,-12.335015378079753,-13.815239618900714,-14.657707455275935,-14.974796477538455,-14.818097611193869,-15.625820185508632,-15.60284747742398,-15.480998883673767,-15.556860893326817,-18.228662708146526,-19.01959713239378,-16.90474673253589,-15.283928533196473,-16.190584380219576,-12.662444457795866,-13.638977477291144,-12.35083470802671,-13.072832210610347,-15.475870102058849,-16.037052726444536,-18.108337394353015,-17.05791177992878,-17.171585854250697,-18.379005303049244,-19.54713646531338,-21.67465563877825,-22.435525908764596,-25.828667553911277,-22.268883612329933,-22.118601383391713,-23.644568001007148,-26.361091400935216,-26.716908291274347,-27.024153802639667,-26.283857991974223,-25.19098958774408,-26.88428680264128,-27.725276386493626,-26.69998305710532
-16.137417623184824,-12.541021895732802,-12.812067104112312,-12.167813082371014,-11.774601232393298,-12.14626809128232,-13.04663343134568,-14.24762430111353,-14.794323949229607,-15.471357297296208,-14.937603710344025,-14.866887297237842,-14.327270447892843,-14.55112453116039,-14.69765319337048,-15.126526631755334,-15.025063355457085,-13.533082026117,-13.282057410799297,-13.245736768333872,-14.688926693333972,-15.22849954892713,-14.758707954598574,-16.51057705065477,-17.671262045090863,-18.398358186307863,-19.86761844457664,-18.98707532086091,-20.427431998625302,-22.625981062717624,-22.85160198133666,-21.125526056212696,-21.682409195341958,-22.294119153740695,-23.428339532493244,-24.186917101435267,-25.338626265284887,-25.13536408763433,-24.755537252406246,-24.92557598043905,-25.307403793159864,-26.87852092464614,-24.74161694364666
-17.082039389952037,-16.568649219796917,-14.049647647998459,-14.831744427351992,-11.348759998560924,-8.773541471131978,-12.744181228968856,-13.256281033617157,-14.762702347805007,-15.560836825966366,-15.250665787306627,-14.134893977109575,-14.34967003604846,-13.176430778238954,-12.758214782616633,-12.803226935589649,-12.910283614827291,-13.455492435642343,-13.44066662202886,-13.913367266821036,-12.36866040745053,-14.3624526410327,-15.073378600138323,-14.861391175187523,-16.014003908672308,-17.04386471728169,-17.466060670212375,-19.350663537642824,-21.208713515451443,-21.656814212489575,-19.28807401427298,-18.833291936343088,-21.766649332919737,-22.890922379358624,-23.50624749055021,-23.46160200891724,-25.290831995799458,-26.66391104958997,-26.066974325262983,-25.98015718030863,-24.186619593204068,-23.43177588825991,-22.110733987453465
-15.860075709303999,-13.504629510997855,-13.357830492578868,-12.874849899464571,-12.865479564402888,-12.84538418977144,-13.390988629161509,-12.69023793520058,-14.278852664019782,-15.519782545565006,-15.158348268981204,-14.11288251026752,-14.30491111499686,-13.491858203406702,-13.242838614709006,-12.311736849635334,-12.620539244300566,-12.360958108829141,-13.161290314730095,-14.173416597977326,-13.664137567143259,-13.375800804160068,-13.137968901728843,-14.125231544084258,-14.962354194919033,-16.14125622193752,-17.626064284003483,-18.41097326436624,-19.72717764302641,-21.16239728119644,-19.241812741691543,-20.334151459637315,-19.84011510695258,-20.50935767415117,-21.52631085265058,-21.48306317806513,-21.784011946203425,-22.53440578555214,-26.039484380060667,-22.835211006268032,-21.010152390918513,-20.612940826031814,-21.057218714442943
-15.952056910218804,-14.251832249236282,-12.40222328300792,-11.725924356117376,-10.442171354337207,-11.830467752135473,-11.940732814545035,-12.122014943462782,-12.81318788839463,-14.315892014125364,-12.69087337901641,-14.321674270200239,-14.415571994212241,-13.686076465858763,-13.222891945771012,-13.733029378161497,-11.357521856462194,-11.66700125956529,-12.799077112423202,-12.207471643709013,-12.59392662554086,-12.515968571010596,-12.485291475796187,-12.759947137590295,-13.590964275809057,-15.279625267823773,-17.905826609319774,-19.525213083867406,-18.670318093818494,-17.72293955165508,-19.276138399655217,-19.311673046436784,-16.84332319611498,-19.06041780327774,-20.110843837386195,-21.28484497527165,-21.60753494974491,-24.01281917883602,-20.81218821670951,-20.163141669653015,-20.254859066855694,-20.896587244623888,-20.397048389690358
-15.960694343101254,-15.248164711667986,-14.213331410691042,-11.541541256857654,-11.975826898693182,-11.079354110163749,-11.466236200849734,-11.904397167323065,-13.334064264677714,-15.229758123188557,-16.097933663744275,-14.889881502940932,-14.417486758123943,-13.864368507492939,-12.83120263520443,-12.157398975395532,-11.797392846462689,-12.231399352655117,-11.701201833447474,-10.173615685251137,-11.302131458915781,-12.186131433682757,-12.757067951840046,-12.005627194185562,-13.497676133320773,-14.31678101320236,-16.046226027599655,-17.26762465802388,-19.72664040628778,-20.689985642221526,-20.141744642969407,-19.80537599279598,-19.94543520867494,-18.592100166074946,-18.8797551452734,-19.114854453437598,-19.22620600971467,-19.379811383075168,-18.811137366046157,-19.43160188948927,-21.116946272051532,-21.553641663030803,-22.85533646695559
-17.461824037835456,-15.840483719164997,-16.085421714023298,-15.185257056638388,-13.57793631208725,-11.47234554716686,-10.670647462904583,-10.627392347127822,-12.23699939694011,-13.318992285132682,-14.281240753247815,-14.203371908038356,-14.795568036285392,-13.307169588415242,-12.73545005585611,-12.61763488730951,-11.4381462629807,-11.899673011244564,-9.942266904641404,-9.04068490443229,-11.245651837545633,-12.88149793265112,-12.902534302487883,-12.483705053541199,-12.60250950933637,-13.643157276778066,-15.049975641818104,-17.17719990122508,-17.033955299895453,-17.109244447907887,-19.597493110978174,-18.21807181956171,-19.123572378295652,-19.111609795737643,-16.6626715711612,-16.409811608902626,-19.46975956485036,-18.324707329007325,-18.543941452713177,-20.889751881956656,-22.524405805742173,-23.331675382360903,-22.59088251859324
-16.965437256855864,-16.521065277444144,-15.757101943102654,-15.359492338398049,-14.004131213401887,-13.113556582743783,-11.853553016483733,-9.498868940088038,-8.205201971103316,-11.057587960653567,-14.756967427471897,-14.998540482548503,-12.175656508395416,-14.208499032236578,-11.064324329163378,-14.795415966271886,-14.202357914198412,-12.799101477781132,-12.532599461231117,-10.993374307319392,-12.08253306030462,-11.621892334672845,-10.964016409312027,-10.77881803528984,-12.595353913468536,-14.142479749159232,-14.947410039693448,-15.891356589629618,-16.785007146221503,-16.122512092090368,-15.734943812128217,-16.279641594092986,-16.28888076645679,-14.76331561919791,-15.543082420233816,-17.465069592637814,-18.540940916884136,-18.349254376472075,-17.569350485027822,-19.380773170885387,-22.064705660173033,-22.215315118138278,-22.01342894187248
-16.065239750614438,-14.83245635033461,-16.16088856196943,-14.918585702786201,-15.127530676378727,-14.168195373360657,-13.20767108184194,-12.903338138738226,-12.045131121541813,-11.927241679044238,-12.844004002721778,-17.311061464462334,-15.975178385293352,-12.57506958852611,-16.853076339692837,-16.03151343554285,-15.285250864878387,-13.352258358114165,-11.897472896291772,-13.64137342531189,-12.958145607043072,-12.165167014157793,-10.797191253110352,-12.615463721860365,-13.62529401360426,-13.036775876280883,-13.504279746837993,-14.41628709082479,-15.929544447106977,-16.36569513245503,-15.046586140945708,-15.3684223485538,-14.815171306783137,-14.688814610967851,-15.32696232001705,-14.667734439370994,-16.899033089570025,-18.275752766071843,-21.74977191742774,-20.390949571181032,-20.89934118250993,-20.240000116304383,-20.397564433452253
-15.843578550801364,-15.337908681486576,-14.740091277258081,-15.664658440052087,-15.409070850593883,-15.118466462963575,-15.22362725049706,-15.090527885803732,-14.50589395826556,-14.11576467472851,-13.743066235275561,-15.087204871164579,-15.678820359582094,-17.39234782362957,-16.816207662667566,-14.046250402295088,-14.448988003795408,-16.2455918328562,-12.787866777793118,-13.405314355444629,-12.880857706236004,-10.553420023324716,-11.03750767045555,-13.29321152683135,-13.898183518958923,-14.321356268224077,-12.590556224133255,-14.898379114770924,-15.359335326707182,-14.452651817303101,-16.03047563748921,-15.632867918589431,-15.15335802401798,-13.538717797809253,-13.63604658228051,-14.402671216318387,-15.548357321869489,-17.048719484236802,-17.662471606792217,-20.49528624489448,-22.781696554913694,-21.233321900422503,-20.085251850350172
