public/json/wind_2018-09-1517_925.json
{"header": { "discipline": 10, "disciplineName": "Oceanographic_products", "center": 0, "centerName": "Ocean Modeling and Observation Laboratory", "refTime": "2018-09-15T17:00:00.000Z", "significanceOfRT": 0, "significanceOfRTName": "Analysis", "parameterCategory": 0, "parameterCategoryName": "Currents", "parameterNumber": 3, "parameterNumberName": "V-component_of_wind", "parameterUnit": "m.s-1", "forecastTime": 0, "surface1Type": 160, "surface1TypeName": "Depth below sea level", "surface1Value": 15, "numberPoints": 4800, "shape": 0, "shapeName": "Earth spherical with radius = 6,367,470 m", "scanMode": 0, "nx": 80, "ny": 60, "lo1": 109.0, "la1": 20.0, "lo2": 116.89999999999955, "la2": 14.520000000000117, "dx": 0.09999999999999432, "dy": -0.10000000000000142 }, "data":
[rows 20 to 39 of 60, columns 0 to 44 of 80]
-12.70719132437033,-14.501528760689522,-14.21687073965413,-14.78274807992716,-16.584976119452367,-15.124051395027868,-15.222345104436936,-14.025120853719253,-16.056826101774487,-16.571882786865324,-17.30596392673986,-17.944790488085285,-17.475824677428623,-17.589550267922274,-17.18498572795519,-16.343622056879298,-17.063019311419012,-17.108228772736883,-16.720683488858427,-16.622179096627832,-14.391490982590813,-6.079777399566211,-7.965531938349372,-14.851499770293776,-15.591006430951454,-14.704657461294966,-16.61618699582961,-17.329761525788612,-17.642583214860814,-19.347973651027388,-19.53825098368148,-21.47194574612372,-20.44728100913313,-20.446925105184143,-20.159537827437976,-20.717498198424376,-20.272566749077534,-19.28906725834354,-17.813873753947043,-17.439207202466363,-18.38902160373437,-18.648593228176843,-18.778762783330688,-18.591751519831917,-20.695000776547563
-13.179056127023772,-14.292724083415496,-13.930788199356485,-14.062342405184141,-16.42960281782355,-15.968161858852385,-14.954264205518742,-15.91471993082222,-16.425208320789775,-16.39829629059006,-16.742138828018827,-17.71823950713757,-17.65232175230389,-17.823296620288904,-17.535774726490118,-17.025774878168207,-16.577764962587406,-17.143033597521683,-17.029603500368186,-16.679995060970075,-16.382483500079296,-12.393230416684638,-0.9201587294131282,-15.69189092915704,-16.75160886305521,-16.991084422857348,-14.775277252760254,-18.073366930154606,-16.722954285372545,-18.298601559649267,-18.49776322131271,-18.729515226528587,-20.72459874839934,-20.327361092757254,-19.69337142779525,-19.715436955972454,-19.573237564618996,-20.634998957921706,-17.563470692438823,-17.489178214629263,-18.739041271688485,-17.79801856401899,-17.208713774464144,-16.984406899834593,-20.154681200490266
-12.10693181816896,-13.08522531959414,-14.202495579486275,-14.596679724419177,-15.302319956845874,-16.810784475092483,-16.757423939532142,-17.046355751753687,-15.454999807959405,-15.867835762598204,-16.49034934402469,-16.307714106649804,-17.919315189675366,-18.098460249065287,-18.27516552520661,-17.816260397724992,-17.930543135019473,-16.675135891259753,-16.687482761373715,-16.87890015210936,-15.933667616092663,-13.788324199787906,null,null,null,-11.120169080021853,-16.6232493734495,-18.305251513864956,-18.876217702875312,-16.48719785790144,-14.938410269485352,-18.59142499346582,-21.067435067057943,-20.527593545632794,-20.009038565337228,-19.950284198343617,-19.416982019220058,-19.29399222545218,-18.378762156241397,-18.09477848360415,-16.48717009954813,-16.075626716735385,-16.603264100024795,-16.262059902852414,-17.027337097482686
-13.095218175194287,-12.784070758084567,-13.746667387248442,-14.337949444613068,-15.921988265232297,-16.23829692222861,-16.619892670145358,-15.792707678201518,-15.704530440425799,-15.844741103117723,-16.07503846538165,-16.02584673962768,-17.167314746593796,-17.99434004308454,-17.932922205947712,-17.392556702261356,-16.633496946944177,-17.548865515219962,-18.23932944900673,-18.575235766735005,-17.44882916248939,-13.183819057639775,null,null,-13.260452402966195,-9.712656740447196,null,-17.529764309878626,-18.556913990205484,-17.34149490605994,-17.410969782644823,-16.934243114187197,-18.762827173482627,-21.89716368432868,-21.135929227708253,-19.743967142355096,-19.49721663166481,-18.516813423217847,-18.48610528537254,-17.55391583695823,-15.648913373409876,-15.707384813740617,-16.25387195481801,-16.67434512990964,-16.1947520233907
-11.295537859330036,-12.974766164539048,-13.743192794379679,-15.438082369178243,-15.177434195252978,-14.794131738409375,-15.547601017236296,-16.737476907161522,-16.55538908118797,-17.484863470061356,-15.10395036590161,-15.67120287721524,-16.59567986123465,-17.69345927731197,-18.222372699183122,-17.85148162825951,-18.11246196034448,-16.910891742153964,-16.314130319427022,-17.482308310744585,-15.825068006483463,-14.545827484557107,-14.30679640243759,-13.51771397612564,-14.529869007193701,-13.171547097793734,-9.221796369370272,-13.921497918644041,-17.232138312817842,-18.108241674113586,-18.32063842858012,-17.954725139609558,-15.936904782391922,-20.40834020051188,-20.716018662616285,-20.08902906385501,-19.28885896142248,-18.717773559663243,-18.789835230345314,-18.026276791265765,-17.140147361036504,-16.86369170747109,-15.747797641644937,-16.16640359439711,-17.41009300322585
-9.719297167138158,-11.40580419844152,-13.899692458581882,-14.861214104879208,-15.080718767911721,-15.139921780144284,-16.111697123020427,-15.867985639874089,-16.329912449341613,-16.19776445775994,-14.91863310748887,-15.512098345349512,-16.42889259974526,-17.334353109748772,-17.803571202558754,-18.36184244236125,-11.439006373442439,-17.17987022317455,-16.22332016716411,-12.52158192624117,-17.338526703525385,-14.422272648262975,null,null,-14.992695846892762,-14.785219319081053,-13.334238832736379,-12.632378742863503,-15.782325163848123,-16.149660754032276,-18.020615140513318,-17.50236215508762,-16.22171058043132,-17.04673547785136,-20.192057003062732,-19.79999670719303,-19.64138429234447,-17.512762553389766,-19.10718022698956,-18.760951053895567,-17.555887761639475,-17.09415162484071,-17.12545900277217,-16.8341047387593,-16.627973799429313
-12.660965735436244,-9.0010562429081,-12.0920729723556,-13.6281715833761,-14.521833337412271,-15.074311719556505,-15.277620081672211,-15.750544057148653,-15.583315648086282,-16.29375386421532,-17.367144979331496,-15.376861537124858,-15.515284944395416,-16.200404083648298,-17.1623956324112,-17.96918648875661,-16.747301486269397,-17.545566502926054,null,-14.118098376130458,-15.781580658609174,null,-15.321687054743165,-14.377834095429986,-14.96180143920722,-15.479424129192374,-14.144243726841372,-12.757702906646475,-14.459277241961656,-16.595423378837143,-16.397459768895335,-18.529361145512638,-17.433580546381847,-18.812706455348128,-19.463641078065194,-19.586857951466364,-19.47934619999788,-19.13314039296666,-19.023796479754388,-17.920324643065275,-17.517932974633034,-17.406778988754333,-17.834484771970303,-17.113413817728574,-18.21756373584266
-13.074977165974186,-10.816091992779782,-7.919343521173048,-12.666429795921868,-14.47453304378,-14.399888876922127,-15.300848516393847,-15.234664108132414,-15.19780000704479,-16.154979224718296,-16.64123013809068,-17.307488778123496,-18.460452721797513,-17.325614755130164,-17.136902251235785,-17.29353377374152,-17.79293367921968,-16.727087707029824,-16.121344077963503,-16.443242720668987,-14.722621607628533,-14.394208555287854,-13.881434720458886,-14.99895057871781,-15.46944517139843,-15.166990449880739,-14.03326994705336,-13.941072459520862,-13.630812307869338,-15.514250994650805,-16.454243593999273,-16.992413746535483,-18.332380996159856,-18.0294818684985,-18.78384545022603,-19.010476859298866,-18.593021430451365,-18.510129290156147,-17.726626751415317,-18.228509707713997,-17.271196265555904,-17.215818599889953,-17.718895445323305,-18.157839655557268,-17.415928210647387
-14.776979555210517,-12.363405496120905,-8.458249435878113,-8.70270692638991,-13.851015974523156,-14.513774443142214,-13.892214900330666,-15.107068495471383,-15.175006538174998,-15.705854563533634,-16.785032717442903,-16.58549322499894,-14.722031378686625,null,null,-16.965987949513668,-16.87562055526503,-16.146543280420733,-16.389436456570692,-16.18344644941495,-15.849644398340946,-14.141312920216372,-14.542222884263921,-14.135816633794978,-14.232320077695615,-16.576089032967523,-15.718075546802265,-13.949710594045982,-14.980621757651967,-14.311028799893961,-17.185078446962564,-15.54129322872288,-17.634224449339037,-17.34972342924577,-18.052832471195096,-18.868822755853085,-18.577054180239127,-18.539082455802323,-17.957318796346414,-18.5017409382547,-17.542144913972226,-16.913936745461733,-16.647070114440005,-17.537237879815912,-17.90245393991499
-16.84704549431037,-14.248953119154207,-13.62829642471668,-12.99790170332784,-9.414044927414793,-13.885368866970776,-14.361085432556248,-14.72022453182656,-15.12418600501471,-15.472744232307601,-15.975458553772347,-16.451170669475978,-16.23367767572178,-15.573263705434579,-15.599367096899378,-16.537476712670344,-16.283455772229573,-16.77491981606685,-15.931914495962928,-16.599017177359805,-15.544174544749783,-15.600020181594989,-16.78267844315989,-15.009334190794293,-14.503852533365851,-13.723765350209668,-16.125340115128047,-15.560038225911724,-13.876149320043776,-15.815321724195918,-13.647968868835193,-16.43304422108983,-16.4230911010064,-17.896769130417134,-17.76324211086855,-18.134364621636994,-19.00922201667921,-18.850721465696303,-18.879243978484368,-18.643812200552105,-18.554882908251436,-17.1888780636727,-16.368652254180777,-16.549840628995,-17.37447385133926
-14.21612200258356,-16.22223911339468,-15.519832513786227,-14.46105683939544,-9.777320663912043,-10.193202998696643,-13.84954904446267,-14.223507705647975,-14.747585235139589,-15.19384045295115,-15.392270936791043,-15.989509156184614,-15.827804842025744,-16.130989928574415,-15.490147811331969,-15.470097126559823,-15.775328959742954,-15.925995095612596,-16.70447471479121,-16.850224473774947,-17.083529149164782,-16.62104169825059,-15.76182540693432,-15.870790962769384,-14.243298622084563,-14.674857225240483,-14.878472670963207,-15.061081664726391,-11.408216815178996,-12.622881233966126,-14.271785753285467,-15.911320598702225,-15.94568023722007,-15.759667101801181,-18.877969166157023,-19.605364077579086,-16.3993720960463,-19.571747689623407,-18.725040741465772,-19.090037709118434,-19.159162394823998,-18.13385694291898,-16.57322047963142,-16.12311027982613,-16.69441999130909
-13.40314396842109,-13.174857894761406,-15.465353512246391,-13.870004303997234,-11.81446771889594,null,-10.248724816994478,-13.746543902388796,-14.121243538690532,-14.569516295062186,-15.246410549907957,-15.380745971390116,-16.536732385226287,-16.19055317155684,-17.08417327779107,-16.012873827760995,-16.261257896609127,-16.8071632780167,-16.592037877774303,-16.980094629319495,-15.949932972631721,-16.769048661657585,-16.701709871265976,-15.565980397226044,-15.253209426972681,-13.979418589500241,-13.841342153167044,-14.158783185209305,-12.419073123626026,-11.91817686637026,-15.398323461341725,-15.140528692112527,-17.009621135770168,-17.593099999318127,-18.049057250566364,-16.793583752747118,-18.48341400200866,-18.861720385616014,-18.98091788112842,-19.032962993525864,-19.2832925180861,-19.042729248016524,-17.545089119477222,-16.541085187677442,-16.594333966818937
-14.216692532285242,-12.92875415545079,-13.138992380417134,-16.51577829200716,-11.840025241593436,-10.025159663615398,-8.364900442857941,-11.429427199152157,-13.237098855816992,-14.782173165928167,-14.420266355322832,-16.00635477748499,-16.029343740709507,-16.458049712044023,-16.988568699093598,-17.056418194722582,-15.979062273338341,-16.144007400681982,-16.818804222858198,-16.409253161930042,-15.91410918386867,-17.160247422240882,-16.678631661412346,-16.16250597176445,-15.993813769057937,-15.408954257586371,-14.804707246203902,-15.428951215404005,-14.883599291492231,-13.55541504661162,-12.379091092940733,-16.13296141351435,-15.96948518416051,-16.62301975305919,-17.36259587987216,-14.499326661770805,-16.732275778858487,-19.113225511986414,-19.05303222938013,-18.966741231405752,-19.351629400667147,-19.661762535727718,-18.53409906056573,-16.575711918475676,-15.906435359290674
-14.762680793708103,-13.25711751159848,-12.388639584472825,-13.524619685472146,-16.20837059749559,-11.54359554267801,-8.345049873107406,-8.366966837043712,-10.763517087817984,-13.397505431677164,-15.863526420278667,-15.64554490213705,-15.846483977990347,-16.623930936110465,-16.711793245376533,-17.198023333582565,-16.163566208326596,-15.535558753310335,-15.682485157058144,-16.697312192472946,-16.652530541097597,-17.061982580456345,-16.86737628285315,-16.78135192478899,-16.69014075433414,-16.43215859023121,-16.01877930410687,-14.508878594206573,-12.111241737772138,null,-14.373858727919124,-13.032886033817402,-17.491808480266553,-17.820165888662586,-15.135435805610072,-16.678701568244254,-17.598778112820042,-18.66479929883953,-18.33567558395797,-19.228102983381962,-18.770747138387,-18.87871026751114,-19.23621960232472,-17.68439898312598,-15.710985068629004
-15.191600509948248,-14.612166164519325,-12.691745209052037,-11.49221900519465,-14.905972073256677,-13.749297270992766,-10.402712402859889,-7.448600602894052,-11.35214696575095,-11.621256767730799,-16.224913914863258,-14.93471542546338,-15.292331889649379,-16.055322771355698,-16.553212661624517,-17.428563889030443,-17.593051506585667,-16.7387926870273,-16.193072465828998,-16.89345146103204,-17.492865978297385,-16.647062237071424,-18.333399604231648,-17.403345241748877,-17.091173991596655,-16.67351606398276,-16.575482303504778,-14.73151794104506,-14.624874649714231,-13.423879479726256,-13.250162300111992,-12.24387859027578,-13.552318448727284,-14.51344178328385,-15.652250975474683,-18.004400325274563,-17.67995067783335,-18.74582614886938,-18.315480340447397,-19.29451465901549,-18.92933900880441,-19.1344807210995,-21.101712108331895,-20.03454134546251,-18.303452937396703
-15.086922855599948,-14.647704399494106,-13.351400408242043,-11.009785736771049,-11.304332959410592,-16.018184331514224,-12.306823424893922,-10.720686791239459,-8.27609330439127,-10.176239239291514,-9.754225759623754,-15.551394935027698,-14.867866734532335,-15.673639664549318,-16.849139990837745,-18.583436665932563,-18.83409706163988,-18.235520001760765,-16.820262082642746,-17.008158047651495,-18.077853781199504,-17.349344114175178,-17.896056037987055,-18.11850087389778,-17.892050263104842,-17.364309288697957,-16.663122069773,-16.304116401835632,-15.878936326907843,-14.970759440439029,-11.005024513232303,-9.119990141375414,-13.106526563601914,-12.745853608809213,-17.54207182664141,-17.238676524863667,-19.114937440672378,-19.367701071456125,-18.63516837674719,-17.381063214766158,-18.32631758313125,-17.68372745567137,-17.07241510659559,-18.565986641157004,-17.686031967283483
-15.385928114517174,-14.318338436887874,-13.53106830457519,-12.100041031949804,-10.134208067891196,-13.140141610871702,-15.65069186202599,-12.397450907822721,-12.744904667774666,null,-10.6536777208516,-15.879164669444211,-15.50848099671314,-16.46219934838755,-17.460268850869852,-16.966075023826818,-17.772244757541518,-18.350614641680558,-18.719960352106725,-17.38313286130039,-16.24930429244391,-15.690728700387034,-16.412335777963296,-20.416080943878644,-19.44538515637297,-17.791164496860617,-15.273676977591716,-15.65993113634191,-16.408196976742985,-16.25764434171826,-13.226586523067354,-9.339983659726458,-10.833801426337589,-15.928552415599997,-13.533428168297522,-16.779546590012874,-19.11058336005026,-19.546141723273628,-18.066357955146497,-18.170180548151514,-17.60735867515268,-17.8718112563785,-17.7215976562057,-18.382802705752894,-19.08060576856453
-16.65065035414277,-14.63125324606136,-14.096597389009538,-13.766046719638533,-11.596549253482035,-8.729051370879198,-13.984801570381284,-16.09410050101795,-10.52397078903514,-8.119397402374206,null,null,-17.06968643235144,-14.570586967981443,-16.182157394633894,-15.999584550572258,-17.883964045882383,-19.677354461415913,-18.674036258145627,-18.297281707746883,-16.252294052127965,-18.52765931693113,-17.344918434187246,-16.663521857787686,-19.047405356030872,-18.10163756083991,-15.961894622294771,-15.282945582845645,-15.67398245977653,-15.783339982667236,-17.46231246450066,-11.906015272746554,-9.870940561910226,-11.486567280478079,-15.425627078903851,-17.844325084830214,-16.71575928033794,-18.230817374166776,-16.766037420431374,-17.456907479373395,-16.977775413195527,-18.905125249219818,-17.859057947408356,-18.297681796792553,-20.70147267118686
-16.427235224092062,-14.646452326870138,-16.735258646395707,-14.136799084389922,-12.616274044977992,-11.48599765083596,-8.753858999717949,-13.190560280578682,-13.754694074493846,-9.113755573824827,null,null,null,-16.425390043441208,-16.340723984323123,-16.863370845540956,-14.694848018958046,-15.330533895769637,-18.933024128067146,-18.759842001694963,-17.03065749584118,-17.812544048905718,null,-17.584212377564196,-15.780841962638394,-18.378019085161846,-18.11485131563767,-14.653965535708036,-15.348768474737803,-17.468119301421375,-16.18116115168312,-15.489804595317151,-13.041032150620156,-12.689049401401613,-15.43846308042953,-20.32999221390192,-18.92059932268679,null,-17.35248596268636,-16.32032570473108,-16.63421043264821,-16.784889926187653,-17.650218657668194,-16.82568058072803,-18.563880702406735
-16.258831578049087,-16.476536003164586,-16.67997140255295,-15.779525752721511,-13.82400103102853,-12.230543682869401,-10.817824539531607,-7.843165112855851,-13.284552468028851,-11.349298421521699,-8.373191202456304,null,null,-18.130262391749266,-18.219403824809923,-16.149780918056678,-15.7811545237703,-15.337768973309334,-19.127598324522882,-18.69057522332295,-19.825987752365588,-16.910673831625324,-12.8758185567199,-12.963293988115716,-16.04738727036635,-20.201405183153618,-17.0313471856514,-16.57159453689393,-15.186679387777183,-15.598153234096513,-17.72947422499969,-16.590079826520565,-16.44680855810559,-17.72774685632224,-17.356288027218056,null,-15.494767159902993,null,-14.656640719176222,-15.928133495854947,-17.600920369418475,-14.615263215114382,-17.090882775394743,-17.096033217948825,-16.361114517939928
