public/json/wind_2018-09-1611_700.json
{"header": { "discipline": 10, "disciplineName": "Oceanographic_products", "center": 0, "centerName": "Ocean Modeling and Observation Laboratory", "refTime": "2018-09-16T11:00:00.000Z", "significanceOfRT": 0, "significanceOfRTName": "Analysis", "parameterCategory": 0, "parameterCategoryName": "Currents", "parameterNumber": 2, "parameterNumberName": "U-component_of_wind", "parameterUnit": "m.s-1", "forecastTime": 0, "surface1Type": 160, "surface1TypeName": "Depth below sea level", "surface1Value": 15, "numberPoints": 4800, "shape": 0, "shapeName": "Earth spherical with radius = 6,367,470 m", "scanMode": 0, "nx": 80, "ny": 60, "lo1": 109.0, "la1": 20.0, "lo2": 116.89999999999955, "la2": 14.520000000000117, "dx": 0.09999999999999432, "dy": -0.10000000000000142 }, "data":
[rows 38 to 56 of 60, columns 0 to 41 of 80]
-23.388302047357822,-22.755492500291933,-25.181401998856973,-25.31578991903494,-25.032095743179855,-24.900563424759014,-26.397197897764155,-27.773135483449554,-28.539276711494313,-29.532534091531915,-30.53400921910527,-32.83434335527263,-32.291782293172666,-32.55093803644388,-32.54387058484352,-35.338777791523974,-36.16700947591906,-36.695367627006775,-39.25116828658547,-37.78851941223161,-39.300652877587055,-40.556115346309134,-40.866908617271974,-40.683567954513194,-41.05122373761843,-40.718455024385605,-40.828584292434115,-40.62874204846681,-40.573907149094495,-42.779421550745354,-39.956622269769866,-38.22146064624308,-38.7597555177755,-38.956309700491914,-39.39778684753125,-40.00683049821133,-38.680042762104264,-38.851380596827056,-34.61695933886937,-31.185157177019484,-31.741283136870706,-30.60854728736628
-23.199380460133373,-24.016225072977214,-25.391701593441553,-25.55229628998594,-24.94627468002018,-25.008144114715844,-26.414125976337623,-27.821546203459647,-28.506673937741397,-29.80689043478438,-30.778953986012322,-32.194275589349246,-32.5700832007709,-32.703390639337336,-34.778154537270545,-34.264699131264294,-34.981195941869785,-36.80033356781458,-38.74432465585414,-38.14128514160482,-39.378751185386605,-40.06468177517512,-41.84922525260737,-39.71849428985837,-40.23805282508473,-40.62364232957244,-41.18022437225745,-41.04825684313862,-41.65753375218716,-45.78224538921502,-41.63644395338075,-37.83752600275629,-34.10467093861275,-37.889250606731906,-38.77934386583172,-44.188301937954975,-40.07979966873869,-38.537045122668026,-35.32684775354308,-33.63525841697428,-33.513385479155346,-30.038541767262135
-23.640359485254002,-24.677311576211245,-25.650083347987138,-26.568249135078872,-25.781829585521464,-25.452267325897214,-25.36551983954392,-26.165439374313397,-27.795002373594855,-29.422060009385753,-29.79288279537154,-32.2419544299722,-33.8782354935776,-34.039466767100585,-33.358318250772946,-32.39322548423843,-33.88668293507232,-36.16760532688386,-37.4229331350497,-38.75835306860348,-37.65107641213329,-38.909275776976706,-39.08008658593603,-39.027586246496455,-41.47251047535184,-42.1630618444365,-42.212977670142884,-39.091601595952795,-39.55644839963477,-38.44201418983698,-40.3341179406464,-41.22333886977971,-41.97098297171471,-39.95422876522696,-37.08534038359683,-40.271131233737016,-39.37094399544904,-36.004136251830104,-34.678005932046695,-35.53269908726898,-32.054752215487994,-32.156234620870194
-23.96694980412399,-25.30330565668831,-26.710939555198593,-26.8562565583999,-26.060172164998722,-25.5425397518571,-25.18154988878115,-25.77587582873067,-26.712494867705132,-29.348803655644343,-31.102182646543035,-32.786289240133904,-33.4472229561231,-32.951262159755174,-32.65163410213308,-31.793748035235044,-34.24969512342243,-34.109035130048674,-34.27294447447922,-37.0556379012521,-38.24354247331021,-38.11987045826615,-37.09639176132125,-37.48471601050903,-41.23239062337366,-41.80499933165166,-40.85558421470299,-37.64598049575439,-39.156122120095276,-39.60971313645298,-37.446586411918815,-36.403239947133464,-39.897680295799304,-41.36364096449412,-40.47718470663449,-38.76745658296926,-36.679764757087696,-34.61029376887874,-33.89730562960256,-32.87403693750706,-32.89995347609889,-30.050401004625343
-23.72874257250411,-25.43214204472157,-26.79132605980058,-26.311171742021227,-25.926941070538494,-25.52418576936195,-24.938032449120655,-26.067175357152696,-26.13993971377368,-28.091273409642245,-30.07385860182331,-31.513815167297324,-33.848206171786316,-32.609208970953965,-31.18671852466236,-32.250514795863964,-33.38598373268599,-33.43291351333786,-33.41758889495507,-35.741431918025604,-35.73169111589012,-37.49943152527416,-37.9075980115821,-37.41929452018842,-37.20696547398903,-38.177654524508675,-39.82698754492138,-39.93133300944577,-41.28240737021686,-40.314852554025535,-37.777817071536475,-35.8417672088862,-37.49637363181654,-38.7984478181026,-36.621885146643855,-33.29559088150101,-31.463907980573133,-30.516475578559742,-35.553210085683645,-31.23680376308478,-29.634975352837063,-29.891513057022475
-24.1695998260591,-24.61761461888959,-25.802018470412875,-25.22538285982053,-25.956272687931982,-25.635885629003425,-25.180171329105796,-25.760387474890898,-25.72255797486754,-27.484207153503196,-30.16393197965365,-32.53317359327062,-33.572120683299445,-32.30558371972268,-31.355639804834475,-32.46240492605136,-33.05057358586405,-32.700886219806065,-33.65355064121162,-32.573023208140796,-33.06681481085824,-36.81695285393437,-37.152717375278336,-37.57328080769199,-36.94909013519582,-37.0408682476106,-38.719946867014585,-38.606412419350036,-40.28184380952357,-37.70385597447951,-37.70392525459809,-36.68676620211275,-44.23598357964858,-36.919563975492416,-31.834680972018674,-31.399808132943093,-32.232801607713675,-30.933013293552236,-31.42452585550367,-30.342378462347376,-29.129722169076402,-29.867604722590883
-22.801343535812467,-22.981980033539866,-23.54302423990371,-25.513473596685753,-25.309239256935143,-25.64350996580385,-25.572961995864205,-26.063718098888273,-26.446945512330956,-27.945043461949123,-29.80275389597617,-32.8278443265107,-33.46245608048627,-32.14555988036957,-31.892225320005274,-32.26506141915635,-32.590859167900746,-31.956414031032455,-32.365960681545765,-31.10697428819521,-33.291244978601895,-33.74268873534956,-35.53603887850064,-37.13191627067771,-34.052562630075386,-34.8756380073008,-36.122664479814595,-40.86327851082522,-36.587355620532534,-39.38866561680703,-37.66843251447359,-37.64490981783637,-38.98236328651012,-34.30074453352708,-34.10075409830023,-32.92011604373607,-31.29396011701884,-30.451097468660045,-31.65499328303324,-30.132140621841828,-29.52967405517105,-31.193719313472908
-22.294208483911042,-22.84007822777869,-22.274524114253257,-25.354149991926334,-25.277962377038968,-25.451407903770175,-25.454478106528526,-26.469262802082493,-27.308013395253038,-28.10894005723664,-29.488286186875328,-32.82719012808381,-32.713222016630034,-32.26751085835113,-31.875837503554347,-33.175148094958715,-31.66265476344306,-31.503655812311802,-31.433182400367507,-29.863309349790406,-34.44218967047096,-33.153758491143165,-34.14425570365364,-32.448017232610994,-33.547714861505355,-36.952877864111244,-36.27544245136107,-39.62558158024839,-37.03877032971403,-38.831517044811314,-38.05979325555887,-35.60531995256885,-32.2967054403611,-30.144483671806498,-34.0510479333351,-36.16772809314553,-29.30818567841445,-28.75616727442467,-32.99812525800017,-31.083420786954278,-30.442382548406968,-29.320647018177162
-22.680035906946003,-22.60957269471025,-21.443901097760826,-21.853223905980183,-22.971447530231412,-24.285154795423708,-24.66867396323481,-25.500968735845884,-26.913641419756274,-28.697911994856298,-29.612302766176057,-31.01329218021679,-31.956475028289027,-32.951594423618985,-32.58647659250197,-33.414898681905115,-30.264243230605345,-32.147505285756594,-31.45522105582075,-31.194470794254798,-33.58683470353962,-34.042194530724046,-35.19859200581772,-33.0635068585884,-33.340626866745595,-34.95473867332644,-36.26883472844523,-35.826199213570035,-36.92154936944968,-37.80905703796415,-36.492877473735135,-33.41083816999725,-31.820219914179066,-29.625294442921682,-33.19618979385816,-33.952815656081626,-29.801860318397793,-29.381407656133057,-31.97585323681433,-35.03158840604612,-30.976020566017393,-28.57568070146263
-21.998337423642756,-20.60888089471447,-21.66821284851815,-21.440951203475386,-21.37130750811955,-22.67024463825623,-24.502434816092475,-25.653121248306242,-26.863838210079706,-27.994107190218394,-28.686962098171122,-28.75590563835606,-30.629044833432683,-30.462483050644764,-31.368192166306674,-29.620079444783112,-28.467740581725472,-32.30073028707248,-31.808984560005143,-32.30272725609957,-34.64106570195866,-34.06988213851298,-32.89627694735236,-31.36422262463377,-32.61341802965588,-32.25370764483755,-34.536264839656766,-31.531330101634882,-31.57442125540153,-33.325793634826276,-32.260150223162675,-34.59225851904226,-32.66875424450818,-30.408362743208976,-35.26517543860145,-30.47266371283648,-28.327371980797388,-31.311385829640216,-29.009015330563862,-33.74377050666109,-31.009603670095316,-26.748129379021762
-23.1598155148849,-21.057354391267516,-20.406965643527652,-21.571130491296504,-23.963719447965566,-25.740045619689454,-25.480805703216287,-26.000596326368903,-27.236315754170704,-28.47649704809243,-27.91186967549903,-28.750020131510084,-29.246530975292927,-27.99592616445066,-26.036525442965264,-26.737614941336435,-29.00183521548572,-33.19489211344459,-32.711467492811124,-30.175231562175163,-33.582436714836376,-31.593620933552813,-30.257498038295214,-29.564863734630755,-30.483047154922584,-32.03942987189608,-32.20906933390363,-29.96167621673427,-30.912297126318272,-30.77516276912348,-30.65876048838337,-32.33227811146011,-32.41820251049384,-32.14638587360308,-31.048861917993676,-35.2944045156197,-30.12361023857957,-34.31806600908122,-31.83649550761806,-31.577152724589315,-27.897809977050777,-28.73711346738978
-25.187910698942115,-23.53093535997121,-23.670974238525574,-23.318696679544537,-26.39260576154789,-27.802225075175784,-26.09649666789384,-26.2634020261372,-27.277003719830176,-27.17395280052791,-27.4071831966324,-28.179209605624408,-27.61691510335475,-27.08256594042162,-26.312583227619573,-30.21837396956316,-34.34062320424609,-29.905527594303766,-26.432868082901,-35.55914176422179,-32.131232209474,-30.873942430686046,-30.19925769096504,-30.17329354376389,-29.849259686052022,-30.397533072992744,-31.259110020104185,-30.282232362560478,-28.56049493103926,-29.500336492853453,-32.451289385743735,-31.661488060857355,-29.84622345313763,-28.50334490942568,-30.158394022759794,-30.409134592173398,-33.0110424064861,-34.28773152968735,-30.662035766602646,-30.69011683055228,-29.83749481017989,-33.196463995988196
-25.087427708716742,-26.543167404503887,-25.923982732748918,-27.043404851159178,-27.72733965192452,-27.2361427520663,-27.2888209933218,-26.116812715467134,-25.262406235011902,-25.16018852106887,-26.062219135140005,-26.567867925412763,-26.66592150432552,-26.204316541365813,-27.277331608480637,-29.755932377184564,-32.21028298365389,-28.26844847322797,-30.147982047602106,-34.02985257645162,-32.87935477413363,-30.960072261171085,-29.951333043896124,-31.192464727400573,-29.074043197615786,-29.428283297700087,-28.606758533354245,-29.475267007094743,-30.853806863661738,-28.669261407282022,-31.37313998469333,-29.951371236139916,-28.132147848526387,-27.631699461043432,-28.325138188134893,-29.696593371113064,-29.89575222318968,-31.841845810531474,-29.88282390489409,-27.44523212845747,-28.567632333469035,-30.113609026279264
-25.963178005741153,-25.61019196007922,-25.443704111585767,-26.9802661200948,-26.759247545533306,-25.976839683518936,-26.47279835885174,-25.51561403643533,-24.88458262843502,-26.662225120833742,-27.547507412924308,-26.48251655302841,-26.68499018963624,-26.595493694142696,-25.933140715768715,-28.761023157994007,-27.83727911849458,-28.64094843309568,-31.9917342089756,-30.658138691984654,-32.76472014860744,-31.51755412977893,-30.560421107018513,-29.0480368855447,-28.070305410312013,-27.804614645878956,-26.94969212377073,-30.44989183606883,-28.771095880065232,-29.187938033623986,-31.124952172560448,-28.164584929855067,-30.19832588207096,-29.398595551963595,-30.127832567754805,-27.5772548788375,-27.644930787225768,-27.606875924189207,-27.850697794386,-27.537671882922023,-27.455810050207916,-27.971164919660083
-25.75500076115875,-25.380297166191163,-26.209219841280635,-27.010684507540372,-25.183276361922267,-24.377742641596953,-23.742421417684543,-24.85245315214807,-25.653690858314647,-28.841204950317344,-28.13328273764983,-26.565539728731345,-25.13774946056635,-25.035408782005753,-27.38819173511305,-27.889333273956428,-30.76784917460694,-31.895962905079866,-30.85324611269457,-32.48204667808469,-29.180131619930528,-28.04122180879085,-26.979817103063635,-27.524726319087364,-30.776138714045125,-27.91734147510822,-28.396410712265315,-30.121437566003166,-26.72344411303291,-29.67351583322956,-29.619702893012143,-29.751263112649344,-28.3548506783135,-27.88766482819348,-28.225984156873537,-27.23298975998667,-27.08915310435749,-26.52595190795601,-26.901084822467144,-27.817476501221403,-26.92606984580717,-27.384741995529662
-26.861511104847374,-26.565603428754635,-26.18203720462963,-25.32705674084795,-24.303337051445325,-24.315475704446563,-24.039271486889323,-23.11442283173409,-24.773482897418166,-28.067078127642475,-25.73304896965712,-25.294605791667017,-23.685902531915765,-25.040363376011783,-28.439203780068496,-30.145343972120404,-29.80253034034015,-30.616558655161953,-30.213481380403053,-27.5252209427626,-29.52517890601792,-27.74291802706739,-29.66637224038069,-29.30031350029408,-29.360610679320192,-29.12907400894826,-29.125022511118456,-28.72827340919966,-30.189576600471206,-29.993926982558143,-30.22416086205518,-29.138895157315247,-27.684042214614053,-28.378425285807324,-26.204798795164386,-27.05214370813642,-27.547870714953646,-26.21577513293248,-26.64169854093448,-25.662045611753687,-25.206931178323657,-22.299396831779703
-23.48594438335399,-24.73106800046198,-23.71241057126173,-24.08493447498944,-23.19697954423996,-24.083414621481694,-23.27440415098663,-22.134981272117983,-24.115654207073156,-26.54315475761001,-23.552031578178024,-24.454443397829618,-25.251318371977895,-26.5147014295133,-29.21472891742321,-29.281779080612107,-29.44016237914161,-26.29717117889227,-24.26093282755293,-29.920908844928455,-29.38620261127268,-28.96225366587609,-28.57354567228641,-29.973866012975954,-28.05154314529641,-27.812171074140768,-28.873531130797424,-28.891663805545846,-28.6864544712044,-28.712523741309937,-28.5651761891786,-27.492116138370157,-27.65951832078927,-26.809846075823422,-26.998456239050654,-27.429557947552738,-26.069440717956333,-26.279017769102193,-29.302277479592902,-26.275408535915165,-22.695941352661556,-22.572998280457604
-22.558570701565223,-23.129093215493402,-22.946073054456107,-23.106869554471107,-24.1545731876055,-23.249473494523805,-23.650050175573483,-23.36238850938895,-23.869344631801546,-24.960170562773328,-23.142495445995234,-24.925079908753126,-25.21972983652295,-27.54058137103513,-28.761644611508814,-26.89753061535751,-25.67393274886083,-25.59188906936114,-31.462061771906455,-30.74950782595418,-30.253969434920023,-28.486467051036303,-27.99557241284569,-28.43141635929914,-26.393173882899543,-26.908594573307532,-27.90068349212109,-27.350078645127432,-27.054116617026875,-27.556041839552353,-26.99430429265172,-26.570994598542363,-26.15674313644258,-25.77648224243151,-25.068416785993573,-25.875726112196098,-26.575960615830912,-25.51808424588325,-25.434371482437875,-25.13102667135193,-22.616885362255072,-24.448908714967217
-22.09387398077007,-22.80883413986101,-23.07746176793159,-23.639555630723553,-23.92915824760402,-23.549486405358618,-23.42115038552256,-22.532347739825102,-23.798680610082485,-24.222356533068112,-25.47584474050845,-25.642128137815256,-25.968855556113322,-25.41396862833546,-27.10897130009228,-28.263913580047372,-28.08410353254513,-29.49221509102853,-32.263229187664166,-32.26139336221833,-29.616668527172845,-27.74626086257778,-26.58260256453024,-27.658491648455566,-26.381129557844616,-26.12645587549179,-26.23845595147742,-26.526803254631815,-25.220456660837204,-25.418501104580113,-25.536203604460283,-26.527977215510674,-25.42686834190111,-24.23034786173709,-24.64509689819963,-25.1522185374036,-24.96474958385732,-24.5088222479225,-23.260285125921772,-23.560802000615496,-22.974979298417875,-24.37715397636044
