public/json/wind_2018-09-1520_850.json
{"header": { "discipline": 10, "disciplineName": "Oceanographic_products", "center": 0, "centerName": "Ocean Modeling and Observation Laboratory", "refTime": "2018-09-15T20:00:00.000Z", "significanceOfRT": 0, "significanceOfRTName": "Analysis", "parameterCategory": 0, "parameterCategoryName": "Currents", "parameterNumber": 2, "parameterNumberName": "U-component_of_wind", "parameterUnit": "m.s-1", "forecastTime": 0, "surface1Type": 160, "surface1TypeName": "Depth below sea level", "surface1Value": 15, "numberPoints": 4800, "shape": 0, "shapeName": "Earth spherical with radius = 6,367,470 m", "scanMode": 0, "nx": 80, "ny": 60, "lo1": 109.0, "la1": 20.0, "lo2": 116.89999999999955, "la2": 14.520000000000117, "dx": 0.09999999999999432, "dy": -0.10000000000000142 }, "data":
[rows 19 to 37 of 60, columns 0 to 41 of 80]
-10.19997398418597,-9.907294832781096,-10.765630674231243,-10.75579872125716,-10.988003519514958,-11.839574741207642,-11.711416914592002,-11.480570588908286,-11.518259929094288,-12.04470489927818,-12.463413749865362,-12.473069607615026,-13.150970042368499,-13.693480724708492,-13.520731416900455,-14.172568363640252,-15.294808129100998,-15.449081940430709,-15.660185967543695,-15.624527695163925,-15.425518934232265,-14.974799514512185,-15.271057965453847,-16.166620847153858,-16.20205051610977,-15.30940956456444,-13.742858186245355,-13.144823721302005,-14.11364425704375,-13.786132497433318,-13.436896297940264,-13.939801962116832,-13.590938195293301,-14.28459544319161,-14.808958766799828,-14.039846807498286,-12.66082746274498,-11.629770753896409,-13.805278351145448,-12.745332494559143,-13.784498027962352,-15.854445405700833
-11.280214772165133,-10.901531064433911,-10.41684554158513,-11.008952406762583,-11.74839343172411,-11.554066013971,-11.489784564455796,-12.18356729970381,-12.234423288322567,-12.007694323453794,-13.064843424311318,-12.644013500918337,-13.460368899403461,-13.832544873953646,-14.45568390847066,-16.49850757532246,-16.24426472025207,-17.17151035371676,-17.617221795806756,-17.06383918653556,-15.74917622346905,-15.250662458816523,-15.872020548044356,-16.61748515379661,-16.599937006527693,-15.054368061563709,-15.731024773363698,-14.673215993466894,-14.694800636825251,-15.08684342002257,-15.048219059304092,-14.478450523249773,-14.234345293340693,-14.304975890906427,-14.580462498291709,-13.41647401609733,-13.091427077277338,-13.258374433562093,-12.70295100828557,-14.900544704747672,-15.996230854992383,-18.10386294560666
-11.731184855883697,-11.406441190228305,-11.367654643933419,-10.994351763132238,-10.838999274861036,-11.082314883826871,-11.44963495039044,-13.095322753913912,-12.423493865640646,-12.440730774272623,-12.864661702800086,-13.501453656580784,-13.127929926388319,-14.12300697228571,-16.034334403657038,-16.084083400484285,-15.987596192494552,-17.524009025360144,-18.385977012297673,-18.443523087878383,-18.001790555264854,-15.816740526806665,-17.19317504948237,-16.450207879993442,-16.571175768502705,-16.147942397655196,-14.83331420377567,-15.504006085263669,-15.482818879150422,-14.737716260466932,-15.230205779926044,-13.567078408342855,-13.594579978622937,-13.44630967726062,-14.090558863716971,-14.384767030095858,-13.89578965565896,-12.398032805418078,-13.39690939497755,-13.455372136255162,-13.742161023376099,-17.779925298275366
-12.314698457130415,-12.02342226697369,-11.583356390816453,-11.090650942192458,-11.089118762573584,-10.826863548427294,-10.587819524189852,-12.245311690897386,-11.788295359189275,-13.076444711158697,-14.052262382781212,-13.615464586534937,-13.141234217336867,-13.766851399219687,-13.84506074730332,-16.861172946595563,-16.22539809491506,-17.684816905632072,-19.07159493554069,-19.951709912782878,-19.89640484269362,-18.57479774715722,-16.223354292669605,-12.067324389102755,-11.133635705004862,-13.8384582155436,-15.58338544815576,-15.946132781360548,-15.527355656823946,-16.193499110619175,-13.801637233559944,-13.791613096193297,-13.70870204497523,-14.387576692122474,-14.598683254352483,-14.921078401088856,-14.725198859394041,-13.216744521702967,-13.911812843748187,-15.220257172967102,-14.508262460670709,-16.871799292796126
-12.681490067973582,-12.473976769531602,-12.292410075874631,-11.630502842367145,-10.809793554055279,-11.242416321920047,-11.534974594240595,-10.420576031252036,-11.788026390252067,-14.15228283628704,-14.277384548868161,-13.838320862836175,-13.955197493483375,-13.736538674714419,-14.398271233963502,-15.165430115875782,-15.66800604863573,-18.769702512050475,-17.526032126413746,-18.197048607372412,-18.675226852073624,-16.914006362426946,-15.443726472612273,-9.256893707501813,-12.756241835702706,-10.45949010783893,-9.931407746967238,-14.681030556147693,-16.91001115246981,-16.545237657691345,-14.758387237981863,-12.832232403732906,-14.131058920364378,-13.506191375772994,-14.691162360544393,-14.7235583959344,-14.940614183321795,-15.504548422349401,-14.62080079774783,-16.20078607743871,-15.807355080816391,-16.909315748552498
-12.692594471515841,-12.962712933218778,-12.748412081085913,-12.302288103965147,-11.742417304833683,-11.836616591464992,-11.391279788460128,-10.937773858343546,-11.362966911506698,-12.855287855751737,-13.799915745532008,-13.869400671122557,-14.318308497032639,-14.40887401655269,-14.123450180739782,-14.955628094172955,-18.72521229451916,-15.00400581138096,-16.836907907569422,-15.838214482577369,-16.119224240082758,-16.559209926209704,-16.341834939697844,-11.758317508485362,-11.75544523811488,-10.436845177935126,-10.814635355346505,-12.340700792786306,-14.01027387133757,-16.46749904512485,-14.973219718579507,-13.574876317944506,-14.313037535285847,-12.441498028767796,-12.811182439521481,-13.93961173054969,-15.417330159085969,-15.460224404676392,-15.652172291302481,-17.035886888825438,-17.294802254530758,-17.272732189476276
-12.661967084163473,-13.057486731258594,-13.406919492898005,-12.931260622697994,-13.054290253126101,-11.576979557297193,-11.947517836958554,-11.183966323275673,-11.897463479854324,-11.573539942582723,-13.563025938183857,-13.964711076872627,-14.50671769928814,-15.137105810474548,-15.702400876803578,-16.15038260139027,-14.020261782200617,-15.383069542963115,-16.72992413427835,-14.13811858654122,-15.66091690674281,-13.697330087180402,-11.557462724993607,-10.459049358414866,-10.054513775676009,-11.54612348556453,-12.182178257366472,-11.24184876749873,-14.411053626272679,-14.741516885863792,-15.957818180545333,-14.752963542125203,-14.098242475662763,-13.926412770509778,-13.6633861118557,-14.063765172125665,-15.242979246460768,-13.571916315283051,-15.154505304132304,-15.279020451473361,-16.386622403595968,-16.8831159757497
-12.415066532845406,-12.806830859186606,-13.511547783682694,-13.184258905861668,-13.047229984454573,-12.714663647757927,-12.667101244441517,-11.45923373045951,-11.84359083119566,-11.79350928550935,-12.384080940608017,-14.347303432121086,-15.358488431299667,-15.96827526874384,-15.523933550129355,-17.224836658965433,-15.491180845921617,-14.929318072751562,-15.68754736592211,-13.801219283138337,-15.557812479930375,-13.511440131876352,-14.50197669612605,-13.086719745479241,-12.7313038532162,-12.414607159571405,-13.86846526580862,-13.369534097532272,-15.712768852989294,-15.742757444799128,-16.02422568437865,-15.317843109161572,-14.123201092419258,-13.869870486432545,-15.299763378378675,-15.09420857745839,-14.500254075076757,-15.086507682431973,-14.27188897122955,-15.23217865958664,-16.266657372156985,-17.061688678338108
-12.452265983722208,-12.570958611962542,-13.064872659371254,-13.11987897287783,-13.605741901866818,-13.505191730150681,-13.110057105991844,-12.176294131564648,-12.260793285908935,-12.688065567250904,-12.847873384365553,-11.03969808869491,-15.136876332235357,-16.751510308493327,-16.948542080290267,-16.222933264426853,-16.2145383273295,-15.65663078923328,-14.987737218346606,-15.706668117601978,-15.191332924454402,-14.005719657715032,-13.886376003069376,-15.318827895087546,-15.578446850736155,-16.0325148697443,-15.900328896357234,-16.214573713082643,-16.064092237764864,-16.35858725120889,-15.992795743593557,-17.12296082425072,-14.280665693982709,-14.583102143713814,-15.211036225153684,-15.724019020769665,-15.773804444506284,-15.808723057121838,-15.70045297597797,-16.20577301400335,-16.53571381459121,-17.355715842669426
-12.388209778702777,-12.422061100695664,-13.386932296148988,-13.52704658800771,-13.901907924726194,-13.723814702575304,-13.798641495548022,-12.837275971357322,-12.596542025547766,-13.45510561615587,-13.485098391447263,-13.29058704938833,-13.739885348622563,-12.691271412458088,-13.72826758415539,-14.23740959994327,-15.125510704786805,-14.61322953847079,-17.23042653586826,-15.856235258875865,-15.87297856321284,-14.443114031431893,-14.140762150838286,-15.768399532786715,-15.483047536319699,-16.355874747836832,-16.97173647261066,-16.493021260533215,-17.40448653767523,-16.846655135507017,-16.361179705823616,-16.31883480824184,-15.89789153079736,-16.04088352065834,-16.14195033747291,-15.96082619616147,-15.971414159459187,-16.199683916792637,-16.325079857760443,-15.782142217193883,-16.80213237756335,-17.939156367230098
-11.302526337894998,-12.514342858751919,-13.270833928640565,-13.653018765872286,-13.355266270520382,-13.749219486025805,-13.679870672256857,-13.27260991720337,-13.122902889630724,-13.670840930428831,-14.097350751337867,-13.83627341716738,-14.35925973996558,-13.276776945962242,-13.441899975351374,-14.401365236323242,-15.156529041447673,-15.413090692035166,-14.516919920093656,-15.03140239048814,-14.435104887523668,-15.138623287893907,-16.059976820802717,-14.677250338188262,-14.559290508408697,-14.509378532913832,-16.07456493397435,-17.120297880378757,-17.154570459163818,-17.731303589515655,-16.30216540558085,-16.72097363188515,-16.57150333899381,-17.11592544918545,-16.005713468210374,-16.235591441424877,-17.16656461435259,-17.1804425818819,-16.41477387986895,-16.07991488043917,-17.16255110832006,-19.233349004506863
-9.96079315503489,-10.893391726017414,-12.691046165963403,-11.999696736537171,-12.707064132122305,-14.34822704109978,-14.156797587572758,-14.153164189869425,-13.352129242991616,-14.308130080901432,-14.198955053861376,-14.418311159038254,-13.99413821812118,-14.50538945436262,-14.341134611792842,-14.743039919340198,-14.772244728604196,-14.85565316791969,-14.294168937960974,-15.114157450113552,-17.09299880753033,-15.315865849940323,-12.816958562574714,-15.018735724383216,-14.013501829954254,-14.871549367973236,-14.65496266038121,-14.396447830182867,-16.47064784426081,-17.394966144260007,-17.577488336523263,-17.09992025201591,-17.774542054702856,-17.783477876558564,-18.100290363833704,-17.794496742994333,-18.118766374725986,-17.517815776328774,-16.83806894654336,-16.39617227765567,-17.501529570505824,-19.454181447228024
-10.307540440565113,-10.738297670115287,-12.055283373681714,-12.368625368407903,-12.987283319652288,-11.399232019124955,-13.59153819386514,-14.354317963417238,-14.402728044183037,-14.914665422671883,-14.610753202320572,-14.686249081879584,-14.21360463968607,-14.488089876323773,-14.620333276342492,-15.179285294243817,-15.561130852392022,-15.688585047954563,-15.087147454724459,-14.238966134933271,-13.980371501771726,-13.59829173005595,-14.40394847835155,-13.781545480672259,-13.318369495606179,-13.765128892593623,-14.237800456296178,-15.132280117170573,-16.31897864394743,-16.037417108364743,-17.44158215049404,-17.23403996314863,-18.76738577822219,-17.580929181323192,-18.403569889339337,-17.94987165876778,-18.28527329564298,-18.633549864633753,-17.411032907631075,-16.814656251438144,-17.65800987464996,-18.585323974160776
-10.354540144914498,-11.09044198362087,-12.534487043173172,-11.853000480082928,-12.849713988635107,-13.378977899784708,-13.307318836092485,-14.054673159900501,-14.677632633002238,-15.207992533997915,-14.963838887388233,-15.68901360020159,-15.050009468604435,-14.39180142385197,-14.995972652886541,-15.178535247092727,-16.17424453695955,-16.341939244131538,-16.218635937934156,-15.676807861486084,-14.624133647871515,-14.53776502993291,-14.568794720731171,-15.386140080727609,-14.587352222694301,-13.316347371253208,-13.335884345737716,-15.198132762947985,-17.233593979413893,-18.14992268584751,-17.031892070682783,-17.256725096226976,-16.59704149984262,-15.927231514804012,-18.430879496587643,-17.3449813530794,-17.8701795187381,-17.658184949309966,-18.102372281575878,-17.794276764172054,-18.28641823920515,-18.572736526849884
-10.70237581188739,-11.737742749159999,-12.354008689883118,-12.086683210631698,-11.852158157469587,-12.798689962327112,-12.681919366943283,-13.109894981975087,-15.058032405386578,-15.822768105120051,-16.72485823107323,-15.906722400014768,-15.605233233020988,-15.372770564360778,-15.303293541755771,-15.777066063336628,-15.723903148786992,-16.19371289264998,-16.551216972211684,-16.82627445458733,-16.984109650610467,-15.745136479374196,-14.978106829189038,-15.5722444559625,-16.187422486947174,-15.908095611261812,-15.053201264316433,-14.683238314640292,-13.543929383405308,-14.950578149804905,-17.36597296184332,-17.434689559589216,-17.15467172839835,-18.24182582378945,-17.886166277991485,-18.49839371715845,-18.765050763969807,-18.45672122306363,-17.784408370539673,-18.3172023584373,-18.18241938280732,-18.666104505042707
-11.126256955121786,-13.0597934208478,-12.580241687095835,-12.359370483554939,-11.69576214151777,-12.140531076991138,-12.749157832771745,-13.24214486278413,-14.33533272272332,-15.804286961664824,-16.520369554250184,-16.70385542944092,-16.037844651897384,-15.953265663249109,-16.210868432961384,-16.042096400753113,-16.616351737411012,-15.709085953754526,-16.95961104096354,-18.038553842548964,-17.91116692271906,-17.640110686266947,-16.12940234507112,-15.699812682912869,-17.61567035281151,-18.228249051487033,-16.7587600298383,-13.500845679832862,-14.85640326022893,-16.10028145714315,-15.89870046192541,-17.740834306551225,-17.861266815505928,-16.500798271731288,-18.097426644674858,-19.15377165171304,-19.652229481157658,-18.96864111383835,-18.39697260105288,-17.323423982889622,-18.096228560415913,-18.556701987152557
-11.893061469398734,-12.91532327642239,-12.86255576797048,-12.506142359823697,-12.574616911241879,-11.865030712109302,-11.933402934985569,-12.867593496935257,-15.091647160003802,-16.24345693173355,-15.362730593749554,-16.869671770391967,-16.579697030965377,-16.712828799137945,-16.475053376734255,-17.466327371029895,-17.017047909569477,-15.997565563326386,-16.520516833756748,-17.72653077529581,-18.330722661512553,-18.090502688810624,-17.60457381711561,-18.24271609539633,-17.802897268588506,-16.50031668215466,-18.33012820359421,-17.910276890876077,-16.479806996911023,-16.372395677403627,-15.636666127212669,-16.424711765034555,-17.755277768657443,-18.27663074836573,-18.87774958252698,-19.51415203445832,-18.913042794971044,-20.034775714822594,-17.49228255767939,-17.037547367863045,-17.21971451491307,-17.953939819641196
-13.656526270187607,-12.937050492651483,-13.322673169741037,-13.376680413827128,-12.86603742651512,-12.369085375679827,-11.978321060927776,-12.299120777522658,-13.942002124588313,-16.73759646945838,-16.433390964810787,-16.251399414059563,-17.67807678246206,-16.879813359023228,-18.63366129194041,-17.619904232189956,-17.359551321870303,-16.68429190306248,-16.2968205619811,-17.809887692440313,-17.190203863212986,-17.67864573114998,-18.239839853796557,-19.47531851956367,-16.7095534518526,-16.921156627189482,-17.84128581481869,-17.67720069850237,-17.62797700231414,-17.642838359577183,-17.1387425495604,-18.04510444821355,-17.239899334158697,-18.73608667866981,-18.550851123255377,-20.595674864475637,-19.89454455739221,-17.928720390890035,-16.277068741989137,-18.060627521423648,-17.903359436335442,-18.456983926479815
-13.69195269928834,-13.061045234265537,-14.871988153343484,-14.046946017272012,-13.526315861638475,-13.426327178504804,-12.608112510203897,-14.43289740089575,-12.857458360019596,-12.381899299514549,-13.284242962757641,-16.639737292511903,-17.98621878034234,-18.231352165583917,-17.668972839056153,-17.735670102034902,-18.119729787152345,-17.923574511234264,-17.231832825612035,-16.373631021816088,-17.236436569730838,-18.5911689545305,-19.586303538380196,-17.20752081613676,-16.766381361051522,-16.15219654893169,-17.414256434235444,-17.134285739752592,-17.09103093159747,-17.74997461022781,-18.58501086238501,-17.33276619134155,-17.171104345165805,-17.634980934215616,-18.769878236636334,-19.090994851202954,-18.796611150463825,-20.002312429792084,-17.963682393546353,-16.449472024498025,-16.550582623681635,-16.69333557223973
