public/json/wind_2018-09-1513_950.json
{"header": { "discipline": 10, "disciplineName": "Oceanographic_products", "center": 0, "centerName": "Ocean Modeling and Observation Laboratory", "refTime": "2018-09-15T13:00:00.000Z", "significanceOfRT": 0, "significanceOfRTName": "Analysis", "parameterCategory": 0, "parameterCategoryName": "Currents", "parameterNumber": 3, "parameterNumberName": "V-component_of_wind", "parameterUnit": "m.s-1", "forecastTime": 0, "surface1Type": 160, "surface1TypeName": "Depth below sea level", "surface1Value": 15, "numberPoints": 4800, "shape": 0, "shapeName": "Earth spherical with radius = 6,367,470 m", "scanMode": 0, "nx": 80, "ny": 60, "lo1": 109.0, "la1": 20.0, "lo2": 116.89999999999955, "la2": 14.520000000000117, "dx": 0.09999999999999432, "dy": -0.10000000000000142 }, "data":
[rows 0 to 21 of 60, columns 0 to 47 of 80]
null,null,null,null,null,null,null,null,null,null,null,null,null,null,null,null,null,null,null,null,null,null,null,null,null,null,null,null,null,null,null,null,null,null,null,null,null,null,null,null,null,null,null,null,null,null,null,null
null,null,null,null,null,null,null,null,null,null,null,null,null,null,null,null,null,null,null,null,null,null,null,null,null,null,null,null,null,null,null,null,null,null,null,null,null,null,null,null,null,null,null,null,null,null,null,null
-9.98738579046471,-9.765496434766249,-9.873121115094897,-9.704402373926197,-8.854560028530193,-7.735695343286901,-6.906590501138124,-5.1916336467832975,-5.348491471344179,-6.1655600050776895,-7.183185619942011,-7.81567023325097,-8.048724622844873,-7.728698463447496,-8.039335186692425,-7.645477529586211,-8.083379199504872,-8.39444026181042,-7.823255899706958,-7.2216960635698175,-7.027028316767323,-6.865589885389914,-6.180610567373391,-5.847203042932589,-5.621682287648241,-5.593914410098536,-5.604752552560953,-5.700149958564266,-6.103414677572859,-6.432705693782399,-6.842466598496698,-7.324651978623078,-7.530142360434038,-7.5969424477321335,-7.824356418755104,-7.908574853616453,-7.8754568965741525,-7.784352370649997,-7.7227277775987915,-7.620224275359993,-7.547287060977036,-7.644673906532958,-7.946638145823104,-8.298409961848819,-8.928736214868898,-9.602053632654767,-10.005410692526535,-10.121217400355937
-9.93406698502647,-10.216017732856198,-10.619814430873905,-10.79641600097786,-10.499654934221754,-8.988285629138172,-7.812688485398981,-4.887960006952502,-5.752659360583121,-6.846285693243351,-8.804844270367386,-8.19045085159726,-8.56661036966631,-8.90816374007754,-8.007866023867594,-7.329682522083284,-7.950921784431259,-8.601962901638615,-7.562820827308586,-7.829289008391174,-6.672752268754373,-7.018075156333133,-6.337578257379671,-5.797639582794675,-5.382909847769978,-5.2872000352681,-5.611254597296797,-5.50565552693519,-6.502660410563834,-7.369287863507724,-7.202775036485756,-7.494320920924925,-7.70530149144275,-7.0880268749492314,-7.964969140233119,-8.28994604401505,-8.14656905335547,-7.779273057235793,-7.228285228660263,-6.794289972935566,-6.201818662951535,-6.055694858225822,-6.62993753004539,-7.07147331513689,-6.930959124294658,-6.603727335805278,-6.728947921118981,-8.58297757683004
-10.165451231558798,-10.491624234720511,-10.64719341390943,-11.006638476708357,-11.360135058582308,-10.58919838632973,-9.065205953466071,-5.106011188802928,-6.291378353252348,-7.603266842379554,-9.837523654412067,-8.884557739865738,-9.655857039177414,-10.054464165068485,-8.55505244432996,-7.988723654938427,-8.35407241960786,-9.129041557215594,-8.014024242834582,-8.356404194406446,-6.918673226165164,-7.06716311901199,-6.919268872987104,-5.5393151458463485,-5.048081773644719,-5.032874434187978,-5.581922270912816,-5.741565928829574,-6.622416708089108,-7.733881794820364,-8.0670228356432,-8.475370909673087,-10.403714474418198,-9.774251518872676,-11.514362367889497,-9.976771028119627,-9.212107438579096,-8.593747694581563,-8.10344420077423,-7.5035672538463825,-7.025346123002583,-6.94485774850471,-7.564856150985645,-9.140427823318223,-8.375360298818721,-7.650550372040093,-6.003405004344032,-8.64893800912553
-10.571776556561419,-10.978556261651711,-11.223144426628128,-11.133545546653535,-11.401228773339502,-11.726561184573239,-10.102366843621578,-6.010956143098975,-6.673885058216976,-8.827407411687082,-10.059766450620888,-10.073846887042219,-10.447236887443026,-10.546907679966253,-9.172825307930129,-8.62040284358372,-9.554507691741003,-9.49942988170805,-8.520934863013224,-8.641788030490503,-7.619594123532462,-7.079174373200199,-6.977973961655369,-5.785491317128905,-5.148630641954929,-4.948717335498547,-5.262649152255391,-5.787653613034584,-6.822523426001201,-8.75069088693047,-9.038621667480747,-9.608556149556602,-9.886097441929511,-10.382008596430122,-10.66596634548628,-10.790867865492155,-10.170409678278086,-9.067669591998062,-8.484488116448844,-7.903229009422614,-7.866606394424121,-7.604046063848909,-8.589037152484723,-9.88501994780728,-9.828038291408582,-9.064524519286763,-9.844388293889669,-11.609341005215612
-10.846797925499251,-11.055602402094417,-11.429407950512854,-11.503600518888483,-11.761796055574878,-11.699681577286754,-10.413776322073494,-8.361475926807868,-8.12042621631245,-9.29098955751364,-10.232354047172562,-10.671561928822982,-10.746706685274912,-11.286738280629537,-9.096090053698582,-9.373991656582369,-10.394809614602467,-9.628849819933272,-8.530895067495551,-9.098484625584696,-8.955420371262738,-7.351347291885795,-6.470305944427572,-6.361894851151577,-5.232009755450194,-5.013288070057311,-5.38905359542353,-6.177515003016995,-7.922239720390689,-9.001235693857467,-9.875590854553584,-9.844228394622636,-9.200783532292837,-9.78965087824246,-11.934378331851862,-10.468763504030111,-10.00742738527977,-10.224464099166227,-8.54372522657175,-8.255790516726083,-8.719127194567331,-8.541268168835941,-9.369622189999738,-10.380429919531409,-11.172750358520895,-11.687336722072676,-11.663181523027818,-11.905929487228573
-11.749579331461428,-11.068197888652215,-11.651840254412713,-12.280292096195577,-11.425216850559819,-11.70798690238889,-11.146342608716854,-9.60964479056375,-10.098260295294033,-11.015831261324816,-9.238138355713879,-10.806983310258477,-10.281673599282474,-11.41052798143471,-10.33558132330931,-9.055240386252322,-10.845646983064306,-9.1176177433866,-8.838680774172385,-9.447728305203755,-9.85570805636929,-8.256839842890066,-6.753832003039221,-6.140883625025017,-6.034428628956233,-5.898192989164402,-6.198216270472974,-6.672041339468121,-8.228267239742237,-9.202674438192847,-9.950132470898838,-9.94890971362323,-10.363532611217941,-9.220924709954485,-10.438609413520142,-10.507412549412587,-9.957089243524539,-10.501322142148657,-8.732732848704925,-8.35793062591236,-8.997903343180864,-9.553277634740306,-9.97891085864071,-10.803521143378257,-11.6686666879738,-11.806886776355082,-11.885554380257311,-12.398890522356215
-11.84306984619573,-12.242914282118065,-11.50071133116091,-12.589329695933897,-11.356994884160287,-11.887049704980697,-11.965309173538984,-9.498545656865915,-11.149421134863708,-10.67446028516665,-9.655062580223875,-9.427434340169372,-10.794038148597577,-11.851714908979726,-11.651969042046037,-8.41387216623357,-9.782775247610404,-9.910077734597863,-8.547006729916438,-10.1146219302284,-9.999308700385399,-8.725694408418228,-7.891475285148591,-6.674524922023963,-5.969469332043923,-6.695815757447021,-7.199648199440834,-8.565054129050376,-8.492353960132306,-8.601854135545734,-10.516331379231792,-11.22671872275847,-10.098900967543123,-8.385592287355362,-10.076124176167832,-9.762996507140763,-9.439694839368684,-11.06804290044687,-9.443408250632682,-10.649867450839713,-9.380446564153024,-9.480589229293045,-10.620618952357583,-11.376273554273071,-11.853304207443827,-11.871800788297325,-11.142311033938233,-11.642728149248176
-11.48151934417724,-12.04111297654193,-12.944525533236533,-12.65625136381565,-11.357611573072592,-11.777855344162889,-11.536900632240442,-8.89626014782564,-10.648366374189665,-10.600934477655635,-10.41738461983654,-10.499985619969728,-10.306658182900849,-10.458421432889034,-11.2306478993756,-9.716456125698794,-9.638283389636364,-10.876880013341076,-8.375975734761806,-11.635326527156808,-10.43733490481219,-8.604621926349694,-8.375296001259498,-6.859604052793672,-5.1031750191324825,-6.64725370524887,-7.640478987047925,-10.412252233557462,-7.993741644797401,-6.873682872397648,-9.601996112416192,-12.473902247963323,-11.028473989653188,-8.86440315874902,-8.943144320322633,-9.76823370592243,-9.037517102046998,-11.321484408641286,-10.980471898468952,-11.661450593076763,-9.591285647935113,-9.441308011067786,-10.429361071440681,-11.83246722991235,-12.488154899124156,-11.329653619869399,-10.52764160007715,-10.844168073064663
-11.142488717097716,-12.354210268295175,-12.52032078168292,-13.20840427338397,-11.79872588608098,-11.894316125745467,-10.898626837884034,-9.918433510190258,-9.96087230293111,-10.528218830956334,-10.889205920952673,-11.668389371536556,-10.143673327627427,-10.750192405473268,-12.238481985927928,-10.3942876456458,-10.125915134563487,-10.08315000718273,-8.892569435174119,-12.17184733854169,-11.020773265228843,-9.34546089083007,-9.003008761416961,-6.205123518399656,-5.283646110057388,-5.095631672193401,-8.645402766492312,-10.592040888153102,-10.924411582134974,-7.1894661512498494,-7.941051510976047,-12.07419061893758,-12.206835200855082,-9.997592157820005,-8.759263716278632,-9.94627395643545,-9.725161573732427,-10.411113857042862,-12.740271961147437,-12.410543305214514,-11.69724007324496,-9.91053462283981,-10.811055487621537,-12.409557009755867,-12.79875694182813,-10.629479262710367,-10.141094587592733,-10.6614867078173
-11.452461885225357,-12.29730215429347,-11.620017919026276,-12.796149776803933,-12.865728723020307,-11.963323343363225,-11.205674245189115,-8.958941873482518,-9.354958437223136,-9.866692475227897,-10.488713044962822,-11.932940676124453,-11.177760731221221,-10.743701433120846,-12.121766371468714,-10.44648316568748,-10.570456817794803,-9.236357471687613,-10.240146824610756,-12.657752249276772,-10.865653945757145,-9.830191934678156,-8.691524302327407,-6.907034966525326,-8.695732046723634,-3.6692720183494627,-8.958611129123625,-9.145312210598481,-10.895424948474382,-6.901755372043223,-8.714057634205613,-11.023985334188163,-12.455783087678556,-10.27270106027896,-9.207061804954085,-11.657532075894306,-11.98255221363869,-14.248380678662295,-13.118712371361815,-12.758124013186801,-11.93054371719172,-11.3280062370088,-11.94671997863219,-13.037107603865831,-13.521982479978286,-11.109371753679103,-9.805530175392706,-10.168825328026006
-11.80575066145159,-12.197703295155367,-12.19213179755349,-12.707858230804721,-12.366169273026786,-12.611325496732334,-11.379894172286184,-8.274746197720496,-8.460943383513431,-10.584628929285415,-11.00773484182962,-10.518802408814112,-11.574965033600485,-10.874391667856182,-11.303523943616522,-10.318634598803285,-10.897698421979715,-10.162666911673341,-10.91607742495635,-12.100114494186245,-10.726138397945363,-9.1510170585295,-8.246204259237917,-6.011005638098398,-8.815294622505908,-4.767080157019449,-8.767662206261136,-8.926669299974089,-10.068192407622751,-7.7306226860734135,-8.107494741118865,-9.357542066606259,-12.052892601793168,-10.671518217670453,-9.832025621994482,-10.894901675663473,-12.622288514111979,-13.528243503179407,-13.524776333681256,-12.896810059839966,-12.297064980844985,-10.941880601335086,-11.67216017152672,-14.110695782837745,-14.262423920130379,-11.952121726389397,-9.956802121136704,-10.275798404862085
-11.328256303530429,-12.00116022253468,-12.639678891300287,-12.555252203430596,-12.840317307508816,-12.159972571529456,-11.905955496544337,-9.709331834322272,-7.498999634024628,-10.363938214956384,-10.503239569343659,-10.845690110776413,-11.66738908192275,-9.924594141772177,-11.228450600325258,-11.571067236035379,-9.841074454050975,-10.514174476982298,-10.278672024032007,-12.761844119909297,-11.98969444336485,-8.528976477645495,-6.974041541820637,-7.546996209451885,-6.938140464685475,-6.947957672289697,-8.525069558193689,-9.42690997994022,-7.690197941216604,-8.970438368619101,-7.067803137810681,-8.97029245145404,-10.66950119931661,-11.424517573292851,-10.337441797324178,-10.762856686164639,-12.957306933964217,-14.73099979988735,-15.125347693740364,-12.853291285705184,-14.91595014724662,-14.385475764604246,-12.902649306395464,-14.400549324427491,-14.20471934740526,-12.850859557944444,-10.841201339721241,-11.373486927521121
-11.438796619831836,-11.734424060857766,-13.04392499268434,-12.678870998931437,-12.760481396776209,-11.813219987239052,-12.419817241840693,-10.533576104780607,-7.634455691857033,-9.167091326241456,-9.438015052596095,-10.725288577095167,-10.906129451447189,-10.499365848320213,-10.453171087313374,-9.681867204887432,-10.441144534828005,-11.624968642323307,-9.299835203753634,-11.586029836704093,-13.121439373963291,-6.8908595457083415,-9.017031312341928,-8.055769034053068,-7.373828526088236,-8.48063723028398,-9.316085812725843,-10.167451597635724,-9.140546394667062,-8.230109679682862,-9.340911895616351,-7.990898635657818,-10.001470927979554,-10.018899963886618,-11.169740888750773,-12.092507017565115,-13.424830667194886,-15.31312236331027,-15.609219217979968,-14.919652790938429,-13.849029802414229,-13.10807994799051,-13.957113109703064,-13.895085542474138,-15.357057841398325,-13.151777188596188,-11.887743332301664,-11.09500612751722
-12.44714417884299,-11.411569319305414,-13.262881187385124,-12.892316080896208,-12.016475263926663,-12.409211839699365,-12.242351635515366,-10.750611914599272,-10.192210792099308,-8.755972277056927,-8.828893893883738,-9.607090131277769,-10.465903330391082,-10.81175896580168,-10.683552617302372,-9.934988270867745,-9.059070711791893,-9.695603779495197,-11.597414114027956,-10.497654556748014,-12.703472696723846,-9.501014411826615,-7.650595925241042,-11.972738805274536,-7.822721479233495,-8.731573271593335,-8.983240317820204,-10.650319490576173,-10.1198285631031,-10.92017420728377,-9.333724093252613,-8.718181091441961,-7.858445311175806,-12.10271760122276,-10.819401325613592,-12.980266516301647,-13.921175337846755,-13.658565836976104,-14.318230720553156,-13.163940297830042,-13.568252645051178,-13.71002110440762,-13.362957700854853,-13.275218738175653,-13.176790433651274,-11.986437852003153,-14.877678217513122,-10.781247848869192
-12.81082459175878,-11.113493292563044,-12.840206095867678,-13.425347697879527,-12.516320456519967,-12.316651979078314,-12.597207564279406,-11.208224184435057,-11.342290674277246,-10.104505204670113,-8.7902017764256,-8.81960514632456,-10.228038850249824,-10.335124351463001,-10.567190554678213,-10.564599911672916,-9.231787033093708,-8.95602214277541,-10.993010651757135,-10.551829788030545,-12.334613590833332,-9.628349145643618,-3.0331827486579517,-8.909646676839847,-9.114228533763141,-8.688337508447527,-9.124077859222593,-9.477787012533678,-10.729862084119581,-10.92749416225005,-9.366177138243849,-10.21031909082557,-9.570509285032687,-10.903634958819005,-12.189334530040504,-12.343625338426548,-13.681078959664353,-14.693638974088302,-14.559161390299368,-15.683160883245288,-14.341379619169082,-12.778511339266952,-12.254528206537229,-11.762084256760268,-12.538379037295016,-10.398265417701879,-15.8259780166197,-9.801523456464153
-14.182947943763061,-12.267210957632235,-13.916394053062337,-13.654530525958982,-12.615477722518229,-11.69505528373378,-12.82820575428617,-11.801632057777523,-11.877294912145521,-11.200347521908228,-9.971688948814126,-9.627575796776297,-10.82584715811138,-10.151878923169836,-10.976861102851784,-9.656834772563574,-10.21370893250677,-9.04989230258899,-10.084402628654251,-9.868387074420921,-10.024448793228174,null,-4.6729769826472625,-5.275734608206622,null,-10.84660962781704,-7.681432453686937,-9.080791522548605,-10.4816237509058,-11.600154051594084,-8.828732187117692,-9.343775303886398,-13.52155324631395,-7.598151736453179,-13.289390883568593,-12.849644665624583,-13.825711665945335,-12.433962313523086,-11.591364200773047,-13.036079093873647,-13.119711664276998,-12.026978867323068,-11.547936439559148,-12.598762261379969,-11.523498141269263,-13.705779435010433,-11.747856654980191,-12.553391004931102
-13.982751100725539,-14.015221126230127,-13.789646243922913,-14.473499738226662,-13.535641770376278,-11.871682797407875,-12.040532861661166,-11.954972488694342,-11.385257413094358,-11.69003251169825,-11.58843214532768,-9.738960295972415,-11.664318307102144,-10.687282539149464,-11.474003355083157,-10.591883175460701,-11.591161679662509,-9.460692695082685,-10.579373646005044,-10.467540507159885,-7.603511178212806,-8.290975603658097,-8.9607181945589,-7.15693057177393,null,null,-7.457168090731256,-8.885051622161871,-9.137337214776254,-10.392616280639242,-10.789447259639168,-8.963002982966529,-10.09271131554559,-11.228199416357945,-11.698625493014791,-9.833538762328063,-14.632161758840208,-13.164623127477562,-11.253944248979806,-10.38340697825359,-12.126053118731258,-10.034405372581144,-12.053496908108038,-14.137077238454317,-11.73878332603379,-12.080996920867367,-12.764599824787737,-16.29691523513104
-14.92360188934441,-14.80645021702405,-14.215557493594634,-14.110844119206051,-14.264973822632676,-12.795495179901176,-12.595305376030163,-11.790953412555089,-11.372324647054693,-10.624821067792661,-11.363199584217789,-10.104353023180925,-10.447531990497167,-12.65199696218231,-11.59351593249362,-11.464918200659156,-9.373426363089068,-11.926087554724083,-9.89873719173848,-11.986231659280138,-8.650056685566781,null,null,null,-8.510126094523995,-7.452940008203875,-6.076834615991166,-8.672564182535055,-9.998250840345298,-9.060903507263012,-8.072009292421713,-8.493220572679135,-9.277066317732187,-11.001294423016063,-13.08129667465903,-18.44183334597351,-14.3561597170377,-15.003402629012092,-9.80775701409048,-11.982210927246483,-10.105227875617723,-11.663639885711374,-10.744763792345871,-14.805500335209604,-11.134747957170095,-12.658309969335397,-11.757315385023722,-10.818685075951137
-14.587214760293923,-14.75949518962301,-14.612746909271213,-14.622686151384146,-14.840842238941315,-13.766404295776312,-12.617417168620612,-13.037354270672262,-12.329439313708093,-10.415663328309968,-10.800217907150207,-10.821042273294857,-10.171373392217227,-11.990655336577833,-11.738228478393191,-13.200863665223526,-9.932103809127037,-10.117453261470489,-10.119997387637476,-11.3618860463138,-8.13076780727357,-5.440029443038323,-0.8749138549687293,-5.161758148762386,-9.258103890600726,-11.17257596894025,-7.026693683017094,-8.800586751411185,-8.29097025469447,-11.147859069232078,-7.672250775017517,-11.19752293558195,-8.297262897384487,-9.681794976952641,-15.492978009678641,-7.508658483164999,-17.31848028652867,-18.958331538826123,-13.465177434847412,-11.617873155113639,-12.90561580334301,-12.549536963565163,-11.50215417519793,-9.023246696637345,-14.60150333331536,-11.766668232471782,-13.191838188035307,-12.143110994100644
-14.237788501797096,-14.56551303782177,-14.997244592232583,-14.073836070999302,-14.212130818776934,-14.578499950263046,-12.97145426200122,null,-14.356587343366964,-11.213670214628182,-10.581340905137457,-11.062633656231375,-10.966650997089086,-11.077678912218909,-12.54889223934158,-11.496038784513878,-10.71013721812312,-8.923421388003735,-9.257010594838594,-8.413760632284239,-10.183635389730274,-3.753999245282046,null,null,null,null,null,-11.150969477119126,-9.630127949589445,-9.226059144360589,-8.73843193947347,-10.883621897973613,-10.901518834155675,-11.531836460268739,-9.848885965103788,-19.13409860464071,-12.943063797975137,-15.482708706522525,-20.616426127505598,-11.922854395578332,null,-15.593611270645617,-15.785053026587033,-10.209342087604298,-10.76064679832771,-11.529284566622893,-12.516719872841668,-13.522373815863036
