public/json/wind_2018-09-1611_925.json
{"header": { "discipline": 10, "disciplineName": "Oceanographic_products", "center": 0, "centerName": "Ocean Modeling and Observation Laboratory", "refTime": "2018-09-16T11:00:00.000Z", "significanceOfRT": 0, "significanceOfRTName": "Analysis", "parameterCategory": 0, "parameterCategoryName": "Currents", "parameterNumber": 3, "parameterNumberName": "V-component_of_wind", "parameterUnit": "m.s-1", "forecastTime": 0, "surface1Type": 160, "surface1TypeName": "Depth below sea level", "surface1Value": 15, "numberPoints": 4800, "shape": 0, "shapeName": "Earth spherical with radius = 6,367,470 m", "scanMode": 0, "nx": 80, "ny": 60, "lo1": 109.0, "la1": 20.0, "lo2": 116.89999999999955, "la2": 14.520000000000117, "dx": 0.09999999999999432, "dy": -0.10000000000000142 }, "data":
[rows 20 to 39 of 60, columns 0 to 45 of 80]
-30.66107429847724,-31.769130151796496,-33.71437332302259,-33.631649895930956,-34.96108324867573,-33.4692990714843,-33.222717849011836,-34.83121845279487,-37.29352314011407,-35.583393568898266,-33.4444312959842,-34.15840056033796,-37.97059689026662,-35.76298461458003,-36.75690433049623,-35.623408837962245,-37.67899512550226,-33.053095857750556,-35.771512555751585,-34.01316154777794,-34.16149227971191,-31.383144167943033,-17.414248393082456,-31.758075935371085,-30.534238962182222,-17.669171648077473,-9.86286051118902,-5.216612234341934,-2.5321174765885126,-1.6932806291500277,0.9332701040502586,3.5668517217451092,12.609173277340307,15.892758629333319,19.187671327234767,19.203348944033827,21.771268594831707,21.779117372012742,21.729350964925427,20.896600259476607,20.89946642280266,23.8835289931787,27.515576697879403,30.360458718053923,32.44992693292203,30.854710290834866
-29.556362408557057,-32.17513225699913,-33.77579301463767,-33.250933139187815,-32.130786823041866,-34.058565669446494,-33.812463945900554,-25.995784339241368,-35.66301448018556,-35.36277854619867,-36.64211060560684,-33.2830359851722,-35.424641273519256,-33.693062563099346,-36.74999932504991,-33.846842599728944,-36.31277007009279,-37.990873874221776,-37.50277257087564,-37.00093998018569,-33.98190083079825,-30.825697579269665,null,null,null,null,null,-5.906769375874508,-5.098715495016282,-3.4483934183792777,-3.503073990677331,1.5822570502779303,3.27803012982518,12.745019327190239,15.956807537333216,18.12072703896573,18.88709615063051,20.153074961252166,22.4523052723675,22.5382262643198,18.2739398567701,25.911082197811794,28.591650705209553,29.24892178160782,29.687809062649222,28.915138706657988
-32.364731455723145,-31.925332841988524,-30.65409151729734,-33.850203619786306,-34.1230394070123,-33.813031753683894,-31.435860855958463,-29.14377392649615,-34.46891844579403,-33.883034329460294,-36.293909321963625,-30.9510204285245,-30.842399092406282,-27.090965772711552,-28.27210781745132,-34.40028006224072,-33.16238609130212,-38.33294507099585,-36.96822813382646,-39.559859553349774,-33.72541934584724,null,null,null,null,null,-12.894664025714636,-7.892544506664801,-8.030718382429065,-3.8159590113517288,-2.582806076315737,null,2.8219975858328366,7.868520579987631,13.90553485345475,16.434679311048853,17.97517308700039,19.092141761263573,20.366901212003665,19.10598530432823,22.66965516223381,26.65548856426779,27.75923766382953,27.554586184696433,27.045290703935173,28.36100715098322
-27.05855285909586,-31.867143268199257,-34.10155657695952,-35.34226364187681,-31.963717453480417,-36.15120002101728,-26.895848047421293,-27.875326733595905,-32.294733394423496,-33.71804773492568,-34.90910960354945,-29.912899774679893,-31.73353497784484,-29.701280295566818,-34.059469060754516,-34.493011247024214,-32.54000894779112,-36.97464672655455,-29.26400544962054,-36.049155094088036,-32.777171854169424,-24.133153740945986,null,null,null,null,null,-10.84084029647496,-9.54074405538095,-5.127771016205812,-1.9332902178548177,null,1.082313165054223,2.7897992131609044,9.074543556402869,13.34887499632757,15.127982613836796,15.750873482366346,14.760860496833384,19.8011700934461,22.70243483267526,25.3232664734113,26.248640956887385,26.07761524208035,24.304643863331787,28.068726694757487
-30.30988407970406,-32.04338020956642,-33.17318797525654,-34.14953553471775,-34.78615593713034,-27.277472835127824,-29.67607330794645,-28.0752985777144,-26.53185087346246,-27.43307964102792,-32.92329655986795,-30.913402740719924,-30.5283947903066,-30.122611457856173,-33.78423083876928,-37.04917997241229,null,null,-32.090294236635735,-36.290549386272644,-32.08877815958067,null,null,null,null,-18.005503640103456,-11.688847310926045,null,-8.823640127807971,-5.289724293451065,-0.9918280649841981,1.0149079207675786,null,null,7.800761396550694,10.065625306193656,11.435911182983086,13.649293594356378,13.431231059880982,24.498800376842645,22.123537032827688,23.97096689941535,22.533453082477862,24.579728369780142,24.244140491650587,24.013251498722546
-31.551257174001464,-33.11595209812291,-33.4203563278966,-33.80560907121806,-32.45392188593706,-33.44297446791527,-32.739502846411725,-32.8511581469559,-27.728314038315226,-27.627257787304355,-35.028453926644254,-31.635803095164082,-29.425664810379345,-34.8678407122995,-36.90247691600135,-37.81426404268701,null,-33.96111388955267,-33.119398458633874,null,-31.07272052484964,null,null,null,-31.25632177749067,-25.908190249613465,-18.48378009713133,-10.847969425900827,-7.726331917337648,-5.136081869892619,-3.9724800044903517,-3.2645910531919395,2.473325436425967,5.725990577745099,7.2470028103058,9.625677583361572,13.277120087203915,null,12.54891548150988,16.7950917654727,19.64689239020902,23.82300629654541,20.023791030524645,22.111902226549713,23.255878599587554,23.561204730353744
-30.990297451921116,-32.8324047133715,-33.70726160966307,-34.85735368206646,-35.50146910338502,-33.53376594662963,-34.30204121549823,-31.00347520355403,-31.82670725226351,-31.92196847141119,-35.455321162313176,-32.25032304184313,-33.71649090078452,-36.89389275087003,-37.13041243892916,-38.79476362617101,-34.47015322109708,-34.83339552768253,null,null,-35.21392063812769,null,-28.951649595475295,-32.59558651926306,-32.127440250959424,-27.18809064482319,-22.528956132187226,-17.58324214729844,-10.639424044313445,-8.246932820538483,-7.9037157910698035,-4.327157305250098,1.4096108801662777,3.8092315502167393,1.627437131036105,6.00857065495538,10.161458714232051,11.872295367120735,12.51907092529563,14.350683208175736,20.10728073157479,15.517312888523449,19.58805479613757,22.13684794230062,21.70263230782585,22.73234841219268
-29.95992756668272,-31.71112192795178,-33.511468715967894,-36.16510493261219,-35.57335347317799,-32.93765712531376,-33.775635251391535,-32.995203728653735,-30.531068503403134,-31.357320062571677,-32.348335936902785,-31.74285822237195,-30.017645848315066,-37.417501791556084,-38.41642777548221,-39.94194437492118,-34.632980372589415,-35.950213874496,-34.91912143375931,-31.078989994026546,null,-35.89708314055777,-27.705291039711128,-28.882768158878893,-29.93431719845247,-28.354601073915532,-24.404086056142205,-20.08192048092684,-14.19782944444791,-12.016010542376872,-7.817556994870282,-4.4930179286123355,-1.053128046230801,-1.9942611286884415,0.056096302742497064,4.1140044154397275,5.729554181348427,10.477965188535793,11.027540568354375,13.332372271209696,14.106101565070585,15.988521055528626,17.772959173303484,18.629990636333694,19.83522384814582,20.762424962602765
-28.709572016579695,-31.32093208490121,-34.865869407103176,-37.086832446296434,-35.43738855847087,-33.819493431498714,-33.60235746626948,-32.61746436083571,-31.97481825374151,-32.3939358734301,-30.66680219262304,-29.315847059641936,null,null,null,-35.579592742040035,-36.220294048056374,-26.309185573075112,-37.91420698320314,-34.99149604982709,-31.53815780791166,-34.31883297925951,-36.01404569461114,-32.9394199467528,-24.465020200194495,-25.333090573287915,-29.270143597112178,-27.039546701705227,-20.34570844229492,-14.123321375674552,-13.883139843929865,-6.223880224137288,-7.1241669739736855,-4.569286358680318,-0.2999299424958513,-0.2708372097168483,1.7413179231124776,5.590279788816678,10.033044958325238,12.40960803958648,13.814781434476032,12.090143454527439,16.73635651444586,15.648304480691888,16.838855121894255,17.120041318370383
-26.89445609946197,-30.369393627898038,-33.031226162145536,-31.014212975231295,-35.069284571979274,-33.53068576242174,-33.68595683536773,-31.982156734907036,-31.200266494816905,-31.984004545694393,-32.16017902826059,-28.977913772471876,-30.843514121661848,-26.8589823667695,-30.15981686093075,-30.184039043272627,-37.162579700388946,-32.817977747714984,-34.97220209094789,-35.804489098585506,-35.30163730164872,-21.97726105123066,-34.76754561482612,-30.79850408939374,null,-21.49229887118573,-17.164708726331142,-20.64505026956363,-20.427650707349585,-18.53556345378826,-12.666874657448885,-10.594153065312888,-8.097455365104219,-8.35852418842638,-3.25371395963393,-2.9260403696348454,2.4048124948964538,3.6540077951480665,8.557898829199043,8.343149444039671,7.495972477084936,10.61536728790933,12.748559251200135,13.891221092034579,13.042500536042132,12.727431963690028
-24.810564654269196,-25.24045399935728,-27.834490838258375,-29.371626049725013,-33.855793120054585,-33.863767902033096,-33.5366812346621,-31.59249326411145,-29.76874338421522,-30.98981994237299,-33.62013659133237,-30.757681684883487,-33.48365546707396,-32.39945278149014,-34.3375191846393,-34.41224903105587,-35.035272327833425,-37.66008753144686,-33.40602236462882,-35.47502964853405,-34.41789202243173,-32.9785513679218,-27.048453650635082,-31.715433817188554,-32.10917785521916,-28.974790728043352,-25.130248613215052,-21.168967255823507,-14.045538223734559,-11.918505435316266,-14.339887219735584,-11.670087060128608,-9.640464729670569,-5.356831780519852,-5.890550267799114,-3.268966304330938,null,0.7679011123225713,5.7076321786614965,5.441576108503115,9.902127064109813,10.78874168232326,10.265901087222263,11.350724039358733,11.068660104709894,12.279001339552579
-25.930021810834916,-26.98170468855788,-31.294011860032683,-33.00731738492955,-32.44421097934895,null,-30.11641626012556,-32.06238221333918,-28.685948154229855,-30.740041733131065,-34.315067104786834,-32.89124843874862,-31.628621503629777,-33.62822335566411,-31.863700494953655,-34.3797255925846,-34.16973903369323,-35.57065852259822,-37.120459064433334,-33.71881969117132,-32.19936184969984,-33.31588147441989,-31.81708825143219,-32.5608102377541,-29.40155566182899,-31.478668561218374,-29.108723214757212,-27.807218931873727,-26.38107764625753,-18.3967450195749,-16.48175009705421,-13.102741100358822,-13.731789847513888,-9.921181475273665,-7.00776404309204,-4.521753995188746,-2.9087332038726013,3.002086760778061,2.345600751038694,4.13199297887301,7.3941730204150335,8.826269882324969,10.257459125859597,11.58010959382501,10.90132280927979,11.229480933122504
-26.079914569270777,-24.997806856748703,-32.10694809315123,-32.98437729212753,-33.60088599430818,-30.048433402364875,-32.49259542375808,-28.505323498910563,-29.361676533694062,-32.35638287899868,-34.635268394444125,-33.30351662456701,-33.04025607260095,-32.403829954521,-33.660517750948195,-32.148374137980234,-34.36047620574197,-33.9193157322855,-35.81780247009988,-36.62521192659896,-33.43155054571146,-34.52922247057102,-33.52412752428518,-32.931653854295995,-32.848402579676424,-30.027055968340324,-28.699386844549426,-26.665313268682564,-26.17036562123226,-22.823848266425262,-16.745709151184336,-16.24899339763479,-15.050192716556902,-11.936963913405057,-7.824743915228248,-5.7184265719231915,-4.238495636111224,-0.46092776979854105,-1.9358471057483073,1.3035336550163203,6.821342719019919,7.85990372114156,10.982403082019749,11.151909818868761,10.080317662796833,7.8806217200384
-25.911709058673914,-24.079902591424016,-29.334574709966162,-32.99258149589989,-31.597757303710612,-30.9024144601515,-29.740104251583688,-29.256780637659514,-25.52514166653068,-25.484264377588165,null,-32.758551654501325,-33.04810329152614,-32.73674997683301,-32.83627443781941,-34.05677404012397,-33.5939147231912,-32.15460635850147,-34.393168778804245,-36.375865828415705,-35.04967505257397,-34.82124663800984,-33.587158409359056,-32.05977130103527,-30.197062562604817,-28.457197620355597,-27.686659604083797,-24.339067142217573,null,null,-19.885052691023976,-16.846949776922255,-14.765451985271007,-16.06311360105726,-10.765971330985748,-7.635368961452296,-4.091154256458673,-1.6949043223385223,-2.4722962831934234,1.5759924412849577,5.625100684090078,6.62103081815179,8.459245347949755,8.623763866703042,9.695964461063221,11.79864337639625
-25.68918232200781,-24.391977389523845,-27.073319916990815,-30.022650877745647,-31.45623998807441,-31.34981281688186,-29.81489820742659,-29.659732721717056,-27.048964773037795,-22.98923518400906,-27.83664039730986,-32.057006396666424,-33.607103595084695,-33.31439948094082,-32.98029603237326,-33.95619870581812,-33.54594190701965,-33.3083431876638,-33.89056619617223,-35.41400001445735,-33.544578896955926,-31.286756550904357,-32.689951322659766,-32.40673444206224,-30.061454325122483,-30.756063847103515,-28.37839767400944,null,-20.870554738368583,-19.239299393495436,null,-15.441195409458942,-12.396384113195323,-6.752910570268909,-13.800801555645645,-11.653450294909872,-10.65013417130371,-6.4307352911261555,-5.013648728301807,-0.936857269420178,7.1410802707659125,5.913161071546236,6.607630762308581,9.428347057213296,8.271530912593025,9.574983245212
-25.338994332769587,-24.098952493906705,-24.40674790833272,-31.234084575934418,-30.76023622815312,-30.88846230600749,-29.588893016003027,-28.485724879385444,-30.27179403893171,-23.43151914783582,-21.56236204165821,-32.49622913863364,-34.796289805785484,-33.93178122641703,-33.13927638081465,-31.635451757962734,-31.445148351523464,-30.30849088850729,-32.498012115665475,-28.785017194661044,-30.99546564509435,-32.00810286031729,-31.62989914491286,-33.1170299851189,-29.681524831129927,-24.81461007732346,-26.436250551047923,-26.381005069361812,-21.491376713972965,-16.208271551611315,-15.90842948311169,-16.491055961423136,-14.514965150681562,-14.281951319941342,-12.82411854121289,-8.628507255928517,-7.54496815246712,-7.787701707107098,-7.200983708140941,-2.772113021690241,0.1268723457235135,1.2974586659234262,4.436288499821729,4.244399235436648,8.81648362959708,7.850592075779448
-26.818433403908514,-24.82013734976585,-21.847134056400588,-30.37553136769919,-30.40453376242781,-30.266527695804612,-30.7958252285803,-30.09947674183835,-26.765309484688732,null,-30.16106440984629,-30.82346119838464,-28.421406709732793,-34.44396477466138,-29.853601159200462,-29.99844386337019,-28.715566658539633,-31.43801959455105,-28.812884859879702,-27.35917780997297,-30.026835863268502,-28.174167475917567,-28.803139390334557,-30.292975810111912,-29.892321871428912,-25.111716689837653,-25.61486745920476,-24.893871541164362,-22.704306320305218,-20.415961704755805,-15.421060651369984,-14.852754841485913,-13.10065545415924,-12.94837698775523,-10.188591175671677,-9.252143520091925,-9.750627497534637,-9.047207213759291,-8.99705903969305,-5.3233663062014935,-1.8356006299688932,1.1964781185256363,0.36440208317057143,2.1785682646821374,5.414407643357453,1.9494272396602192
-26.158288552312587,-24.8607000796627,-22.01124699015325,-27.302239337840277,-30.3484539765037,-29.870515444057272,-30.267630078001954,-27.948585057898722,-23.282719186079937,-18.243977898215135,null,null,-32.94575569856882,-20.50679503535541,-30.409563188086434,-30.682872362315493,-28.19885699129093,-28.40373480518911,-27.4466617518325,-26.290179256264413,-28.535180972005847,-30.163292294146178,-26.219552587950616,-27.80414056468682,-27.576297352558427,-26.567724688979865,-25.428055269022934,-23.03596428185522,-20.537891026927078,-18.392202804961205,-18.086000412590405,-15.860681649764635,-12.26348149502762,-13.687135938541283,-11.949944756333064,-14.24390505772574,-12.744431401553674,-12.206343619084194,-8.749897278077533,-4.241530383226659,-3.701512392728674,-5.290809218318134,-0.3742719771767086,0.9756216055452042,-0.39142252623141627,1.0829416269772618
-24.50189388210404,-25.738200939765463,-24.385591089525153,-22.17704304485853,-29.49977457132583,-29.3063056433576,-29.428012245548647,-27.527360071029157,-24.370942331645875,-23.359732016673288,null,null,null,-32.11002812316991,-30.914739028097312,-31.068174005488043,-26.218153718578023,-27.785576192327923,-25.806288516150165,-28.409318254486553,-28.111618312595578,-22.773713711931748,null,-25.534138786760963,-26.87901999100302,-26.613493598751653,-23.485449981045804,-22.43240446536491,-20.384410926219672,-18.980775722635286,-14.607983335760863,-16.12434564757513,-15.306867176245065,-14.063583914203273,-11.86126426328204,null,-12.819295293550148,null,-13.714006025353473,-6.896240683124857,-5.273315143568574,-5.42799535667024,-3.4951638844015567,-1.7391498929478098,-1.2505708776748967,1.1289579004761618
-25.108062395034004,-25.673242802135128,-25.181593443345726,-18.92255530565389,-28.019639428997678,-28.427143974515754,-28.327367680287285,-29.188888785615084,-26.845276572231448,-22.184612598158463,-15.81772864255804,null,null,-29.859280308055425,-28.35196857899657,-27.009645858762,-26.401472157137107,-27.625483501649992,-24.047735197267357,-29.259506572759413,-28.044533118967532,-29.094090092122002,-15.125011945331906,-20.147908959323427,-25.2899464039904,-25.761579463068045,-22.940455219409827,-21.236288681082005,-20.67676389257535,-19.06091530004304,-18.544273425141988,-17.45367619934001,-15.430150181281174,-18.199469294502276,-15.694747148738248,null,null,null,-9.768888191810275,-8.02726797852219,-8.010915330444956,-5.914245365946264,-5.4546174888896495,-3.4843394697195604,-3.066118814322622,-4.332438383362512
