public/json/wind_2018-09-1520_700.json
{"header": { "discipline": 10, "disciplineName": "Oceanographic_products", "center": 0, "centerName": "Ocean Modeling and Observation Laboratory", "refTime": "2018-09-15T20:00:00.000Z", "significanceOfRT": 0, "significanceOfRTName": "Analysis", "parameterCategory": 0, "parameterCategoryName": "Currents", "parameterNumber": 3, "parameterNumberName": "V-component_of_wind", "parameterUnit": "m.s-1", "forecastTime": 0, "surface1Type": 160, "surface1TypeName": "Depth below sea level", "surface1Value": 15, "numberPoints": 4800, "shape": 0, "shapeName": "Earth spherical with radius = 6,367,470 m", "scanMode": 0, "nx": 80, "ny": 60, "lo1": 109.0, "la1": 20.0, "lo2": 116.89999999999955, "la2": 14.520000000000117, "dx": 0.09999999999999432, "dy": -0.10000000000000142 }, "data":
[rows 38 to 56 of 60, columns 0 to 42 of 80]
-9.8338583738837,-8.988243352170265,-10.716727615031504,-11.260160965085959,-10.139518014595588,-8.035258706756496,-9.464031626364779,-9.138542588172882,-7.842180942009492,-6.7130030257411315,-5.685107867196957,-5.407601639680243,-4.7555775146611925,-4.395171101621301,-3.6548527210057262,-5.005655271852829,-4.408169297575398,-4.248013151991398,-5.012046463541234,-4.296478956803367,-3.8019291731018825,-4.210261357589275,-4.877048870356569,-4.0505493942221396,-3.9321908269878705,-3.887492397482413,-3.3605428894822245,-3.3081653588099575,-2.961946022477833,-3.063262732189081,-2.406699666493659,-2.093205402595116,-1.4069759861387054,-1.8535332735312875,-1.2717652032869096,-2.034639679699176,-3.962816370234399,-5.63708832019083,-5.360167314606686,-5.0228368545065125,-4.083084103276614,-2.4559358518915744,-0.37310312614243885
-8.735594455169586,-8.919778119768928,-10.63705586408176,-10.962966430557628,-10.955961087165933,-8.955260685605804,-7.137951338977702,-8.929688320525834,-8.601623456009634,-7.7417982299160055,-6.445624240492034,-5.244396947151696,-3.4653221279859383,-2.8300066694973194,-3.79497429773981,-3.9087569420808004,-3.763833661707859,-4.632181626692392,-5.113132485612442,-4.080593848969847,-4.921168190158439,-5.4219837645093385,-6.024034026742122,-5.222414682379579,-5.106562153905924,-4.573727779827099,-3.2565206196260585,-2.453222170530494,-2.2400789023871592,-2.2640863722222866,-1.6406131460589424,-1.4307936550437743,-1.1821434593715245,-1.5365196315290253,-2.1899102090850646,-4.432853291584006,-6.338374883145754,-6.497124944513923,-5.909309786503287,-4.783682412534623,-3.9394608602529955,-2.8446906987173257,-1.0984078056019202
-9.838435131493211,-10.162465780218856,-10.957417274445891,-10.928420374255724,-11.148286609003712,-10.672247090612323,-7.787413447640499,-7.395047053034917,-7.966070484816624,-6.996265527442521,-5.966837416979462,-4.7819623498062445,-3.683958787785532,-5.109543057315966,-5.362862585337327,-4.986878805291675,-3.455631101583572,-1.757616940674222,-1.5930323257926937,-3.862009117164813,-3.235213847877647,-0.7213778324998076,-3.195147905252073,-2.5942536428552154,-2.039329620750424,-2.339903913967973,-2.4942017771094305,-1.8618651746955348,-1.4408281765423814,-1.467933316904233,-1.1777182657221457,-0.8655261197836255,-1.661241057458047,-1.8603660839612386,-3.7751708537143984,-4.850812912262031,-4.964622001054455,-4.6671970033799175,-4.536981382070308,-4.36188989312493,-3.0126395141983147,-2.407351575601024,-1.4194416864502095
-9.445391423835947,-9.812838516434097,-10.43608037308758,-10.94505437507359,-11.009649610349276,-11.47987685918171,-9.840870849375388,-7.036974358763732,-8.061508805035352,-8.226351571539876,-7.698512864031673,-7.650499569895788,-6.459619134389436,-5.41068762704852,-5.825186732962095,-5.3274247816317795,-4.111038591178176,-5.5283031520415715,-4.598903734815627,-3.270842111231296,-2.0409874488696884,-3.5948154634977096,-2.3012950596705695,-1.9510652846930903,-1.8329639227001302,-2.12838841857762,-2.779145036899524,-0.8200489400046314,0.6671875794753716,0.9325296503405259,-2.5905088629419817,-1.7672810659136269,-1.4560931675874391,-2.751071897183763,-3.5619352907430883,-5.290789485675965,-4.217204054559227,-3.461727126781956,-3.755558509780925,-3.254327718367159,-3.312490046550387,-2.3300720366109697,-2.3307153216647465
-9.563393693284306,-9.669197887766506,-9.889241153038082,-10.284128889102387,-10.448567503318648,-10.48171048407347,-10.112956808272408,-8.888005915244857,-6.785222454480922,-7.952141087307192,-7.625979837466297,-6.567575177491556,-6.760996302665794,-5.6661179193877675,-4.932351660126734,-4.418854891899966,-4.322342469253517,-3.6389724940228536,-3.8683811053808723,-3.1988157284426033,-3.272670381072137,-2.672449691436712,-2.3967430962818455,-2.3404340980391662,-3.7533671060777776,-3.4408938971021534,-2.552552990343354,-1.0390338370689638,0.2562992411078326,-1.6639985940094562,-2.1505683619863447,-0.35907299051300917,-0.8428673605891869,-2.651079150548958,-6.424165332601714,-4.107327570791764,-3.9554255611013653,-3.3865005039243616,-3.3764101090633774,-3.499949070499495,-3.042442536864119,-2.3175191893594205,-2.1441821887479584
-9.498056031812563,-9.209761423147555,-8.770933926817296,-9.252073288573063,-9.625516199092917,-9.561145125513994,-9.675418809121242,-9.254640009973015,-7.782741106301832,-6.27930051724445,-7.692090205683163,-7.686016286422204,-7.413930384729602,-6.188584762494759,-5.784736272331369,-5.9119764662626135,-5.923580054056844,-4.693184549706562,-5.621394155342278,-5.893459241217719,-5.083646133429951,-4.6869279353641105,-4.4123073305727925,-3.95704086453852,-3.932814296348761,-3.7846185056407866,-4.053712678552504,-3.1725584651312033,-4.136279132610905,-3.627075570941655,-0.2784910336806822,-1.798058055641307,-4.183136926089039,-3.7865153548603026,-1.8649285786073335,-2.1675470466682345,-3.5105458211286695,-4.040770620444917,-2.695072427727662,-2.5699518406087627,-1.6181563686336893,-0.9351466673550387,0.35988758308263147
-8.508454946423633,-8.190283837215821,-7.821640091416421,-7.766525310432925,-7.662109927724874,-7.768128441522211,-8.139928661202989,-7.7665654609329895,-7.816355924209315,-7.33200765483253,-6.442253604194606,-6.355076084126681,-7.527736648154662,-7.142562907486151,-6.59015728686047,-7.040583387236818,-7.0804453486536065,-6.489379203984209,-4.784611069170795,-4.2337043598653645,-4.364692519147221,-3.2779288961994517,-3.4842723575377454,-3.533128677227725,-3.1048390856154207,-2.405884052730199,-1.2693417949215997,-2.5307628504737725,-4.339235579006304,-3.4301320969102234,-1.9504287363154487,-2.973553528180133,-4.192185186478924,-2.4998355037239217,-2.9188449305705237,-1.5889660085025366,-0.5785751939378205,-0.4266433581080921,0.23017883039039744,2.8087722520631,1.1328314779414101,0.36889483652924215,-3.7972631851637884
-7.6231849731998125,-7.586190569009966,-7.003751675726409,-6.961374195575776,-7.401870878626522,-7.187333263106953,-6.964571637636739,-6.592559847717061,-6.078676323590544,-6.39433351446405,-6.407114435060002,-4.118597420726964,-7.145657862838162,-6.346612347094883,-5.525079821223166,-4.382501869010667,-3.7262357515618065,-3.1546694191650344,-3.0923725363578365,-0.5339008088106767,-1.228227558208412,-2.308171428346573,-1.9704549846894384,-0.6802514620150425,-0.5310460788772566,-2.047753464093013,-4.1939474502714225,-4.019716050387716,-4.124308426804941,-1.9486551989308796,-3.482524995719077,-1.69557136056182,-3.417747571458801,-2.493461431028661,-1.2451328508298363,-1.9283563804767858,-0.14344574466393448,0.03677022510502763,-0.507383440717677,-0.762189882093269,-2.8348239597542406,-3.9511769986728185,-3.6087330750137445
-7.154938041756421,-7.5707503617130545,-7.182436927107102,-6.603510669280319,-6.688678583491679,-7.081208860699499,-6.565319174753785,-7.007066003454263,-6.5831507293314075,-5.934470539398857,-6.040601406130367,-5.9750613535607116,-4.4894239558467675,-6.417281116771203,-5.778035046865428,-3.7820293281274155,-3.439478234526111,-2.920319475765072,-3.3980790334015762,-1.6677040657796092,-1.215329351918764,-1.684597202071894,-3.673830981857067,-4.518109837701944,-5.900743614506268,-3.8052865389380863,-4.155250257337385,-4.500427699629472,-2.311220616256897,-1.6007278484084106,-1.4686922919691061,-3.6707680583836506,-1.291401989836259,-1.7130687337550463,-2.0107638023472263,-0.7546369854748707,-0.21036302685422711,0.9107267145574319,2.119432104559493,-1.8980086254447963,-2.121198784083015,-2.6584781951524925,-3.9261316182261705
-7.353581755030431,-7.830021128130296,-7.540979873159822,-6.853701497372612,-6.952569416286067,-7.468873922810079,-7.867865471972085,-7.6336001518942584,-6.369947043553886,-6.772287131530102,-6.670834622927764,-6.900002070862612,-5.659894544855028,-6.79176202604692,-6.852863514639557,-4.962418753814892,-2.999044401080851,-3.402007166653803,-3.223323082198635,-2.075611148297888,-0.6992776588892355,-3.7392510456396857,-5.850720038866586,-5.398869562346551,-4.972119068196747,-4.139026107971384,-3.2263948212491003,-2.190837805531098,-2.9603192984202784,-2.8051012744755903,-3.180489954178605,-0.26116409152048814,-4.508690444671501,-3.0510239449053644,-2.1527809907488726,-1.5060993278770798,1.2067273440679642,-0.05455316866293633,-0.7032970583765552,-0.7345863946836909,-1.0289275144193477,-3.3857735793981827,-2.0628955794938175
-6.951398718075442,-7.175326692792543,-7.675474506716057,-7.088950152345497,-6.7537073065581765,-7.176871745267155,-7.496154631702952,-7.548708461471653,-6.8091933039452455,-6.597675236415918,-7.692846336648233,-7.781068880506255,-6.991034707453785,-6.481874391236723,-6.076238083740494,-6.1505198651910415,-3.8590388228222157,-4.0682398452189235,-1.6112480324490273,-2.840213811023807,-7.3751907711886195,-5.795858998240842,-7.311317711036637,-5.572832916477594,-5.1917630346953025,-4.932570912511319,-4.5981370796767616,-3.5752349174286717,-3.092740537355584,-4.327457425328645,-3.664554347197913,-3.518269625047267,-3.513091627001028,-2.202824583030706,-1.13641915720308,0.46218961757188026,1.6863804600353134,0.003749122687223671,-0.08017062652103618,-0.2249092333006184,-3.937018576315862,-1.6319653434099308,0.43444819458720907
-7.680347921001417,-7.0824899576881455,-7.122620431859678,-7.599297646032305,-6.6774123665008736,-7.473510244716888,-7.424895111542997,-8.050620525861746,-7.117401796533237,-7.040014169017974,-6.7819260570545845,-6.085348531764591,-5.215246355168311,-5.151842174508819,-5.046817906753603,-4.067608754634059,-3.6600323843841602,-4.880497740681421,-4.942927806331858,-8.101123674548875,-6.7019268684200615,-4.655574795257478,-3.140196981593985,-3.9568988595433074,-3.678111274402319,-3.3447438750352214,-3.705433561596809,-3.3047704147076447,-2.221472657115725,-1.693812142357163,-3.1675897162237727,-3.630542087379716,-2.2225094202641418,-1.804665214542684,-1.2595892211632491,-1.5979686742007757,-2.1260721459151646,-3.0177498291448206,-2.4354081184842773,-2.23368880632564,-2.2263601330307954,-1.9678467634649528,-2.5070625594366547
-6.162594093364264,-7.134800665721363,-7.723940855134954,-7.910027219165535,-8.00854790955838,-7.89049406374717,-8.125835570495983,-7.66701811948214,-7.421458599736551,-6.5191873885475875,-6.325867937312177,-6.148933396157329,-4.509049484834077,-4.350034492106735,-4.066917232587359,-5.51732665797567,-4.87534247847575,-4.541688702569772,-5.907181731958818,-5.59226793954314,-3.369189471620026,-3.7211323540341574,-2.493598736413928,-2.8023165332012083,-2.989188007612893,-2.150482929359675,-2.7816496820245833,-1.9325171274466453,-0.08993606573802812,-0.8417932366969847,-1.7093246025753528,-1.9988937434071863,-1.5331746270219153,-0.7741514019163294,-1.12184501470019,-3.028532637886072,-3.3861446072072234,-3.497076951779472,-2.3835611956383245,-1.4701467758592988,-1.0927890682970631,-1.017236780093657,-1.5869037138159627
-8.258171445258812,-8.084438674108315,-7.379876847685727,-7.199731028660075,-7.655352025342252,-7.796025787060396,-7.791986065042058,-7.350800478373739,-6.246871503623975,-6.04678342566456,-6.111557410531187,-6.285974023798619,-5.771376835604876,-5.894989331466245,-5.950481293084494,-5.919936524076357,-4.477825090969534,-3.7344120010670805,-4.401132189321575,-4.698758233157308,-3.52394022675962,-5.377708599379959,-4.999820917415541,-4.911151135732207,-3.394914175085841,-4.569493440465334,-3.9166252925170544,1.518598481778192,-2.922964295741444,-0.9524858204929869,-4.349882957024833,-6.344388664957822,-4.236775331516956,-4.927445424678973,-4.7266734049778245,-4.913933943434181,-3.76364687354015,-2.5999953142304846,-1.8803237296024764,-1.3290245772158655,-0.9320484461970769,-1.261118711268914,-0.2926802420817882
-4.817574506109377,-6.297547601597774,-6.708150494437322,-8.855016665382744,-7.8330902759889245,-7.235604129549369,-6.976968165445181,-7.156047599317414,-6.675021306166732,-5.94276591203245,-5.990980763066105,-5.658202345295548,-5.062861127449997,-3.6217088910248774,-4.140756635448872,-2.6643632686998147,-4.330613173600843,-3.6526419480223176,-4.87878823505206,-3.9684916305005276,-7.0231999754418535,-6.088447653323862,-6.481643525733346,-6.822789988213714,-6.472677558042705,-6.7212923779103715,-6.8404482985104265,-6.859299015646898,-6.711853314763003,-6.814691561853509,-5.525224309836771,-5.5092579600961455,-6.0938884359375,-5.3383931240701825,-4.61936912676216,-2.884822463657569,-1.7565738840726801,-1.6094681659291648,-1.3557606887708469,-0.5842290183700112,0.16549084150029622,1.1052602980786963,1.3034280626210393
-2.9760437343191724,-5.172360513266538,-7.874859929266724,-8.155148492445168,-8.016874225154725,-7.006885705570307,-6.309840125664119,-6.329507969847306,-6.518325569805755,-5.079168009281761,-5.239872678849528,-4.967268958870663,-5.052158635258964,-3.8606838240596577,-3.862465902390502,-3.628546298416419,-4.860443595033441,-6.002913168368792,-6.416002678858473,-4.9851343096548515,-4.9495413052704,-7.897664658189066,-7.407157419680747,-6.564797457706884,-8.097186999078888,-7.565775017443109,-6.708634911957065,-6.1505143069762545,-6.299921381381021,-5.06117138559464,-5.128567559404696,-3.6361276411917314,-3.0808008955521258,-2.9862826644325984,-0.9379173791407187,0.41784447387900453,-1.8384420168598687,-1.2342966013948817,1.7450127057568061,0.7880794257488383,1.2934141336537401,1.5250958584919163,2.395928302208036
-5.912996489504799,-6.130522667253418,-6.717856385755485,-7.579618361889533,-6.235019365045849,-5.8467924176714385,-4.994789417475703,-3.9308827964122863,-6.459924225678251,-4.5010439708224235,-6.804083234534764,-5.085393153222685,-4.929216987384931,-3.73930088488236,-2.3619200396520563,-3.770095511154666,-5.742020373799221,-6.936193318080927,-5.231475008532057,-5.750539541338135,-8.197809322095397,-8.430448957375255,-7.000161348444984,-8.08335972920139,-7.863308967814312,-7.053279432670089,-6.609587305664647,-5.764781804085053,-4.73404844954295,-3.8119860941551087,-3.149206371541645,-2.5402173547664395,-1.4120248622041176,-0.03862532895528071,-0.8710560281419215,-0.7131680652066086,0.7595503482513147,1.8393419986551438,1.3068981673188191,0.38436927174887614,1.1261793452862754,2.2346592751571093,1.7021445783307745
-4.910396773632351,-3.9454679402775046,-2.493044226787747,-3.058421916755769,-5.969259927846266,-6.836410048691249,-6.371594388443,-6.76019572570077,-7.448322322807855,-7.21425601194796,-6.118536891203289,-5.297931335066835,-6.615521227410665,-7.096928956278105,-6.905962937143084,-6.840949974499457,-6.202792236029618,-6.392286536466677,-6.78940159408651,-8.865367319593387,-7.683581338443039,-7.913606230253114,-7.796215822167973,-7.132208320146092,-5.743506987269394,-5.746253397555268,-4.696685160546344,-3.83603310617176,-3.583090105133583,-2.8620417427804643,-1.3051127577214894,-0.9114906092791482,-1.7054625433818178,-3.1424314878043487,-1.6697922948991715,-1.6314015665074908,-1.000361909003947,-0.8734320673725035,-0.2747984283786903,-0.6116135791968249,-0.11715726505076367,1.3283950546344174,2.1725766727982636
-5.419591015806413,-5.481458173585826,-5.122766926612073,-4.4591969879074655,-4.77236505106689,-5.386376597743083,-6.383867833371184,-6.784381203324276,-6.216661135768393,-5.623593304329138,-6.045293515465361,-6.322007290057087,-5.811256979124626,-6.849333982523167,-5.268889716746257,-6.407210660148319,-5.811830103462826,-6.975391432401045,-7.404804295245543,-6.569122009293648,-5.140295298716373,-4.846946962697387,-4.089285683845912,-2.052865238758266,-2.6239764600504634,-2.241551618382673,-3.7705849163050758,-4.588090547237138,-4.3186067207622205,-4.068133170207473,-3.9366471498667206,-3.495328850946452,-3.5871257648302133,-3.1423238008186747,-2.7957437297674375,-2.553464725665823,-2.2711645835662466,-1.789871386741326,-1.3799755392884399,-0.26904466747258243,0.4898749805501355,1.4371153129728444,1.5828399416794552
