public/json/wind_2018-09-1609_850.json
{"header": { "discipline": 10, "disciplineName": "Oceanographic_products", "center": 0, "centerName": "Ocean Modeling and Observation Laboratory", "refTime": "2018-09-16T09:00:00.000Z", "significanceOfRT": 0, "significanceOfRTName": "Analysis", "parameterCategory": 0, "parameterCategoryName": "Currents", "parameterNumber": 2, "parameterNumberName": "U-component_of_wind", "parameterUnit": "m.s-1", "forecastTime": 0, "surface1Type": 160, "surface1TypeName": "Depth below sea level", "surface1Value": 15, "numberPoints": 4800, "shape": 0, "shapeName": "Earth spherical with radius = 6,367,470 m", "scanMode": 0, "nx": 80, "ny": 60, "lo1": 109.0, "la1": 20.0, "lo2": 116.89999999999955, "la2": 14.520000000000117, "dx": 0.09999999999999432, "dy": -0.10000000000000142 }, "data":
[rows 19 to 37 of 60, columns 0 to 41 of 80]
-7.374076889888629,-6.011612405019166,-7.155831421569545,-8.500780148677336,-10.073441992149355,-10.075631585545807,-9.749688997098689,-9.831172111393084,-10.325758743853855,-8.442083980751429,-9.565059857360426,-9.348482679686033,-9.65974558800801,-10.757905767476997,-8.609604402556498,-7.463154285026391,-7.451274688560779,-6.365954796239593,-6.6106077911204055,-5.6589800099832175,-4.042334650289748,2.1415226920140356,2.164089520016757,-1.7581841286187463,-6.859204916734992,-10.832487014868803,-11.16794362407392,-13.565901811159124,-11.627988220693489,-13.302140787798605,-9.521748498890604,-21.033478884850833,-11.68985834021712,-11.083761079360073,-10.799210037580256,-10.95443633649223,-11.422241879103714,-11.727058929127487,-11.628701464443596,-12.44690010960907,-12.731694940298151,-11.912039921319467
-8.156375924540589,-7.576813898646254,-9.024102539658138,-9.723148878269972,-10.684468721254348,-10.699982924632454,-10.868102221147801,-12.438854285537497,-13.240933688314264,-11.414805331828566,-8.585675734830806,-9.470508523852997,-10.765870719216588,-9.310316448216566,-10.506540619495095,-10.525173206982217,-8.221228920746066,-7.239940065021317,-10.48719357013535,-7.905206007723163,-6.780381391941627,-6.5195270366993325,-4.847813126291406,-12.232557109951673,-14.993742549025628,-10.769012035713356,-17.37483507417933,-17.34760456418442,-12.914087716247955,-16.32612703738528,-16.92490600494323,-23.136896219879937,-17.446550145926828,-14.456570687753594,-12.546087214577351,-13.759591171272449,-14.681703755484559,-15.939969803545821,-14.67504884020682,-19.377496588372257,-18.40005385765879,-18.705658267842246
-8.41782909270456,-8.828511623398771,-10.521707522680494,-10.857740295180733,-9.39690962848422,-11.570675612548358,-11.642636151277554,-8.743710153790252,-11.826582976718337,-11.928959880125904,-11.613859504337247,-9.468419943501392,-12.153053324486905,-11.611026390791162,-11.604734727464791,-8.102316122668341,-11.994780772658343,-11.93893368509515,-15.080772564439346,-12.25324241751527,-9.62799714901962,-8.104438639871734,-8.84758283986835,-12.746961282706355,-10.459117954787608,-7.407267658749007,-8.100683113623395,-13.921925623433193,-18.12919130282797,-18.29525108841386,-22.153251831141453,-28.665466053092903,-25.18015107639482,-21.612646233048103,-21.606016224199266,-19.135902811574844,-21.109531653589606,-20.077121267296363,-22.756592152352003,-28.08498252703912,-28.334585790722173,-30.55350412164634
-10.809851122492006,-10.820356325888461,-10.563691956268292,-11.204785345056253,-12.093710918994255,-11.004696765769255,-10.333752485586711,-8.738899438298022,-10.955675432702725,-12.831177348274743,-13.43084838338211,-9.729514462373512,-9.839885521779484,-8.57394750152788,-5.963489641717038,-11.131595041994814,-12.187430918898446,-14.608768101239473,-16.734282096419555,-14.733749455052312,-11.289077598436014,-5.727442526197688,-3.9268943625895214,-2.287163666516907,-6.871768596365367,-7.690289733283084,-12.708061125897494,-18.840741426376784,-23.108953678435356,-23.221960564895376,-26.989487072277452,-31.15033409463803,-31.903348635188177,-28.696927279595343,-26.207029617997264,-27.066503745662928,-28.628841121821843,-29.54807610660186,-31.8189937047791,-34.693779349223114,-32.697591581399884,-33.646535298548244
-9.72565559330523,-11.021028455443943,-11.94537740151267,-12.11762506411321,-9.145410583365697,-13.04891921551525,-7.959017500723386,-7.179614500564635,-10.277368611657074,-11.837412293928235,-12.825921634541498,-11.369161987404981,-12.211081199171337,-13.048276879715795,-12.616334962297646,-11.64899685877456,-13.517645112416783,-17.161229001619564,-9.697168804328047,-12.471342959553834,-11.458336338386367,-8.10107089793382,-10.152245619247406,-8.888096632987939,-9.023587892662697,-12.22639759044064,-9.176901712265346,-24.57114100019684,-27.984887477299516,-30.45596515557275,-31.845668488026668,-32.91554598980529,-31.81368663501352,-38.093955252509424,-35.446797405581364,-35.28168391326138,-35.672538542081114,-37.24919252427825,-39.37520385680154,-38.30014242549898,-37.7765830960476,-37.83514725008971
-11.798428665254205,-10.416655826275486,-10.972548079114878,-11.281668788681053,-12.840198665554805,-8.160286386679658,-10.980385110322684,-10.220654845806244,-8.857561759404735,-8.829020280933722,-11.888884925568203,-12.677715424633988,-14.37451708991043,-15.040448778839886,-14.432354797232822,-15.319967864476201,-10.05155293797583,-9.460997623855258,-9.67151368130023,-16.277053444604945,-13.152185775017825,-10.733454213290223,-11.172950753987843,-14.860841343266472,-14.590357748605019,-16.02655512141514,-14.748968097882601,-16.69907260079443,-24.912844566402683,-31.73042441516977,-31.113373354294147,-31.050628262552216,-31.889025697948714,-38.206703581569165,-39.876461522312674,-39.53991485557997,-40.514539813815084,-41.23711480623389,-41.97409786970131,-40.52597764680848,-39.51018431468577,-38.832665710489195
-12.07006503106266,-10.597539187363402,-10.94536617020982,-11.530567805027879,-10.542063421762911,-13.932993795093378,-12.185440649544763,-11.806942082733288,-9.680430286519808,-9.08035036012462,-13.079870986044028,-13.375948501686423,-14.979897595306149,-18.63709442049926,-18.452793507233643,-15.509508787104895,-7.843011938311964,-12.887567610004512,-11.798429649965392,-11.32683375552592,-12.072835751280738,-11.945897613822687,-9.821223777099119,-9.813304907093148,-16.315641521361467,-18.090943996178144,-21.247658090585244,-26.238216758931117,-31.894341441274953,-30.843925561906797,-36.58240815078858,-34.16655677245567,-37.90251482585191,-40.208326664972425,-43.25616632833305,-39.727477999335804,-40.975315561595465,-43.67775238305725,-42.43065344329227,-42.00052758506991,-41.44301426350908,-40.574176910933936
-11.372354430508148,-10.268157677240547,-10.736812497174776,-11.92228435901929,-13.758139066864748,-13.591431711971675,-12.801969327542476,-10.60532161982151,-13.927159374133868,-13.22739041707382,-14.47652772185637,-14.09587296878778,-18.80321619766927,-21.50519767759068,-20.740173835768346,-19.84808013270466,-17.989629839495485,-17.171072171605566,-10.253675278948664,-11.162336114468252,-18.3951756550579,-12.973404910047801,-15.85970180937349,-18.996579309833503,-26.591699039551067,-27.510175973049463,-30.283510995628138,-27.467150234148463,-27.29761193011971,-29.319587217709707,-29.537364084440924,-38.91181044443468,-36.31074169215903,-41.97320321489441,-43.349003070606656,-45.29922377648636,-47.32670370579809,-45.60359373054271,-42.87592712472092,-43.06619955399333,-41.95393567559972,-40.76346358734777
-10.811392875450323,-10.051121174641592,-9.84693948343116,-12.570571602300653,-14.38925737056969,-13.395467175652133,-13.568826559725984,-13.675252449929184,-12.972251357305094,-12.392725982395085,-13.664233839117458,-13.595596651346273,-18.249257490233827,-20.113429073854405,-24.014092690195127,-22.76627846302341,-15.329754468651508,-20.71433268092691,-20.589293992222245,-18.47813727723478,-15.429613916141887,-21.42876309565063,-17.560227386361266,-21.580877295853522,-27.409964457762243,-29.282811271197524,-24.958132752748327,-24.555259110497584,-25.130923875764886,-28.09774074947389,-33.88828162744174,-35.0030044308648,-39.829803381888105,-42.47901051522698,-43.87601183458572,-40.79520706332361,-43.066948523658326,-43.86403093792734,-45.28386127427167,-42.015649757705205,-42.10997705031222,-38.811225813694975
-9.937170822942242,-10.247102032141678,-10.822099628695762,-14.387748396561122,-13.822542222489442,-14.349017797458956,-14.060014988300843,-15.543203640290693,-15.732119952643902,-15.987170174282058,-15.445608220868001,-15.980951441080387,-10.641852581382384,-10.283397915909104,-8.588117917968301,-20.78547389165837,-21.789553834244845,-15.396229187381596,-25.33357720585238,-23.674946794021597,-20.0072527738083,-24.706335547430204,-25.300032829100957,-22.779665846275055,-23.22828008093609,-23.1968543374921,-24.571528883322017,-24.571626474281494,-29.806431573263414,-29.663663703348742,-33.24351011708535,-32.464910096344994,-38.87396082748832,-43.74521259069554,-40.48178890487425,-39.664639413821305,-39.755436142046236,-43.44691583902194,-46.13153652543698,-44.245770397513176,-40.15761424440794,-44.75690703730751
-9.768072721504122,-9.66006297200687,-10.192227429967897,-9.623670662978595,-12.428217531164854,-13.087238471918361,-16.47210370266653,-16.838036085869454,-16.66894372384393,-16.89236801894628,-15.830640795952815,-16.437122251628832,-16.589246870998387,-15.694158047021677,-17.489964021559686,-18.835256674075733,-25.189388565480982,-23.420270724508953,-24.727089853749824,-24.231016109676517,-23.824961900546583,-19.208372784530567,-24.331828583148067,-25.99341465083082,-19.20521203836659,-20.31236774269936,-22.62087224982359,-29.603797874064064,-30.715552104345573,-31.80330127361796,-32.622750245574856,-33.63160643783669,-35.149674726960576,-33.745168375443534,-33.29014627795653,-42.161123885939226,-44.97062666557372,-42.36289814391688,-45.01979215248872,-42.79488715062557,-40.35360912937588,-41.31072683927176
-9.683736697500155,-9.63666708558426,-8.733198608855561,-8.557679561005013,-10.711631257094549,-16.171694910866545,-16.901141876938407,-17.487661502728166,-17.675079714014394,-17.0228594965165,-16.995253763556686,-18.364887232161514,-20.449903093113747,-19.677443960981442,-23.497431159088663,-25.154349586668687,-25.168281322433607,-27.19072471229402,-23.472660351306857,-26.024611449614532,-26.026480473014395,-23.268936786550977,-22.388005493918094,-24.08743885260463,-25.473314211364467,-23.45937477658187,-25.398082662710767,-26.142849137128678,-29.10970721876665,-33.780037471196195,-35.921942205064994,-33.34209693906655,-32.62003768610834,-32.828397150750746,-36.00818034217611,-34.418572443831806,-38.53588886939901,-41.00985215326021,-42.303633187137315,-42.54059448162052,-41.558439913906085,-42.37477081100452
-11.141207822652385,-10.764897925083945,-9.485319160638282,-10.26092606852286,-11.534694188787228,-9.220172154195165,-11.561421592645942,-17.567621138965187,-17.323853744986245,-17.06931799187094,-18.42513716162442,-20.89527626146364,-20.133303300867116,-22.605156307459122,-20.61741470682533,-24.86979662443753,-24.71257018752557,-26.16375853268788,-26.623216991606316,-23.493584004260697,-23.270489139025287,-23.256803357979187,-23.994798249361963,-25.556300060746235,-23.69049986894644,-25.210823917891958,-27.872354274391952,-32.216141258730715,-34.481307005703215,-32.65952049711053,-35.567460451439125,-36.05648091912404,-35.918441699350204,-38.743446616812776,-37.69167436815775,-44.103575653356415,-48.13431000284438,-46.39851398808848,-47.467709296440205,-47.35994454699271,-45.32229611408065,-46.61941775089905
-11.852829105758607,-11.092459496093204,-10.198405205937183,-10.971180404879341,-13.052879583462293,-11.836579890864236,-13.895497350896376,-13.490074718302184,-17.83296147744683,-18.951435226146863,-21.202136371465258,-21.737219764179926,-22.134630812387798,-21.96379737307299,-23.328893581530767,-22.1766963604309,-24.46452576880665,-25.66964167975663,-26.872516774774162,-26.40781319839467,-26.672451869597065,-24.55891746304138,-24.68938437041983,-25.79968947130087,-27.448839327010255,-28.570115606250912,-28.204243957522625,-29.677613779254997,-32.584679473182696,-36.848552691407654,-31.70086844497386,-38.230487010164275,-39.10523728491801,-42.091661188117456,-40.556033830582024,-42.69130320396867,-43.55640643431777,-45.7426915843171,-47.281923454122946,-47.28532384039942,-44.99842036585189,-46.4938979747722
-11.771038646108144,-11.808077092824686,-10.28924994404983,-11.801226452260295,-12.83518189941913,-12.169477239820626,-12.573442879622077,-14.407977377278014,-15.083693689307506,-18.64865115538146,-17.848819066547602,-21.278715980233084,-21.90693997736298,-22.61973047918564,-23.785653750909233,-25.411298979878666,-24.105936081048895,-23.12865719980121,-26.051691620728718,-28.295404923969613,-27.144825742647154,-27.50513551663651,-25.17817743324913,-28.874347961705393,-28.769125882824326,-28.38900449952024,-30.068842743921717,-28.37854666851053,-26.065153805313475,-28.222461792911417,-32.91518168121158,-33.07070868985907,-42.967772499115156,-45.62910228637806,-45.4340822566715,-47.725307867943194,-45.75678982639078,-42.42372508031384,-43.57479119648722,-42.07482956618917,-43.00485059430071,-42.67518252190552
-11.380472647886387,-11.670129657823818,-10.439037861793137,-11.422582931984241,-12.83423365872232,-13.409817374562438,-13.549614593468355,-15.762729704125148,-17.611292707303832,-20.078265482464086,-21.044587034140307,-21.64105873207925,-23.040873311552435,-23.542465333891343,-25.57070598365316,-27.004859007780965,-26.17321059906616,-24.422019390242067,-25.9146804416158,-25.666023447091515,-27.081875489500575,-24.04209336801276,-26.39551688243381,-25.330895844520917,-25.587634950551397,-29.00037222789859,-30.749733037274805,-29.905883274921912,-33.1794654846393,-34.10053461562028,-31.12450395868194,-36.34805798628228,-40.23106522232686,-38.772192589909864,-45.58552533832516,-46.04931530344188,-41.81384572606143,-43.02327337144598,-44.97015749290786,-45.922443194032624,-45.534967909177475,-44.32393015433249
-12.05189510190148,-11.161022078250038,-11.204162675772992,-11.956159783931923,-13.529364161344589,-14.089610296220858,-13.928540687845114,-15.312970222996501,-20.402516698040106,-21.926429929095583,-19.78493710845489,-22.520578663853637,-25.017132204482945,-25.219472905729802,-26.165267887970614,-23.980583220551953,-23.46781825878154,-22.61962097026618,-21.82591883425444,-19.72270270472015,-23.15562189893407,-24.21260105959928,-27.25084238912092,-26.934765292187077,-24.160351015611283,-24.405587381555808,-28.61936603368038,-33.74332214790742,-35.84929714123375,-33.46297518135395,-33.728077524804256,-36.65946353773032,-37.59577492120216,-39.462388516307385,-43.40294098627269,-43.99172240865922,-43.19668535498778,-41.80879748367149,-39.58612042541492,-43.10210655581623,-40.52617008745692,-37.85416100068252
-14.579476687274724,-13.179061155438074,-12.82247995716497,-11.904837863407158,-14.124990534832978,-15.302904155775234,-14.953769253231695,-17.868532004996492,-18.59044893512362,-16.680816442234285,-23.56274886975281,-22.51756631559386,-22.07571685697036,-25.223459006069525,-21.673853519143236,-22.031884594200708,-22.53502536514034,-22.78247047943609,-22.44276105554281,-20.785193392996952,-20.713667813915833,-21.398540601992913,-24.64082460757736,-24.09157322678787,-24.394950843083873,-26.195068715359984,-31.093932348173247,-30.468907333876587,-34.67073094684022,-36.5143950734937,-36.34679746197437,-36.71295799985124,-38.55560398907768,-39.200166939234556,-40.89185012987642,-38.38837845597704,-38.22918795427256,-39.204052253378244,-39.15490149672329,-41.91332689310178,-40.304682004196074,-40.44148707374595
-13.80335857797818,-12.561243171407817,-14.243090705049104,-11.60446659018119,-14.027583810320811,-16.128645050389824,-15.927359787820322,-15.87766921330274,-16.760700357443472,-13.564741248189769,-11.765233037886635,-22.33113656400798,-24.039163604714744,-19.195059656217822,-22.378051364216525,-23.076796843777615,-22.543235582862206,-21.946124012879324,-23.900258003766766,-21.779555532528416,-21.89297306370348,-23.656632184031658,-24.353401320811585,-23.97820683304993,-26.213533090241107,-27.730193508240337,-31.992548360275183,-33.07100336148524,-34.66027191752284,-36.521746058951216,-35.312669987418765,-35.41778268838087,-37.42615826000133,-41.150335994840276,-43.3951073268611,-42.409683366107394,-40.43380108716321,-38.38057519049062,-35.28082015009973,-38.41316615773438,-38.617530382033266,-37.15924029701128
