public/json/wind_2018-09-1521_925.json
{"header": { "discipline": 10, "disciplineName": "Oceanographic_products", "center": 0, "centerName": "Ocean Modeling and Observation Laboratory", "refTime": "2018-09-15T21:00:00.000Z", "significanceOfRT": 0, "significanceOfRTName": "Analysis", "parameterCategory": 0, "parameterCategoryName": "Currents", "parameterNumber": 3, "parameterNumberName": "V-component_of_wind", "parameterUnit": "m.s-1", "forecastTime": 0, "surface1Type": 160, "surface1TypeName": "Depth below sea level", "surface1Value": 15, "numberPoints": 4800, "shape": 0, "shapeName": "Earth spherical with radius = 6,367,470 m", "scanMode": 0, "nx": 80, "ny": 60, "lo1": 109.0, "la1": 20.0, "lo2": 116.89999999999955, "la2": 14.520000000000117, "dx": 0.09999999999999432, "dy": -0.10000000000000142 }, "data":
[rows 40 to 59 of 60, columns 0 to 44 of 80]
-14.122564422477113,-16.803246215995024,-19.30112884353477,-19.588516715634768,-20.40480152333828,-20.039815149181173,-18.45262895744248,-14.881880619745525,-11.93304884316391,-12.180311940325263,-9.922039120076667,null,null,null,-18.286532868576398,-13.726044442800108,-17.399247985505212,-17.91543444415702,-17.883585656254027,null,-20.834407920887312,-21.165613681371173,-21.595769139405796,null,-12.090372438603175,-16.70953060006223,null,-20.92597960865086,-14.285738218460587,-15.149836205045442,-17.20827488703823,-18.719195815573233,-19.116720470780656,-20.29677500271786,-18.07181857902271,-16.167188404797667,-14.376506409439337,-15.309093125994627,-15.078958539657043,-14.61708788897532,-12.186336479632308,-15.68436704045811,-19.07963455319258,-19.704790406208804,-18.25683141423288
-14.846953757123705,-13.976994055253906,-18.50353988405681,-18.00644338721236,-19.667330253667593,-19.08877861407775,-19.230594275217666,-17.575038009865466,-13.677790003477908,-11.355211717026897,-10.973305079452995,null,null,null,-16.703380700959162,-15.936198626948455,-15.895891502654504,-15.245411302621633,-14.39488800745265,-20.184036159218806,-19.95806681084152,null,-20.67101639967754,-17.340040907789465,null,null,-16.280348499234243,-17.15183801394137,-19.337695675481154,null,null,-17.970933489822535,-18.423960835141944,null,-19.69034916764423,-19.211648836222164,-13.812684982493778,-15.404952573370439,-16.598436670255694,-19.482888473138473,-14.028891323642346,-6.427991613880982,-18.299282800934304,-17.46074095572706,-18.54002787637092
-15.054332339341691,-14.60585428603523,-14.856935434474796,-17.820222178480236,-17.69018063940522,-18.623279674680344,-19.593403006742022,-19.055759904695705,-16.19041773576463,-12.405573280008628,-11.070105290669098,-9.00418271057765,null,null,-16.300385668939235,-18.132660271123918,-13.897642955269845,-16.984868884701918,-10.807336776366801,null,-21.98593473118834,-17.655797926779872,-21.518252393555628,-20.495011463417413,-12.011187806862461,-6.501545737979652,-11.74367443243488,-17.456390516360308,-15.766022972533772,null,null,null,-21.61022792203036,null,null,-16.736577366688174,-15.759002691509542,-11.213190695993795,-17.35376736473668,-15.680903060234723,-13.916945050519596,-12.878512550901064,-13.697375176109297,-19.280509432466733,-20.152289860592496
-14.731977325564122,-12.66132459659871,-12.494342985944135,-15.446798125794219,-16.851855093845636,-18.558134292982192,-18.883283307889997,-19.494736251748602,-17.502947058124544,-15.498372432554268,-11.476845069205723,-12.657492780715797,-10.907489870761063,-6.708014019203729,-13.305666494192907,-12.110112235832489,null,-11.64417695382744,null,-9.712143662095315,-16.72727600851052,-18.92602247896752,-19.177362669863943,-19.286286258763443,-16.03150011211325,-11.231037684465223,-8.27234496789159,-18.02668295475343,-14.455714952525168,-7.176267455395747,-14.961656135117709,-14.403710720218303,null,null,null,-15.799319809762682,-18.356702308323342,-11.076275567057102,-12.29550685586629,-13.47231044769495,-23.317668942144245,-23.739109117749862,-22.73429152004153,-24.571384328748692,-21.525568575921724
-11.685260300350384,-14.153973772605974,-11.713584295419157,-14.5822929444182,-16.836172891544795,-17.609942782193123,-19.418727790631674,-19.78323077006497,-19.149615800022914,-17.46059226898551,-14.609898577295198,-7.021659618879612,-13.333517711506813,-7.1420538012405,-7.008095068325359,-14.3541288327208,null,-14.06172198363895,-10.089648936894996,-6.187282716569084,-9.679745085202732,-21.322796700115163,-21.190336974680328,-21.016443841546465,-19.27509126523826,-6.298521913800672,-17.861004119189637,null,-17.301474348063387,-9.297905243444076,null,null,null,-15.172160699852467,-13.949425657282232,-13.154094640884104,-15.297069813197432,-10.057705791472618,-7.436439708319704,-19.152195157841675,-18.631308711852576,null,null,null,null
-11.862682614191707,-16.19770322599347,-12.76516397893237,-12.300286532330796,-15.523906212146473,-16.962798514042376,-17.951660751174728,-19.07555151661161,-19.843052458259955,-18.907572282173145,-16.524407980456317,-16.212450750093666,-12.58610868396722,-12.062059851986843,-5.457143459244745,-10.708087402836057,-15.788690880652899,-14.944096346273547,-9.241516984977258,-14.362024283983697,null,-17.60883046336191,-22.504938677563104,-22.67488323128739,-22.85514248135152,null,null,null,-12.31180684443789,-16.820245735186163,-11.171149535482398,-17.036673253384986,null,-13.803761574946169,-18.13823877375523,-15.426331253888481,-8.296608825051525,-13.279182699567851,null,-14.40873916474295,-13.81095821674954,null,-17.06496781224264,-14.278505112761561,-13.523558120581715
-12.706150191489526,-15.385131473927336,-14.30597558555487,-12.272455201943474,-12.668367041546707,-15.541040767329331,-17.873484486254096,-18.66132957144204,-18.067137669221182,-18.331501593916762,-19.087180403138525,-11.876513256695738,-14.102058306320384,-16.143753764184837,-11.577474365682097,-5.461109164795532,-17.432721931292953,-15.968859192305125,-14.68867487797916,-8.184858308160402,null,null,null,-18.397901501913488,-19.10749682081917,null,null,null,-15.73465940424173,-20.09769447768881,-21.652223577788295,null,-18.291763795397713,-16.575903446913586,-11.510422948949895,-16.611086446837426,-16.088775800371774,-14.476195982861832,null,null,null,-15.07035403314524,null,-17.070822834449096,-14.87600150968806
-12.997295161676526,-13.599512112765932,-15.7080176381899,-13.68808115807234,-13.430794143985716,-12.96678276333397,-14.359901143157224,-15.956036686854846,-17.238441225010806,-18.27278193568071,-18.997939444880494,-15.869291192355067,null,-15.400991218146338,-10.903708234037675,-6.152937198215293,-9.048662019507807,-16.75754107294393,-15.343395626188514,-13.343109683123437,null,null,null,-18.53950162286808,-18.721649648453727,-16.408658218632716,null,null,null,null,-10.63523745811209,null,null,-16.594573127236103,-8.5481655231559,-15.112288038360141,-13.0850028384611,null,null,null,null,null,-8.801183514850674,-15.588603788275833,-16.03328685099903
-13.2796980825869,-13.835567420599391,-15.275937077886729,-15.494369177892711,-12.937306335992684,-11.916775497370175,-14.113015168828934,-13.77077290837028,-13.482717391985403,-18.96568340687668,-16.447675984175323,-15.264410127194862,null,-17.13856546279581,-13.105502217942618,-9.479798034241659,-2.2041250991279417,-19.644884801660883,-17.126510254182577,-16.784106825962606,null,null,null,-17.93926106080549,-18.51093252590959,-18.590655728481956,null,-10.258052277345138,null,null,null,-10.88354390624199,-13.83373470260469,-13.312243743168949,-14.820469053933433,-16.535861514694904,-16.59784179953225,null,null,null,null,null,-11.192076487786121,null,-15.111290178839774
-12.199271029571529,-14.94484973921232,-14.947179904780576,-17.261399535574697,-15.305382779323384,-14.284220135159977,-8.43523768743234,-13.16569057385903,-13.146766008097536,-12.318607078361431,-16.70652086793259,-14.924467683412933,-15.282174892834965,-18.005875375367655,-16.596431801646702,-13.808878690609092,null,-10.364174963982352,-17.542535183560386,-12.859709170519835,null,-14.022329859177177,-14.22881489510402,-16.449471573516426,-16.960027774140837,-20.110130431417016,null,null,-14.529346361652468,null,null,-19.378668451555708,-18.583362746935162,-17.74170338161075,-14.981263390626658,-18.30296680494283,-14.324597994929668,null,null,null,null,null,null,null,-10.698973796060095
-13.322563137004925,-12.502808617659577,-14.95319386622133,-17.6130657000633,-15.152584833073362,-13.709327760696539,-7.671190890353476,-10.000636786425602,-10.096043026052792,-9.504178695050248,-16.003491906670526,-16.21095969152499,-15.533533556006274,-16.766232883239464,-17.666732201062437,-14.979299424579958,null,null,null,-13.918931295386802,-9.216476505098369,-16.848809869165912,-16.990819047166646,-18.61187007106914,-16.5217493148764,-17.97134177148733,-18.227224854713842,-11.378125067903722,null,null,null,null,null,null,null,null,-16.734643926903267,-10.85612029029413,-10.376018847602175,-9.713591914661624,-8.279271285176872,null,null,null,-9.818885333363529
-14.749924020113939,-8.60069123856077,-16.12301957460179,-17.61101494154236,-16.08030801207401,-10.96428623999203,-12.212619875499348,-3.3261405658919214,-9.952542336872401,null,-11.912281137381616,-14.726613947705946,-15.452333091404805,-16.89441315615334,-15.88044552467695,-16.280090580886398,-12.407747367680823,null,null,-16.76871017236187,null,null,-20.130465249202405,-15.736401763374339,-17.19020305740299,null,-18.593669279764736,null,null,null,null,null,null,null,null,null,-15.287877632982662,-8.061346943984258,-7.515545460408784,-11.105817688332369,-8.213443496733543,-9.71239459637623,null,-6.636290854830951,null
-18.33114162214658,-17.27793245252889,-19.4532774579431,-15.845597305916403,-17.394824366669845,-11.80162990840883,-14.206281047935665,-5.35302983141397,-2.444826242565386,null,-10.8090562397236,-14.78308189996487,-13.803207127627138,-15.906744345182362,-17.90108193835599,-16.022926699569606,-16.74770309880718,null,null,null,-13.706944698021662,null,null,-18.956973667061433,-18.888513500203633,-16.058626217872966,-13.528211304841918,-10.14793569912015,null,null,null,null,null,-10.173307989466153,-10.569907179719365,-4.144390182550082,-15.078447909092048,-13.86341932391826,-4.157030081563991,-13.575264229825958,-10.624157481027632,-7.722828928449556,-12.526602633250276,null,null
null,-14.570588926083463,null,-16.224963861482323,-18.101730674770323,-13.64316029226867,-7.901958410076105,-11.758709035389815,-3.47463687254611,null,-13.66509156273627,-11.888418832940726,-15.914591904671948,-13.401757823867339,-16.57827547017983,-18.29258564272261,-15.927231554669405,-15.922214768851054,null,null,null,-12.783812827922407,null,null,null,-17.119783839737348,-13.641291251433472,-12.141437357544357,-15.175239258531684,-10.881149813906891,-8.808882805806974,null,-12.98654413153848,-13.372069809804453,-14.947623729119394,null,null,-16.795703653630433,null,-13.760051193642306,-15.608040892101418,-10.38724136724586,-11.53826793321776,null,null
-12.229272131296042,-8.582240840352227,-9.570682723022019,-14.447256848645784,-15.28891470080827,-16.88026893575268,-12.43528140351474,-11.002090383891792,null,null,null,-11.893987722504122,-10.150173750722006,-14.797036183322106,-13.764159438227411,null,-17.839772213775838,-13.707847575916649,-15.447514452578247,null,null,-17.267883872638812,-7.375128780749558,null,-18.470124179062974,-16.80325722912353,-14.690827921138212,-12.390452866778835,-13.477625526058976,-14.82687747185558,-12.980298684194025,-13.314469961239213,-14.256509624123494,-14.310061577744687,-13.286285450317376,-12.664131199111164,null,-13.009074428089153,null,null,-16.362173700839346,-10.634028227751603,-10.919528992256662,null,null
-9.836024929022841,-11.728404944845488,-14.497500718135317,-9.587387414451092,null,-17.576881214254637,-15.539586745170737,-6.556318755698406,-7.983195931481554,null,null,null,-14.375373112458902,-11.389847136116199,-14.909863147364359,-9.522531408277699,-14.88867587615023,-16.773980754949896,null,null,null,-14.675087775861158,-5.891914193927836,null,-16.57785868394231,-17.079503762394648,-15.625151238019205,-15.885835121815195,-14.932899219548748,-16.97619096547626,-16.165777275596643,-15.160426356487633,-17.34857037264641,-15.610271794253222,-14.417830544997297,-14.455193763604232,-13.854556337833383,-12.833697608037895,null,null,-11.123469759727213,null,null,-9.797866214456803,null
-9.349993216751626,-12.974707912075017,-13.769454318936269,-16.505946398826218,-17.49685905904736,-17.56488814489509,-16.393155063351507,-10.523789612293008,-5.61383606566184,null,null,null,null,null,-16.762778035506457,-15.063262799202514,-10.701855431014135,-17.587013055677346,-15.402030928562821,-13.94848353588679,-11.761779528816518,-14.889877368509547,-8.197402938956461,-14.510572643484007,-19.64692318962237,-19.687929358332944,-20.55562513967764,-16.370784297026006,-12.842157257971326,-14.333810931345205,-17.843174724169366,-16.508694527414605,-14.901661069057216,-15.242622504624391,-15.00475230927563,-14.629591010613307,-14.208671441965397,-13.875103728519361,-12.071075772524267,-11.301744374742702,-10.672566484554451,null,null,null,-4.874950322045158
-11.733983825674457,-11.764058980165112,-13.69390652593023,-12.651300462995083,-19.032833638681307,-18.53933575978515,-16.56371168001162,-14.070000372187934,-8.936043391268464,null,-7.701106098907211,null,null,-15.293059047604503,null,-17.599045174722793,null,-12.856719546990753,-17.40401169386241,-15.247343682411689,-16.84914125812755,-16.783908827851743,-17.996941614920207,null,null,null,null,-16.912029245536083,-10.959919277931151,-11.836932040140226,-17.490299147710598,-18.073008390915877,-15.906980605664355,-16.395614547389883,-14.879166927210466,-14.73231561161457,-14.030178106755294,-13.94697180254907,-13.382602955033109,-12.64361689372734,-11.713147845668907,-10.296232767328759,null,null,-3.061158547073113
-8.531725665316518,-13.296617578601495,-10.516783966737083,-13.22716585210879,-13.944794974907971,-17.1585193865294,-18.327855462439665,-16.104670791836806,-11.352552207207015,-6.541095553914666,null,null,null,null,null,null,-15.070715823467616,null,-16.438442939163778,-18.299726195448944,-16.332467154383963,-16.34986496724789,-14.836903151463222,-13.023405236302843,null,-14.003025407200433,-15.520498288448252,-15.009106776659783,-11.178350550948966,-16.305285556009963,-20.464032460606937,-18.935282770748632,-16.982896496513806,-16.546954796779705,-16.727347885563567,-15.716734837751655,-15.037058995166648,-14.506067838525375,-14.502102452667042,-14.068823735050852,-12.69792717394331,-10.797694963933097,-9.060157009310899,-5.615583827119722,-6.063203619667838
null,null,null,null,null,null,null,null,null,-11.111865276373583,null,null,null,null,null,null,-13.102798976602672,null,null,-17.564298210314398,-18.55562276631285,-17.730693920433353,-15.221282386026575,-16.80511483990207,-14.405331317507754,-13.392841142308038,-14.262867338527627,-14.623372493691182,-13.596531688913984,null,null,-18.40329237132807,-18.561334669943832,-17.88082788136162,-17.99594711610375,-17.27884131612847,-17.484495293871582,-16.149100810651376,-15.154833111370433,-13.371451074494408,-12.495095722474293,-11.55427927290227,-10.00101349387952,-8.471914791206967,-8.742482064027893
