public/json/wind_2018-09-1517_850.json
{"header": { "discipline": 10, "disciplineName": "Oceanographic_products", "center": 0, "centerName": "Ocean Modeling and Observation Laboratory", "refTime": "2018-09-15T17:00:00.000Z", "significanceOfRT": 0, "significanceOfRTName": "Analysis", "parameterCategory": 0, "parameterCategoryName": "Currents", "parameterNumber": 3, "parameterNumberName": "V-component_of_wind", "parameterUnit": "m.s-1", "forecastTime": 0, "surface1Type": 160, "surface1TypeName": "Depth below sea level", "surface1Value": 15, "numberPoints": 4800, "shape": 0, "shapeName": "Earth spherical with radius = 6,367,470 m", "scanMode": 0, "nx": 80, "ny": 60, "lo1": 109.0, "la1": 20.0, "lo2": 116.89999999999955, "la2": 14.520000000000117, "dx": 0.09999999999999432, "dy": -0.10000000000000142 }, "data":
[rows 38 to 56 of 60, columns 0 to 41 of 80]
-10.961101556301903,-9.755803454567943,-11.187020327828519,-10.040318380767491,-10.119070912691104,-10.130847531330858,-10.797147063808904,-11.964607298163106,-11.069543301203188,-9.976774527128386,-12.07591044875556,-11.690779703649936,-12.747603497646224,-11.864770479739962,-11.856120438608393,-14.91945415569921,-15.018386067687143,-14.387373424662385,-15.133047699770515,-13.52518125427855,-13.470961595355282,-15.749556383436884,-17.01941523397108,-14.014833642263072,-14.341628934033206,-14.141030770105653,-13.460789750442146,-13.190189235373307,-13.408253291337493,-13.738616215613593,-13.954486063884188,-14.502127629069703,-15.615262407622827,-16.80587755618962,-18.52081102832054,-17.532550028545298,-18.69447755514714,-18.459930632382566,-16.978549088494457,-16.916427128644234,-15.956541468951878,-16.662969312167146
-10.483217103407458,-10.04459373101638,-10.574848003906862,-10.46924729813645,-9.999626141386978,-10.181414223714981,-10.604115218889923,-11.090134703408818,-12.03483940922353,-10.756265595804415,-9.488026920827965,-8.954667629524632,-12.00369895849411,-12.997468559046576,-14.277460339137498,-14.334234781900758,-14.592454243355629,-16.015011897703886,-15.508052864401847,-12.812604503768812,-14.379209599551178,-14.159515892924887,-15.442590180355715,-14.97764063366105,-15.420284374472626,-11.108655209301373,-10.760853966126966,-12.941881822489107,-13.104134385578242,-11.679586928742722,-13.572909406046426,-14.572790150157974,-15.57085689065961,-15.34073564464379,-14.923264354349898,-17.209165857310154,-17.765368938323107,-16.986689137648565,-16.514021132368583,-16.55947346720386,-16.161835819895497,-16.129147371603366
-10.466810406130383,-10.717768273591123,-10.66810394607952,-10.744679656349163,-10.635827814505337,-9.992145339050058,-9.99479802736196,-10.530585490848678,-11.505375171115542,-11.917949278970589,-10.976762235648373,-12.042818747226292,-15.108943957044673,-15.693361774174988,-13.032450201522812,-12.691265632271971,-14.43971510179324,-15.034155036925508,-15.954709685978973,-16.673937751634075,-14.515494368492709,-13.904150315042322,-15.670110335678885,-16.510195643558582,-16.922662086770494,-16.765026885004033,-18.48132672458346,-15.642533064148969,-15.634473892875683,-14.578123999140093,-14.6472373871521,-14.338738479069931,-15.7866243568552,-16.76496293856724,-16.943477019380584,-17.590798218098556,-17.706765788348083,-16.348912242396587,-15.250669791197033,-14.635803430806794,-15.796553185667038,-15.537160390771161
-11.320117246847431,-10.190379893313244,-9.643611101669828,-9.724551925046319,-9.792837890329576,-9.435590075780652,-10.03799270462785,-10.000638137248703,-10.470759790631107,-11.63516059121412,-12.990317443656135,-13.665363050961576,-12.669499475589072,-12.529918802501069,-13.897995202398333,-13.31778888358609,-12.792183336536802,-14.98115505498986,-14.548482582804061,-14.984383527827234,-15.84626504324578,-15.394561369273186,-13.36918332147939,-13.919462826755346,-17.150102715577784,-17.909306746923495,-18.26026684791505,-16.33378075324902,-17.720723680688085,-15.20648805188422,-18.751608788579066,-17.575494052084522,-15.469296307170133,-18.661897008610314,-17.001449782004407,-16.387279168524685,-16.164703503514254,-16.111053130527036,-16.065744014480284,-14.529201314342084,-15.787516031497658,-15.51845964942812
-11.606018551927876,-11.671261317322402,-9.98998445172418,-9.727208964023125,-9.362083991881073,-9.60959824005857,-9.926829758170893,-10.463886501520978,-9.988437672097755,-10.608184456340695,-11.704451445883702,-12.121545168368224,-14.189881317298923,-14.526255241234411,-12.894911411801246,-14.109215519472631,-14.681246837766729,-13.56621739282749,-15.970865074669128,-16.604566533449173,-15.250868087151263,-15.166721707482338,-13.901811075126592,-14.1346287004129,-14.410403033943844,-14.387615421352251,-15.375799322342688,-16.762011876701663,-17.265489450883372,-19.22792699487273,-19.05843246621808,-16.890203757609186,-16.689154772728994,-19.370076999687807,-19.349948823774398,-15.485030917258026,-14.820220782512678,-17.152238910868547,-16.89802638110647,-17.147933861770237,-15.764535868141971,-14.877487636404828
-12.220299657440385,-11.572517380186918,-10.398509072634637,-9.451340912933844,-8.624685788607662,-8.888692428766934,-9.075438065724121,-9.581708761639911,-10.08823185641587,-10.782833876161215,-11.034539094119955,-11.136076602678553,-11.1222492347006,-12.56690946277695,-12.190763944807195,-12.95758161918644,-12.917101951446888,-14.560037369144183,-15.435222965501588,-15.764439815296939,-15.095497947724953,-14.71693118347719,-13.20463997632854,-11.87285205819633,-13.49176625711666,-13.019961582049097,-13.131255525033778,-14.609302529040988,-16.807465612289974,-15.3496335697132,-16.05137771010819,-13.798618702059006,-18.663459668556797,-17.315831231866632,-15.323517235011725,-16.436709606343584,-16.324114579618197,-14.63042818101591,-16.020482739816938,-15.441608256847733,-16.954984902507604,-15.189246656275683
-11.720019872970443,-11.816634077343696,-10.826628845861661,-10.482958644297122,-10.024779019559517,-9.263049178714205,-9.469040242660087,-9.26650034682042,-9.740030256738988,-10.156323053563181,-10.096724863046607,-10.02264835096264,-10.9534581243823,-12.577732326308196,-12.957065102545958,-11.266790097675797,-10.620739131671211,-12.286637131086675,-13.62237620463383,-13.405411211002317,-15.061728255396808,-14.15680436250689,-14.161978744720457,-14.673861891419433,-11.041802080680283,-12.87969292414678,-14.990405081394195,-16.68205307415626,-16.593877370968166,-14.61140038949315,-17.640918001067632,-16.485304119952502,-16.017564408278623,-12.823346134580806,-12.536127208805112,-14.56001986327281,-14.181276348828964,-14.806425195876873,-15.659554198795275,-16.572906614535604,-17.86887850185225,-19.56647946656047
-11.065763558418547,-13.283002142408456,-12.298729282853353,-11.093456029685786,-10.325427806430916,-11.03137829135186,-11.341969200057816,-10.476253007320071,-11.203789617061586,-10.586587512403794,-11.309302309307004,-12.456346947660913,-11.681279124778381,-11.52441250106669,-12.227908843792983,-12.954510794987618,-11.754486369930522,-11.755889231601369,-12.857877150177494,-14.618701711690267,-16.266854469415474,-16.18731207329547,-16.11584457244012,-16.167749506509526,-15.595132592941738,-16.87781058516514,-15.649061987514518,-17.170802954476592,-17.972890678540843,-14.42617906090286,-15.60699715900103,-15.147332497299026,-16.748548211518333,-16.04758090389091,-12.363709116095734,-11.521204716930743,-13.638588195574103,-14.230203194997422,-14.946290552871968,-14.617119857736416,-16.20273457144505,-14.604897216455539
-9.232292666522493,-10.5637405246645,-13.218878636701536,-12.214353731005554,-10.669217807359553,-11.023149998541328,-10.96384400242901,-11.248752285210728,-11.710262526343993,-12.82666470553849,-13.3284108346446,-12.743729476517878,-12.097339309063731,-12.863343032787515,-12.21223195434781,-13.001088607848956,-13.445945713988051,-13.465667749390702,-11.295838727247586,-15.062534077517792,-17.060494952596038,-17.914562550326195,-21.80833229568419,-17.70338040423901,-16.294778963857354,-15.885949665797652,-15.315977271138618,-17.93528682069922,-15.167664794134193,-16.93830327284537,-16.339199118560295,-16.644334704371687,-13.942967012000578,-16.176783532227955,-16.378296470552456,-14.827037460493974,-13.479183773094256,-14.596439340898495,-17.11354790427602,null,-15.56467131472825,-14.154752070894073
-8.714521958300896,-8.734206794670165,-10.481323818099408,-13.8767921571743,-12.268573508042167,-11.073123609267519,-12.669500715687914,-12.85198656789257,-12.819637276242775,-13.657662472044027,-12.972377384218476,-11.677238052845116,-11.782196397835389,-10.855719894414966,-10.598132538397413,-11.052100682353714,-13.296450557447379,-13.495312605526625,-14.52636198697435,-11.692050230749475,-19.46255666682543,-18.722450172382747,-18.150948438108767,-16.77087370709218,-16.148790563791803,-15.121916683204251,-15.638445192233341,-15.567298252329842,-18.06743587206695,-15.68251445126966,-17.754129795903623,-17.014486146369677,-18.5067864941295,-14.483816262187146,-15.723266529619481,-15.148925128838966,-15.082306207997789,-17.114067685952797,-15.564846417536318,-14.514096026810513,-15.567467274537718,-15.185017063309012
-7.413812435387417,-7.9994012890824955,-8.82172076890355,-11.011432716854982,-13.261610290800675,-12.52801033180603,-12.252804809226559,-12.109188213847588,-11.544694182658642,-15.107373387664467,-14.001569462021827,-14.159346083429833,-13.366635992711728,-10.603694417882291,-10.379996654959971,-10.617874273193333,-11.730781263631606,-14.781124013519216,-15.368772180054442,-15.059633504743623,-16.095975314262173,-18.207317080154933,-16.75425663117309,-16.08216033466619,-16.47887244861694,-15.843689880120117,-14.985047238715957,-15.508183783529137,-16.633988109094364,-17.449848077934284,-15.092246927031836,-17.223368650812606,-13.39950635039786,-13.618282679470807,-12.549908126282718,-14.601079869551342,-16.09999172952792,-15.226479854546175,-17.162862166654584,-17.471330000420302,null,-13.387754332109656
-5.5612125699400625,-7.650142499653193,-8.352339148689467,-8.782821065844434,-11.771344515402234,-12.983600048604686,-11.949471025055765,-13.324840366919096,-12.873906538192248,-14.727164810638106,-13.154160994796293,-13.080258553550866,-12.952713214243454,-12.420596421906517,-12.486245746156918,-10.367197347847277,-13.296060444445274,-11.819835828959164,-13.081772209089705,-15.407525201052115,-12.493252955861458,-13.277037913673404,-14.524905299680263,-15.773605586730962,-16.590476627051103,-17.038510678753916,-17.278837226297888,-16.20287450011213,-15.411689174229576,-17.374027236284903,-19.422623275286124,-15.9423104665166,-12.155859240893188,-11.557223317785505,-14.228462376423115,-13.836939966286927,-14.1254787017193,-13.968273643257568,-10.99835693108533,-11.664325728127825,-11.434534356124512,-12.491945336992906
-6.828595367203371,-7.958061053869609,-8.083076398681406,-8.064591871019651,-7.657087104210549,-11.421205628713007,-11.422417680498125,-12.409798454184054,-11.45116909839037,-13.012441495531377,-13.250297807893844,-12.72230447411675,-13.213010555908841,-13.389106084287599,-12.65591937715632,-13.51120044511575,-13.373112439433871,-15.120015314981758,-15.080144025285183,-11.748942690911647,-11.21132504235339,-13.399750455848078,-15.306619119735778,-16.32423013373394,-16.52792419706397,-16.615895247065122,-17.58645897000622,-17.816045541819925,-17.130592051231858,-17.498529788955594,-19.112737298730455,-20.61768040124093,-20.03876923024076,-18.427011555418662,-16.985442291722297,-16.588037099407376,-14.977121718589302,-12.745361225939696,-11.25993024157439,-10.727420761846757,-11.728484481073039,-12.13942714671832
-7.125518256317448,-7.010182439016222,-6.9523153347333375,-7.603116376416224,-7.9198123359828205,-7.7094326815013385,-10.69119078172376,-10.760320724714271,-11.19069256212374,-12.756175397526572,-13.405268357558725,-13.321557037828516,-13.85178396131221,-13.688935782020454,-12.22904214289876,-12.262247698259307,-11.105230190258819,-12.043598454493075,-13.967464699393144,-13.422244057988355,-9.677573017177815,-14.423981206208671,-13.470613648364449,-14.552183889209966,-15.377438542006646,-16.730145536027468,-16.55913272228369,-19.129686691003833,-17.175140945818306,-17.718211011946362,null,-19.086418994271398,-19.485586687854273,-19.292856878494867,-16.302788929696277,-14.40856783312315,-10.949119207631679,-10.867427729721351,-11.369902347083741,-11.15535356015033,-11.412912537293924,-12.425870299606093
-7.190881797558557,-6.89608030969726,-7.4770337921544145,-8.05506693677703,-8.412007660788024,-7.596187697984285,-7.183832309340591,-9.77265303486947,-10.938987225913312,-11.23911601697293,-12.701838612989931,-13.650561057397724,-13.306420524776627,-14.427927283149204,-13.87150255429796,-13.183216451935762,-14.969999669019007,-14.687825379131324,-13.130130486779862,-15.671955177697523,-14.796241752838522,-14.779829559940737,-13.347183693932317,-11.815953335986823,-13.851193453998661,-14.420935217519038,-15.606436381385642,-15.25970159252303,-15.564904156737535,-14.357032233348164,-13.629012194981652,-15.320089567192664,-16.599815307070745,-16.81270869943243,-15.822416393621461,-10.954948354049256,-7.854879017292115,-8.736595905297822,-8.921901477878656,-10.430951114078473,-11.283408392401316,-12.23617380446218
-15.273698337590144,-11.654819580334028,-11.592813674759727,-8.298093974660988,-7.56133926518568,-8.646992186601027,-7.795977745860167,-7.291913899052087,-9.081510894026145,-10.483856123973933,-11.535994811298663,-12.72883256526306,-13.662367812427185,-13.812391142048913,-14.180696107499934,-15.559091265887808,-14.68189715937983,-14.260755562183501,-14.827920653702632,-14.649802869223869,-14.612204388740304,-14.791850150554298,-14.19402167992224,-14.087243448299146,-15.517364609871985,-13.098362859254198,-12.872088467127908,-12.264772519565193,-13.305784166003026,-12.691880049968981,-13.162089771233816,-13.265802132668991,-14.078456325338003,-14.888756754845938,-15.485611495506463,-15.270839489101581,-15.500340430018312,-12.907519744265612,-7.761692294556995,-10.316410323633102,-11.398277288834006,-11.91242414543207
-12.37774009566291,-9.877652945817392,-6.061040610142424,-6.93397401194782,-7.5386765793212405,-8.232355636276887,-9.680901144784535,-6.992484770107286,-9.566454565578438,-11.91096002527915,-10.863507811627539,-11.463987035042281,-11.972245788580118,-12.842400442073963,-15.61191767490272,-16.581589140773673,-16.79332576536956,-15.143465313706555,-15.45903317554145,-14.931596556926355,-17.277812795585476,-14.123275184027204,-14.142756020645464,null,-12.771405625010068,-10.927140297485195,-10.769653751642092,-11.401593375695095,-11.563346121081814,-11.262966178146558,-11.758818992441043,-12.636141816863857,-12.763734803623159,-14.110184099785457,-14.563087712628835,-14.081711611484096,-15.180428885546633,-16.220527543766636,-15.936615741724756,-14.964772610010105,-11.451145553825054,-10.460834633439278
-11.138653879884451,-10.382271941204005,-7.095100560892605,-8.201915592468694,-8.45379106366053,-7.226402610677708,-7.753286976037954,-10.674181225902727,-9.335076339837414,-7.221690683198189,-9.960297089595594,-8.555559521028501,-10.393621377954744,-12.397690779231919,-12.737201867093459,-13.469966909650275,-13.28126046076104,-14.686584051900995,-15.309854844753481,-15.91340865016203,-14.833755091615652,-14.639739412101068,-12.496629665260514,-13.297240828855903,-8.303020144103868,-8.868451694856192,-8.98091381048843,-8.964719531434367,-10.411196793750381,-11.859647558168273,-12.257090920373345,-12.832667441955108,-13.690996295047261,-14.06849995626694,-14.144329374879316,-13.890136403227935,-13.721839937419084,-13.247054302097835,-13.473021622670792,-12.12544632680801,-11.480143524655238,-10.582490967385288
-10.412803961030928,-11.114019722865836,-8.493773818588224,-3.5381401005156494,-4.045789344535682,-6.157915505960048,-6.262209267268673,-7.381346588397098,-9.591143526220845,-9.243417438576284,-9.01433375493416,-12.110958344240235,-10.828225339354056,-10.683154800737634,-10.810937086541387,-12.592762621383777,-13.561121502842262,-14.261802527698507,-14.332993591303989,-14.11978617489291,-12.829165279701023,-12.990055980783318,-9.95684179632461,-7.419213792515157,-11.971714112961749,-9.610308533681824,-11.077783139579399,-12.473584305614912,-12.728494596010133,-12.698191221451413,-11.978926913961997,-12.40078441107847,-12.5857316753358,-12.595245149168248,-13.127950735852707,-13.590243326699145,-13.038806706908428,-12.06730524677588,-11.544162654496548,-10.910430285944077,-10.993598643063589,-10.913512511097089
