public/json/wind_2018-09-1515_850.json
{"header": { "discipline": 10, "disciplineName": "Oceanographic_products", "center": 0, "centerName": "Ocean Modeling and Observation Laboratory", "refTime": "2018-09-15T15:00:00.000Z", "significanceOfRT": 0, "significanceOfRTName": "Analysis", "parameterCategory": 0, "parameterCategoryName": "Currents", "parameterNumber": 3, "parameterNumberName": "V-component_of_wind", "parameterUnit": "m.s-1", "forecastTime": 0, "surface1Type": 160, "surface1TypeName": "Depth below sea level", "surface1Value": 15, "numberPoints": 4800, "shape": 0, "shapeName": "Earth spherical with radius = 6,367,470 m", "scanMode": 0, "nx": 80, "ny": 60, "lo1": 109.0, "la1": 20.0, "lo2": 116.89999999999955, "la2": 14.520000000000117, "dx": 0.09999999999999432, "dy": -0.10000000000000142 }, "data":
[rows 38 to 56 of 60, columns 0 to 41 of 80]
-12.982693069761094,-13.823756563582094,-13.571941313281846,-11.480316636768642,-11.622238900563689,-11.962776661898223,-12.74357185956767,-13.374527461608016,-13.164300696044313,-11.703745874260582,-11.931311952855976,-12.54935754349403,-13.1588987474171,-12.478252277539436,-11.944970585952621,-14.114257451869905,-13.349478096195867,-12.750688202374825,-13.479451849363343,-11.901351201577482,-12.606716297551454,-15.009348071997053,-16.925413467901254,-14.48693420212051,-13.888086335926168,-13.306491052312118,-12.155425525816339,-12.084664162397761,-12.30712774048056,-12.61440211209985,-11.422389548431502,-11.248922922836835,-12.045772891366378,-13.559974006276644,-15.946477999866454,-15.892556767179844,-16.4406162504725,-16.241636394686854,-15.915002105551505,-16.427363895560983,-15.547339060295043,-15.463079932197775
-11.415687505986984,-13.749511964827978,-12.988713091172624,-11.96262750781198,-11.67603201127335,-11.697335896182778,-12.194564932263784,-12.459626690708792,-13.450736586122767,-12.660666843952194,-10.432234811017844,-10.38164708784915,-12.828476771047391,-13.08361076476524,-13.932558182648119,-13.32531758808562,-13.196187382187693,-14.159006192283737,-13.967482409719825,-11.470203494617875,-12.730455419987663,-13.635695802960186,-14.601523241586971,-14.866624803719581,-14.681694632103984,-11.768354610628002,-9.97455153269822,-11.999926266403225,-12.382832341505273,-11.413718622283763,-11.60028158788006,-11.993618445815887,-12.404961250531521,-13.223420987767073,-14.725462068370131,-15.976959876013675,-16.719835873371043,-16.279403629673833,-15.414744233991843,-15.379971647111859,-15.803476138739736,-16.07725770810925
-10.618462805995815,-12.777367358194981,-13.32496152182344,-12.735396438472874,-11.92650393740453,-11.726020304763125,-11.254281597685647,-11.495368571390825,-12.172273542936722,-13.390669793379534,-12.65637985061112,-13.029466575348964,-15.577225777706825,-16.010616190722313,-12.815056542804582,-12.39746646123624,-13.374886006734545,-13.973976940849727,-15.23483485984021,-14.832652130035003,-12.871855323165034,-13.014717425781619,-14.40948736600827,-16.448042126625634,-16.083186101859702,-15.939049143128697,-17.61403914036083,-14.698924402883705,-14.36711396921163,-14.2213639976112,-13.973785306984713,-12.245509602956059,-13.542202623276877,-13.235810003653327,-14.491527203209575,-15.681803196177633,-15.944638153019758,-15.440591201564704,-14.432590607011837,-13.961245519954531,-14.38560647657733,-15.040060561318292
-10.18598624541387,-10.42470557009165,-12.443419175478574,-12.696353819488362,-11.514214325773427,-10.677587841512063,-11.362493959308814,-11.328036898537523,-10.654292196349385,-11.321666974482003,-13.383541385392641,-14.168611803053379,-13.69649838133489,-14.460519556477166,-13.950879954692184,-12.405029229800455,-12.320806379223631,-14.112937472132558,-13.557241639861891,-13.60238806336779,-14.306321647032451,-14.349631232862528,-12.522795976866535,-13.474598458147522,-16.946303896301703,-16.96896952140965,-17.086866469835652,-15.652079153187838,-16.79756339802753,-15.991001863736294,-17.91864076087073,-16.08340400900991,-15.452028231186256,-16.18954491539612,-13.963886829493285,-13.135871946473115,-14.060446496835532,-14.877333371404285,-16.025136485471556,-14.871007928969428,-15.284126130889161,-14.344730163508723
-9.49638264022294,-9.929502439461933,-11.845124042507699,-12.846388900303225,-11.536873394884376,-11.246885400540094,-10.597140751440994,-11.081340664844959,-10.78600227588814,-9.966577574414453,-10.378720966215859,-12.325419624419837,-13.933938957260581,-12.449663196535688,-13.580388294338153,-13.576310114790296,-13.709761099169146,-13.055642333695406,-15.480706788679115,-15.947552092723429,-14.403196099733963,-14.415359886447403,-13.106283502773936,-13.293933815688863,-14.564899047767158,-14.052315445730583,-14.27935950577698,-15.747966751874946,-16.503286318759603,-18.28583068702293,-18.54383898689869,-16.95961683316751,-17.164210646122633,-18.498761905992783,-19.183689111891,-12.070895320378753,-11.629126426446426,-14.380965843545793,-15.415643551722484,-17.24436147541886,-14.954700315412243,-13.58763262110497
-9.212855913912803,-9.399312866711107,-9.801428659614649,-11.604807753328247,-10.800031846814829,-10.683795348372954,-10.52358371772744,-10.263214978882283,-10.184724815972109,-10.477441208711246,-9.912892059620999,-9.053549505862353,-9.432870512103442,-12.34311360689091,-13.648878292985955,-14.116590699553328,-13.326200181732764,-13.520071007819602,-14.851649465870263,-15.219660074812147,-14.426807185667474,-14.117519196782348,-12.357512001329761,-11.523889206286198,-12.627674135686988,-12.854215281376666,-12.392358749403671,-13.279646678167378,-15.624333184584104,-14.77777519467189,-15.613684097721844,-14.028998752463666,-18.837833047900652,-16.73809999670341,-14.911335825553067,-14.289294506317002,-14.019443006160559,-12.00352010565132,-13.007487336441164,-13.503596910682361,-16.746092456866297,-15.578035738463008
-8.565720841785865,-8.561352122592812,-9.37657869793739,-10.518045644793116,-10.609462505457177,-10.838024918016393,-10.71023625293757,-10.302962012859723,-9.745724985810558,-9.909548461255104,-9.31918594442793,-8.518726681406486,-7.778212923788164,-11.404772202164514,-12.714721358071944,-13.541435357365899,-13.023340653609132,-12.423527300352594,-12.216702014225339,-12.931404246207817,-14.28806830149162,-13.590375987138295,-13.40710932390332,-14.584298984595382,-11.475009765916324,-12.836535677966813,-14.528712163754616,-15.803979088975828,-15.035005872591459,-13.749213072282428,-16.528387403614353,-16.820364811532357,-16.414571601626225,-12.43481682723017,-11.967846775151283,-12.879730968237963,-11.534816409352032,-12.391863405776041,-13.63339593353146,-14.610271025105723,-15.877811849916808,-18.681083067584083
-9.633340561533103,-9.609392777600421,-9.088721839551503,-10.31148447111324,-9.947412703148999,-11.256116404525066,-11.828206842675456,-11.682553564896551,-10.731199967860565,-10.524377865847814,-10.676502504145942,-11.349109813002068,-9.345589734796617,-10.253831885707662,-11.961882431648375,-12.358354696655752,-13.22242315081816,-12.93813416109558,-13.552770975119927,-13.373682447684711,-15.851338581410559,-15.22498183481005,-15.271190872302052,-15.68642230805945,-15.685389817772087,-16.113850056201432,-15.10701321234798,-16.012129357493873,-16.219865841487863,-13.56153487815319,-14.489751588445618,-14.950433482844907,-16.302547562669492,-15.505251424956475,-12.081261222208402,-10.745438404105622,-12.436068657504055,-12.394315080822807,-13.459914920417617,-13.43534476848739,-15.129913683631148,-15.466756504249062
-9.41150151637995,-9.231902001329388,-9.142830989191028,-9.702140068903518,-9.490726088424879,-10.486336959784067,-11.44244021402605,-11.566891411598231,-11.379458285383553,-12.396103005798043,-12.612234046407256,-11.778707558208247,-11.17110416387177,-11.329642215182869,-10.846576505479046,-12.524353093955101,-12.671993954113422,-14.077252072891667,-13.38394421557549,-14.161677911442103,-15.96047388725049,-16.640935204117074,-20.591530394386524,-16.910654758071498,-15.554216705002787,-15.283065151658448,-15.013461633754172,-17.252354961790704,-14.284048059728402,-15.784392684664304,-15.520976608466617,-15.566238443833706,-13.319716508808767,-15.491675411560227,-15.487450247735827,-14.799060572858192,-11.974836748471779,-13.179276886449792,-15.345571369355836,-13.691190082115696,-15.003209540466594,-14.218940511039376
-9.247706246138788,-8.481213282541223,-9.873505316053395,-9.92639605647169,-9.205617469700636,-9.973394492937384,-11.983118962699816,-12.044289320032819,-12.179567145029647,-13.655484455782684,-12.679694175965372,-10.500549509860981,-11.250929166899748,-10.372563835806147,-9.847327346562789,-10.263265749611765,-13.343269020608648,-13.167123418633958,-15.125129573762509,-13.632673049892338,-18.255453823392532,-17.621459191661938,-17.346717248749126,-15.675543758564917,-15.064467011453589,-14.514662881385298,-14.600333691326774,-14.956528893374422,-17.374017239133686,-14.607099132692316,-16.503080569048628,-16.743970315652476,-17.522629144544258,-13.12797378843549,-14.676479982214676,-14.850957317049573,-13.864103957800754,-15.42834886824258,-14.608534734543987,-13.584583003931634,-14.644523005870656,-14.865574027146984
-7.67911635617199,-7.587173467699344,-9.045804464917598,-9.537344627343247,-9.762294618723013,-10.107965243065895,-10.914481296289688,-11.324640827393468,-11.03089027701266,-14.575926014569376,-13.639606178427359,-13.342695026688666,-12.485730585300551,-9.883009491701252,-9.927257126689357,-9.869158406273797,-11.272368042047052,-14.851943527307617,-14.796379453326994,-15.231247840817893,-16.75682485920415,-17.543640070584004,-16.211256054669057,-15.05591299304756,-15.731195704624469,-15.006041512832963,-14.436873226435603,-14.666719378829473,-15.859349061917824,-16.61142686519435,-13.83103868358659,-16.212950040134313,-13.740561348023203,-12.749588920472476,-11.294054975978627,-13.661164961796457,-15.176999942270895,-14.611704031888165,-15.564974512561001,-16.263754981433074,null,-13.30099979069938
-6.433158168974709,-6.986358990112935,-8.000681256853708,-9.610927970820306,-10.41958516843777,-10.7493142530033,-9.79963502628306,-12.088993702939199,-12.130544767294737,-13.352273323165548,-12.9988764688882,-13.047487539093378,-12.0498316390161,-11.192964714290426,-11.654431577939164,-10.453756514097186,-12.840609956962734,-11.992955015286316,-12.682827649322475,-14.914041554281269,-13.39196072026991,-12.004084715239594,-13.97818358958132,-14.77758927637619,-15.696878282162345,-15.90288277479089,-16.74403762257847,-15.288146753286782,-14.629194238981263,-16.41104256299943,-17.901804802549968,-15.432124535271958,-12.405257367277255,-11.465593057237978,-12.86527103550286,-12.32343950567751,-13.895054994842171,-14.470394689780004,-10.906327314437862,-11.864717157262737,-11.471190484795653,-12.176399742879639
-7.527098406512379,-7.996667328476158,-7.423675166615048,-7.4317674526688355,-8.987764417372086,-9.92619427428847,-9.617464038604197,-10.57741240859612,-10.584681626915623,-12.165338421025595,-12.933079379103134,-12.426416418062388,-12.182819805392867,-12.757337071452822,-12.50852793885081,-13.032355574258006,-12.639634409067483,-14.598875052863574,-14.582890617647369,-11.428734678626224,-11.201245050702678,-12.696060502347365,-14.318956619761352,-15.598651422754205,-15.799599542253024,-15.61488204626563,-16.299736349483393,-16.237082880130444,-15.28523260897727,-16.222930728757685,-17.430673515467014,-18.278621984922115,-17.77992919359753,-17.396943053295846,-16.002194082236297,-16.649886966227704,-14.296393499499557,-12.182680103927286,-10.833964570640358,-10.736277545946738,-11.627987301164607,-12.137628443655776
-8.433102750157868,-6.997072760686945,-6.292727039471044,-6.250596843343034,-6.805233973673829,-8.693982942873955,-9.702964169336468,-9.035971432243318,-9.9382458569211,-11.766150321321232,-12.845023158272909,-12.76208958679864,-13.206410454281633,-13.14427698943799,-12.199346811463506,-12.185798250844458,-11.195937322341614,-12.094991630450458,-13.709932764261067,-12.996229308924912,-9.638538866390844,-14.706684496232988,-12.760683966982228,-13.599538020597452,-14.593572688652872,-16.414482732310745,-15.504368276501454,-18.380230997139144,-16.40213475188844,-16.610056248915342,null,-17.71239335180118,-17.72359502385097,-16.927830318370848,-15.253286176463266,-15.63157432343508,-12.425589925712735,-10.0216154184265,-10.194188535054886,-10.740770657051112,-11.01383250917291,-12.643925513295965
-8.604343327881374,-6.393050157308522,-6.831880316802946,-7.462471221738218,-6.375089181616332,-5.614605194998728,-7.31802796461297,-8.787648498520689,-9.823350150755884,-10.829503521906434,-11.96062643064155,-13.09433124246986,-13.05387545287726,-13.889920230542405,-13.7034314471262,-13.365938219293804,-14.846107827366136,-14.40810391217656,-12.957547028929902,-15.35965730368332,-14.803876500626732,-15.110530362801306,-13.132841607884323,-11.315476280685795,-13.066223543394145,-13.786054055358079,-15.525015455724239,-15.222903053673463,-15.538877708900781,-15.165730584757515,-14.163050613387185,-14.982285299014118,-14.910994065425921,-14.218831748054853,-14.525783934801144,-12.674625142805198,-10.840917721899558,-9.510784075328388,-8.46256215504112,-10.32498439332991,-10.938467868030614,-11.689083006321969
-14.930188768496444,-13.038624925796958,-13.435368432055386,-7.820795080970438,-6.726537434979274,-6.605520294166158,-5.940046264414478,-6.835262675904751,-7.525781137357496,-9.55689891586297,-11.55542260946569,-12.10882657034568,-13.508849412297844,-13.908467370340812,-14.018967202532673,-15.135930540482669,-14.869499571043693,-14.119008580781049,-14.310911799167638,-14.43771681761664,-14.5551567598827,-15.270329260782562,-14.107988979865302,-13.622477907186692,-15.654812315243506,-12.410955964566934,-11.90834973412381,-11.466128155432848,-13.303625713951664,-11.821824036452107,-11.681619595586124,-11.752165795741657,-11.977555147586116,-12.529424193393549,-13.861794195601423,-15.832554997179177,-17.05035253291653,-14.132019653998645,-8.44921047385509,-9.834595320126853,-11.112794796440369,-11.707444537803415
-9.962835260711882,-11.003799186613175,-8.830122637839615,-7.612331948934851,-6.863127375135859,-7.566436320693669,-8.1022474463731,-5.834625477800807,-8.279610101573763,-10.954686678442599,-9.671193983706159,-10.926623381843427,-11.725987484533137,-12.88188113781071,-15.371168003746869,-15.912989965230793,-16.180762366049123,-14.827886303747793,-15.116223808224213,-14.358850641217652,-16.847787723110457,-14.050556882327832,-14.604020294359074,null,-12.997404574425316,-10.902568482740914,-10.455495619810385,-10.389446806443637,-9.869457548049326,-9.798454825597666,-10.991981332721688,-11.07003420925036,-11.26373124140263,-11.99996589699651,-12.736342573582434,-12.942919421468988,-14.335282155869532,-16.26902808832065,-16.411562352725465,-16.202556086544075,-11.657513891488884,-10.465174965805652
-8.896210959266236,-9.21817594493368,-9.521962149402011,-11.279612320526985,-9.222247318005858,-6.963239367281801,-7.439896543835809,-9.698779698498413,-8.05395861030211,-5.565758244677417,-9.589396124761715,-7.665219632481472,-10.279729716501123,-12.485094204905929,-12.335450997055917,-12.743270767010664,-12.674664952583,-13.951087016551693,-14.835606234450218,-15.513493794421123,-14.295245779304624,-14.047112897960474,-12.666871527852761,-13.155092273032249,-8.97392475288079,-8.976907096120025,-9.420088939569949,-9.050337168039874,-9.721516121555092,-10.609513645290464,-11.162953689013532,-11.989965903818273,-12.6861425810374,-12.763998133296283,-12.20470321347589,-12.54340964548299,-13.04687760505194,-13.69740180174756,-14.579171919551051,-13.817274071371235,-12.512979518243343,-11.879222936544755
-7.9482767930872145,-8.884090164524197,-8.7401282567442,-6.8773011236627415,-7.153918332171315,-5.972201215632106,-5.897009636077876,-6.693471588964371,-8.326603429856949,-7.936377022299501,-7.409477631446088,-11.749265470082241,-10.85268835071681,-10.367664539213576,-11.093552709490247,-12.61943831310903,-13.0489771053473,-13.61135555802982,-13.40503650964088,-13.053193631531727,-12.364892432836847,-12.831733572067234,-11.540270748835171,-9.585255444085949,-12.981786971699055,-10.488623119609057,-11.564756857819908,-12.444918804134886,-12.636263422247643,-12.123065563283646,-11.144601344545775,-11.42207084430507,-11.88681090009863,-11.730994526627098,-11.969010992976337,-12.195981327532483,-12.215320076431446,-12.69940564780428,-12.771050184764974,-12.35919865153017,-12.006580211465792,-11.920494936407408
