public/json/wind_2018-09-1518_700.json
{"header": { "discipline": 10, "disciplineName": "Oceanographic_products", "center": 0, "centerName": "Ocean Modeling and Observation Laboratory", "refTime": "2018-09-15T18:00:00.000Z", "significanceOfRT": 0, "significanceOfRTName": "Analysis", "parameterCategory": 0, "parameterCategoryName": "Currents", "parameterNumber": 3, "parameterNumberName": "V-component_of_wind", "parameterUnit": "m.s-1", "forecastTime": 0, "surface1Type": 160, "surface1TypeName": "Depth below sea level", "surface1Value": 15, "numberPoints": 4800, "shape": 0, "shapeName": "Earth spherical with radius = 6,367,470 m", "scanMode": 0, "nx": 80, "ny": 60, "lo1": 109.0, "la1": 20.0, "lo2": 116.89999999999955, "la2": 14.520000000000117, "dx": 0.09999999999999432, "dy": -0.10000000000000142 }, "data":
[rows 0 to 18 of 60, columns 0 to 42 of 80]
null,null,null,null,null,null,null,null,null,null,null,null,null,null,null,null,null,null,null,null,null,null,null,null,null,null,null,null,null,null,null,null,null,null,null,null,null,null,null,null,null,null,null
null,null,null,null,null,null,null,null,null,null,null,null,null,null,null,null,null,null,null,null,null,null,null,null,null,null,null,null,null,null,null,null,null,null,null,null,null,null,null,null,null,null,null
-13.0487428630236,-12.94008483736291,-13.034345179073183,-12.977122605954932,-13.122436290693397,-13.12745813545528,-13.132581054228577,-13.463366072020444,-13.665767813009865,-13.832832855959962,-13.5550137405936,-13.25028572178758,-13.398248441959847,-13.452332419032828,-13.812932458715448,-14.541200433280581,-15.34789467662934,-15.598839769965869,-15.435955473764988,-14.934767693437344,-14.355939037415027,-14.547866864067727,-15.204566896656353,-16.199499461134067,-16.03681374945932,-16.426770861723973,-16.119903830240183,-15.889477967349167,-15.909876518245019,-16.150440056182468,-16.175498998686475,-16.170121131709095,-16.49386691778248,-16.68681992457836,-16.6378591905037,-16.879110835099677,-17.721160578888416,-18.845813171023185,-20.06679688099333,-20.603065215265772,-19.91474298148841,-18.944190640342185,-18.09422287156042
-12.856657890628064,-12.96310303821258,-13.026401732383789,-12.986026556057299,-12.861887477164721,-12.895728787619694,-12.963291375183864,-12.90699246491382,-12.986229776886631,-12.898392480281824,-12.686950509504689,-12.627665561101097,-12.7015622356022,-12.918769173633269,-14.02048995229272,-15.14065726632364,-15.995111787330938,-15.29753752151981,-15.398256234882998,-15.257508945594962,-14.646770061942295,-13.55088879827034,-13.39170543666236,-15.38891324924359,-17.321506770249727,-16.98395586039065,-16.442966210729235,-15.726143089945934,-15.343498072625824,-14.513582672881013,-14.319832935276558,-14.816808717527499,-14.674143715130368,-15.605492370950584,-16.324835159769847,-17.315005219695284,-18.012653705473774,-18.818049404602494,-19.316422861775237,-20.725139011924384,-21.548662838291808,-20.768441635536988,-20.80978281957462
-12.859353089524092,-12.972728452952229,-12.836145827302158,-12.857384463878637,-12.640013830127208,-12.617572413596491,-12.66341727400012,-12.602859415972844,-12.500594158426136,-12.515082808801584,-12.611700017670792,-12.377958104081223,-12.225170086363143,-12.028238231257088,-13.596856032153383,-15.30576685709767,-16.15869542882028,-15.494636013752572,-14.806743879197613,-14.463214650809704,-13.329592543082219,-13.157257970526361,-14.290427053232687,-16.06748397671881,-16.798192877091992,-16.737466935816077,-16.36704438048916,-15.832449696801696,-15.053394267512736,-14.054687472793344,-13.542723043707205,-14.380085863756609,-14.638367192452026,-15.398471733912938,-16.316050382994426,-17.330153416923448,-17.846946083515842,-18.609112895415922,-20.07063549178604,-21.376355441576386,-22.051979297340903,-21.604905666366204,-19.92947788275485
-12.701947470140611,-12.604057548668784,-12.48631362546277,-12.272368084400778,-12.417164586860743,-12.523051702578869,-12.417479672678397,-12.56325604936336,-12.546528406839187,-12.919431606990551,-13.062437619601258,-12.784198707782565,-12.273416485908822,-12.145166254030752,-12.706481568198505,-14.960827992169127,-15.718139683465402,-14.639482782752536,-14.554896007867809,-14.108884641234223,-13.707789041843775,-13.81950720651136,-14.772451906909627,-16.644093477571424,-16.270181321656374,-15.894043152641517,-15.984830185085542,-15.69727701145513,-14.5719737057351,-13.594576843495215,-13.515814840197823,-13.625977855433932,-15.021783935805505,-15.446428569252625,-15.896184603873406,-16.444918727786096,-16.89340448177427,-18.276262859566042,-20.025368172580315,-21.53503374837897,-21.974114746954342,-21.489586321035414,-19.780628398318697
-12.445892471255185,-12.441875318964312,-12.238700411683844,-12.276713062155231,-12.266644818281147,-12.480936154699187,-12.587586369906429,-12.705544325267587,-12.8953353548978,-13.25578702382914,-13.342757203695392,-12.986125422835586,-12.25266630327364,-11.785430919342886,-12.157277034086086,-13.483501052627558,-14.616150579955592,-13.912475003472228,-13.939396633379868,-13.681679856181447,-13.696332188239548,-13.695475616983126,-15.029247922905451,-16.008399685050545,-16.029046169438196,-15.896103763011268,-15.933649922733942,-15.265722071152265,-14.210220956806195,-13.00768950361076,-12.837094682608253,-13.900301054400146,-14.689271903355479,-14.842257916925444,-15.46621288467109,-15.788732654591822,-16.289772569841453,-18.154106452685934,-19.845643527425707,-21.31334130556707,-21.696804992484466,-21.92256651878545,-19.978041731813317
-12.676394647374565,-12.554237778031485,-12.39323409315401,-12.36941137106166,-12.43464869138717,-12.52721525651733,-12.637813662694185,-12.870589692061438,-13.274448990133596,-13.524685276151914,-13.36584780971637,-12.740291977648186,-12.144843619552061,-11.960692487677287,-11.6059830316173,-13.087602227430926,-13.299690398429028,-13.10898008237698,-13.420707910507751,-13.639942372574652,-13.956489809077372,-14.326196054541846,-14.484247864954355,-15.36174417020278,-15.695811372685336,-15.613144713492638,-15.453557899733033,-15.015887556248476,-14.129716304896146,-13.038818218354264,-12.77084188072114,-13.247270331839598,-14.05284154302677,-14.50586044333526,-14.70300777485934,-15.288938011335961,-16.381671436433066,-17.964932151096633,-19.607236328128703,-20.82773663334934,-20.83292852517077,-21.877903655160882,-20.088720266377948
-12.54477163809784,-12.516538968370337,-12.422561510051711,-12.289246438459882,-12.48875146613739,-12.751917684709918,-12.685042724278068,-12.834354002041534,-13.041603262655212,-13.391987645219675,-13.174321604185637,-12.960307107437696,-12.697776038260557,-11.68392924335969,-11.694019059137643,-12.294277631116724,-12.634781039758112,-11.979671580379122,-12.966408147639877,-14.38660410927756,-14.23706558891511,-14.462811192409639,-14.877646121275017,-14.998771184137265,-14.806070192832536,-15.134725191335608,-14.648523944373085,-14.513706659411234,-14.161323341528401,-13.700398110176451,-13.291789729110079,-13.084351000080828,-13.389334289758159,-13.707213679829177,-14.373312620570264,-14.797656483413048,-15.711310415892152,-17.29687796153806,-19.334798288493204,-20.36543432710237,-20.11286510763813,-20.475428391752803,-20.228013910987446
-12.439458819715767,-12.28388593503104,-12.395043626951177,-12.249029044835918,-12.247055915653792,-12.31819630248637,-12.369994447165901,-12.5062514026544,-13.00352315603775,-13.23845794384262,-13.213809772881675,-12.86968249237384,-12.774726784427976,-11.950789654305384,-11.611651177906793,-11.893625092873334,-11.954929744707679,-11.638271263958917,-12.590604769419722,-14.289168219290797,-14.419139098109575,-14.524468603902614,-14.73334359184438,-14.339495014657127,-14.142233283194932,-14.53055173975119,-14.26884206036329,-14.06275141179264,-14.073377477119429,-13.297963837098688,-13.318140776370985,-13.021520358286658,-12.654972837013384,-12.93513931811177,-13.300016446646383,-13.906332564711747,-15.043929278626093,-16.827304568831266,-18.78842994773684,-19.767856329038764,-19.364353828075906,-19.667193859975292,-19.849796425165508
-12.509127426845383,-12.47133229231721,-12.348910354296924,-12.201660145139698,-12.053604336698891,-12.142740579675817,-12.342976378866965,-12.90538188853577,-13.185134978266435,-13.21673437310096,-13.326539410159228,-13.01805302313884,-12.44126709746143,-12.120987988899454,-11.999143624292604,-11.918422642090086,-11.379898929195974,-11.773202329538956,-12.468656748373489,-13.487226810694414,-14.000133657180179,-14.550479607782187,-14.066581793165529,-13.938407041241623,-13.922765728535246,-13.266631248393791,-13.068224329600657,-13.348007600487868,-13.272060223817213,-12.61937140365354,-12.780368670405956,-12.78412585283987,-12.155355466342572,-12.308993674907185,-12.620806719237063,-13.051130191028461,-14.080031656639342,-16.016390424185012,-18.23574498316334,-19.449222140398266,-19.107100122319867,-18.723729912115324,-19.167651761351067
-12.391767816785663,-12.436921854305664,-12.296140877042106,-12.070326069154653,-11.949403138700237,-11.89904013307623,-12.056974217991394,-12.675508812373579,-13.332309225159518,-13.673913971366979,-13.245117071152128,-12.79844251923787,-12.125840799394803,-11.830499973568728,-11.546461966647579,-11.913804194400608,-11.462076847463202,-12.024394751327609,-13.042770473195029,-13.852239036425562,-14.692432205672468,-14.413740053299502,-13.556322399374807,-13.685921634609572,-13.017677148486722,-12.652702155570811,-12.57503452738507,-12.512692730082694,-12.856154433757833,-12.69144335356379,-12.139754559146112,-12.221174840387278,-12.006584177847731,-12.048083546154658,-12.554816513625052,-12.82087556938664,-13.686875428667754,-15.556395563133101,-17.81042512591211,-19.240381529654027,-18.680416857655196,-17.816346667000623,-17.951964588857525
-11.84138222897681,-11.96290597800652,-12.040843178461063,-11.901392875722262,-11.53946284075089,-11.537279824973288,-12.010550576449655,-12.77014464849321,-13.308455307512691,-13.542619363547217,-13.517037931936567,-13.063945942316495,-11.755076136684558,-11.107002676621327,-10.470246998255181,-10.888327982179572,-10.977798107723878,-11.327166726206439,-12.775972301058253,-15.094208219210476,-14.335075873628929,-13.377157260455455,-13.135537188891059,-13.418208357445957,-12.643545300865485,-11.928586742258108,-11.776978847510517,-11.928569873022134,-12.08104099762478,-12.289797163183287,-11.867045255782466,-11.569990959404983,-12.044869639658547,-12.239337255831796,-12.720841466481067,-13.209075827975369,-13.85827404148264,-15.247204147644212,-17.080508515219556,-18.3425008814137,-17.78781432625794,-16.680589019523786,-16.01712513059216
-11.564215906065481,-11.415310879980195,-11.598399558356864,-11.461381969834417,-11.238330097146024,-11.174112997316696,-11.651358837839352,-12.479338725478126,-13.295676831977962,-13.666489875823693,-13.396050448149492,-12.707933697298834,-11.09268621944741,-10.210658696683444,-10.053019952993342,-10.821735569010503,-10.89524439178956,-10.63640318255722,-12.254748496718332,-14.164250905839129,-13.209221735967088,-12.921162420227501,-12.770488047764491,-12.553182629873273,-12.075976353419785,-11.096819747944682,-10.87922898571756,-10.985111018529512,-11.21300564538541,-11.56330681675022,-11.85376468512429,-11.930813450658738,-12.185980108936292,-13.053106053595656,-13.18760911560492,-13.727508612919431,-14.200204685762827,-14.913242984051,-16.298305451068757,-17.22304549453386,-16.704450935370318,-15.713645447787966,-15.211048491076319
-11.362853283844647,-11.686058181139314,-11.571662958410927,-11.421327423984417,-11.115613779122603,-10.952351118949327,-11.613046226913713,-12.257734496060747,-12.96178264019721,-13.435481045597568,-13.562305559912943,-13.035541558866544,-10.921849501957334,-9.884127119702962,-10.010112472660975,-10.807969737998516,-11.1349297508374,-10.839635379819676,-11.159025984630485,-12.48544203828273,-12.526471094620035,-11.960914266370118,-11.789396873220124,-11.417802573916267,-10.726302946518853,-10.47562117803117,-9.817433120810293,-9.845638133695973,-10.506157118338281,-11.030299109584968,-11.352214636458902,-11.997259953015652,-12.746559322975761,-13.4536785275271,-13.831432535200785,-14.158134309958566,-14.096672580012624,-14.592833323941928,-15.60645550505883,-16.428128842121126,-15.946962927169016,-15.442777098142493,-15.165562844511319
-11.594112327421502,-11.085756947298876,-11.078799987305922,-11.113399830423923,-11.079716281093528,-11.046363070570525,-11.279098971107256,-12.099639858298858,-12.746770740926124,-13.109159145534308,-13.40007629837688,-13.239756567705703,-11.597621640847127,-10.313369916878958,-10.438485108018247,-11.000379117215521,-11.300009451700147,-10.679566293395101,-10.172448132301312,-11.055349461416787,-11.107796686765123,-10.761255833118074,-10.791139929178591,-10.588288262857333,-10.259608819994765,-9.416307686529453,-8.899644339648926,-9.358877509168122,-10.11020190083442,-10.264473209249571,-10.845926373258683,-11.861513098690573,-12.584220864382381,-13.836338691647706,-14.456664325691243,-14.262948652527676,-14.040485005450382,-14.58322236662901,-15.89361230160774,-16.406626059634252,-15.818277435954645,-15.445112447891898,-15.231436446511292
-11.705159050354286,-11.288889210206378,-10.658004281602604,-10.55394659039343,-10.590599524021885,-10.557311128286592,-11.1393504501418,-11.922154020931854,-12.652080667802762,-12.86410876008547,-12.5883048966122,-12.977679489356653,-12.285817625352763,-11.371561973265756,-11.020274426248964,-10.811655954761061,-10.631911633617104,-10.582644147213248,-10.923911285297258,-10.36665448528587,-9.680121762971446,-8.868118203094346,-9.332365219447794,-9.266051040832696,-9.633931957028208,-9.501033312774068,-9.874660166959853,-9.554056345060825,-9.848233312504707,-10.085058561348518,-10.539577657111527,-10.897273410031502,-11.418382674954671,-13.181648357726651,-14.530888315751996,-14.484693723893733,-14.490527275642243,-14.52439668478727,-15.298356122066073,-16.427285301543378,-15.948937753416214,-15.343616651696411,-15.410910320273793
-11.478070059691557,-11.277312280157767,-10.88714103329118,-10.162913494197664,-10.016311764279568,-10.34604144540903,-10.756261190704482,-11.51898884861201,-12.1328515575667,-12.642502669748758,-12.571996833596401,-12.421574855197127,-12.578961352118878,-11.21862324906814,-11.0812749080251,-11.03537680205044,-10.699570595395471,-9.8545291047548,-9.668322710770042,-10.384884287240725,-10.533419581607186,-9.53109285413357,-7.244860297736494,-6.253818311349109,-8.499716142556519,-9.402031368468942,-9.15683722715384,-8.918564431370754,-10.072075342993116,-10.547195096681545,-10.671650022751798,-11.61931836427793,-12.473736865422639,-12.998242869845793,-13.737655013884453,-13.650047670204767,-13.355618219435781,-13.549116989496556,-15.039619769408837,-15.725873691619373,-15.759909975059308,-15.600682149713887,-15.562792044919382
-11.45858406067747,-11.202101533110909,-10.959377798580396,-10.686966502184854,-10.146759645349706,-10.170383334743411,-10.824758393806205,-11.259837021785547,-12.522794757814719,-13.11093328022116,-12.913670286499112,-12.248526019148233,-12.56690555133482,-11.434460546861388,-10.84745956056712,-10.429815706502103,-9.81930073175392,-9.85452928007057,-9.395586825281997,-9.293039356078975,-8.203467862039316,-8.024561438056505,-7.343464777589971,-8.751574206166822,-9.625526749576723,-9.585862223359939,-9.547936357714422,-9.4848319586075,-9.476926922617729,-9.587708642666092,-9.973758315086194,-10.829407271360818,-11.197208394676588,-12.038548406411007,-12.976038771050737,-13.24051648809687,-13.685282887279328,-14.294684530755736,-15.469931132607037,-15.807422289566155,-16.052267830015325,-15.911179435143968,-16.1216138929137
