public/json/wind_2018-09-1613_700.json
{"header": { "discipline": 10, "disciplineName": "Oceanographic_products", "center": 0, "centerName": "Ocean Modeling and Observation Laboratory", "refTime": "2018-09-16T13:00:00.000Z", "significanceOfRT": 0, "significanceOfRTName": "Analysis", "parameterCategory": 0, "parameterCategoryName": "Currents", "parameterNumber": 2, "parameterNumberName": "U-component_of_wind", "parameterUnit": "m.s-1", "forecastTime": 0, "surface1Type": 160, "surface1TypeName": "Depth below sea level", "surface1Value": 15, "numberPoints": 4800, "shape": 0, "shapeName": "Earth spherical with radius = 6,367,470 m", "scanMode": 0, "nx": 80, "ny": 60, "lo1": 109.0, "la1": 20.0, "lo2": 116.89999999999955, "la2": 14.520000000000117, "dx": 0.09999999999999432, "dy": -0.10000000000000142 }, "data":
[rows 38 to 56 of 60, columns 0 to 41 of 80]
-25.4155255423913,-25.2830627301742,-28.237924540307322,-29.52555160615948,-30.546101883041473,-32.26746288412284,-34.52621016010005,-35.306532768297394,-35.90779816787912,-36.851036005944245,-38.72086697848428,-40.39876118771362,-40.8699273538415,-41.33533925753503,-41.48175738358965,-42.321824964647895,-41.96382888443769,-42.266073127963345,-43.60075290210635,-42.57333938021465,-38.86775023778725,-39.922908932633604,-41.49633836155772,-40.415834993414954,-39.62828314560608,-39.34565627043476,-36.43672482787175,-37.45466382931603,-37.38351805546828,-38.679332945383116,-35.98868300112843,-36.09672297075689,-34.86448835404548,-32.424416402813804,-33.57356304716475,-36.60151447437785,-35.1786483011596,-34.80335847627708,-30.5782759564163,-28.436228935061198,-29.45823339805088,-28.66333958248335
-24.56343217679018,-26.502048714386774,-27.10931967935057,-29.181290181844098,-30.548278320349148,-31.523061643997277,-34.134275596286585,-35.67164145144207,-35.59657228243558,-36.0779659704868,-36.96544669844387,-38.76427298703656,-39.63638058624976,-40.089689421649844,-41.56909062519919,-41.053280320317526,-40.566975252272876,-41.671527327417614,-40.7339446833811,-40.029306823081896,-41.352591345469406,-38.396175194590924,-39.68768287640992,-39.07440646851572,-39.32468821457313,-36.23011909541712,-36.62930655324184,-35.043091385214765,-37.75141998322138,-36.19051991717241,-34.711471100161035,-34.56655471792482,-34.61045466515454,-34.22855146529962,-33.81831665520145,-37.07618223618596,-34.808847788676914,-33.136554681854854,-31.051755962233976,-27.812991607177768,-29.28605572457674,-29.019976244777443
-23.975529785917782,-26.262000375356628,-27.16383751193063,-28.562951340327853,-30.00675913379651,-30.61733830484841,-31.470531537332043,-32.91732988863628,-34.699054011079525,-35.67551620906654,-36.02747680935047,-37.97519641978153,-38.79330056505102,-38.37585456810282,-39.00905501212532,-39.48530652022199,-38.70844473190449,-39.24582260064196,-39.4901775898743,-40.267456509629646,-39.25195260480905,-39.09745561134826,-38.151972475102205,-37.78265397439843,-38.27318393358128,-36.89443110774185,-37.75302496951103,-36.690313221656275,-34.8240604417293,-38.55536912496539,-36.3441907306895,-33.3535615671803,-32.643733169564044,-34.230094025946805,-34.7769253446915,-34.89562030566603,-34.23644376374607,-30.52132028750399,-28.131695141820522,-28.071795980356605,-28.379241339396913,-27.05842478787646
-24.470359484131546,-25.64399138869539,-27.320776803681373,-28.965113146629726,-30.086777440502637,-30.78166786172137,-29.683056929525456,-31.371739858458838,-33.9358284718704,-34.42620550914722,-36.90070682643609,-37.74214727398179,-37.62544752672443,-36.58254082957857,-36.78183031605506,-36.120518968669394,-39.00981545769373,-38.01814001039999,-36.095941887156435,-39.24619714589782,-39.430619518770136,-39.280903034636424,-36.55269823987784,-35.9482140611082,-37.45336141343377,-35.91471040972863,-39.19782993501659,-37.80278021583051,-37.203984904194655,-37.92879171641435,-37.25997361386164,-33.9626335032703,-32.06329578074963,-34.994313616542534,-35.41211812066296,-31.1844009594441,-31.959172882238587,-30.890409127947112,-30.20911717005844,-24.653799777127542,-26.24722073401762,-29.131901520072454
-24.801168869672548,-25.933915952902726,-26.31309261643506,-28.143801080683506,-30.170550326890833,-31.329397592125837,-30.266078745432356,-31.284894179815502,-33.319761021362154,-34.11695783171728,-34.83879172767379,-36.06082480011625,-36.846762774137694,-35.515645899589245,-34.30500418256115,-35.31218236034944,-38.002332736113416,-36.81216002790777,-35.7711607460169,-37.91626562439039,-38.94542189221463,-38.44252683264568,-36.646461478458775,-35.24096786718478,-34.26903962027797,-33.66443064443254,-37.34990137785174,-32.576744184474826,-38.754168567954544,-40.486339710151405,-38.191952449572824,-33.4174960358205,-35.31935139957676,-34.8609590227621,-33.69140191681572,-30.27901862765776,-29.658568859429323,-32.857879979361556,-30.384762659107857,-30.568058782707865,-26.584723467714568,-26.075508012364207
-25.822110719196765,-25.985877183722586,-26.137235728600835,-27.029534490073754,-29.2321989624128,-30.380130361669025,-30.913171570387664,-30.472189525167558,-32.64384012438867,-33.72205787384993,-34.642283748590536,-35.645136374170434,-35.4294342009334,-34.063555140147585,-34.27851010893055,-35.027105805386284,-37.057058357117775,-34.88538705392243,-36.35436553777926,-34.968149721509164,-34.55399938443091,-37.3305845301976,-36.865309592379745,-35.33867656838322,-34.273115116348585,-31.692942766114832,-31.561673806221602,-33.939012324146304,-37.228369703768415,-36.93653451863122,-34.85618480173736,-34.187464783540634,-35.517209619896626,-34.958192990379914,-33.73629475595763,-33.431903092689204,-31.3264982493594,-27.690346473775357,-31.341933434177214,-27.63016856682836,-30.70774985825495,-30.089489845933876
-25.600453924987306,-25.83065059305135,-26.180739890803487,-26.896183258980418,-28.277912194181706,-30.167743336771316,-31.322815550208144,-31.34147832045688,-30.649329451292694,-31.71853944401384,-33.46485153324927,-35.57889694942181,-33.90198436991795,-33.62879076038603,-33.756065160773886,-34.89356718514827,-36.805518802051,-34.45096683719021,-34.098955595924814,-32.52726075502383,-33.33456503132379,-35.52210415368148,-34.6903907901813,-34.133763269095006,-30.97988730152704,-32.154548821294284,-32.50839060946279,-35.82083315028662,-34.44316174672886,-33.52092289836072,-35.28887273380922,-35.17705384977267,-36.36810531518603,-31.33492963296476,-30.062192100563152,-29.664397328416257,-30.07667628316718,-27.308602378517573,-30.33506093072787,-29.156231055831416,-28.346111260126193,-29.73361581757684
-25.03988010108025,-26.114052281174445,-25.667102493790846,-26.543936793256286,-27.947802629741666,-30.18828396182969,-30.70397877301437,-30.918922946817716,-30.54662259825207,-30.89871254324668,-30.435132592790936,-33.40032668603824,-32.91766144790415,-33.125571589445904,-33.61209816249477,-33.30767994045637,-33.94685468062671,-33.83425037342893,-33.1898822437589,-28.872812789501168,-34.26585255096914,-32.492566156324905,-34.107158055700545,-30.883612654419988,-28.527571376712327,-32.0838872267475,-33.46204052147279,-38.30394784325982,-33.41170897476937,-31.030862439861302,-35.200932647678876,-33.89387316387935,-33.783454845317465,-30.54674193507958,-30.380090516099056,-29.803569532452716,-27.78232822546131,-25.207967800976547,-29.68424937029043,-30.032017101046474,-26.45692376874796,-28.42361920327847
-25.76081923234048,-25.60882781613463,-24.988794143593733,-26.534068424208467,-27.0556065432972,-27.478554688727897,-29.130728860306334,-28.603509531364168,-30.053286745548327,-31.218688135266376,-30.981619386495872,-32.02462442852025,-31.87657508896745,-31.439077436606752,-32.44888825787536,-32.844073976021534,-32.27457473620647,-35.321988293096005,-33.443144883080116,-30.6477091816426,-32.71986846183518,-30.882611003366947,-32.274833540446615,-31.51163459653742,-33.39815343696088,-34.98945111523887,-35.67260770871493,-31.337575216369444,-33.72874959436324,-34.582077046150324,-32.91260052220529,-35.028404296967395,-32.26303302147618,-28.569328856848465,-26.256799141008585,-28.62300106266649,-27.481229433137997,-24.941829388047655,-27.46819169557049,-32.82881612544811,-28.06545228400028,-27.629504309226213
-25.46846169548725,-24.304844959820322,-25.13344027506284,-26.159991581159538,-26.637245811098293,-27.145188341515865,-27.853992498408143,-28.265808652916178,-30.32458278693977,-32.148781088827896,-31.641613522826447,-31.627726078834066,-34.06365295615306,-30.89948837783823,-32.22378209370374,-30.514453066551162,-30.559388568497603,-34.154248792814236,-34.91623221941503,-33.401250319793604,-35.755175691453644,-32.637036707334985,-31.719520032860913,-29.094441040208984,-29.517464097701804,-29.294998466351895,-33.78863833028265,-29.355100696100596,-31.310228752068806,-32.628652142569926,-33.2532271198581,-31.816515574789303,-30.6912873576205,-26.159490712303555,-24.35378514886408,-25.316215525863836,-23.084932886811515,-27.529259081935813,-26.587163980211198,-29.682780566878538,-28.69297464076143,-27.31638501710204
-24.918119840694082,-23.791865937623918,-24.828940894078393,-25.505956103758784,-26.243842248731504,-27.21976534427675,-26.484508268577972,-28.54188492989466,-30.052973737899226,-31.506488174703264,-30.595669560933857,-32.95560758618743,-33.890861843085226,-30.47519445480394,-30.926772468135113,-29.847249505944028,-30.06363824536863,-32.93315509352756,-32.59281961489505,-32.334047395243545,-36.83326179104016,-33.537199245075165,-31.7415485228757,-28.590883177506726,-28.659916746721066,-27.338346692570276,-32.039995849760274,-28.594456589882416,-30.44358691197258,-33.035159047653444,-30.064107717109994,-30.059924024654848,-28.231091616303168,-25.091452408486163,-25.91542194156056,-24.25118937952605,-19.25246555403295,-28.756628866052722,-26.77721840502833,-29.50698022360905,-31.345869249851756,-26.49157125808413
-24.714932913167907,-23.954408071678316,-24.05861106236876,-24.59175202422824,-26.45249824061404,-26.712354229182633,-26.396797842815676,-28.166852114830217,-29.788130329746544,-29.79135691511436,-29.791303842308626,-32.3648312903487,-33.34280664043262,-30.83727551308326,-28.64617633675021,-28.73298760843847,-33.974713941302,-32.17239011576449,-32.89306956129508,-33.108617658855,-33.37661605253152,-32.03205115853233,-30.67837423067628,-31.09757625030804,-29.545380224700736,-29.4608647036829,-30.058845858135957,-31.786755057490232,-30.271108850673105,-30.980421350015643,-31.464009454007012,-28.654234125891126,-25.37800795533402,-23.6030432823595,-23.600347947073892,-25.26821799343193,-24.4285472460269,-26.946506442129852,-28.433514077067116,-29.98327470024738,-28.367895177932915,-26.065746434424973
-24.527846228205842,-23.832560872431305,-22.39514842831629,-24.382818690379708,-25.666347548763746,-25.97028352660817,-27.215446139243717,-27.801833004514258,-28.32316548650174,-28.438030311181986,-29.32616339356439,-31.253155595050032,-30.845590945119167,-31.269267374923665,-30.39563334228737,-31.287328956132626,-32.81711860675507,-30.57751750084998,-33.5910336488694,-32.44109997895274,-30.592145787438735,-31.745199113040076,-29.834107629988956,-30.435373186647034,-29.43333517311597,-28.91398637913837,-28.88143663299223,-28.174288516421,-30.830435550237848,-31.30717703006527,-30.914140680894846,-27.88398856139037,-24.21477342132212,-23.403939234439008,-23.148305901231247,-25.112411675179995,-25.6562992810156,-26.0975972264387,-26.318812423863704,-28.72960966007644,-27.204512377597993,-26.783183743385386
-22.18186753906021,-21.75556481818301,-22.574689109173494,-24.565300920230907,-25.712255672539236,-26.26975404787076,-26.959516869951965,-26.16362384333825,-26.640880698438977,-28.618949893928388,-28.81307526813259,-30.219005652607596,-31.306367117763994,-32.48972046656359,-30.380357462115995,-30.92211346159224,-31.977326367135873,-30.344196096262117,-32.294020380221774,-30.926240749352473,-30.232321061968936,-30.345102952115607,-32.47766753084055,-31.492025209193187,-30.591458359081656,-28.81535447378784,-25.461125995309,-28.35552206512883,-31.56728692774751,-30.514953574472873,-30.3783391438237,-26.754780025325047,-26.804367508094725,-26.378165523422652,-28.589268925598077,-26.879409819411745,-26.0593138681973,-26.745903061145825,-25.639483167062092,-25.10969931876918,-23.714699517229697,-27.065274708089277
-20.268986355904893,-22.169305871253627,-24.90507293916759,-26.57171092790007,-24.989635685049578,-25.412624190507874,-25.46177062489575,-25.50415465065742,-25.626466161429835,-29.339425217960557,-28.91792313453019,-28.21754018646063,-29.977243996715135,-28.656054165727276,-30.958016917316876,-30.295706418731616,-31.791585695599174,-30.92160605053553,-30.411500937447215,-31.874820617208762,-31.801541726658634,-27.623556644797432,-31.853234406121036,-31.2131176236816,-29.602790023881212,-27.478768722058174,-26.047720176282194,-28.92156847690846,-28.728962673970898,-31.82465574701308,-29.34767211093895,-29.615485164946833,-28.96212296012407,-26.79434692672169,-29.102809934396294,-25.918406410951096,-24.936169008134137,-25.67364124852365,-25.092575715790023,-24.011921427216325,-23.668857148942354,-23.437913353608767
-24.259230897261737,-26.16584492660881,-26.326484048640506,-25.32597947123535,-24.44997290702909,-24.403028301099674,-24.862546157742624,-24.696425522085352,-25.911213688955144,-29.94247864074284,-28.24209840207425,-27.102263910127682,-27.935391108150238,-28.814263662248237,-31.651615572585104,-33.195645138019685,-31.054413410837704,-30.87409689076896,-29.52833640125116,-29.920774671589797,-28.972525257240225,-30.51378586996102,-28.654678133980084,-34.60542944202577,-31.015898243264104,-29.98363241293874,-25.44449852745946,-24.918665943387833,-29.66416778927719,-29.050279800408113,-29.731529938659627,-31.121365414967546,-28.149503875745285,-27.767961683712166,-25.02079269236902,-26.228803807409975,-23.693736202114124,-22.45174340707838,-24.135815095414202,-23.762434607924398,-23.221405594485788,-23.154542026536504
-24.818977834837288,-26.660083118708183,-24.898358198336922,-24.69722864563864,-23.67496286296101,-24.965868827641316,-24.044599777004926,-25.59101616936568,-28.205742145839167,-30.860820427085613,-27.940075051043593,-27.646649283232676,-26.96230242972416,-28.37772417587499,-31.67857941961741,-33.81046311114026,-31.137582190304446,-30.58450539760355,-30.31148430981909,-31.614839402051167,-30.636855806057554,-30.953936809770322,-30.629460228211045,-30.202941706579942,-31.634592959473146,-30.302248356810914,-31.26188761544831,-25.39696543363339,-25.09774501214004,-30.370490545479587,-29.671957809363693,-28.005796220920217,-28.415630850157367,-25.979221823358298,-24.034741000229875,-25.685317449150176,-24.54998390138673,-19.953633417996546,-25.184426836279158,-24.68550835062828,-21.831528655852424,-20.642613874189784
-24.25701093303745,-25.53052316977092,-23.79169066108676,-24.202195441180482,-25.59273236819799,-24.369760281217467,-25.72877959304568,-26.600213729391896,-27.958858247416092,-28.350207679657704,-25.93682746221478,-28.0950318609712,-27.627535313574136,-30.51511561310988,-30.404303706729543,-31.15001551935665,-31.686919613581235,-31.179438282336186,-31.05340392964154,-32.208664256977585,-30.401741512737633,-29.041695475329544,-28.46607777853313,-30.36908353105599,-28.1103666280381,-30.409490277424393,-28.21888107775552,-29.625453759658832,-24.94499278130135,-29.09117293089259,-28.36250779244219,-21.901580793054542,-26.17680414649384,-25.396564804839635,-24.77963140949297,-24.05974377642822,-23.320790814490124,-22.684290568239117,-23.798423358924342,-23.691004730616758,-19.1491108101592,-21.389748087032736
-24.586675381200948,-24.699212451104753,-24.44570905038522,-24.248285579781047,-24.47027462763439,-24.37721656407264,-25.44289854773644,-25.429028195494052,-26.82444279463281,-27.358562097735135,-27.078418975953312,-27.828361748690618,-28.46052060764989,-28.475251773753016,-30.096962295544067,-30.080760240528956,-30.639618004049453,-31.181547184329048,-31.658879598839512,-29.963565004167368,-28.841930221106256,-27.905374102447993,-25.242735435556618,-28.657286143820365,-26.720240763677953,-25.23468266883482,-30.638802417125184,-27.118509983421323,-26.14624341345072,-25.014282742083473,-25.063433113499272,-25.845912818890685,-25.346284681726146,-24.282922400304983,-23.440704615197788,-22.96649535693763,-23.75570170931593,-22.677234840202885,-23.17697075660331,-22.51248564105747,-18.522200655963537,-19.78273642088041
