public/json/wind_2018-09-1601_950.json
{"header": { "discipline": 10, "disciplineName": "Oceanographic_products", "center": 0, "centerName": "Ocean Modeling and Observation Laboratory", "refTime": "2018-09-16T01:00:00.000Z", "significanceOfRT": 0, "significanceOfRTName": "Analysis", "parameterCategory": 0, "parameterCategoryName": "Currents", "parameterNumber": 2, "parameterNumberName": "U-component_of_wind", "parameterUnit": "m.s-1", "forecastTime": 0, "surface1Type": 160, "surface1TypeName": "Depth below sea level", "surface1Value": 15, "numberPoints": 4800, "shape": 0, "shapeName": "Earth spherical with radius = 6,367,470 m", "scanMode": 0, "nx": 80, "ny": 60, "lo1": 109.0, "la1": 20.0, "lo2": 116.89999999999955, "la2": 14.520000000000117, "dx": 0.09999999999999432, "dy": -0.10000000000000142 }, "data":
[rows 0 to 21 of 60, columns 0 to 48 of 80]
null,null,null,null,null,null,null,null,null,null,null,null,null,null,null,null,null,null,null,null,null,null,null,null,null,null,null,null,null,null,null,null,null,null,null,null,null,null,null,null,null,null,null,null,null,null,null,null,null
null,null,null,null,null,null,null,null,null,null,null,null,null,null,null,null,null,null,null,null,null,null,null,null,null,null,null,null,null,null,null,null,null,null,null,null,null,null,null,null,null,null,null,null,null,null,null,null,null
-1.6030989077084148,-1.6883854389529298,-1.3213687000425336,-1.011744699048955,-0.2613193604090223,0.5876946869829562,1.5675212240732739,1.419531917357688,1.0883222310735405,0.09549187211425161,-0.3856931140982084,-0.15775150150946662,0.25822322650821866,1.0807973995845537,2.1509088603783892,2.766316924980713,3.98289914648219,4.6421246089373165,5.702559877824298,6.746599028905093,7.322878689155729,7.897559025305328,8.780320635594888,9.374446366027717,9.522142303366223,8.889637959754905,8.53494499682629,8.696342735946265,9.721654476422497,10.690503504382994,11.135549221639703,11.208880936743217,11.293468746545962,12.550963032578629,13.338975669939526,14.060367060035858,14.720255990541254,15.562096665860421,16.381117525664223,17.281717023121864,18.52341472464478,19.53337537047253,20.198479388449883,21.31374540462874,22.700684256372554,24.014275053360265,25.913764401056724,27.940218924027125,29.779438575175455
-2.282732222579873,-2.414948531804762,-1.5340634227427734,-1.4115669563257365,-0.6222818685493949,-0.09361129393932766,0.6523705921054548,0.8017995745914761,0.4050477668249382,-0.4968462761326318,-0.9794374194878879,0.35644874857292497,0.9353684112665421,1.775714017331644,3.0646970572685683,4.064237858979423,5.043086636227074,5.113283649303052,6.726314416949622,7.334606604384803,8.938209142123627,9.181883898619205,9.965069581128706,9.263376175785272,10.084757599082916,9.867302009519726,10.221113044220738,9.688777119005024,9.994542516780797,10.598803772714605,11.224458846055082,10.377875686195498,10.084482235624417,11.81930986265864,14.41102825588326,15.088842376236792,15.541698733499336,17.134821691366845,17.88924252518111,19.68572195860297,21.026472087912243,22.155521299053504,22.437500018657026,23.376866515986116,21.31849059466206,24.575077278858693,28.19316520554804,25.95241281612335,30.99243701685625
-2.662424774757711,-2.720093590504459,-2.3023337289845545,-1.7274472353246857,-1.0927504203793665,-0.3257313723286033,0.6280764246114886,-0.14827603863701683,-0.20281607571282823,-0.8156775692339862,-0.9332312040000276,-0.15567633599844288,1.1622180336433863,2.3326603647375936,3.587380577550123,4.627131884283482,4.911017992429244,5.4994695360884265,6.0327705402099605,6.831120116884952,6.797877284139313,7.547648641537208,7.103965516873441,7.6392811733045525,7.791629527293836,8.358426360141479,8.672310664318822,8.810637465194485,9.2853378192261,9.894258453168105,9.70171827824933,9.280214095410328,9.317435890194167,11.68124657502232,14.292427291206728,14.656962967146274,15.956423388201939,16.221249349755286,17.468714814977044,18.583139547653065,19.41372849055125,21.197707362013293,19.941714462891483,20.24625920313078,19.860510265550367,22.752398970275642,24.039764114747992,26.13645143200927,25.50834360763066
-3.2350878108659913,-2.977230265547531,-2.476758717535452,-2.252730489253493,-1.4191772305824248,-0.736311439196397,0.1366817279317372,0.27562195806707873,0.3209064075598753,-0.34203176457990475,0.05415198706467546,0.2064564457648851,1.443738592823753,2.2805532138891755,3.3223793215228783,3.8541768830530727,4.539364608426546,4.992882307943324,4.806824555540901,5.905941118966354,5.787715254850744,6.068741917002073,5.867763854255804,6.141962264103292,6.6655040497389475,6.740974586089902,6.645061756447541,7.468051833533163,7.768492138881564,8.833185638556797,8.592372726050023,8.088928859475645,8.578667244833015,12.202586041561288,13.945454485779448,14.270645140689169,14.745567953749395,16.18083598895371,17.417378262206817,17.91510922800189,18.838022258638702,19.439315060910616,18.650549489471796,19.579063780430875,18.991427423166154,19.198793293129924,21.245165213224077,24.044254363784482,25.715981419674918
-3.8363439343887107,-3.658472325508382,-2.687095709676377,-2.3212360346298597,-1.6610968774432355,-0.7197832950538077,-0.5205036032436916,-0.2683771657740456,0.518588964465355,-0.07120152948468866,0.17342557391113111,0.4758825713428232,0.5652195286924869,0.8428157269205524,1.4743745909790578,2.4402809764643094,3.9604408784657594,3.604236571286506,3.3464301032306056,5.128003227167963,5.075670963901579,4.418117497490204,4.863896301584836,5.240315009512809,4.97308798026803,5.7118382355829445,5.107280794442284,6.153768071070963,6.357852484439863,7.364502738568704,7.179558158359629,6.048792657520883,9.586413145748514,11.786225966760819,12.872989130891675,13.300755769067596,14.147167805265472,15.838695502159812,16.66079644559428,18.02001611292293,18.383762881311547,16.316670670252204,17.212320194587065,17.75621734884296,20.64840407406198,21.35035892533728,20.820843009852897,22.793473434083598,24.697509505159985
-4.59479296451128,-3.6780941442948993,-3.1412526511632715,-2.209322013623548,-1.3578851372277625,-1.0119572506880203,-0.7273772698942063,0.043428047072997154,0.5564908028526314,0.4971650862244709,0.1611553973220789,0.05957014315986045,0.7605414869326783,1.0658012491896343,1.3924592089742,1.8241714651149816,2.303261569641068,2.4121470797711573,2.6394419411694496,4.629646221853167,4.480305415048187,3.7752582094429945,4.0055066256372145,4.250126069498609,4.493029465378404,4.154692387286529,4.618378160558303,5.5587022379545195,5.289374224069971,5.5128241195220635,4.955752198283756,6.357252673663686,10.086876016866762,11.115406593686451,12.213971969888231,12.55160734723993,13.657885673779973,14.703122449707593,16.179816382766106,16.2018260838958,15.105231517530246,15.466298570554335,17.67082888437681,17.288264953332693,19.612925469894996,21.91957923651806,21.238369160674246,18.875179909687603,22.59906827223212
-4.784033720375157,-4.020786244014725,-3.372251015417822,-2.550401461185317,-1.8219180845007876,-0.5364631635542952,-0.3034459618274853,0.08388349666537932,0.5880434805043344,0.6556313883727178,0.3137443305359007,0.2977239141868674,0.0760785257923375,0.8154179963783582,0.7586021002104258,1.1847839372353683,1.442003213712033,1.5890792657777166,2.40053944530501,3.77788020926976,4.056574569959881,3.349564895006151,2.9413849069352653,3.095031274423349,3.6961707395326915,4.307366626170822,4.2092234371856,5.145805294342111,4.66477247964919,4.705348105286237,3.9267616715623777,6.699773484860511,7.874308429963578,8.927679791723286,10.213929834481824,11.709370082073841,11.655952338745664,13.812744810669948,15.250016516322376,14.41043085524014,12.573193959175264,16.19088144986896,13.817401952046536,16.55918719875168,18.984595375644336,17.236736392532922,18.84881689063313,17.038198129970226,17.732498017871475
-4.316091897300739,-3.6456343784610326,-3.2568613618977094,-2.8296905976185402,-1.7668386294186729,-0.7436482390219176,-0.3406545445528,0.25093883649725107,0.7998867560272196,0.5788473071966338,0.37283727528325267,0.03982599611115296,0.37026958281402156,1.076067377289918,0.8553911204485419,1.1461007162876036,0.4465059577774835,1.728917554187896,1.7055678279690385,3.041934663491248,1.6882450312318356,2.50824875152639,2.3428180651314627,2.5607322610642633,3.0482866507088957,3.630735218583816,3.973348017443773,4.178624825061261,3.9618586181936535,2.7330444346591802,4.786400701140858,6.9788078024554805,8.146741823015399,8.685136309868607,9.714334332749791,10.507183371209633,11.196230598265732,12.477748848841014,13.115997518164527,12.221468778028846,11.793824467331541,11.683872532540372,12.806709623427704,15.18302866865524,15.617626691586327,14.657916048514348,17.237105258092217,15.595058519336044,16.912314721792626
-3.7390744225608428,-3.4454383101940587,-3.134170929752356,-2.5627986045361233,-1.683965809793589,-0.9163611418697345,-0.3077241840095924,0.5239253122338483,0.7888426365845107,0.8049035057068684,0.20947742829409569,-0.1822474344686276,0.7804437352527387,1.0170556616651587,1.0333638371237268,0.4993844316804076,0.5963579780006708,0.9047907933997322,1.3725870735491974,2.2040389653821566,0.6366970862606256,0.35271225434329645,1.9844250560340617,2.862181592758257,2.7184881469826854,3.125166174687999,3.432719895806454,2.874564298642798,2.726195104812023,2.639684667150594,6.257432087444108,7.665025763963248,8.091560929457742,8.11530215278778,8.841502038761288,9.124375634259257,10.64148554655213,11.58490947897697,11.162066703174442,12.076606394119352,11.139473735785641,8.06884695117842,10.854541293144699,12.814925953126233,13.220141251466728,12.380670817092506,16.342898747462947,12.515457118487321,15.83831534725946
-3.2640146507769736,-3.2676841764735767,-2.8568624908340707,-1.890777310959372,-1.4784544814830876,-1.2324311156802257,-0.7417685466430582,-0.04053991874249409,0.6828514773566231,0.6348887025083642,-0.07604776900706907,0.2982963971315549,0.6402200382532048,0.05062226283833152,0.3520871619790546,0.5272082658585653,0.7455567289127545,-0.03911328238545214,0.8454022702335332,2.5036220383169097,1.966791754105349,0.2423233176547733,0.8506142793719303,2.4728609128333883,2.998595767342186,3.1108775560013164,3.0459428365112693,2.853370052810239,2.3849296347165563,4.321201458781586,6.279585716316647,6.991546653299485,7.243437699362712,7.804701924638321,7.760224155073251,8.145240368724256,9.513302670922178,9.128474509421558,8.648691293689081,8.944444394695878,7.828398199346126,8.61898246188759,8.392930209778168,9.704243676837711,9.7373919599074,11.403163457230162,13.347858927993812,12.150612125521867,12.581294628725807
-2.5860518866837516,-2.7583582174792545,-2.5552925074502983,-1.905712991846679,-1.3268782864482693,-1.3973506212764817,-1.3633607838898132,-0.9536058354103558,0.198106532293326,0.5646488323893268,0.4416141146517982,0.6277754730972908,1.5205263128906137,0.8979798382810601,0.26638023940035327,-0.19829693881681076,-1.4356845555437383,-1.4236550442956006,-0.8104500132586703,1.4181352401305225,3.0717268685163233,1.7184892284837918,2.0120359859147845,1.730316364444117,1.7704778299284443,1.8107888379517068,2.1058017405210503,1.8795879700364155,2.195918291742971,5.442693050539212,6.030769099213746,6.3111026732979765,7.191812116148422,7.1081232723643435,6.362679706752317,8.020836281471844,8.010853077116513,7.35455580941691,6.39252532520667,6.036200839364305,6.421297688140396,7.766785875854945,8.143342254402318,9.458257850338207,10.490727006091294,10.744241800325884,9.369459287407878,9.396907860480972,8.907537940661213
-2.6410845659824815,-1.8395993398984674,-1.9025937270353424,-1.651537083042477,-0.8340608273603316,-1.006368140928205,-1.238255045574508,-1.1738534443823503,-0.8029994745608637,-0.16569615272679142,0.5335809656487268,1.022894677128972,1.3799284559349079,0.5639094072210975,0.4682055280348682,-0.043650828826748526,-0.18596130717964268,-1.5712272312632882,-1.6186069491195854,-0.6287974798904811,1.8187128730487072,1.5864675984040355,1.721162309366983,0.9268371467292885,-0.9782689065234753,-0.875074345820202,1.2045906082029925,-0.5327994833669814,3.082254137212432,5.614730754533395,5.086779245387842,4.748526783889072,5.668097176138,5.885977716435287,5.492691563904295,7.317549081190213,7.72529423550024,6.0828121010122125,5.219251792548699,4.520498383352772,5.680780339268153,6.91274798609884,8.087630314620212,10.295413635841197,10.388011907085051,9.392800993947201,7.852121247457148,7.453900731748064,9.478734965646819
-2.74049938631515,-1.9389552748673107,-1.2800193542814142,-0.9850402843710673,-0.3024222320652223,-0.12804681348675706,-1.01213233493684,-1.24209354486723,-1.4655616970592822,-0.9900578565272762,-0.5170130967624262,0.578566027355129,0.5974433359219933,0.3682197305914604,0.18525894292957726,0.31730018541093075,0.3064003911226712,-0.35640875007491946,-1.9868407188981152,-1.7725569894614348,0.15852993516637798,1.2937952995253024,0.2771743288832403,0.003974306550421296,-2.0067527763745048,-1.878201064737099,-2.7152800329149156,-2.358668657292673,1.0346378824399556,3.581560131344279,3.8252346046668775,3.2751283050077067,3.5417739289621446,4.675292684835988,5.406832529756478,5.436094601776859,5.517688545539831,4.7228553294880005,3.4975034904212627,5.444658588709961,6.600685658545259,6.3878620976046,7.574150072322922,9.272604988565195,10.002635111292944,4.635332667928537,5.182001852724138,4.649256840948459,6.505602737903355
-2.5981333164885165,-1.875210283132103,-1.2572621434833209,-1.395742387041905,-0.17422639914080254,-0.3835922382299153,-0.7317769948200175,-1.5072510207906615,-2.846197828003405,-2.51275636302823,-1.617635044300789,-1.6577339275590726,0.21509945428724953,0.1307223485018863,0.007417370344652539,-0.04927680372935302,-0.08287674316883323,-0.5945081761478314,-0.920175577032038,-1.2270549389315677,-0.3848549065085558,-0.03882050619621075,2.4284693776423762,2.8781341562160256,-3.6094310224261608,-3.975226548733748,-4.181406845754268,-3.257461120197471,1.3594910057526661,1.9769068637501048,2.103278579862924,1.888879629875412,2.252339168312974,3.613566137941568,4.411493954901863,4.951510693859295,3.690195950614256,4.06478697522887,3.164990057377274,5.026638507593214,4.871712683138746,4.811317178907467,4.9655647437580415,6.484514343872296,5.00331781930722,0.5060746055337122,-0.4655468231642527,1.657965038113713,2.3004499691536426
-2.6772397809709343,-2.1549235577685755,-1.5812424974296952,-0.8691029308167528,-0.5161571968158349,-1.0262093643759485,-1.3254235457437793,-2.176942199295587,-3.0955803957972083,-2.2427152946527094,-2.5743708451520266,-2.261834520125848,-1.5400514521459159,-0.9099742778944754,-0.08598418947015643,0.5688769118651901,-0.4307661096891115,-1.3307948999761015,-2.2886564223344577,-1.703172615584163,-0.4079390161365242,-3.243378212537258,-1.2432332712962944,-0.4563290901567345,-1.7909350012112106,-6.076762110342255,-3.7221490129562462,0.5942842647160613,1.913382080731763,2.1514555120444907,1.9362756370889957,1.510252150398867,2.0209735330248213,2.5069556608298487,2.4142330577064777,4.0796037044289655,1.498439472156558,4.369965049562392,2.6141895566113926,4.7974584835601695,3.496122069646064,3.466992268016557,2.2832381825916457,3.6303407072857037,3.926745719057373,2.616932834501106,-2.8781752643575738,1.6309420142812387,2.007021039063962
-2.4871724104200235,-1.5849811367367623,-1.0629005803594582,-1.4708622465989651,-0.9375111950689998,-1.062948724866533,-2.247934829179517,-2.759392042927969,-3.0394390595639766,-3.3024283177295435,-3.4460918396288394,-2.775009227804461,-2.2254222406168167,-2.063241084094116,-0.03320706730875132,-0.7787437281171874,-0.8122177473529016,-1.6415725577662055,-2.679706909783828,-3.9003478681633412,-1.8444627309894355,null,-4.20681374281448,-3.320378468772856,null,-2.2307632888912825,-4.5786442299016015,-2.7195414885524722,1.7938333878591555,1.1904023644861128,1.25288167842222,0.7121291142494274,1.6526654546799444,2.651298955236628,3.277576658540413,2.242824552064929,2.090094945705656,2.56806086465973,3.5825711205685424,4.756853459185661,1.9499135139616204,2.678606206264008,2.0060476138090584,2.5664788350872825,2.4490005621303417,2.327267163152331,-1.9457097474557938,-1.176570772727917,0.733840930106983
-1.8417820819427844,-1.2120644365293016,-1.1092260885865288,-0.815808834307882,-0.8654454176607557,-1.4160454581827904,-1.7603627078305764,-1.9817579037560578,-3.5230121296887256,-1.8939065427216488,-3.047207188004111,-3.083846618036707,-2.224633638446132,-2.020555567261157,-1.4633213110590302,-1.4558220597869702,-2.445132917356482,-1.57226471066287,-3.4803473274896097,-2.9938681639550926,-2.349897861045862,null,-7.646145847605569,-6.888930554451348,null,null,-2.3147178258773136,-2.723508583387708,-0.0865497941584441,-0.23262639109513825,1.7000435346609406,-0.23016133413435905,1.9135389975750126,2.5521942931136183,3.2608264691426005,2.8058798354004084,3.2317466299374455,3.5234865747026456,4.303287529137445,2.5117281357116683,2.3750673526510453,0.9903840427207591,1.2913337631872492,2.077957195463206,2.3902549753497606,-0.9283470593843747,-4.95915927435553,-2.8078705493775544,-3.0834089503330304
-1.5630334138234256,-1.230945297441875,-0.7026996549240827,-0.940252503379695,-0.9895204208120074,-1.7643463442672525,-2.5693240296171918,-3.0888341106508532,-3.217553445562954,-3.3572454298215444,-0.8728846240465674,-2.1897793352527897,-3.8364346224178068,-2.1872701155566077,-2.553327962081754,-2.28300354095027,-3.3325238431043216,-1.6414736984526566,-2.363736188969845,-3.5234093465546996,-4.389655961805119,null,null,null,-2.1363786148744857,-1.329410409785231,-1.784244846906189,-1.897448742051788,0.2548435843832009,3.558475647172087,2.8792523978775892,-0.3773772535507386,1.436330302086989,1.9922674944130412,2.444938040766625,2.499075054179036,3.612403789200057,3.692371336629106,3.9333849478826797,2.18635833137008,1.3682561798788022,1.72941031673446,-0.3951721105190934,-0.4265849480016012,-1.0910496775168044,-4.390061482607375,-5.873394759171377,-4.117333083566815,-4.100938951706789
-1.4461418348031736,-1.5773162663624232,-1.6278887301168328,-1.0194050646974877,-1.0431439890460772,-2.1714352898740943,-1.9435918396520315,-2.5162280939221606,-4.761732587047051,-3.8574350430436604,-1.0607604477151644,-2.1499234750828764,-3.151018612491741,-1.7708132902463338,-2.0977782146305475,-3.4945527867674953,-3.539020749919426,-2.1582192141819827,-2.0531958012980085,-2.463392449052293,-3.170419544315813,-5.0700092450782925,5.627762528017097,-2.363031123199995,-4.868879944525522,-3.282990763620978,-6.287453897197409,-4.000462524480182,1.2042891165276917,1.677975392525227,1.4724133313690273,1.814449128698092,1.2173593984897968,1.9449497626144874,2.8965906204370238,3.4731752509901948,2.79159787656987,3.7158491431236444,1.9228031304768254,3.050022153894226,0.14321235043718522,-1.2007867124081684,-0.9188862462053493,-0.8431531148661984,-1.2668220478927812,-3.537953221588446,-8.701601132805656,-5.652821836896235,-2.9579864899597306
-1.4355889109506736,-1.102874560431376,-1.9682380669256845,-2.065497403986064,1.6950755563338564,-2.783408402143326,-2.102199601070613,null,-1.5969938282611416,-2.7447417190394208,-2.894652545140483,-1.639089559821188,-2.3584510399258467,-3.076294772029584,-3.4228500377005697,-2.256908154695934,-3.413415284755529,-2.1423470865916516,-1.3566553840987974,-2.0046594193175737,-1.4800926094563505,-4.313254575541417,null,null,null,null,null,-1.2616086250202427,-4.706703687845394,2.7606022308951097,3.690056885430435,4.07353976255572,null,2.9075505021826804,1.162973807130836,3.5015037547761763,3.9512841070624334,0.9533948152950588,0.5686874055188342,0.07944404771188608,null,-2.114101395551136,-1.1685810845691018,-1.1172558779736634,-4.193161206635429,-4.987457205179471,-11.634564877588346,-8.90184612651672,-6.710669669097758
