public/json/wind_2018-09-1611_700.json
{"header": { "discipline": 10, "disciplineName": "Oceanographic_products", "center": 0, "centerName": "Ocean Modeling and Observation Laboratory", "refTime": "2018-09-16T11:00:00.000Z", "significanceOfRT": 0, "significanceOfRTName": "Analysis", "parameterCategory": 0, "parameterCategoryName": "Currents", "parameterNumber": 3, "parameterNumberName": "V-component_of_wind", "parameterUnit": "m.s-1", "forecastTime": 0, "surface1Type": 160, "surface1TypeName": "Depth below sea level", "surface1Value": 15, "numberPoints": 4800, "shape": 0, "shapeName": "Earth spherical with radius = 6,367,470 m", "scanMode": 0, "nx": 80, "ny": 60, "lo1": 109.0, "la1": 20.0, "lo2": 116.89999999999955, "la2": 14.520000000000117, "dx": 0.09999999999999432, "dy": -0.10000000000000142 }, "data":
[rows 0 to 18 of 60, columns 0 to 42 of 80]
null,null,null,null,null,null,null,null,null,null,null,null,null,null,null,null,null,null,null,null,null,null,null,null,null,null,null,null,null,null,null,null,null,null,null,null,null,null,null,null,null,null,null
null,null,null,null,null,null,null,null,null,null,null,null,null,null,null,null,null,null,null,null,null,null,null,null,null,null,null,null,null,null,null,null,null,null,null,null,null,null,null,null,null,null,null
-17.732317466427165,-16.65363077463763,-15.634034401540905,-16.09741707385666,-16.475349613306086,-17.560758068089328,-18.03741067821387,-16.811369009392706,-16.045184226453244,-15.853976654341139,-18.461920079971076,-17.56898750695164,-16.646578760585893,-15.038342524978809,-13.22189608625318,-13.32858063352052,-12.697570288941463,-11.912753201420864,-12.239231573822138,-12.037924941810093,-11.719257316034183,-10.114197629348023,-8.769378672034426,-7.352395663119091,-4.501557474520743,-2.9037742533962865,-2.3829356943538276,0.13405104690737246,1.2146232603768436,1.6052011521756357,2.313785465822713,2.62035956341274,4.729959518852134,8.656624566410802,10.958304159838827,12.145582178383593,13.336529212870968,14.567875033270678,19.596333599537168,21.4236603794533,21.61676467237081,21.623192435215426,22.1667194838839
-18.126041751331403,-16.658204502212804,-15.920613361002943,-16.055770771026324,-17.77393935971547,-18.41611472686256,-18.258256882176177,-17.270700553526165,-16.9540967766725,-18.780800329539872,-19.978730453986476,-19.40575770042079,-18.25099058404153,-16.579303317879113,-16.586386569786278,-17.42705816955682,-17.606221888763436,-14.1071113944848,-14.30851150463325,-14.925242278260319,-13.099733144767793,-12.872098825522752,-13.671014986206657,-12.787161224858732,-9.347149673438702,-9.293179433269245,-7.376233097051355,-6.969609120178242,-7.629800207512845,-5.940530703154418,-1.9190933306123508,0.03532911384467061,3.751630901497938,7.15332666827023,10.511558983158235,11.935783073924432,12.1262798884186,14.038164747704968,15.914312290769093,22.60962765241483,23.79204887833781,23.605363319326205,23.328990581371404
-18.73774876699646,-17.63206393384775,-16.86051517128778,-19.1161133381396,-19.26333323863662,-19.302204825589985,-19.806043119529537,-21.617877515476096,-21.41595512554546,-22.147305512561747,-20.144698350323434,-20.484034926512827,-20.131710834344858,-17.8570498391556,-16.634795199734555,-16.95025088935388,-17.216687908400303,-16.173699107041017,-16.296861593351146,-16.218043814193724,-13.457932616629158,-13.697198649126213,-14.812138433826723,-13.679423340224663,-12.509295773877342,-10.321467798517693,-9.794812018794095,-5.907280570692816,-6.84601017210063,-5.115557513310041,-3.848808139831035,-1.2084821146320626,4.20939311566428,2.0853918469403747,6.8855642979219525,9.224899305628746,12.325554670998425,12.79490235183985,17.75489724689686,20.67506694736391,25.53163813164809,25.709586760700997,25.21342034035783
-19.341305591546742,-19.090901059321414,-20.24978627689994,-19.936735850053957,-19.397375938853255,-19.67310288171184,-20.677215268435933,-21.585675695446078,-20.919682444567748,-20.033611497893165,-20.302192451034678,-19.993736584377743,-19.772004704908955,-20.42004008223024,-18.043504389196155,-17.144697592232234,-17.360778111769644,-18.366540819653288,-18.34586215906441,-17.318078716043487,-17.19323611235712,-17.139223226195952,-16.249590850989566,-15.037119413004365,-11.971003616858061,-8.80523845233881,-7.874570062568921,-6.812369930969432,-7.170345781867085,-5.280480927144122,-1.1093895199737651,-0.6287678181218166,3.7529232024671715,9.693751576993549,6.568662217792155,9.695359936157624,9.719749066211579,16.134271289443795,19.90533160133387,22.16790751902446,25.70474105929797,27.82190830054705,27.350680866046133
-19.514414628796345,-20.623236435796567,-20.911563224151692,-21.49109673262508,-20.86293165550667,-20.272293782441135,-19.933058212959196,-20.278579209385303,-21.852238761530796,-20.66600915675588,-20.196345900550433,-20.183518274252908,-20.07768537475655,-20.22786675967314,-19.80791942447116,-20.06291776852703,-22.40759021530253,-20.853172041791968,-18.006056974668294,-17.614253032243834,-16.727078398572502,-16.883271281245772,-16.789449998999746,-15.06309043956425,-11.805441456354778,-9.301663386128194,-4.907615496162267,-4.6792900127579475,-4.809191666738991,-4.55383660882822,-4.223270612434094,-0.7072703141004674,2.828089733364773,10.409344573219729,13.57661276170989,14.862965853829824,14.555534860061915,15.296540462255576,17.991340534565595,18.63124399559655,26.386438906555547,28.769449732180927,28.9353130173987
-19.618359168709535,-20.902992102756713,-21.429926276836426,-20.800139174659364,-20.31082049263718,-19.84877012568712,-17.695475266268588,-19.675271918268727,-22.111163596692542,-23.153065510003213,-22.616217289915763,-20.99843216123525,-20.13804402317289,-19.5103589544266,-21.50807481855675,-23.544917721779818,-20.53968699446767,-19.00292340197776,-17.244133402178047,-16.575980992303403,-18.207652924333964,-18.75877261082698,-18.96467812766177,-17.1332765727746,-14.64569942259994,-9.336450616040715,-4.510567459470982,-5.015276482791208,-3.3733072523383187,-0.2116308692831972,0.2756203502953587,1.6089423637950029,5.2102280084169985,14.204171699445608,15.580061624976846,14.95664457313701,17.557759423077925,14.646092824156675,17.89587693089951,19.200916036523566,26.954422692526556,29.30742596176797,30.684950417662076
-19.702010463419104,-21.356494582355726,-21.793255419849764,-21.0562594525776,-20.880246681031927,-22.213411533250376,-22.763036103341882,-23.27486913901076,-22.78153736584509,-23.689790154758207,-22.789970979164682,-20.576349704163157,-19.381870852316748,-21.07187678431047,-22.84073540021005,-21.264650739340638,-20.82369591383365,-19.173232028694812,-17.81501273360355,-17.904029768220017,-19.47397986576179,-20.57710869636499,-18.820249537142008,-17.371938251489404,-14.851177274588922,-10.427590392630423,-9.79827826785169,-7.618945768276716,-3.3652629142328823,3.286092918087484,5.7467750721297595,4.865943599107995,8.437955418007025,15.604320639362815,16.937475620137697,18.432411999342627,19.71633377085838,17.888291813353618,19.13511109305243,21.3667241446366,27.977114146513994,30.719792749884054,32.477560401777026
-20.153739061066467,-21.56885999090173,-22.60914559083311,-23.004193566673866,-22.827307411562998,-23.470518165524183,-24.448820549000793,-22.766981684542497,-23.01230729328207,-23.453539316718622,-21.515136446278497,-20.081822897315867,-23.393351279831695,-26.680897617814704,-23.08210763910969,-21.311471517241277,-19.43680163142851,-18.649835774494505,-18.288601067532355,-18.56701328726811,-20.326541084604465,-22.359473728925057,-21.42714972371641,-20.06949705104089,-17.750141896205125,-12.55601824052659,-8.884826633599449,-9.020787246237004,-2.1544226533128223,3.6133896515946273,7.615116191327692,9.302873405366645,10.476314677739248,16.30712749070098,18.71104969554883,21.001096372765872,20.359482460681626,23.356099061881515,23.82241306293671,21.678901500810586,30.297134311017295,31.110704518916595,32.617528539219315
-20.20519904733638,-22.001421046840278,-22.76108898610606,-22.96462527073372,-23.6440543835873,-24.659090767661727,-24.064305027563247,-23.50143359218154,-24.84109894428142,-23.094310536899584,-20.759835175609513,-21.09661507356322,-25.95885850963864,-24.85537446697463,-23.353339859335424,-21.155489465518944,-19.651592652630306,-19.378198034677926,-19.466664505585037,-21.11701282582117,-20.243669970707415,-23.98601110302505,-22.3083125363646,-20.449359376269374,-16.426949828703183,-14.262078325450718,-10.83811522545032,-6.924090318324803,-0.14730492560193656,5.691270153541286,10.355172164817613,12.618809881041074,13.20984921874187,18.791363506203098,23.107345215863873,20.57576965808853,25.52698142843156,27.40687345751002,29.216312224174942,26.937929982506144,26.000458834543714,29.778081026030883,32.46433407495478
-20.686439626071177,-21.97273433177913,-22.40713593611165,-22.761001391059114,-23.74432393196787,-24.378022348315668,-23.84797984431766,-24.64157811474987,-23.793500764354928,-22.323448415487686,-19.78257583989049,-25.87070224080256,-25.69265136955742,-25.216801073905646,-24.548820089559534,-21.723695759666075,-22.813829184969073,-22.664674832458005,-20.861203386972587,-24.172079125374356,-23.22351209262123,-24.29429156236271,-24.402129745225505,-20.959442680408145,-13.712944820466856,-11.95821489746876,-9.433572238174717,-8.478760346733726,0.06821803091560964,7.951656185584274,13.059601955979208,16.256389113781893,16.34713592179405,21.296274374985387,24.092049758196676,26.92956658404504,29.49980996712612,33.68650051875333,29.765063806654368,22.00642281015984,24.575943616520174,26.117867996744195,35.06162777895767
-21.45293434763175,-22.13242255055409,-22.338107147988048,-22.952149463351052,-24.132212568464016,-24.34992686023975,-24.16812967411902,-24.366882175773995,-22.86664020746929,-20.393942751214524,-24.321136577350355,-28.71194163693587,-26.2235489064826,-25.95874976022403,-26.272005550285687,-24.78006471575642,-25.194219746762037,-26.052724601984163,-23.09779079731615,-26.842446438803645,-26.19203686633061,-25.39642033997343,-24.473598940546296,-20.834956613391928,-13.497801798844263,-9.662335318860858,-8.51737517326061,-4.7785734871879875,1.1773579311852165,9.991778674145285,15.373847453348716,19.833753583338847,19.14344768567593,22.84683685162688,26.528709428334498,30.851608693642397,32.536521816438054,34.24424446539781,28.434533099046348,28.239905141958477,25.70948120259326,35.0076874948852,35.23623009375814
-22.48789814864388,-22.68843893254267,-22.74927307812793,-24.220337481555656,-24.352958597085955,-24.38369533135462,-24.399772372417523,-24.075443308250478,-21.248829935321602,-23.521444564451542,-27.748206146959006,-26.99315463895092,-27.10169334212018,-26.857695266371817,-28.304341593929934,-25.67274991240676,-27.191033028762426,-28.588363513968723,-29.263824827315485,-28.58147484005886,-27.47526714843773,-23.47725870542307,-22.775021693487627,-20.34739622488238,-12.810941439185086,-6.042571629749162,-6.104823649211603,-3.3009351638077487,1.2117591562119365,10.581260492212158,16.35577232003073,19.19970538369395,21.293976326475466,23.663200578702305,27.580070967218667,31.026827936242746,33.02150809532468,33.3589503480436,33.34106953391742,30.545800507552723,29.478582790476295,32.776640005970336,34.424292632137906
-22.620740068874508,-23.08450336850308,-24.466561985885917,-24.23805830538208,-24.466712774610357,-24.147597601524655,-25.286244937886302,-22.87977521758681,-22.637930256153506,-28.159428344105443,-26.868772699298898,-28.237728810704237,-28.804748836446034,-29.830802650853997,-28.053573567671677,-27.171257324259866,-28.694741367652185,-31.029378388116267,-31.2977383801149,-30.978501114859554,-28.0672222978083,-25.133188139294425,-23.815909742795753,-20.10365959646777,-11.45557086917557,-8.643997901539041,-6.784440461381773,-7.569724054913582,0.25768767065711884,6.909987128156635,14.269492230885461,17.273124140681972,19.974821924334677,22.54824251222125,27.58729584537988,30.54008079370431,33.07218735468057,35.239430309072986,34.28946106205117,33.21982847453387,25.326863614367102,31.698643859423754,33.96746522046104
-23.10503154338985,-24.051152421058823,-24.520172817993565,-24.376702503828295,-23.924134775603264,-24.41213129562182,-24.64514777393529,-23.684901530753404,-26.570540397448035,-29.58392605366265,-27.169113727880283,-29.07707627496384,-28.51629527397119,-28.789303142461804,-28.30923779039592,-28.42853702219464,-30.826448159926862,-32.16929948411937,-31.47917275438914,-29.59531824763259,-28.632129807668605,-26.404982196137844,-28.458576599535128,-18.575211074031525,-11.5373765752553,-9.387949516621878,-7.449882820885364,-5.71344701123512,-0.1850299654746919,7.2999464313510956,13.208680926318625,14.541229185852206,18.95807242174201,20.152189286648408,26.855977249967445,30.210579060252243,33.5021243831212,36.60580027606102,35.3908086331914,32.00856595889633,32.6178002911543,27.976577442057796,35.42919127584926
-24.258463080251666,-24.534927560531678,-24.18917696058418,-23.9114155561619,-23.886027067197862,-24.70699018028204,-24.295759247453486,-25.97908088473668,-29.723099624150706,-27.443892271990485,-27.309842923725892,-28.717616787224912,-29.136531313505948,-27.103042623455163,-28.690123720948563,-31.51100260936334,-32.78148038543877,-33.166146059990034,-32.34211151854984,-30.27517531130673,-28.683651882659944,-28.398399520853104,-27.252529887982263,-18.741913462010352,-10.823617979651738,-6.633228653035501,-5.365878977757905,-3.706666184374658,0.8608788328960557,8.15530885330194,12.553454500688208,15.59237958140891,19.153877097722773,20.87642471023465,25.753730551588497,30.473265291339384,33.95925918812358,37.21229378744241,31.82848135570221,32.88440762308859,35.24720347764967,37.39531530986917,36.070889824316396
-24.72141773688638,-24.833579109584853,-24.174968132623313,-23.5027077283791,-23.363780342449594,-23.77091320223828,-24.782563276594008,-29.185824830381016,-29.54995268992306,-27.26663942604563,-28.3835431072635,-28.743231042900597,-28.841604989111904,-28.705371804131147,-29.226868432292605,-33.05014672762363,-32.55093204460465,-31.567573193934823,-31.385004228591974,-30.065898403180842,-31.001259985403312,-32.11718057427184,-24.323842493056308,-17.285640758579383,-8.722127954245881,-5.268190037895708,-4.471158722915771,-1.9676206374475587,1.7385816328881645,5.023396505653187,8.48217738680554,13.046729680738174,16.334277622807758,19.363911159141153,26.447678461199448,29.348871446102354,32.919553102020615,34.866996716744076,36.86288164428603,33.94756378552606,37.572709943629434,38.51143075986221,36.39311477900958
-24.815951373407604,-24.90871154357811,-23.47297914159327,-23.83948995444433,-23.998173684694283,-23.244455155414997,-25.742609374350867,-31.11974254400822,-30.819173741688598,-28.66576536798549,-28.6554644403489,-29.3361737024556,-27.706827870772752,-28.147563346510967,-31.83380920425249,-33.280519780605154,-33.788129163858585,-31.020657213794962,-31.52408374736975,-31.15361626588278,-32.0926125365434,-31.074392460936586,-20.44080443493555,-11.836302294782135,-10.389912813599816,-5.745814723448486,-1.254102640339691,-1.3846913368655316,2.173140953030787,3.6341371278444505,8.068800303347302,12.54281523661793,15.234264825966807,15.888040918430535,25.287125799339595,30.74540360517333,33.65442516546892,34.65085558569825,36.09922499133019,38.7706654631511,38.662108477467825,37.52237748894316,32.30242390904699
