public/json/wind_2018-09-1515_700.json
{"header": { "discipline": 10, "disciplineName": "Oceanographic_products", "center": 0, "centerName": "Ocean Modeling and Observation Laboratory", "refTime": "2018-09-15T15:00:00.000Z", "significanceOfRT": 0, "significanceOfRTName": "Analysis", "parameterCategory": 0, "parameterCategoryName": "Currents", "parameterNumber": 3, "parameterNumberName": "V-component_of_wind", "parameterUnit": "m.s-1", "forecastTime": 0, "surface1Type": 160, "surface1TypeName": "Depth below sea level", "surface1Value": 15, "numberPoints": 4800, "shape": 0, "shapeName": "Earth spherical with radius = 6,367,470 m", "scanMode": 0, "nx": 80, "ny": 60, "lo1": 109.0, "la1": 20.0, "lo2": 116.89999999999955, "la2": 14.520000000000117, "dx": 0.09999999999999432, "dy": -0.10000000000000142 }, "data":
[rows 38 to 56 of 60, columns 0 to 42 of 80]
-7.031197228189366,-6.711768505778946,-7.355899987866199,-7.867354624759382,-8.10678909593949,-8.313665563198459,-8.36206709412748,-8.462917557590446,-7.596956380362492,-7.023095547572474,-6.740005565253484,-6.382841287464388,-6.550923435628592,-6.619646020789778,-6.3730065714158135,-7.778244331303726,-8.176136384508963,-8.080496517635128,-8.835150127018156,-8.510618032302673,-7.722082220066971,-8.28366819282431,-9.540760709161331,-9.4989706802982,-9.82994365506751,-9.749851005531172,-10.073879987906007,-10.291184648275669,-9.872401011806986,-9.97326429214541,-9.960725356344645,-9.519211248602236,-8.297014398166693,-7.293998063429643,-5.973061273242056,-5.612025922059263,-6.979889278884545,-8.78852689963495,-7.037807109842537,-6.831752242807474,-6.128077669497885,-5.989759367067797,-4.621540463253104
-7.448376740475916,-6.804720599980274,-7.596785096449416,-8.224657424816735,-7.623229011412594,-7.511499152104187,-7.909234456256769,-7.85199162393328,-7.66838538219173,-7.210577851156732,-6.963805818166798,-6.677175916668197,-4.865320329554118,-3.989353159987509,-5.647682485646788,-6.673881354912422,-6.458744527493664,-6.807994232661762,-7.504826732032538,-6.959866377641716,-8.050939486036148,-8.501618144468,-9.026910357197139,-7.122405615771978,-7.628518906145693,-8.190706623898388,-8.167648608965719,-8.857916130343297,-9.53770973584249,-9.144128749470298,-8.784858088435112,-8.629362887818896,-8.211512264154399,-7.989064369133258,-7.935218236352124,-8.573236792263872,-9.963578494621268,-10.335319119461708,-9.273318598239152,-8.043751108122425,-7.257921387713525,-6.660150374283186,-5.435965983293943
-8.264823633320297,-7.898266697007125,-7.998857735067344,-8.554490282477055,-8.333485898035075,-7.821605904819977,-8.338241551405417,-7.593741997190499,-6.880951245320906,-6.702486781346385,-6.701624948903594,-5.790369745511245,-5.555428964090047,-7.841115512461565,-8.79867735541551,-8.151698847753181,-7.385674413444253,-6.750765885388343,-5.861485017939741,-7.243226067373101,-8.608449859362942,-6.624645189524183,-7.597162392636294,-7.697155635403125,-6.397672578076462,-6.699712405559845,-7.12498992007182,-7.823058000846192,-8.266053381636866,-7.657059579360304,-7.803390392680219,-8.073301564337726,-8.151238406325055,-7.869092323711145,-7.858305105444152,-8.311433391522261,-9.098228988765738,-8.934484498686585,-7.859769738414862,-7.266649501100934,-6.231318711026552,-6.469008999594668,-5.684193133063722
-8.154680357875261,-8.322205079528151,-8.471504956377471,-8.85704376411535,-8.716442490842473,-8.409789306017535,-7.829446962658674,-7.9992728896211895,-8.070645311710352,-7.611048308631263,-7.539339230014081,-8.150681681792202,-7.212336884117921,-7.048762114501418,-8.62786040976312,-8.13472085520486,-6.947935385053831,-8.323210961171968,-8.651306806986781,-9.319240902593913,-8.942455650486288,-9.971944314033495,-9.340009195659986,-7.968585608740744,-7.556962342334532,-6.45785182532922,-7.891792013390306,-5.591362590667506,-6.229427095736633,-6.7070039267991595,-9.322112119425796,-7.6531601893755,-7.104346902045909,-8.179870285650207,-7.526999608373212,-9.114117213586667,-8.092852829427864,-7.21809213690625,-7.546583538263892,-6.941721210657242,-7.250475576728752,-6.316357462463274,-5.897227919371785
-8.009650674808407,-8.193582054036547,-8.246374732294958,-8.675274659097148,-8.5036362383443,-8.201715782292563,-7.692236642512983,-7.965423229778767,-8.323633993254333,-8.234748518120243,-7.878707806083614,-7.295615096037919,-8.136348481239205,-7.756622978577649,-6.241589713184178,-6.645502864298484,-7.033287998157197,-7.525625218503121,-7.688939294239685,-8.509988141744834,-9.332630022405604,-9.340607736836262,-9.6086920718868,-8.789292917924374,-9.691968351123217,-9.356938426448435,-9.316585809408219,-6.9949873758467325,-7.808899994922493,-9.625731775836181,-8.803975902696015,-7.187036187590879,-6.736456766816362,-9.404615498420341,-11.72927847537018,-9.666285849294624,-8.424118127705706,-7.295591811232474,-6.587010490425001,-7.022257713545475,-6.047392519336267,-4.468391839243188,-4.133953061094475
-7.957853412490529,-8.201703212183366,-7.650305900739049,-7.984156559168035,-8.518691037690164,-8.250099468236483,-8.182680407628785,-8.440947456468678,-8.126643563308416,-8.115948820631685,-8.819291376266715,-8.040065318283245,-8.484091757174731,-7.8023281533651545,-7.600089818971851,-7.4854537784042545,-8.070662259994851,-7.388808292293673,-9.124366791017435,-9.121993769825375,-9.55421893099311,-9.144211255471447,-9.01873536605036,-8.8286998497537,-9.198316660890706,-9.540856881773493,-9.174710832473416,-8.52158721670169,-9.768697910807022,-9.399275925387075,-9.589208782615575,-10.33925021375359,-11.857727769490666,-11.534885027742433,-9.711723518292171,-8.554434723700545,-8.435231014792171,-6.770710979467648,-5.676831532867319,-3.5522558429876794,-1.5300660327773516,-1.348696948684101,-1.1083372085509846
-7.129580658467918,-7.148623854793445,-6.950349074663485,-7.102426216291528,-7.281901130562583,-7.339966677780939,-7.2930789696510505,-7.745774792280328,-7.483520904826918,-7.683651160660261,-8.078534555096741,-7.909845315214047,-8.78081012661048,-8.466636006899622,-7.763804556292992,-8.156557319577095,-7.705355368748613,-7.864502040311736,-7.152772579134535,-6.647360847924938,-6.4582047865114625,-7.051951861958713,-7.387936135033627,-8.262041804783808,-7.371755750158074,-6.55802811093083,-7.347708844548823,-9.056057136128878,-10.343608809457738,-9.868724269949842,-9.236575585341624,-9.756548084772055,-9.852105779739016,-9.024887023513182,-9.048265696593147,-8.439303671834255,-8.296813860306298,-7.170058052045324,-6.579132539132251,-4.59399644839984,-5.111250146770874,-3.712303690347481,-6.9781254017493755
-5.78300907069121,-6.319943913878429,-6.641744518518831,-6.475816411710969,-7.248978680829484,-7.288918990170513,-6.956450862252192,-6.479509107412273,-6.335391799965489,-6.060855045619702,-6.685137553445966,-7.07100737657498,-8.47610103784723,-7.802259103890952,-6.7906285983207875,-5.941622434249476,-5.5187946137175246,-4.508947648332239,-5.027363390947123,-3.9813231829059523,-4.3046658996861416,-5.3300337341473325,-4.882984584771617,-4.001773031435714,-5.070603379856852,-7.081730104917408,-8.732938989970643,-9.090866817268916,-9.461816915663064,-7.786521647877269,-8.992677411503058,-8.217041204491974,-9.438616664370889,-8.790607823529458,-7.941292528517227,-8.162019332314738,-7.829168318338356,-7.421066028237494,-7.844186012746894,-7.540343909376073,-8.387509014227255,-7.841185375034329,-7.9708454152167265
-5.479120893377651,-6.022622379170038,-5.748302652244095,-6.088386149346271,-6.417874378926877,-7.055674704115855,-6.902735232179376,-6.596768777602137,-5.923147882656496,-5.982533674079853,-6.77815207773272,-7.488795212110636,-5.463200973292064,-7.187698095076776,-7.759096796097842,-6.009188242926856,-5.490390728763667,-5.567602641553819,-5.685383270994382,-5.739063611138047,-5.927845055827712,-6.755500752231306,-8.661683034741296,-8.528444497811138,-9.09734491305322,-8.038176662022599,-8.250358994500603,-8.138329893474118,-6.096331092306816,-5.5240138375266,-5.833683609242292,-8.418522739634666,-7.0098678960647245,-7.6780763589764796,-7.226946072989552,-7.265375609348894,-7.2882241844177695,-6.364042225547561,-7.02172490671356,-8.772590685087245,-9.147574686342145,-8.67598055754566,-8.912257735279113
-5.683469521490484,-5.411240977904592,-5.195482483287935,-5.728366591269664,-6.189517399392803,-7.846614036106269,-7.686593913673869,-7.378990453634313,-6.4468957009315195,-7.310156923219923,-7.833876271193821,-8.152706865022433,-7.42913330894595,-7.712819245336813,-7.262132010083217,-6.876739863235345,-5.806203729614778,-5.2924361304364105,-4.873299195022524,-4.251313120218299,-4.4267600092872215,-7.442789904641516,-9.033523128471803,-8.488196222299532,-8.117020338965501,-8.221098887041725,-8.551179097942573,-8.600396736250248,-9.649443330624356,-9.097983860526726,-8.91482815337759,-7.495067996282073,-10.444788388303998,-8.254056567102882,-7.043498798518256,-6.031706852708407,-5.413087607543462,-7.26918151003532,-7.458258231044992,-6.903685331312369,-7.5186410318106205,-8.074890642418934,-6.041307964426328
-5.641965093779559,-5.1978497543456985,-5.088310551806283,-5.179643413261854,-6.040159721644267,-8.158730950504015,-7.85551230349776,-7.751102541466622,-6.465962443750954,-6.913194132166138,-7.873988108525195,-8.490805061007135,-8.021396060575068,-7.330888877375797,-6.520114565915886,-7.257441532352276,-5.351108041964508,-6.843723777651303,-6.21418802424956,-4.6212396902449715,-8.991911154412946,-9.264984840249001,-8.874439705707605,-7.806714636683427,-8.523775140744382,-8.696607786680229,-8.243191590952886,-8.644582532451082,-9.261425826434305,-10.054680018605247,-8.884075311773607,-8.935288275771814,-8.638187087911966,-8.285634714870865,-7.708052157987422,-6.557300571432733,-7.178523296926124,-9.468172743075712,-9.640227959039176,-7.862745917944855,-10.053870492993699,-7.892166303832581,-6.704636355073997
-5.681511138572098,-4.890598263446574,-5.007506224739716,-4.997995680093657,-5.815251748469901,-6.911351077907531,-7.88029626995046,-7.838930667821879,-7.997462971950719,-7.616452684543276,-7.351058105823648,-6.86066419348375,-5.85856759679474,-5.418562916787327,-6.085767419338477,-5.728245693285855,-5.449370557547969,-7.687877952281707,-6.4179763042872375,-9.636006964784457,-7.9819752333511556,-7.155462728369352,-5.306331818681675,-5.957233750153683,-6.262310817382337,-5.634011601267392,-5.858660146318064,-5.261802815541446,-4.993393006230069,-5.146409408342323,-7.640472288640277,-7.597144075172275,-7.394517598800795,-7.842327491423624,-8.548060515318905,-9.407498179497733,-10.175531921206103,-10.451913966202481,-9.053075919214269,-9.229517936243619,-7.773106998141472,-7.670958086460837,-7.146955156951384
-4.301478717239297,-5.072849706193083,-5.386322883535284,-5.87889304964735,-6.253809164594191,-6.692521454390663,-7.624857849459655,-8.990486950973779,-8.300861749484964,-6.862459855258846,-6.917154023482751,-6.260289533778421,-5.8721643502430725,-6.320037714710013,-5.505681160587718,-5.727171581948645,-6.28306032007483,-5.65270079779122,-6.84078758966068,-7.518546382350607,-6.0670481261167755,-5.949447936314291,-5.86241152974074,-6.043721884623012,-6.374968582873027,-4.869649435388161,-5.342923546947542,-5.018566155497323,-3.834492733009556,-4.99767079664362,-6.3051574693505374,-6.226023288088942,-5.668319727240492,-6.65648588609434,-8.514183717204613,-9.559886024751323,-9.512451696540325,-8.619008851221226,-7.546720395086572,-6.321862833072756,-5.559126897145468,-5.8327515684638325,-6.494496215508682
-5.952863215436058,-6.7732556177960985,-5.681706040945057,-5.930884277223479,-5.753487566077148,-6.14583144411605,-7.638370925195859,-8.219696545133145,-7.140757224482695,-6.3694665403570845,-6.5046019245364555,-6.009209179982519,-5.81121187639228,-6.36259315921234,-6.690222394514987,-6.664900863634097,-5.377073808009203,-5.210983050926237,-5.854720124698735,-5.704440145486411,-6.23956871741899,-7.78759989859549,-7.686533181879081,-8.079175254731704,-7.679924561806372,-8.477435944848928,-8.163578255860726,-5.973575773642092,-8.556291669695927,-8.853667593952512,-9.916014512663587,-9.800136635117548,-10.022268111826762,-10.173829631790671,-10.401590240722376,-9.127285176748128,-7.523715520360705,-6.849484129170825,-6.0209338275701,-5.345939613529826,-4.508036786801646,-4.022326464170028,-2.6035069129243893
-4.436886155732562,-4.803329887725863,-5.2070772088805475,-7.186766389050317,-6.607442375748752,-6.277128152250863,-6.237855663281435,-6.8713113488680975,-6.948445374151036,-6.293120690989291,-6.530068181023411,-6.0705438440839465,-5.091534530757469,-4.27923609488624,-5.378402304712704,-4.142144788739465,-5.458228991513934,-4.989536716851481,-5.823421255714749,-5.854788826423827,-7.860723445726471,-7.383168278986643,-7.7255740836269995,-8.173411902282139,-9.098613082366139,-9.346239519467211,-9.641256506482348,-9.028434857653831,-8.790767511337144,-9.315204383391784,-7.335445109452428,-7.547155919470081,-7.601063823235834,-7.2459648065912745,-6.96251489343905,-6.775829373967805,-5.815027429997734,-5.476016366996992,-4.910377156712862,-4.080242139003463,-3.5175650023440523,-2.3059414365288116,-1.878333337517458
-3.571969898084891,-4.482091007379119,-6.909145686002779,-7.0062909241777485,-6.504505745355077,-6.404656859998522,-6.106698714656162,-6.04907781161814,-6.458045685313708,-5.711657443844475,-5.793415121177491,-5.386115083975768,-5.473797880063186,-4.875487684208199,-4.366936888394031,-5.257132177402307,-5.417991168860531,-6.768164442285197,-7.299712929975802,-5.845882491307344,-6.576988273164224,-8.912957139998786,-8.339079513727537,-8.11989900822772,-9.848466622714243,-9.328852204092174,-8.739575128532955,-7.9623483338766645,-7.0887724952170545,-5.6978483935047475,-5.310560998019135,-5.313769712905204,-4.281535070112472,-3.147526040251634,-2.0414240424693677,-2.508409974352524,-4.9123083124407145,-4.375438990107797,-3.0156992721317155,-4.3472812191403145,-3.990131554667858,-3.378534296962904,-1.686465238798267
-5.967009770015663,-6.492734593280646,-5.638523514480496,-5.350931761391466,-4.667767120339711,-5.1190153418051345,-5.217675188695937,-4.628652345697407,-6.7465972101189955,-5.284403169958753,-6.854536430069453,-6.0114476393826095,-5.196919724698299,-4.202419482246077,-3.329933829361943,-5.057455966787728,-6.120490271769789,-7.15671706524735,-5.876786210418082,-6.891830813211343,-8.878770005633204,-9.244980832920183,-7.894049692775268,-9.155260727916563,-9.023025547318515,-8.073460235653087,-7.722424858415032,-7.018187302800067,-6.65433712982389,-6.123735454133567,-5.8573614680146155,-5.82272628976489,-6.33055759397631,-5.525372872219347,-5.1280820674106105,-5.470049324257439,-4.443697812113171,-4.641178154694325,-6.092617629270334,-6.180223387284873,-5.434437204288018,-4.689027343336688,-4.760347538072754
-5.323451083705493,-4.358258354488546,-2.5665070531297784,-3.4059628267408315,-4.599911564536121,-4.182527392759465,-4.832831284715359,-6.522912276105497,-7.3464081193970445,-8.077752902633497,-6.287605040037597,-5.22087747184826,-6.17886189146725,-7.710105464473706,-7.391636236107687,-7.974572991943459,-6.92187076961233,-6.318469508870174,-7.049464475513058,-8.985982666088143,-7.968836887549559,-8.266384854395952,-8.52433412210304,-7.559177436721289,-6.44889834520302,-6.561112847331923,-6.173221443561028,-5.829044062693636,-5.651651169041736,-5.485710499144105,-5.438713757915499,-5.7245685450197366,-6.191965061350045,-6.586625615559576,-6.3000241971578905,-6.486142245068949,-6.098676621062546,-6.2745889370441565,-6.303177899988428,-5.497158127355348,-4.543678374229677,-4.451621406868417,-4.586939740311658
-5.387348350952361,-5.778263030318124,-5.882435750581488,-4.717213256337665,-4.193722195324153,-4.177340570807089,-4.9908036413124695,-5.845284399559578,-6.154534110616417,-6.193007474422688,-6.306563305420731,-6.398957717341463,-5.903447866063328,-7.161607673864464,-5.103736592896921,-6.316405763966754,-5.80241442331088,-6.814648418735773,-7.3233355630944015,-6.290249277342964,-4.926012619331401,-4.843771421782082,-4.404101490317792,-3.4102092896262732,-3.9444503445868655,-4.3321176633088765,-5.640369656967318,-6.316623578163664,-6.223609793555704,-6.072230391491597,-6.07485142373516,-5.6639462160545495,-5.522073775673558,-5.831151343591822,-5.789710649427107,-5.899726693104935,-5.9442898208137045,-5.729252888073755,-5.675121770528291,-5.067042432616626,-5.202742411060356,-5.500557867538424,-5.892149439924287
