public/json/wind_2018-09-1601_925.json
{"header": { "discipline": 10, "disciplineName": "Oceanographic_products", "center": 0, "centerName": "Ocean Modeling and Observation Laboratory", "refTime": "2018-09-16T01:00:00.000Z", "significanceOfRT": 0, "significanceOfRTName": "Analysis", "parameterCategory": 0, "parameterCategoryName": "Currents", "parameterNumber": 3, "parameterNumberName": "V-component_of_wind", "parameterUnit": "m.s-1", "forecastTime": 0, "surface1Type": 160, "surface1TypeName": "Depth below sea level", "surface1Value": 15, "numberPoints": 4800, "shape": 0, "shapeName": "Earth spherical with radius = 6,367,470 m", "scanMode": 0, "nx": 80, "ny": 60, "lo1": 109.0, "la1": 20.0, "lo2": 116.89999999999955, "la2": 14.520000000000117, "dx": 0.09999999999999432, "dy": -0.10000000000000142 }, "data":
[rows 20 to 39 of 60, columns 0 to 44 of 80]
-18.56750153755572,-18.43510732318625,-18.780092115514304,-20.124680623759023,-20.394353809290223,-21.34837405936335,-19.071865937376376,-17.61339619751157,-19.519409831525312,-20.058438228000288,-18.32439930000993,-18.067714272555488,-20.8185236075341,-20.778467214729705,-18.99689247312656,-17.541282850182153,-17.04225553508127,-16.053374695457983,-17.60647028087787,-18.20243506881713,-17.97378323205791,-16.705205555335617,-5.454251787880137,-22.547455750955102,-25.148697518071245,-25.319996126279086,-26.549179624652233,-28.036259015054124,-28.209570649864773,-30.633234472291868,-26.979916253114247,-33.31302263275513,-33.19872952847592,-34.32012686215138,-32.64290158326615,-30.05571896975211,-34.003865469758786,-31.812955631364588,-33.27219424194244,-28.337471824048038,-38.20962442757164,-30.500035352032576,-34.06573696087187,-33.16570472091301,-31.70803756224555
-18.77508842288285,-18.143074439448082,-18.38498217470785,-17.744745726464778,-17.750301740512597,-21.075950144814048,-20.122845269636898,-19.736756100824955,-19.887590582016067,-18.99492468542208,-17.811945593269584,-18.414584717915385,-19.03690458480991,-21.012832443633947,-20.96561062434111,-17.692900727082822,-18.130371576932014,-17.747687507904175,-16.87659116267534,-15.98931799355191,-18.96367362492991,-20.102041922627528,-17.38906837168527,-22.417795282746365,-25.23525233787442,-23.150318305600653,-20.7859908432186,-28.859532219787237,-28.84661775184272,-25.063962310568094,-25.92040545634532,-29.450341620135514,-30.151963344314353,-33.97788295147117,-32.95476145733646,-30.801195894075626,-32.669986004194385,-31.974670839178685,-32.283251190813715,-29.08429825882439,-32.484276718046615,-29.253985459128426,-30.951485738089367,-34.48188599040536,-30.774206390275488
-17.829424559535134,-17.38781602815714,-17.57101885648495,-18.65927683821044,-17.958480796203204,-19.836127774569967,-20.641020454997243,-18.511502996838082,-18.4707227792649,-19.375777608710703,-18.308181192900378,-16.75299091659105,-18.73093887769564,-17.22090424843229,-18.664846603994622,-20.72643174523693,-19.427956511571466,-18.378563513443805,-17.6610990261265,-16.910049466087457,-15.848002505735256,-14.362780598142596,null,null,null,-19.182074936328686,-25.076808051236895,-26.509542531524616,-27.573214624022377,-27.867760632043165,-17.75258008726962,-25.313510949914154,-31.611577047899132,-33.61150098577203,-32.597730394231576,-30.829409989778753,-30.804123723945434,-32.135551996158384,-31.518353375042643,-30.665371492487132,-29.90774027395461,-29.370443700200582,-32.869160968271444,-28.99405195188809,-32.525440287160976
-18.461687488613627,-17.36799141790095,-17.774377994172248,-18.06560771514212,-17.092089321716635,-18.803617277024802,-19.04241887639938,-14.577007253338834,-19.29353381638933,-20.288704453847078,-19.51273161219532,-15.907869678987039,-15.436309698491486,-18.437775835300403,-19.547389762346057,-19.601702076465358,-18.143094539318014,-20.16615967935086,-17.843319625371535,-17.396894793570066,-14.13110990577466,-12.618687463770103,null,null,-14.21278395796749,-12.393438771246778,null,-24.81449313626516,-25.98700007852702,-27.230624194903147,-24.24608824650134,-21.360908889081998,-30.769576641655323,-31.69598508018339,-31.404029090379883,-30.784256263671445,-29.554021209018686,-30.958896688971194,-31.20692650774184,-31.73613691481928,-30.82801387415846,-30.337162059452183,-32.35374001952164,-30.748172905841308,-28.09148187927248
-18.98688434094963,-17.218062353828614,-17.92363180429144,-20.19965351228666,-18.046546321746412,-14.57480698693061,-15.645591146335462,-17.081045701186138,-15.168812618915776,-17.34785628157556,-17.939972090042826,-13.372860451401348,-16.480642709516967,-18.21867443836185,-19.656403974470454,-20.10957587858679,-19.203409349989112,-16.671731122061118,-15.311889988364584,-16.808513561812422,-13.08152087208746,-14.379556151065174,-13.290722378667018,-12.746798587567826,-15.587288891643128,-13.872072724041738,-15.508908472681368,-13.49032573480065,-23.158419215039835,-24.77860985191389,-26.644486266457516,-24.8856296794738,-26.71809358554682,-24.340739522896026,-26.820685780782693,-28.471488127254624,-29.201137744936716,-30.837657485310732,-29.981849910124424,-30.52642659932667,-31.060529731618757,-31.409205435902955,-30.166979757886253,-28.903626069987787,-28.92472189311176
-19.743489039462254,-18.32634776074508,-18.025780617542782,-19.244142230703538,-16.18964918663147,-15.772564264916568,-15.846889184367864,-17.540918272170693,-15.11432456047958,-16.10282041947843,-16.544615788685608,-15.781398549264393,-17.991243653527746,-18.371131616185355,-19.771823418030827,-18.635173985078186,-11.17462291087854,-16.739483200572327,-18.14301162357473,-11.969642614769173,-12.445750751258313,-11.448083339615069,null,null,-16.314331010641244,-16.170177232155105,-17.879126116623024,-14.44584493753172,-19.910811746750415,-17.60909493180273,-26.16969594947034,-25.44761658637443,-26.576329376084946,-18.65046938367212,-28.961698650553103,-26.93333286264628,-29.380707209649565,-23.58390053023764,-30.50048412522336,-29.428861608022963,-28.76222931002798,-29.69515105162762,-30.068974164437776,-28.788119609130007,-28.102673387582783
-20.790275836589554,-18.81231271521113,-18.732423837526554,-18.09142184682148,-16.58870811649694,-16.421417453891205,-15.390936863878625,-15.212788200980931,-18.55295900109339,-19.40235307671156,-19.749195417323993,-19.790585607676366,-17.08291340366933,-18.18865843262094,-18.76990693132712,-19.591864153815482,-18.098410310057822,-17.069198085621032,null,-12.825912952596704,-15.57731358065736,null,-12.206081432829281,-11.686110966681468,-17.437367738996894,-17.53120638364713,-18.842719783317023,-17.318933236024627,-18.69148806340925,-18.977688684742112,-22.969402034883437,-26.99916261320994,-27.56023851015135,-27.565424797652454,-29.539034341930094,-29.888760368936563,-27.2574576305052,-28.72083636656658,-25.344209615490456,-27.063706013819775,-26.477842061830007,-28.706132609740237,-29.569711301604062,-28.012946406929192,-29.948158903435637
-21.47886524144855,-19.192224570243873,-18.868360685624907,-18.352926689930886,-17.45301116371555,-16.661503966417136,-15.614083325027122,-15.23486921346077,-14.044172736081624,-14.912805281002548,-16.301108034622693,-19.664794610700927,-23.35428465839285,-22.55944557186975,-20.374634011136774,-19.94866421777845,-17.90203002926688,-16.86266173041226,-14.121498636151705,-14.966943038251447,-13.783608474519259,-13.339825345802767,-11.80595122226448,-13.589746697209627,-17.571431890373017,-19.502311900143855,-19.089313882438184,-19.14555769195811,-19.346361385377243,-18.599603698780722,-21.666388269410746,-23.023811710414332,-25.83070583387405,-25.62817318197363,-27.151295975682146,-29.85705270804144,-28.761815500526463,-26.717042828771316,-26.030026277338923,-26.702276223776146,-26.32073302501874,-27.06984575193173,-28.345293724674434,-27.553770686482064,-27.560191567590152
-20.784398533325636,-20.044782413652698,-19.254138061347447,-18.61210284049576,-18.590751099177186,-16.595147653468853,-14.91154868235967,-13.853956995513048,-13.951244569217158,-14.776921550547925,-16.255320511493004,-14.384884253411172,-10.511179427176838,null,null,-19.332850511595986,-18.101545621319165,-14.198237087383665,-17.65635573717227,-15.128354243218686,-14.471214762020544,-13.215269849570472,-12.999041973716764,-11.00616794642336,-14.430205698842524,-20.23317807549736,-20.264702108899584,-20.640423866479686,-19.294385976719152,-18.5657385582683,-23.27535907548114,-20.36785164286622,-27.080683904732986,-23.696757512416674,-23.29435923154839,-27.169878337441414,-28.352142433780898,-27.68576207003572,-27.829130426067124,-25.523949576717328,-24.09908481644424,-27.266495463623155,-28.81429003619795,-28.895597981272665,-25.75956789495619
-20.249001703896724,-21.32653433654189,-20.876155460789118,-21.438573407120167,-20.072244024884576,-16.49812421180232,-13.543860924631888,-13.538514418242947,-13.440528036371946,-14.94519906474671,-15.765591095817756,-15.518955086516538,-13.745480453355377,-12.429833299413957,-13.737757802007069,-16.737992352009087,-18.013250729254924,-17.485259135906105,-15.918162880853966,-16.158217084213153,-13.004754683051349,-14.321024106508695,-16.743012427514717,-11.91739138401077,-9.949105551397459,-13.696195922229627,-18.22016097493755,-21.423038455147662,-18.96035589103611,-19.885659170653426,-17.093474286898932,-25.444404507027794,-23.23297242134016,-25.08290517287414,-23.331621220752,-27.147549630226564,-27.811342654440594,-27.783475964730357,-27.019534977853507,-25.891993550163747,-24.12221757970471,-24.897051038133174,-27.435151253348877,-28.298793941893525,-26.952626811753696
-18.005296923676617,-16.741814822178693,-20.56950097205118,-19.938353287128496,-20.134957252258406,-15.41579049579743,-14.73084459963276,-12.844436749456008,-12.278463434729533,-13.631129156330154,-15.161480759429084,-15.988016667428335,-14.212534193033227,-14.41437123888605,-17.100194343616977,-18.17520989178175,-18.22495071971949,-16.702107598723913,-16.962137424839984,-16.382536199520445,-16.703230673686228,-16.251208929834192,-13.280112905772832,-12.759311347666888,-11.65896748448101,-13.99530523971486,-15.312966964350728,-16.57117159625446,-18.74528109046718,-20.03387463437503,-22.39927283969709,-22.806156376947882,-25.34604046392937,-23.26668451578384,-25.78721135835308,-27.816945355859197,-22.549980468601632,-25.14426928585144,-25.474002077947443,-27.20144972746777,-26.418567260866833,-25.79345861998297,-26.026152639547988,-23.18584939173485,-27.26117458199304
-18.430828654997427,-19.264668092902696,-16.132376568551216,-17.502901090538856,-20.00879419837078,null,-17.205544844588495,-12.749487442045469,-10.147047077795909,-12.87817367424277,-14.595792949653955,-16.206891703105164,-14.82914941289941,-15.385665680366856,-16.88851523219771,-19.787148936035198,-19.358745489750696,-18.71059890111446,-16.76535295005117,-16.913381862563856,-13.692567401928425,-14.012843640035403,-16.50303040906779,-14.020656485934696,-12.783125302388994,-11.92841815181486,-13.384077816937129,-19.072142232844286,-19.844341303103363,-19.46334672019303,-23.680564770045674,-22.37703264492577,-24.649870748080193,-24.772074436560857,-24.971973769707958,-25.065545566315247,-25.144252493615276,-24.641037928152972,-25.209397417906562,-28.638361790912978,-26.745407372506243,-25.404311930066847,-26.359985199660148,-24.733733015518695,-24.842339099163162
-19.5091043395005,-19.961220361951415,-20.25693666494168,-20.656622717386227,-19.723348959329257,-18.705834201197824,-18.802335558525765,-16.630531738626797,-11.152906810200896,-9.916934231311217,-16.57058375595636,-17.303887234437106,-15.567504150343996,-15.871196360224085,-17.3817759892963,-17.951676353729383,-19.893184720909787,-19.540845602786025,-16.540398126185742,-16.868974099315757,-13.793453558160072,-13.593289476913316,-16.943754576389278,-15.441473792455504,-13.860545983035177,-11.289224835369996,-13.559556014460226,-18.58971601669124,-23.17440225644466,-22.969502356079193,-21.012720711963254,-22.710217799080418,-23.713706461900905,-23.43117132930202,-24.397799403658546,-20.38595207895254,-23.478331613634776,-25.923465379543444,-25.01804957290414,-26.740612154797226,-27.10038319810081,-24.770470718655044,-27.188975087647375,-26.12882566216529,-23.927097439555336
-19.38170746821556,-20.215997732258135,-21.160858991508693,-21.119585238266996,-20.72568061240713,-19.665862398438893,-18.411287833148812,-17.065964456092036,-13.3290954596926,-6.9850988322726115,-12.162719095562345,-16.17343655428396,-16.521426982221463,-16.82942766444356,-16.764767117132607,-19.32328755716972,-19.493062537718853,-17.71694916342906,-17.535226632023697,-17.193151010847895,-16.239145870583837,-13.401927592434523,-16.287922677712537,-16.872766984588246,-15.496288994030088,-12.88604265771842,-12.053242275669943,-14.227822339957655,-14.697065970304223,null,-20.30945244463152,-21.01507921611532,-18.874604893992423,-24.724205385180568,-22.85692939471132,-23.898869830728792,-23.601374990208818,-23.488513614816192,-24.770526566238676,-24.055248823160284,-26.046988859244287,-25.645607968999304,-25.86335559188095,-24.758407531887656,-24.265701297508805
-17.295370165850542,-21.001161532579463,-20.498005492357073,-20.055621942168152,-20.12501301705313,-20.34591763537744,-19.266862777574595,-17.679187609184,-13.510613786865402,-4.758809883170077,-8.828653588893655,-18.565604317568358,-16.22470104572265,-17.3892547238059,-17.85861608159867,-19.165317278277655,-21.292959090430948,-19.285310303764625,-19.64958124116707,-18.665461581910947,-18.95204652305352,-14.919444397552532,-15.446512310950748,-16.659269669697178,-16.79339613274529,-14.380627712156754,-10.112865766346431,-9.978701053095627,-13.601251585599465,-14.918070670493945,-14.02129508426476,-18.651170393496766,-15.100596212580498,-18.554919001113383,-21.335264007187718,-21.15715359582087,-21.97044661329609,-23.71169485550073,-23.649310598819678,-25.154918985093,-26.021351225346802,-24.802749418879607,-21.906572889304105,-25.62143401493333,-25.085393716033003
-17.107742539393186,-18.02025004696947,-18.82578574072858,-19.99511594491761,-21.02576262812928,-19.947695828407227,-19.189861924526337,-18.119212959573414,-14.72103325415693,-5.4110714007200045,-7.960919887262491,-16.25104839091351,-17.892059869139118,-18.009965983811664,-20.038971460801747,-19.924971619973434,-20.99635731589184,-20.6365709772778,-19.17174942595417,-20.856807080039875,-20.310356134902758,-17.07962142455553,-15.365400624027654,-18.217993055177608,-19.01684487393293,-16.28033993442473,-12.332844991136556,-8.612363054422794,-11.59474004153666,-14.57233260828385,-12.215819910911097,-12.722526599708251,-17.194646784779064,-13.944114587837113,-20.638310421093784,-20.97886542938414,-22.019656991981083,-24.39385362923979,-24.1706600893634,-21.66272025589544,-23.834839563969982,-24.155590634770235,-18.961078888632013,-24.34865144151819,-22.983171188311132
-17.989380258957834,-19.812486432830838,-18.192002792017988,-20.559497278664697,-22.135877632030308,-20.46308055174258,-20.183417924341484,-18.253761631725883,-18.036309415957255,null,-13.700724147931764,-10.880509823922145,-18.326015041731132,-20.671473065207856,-18.93094911677184,-18.28401143559896,-18.263325373682203,-21.886147582877012,-20.541113322764748,-18.660393458449082,-16.99958214141681,-17.250004022552584,-18.047255786313613,-19.44441568774784,-19.687438822353624,-16.872123564562653,-13.807642589549939,-8.387933500694976,-10.711405479710637,-13.300154485806937,-15.092533130244004,-11.608988159680319,-16.890476404996093,-17.658615864740142,-16.23530465660995,-20.67933627632659,-20.004797686040025,-20.410291679238995,-20.99443911731432,-23.786118548170965,-22.757981346800786,-23.48229395398332,-22.701175683178526,-22.172051356121422,-23.180570692580012
-18.783117044726506,-19.174805305388546,-20.548785766137197,-20.15268434939332,-22.069672383318824,-21.07781004358246,-19.934994840153465,-19.891371528793876,-14.144699454201724,-9.721361660471672,null,null,-18.46736848576005,-15.668441680866753,-16.84880642987782,-18.721856376331527,-18.871074663062647,-20.802605420660107,-20.819150675321215,-19.788124226548607,-18.811792196836365,-20.818485964812773,-17.256942345286134,-16.086002907194327,-16.996043813876433,-17.69257121733117,-15.617018285583494,-10.418745090788589,-9.219686412798191,-15.328046337796223,-17.528922118764218,-13.26138630838405,-12.20527115042629,-16.944465780335058,-15.557263878973437,-18.028531523755284,-20.60539611860706,-21.639145587000055,-19.211202214175437,-19.032810678133092,-20.077714871197827,-24.414218533275744,-22.1034331979848,-21.844667265406176,-25.486192250615048
-18.039670882221913,-17.614332856634597,-20.348377305820435,-19.4849653110079,-20.181437461325643,-21.6267438442184,-20.19710742251071,-18.434644782056374,-16.20892050508317,-11.967500430400214,null,null,null,-17.43296421602939,-20.13292767736194,-18.88524523967848,-16.501327674688092,-15.417317489669461,-21.483134653922235,-17.192077903408144,-19.62440556279087,-17.862037850488004,null,-18.21645528162066,-13.77382299358979,-20.099899896979768,-18.65668138045646,-15.213475486357577,-9.8299825942422,-11.501437372975824,-15.638950560736465,-14.278405674963672,-14.069876030518047,-15.126206957621632,-16.9765237484208,-18.972652892565772,-18.110809818362302,null,-22.074278868960395,-18.602193783943,-17.940429155629207,-20.533969545776273,-22.42477146784874,-19.39418061940708,-22.408194276564988
-18.139988101236998,-18.761964696772566,-18.855654507929383,-17.886537841297734,-19.40687200561525,-21.301364699434625,-20.627076699643865,-19.30367991853675,-15.153882887879224,-10.22674355874023,-8.693674414605383,null,null,-21.82310112766977,-21.294824456691583,-19.997273291131737,-17.7802225816334,-15.343712714553195,-17.814698037025053,-19.705532909356762,-20.99285425086441,-17.660720300062152,-12.373565550263624,-11.610291356864845,-12.506592369685654,-23.10125490718157,-18.66548136425752,-18.317211726489063,-9.504614245936336,-13.224024914974569,-16.433003092192017,-15.883351787881493,-15.656453984178174,-17.46970951126618,-17.830610285525967,null,-14.526879534278132,null,-18.846263986987466,-20.179603943918185,-16.01162138260647,-15.65547234300431,-21.546363427341035,-19.993380117635574,-19.688044220599156
