public/json/wind_2018-09-1606_850.json
{"header": { "discipline": 10, "disciplineName": "Oceanographic_products", "center": 0, "centerName": "Ocean Modeling and Observation Laboratory", "refTime": "2018-09-16T06:00:00.000Z", "significanceOfRT": 0, "significanceOfRTName": "Analysis", "parameterCategory": 0, "parameterCategoryName": "Currents", "parameterNumber": 2, "parameterNumberName": "U-component_of_wind", "parameterUnit": "m.s-1", "forecastTime": 0, "surface1Type": 160, "surface1TypeName": "Depth below sea level", "surface1Value": 15, "numberPoints": 4800, "shape": 0, "shapeName": "Earth spherical with radius = 6,367,470 m", "scanMode": 0, "nx": 80, "ny": 60, "lo1": 109.0, "la1": 20.0, "lo2": 116.89999999999955, "la2": 14.520000000000117, "dx": 0.09999999999999432, "dy": -0.10000000000000142 }, "data":
[rows 38 to 56 of 60, columns 0 to 41 of 80]
-10.525700169421315,-9.9880060002882,-9.38926519554072,-10.610551709341713,-11.174650683904128,-12.477994111327718,-12.49548649912138,-11.015156863732646,-10.291786084222986,-10.841078037286561,-8.343357926053061,-12.150250693354835,-14.260308540303646,-19.214690591751058,-21.6325592353613,-18.838801408427763,-17.10918802205822,-18.01387307183876,-18.088663178414713,-18.09347486940139,-20.85691256584368,-18.993921171799368,-17.3134404063209,-21.99626043340597,-22.795638430487045,-23.55219159670785,-23.914646026800185,-25.724554636098727,-26.92675233723773,-24.62779544180569,-25.064340870619183,-25.88176884509445,-27.796904794431825,-25.939207585363363,-25.654610945627553,-26.8737117204138,-26.429772717073956,-26.881186435001176,-28.209174763294307,-28.882179072738136,-35.86123240404825,-35.69054154438875
-9.459987810131096,-11.829442016424274,-10.166172601998078,-8.382331754672412,-11.1567898178043,-12.595328085980674,-13.029030045661502,-12.14816282958784,-9.895273913950607,-10.63062433733204,-9.379572962741786,-8.568993830252863,-19.029032361270943,-19.729599831539783,-17.323542798095016,-17.689704304993228,-17.909873358779084,-18.301053819704407,-16.425701294277715,-21.7588865625584,-20.09981319451507,-20.798453777603847,-14.429408602109014,-17.482228661927294,-22.08722094065721,-24.838603375158453,-27.239013803007282,-25.284275900058063,-26.87997459244332,-29.80998958521667,-29.244762019675882,-25.447488553409492,-27.480656682177145,-28.866266608910692,-32.0699571490574,-23.20219141447602,-21.03219069812259,-21.186959164170585,-23.084122687797326,-28.563659851898464,-30.056250688957157,-29.77457195175791
-9.07588097596868,-10.14065454092147,-9.693527195795467,-7.044502842388447,-10.0232295842912,-11.42001588792527,-12.515333488644698,-12.131873255430268,-11.116519272857538,-10.297699857894866,-12.125918755505005,-12.131837145278656,-11.8222375435733,-14.383759503504711,-13.85520107104711,-14.158635298412909,-18.061056422431886,-20.843518753599703,-18.722654206020152,-17.468834103327136,-18.912111760479824,-22.105448918463697,-17.031263529730424,-13.477012156692306,-20.51964328743515,-21.18571455876782,-17.931912943912018,-22.564306148724604,-26.18648233361438,-28.43759763928746,-28.707003744688627,-29.07090464065959,-26.94552876271333,-27.029172849071756,-22.614878267810127,-16.801334912578852,-18.90816586771662,-21.72794861834541,-25.988394270553695,-29.24754580262937,-28.190580305769878,-29.59929992672238
-8.977112575296802,-9.439099847863817,-10.432661929225391,-7.864481489029566,-8.616006720856237,-10.017850342613208,-11.900782661540388,-12.314566708324719,-11.739712072313338,-10.953647033754402,-13.459711278620436,-11.7620449392942,-12.269073923243099,-9.470877194544682,-7.254283478158722,-16.251598799186684,-19.709032527394832,-17.762521159991707,-18.404858370862364,-19.129693902747704,-18.451575477151433,-17.24493780708537,-19.812772240515898,-19.80958473439858,-14.93123094173137,-18.769784223653026,-15.866101542627451,-20.86792091196589,-23.936135622656167,-27.734523634299567,-20.616421072706054,-20.09854720355365,-26.654297680617624,-24.238643553267643,-25.348211385512876,-18.66155659228521,-18.29256668187182,-26.539397134593337,-26.297214375953317,-28.730428373755316,-28.605178355534914,-31.636204528645663
-8.367090982903749,-9.667512758174471,-8.14794217823021,-8.09615664431592,-7.3241332588724966,-10.393590639166533,-11.226718310862532,-12.85094819001121,-11.799668798833345,-11.837413381071606,-10.820393701433392,-15.581106784323051,-12.16169467141313,-6.141238329023189,-9.652255827687092,-16.799836584694557,-16.686874144542248,-15.471457221165041,-18.217189106374484,-19.225422109231022,-19.523318462506474,-18.457286658947787,-19.164213631196688,-19.132664610818708,-17.98378288112253,-14.540668810840556,-16.78093045341224,-21.353377438092725,-25.382898906776354,-17.58375029763564,-14.627419484151778,-20.675903023285684,-23.428961290334676,-17.039800134444743,-11.30772513196635,-18.444198215546287,-21.84533297767194,-21.912757654798177,-23.982041265584307,-27.13522694570596,-34.02921425708336,-34.56738002467941
-8.95952188492133,-7.186390283044658,-8.183476021198645,-7.823483240625863,-6.480997405190195,-9.424196799996029,-11.597050889370268,-12.551420096930054,-11.752227137363027,-11.441562611324382,-12.695588338428031,-15.144198264876804,-12.221499108721119,-7.257063266396488,-8.888472557189218,-12.931282990874632,-13.59673702173582,-14.478839547164743,-14.638395543094967,-17.124346783471886,-18.282089261370785,-20.11559741250028,-20.69856035714124,-21.295727359076338,-19.068634016925063,-21.557909355517246,-19.908698916166742,-23.147901457496925,-22.83938353781543,-19.573454020439698,-23.105423082015875,-20.65452084629257,-16.855263719322757,-10.46340206590429,-10.499810365574978,-17.451707520776615,-21.629354759199476,-24.955500942955503,-26.861642491069855,-30.970733822487148,-33.29521204960649,-31.58973290482578
-8.700049492718106,-9.561481176690254,-9.889375011487784,-8.053184033781257,-6.867919308020863,-8.757563101010396,-11.713039916807606,-12.376035693322176,-11.8811388548872,-13.469312680643057,-13.955016368354041,-16.372969269535023,-13.151145710176854,-11.185404082559616,-7.523218953021289,-11.266598760925648,-11.394934233098578,-14.643833053316982,-18.707213540530898,-18.30557249486214,-20.57482550300881,-22.24742942985611,-21.62873051332263,-22.80186509103806,-21.323465792352025,-23.70570653261613,-24.79774572676054,-24.25753167415139,-22.87262665684235,-19.42946453779403,-17.909188399854834,-19.656527400381183,-13.37894354778355,-21.996355347871596,-17.791139391870857,-20.101961587305695,-24.753452650662336,-25.942600659038447,-30.751058862113858,-31.342173076259943,-31.22113272912113,-26.720247752692423
-9.745423214410799,-11.28020011854743,-9.550573415626797,-8.718644134056794,-8.425278902750357,-8.121421021138122,-10.613223750868723,-11.249597227437128,-13.046091339249067,-15.168166164521692,-14.50338629003658,-15.432326785541441,-13.174059841537956,-13.280056389825958,-11.624897479862236,-11.153271535705537,-13.330411701390684,-15.648952529405053,-16.90979894977822,-22.75615269343637,-21.630734048823506,-20.62411238405417,-19.165441474711997,-21.325190519742602,-19.111841890339207,-21.87888533244224,-22.896231807575106,-19.563490210977996,-19.98196993747078,-23.003345032337545,-20.98272328735192,-22.251693104548085,-15.471021241750071,-13.215870242012965,-22.683703232534317,-23.652461498250826,-20.138950036683084,-28.300929028213442,-31.22226194077459,-29.128841883089144,-25.88548879712947,-25.33116034997996
-11.397535738895614,-8.464065420934077,-10.287991222869637,-9.876950351818174,-7.529822615696448,-6.705354172675597,-11.315699210299663,-11.82930220749156,-13.806908388345892,-14.686614843163923,-13.876768991950671,-10.986842429323321,-15.69365672654748,-13.752070645497053,-12.790060056539815,-10.900913343100763,-12.405473250414937,-16.74274591422434,-17.54772178162401,-19.130156674723217,-17.774516947676254,-17.09648309010622,-15.763945092176161,-13.927118113753341,-14.505900693759655,-11.240756917457821,null,-13.859621011577568,-23.303566573341197,-22.943344470652757,-23.35615512877459,-21.14516834582603,-23.45704986746856,-15.271969474808094,-19.593798422887467,-20.212938447585373,-23.044009653498488,-29.055221697510852,-24.420753654781038,null,-23.977341401557517,-23.39501741264157
-9.05262546188716,-8.269850339885915,-9.098763828820605,-9.718030387729259,-8.572929409192998,-7.344561498949241,-9.241961977020388,-11.206821870196347,-12.639385215945529,-13.424918737001535,-11.695262250788792,-11.994866485080298,-14.255298833889743,-11.281381389065977,-11.234859186852862,-15.011559783822943,-11.746862931615953,-17.106091716027592,-16.415584823113715,-16.78787384132247,-17.375223974028483,-15.992842640536448,-14.171300978535156,-13.21048267138654,-15.718878667731941,-15.338142228954379,-14.937381689437085,-15.880069534393478,-16.49029408615214,-20.355235287386172,-17.657078734593743,-20.090826846616274,-10.550203294847607,-15.463014361641735,-20.14128044658435,-12.303889635883966,-23.467419637615837,-27.835986557247878,-20.97940292808469,-23.573301518960353,-20.132333514514485,-20.183809678257376
-9.039531197184715,-9.68372605642722,-8.856981954795113,-9.966765959761014,-10.869560961473356,-8.961582400840912,-7.9139255251493426,-9.51181990425235,-11.899024462292223,-12.557173211904814,-11.998477982012895,-11.381913341093288,-10.711131756360594,-10.993746061011308,-15.333095295440467,-11.767221589836701,-18.749762644578237,-15.415332210635738,-13.05847467332357,-13.831311164955281,-14.198411686126756,-12.5955864362741,-8.046854924348594,-14.74084464611244,-17.55538349160266,-18.14280255472229,-16.036248063376608,-18.032670474049173,-18.705757181083335,-16.686383879069727,-21.055453412544146,-16.704272287231277,-15.468700372679779,-19.376971281753644,-19.98499026618001,-17.394040075712912,-19.382134891128608,-15.363525498219818,-11.715659491027075,-14.317870939414156,null,-20.755468029498246
-9.997019158420237,-10.21716402235229,-10.130851080149553,-9.032536976135072,-11.052254451743543,-9.130249310460444,-6.258536748614234,-9.9792326539905,-10.900601984027686,-9.265404353036624,-10.526138788671126,-11.215575169124923,-11.77463251173955,-11.431049977028959,-15.099833220583102,-12.280294625982272,-17.933861394937153,-13.071021712410042,-14.08921913450405,-10.65990054038288,-14.671247408388803,-13.295846498392004,-14.089241242430383,-16.54044489001495,-16.673027882847208,-17.091752221672657,-17.83676034881926,-16.153594332395542,-20.371207478065713,-20.222412451968008,-19.464467905032404,-22.443807369070786,-21.930399484425564,-23.616438769950662,-24.22662431247344,-24.08241187173764,-20.17249214565823,-16.91275883088053,-15.304528799872834,-13.45964006242135,-13.385450932509077,-22.292402712832832
-12.576483723433451,-9.680323038519768,-11.414307569867209,-9.991367882607388,-9.677948608330661,-8.254046540365204,-9.429301479888181,-7.6038768273515736,-9.356069361546698,-8.205200436872428,-9.338954623273697,-12.035813219819794,-10.72175345535111,-13.158746617166628,-12.500576184852708,-14.606676751667159,-11.229022945795796,-10.480994468225669,-11.824764258536542,-14.552432246589017,-12.515554775367322,-16.497731367397478,-15.06287933874049,-16.505299909770915,-16.2087813776641,-15.958650687543718,-14.962174041774903,-16.70326305622232,-20.36744768685989,-18.346490775758685,-17.90317709072173,-13.684346964560975,-17.605715560378155,-20.539942699536446,-22.149775062411056,-17.48732479291691,-18.737009207721467,-19.252322642260115,-19.89951638894465,-20.905193663315693,-19.893131161011357,-19.92750369139972
-8.179578054875844,-7.869470317423127,-10.180761151409754,-13.218776852143149,-11.04787420441465,-9.749753781547764,-9.634767564239818,-5.586022689962451,-7.648783844616153,-10.08150821919247,-7.629837313749405,-12.065637479987867,-13.639362444762787,-11.95849918939885,-12.5102435897798,-12.215797116577068,-15.068410120721754,-11.991499865760792,-12.277454197307994,-15.371664588372637,-19.458347694935004,-12.799332334909904,-16.188248504950845,-15.01347102313783,-17.085151967899144,-13.495489005536713,-14.921031980425742,-17.568535678171212,-12.718473513615546,-12.489990248713752,null,-11.460891637614735,-11.86720104190398,-9.67847553180755,-10.35526378527066,-15.381303988445904,-18.98311847085258,-17.587137103333397,-20.7603960184905,-20.703217626878043,-16.685926671564513,-14.530905805792436
-9.772742040854741,-11.301634028213957,-16.29075808448787,-8.854954584314903,-9.23528821803578,-9.532066901835748,-9.74602356149813,-8.76066108892303,-6.7210214095620575,-9.825328369673407,-8.231989888902373,-10.170077922469499,-11.78990669198895,-11.292546783128786,-12.923008295715595,-15.433321427375624,-15.68869978390869,-14.3179011934427,-11.150721985195345,-14.200282291143438,-14.035012536916671,-10.659098763396212,-13.363727519973684,-17.261688005744166,-16.342440451478645,-13.506805505060766,-15.640854741232683,-15.730348597895256,-15.838709904271656,-15.255661043083073,-12.570888077675946,-11.573709471761475,-13.007575561092949,-13.361553897327699,-19.00238181281702,-20.50400281156117,-21.20375886890918,-18.391696972496305,-19.688608391101557,-18.16248049207265,-15.567019105408148,-16.911262428460603
-6.629993072908385,-7.438386062580305,-6.8255619461061485,-6.244531578792558,-8.340208241886987,-10.393145517248607,-9.165890797408723,-7.836660703028408,-9.707413743719254,-10.831289596841078,-10.673866271394967,-7.90338187619467,-12.293635785619205,-9.982952865577037,-13.187825091653359,-16.016373400994304,-15.720389425950835,-13.1057170227557,-11.306182016588311,-10.58441598868704,-16.025136487415434,-12.640685453980968,-8.913840641196707,-16.743095083962633,-12.01429960665283,-13.97589752525115,-13.997246630945872,-16.965428079366355,-17.801207551648343,-15.602700762216589,-14.91047182987006,-14.360955083631309,-16.275038440594372,-16.584704575878984,-15.919248476357295,-16.340810777227873,-17.510767370384272,-18.28245424318498,-20.539494871683715,-20.624540035995985,-15.256875991860404,-14.036493964090855
-6.275744962311288,-6.620370191609978,-4.138246007769831,-6.494639723365847,-8.679531279068396,-8.97842926885338,-8.24594795768579,-8.446037092684898,-5.5380875613754865,-12.056432607691459,-6.489141305082645,-8.667535827995794,-9.74079510826499,-13.14618539749203,-15.403681420187878,-15.515376990973376,-14.0000196921736,-11.671823311347836,-12.969167164104908,-12.849614606034484,-12.555510924930301,-11.64662587123373,-12.980758390839245,null,-11.831449970605572,-13.991519388172632,-14.435651822856192,-16.327765539015733,-17.538828901186157,-17.226976921921374,-16.57977381433484,-17.217297620782677,-17.216901910048914,-15.056346709403403,-13.420380352630279,-12.938817580736657,-11.332808569659155,-10.133184861752003,-8.049276570865551,-6.86167898962179,-13.636156457664583,-15.422444903743205
-4.148843558139081,-6.313972486483621,-6.421754126838604,-5.391523345027177,-5.045859269575458,-8.745779291038344,-8.671816499798524,-6.695356610204593,-7.942847567939529,-7.408179765185049,-5.013914133193736,-9.893199377047162,-8.115243972728395,-14.007573864880548,-13.834001417344215,-13.566078417616335,-13.070850873372438,-13.512858487166255,-14.057170767848062,-13.24524085730555,-11.117155536661134,-9.589126366549245,-10.609748204556507,-13.349278042685633,-12.251667793203728,-15.816306597591733,-16.75521725121463,-15.824179212927346,-16.8971519880567,-18.13030705435577,-19.241676444007776,-18.255560062160473,-16.155803099368562,-12.906711387262035,-14.660116796409483,-13.865074934941612,-12.346969289644909,-10.858490585650227,-10.233875857799624,-8.170735670582387,-11.317453412967529,-14.487347396456963
-5.776390329433714,-5.887484697596112,-6.149770657290667,-9.000404450177328,-9.862077833208517,-9.244168100763888,-8.993191710231724,-7.867384847140255,-7.481225183226572,-8.943076882208118,-6.573150069031321,-6.861767217939139,-9.66962987252947,-9.205871619909482,-16.495385180496292,-14.122881577105225,-12.0858194689332,-12.646192088601653,-13.212107545896547,-11.76491760553897,-10.665846727003665,-11.405234484527664,-16.488572209949602,-18.43984828673217,-17.368961585300298,-19.458465936511573,-18.051309464730608,-15.474778663050445,-15.060078277717654,-17.740254162374825,-17.585618698766815,-16.93691002397021,-15.096368335949371,-16.311687447379576,-16.265362872576105,-15.834001089129885,-14.884685959765108,-14.049800905256351,-13.182046477957089,-12.893032845395037,-12.677361626824359,-11.051665281616636
