public/json/wind_2018-09-1514_700.json
{"header": { "discipline": 10, "disciplineName": "Oceanographic_products", "center": 0, "centerName": "Ocean Modeling and Observation Laboratory", "refTime": "2018-09-15T14:00:00.000Z", "significanceOfRT": 0, "significanceOfRTName": "Analysis", "parameterCategory": 0, "parameterCategoryName": "Currents", "parameterNumber": 3, "parameterNumberName": "V-component_of_wind", "parameterUnit": "m.s-1", "forecastTime": 0, "surface1Type": 160, "surface1TypeName": "Depth below sea level", "surface1Value": 15, "numberPoints": 4800, "shape": 0, "shapeName": "Earth spherical with radius = 6,367,470 m", "scanMode": 0, "nx": 80, "ny": 60, "lo1": 109.0, "la1": 20.0, "lo2": 116.89999999999955, "la2": 14.520000000000117, "dx": 0.09999999999999432, "dy": -0.10000000000000142 }, "data":
[rows 38 to 56 of 60, columns 0 to 42 of 80]
-6.488928852300554,-6.309249941581606,-6.35868108396749,-7.182267332043273,-7.412965488543427,-7.374268633340391,-7.52391329830002,-7.89133331691384,-7.572980410671515,-8.06186961135715,-7.486758538137137,-6.077610689532722,-6.944725182942107,-6.890852553729295,-6.5308163039522205,-7.5736715831118495,-7.805085054335404,-7.709818403553382,-8.34412428418955,-7.803234919638646,-6.8476564985013235,-7.560332049610611,-9.469553486160189,-9.621376773208924,-9.420391658206883,-10.010852466347874,-10.192356479990162,-9.893688246541561,-9.941228026181127,-10.627504098173745,-10.463558312162391,-9.923281446569003,-10.057916323350957,-10.339208738351422,-9.311069830734358,-8.822320793066176,-11.041659008664002,-12.306719012512952,-11.122958584893576,-10.148970860335035,-9.614387981414529,-8.527076718508152,-7.16899463413154
-6.532704143476255,-6.561967143884952,-7.098786609437838,-7.525860162256672,-7.450715081000418,-7.213400428544751,-7.20611113026486,-7.647165800554788,-7.7960491703922035,-8.176442229185225,-7.383492236404615,-6.9892687385947845,-5.37212637404994,-4.246774752217079,-5.865833479502031,-6.217463391456558,-5.75973003311259,-6.389393427533908,-7.002873089004496,-6.240116705515196,-7.388021227930498,-7.871535160806589,-8.803674309746189,-7.3762439877793025,-7.710847110171192,-8.46029103728504,-8.580062750744947,-8.659901455997254,-9.518762631661989,-9.099388887077637,-9.471233603740203,-9.849468123776026,-10.14219701357346,-10.337422230862703,-10.557004120008473,-11.13013798489094,-12.595691993670346,-13.265624620916437,-12.069353446099399,-11.058180939857333,-10.955408812562268,-10.442253619101814,-7.762235693634765
-7.2677661106753675,-7.481249483416409,-7.491062917908077,-7.784459893266101,-7.744579111174728,-7.619804022771005,-7.8558279708574625,-7.203360643929282,-7.253074466992292,-7.054712155087506,-7.308376173566607,-5.3287597943393825,-5.288752648998887,-8.012127112560771,-9.200295492389866,-8.566730121023056,-7.014713634668995,-6.367876968041598,-5.568672662508059,-6.183660883494997,-7.5378980569989285,-5.9384530228729915,-7.174835918882515,-7.595622527488976,-6.783703161340899,-7.279285523015015,-7.9749401498302905,-7.576199568105887,-7.868424421065736,-8.139992521868693,-8.139590878847995,-9.15282481717679,-10.010465771049258,-9.593717921356294,-9.631579245708158,-10.321500610733258,-11.026688277398952,-11.090827836797612,-10.65163524774532,-10.597675210644422,-9.393446364639635,-8.831611060473515,-8.143789096635201
-7.249777558081974,-7.738826471052139,-8.006520244807875,-8.491648160022322,-8.228197629914916,-8.113985193606082,-7.9228651813574,-7.24574071290219,-7.473770718706436,-7.530347093095621,-7.36152943020343,-7.621196494505552,-7.134246909917349,-7.212292403270059,-9.324934862530597,-8.490709897683333,-6.5742427684315965,-8.05662453608823,-7.787239746944965,-8.382539492647386,-7.817660080504394,-8.796664472383643,-8.44434907617534,-7.720605268301308,-8.006980537038858,-7.312992020433467,-9.131606365813596,-6.651697649302958,-5.663476509490545,-6.6176739732996825,-8.946606692070041,-8.38880538363886,-8.145316879629592,-9.485489260782535,-8.96882870959242,-10.156854746413115,-9.809071809465308,-9.608911168585227,-9.989450049531346,-9.67870406097735,-10.319188364949143,-8.67520023148396,-8.384254279775421
-7.1467608540587815,-7.286365969007511,-7.865002082624703,-8.352817053079752,-8.101280393955548,-7.6610834651587325,-7.791215678740997,-7.243393006523378,-7.842326337306125,-8.345111016857995,-7.916445774420491,-6.843346747545954,-7.832042214825833,-7.9511672169979715,-6.829071282470423,-6.859839724965369,-6.8762743573705265,-7.653173074591853,-7.296077087505568,-7.256006692133036,-8.329710041612689,-8.364684100452152,-9.024364266795025,-8.70397367878252,-9.795940735229072,-10.219144863278617,-10.006722514504256,-8.249391337951272,-7.412439820770376,-8.793148328504264,-7.909151412071452,-7.300961242757682,-7.177823571370192,-9.930495190721107,-12.63446962239281,-11.066856044779804,-10.424781227158253,-9.914816606977539,-9.357424322013955,-9.198424829730119,-8.592882005242792,-8.074562802944204,-7.385240831146863
-7.419398462035025,-7.522297399376461,-7.1306055611077275,-7.58013298611439,-7.953753588522687,-7.6045383840268705,-8.302053840044087,-7.73862834915238,-7.233801719768693,-7.442546924351358,-8.402409261675519,-7.75866161232222,-8.179145095131936,-8.033973129263703,-8.269413005728566,-8.007325164875603,-8.198187435195475,-7.924418817581378,-8.980325305625392,-8.734586338644192,-8.84312301433665,-8.64416329677557,-8.531266184741465,-8.71928039858438,-9.327836463160804,-9.714505619985763,-9.330958269516142,-8.797990427820228,-9.704202936621858,-9.131605433241788,-9.015995952973757,-9.838834339187876,-11.61674217044849,-12.645999573204609,-11.095433870076903,-11.675233798552693,-10.556915987807423,-9.810940173383871,-9.075455400400164,-7.43609667407846,-5.624636832159899,-4.01956212907279,-3.917193293048791
-6.554709511596191,-6.685050275310593,-6.33774980992343,-6.517188244012858,-6.514608783495092,-6.344353002336161,-7.322544153106685,-7.237921591634797,-6.9661312585683355,-7.069387729986528,-7.762896557587655,-7.570722353762544,-8.095236159752085,-8.226453932781777,-8.063771416140575,-8.490667643160318,-7.893569659304292,-7.7797475430094964,-6.645531523062943,-6.4970977458364825,-6.180844799875795,-6.790622494537789,-7.022803265350618,-8.125635058655735,-7.628392866408872,-6.619370366288809,-7.161870400494198,-9.088627141211989,-10.101046891121102,-9.231500196292492,-9.146325670084305,-9.86790304374851,-9.863629016562474,-9.715055512338214,-10.26049002440825,-9.427114003827786,-9.657766786321218,-9.221965598862571,-9.33899635049745,-8.77247275997441,-8.689705674505975,-7.98999121286719,-10.315344538112786
-5.738120670458972,-6.297896870830363,-6.149178474490014,-6.108844904382551,-6.182398433238671,-6.207831197010471,-6.555102493986169,-6.3240532475498785,-6.1140450656030385,-5.371456865838873,-6.371451465042679,-6.423945696182441,-7.826967992347222,-7.803075317739404,-7.566154011544677,-6.110322644896444,-5.7401395580591705,-4.633518665265319,-4.9063506504348195,-3.6684352495721555,-4.102287789999307,-4.669825617379473,-4.644366642638984,-3.599654362185018,-4.487032761245212,-7.1599602454471505,-8.427394076907174,-8.78259841733315,-9.21355290228617,-7.849223796336927,-9.049495771474069,-8.671768473548205,-10.239174733614238,-9.184078237805783,-8.685836992864683,-9.197024451972938,-9.018239008379213,-8.924826443262672,-8.920036891510957,-9.310648884482038,-9.688973114601916,-10.458990506091535,-10.123071303809695
-5.6981810767757555,-6.071103252301596,-5.614497275129573,-5.782829165631653,-5.691348848564952,-5.929809868407948,-5.819616002239732,-6.63663922626397,-5.596141785295318,-5.272208893463829,-6.620658447031017,-7.333173773007304,-5.220312433969282,-6.8728303234265695,-7.863565016232702,-7.053207944339133,-5.218824633098334,-5.682938280252223,-5.66480038284073,-5.6291317010449,-5.568050846384483,-6.618815207522564,-8.053823945960778,-9.065854578107722,-9.041581020661047,-8.350472655363019,-8.446566016349184,-8.274837215995264,-6.773094654450165,-5.825790986499086,-6.095371792538923,-8.630604875105133,-7.539815001168394,-8.547127822714685,-8.281033039972924,-8.154075138014834,-7.854705208148567,-7.330138441490337,-7.877324867421123,-10.085396089335442,-10.361486264322433,-9.906393110440664,-10.375486071702223
-6.181717771706155,-5.670344424187606,-5.167254027897405,-5.115617191223401,-5.348902219608563,-5.950638020345148,-6.067724847540239,-6.5198494553910065,-6.7171283948242735,-6.69142182360064,-7.321029747798688,-7.619294004207596,-7.003355107052252,-7.792181380044199,-7.498224435187298,-7.294939868570157,-5.510926795488306,-4.519875850109441,-4.462688363180739,-4.614016053002748,-4.140098942044001,-7.131614471274375,-8.355024560292664,-8.139410951050078,-8.031233984920085,-8.506746583432781,-8.56293057522857,-8.744491863788332,-9.858655702741862,-9.738172387067793,-9.759943678780242,-8.552813729540276,-10.984738111763749,-9.28257243837573,-8.833499056600726,-7.778044666934749,-6.069021991934225,-8.471588231210259,-8.208575852887426,-7.834469153521624,-8.40256093030118,-8.94665337354591,-7.086811194347316
-5.694075761472615,-5.334836422538084,-5.080850056347859,-4.362522192592781,-5.152881289586542,-6.017101993157386,-6.685139721688152,-6.830483525389464,-6.886143166512767,-6.904294669570497,-7.193141688480797,-7.817457376885544,-7.562850762469583,-7.316061616453498,-6.625417791134075,-6.5145032966382255,-4.93545848854858,-6.170548413759549,-6.4724967483592915,-4.666698391818241,-9.07554452068029,-9.122731983506497,-8.95654127473564,-7.218863966826055,-8.149277978657944,-8.801611660886309,-8.614386379540823,-8.8438883343231,-9.351531194327062,-10.39541504407594,-9.638241736467398,-9.845699326554536,-9.509646741287478,-9.129053471640697,-8.59858639772545,-8.383765232816334,-9.312040412806551,-10.383599473382672,-11.03470121750153,-9.223660553269909,-10.660259390679164,-8.754234491364958,-8.193497704750074
-5.534229084814509,-5.064511966502462,-4.845356982594174,-4.129476652080967,-4.817578727223995,-5.676766298844143,-6.824629394118572,-6.776740497995982,-7.335510297062614,-8.05374710479503,-7.598296394964991,-6.823543549623692,-5.6117269146264,-5.281571425296621,-5.322342203057716,-6.204659296846469,-4.141984263356559,-7.785167456532659,-6.280990747255642,-9.540182066593662,-8.239200641523869,-7.364757082418112,-5.250457171110065,-5.6659370130942985,-5.817302294749885,-5.988453343584858,-6.132193206934805,-5.65370878399277,-4.967537421682022,-5.188203883765125,-8.022699474512834,-8.050498388470107,-7.923230835247195,-8.071661118322327,-8.806286717632199,-10.067970202674857,-11.003552415763146,-11.117706263610417,-10.02137125087221,-10.39639057249278,-8.84079457743124,-8.6554184149131,-8.673420236589799
-4.121982987220831,-5.238102824704176,-5.214057494015402,-4.981056319060485,-5.413427007142274,-6.014048665617647,-6.792174837036849,-8.08068184256694,-7.682178148941304,-7.108949910896431,-7.440418336544277,-6.307731796881324,-5.409784186537175,-6.172791869007746,-5.885670850682525,-5.55386190355916,-6.552396006969446,-5.939395397316614,-6.812951556797964,-7.3629629508746826,-6.111079336268531,-6.017820451362203,-5.851674796676113,-5.527980329250625,-6.362860603586654,-5.079127808560508,-6.028753889359933,-5.057175333923304,-4.318069710136702,-5.591983729572723,-6.713100538790842,-6.813985520240472,-6.28096911926632,-7.179780979788311,-8.77670175213807,-10.260883961243081,-10.31736884621543,-9.351558546729677,-8.533442952327306,-7.897747493020199,-7.1849128053108196,-7.14083385259638,-7.784670001823359
-6.000295743538623,-6.380401458933688,-5.120535007331781,-5.054096515875751,-5.408023677710087,-5.497090502940998,-6.84233930605147,-7.160077470696361,-6.474960454854661,-5.970884689947636,-6.573899769682194,-6.537406338476956,-5.837727688822021,-6.2409990543527325,-6.975356287666692,-7.024117619211683,-5.702529579815374,-5.383121831923693,-5.868200932942219,-5.415103523025214,-5.871120495675709,-7.622227642541537,-7.596444473968637,-8.11145988358853,-7.359504543501632,-8.261068691876073,-8.507599215371286,-7.1929408551606695,-8.725381102578268,-9.559577183828054,-10.555510491094038,-10.044399571604703,-10.483388777929761,-10.945098216657517,-11.006253973709427,-10.020841113476381,-8.528229603659739,-7.745104100229941,-7.5047329512381395,-7.200620000497218,-6.434752626424297,-5.996174151704547,-4.63003551724987
-4.15868922864863,-4.216892045253598,-4.344684686620419,-6.982169478468095,-5.9751125431028225,-5.900661503238979,-5.262527297120826,-6.155040616079345,-6.063079423628332,-6.035249167559867,-6.176807442487743,-6.393890952460479,-5.4128139854242905,-4.580478723871095,-5.7075270970097405,-4.51885045477929,-5.514545024848697,-4.822636912323348,-5.543374605631177,-5.505678557888079,-7.569384031629946,-7.306613362694311,-7.412234385414039,-8.200860279982704,-8.828204837728803,-9.728041132155818,-9.19029666613728,-8.88131304403562,-9.035621380254481,-9.419627054242309,-7.876769880814733,-7.5849817086841,-7.55543734671034,-7.314436429078564,-7.346752509152146,-7.4557210626866315,-7.046812168212582,-6.8848305578711155,-6.2658737356563865,-5.871606209993563,-5.628126657738404,-5.0571063278964345,-4.492897973661963
-3.302780551959551,-4.213792794838245,-6.324053206458114,-6.083718476278755,-5.798502638483979,-5.539027788757768,-5.607397321204544,-5.339302238163994,-5.9054475156356485,-5.375882713958214,-5.452066920606164,-5.1541794798083655,-5.684086193684461,-5.3055085431410856,-4.6489282077333245,-5.484674429361957,-5.281041830260826,-6.396381679619655,-7.08249720225004,-5.7283287902803846,-6.274986251337964,-8.6972982719539,-7.995804784104767,-7.682136319300438,-9.830914114507435,-9.172227185886523,-8.491559129210675,-7.641705960374142,-7.197270459579736,-6.161545659633159,-5.692467428940805,-5.326319624058023,-3.9843859472530303,-3.341341372387368,-2.4756442918638495,-2.989187981460778,-5.8228056004478885,-5.583052476317137,-4.773019851094639,-6.568721139195044,-6.634368957671464,-5.874365829536748,-4.081062137026269
-6.221102123892866,-6.55140173837478,-5.743397980368577,-4.975921289265612,-4.065756104448296,-4.347781679732014,-4.1917129331358725,-3.8693833444105645,-5.899232597857999,-4.977275924030143,-6.299700840586624,-5.949431021151001,-5.4715803011921595,-4.2728053375033745,-3.4644826705765377,-5.110918819080699,-6.049390287070055,-6.960619615846435,-5.492330675535335,-6.5172169955445485,-8.484274395814246,-8.929996084762356,-7.688896569017919,-9.040889779850392,-8.943468305891148,-7.813257787491953,-7.619424390151914,-7.059137801095617,-7.080220346430252,-6.2852150577430255,-6.1729970751719145,-6.195967600605343,-6.986882257935613,-6.401215067745943,-6.035894903184836,-6.5573902896003196,-6.219100923955768,-6.450255718454057,-7.903639686284564,-8.04507982344325,-7.465438447143569,-6.873833735213138,-6.963982741566269
-5.8017654117752295,-4.895022053326562,-2.828483521322636,-3.2670760019184417,-4.752208242647856,-3.6992768453523652,-3.9252910236784846,-5.834020112459919,-6.707334172904233,-7.7819934075718,-5.992891252591504,-4.872971797877048,-5.921991969654934,-7.570131805914351,-6.94535385944789,-7.900450616558293,-7.110681924408745,-6.222719081597874,-6.597924945306239,-8.561865822940705,-7.769050423537125,-8.07664812539859,-8.503254591680356,-7.492483961109345,-6.3101045865889756,-6.838931160969911,-6.412956897525328,-6.259409718709332,-6.087378078328326,-5.989683618725193,-5.994073316839358,-6.583381531456842,-6.944236607369611,-7.620557323447478,-7.321365665984306,-7.428132996124767,-7.354247065254793,-7.831732120886077,-7.954426498682359,-7.056929480619425,-5.790484294924414,-6.097485245425669,-6.378983369755895
-5.681919200597488,-5.958669463282867,-6.176672323202991,-5.276807777629934,-4.440792973346951,-4.584839634706066,-4.676734579080148,-5.095888583240789,-5.5463124029111,-5.762236658020476,-5.598672685738933,-5.931534703717772,-5.654565051192204,-6.955174590263145,-4.604207368112906,-5.663836568960168,-5.512541174998415,-6.632911320656944,-7.200222912431284,-5.991190948863406,-4.837045956830177,-4.8750139780395845,-4.5850439089425645,-3.47000775863472,-3.833944103327455,-4.090342183872658,-5.501892541101029,-6.260104890670589,-6.2249702068202595,-6.493381970618776,-6.442033444953642,-6.1580951734176805,-6.283918876506108,-6.651772189377016,-6.821943156681163,-6.808244371410041,-6.827455072431121,-6.81055874003478,-6.710549011348335,-6.197066180366662,-6.625020898613504,-6.7395584720286426,-7.189690796282097
