public/json/wind_2018-09-1520_700.json
{"header": { "discipline": 10, "disciplineName": "Oceanographic_products", "center": 0, "centerName": "Ocean Modeling and Observation Laboratory", "refTime": "2018-09-15T20:00:00.000Z", "significanceOfRT": 0, "significanceOfRTName": "Analysis", "parameterCategory": 0, "parameterCategoryName": "Currents", "parameterNumber": 2, "parameterNumberName": "U-component_of_wind", "parameterUnit": "m.s-1", "forecastTime": 0, "surface1Type": 160, "surface1TypeName": "Depth below sea level", "surface1Value": 15, "numberPoints": 4800, "shape": 0, "shapeName": "Earth spherical with radius = 6,367,470 m", "scanMode": 0, "nx": 80, "ny": 60, "lo1": 109.0, "la1": 20.0, "lo2": 116.89999999999955, "la2": 14.520000000000117, "dx": 0.09999999999999432, "dy": -0.10000000000000142 }, "data":
[rows 0 to 18 of 60, columns 0 to 41 of 80]
null,null,null,null,null,null,null,null,null,null,null,null,null,null,null,null,null,null,null,null,null,null,null,null,null,null,null,null,null,null,null,null,null,null,null,null,null,null,null,null,null,null
null,null,null,null,null,null,null,null,null,null,null,null,null,null,null,null,null,null,null,null,null,null,null,null,null,null,null,null,null,null,null,null,null,null,null,null,null,null,null,null,null,null
-3.891319561807607,-4.221226738076496,-3.8975304772036923,-3.826273922215675,-3.4380163321029897,-2.971994975728333,-2.7612987478439677,-3.115429449572193,-3.7751504483132248,-3.8610135035112476,-4.603340634580292,-4.870025074612384,-5.003290603469511,-5.636070648326315,-5.194562298763508,-4.90768414921985,-5.617808683496105,-5.923178093778805,-6.49379162704934,-7.053709730269253,-7.274296857377655,-7.1826627879211244,-7.457677089601921,-7.805663013054309,-7.485246623487939,-7.415291419604461,-7.552136559401767,-7.466115681320265,-7.45439492581221,-6.874281045916196,-5.631808569716505,-7.226591009246835,-8.519555811807937,-8.538395886664986,-8.279680301329579,-8.038042450599951,-7.871322985413614,-7.490894338262407,-7.898087347423161,-8.54965164481283,-8.41716384239141,-7.357722203426897
-3.9955681584542937,-4.033713290530744,-3.7997082105215387,-3.782045396863156,-3.5278227345871325,-3.308167524824436,-3.1945977667437693,-3.7012765380304637,-4.131847630021587,-5.078112194059822,-5.374364044021778,-5.363233643965342,-5.235539644862738,-5.725226762691325,-5.626435021217334,-6.091037730950535,-6.534612283080134,-6.563055729924428,-7.042533853670065,-7.929221604662444,-7.45526846872106,-6.8073596180907,-7.409474201050347,-8.529373377156606,-8.10933199881672,-7.933378234822012,-7.786776998165027,-7.56489647772558,-7.277986582668037,-7.384046151424654,-3.27755090257013,-8.506630856328716,-8.259063349480385,-7.1496748654633935,-6.317934028899071,-5.747223189766399,-9.567730795002001,-9.699143298993016,-9.61723811522029,-11.282360281744463,-6.167478696455637,-9.174721460999656
-3.9802006476744913,-4.045886135744637,-3.932288654834075,-4.040427792662224,-4.023289033622749,-3.7208762719982422,-3.792102741167926,-4.073470929998329,-4.944569656507774,-5.421848174292705,-5.7732678421000525,-5.838377989552288,-5.568305461905744,-5.894814970402106,-6.2167775561875125,-6.762313870707265,-6.660526373917129,-6.827893453591274,-7.355029411979411,-7.986093474146001,-7.708406867356694,-7.2287893257988625,-7.962144546431726,-8.561488002776311,-8.616875681676724,-7.936458313744611,-8.173893928367947,-7.876051428216011,-7.830679056399327,-7.990423179322006,-10.355876474771586,-7.272836195351071,-9.45497822425309,-7.7560613649362455,-7.005945288902299,-8.492182082608185,-9.686221478442256,-9.237041482629543,-10.62086069064288,-10.190957316072238,-11.47415365081917,-13.458768045156157
-3.989554011232881,-4.171241314413053,-4.231874447202988,-4.421862363968985,-4.413665406525854,-4.273081100668833,-4.5794138119200944,-4.853035295023629,-5.1358821935641945,-5.52114534756502,-5.621080471454755,-6.042688891593377,-5.5740777869931115,-5.854128055383045,-5.922177938119704,-6.095820144989342,-6.541012133646955,-6.993621043397939,-7.542083606400893,-8.00411926944642,-7.895472694967502,-8.083730201636453,-8.246441476595992,-8.627194641614778,-8.144859804892542,-8.334852725903254,-8.508717998601766,-8.185289941764271,-8.151205924783982,-8.504378814602514,-8.850549569997463,-7.928400268828016,-8.219368329163107,-8.42129641440897,-7.815934649876272,-10.639600703450176,-10.021354791020551,-11.215410034933704,-12.20742969339007,-13.171161425045288,-15.812433809366588,-16.6665836749318
-4.081992619481912,-4.474218776839132,-4.524747890580738,-4.6131294646525465,-4.684357426561359,-4.938302052862651,-5.828658067772718,-5.778923412372353,-5.312914093849025,-5.444671708316681,-5.6476072400952235,-6.047784259610238,-5.222874347747516,-5.377070815010061,-4.993333747536301,-5.92134437276867,-6.5655746667029105,-7.328129652446725,-7.935200630292671,-8.2142728696702,-7.946701101581697,-8.538041593032233,-8.549494770921523,-9.002070817084972,-8.19325009033131,-8.84931985150849,-8.963427659181532,-8.378598021135481,-8.515734049826959,-9.110460436292595,-8.365376321252668,-8.083848437981416,-8.820974637737445,-8.889042641837959,-9.20231841987881,-11.045892063903372,-11.831812078536617,-14.016439802082447,-15.761686127870757,-16.91733766530103,-18.109314662677704,-18.707170050745862
-4.292735717385199,-4.419642274714455,-4.457714380616311,-4.827151053929177,-4.5855932416371,-5.011588695575612,-6.210520275778207,-6.336010137472644,-5.718962438281191,-5.4006386874931644,-5.445019927047535,-5.248264034494078,-4.980435688261409,-4.935434112996669,-4.912734223837807,-6.19171172319392,-6.836003579418425,-7.779927260097605,-8.437172904767527,-8.521742690749491,-8.00864771529986,-8.757315455489046,-7.987758725616571,-8.558224696882991,-8.389358865219581,-8.9044517403076,-9.040521747184975,-8.388903575261402,-8.942623251299636,-9.117197416291614,-8.163172205803658,-8.603314747438784,-9.277520145847847,-9.800859969097719,-13.363204053018034,-14.14357387174129,-14.358092124232368,-16.851300567768273,-18.866243887731805,-19.581411862313495,-18.795295310571177,-19.846530571420082
-4.562488484967187,-4.534362792130248,-4.766252204226066,-4.758857381071187,-4.5662211850017425,-5.15456816366571,-5.683797735171858,-6.297260932511636,-6.12343413883212,-5.621835652897226,-5.347331524733638,-5.174237748533995,-4.888789375871621,-4.843608621135332,-5.574565286842837,-6.662894752193103,-7.195945398888229,-8.058674296019472,-8.516622848993027,-8.484587846661698,-8.297488547959233,-9.140540721171057,-8.170791300622795,-8.831328945272764,-9.012733900859674,-9.339093729021757,-9.783909957912439,-8.700115247286211,-9.331620429349018,-9.326895329103294,-8.95019273167753,-9.681625202350023,-10.279091865857543,-12.454154856042123,-14.477631822745956,-15.327226418172417,-16.510496684951764,-18.81989741701353,-20.582835900296484,-21.94220989864849,-21.155178981245655,-21.254673652059076
-4.7186000117804925,-4.965405023226956,-5.120862944546719,-5.132596885113973,-5.012367216090868,-5.25928823849238,-5.804800947380308,-6.374885806462578,-6.455725842221599,-6.243506476204973,-6.1885418190123165,-5.719314561612879,-5.525277663935817,-5.84088518273053,-6.054171405651884,-6.9450103625822415,-7.557136961252862,-8.051656336279509,-8.451641581013835,-8.896403981771813,-8.485910401495623,-9.417457477056256,-8.664347694093317,-8.779732938668774,-9.491154145234336,-10.032362392527741,-10.352340162488623,-10.196792533159591,-9.507990044327618,-10.355759526775735,-10.688672396728474,-11.59826368290158,-12.60401252454202,-14.309849961513,-14.795021954745733,-15.258915617077907,-18.539934205347954,-20.115358447331943,-21.919920089765455,-24.059996611321246,-24.255059999878412,-22.242746043097007
-4.955935414051812,-5.409317411352632,-5.505238920514895,-5.885794871905791,-6.143530065656461,-6.49379692423337,-6.456027065900184,-6.389646835121795,-6.506619906518667,-6.30272925617702,-6.135132586380395,-6.11870060308122,-6.346572112569872,-6.82511245364955,-6.8197089511751665,-6.845265568379805,-7.813668109946075,-8.068021222136512,-8.605834365620455,-9.027212157527583,-8.8264664821414,-9.932550123387927,-9.435194275817933,-8.81625491139167,-9.728022577923262,-10.427165253045912,-10.969303035798426,-11.309337640516517,-10.126831583624803,-11.46326883029789,-11.903295028247268,-13.2289684255561,-14.855904954113722,-15.78326973381631,-16.382516509873142,-17.423574850012738,-19.287720566800527,-20.30568009075889,-21.07333564274807,-21.538856115211097,-22.455304445040476,-22.383498745354242
-5.120507952370234,-5.576188451518352,-5.8935453483367555,-6.664647488196882,-7.1952588167545475,-7.019902320634066,-7.034378198170195,-6.8833536809017986,-6.874475020089341,-7.034179029610069,-7.03908766420366,-6.810178597642551,-6.855617049477217,-7.658568062296077,-7.6774412085884265,-7.298632450579261,-7.760035459402478,-8.035512272514248,-8.540151282166661,-9.262409997068437,-9.08737635183724,-10.424069262187398,-9.872501958618276,-9.587627687896816,-10.098813596200205,-10.585122935225767,-11.592293098716734,-11.721874333779928,-11.816216809719634,-12.41376773584617,-13.396474157124926,-14.775768885205384,-16.325903858445283,-17.801960461125923,-17.9955069398139,-19.21772287309223,-19.869958733963344,-20.446311679392497,-21.287907624449865,-21.369987469468903,-21.586572934194756,-22.210442775014013
-5.253809235753207,-5.647335154910527,-6.273981838609585,-7.256181926214472,-7.400342392243356,-7.315189303880397,-7.486240986126701,-7.416039913032659,-7.523243056286816,-7.518560759246208,-7.46052578395879,-7.256361913266151,-7.169473390797361,-7.990794025648942,-8.281093307125253,-8.065226795133935,-7.85612802343166,-8.151320156116435,-8.329641101449612,-9.396186564456832,-9.735004320779401,-10.318047882112966,-10.77764010173423,-10.237334335334182,-10.410064645106097,-11.153307454384663,-12.18808940864522,-11.67745412275354,-13.056677436991174,-14.059095127018436,-15.241558409840465,-16.141972550461777,-16.90593386744071,-17.370358905234696,-18.23773200575291,-19.626703283886194,-20.310307275918134,-20.64857604294749,-21.19111809156427,-22.163712475747012,-21.90259552012575,-22.739537374695704
-5.2352375065740215,-5.857007235419891,-6.666247539330426,-7.5423679085706565,-7.50375518998668,-7.570736906394217,-7.80021731588741,-7.738407628517756,-7.830744734786523,-7.748348944523704,-7.903535800821094,-7.261104446302728,-7.413559195073637,-8.139995915397416,-8.775427212019634,-8.921022544760163,-8.80973080162088,-8.530712309440402,-8.494650159140686,-9.32652010295568,-10.000319497055559,-10.352031683777067,-11.23207052384749,-10.72240880517227,-10.871992609210736,-11.521480342167983,-13.074046600805557,-12.340880951821175,-13.90001426918339,-15.373964167039027,-15.888987666243924,-16.437774949466068,-16.58794454296306,-17.172049030917925,-18.126253332526836,-19.605902548478436,-20.69776020497863,-20.794864399953624,-21.100706048303582,-21.75008052453966,-21.981409962316928,-21.880145693344584
-5.788560943016021,-6.179080074649735,-6.756827209796517,-7.438038743684451,-7.519853853488785,-7.50354343246314,-7.637362094862457,-7.987724495587526,-7.9186944678348254,-8.054515034316227,-8.1232274421866,-7.801782703676782,-7.821911436173257,-8.485294761203805,-9.219978681754752,-9.313265256843321,-9.161805592789536,-9.410015650664059,-9.066227793463462,-9.585332239356134,-10.116654380627889,-10.402554580938169,-10.913204249665407,-11.105096821020345,-11.409296148023719,-12.222972833140272,-13.708869019657941,-13.693001882378756,-15.439368146863908,-16.802144773812724,-16.198514332967292,-16.313493001129547,-16.579050681679526,-17.384913608818856,-18.2186996740491,-19.032208373576452,-21.295348235184992,-21.04802827020899,-21.34988554996542,-21.919038317272427,-22.697677445399982,-22.6359521372381
-6.471705430698344,-6.687450680114734,-6.933539528429297,-7.289355161408789,-7.525922614469167,-7.190017334422681,-7.100236203502031,-8.106861312049586,-7.912287733030794,-8.065064982084856,-8.497296079488175,-8.227960179633772,-8.513991432156928,-8.813037413644013,-9.387623279343071,-9.325900256431462,-9.277504355792539,-9.744844401050997,-10.26424772758987,-9.84066746663406,-9.987398769354256,-10.60385084949055,-11.313004087838197,-11.652554423160842,-11.911989189779161,-13.059693330127688,-13.732550307295028,-14.413244317353172,-16.3520945969104,-17.319692456117266,-16.758426249988577,-16.107525845366116,-16.469289812141206,-18.147023103118393,-17.788112111195122,-19.528942752643115,-21.341451023300984,-21.160868406237086,-21.800980545769917,-22.62075112427202,-23.564834258136692,-23.19984736684459
-6.719045434413079,-6.999814108314758,-7.262681664028683,-7.14962911308675,-7.0724025397880705,-6.8869941906277266,-6.990051124955437,-7.872568189460964,-8.034827361338737,-7.882822193275679,-8.299333032483613,-8.87125500209187,-8.664672004614534,-8.97894209305499,-8.886921091440101,-8.988391303932712,-9.604252484310171,-9.591444596956917,-10.182879112418165,-10.445231706974878,-11.171281477766058,-11.019966320262512,-10.811198769688476,-11.851102352962162,-11.693560666496502,-13.8306940861447,-13.940141455696146,-14.205235643962762,-16.54167132364837,-16.769605270781334,-16.290096128755646,-16.568903829729162,-16.38070438903206,-17.72886892745253,-18.80808242760138,-20.764988384156702,-21.81227446489073,-22.12557983127722,-22.617784079628013,-24.04407742287078,-24.418785832521085,-23.635621795527864
-7.391339204418629,-7.460285722274053,-7.330769960765005,-7.198243065371937,-7.039329547142687,-6.969785682612037,-7.31275503301846,-7.975702925650859,-8.066184942365842,-7.910008024022816,-8.031185611886645,-9.229499542528862,-9.079583455485475,-9.262797570700275,-8.752119633808796,-8.69517417362611,-9.173619172993241,-10.213824051012875,-10.494176694262297,-10.418637700496141,-11.020039454635146,-10.967345277617687,-12.115355226921375,-11.232571534486283,-13.98018836336528,-14.247781794276076,-14.178632086874323,-14.806156167202644,-16.435476597632142,-16.4859215772362,-16.986813834929986,-17.17985825921256,-17.29965570114445,-19.435047751130277,-19.788579649653087,-21.16640648576993,-22.85580454796424,-23.840595452890906,-24.332977617122623,-24.353546002656174,-25.007941163936003,-24.392680073901584
-7.800495999535932,-8.092300729811,-7.794808056379461,-7.5959800393467205,-6.926342190873896,-7.12580791357481,-7.8568442134075935,-8.170843145800083,-8.424770055153203,-8.279614862016448,-8.313887648140799,-8.898496261375794,-8.895461979231767,-9.45535488723976,-9.242828992768409,-9.362258362339254,-9.33293134638065,-10.144229418701334,-10.615808611833941,-10.976927830365263,-11.439026999029261,-11.054782867896128,-11.537745726090296,-13.369443358648239,-14.1873403152127,-14.092341900040637,-14.238698121865006,-14.388466309753621,-16.411836626218967,-16.54842801034205,-17.463604165129038,-18.779313539291618,-19.30855891097161,-20.298990533547773,-20.415722028464554,-20.869797121035237,-23.173290273972437,-24.070363974054974,-24.25724784678266,-24.41784503738951,-25.27581425030229,-25.222755291215172
