public/json/wind_2018-09-1609_925.json
{"header": { "discipline": 10, "disciplineName": "Oceanographic_products", "center": 0, "centerName": "Ocean Modeling and Observation Laboratory", "refTime": "2018-09-16T09:00:00.000Z", "significanceOfRT": 0, "significanceOfRTName": "Analysis", "parameterCategory": 0, "parameterCategoryName": "Currents", "parameterNumber": 3, "parameterNumberName": "V-component_of_wind", "parameterUnit": "m.s-1", "forecastTime": 0, "surface1Type": 160, "surface1TypeName": "Depth below sea level", "surface1Value": 15, "numberPoints": 4800, "shape": 0, "shapeName": "Earth spherical with radius = 6,367,470 m", "scanMode": 0, "nx": 80, "ny": 60, "lo1": 109.0, "la1": 20.0, "lo2": 116.89999999999955, "la2": 14.520000000000117, "dx": 0.09999999999999432, "dy": -0.10000000000000142 }, "data":
[rows 20 to 39 of 60, columns 0 to 45 of 80]
-21.38607808448885,-28.025682422694423,-30.58889882579603,-30.191009442497375,-30.01669869775295,-30.202412105896443,-29.04915890166695,-31.10741584168543,-32.60666777635039,-32.25273540163345,-29.165443658593997,-30.23149339852962,-35.10221477135356,-31.99680059055535,-34.75927000132939,-35.82795964163734,-33.59654978102384,-34.28023048265448,-35.85493801699757,-35.18621351584523,-36.12344509221055,-31.97085494267362,-24.3444925104766,-40.331679827946964,-43.9243922707521,-38.61650729950467,-40.811407284357664,-39.84705350853733,-37.11211011012358,-35.26176151476106,-24.187397315467788,-26.090847660781495,-14.325284612699287,-3.098440926531124,0.8873106016072683,2.8258455136529146,5.2139543648959314,8.421116076296784,10.900851074887463,13.563826907596365,16.975129701854595,20.95174304948258,28.08374517417758,31.91057961633465,33.83490236041493,34.2713347484821
-20.86471735698055,-29.072797715607713,-30.56114017426491,-29.037477253748882,-27.64325191336287,-29.860138949488743,-28.60417065577125,-23.361237211499876,-31.56480510821816,-32.24485758442609,-29.85848359270865,-29.159056145074825,-34.33918503537298,-31.835182070901546,-34.93088081629986,-31.202824184143065,-36.39997254117799,-37.26658993068622,-37.97335000865731,-37.992601617109614,-37.060919479555366,-35.163538051092516,null,null,null,null,null,-37.77966373818794,-38.29284716962255,-31.042948422761306,-26.71718429173602,-22.881900345735588,-15.487197558085388,-8.421628209946803,-4.474070241595408,1.827262976120178,4.153247083709438,8.05530164924613,11.594364874790486,12.390645900184776,null,20.645492617496622,24.827170602914432,29.04801522118854,31.42433990231203,29.956411361684648
-22.722082042634916,-29.385933856089054,-29.56712606758626,-29.308171713515105,-28.664780280587618,-28.51832605816604,-25.06655673939935,-25.31749071337593,-29.807967281585615,-32.1209909601727,-30.64747986421719,-25.99410829638481,-29.989636712438546,-25.32627017354183,-25.304679424057525,-33.33472273712458,-34.01521567247172,-37.78616978355759,-38.45135325752764,-38.72739635832997,-33.76446397021069,-26.17833902247281,null,null,null,null,-33.19253085443708,-37.77752849450264,-35.991781754828146,-33.616894811544235,-23.14696795679561,null,-17.921394649536506,-14.188848184771983,-7.657165302740276,-1.7819825139151044,2.100431110371808,5.238112773248381,8.560041458068387,10.200396363430484,17.51789522408335,19.400583484378327,22.637999276408017,25.200937433113392,25.105342005626426,27.666840746089306
-21.848248466728702,-29.092976932608426,-30.33631127089157,-29.037464098343854,-25.5206104249055,-28.72103344401491,-19.979481936605847,-21.16003781097249,-29.032193191005973,-30.6515122395774,-29.517158099892573,-28.136367604721354,-30.009546462424193,-29.473638280169208,-31.452350623815462,-31.16771177534964,-31.881143624674813,-37.89784185081328,-31.510416283123806,-35.0023970027175,-31.715704473963378,-26.505936008858747,null,null,null,null,null,-35.83125222977682,-36.53300548517628,-35.665178377316224,-33.904048012792586,null,null,-17.452917878249405,-7.98459295167894,-2.186861728731539,-0.35709250473176984,3.2442677929455788,6.10227475726645,10.012389965061615,15.458565572098635,19.05075544153203,21.031124487237317,23.217277060813572,24.030986849801607,24.459910895700638
-23.655996974307477,-25.882015653263203,-29.040474601484977,-28.391683372079697,-28.56539149021878,-22.271980123662818,-24.815190955458146,-24.872258162187233,-24.322764471325648,-23.74086858547793,-27.743906375198996,-29.384091823150502,-29.089659448190343,-29.242336404716706,-32.119617248266515,-32.41043612787004,null,null,-30.654184275678585,-35.597036754148064,-31.67085507012087,null,null,null,null,-33.457787626394264,-31.25323774125774,null,-33.556155456003616,-38.57182913091613,-33.65410235715558,-27.51659834470154,null,null,-12.220109618170698,-6.382365202848886,-2.7967332452042397,1.094345610647562,7.240181108864096,11.659770142572643,13.46588305894398,17.30069225878105,18.652366344704912,20.252351405000205,20.79204445968505,22.980288388920975
-24.159030637079432,-23.678520495250915,-28.044348562428794,-27.95423245089497,-26.27883560141996,-28.47720121662428,-27.59329329721774,-27.438408803228615,-23.807043425973184,-23.723775539222448,-28.505054821110793,-29.2228252732667,-28.315619632528588,-32.26823619371312,-34.682411826480795,-31.92040281406321,null,-30.800420410087458,-28.182967425751837,null,-28.95152012115488,null,null,null,-34.91513838246877,-34.74516074017327,-35.45887071035993,-34.90173021529456,-36.36634430943706,-34.564656173921875,-42.34257242302188,-32.744173645346756,-28.956388980330207,-21.853932384566622,-18.314283435329024,-10.4509689380778,-3.7546604658878335,null,4.9218918935014555,7.796661556952165,11.458148091603,14.85552611377638,16.729988454299324,17.632748292098206,21.121175430501626,19.11238142828959
-23.992576944802895,-22.567350152072606,-28.152153783779504,-27.73320525968634,-28.893623530601538,-28.49647148923068,-27.7280896376191,-25.850269043904905,-27.69006014777188,-25.133315103900635,-30.09775492939758,-30.273316708226943,-32.59078685659717,-33.68434246218961,-34.508590061055855,-35.27460728419021,-30.85625110524667,-30.66791445102935,null,null,-31.652657023619028,null,-27.361005422380362,-31.906882785742326,-37.46851169160939,-37.5342832497934,-36.6320609040209,-31.958971680401433,-34.87039333010704,-36.38501220506772,-25.96721969381615,-39.325346742417665,-29.36801459632455,-26.147683707976203,-23.720214983273642,-19.36057839220982,-13.10395940570656,-8.069721358045033,-3.3512360274369595,2.9171090832768822,7.69836926408483,12.60489471396154,14.47679337046079,15.549432747049794,14.082565508014024,17.853214212022664
-23.549429428413067,-21.941533263928257,-27.664589857663866,-28.69913124103103,-29.008804812124538,-27.561622117198603,-28.22449995660037,-27.60729652493424,-25.714325560085168,-22.221334795143274,-25.881353760500986,-25.46228781157471,-31.22181258376412,-34.77878438621487,-35.66639847102339,-35.79849531319918,-28.15571013114818,-30.87769550881478,-30.587719151054856,-28.618248394507432,null,-32.31351811782098,-27.324754285444524,-32.09205079407022,-35.96609065266132,-35.62991479567495,-34.212679407831345,-34.96691514273964,-33.200391391248345,-33.6219024702056,-33.538970793025044,-32.276028934133336,-35.80379444667454,-29.58281515020949,-26.998659276316005,-23.10573090246664,-19.628152542296018,-13.297652466648577,-6.791428655211472,-1.293737950630091,3.5756465827881865,3.436825355545425,11.2746528899226,11.621749382055787,11.348905525399797,14.679868911373859
-23.145427395173893,-21.513233802803228,-28.595179088023805,-30.016627087251436,-29.211392714772153,-27.902509469679924,-28.65032958565126,-27.61018915635311,-26.554870128024355,-22.261307621989097,-26.259982912669994,-26.285376131229402,-12.9662142158584,null,null,-31.328880475532216,-31.780552752214053,-23.786868944403082,-33.80670735577812,-32.161486819357584,-28.741636934134206,-32.01593142465754,-35.89525323362661,-29.244370194644766,-34.117026416201895,-33.76496552618583,-36.56604267487548,-33.80033938289495,-33.69074320249081,-30.889406263641526,-34.5160169699475,-27.97919790103281,-32.36711286464203,-29.499140331341675,-25.60011846467698,-24.396474349874833,-23.730802324594443,-16.03813269172487,-8.280104435252094,-6.125469945336818,-1.6629520408211427,-0.9100920560375267,4.697636188460496,5.366521302456717,9.385431117555365,10.647817012650531
-22.632453866266815,-20.438734674836194,-26.34648143124597,-26.380499669576604,-28.73628839838667,-28.261970618252718,-30.10238316918208,-28.491835783708602,-26.363850247008855,-23.35621211797116,-25.190895484700633,-26.838459191369473,-24.975399295179646,-22.671415480558604,-25.14517136307326,-24.914127090218056,-32.384429014153355,-30.005049553000966,-30.48602292123765,-32.05376114461457,-30.817955808366076,-23.066434686616017,-33.79319670225527,-34.53697721672589,-22.015250486018477,-29.781797936787136,-27.407944424154522,-35.01593203677349,-31.609641839519742,-31.97805470687816,-27.268141854889713,-30.055043469067837,-29.700504493679095,-26.39288169386425,-25.466573637342396,-24.24856230412512,-21.29936962475493,-15.353695977006304,-13.826868970463089,-8.626465997917222,-7.884381465970501,-3.253950378353051,2.9409257837657234,7.596725561310992,7.947381904415617,10.061073015381304
-20.82144851605145,-17.478688616020186,-22.923385762609204,-25.11870647441679,-27.037416254435392,-30.969184245263413,-30.677517997282024,-29.251585173985326,-26.10742630641571,-22.407185218069525,-27.034466758409632,-28.05170646013866,-29.226521271780705,-28.114885195316788,-29.636533680980946,-29.440207745162684,-29.959001181719,-31.89445312408676,-28.0940056288123,-31.59188091531141,-30.03269190377776,-27.815870524041966,-26.590570955905292,-29.93408610682347,-34.07957655803038,-32.65626816442727,-30.99572938518916,-28.137025447336548,-31.978175366564866,-31.660911895641366,-31.044641711828067,-28.965636247281765,-26.87688182531471,-21.125455925654915,-25.204550424077915,-23.712419308781172,null,-17.153883298860773,-14.72007091524354,-13.72395183519937,-9.24329949987801,-5.181200352612247,1.4511529596207462,1.5189725432356813,5.301949977410558,6.528790921089248
-21.079401786492024,-18.01698818085894,-24.115185749907674,-27.03113462039718,-25.10266209938079,null,-28.49461637083291,-29.755082069574076,-25.984732338983164,-20.601186859120897,-28.359195546834858,-29.72797430197204,-26.81590498567202,-29.299107387096544,-27.15676092284632,-29.121492440447682,-28.35455521345881,-30.055536387448225,-29.661354392078508,-28.04916019425878,-27.87548637471067,-27.614759427355995,-30.409421284137963,-31.42375260007292,-28.728622017971897,-31.53554501186813,-35.65206358955981,-34.31340309216524,-33.102613270671505,-29.786656452325346,-31.421815871013347,-31.389205220519706,-31.595927307229168,-26.71325441034108,-24.202981520486965,-20.887457371810342,-19.869968404830473,-16.312356634013355,-14.865866322972153,-13.204391239005181,-10.366144320533227,-6.915430569336056,-1.931854209339335,-1.5301823278812683,2.174068251686136,3.165856590360031
-20.994075311997356,-18.971323866057496,-25.783490060204805,-26.869906309257228,-26.62159579087505,-24.994175956054644,-29.337730796674226,-26.55321761978408,-27.598178104177244,-23.388533068655562,-28.66369207605328,-29.40856566076275,-28.255196076891743,-27.888360501817026,-28.63939744383695,-26.567960442009625,-28.024757712754845,-29.015702158842284,-29.337977175808334,-30.725753750531517,-29.89484755990122,-29.32790627092675,-31.3741506574134,-32.78959607864553,-34.530722971908325,-33.27836140034388,-33.55329844890854,-31.707081522841357,-33.73785295872898,-34.21112541772143,-28.265999594387647,-29.447855678123158,-29.856539194158167,-28.498568885377118,-23.635027056785628,null,-16.42672014607985,-15.290971391525556,-14.076196644537548,-13.667269992068993,-9.889064196874202,-7.5537396956605996,-4.2660858599632405,-3.4083948779391924,-2.0358256293815096,1.8699082459622565
-21.23320762242681,-19.21637023423851,-23.853370249807202,-27.052696677557357,-26.425339704384218,-24.622754432736915,-26.624048293436054,-26.353888387093097,-24.35153177879222,-16.804871439580275,null,-28.618457557473164,-27.63583173790166,-27.954785414018968,-28.428840989609995,-28.47045315926406,-27.430684836617395,-27.960820560306036,-29.864540207599273,-32.02718214513085,-32.984059242782294,-33.08119777246992,-32.18767284844239,-33.84233056896445,-31.415784076726887,-30.96528322323924,-34.22937499819898,-30.8778228964459,null,null,-26.772280892562275,-27.861650261621012,-23.397303631261654,-29.543817723142368,-23.70439241729335,-23.01834118469828,-20.32592737716764,-17.566868158993458,-14.542707065914481,-13.08642631870495,-10.095972373901308,-7.183479991718853,-6.323126343806937,-4.6699919683687,-0.5222568738301624,4.000847001642842
-21.300163028532126,-20.085666257276998,-20.9571735430913,-23.691015301407525,-26.398630954482673,-23.86578407468324,-27.167351174759403,-26.326950476013295,-24.701751944354505,-21.736170411452633,-24.326460777329405,-25.65965081918884,-26.85669830732894,-28.223121762231436,-29.027659169647446,-29.58819323122077,-29.541603467871386,-30.296552431589156,-30.172070196414143,-31.825155167774323,-33.77436361172435,-30.52754592618713,-33.02090829637878,-32.90026702534646,-31.799725619088225,-32.887187457239925,-33.05945388147067,null,-28.57886491121569,-24.741065035389006,null,-25.84496825171062,-23.319485547947703,null,-21.2491683472328,-20.271359179531675,-19.84483106086873,-18.151932312917314,-16.943780574543126,-16.30258257091088,-10.542447351914682,-7.980423964540473,-8.120451020271616,-5.070476068541962,-4.320784627025599,-1.7738715384303583
-21.423736551177505,-19.892475610412042,-18.500168844743836,-24.59428848318295,-26.624043977578996,-24.984590962847573,-26.612209758904452,-24.513320419116752,-27.368926702259667,-21.332160182331613,-21.088782999883133,-26.30586720246551,-27.206057855538074,-29.110847887421127,-29.249562139371264,-28.936520795584897,-29.307325742976232,-28.620299428397708,-29.10684910576224,-27.3925971424197,-32.013537370388356,-31.61200304389692,-34.03262637992812,-33.7573024497232,-33.52645755063034,-29.601183805468516,-27.346232624898576,-30.573586059299743,-29.83564339963667,-23.15397349828818,-25.075674382455095,-22.799150323222193,-22.920929003078708,-19.351630245657645,-20.38139714075015,-19.518762198107357,-19.368132219130135,-20.494527575120465,-18.38097078374453,-17.117933101353948,-12.56847285368842,-10.63630804324326,-9.253595961250495,-7.148741261869575,-3.923148418181986,-2.097392070696792
-22.799267531276914,-21.271402877291045,-18.50231391855236,-25.55130269966022,-26.708137883909092,-25.84824115700493,-26.42146783122402,-26.73436696272346,-26.346586363301597,null,-26.6042163444,-25.082807316107676,-23.173761802874864,-28.887298385776134,-27.116658627385597,-27.479095227553763,-28.15308180675475,-29.813048054507966,-27.96626995980031,-27.346968394609735,-28.32588796271211,-30.588047941662317,-28.620130255662172,-31.82327910539249,-32.75344226419688,-30.01153117657888,-27.444068630077574,-27.38718049181061,-27.616092886187783,-26.523839323792195,-24.893856783191026,-26.85168424778366,-22.902470921678365,-20.9662684437766,-18.34940397978693,-18.32251251808727,-16.401384827443042,-17.24111783738413,-15.31830159993452,-14.80841294237304,-14.917477168817218,-13.873043190758773,-12.305475565010997,-10.352146736678254,-6.972826524317268,-6.185867540187631
-21.78131905805224,-21.348980693855328,-20.366761040472632,-25.168076828374797,-26.35236924831832,-25.190690427191807,-25.786798617113753,-25.221527363874912,-20.19304783631079,-16.904183704746156,null,null,-27.2551767942601,-18.144829533089947,-28.813382336776073,-28.67848054475733,-28.859386516512824,-24.32285935249228,-28.60187429810952,-27.396431089056318,-28.69225854017084,-32.34607490379133,-27.235482379467417,-27.03551145155585,-30.96273859914443,-30.40381804207776,-26.73203602866327,-25.643213304684537,-26.134900078283856,-25.259448437829565,-23.28939101454607,-23.964889868226592,-24.24493912389793,-21.305153085090808,-20.399029497279038,-19.28887026604123,-18.18646627653112,-20.448760346700254,-16.30969123198786,-14.50897386667021,-13.921243108387245,-16.05723771909591,-12.510032489931103,-9.794496190155874,-10.750850116690119,-7.959501499948985
-21.236472151665232,-21.530535960186683,-22.020453777155026,-21.808958365956894,-25.105330532789058,-24.369308873647853,-25.400017703860048,-24.76173367052929,-19.521919752380047,-21.881163270392378,null,null,null,-27.663820138442343,-29.52908668530771,-28.454577471812417,-27.976257883821102,-24.645451713738474,-25.252737081648146,-26.544691329944857,-28.44674368544546,-26.32971521542793,null,-27.30271218609548,-29.3176140585917,-29.03410397810267,-26.505693894500588,-22.07737991345108,-23.71739087400911,-22.879666514540716,-20.71172688105198,-25.581295546208104,-24.011409057435852,-22.334354344741794,-18.364456475031876,null,-17.261925228160298,null,-17.848307555206926,-16.242517869403162,-15.327386127941423,-13.85314862858349,-13.778290170057847,-10.535369299846161,-8.53112480765856,-8.003871907525305
-21.429088490456287,-21.345778230800605,-21.964103246880434,-18.241779559226313,-24.636177546542154,-24.54687201067875,-23.193141358694973,-25.52904599379402,-21.41802674423564,-19.34497375410334,-12.85029111822178,null,null,-26.2892063973322,-26.034325419230193,-24.95425173019929,-27.808954529217367,-26.589290079175765,-19.99813353090867,-29.83869515469536,-28.442289603373396,-29.89267609787582,-18.518635993600157,-19.897797665019134,-28.70813302683088,-29.713198205029514,-26.598129503494214,-22.95883249586195,-21.759194362055034,-22.183677356175806,-21.198759951287162,-25.347789537938098,-23.21456593113706,-22.37617774608338,-20.812078741878555,null,null,null,-13.735289313056477,-15.223550815075924,-13.311138558873932,-14.082667939431916,-14.30704433812072,-11.86728030043565,-9.63424905178174,-8.310009555573794
