public/json/wind_2018-09-1519_700.json
{"header": { "discipline": 10, "disciplineName": "Oceanographic_products", "center": 0, "centerName": "Ocean Modeling and Observation Laboratory", "refTime": "2018-09-15T19:00:00.000Z", "significanceOfRT": 0, "significanceOfRTName": "Analysis", "parameterCategory": 0, "parameterCategoryName": "Currents", "parameterNumber": 2, "parameterNumberName": "U-component_of_wind", "parameterUnit": "m.s-1", "forecastTime": 0, "surface1Type": 160, "surface1TypeName": "Depth below sea level", "surface1Value": 15, "numberPoints": 4800, "shape": 0, "shapeName": "Earth spherical with radius = 6,367,470 m", "scanMode": 0, "nx": 80, "ny": 60, "lo1": 109.0, "la1": 20.0, "lo2": 116.89999999999955, "la2": 14.520000000000117, "dx": 0.09999999999999432, "dy": -0.10000000000000142 }, "data":
[rows 19 to 37 of 60, columns 0 to 41 of 80]
-8.236970348334971,-8.275027602249867,-8.20456853320615,-8.236810321267276,-7.279677020610777,-6.834103592597254,-7.281892466538838,-7.579561679720738,-8.598180346047705,-8.425924065410783,-8.726808558598705,-8.803056241908429,-9.427151566514723,-10.51068422093787,-10.756288034739157,-11.12812462293856,-10.898689269474739,-10.45637906195817,-10.3318662518588,-11.075297253900644,-11.613557804034599,-11.375196899516421,-12.794898093161526,-13.589249828594086,-13.501239761032927,-12.631367129993407,-12.406455194480822,-13.230771764708201,-13.508194490422841,-13.801827682139038,-15.218802892307103,-15.787411738965524,-15.839773518742192,-17.55163402263596,-18.482390770974302,-19.612410488691506,-19.61401596584255,-20.5329178322922,-21.1426775631257,-23.10089824075827,-24.105503434649375,-24.61851710370557
-8.275855777192445,-8.745039614939424,-8.586391395404858,-7.466720392088491,-7.448761163162606,-6.834199771950805,-6.47775315832952,-6.092387065657775,-8.803603819358464,-8.998582573523716,-8.833667608309295,-8.639027352280777,-9.187013812327427,-10.203807218849034,-10.735770233441896,-11.492916134030533,-11.024072970471137,-10.793224681225173,-10.402950400944441,-11.425214824917429,-12.016691729404739,-12.350441739080933,-13.066039633192357,-13.728286153532697,-13.425452461071092,-12.954831075307766,-13.481207016833743,-12.762094835308169,-13.835371734092679,-14.331228080803502,-16.42724048671686,-16.334497050698843,-16.23038384447909,-17.28177870931269,-19.350380690984895,-19.804922230978757,-19.94332079240585,-20.631432084681926,-21.50098006878951,-22.302620384069108,-24.764576855028594,-24.789184146229786
-8.329867672362479,-8.73240214486946,-8.748122972642703,-8.469184252500947,-7.224310917446417,-6.383839951967433,-5.920174716056434,-6.433060586210617,-9.16960858497791,-9.04023015132186,-8.716201646610964,-9.471391485464213,-9.674579894509435,-10.05148937542868,-10.634956464725935,-11.010874433953703,-10.844037059340591,-11.00911316229994,-11.497258458009071,-12.664445960136307,-12.751078741858471,-11.828536502101358,-12.139585575142283,-13.219835645148484,-14.045401316940136,-14.491152003118923,-14.407978647322857,-13.672066371125691,-13.56574089785244,-14.484057400726593,-16.281783927636482,-16.46953796250633,-16.295685589449807,-17.362607818566822,-18.647579873488557,-20.273978375522585,-19.673460582931202,-20.993330774773646,-21.378687387594866,-21.36142452324179,-24.79573542624091,-24.76665837290113
-8.334135292904126,-8.68193116622633,-9.421689614546024,-8.489705126328651,-7.406565699802099,-6.154953563254953,-5.16128355494675,-8.398707278652822,-8.31809590779389,-8.74826663890206,-9.217416482632132,-9.608623712254964,-9.801614825550626,-10.163437682800481,-10.390909002441077,-11.07144047056039,-11.037716822360078,-11.135875253180426,-11.73553508675441,-11.849242815423613,-11.822783148208503,-12.040282880270475,-13.531804442231484,-13.900693295486297,-14.510749983604079,-13.876615444451447,-13.373564239375558,-14.022931304348347,-13.350319629670015,-15.099981527968923,-15.509234691009961,-17.46544095538958,-16.4991223484666,-17.436679167859538,-18.59519984355545,-19.445620165619,-19.85372326229252,-21.04469272924467,-21.7120785146412,-23.50332156650374,-24.982207924460077,-25.26233350080871
-8.365779815805604,-8.792073787127164,-9.13382853338304,-8.882719234588109,-8.343917198421687,-6.510715606563034,-7.087310921456888,-8.132169045727322,-7.71858152067595,-9.30330923280664,-9.48934565686953,-9.640287256245058,-10.447634719675323,-10.36839393027164,-10.77469838785503,-10.935304556973797,-10.371746883971195,-11.657619671128037,-12.070953393274596,-12.34595261591118,-12.320471362091705,-12.754960678373623,-14.553245348419315,-14.890401246974188,-13.97875393108693,-14.304017859615184,-13.936328141732213,-13.65552459784186,-13.984396574182703,-14.68112551795069,-15.690587628157973,-16.75774114812555,-17.61219294080797,-17.864082517631623,-18.472506805028328,-19.70486779475762,-20.582626287845148,-21.169837381803593,-22.15375421846302,-25.003108043622632,-25.3720548282214,-25.717490469016106
-8.316469238076676,-8.758632943181116,-8.796982731150347,-8.89605825917246,-8.12686450115143,-8.428892184990563,-8.041261821366634,-7.895936474314384,-7.497918543894853,-10.37501129201356,-9.299450689600233,-9.12049787873652,-9.970883950336097,-10.76203062581568,-11.11794480019531,-10.095656865310616,-10.83069751938514,-13.097260883295636,-11.953809190987485,-12.55627888821239,-13.154192634850135,-12.779410362194135,-13.63449932081401,-14.319694364767106,-14.139446770948647,-14.161870551174053,-13.710189180382294,-14.398519998526833,-13.798962028114243,-14.924681148496997,-15.323713580452372,-17.301701846780183,-19.178071148602985,-18.35126451496872,-18.65759397792865,-19.904626615722517,-20.647833028865108,-21.05086333711994,-22.800673591662473,-24.10580881672979,-25.609062553430746,-26.123375683348588
-8.368484109292671,-8.67152437849037,-8.714296443165452,-8.425494593706139,-8.802670265122615,-8.697308671125521,-8.380910213795941,-8.650263682728196,-9.672563806747418,-9.26740830185491,-9.022287380144562,-8.99349165415969,-9.464422374300206,-10.092311853659673,-10.56921320390082,-11.872055282562124,-13.595829651903228,-12.409268626955855,-11.264178739007669,-13.383261711587956,-12.886136364367795,-12.949576412458763,-14.971729950336524,-13.975105294056315,-13.22348947718222,-13.957679795409726,-14.400427235601093,-14.574071879201586,-13.526245385876276,-15.197011866166966,-15.785816058688255,-17.74238068250383,-18.428254568894037,-18.19192954788041,-18.99769296180482,-20.089830675081195,-21.68588477873768,-23.299865773811465,-23.69078320166677,-24.491184860845497,-25.66190710410987,-27.0001611884797
-8.326305141746587,-8.647089980106031,-8.986327833754824,-8.374042226755355,-8.48550548094009,-8.208204524324804,-8.36249671274658,-9.266500766938952,-9.911859066177831,-9.82177995036076,-9.102922408886856,-9.890872988121814,-8.775624008042232,-10.041787481335643,-11.047208433672578,-12.340989353092063,-13.190264884939095,-11.97721036513374,-12.57048602229182,-13.73607010056734,-11.860849152957147,-14.522726745909017,-13.952349899980812,-13.40603051946491,-12.963013176264115,-14.048478833351412,-14.222699034971678,-14.23345692435993,-14.384933522105014,-15.226056545705116,-16.305559217076695,-17.53380679463786,-17.490883957730293,-18.97473536699565,-19.624610892482785,-20.113253251516454,-21.070316132429227,-22.4341862385317,-22.818983335649687,-24.028848915473503,-25.728661151278786,-26.92294658329644
-8.523915937884537,-8.66582328743923,-9.013759340461895,-8.474836267044292,-7.916794805749946,-8.81131073322818,-8.382721542689202,-8.834878149263552,-8.779395131166845,-9.38318874367598,-9.913860927946164,-9.909080283305885,-9.509198436999451,-10.69462603387052,-11.632337599913956,-12.672170804778014,-12.292314348080838,-12.848815647527264,-13.283201753918242,-12.604708801834711,-13.454449425464924,-13.619740799886555,-13.27445541054419,-13.197358188731563,-13.25058490665672,-13.868909838057625,-15.011639372342147,-14.844636313346161,-14.7366136230847,-15.119872425026113,-16.668273868030713,-17.133234746217838,-17.86593154312378,-18.51976993214229,-19.847905003165152,-19.919811503728354,-20.72324434633958,-20.81113900346395,-21.042144863102752,-22.692014568468803,-25.56013826612169,-27.136337957807683
-8.571169091381881,-8.725278704441928,-8.987781256957636,-8.056871315646095,-8.801730583300312,-9.078655894825078,-8.923940648028783,-8.653164703185563,-8.934792162907343,-9.27839108163925,-9.718754654879588,-9.772601983770953,-9.615620453642714,-11.078133988549501,-11.738339185514466,-12.571331713696882,-12.666928572018666,-12.921555936726792,-12.510859429587443,-12.950926099757051,-13.30155453129163,-13.44482496112479,-13.430799817263999,-13.24264778528228,-13.621705450282606,-14.141215137276102,-14.680577575319623,-15.403919743086187,-15.597139359002202,-15.558951520389742,-16.033275222270763,-16.889176376328628,-17.90285749565678,-18.197489588733752,-18.68987365049197,-19.733207903959595,-19.6013079469301,-20.06167020502915,-20.03868934301434,-20.857293217944203,-24.66259181014103,-27.354267161626872
-8.805561158310491,-8.055678111860535,-8.595995069041779,-8.871585766405529,-9.553583051875105,-9.03009748371438,-9.32204875892588,-8.663265918202331,-9.252851047428063,-9.36121608340729,-9.583708354477885,-9.899141211531918,-10.977570669954794,-11.408163982730272,-11.625999588893285,-12.289417990672492,-12.53888293289222,-12.393312196651607,-12.37209082141808,-12.071189830479332,-12.704818296006048,-12.99473567108329,-13.445768663528986,-13.889390683266269,-14.241840782071014,-14.160992932341466,-15.166440558197838,-14.843634248869353,-15.443798872259663,-16.812959824774126,-16.155089626939006,-16.084692958156513,-17.45217150458767,-17.7282089945537,-18.36501316148958,-19.196500186223574,-19.205032832230362,-19.894538010769438,-19.64999100924453,-19.949264738534115,-23.112257604548795,-26.266341256035098
-8.716613997014187,-8.904483362567525,-7.972036102303547,-9.880139035620667,-9.698752750409817,-8.476249302957735,-9.424407906537375,-8.91866313119845,-9.325121398887045,-9.940427168368636,-10.16907165479191,-10.460737921780092,-10.962371712787236,-11.188736962960355,-11.499633580437735,-12.068854427910392,-12.744555171961755,-12.559005170706971,-12.343862395027056,-12.093735758667508,-11.763276970512631,-12.65928004913139,-13.55735086368671,-13.736411175156665,-13.879770919124592,-14.454667528207883,-15.201907826293343,-14.804168714327261,-15.520955074849704,-16.45283275080397,-15.938329781974662,-16.3854035897857,-16.878344188730573,-17.63570020608328,-17.143866988846774,-19.01558314336789,-19.997950245406425,-19.673183807366854,-20.150193522836396,-21.03928916368816,-23.2971210218008,-24.92346948445774
-8.86084246525073,-8.474535258988372,-8.41034734878842,-8.149569812843598,-8.838582093914503,-10.073607216091336,-9.104423376885755,-9.429637908325825,-9.656874609250579,-10.608354823814938,-10.42515732793382,-10.776067387761575,-11.094179821485618,-11.300692761446678,-11.454584896658336,-11.975004733945873,-12.745652489422817,-13.027952000266934,-12.571450442953346,-12.454031367456533,-12.914251908171245,-13.21557485029212,-12.907950428365465,-13.130619936271554,-13.550467359847321,-14.039392966101074,-15.203109636213139,-14.685671187195691,-14.527349678853087,-15.499415507843104,-16.113360075428613,-16.471997085137165,-16.019651780399553,-17.0220125667137,-17.516064975704175,-19.368689561823345,-18.792620269035634,-19.19990410530842,-20.593181500545796,-20.99235814767733,-23.022130683384898,-23.9586451070889
-8.918559856084817,-8.752091965696993,-7.6642665368314145,-8.113578449140446,-8.814988235669505,-9.32467549960386,-9.905334278384284,-9.753398737291711,-9.968993301677328,-10.78309630052065,-10.144642989875118,-10.785674470642858,-11.043149161106003,-11.421277568153382,-11.809461963488967,-12.369463889790373,-12.749858743133172,-12.947608030684755,-13.177830704144107,-12.898017249390442,-12.886115002115112,-13.19100200322666,-13.679885809580234,-13.955033500766364,-13.722014570751556,-13.94004548152542,-14.51770132012659,-14.38472453602294,-14.064233724083435,-15.087444211461365,-15.841121234717917,-15.927847225260379,-16.053534722457243,-16.528158655263045,-17.95693180487562,-19.075769670817508,-18.65251061931133,-19.254768763319383,-20.431589846437443,-20.515917074676583,-21.463196447062554,-22.721721375324638
-9.234300140087733,-7.800499555616112,-8.043815383033852,-8.124259394017448,-8.416563200467287,-9.593642613292193,-9.97757198593188,-9.825981579388372,-9.652686466871284,-9.652980109119085,-11.712447930453592,-11.145426914455115,-10.979610921331824,-11.39240053362783,-11.87920686593251,-12.270790190137692,-12.594305019399261,-13.294724247421598,-12.91477296813591,-12.994041646206835,-13.286446783952586,-13.557686877344219,-13.748123447691356,-14.066768820572118,-14.035928591075697,-13.958824762482836,-14.218399071964598,-14.069523705739018,-14.762694514824853,-14.80488425338189,-15.653308940802047,-15.301495458905347,-15.402345688087479,-16.699654955162632,-18.570085641227774,-18.73343253158334,-18.77283429189003,-19.443165352692162,-20.996112177630607,-20.85669248544423,-20.694877123562907,-21.61514462691112
-9.304395256074912,-8.36370725180262,-8.467649653820645,-7.8232173715699975,-8.601136340900911,-9.033600160671401,-10.152368837723847,-9.907237548640701,-9.763950375742256,-10.15379996183083,-11.927306437369346,-11.475606371872992,-11.074660101876765,-11.355458564205472,-11.738405837997268,-12.296025406349662,-12.400646598949182,-13.13804226724803,-13.095501446167308,-12.900199708338814,-13.6682219598931,-13.307978189431026,-14.216554528158357,-14.573591071733686,-14.534011061490741,-13.968360386649552,-14.46102356380519,-15.120770417346662,-14.83968690773099,-14.162884169270125,-15.187516247393049,-15.679083178117544,-16.207691396289157,-16.867667304087064,-17.586581635135655,-18.58699889155706,-18.9356932824493,-19.25499310750309,-20.213231288441783,-20.836898087344768,-20.55868083323965,-20.96487067025081
-9.370932779355773,-8.915092863962252,-8.932034428440229,-8.161132093612942,-8.004785680086023,-9.071413247472606,-10.03486496518115,-9.45804501908458,-9.571437541985784,-9.319674141079979,-11.390633872040098,-11.676521480553761,-11.285666127448096,-11.110755847650886,-11.367951461259517,-12.39727393500204,-12.99681290149897,-13.116415528394597,-12.968802156715467,-13.178478919265205,-13.969347510326724,-14.0414971129788,-14.159083928646112,-14.435488823475875,-14.52588848394089,-14.725368758778636,-14.947197682472787,-15.756288967373914,-15.01825285988621,-15.151481459292588,-14.704091447262243,-15.73716702132916,-16.399935938792495,-16.34046816085047,-16.980475683029855,-17.935093986676208,-18.661013863625627,-19.263147673047524,-20.762665054648647,-20.786940452400657,-21.250758303609672,-21.684669706729665
-9.05366290399596,-9.924803324828606,-9.132289854776127,-7.9851796964881725,-8.603330175439366,-8.62617256169439,-9.05889927240407,-9.754687655410388,-8.646220152350898,-9.479419224599672,-10.619992001131477,-11.733679001074954,-11.184949023077973,-9.83348074202383,-12.332556786706864,-12.822766435389632,-12.897491855855767,-13.200292800271459,-13.380460306363648,-13.86567057598334,-13.82614342958044,-14.094943534340711,-13.918788710014244,-14.562140748248774,-15.38576722839861,-15.028630249094583,-15.32343433720371,-16.267632382550122,-16.149865277549036,-15.322186762706872,-14.773881156839415,-15.75691262088104,-16.20947277414902,-15.856270081504451,-16.21646063257937,-17.818077345603776,-18.088023706062373,-18.904030163899247,-20.441358339960416,-20.966385891933673,-20.904201462208892,-22.589641472907335
-10.069870143212203,-10.565705155568478,-8.952933200125207,-8.99806219556264,-8.77278329696921,-8.95371448852577,-8.972202273347797,-8.279936250280949,-9.75022595313149,-9.947880597754509,-10.155508238227158,-11.514218915172853,-11.204111936666694,-11.847855031177016,-12.96340086595584,-13.24934019296068,-13.101667943081694,-13.681912874912518,-13.309286669387241,-13.828003561064007,-13.605556694873721,-14.051579144497701,-13.659603031854633,-15.422601651482273,-15.522572378412999,-15.434143051508196,-15.502834360960165,-16.038489008839875,-16.53455544165687,-15.096025924694455,-15.638262826267278,-16.278301391109952,-16.37235068573132,-17.033131502865423,-16.48270228858387,-18.33859675127832,-19.178217725309825,-20.014983437189667,-20.19270782275915,-21.098800891021593,-22.058871256415035,-22.875841147590386
