public/json/wind_2018-09-1613_850.json
{"header": { "discipline": 10, "disciplineName": "Oceanographic_products", "center": 0, "centerName": "Ocean Modeling and Observation Laboratory", "refTime": "2018-09-16T13:00:00.000Z", "significanceOfRT": 0, "significanceOfRTName": "Analysis", "parameterCategory": 0, "parameterCategoryName": "Currents", "parameterNumber": 3, "parameterNumberName": "V-component_of_wind", "parameterUnit": "m.s-1", "forecastTime": 0, "surface1Type": 160, "surface1TypeName": "Depth below sea level", "surface1Value": 15, "numberPoints": 4800, "shape": 0, "shapeName": "Earth spherical with radius = 6,367,470 m", "scanMode": 0, "nx": 80, "ny": 60, "lo1": 109.0, "la1": 20.0, "lo2": 116.89999999999955, "la2": 14.520000000000117, "dx": 0.09999999999999432, "dy": -0.10000000000000142 }, "data":
[rows 0 to 18 of 60, columns 0 to 42 of 80]
null,null,null,null,null,null,null,null,null,null,null,null,null,null,null,null,null,null,null,null,null,null,null,null,null,null,null,null,null,null,null,null,null,null,null,null,null,null,null,null,null,null,null
null,null,null,null,null,null,null,null,null,null,null,null,null,null,null,null,null,null,null,null,null,null,null,null,null,null,null,null,null,null,null,null,null,null,null,null,null,null,null,null,null,null,null
-21.628112418427502,-22.45516007716431,-19.925582631319827,-20.237138728284005,-21.073148256256957,-20.948893908556943,-20.065901370232126,-19.63744461793427,-19.923522190047628,-19.055592268275007,-17.37285255428899,-15.90435182402705,-14.190349856881026,-16.316066266224727,-16.805244471301616,-18.276083593556972,-17.27073011454857,-16.010005062824625,-14.048921006145255,-11.993504058474869,-10.218934163968251,-7.177833511135145,-3.224328803935515,-4.918709998790247,-1.4809082096777213,1.9037800926031534,0.4657660204966062,0.5949211330198709,2.3506740379914284,3.9965133431280226,5.022670432175512,6.030886747128907,7.240404561880455,8.600315608019521,9.959444716555554,11.32443149024741,12.444569866642196,12.954092964147382,13.48126396456875,14.06909369931441,14.635679332416055,15.502644911585703,16.502567703585235
-23.62409872391688,-22.73280288312902,-20.541253841024925,-22.421296126044982,-20.953914423360587,-20.641906541884648,-20.269692117612777,-20.564901708201003,-19.99738517456326,-18.868921192466924,-16.93245256225525,-19.97645691718988,-21.94211516456397,-22.80084481524459,-21.888018883211117,-20.446325809900276,-17.95615402772324,-15.407883529736559,-13.063363336558089,-10.486817584653227,-7.957602363696324,-6.558866659575523,-5.597045414088808,-4.5080926634997125,-2.078175625428986,0.3960457563626893,3.0962574598494172,4.5236387368252915,2.722755896224043,5.3359177754201985,6.006446002401806,6.372327401771634,7.381547043221775,8.324457157516619,9.345545002317039,10.540263183316329,12.112534757848591,13.381153467479272,13.925121803523638,14.440246056619703,15.265011710929993,16.203011793283462,17.033499911216975
-24.85243798919975,-23.04852142786549,-23.77283750156046,-23.532510971786888,-22.237108881515603,-21.20342457817983,-21.39313257567924,-21.420565250405446,-19.84253714723244,-18.630964921840565,-21.369849414697185,-23.075015038391488,-23.29079218487219,-23.424236012341666,-22.70872593931243,-19.85564538341893,-17.183042049406296,-14.835213793415381,-11.412545674327344,-7.809625587636264,-5.120306256344309,-2.7885984507454555,-2.4120629349165013,-3.3097553573692133,-3.1357124728186214,-1.3525022758187233,1.9785194678309934,1.9200897365641096,3.587420235511753,7.674811235810081,7.955277625716867,9.112255770789357,9.260402204141137,9.929181113272126,9.976838214934165,11.502251504980094,12.945115009520178,13.941387036864302,15.299511332391434,16.128133518187415,16.526735046557416,17.095819246234328,17.834469569148418
-24.88290956971106,-25.254973936197075,-25.582514627994996,-24.875546708723505,-24.5744820442895,-22.948276618476875,-22.615468080107846,-21.220129250056857,-19.3705039499648,-21.718948503782116,-23.707866895948456,-24.54889560250505,-24.398800383124282,-23.94498002360136,-22.603631582978856,-20.577886451927224,-17.57829683286527,-14.143115534177468,-11.145206907972861,-7.495631577054105,-4.700715085321417,-2.539236976654317,-1.9425984184139689,-1.199063752687648,-1.2099824813540954,-0.9127986629888828,2.113414340650577,3.288093922989369,3.7131934473480976,6.237220676514874,6.728280247620538,9.047293432632907,10.765578016180253,11.119879810671726,12.028357646873175,11.554575973235593,13.46437513785147,15.01911305870821,15.885956429228933,16.76853582759068,17.6917605616216,18.176696461483253,19.102306755983914
-26.078492615640013,-27.287013113530385,-26.568875786198916,-25.075167688924623,-24.595485696939036,-24.389617545998615,-23.29192604874258,-21.30263020285851,-21.172568659639772,-23.707853406005764,-25.059876018779725,-25.67515014568729,-25.92900616515682,-24.833382875280023,-23.471255956093433,-19.935861112349237,-15.97681222041348,-13.004889927332158,-11.762547077439418,-9.346205504571323,-6.207518668072656,-5.526942079284516,-2.1573445631657524,0.20029647822920427,1.7623585954093044,1.8706831234353933,1.8634053741230738,3.67574989898362,4.667231333398115,5.802103568567512,7.681915594760566,10.446720592381386,11.335022255425068,11.295069841538295,14.702275687059682,12.94622785678785,13.763830628157805,15.177101902072476,17.52977101170103,17.60623317761173,18.74448277541342,19.743635543888253,20.078741687798143
-28.216015498183722,-27.482471654246112,-25.323752343857596,-25.511283091514667,-25.68078921852662,-25.492324968006216,-24.151549066283803,-22.133379869173744,-23.392349884267215,-25.008466442355566,-26.60888153207282,-27.244154484763175,-28.193999464814965,-25.75078203002308,-21.600080394425888,-16.941343132969706,-18.558155887226132,-17.921617761401713,-13.578788995653763,-8.879127079608491,-9.697236293697852,-6.831039871056305,-4.399396249503377,-1.7686677624850982,-0.09008412743404462,1.8383084967453285,7.373325092011019,6.977579813002398,5.166455782067695,6.789703747675285,8.415554861302265,8.990469965959575,11.82001669679198,11.405359534055801,17.17025449298931,14.577109926452486,15.940822982410442,16.711585914880665,18.24332203041844,18.425532333986112,19.933856463542398,20.488292017718482,21.41066672288897
-28.054671791252893,-27.111670096363554,-26.863048920163344,-27.223780721520544,-27.01377583777387,-26.35297704163851,-24.84182158086078,-23.00929452313524,-25.012795480742135,-27.415081290822066,-29.63156014060843,-30.658315540446694,-29.571782242362335,-27.14461716920638,-26.375580844328447,-25.114581947527128,-23.06125088971732,-20.90563852663127,-19.654536469209688,-15.161537012912625,-12.8748405949273,-12.622210761037401,-8.547981618332448,-3.013383767203852,-0.6560077914843342,0.8706312675193815,7.429944976161,8.530076822278428,7.2561429609040395,7.862800145748669,10.253719602204008,10.783915973266955,12.445840770862592,12.018245997063653,17.267225878237205,15.506369819788853,16.167677980367284,19.985928363485215,19.291622156408422,19.630789189270946,21.597813272619913,21.530272626398446,22.194100677386125
-27.59168357817422,-27.932596651369504,-28.200668156230584,-28.43880265310264,-27.266046260379056,-27.33315870100145,-25.06061982786997,-25.079478737876972,-28.877958619654834,-30.24535684548933,-31.34671256986635,-31.28924642187712,-31.32304542468755,-30.256080631456715,-29.69221902118017,-27.267237672608413,-26.58927048112468,-23.955933619671686,-24.5351661156249,-19.373743271020032,-14.521016439890076,-12.436422079318625,-12.0601993479789,-7.913370011656017,-0.37143157009559374,1.1727197106518203,4.298177526256603,10.61497293950838,6.682347018257621,9.449520304174301,12.635047180197066,13.022227823540176,13.301229552132389,14.004888155817294,16.845317358824555,16.633830202277387,18.32881769679451,21.068667400597576,20.97204515878694,21.522169746924874,21.501703601226524,22.51208026302869,23.187654221777738
-27.77296830810588,-28.40459340889873,-29.18645106999839,-29.33630833607912,-28.739607048032852,-28.97481410038684,-28.252015983229064,-29.773337110304134,-30.457283962198616,-31.604519905610417,-32.39692451775914,-34.257160880898525,-34.27518827669754,-32.31740421897807,-31.999466551229364,-30.561676455158068,-28.515839864267303,-27.406047771475993,-23.37671845013293,-20.995253729945237,-17.30258055608948,-13.91762042636558,-10.869262989355294,-8.384161080295256,-4.717933875961771,-0.38286458350889724,5.965065415809126,6.279984053097099,11.515153170198143,11.233024789347814,13.449941661054028,14.86037609776761,16.27961502720376,15.379806540480537,17.395155894766933,18.68116367136406,19.708072709375394,23.18373108756952,27.58981351004751,22.043772350075827,22.516446570985742,22.98655632532327,24.623486717718873
-28.7858734881842,-29.530863188444147,-31.22275085395339,-30.27580112049276,-30.554880426046736,-30.26412539320608,-30.603293264180643,-30.182488310502453,-32.127090703877165,-33.99767414223378,-34.333173250617676,-35.046179558286426,-35.93604157730065,-33.87018981982841,-33.72111539945864,-31.388572793818184,-28.99421342385899,-27.80677179178675,-25.697085087170322,-21.788199045227525,-18.09541811153527,-15.401808445965775,-11.444745246687255,-9.083592856210316,-3.899544764928046,-0.88971858100132,4.020216862453636,6.480522083498115,10.374178650987375,17.71331083390177,14.02789697941652,14.254007959345094,16.73590250450091,17.453704909877196,19.13404020773371,19.770825008706208,18.9491043507582,24.694808567930345,20.71749052480226,22.62675183592335,24.56667025958362,23.96138675351693,24.652114929629448
-30.246863632339267,-31.655206415731655,-32.07067820685481,-32.30002321177197,-32.68081887880965,-33.45561888185801,-32.45137942627417,-33.97800067606041,-34.95891133098387,-35.34075660614714,-37.27680121541425,-37.433621694826385,-34.66895674758861,-36.236392987758435,-36.70832300540929,-32.06326003429645,-29.16901775942405,-28.84595538348864,-27.66924072080803,-24.09739170127019,-20.609215913873047,-16.98263433379933,-11.61303860263937,-6.147467828062729,-0.12382442279693509,2.523952275584084,4.763942593041418,7.6787196276981495,10.91827908638006,15.751498857519692,16.857682918592985,15.530227451617588,17.282775903039628,21.873216090054246,19.546805336889566,21.61449316997738,20.85871483579315,25.44304609932378,21.484785470693584,27.15249400340756,26.420800770574715,25.65782217564584,25.508598811439708
-32.117369087581295,-32.89651450654312,-33.493879251752944,-34.09117567415098,-35.400786683927876,-35.58914267778206,-35.489238757750144,-37.699526809291335,-38.14647456660981,-38.80152898013471,-39.97220160923555,-39.90411782821614,-39.28967350375173,-37.09926936488389,-36.8202320873597,-34.71267005635635,-31.94742050284791,-32.975662088619686,-28.0503363794582,-24.760901066282155,-18.96194786597381,-15.476229811045567,-6.975402166244213,0.959498072179446,5.673901259294629,9.51212358711572,12.147284187540254,12.448510323941587,14.075127743850448,14.393407102902247,20.436442994998313,17.058606655793994,17.705008332195547,21.895657832709272,19.622363618473535,26.10780070203822,23.753146479733267,22.7136317336272,21.6895523899763,24.352111201857564,25.469949633992833,26.423222973320243,26.76471704978975
-33.68865003596616,-33.93828889652941,-34.487596308481464,-35.55146454892063,-36.96522408636247,-36.71223232186857,-37.08431230600314,-39.317735741395,-40.51236105232944,-41.54180036760512,-41.724479724314506,-41.56211575286151,-41.34895411718592,-39.7805361930513,-38.67785407901454,-34.648759883713495,-33.65961930691587,-32.01323180305299,-24.65332365364067,-16.622707510672623,-10.844496043041648,-7.995643532469595,-2.381251400805289,0.8177776841474914,3.7691271575626724,9.47544485893155,14.81812106906166,17.697203001917153,17.61209996423439,18.09247343703413,21.42253923848099,19.58743247169703,19.8990280364883,24.725210894728324,20.987486650444463,21.941161740794215,23.341473088641855,24.303057910628375,23.015044442543758,25.18050867412383,26.170114339083792,27.043558697450354,27.19487393317943
-35.178983473838386,-34.7491524082411,-35.648665121329685,-36.66437040498546,-37.70588166694927,-38.68147663339782,-40.195253769024305,-41.5745459887192,-41.55923050563051,-42.5357224064775,-44.112484623035975,-44.216850790269916,-42.926579269429894,-40.46826192268145,-38.628102280226,-37.66692902316425,-35.47265355625197,-32.10306291054623,-26.489626766771863,-15.92401011226164,-6.033747272542683,-3.416279163261134,-1.8087674375985998,1.9258216693013792,3.046132832019738,6.943391589797202,14.783594554176027,20.154206675111098,20.013186102549646,19.3416757184251,23.58978002049974,22.415131600030563,22.043605721950513,24.44698945298305,22.143726597173814,23.232504250109038,23.72884102361658,24.537710892220083,24.609956300814314,24.76051515145463,25.36416439448209,27.2443091968851,27.81255433220813
-36.4908986519456,-35.79374244767554,-36.775840389399335,-37.915816378164486,-38.58709413821554,-40.48662049996037,-41.75721819400772,-42.80407351678042,-42.76686835991298,-44.62795939536095,-44.739411955860206,-44.650392430612094,-44.04078285354343,-42.759250384929814,-42.1723131178933,-38.49905475336473,-34.9611080651177,-33.142155852293,-24.627375251324185,-14.224417068774498,-1.0662439542748705,-1.1849139830151414,0.43220952783503236,1.7956705721679076,3.101100089380898,5.9125602806533575,8.596341768319368,19.302214980368007,23.86053483622964,24.425616857473273,23.539335835399026,24.076542171204316,26.157916552718657,24.021436468112185,23.4071586816993,25.075398913942312,26.751450247911947,28.583606415210944,28.639698579839965,26.611557197844654,26.91668742605655,28.029672666617746,28.339724437989407
-36.386400888064145,-36.64893262067409,-38.40973709979035,-38.29856425368358,-39.392517396769044,-41.48330059175456,-42.29427737543575,-42.898545819867664,-43.94892071028408,-45.038196038581624,-45.11125591892416,-45.50177660507358,-45.30941879846407,-43.651498405980504,-41.50567792342032,-38.268355956097736,-36.24641144944405,-33.963995238427586,-20.220459878958124,-7.3673851478076235,0.2561076931352883,-0.669800405569786,1.6056594844284051,3.3111768669303134,3.1739098911152097,5.545894406328607,9.057352772088416,11.496483459700775,20.376794728003333,25.801825456497724,25.317530888322253,25.831667001835413,25.167168102465325,25.98786266569911,25.6785726872683,26.459660096241517,26.694145643717818,25.94938024962506,28.206252828645912,26.598981994897777,28.720828367821813,28.047232691303087,27.451200814223217
-36.61175715813565,-37.975332350474865,-38.86043437571118,-39.093514828511594,-41.134829353753226,-42.34206076557224,-42.342613487899385,-42.025427559893785,-43.120624209881655,-44.56039865058677,-45.059280313638524,-45.2815703275153,-44.312669873436896,-43.12898216406441,-41.78046468416245,-37.38615092195431,-34.942109789551516,-29.02625503687739,-13.990954720085082,-4.302940305907961,0.16871233324707388,-0.47624942108261353,1.3383347371272973,2.8492785311573594,4.224408953379511,6.074619953099339,10.404855604923572,12.686109561759228,20.52625276313944,26.0823124059478,26.217217624452985,23.432855397881312,24.594647860512083,27.40563994855914,28.58106016252453,26.5777174919682,27.094540790629914,24.26774695773147,25.53321182928112,33.592927102527796,29.56079024100735,30.511804194747917,28.319708906871952
