public/json/wind_2018-09-1514_700.json
{"header": { "discipline": 10, "disciplineName": "Oceanographic_products", "center": 0, "centerName": "Ocean Modeling and Observation Laboratory", "refTime": "2018-09-15T14:00:00.000Z", "significanceOfRT": 0, "significanceOfRTName": "Analysis", "parameterCategory": 0, "parameterCategoryName": "Currents", "parameterNumber": 2, "parameterNumberName": "U-component_of_wind", "parameterUnit": "m.s-1", "forecastTime": 0, "surface1Type": 160, "surface1TypeName": "Depth below sea level", "surface1Value": 15, "numberPoints": 4800, "shape": 0, "shapeName": "Earth spherical with radius = 6,367,470 m", "scanMode": 0, "nx": 80, "ny": 60, "lo1": 109.0, "la1": 20.0, "lo2": 116.89999999999955, "la2": 14.520000000000117, "dx": 0.09999999999999432, "dy": -0.10000000000000142 }, "data":
[rows 38 to 56 of 60, columns 0 to 41 of 80]
-10.406518422773075,-9.23664184853768,-11.128158580246755,-10.07370409674016,-10.092426871230895,-9.256761309503736,-8.997664254055255,-9.477690533141496,-9.022493734106519,-9.484804475028211,-7.722496432057488,-7.4950467862515,-11.337266344669715,-11.378920108287266,-9.776766755775537,-11.360780734027344,-11.323116564591931,-11.091839554435024,-13.038585546995012,-12.455716980686482,-11.941375978816525,-12.322010364231538,-14.19817681635358,-14.142054214879439,-13.757749317155902,-13.508512485703212,-13.385918011462135,-15.227081836713843,-15.07680706416798,-15.32551388107934,-16.053442332686974,-16.005715509942046,-16.904793044360495,-16.78142586977123,-16.438736352899152,-17.504648765261386,-18.089598160299865,-17.699679889857347,-16.093459977500903,-14.889632926808755,-14.33536072716987,-14.4797835115782
-10.134624090447032,-9.447783139516567,-11.091696808823354,-10.154230606781553,-9.762047410878626,-9.3055136556299,-9.205192472648356,-9.3378314499293,-9.459921459350484,-9.901779290458979,-7.264616714528234,-10.51516787015758,-11.899699246574023,-11.37335896077669,-11.026165420071088,-11.129628531640051,-11.221066426892909,-11.1112608039409,-13.321519412720692,-12.351986342783821,-13.403237894928711,-13.812724690107256,-15.489656673004614,-14.750417825082778,-13.627094154590726,-13.904087053139731,-13.078271093609168,-14.393177095304734,-15.027382580401282,-15.12369564080893,-16.100307358031834,-16.476942776486553,-17.29322852116767,-17.494871539054557,-17.03198885391462,-18.735245451379868,-18.471553057220397,-17.543448246337437,-15.598812696602128,-14.532057652179228,-14.571774799777732,-13.626461390536516
-9.933723761781646,-10.106455418719278,-10.688656960120424,-10.287907816524621,-9.684214785238233,-8.917869804797968,-9.09733423682005,-9.25392607329071,-9.089977997248788,-8.76107472238262,-8.906094821999348,-8.130122676325872,-9.884667171657547,-12.104050349752338,-11.222553241499748,-11.073603253088459,-10.664312496360212,-11.28856103624894,-11.74799184928971,-10.621191452553274,-13.118409702717155,-13.064947303741947,-14.87766903477921,-15.158952597583216,-13.58832552127422,-13.681904729339628,-13.706970223542445,-14.024148172044141,-14.954418127316128,-15.468838171679893,-15.564688380047944,-16.22380978738356,-16.687928406426416,-18.04643420077369,-17.83820035071161,-19.11627138090515,-18.665325186568605,-17.286518704937297,-15.45679269113424,-15.038462109076175,-14.976346253323912,-14.426104564447169
-9.999367877958038,-10.42453000327995,-10.557619072802023,-10.353679855424883,-9.09455753052808,-8.451447771122464,-8.60292712776856,-8.924860551395703,-8.937449412122739,-9.042165033339655,-8.943377995659889,-9.914483481351802,-12.499142962896196,-12.25215174349945,-11.943515246433998,-11.377497452397497,-10.225391348147879,-11.124167926160972,-11.394186217677774,-12.666641607306405,-11.937713877284086,-13.524828235045238,-13.787240888983433,-14.313214112985637,-14.787486210315967,-13.70585701345595,-14.34051211046137,-13.968723671648021,-14.28637050502973,-14.557878968388177,-17.2061265418169,-15.435218823158568,-15.983506563006806,-19.181355875115592,-18.452653121893192,-19.727590322498372,-18.444018128265256,-16.76901595367304,-16.515871235909167,-15.323196031215662,-15.580565819512715,-14.924098942104704
-10.122437321311141,-10.504676862431928,-10.372103004215656,-10.400218010097683,-8.792125692276814,-8.760662443795976,-8.439685268497426,-8.56963533744733,-9.087910088930688,-9.277396807573544,-8.939401807068467,-8.837388399359362,-13.39787580534999,-13.558312900206477,-10.510479770852625,-10.734440821194525,-12.287774751538157,-11.613256251890567,-11.750509338118693,-12.377738482535147,-12.939814286539539,-14.028388723680143,-13.537380022436322,-13.817284505036206,-14.809821035503758,-14.921888697532335,-13.336573210967643,-13.268836410983969,-14.216646222630589,-16.182268730369817,-16.503711278567355,-14.254883150281824,-16.489144085293486,-18.765130520123655,-20.236463810499686,-18.245148949168367,-17.861367792083804,-17.447680462355336,-16.766512248156033,-16.906295839751238,-15.361105213357408,-15.225962083309222
-10.200300149172607,-10.665485026486998,-10.241015804217634,-10.267236630473459,-8.644507274276306,-8.385379456379486,-8.384544391654831,-8.632203237800296,-8.80337574920428,-9.438170813518544,-9.364298754296069,-10.73849560304972,-12.754066769141215,-12.083117141984413,-10.965745759977938,-9.759635678193153,-12.377388106246686,-11.229869010224064,-12.362093458852144,-13.277164648874026,-12.270648906278538,-13.491586586437048,-13.647213241108826,-14.573561936469584,-14.876239896847707,-14.230540855681864,-13.061592694043899,-14.454078551213156,-16.86235237142859,-16.18404776064062,-16.13891521872597,-13.634052696380238,-19.03657373760503,-19.090680448829293,-18.214047872482027,-17.185006780254078,-17.789972511156286,-17.270881652179956,-16.65870894796086,-16.695058230511716,-15.951255285627505,-15.489205147702684
-10.022037920109408,-10.040173362313855,-9.77371431885761,-9.799380108637093,-9.145869572583427,-8.605236675185582,-8.36568838745194,-8.449999471190122,-9.076650613977375,-9.702259544556377,-10.072489130929139,-11.182111720250118,-13.528784283811927,-11.385554465486981,-11.145837006390034,-11.200780147092823,-12.81478431186935,-11.88804016832065,-12.223282172897962,-12.65963459335688,-12.88355000752936,-13.016422596905432,-13.196691040027359,-14.457244547536455,-13.673915212877846,-13.958598635237895,-13.101200308024442,-15.85477956114999,-16.866036409260218,-15.855779563559617,-16.489538263426056,-15.22654398153009,-17.200977605051406,-17.537746425006837,-17.773995311108173,-17.31821338907273,-17.109514702090475,-17.58618904659118,-16.30388751316839,-16.652646630693155,-16.393812756218775,-16.780070057914056
-9.782239028921433,-9.983394680910553,-9.735636245128019,-9.316129793038279,-9.249225722304267,-8.528020972729536,-9.051726900952758,-8.417278708849528,-8.47853291916203,-9.245937260438254,-10.178003179849734,-9.290828786949794,-13.422259538780354,-11.89729736906733,-11.058633994851942,-10.380395921406652,-12.044023648718973,-11.664884170558677,-11.757344570240917,-10.766004378878918,-12.791292905847058,-13.018494994610522,-13.373158628421088,-13.68147431949359,-12.694050892216374,-14.827950548679706,-14.849997726385027,-17.328233195249382,-16.18865606853356,-15.214925243345437,-17.372809887801694,-16.994134477943824,-18.58726766344442,-16.624460996675467,-17.06759963353805,-16.84538720579497,-17.150171805637463,-17.306204184894128,-17.520859196631417,-17.29449602149345,-16.840574951394306,-18.312289690156067
-10.067276743759628,-10.029314944020303,-8.718661250851707,-9.084065419970646,-9.13944201562915,-8.449766627929703,-9.217416697390084,-8.728369596498602,-6.9812939478143194,-9.339085662661105,-10.873252721747892,-11.505104914916474,-10.723954638558912,-11.771373018706448,-10.950038618781651,-10.968422985471584,-11.087666806488482,-11.46887991936162,-12.29117056351033,-10.500579784697484,-12.955777018608115,-11.988158444616387,-14.671880547076352,-13.189722959184724,-12.548226844797565,-14.285766395769375,-15.34384912866051,-17.03106609940307,-15.586652733311224,-15.994278865244627,-16.258963916376697,-18.970987270627056,-17.812681031762207,-16.218323512163668,-14.978419811893046,-16.873215120984906,-17.14435172962675,-16.268624308480664,-17.209602088056524,-18.3079448879024,-17.41366941629304,-17.938316755841818
-10.166276338384547,-9.470364932049376,-8.530167820146966,-8.878551295267995,-8.624535613193476,-8.82877520858311,-9.772095562169284,-8.981260207564004,-7.321317919332163,-11.040302507739222,-11.124218466452428,-9.87419873675606,-12.06839476331814,-10.99884703229037,-10.00283056064415,-9.32359231656297,-11.712203533595419,-11.524088354790377,-12.095304694324675,-9.223412831443213,-13.096966132719297,-11.83173634166799,-15.186064968190045,-12.545863644489181,-12.874142414051782,-13.60138501624805,-15.814425665263402,-15.0806190449396,-16.067051669275756,-15.80243946466268,-17.43894053555983,-16.59355777075197,-18.055994651272545,-16.610315570225385,-16.031203721946408,-15.88063201370488,-16.591044187663627,-18.730777922455506,-18.74642244922148,-18.434656699651534,-17.634391602682292,-17.74458511196808
-9.306623686089853,-8.63497785543944,-8.666765650678279,-8.44630790879946,-8.576300440232579,-9.947176215904392,-9.346483415097325,-9.249505479339447,-7.360880071891777,-11.55473949135809,-10.91582367274859,-10.52787425843849,-12.491807211388831,-10.25856352453627,-9.44308922312933,-8.11729007476878,-10.43476843958144,-12.893727218925973,-11.719684612231617,-7.281381910882815,-17.146370289523706,-12.98835393232591,-14.214512300682427,-11.899003859840029,-13.296882314322083,-13.614001124154449,-15.968945916423344,-15.043098878363004,-15.662771704178434,-16.284886568469073,-16.41902602687925,-18.80018286693641,-16.86875978274751,-15.957636300840656,-16.110106898611967,-16.04760751138801,-15.853366784375751,-18.43841206863004,-18.186067244119418,-18.93731691447816,-19.017572117776233,-16.03692642624082
-9.10058015364065,-7.875743134039514,-8.700729807217071,-8.571716286474395,-9.295422754197398,-9.589794143312282,-8.598090532530763,-9.742519202104921,-7.5335131551721135,-11.451526337494203,-11.266264031296057,-10.452770974907281,-10.724623402914373,-9.857358125381543,-9.867070703649256,-8.864460495057584,-8.771361641683004,-12.653895272641702,-10.621630682096427,-13.794670104501566,-16.56890836077491,-13.492993378575903,-12.22860190973809,-12.916168659229825,-13.188292619304999,-13.14356055708144,-15.349921864914172,-16.112185385302155,-16.07881555002497,-15.308389441495809,-17.21656159462101,-17.89229297903916,-16.74046711150522,-15.93424223483201,-16.043198283865582,-17.17919268471379,-17.67161547123407,-18.57505309256659,-17.46828115933234,-18.03878554888042,-16.619099158764236,-15.427812669767068
-7.992830348201888,-8.230862139639786,-8.395429387939435,-8.80272149565525,-9.81054358928261,-9.777783611766855,-8.968265591740096,-9.184256080543143,-8.403902666124447,-10.132861195782933,-11.357024195152295,-9.952547298753135,-9.379549430129588,-9.870724240999644,-9.447344102674643,-8.937527555169394,-10.865229669478992,-12.001490328475995,-13.924996888067657,-13.425764543545618,-14.258977103178076,-13.8899754751758,-12.899853667161699,-12.878540403838826,-14.629279072258036,-13.03171622099713,-14.032956933115878,-15.145950630246698,-15.334840679164177,-16.214443082772323,-16.665066057828437,-16.222990972033195,-15.527770745474614,-16.494656261851734,-17.234270038546658,-18.27703736502834,-17.988361004467944,-17.561762916609055,-17.1281043982506,-16.642794523524863,-15.988927085901068,-15.581871963896893
-8.584147502721999,-7.382093185549321,-8.174123317698639,-8.986749090487466,-9.921601278100496,-9.679064412040653,-10.680050380897296,-7.541581419064203,-8.792761862587351,-9.235122139879081,-10.965935517014032,-9.747567241845733,-9.387686076759637,-10.607917117655214,-9.128178834131072,-11.343431134330213,-9.707281595630551,-11.374019062187195,-13.136947377545605,-12.97974657533509,-12.661607428054635,-14.624522715083137,-13.312545265232387,-13.669532005165685,-13.38325764996564,-15.078773752388315,-14.557555302858548,-13.543237618150096,-15.889887264651144,-16.642133524228942,-17.43950950324002,-15.400908507334123,-16.118851037619642,-16.740843056433945,-17.938648774972528,-16.51762400817528,-16.85543122091124,-16.150297765334773,-16.671506072198042,-16.313353969675752,-16.029004515503352,-15.350011680895417
-7.226578812809769,-5.504450485908871,-7.665100248825295,-9.949955845387528,-9.589282391764126,-10.044040504153124,-10.23521641116198,-8.159713007274465,-8.283423153782138,-9.97290154186282,-10.83449393725552,-9.36466207052057,-9.47232911848885,-9.555293293842213,-9.690778052887717,-9.270171795626153,-11.025335130412772,-10.475932262347856,-11.75534733254015,-13.702933032157171,-15.03062105768165,-13.981991134235301,-14.044727070100132,-13.096052957878552,-14.676444428390896,-14.752988968769433,-15.52712356908599,-16.374013012352513,-16.401337489824996,-18.582219002836904,-16.283682835894542,-15.962977937295461,-16.31321889393493,-15.691540813073834,-16.94948500568244,-15.276410463639866,-15.764910527160755,-16.338435603914604,-15.528572082836504,-16.652852893016963,-15.977437704481138,-15.02513512248985
-8.360180323564355,-7.3774070484252405,-10.917020018809716,-8.499620076266488,-9.410762785709018,-10.018521863472186,-10.44957202850572,-8.30986279078317,-7.037201789728602,-9.054443221105775,-11.076231280350516,-9.082425596507496,-9.349493405004011,-9.318194581017597,-10.475201761065625,-10.184005657286901,-11.291780109224765,-11.696505952062463,-12.787881512930783,-15.346993727519822,-15.062862048258323,-13.582898640238014,-13.792352642886598,-12.572554216670822,-15.578400611610855,-14.452027978744864,-15.25441650843987,-15.325905767470811,-16.30428322175666,-16.78787930398036,-16.693458881635312,-16.607996725913377,-15.713722997328281,-16.310274356980138,-16.029160184435277,-15.158702673532598,-16.145955572752182,-16.14466368166624,-15.211380623799739,-16.723025489237916,-16.589274084428347,-15.261987667365656
-7.902445974913787,-7.936455011665463,-9.227299769218623,-8.186047875011303,-8.072664540747429,-9.73665910839936,-10.08686118198448,-7.903758229626769,-7.917673777081462,-8.581393217512082,-10.55345392492878,-8.768037097875682,-9.035719448800334,-7.882286110755512,-10.488753517088725,-10.096976046895392,-12.063352801015146,-11.522383665574512,-12.059888871282846,-13.889683879726466,-16.20990180183128,-13.19628389079129,-13.13322588043135,-16.260781874827533,-14.10934268934404,-13.578801577317957,-14.503605259023516,-14.915874660750447,-15.59064421050026,-15.746381623629613,-15.913162229065858,-16.45611275888716,-15.916711155487112,-16.610685939285553,-16.66479307999864,-16.856460072768535,-15.796537243710024,-15.682712309267929,-17.12588590193624,-17.07658950161792,-15.674131311698538,-15.436342719664133
-7.759495506348412,-7.796819221485688,-7.001857173540607,-7.186200438425131,-8.670081823873659,-8.363318383894402,-8.902306306067214,-9.61317489149883,-8.59005036019022,-9.32285326435939,-9.571614230695532,-5.650820818515895,-9.725344976968097,-8.628973632837829,-12.510530641011213,-12.019907854462405,-11.594869105715384,-11.575702966517518,-12.474712646972073,-14.38529367099002,-15.631446912885194,-12.822512271947847,-13.210423776207673,-14.579442212568582,-12.5665253893692,-13.222498301230003,-13.59583821425332,-14.197394212356205,-14.586583204114909,-15.102317984628296,-15.307043335687611,-16.207946907755662,-16.171650792885913,-16.231800005013948,-16.809140113537627,-17.04297107401167,-16.644037754282095,-16.56067539228394,-17.24777708760667,-16.629245142354453,-15.167518717892499,-15.883838816028637
-6.7325763695204,-7.451135886850341,-7.3961719039209965,-6.1601037468737605,-7.270315161313574,-7.5559499110212505,-9.443506455785963,-9.69403575798676,-9.846031258341949,-7.836200484519608,-8.966355838180162,-7.779793006247426,-10.725368933664026,-8.945595060896764,-11.540231949140853,-11.79666650215319,-11.65817768621973,-13.043561798426511,-13.477273986334637,-14.457543047541709,-13.72034652025358,-12.553820181517764,-12.511445026186577,-12.62020541645229,-12.377136627368388,-11.693303264077642,-13.35812179649401,-13.828267043288834,-14.36051645670929,-14.635577775777339,-15.250294373670934,-15.504274614221188,-16.150230224120904,-15.951087715664382,-16.280500881261027,-16.888264658811373,-16.661960976887972,-16.804968990050323,-16.986085216483573,-16.38863010002537,-15.212056371057852,-16.348034030321962
