public/json/wind_2018-09-1602_925.json
{"header": { "discipline": 10, "disciplineName": "Oceanographic_products", "center": 0, "centerName": "Ocean Modeling and Observation Laboratory", "refTime": "2018-09-16T02:00:00.000Z", "significanceOfRT": 0, "significanceOfRTName": "Analysis", "parameterCategory": 0, "parameterCategoryName": "Currents", "parameterNumber": 2, "parameterNumberName": "U-component_of_wind", "parameterUnit": "m.s-1", "forecastTime": 0, "surface1Type": 160, "surface1TypeName": "Depth below sea level", "surface1Value": 15, "numberPoints": 4800, "shape": 0, "shapeName": "Earth spherical with radius = 6,367,470 m", "scanMode": 0, "nx": 80, "ny": 60, "lo1": 109.0, "la1": 20.0, "lo2": 116.89999999999955, "la2": 14.520000000000117, "dx": 0.09999999999999432, "dy": -0.10000000000000142 }, "data":
[rows 0 to 19 of 60, columns 0 to 44 of 80]
null,null,null,null,null,null,null,null,null,null,null,null,null,null,null,null,null,null,null,null,null,null,null,null,null,null,null,null,null,null,null,null,null,null,null,null,null,null,null,null,null,null,null,null,null
null,null,null,null,null,null,null,null,null,null,null,null,null,null,null,null,null,null,null,null,null,null,null,null,null,null,null,null,null,null,null,null,null,null,null,null,null,null,null,null,null,null,null,null,null
-2.751442092339978,-2.2684921009898433,-2.0667725724308563,-2.268036997168842,-2.2501130412328485,-2.149524770237453,-1.7471741494829112,-1.1645265000283536,-1.2176601805332927,0.37370116534650855,-0.02342949301756738,-0.7904987770152028,-0.37258297632315995,0.1933182331075734,0.7365991692803961,2.073390841947877,3.472553730010838,4.651178999702864,5.560315957470943,6.407520959558112,6.088874469488732,6.183476778853494,6.706011298128949,6.751403000106425,6.7978963059140405,7.695178137047998,9.216033430777603,10.04001870552414,11.934450455421178,13.117744092174858,13.35637116459969,13.721295200722219,14.639505928264782,16.3057729764463,17.57877427829252,18.440148142493367,18.837934024902765,19.35465947110958,20.27821170624914,21.6695995903928,23.018864990971228,24.868727636286117,26.953427854677827,28.974156235660573,30.824958287060756
-3.4306187804996604,-2.6255653229364064,-2.736440499864212,-2.8702688856563485,-2.920778186508054,-2.6704393276177263,-2.0745559628491304,-1.5402991812649716,-1.6154009088924866,0.8445069630165114,0.022159143540931688,0.0446437911015255,0.47998106550705166,1.1383551713619031,2.197661533134981,2.009250529701527,3.299217465048695,4.0639938107203495,5.098327360690012,5.531589538403741,8.237662941379499,8.115154242942086,7.633079520714503,7.877508250039847,7.374852091695274,7.313245445017713,8.212464958480462,8.592273603724117,10.529604952305998,10.252929989293742,10.884043914495251,13.79314125430123,14.685785974535772,15.79305909129428,16.56833743474736,17.564293121990303,18.778894476886265,19.179977056838524,19.230724211448685,20.059064474797438,22.890579647099962,24.75201651321633,24.92793875670586,27.739670401519717,27.955022664248027
-3.4732804696511166,-2.7737924640478093,-3.1677728015392748,-3.6069241520160085,-3.6369779120648262,-3.2114822074294516,-2.3677737213067136,-1.8620384028689314,-0.5010108495889587,1.0163427219167793,0.5361798212002836,0.4122069667057821,1.4083517978815174,2.2482654952379204,1.9515293356387464,2.4611408548893277,2.3266336030103636,3.854238698991126,5.331254389276349,5.199896581541048,4.751907095244263,6.230859221042895,7.230717002263499,7.4704592951378945,7.384318290252869,7.706822889338435,8.093597708223713,9.390002514869025,9.541662963752803,10.727406316536532,13.1933686547397,14.602261784086023,14.839873291504853,15.343010933952087,16.143990368558935,17.751052913715366,18.46576645601057,18.95142559645462,19.909619686301216,21.624635083556157,22.635817848577176,22.13065848625121,24.27707038370158,25.165541699570667,26.030790387531066
-4.117687471397968,-3.3083493641433632,-3.8222558879185278,-4.29889960578011,-4.361193760947721,-3.9098898225276835,-2.7337228476722193,-2.1897989141304595,0.7494995098592662,1.3274058209516635,1.410921108612344,1.6007436568272924,2.321753342037341,2.324991800848847,1.6464323953339164,1.553014392936656,2.274000771058361,3.7638058289481693,5.218129776067386,4.747993310468486,5.256444441910093,3.6356337329056903,3.4641962090893315,4.783851670886589,6.461350572341581,6.067476925457789,8.298868876605201,8.296788587265928,9.39856154899648,11.88359746373413,13.097645039459971,13.389527374123928,13.929158923803833,14.461367752539156,15.549160050772498,15.574598413809273,17.007376236337894,19.192774574100405,20.962232445544664,21.95898267665076,21.204321394935818,21.780452560057807,23.605383077001772,23.19997322886173,25.263122266364327
-4.115706402449363,-4.124655558858069,-4.411109796431855,-4.747593802608497,-4.945517778900718,-4.650664033268149,-3.3577150754231,-2.4650766057246076,0.6242018018862854,1.0313747308042487,1.4799875213644715,2.232354485198801,2.596269444332833,1.5671870951413018,1.487392407858824,0.30341168363863863,0.8144796994444129,2.135477843308441,3.949434404203404,5.048544873457272,5.162241003068459,3.960487544685738,2.694636469242847,2.501047722421058,3.8014574207416145,3.675815191585309,5.918245418378615,7.2638346574568144,9.634532234641707,10.198259306826483,11.33232713311461,12.500975118238685,13.254401818605556,13.957860084261961,14.865044732115404,14.929002296073879,16.706245321214897,18.4584114539468,19.55071129907958,19.20980951356986,19.50834021026442,21.39480748646395,20.143817481939976,23.34162717063571,22.123619059150087
-4.1951990955386185,-4.620771173512889,-4.625551072244503,-5.004247168715912,-5.18516597158424,-4.832803609584527,-3.8539941970111715,-2.363337058394896,0.01240325818762467,0.9801293386161574,1.6838549056920642,1.882734713844929,2.5442121755769476,2.2045820350333596,1.76608784047947,0.388719139768044,-0.4376531647505296,-0.10437957651224494,2.2912316381452182,4.4715030082931175,5.344021810104817,4.198318749901514,2.609899476504494,2.8244418040763475,2.7968720202191673,3.2893275462154747,4.364636114945622,6.887250377700285,10.247002506926833,11.514272538037087,12.569183913174646,13.219801872971832,13.804538136685458,14.995580986720231,14.09389141925899,15.762141566270095,16.910417321842168,17.997702239526852,17.45632675704723,18.036247975327584,16.15095235861771,18.64713620966435,19.71067484329894,17.49413978122989,20.366906776446903
-3.8375456655813847,-4.382981409971286,-4.783270793961608,-5.040471989908314,-5.664957289786575,-4.9687267065900755,-4.121481323703379,-2.3699909450153545,-0.4184502362494257,0.44403631915874986,0.7133281783398461,0.768809285420715,0.677897382535693,1.0147629189701444,0.46766691142160466,-0.12170389994659526,-0.1285669405750509,0.4425757606342059,-0.05441167184732335,1.932867008771867,3.3485171684573682,2.912327360188645,1.3936242267324868,2.0786206079604335,2.8506253804339874,4.699050818757942,4.935535270770675,6.427735310268111,8.77677871630338,9.886085264586654,11.52664981765125,11.675887628445155,12.244598832387815,12.450877612473134,14.571803727796773,15.55504496148611,16.780105223992848,15.132176983349966,14.941961624288364,15.17587967235961,16.742678974678046,17.259041915844715,17.16984024403123,18.03974624165118,19.541185908915175
-2.9051314244716884,-4.2858752268439675,-5.2985637210603675,-5.857399152521673,-6.212679797429901,-4.959370936453704,-4.522172280731768,-3.50523771498484,-1.5696471101646652,-0.703719427826314,-0.5623917873940374,-0.037286677141478985,0.13667910437325761,0.5750308889318688,0.3992724911362055,0.15413016458526915,-0.7885415553158597,-0.6355056439960269,-0.7730877154922202,-2.6121933315140473,-0.39395314053477665,1.2735691541038643,2.083628356178204,2.403925023508274,4.265615447152325,3.829777131494465,3.865173704018106,6.665210611432048,7.466749709874934,8.201298826937878,9.081249568443207,9.803379438020988,11.292738751978613,12.593342053838917,14.856106939581064,15.864295095179816,15.094027051905861,12.922854334006551,14.30160380919869,13.333667368050133,15.024233831628552,16.961818749060765,16.763683200938033,17.89341118147869,19.883966681372222
-2.89294814601994,-4.591983724845814,-5.666911363865093,-6.1623403247318755,-6.108032091092366,-5.285741662079456,-4.905240918268515,-3.513621230216015,-3.0982548413453213,-2.523503355701965,-1.832757885891394,-0.8053868241957489,0.5104368609901917,0.780447471138253,0.8424024857882706,1.0207508473909461,0.417703384175335,-0.4282721415042294,-1.7224178419180445,-3.316704995174085,-2.817733384788925,-2.328362462242116,-1.0737348328695921,1.9745468171078535,1.8973870698860298,1.8319072310800624,4.865361493267843,6.30548277623408,7.177807262325742,7.948793764102924,8.935325007115182,9.232880681094594,10.274246885841047,11.140938493714048,12.230326423049174,13.525340104615848,12.348555856746827,11.595559211553098,11.045316313502738,13.589048119257995,13.359331863648682,14.642596361820921,16.337716762124497,17.508620196442546,16.980454058756777
-3.5586860977502086,-4.836058624884618,-5.751928246151218,-6.141326892541546,-6.148302604914573,-5.372432046451069,-5.034095319858099,-4.0267972679097,-4.098295651946139,-3.3081566390072656,-2.89578340936266,-1.55060991763873,-0.4895981962656376,0.3399886982663903,1.4452811140137447,1.6267529667707747,0.5206837792141907,-1.3977608312932701,-3.0277552866679067,-4.017931691776926,-3.9928257257582893,-3.2488521210028733,-1.8606271102561909,-0.026131541127539556,0.7739936757003105,2.574067153780157,4.81713055067681,5.812995074095305,6.3439107085202,7.951616608890796,7.213447675004215,8.558379613575864,8.97760845347668,10.735153840071254,10.925162441857486,10.451845064350952,10.391181844225237,10.755753380303705,10.691161830966555,11.106861340081963,12.27772569063951,12.22922077794238,11.848757080422697,13.2140268323413,10.920659913951518
-4.324534722963761,-5.385280540843364,-5.7672880685704815,-6.0384019722128865,-5.927428178585734,-5.47806516953315,-5.460268872752579,-5.131619110319521,-4.973171162534761,-4.159481918931795,-3.506363387249914,-1.9816114550696171,-0.6683393501623638,0.11129077569936037,0.6551515958599673,0.8281767193798196,-0.3632989463357827,-2.0075600038452692,-4.399904288823098,-5.100455097651686,-4.519563467765867,-4.733836802590287,-3.243653238294393,-2.481661528394966,-0.16672254016914437,1.1712117757788063,3.157278447025712,3.5238363232692613,3.3070221320857156,3.2683351719459806,5.272073586348455,6.6388944946496125,8.762120284276731,9.691130379445887,9.844108780136832,8.36109100587585,8.174470927508773,8.048445494701559,8.10549676981585,9.017757447353505,9.786077151636132,10.671020726685118,9.558332679603893,9.764741212414382,12.243345543827054
-5.30171588642135,-5.21616996765535,-5.612342464830987,-5.296102273916297,-5.292405694258499,-5.457941619314462,-5.374992065004309,-5.06838333739042,-4.776814122769854,-3.9720955652884036,-3.674613391619551,-2.864859769577599,-2.449952768825491,-1.184813676918422,-1.0028226039583803,-1.0393246095188116,-1.573392313784087,-2.8025328086318466,-5.232093801992541,-5.336869708338188,-5.708423699085749,-5.341898750336468,-4.56055877732252,-4.610806364428619,-1.8606491840695267,-1.4464852233531755,2.5901006689537467,0.9683922959433563,-0.44441766922234544,0.35346712063686075,2.5552371924971373,4.686052096635735,6.639139749237486,7.476683315979358,7.085342340759121,5.61440694726723,5.470872369809616,7.344663948347107,6.911221062595702,6.7293738430905785,8.116317827222494,7.280415113001973,7.194488887196107,4.97297552081051,5.98524615896054
-5.697676729128038,-5.253397421024313,-5.388103688625538,-5.030429736959888,-4.421317505588716,-4.873223832841677,-5.30708992786975,-4.701564813534008,-4.028232835352398,-3.9333559295843177,-3.5885994199244315,-2.716523989186244,-2.715849001452012,-1.6173265098135479,-1.9850812404462523,-2.299139946303157,-2.637192989471186,-3.449154030652336,-4.862626882649533,-4.5247883058213105,-4.540643076865178,-5.075152258978212,-5.575866106562813,-3.968699699986967,-4.31315993685837,-3.1486648849630554,-1.6027743256996867,-3.1502163353844264,-1.895757814414201,0.328815577643768,2.020060368534958,3.39056567887084,4.101676934111518,6.15584225455978,6.348622424590487,5.814622639456383,4.421571239701605,4.450341954207882,5.204646218080432,7.558834920074109,5.100380146513557,3.785553814821668,5.915869371379166,4.34066759380421,5.144505114916404
-5.430960814920663,-4.934547079371074,-5.172132550669003,-4.556657399947443,-3.6109044851877004,-4.171510142588064,-5.223358578060764,-4.944849991449449,-4.08710110334682,-4.030021846545394,-3.2289553878465465,-3.103224107578398,-2.752327216581808,-3.260007443977056,-3.6843692049729695,-3.0673274907738084,-3.5811913681260554,-4.264512390718909,-3.951619638207828,-4.2924883056891305,-4.21194461592348,-4.530806480115653,-2.6995810599317576,-2.615592211629464,-5.328341236186583,-2.699320604123447,-2.427729919341975,-3.70790370022753,-1.6289864711596782,1.3255357458038517,1.1736116357613118,2.1813910024316936,3.666598884596863,2.9173932362431776,2.2969579858477474,3.171150005239493,2.6647484428744788,4.528718965522027,4.9343512833202015,6.026276660303403,4.986888861384027,3.6633116679147895,2.989503910917753,3.058504308189907,2.575279792335235
-5.063290499239629,-4.9135809294989325,-4.549635840728171,-3.6185069650182804,-2.932181611337579,-4.506427069857957,-4.965088609293552,-4.563258821938055,-4.269756120482557,-2.8435833198747273,-3.7316507039147666,-3.4531286385661373,-3.270625034437996,-3.2028946893306056,-3.166665929626536,-3.136591150873019,-2.944187843198396,-2.7733666341599834,-2.939897838706261,-2.6822463454896344,-2.9397186558471615,-5.246218464041153,-3.2748396577333847,-1.4335236527279578,-3.24552164190726,-5.15321955614527,-3.072362995968158,0.46283437640357405,-0.49757449918120117,1.3071291809189889,-0.9462093574850944,-0.6289545696021108,-0.750378765434714,0.5214892183158164,-0.5767754011465797,1.485623192647448,2.06331330963327,4.196204516585844,4.306445572547015,3.490450302527767,2.3188410726176247,3.2511305107665556,1.2163980850813436,2.2359470930539342,1.2712530524683068
-4.823633284859803,-4.284022847207316,-3.507701735379859,-4.172825777212104,-3.613078079028546,-3.248573853812374,-4.2587539761033995,-3.6851695223121017,-3.6476673191058473,-3.8500993443362597,-4.372458025796278,-3.447329921698187,-3.28257937162495,-3.697315694395284,-4.8246895640574206,-4.975633741926881,-3.2428796189801674,-2.9104487183579293,-2.3928822685372917,-2.4247538836032434,-2.891674329916622,0.9153465385566266,-4.75176398584443,-3.7903910199221205,-3.662160575662618,-2.993104665459752,-3.7038356813403053,-2.608669960232033,0.42407073949911267,1.3065797283324743,0.4616060391178883,-0.23263098979532779,-1.8313978619581341,-0.03502374758019015,0.5372062435844598,0.46304502158610716,1.0288670724755795,1.9523073270921651,2.024015061437143,1.8852897844584977,-0.39563109252614304,-1.8930672911551558,-1.483592894428953,-3.0814516370744713,-1.4820408554740694
-4.495360612614765,-3.6040745552092757,-2.8161404312373968,-3.7251148061693837,-3.2436097346809634,-3.68548943543485,-3.929048166676049,-3.964484093442848,-3.250188299995475,-2.400336712541132,-3.914844201685073,-3.6643490681335353,-3.799601856165377,-4.443307697851525,-4.737331330886828,-3.6514072373445625,-3.8234532201314018,-2.891099107288906,-2.7317615611300847,-1.815018641453924,-1.5772556356797431,0.0210766288148235,-6.690515322970198,-5.745005130416333,-2.1980936972562173,3.560053588501879,-1.5732776446490069,-0.3502135179615415,0.3838928746609953,1.5037765234947358,1.348937006614527,0.7169344356308749,-0.1326847804805223,-1.5762860785811188,-0.8237233566101094,-0.7698453930127415,1.5219562778083973,3.015581268289453,1.9152204675029563,1.7235421086240124,-1.203725676003307,-2.6280330396130482,-5.786706282370439,-5.464768336255254,-5.83808081518165
-4.043291618855694,-3.425617386243663,-2.178068628548506,-3.937535551298084,-4.005708053391231,-4.459078065569935,-3.3927221364828135,-4.529706165049333,-3.4056906433114067,-2.5375202040656832,-3.2649649163930032,-3.351350589893668,-3.9565219036661885,-3.8735898436773106,-3.7152363115758766,-4.662881802354078,-3.446950578107155,-2.9044302997038014,-2.2481136411413316,-2.0555705583967367,-2.0687356424079644,null,null,-0.06018638003706789,-3.2218459911063952,-1.0088157040028047,-1.1229558745376647,-0.9823835339057501,0.298257796956517,1.3057277178648596,3.705642991512745,-0.4568050162992437,-0.0378436534185729,1.1494859134434527,-0.5461221974129842,-1.6697794122884413,0.5436591287469643,1.916569000377861,0.4725589379325835,-0.8508026015517242,-4.448363618531109,-4.128936712805296,-5.81415256041958,-6.50132529033645,-6.661669742512103
