public/json/wind_2018-09-1522_700.json
{"header": { "discipline": 10, "disciplineName": "Oceanographic_products", "center": 0, "centerName": "Ocean Modeling and Observation Laboratory", "refTime": "2018-09-15T22:00:00.000Z", "significanceOfRT": 0, "significanceOfRTName": "Analysis", "parameterCategory": 0, "parameterCategoryName": "Currents", "parameterNumber": 2, "parameterNumberName": "U-component_of_wind", "parameterUnit": "m.s-1", "forecastTime": 0, "surface1Type": 160, "surface1TypeName": "Depth below sea level", "surface1Value": 15, "numberPoints": 4800, "shape": 0, "shapeName": "Earth spherical with radius = 6,367,470 m", "scanMode": 0, "nx": 80, "ny": 60, "lo1": 109.0, "la1": 20.0, "lo2": 116.89999999999955, "la2": 14.520000000000117, "dx": 0.09999999999999432, "dy": -0.10000000000000142 }, "data":
[rows 0 to 18 of 60, columns 0 to 41 of 80]
null,null,null,null,null,null,null,null,null,null,null,null,null,null,null,null,null,null,null,null,null,null,null,null,null,null,null,null,null,null,null,null,null,null,null,null,null,null,null,null,null,null
null,null,null,null,null,null,null,null,null,null,null,null,null,null,null,null,null,null,null,null,null,null,null,null,null,null,null,null,null,null,null,null,null,null,null,null,null,null,null,null,null,null
-2.8654605211262223,-3.5296864693061534,-3.6525242553666284,-3.462898729626929,-3.384580238739336,-3.4188117370310387,-3.4790015178871916,-4.0559853144414735,-5.038700335188594,-5.24113329322694,-5.077041931336806,-4.5039649293424615,-4.607082428464979,-4.684181012858113,-5.269286238865603,-5.730156044736948,-5.86446963643781,-5.990776086379447,-6.141488273682343,-5.991439624496225,-5.656107734553152,-5.09182739690568,-4.546610882283677,-4.616860065662584,-5.110151213153962,-6.207363583429288,-7.265407491633024,-7.978026908579617,-8.407588089668943,-8.316004024542433,-7.750139204282389,-7.334798304224853,-7.3371121010345774,-7.4693660447651675,-6.625546930845447,-6.163539773270111,-6.17267052995053,-6.247828857290993,-6.478067552274465,-6.956717515034329,-7.026946783275757,-6.82613011926394
-3.7313977702495134,-4.405180504128758,-4.419019090292734,-4.216328487887878,-4.210823462445289,-4.116310268478059,-4.220270288518056,-4.828310486023149,-5.055488949062451,-5.325188089177217,-5.3072016776445,-4.985306112211821,-5.177640891501683,-5.302055803106965,-5.468500435947001,-5.6243057067202775,-5.046710221843869,-5.340063341431399,-4.977021650626587,-4.79636949092272,-4.231895221130182,-4.087960290124432,-4.437227705287727,-4.64487624453329,-5.708184489464877,-7.530535041782944,-12.431388291841097,-12.848395386497433,-12.2987348112339,-12.112192125958838,-11.74888955768892,-11.347368783829113,-10.731609852168054,-9.332765618186873,-8.523887695740042,-9.195267644089244,-9.10262544969793,-7.515148797064518,-6.235956898047727,-6.1513044580029534,-4.739830145828301,-5.9518003332501035
-4.071503873413642,-4.928326577962523,-4.930757087767048,-4.673875185473794,-4.655827414771607,-4.775565262101861,-4.71976288625539,-5.416938399248925,-5.302963623607333,-5.298618920850709,-5.528895504874388,-5.353315509416838,-5.656409664324543,-6.195486843114785,-5.858230202044702,-6.156158579675347,-5.522323095163463,-5.530104974600306,-5.458937999295465,-5.5175915324160165,-5.032857208325389,-4.950827939485828,-5.031894391186627,-4.390416890227925,-4.83274465748462,-6.038007737009494,-11.704880126051613,-13.71296083118846,-13.121018766312453,-12.692245101555166,-12.182789115852415,-11.73549865325532,-10.569995260467596,-8.905663890622293,-8.937478348278969,-10.00412555524031,-9.461384738024286,-8.00453045402303,-7.1596332637657865,-6.64426868282096,-6.355777728870718,-6.89869685126901
-4.049777335866223,-4.804620204557929,-4.823165643625893,-4.908303618126448,-4.672710158320382,-4.921125233892853,-5.028351974038765,-5.573511314216427,-5.536320193706651,-5.547193618171084,-6.21865607049265,-6.116194638003754,-5.790555378033347,-6.271714098494713,-5.94465740788752,-6.42370603813958,-5.923486212120482,-5.807537456210127,-5.9296976438360325,-6.044299303124538,-6.066860517804139,-5.738004990652184,-5.23784669499184,-4.60809615327935,-4.69864756943554,-6.953934276967793,-11.892813332263476,-13.965967312608406,-13.671904988995047,-12.802600615606691,-12.106343752459972,-11.1357713838584,-9.995004886879856,-9.394485763123319,-10.301428724476246,-11.690970885029424,-11.2110551791102,-10.356530791237944,-9.120048491376961,-8.63776397090837,-10.80412772333301,-8.884555195147176
-3.5545867143865877,-4.357825345082493,-4.5432123893016625,-4.844165229003915,-4.741777332629795,-5.04650732531087,-5.31832926186182,-6.274980006145333,-6.160882246831834,-5.990268940019638,-6.649455212681074,-6.234435728053319,-5.802768143607088,-6.366101748827857,-6.153047534873217,-6.614924025624941,-6.082467642693601,-6.229884358200854,-6.383780005095866,-6.703339593738009,-6.669494971448197,-5.980908216351372,-5.180038304221576,-5.469262808918341,-5.502765126294015,-11.319019219197386,-12.60696764465809,-13.364715055843943,-13.300300725561844,-13.111130773303405,-12.776911084287615,-12.181669860177053,-11.933414677186292,-11.395938356785145,-12.413310572041569,-13.285541816085722,-13.215566973326029,-12.68831491589449,-11.538296762854902,-8.505225829350955,-8.80267068740951,-9.891653763747875
-3.0700396730196107,-3.7082263061881413,-4.322711196345607,-4.708378803884053,-4.8238000405899815,-5.2918017044286065,-5.9754375800620405,-6.906358062368318,-7.041663223883816,-6.717396066381822,-6.647210175501092,-6.442695336247901,-5.993882144576705,-6.415516721630107,-6.317201127944183,-6.557709280129722,-6.471563446544132,-6.724727388890681,-6.935113997098497,-7.149628831685515,-6.71630492812816,-6.104603857670716,-5.771290210317462,-7.457306059287769,-8.677202420121507,-12.301607581006994,-12.327011390557832,-13.731370093864212,-13.912854913940993,-14.037604791237179,-13.922311329402964,-13.16243374287801,-13.12869794700375,-12.609843330616537,-13.664854153503562,-14.407582851885365,-14.633822496841383,-13.83785276005268,-12.703204791566439,-10.878609023991855,-9.687228436460913,-11.35439789950373
-2.8636061089858624,-3.317610921333691,-4.34843066705966,-4.7352564986375745,-5.035257701808099,-5.322369978394738,-6.419336500798468,-7.363231999290342,-7.421776335971007,-7.040094460275808,-6.97348828532559,-6.391401439247375,-6.039489494957395,-6.551359776272564,-6.461962078103385,-6.6685737696893606,-6.689863743329602,-7.41139212719265,-7.3859754768516535,-7.569605403817139,-6.858554011054094,-6.32598971515996,-6.921957514045832,-8.32969536591048,-8.78149009993724,-11.59792335405147,-11.890570963466363,-13.865987244185582,-15.302653207798922,-15.23451288094654,-14.763149022554462,-14.055306957924422,-13.479273245347825,-13.901535175022968,-14.765295933822483,-14.58264010004077,-15.006611704057693,-13.414287140620125,-12.653636042595565,-11.946066978491737,-13.162222370535014,-12.228396383831182
-3.0443732270018926,-3.5494891277204306,-4.631140404313358,-4.717059909746166,-5.347534264187065,-5.804737597136656,-6.773270030295196,-7.558141322346377,-7.29406536319303,-6.802593128024576,-7.249569517995603,-6.755610840361179,-6.065722144596917,-6.618365218613538,-6.339143130723898,-6.9478412419309565,-7.1063837771789125,-7.7122294596558705,-8.129958144827857,-8.19377287651018,-7.75036085505417,-7.652797118576325,-8.113329451294097,-9.358418100951877,-10.039461086522207,-11.686812130334935,-15.077946106395913,-16.80184511887927,-16.56923020385506,-15.585256658927936,-15.742809302641529,-14.46438912487305,-13.923738520937649,-15.104343114540406,-15.582890338153788,-15.32679654445224,-15.553959913452069,-14.625600136659823,-14.65039828799216,-13.87406003871219,-14.165467686081172,-13.624572044061857
-3.3206067946867286,-4.109985139784177,-4.861395883957636,-4.981778414758555,-5.554584992193042,-6.363101237613311,-6.905741499962899,-7.569437928185721,-7.333565953356535,-7.196678621885416,-7.462561376811017,-6.908050659769614,-6.568512021521632,-6.439452334615232,-6.363878270037962,-7.060162523433376,-7.494586207812271,-8.196214043218468,-8.568016015321659,-9.178477516121065,-8.608796969507386,-9.061188668187098,-9.663501687201718,-10.573204746025073,-11.149113350835188,-13.129955514584527,-15.704553299538778,-17.012916490224356,-17.484515498383256,-17.14992877240937,-16.738036028794124,-16.221247016544616,-16.17779250374688,-16.462716450221027,-16.314557545075854,-16.420017851343033,-16.15035155797794,-14.762652605742925,-13.510040959926807,-13.374455507321905,-15.599807620268326,-16.2097272679154
-3.8210549306779766,-4.559842024795785,-5.213469306693033,-5.419773466797039,-5.782845349098009,-6.7154644807444175,-7.20207187675644,-7.883143033168483,-7.422715147506506,-7.724298681279162,-7.7421013776050644,-7.061703208303454,-7.093419988190551,-6.802525296153252,-7.220557859289016,-7.214109752097249,-7.81846544013869,-8.536207600899216,-9.236233744543473,-9.758363139582212,-10.014926657019274,-10.179071806260003,-11.53559761482563,-12.218583361797215,-12.530943321632275,-14.270324568707842,-15.752612738039378,-16.88475353822974,-17.72778848808127,-17.343986628328604,-17.205862953877812,-16.78440489167576,-16.961781154455995,-17.327117164505818,-17.237441361922976,-17.505790716564412,-16.683417071946963,-16.49474712443959,-15.846058398550644,-15.918078681888876,-16.29952488100017,-17.50965368912866
-4.5941904186887434,-5.072918998139529,-5.539815266053248,-5.760936857960342,-6.261750025358658,-7.17584711497527,-7.646000353802945,-8.343380882975735,-7.985557774386486,-8.179458371267122,-7.818706023327434,-7.497542839234346,-7.507982905618754,-7.141001252148934,-7.969245523144584,-7.614702911133318,-8.259471778901206,-8.605572867110237,-9.700781143117794,-10.477555414398221,-11.09746910296091,-11.959942099068268,-12.599203182297051,-13.607050936433781,-14.179386723894911,-15.0359044559262,-16.04397477144547,-16.735975098514878,-17.469848039411676,-17.655691798611826,-17.65539947318058,-17.746884016254175,-18.05950836851512,-17.898651722632597,-18.056660267502494,-17.970581611446892,-17.196115534628984,-17.590354772935676,-16.942497607868454,-16.15394216925663,-17.002897562252194,-18.13878725651887
-5.273064825583567,-5.42200575118055,-5.679778045478434,-6.043890810253317,-6.732987636701017,-7.468843680710267,-8.24021464805407,-8.63563503350466,-8.457551135161083,-8.415855042737249,-8.337389238774236,-8.036831025694564,-7.399374162774179,-7.91500970380039,-8.296019271346177,-8.539751623694759,-8.80186541016562,-9.151729764801464,-10.26979770672889,-11.193833332493018,-12.495820178381129,-12.971777243910404,-13.88633572407231,-14.732626895835928,-15.292130593682174,-16.01632509535796,-16.870072119468865,-17.336063264007343,-17.769625508604214,-18.130784419668153,-17.969172286324095,-17.669528320691025,-18.244191168993122,-17.914401457946234,-18.385371536904906,-18.354290015603546,-18.343487913844125,-19.077409469683516,-18.03627485080359,-18.57131168034319,-19.23939429854901,-18.562930820462682
-6.18368964147008,-6.024866271308596,-6.019864471730183,-6.201045745955078,-7.022455016953226,-7.7004470222849335,-8.53588090469953,-8.836749268007217,-8.681371704216101,-8.586570570291958,-8.962383961849186,-8.65235716171559,-7.6917195710721264,-8.234599249191653,-8.467108940262653,-9.110047403119333,-9.833734206536157,-9.857563917638554,-10.491645060034255,-11.685061448032094,-13.00291852772323,-14.071284235879526,-14.54903844299923,-15.474730967201918,-16.42096334174502,-16.83536733062537,-17.32594134645752,-17.54225069347011,-18.1369868226159,-18.2231033302038,-17.99426505722543,-17.224383792396935,-17.568438792822015,-17.845471526938358,-18.27301758486302,-18.619439862659,-18.911641999265328,-19.795750656964575,-18.782069757112726,-19.796605817010725,-19.875649239905588,-18.96706525473016
-6.1859967061272645,-6.89270205930653,-6.624970932769378,-6.5051150198403676,-7.166468602595415,-7.806781826468848,-8.395693299670139,-9.152499802932592,-8.829882283106905,-8.507589483406205,-8.922957360288509,-9.040578565308229,-8.306196038602558,-8.470147341652346,-8.635946630886062,-9.188220952709635,-10.244606302398202,-10.688372112216953,-10.897103738628456,-11.893533279161161,-13.287158081184486,-14.524353718984631,-14.906087311011609,-16.260663100693726,-16.85934070271393,-17.484602198246243,-18.34761041273695,-18.808120988112968,-18.757470135470978,-18.667640898543727,-19.342922935522587,-18.921147007695545,-18.411850757467818,-18.413226594674253,-18.310400353344853,-18.69445500179568,-20.18355529085747,-18.800535055264834,-19.410115417775444,-20.066616074109717,-19.990619539424447,-19.571562792452468
-6.176407653423457,-6.744645098893016,-7.329185588952104,-7.022537188401383,-7.407698986690748,-7.853239332316033,-8.278006946370388,-9.144830569859138,-9.094827434641541,-8.743964661267489,-8.719051545849066,-9.097381998082058,-8.549719015267652,-9.036159866915323,-8.96880562249228,-9.549430740085622,-10.23935783720894,-10.84313029719882,-11.136811076562347,-11.662398803663429,-14.041230512306297,-14.850592053748322,-15.376521905254172,-16.01241240374231,-17.263360020401098,-18.636944056164808,-18.954179680236425,-18.675470540808426,-18.894175251142453,-19.39307901598033,-19.673373112299792,-19.25697632949614,-19.160273814676863,-18.698426521624484,-18.84601671261541,-19.563442603588634,-19.899761081732052,-19.333247985438955,-18.66220095853052,-20.769655276982512,-20.750441401714436,-20.705217156886725
-6.269607198529584,-6.824531649163315,-7.371423477093933,-7.5066208698576355,-7.9472584395525585,-8.046224366878302,-8.455073049442328,-9.175141057708542,-8.984583748561,-8.550755500166982,-9.08157427490699,-9.502804573464154,-9.380569769819129,-9.68070015463647,-9.493947564721385,-9.738897469046034,-10.292951751441308,-11.124573348759242,-10.413446467462919,-10.010974352381684,-11.888901774136313,-13.56130891693698,-13.058524502630915,-14.881684139910096,-17.93257782652128,-18.7534893025167,-18.509497029426,-18.458949038694946,-18.709448428223176,-18.922468558800507,-18.997521912421806,-19.396281550914853,-19.51302882957494,-19.325574008255874,-19.489243201907257,-19.52743827683889,-19.640328534746978,-19.04799254960105,-20.30024780521796,-21.579037455463794,-22.07145508313195,-23.044609751115683
-6.685911762933714,-6.956408167490175,-7.761447349369104,-7.793944207638896,-8.109980872615946,-8.126630792691149,-8.793604444724535,-9.085248460011641,-9.260612336516134,-9.076850746924285,-9.28766944558523,-9.67676746860615,-10.430932406677442,-10.533930295685492,-10.267415609601931,-10.316790087604067,-10.48560752726285,-10.952394013007387,-10.837556247711644,-10.750628910953932,-11.674391694284932,-12.076755319897634,-13.624157706359195,-16.807395259761705,-18.074092052219044,-18.45823537019623,-18.563695844195834,-18.85855012733116,-18.61458480012436,-18.782260887845126,-18.72338235952489,-18.94650599272834,-19.314531031730745,-19.77376590724244,-19.1490435241309,-19.53368696460108,-20.635283016085577,-20.571773473106774,-20.946139052317662,-22.199075343071993,-24.64368858875202,-25.465193141049454
