public/json/wind_2018-09-1608_850.json
{"header": { "discipline": 10, "disciplineName": "Oceanographic_products", "center": 0, "centerName": "Ocean Modeling and Observation Laboratory", "refTime": "2018-09-16T08:00:00.000Z", "significanceOfRT": 0, "significanceOfRTName": "Analysis", "parameterCategory": 0, "parameterCategoryName": "Currents", "parameterNumber": 2, "parameterNumberName": "U-component_of_wind", "parameterUnit": "m.s-1", "forecastTime": 0, "surface1Type": 160, "surface1TypeName": "Depth below sea level", "surface1Value": 15, "numberPoints": 4800, "shape": 0, "shapeName": "Earth spherical with radius = 6,367,470 m", "scanMode": 0, "nx": 80, "ny": 60, "lo1": 109.0, "la1": 20.0, "lo2": 116.89999999999955, "la2": 14.520000000000117, "dx": 0.09999999999999432, "dy": -0.10000000000000142 }, "data":
[rows 38 to 56 of 60, columns 0 to 41 of 80]
-10.318352265989192,-12.564886890066248,-11.446602530360204,-9.283119041705998,-10.507835713619635,-13.530123653242876,-12.626695079941236,-12.523331393078546,-13.09421700160648,-12.57633955173916,-9.596000932098384,-14.77083697415188,-15.605600943217564,-20.31684132288895,-22.0620893618497,-19.305912406061662,-18.828149273797766,-20.216460217250393,-21.190466805408896,-22.71808879180459,-25.06471998538464,-22.506359428603417,-20.735053671941436,-24.855403963614172,-26.230655833210257,-25.846120191760036,-28.99792863737556,-30.34295322762868,-31.799942540586276,-30.284147362343106,-30.298852562506383,-34.417824956106855,-33.61215373961067,-34.0170184479356,-35.16788032760415,-37.32055215651914,-33.86095350280704,-33.06098535897548,-33.724303499661744,-35.93301550275776,-39.28043143480839,-34.2405335405667
-9.693215198474917,-12.450310373794068,-11.305884700980041,-8.239579909569981,-10.429741728660597,-13.221812784903015,-13.038751836759783,-12.952801925497988,-13.850651634305596,-12.665996284751985,-14.68998081180769,-11.263954660406732,-19.555379982935676,-19.952578740007517,-18.38379867569473,-18.531468862963617,-20.606816384340174,-19.7685036778267,-20.02689130020163,-25.26483197950396,-24.46953982296455,-25.01262242580386,-16.559421751443956,-20.117222454374044,-24.522840001236435,-28.20163413099605,-29.674169099014975,-28.001740638982003,-32.50665909801971,-35.02078574040022,-34.675458304064136,-32.501057389255735,-36.596027698258006,-35.69928838821661,-36.63099513560342,-31.67795107134765,-28.972317157244913,-28.837894460238516,-29.088873262280636,-34.0344173390307,-33.11038770148691,-32.96973491662457
-10.735635948772106,-11.10852094372589,-10.369060907369635,-7.914806305369836,-9.778420710004813,-11.53498791392347,-13.45009970545629,-13.091710430767252,-14.558650871348766,-14.486608258494112,-15.35865676749436,-15.428807808897679,-11.142552743208892,-14.202273235897593,-16.235611140893646,-16.513847390463077,-21.84251039260077,-23.908822103737258,-23.30501385867891,-21.552023983046393,-22.972040635909767,-24.39811537427901,-20.596443000331305,-16.917766210329,-22.637622358659215,-23.60325007255328,-20.481899492157822,-23.36795597249499,-30.870514745704515,-29.703475985599983,-33.07004911542532,-32.319738319942815,-34.23774761241397,-33.429649228975,-28.895227111738848,-28.348602014389336,-29.88839378308613,-31.302645103993164,-33.05240724175579,-33.32208460657252,-33.74922087806632,-34.48797531107644
-9.381983620521636,-11.077451295973985,-11.303099455115612,-9.299787264221788,-8.908537569062432,-11.015462068174235,-13.62724293676512,-13.370687834804032,-14.93150489826706,-15.843419108003864,-15.624724947467003,-14.608882554094102,-13.674480776966387,-11.349573137883372,-11.034954255201793,-19.622677479472696,-23.605616760989882,-20.037280456855534,-23.05543028282682,-24.20734567409714,-20.343084561066597,-16.72158138775881,-21.022935110734874,-22.115135662475364,-16.06865210904446,-21.590479495129347,-16.66795087536265,-21.133078433024984,-24.74658641455241,-26.121660957780296,-23.01962231606391,-23.765851978822866,-32.14947314055105,-28.306643007001107,-29.92882061409343,-27.944382175560893,-30.47100564171581,-32.68081449572384,-34.02713562100864,-33.66390189513478,-35.2405918271903,-36.56440227560735
-8.837463000779586,-9.677238191957201,-9.799011797004662,-10.170107865198261,-8.431326701170185,-11.485651209550394,-12.504672613169388,-14.219765323815789,-14.61902559165222,-16.34046068877459,-17.047980901760507,-19.688529470291126,-14.137236949567646,-10.457170012138036,-15.20634713712457,-19.99956971924832,-19.592042735790116,-18.318213145788754,-23.77030668817449,-21.268805437358452,-21.38763865838555,-19.033720725235586,-21.35108569447803,-21.527047307399187,-19.490032714207633,-16.331689747215762,-18.31288132252926,-18.887533037321315,-22.029606985436015,-19.169444035136642,-14.556614114682974,-20.498245621917896,-23.651261571446526,-20.768735248676812,-19.578975655134336,-27.59032219409628,-26.932140400332663,-31.084832714088304,-33.14700154598323,-32.53115674460794,-35.37540047618583,-35.43651740605822
-8.43664007266659,-9.00100179035347,-10.478727237590654,-10.500190554001948,-8.707289903745846,-11.618045746242053,-12.240398533716222,-12.975938051906162,-14.691732239883052,-16.569956922294093,-18.36048512063958,-20.50040676990499,-17.73488735594025,-15.330604644646716,-14.695781514887315,-16.20052026391844,-16.194331084205803,-19.221368312032073,-16.11258615708058,-18.299864069900696,-20.47533924273208,-22.29331674881331,-22.02538935892253,-21.635430491160328,-18.971588474151208,-23.30155123606786,-21.797773713879295,-22.419366906137768,-17.985545367839126,-20.437036652609812,-19.069443175225054,-20.677962453266684,-17.131114826300927,-15.545842442703062,-19.054806680382598,-25.91839199598823,-29.375311243161107,-30.73685087344293,-30.24226168195328,-31.47587898373274,-32.46464487308839,-33.473535937725416
-9.607410425123504,-11.274321897486663,-11.62759416598196,-10.354710096278518,-9.794344995418816,-11.117318622998404,-12.315484934559162,-13.215312365709547,-14.69133292081823,-16.537248195246825,-18.993689425869086,-20.245624877099278,-17.757483607908203,-17.349787067271226,-16.140352638908062,-15.532747678266192,-14.432632028291735,-19.06589251593916,-21.047634011906947,-19.292974713011915,-23.2466701034689,-26.54162981090031,-24.23396184924263,-21.43818107743962,-20.51437935797054,-25.168097225226937,-23.534571233508032,-22.96905694022253,-18.623405333783158,-19.786242542463214,-17.546364924744264,-18.956612812068855,-20.320742555714457,-24.25166555601116,-24.278897468436135,-31.024211757769713,-33.098748676674916,-32.87276610764572,-31.833281961887927,-31.044740073038554,-34.8640580164249,-30.667859718842767
-12.100288659251659,-11.491282650089786,-11.023142455288383,-11.051886908765148,-10.783426249760344,-10.484007736227678,-12.622493317546704,-12.011421449363322,-13.804554715890607,-16.621084848461045,-17.801697600837667,-19.0747767512934,-17.16424648802912,-18.002818646149873,-18.747606808682924,-19.489609090226903,-18.30246386103988,-18.70162910949825,-18.46081004181601,-25.88679781805925,-22.559821580080893,-23.289393506046533,-21.332321461177212,-22.176620463616363,-19.859487878578868,-20.591785124761124,-21.356721584108122,-18.53643633528522,-18.619628963483706,-21.72917078439268,-22.86998370634844,-22.576692985849732,-21.45304710651478,-21.821555918235923,-27.337766670542972,-28.180091882489712,-28.2087871335781,-33.943173668239226,-33.232270559253905,-30.832535058512537,-24.370766652945868,-29.140269114301432
-12.053647742513526,-10.462391389127294,-11.559810617453387,-12.037137219226306,-10.0753408980729,-10.262354419241499,-11.241438131016611,-13.090279151381074,-15.019122834547174,-15.346698711873401,-16.13784729188446,-16.15817886826128,-17.978780361324855,-17.156157500901436,-17.702803630195667,-19.479270127292747,-17.981713099135124,-20.16564957733691,-21.60999967070372,-21.6530811989068,-18.446311096460946,-21.20447164003112,-17.02301203388069,-13.833855101812492,-14.079795806315742,-9.757905133190384,null,-14.77000951215845,-22.247416264387038,-23.014389953152893,-22.601176423121192,-20.56096060941185,-21.226904583041936,-19.45153351911588,-23.758561639973507,-24.631946690274987,-27.26619092084796,-31.717861487930907,-24.82230075973525,null,-23.717651877644247,-27.134901944007577
-10.242416796665617,-9.871038808895989,-11.556624672969265,-11.689235624331355,-11.004420979793517,-9.9744560493814,-10.039540460602904,-11.018945226425895,-14.861826250657684,-14.799806810709988,-13.772272226873138,-15.876814826153542,-15.30801609361234,-14.53542934451796,-17.87479097990816,-22.23865263478125,-19.3647535513271,-21.32487713357014,-21.330062412095565,-20.338063301345354,-20.018290612149766,-17.106008953912994,-14.037198826576667,-14.201067206619129,-16.591462853598816,-15.433338031640483,-12.241311378476466,-15.70053711717416,-17.15487560055375,-22.582935981361587,-17.97761387965564,-16.876003881776022,-15.06800285354285,-21.418011929685306,-22.09305657961161,-20.634957521184948,-27.09842496017631,-25.29901890365744,-23.02391161812503,-23.710667930843154,-22.647991768236928,-24.641601305519647
-11.297081044296084,-11.18123983280197,-10.80853148665477,-12.259082455677172,-12.47800753730008,-10.909111330349736,-9.832559183793805,-8.90412186560286,-13.352229281159438,-15.31013575732293,-12.67758953387469,-13.84525317249273,-13.128512749838508,-13.11346023274409,-20.92332433599804,-17.830579955012016,-23.977711397511214,-20.155562532060447,-18.39576903932571,-18.635680716218197,-16.732038384569478,-13.824034047879344,-8.78823377073688,-13.944057399788688,-15.480371936994258,-14.246980647067673,-12.417398838398105,-16.67282285120106,-19.926127067257294,-18.205292229318182,-24.395505959264796,-18.522670882612026,-22.73022552656555,-26.449071770159158,-27.67360144972368,-22.33599835844428,-24.293234187881332,-17.711081538514946,-14.36047364538909,-18.694481938635516,null,-23.913289819909043
-11.459968343475628,-12.765219450822453,-12.3753650525143,-11.2334217059614,-12.104797135072182,-10.123261649847546,-7.762570463575186,-9.615587019351509,-10.819975483592058,-12.618888031524572,-14.524093618181686,-11.942956141397387,-13.571373466882086,-14.810563548098306,-18.056162155749284,-16.647914147310257,-21.259968817946444,-18.906664458480407,-19.159396000722676,-17.499604464576418,-13.03467428315631,-15.400829878777346,-15.141122980980887,-16.29450087767563,-15.528389436807071,-15.79891121196528,-13.593632089571553,-15.553692444233688,-21.637242981039844,-23.10715364760981,-20.27396114494361,-21.4027852886753,-26.744908042369804,-27.911969697999094,-27.91596659329442,-25.84317467466497,-24.91767556616151,-21.27646878443027,-17.6476035827947,-16.9316045626685,-19.488228593552968,-31.539199622368965
-14.88995033633344,-10.099674466561531,-13.319754649614417,-12.004793199835639,-11.110253132189522,-9.247162766659494,-8.849578987072308,-9.423023522988888,-8.909565524796173,-10.243587322876303,-12.363282536010571,-13.947093564764295,-13.045748555332873,-14.314023452280402,-14.738156848505998,-16.704551270354298,-15.828788885813024,-13.46734384202609,-15.580661443291795,-20.049938095524062,-20.496457707496532,-18.665813829567394,-17.57431048522593,-16.978063368087685,-16.040494942201736,-13.901039212367698,-14.191118406995969,-16.6342210275572,-22.590315624081356,-22.97602711807643,-18.74920351283946,-14.401055660460578,-20.330496706377872,-21.925824473734572,-24.31963510953483,-19.008118314187254,-22.632850789720322,-24.09908560024995,-25.630711583907527,-26.037165761868007,-24.1266122008773,-27.67620766972014
-7.348263957022129,-9.092385952322386,-11.952665108603071,-14.53811642429912,-11.785158093267306,-9.463419432812948,-9.435514712746597,-7.134284313206335,-10.201882674429278,-10.460672557640272,-9.902825715980368,-13.951514495742654,-13.858553279654164,-12.448403629642852,-14.95181841976605,-16.276540327888267,-17.518946526873055,-16.90089561322031,-16.13475693401583,-19.28107165989344,-23.34963791449791,-15.848751610048927,-18.063341767260653,-16.769672858780346,-17.112896903811112,-13.110390337020394,-16.154897369410747,-19.48379308006021,-14.353089461715848,-15.51831937084497,null,-16.31039000399959,-15.114728487236246,-13.2274440252131,-14.25633389083691,-14.233670996869705,-19.46818349856268,-21.471215548160618,-25.677089359350923,-24.42528529693314,-23.350469145774355,-25.216617732148052
-10.118706247132167,-12.256099258644188,-17.660819732754156,-8.404622293487089,-9.052153541402328,-8.611412718657446,-9.20476480448594,-9.51246390819076,-9.545253406695211,-12.015545967054933,-8.419939802425809,-11.822562753333631,-14.150525211099655,-14.28161249645236,-13.902716275098907,-18.2847155744273,-16.387459506837974,-15.564636492676213,-16.18398995741834,-17.497670173154138,-15.909793956586952,-9.258785835515912,-17.71019425495409,-21.79150777992821,-21.05140591562788,-15.713675809817587,-13.747961648528529,-17.24572805811105,-17.482032104554605,-17.46029390093537,-14.32390856808555,-15.403848944964974,-16.408810709035766,-16.11967603508193,-20.62836769639168,-21.544090486183244,-21.85784921748617,-20.473716575692254,-23.250639959990473,-24.035092750435236,-23.526342094549896,-25.063065728580852
-5.906450609719516,-7.885835815401536,-5.471340520045418,-5.707583791031485,-8.038648711081375,-9.108926794380018,-8.500681343888106,-10.001548477303164,-11.661424785351734,-13.572057030335907,-11.259740072775921,-11.009468352999939,-13.553440767503734,-14.086285315411917,-14.16861414536813,-17.52259144452708,-15.907921724055463,-15.808922148708175,-12.31443806896984,-12.430392402624188,-18.10577075020448,-14.805780324980507,-9.291367619370787,-20.275854385096753,-15.840696142763758,-15.560274595734214,-14.01825769176163,-16.477388549959812,-16.83448235749325,-14.533283393325888,-21.682539894325085,-21.282077938684864,-17.231304422380948,-17.409257604565813,-18.51642228364999,-19.804035711043674,-19.991673149941654,-23.50773281127317,-26.51354044941549,-23.332195481984147,-19.143354095938967,-20.713781655044023
-5.72740237945548,-6.347555315342243,-3.9050251112708123,-5.488929436743224,-8.72389816317401,-7.899109907254831,-8.352646296272123,-11.20055124367174,-7.555986692267293,-12.05621644878711,-8.759562108391332,-11.28815418617719,-11.449543646840823,-14.494449119399974,-15.219180366128688,-14.936210450613103,-13.820550636632008,-12.997967746567841,-14.519377300558556,-14.311172261227199,-12.228976247420093,-14.22851371459372,-14.2675630383804,null,-16.610866315399196,-19.445529544245552,-22.193631016055786,-22.637759864997985,-20.816468274794655,-19.99752443676947,-17.497592726501765,-17.314344576315975,-18.255973756024563,-17.992514488714544,-16.270936424830662,-16.573081657000216,-15.97328998507042,-17.058521881853938,-12.412663387827452,-10.190972740822131,-15.853145878274857,-22.204706094380246
-4.001032490126089,-6.483932081612556,-6.933350568570441,-5.931204010633596,-5.433497551873501,-8.856905491996768,-9.044839352333769,-8.235315357629727,-10.756909157043168,-7.837277305921759,-8.119279609452057,-13.455854503517225,-13.73938579403593,-14.608608545728769,-13.414291752222564,-12.120040811113167,-13.179393299192682,-13.28377408918264,-14.851053301556858,-13.831496032341114,-11.312723504771464,-10.7482092084595,-13.387779872637434,-15.48983222680128,-18.488649112925774,-21.926406207837648,-23.59516358188524,-24.904583934448677,-22.83611495444285,-19.662497169989177,-19.18958848621767,-18.045239330285234,-15.520314089660186,-12.63014863034279,-14.905730846236459,-16.669278381287818,-15.481923956394668,-14.233575665326178,-13.30384636775679,-9.042605997581896,-9.520367480651226,-12.84600372211108
-5.656937510543029,-6.891897028938453,-7.424310437710053,-9.685359628460999,-8.890685675554915,-9.793333524013983,-10.541529844037424,-8.952096984874728,-9.160035685414343,-11.440834148482459,-8.157233652196286,-10.073931068401759,-12.606696264792198,-12.11711608148908,-15.82100001133768,-11.217339501929048,-11.83470149006628,-13.704696218659752,-14.399425238811752,-13.833919532547544,-13.31683113639977,-16.024471872943202,-21.838972276139355,-23.789139849674147,-21.35969189967895,-23.253860355383786,-24.10420619562227,-21.049748569153092,-20.602466041659248,-21.056111972320092,-19.29343809767304,-17.787755415888267,-15.33125293503562,-16.764858690439233,-15.162793222536793,-15.418256962774525,-16.88973333336215,-16.180161321809482,-15.86862345868515,-14.292297540551973,-12.781363894092173,-11.299836997277179
