public/json/wind_2018-09-1604_850.json
{"header": { "discipline": 10, "disciplineName": "Oceanographic_products", "center": 0, "centerName": "Ocean Modeling and Observation Laboratory", "refTime": "2018-09-16T04:00:00.000Z", "significanceOfRT": 0, "significanceOfRTName": "Analysis", "parameterCategory": 0, "parameterCategoryName": "Currents", "parameterNumber": 2, "parameterNumberName": "U-component_of_wind", "parameterUnit": "m.s-1", "forecastTime": 0, "surface1Type": 160, "surface1TypeName": "Depth below sea level", "surface1Value": 15, "numberPoints": 4800, "shape": 0, "shapeName": "Earth spherical with radius = 6,367,470 m", "scanMode": 0, "nx": 80, "ny": 60, "lo1": 109.0, "la1": 20.0, "lo2": 116.89999999999955, "la2": 14.520000000000117, "dx": 0.09999999999999432, "dy": -0.10000000000000142 }, "data":
[rows 0 to 18 of 60, columns 0 to 41 of 80]
null,null,null,null,null,null,null,null,null,null,null,null,null,null,null,null,null,null,null,null,null,null,null,null,null,null,null,null,null,null,null,null,null,null,null,null,null,null,null,null,null,null
null,null,null,null,null,null,null,null,null,null,null,null,null,null,null,null,null,null,null,null,null,null,null,null,null,null,null,null,null,null,null,null,null,null,null,null,null,null,null,null,null,null
0.2199078530339883,0.5197341487277997,1.1871764896296477,1.2707522608301567,-0.11736216920503811,-0.011353007183490495,-0.06304979760816476,-0.0022220606959179306,-0.9228148540980305,-1.123570808863077,-1.2996532160459484,-0.7590237484390067,0.07789078872113578,1.6744697754985192,2.5728078951019984,3.051418181699682,3.8722839035683876,4.550115980022363,5.434863856521565,7.236872099844119,7.337140391042326,5.663163082872773,6.20285484174468,5.85249555090752,5.016023634906453,5.509148703483061,6.952206259461213,8.477535820469601,9.851379556810075,10.68534714523603,11.698311786949219,12.606414054636623,13.090383347974946,13.729734184570606,15.358376183535253,16.79166644726207,17.808347055427877,19.90302045078754,22.436976582537405,25.09995588553166,27.426205017975185,28.97200311529022
-0.030656442096376985,0.20427451922904488,0.663511864302794,0.45818315934312587,-0.024372618476745878,-0.02124987299850424,-1.1262499180364471,-1.8297162567285103,-2.710667196107397,-3.737528954947362,-2.4740333132239867,-1.6702199482923294,-1.1278161201574655,-0.3486854005234712,0.5348719968299263,1.9476194378471712,2.882601095978386,3.282250906267958,4.471772407251612,5.360709769175792,4.880408259342029,2.710988907708269,2.6871955433646413,3.2379475513114713,5.149944863543888,5.296199378317915,6.430093452756575,7.685023393505451,8.683884489664358,8.700638473956962,9.221125927551375,10.379005564704887,11.83752810785285,13.35695776760865,14.816114552646807,15.690127602180059,18.046504286090556,19.800474028478504,22.57889461221101,23.823124482505612,27.864874335534175,29.68233914973208
-0.662583067519334,-0.6616351760038546,0.31798048489587105,-0.46952496546878764,-0.8668209852360342,-0.02722457640542214,0.15567833889890878,-1.7313659722964891,-4.153670716372931,-4.227837151863656,-3.276552624874861,-3.0791100121981505,-2.2212695407699408,-1.3218716764661722,-0.36596331470795423,1.416657113167723,3.080321820309892,2.4766807178027896,5.570550642501851,3.8846947374728047,0.20243831537189666,1.0968671900278997,2.8723739390563092,4.451893972504635,5.38766363283899,6.022716481628532,7.067308016708415,7.732898396714451,8.895845405077614,9.64005893297707,9.242528919162643,10.119155721839265,10.792930340167022,11.947744655624817,13.290496183112849,15.898433742792268,18.364548819381774,21.787488179611167,25.51962188350182,27.15988534341733,26.635854395723335,26.090891710859523
-0.8654759816048967,-0.35171204876125983,-2.985711483719946,-2.126624016597107,-0.636025378891089,-0.9491886955648192,-2.133235761633629,-3.0473639777952193,-5.050555771048894,-4.070187770067042,-4.164289990041046,-3.4841008707365173,-2.131754099659947,-1.0412415379529163,-0.4698278429712296,1.3838593097987317,2.369616666713793,4.025622682276212,1.4415565132230597,-0.5481235735030625,1.2075971991975367,2.4049543052531566,2.8709496773793317,4.210290570175443,6.378964884874561,6.716260808780596,5.782443015793345,5.597998670123703,5.82417633996474,7.344658323470231,9.48565611351112,10.51823964830269,10.961471471562628,12.868102831372923,14.452364034024248,17.637164262321438,19.763310439455157,21.065715819693935,22.250621463240762,20.387255419844678,23.117751808997657,20.06614231338472
-2.0181330288323425,-1.566507688876519,-0.16294257944183965,-2.2628013197776875,-2.711204597861239,-2.8187217089982433,-3.762084802945368,-5.2589778828711715,-4.658712926940683,-3.805885821497453,-4.083371655469745,-3.177897630887395,-2.0541220264995914,-2.0863694746861556,-0.5976885224121908,0.47326346858638363,0.9646693134677969,0.8430498036490053,-0.6092442881311992,1.7026267555024694,2.6949097239996647,2.120134180805505,1.8743087526274937,1.6059836153513585,2.177561164373016,3.421780165374579,4.085614464215312,6.270271614396091,7.7132168316716525,8.668551508576517,9.652628064813467,9.37540270213194,12.62515997238293,13.140604866411305,15.094327098664898,15.8732792834995,17.73785678252593,19.269523466101948,18.785781013330666,16.694282431879273,11.209949378763389,17.66883821604071
-2.7310979063323897,-3.1597142074071582,-3.0994708804674036,-1.1235405030070018,-2.7283624805919167,-4.76247289937322,-5.238495662327473,-6.1615526716271205,-4.507308203346498,-3.95737087999382,-4.425158276620993,-4.057793851086888,-4.046591913886465,-2.373977178217937,-0.7651570915656051,0.009357779961381981,1.322854865168411,1.8472392856651354,1.924304068920534,-0.18388265272967397,-0.62417373247308,-0.08472436052776411,0.9381820464742388,1.800336392382891,2.451959772268408,3.1740878180716203,4.520130370047327,4.918551288990751,6.1114212486298305,6.819997940772437,6.97055438816942,9.806982731782067,9.666575823344639,11.801181307921894,13.34661220113024,13.421243451437304,16.044141649187942,14.721437815026949,12.404482666682673,11.428780663580396,12.45421043209658,16.168380353473793
-3.154992271845268,-2.7083661705367916,-3.490172978321781,-3.3276866408592745,-4.213466817457899,-5.312101524905413,-6.249974177665295,-6.126061396546685,-4.4909209648528,-4.3439293598674045,-4.9344647803410275,-5.146770286392968,-4.807229984578924,-2.8083298196770414,-1.8049841900124333,-1.279724838574203,0.13767485380371428,-1.4881716995695042,-2.556443627443022,-1.7312290786541993,-0.579144445594113,1.032122820750457,1.670597228539556,2.3880572668952964,2.57867096765313,2.479872879213342,2.424396349557973,4.354076126947392,4.911026791300431,7.064000382050316,8.018216428726525,9.129053229951875,11.482462810529851,11.265944674096785,13.294053547614107,12.300637886749975,14.545538877450474,10.530687023393783,10.1669029231944,11.069779669794857,10.975601294105898,11.135611549340542
-3.8428509533407302,-3.7525495242400173,-3.6671615206495867,-4.261340316993574,-5.623395134595669,-6.448452369663043,-6.723541047844109,-6.1776104051459795,-5.403914672212461,-5.134025914914549,-5.074561429589455,-5.571070231167396,-4.81639246150666,-3.2076854667391053,-2.848534524786315,-1.8889825262568176,-2.4938914193483006,-4.731256367911815,-4.9657867754054905,-3.4879517083490184,-1.4253194153747848,0.017020425058026787,0.8069651481562767,0.7615984170629744,1.1202721817475902,-0.23675258240607427,0.7493051117060694,2.0014770964201403,3.657907113034149,6.1756933692393545,7.089701682716019,7.565970530692659,9.487197909613936,9.484512950947455,9.445534409170337,9.358420926472446,7.8791270036420045,7.643479170585753,8.120834503563643,8.438724273563361,7.083277398588272,10.04202016020793
-3.803976839942351,-3.628881040534965,-4.405642438093029,-4.910412592384643,-6.314863002491195,-6.80156976434638,-7.146558564249468,-7.025897573331205,-6.6197532131018715,-5.766726044860823,-5.820143187409083,-5.896903223460201,-4.815101626708198,-3.725935852787287,-3.2136278079549,-2.6571597405266685,-2.1291766736149262,-1.815173914559922,-1.123280722826008,-1.1247268716814476,-0.6748429795947646,-0.7343557950927133,-0.8681322021701505,-0.9607319479141553,-1.7702008953510637,-1.3309549794290918,-1.6307813960250208,-1.1883104196018677,3.8686534632566416,5.379957269354851,4.864487299192039,5.300364031996629,4.738026411956129,6.053589712680432,5.7661340429110295,5.06149469299841,1.6549304762383457,0.5901799616331619,-1.0933934413118123,0.022593877090372395,6.624082361498663,12.483702495097882
-4.062230701381476,-4.029527412577508,-4.701471837421471,-5.78423881997898,-6.545198018956203,-7.290764032377572,-8.07211487051863,-7.829391163606185,-7.272551564030007,-6.690359661828142,-6.524103871425169,-6.325686496726705,-5.618208605019023,-4.412654876341815,-3.9691755362988284,-3.2045065359137737,-2.2991149360478467,-1.2373548961070142,-1.5030212008953467,-2.062670084842712,-2.6262386057050717,-1.7246364745003446,-2.823219654960219,-3.461180128315826,-2.8088083517604607,-3.104219914632255,-3.540677667247307,0.14528232845380337,0.254341110746702,2.6992618672583846,2.193276595583941,2.1011987812978905,2.7803959693185143,0.8241282381417507,-0.9841001733093029,0.7260146243267336,-1.7062651400562716,-1.3663152781365264,1.6039336971467595,6.218827551494668,8.865939829828996,5.013954951909007
-4.364861545040916,-4.955732598742092,-5.1741996554114795,-6.17123221055457,-6.994909377936215,-7.3370988331088265,-8.566462373191955,-8.451829825072076,-8.175804903408078,-7.580281211024545,-7.42495600689335,-6.5874291435910335,-5.193848360599951,-4.557223579717782,-4.323305073353271,-4.106552775888985,-3.0093640034148503,-1.8532182170625415,-2.8788256220402637,-4.287632056171664,-5.203522020520093,-3.3681429635609446,-3.768822247660442,-4.567810574547038,-5.502086728974268,-5.710894156747675,-4.659418601565969,-3.7504249918570802,0.3999496705144437,1.190212639550122,0.3381291031321784,0.03968723116775055,-2.0318663650537294,-3.6493195196319754,-3.7494675484537034,-0.3161375353865564,0.16723854453415612,0.1513278851346122,0.6969831028281507,0.3091430032713743,-1.6187050781415908,-2.302197827078331
-5.290915303461461,-5.677412513452907,-6.071315742192013,-6.749239662929492,-7.0693537868932825,-7.359159984471732,-8.456294581936888,-8.68828157728696,-8.699326766971897,-8.018394293464157,-7.775523995527887,-6.9779989068336175,-6.832651016199122,-6.0665911080796375,-5.309466921085554,-5.397052107153928,-4.952434305620245,-5.089075341652735,-5.611935304279957,-5.7383498580569,-5.73269504527742,-4.866265710924747,-4.521823581698215,-5.273694991357294,-5.423352241281049,-6.640124513681595,-6.0382770781703305,-2.6684069184715145,-1.760741031956334,-2.3919255097467547,-2.5594945432499148,-1.4906409235796168,-2.1430131334809883,-6.147118687032599,-4.506652195268767,-2.0924723772324905,-3.2726845089126244,-3.6147884561112527,-3.0390236550480876,-5.048094345802033,-3.722945931398131,-5.950423996771342
-6.338790979975138,-6.8698597643656765,-6.86728303110694,-7.298103981781457,-7.6251960002034584,-7.845258309518337,-8.407518380118837,-8.346457666586879,-8.767649037952305,-8.656641253576183,-8.995797734039668,-8.48779941108914,-7.675083440152618,-6.849741507829275,-6.913919981215293,-6.809940516231179,-6.059914543881532,-5.7037321481198555,-6.186005792701614,-5.130730362366309,-6.69331324142745,-6.140488115681782,-6.779741083491636,-7.390008321125226,-9.592152626277045,-10.63702409119243,-8.225754421299422,-6.7454583374056885,-6.216652678585531,-5.392616920010472,-5.930860127786136,-5.738501949109386,-6.155218487693661,-5.398594915707976,-5.051941519860714,-3.3792872306691812,-4.882516281471553,-6.499602050629138,-3.9967375095128337,-8.946462914006778,-3.9224225240968953,-13.532507089099623
-6.811734356627904,-7.5190183625891525,-7.249737099316052,-7.8948402831705415,-8.102490314063699,-8.308333882227371,-8.048379566002412,-8.14495057485051,-8.949465157739098,-9.090804607709163,-9.061056842606199,-8.922746125642174,-8.493836649230932,-8.15514473008092,-8.31714664043614,-6.950144135400586,-6.191418580391403,-6.9781370508267635,-7.288650472115529,-6.514962943055583,-7.290749211242589,-8.687843922863888,-5.657386089120886,-9.225827916763624,-9.730363999352603,-9.971787557486287,-8.59907749890654,-11.98977703730204,-7.516313730685735,-7.248734787317725,-8.710625161688656,-7.411611083723764,-5.826879913989745,-7.130743002866909,-5.447240519363026,-5.897939124411826,-7.048564006727817,-7.50577453741257,-5.480624131072709,-5.187478036126979,-11.50890454365825,-11.408550130262512
-7.1576896710662705,-7.570224553093869,-7.883923765105728,-8.508842802532943,-8.46442057756533,-8.738785331984644,-8.413469976764128,-8.5277416076024,-8.793208926951293,-8.643017117414486,-9.882528071164291,-10.26760254687702,-10.214018688352024,-9.749033328802387,-8.78349833215232,-7.711779562452324,-7.735278253219705,-8.494573500497399,-7.897463238717007,-7.142780469670453,-5.861650018988463,-11.862800343758582,-10.450762331263219,-6.489926357070227,-12.998252249815987,-14.989663285392066,-12.389747644913548,-9.573539950790968,-8.4644464965819,-8.082688551748195,-8.974984447469744,-8.267674701930138,-7.902455404397159,-8.283885338648485,-9.855820651936703,-7.521101090386584,-8.758596206446896,-10.445436470391604,-6.519257477382015,-7.11350981324474,-21.849549757698647,-20.469057981727012
-7.6173962368008485,-7.850203996707059,-8.318154723546638,-8.795603800863725,-9.22754529817222,-9.45351593616429,-8.643336443316775,-8.743876710083283,-9.423685062714691,-9.630417850148373,-10.453472081308812,-11.654827964967366,-11.155409255045342,-10.843722226256045,-9.706389649963421,-7.83429655805425,-7.930672370153884,-8.990763738452568,-10.49743970747182,-9.82100501772412,-8.660269598622742,-5.999085922746392,-15.165495969549731,-11.329488131678053,-12.393937247474954,-15.61728297834017,-16.402808419068627,-12.059121674994692,-8.059113333821212,-6.968190918782488,-10.632209933063208,-10.974793831717697,-10.35549924380928,-5.656455171198543,-9.456312167551328,-9.954095909364618,-12.053652595989448,-12.368609551655458,-11.03390965675911,-13.355646224590059,-20.667894457380825,-22.857349249213637
-7.969936107121838,-8.075786447289257,-8.530268160139082,-8.889642386965129,-9.786501124913789,-10.026579433972834,-9.86766695510699,-9.52431412971092,-9.353854429375222,-9.997399975029692,-10.952032700701844,-11.461216437930787,-11.419463245189206,-11.24039767524047,-10.96277180407849,-8.91586980807356,-9.955889307191315,-10.193137235236422,-11.330077686538706,-9.335963754475438,-6.959504858186689,-10.188097912276787,-17.715532704237624,-13.723831298128703,-3.660263550160378,-7.840265148672941,-12.717095615073669,-11.254087303895822,-8.88566061429763,-7.4090001072769045,-12.414291387985875,-13.163617645795025,-12.784103137961646,-11.526492793790805,-11.07183396928499,-12.08154295938632,-13.860686074311523,-13.355691124093617,-15.49033736601372,-12.494740189275166,-17.839193560714477,-20.972115646964188
