public/json/wind_2018-09-1520_950.json
{"header": { "discipline": 10, "disciplineName": "Oceanographic_products", "center": 0, "centerName": "Ocean Modeling and Observation Laboratory", "refTime": "2018-09-15T20:00:00.000Z", "significanceOfRT": 0, "significanceOfRTName": "Analysis", "parameterCategory": 0, "parameterCategoryName": "Currents", "parameterNumber": 3, "parameterNumberName": "V-component_of_wind", "parameterUnit": "m.s-1", "forecastTime": 0, "surface1Type": 160, "surface1TypeName": "Depth below sea level", "surface1Value": 15, "numberPoints": 4800, "shape": 0, "shapeName": "Earth spherical with radius = 6,367,470 m", "scanMode": 0, "nx": 80, "ny": 60, "lo1": 109.0, "la1": 20.0, "lo2": 116.89999999999955, "la2": 14.520000000000117, "dx": 0.09999999999999432, "dy": -0.10000000000000142 }, "data":
[rows 22 to 43 of 60, columns 0 to 48 of 80]
-14.625121495842915,-13.96808532738134,-13.113522645017751,-15.41625470796418,-14.21995311619166,-15.076597188420628,-16.011128560295838,null,-16.504861123458667,-16.864592443153395,-14.288255159190415,-13.3777598984974,-12.645548342461822,null,-13.139428316540723,-17.297751290281912,-16.061105114512046,-15.822443312300054,-16.28084484687198,-16.8925943774881,-15.013800227639502,null,null,null,null,null,-13.503138781781523,-18.55389146100989,-17.95983491757123,-16.053673346866276,-8.421511644185129,null,-17.9269098537919,-22.937668577105498,-22.177766066050527,-21.35347213282111,-18.559014916361125,-19.280328667089833,-20.74590187968002,-18.042198071749652,-20.379516494705975,-20.457961442821613,-20.56885121653564,-22.51055259354395,-19.286637464737403,-20.01112000850349,-21.454765309601235,-20.851703779459598,-20.642956740221543
-13.917413667059211,-15.406079137557445,-14.30803723691798,-13.589673032605042,-11.818631721604097,-15.968930531160229,null,null,-17.018861261014187,-17.926613861644228,-16.120092170662343,-14.802964595266864,-12.579008934917713,-13.356583667678493,-14.818558172104044,-13.306381911389607,-14.532324017231922,-18.442118342764523,null,-16.794508739549165,-14.716642374826677,null,null,null,null,null,null,-14.381019211233124,-17.50159504341309,-14.659193505659353,-15.056288670586921,null,null,-21.246241191316507,-23.289562213246395,-21.65274602189908,-19.64754947164104,-19.867849150516637,-19.343438318123386,-17.544953205358702,-18.802604404924125,-21.708734396059956,-21.211536413258326,-19.682252931483216,-19.480490570193002,-18.58297580523366,-20.515751358558532,-19.958883439108593,-20.359214143220825
-15.841045100364033,-15.339902350902568,-14.092675778464413,-13.988765723791975,-15.583030864171995,-9.017277664709923,-10.458127130595692,-12.0108856760118,-12.666483738022881,null,-16.726653023267435,-14.761916321097992,-14.423732012236291,-13.127239873597336,-14.121513569542676,-16.40649631631613,null,null,-13.149163931006068,-14.612007762029965,-11.935280115136623,null,null,null,null,-8.489242102506898,-6.771627340029864,null,-14.619237924621668,-15.640897841433304,-14.440742145357088,null,null,null,-21.08156447595888,-20.7575558002964,-19.899412657854885,-18.875371502166146,-20.97674281532927,-20.279516121281056,-18.259735291555437,-19.818280257150878,-21.016834417690923,-20.983616441896647,-19.451810976016827,-17.79109774213028,-19.393178404544365,-19.5969147597265,-20.237502488369053
-16.44013952129938,-15.734843396229802,-15.226287335490877,-13.34570027008659,-12.04382842831674,-15.639657573818662,-14.234277074212411,-15.14667692389375,-11.865655180958889,-12.396372096560615,-15.72052407670649,-12.304460468367123,-16.160161305623724,-15.107700125318171,-17.53751940240268,-13.596689948957735,null,-14.301492719907559,-14.05876163854552,null,-11.50071886180021,null,null,null,-13.736229463809433,-11.479762128525412,-12.009964035651322,-4.8099714822482476,-11.663450783465894,-10.42400246860533,-16.758664156361984,-11.662439524859238,-14.556640375396974,-10.902874587846485,-20.84366235916784,-20.994932943933495,-21.46796532721079,null,-21.293275787148012,-20.48647739526496,-19.281757818213293,-18.04109459905576,-17.153157240897436,-21.507176243752063,-20.466068614730453,-19.82710605759897,-18.345667578783445,-20.89789906627604,-20.23406196379205
-17.097750540011912,-15.718046158452507,-14.99594688180133,-13.102315744005455,-12.845107167032978,-14.197554632177994,-13.074457965314219,-12.95098716408307,-16.164664699761914,-13.273119647671905,-15.47254784815957,-17.472583540093083,-18.58257921978722,-16.938416768453017,-16.863726789726964,-16.61208128856115,-14.347168948685672,-13.064920678114158,null,null,-12.505364579064524,null,-7.973531172485892,-11.354040659516116,-14.640364773812305,-14.074720820872702,-13.693241702316726,-11.957266894172118,-11.507588690835076,-9.414541709660913,null,-15.864386575049664,-17.50191436490308,-17.23535732913289,-19.49633327142239,-20.121242444819167,-20.033939112434375,-19.54683222697683,null,-19.816143174427676,-20.116248360087035,-19.083518841276714,-18.60815670160573,-17.02802595976547,-20.38479320736057,-20.400997853952582,-19.423695422965892,-20.28997988880365,-21.007109342434298
-17.615533225416254,-15.419950574004073,-15.44565553080373,-16.108437374024223,-12.96215538762302,-13.199811853382732,-14.548901700346192,-14.441524463971657,-12.688565783038085,-12.033899636778633,-13.979603031689344,-12.622047399979639,null,-20.33833641764915,-19.16995698577549,-17.924642179713214,-14.93545473171954,-14.200995129924662,-12.426526603559513,-13.002750845701561,null,-10.528654255392068,null,-12.635018368577224,-13.97520292322973,-16.185904673080245,-15.714728694144924,-13.211632348246884,-11.38388714845295,-9.761381423368741,-11.744788164661388,-12.973319429839538,-16.8611377655771,-13.174114395550067,-14.139276219740264,-19.79484241142227,-19.70388031315355,-19.977836639806792,-19.311928204698802,-19.443257645522024,-18.6026786239941,-20.50021901180903,-21.014313909969406,-18.051762852264034,-16.137065818137934,-19.3711739013426,-19.672000402784064,-19.974936716798382,-20.925310492630153
-17.97302835483238,-16.233143555697634,-15.946792430967951,-16.12658102873964,-14.875707699790025,-14.50358534196596,-11.897277811588443,-14.448738512573545,-14.480679729947337,-14.150895707786573,-14.02593204919931,-11.076294646290474,null,null,null,-17.273511508936302,-15.915321041228138,null,-17.93932664836372,-14.64863488071701,-10.57679284510741,-11.139046308745009,-10.960063737609204,-10.357280052073298,-12.407037667906739,-13.992284934334556,-16.22692669378009,-14.049388525340644,-13.01861324918334,-8.957562420549898,-15.088770415711968,-9.386349515396233,-14.993423255982838,-15.604974749077044,-15.77558283832403,-17.55032619324303,-19.27902216108067,-20.320604874054748,-20.042374156329096,-19.110008561994107,-18.573647533597793,-17.996891144791785,-19.656405213756194,-21.012117903137916,-18.999594581060045,-18.689702685651095,-19.305722834181342,-19.17332890000254,-18.57833283106383
-17.9726370000226,-17.686917458877993,-14.577761126663534,null,-16.616167236474794,-15.307265839972079,-11.648569207707759,-13.236623830349005,-15.772898933943244,-14.740850249808858,-14.431629265763133,-13.428908564929266,-13.168544257595745,null,-12.97238048394641,-14.40994739676373,-15.891197834607452,-16.197296749198056,-15.13232198062877,-15.427131229592142,-11.381062571005502,null,-14.865054712699767,-10.58736887667608,null,-9.606203704241484,null,-15.28893980986333,-12.03029784682235,-11.769356075457596,-9.262674431651654,-15.247461755427892,-12.105927712446238,-16.650179487065262,-17.1618552466828,-19.810736575560504,-19.957539918752055,-19.707332026923947,-20.1671184479705,-20.68901582588221,-20.259051017918118,-20.569385717977113,-18.892616380826663,-18.281867338921653,-19.534901834387675,-19.09249684473648,-19.122669882774144,-19.8336213989567,-18.53123144964825
-17.16072399901464,-14.465056016853156,null,-12.16020416431348,-15.269134556626392,-14.693285713924267,-13.585987298241083,-10.36298417632685,-15.795749321610685,-14.958521317717342,-15.338027135313807,-15.467134088121714,-16.085659213645876,-15.407852397805561,-16.480772652027103,-15.86788066603946,-16.076021017748747,-16.019548669057734,-14.406194124315979,-17.498272897885293,-15.207998974121566,-12.22862708245015,null,-11.547551240167973,-10.165177428652736,-10.89367296815698,-8.61606074492288,-8.692535146299184,-9.840318649125859,-9.339226584672204,-10.80858264362019,-13.365371403306636,-13.952338869715142,-11.005001235820082,-14.932339846727745,-20.887430994905998,null,-16.57403063873369,-20.57561302529617,-20.86576870267834,-20.370827966217803,-20.61905909532152,-19.396496948496726,-17.990721591267985,-18.8025284557263,-18.843426669217532,-18.54657415062684,-19.33749380675938,-19.811276719805537
-18.00880098614615,-16.701779914520337,-14.960732047163638,-15.527638009055899,-14.878997256330095,null,-15.01173062320527,-11.492662968839896,-10.812908778336837,-13.836928063550813,-15.436724103385874,-15.262808702779243,-14.975040205470748,-16.57667245626941,-15.04285414164347,-17.565550916660808,-16.432840646619308,-17.679981835205197,-16.147193669861835,-16.00813499441339,-14.78813214763218,-11.992922669582432,-11.267314004760712,-10.076054529648284,null,-10.461087747637615,-8.32118783061419,-11.806381351743768,-10.117852566617891,-6.4764004307442296,null,-12.545765761352662,-13.432105992199734,-12.833208021025728,-14.390469463580038,null,-20.022738944791953,-19.85842801903089,-20.408881759822854,-21.489536128754235,-21.217561094344607,-20.583068563240722,-20.341627567901185,-18.70617600549903,-17.546093518079054,-18.468091076008808,-17.156239955627086,-19.406019335157257,-19.52863945263131
-18.295978161782564,-18.012676069320914,-17.4488574338099,-15.413864169281789,-15.211767232485272,-12.680193759515452,-15.747438417127709,-13.164250526711012,-9.930161616358777,-12.377274437540391,-15.961022859738524,-15.295226023539596,-16.04252985324091,-15.646582316709871,-16.694057707183905,-15.41994016712388,-18.02779276505386,-18.35774999058515,-18.14813908531377,-18.362598179820054,-17.12567960444584,-13.884023185979428,-12.18451815861106,-12.217398386580966,-13.65591717895774,-11.733677178188083,-8.890103063876273,-10.833919861689619,-14.393414773878176,-11.25409463945344,-11.60452626460318,-12.999064052887553,-12.966163094742654,-13.928914273256664,-11.592823607890876,null,-10.634976545249728,-16.795451331984683,-19.89730367208962,-20.777663901761212,-21.402146505993965,-20.249975768760347,-20.715783301269358,-20.10208903529684,-17.146052740970962,-14.607730253780526,-15.743532552471487,-18.18268610713094,-18.890537191130402
-18.129270019123524,-18.51417410686475,-17.154621776968337,-16.64550678200955,-15.0935318003473,-14.18941090093208,-13.538073224562053,-12.914119601154223,-10.22941782804508,-6.222889427171761,null,-15.308526596315737,-15.71805591234878,-16.21276920961593,-15.864266826655882,-16.207060416652688,-16.382618786395543,-16.21602023601322,-18.16490887685245,-18.447910012069187,-18.906451193654433,-15.725624082576308,-14.349242094203547,-14.468474924304132,-15.120788931317902,-12.354615833546694,-11.195417212321258,-9.714671294044939,null,null,null,-15.034977799177755,null,-19.854071904682012,-13.672638241607666,-11.26405677772646,-12.610376399163535,-17.34022187464141,-15.4738600716368,-19.93316021152479,-19.426211409362256,-18.96130749493602,-21.46557427666225,-21.471706349586967,-20.335124470169745,-17.503793499143,-16.437741004158482,-15.617342325557109,-17.112078163832024
-17.755292346510974,-18.770615492563877,-18.583455538126053,-16.035960634071238,-15.273598991277515,-15.028396931260897,-13.740452165832336,-13.273601115430072,-9.659776108158962,null,null,-15.64494504886426,-15.201098977427128,-16.54996317262691,-16.966335298445195,-17.39654392709842,-18.812455572301975,-17.90009824982684,-18.190442974834756,-18.259650452519836,-19.648071011703358,-16.74637141674467,-15.793170349130975,-15.015513190471374,-16.472858202898074,-13.2568163376286,-11.285036394050872,null,-6.982424628542047,null,null,-10.983607501282112,null,null,-13.42927975837439,-14.818593446087018,-14.407827253464385,-17.063002202693212,-19.36907274126597,-17.515696027835123,-18.78069520538049,-19.80970484665345,-19.091009268470053,-23.4497922569578,-21.09385208394037,-19.726079907382537,-15.348669509225651,-12.694467366530844,-15.74738438449253
-17.512095357857035,-17.360901100102517,-18.843646272965103,-17.6867520020503,-16.79525596599469,-15.43097039893381,-13.9314814359658,-13.644711183540696,-11.487618572182045,null,-3.6601898820833476,-15.797719673916482,-15.5320123998473,-17.82168935085764,-17.58244027825529,-16.642613020123967,-17.41481992656017,-17.36133177852714,-16.80206106768054,-14.210541469178505,-18.65448970298375,-17.249930494805348,-14.578034763347954,-18.67301289080878,-17.79983088589377,-13.791848277336287,-12.184587889281143,-9.879801516437446,-12.676337143750617,-4.694586799380027,-7.0228542907340215,-7.3963814539923955,-8.06199639563569,-8.719325283124455,-17.778849901887764,-10.645105465187765,-15.260069758388788,-18.571584124713613,-19.411617930413893,-18.069809429502577,-18.81370594743834,-16.08473172489163,-16.91810436622628,-16.631850502418494,-18.026959007760087,-21.696099936343582,-19.187190854788224,-15.882046970086508,null
-18.857056821180855,-18.4471638739085,-17.8203695702472,-19.0644428414256,-17.730710128202734,-15.702497489305431,-14.628903531422392,-13.085098910514029,-10.830859303072913,null,-11.640033970943685,-7.85455239233091,null,-17.086862014894557,null,-16.06326994115692,-15.120170599632507,-19.013959316210236,-15.613787943226418,null,-13.25951063914769,-16.101437480258344,null,null,-17.13923392375101,-15.798183732188965,-11.856946231866406,-7.49319207032995,-9.558968823588895,-10.315989158150932,-5.230168512997179,-8.148573577927428,-6.981859444256854,-8.115688241760644,-11.589703654912357,-11.731930629199946,-14.642747674269327,null,null,-20.766661941061244,-19.69527360734455,-19.002352681020714,-17.377495647565553,-19.30546561362614,-18.77573354803019,-15.991880071149211,-19.34758739606015,-17.643243510327213,null
-16.809811390687678,-16.317089680516936,-20.43266133473842,-19.123534739288246,-18.16347715216058,-16.589036800129865,-15.33253431372894,-14.583007541229394,null,null,null,null,-13.806305676008575,null,-15.008207372224028,-16.511295309194573,-16.12461828228094,-14.055009846023493,-16.252260078641967,null,-14.669665574650754,-18.994745828905074,-12.154167489813094,null,-15.79104827442973,-16.140982854179455,-13.770372647801473,-11.110286588111233,-10.267483388906903,-7.059506127140004,-10.954881520990003,-8.575726267213035,-7.309515784186447,-7.130116593072956,-8.676547501109454,-11.980344680953513,-9.737889559814988,-13.769736254692367,-13.318536628248829,-14.30287924239135,null,-17.74743690351642,-18.975327255822982,-17.841764349556293,-21.114488256081362,-20.465421392901,null,-13.152308182385033,-14.663154433541981
-14.126765798324985,-19.103502289672434,-18.32585382796678,-19.62160609013114,-18.93602005755127,-17.821611324771837,-15.601134688973278,-13.327305010429784,-12.482285161946239,-8.313445476991564,null,null,null,-15.439514164772126,-14.707773070866127,null,-14.566996178907075,-11.546377731394893,null,-16.885600552745373,-16.909743539231478,-15.425481373001126,null,-16.402492964664344,-12.695397960395626,-15.674330529156174,-16.05733785906314,-13.281717622362912,-7.2786541924269095,-10.899454007993993,-10.547321610158832,-10.321723558139166,-11.314009199807163,-9.109384844349906,-5.562917182517589,null,-13.33172315096499,null,-16.21673816884374,-14.6042371149413,-17.34054639236862,-17.0721553620326,-17.712169710071365,-16.946619391685896,-17.882036087159804,-20.892788095704194,-18.88279691398089,-15.311880063303288,null
-16.608044492541435,-17.394791217687924,-18.205652571862878,-18.36957023637222,-19.14339470552175,-18.89578656326526,-17.33883495869636,-14.380057048189965,-11.511182078823893,-9.632472386081389,-6.4581608126170895,null,null,-12.257463707071917,-15.132813153225722,-15.615418586331314,-15.435648714789476,-15.39524414018222,-12.022694036235432,-17.15863178095078,-17.79308853409597,-13.623409449516444,null,null,-11.74723260913882,-19.159078812830213,-17.17777542423815,-15.156059828045445,-10.731944393353395,-6.555791377281488,-9.79994690032418,-12.002960903982732,-14.942826018838847,-14.293267131446797,-13.954249465224057,null,null,null,-12.552695520492584,-13.196453666196728,-9.228130474797446,-12.723444414835033,-17.449703296767566,-17.64031371508785,-16.135146854219894,null,-17.516037080201386,-13.732905243852898,-15.062014558755223
-14.056932626520055,-13.697270399590174,-16.012984073698206,-16.63214893010799,-18.85976003301475,-18.432265450083207,-17.536982932216006,-15.968269133245705,-11.96030373317939,-11.17325751765268,-7.661582203536833,null,null,null,null,-14.151766809727185,-13.290555839921604,-13.210281702112091,-12.743095120595008,null,-15.042025959940883,-17.827303219596544,-18.69079260326547,null,null,null,null,-17.74239524638147,-11.197186387708555,null,-8.701563495989305,-17.39901305408022,-15.15721479792378,-15.396839149008287,null,null,null,-11.043285590709814,-15.286055148083754,-9.350016447766976,-9.439700534749761,-11.735171098609014,-16.2032119671433,-19.38968157446307,-13.480917797781258,-12.594654261434554,-15.938593406903644,-15.09509053871892,-15.117556920392744
-9.694936601858156,-12.13172336344736,-16.50878083713114,-16.41210719013305,-17.315435874747138,-15.179987464402135,-17.72478296614205,-16.91639123748675,-13.802307782380913,-10.182979765959493,-9.648881731326417,null,null,null,null,-13.41593367596927,null,-9.841978455029658,-10.45202665552112,-13.281242189548708,null,null,-16.61267285376261,-15.096180666442104,null,null,null,-14.409440620889917,null,null,null,null,-14.939815807420523,null,null,null,null,-10.723740314591016,-10.209811879372051,-13.00920524640623,null,-5.815337379529957,-14.745859437605073,null,-18.167662490642076,null,-11.92405313186994,-17.251233047483364,-10.946447707867634
-9.589931242674446,null,-15.23357881569882,-15.65265311500777,-15.328834735653842,-15.949502270154422,-16.229923032613872,-17.7258900157326,-15.585027895115674,-11.184098516348847,-9.621711524811493,-5.501218133060409,null,null,-10.025896967787338,null,null,null,null,null,-16.81814110788651,null,-17.33608106396365,-16.232645427505744,-11.45041262061693,-8.198053786245213,null,-11.093000222894274,null,null,null,null,null,null,null,null,-15.417149512499215,null,null,null,-6.792575418648534,-7.319781049099832,-8.347501869755252,-15.61760776133386,-21.236579015777586,-19.10379154259013,null,-19.59726750469259,-13.439468624300481
-9.637360661225348,-11.633875326494874,-12.259874391840032,-14.25126146649432,-14.70213959320705,-16.292849550831082,-15.039069241389237,-17.715948546201915,-15.661231961564301,-14.240598256226932,-8.314373644723988,-7.060898912999189,null,-12.067151497462035,-10.187419850752802,null,null,-12.220511785958468,null,null,-9.561857939941627,-9.551117329249124,-15.275791714521471,-14.950587646388476,-14.258222980137734,-5.419348488355303,-5.613693440262554,-10.752515517832142,null,null,null,-8.60210729206871,null,null,null,null,null,-12.508189500092632,null,-10.443197081163845,-21.765771249993037,-21.223294505666892,-16.686017207568835,null,-22.56791235619336,-20.670602000594496,null,null,-16.632098536858347
