public/json/wind_2018-09-1602_925.json
{"header": { "discipline": 10, "disciplineName": "Oceanographic_products", "center": 0, "centerName": "Ocean Modeling and Observation Laboratory", "refTime": "2018-09-16T02:00:00.000Z", "significanceOfRT": 0, "significanceOfRTName": "Analysis", "parameterCategory": 0, "parameterCategoryName": "Currents", "parameterNumber": 2, "parameterNumberName": "U-component_of_wind", "parameterUnit": "m.s-1", "forecastTime": 0, "surface1Type": 160, "surface1TypeName": "Depth below sea level", "surface1Value": 15, "numberPoints": 4800, "shape": 0, "shapeName": "Earth spherical with radius = 6,367,470 m", "scanMode": 0, "nx": 80, "ny": 60, "lo1": 109.0, "la1": 20.0, "lo2": 116.89999999999955, "la2": 14.520000000000117, "dx": 0.09999999999999432, "dy": -0.10000000000000142 }, "data":
[rows 40 to 59 of 60, columns 0 to 44 of 80]
-3.9954023610647744,-6.2068968247401095,-4.1939264999454595,-4.584087531968481,-5.781046385909771,-7.797120713588196,-7.497517938849358,-7.94666546490069,-6.034449616165127,-5.427605731965318,-3.9015878779489164,null,null,null,-3.2644932438401653,-4.060003496478203,-1.105528283603353,-6.86105304005206,-7.571806031758957,null,-6.1654147441352665,-12.354316986006005,-3.925172526530133,null,-3.4402749511469444,-6.692772560620821,null,-3.605357216204819,-4.045152150347291,-7.397618985714509,-10.001557828971041,-12.116298196289332,-9.570542186091862,-7.848586652852967,-8.872313234848917,-5.367213863300277,-1.9401048808265857,-2.9096253524292885,-8.165670758895466,-10.218112728908723,-11.481818767362473,-12.317143379815727,-13.833508570639157,-15.092782624197795,-12.087972034367942
-4.969411261209725,-4.316466376352598,-5.461119412749747,-4.7962260770952305,-4.109134668984595,-5.825653797051553,-7.598278493735374,-7.250351103285865,-7.330911166090614,-5.9550181008993075,-6.186365716572813,null,null,null,-3.451654115669547,-0.6464249320739743,-9.792752398072382,-5.320195821868724,-2.5439133887963763,-8.302329259490088,-9.68377855271309,null,-3.552890215198477,-5.244620680692605,null,null,-3.4996516519885312,-3.596212787404299,-6.214842537247108,null,null,-4.397900870402227,-8.810854590003181,null,-5.302884834818043,-3.652610352116226,-2.2199297559611586,-5.108681938142413,-8.406828117528482,-9.853590013386908,-6.5633753319963075,-13.615841898735047,-14.18773181707255,-13.153236384436454,-13.175828181396717
-3.582209073874941,-4.869540680531611,-3.118405732049011,-3.959591253041759,-3.4032434985299114,-6.715131170549762,-6.136501218116264,-8.133104441947527,-7.818146713256668,-6.541515027577929,-6.098900292036257,-8.008585020623176,null,null,-1.2255622498673966,-2.513355148376898,-5.5394325339607295,-5.30672438718553,-2.6493226657136684,null,-7.570553879643757,-5.998703738285632,-5.708517160077441,-5.969339326611361,-2.963941275699523,-3.845239466851639,-2.8910065150198583,-7.246021892680622,-8.01254993174113,null,null,null,-7.86598590387152,null,null,1.078508795996364,-3.649863079573546,-0.7198462581941907,-5.4191448488244385,-7.13527206306447,-10.469837082724796,-14.219973622451189,-17.836254065991806,-14.539287730040002,-14.585494676964727
-3.266364401328114,-4.120105538437478,-3.4650904521432655,-4.103125202487025,-3.8840089933835884,-4.44965420472561,-6.004573690834684,-7.79805021385277,-7.299011290504814,-7.502150091355926,-6.555633580440562,-9.015588051210194,-7.062498812779683,-4.487309293171984,-4.7159489317475245,-6.728818258051917,null,-2.7186420784379526,null,-1.7827018992905521,-3.8570084462748015,-7.842767620365513,-8.244007114735854,-8.082957319748374,-2.623231456913864,-3.727036678030786,-4.519862650924604,-9.290294993341154,-8.513137324885358,-5.208329256479079,-10.15174547132818,-10.12959945251253,null,null,null,4.3842051777114746,-0.31073793192208127,-2.4830271679688773,-2.6149132959862342,-9.66327830647476,-11.986522787269198,-13.952152114155059,-15.642519952717972,-12.149366946589222,-13.982599540873956
-4.240051082993,-4.2917932169301825,-3.9959028927408666,-4.248036257506397,-4.563742810599022,-3.5550490899545224,-6.17026802129071,-7.259157899675308,-8.291384497639129,-7.988846538629629,-8.785648995727861,-7.7284686337562185,-5.967518733363229,-5.3989622910960975,-3.1749085444250404,-9.05280961783263,-5.223200970294337,-2.3796433051129404,-4.079641093634587,-4.341156367296181,-5.773534214357726,-9.130144067530662,-10.982653683932764,-6.6398719771427395,-5.930500403008409,-5.370246866063871,-8.794384765382425,null,-7.024365619476939,-7.458574031225312,null,null,null,-3.0315713347567437,-1.6485743804052153,-1.0096657365398238,-2.7547440741786415,-0.22685587353924086,-1.2434775700676535,-10.756665948594325,-10.030579434645738,-11.83404030744837,null,null,null
-5.198373709976114,-4.62259731540275,-3.8512879801186335,-4.389347523389139,-4.673899391983184,-4.789998067728708,-4.966925073595004,-5.633101930524186,-8.116892157699905,-8.012107816767797,-9.512479620537068,-10.36301804950318,-2.9725834211917146,-4.624999595789084,-3.726180716367061,-2.9449503818136864,-8.438349432793407,-9.007025931525458,-3.163134297014914,-4.900684246536228,null,-6.338466218443551,-11.187797262680222,-8.769500072831153,-6.255895433059392,null,null,null,-3.398247385624156,-9.909417983953963,-6.091248597354164,-10.484338713910802,null,-0.3594562717904135,-1.1835687273392164,-2.720513701286068,-4.322506537198182,-4.457110165209253,null,-10.113441395484983,-9.729292777912073,null,-11.716307814281258,-9.708618264153586,-6.674818777928054
-6.613052559994531,-4.470648164237416,-4.715827842631469,-4.504327762361456,-4.3131910548258245,-4.064216128546645,-4.634243323007679,-6.079637180051991,-7.481625292832742,-10.6773254000323,-6.893489920165223,-6.876954622845621,-6.92015951516513,-3.0413201618842756,-2.6232782900376312,-1.4424807518994467,-8.49889045430303,-8.916493882340763,-10.629098303720006,-4.364374010011193,null,null,null,-5.049824806139371,-6.04158976051861,null,null,null,-2.9437998139891346,-11.085379338800298,-6.559594942836668,null,-8.123392014587088,-4.26283304274309,-4.345445816305851,-4.803123769921664,3.122918745195885,-7.315724049459504,null,null,null,-6.535982447629916,null,-9.734931476653923,-13.362261312626265
-3.971706562680028,-4.194174242697824,-4.883001334615749,-4.66862418930762,-4.012592641980348,-3.863769016145366,-5.147371762991106,-6.654247211677941,-7.224831088997803,-9.41769744905886,-9.775426898727778,-6.179160776644458,-9.589746428144595,-2.2243178101139933,-4.328956977549787,-2.36584278933301,-4.206843701193975,-12.688735665172219,-8.910730088785787,-6.192972737885455,null,null,null,-3.007626069010084,-5.484445033993465,-6.5743520316167015,null,1.6949902810660658,null,-6.4792422698217615,-6.177193255471321,null,null,-3.4175541990268656,-5.445141207450168,-5.733906439721598,-3.462827654221531,null,null,null,null,null,-7.725511823954432,-13.421570289926848,-10.091009586548235
-3.8247847874173964,-4.614291287333783,-5.518376322092587,-4.839736302865546,-5.5776633273111305,-4.1768135182606345,-4.720409046964853,-5.736215596554565,-6.863397152213506,-10.076650409041738,-8.175064134260166,-7.805972488153142,null,-4.78556375592658,-7.292187399525885,-6.532615785123987,0.4157893925215989,-11.682346078137424,-7.8529628033299765,-9.783780727399805,null,null,null,-2.445379324347769,-6.614054736688683,-8.63132880505532,null,-3.616983568256261,-3.324046154960387,null,null,-7.765967256302486,0.6422020862078862,-4.9807006239877465,-6.910737880830397,-8.164936877297519,-8.098204364298466,null,null,null,null,null,-3.5313583705314397,null,-7.234261459022215
-4.201552381846127,-4.258612666497642,-5.942321978295683,-6.04366422297206,-6.839858506323534,-3.3084511955276117,-1.4165118627833304,-5.758002055359892,-8.524834824997582,-6.710407381863015,-8.091855078002366,-8.79716856555579,-6.8895756551808285,-7.127857205848657,-10.256275870628436,-5.6947288479455604,null,-5.304440376310865,-11.121949772133664,-8.379031851382065,null,-8.31405801539008,-4.549792687324723,-6.337364482657967,-6.70618824955177,-9.849437331741173,null,null,-5.8902196384360685,-8.298714977053482,null,-2.7015189712894623,-3.0901003002691176,-8.210851673593849,-7.172000126155799,-6.2537583436484745,-8.787762217244687,null,null,null,null,null,null,null,-5.148538472005006
-5.358701750562649,-4.131756868107354,-5.951409803950905,-6.326364733685967,-5.667738153861984,-3.2558551230763104,-1.95225533604783,-3.270403920369004,-8.48575436141792,-7.163413425686201,-7.546486796557344,-7.8987489731806715,-7.522204358081164,-10.178904369615811,-10.682760729317941,-10.301519063116718,null,null,null,-7.433252010947715,-5.704472830450477,-9.653364818056136,-9.377805296728006,-8.524363972827167,-5.441037304336378,-8.456422966315118,-7.5189117877059415,-0.4552668348134703,null,null,null,null,null,null,null,null,-2.426994071167481,-2.74612570211487,-5.391821032388647,-4.540000751894495,-1.832918053484635,null,null,null,-7.3695727040414045
-2.295346107735364,-0.8000581167661879,-4.959496162415876,-5.90785256989388,-4.726397228105952,-3.619844787637475,-3.5282561241889048,0.6885274416020919,-6.89135410408396,null,-7.09828989931247,-8.862760732204633,-8.621002289828473,-8.403186602078224,-10.363537340031229,-13.574187051982442,-11.553734916556648,null,null,-6.5286957025662415,null,null,-10.997274124306356,-7.438809727931684,-8.501198217725761,-5.2886875832303515,-6.235438912748361,null,null,null,null,null,null,null,null,null,-2.8488314237612706,-2.8194123503067354,-1.4812146401119048,-4.773293148524569,-5.135899300787597,-0.6114804808536729,null,4.46363763306076,null
-2.629015485584616,0.2587480817011758,-8.655464475233632,-2.032416845488482,-2.338031020661233,-3.3448947547154964,-3.1455203590077887,-1.9918761050120453,-2.1952666677819046,null,-7.199585733010582,-7.768329500356831,-8.456982729079556,-7.554731928252027,-10.74463544188707,-12.390330609555722,-11.920856089790853,null,null,null,-9.868590425958292,null,null,-7.067141590820347,-9.865952751832253,-6.13683465710782,-8.519084869167624,-10.224123545994905,-7.728446978167494,null,null,null,null,-2.2317559086263588,-0.2237655717779944,-1.6178431325570675,-4.98607577437137,-5.101137332757362,-3.2011754422194127,-5.851085722860915,-6.221374008447086,-5.136001372675551,-2.358007606282358,null,null
null,-1.906418305609472,null,1.8863265981518231,-1.6340434338451464,-1.849381962712275,-2.4649780919959308,-2.605637632122354,-3.464523912705098,null,-7.358272154768439,-7.36557284417072,-9.01575794136022,-7.054541155564239,-8.350609430551705,-14.380987398560297,-9.265227339704682,-11.138729287471532,null,null,null,-6.4996968020481525,null,null,null,-5.630999911219889,-5.956617316711378,-9.086894034836297,-10.357127335563803,-7.202177296562153,-5.621817043994881,null,-4.779459605703117,-5.379413675528205,-5.4687291258280695,null,null,0.9215721997726707,null,-7.416441799245231,-2.7497877992571045,-0.8437461916726509,-5.156283649982437,null,null
-0.4818219263272164,-0.7766395646750063,2.19569880825701,0.7087088949737428,-1.2900533766505937,-2.280884117101924,-1.4274269531428372,-3.404568742462127,null,null,null,-6.149523440363087,-6.67566043251054,-8.315163978738543,-9.578796008603382,null,-12.520640888514162,-9.724985899055387,-8.256477328694096,null,null,-2.325662230361145,-2.882315662726512,null,-2.004559803488019,-4.443011073846119,-6.306381777742933,-6.7584129584422765,-8.394342168139884,-7.82253000237406,-6.014313851811868,-6.177410413430122,-6.228114110308905,-7.275281846565702,-7.123892793976295,-5.156100188924009,-3.283646531905733,-3.044296005671123,null,null,2.46270579858229,0.8556287321996728,-6.679712977730919,null,null
2.072751880553869,-1.6636394487413626,0.24412036722068678,-0.3395748460656515,null,-1.3849450569725974,-2.3826841897298285,-2.249917522271738,-6.943457688890753,null,null,null,-5.609741730053596,-11.566145235808866,-9.77486497581482,-10.543307653770327,-12.135517426129505,-11.15246576037233,-9.879248362372348,null,null,-2.4022620241870865,-2.0124991355474737,null,-3.0458597584893896,-6.686273878224508,-8.224241362137205,-7.000226173331187,-7.073240435174195,-7.227191580640999,-7.004498261648577,-6.266295788180946,-8.665332693007485,-4.818250999542153,-5.287854178598294,-4.847500149699772,-6.163691464799873,-4.702059564644697,null,null,1.2113401797233874,null,null,-5.863603852871005,null
-1.9267860442836953,-0.8278316084869184,-2.1164052161697358,-1.7412019504050524,-2.042255890711719,-2.7163826286450723,-2.6648891806169828,-2.7576536673659326,-3.9065563726075676,null,null,null,null,null,-10.751234977979886,-7.10672772036816,-11.88164480512419,-12.282796376758018,-12.276950511777006,-10.634482294911587,-8.485002604646851,-5.260999104751157,-4.792080873666881,-9.420412909641314,-7.397557118633984,-8.42688325598494,-6.883517098781969,-4.192336170231172,-2.868603013796042,-6.109448715008435,-6.775154423671355,-7.677523146699778,-5.9882473010888555,-6.4756917698018235,-5.363128242630556,-6.242792999099409,-5.789623272733122,-5.442894367875057,-4.727426823562238,-3.4509033084665366,-2.831591904956258,null,null,null,1.5418182305340968
-2.8659080401778834,-2.2488698936275324,-2.818737184745188,-3.1053867293109043,-2.7111028613608306,-2.2681463645973046,-3.2409507382309775,-3.3190125057611937,-2.1517620825795385,-2.4951038911404995,-6.689145743853485,null,null,-4.130566449770065,null,-7.91014979574884,null,-11.685960254783016,-11.567593525541755,-10.350394820685175,-9.34885303175665,-7.976326227466476,-13.21040603487956,null,null,null,null,-1.1444979353065465,-1.011175860439546,-6.240261695319618,-6.274403467582275,-8.25129359502677,-5.391823777030618,-5.102487260825466,-7.093433587955272,-7.213259011240705,-7.251499726111157,-6.228184196408963,-5.1557167996713265,-5.35067354166728,-4.49559187839418,-4.368194689864307,null,null,-0.3326174900324061
-1.7926634648807926,-3.6157637160351714,-3.0567993389992756,-3.408526914419914,-2.2540190531115347,-2.47845598275695,-2.324578765618277,-2.7558045000005444,-2.4681743580486497,-2.8239341505735283,null,null,null,null,null,null,-3.335477598425973,null,-11.062784806255992,-10.229462589681942,-9.721792865223192,-10.857151863772973,-11.233095586165923,-8.311874897895215,null,-4.015254702831992,-2.3418530557778343,-0.40129955702968517,-1.9504920369986514,-2.6607825825856626,-9.526612619363029,-7.169365689186318,-5.492273951394561,-5.613795373964441,-8.269920545826048,-6.387920260894309,-9.5871589928433,-7.806160677438996,-7.078712739765054,-5.405141851958522,-5.348715224636746,-5.2546835332941475,-4.683585601133784,-1.4296798315446946,-3.008825350911502
null,null,null,null,null,null,null,null,null,-1.6772495118533892,null,null,null,null,null,null,-4.120309953926774,null,null,-10.412995423260506,-9.836099109647494,-10.996225210864633,-9.67737344751318,-8.160089600789552,-8.80846592611305,-4.89588662318271,-2.4570782911659736,-2.57884032456412,-2.2509413504346094,null,null,-3.3097023044617124,-3.6907833137479296,-5.197985181558817,-7.596940121519046,-6.16322690886679,-6.5903030912300045,-6.823347944525776,-6.26226253324063,-4.756861630542477,-6.1013625904511075,-7.389175694863132,-6.958081666668577,-3.4183765059930518,-4.105873733040037
