public/json/wind_2018-09-1513_925.json
{"header": { "discipline": 10, "disciplineName": "Oceanographic_products", "center": 0, "centerName": "Ocean Modeling and Observation Laboratory", "refTime": "2018-09-15T13:00:00.000Z", "significanceOfRT": 0, "significanceOfRTName": "Analysis", "parameterCategory": 0, "parameterCategoryName": "Currents", "parameterNumber": 3, "parameterNumberName": "V-component_of_wind", "parameterUnit": "m.s-1", "forecastTime": 0, "surface1Type": 160, "surface1TypeName": "Depth below sea level", "surface1Value": 15, "numberPoints": 4800, "shape": 0, "shapeName": "Earth spherical with radius = 6,367,470 m", "scanMode": 0, "nx": 80, "ny": 60, "lo1": 109.0, "la1": 20.0, "lo2": 116.89999999999955, "la2": 14.520000000000117, "dx": 0.09999999999999432, "dy": -0.10000000000000142 }, "data":
[rows 40 to 59 of 60, columns 0 to 44 of 80]
-10.628655375585904,-10.289157360932615,-11.236751073537418,-10.971177632941572,-13.658378701684452,-13.949931225438128,-14.181291221898874,-15.033438594270805,-12.707096779868872,-12.70699963250945,-11.70292195935211,null,null,null,-14.32684652866411,-11.758185529689866,-11.102000750096247,-14.401415327508321,-11.620442589250544,null,-17.507888355196606,-17.369093817388546,-18.32913030730625,null,-11.554653492021194,-14.241777108827614,null,-15.647182981868703,-10.031421983592807,-12.683257238623895,-13.825548891532256,-14.697341989980245,-13.434220145495706,-12.623757602837848,-12.740842962722496,-10.191836837928808,-8.016510134569195,-11.429409115965615,-9.653979547148968,-11.969882317776445,-11.453126901970776,-14.612403189973982,-15.92625079061333,-14.067470867206485,-15.005556642142885
-10.382271444737832,-9.635841847300076,-9.01841909890765,-10.655331075917166,-12.68102872551077,-12.529864954404058,-14.238455784876324,-15.210357148048264,-14.059760633223338,-12.46758925847383,-12.682925813306195,null,null,null,-13.748156936767366,-12.70971878832013,-12.80126747070794,-12.704187871484814,-12.500898842632584,-14.310116841554121,-15.813810193534891,null,-17.887836824582642,-11.098574101056421,null,null,-12.81950224860897,-15.49683462791429,-12.941980601807263,null,null,-13.906473488171809,-13.54962994756384,null,-11.025066564401934,-10.648127014098257,-7.190373017833445,-9.487922241964089,-15.543016691954351,-9.81988633502881,-10.824041985620442,-14.43128467402798,-11.941748420911756,-15.782729212781792,-11.912100601219505
-10.416111137166986,-8.699588949139317,-8.06623793300888,-10.489807239545204,-10.85162402053229,-12.552807282824203,-14.072081101945544,-15.662908234078188,-15.067603105095909,-13.07202025930616,-11.019999056197518,-10.781895531269356,null,null,-15.751787035957218,-14.962573324048751,-11.984969485059215,-10.576476880182739,-10.52681953045769,null,-17.85623287139838,-13.3678680568767,-18.253775935296794,-15.6127100774253,-5.928927172160526,-10.165892525319805,-11.473226054958788,-16.51031762507656,-13.666132217970295,null,null,null,-14.124718127336289,null,null,-9.68520335910249,-5.470806127014054,-11.427682647298404,-11.756927418195485,-14.036413066470487,-11.946879918669175,-11.678409709027497,-14.255755955023385,-11.399658441792516,-14.891140457629742
-10.750363551540563,-9.224953380392328,-8.248483894082215,-8.215649255713469,-9.892763425545622,-11.94895422680937,-13.040639855828399,-15.206761068446568,-15.50100582679191,-14.174565303801751,-12.103020140778911,-13.458254393137322,-10.829793069764259,-6.481843962209295,-15.650438570125342,-13.842599178278302,null,-10.573589802619711,null,-8.088548460142256,-14.368539559490008,-15.61176023536515,-18.44500598489734,-14.926425698517948,-6.640443636365064,-9.871404216937611,-6.268654448071217,-15.37696953707699,-14.712549904345057,-7.97248364640279,-12.332987957183235,-10.294082907177048,null,null,null,-9.170613357370275,-10.783624930039382,-3.6458923699739954,-9.95425537137924,-12.535956068013068,-16.61237375476198,-14.559317781338997,-8.314674954237898,-16.96636800773603,-16.582615208969816
-7.2620386299105775,-12.031208971765656,-7.306265385646732,-7.011632818093423,-9.361909270200576,-11.150769060311575,-12.968347098721644,-14.41364631369374,-15.458143695597737,-14.8180327441133,-13.531345448497788,-12.621577530208414,-13.114628227287175,-7.5549082025653815,-10.176327800002607,-14.171930932513858,-12.039871117591629,-11.361611832752816,-4.5687391358118985,-7.274627706258764,-10.824201354713338,-17.73825487205754,-20.219349865828452,-18.12102289517962,-13.866589326785329,-7.083144045379371,-14.341775983476495,null,-16.676696400466845,-10.36440242087687,null,null,null,-13.703336277169846,-14.260393704795034,-8.292855930396517,-13.133473541270806,-9.930264391187977,-2.7148618613908657,-10.471923369241598,-13.25336299433993,-14.159333071550627,null,null,null
-9.97326917309525,-11.998281042744079,-9.670115506793346,-6.533154148973683,-8.776021391698082,-9.546211380728193,-11.77596879884694,-13.70716428914158,-14.958683536284664,-15.15350856570062,-15.428085655970634,-14.503782311748314,-14.9206783016871,-7.961426178364245,-4.57165566345135,-14.397103659292489,-12.800631000594384,-13.077544185145776,-7.095539585737744,-14.65444979448938,null,-16.22181229924053,-18.793824223127082,-20.221783795819615,-16.79307278552013,null,null,null,-10.96421677441157,-16.233746610329995,-11.908136206175646,-13.69594652840674,null,-6.6291478735745075,-15.637938921384182,-8.343393331077662,-7.403722885910358,-12.65719122595328,null,-8.13531057205719,-10.177720582164412,null,-15.376285024331178,-13.371083212721379,-11.051533005976744
-13.087521006625016,-12.426897966568301,-11.189161405826953,-7.748875273793746,-7.274841178328742,-9.065874109437926,-11.331659267061482,-12.29411276303597,-13.652014869235934,-14.798870533499274,-14.545088670459982,-10.787727998553848,-13.903739728675527,-14.274863762307067,-6.487098741166017,-9.481821209906407,-15.969783038378251,-11.954757028287789,-14.22473254552258,-6.539085614995124,null,null,null,-18.037740418591017,-18.514047327345022,null,null,null,-11.329913673010966,-13.928652332047054,-17.364901020601486,null,-14.947973125480582,-6.437083729129576,-13.028323162098967,-13.117951447958392,-12.61034046303851,-10.801506585172596,null,null,null,-8.81447800725114,null,-14.070485402327234,-16.441109910057122
-11.180504178917753,-13.142707715563699,-11.802250392133585,-7.379268300417982,-7.273971807498382,-9.22469671459254,-9.860599211922576,-11.685490449614322,-13.358636504229931,-13.60223026613221,-14.325062826877849,-13.706374336372553,-10.75419410335447,-15.095300190357246,-7.073558888033252,-6.578352361618053,-10.524864763158945,-15.698241687420067,-13.242405352405386,-12.220288780737485,null,null,null,-15.80737024621877,-17.87794263106272,-15.815877723304615,null,-8.962700256416287,null,-9.842227688320357,-9.072332677455016,null,null,-6.054909717428527,-11.438186533807537,-12.921940786111765,-12.430652521938391,null,null,null,null,null,-8.086125088732679,-14.245040572054272,-14.201481209217853
-10.870241589011346,-11.893213360787705,-12.333679106326032,-10.230739632731098,-6.4449531839555165,-7.044577660436355,-9.714928480463554,-10.871110170517966,-11.72721634589588,-13.031154866217674,-13.178053671242472,-13.886119629635845,null,-15.292224024461198,-13.612640026388181,-7.703732618393458,-4.985419247277416,-16.5895085285821,-12.822600009286944,-14.753625599012297,null,null,null,-15.522372894838528,-14.544142423595401,-16.78645603822569,null,-7.359269748941063,-8.904891711234622,null,null,-10.508639539869435,-11.909208292359722,-8.821351917447094,-16.892481320927626,-17.234184600921783,-14.521795469017592,null,null,null,null,null,-8.089515557119114,null,-14.299870532316703
-11.637371065378758,-12.113029973297593,-13.00345108565741,-11.980303569384528,-6.823444907437725,-6.247554468881333,-7.397901892410475,-9.960081306846691,-11.4628904146108,-10.910443958262668,-12.094477883720316,-12.984280912153459,-12.860994809544291,-14.755981918170235,-15.771481606084295,-14.272934224518316,null,-9.755965105787133,-16.781559422354125,-12.017796840918137,null,-12.229913535006153,-13.178126529819894,-14.890274239837588,-14.949691459766875,-16.563914019414128,null,null,-12.012647835071839,-3.171761635092774,null,-15.0367091400686,-17.54766302900225,-16.827310938414065,-15.481104742800234,-19.06642705059417,-16.73920947425216,null,null,null,null,null,-3.9122676677071953,null,-11.584574832333676
-8.964430422889274,-13.2042063782633,-13.048345046992585,-12.530266605498657,-8.765854635906718,-6.519173421430681,-6.243815888529812,-7.409207326017865,-7.656676225387435,-11.463066375131639,-11.047713205880756,-12.140689335332603,-12.954438729412416,-13.400274399640674,-14.691714196893198,-15.333539843994188,null,null,null,-13.910808390469168,-8.396300878942426,-13.812439012811891,-14.674591667016411,-16.641745229223154,-14.842207541958023,-15.46353919410213,-17.424303220621468,-10.935243864834796,null,null,null,null,null,null,null,-14.951240653844245,-15.046189764219093,-11.828528172681498,-10.81180697144693,-12.887141976997768,-10.011970459414954,null,null,null,-7.126475500318024
-12.073366426422856,-9.528897366807984,-13.050522473136924,-14.07787782752223,-8.920602927035405,-8.195164052377065,-5.079824107992364,-5.0570998982945286,-8.786343493096235,null,-10.949988707133732,-11.092606753048274,-12.771832408348315,-13.056319632231002,-13.496262092435279,-14.209945441879261,-12.911683160910783,null,null,-15.35989356089445,null,null,-17.62420052357488,-14.098913132991104,-16.06815012556671,-11.089505617173906,-14.174954870769994,null,null,null,null,null,null,null,null,null,-15.753740940624748,-13.754260301998103,-14.531580504707982,-14.01600173850224,-8.277622890972971,-9.345712596883262,-6.60016259094059,-5.69718441119644,null
-14.210544845363659,-10.659062387506594,-15.436178160988632,-12.700357358384606,-9.370511213126395,-8.087805754856753,-5.100284210700349,-5.733877601147036,-7.103812076880402,null,-10.269479159170736,-9.369833742791116,-12.157423674760944,-12.92538005838879,-13.44011025807383,-13.98520936407836,-14.833314559223405,null,null,null,-13.520327166364826,null,null,-17.08008967471147,-17.728192164185913,-16.723023748893663,-13.135753860305059,-10.466970674794362,-10.399772554479352,null,null,null,-9.28724097752779,-12.95092996565822,-10.766477078912324,-11.884952887486849,-15.707767774442216,-14.689444076552201,-12.784526148869846,-14.62801422509708,-11.226661454303231,-10.988976800675458,-11.698338988936975,null,null
null,-11.463611426130186,null,-11.561753973585038,-11.457396800108882,-7.736443406436152,-8.335670304795146,-4.395385239089309,-7.2974443649214535,null,-9.610137913806664,-11.222962098575232,-10.053687536496415,-12.192145631814405,-12.884985374789483,-13.33020343693218,-13.647577405588278,-14.269745813102578,null,null,null,-11.86643149480146,null,null,null,-17.7927981892654,-14.040732626284395,-11.868920773570045,-16.041408794928927,-12.948605874426786,-11.680665423732865,null,-15.407806350590723,-14.657658435266656,-14.544030208781553,null,null,-14.50000607562857,null,-15.868821478666128,-15.374222707539417,-11.719295025394704,-11.114361994283957,null,null
-9.381492638484936,-8.765584589005691,-7.8046363593857055,-11.590164664029537,-11.868676613272063,-7.630316129067795,-9.06350296848885,-9.253711925760106,null,null,null,-9.697564229439879,-11.299830615669972,-11.511039397143817,-12.678166790395505,null,-13.627180372751608,-12.222179289702359,-13.481839164440188,null,null,-15.87117396324016,-7.983965470103408,null,-16.276427214969498,-16.529358627629477,-16.05487666311359,-10.543450425640476,-13.4599668243352,-15.958891232658036,-14.182449473914751,-12.139792612167792,-15.903384832141407,-14.871788308895741,-15.024765844054029,-12.794151013802857,-10.156636268629487,-11.82273513270377,null,null,-15.120138459112926,-11.9319367647802,-13.615798992952087,null,null
-9.734478704489852,-10.796105193382779,-10.122929197655019,-9.28147963959941,null,-9.983919124849423,-6.053962089369927,-6.977032413750039,-6.401132306817985,null,null,null,-7.48725921582985,-10.817454736383894,-12.754496541029422,-11.080547334898897,-12.12556581330935,-12.991606996676282,-7.812156430091985,null,null,-13.778368015857714,-7.423963491988461,null,-14.693437563015898,-16.170647777593263,-16.835461410519653,-14.180858552953518,-13.378209776275249,-16.050441216232926,-15.590048912056382,-14.155855941649875,-16.380887689537765,-15.861760185157838,-14.430257913538309,-14.837824006662085,-14.243795275147653,-13.914185361661712,null,null,-10.924470094434994,null,null,-12.923099492577256,null
-10.400910003992138,-10.510953710840306,-10.471634687017481,-10.638133661713445,-11.473042100320436,-11.298763245688669,-7.41710000464889,-3.77210361087301,-5.774768602980664,null,null,null,null,null,-14.454743247339461,-11.285941192075484,-12.784288579627983,-13.945117213646608,-12.165674175280742,-12.998165757100287,-11.814797074111185,-13.736888453652336,-12.95852602370178,-7.004908343349977,-16.947466055036507,-17.1679651133785,-19.0097371943414,-16.009614086682213,-11.496880867080165,-11.471291430285103,-16.69643698222845,-15.637872552862271,-14.856158880986271,-16.512018167565394,-15.19124479960347,-14.672600390610995,-14.477080854480203,-13.403339763107768,-12.105938808355011,-11.139843650105107,-10.068899479842619,null,null,null,-8.688091929309813
-11.385859465573043,-10.88662520986002,-11.117117369262525,-10.469119709046774,-12.19755854004018,-12.649630312949183,-9.528267556594919,-5.189382376646167,-2.7201716020340267,-0.6088060281644154,-8.951031384368711,null,null,-13.058498347049047,null,-15.118912141083742,null,-12.120833614817611,-13.48566455474576,-12.546419453801958,-14.280683043892921,-15.162858551843254,-16.347754893485643,null,null,null,null,-16.509316533515253,-10.408237124508787,-10.099019122073438,-16.31386522537884,-16.85755407674476,-15.339055483488595,-16.300515064585277,-15.829845727900276,-15.338836777632643,-14.77156955338918,-14.217570435514277,-12.26471925912514,-11.31227961037822,-9.70856097584702,-9.482076333912222,null,null,-4.666135017463759
-8.130755163781643,-10.887408179575162,-9.313116297232963,-10.325741466073438,-10.064755584335854,-12.054509139448125,-12.542514737005655,-9.777037710434795,-4.955790051702595,-0.20978642592830735,null,null,null,null,null,null,-11.958548153190787,null,-13.484717731001663,-14.497229832377911,-14.432081880754401,-15.441088618500324,-14.606544944605364,-13.704468077506007,null,-12.877484614973799,-15.080380754592866,-15.130987567228958,-11.782750770860881,-11.404713524849498,-17.691020012603,-17.478549964647932,-16.039444838424735,-15.777028365446789,-16.745270654926106,-16.004413834765323,-15.552366457964359,-14.52623654686034,-13.537824703994417,-12.14998765395426,-10.356220905669554,-10.188043542792286,-11.9122555762197,-9.185264783429474,-9.292389165223867
null,null,null,null,null,null,null,null,null,-7.093305632275749,null,null,null,null,null,null,-11.628841331729582,null,null,-14.605221498609502,-15.26247180756771,-15.4830782537792,-14.860064889849285,-14.968754667475894,-13.749346341640878,-12.604804646308947,-14.97466682730504,-15.465338333160904,-12.500168826815337,null,null,-16.38128771492722,-16.627157335252267,-16.14979705566506,-16.981019324887622,-16.036898657600016,-16.46394708306631,-16.063041060544155,-14.851271822048373,-11.663755700358008,-9.769279578715606,-9.81796559415342,-11.55084318589223,-12.264469308028648,-12.308734613045324
