public/json/wind_2018-09-1607_925.json
{"header": { "discipline": 10, "disciplineName": "Oceanographic_products", "center": 0, "centerName": "Ocean Modeling and Observation Laboratory", "refTime": "2018-09-16T07:00:00.000Z", "significanceOfRT": 0, "significanceOfRTName": "Analysis", "parameterCategory": 0, "parameterCategoryName": "Currents", "parameterNumber": 2, "parameterNumberName": "U-component_of_wind", "parameterUnit": "m.s-1", "forecastTime": 0, "surface1Type": 160, "surface1TypeName": "Depth below sea level", "surface1Value": 15, "numberPoints": 4800, "shape": 0, "shapeName": "Earth spherical with radius = 6,367,470 m", "scanMode": 0, "nx": 80, "ny": 60, "lo1": 109.0, "la1": 20.0, "lo2": 116.89999999999955, "la2": 14.520000000000117, "dx": 0.09999999999999432, "dy": -0.10000000000000142 }, "data":
[rows 0 to 19 of 60, columns 0 to 44 of 80]
null,null,null,null,null,null,null,null,null,null,null,null,null,null,null,null,null,null,null,null,null,null,null,null,null,null,null,null,null,null,null,null,null,null,null,null,null,null,null,null,null,null,null,null,null
null,null,null,null,null,null,null,null,null,null,null,null,null,null,null,null,null,null,null,null,null,null,null,null,null,null,null,null,null,null,null,null,null,null,null,null,null,null,null,null,null,null,null,null,null
0.879492774050221,1.111028275812299,2.847129113480445,4.725497491560252,4.779447884957964,4.8636101635508835,4.605319602185334,5.933352282486872,7.317282105206365,8.090473221391871,9.796852258719312,10.940787123122387,11.296208443175779,11.439733289584057,12.100636429438097,13.236384289580698,14.497139844606469,16.139540580749724,18.340860106008158,20.153532608635835,21.929756825920947,22.910571672362266,23.365052376630477,23.985782882979347,24.43060188379997,24.880043429650875,25.68123782755935,26.55910953674996,27.294695458537795,28.098573701003414,28.79909630730272,29.703525983608245,30.272044253464042,30.76018062439645,31.234652864632857,31.64176801251378,31.890805372361125,32.097365800301695,31.88479667189086,31.452236991228983,30.724839448556352,30.199950143249175,29.794726358666683,29.261800048439024,28.463354287972834
1.3844530335546508,1.8849408581061533,3.275503829114416,4.496403123876763,4.235979378357525,3.701271318184963,5.047739209248504,6.185498665164191,7.714095705206329,8.290452738758756,9.901340655482189,11.544029255025125,12.614492152684607,12.700124016989152,12.974582162562488,13.727519212024731,15.121879582594,17.02662107213532,19.121905882669964,20.739856405394832,21.51204024205025,22.65883425896427,23.667963845684124,25.53443713443591,25.426306638486313,27.024811402728325,26.488653945925318,28.366215112468737,28.29840308727386,29.869469971853164,28.318665925587318,30.872628974445455,31.67561304029702,32.807115363088755,32.43010661888464,36.06154897520798,32.51941236405378,34.651326215075635,32.49882844259682,33.90817444674348,32.26612693233475,31.111417734095554,30.121398005792557,28.82673233485886,28.70707003102807
1.3180219774926993,1.4811640853217747,2.294773326035926,3.5552641256609423,2.4565503126722534,4.216178518470117,5.361403630152236,6.660388578894864,7.755428442035468,8.617634129398768,9.693181677337831,11.483756431168375,13.3642446199378,13.618572982420533,13.452878172438023,13.997946594222135,15.413441691883307,17.02560382735863,17.887169503800063,19.617062814702567,20.598748265103428,22.660031779278725,23.684496844383908,24.529784696906155,24.829295254344423,25.94271514985884,26.657393421846322,28.218084266229802,28.329494350554143,29.58521183534417,28.49236269244977,29.35489619605503,32.83183163921122,31.15259037945033,31.3869840851565,34.03775611043126,31.765617369197063,35.06802580117089,37.253023406046,33.104310785577916,32.71386249609853,33.853635930333695,33.070018344266536,31.34468014904813,29.43524576484716
1.593474939406964,1.7495243681605994,2.0255707746824276,3.606722028827344,2.5525859136994438,3.888736172481938,5.396730494411614,6.73067200351683,7.514718054046332,9.616416459861915,10.744038271003614,11.43296354155251,13.51506418071735,14.316608193799333,14.053346483777746,14.579556652625907,15.052254479076394,16.075489119974957,17.813543490365614,19.052753515697365,20.419213560507306,20.785657941350916,21.525123991727238,23.16041392787049,24.563481244505986,25.392181590502734,26.261576946489672,27.09037412989583,27.743643610682,29.214546938960194,28.11158503671612,30.344641826479155,29.997994762546526,29.82548585788519,31.145779121327262,33.09444966524807,33.412391454086894,35.74876853752849,36.36636268352161,34.20144359609257,34.02029461136789,35.07304808930143,37.55815989853363,29.491865787727747,28.510287063257124
1.4660534177333426,1.5583832148094714,2.166099807154694,3.0740950181107976,3.017972147790136,4.425919721622595,5.741017027341054,6.889246854071488,8.221447508687406,9.467632755347408,10.662544176242356,11.819067002434224,12.897712408030017,13.853953351414978,14.267316886881677,14.522954807290414,15.129009701227066,15.64721644380068,16.908021804234377,17.52311866903745,17.757044202632137,19.15574396804417,20.548842340956192,21.668947967084037,23.07162676734044,23.976935633980844,25.23283039374035,26.121520319193202,26.825916491094127,25.961755792812173,28.49832498952424,29.472650987694017,29.14652235728379,29.8044554409673,31.10835842513547,31.933387571418123,32.95105634439764,35.54845155214404,34.83180696819721,33.32901916557828,33.260882205888585,33.759850848131855,30.132284948214675,30.11134953722565,31.26579066893919
1.042964569653207,1.8066569153848238,3.27284934265569,4.258806603457676,4.543732841823247,6.048544628780424,6.972472105835681,8.036702285033726,9.026495281191233,10.309606340492332,11.525562168711604,12.188611027294971,12.903263893553362,13.834877665649959,14.395939624672218,14.729750747069806,15.523206124423293,16.829359866718093,16.604058597910004,16.14696674008833,16.72415982007798,18.084929754981285,19.053109874220176,20.619894175659198,21.835852687283527,22.86973650536184,23.28390039996694,24.03675363932154,24.497112807241628,25.658852215251155,27.944343481181782,28.229141515176238,28.99536763122119,30.736827789035225,31.710846523243344,31.628134544515124,32.92294522414858,34.2961831916201,34.18903656652455,36.129234076026975,34.91794399842904,34.23589134154831,32.67992316214921,28.77935028175343,30.17034461019591
0.8504486240699181,2.26507759663642,3.876623184948734,5.509936864460912,6.235224203320126,6.6965005185744175,6.860461768099037,8.017415592536134,9.094971210719212,10.2636027236669,11.501883952543146,12.47189440983891,13.241305822425948,13.865123339882603,13.934518377654243,14.205236812357356,15.64481402984402,15.54305470333378,15.138805644315951,15.446302911788822,16.910383527338052,17.784258649572827,18.29507290221119,19.622169291476755,20.799135905673033,21.650236715448397,22.26657109068087,22.761102262890343,24.691129095698486,24.764520511468874,25.58938080888973,26.48013258980622,28.6902025824647,29.881114853201844,29.396509342003462,30.956917516321326,32.74964440486425,31.599373858148475,33.23787519029595,35.09956633370021,36.295843559913564,36.0473568348151,33.94200023545395,31.19071239553783,27.252108251921516
0.3156978747739311,1.9369322017011827,3.304880220093157,5.670502947107475,6.596212045495316,7.2388253932393365,7.549595831414207,8.027492100345277,8.508093943650294,9.987051157716177,10.923284637821798,11.931031264837285,12.673284694367522,13.387526361959647,13.712125256504326,14.325412740247925,15.385643746943822,14.840993374462737,14.425039146335902,15.480886127486835,16.61958132387223,16.946255677939355,18.09481156946868,18.73065726141658,19.02863532511898,19.58781409043872,19.54307491155815,22.517185173821122,23.8604868314257,23.675437042638066,26.01548781037846,25.73208671388596,27.379709655839143,27.019850087891314,29.070791968910015,28.973514807927874,28.676800904991524,29.540954673357326,29.155027550104027,27.69154655062089,29.251273509381715,31.186652607619386,33.54657703367976,31.721458319510198,29.540600291177626
0.22600128289870705,1.6588093414144005,2.96909550943962,4.492749828770969,5.775198674808527,7.00331079392692,7.765976497186288,7.798306201957575,8.46446551191802,9.793771383735821,10.867805427950856,12.032122255085364,12.047597197733959,12.538009043515064,12.835224115477562,14.744754881861706,14.864963096403262,13.874436856972197,14.392919986011755,15.406336246924553,16.0164719037386,16.67641400780629,17.00468637913127,17.118287781173436,17.54839226330692,18.45089457653031,19.177153516407856,21.89258703490954,20.781301480617053,20.934669300691098,23.07955161189565,25.075653575878302,24.888990765875526,24.239114481673887,23.836097746249713,24.525287679526855,24.51547407189903,24.89318599292894,21.99099146447663,16.69154367667274,5.809203504290295,5.497203801319834,11.406520359104608,19.773309444508694,22.315032412081784
0.1784042609421139,2.3261139634308594,4.795205669688561,5.864642427444955,7.077506274351359,7.786603122557171,8.323227595433792,7.517470718807667,8.749175173775466,9.470535478540107,10.327182678704338,11.587623561740381,11.582407010039205,12.001582217138278,13.157260137841309,13.835692312555143,13.76636799721096,13.769856503172933,14.491067618363768,15.63410431979664,15.631900960100358,15.527331510094884,15.92917627721102,16.479229504802408,16.036851013672443,16.57163017619562,19.073273754906054,18.39341990009732,17.131868934376172,20.264154305817858,22.724051623545737,21.986045886772136,20.80951544776977,18.274534086967712,18.0231878329964,17.9258439279485,18.680105563629798,18.97531395831546,12.244323917775265,5.72275691759647,1.431247786489373,0.41422269002407663,1.910064525611999,3.967485183194816,8.062439174305373
-0.0005048115621063029,3.3506121731516276,5.619979123762677,6.66715431932904,7.569333372297705,8.280849279941313,8.437753330716003,8.24309941638213,7.860986055004579,8.886683662292603,9.105083873926393,10.089570326608767,10.857349123803184,11.543729978632719,12.616280282177158,12.790062256905042,12.28402091320815,13.257500524689503,14.134334769420962,14.560717414150911,14.294680747527437,14.185713164347376,14.490438551896819,14.980073771689346,15.249416155730732,16.792041462615746,15.57085995163602,14.680868378382959,16.884476835765295,18.314823492322805,18.035453372073352,17.615049902178136,16.141172633195797,13.99573720368931,13.94536092565079,12.485950267017891,11.402454444520266,11.490695421666963,10.049894074433015,3.3519845560107897,-0.6577718520189563,-4.507726363949706,-3.6989993216247377,-2.6066775100044377,-1.5158036791061558
0.48753149255678646,3.421703557488352,5.1885883949373195,6.286808533037536,7.123406260589537,7.920135983500341,8.0984290010311,7.9768296167354835,7.592793440446128,7.000168328136757,6.347203347968821,6.607528863276402,9.918244108629423,10.77325511690279,11.030836398290926,11.064508280298446,11.937666827362431,12.288596635916498,12.75325268543877,12.758855209645144,12.717016512594832,13.41324793935858,13.670701104866573,13.710246037571459,14.365804340882129,13.668354090791198,13.716649269073335,15.166582589760818,13.725265766583792,13.95723754233006,14.537845218006144,13.636754136959949,11.991592009927611,12.174265426821094,10.93561001616737,9.941648148500985,8.476025938014429,6.624378701886872,3.959811014570863,0.8969973059874854,-2.807289845278683,-6.278109110731343,-7.166853746507251,-6.088657977103756,-3.7121100583617777
1.7450024164923343,4.401775178264227,5.594265806081918,6.655795830377951,7.247168159149734,7.814472794195706,7.915166138494575,8.140757418919456,7.597521015443975,5.617495888043404,3.915977306289928,4.593254513463779,7.385845040632794,8.781317403545579,9.39538004457867,10.243125682520073,10.406092573930556,10.930381313957252,10.683726971689879,10.549454032323748,11.089868631651562,12.337311357615249,12.067125298000853,11.957216838953027,11.00855112123136,13.411781295062175,11.76841092141509,11.388997122574716,10.070670513476053,11.996055469944341,12.311720611126058,11.55612218118766,11.373874755051897,10.25547709429582,8.782287416527122,7.691648196811368,4.956971712415982,1.6181165231235892,0.06798207864066348,-3.814640113184337,-5.525872714981291,-4.8617220778438925,-9.334110223767286,-8.534347759559662,-6.3462398350964015
2.7322958311318426,4.2726625371274904,5.6221338016068945,6.3848970686084705,7.258301445581366,7.732183708551718,7.548325986309827,8.104251637679,7.066274574261817,5.157124100071384,5.148058498578996,4.765748710207295,5.766832040315467,6.097531467001976,7.6762402926388145,8.06615385880954,8.49726227484901,8.610023031298537,8.56125480251261,8.633509527975901,9.581338286968165,11.466445735923136,12.128871624883894,11.50820795575034,10.972893470001912,8.906897461683549,7.298779924069681,7.865286622310529,9.254524063500032,10.197367531182008,11.196149481811732,10.223200681641977,8.912012371284364,8.94444899757799,7.366083740755231,5.406194459305211,3.902949177823895,1.7295481784491222,3.1864699834693786,-4.150950642166485,-6.340510679585674,-6.780062367447692,-9.776951393351048,-10.115604250527785,-10.12388034863162
2.9006267662182212,4.01789568282595,5.032831779406548,6.37850068740781,6.945446176340779,6.940887602272312,6.9988849999126215,7.05913736956343,6.602211372999103,5.902930472252618,5.2766231284450456,4.788154284578587,4.725343455929488,4.577115744506235,6.275058505860486,7.165604165977759,6.949931207351938,6.2205706443898805,6.286484721404369,7.070607373123881,8.040357225903705,9.06017008674846,8.52708180912186,9.475450998627979,5.01752073338659,1.7128446791168048,4.985407057027963,8.160201133126495,7.603328259782334,8.17935583358768,9.357039362881753,9.948584751939082,7.063127381220241,5.797049527567599,3.8350359688487767,2.5106688619770194,0.3141983949301745,2.844234294885074,3.354346665889165,-2.6167647227927353,-8.180006201898252,-10.056399132677164,-13.875377766225906,-13.667636571739667,-14.280077136821422
3.3468606138839436,4.133179508323665,4.876657947304279,5.311015856329721,5.590679383426069,6.274861562734711,5.798465269107076,6.0173124452946105,4.311028119599717,5.49344076478077,4.171221454005763,4.3642212014556145,4.81190611215957,3.9820606199382764,4.370712794853132,5.1263145321634305,5.583154709825651,4.031289331226674,4.078037840058689,4.857193060489463,5.651001325772302,9.992696457191697,5.582362833838986,4.0598421388004065,null,6.570862377996306,5.724935688285517,6.292037698077811,5.997608144498087,6.913111805728943,7.4947399646544675,6.3317222498540335,5.217722916438973,4.70463883526376,1.3084484675895718,-1.3120926209000316,0.7738589532226828,1.7640042833129068,-1.744879505256317,-7.279680765480293,-11.532802012434638,-13.65179451195743,-16.73313523402188,-15.372482219531307,-16.095680319643176
3.2812832461253354,3.7020737034986144,3.7909463503768626,4.869170964129101,4.277105368864795,4.155845068722239,4.516659063905844,5.98943725853437,4.720688553796718,5.338965547893219,4.260079478626214,4.54452808963784,3.8564251384887847,3.528207361679634,3.386912623665318,4.032135231696119,2.9180293413458727,3.1598258913096107,3.6830556809404333,3.796973352522892,4.318601716721781,6.429650068064283,2.9320014271948116,3.8374143729822747,null,null,6.268452181016539,4.141725871294525,4.130471476136854,5.584154188742255,6.325487472711979,3.5440060466327905,1.847901137404905,-0.9571310179650572,-1.9571661830695846,-1.6854181974325455,0.0653572057458589,-2.54512117570933,-7.355034200426681,-13.409772567737596,-13.7762866429179,-16.60052886690752,-19.17667140711356,-17.9619701117798,-18.741048390684696
2.470696832713919,2.7518403862988454,2.9215077144811303,3.968778134531199,3.2216435208279774,3.0219778260674675,3.462848412102323,3.6727197034618255,3.6989010256134285,4.534726818535784,5.029425818250058,3.789470828216298,2.432675546695079,3.7301056514210273,3.2660526722263525,2.5308563100910333,2.1103089539048083,2.4550654568075094,2.4861520880808308,2.7054713474412315,3.388116681835493,null,null,8.265201375383784,0.7873678156892293,2.3566854086614395,3.8707785706496325,4.721324149092645,4.900280432092171,3.049400503956023,4.067989200196193,-0.9473554269157769,-3.676882194253503,-3.6149637969724697,-5.143134270216879,-4.432660769934988,-4.627985911256935,-2.4278520545038043,-9.07368751350327,-15.296058321871474,-16.481277482218886,-20.524675386575982,-20.730264006547955,-19.809708286507874,-21.395419260281628
