public/json/wind_2018-09-1519_700.json
{"header": { "discipline": 10, "disciplineName": "Oceanographic_products", "center": 0, "centerName": "Ocean Modeling and Observation Laboratory", "refTime": "2018-09-15T19:00:00.000Z", "significanceOfRT": 0, "significanceOfRTName": "Analysis", "parameterCategory": 0, "parameterCategoryName": "Currents", "parameterNumber": 3, "parameterNumberName": "V-component_of_wind", "parameterUnit": "m.s-1", "forecastTime": 0, "surface1Type": 160, "surface1TypeName": "Depth below sea level", "surface1Value": 15, "numberPoints": 4800, "shape": 0, "shapeName": "Earth spherical with radius = 6,367,470 m", "scanMode": 0, "nx": 80, "ny": 60, "lo1": 109.0, "la1": 20.0, "lo2": 116.89999999999955, "la2": 14.520000000000117, "dx": 0.09999999999999432, "dy": -0.10000000000000142 }, "data":
[rows 19 to 37 of 60, columns 0 to 42 of 80]
-12.128019841936823,-12.609607567177138,-11.891191333884056,-11.229084493608335,-11.041876629430696,-11.454476792546647,-11.620924507772939,-12.336640515776507,-12.651269666202246,-12.76968194604984,-12.934783796150443,-11.869648922307054,-10.725263188104595,-10.55825903515906,-9.534337210689653,-8.48107940588762,-7.845279632324868,-7.394537928427375,-8.144224108615205,-8.205515378750984,-8.598191237058122,-9.904669746036568,-9.583463391290119,-9.460638429810707,-9.030439686645114,-9.572263536650782,-10.400560342539297,-10.689382519319876,-10.788655574634396,-11.980125843079193,-12.402556957779485,-12.530216939149462,-13.417685475621079,-12.972695125511732,-14.653275615701542,-15.375470317701861,-15.34770446651983,-15.543106378597482,-14.127143200289394,-14.100568080818674,-13.673694967689359,-14.280380505532886,-14.503652012125293
-11.792471540638024,-11.760638252797499,-11.609847739902696,-11.067746325570694,-11.289515126999595,-10.50444141476699,-10.992843472190874,-11.431502951226514,-11.783093440387649,-12.19318238511386,-12.393842466750574,-12.114860619188297,-11.28498931129482,-10.17307267646011,-8.893585881356241,-7.893962102481991,-7.08932705687465,-6.837015420379963,-7.204641846807518,-6.630791994306915,-7.3716938672693235,-7.644679945373214,-7.521477697874424,-7.500726926028702,-7.9848458204987764,-8.615933291868865,-9.175473317499334,-9.989307128431744,-10.961567965817077,-11.059554647484232,-11.75178546471028,-12.642420398983015,-12.612753035311512,-13.82986860126038,-14.599743272084064,-14.990032842740826,-14.889604083287136,-14.381152269032984,-12.775499426895628,-12.060436166196599,-12.72085436588449,-13.715107322954012,-14.05403081503061
-11.396683612393707,-12.107176673627073,-12.19131376440392,-11.937368163236497,-11.510719539764933,-11.66701474483026,-11.720244171983099,-10.909675957522868,-12.566648374288901,-12.536058274645194,-11.53284610663731,-11.68922976181797,-10.798961591371844,-10.40978201611807,-9.524033697722645,-8.792131078701043,-8.318837127745212,-7.841575504090158,-7.1264281415865955,-6.239723170304725,-5.954566257774935,-5.583861727659505,-4.7943937864704065,-7.1592374895724955,-8.625520040649484,-9.87311253831891,-10.272905988745492,-9.556811622615664,-10.15660669479393,-11.022784519207901,-12.140518200060754,-12.517363292016304,-13.094217028680704,-13.28891075885603,-14.101142557384424,-13.714339306766211,-14.419357173000558,-14.172564872938308,-13.464563514135133,-13.699879547320402,-14.691146413467582,-13.822474483004497,-13.705784680827021
-11.812440343250975,-11.316680966009821,-11.40173004853181,-12.055225155455583,-11.390719526239002,-10.765709439001107,-10.684995437984607,-11.949370576870782,-11.923047335120684,-12.111785742494138,-12.05391366676974,-12.181284749081442,-12.004748078225543,-10.839726696871836,-9.769989583435073,-8.9377950796903,-9.436483432903112,-9.507481039857447,-9.05902953417938,-8.464896146098816,-8.756981747673246,-9.412368186835277,-10.511313009575106,-11.155276011081222,-10.45719015649762,-9.08539633394036,-8.569062154671364,-9.924232876669462,-10.121172123232338,-10.976439261587268,-11.086897213002922,-10.813112609232348,-10.839726592512898,-11.828814001932114,-12.608907048554368,-13.16309376903844,-12.610420022225309,-13.514612052232104,-12.783821225697537,-14.077048932359531,-13.816890669173736,-13.39060174596232,-13.220311957580183
-11.702501303923668,-11.77500565415549,-11.780919019957755,-12.130180944842484,-11.463774994197854,-11.014284617622097,-12.256384632819588,-12.391342764571927,-11.778952700997692,-11.711628056888527,-12.500358962401052,-11.739795878050543,-10.706438221074466,-10.287259803647508,-9.641462157710311,-8.890071212224036,-8.083845004633732,-7.655960124677895,-8.7256209992216,-9.14436619796901,-9.389025447455067,-9.764368275860488,-10.543076485584212,-10.282114014081685,-9.77260643780578,-10.631421121078997,-10.091677253635014,-9.57888112332042,-9.718062591144529,-10.408050217109716,-10.498329382788505,-10.561571833301176,-10.20812628828406,-11.637767195319944,-11.607090909761782,-11.080753793076164,-11.068162506056881,-11.739149661585524,-12.961456003228275,-12.860021309451932,-13.080087978903904,-13.984139453739864,-13.592734670491389
-11.838536529994919,-12.132293484403684,-12.06363667324917,-11.926908880991949,-12.487035084120167,-12.721750379449734,-12.175451306032423,-12.67503013949658,-12.49828722063345,-13.269502460721716,-12.975392901279523,-12.754934596202862,-11.434449583941195,-10.148959667739716,-9.00867914637471,-8.028461362036385,-7.633507666114695,-10.301430096495263,-9.17538349959317,-8.434798086078905,-8.642398574852301,-8.295415726754928,-9.325666260008154,-10.822348215861533,-10.427881021332272,-9.798954367073842,-9.791972155207116,-10.369090439661798,-10.582028273807552,-10.50448627004632,-10.36919200244803,-10.028098260971673,-11.361617571812491,-10.846900817073635,-9.99843528588175,-9.807699750245959,-9.216582017462379,-9.944077842578958,-10.6532301559606,-12.02427725984893,-12.667097431180693,-13.09510790006108,-13.563455724901466
-12.180109797078611,-12.034142230792892,-12.439327825157623,-12.511314930756164,-12.872014693120487,-12.579653647788106,-11.916603319550283,-10.844869943447826,-12.47062668783438,-12.4231242538227,-12.794560534819855,-12.640508359011747,-12.042305849727548,-10.497957081440024,-9.358909449937931,-9.66703821446923,-9.685632472789349,-9.114105204188503,-8.533118643895117,-9.885798022163826,-9.897111923769833,-9.528395195418767,-10.351216511572762,-9.626405518250978,-9.845629250651678,-9.379653869212596,-8.973997137608505,-8.867507172399762,-9.410305006873717,-9.456194704112376,-9.956441987243721,-10.170748081596837,-9.371846259026713,-8.567399335243136,-8.856476310125188,-7.662933615449996,-7.508983353445867,-8.641825505322405,-9.905138699827068,-12.821905451230593,-12.993365330372825,-11.813723335190058,-12.053973262935024
-11.751729437875964,-11.919340717944168,-12.286277646546859,-12.777248339734722,-12.593652448211303,-12.3584133829047,-11.961144180951216,-10.146492391074235,-9.287889257711447,-8.617359730348596,-10.372763841521156,-11.692888513796417,-10.775302639076319,-10.028975418129981,-9.83140140877183,-9.22244510607126,-8.8224639380029,-7.822595757807813,-9.364931345302068,-9.128503357053972,-8.362565426593846,-9.455277271031683,-8.961874887188532,-8.303190413452171,-8.62035233685909,-8.527854710091358,-8.770040517185208,-8.83360560729877,-8.676032472639951,-9.175506821177867,-9.315976708427316,-8.99365499000912,-8.177038941404291,-8.278159763116161,-8.09521687711867,-7.192516670528752,-6.572275533087168,-7.851833509564022,-10.060152790518003,-11.828854653569664,-12.547742241203146,-11.776444227609282,-11.411476026490414
-11.939022397686127,-11.891628900656833,-11.95721423215335,-12.44254441697519,-12.157396898249745,-12.836220900418784,-12.929615419232155,-11.896101865650412,-10.968261262157606,-10.665426740419417,-10.097646262260424,-6.961039239381689,-8.199521354160135,-8.98169152319391,-8.813809526551836,-9.184347176633544,-8.635839238194672,-8.418019169827833,-7.6398009397702715,-6.834684563345876,-7.646723844213504,-7.228110259706925,-7.534913897148835,-7.6079493487807,-7.271384881980465,-7.401538398353043,-7.736277622916703,-8.006268231241613,-8.075298092973258,-8.681484236261918,-8.871967268454837,-8.477422292331243,-7.852461957936242,-8.531376603179051,-7.710210603293957,-6.921965806957813,-6.4293262902238775,-6.955466540505174,-8.404720937542187,-10.242611703220255,-11.950044028483646,-11.750526190599611,-11.426720005089576
-11.782498241292194,-11.663384551134632,-11.556889582369235,-11.744555508388483,-12.890055630624172,-12.968944100498517,-13.38118744005483,-12.525771554231358,-11.350530611950266,-10.746376824498471,-11.738742203219774,-12.103987337159808,-11.46878962262243,-11.659643758157934,-10.562339896446359,-9.136650524531873,-7.287331105785064,-7.444637687513829,-6.918804255085216,-7.6735215900920135,-7.0594354242584245,-6.487533177378877,-6.3940519299608845,-6.238381662318812,-6.616376230643696,-6.990849003958757,-7.206493134991678,-7.003451072046995,-7.227409780029888,-7.089279986595433,-7.443609170771449,-7.39072681817952,-7.08637657767744,-7.017133077046808,-6.978672616018054,-6.683336990525522,-6.921933954980773,-6.858370432131513,-7.698214867996638,-8.61195970309959,-10.091424400114379,-10.302704666244054,-10.356483435564702
-10.990681841632902,-11.043387695138641,-11.945688861895526,-11.965891665047781,-12.308082865903858,-12.647377993940243,-12.241662922421725,-12.095884639731056,-11.33486261653492,-10.819345646012989,-10.855072756194733,-11.196148162282505,-10.886044077808892,-10.361212878993308,-9.16255181480694,-8.299016710499485,-8.09933585720587,-7.957197719859156,-7.381101001185218,-6.827662071835585,-6.659886063374639,-6.443285885731055,-6.6205860043938305,-7.1063917295719,-7.1339558471259465,-6.723938797150327,-6.7679735109952475,-6.397664931195997,-5.986870919607578,-6.597673566190451,-6.103381382102914,-5.964649635330472,-5.380353373275348,-6.050244656981996,-6.698498767817415,-6.806229729537217,-7.392912016229054,-7.775116181548307,-7.405761208420731,-7.868947834911226,-8.212926007488988,-8.230662662340507,-8.830377039691102
-11.240892781214448,-11.11842295488676,-10.115753411071406,-11.347625942290337,-11.893384686044083,-11.847305738968473,-11.724100459881049,-11.669127208504085,-11.022798238151047,-10.520849699987478,-10.513261635427995,-10.467321237092504,-10.219482088957692,-9.615258134417836,-9.253597432672136,-8.27874001376477,-7.436768837123189,-6.858834788819966,-6.514591131238738,-6.531877471949086,-5.973759152498387,-7.057548218120183,-7.994994972591702,-7.671640953742479,-7.194349250217579,-7.1139960631746755,-6.644905357466632,-7.095355704745241,-6.512228126908879,-6.033430222230217,-5.598820278010792,-5.394624261904424,-4.751760347759377,-3.966260287391796,-4.49651545581956,-6.142177258318822,-8.009230805499898,-8.67779248628607,-8.217091354627458,-7.334448846095965,-7.109648334287792,-6.660370113569492,-6.511807640623823
-11.446496682108844,-11.48846404407561,-11.096677966310343,-10.438226812584459,-10.778292141494905,-11.965247245427273,-11.838775189755097,-11.58858199150842,-11.487970660194556,-11.262924005092321,-10.450004445689917,-9.68849868629807,-9.1673761991698,-8.866167007229324,-8.459375691292193,-7.616710916292757,-7.1788174657749835,-6.911940998439338,-6.832057149800843,-7.234351715723051,-7.388680811961002,-6.6967676160041805,-6.704459575420237,-7.40479026169591,-7.159001261727046,-6.465143007892456,-5.759890665110092,-5.477126260888502,-5.3487050982515,-3.9611724876425467,-4.778097681298478,-4.873030244586707,-4.318528429243256,-4.873285710908729,-5.378795520627614,-6.107209408784515,-6.4722458341926545,-7.544918208143909,-7.4161683088342265,-6.733727802305007,-5.368276987813851,-4.798961140594811,-4.689379938911167
-10.450932165181305,-10.343479734998404,-9.97455411827543,-10.308399058209824,-9.960796959279755,-10.289238022869446,-10.971759542566131,-10.559466204969063,-10.860868718127712,-10.816561317989112,-9.716348401527766,-9.877774469068681,-9.08784105734028,-8.12758707139326,-7.365892542325237,-7.123859026512568,-6.591240194283341,-6.058580621079158,-5.925454468957627,-5.440469669031436,-5.4466072432238715,-5.345032653881309,-5.500916009055509,-5.393130509452321,-5.179875580120793,-5.334152820082674,-5.235361800214171,-4.976092801177124,-4.677749129776018,-5.1341455383992205,-4.754793215790607,-4.469302778197755,-4.371516935487141,-4.7157626640756325,-5.5731100273862975,-6.133340442788553,-7.44002296164103,-8.051245089059426,-7.913381740117836,-6.680569108649128,-6.0690064106996555,-5.250034274826481,-5.4187517354378425
-10.366931330617694,-9.885572427752704,-10.096172994317305,-9.694889617121916,-9.610728199223505,-9.973949767105125,-10.76085576350686,-11.255899630467344,-10.921544868372663,-10.374733633913845,-10.745537651149588,-9.385239806011391,-8.503957948803011,-8.199689684247804,-7.794021024249825,-7.308149178581563,-6.609732314292939,-5.973700031697612,-5.539010516786395,-5.419530852205031,-5.2015807272128045,-5.434574266290221,-4.929905224699979,-4.5470037348734795,-5.227082047919028,-5.493777417146483,-4.8464437508650136,-4.1726190278334805,-4.2937872866163485,-4.240993670604178,-4.601693148056596,-3.8077491665339394,-3.5558749737615405,-5.0505654594080625,-5.693312445932364,-5.333467954063697,-6.089612409543551,-7.55372031714693,-8.114338530963199,-8.648203301139,-7.367508637663481,-6.9290541639171135,-6.53728431313062
-9.85041065646385,-10.296261708042474,-10.26104263970498,-10.419078209615984,-10.22413872855478,-9.450026968679751,-9.124939892139064,-9.490085326626257,-9.591942031240649,-9.391290138169419,-8.789481393681967,-8.732353247447637,-7.871672208136127,-7.008643197980344,-6.012166411403311,-6.027437685315126,-5.704415274422877,-5.311574097445199,-4.826367547793347,-4.244237828139219,-4.370513118686071,-4.173822317364443,-4.837153367108252,-5.07480895829284,-4.977130053554425,-5.295883982037842,-5.848069433460841,-6.040822669441422,-5.0650122971557225,-3.972842768422738,-4.859832233626367,-4.691619499634523,-5.079413598267471,-4.748009942229167,-4.444619924919501,-4.319696033928896,-4.6063571776503185,-5.948940677439985,-6.499426767140123,-6.944107862928895,-6.082352810084501,-5.633620187095581,-5.328138550399574
-10.060269968363038,-9.839218448399595,-9.590628806451143,-9.268386659305774,-8.922271956698117,-9.236925321265263,-9.639035146541467,-9.623375766779205,-9.814641637318989,-9.349124586324102,-8.705350133090523,-8.083713422937073,-7.197509496651822,-5.999599561157689,-4.649522814531609,-4.84429291254844,-4.873159269483125,-4.714784908406547,-4.198666855447406,-4.324287927645513,-4.454873524439957,-4.8210898095934365,-4.846457776720816,-4.988431219734984,-4.685861276556295,-5.384297811155447,-5.306481943220931,-5.417499926663444,-5.220735531647678,-5.156245636444339,-4.549677419171739,-4.423428677754799,-4.005811999635877,-3.9863633680538166,-4.710208876096248,-4.444634648785637,-4.429963240418856,-5.208333061679447,-5.993707527480732,-6.596331523823226,-6.7642895282657305,-5.979446276915557,-5.803556406274011
-8.376250439385615,-9.231312540459502,-8.928782018833743,-8.052263859274737,-8.095711087103503,-7.596441285944674,-7.521328757834881,-7.421859037015322,-7.828112717996583,-8.99985802654264,-8.185917634564962,-7.112384463614152,-7.281466671848963,-5.268667828419173,-5.857935847080235,-5.537424117498352,-5.0222227227991585,-4.5132265293832035,-4.632823953980568,-4.458929449507707,-4.06633725622318,-3.968469311532808,-3.621915919892811,-4.047299563188817,-5.539712400352706,-5.507780042381138,-5.389639026244833,-5.129205468970578,-5.398455448019309,-4.62882463241602,-4.102945141469002,-3.5408338789937033,-3.24035915600291,-2.837634403884649,-3.5864949767611307,-3.7819744794454966,-4.010719310365901,-4.40171340479045,-5.453451818203309,-6.116815950854506,-5.785097652426733,-5.039965226465426,-4.689233425231031
-8.437513634014492,-9.468077674357353,-9.292854495153342,-9.314445052469424,-8.496645261311388,-8.380371628802294,-8.032825642244735,-8.15110447927836,-8.9811778002876,-8.808166500665006,-8.381649243451962,-7.696055362790207,-6.790262549940763,-7.281394883948527,-5.707121113423796,-4.896290272498538,-3.864726734650676,-4.120750194474182,-4.228355161568408,-4.274027043594196,-4.352175189548072,-4.909179847208794,-4.663719303937025,-5.47900777989325,-4.73655612173206,-4.900611202070012,-4.842322319571789,-4.691650010564649,-4.363408596998078,-3.724154237234604,-3.7774703034492334,-3.5161510224499652,-3.060682477560807,-2.756182081884377,-2.9595422758498726,-2.9970294000446733,-4.1837409585396035,-4.218686146362983,-3.5062540615506617,-3.9667128990226606,-5.483140077156382,-4.875948444574294,-3.408689094191072
