public/json/wind_2018-09-1613_700.json
{"header": { "discipline": 10, "disciplineName": "Oceanographic_products", "center": 0, "centerName": "Ocean Modeling and Observation Laboratory", "refTime": "2018-09-16T13:00:00.000Z", "significanceOfRT": 0, "significanceOfRTName": "Analysis", "parameterCategory": 0, "parameterCategoryName": "Currents", "parameterNumber": 2, "parameterNumberName": "U-component_of_wind", "parameterUnit": "m.s-1", "forecastTime": 0, "surface1Type": 160, "surface1TypeName": "Depth below sea level", "surface1Value": 15, "numberPoints": 4800, "shape": 0, "shapeName": "Earth spherical with radius = 6,367,470 m", "scanMode": 0, "nx": 80, "ny": 60, "lo1": 109.0, "la1": 20.0, "lo2": 116.89999999999955, "la2": 14.520000000000117, "dx": 0.09999999999999432, "dy": -0.10000000000000142 }, "data":
[rows 0 to 18 of 60, columns 0 to 41 of 80]
null,null,null,null,null,null,null,null,null,null,null,null,null,null,null,null,null,null,null,null,null,null,null,null,null,null,null,null,null,null,null,null,null,null,null,null,null,null,null,null,null,null
null,null,null,null,null,null,null,null,null,null,null,null,null,null,null,null,null,null,null,null,null,null,null,null,null,null,null,null,null,null,null,null,null,null,null,null,null,null,null,null,null,null
10.351148534854495,10.184440146837872,10.740284493520557,5.840682762791543,6.988185955165349,8.968148137478167,10.937990572514098,11.901050284046544,12.574157185455856,13.471323035082712,14.184407799686948,15.542593679625185,17.359636644471646,18.135333368065083,18.092250872030757,18.05097313890579,18.566702259063682,19.219690465676628,20.394950122823907,21.743811633840913,22.698919817104944,24.82947322761507,22.499240047644438,18.467264000498012,15.199977929183369,17.977389541915215,20.74391645173766,20.056848927221036,19.21636400882017,18.73810625250999,18.598257127185967,18.763038788601445,19.038119108700513,18.9963881555431,18.3197705683777,17.23153277311812,15.82105602867535,13.938490833848821,12.575239048670955,11.651759503732032,10.649317888763669,10.825439490128101
8.682737108271747,9.06941517764427,7.435660158517926,6.130004978755357,8.097862447140798,9.670473393372543,10.984899050050002,11.828401208553021,12.457582528728937,13.436142832704075,14.14681370323693,15.891363443061547,15.670950685548014,14.380740244758371,13.470292277447431,14.27290269928694,13.80050547935873,15.009583521273104,16.353316578163604,16.422095486639662,16.531423450381226,17.62221873528333,16.31413660006297,15.053478357417484,14.1358608068488,13.040522906805482,13.062558451325112,14.81820889456986,19.4040570087918,18.32692087020861,17.65118257982549,17.33026559939005,17.066101508503593,17.204406467330916,17.075399498211205,16.439680714381375,15.216439392901849,13.81516313799036,12.606230683412894,11.493334813934283,10.434945907356795,9.73565154941151
7.094039821663587,9.1677853013014,5.59302615741489,7.056112437021374,9.0243097245641,9.937869117403329,10.474658504012421,11.872147372286587,12.696846885971036,14.75759877357843,13.367197309307718,14.468533478929999,15.06519337196236,13.052110860615272,14.131306244189691,14.050273680693905,13.27879756882571,14.469715289118806,15.964666604561677,17.76840664962245,17.666418034881076,17.992512335489057,15.742890946922213,14.991141029986824,13.610613008956445,12.637102670378892,11.24986344154037,12.519093202627275,9.998433494346596,17.020523230410433,15.302083780286933,16.598325716035227,15.951178987107976,15.311056856067673,15.087129043115768,15.333334082887196,14.460323833753186,13.106636853793264,12.224096060119619,11.232143814031188,10.217404537854664,8.993276675267255
5.946358588405815,8.191495717798016,7.8356900988548945,8.29804430815606,7.5133058954643275,7.5711929209153,10.421574498474545,11.882047598505174,13.983943922706187,10.300946788497214,11.92721775829504,12.655694774995519,12.801679219675705,13.667931486586722,13.089218956850603,13.380453804073419,13.846633932395703,16.26585873178882,16.911066699369297,16.282526951868395,16.548994175125333,14.674839933151533,15.114552931798912,14.235482191233253,14.076939668962016,13.005255094622676,12.751259706450409,11.295265316690076,10.15136828253472,12.153665810627734,12.631224456442748,16.04526271303202,15.875579187367752,14.489526493994422,13.125172173977777,13.147800176143814,13.37459281241033,12.315567689090425,11.445522549469377,10.711646386441341,9.813088458871189,8.614710731527309
5.831902723551609,7.5121077685501945,7.062426295967139,7.443129619298931,7.9728953217683,9.226498230828206,10.624980666844653,11.112162969509772,8.191725692278462,9.886735071302187,10.549270359259669,11.133522883873177,13.54962057451323,12.850891076405818,12.784102680422366,12.532908039970089,13.691653578371234,12.996535166401308,13.067891613790213,12.011155081626857,15.002410188096487,13.9217116263804,14.685281679115416,13.71505889461909,12.871088949806579,12.368866548715317,14.240535720409571,11.275282113679701,10.482766116335783,9.781355043564457,10.399465634428736,8.92124398348912,9.925142813507557,13.705764461047387,12.337366208901036,11.683380118953025,11.219395755245422,11.253174360903143,10.404194181103756,9.779031890694624,9.298353183722451,8.354696265163122
5.6989036594690266,6.538366602277824,6.089568396579336,6.921594926356507,7.858738871190624,8.311734294767065,9.066682128084661,7.667456174398222,7.25403445454999,9.738619125106629,10.176639542230625,10.52977313120779,7.533904396514304,7.544669481871359,11.501558700702343,11.390145915308214,7.330633337126398,8.56244454427048,9.010011961905516,10.583725488525195,13.189353692773818,12.678728729406599,13.234310922511707,12.011956269133336,12.639593145124813,12.510613447407227,12.139955808171113,12.518860746707468,11.002001916846512,9.567509785482954,8.392141694144213,7.647053138132258,8.055557496416446,10.512286281700398,11.419756133612083,10.60884754867461,10.099310851598444,9.787597607134465,9.227218153152233,8.672412473023552,8.206561131447888,7.666105451490097
5.570128232919827,3.5660114314770754,5.484447513807163,6.400416636998148,6.635234080837677,6.893690873366937,7.200367477550036,7.603087972130014,8.090645849371167,6.3136857685097585,5.731870552065322,5.204871515094726,8.88350979725818,9.049014194726666,4.997413405792786,3.5873473555369317,4.105596526137291,6.362401588926371,7.691957646484807,8.475836183659023,10.98270073263709,11.028187685498523,11.209258141475969,11.310532107616245,10.163306334905942,10.092272245683303,10.73724859243037,11.621274209874988,10.542000311651552,9.994223388664482,8.018887467508184,7.166591353019937,6.525032468448086,6.970344624198134,8.909867788232475,8.732278170177153,8.989660313783585,8.548338178419746,7.932756223426484,7.748822990368283,7.074486417593532,6.400890004420647
4.122122055594882,3.4833871574176234,4.344618952212954,5.173191377182638,6.4914219447391215,5.33521442055442,7.650533612777281,4.270037261000902,3.8631169655113298,4.677916732739756,2.8721904547261743,6.498809034495802,5.190017283416344,1.137156970235882,-1.3683728811846172,0.9949387120500002,2.7177836445680286,4.894649653700562,6.335274792947189,8.171014254414548,9.60053280207174,12.346342279106219,11.200697687411763,10.679792607550283,10.419053411252609,9.634439009292551,8.805251259876009,12.131722072457828,9.404559163598156,8.581677546974927,7.493394726621402,5.677120218246606,5.27151680876764,5.12739817894443,5.522248703919117,7.771771729135861,5.953727372408409,7.542316949013048,7.386103173160565,6.468343600895345,6.0903526767525475,5.346804413658946
2.2289749173305893,2.6437311096853993,3.3424928111678534,4.360356401624444,3.0080913951885373,2.7500947143015497,3.3257950484193084,0.893401659770112,2.765899734685201,2.4899178574237406,1.8653226960306089,1.0877310831292144,-0.7198385478125866,-3.2831853166033818,-2.215922556914016,0.7806984225576876,3.2458461671105345,4.621000829782992,6.293015858555562,7.745473825746164,10.334358411415575,11.499691086553298,12.597539312616775,11.881342315370482,10.931714030688639,8.959122105098977,9.413159630983252,8.711376975021736,9.225836672443767,8.165142953844152,7.183244991346154,4.570552925658219,5.86903802912355,3.7120228375867,4.192670699528153,3.9458504945596475,6.181237778400616,3.4782949984081637,5.314920266677307,5.9478137892535905,4.831165202469925,4.314324371865856
0.27918395730191553,1.3500689582372976,2.3747813115261636,1.8134798015390128,1.702240489170038,0.93286479829032,0.5619072224781283,-0.020739405012192447,-1.6244525631064008,-1.139681558814131,-3.237104752562981,-4.260008644985417,-4.808450372511537,-4.26076314500229,-2.93675247726635,0.01834131848947683,2.8288180210057163,4.851224341827787,5.967636262089094,7.731628007488442,9.551292764194983,11.32610401328721,13.546017798508418,12.807318675924908,11.790157958352587,10.519119417857514,8.094629257840378,7.515692464797063,7.317230588215358,7.180185298424312,6.6740410084084125,5.531198850169331,3.0809367705254798,2.2502945483870467,2.635491726365588,3.5200289323473957,4.58424183625106,5.795276991179516,3.8928156101014464,4.343903153417161,3.6254359961709017,3.495933824045794
-1.476481519806983,-0.9130830056807263,-0.1470037716968015,-0.1269022828526546,-1.4453962827152407,-1.3142353839999246,-1.7968181275440296,-4.032614239779867,-5.094755437396003,-5.881257243327701,-7.057206041905872,-7.648234668769601,-7.955806356322948,-6.179235182952345,-4.154829192469489,-0.2983984607291823,2.391116992494482,4.385722258653699,6.084466324044023,6.7959882483088245,8.68906378752337,11.50491393041112,12.98040705459319,15.360844083424098,14.565274303554725,12.19887925898195,9.547796743078951,7.100275649986008,6.83133974592225,4.616222883981945,4.336742231454061,2.908255508601794,-0.27645971796673724,-1.1543267697533084,-1.045078687418702,2.05683408649761,1.170947809593807,0.26308255938024505,-0.15285267434221564,4.107438094123561,1.6745858496354096,2.2661135309658778
-2.8315723011986242,-2.7663318777616124,-1.5133235805363976,-1.3635744332190711,-3.94617392415775,-4.6121510044001495,-5.824544750763419,-7.680905241892662,-8.277381792482753,-7.883082611869362,-10.260693833364865,-10.581344657873753,-10.007758496835471,-8.14364477926976,-5.068936747442904,-1.4366470457608593,1.6009357752688402,3.2372319084007395,5.450489541251738,6.667952088395575,6.06743553197515,6.1202595971671485,9.082990759029638,12.278432111274117,13.057942078381055,13.294368755119196,11.878497371694198,8.506987128778762,6.292957752351934,3.661130304138497,4.6833543238918,4.015122942001335,0.1986474766986263,0.6075035153135583,0.036618940508358844,6.241188617154217,-0.0661560595585694,0.5046717501315646,4.575323677016777,-2.0790698338085405,0.574969314477983,0.723693072014873
-4.691544504043197,-4.3052050361547,-2.66550922201479,-2.7692120016201374,-6.360933689049167,-7.533576715865761,-8.00049523745253,-10.853970461470055,-9.66713592396113,-12.186422393668014,-13.500730958301823,-13.073336430414908,-11.771303660206149,-9.292385486068522,-6.985566521409466,-3.796698447572721,-1.1048216715451817,2.3285089923694184,2.954238262576931,4.006460802442862,2.3557926794020796,2.1475547974705105,4.046647781161763,6.067689802875016,8.221500162007011,10.243547718575108,11.39591079052232,11.937274100378811,8.75687378302696,3.6924119996784137,2.154721818307501,1.0103938616311872,-0.1955539644513531,-1.261319865905747,-2.7752391118905066,-2.798706891078239,-1.258116938791432,-2.248718616405191,-2.8318324318880204,-2.188362193001334,-1.7844701088135215,-0.22126208188422253
-6.288550430691968,-5.718628154455119,-4.362374439889119,-4.7783998948895405,-6.915557107837543,-10.765991296359823,-11.018325674593651,-12.573838946553948,-13.049810359952614,-14.761560823274646,-16.496886456781386,-14.487571507178936,-12.139202099168802,-10.956122901501132,-8.068571060838275,-4.407547816567759,-1.587363290230714,1.4683883892347964,2.212366699497867,3.0052688807734773,2.0599442431886645,-0.11779175738534473,0.8079286241693799,2.550170420416898,5.23839887701086,6.977971450199965,8.444287865236308,11.032123887166405,10.22533978186251,5.247925764981516,1.5027700963926292,0.2012528518783372,-1.9512732645461237,-3.4929331225289397,-4.973328888029508,-6.46941294600685,-6.5292354652888855,-6.069901814874291,-4.798994863613002,-3.0676566218570143,-2.864850811086551,-0.8585120642076146
-7.730965668377436,-6.35147435346224,-5.873729045810107,-7.035857780352341,-9.723809721819665,-13.318544115666567,-12.923167725258754,-14.865244361486946,-15.864025933036446,-18.167826217996186,-16.702206172002505,-14.935944929345952,-14.127254544084803,-12.164315776329504,-9.702527177713467,-6.56258454017646,-3.8174825834506816,1.4005682315299102,2.095670182110073,1.0845968365601382,1.5019181603803187,-0.45491373249224976,-1.3650416573083781,-0.5405213524389042,1.2273409966220596,3.604803740669881,4.979315288772031,6.2558998908409205,8.848745379958023,5.866345471572262,2.7728477303270243,-1.617126639191155,-3.813131475769345,-6.447135134284112,-7.805845697102849,-9.64251091008599,-10.662831895927859,-4.565627656810513,-2.7966723740405586,-3.8649176444455593,-2.8423716360678317,-2.361205230624926
-8.805383087131393,-7.617137143939626,-7.458223351430184,-9.178523545836182,-12.7164175983812,-15.064785139663119,-16.092521737114907,-17.55582003752039,-18.908165318392957,-19.568779626152892,-18.770080507939124,-17.501526955835946,-16.24474594159127,-14.251368005402291,-10.88397989411499,-7.012447768583884,-3.5535218492975593,-0.09332561219761897,0.6145075761473473,-0.37506314312447364,0.37402944769391816,-0.31820955605475787,-3.158201169460491,-3.9381360593886967,-1.236189047770148,1.2569042816890204,2.543942515433563,3.6074210055183085,3.1342093745253408,4.054500415378348,1.8024860264854974,-1.7938926985749508,-4.662986547914989,-7.614019738359591,-7.329737002137042,-6.75467226257851,-9.17761914454767,-7.7727968872867095,-8.092439529547281,-6.491904909171246,-6.688998558762207,-4.892671725483402
-10.178153530461776,-9.633167011508629,-9.423600867416575,-11.916640882342419,-14.891829999377348,-17.072831041678953,-20.141257457486926,-20.009840558372044,-21.022791539574797,-21.74045493116468,-21.83928391835215,-20.162496680105058,-17.571726338922524,-17.35731208185704,-15.46846398951049,-11.40816749486046,-7.037190673538319,-4.2710562285778195,-5.7225876696660745,-4.386415826635596,-3.907126473688488,-2.425925708040404,-3.43266407088029,-2.7257413874076484,-2.1466719899167646,-2.3386737375674884,-1.387020642605878,0.12734858736905724,-1.160507917677163,-0.978065108546091,-0.9578193266303643,-3.554336256346642,-5.451894339705643,-7.733083796102878,-6.569796606044182,-8.98879958125906,-12.577580509034139,-10.378212274947238,-10.48452821890596,-8.644640962986845,-5.893078667365847,-6.453928260515345
