public/json/wind_2018-09-1611_850.json
{"header": { "discipline": 10, "disciplineName": "Oceanographic_products", "center": 0, "centerName": "Ocean Modeling and Observation Laboratory", "refTime": "2018-09-16T11:00:00.000Z", "significanceOfRT": 0, "significanceOfRTName": "Analysis", "parameterCategory": 0, "parameterCategoryName": "Currents", "parameterNumber": 2, "parameterNumberName": "U-component_of_wind", "parameterUnit": "m.s-1", "forecastTime": 0, "surface1Type": 160, "surface1TypeName": "Depth below sea level", "surface1Value": 15, "numberPoints": 4800, "shape": 0, "shapeName": "Earth spherical with radius = 6,367,470 m", "scanMode": 0, "nx": 80, "ny": 60, "lo1": 109.0, "la1": 20.0, "lo2": 116.89999999999955, "la2": 14.520000000000117, "dx": 0.09999999999999432, "dy": -0.10000000000000142 }, "data":
[rows 38 to 56 of 60, columns 0 to 41 of 80]
-14.893883112497644,-17.18647117694819,-15.497293747239604,-15.905147059798738,-17.267653718028686,-19.409430623931105,-20.933056117702595,-20.020443666509202,-18.70727099301316,-17.4365218294105,-15.20960503832775,-20.293955384360213,-21.44655300479519,-27.321163113503555,-27.027696393254143,-25.983091909322905,-24.312878751349984,-27.423255879446828,-26.29588595880316,-28.646733469075564,-28.82658865224026,-23.971692888486118,-24.94723619794908,-30.039718168521972,-34.18625903744571,-34.605413209883174,-39.24748597782731,-39.33714569356175,-41.542847815238545,-41.0949308632229,-38.454665203991325,-38.703940917208094,-40.332416710752064,-42.76480075982224,-43.42208110360354,-44.82653093511581,-40.032930510418936,-38.23656338191319,-36.74144409036618,-37.50278293905348,-37.38539832177477,-34.72493369637394
-15.697472507701724,-16.752353384974487,-15.18264233557704,-16.311245508181916,-17.52830872210599,-19.592955851733358,-20.348574399233733,-21.29880636595452,-20.604624875782015,-18.15845464755287,-19.368008771581973,-16.6109830924101,-25.466644963924203,-25.394372041233282,-24.490897452462423,-23.69226785583539,-25.499019398800886,-25.70222981622066,-25.04795416601638,-29.909511656810604,-28.335710576525962,-28.265473862174847,-26.703535113378848,-28.87870279539539,-32.27749526245458,-39.25920188724032,-42.57110582821801,-41.38864557945037,-42.69954225917962,-44.320865801373564,-40.417343477833725,-40.35196844176211,-42.01200983805013,-41.41458820805198,-40.43483908273201,-36.6734544145694,-32.9641060301436,-31.99481594166303,-34.96355057524792,-36.79856955879386,-36.672316288769345,-36.497092936215886
-16.859898629948304,-16.23692227624258,-13.988687221857456,-15.540025922113804,-17.563779721034663,-19.688805466444812,-20.731154757395704,-22.86070582560459,-22.566025022964862,-20.49958244189995,-20.923090015779458,-20.062381590549165,-14.092472421333117,-17.648722513015937,-20.636628463834075,-20.792655689660677,-25.071488757687632,-27.659596679128537,-26.74402204131797,-23.949600964272005,-24.277374619453365,-28.4674174039415,-27.259891395629456,-28.35968883667509,-30.536445285631544,-31.42503895365089,-30.58656475943864,-37.76243662803226,-40.961400565025585,-39.81298071781835,-38.924445105211795,-36.608911495457434,-40.91334998885559,-40.31672640953994,-40.21636929266781,-36.62494598285342,-34.96676451733842,-34.85901645040397,-37.928475578613856,-38.36324489640052,-38.267447983949324,-38.02919493426285
-16.17228047930297,-16.620324357134287,-17.05269669738358,-15.491928868640924,-16.94342480323806,-18.86872248824828,-21.027434863626205,-21.552074650745123,-23.210242031250147,-23.531540518413678,-22.388560526534768,-19.160079392408683,-15.288570398034572,-14.456378470488588,-17.561504765581486,-24.366866437705944,-26.609620038998454,-25.456758274914005,-27.621049262842703,-28.62673949887361,-24.05523182901947,-24.52494088141373,-29.522140026631604,-30.808679792191054,-27.501713443862325,-29.625981404262802,-28.41352523344218,-33.88729231562884,-39.22134616191666,-36.43110296835619,-33.84952610646434,-38.211991173187116,-41.978986098953186,-38.86455865310889,-36.98497948489474,-32.874205512681186,-32.993441622027326,-35.380064425049056,-36.3429333711248,-36.78459944959652,-34.37791390849639,-35.872094044672686
-15.78064241041542,-16.3636281598895,-16.935304340544633,-17.394674058861433,-17.441190743030994,-19.0442073308396,-20.60098692806383,-21.46491338938076,-22.779356159944864,-24.138074207136306,-24.127842671022712,-23.667921532296347,-16.691015416861315,-11.077585299905252,-19.376850992660202,-24.239258617373494,-23.03881230901129,-25.745482825698666,-27.009746550603055,-26.225843348711773,-28.400188930670677,-26.904980555715248,-28.765115385342117,-30.230291514747698,-28.803012240656113,-28.797836844608753,-29.32700013303572,-31.120310003070575,-31.170038423879454,-28.429440072828648,-27.823456294782595,-35.52910193640186,-42.29696942778621,-33.311559296792254,-29.15056708040212,-30.88182198896345,-30.979549650014118,-34.3742513993802,-34.85607314333541,-33.52539562028548,-34.35999106015083,-33.67223933781576
-15.921921397169463,-16.357161933284495,-18.661867185547123,-18.782568753630848,-19.19474134001199,-19.367331002313477,-20.756247622515243,-21.704294822761334,-23.67983798962837,-24.783194625232262,-24.58940943764548,-26.040506830781247,-21.304690766187782,-19.456116576190382,-17.871859842044078,-18.58136090022499,-20.853761561500857,-22.970169253774383,-21.73642218243319,-26.22488259560139,-29.276847610374176,-30.982914915073252,-27.72415678601235,-29.12407629314556,-29.80600333958062,-32.49995476256161,-33.10461837997961,-32.25473758275937,-29.122839065874516,-31.062944784173396,-30.28478543364003,-30.55378899953799,-23.18103862834024,-23.898534837661227,-31.563489923579198,-32.43675609417373,-30.98898177781462,-33.360646056293476,-35.01784024455975,-33.531999860316354,-34.45166024128609,-34.87012073834988
-18.66912215239053,-19.225258225987545,-19.255950044240002,-19.800521370558187,-20.535843599146975,-20.92367135927465,-21.421770615004945,-22.055750901633804,-23.92876900996292,-25.075408110279586,-25.09246967106407,-25.9087051681667,-21.80548353731086,-20.01049408342559,-19.314104604567653,-20.62367442046482,-19.228057424064716,-22.779530738706065,-26.449092909487177,-28.806156601601128,-31.68124487209306,-31.96861991784565,-30.4967325030318,-28.23628540985374,-31.151145743319347,-35.353946488257414,-33.904108419180986,-33.775462014107234,-29.7946747467606,-28.023303986649562,-25.37708574916176,-32.02749183070095,-24.259874568279827,-30.840426982228056,-30.150284274235005,-32.3582805628404,-31.03858144404582,-31.74293105506749,-32.81263470238558,-30.50087478480535,-28.17552167837555,-28.963761570246998
-18.86401137940597,-18.557322890470743,-18.360303023435534,-20.417280507343087,-21.29050392166348,-21.104387328796314,-21.55354552027694,-22.06224781339688,-22.547633500844654,-23.68074622128434,-22.863874101728676,-22.32281130209896,-20.67116238985822,-22.151765585430823,-22.519929315896434,-20.583684981215796,-20.512051022109645,-23.594095838272313,-25.81749703636683,-29.681361721305308,-29.261598291814643,-29.643120969028598,-28.616976583795555,-27.858050681941215,-30.06895269545234,-31.872132169550774,-29.51881667138195,-27.557634873586714,-26.518895674434404,-32.3535186325502,-29.455209261661423,-29.071841585355862,-23.15954567902568,-27.63316926008057,-30.710086639914035,-28.864037810094874,-32.5264508335259,-29.85593192563184,-34.51307048905541,-34.18667140821391,-30.90430555453845,-28.235912149216453
-16.866438853360076,-16.83001701441292,-18.776199436079988,-19.18201084540666,-20.652449662637657,-20.630941376095794,-22.54363589004685,-23.078292645405863,-22.621805294715074,-21.786006286181973,-21.94241005321543,-19.90838089674182,-21.43976473146761,-20.53671427112323,-21.785457885125304,-20.31876463892848,-22.11716642604042,-24.32191311829513,-25.90479741052386,-27.772807249530373,-26.61238374756604,-27.071885098187927,-24.398588519835563,-22.73931322520896,-27.721902485003174,-24.484769389152298,null,-23.862482343479016,-28.86573416702058,-29.595697639530968,-28.69590472133855,-28.777151363421748,-27.51806461235735,-27.008769896260496,-29.578133464601265,-31.46932276088095,-35.42860987551428,-33.49144355068117,-33.9553507691982,null,-25.28798671566914,-25.86528416616659
-15.092991083354448,-15.203489565478044,-17.440222276578712,-18.667526870452697,-19.296459623224376,-19.123814195188395,-19.501548652935025,-20.34785389773321,-21.520196128453154,-20.859233142164793,-20.418803201806114,-21.503064865180853,-19.52430877071125,-18.563571259009848,-20.795333224892055,-24.89094218842743,-24.980902863220717,-26.88638869793422,-24.90897043096632,-26.193301873077427,-25.498190793928885,-25.327344542657467,-23.305013684146658,-24.89102486742124,-28.390727289171004,-27.799748241160824,-25.668523590201882,-26.17721982525157,-24.720831901455583,-24.551558577121753,-21.958903667348743,-24.686141811408326,-21.913199626033293,-24.322456728091687,-24.44384757034544,-27.232558981010733,-35.78951320425989,-32.12261720877071,-29.939397549742203,-32.62684180886369,-27.390730700518645,-28.551030947303413
-16.89029498423068,-16.03845256067764,-16.431076874917256,-17.71118941326882,-19.094665780430166,-18.174450347234153,-18.359391302429145,-19.666235556542354,-22.172646591037203,-20.059618436825403,-19.341832798873888,-20.26517335594962,-17.372626168099575,-19.685036964563015,-20.976085318795555,-20.62391300540748,-29.772844007432504,-23.746577058636866,-22.133205102391916,-25.276059204965605,-18.199922695846162,-20.587547397672097,-19.812277733847772,-25.310779012873688,-26.695242430024116,-27.483563874175477,-25.209519173501842,-28.4507302840072,-25.371693470628014,-21.640519960573357,-27.147968296745418,-24.102642804053666,-27.619119833308687,-26.153638667395573,-25.39546474796262,-22.883647547065376,-30.52777558550489,-24.00778780424889,-20.390152508536932,-24.997106082031348,null,-28.24344937815002
-16.415807848618137,-18.46883817133885,-17.42692711001656,-16.294581765897526,-16.18686922863199,-16.313578750049928,-18.35522652004346,-19.89112665875529,-20.170251712423205,-18.042564940720638,-19.00314527764176,-19.068153271794472,-18.6164191826915,-19.46842433145532,-21.99216343664562,-20.77290082906881,-25.60859007304642,-23.737082296549552,-23.568875764027045,-21.312373555140994,-23.213675207132578,-26.193232884805276,-25.973329075353305,-25.925535753844517,-25.91447082870517,-26.032526758036326,-26.5287081714805,-25.692612128951737,-25.70129902177795,-26.861509700154997,-24.535687301025533,-27.963765343606706,-31.151616696112875,-29.755079593264576,-31.744232480777633,-31.329783924280935,-25.609091149556278,-21.35910631429716,-28.09587746594179,-28.653006965773784,-31.242404099780032,-30.608329628091475
-18.6850274800518,-15.325331324862148,-17.54782851478792,-16.892761531952516,-15.797329765077276,-15.12861189882235,-19.073616254319692,-18.52231948257449,-18.747620417782922,-19.376687481235848,-18.24400403821427,-19.00625407106609,-20.906534963777794,-21.289462388161013,-19.67982934618192,-21.881268606051773,-21.93380940473531,-21.062714570457892,-21.726771638641956,-25.954103646014595,-28.509192298864033,-27.65060670953018,-26.352117511380353,-24.22929102389821,-21.45910564208956,-20.946026564577593,-22.481887193448728,-24.424119456376555,-26.550541777843684,-26.443877885965744,-21.29109419124997,-21.570270537935745,-26.957737084206038,-29.700778464443705,-32.89451005074681,-28.555708041425035,-30.9539091701195,-31.818042266510915,-30.88223096393348,-30.95332915500566,-31.04154309237374,-32.66344445799791
-12.218550404996275,-14.355948603792495,-16.87165028122583,-18.17311968111187,-16.668399943043685,-16.542357578822042,-15.567839957813703,-18.2904181340777,-21.12782136026908,-21.08396750188384,-20.77145712677051,-19.482087536838904,-21.710232508072323,-20.96142264520745,-21.248965070591805,-22.544111904334876,-23.15025959128243,-21.929393539184655,-21.769627997501118,-22.69716252869079,-27.88035670230799,-22.43296635961572,-23.194802695060815,-22.33575869752227,-18.346235005080196,-20.952621060321643,-21.279364362000194,-20.734850025198448,-21.13588924801056,-19.3028451682901,null,-20.11776488197431,-24.535684893041584,-18.823844493168224,-23.1858062262705,-25.70493312209625,-29.892894543576084,-31.05259104237119,-31.11084160723013,-31.521189075348985,-31.406527111369428,-32.07809485816409
-14.736609444924717,-15.786118634933057,-19.31813324885676,-14.583659275181187,-14.95879696695296,-16.702839414166615,-18.463694582598073,-19.04931621635754,-20.755033173969423,-21.997334103458236,-22.313100150694076,-21.60751146459065,-22.799270792043174,-22.60203264328805,-21.673207447943717,-23.613114259021017,-21.635558444833865,-19.075278708333165,-22.79526402343964,-22.049688534388963,-19.67392963157892,-15.128547363222314,-23.038589576835015,-26.696677341567536,-27.312707667195976,-24.37346861239781,-23.65151901182839,-22.317213057379966,-21.78477353292105,-20.06618766043725,-19.721572490493227,-19.49837569367125,-20.474361878778954,-26.23820406274837,-28.02879702784094,-28.962277161117008,-29.03769164338394,-29.35002071799074,-31.620192668389866,-31.27742876088215,-30.65919301390939,-31.196492913153634
-11.577900259625594,-12.48823595931393,-9.15388491664952,-13.391038218928708,-14.647419450749616,-16.70329549504627,-16.972101788516227,-19.49324982003492,-22.52729202437341,-23.815194564029078,-23.260111857599945,-22.37230348118436,-23.652155024873185,-24.330241205941377,-24.06473501449672,-23.245938719662856,-21.9129338195584,-22.144387761889202,-19.626972270792702,-20.004466645089973,-22.960635663286222,-18.33029754617774,-19.656237087608076,-23.91705936166307,-21.69058978559935,-24.495749075270385,-23.96751188246651,-24.03823140121384,-24.104565709370096,-22.262109128376977,-22.792966514696328,-22.38150732207018,-23.51412290358696,-22.656858756314065,-24.61758385318045,-26.54307541476755,-26.55170868114016,-26.42385903932454,-30.949175591922163,-29.109859029402685,-29.871851284611793,-31.341330370284552
-13.05834472634666,-12.654100929878343,-11.83167241495831,-12.433865146135975,-15.448561576994567,-14.8120265942602,-16.84413032422376,-20.036433274105136,-15.683612114198027,-18.613021449287647,-17.844358018125753,-21.030349098698636,-23.437919352449462,-26.901457116411187,-25.919455005313026,-21.75097417217307,-21.044466937457052,-18.346680544485828,-21.913967746136027,-17.434649861581494,-17.419376445936287,-22.2997212843688,-24.005804514480467,null,-21.524617165723328,-23.364713471090862,-24.351518825337756,-25.64644856749497,-24.107168496437772,-23.42619866256326,-23.301578372403995,-23.45147642509587,-23.802121709045927,-22.325820442450034,-22.692810051360066,-22.17875921243897,-24.30116604999476,-26.052800479186928,-24.49705492486641,-24.264385078027264,-28.83979040094754,-32.593978683133415
-13.767422282262597,-13.814239434910169,-15.370890919022939,-14.247233733516463,-11.503750401264803,-15.465335089529756,-17.175043187728853,-15.936961987412307,-16.59075279911145,-11.637156209188213,-14.736070735165065,-23.277244953830174,-24.520280698042697,-24.986870245123708,-24.66685439040926,-25.065107306557294,-23.431872414900127,-23.88292227514594,-22.229538101409467,-18.935885637283825,-17.54346053472874,-20.434386250011862,-21.628368567909973,-21.991489862428928,-23.442387414459255,-25.332012893284166,-25.458814695045398,-24.37778091672342,-23.91653890768331,-24.07908945454313,-23.771542769734847,-23.127905393218775,-21.77354799929198,-20.332681604281838,-20.593488046177512,-19.563554058702174,-19.370857796832766,-18.881128980377092,-20.13065835065965,-21.30307047684347,-27.822235019702347,-30.594923047736238
-14.725102452328379,-15.056281176111362,-15.684588527376166,-17.497200160428537,-17.34398904369252,-17.45687415365807,-16.91706147571522,-16.925036190789054,-15.478849818937121,-15.709161628932497,-11.759135881135682,-17.328488572327984,-19.782886430304128,-21.181615083965877,-25.425133288635685,-21.72681709032184,-23.27250100038344,-22.626196318943812,-22.050234567488197,-22.807274229102696,-21.84172856993193,-24.50174688528514,-26.733278666600498,-27.28320678358918,-24.92916910603061,-25.16605423226531,-24.619580211953078,-22.853903775181863,-22.413321703479305,-23.560389847976616,-22.58808564545578,-23.31775076122997,-21.5058210433012,-21.86714610760595,-23.848061003748935,-25.01834820537796,-24.838129163739083,-25.189128010727124,-24.315919234345078,-23.30931971684747,-24.259148375770096,-24.29210849657516
