public/json/wind_2018-09-1522_700.json
{"header": { "discipline": 10, "disciplineName": "Oceanographic_products", "center": 0, "centerName": "Ocean Modeling and Observation Laboratory", "refTime": "2018-09-15T22:00:00.000Z", "significanceOfRT": 0, "significanceOfRTName": "Analysis", "parameterCategory": 0, "parameterCategoryName": "Currents", "parameterNumber": 3, "parameterNumberName": "V-component_of_wind", "parameterUnit": "m.s-1", "forecastTime": 0, "surface1Type": 160, "surface1TypeName": "Depth below sea level", "surface1Value": 15, "numberPoints": 4800, "shape": 0, "shapeName": "Earth spherical with radius = 6,367,470 m", "scanMode": 0, "nx": 80, "ny": 60, "lo1": 109.0, "la1": 20.0, "lo2": 116.89999999999955, "la2": 14.520000000000117, "dx": 0.09999999999999432, "dy": -0.10000000000000142 }, "data":
[rows 38 to 56 of 60, columns 0 to 42 of 80]
-9.861010440575074,-9.043011948657776,-9.130931150164221,-9.3904266348742,-9.176312115098508,-8.382441931917697,-7.302153028942868,-5.867856971411682,-4.668564152896487,-3.956904885320497,-2.8394852780069684,-3.292397254402598,-3.327102784628264,-3.0290255770943957,-2.0141816522758096,-4.101576931708582,-4.0762761610923715,-3.5490534742621294,-4.443014699470258,-3.7985660467377294,-3.595064815416233,-4.330350768138462,-5.785041007121105,-5.784714893053412,-5.624219736058109,-5.19816954448765,-5.248228714950833,-5.04910393761627,-5.042869423503271,-5.61631142560341,-5.003712490638518,-4.223435430914541,-3.9745370178095922,-3.486919510295698,-2.78213302744339,-3.8094787141705253,-5.353067380720869,-6.717633576005003,-7.068902954638118,-7.2236694775165216,-7.232521698306012,-7.801459749677594,-7.517511147700185
-9.093804645174542,-8.88627907391149,-9.83344803092908,-9.10751244067123,-8.59924621519085,-8.247880008524094,-7.5754336262572375,-6.932354981925212,-6.142887863696849,-5.468597020031723,-5.424320401154057,-4.208183191403153,-1.6993391281412533,-1.4240323222659825,-3.0895786963258574,-3.7295644460823443,-3.3853368797535164,-3.90942177651531,-4.179214925185071,-3.5411176016739656,-4.64108393972742,-5.372655748929905,-6.417018125360796,-5.961719325738979,-6.480142438368997,-6.04947574524184,-5.240753169130133,-5.082197408853181,-4.915669204969589,-4.910774259821598,-4.998560811322077,-5.274702480087196,-4.998777510027422,-4.976911847239505,-5.566753192121474,-6.60461738558016,-7.411511357399382,-7.975353810952678,-7.580399781516542,-7.349440278937593,-7.320812550435898,-7.898158604898187,-7.757305469886022
-10.183400953236715,-9.557145853293433,-9.838437081666296,-9.704621188038354,-9.016831578713944,-8.348725509422344,-7.9894078807413935,-6.686337394439139,-5.6398581324663954,-3.6664565901581554,-2.281660704068158,-1.2562881568141413,-2.2152612066799686,-4.5251435294851,-4.394181878496969,-4.111841953309591,-3.1932486604336456,-1.5836295792619544,-0.48937268825252056,-3.1281149373887103,-2.670298176956852,-1.1216335762598446,-3.141400955950988,-3.3504677508193774,-3.28719342176922,-3.6947659845707523,-4.617136775746834,-5.176946972079779,-5.218575623127769,-4.438635344573658,-3.8571169982625153,-4.06870077756034,-4.49115885809553,-4.15301619027064,-5.5324326771693935,-6.339169052390396,-6.315689190452847,-6.65390398323846,-6.773211757837346,-6.700884356421157,-6.5843317063057665,-6.881607288573949,-6.637567492806282
-9.65717827170305,-9.383155231147121,-9.148031053737975,-9.804439710711913,-9.836013343200905,-9.803998331587756,-8.570117590669199,-7.615810650491272,-6.207381623347128,-5.426531267913803,-4.819458858048367,-5.1451651782720065,-4.934680186598837,-3.020462826911345,-4.2658775553978945,-3.878190372405939,-2.5147475277793845,-3.7848389443072246,-2.687959581302145,-2.0431036706811794,-0.7288965505749372,-3.137874454439672,-2.2016353851421897,-1.9125521777318797,-2.7347011485697523,-3.302068088049199,-3.7084315623360795,-2.828564353429966,-2.131505948104407,-3.6599705492809607,-5.158984700073204,-4.458451391825542,-4.238414047646123,-5.257549342130563,-5.469693362495909,-6.858986362542935,-6.1951164096029565,-5.459825942094989,-6.065555357058172,-5.687796797220246,-6.687083429926828,-6.13372946190722,-6.321810841234193
-9.724222761778016,-9.380617442611166,-9.202047555624407,-9.115198575772693,-9.631327273466418,-9.902484553351716,-8.67562482587502,-8.326974512184812,-7.593362591538829,-6.119396421096196,-4.874444114409915,-4.103902965144698,-4.271220981997086,-3.791266413298049,-2.618369369219269,-3.0797918061548506,-2.4248853112800686,-2.127740055054928,-2.125152377979949,-1.5912339668635715,-2.118563939460944,-1.9912903085159297,-1.549335652910451,-1.8642492396498822,-3.898819589330566,-4.335175249542678,-3.9263130725985005,-2.9437594996386824,-2.727301844830683,-4.705245500547811,-5.230138816938219,-3.8130150833916767,-4.5315713939005455,-6.466232219018214,-8.471103832452929,-6.3059670153439065,-5.04818664397057,-4.831944656123127,-5.357072382974569,-6.1666672183453475,-5.551870288065195,-4.781347021293686,-4.611159542350234
-9.626883775046101,-9.192074580980421,-8.18217899799471,-8.358183104730854,-8.431130590397268,-8.93845673386781,-9.178663404454342,-8.23524754074233,-7.427816170945338,-6.712945896549891,-5.9633503288894545,-5.048427562684713,-4.62559966523999,-3.4714346504690514,-3.378286365218881,-3.4086919992941174,-4.227860677429378,-2.7006931371836416,-3.6585468741905824,-4.405248466032539,-4.021853926638953,-3.9424241388604253,-3.5066668982157054,-4.056939274279813,-4.263238420110424,-4.56268038911828,-4.279145316146261,-4.5593473446532125,-6.813473960247633,-5.951517078268198,-4.557694380847709,-4.758495623158353,-7.5141762229150055,-6.114710344792005,-3.7307920562422616,-3.610288009994788,-4.671710198881671,-5.045386459263295,-4.457292026541394,-3.9980211595265436,-2.411001372190513,-2.448828277280633,-2.998242973296609
-8.626942674688102,-8.078361424192664,-6.948538942570176,-6.378910410164627,-6.818874675036106,-7.030789118186552,-7.625878024397423,-7.389280684143609,-7.273628605483184,-7.085644361341644,-6.491843938990149,-5.386160480637111,-5.4371729452955755,-5.2850623129832135,-4.95488043030315,-5.931749911799416,-5.666561045709981,-5.642897963263747,-4.44212524345629,-3.6485554219158924,-3.610968873011857,-2.8484346671050886,-2.9062414487372132,-3.295089422300311,-2.2879712318604533,-2.1789250848814734,-1.7903752343697412,-3.706774318864754,-5.274063992379502,-5.407294191117192,-4.107148831188592,-6.200170476180474,-6.312305151017778,-4.482214558698967,-4.11719705183917,-2.4602506874429744,-1.78760432052026,-1.3169875232005666,0.08465436356844333,0.34982850919050495,-1.638909481218219,-2.6554389847977373,-7.243974382363345
-7.900347116949721,-7.322014084568286,-6.599340536335533,-5.764752520177231,-5.793923654722001,-5.936237387742606,-5.976635729653934,-5.761834614547457,-5.803237026136686,-5.769328319217932,-5.347863846803095,-4.553761226960229,-6.6681223934685185,-5.451095896498832,-4.401382827435284,-3.474130240467925,-2.736848136352154,-2.5840211867219107,-3.196309130600235,-0.475469170991381,-0.6660543136383663,-1.328644360562489,-2.280859931320902,-0.5800622950898058,-0.08713355751345939,-2.3807484435750625,-3.7631268220119996,-4.335175447498294,-4.008088225652608,-3.122064607761617,-4.755726638273195,-3.787100261549233,-5.77244082310944,-4.7489849834739015,-3.134741720686266,-3.356718533461119,-1.6131377827677045,-1.5113759723905742,-1.8260107134806762,-2.906414204047664,-4.6562404656794225,-5.290761801982397,-4.777955307551836
-7.105779683339386,-7.304214472486497,-6.513680076717202,-5.691793167767211,-4.938933476058494,-5.551468427207578,-5.818349016296109,-5.911316821407515,-5.3555652924700095,-5.211652989314098,-5.271492388811341,-4.680824201075483,-2.6121896718180153,-4.209762883676315,-3.598091270474464,-2.20085572440024,-1.7680547928018286,-1.1186277827673017,-0.7367553692859733,0.45440958649826935,0.33264493378075227,0.6809147123306473,-2.832986802312427,-3.4794181609283106,-4.400757138640418,-2.6838315567626614,-3.9252915384391085,-4.416971024383884,-2.6384342799752423,-2.2644556755994563,-2.6160367853065667,-4.676189616376729,-2.404737186353444,-2.991611695325305,-2.712934942173353,-2.097151701047327,-1.610801144720083,0.2105087167377064,-0.3782985987317437,-3.7247559100844363,-4.475051425156851,-4.984549990772959,-6.020496124080893
-8.081377895512349,-7.853117549875985,-7.008198257516332,-6.114775874974824,-5.395541423130869,-5.140946190273852,-6.034360493943276,-6.483949995018916,-5.796537211189842,-6.107708183876916,-5.864007128917371,-5.3948671999638,-4.630747052954083,-4.860965199165694,-3.732694187093548,-2.5650022947460487,-0.9289008358701474,-1.645633111233756,-0.9811167416610619,0.8935744693064133,0.837988417802918,-3.0258543248159713,-3.744942505419772,-3.7877391319088574,-2.7805544327972678,-2.490736081421842,-2.447692919216847,-0.954489755626057,-1.8071945831094074,-2.5004722708456533,-3.462547912542967,-1.476846479019538,-5.032681671227658,-3.7613738241500276,-2.9679197023668435,-1.9961539633996368,-0.06725017903912198,-2.8355578490723015,-2.6937320825429074,-2.8012815349218023,-3.8859850121301207,-5.570008651225853,-4.335902644700598
-7.518632116681016,-8.058283612462617,-7.311113769582543,-6.3588646826341355,-5.747990455054073,-5.728207549973081,-5.9248101695301685,-6.257925899017177,-5.968521019523108,-6.193034282088819,-6.825665102779708,-6.614737387416178,-5.461961909122067,-4.213791283272574,-3.2650758750682836,-3.135817170028483,-0.5881616064013255,0.24283048944425728,1.5466278757612206,-0.787508435316057,-4.274791669370324,-4.353692680316444,-5.653969973216701,-3.384312847806973,-2.9781203163262395,-2.411741888289555,-3.0568538655467297,-2.380145648791383,-2.1765097096201185,-4.0136862974125975,-2.921747463484708,-3.8671568069301174,-3.7783085020883136,-2.004313520682111,-1.140878749942427,0.08366964511294164,0.25702487440480554,-1.397808913385799,-2.136074571323033,-2.8422637981173606,-5.205262450434067,-3.925814192735167,-3.1612375186964607
-7.182720421021312,-7.783383401905551,-7.7226277465707405,-7.065659502343916,-5.8468286902392546,-6.22626163809509,-5.8965851870001895,-6.495934849714471,-5.935601644653545,-6.34402159227163,-6.2565339667593625,-5.407926219026141,-4.567453564419807,-3.8847616493827153,-2.864253584424323,-1.5925816234374321,-0.9336713601071804,-2.2206678093014105,-3.661050883534997,-6.557887663044873,-4.617160228048188,-3.23865145123885,-1.4817750695228211,-2.0939166634590918,-2.272484583193391,-1.7322917733268601,-2.4973164790983517,-2.5828975945553525,-2.0403915967385844,-1.0432711138133839,-2.28114299152654,-3.8446352441128826,-1.8914114809298046,-1.9408013677935145,-1.835394426756154,-2.8433802998716473,-3.1373026469504994,-4.4949424724667635,-4.741151699141947,-4.9153039219930985,-4.135716814747848,-4.1097510245664335,-5.053366132099612
-5.700936478023005,-6.660278285903245,-7.911362710542145,-7.993644723302227,-7.444395752790299,-7.013921565583704,-6.778994445984719,-6.257964808020869,-6.142236104974017,-5.149052869322549,-5.312313445209033,-4.657901305668182,-3.525060506529147,-3.9440503106020626,-3.037769529402042,-4.5577444592062655,-3.0191593198012185,-3.1357940149343744,-4.719715215768529,-3.5870473018928934,-1.0065131479991671,-0.8905172450705799,-0.26184129163253717,-1.4184376932252247,-1.3629457231484419,-0.3969625774774065,-1.4235330522719583,-1.6261337963849591,0.1860537152422292,-0.5295926364945924,-1.0507974162171223,-1.2290273769845275,-0.47093318173974624,0.01429278158753756,-0.9450029061979628,-3.1849384524764934,-4.220304677007031,-4.362488385144713,-3.890766828458042,-3.5682902810295376,-2.5315407496474718,-2.6319804922649093,-3.569574339218024
-8.115225322164317,-7.618858451051098,-7.3224632782682635,-7.025452492431186,-7.943938187314666,-7.648540058813974,-7.0786201578764985,-6.263560493288244,-5.31707009072089,-5.25378877599145,-5.246493443039595,-5.4003333637609,-5.143701013704786,-5.462204205433368,-5.741826397227033,-5.443297129269357,-3.8304194998696564,-3.091048887372005,-3.002656978092628,-1.9482886376733501,0.1630803103023647,-0.5777791845237037,-1.3709883772334326,-1.6560740199293593,-0.38513386903824676,-1.6174243560650836,0.6987664446928962,2.3511035221421968,-0.3456697402113653,1.3413204326392285,-2.273028535235116,-4.461803774883447,-2.1006332632345286,-3.724052257412147,-4.240188843641466,-5.108499097949853,-4.252695340007801,-4.053940676313898,-3.310431611965972,-2.824617224497942,-2.562029753929313,-2.2902870001314453,-2.207606516190577
-4.802735069453444,-5.7925584057533275,-6.097957918101489,-9.173811039887362,-8.692310998351122,-8.134018364894388,-7.290861224229077,-6.780727888884864,-5.823418980739504,-5.4950182163270265,-5.39778634993062,-5.002545094096593,-3.988418946507822,-3.1828984533905427,-3.7761971757462116,-2.0142902814571273,-3.200498655474917,-2.5625232624466574,-2.558818316389572,-1.571044777811439,-4.447411590574436,-3.6943881781098162,-4.269085810839795,-3.9778121669178526,-2.999863279626557,-3.21356015917228,-2.614706406332258,-4.146896133357466,-4.985377736286115,-5.17123176926434,-4.817026052099466,-4.529563648521302,-5.558893314813694,-4.931738487492339,-4.8146453057800676,-3.557692163662596,-2.892632174347885,-2.641427961466308,-2.148163673642751,-1.341113530998741,-1.1470506439084043,-0.12513142737778865,-0.14094954487436395
-5.456738286673587,-6.558852424785221,-8.460106771398632,-8.247876479151426,-8.48611062764755,-7.9346372268598895,-6.875976145401642,-6.564975294834463,-6.248915036816611,-4.7963244215186505,-4.521696472171131,-4.4612046957212215,-4.2869047463090935,-3.272630028565763,-3.2383499877925113,-3.736538111412097,-4.306270299731195,-5.135187375887015,-5.562378324558723,-3.6399827235170332,-2.328652957123693,-5.278606594033862,-5.399833125686289,-3.5624570825469744,-5.506170702326987,-5.541685782243188,-5.325163865967724,-5.228713988337459,-4.803279921549685,-4.519061340887185,-4.475462463436876,-3.731099289546131,-3.913540333291542,-3.8148474466227267,-2.399895625294756,-0.4592491653874977,-2.0107088054209687,-1.7827869080213683,0.5614976665996475,0.13771325461308423,0.843820366740448,1.0315477250623704,1.9567834180154842
-7.226219442436654,-7.884686036123346,-7.481844721746709,-7.934323507068296,-6.37558496854712,-6.739801714129024,-5.861224238939538,-4.666524279288736,-6.169988617722756,-4.387282251397045,-6.632514371516155,-4.879839272702361,-4.3515715611338,-2.8402602258191676,-0.9989534990828296,-3.0709655695505624,-5.410193767939813,-6.053072664495782,-4.026843560693874,-4.504580769236835,-7.1257447506910045,-7.455271124255731,-5.099464267330054,-6.277565534415349,-6.9037008684784364,-5.748774919770504,-5.54295265049608,-4.335340077356245,-3.537549394219945,-3.2396056002185425,-2.3083661814104577,-1.5097923445539003,-1.7871581702285375,-0.7866378402922924,-0.5878184419196563,-0.6549017568308331,0.7464855939498173,1.7968578912657347,1.6883734765800344,1.2404186398619346,1.4969591151890302,2.3027706758073156,1.6650606865484874
-5.482353836695493,-4.6589713628101865,-4.274585734858129,-5.661822524922083,-7.617819528570217,-7.58425344134961,-7.885450556087506,-8.361295650947326,-8.114490778972984,-7.263230569794857,-6.353005241352385,-5.216881574105384,-6.489343147866073,-6.597764042959336,-6.70861007119955,-5.993286659460526,-6.016821367133869,-6.67122335710449,-6.489364521397315,-8.815992272559775,-7.895036715460496,-8.219347153978472,-7.9485368597663655,-7.170241508002042,-6.154250912049682,-6.38794109705943,-4.528339054401242,-3.380471740115895,-2.7567929882881312,-2.1053492888713623,-0.379953270465487,-0.3655379768452109,0.1902442722869198,-1.2063890405520898,-0.38723213121608024,-0.007144477766421499,0.18729915649745782,0.5801855633668596,1.200123628911043,0.3339941920485019,0.8616227154946654,1.7569423681779714,1.6848001166963618
-5.779868130245917,-5.780986243463694,-6.445726793969722,-6.479877605423686,-6.633188476921945,-6.9820837119432735,-7.667813051810198,-8.018632484476752,-6.639214243660985,-5.784976764847178,-6.196651335456388,-6.127310513040406,-5.997915454870704,-6.575849735686535,-4.93164975502939,-5.852155034645957,-5.943429335454549,-7.6946298254958325,-8.388857475428978,-7.314849500293982,-5.253834814858669,-5.070344500802248,-5.862748734942968,-2.5486763502335337,-2.6788710882552547,-1.6298112291191154,-2.956419298320586,-3.5456926947103278,-3.4071188894258677,-3.3175090142424937,-1.9007210714835623,-1.0870663859161576,-1.1319512464209391,-0.986371529869047,-0.8823614010993118,-0.49357052420212577,-0.07194076635315565,0.4249421118037692,0.29256946743651474,0.60483594432043,1.3907642816551185,1.6732877566418658,1.2885900093328
