public/json/wind_2018-09-1608_700.json
{"header": { "discipline": 10, "disciplineName": "Oceanographic_products", "center": 0, "centerName": "Ocean Modeling and Observation Laboratory", "refTime": "2018-09-16T08:00:00.000Z", "significanceOfRT": 0, "significanceOfRTName": "Analysis", "parameterCategory": 0, "parameterCategoryName": "Currents", "parameterNumber": 2, "parameterNumberName": "U-component_of_wind", "parameterUnit": "m.s-1", "forecastTime": 0, "surface1Type": 160, "surface1TypeName": "Depth below sea level", "surface1Value": 15, "numberPoints": 4800, "shape": 0, "shapeName": "Earth spherical with radius = 6,367,470 m", "scanMode": 0, "nx": 80, "ny": 60, "lo1": 109.0, "la1": 20.0, "lo2": 116.89999999999955, "la2": 14.520000000000117, "dx": 0.09999999999999432, "dy": -0.10000000000000142 }, "data":
[rows 38 to 56 of 60, columns 0 to 41 of 80]
-19.067593505693573,-18.69508726263978,-20.97917489840546,-20.70888776870548,-21.350367514501198,-21.67903823767652,-22.734037390932972,-22.271758994803207,-22.42336856546265,-22.531817402418884,-22.994150820315326,-24.619097180024852,-23.488094356074324,-22.166639018523156,-22.950683395190833,-24.83857190715944,-25.626021220814444,-27.528051894011213,-29.73809392909457,-30.56802962497822,-31.602963603543614,-33.987965879067914,-36.53704035698918,-35.48193414413246,-35.49653225248625,-37.38263630525411,-39.88503084665609,-40.17428084022107,-40.156288842923416,-42.71299263456411,-41.435909246687146,-41.12925114016062,-42.034488355249714,-41.40606678827407,-41.38133207539488,-44.004163803986586,-44.01589099315809,-43.66464578900248,-40.98097577297099,-36.145389687577286,-39.968394028838006,-37.81850446035232
-18.782180524171697,-19.283011201349872,-21.39712503944172,-21.323830161374463,-21.426367699412033,-21.688398726415468,-23.582659279066174,-23.023997085059143,-22.828200627442833,-22.714119981437612,-23.297742239392434,-23.858200580414486,-23.36291371167887,-22.52620798296178,-23.88535747137226,-23.958240280890877,-23.421094199376395,-25.57033668457514,-28.585261737333955,-29.94198077124901,-32.3091019316439,-32.632810990494505,-35.11044207895387,-34.433211925489374,-35.05903793696535,-36.06326379381577,-38.17800260423465,-39.001150809472,-38.767961321826256,-40.8578305677066,-41.20377028693824,-39.954045947326826,-39.71005215839904,-41.73132754224426,-42.33967826971512,-42.72430283595779,-40.84725416886537,-40.209102192721645,-35.18561075684702,-37.713684291172434,-38.53567696650676,-38.541765918106876
-18.43823362412265,-20.21754823264279,-21.486217494037543,-22.28726743105553,-21.90529371381363,-22.005426765221443,-23.054759206065924,-23.090603421183634,-22.527430014912284,-22.458355199761716,-22.685742396756872,-23.158889952271547,-24.571275248937987,-23.480351775526604,-23.50168869178242,-22.212188702141656,-20.724552293752545,-24.845244441019226,-27.24335423479047,-29.504288815652647,-31.292488706360817,-32.85643547889478,-33.71914051783558,-33.325531148968466,-34.170468554549515,-35.54701840880891,-37.823045685057956,-38.22243161414666,-37.402205718518665,-39.27984751184627,-39.320651655672066,-39.25256344838442,-40.44138238696169,-41.432963217771004,-41.885920762438225,-40.1959660345769,-38.38210961744328,-37.06451765672945,-36.019588018483425,-35.39905422195107,-41.450478403376565,-37.51658790485615
-18.86385441180657,-20.2596954149075,-22.019242867430556,-22.824311874670954,-21.843911665927664,-21.774262902538833,-22.210433782759218,-23.317316993486536,-22.439576858751508,-22.061182253325526,-22.68113401564608,-23.86632469125663,-25.36698782428084,-23.474028551406185,-23.914102395359553,-20.854633628815463,-21.91661575397494,-25.68834869434983,-25.40834853997652,-27.316606576412866,-30.16129273626879,-32.70168062322532,-32.672432757343245,-33.68598812089949,-34.663985173331014,-34.839983377706616,-37.119341812047836,-36.313945300095355,-37.1025015048285,-39.03526254338561,-38.59663438677691,-36.75128621613061,-38.360093976169075,-40.84314257693275,-40.85016000025074,-37.984949860626735,-36.5015217954723,-34.94060510914031,-35.010942156198396,-33.635021543264756,-37.19205032077477,-34.79471402203681
-18.71455005787032,-20.354923465312513,-21.812383477307012,-23.227104131051743,-21.75358522052717,-21.307187009730935,-21.72890077916243,-24.1223043501026,-23.277204699026466,-22.715552815464527,-22.423584560067603,-22.383300417345183,-25.153849519222767,-23.895786057197643,-21.719809811314917,-23.05554392246338,-23.512972326344766,-25.516826137057937,-26.124467687050235,-28.476056806303184,-29.749308054754835,-29.883415460835426,-31.25694978916086,-33.15776409704321,-34.10622589548265,-34.025617036451294,-34.93636460121036,-35.08306037164366,-37.27503787025567,-31.582542903287205,-31.662846573433935,-34.2361039298389,-37.4023155172718,-37.71321921290635,-36.143079042789125,-34.08748660589748,-34.954064314102325,-35.44669346792352,-34.79661865573824,-33.56114331506645,-31.939221879976877,-31.656020735595483
-19.527881363563004,-20.96999971636844,-21.47392841572283,-22.617030435976183,-21.674621134968245,-20.946748376571538,-22.00284523509457,-23.97432870802176,-23.962541081036022,-23.16221843809142,-22.959866883448296,-24.17698927444774,-24.98120175910752,-23.278813227106397,-23.213868774855655,-23.49616666684092,-25.708698279231925,-24.69766694818596,-29.116298503394056,-29.698535060266273,-29.24800619866495,-29.585881274262032,-29.865185957575516,-32.17206825945333,-33.06034933331711,-32.48560178178998,-34.10369241827277,-34.97815068087832,-34.06368378281496,-35.404315977024865,-38.42193647427868,-32.52125602841667,-35.645367404864075,-34.72908879168757,-31.276948047182003,-31.821738337300097,-33.148418965039895,-33.933996189861084,-33.77444768232873,-31.71495933799674,-30.779605951312636,-30.982891475838414
-19.404615578723313,-19.77325648151779,-20.98307036914554,-22.11193605755225,-21.928188416378564,-21.695234814216228,-22.65642456537354,-24.24119726713072,-24.678201955703674,-23.583307606408177,-23.545384719133715,-24.31841527388939,-24.99282451503099,-24.861251071781936,-24.815559115616548,-25.848985492834025,-27.39810430747783,-27.438740697866923,-28.307362185247378,-30.503305182803555,-29.505419824942777,-29.6571597019893,-30.680355410089838,-30.648230076114785,-30.603842256407862,-31.823306275960082,-33.181926127662436,-34.530874874564354,-30.41371759339669,-35.16412343394009,-35.758814383118775,-34.1393946269146,-30.79532662650578,-32.47982957651216,-31.641443044877647,-31.296608116731406,-33.10236569745042,-32.368645937996334,-33.405154248374856,-31.911433386872858,-31.404115071167855,-31.664564606598525
-18.210493556870706,-19.620561998278767,-21.141226888848415,-22.120193446758282,-22.789478054401183,-21.89444011114226,-22.74029860626154,-24.47114803751022,-24.74366083536333,-23.664996179401143,-23.548547313868973,-25.21075496671541,-24.546195409336185,-24.589864254709596,-24.827336768657297,-25.46384732746988,-26.302829363732403,-26.802979445897705,-27.91571092569616,-26.8215246503776,-32.07616486359092,-30.920203965837878,-31.25513009594726,-30.006047023242502,-29.62657891736474,-29.399321438235855,-31.034215544991653,-32.54325033928776,-28.983526253857104,-36.44398985845524,-29.67306693681001,-35.90187630152858,-35.073063991144956,-30.87443052134003,-32.23781162041396,-34.37992213668189,-33.03387267916946,-31.287793406870378,-33.88164564789892,-34.52513227165241,-32.501727177962586,-29.373461103968555
-18.538332503755427,-19.496881795451003,-20.28545401482067,-22.206998084348836,-23.68167107865554,-21.88366647522788,-22.72421000710309,-23.651654474561095,-23.411647470171342,-23.504445600078732,-24.060426436852445,-24.64329634211355,-24.730643952425293,-24.560304795481223,-24.02727086426287,-24.805425006683322,-26.272218228353303,-26.618495649085684,-26.816554994218176,-28.220066477267366,-30.813082328673197,-30.268923094659336,-32.25806058466235,-30.67043050677438,-30.524830797274603,-29.924186010576605,-30.36707634161811,-29.67272608911053,-29.558220866815198,-31.33602952976144,-35.133942803371866,-34.80368526898792,-33.23876726938191,-29.993311240549723,-33.23922102996599,-34.55043233121381,-33.751110757847854,-32.90334054161357,-33.199224245791804,-37.03327400316745,-35.969611458668304,-30.73595915436337
-19.247168112430018,-19.22069856110736,-19.686734018405303,-21.732887438460374,-23.25077567896614,-22.69563287177839,-22.768608142789454,-23.418337356380206,-24.351998020002597,-24.792948447047948,-24.752818576865813,-23.259362789094595,-25.41277948368679,-24.015241804181382,-22.51749713652067,-23.763332927777046,-26.098218647717335,-26.592029996664643,-26.94897112035349,-27.9351077758079,-31.134284980336183,-31.41440104489866,-30.715978727658843,-29.449600514631143,-29.972951909928803,-29.29045680364196,-28.52579663746699,-28.192630378366488,-28.66140692447279,-28.279814961775408,-30.61643442246364,-32.892683759051764,-29.409172683507098,-30.67749325812098,-31.68784478049004,-33.5587254403957,-30.537605765803697,-35.42460575329008,-32.286575305805364,-32.04241783103648,-35.2045393948616,-31.90159959293613
-19.211385663380746,-18.885861434409247,-19.945634641513912,-20.518092623910054,-22.345295930219958,-23.986357562159714,-22.49736155798991,-23.70094270711734,-24.215223603833092,-24.577690920745663,-25.067306334711134,-24.893564646050454,-24.867437507883,-23.325226939569447,-21.417834632434015,-23.380384441973522,-23.731217947198544,-26.433467738714935,-26.67448104066259,-28.80637379236187,-33.57297369534959,-31.562039321465207,-28.353132632106327,-27.6645322891901,-28.68255140948732,-29.099084223368713,-28.106974570092824,-27.227968935014854,-26.402324176439645,-27.182461826027254,-28.228124426528872,-30.666892160404274,-30.638954065605837,-29.04612732018683,-30.93544997691764,-31.727307279123437,-32.93163535832353,-31.70734154287581,-31.374489462513676,-32.01188856484085,-32.74001096045582,-30.452407461468326
-18.71954399717426,-18.57508644290413,-19.427759473510605,-20.381917211222216,-21.698820658415265,-23.703930128655745,-22.873713868405748,-22.89218389568646,-24.293232405110004,-23.695276597365382,-23.554483950540554,-25.598311851713788,-24.423939900803138,-23.451277207519542,-22.659204163013804,-23.04102229081021,-28.21917390735561,-26.178994523666017,-28.124545557304593,-31.119393806127448,-29.279248840412617,-27.6975974334758,-28.444670913933006,-29.011180633766955,-28.842113352110324,-28.584560236110114,-28.407248198282335,-26.024612590264404,-25.74640271911609,-27.77894466089087,-31.039053262935965,-30.715088277097465,-29.0392072280445,-27.69172317840242,-28.919687667039206,-29.659521978605245,-30.122990530731208,-27.562102896522426,-31.269431214321052,-29.917444849464456,-36.03379204963532,-31.173158621647715
-17.215822929820806,-18.850058864066657,-19.857927383799243,-21.35310665883737,-22.043579575348936,-23.705896875378023,-23.38470403323675,-22.078902644596916,-23.733791092568595,-23.259748635708686,-22.575770949438713,-23.23014591633155,-23.43318754915949,-22.524096943791015,-23.06282336568011,-24.311283749950682,-27.856722547312106,-26.6231718393416,-28.16883798026832,-28.29749333931781,-26.860853046930004,-25.185071740544338,-26.865745494477753,-26.87681048872327,-25.45642060083946,-28.850780546789128,-28.658146606329908,-25.26012336368013,-26.746512456082037,-30.14622895947494,-32.871464006167415,-31.593237513090337,-29.276497309527404,-29.70913716402523,-29.323252786996775,-30.09808912897947,-27.199720540029876,-27.411472369031305,-29.466863054541342,-32.34883440886558,-34.83171435279431,-32.73505966285879
-18.571343691172714,-18.055038524551172,-18.374750501099307,-20.821761355799676,-21.697286084102373,-23.17210452394361,-23.436107586935552,-21.091118882169077,-22.08165977796789,-23.82150754918462,-22.368695526991104,-21.975909768215875,-23.7849250608642,-23.15242784210438,-23.642297615118235,-24.42633972682109,-26.066537965287786,-26.86347312428639,-26.236110803988094,-22.700088327617095,-22.796902641116656,-23.540669933153367,-22.411997847269532,-24.347016436653348,-26.74747422982624,-29.164787987396895,-28.01562687570251,-26.631301289076685,-28.43206033932254,-31.582275498831258,-31.17095953205595,-29.69924058121779,-30.288077183292117,-29.992962751223555,-30.03162422590314,-27.6759415564528,-26.710109058174133,-26.646518738327234,-28.671738726968695,-32.325023113796064,-32.41514449205904,-31.11019439652012
-18.052013155106067,-16.74860518106584,-16.80440351123821,-21.040155252538206,-20.51668132888289,-21.87859220475804,-22.859297375078498,-21.085306068246517,-20.606014080153145,-22.95739128542941,-22.805206755094815,-21.805705646747157,-22.52791141906367,-22.9623218829812,-23.419330036340188,-23.797661389116115,-25.8019367014629,-26.80022479236698,-25.457533636019413,-27.075532483580858,-25.478453468010457,-25.396857155455947,-23.432992611966977,-25.744707631487984,-28.142570444162562,-27.835210208399374,-28.351349732080017,-25.748342178479472,-29.252516286580644,-27.837249320044577,-25.450989079243584,-21.757246908489485,-28.968392508761028,-29.33853369405008,-28.748344937230996,-26.787760247139598,-27.26379139733185,-27.103726467079554,-27.628665349893126,-30.065035105726647,-31.77574039896694,-30.41603718696549
-18.18376290807042,-17.601681909376072,-19.74227720487315,-19.87617055070605,-19.527369309700628,-20.834011958244865,-21.660848561417822,-19.571952068949173,-19.629659735267772,-21.847548241553795,-22.688617422595346,-21.700532488681937,-22.23637706541099,-23.174672050730408,-24.627030555029133,-25.737105821630923,-25.39377592044084,-25.72508763353192,-24.813863865430022,-23.67080139894776,-25.53305879993826,-24.96914807350734,-23.49543398996068,-19.906055352114898,-20.738538327670227,-16.430171604115287,-20.460777481859232,-20.709463143015483,-27.860426322400492,-27.097960417127343,-25.487726555788868,-31.224901737107036,-27.712855719974364,-28.385717410984427,-27.22501113313983,-27.911344793372923,-27.49067091823306,-25.967612475866673,-26.73675500502467,-27.785964217695625,-29.40125614829228,-26.83212433888119
-18.95531941327493,-18.613522564128196,-18.621990995759305,-18.56909306282109,-18.75021622961707,-20.20458034409366,-20.46822929372067,-19.583661012453174,-19.80997832843251,-22.57730039249921,-22.671834680744457,-20.59994547661453,-21.198770504197554,-22.03153342112587,-25.44114485264833,-25.828875625341617,-26.278185230436513,-25.711755969809424,-24.925815874079447,-25.168864076289818,-26.153258738567196,-25.645307937104967,-26.7093608463216,-28.043619251726156,-27.50464926186796,-29.3177077425614,-32.92859479677871,-30.746677338922304,-28.089390721720953,-28.455275133117823,-29.36762245152601,-29.682357079117136,-28.369309038400534,-28.64224642346075,-28.128086100180752,-27.363309625872574,-26.88806619137116,-26.128803459186955,-28.435653302345855,-26.86105633002428,-27.393712856174005,-25.707192480337405
-18.157775704899624,-18.47862839188117,-18.11376699702707,-18.858685626367684,-19.711534132198814,-19.505455341810222,-20.63879619542568,-21.16491829396913,-20.51847606663896,-22.2259388345364,-21.0463248417682,-21.53687633241862,-21.17705628040808,-23.113078499036583,-24.39066992847404,-24.8259002607334,-24.183956846681077,-25.429887635606136,-26.565025562604013,-26.40641257370744,-25.247368100705412,-25.144238016517335,-26.19165562213689,-26.73593570580034,-25.24746461969483,-27.279502679929468,-30.067420305661205,-30.143916122948283,-28.632793908087226,-28.92540089231859,-29.41534172011856,-29.401249618003657,-28.961263631685263,-28.334311782885468,-29.278352900414447,-28.702288411103957,-28.169741604228264,-27.123385440696595,-28.48211172092902,-27.829392937396754,-28.032556270957375,-20.014014644159843
-18.050066694808955,-19.01986482425669,-18.803261516221145,-18.987066976802097,-19.618730352775597,-19.84835674606947,-20.323869049914784,-20.546401312108674,-20.11072092962505,-19.66254374091093,-21.476274637293407,-22.414073059187512,-22.412450816894605,-22.313176116262213,-23.869012384721238,-24.897610281141446,-24.22004752726292,-25.23668462007252,-26.257459861620056,-24.915929782208874,-24.175981270490844,-24.31556614419562,-24.965006863698438,-27.19837023182239,-27.168711926654776,-27.864670807353725,-28.805723051232633,-29.32334617419856,-27.443639486490564,-28.403230153043705,-29.26630499348907,-29.376232201803983,-28.81815998995969,-28.588704869658333,-28.818396640103792,-28.99060193076828,-28.626579755013644,-27.637144160013946,-27.710739796338345,-27.458949479812784,-25.21122066510795,-28.2973051805963
