public/json/wind_2018-09-1517_925.json
{"header": { "discipline": 10, "disciplineName": "Oceanographic_products", "center": 0, "centerName": "Ocean Modeling and Observation Laboratory", "refTime": "2018-09-15T17:00:00.000Z", "significanceOfRT": 0, "significanceOfRTName": "Analysis", "parameterCategory": 0, "parameterCategoryName": "Currents", "parameterNumber": 2, "parameterNumberName": "U-component_of_wind", "parameterUnit": "m.s-1", "forecastTime": 0, "surface1Type": 160, "surface1TypeName": "Depth below sea level", "surface1Value": 15, "numberPoints": 4800, "shape": 0, "shapeName": "Earth spherical with radius = 6,367,470 m", "scanMode": 0, "nx": 80, "ny": 60, "lo1": 109.0, "la1": 20.0, "lo2": 116.89999999999955, "la2": 14.520000000000117, "dx": 0.09999999999999432, "dy": -0.10000000000000142 }, "data":
[rows 20 to 39 of 60, columns 0 to 44 of 80]
-7.516244814068763,-8.089531680644646,-8.117977575895896,-8.212744137068109,-9.338872445816715,-10.283516675130457,-10.249611110213,-11.171322495888894,-11.04544159989921,-10.619885541732907,-9.950918023332887,-9.489056102079166,-9.234584185563792,-9.399799824806637,-9.725793166631124,-9.999172466220337,-9.221623892027825,-8.895269572039041,-7.664314346176506,-7.777074028077982,-7.159092204660244,-5.106515019409675,-4.974626506602418,-7.460128360991629,-9.394883869558662,-6.108297105841812,-8.587643656062813,-6.237677423632304,-5.313853859027018,-8.773286826654141,-8.655399792675098,-11.090716264677573,-13.30338874044515,-11.44672509224807,-12.498905303424234,-10.197060534775098,-10.086623687108414,-9.65635707709259,-9.500037777099925,-10.128056291450115,-14.097587915635968,-13.73629822610873,-13.673514720073179,-12.381203905556116,-14.0417516883649
-9.373559777317807,-8.992741606593887,-9.009249993370428,-10.168943867419422,-10.216312463663135,-10.763681411442555,-11.170703631502562,-10.858131577007683,-11.485508322918948,-12.054570794932445,-11.35230109018718,-10.102129186745783,-10.0734055765576,-10.211141660125723,-10.817896221058202,-9.912206326298406,-9.802530871500334,-9.811046329462805,-8.930817555875153,-7.119790721058358,-7.614303901153374,-6.775007468224878,-1.4023226457925544,-5.1766137879894725,-4.548595158080561,-6.02937951419555,-2.011120010964011,-10.160616346022888,-7.719142027254611,-8.965163926694977,-9.328383891426508,-9.31191462298985,-9.333648971024505,-11.175730786433007,-11.316879471131125,-11.693687110976887,-11.11226752739942,-10.08468757538416,-10.165265103710189,-9.235150335013676,-4.886349055413083,-10.51656311972002,-10.335048074836719,-11.466733829891156,-14.63581299544851
-10.044196756479767,-10.366926725111782,-10.431017042156597,-10.790214406110083,-11.961052980169452,-12.136817015093307,-12.17302739618059,-9.785141764812577,-11.119997609606388,-12.870111309731861,-12.301428335051913,-10.666906117230187,-10.274472504453957,-10.621531064700834,-9.36814672651081,-10.354009980903434,-10.000116323775714,-10.276342861467086,-10.536480376265445,-8.728479574726249,-8.541456508023126,-7.299086811003075,null,null,null,0.4535314429518863,-6.308044132535796,-8.348610375949992,-8.8236043207241,-6.8936581505783145,-4.697734770308924,-7.228690908646496,-11.684265995459882,-12.978449793780678,-11.438277818899882,-11.129047516986017,-11.608236919385963,-11.185763358412661,-10.465205543549981,-9.53548981013836,-8.773692543411578,-9.736905229878388,-10.769988072580906,-9.705477186176699,-11.69180533262173
-11.167204887622905,-10.262998737857885,-10.959264932930598,-11.355721515020528,-11.344033387450807,-13.067180158685579,-12.888584625075733,-10.313930404557599,-11.073580505582898,-12.30559155752644,-11.92799487736563,-11.108905820194684,-11.240949516491668,-12.611284981931782,-11.657765684005424,-10.428419600090741,-9.452554365122204,-10.786021276361755,-7.653553221527972,-8.29033314364275,-8.824278709624597,-6.254145821755273,null,null,-2.478184672740438,-2.057901434444372,null,-4.589516676356139,-6.6663975742781005,-7.279227489826885,-6.280207686828772,-5.779508959705041,-7.539218420472528,-9.16254762035935,-11.309690670847548,-9.192597079069927,-11.583825254327293,-12.4199663498685,-11.62431439423313,-10.54659141205498,-9.796672122098292,-10.802124575003427,-10.739564539088601,-11.535577101723364,-9.130747491534539
-11.13827394425221,-11.083882012704418,-10.767833419377215,-11.869579984512738,-12.163598095343502,-9.902469913603689,-12.106293234077711,-12.65892044603693,-11.741085068257412,-8.460225424678196,-10.728118512257936,-11.79336643719691,-12.097534520182606,-12.533773651332048,-12.344621638930528,-11.25669252450027,-11.288143013276727,-5.6728263459265875,-8.274751403276518,-8.28472633684899,-7.5713113481120375,-7.71551845787044,-7.544823858886228,-2.628115570831574,-4.212376222906174,-3.2657047195830695,-0.9093167333372209,0.46069095256671283,-4.348723631251071,-8.23445118842091,-8.390265657919748,-6.563464373956142,-4.24848296262133,-7.166354990129623,-10.604363729613635,-11.274504631437763,-8.978462470431516,-13.54014430267993,-12.917965427239459,-11.572157898646507,-11.39752277545598,-10.766345257332214,-10.20313863560126,-10.483228904923543,-11.879679016214592
-8.874414142441669,-11.374386239506961,-12.291355985975061,-12.926912003891914,-12.519435513419207,-13.268314410791662,-12.864085215286174,-13.6807337492748,-12.260828854770246,-9.757594645868435,-11.40851191795948,-12.342992647020504,-13.037364599144748,-13.862142395693404,-13.195933876831266,-11.836971622726614,-6.717558936281268,-8.73176639409491,-9.332329776365482,-4.39941423195223,-6.667905117403618,-7.067672004252901,null,null,-3.155684425904835,-2.697352653839479,-2.396047009601799,-2.521064875302433,-5.498082252098813,-4.927150566679818,-12.211845804453354,-8.357988080520256,-6.931461167609242,-6.701401411026472,-10.970309093532098,-10.920546617331642,-11.875282945418105,-7.00367055642343,-12.823073913700457,-11.297003511763089,-11.602432745556877,-11.49976999725278,-12.371655778069302,-12.247601248128138,-10.787910689940215
-10.157905383632725,-7.741291730288846,-11.448285163190533,-13.107491466879026,-13.681303278672527,-14.682166646750614,-13.714737909447873,-12.398435785418533,-12.999342373167895,-11.613421929144334,-11.331307628919536,-11.789753042497493,-13.230764486816321,-14.096457372290907,-13.299319346722237,-12.438587870802284,-10.952785266161444,-9.871397503235015,null,-2.134219053519542,-8.470368203813821,null,-6.071159353518875,-5.7766016131580855,-5.6680709847567,-5.670575030036178,-4.669204688359402,-2.753741211630193,-4.995921713934165,-7.414152128791111,-6.166143348946263,-11.777177846050563,-10.42385469165578,-12.170609437917193,-12.75734036342212,-12.150469262108224,-11.37871859958864,-9.267129450072309,-8.291273929390778,-9.919906770421083,-11.549832973843486,-13.034003131925985,-14.68410037968431,-13.857113812420776,-14.158095250089206
-10.807320350814527,-9.3150441412435,-7.5816286828475485,-11.686240167161431,-14.464753620386995,-13.712093440975801,-14.635786316357839,-13.976189167810919,-13.495887131598746,-12.454932330505512,-11.6833981263776,-10.488350869779952,-12.812903768214628,-12.878904292052306,-13.603343690689828,-12.986312556762304,-10.249423639807326,-10.685756755243542,-10.31109264385964,-8.784828340367032,-6.232169941400714,-8.027292607311391,-6.184832938371174,-5.378869157420049,-6.757195960950662,-8.705539887573316,-6.925374136038835,-6.4982006140871285,-5.565262901204118,-7.877416929883838,-7.859571941276551,-9.585725342374051,-11.669657679252058,-11.244325656440937,-10.102972023554088,-12.882662665542755,-12.17599441831007,-11.414157623401318,-9.931369801884925,-11.73923349432813,-11.000611856737788,-13.003941009534994,-14.836413393853988,-15.939348523399024,-15.161433399895946
-11.546897182206996,-10.143676749503362,-9.015404260530994,-8.706905612692788,-12.590996013981412,-14.199736951924747,-13.409453624963291,-14.345435035397388,-14.101309587380271,-13.331679120325159,-13.48881054416445,-13.012813462704473,-12.967768630519961,null,null,-10.012533943703755,-11.317961486550889,-8.28149438832109,-11.770080470964341,-11.005239760725322,-9.211383797326999,-8.660612152921207,-7.977640995964388,-5.577855629985221,-4.865572508337102,-5.565605554925139,-6.9644224254284115,-6.148560541571974,-7.878815572455348,-6.33107302700482,-10.880093544305984,-4.846301870201694,-12.391462890258207,-12.337543404919831,-11.863677604644835,-12.50734660918274,-12.747962865985741,-12.70374397826437,-12.172511247486714,-12.17482935412964,-11.89664308484604,-12.398230051230218,-14.088689903350705,-15.63575095129421,-16.44351559519287
-12.91788443762946,-10.856644809175314,-9.895320980486774,-8.188510620761894,-7.580526670773395,-12.904056148102182,-14.739742855573095,-15.000760888120851,-14.788344611201941,-14.399713289611965,-14.34684591081713,-14.467643722129605,-12.521296860890613,-10.61723371641324,-9.261912191977958,-9.404146828865514,-10.744823777201255,-11.100586971902102,-10.58651658200216,-10.0824362582164,-8.805118192600258,-7.290155595668335,-8.72825538796578,-7.445226463106247,-3.9517418750552036,-3.8551264795811115,-3.278133595377288,-5.282712256260892,-5.912037974884092,-8.364692756266443,-5.883389544930628,-11.374798468405249,-9.007769017948155,-12.837731418309254,-13.245591183992685,-12.569978684154101,-14.808212523262945,-12.865197611430759,-12.692843538548438,-12.510886663845293,-13.088267622407557,-12.361200211865949,-13.364223909019927,-15.077722081377448,-16.409019609026778
-10.66404893162848,-12.732731698061938,-11.320166588122024,-8.13002277208515,-6.982775529585874,-10.187683929582812,-14.21938000405676,-14.973000242945945,-14.883323016778817,-14.759396205302684,-14.528335288456438,-14.23457039135549,-14.072836850960112,-12.065129162364531,-11.256466331668278,-10.27477411390548,-10.498843260489364,-10.849021995326538,-9.707872432594844,-10.729825970231936,-10.788027532039711,-9.377998750974058,-7.340060030934641,-9.296050840265544,-8.499119145376444,-6.602132345373368,-5.483679639133254,-3.7976614157669086,-4.667271210083175,-6.551593631198673,-9.797757871693559,-10.956744829512324,-10.874663881234301,-8.126550954795427,-12.940114953444269,-15.609849874781533,-6.807772017166849,-10.475339640616266,-12.2395540296959,-13.297318403187358,-13.368257263425953,-13.492103627450746,-12.565375254983042,-14.477630220913456,-16.26058592689019
-9.310366867506673,-10.46770281579692,-12.919605426260155,-10.610346466289474,-7.786111912438956,null,-6.346079194965519,-14.313210484438745,-14.316404946051769,-14.025818652296152,-14.179773358407207,-14.254317781661335,-13.768942153290872,-13.52710172690792,-11.631397413029845,-10.894587229554432,-10.445551249596312,-11.713172260975988,-12.00094540800422,-10.270669917370224,-8.94992373072741,-9.784840680079588,-9.670580761040558,-9.603314102551728,-8.287814448739644,-7.652234332688571,-7.148868063140803,-7.737940156781802,-5.194107758993811,-4.212159849107689,-7.646543932676797,-8.264294649412385,-9.822170361516323,-11.817340013064594,-12.166261794722836,-9.654538049477345,-12.230406557213847,-12.271033936157076,-11.631283465584453,-12.30835446451149,-13.883649999950048,-13.606900643010311,-13.906943857613644,-13.10038610473055,-16.091882276453767
-10.496285469176527,-9.291514066344908,-10.16483693988277,-12.065174213469563,-10.516628415572667,-7.042750169341519,-6.002636798747069,-10.030075923335172,-13.821908931952196,-13.491820859341571,-15.095133048968425,-14.0596962066822,-13.845738752276008,-13.373470204262334,-13.008588926233124,-11.27956836278673,-11.021810366275888,-11.376070761547286,-11.577350240495731,-11.740486241569856,-10.537738418256998,-11.549752177652042,-10.976369936782499,-10.19217168067165,-10.621207211277055,-9.500067501243974,-7.67325554067965,-6.738870264481292,-7.896822158244437,-6.6388807318923595,-5.86098215013596,-6.2364315888536455,-8.710219636572262,-8.711183667348935,-10.36131528514617,-5.090552830187445,-8.038304437258939,-10.169220720288234,-12.156053441492224,-12.121201393732942,-13.434342932543693,-14.697555901202719,-14.888219753820426,-14.909711255757458,-14.222343184717731
-11.38105395435295,-10.970525819525099,-9.063219786723137,-9.940737457898319,-11.986007460877406,-9.040269680253182,-5.954413752464667,-6.660805518694838,-8.310516390993325,-11.131502830502267,-10.428207234184763,-12.54824350306572,-14.084416965020162,-13.744385964368739,-13.752875577068028,-12.638297440928191,-11.53558592443484,-9.511587532625507,-10.764674680724877,-12.246968600319866,-11.339570694316395,-12.248121093664407,-11.026807967928029,-10.932499628975807,-9.75485438084146,-10.036445314711848,-9.098219223504618,-7.045644085045679,-2.454990657203356,null,-3.7542099552543906,-5.0338317060425375,-5.255999345654029,-8.07466048566691,-6.677885168212308,-9.608964525592995,-9.880545532692347,-11.601738294838844,-10.448829366665324,-12.981817638320898,-12.66413549518579,-13.762997123562217,-15.740956555729719,-15.539651158454133,-15.67415334451572
-12.257594151212764,-12.382479961697745,-10.324711871993902,-9.411548094881073,-10.290484921816052,-10.46317982224412,-8.519701037982495,-7.536264860016901,-11.600873712226253,-10.080881860541206,-12.066165610577803,-13.125016565439463,-14.061160164981171,-14.182836971968554,-14.405371428501477,-13.75646498571026,-12.411760321179681,-10.422080882849716,-9.613269250475641,-11.804192255156284,-10.380672726139954,-10.25018505395746,-11.466719836322579,-10.900656294703253,-10.739596589472361,-12.793547584572444,-10.515949506632067,-6.098306426816627,-7.218914399939877,-5.561133713915901,-4.399900961820741,-4.704932724930363,-5.075204527829314,-3.95765530341804,-5.535087054340268,-10.168998387138021,-9.845788011300217,-11.972709554837458,-13.31824849265653,-12.502629405838674,-13.075796093663559,-13.652218571303205,-16.416457894520484,-17.016109261852005,-15.368291328292798
-13.488421746148264,-12.787158027360949,-11.521486642888638,-9.370266246753399,-8.858049154365766,-11.874299850302753,-9.649448340832548,-9.802935847199995,-9.52676398585543,-14.411226433132825,-7.118938609299882,-12.247201975226721,-14.388359825078053,-14.316949498573603,-14.802674977948945,-12.285969356255332,-12.51962158493475,-10.773367123602899,-9.79725892814395,-8.092674514688092,-9.456256910306985,-9.929621638868294,-11.768092818347576,-12.802417757865577,-11.832309309347018,-8.454314327823493,-10.780683154532257,-10.072845017337968,-10.443823141403849,-7.16771194098428,-5.682599723317489,-4.9522797092362865,-5.989163193739667,-5.690888071664679,-10.205923183780717,-8.919255479457096,-9.496335228863494,-11.239148775067983,-13.713334951667404,-12.245007189873492,-13.123979581382999,-14.89128515840036,-13.362049420866688,-14.822181988773314,-14.372812424152052
-14.396316513779643,-13.388442571838302,-12.806731678199828,-10.715173469680227,-7.29814838301356,-9.690717344707291,-11.952991589507054,-10.441007684968916,-11.081172249531352,null,-10.221092876735336,-11.342334096517636,-9.8758170562783,-16.01447227963393,-11.24900441549834,-11.968210471664703,-10.442628433859921,-11.454339306079422,-10.519185260719297,-8.771621261934419,-6.012819482820488,-7.0666604650658185,-9.2785701727138,-11.697940199072347,-10.266472052185435,-9.42823277391259,-10.00768577945917,-10.520128369098042,-10.126476296868395,-9.963807964407389,-7.211684348185788,-5.8345407684838,-4.403063720387012,-7.051268637092598,-6.891577588875045,-10.54204842206554,-11.381502703803317,-11.452747573532292,-5.179698196267643,-10.749770301069445,-13.720708974066332,-14.404740667408308,-14.703451909444311,-16.36491550439988,-17.97069546951831
-15.022232689534743,-13.414829789888618,-14.328192596010965,-12.225327429519254,-8.915000934617511,-5.8316459695299665,-10.04931708318377,-12.58705085141057,-9.032645900092533,-2.8091784738760577,null,null,-12.886271443718176,-9.136745099575204,-11.768835928807032,-11.517289958210359,-11.689811667554181,-9.882812722990154,-11.103676447141181,-9.079906752003291,-7.341297148598927,-7.5586436358616655,-10.980104477888915,-6.297236725270637,-9.792273992361391,-10.045780452801253,-9.411886819600726,-9.503348036292167,-10.044201310418574,-10.146520552504512,-9.976491947054257,-6.333634155598631,-3.8851569000131865,-4.3007203400593905,-11.098224174154218,-11.289610528987286,-10.555458006298617,-11.084431054510784,-9.214714807314923,-9.33136390293832,-7.004875330002786,-10.351595726869855,-13.304410953359787,-16.15904777260505,-19.991644732921277
-14.316610796484337,-14.683630496249954,-13.937663364576707,-12.781207742615036,-11.321567216979188,-9.306185891072097,-6.327103667117304,-10.350741933852762,-12.232818316762874,-4.591016492295484,null,null,null,-10.223885384733908,-12.287429815912867,-8.849279540511192,-7.972892895156852,-7.95556293497559,-9.10485001477607,-10.118261359138671,-10.304217304264938,-7.413327791026441,null,-7.8604314445749095,-5.469919147152172,-8.042438690931025,-9.547480911480033,-7.095326889924796,-9.132105347073697,-12.123426918661993,-8.895877627620706,-11.124520979921904,-8.456171199430557,-6.6868833985778675,-7.144186198675925,-14.122598548649329,-9.35412234069672,null,-12.595161641719478,-10.520284783664874,-12.34181575271512,-12.679790138799106,-11.74705196445277,-11.805179477321758,-15.33978478196726
-16.199770022508208,-16.638016449619997,-14.52341313109081,-14.205086996263056,-12.705897644824507,-11.71763098458658,-9.487275571819614,-6.031096748047656,-10.822615827485278,-10.11864287844129,-7.657128759759416,null,null,-11.085263598629751,-9.269633977108287,-6.384339099099394,-9.02720943839087,-8.956160460670796,-8.635233736857684,-11.593369572161595,-10.03760895114986,-8.336116349576006,-6.330388445249776,-2.2528322211094887,-5.873052534657782,-10.134415347766062,-12.055351210941385,-9.645831634922768,-8.375471291401212,-10.102090629633532,-10.986966932457154,-10.957418854411737,-11.027624911379828,-12.289293085130062,-12.394681452006099,null,-3.926987690470435,null,-5.255708618857526,-11.76706777151426,-12.808026218474575,-10.906995087000281,-11.126877638960384,-13.544217427708976,-15.513372913435283
