public/json/wind_2018-09-1606_950.json
{"header": { "discipline": 10, "disciplineName": "Oceanographic_products", "center": 0, "centerName": "Ocean Modeling and Observation Laboratory", "refTime": "2018-09-16T06:00:00.000Z", "significanceOfRT": 0, "significanceOfRTName": "Analysis", "parameterCategory": 0, "parameterCategoryName": "Currents", "parameterNumber": 2, "parameterNumberName": "U-component_of_wind", "parameterUnit": "m.s-1", "forecastTime": 0, "surface1Type": 160, "surface1TypeName": "Depth below sea level", "surface1Value": 15, "numberPoints": 4800, "shape": 0, "shapeName": "Earth spherical with radius = 6,367,470 m", "scanMode": 0, "nx": 80, "ny": 60, "lo1": 109.0, "la1": 20.0, "lo2": 116.89999999999955, "la2": 14.520000000000117, "dx": 0.09999999999999432, "dy": -0.10000000000000142 }, "data":
[rows 22 to 43 of 60, columns 0 to 49 of 80]
0.21061748365898617,-0.25017767222182896,0.2556765009078337,1.7801217448475806,2.596433370620367,3.9769804077592794,2.080893936079942,null,1.6748626054328104,-0.3328652254682267,0.4489149522191597,2.6259108246876064,3.5040760968627502,null,2.888885517749257,2.981431344832299,1.338871338798907,-1.3725939588239444,1.8517455843668587,-0.622905531908077,-0.2162956061627314,null,null,null,null,null,null,6.243716547384355,4.896861018027737,2.0157867631065503,null,null,-0.5127801350529628,-5.1274874729501985,-6.111888128536041,-6.019042736735187,-7.4145472160340375,-12.251259418310447,-12.454374836239307,null,null,-16.269218528842273,-27.723418825781543,-29.91397079212353,-28.396139756184148,-37.51803628087299,-42.3965626923832,-41.510245577904065,-40.33263522821202,-40.13638819734764
-0.5940103001154943,0.31213225423788227,0.6526952567326915,1.12687960197243,2.6588177554530126,2.524394158499856,null,null,2.135231843898765,0.6499009191369651,2.0218714233933794,2.923610477880019,2.1820218607675432,2.4010020823339464,0.7324224472497395,0.3617545705818756,-2.046127261629099,0.1238748630546588,null,1.6290917145412522,0.5222533312544607,null,null,null,null,null,null,6.53439532421364,3.5299217540064274,3.0558412953166094,null,null,null,null,-6.168493822083411,-8.648344160899923,-9.357359159689203,-13.827692426882829,-13.562237440487548,-17.22133028883686,-16.191708244261246,-24.66853672561405,-27.307914764233555,-30.517767056125983,null,-32.314667240734394,-39.00146211857009,-40.82994620630364,-41.181719095177165,-39.84871403819706
-0.7796410297529103,0.10693597100522738,0.15834500233660728,0.6141373635009588,1.2506776574767413,null,1.1646046353701902,1.1202776689048881,-0.18251799862072848,null,2.9265745717020364,2.438291953219114,2.516716527637132,-0.3720555459721074,-0.5307817656973626,-3.091795994773883,null,null,1.1614927091805187,1.3188087500433332,null,null,null,null,null,null,null,null,5.226784519814337,2.1211114693468773,-1.1904282996515065,null,null,null,-3.147070327286782,-8.640955689728653,-10.934837601377517,-15.215710193616925,-14.461297801056851,-17.489325588633125,-20.21712446041796,-23.2375330223041,-24.94970338370912,-24.56639018592311,-30.75414018178608,-37.32800634554657,-41.34409797648854,-39.670706302242635,-37.28362182814135,-35.9628834435873
-0.8115976976283772,-0.035838904422891796,-0.5912847455496231,0.735637065936364,1.2728654894089018,2.1680672549323114,1.5567842358984385,1.032745307875809,0.8079627683921353,4.406783856204611,1.6737569032440685,1.067291631715173,1.44907524451023,-2.387435331558081,-3.4137998968387553,-3.8791371404039,null,1.9217943570295297,-0.7711586375428405,null,2.352733123974613,null,null,null,5.793991299939908,4.316391754891519,2.8922034136380064,-0.11658151724498987,2.456806523709767,1.4152296525590744,-2.6124861514818734,null,-4.137728890026059,-3.239361031914945,-4.72152083721116,-6.964376458018862,-11.18103591120721,null,-14.859727546976456,-18.420048393280105,-20.93427926580523,-20.075584839177168,-22.900507414408747,-29.027967179218834,-34.741321565657174,-36.822618331825495,-38.64654885371478,-36.93739886313554,-38.785745166827155,-35.79780456203977
-0.9953284297628118,-0.249623563524436,-0.22301759621625813,0.6587780933057004,0.8986434911007678,0.8485856269413677,1.215125178591629,1.2950831259770637,3.175867679578851,3.0428275610531097,-1.1352284798759085,1.9407800110854516,-0.2245442081014406,-2.7728759698082404,-3.604891573055186,-3.9741444144146434,-2.252568335563369,-1.208534263084713,null,null,1.7048815863343016,null,null,1.9094626643307073,2.505000611469347,0.9649917363286259,1.6835667091937068,-0.6817541920535836,1.2040527932371428,0.1629309533950461,null,-3.5755011111104507,-3.420895329936905,-4.8781633471886865,-6.598699288815786,-7.6948205148796704,-9.552882483229457,-10.524102009716243,null,-17.550718697687095,-19.266411951572067,-20.965368352972657,-23.118982921250222,-26.600405653103316,-32.185514158083706,-30.73151723161926,-33.64429513703249,-35.309208983170315,-37.48511010915207,-37.510719559228775
-0.8800646485213897,-0.8484613004082003,0.3264455188817467,0.33058897144489563,0.11167433241258545,1.5322234877187548,2.139906551670328,1.0139702242971644,1.4341506965657242,2.330410324133878,-0.7969204036179732,-1.3030325577005883,null,-1.7769707162727508,-2.5596337003828236,-2.0357123470811334,-1.6606535157138909,-1.346831372873807,-1.7540843867286484,0.7256180024003258,null,3.4943708190552547,null,null,0.5020628295613029,0.9809536592623266,-0.10970656043319152,-2.068820682171946,-0.5389862290692238,-1.9743672320219832,null,-3.6120951042734335,-3.7300060390079413,-4.430760530170513,null,-8.64070489684828,-11.465895565264468,-17.46962884191307,-16.472422327466468,-19.610734683989268,-19.31421782034808,-21.747795217394557,-22.754537967471364,-23.90654148303571,-27.67325134943657,-27.84695900653678,-29.007731366145403,-28.506752213019038,-32.14953758377718,-30.435959167514234
-0.9941047770930472,-0.6516850150262181,-0.40893680047419334,-0.1790027950076201,0.5003587560608396,2.8971102223983696,1.1026201055489886,1.6448651401957963,1.4924045640055281,0.6445542829241269,-0.8958468364382877,-2.6724041092129838,null,null,null,3.541585700868866,-2.180040383936441,null,-0.9960282737072939,-0.9005505509206004,0.2026976746343211,-0.9005668945990505,-3.419797567258295,-1.0894247732454907,null,null,-0.4056952453644723,-0.524499684222486,-1.110461849033638,-3.8756294138669016,null,null,-4.9004792299016735,-4.728542323369581,-7.134110780844436,-9.874525075796956,-13.189327978014429,-16.50234163602449,-18.18739745426197,-18.542479697127717,-19.176951655442046,-19.268454653799303,-22.6191274993361,-23.881734935596107,-25.748258803090764,-28.037768042963997,-27.820126946195472,-25.800375347671743,-23.82723567164234,-27.896439291836643
-0.582223682371391,-0.5419215597534187,-1.2766184198480337,null,2.395304328667387,1.5796560903109567,0.7861440292990232,1.0032815552840972,0.5986392140243807,0.5961420822683782,-0.47425886413295276,-3.244564549354326,-3.508293780470741,null,-1.322627145767847,0.7179809340771556,-1.503952900348436,-3.0415205098677878,-0.7581002136417123,-0.5161788552408431,-1.3483332468975515,null,null,-0.6622960936191968,null,0.7468123785986711,null,1.636685717503728,-0.4915972813111801,null,-3.8386509680003016,-4.480308424900736,-5.89924274890732,-9.471860784759143,-8.46908640772979,-13.988627092489674,-14.490298061530764,-14.318276485632783,-18.520592371458335,-19.13232623489452,-20.023884945852267,-22.427314121471028,-24.165109503267164,-22.85023880017188,-24.105223350685062,-24.779753775723393,-27.420839320653222,-25.89964320397253,-28.525890794053833,-29.56912024573247
-0.0640922057790807,-2.4578048821808105,null,null,1.050869020819844,-0.8438904572515025,0.6953215412933305,1.066482069929663,0.7578022081303057,0.14438160429800662,-1.316337562243043,-3.836993485423909,-3.5979186380245864,-3.4890802525833196,-3.1338975156371625,-1.7963986821168243,-1.2705933997530998,-3.1514634352037008,-1.9283165487395233,-1.464279873679522,-1.6632274192701202,-0.8503645759737593,null,0.02423799633296314,-1.1670638939473459,null,1.9944771999844215,null,-2.0943691956108297,null,-8.09700521002496,-8.433945240117628,-10.708611612945841,-3.861331023619602,-11.917399390713602,-15.75579929995032,null,-11.680757801005196,-16.74869710475161,-20.31474288158855,-20.436033808352384,-19.938496002817836,-22.195179122363953,-25.133118040377735,-25.271404815358743,-25.147811132063378,-24.891556524653303,-29.948053832663334,-30.46917895879947,-27.95256187363281
0.5920825447942827,-2.921779737047353,-2.7658115256138935,-1.5064513895541671,-1.8544544913092924,null,0.6674284732616969,1.926678424573793,1.528051220925767,-0.58017116012837,-3.1281048892599443,-5.227336507117297,-4.028198889848029,-4.22124711960951,-4.643571212541215,-2.798120972621826,-2.426845792309751,-2.073195568313725,-2.7806949444862905,-1.8072928314322092,-1.2110549528604495,0.08270571461030288,0.35322284722639313,-0.6641769454820641,null,-1.2085994052054732,-4.032246838089657,-3.8745360243945957,-7.431895432741493,-9.873510806545987,null,-7.612049124287499,-9.709064118778226,-10.5025224193064,-12.551905022758541,null,-16.38093288081797,-17.482445642130195,-17.248431136791304,-18.031829119949357,-18.56101111910778,-19.428757131105094,-21.776636080955797,-22.09279111894056,-24.313416665115334,-24.71904134388996,-28.18046115278217,-26.263669994823008,-30.601777161992622,-34.51189113387271
-1.129761491279095,-3.0521467628790417,-3.45434898497426,-2.0632708057851286,-1.7278343341651217,-1.886317863828653,-0.023196800222208,1.0093337650056167,1.648283099784984,-1.0360130407349173,-5.8548667324580945,-5.731319486014732,-4.506698921439149,-4.726982395937241,-4.622550447606155,-4.0784937658885285,-4.209326808603567,-3.5838368546638137,-2.1236759392211035,-3.50442266409098,-2.8544560982550222,-1.8818801838513917,-1.9329271886320878,-3.622376688890995,-5.945449637854913,-5.892892540180678,-7.417589343743834,-5.637684169431474,-6.6736052906625805,-10.059690761914528,-8.998949877058946,-6.95570850850195,-9.50882543386202,-9.337724307303358,-10.149455758385574,null,null,-13.35344170404033,-17.44950311972467,-17.17104657597315,-18.188447039532083,-20.29627772532814,-21.764261300282936,-20.93788015346374,-22.102717559400478,-24.014799692674902,-25.935362215758555,-26.280334460489165,-23.57105910828798,-26.67866085326858
-1.0433532575810416,-4.235522916233479,-3.926521122373322,-3.260627878178461,-1.7783867774304571,-1.209973249773982,-1.4715883641654706,-0.2723236755974044,3.1642497932645335,null,null,-4.58094242420257,-4.895835625988981,-4.66378309909096,-5.174519918691031,-5.362024789372032,-4.8198533739388285,-5.365433295101263,-3.2075887038513367,-5.30144867421086,-4.611001846816982,-4.287162548756847,-4.307350630202854,-5.689755031458178,-4.713648966890703,-7.901204938026705,-8.093395152808156,-7.912441911048455,null,null,null,-6.497139068418438,null,-10.347157974925405,-8.441868737665661,-12.380546812756917,-13.299544168531106,-15.946760613516835,-13.660058487221455,-16.390563980678383,-17.85325039510921,-17.66168687875956,-21.81483732679561,-24.337453277499293,-23.723038977269045,-25.500734152564657,-25.106970768961478,-24.1589584613333,-25.939288831009165,-27.001476082213642
-1.4857781828905732,-5.099603594984702,-4.5208504060494095,-4.667043652540316,-2.433214931016675,-1.9053166969438453,-2.676035792643469,-0.356659901942239,0.8783646932555761,null,null,-3.5568169764857505,-5.378753929624793,-6.5434829504654894,-6.288748062656651,-6.9829894034093005,-5.687153271173472,-6.079959370915002,-6.186492015112543,-6.232427811505423,-4.579276278079566,-2.7411343065877514,-2.580680664568337,-7.052030510396856,-8.427420903161543,-8.251817268721373,-7.067499381430665,null,-5.417386456279149,null,null,-2.0501908601830463,null,null,-7.872347062951806,-14.534576692381796,-11.660181510235748,-16.792398539450982,-16.928251015492425,-14.35587319466978,-16.305096188159176,-17.09813364749382,-19.962072369977292,-19.458938031022818,-19.21497045031293,-20.20117587814566,-22.10379018842723,-28.539839166104716,-27.279462589519202,-25.055967046365833
-1.9379422329219709,-4.866780712273581,-4.891359868775824,-4.849725118376449,-4.500254639148855,-2.4898234855733703,-1.8916966954922052,-1.5828901333232963,-2.96650711128018,null,-0.9825868430018875,-3.5332827307849852,-7.861046898376725,-8.010449480636536,-7.911148425643585,-5.530742815474335,-4.830938400413889,-4.786454417256585,-7.112627585540421,null,-4.206513116181792,-2.728841550139892,-6.604163431783439,-8.918546242575164,-8.526586583359018,-3.4813659397186214,-6.274998365442642,-5.8219490801677765,-5.299700787042402,null,-3.3676057906099914,-5.680452865541534,-4.676358807686656,-8.90564084415962,-11.661643490257536,-11.065039448538927,-10.943397834563859,-15.849221793866295,-18.096160702389433,-17.27054108092965,-18.10786878841585,-18.54214236835623,-17.39502446239822,-15.933712775598742,-17.934488250685405,-22.78821776195393,-21.00344505404702,-23.62080541825613,null,null
-1.755244556616172,-4.935721907480071,-5.884655068042287,-5.826495510582444,-5.3954761468911565,-3.7948498414086846,-2.4071056998584677,-5.294051260845647,-4.971326952514393,null,1.356229258678129,-2.198459767125565,null,-7.712268602530171,null,-4.843905003049821,-3.479297088018088,-4.581412872850594,-6.240959035453286,null,-2.190365106829325,-4.388939270485185,null,null,-4.043376619059201,-5.607981651484028,-7.337630906401747,-5.781412909100724,-6.40426299967436,-6.614404178736713,-6.152901500222077,-4.593584475664592,-6.791168543996253,-9.441535117343296,-7.0212889984821985,-10.038118986339077,-14.596833919203922,null,null,-15.592155786239559,-17.360776381324047,-17.6066659143003,-16.955834909748493,-18.38877104898061,-17.329153374632916,-17.01650254591314,-18.328757725377198,-21.73619013288446,null,null
-3.9752833605234383,-1.840844859428264,-7.535653628176998,-6.941195174069054,-5.746488346692031,-4.468792438412802,-5.076945568733234,-5.116295834511329,null,null,null,null,-5.059407703957337,null,-4.7518537483890375,-5.784879653974867,-4.361207638309537,-2.4270282211476015,-6.735480621964317,null,-5.786743031675867,-5.873334631270181,null,null,-3.3082137862756786,-7.143434625455426,-7.808616165695986,-5.25327925759474,-6.004292906359586,-9.488372601548985,null,-4.479760222560605,-7.273232451842326,-9.97020285579108,-10.174613669728737,-13.656941810619998,null,-15.635376141665795,-12.626781014043004,-13.207714492991064,null,-10.938422772662278,-15.006512838187678,-19.21621747073246,-18.990706389864084,-18.87379254547963,null,null,null,-22.55308658572524
-3.4818451261640524,-1.9987176490141485,-5.073002349334126,-6.57452282498006,-5.241782315144931,-5.13644224820985,-5.788683563384881,-5.6414053158117206,-6.59640431366945,-4.015090978939975,null,null,null,-6.831513292337346,-7.021622777291433,null,null,-4.190519312472024,null,-4.245243232476824,-7.4636199028362835,-7.818245370577861,null,-1.3095464617627484,-1.4760448180225414,-5.800908086015051,-6.070120741489275,-3.871347272170313,-6.238568737963575,-7.623403196949561,-5.923035010804385,-7.008542848861179,-10.548190880966136,-14.251259560633196,-10.447932584344592,null,-12.3882289506371,null,-13.812187090137913,-14.617442450798347,-17.100928358959997,-16.151404399883226,-12.892588982723137,-12.577090109335307,-13.023461820045135,-20.16956489766685,-16.900146748209032,-17.078521375992047,null,null
-2.110737432395925,-3.503414121544951,-2.8657635408730373,-6.415793968821536,-5.884537704720371,-5.734646837241652,-4.934184435463086,-6.082353199406632,-5.709566949230367,-6.358020503231447,-1.6441470660959223,null,null,-5.39690181674664,null,null,-0.9929242225407761,-5.133982425109351,null,-6.547472364680904,-5.163952791062683,-8.237271391817572,null,null,-3.577428250331259,-6.4636086330259905,-9.614325061030067,-5.39058107172217,-3.4421236659201955,-9.378567049668806,-10.109760517115093,-8.14985175325328,-11.698541933937927,-14.2209517940388,-12.845113112754886,null,null,null,-7.737585613067993,-13.905392812414412,-14.431686783773003,-13.201304642772381,-12.036418860445204,-12.977255929473362,-14.399530370346216,null,-12.306682104938366,-16.35627256736399,-14.623870605542058,-17.58553209295047
-3.1164856710069957,-4.362010985401987,-2.127918505228065,-5.516709165280732,-6.103336181256031,-6.240090667367211,-4.66598268802645,-5.883839938356781,-6.0344399236401385,-7.31603505588725,-6.120536283610308,null,null,null,null,-0.5236101933258726,-2.7665244405551754,-4.029366034968712,-3.6976597747851088,null,-3.658227010225998,-8.254762000001591,-4.090351701251388,null,null,null,null,0.5893926863716338,-4.146057089294565,null,-8.560601413851344,-8.579482370838106,-8.833712831123318,-8.597441125490837,null,null,null,null,-11.628414532045147,-12.790682378001351,-12.571173515858673,-12.912515217399335,-14.976251479430145,-12.886758045692343,-11.200638076626593,-13.368191579620936,null,-13.725504354493768,-17.21672366936621,null
-4.023780276514064,-2.644783610510744,-2.6229354733877632,-2.9281472464037264,-5.984676266503408,-6.450964645959952,-5.9882960992603635,-4.572759094841405,-6.419986161044143,-6.749599991981042,-8.556212254680409,null,null,null,null,-1.5745277460306895,null,null,null,-6.108745198109339,null,null,-4.4767733980620275,-6.2258118157441835,null,null,null,-3.1858124095286096,null,null,null,null,-6.9769540372302865,null,null,null,null,null,-10.162666438695581,-10.926170230484182,null,-13.933997795265348,-10.921400257931822,null,-11.380482781301486,null,null,-13.631499493269327,-14.044555532267575,-17.002371926800645
-3.8903181235992808,null,-1.3915086638661265,-1.970482201547869,-6.075515604934354,-7.161151189360451,-6.788925199610116,-5.356791447056443,-7.099603525718631,-7.480602481748518,-8.001581818401654,-9.477701142279546,null,null,-6.050237718031526,null,null,null,null,null,null,null,-5.197841904246851,-3.6335792209793647,-2.357039732114489,null,null,-8.012856498314628,null,null,null,null,null,null,null,null,-6.399816452171029,null,null,null,-14.28035732076471,-15.405349894407934,-17.306156806119837,-20.67171167817746,-16.163831504154874,-13.921194088133213,null,-15.729427812086035,-16.284502713873266,null
null,-3.4807281176219793,-1.8781714472858801,-1.7932629029727847,-5.617241040281632,-6.117933299872987,-7.111868052377973,-6.783334036397973,-6.8239443928656796,-6.8790826511670495,-6.773842211830081,-9.42993482932594,null,-6.47869259661095,-10.371734471595229,null,null,-1.7536006523951726,null,null,0.2922583217626,-7.185788509228231,-8.199512663937256,-6.726412291022805,-2.6617581357344378,-6.675978692572979,-2.7160281789022225,-10.129154144606716,null,null,null,-2.7992506709807374,null,null,null,null,null,-7.341394873255549,null,-12.435655128599711,-16.256451247278417,-12.402502581671932,null,null,-15.474522622896373,-12.182859948477299,null,null,-14.250907006705674,null
