public/json/wind_2018-09-1520_925.json
{"header": { "discipline": 10, "disciplineName": "Oceanographic_products", "center": 0, "centerName": "Ocean Modeling and Observation Laboratory", "refTime": "2018-09-15T20:00:00.000Z", "significanceOfRT": 0, "significanceOfRTName": "Analysis", "parameterCategory": 0, "parameterCategoryName": "Currents", "parameterNumber": 2, "parameterNumberName": "U-component_of_wind", "parameterUnit": "m.s-1", "forecastTime": 0, "surface1Type": 160, "surface1TypeName": "Depth below sea level", "surface1Value": 15, "numberPoints": 4800, "shape": 0, "shapeName": "Earth spherical with radius = 6,367,470 m", "scanMode": 0, "nx": 80, "ny": 60, "lo1": 109.0, "la1": 20.0, "lo2": 116.89999999999955, "la2": 14.520000000000117, "dx": 0.09999999999999432, "dy": -0.10000000000000142 }, "data":
[rows 40 to 59 of 60, columns 0 to 44 of 80]
-10.955775113513388,-11.93650672880968,-11.11532523766845,-13.293982734216598,-13.457372373564883,-13.695618056915476,-11.41064244654783,-10.474798052564537,-8.403420805552777,-8.482225662062701,-5.3053621343598385,null,null,null,-4.582593619093896,-5.252044215411258,-6.042687123122509,-6.715550707627191,-9.605650375041488,null,-7.763414303900595,-11.728020772629854,-6.45507358118376,null,-0.8453861232498153,-6.584213667970472,null,-6.6685590853063825,-4.538324817596899,-7.029767555367691,-7.905950634048542,-12.385635039967006,-11.962412405644681,-10.67453082037739,-9.405191214502826,-3.731538627460562,-1.484759291582013,-3.198660982993113,-10.4848237728438,-10.892404225513312,-9.635082823738776,-12.101935203515504,-14.866180406410846,-15.016568083337281,-8.959157907721728
-7.219356894749078,-10.149277384665709,-12.159061817421135,-12.907568770662692,-13.70257788613539,-12.645593280816668,-12.794779137204747,-10.853200044125881,-9.762411658874239,-9.941119752588346,-8.041646658309,null,null,null,-2.0801869021919788,-2.5111845959847776,-7.233563092294125,-5.367053463532465,-5.419466539602642,-11.512190625004944,-8.97728115436731,null,-6.578294941489094,-5.435728623372022,null,null,-3.6447996080810143,-6.56277381509749,-6.0861858932424795,null,null,-8.5370804571352,-11.739218221032004,null,-8.910716266758486,-3.241499080082876,0.5141810182928238,-2.2835408527198173,-6.996207492715559,-12.192039639905788,-8.508739503265272,-7.248269901560494,-12.835546455496033,-11.250233474799643,-12.216812704390769
-7.360979371081616,-7.69884059667567,-9.705468846582683,-11.313576829314005,-12.548724296074457,-13.676661627625338,-13.507819521130724,-11.914440281272999,-12.183742016487475,-10.434634855173375,-10.086936173162456,-11.232642843791439,null,null,-1.981778003580251,-3.764985962295521,-3.0494644972366407,-6.2078579204645665,-1.8653175038048235,null,-11.090724521987749,-8.282938395868376,-7.832464854154368,-6.823959809979119,-5.415367798842578,-2.90128302949761,-4.576997201940624,-9.02689879492938,-6.500101454690973,null,null,null,-12.555927877373732,null,null,-0.11883928858191906,-3.985544211120173,0.611770727867063,-4.698075661329544,-7.939945271862945,-9.194469487724485,-8.56847331878592,-10.844166836165527,-11.277472069327569,-15.895263974837126
-6.015553724085024,-5.930393450044798,-7.362436459115516,-10.232416879028822,-12.295116081214566,-13.80899670965658,-14.324573285376111,-13.422359597576218,-13.432409530404872,-12.17683180234649,-9.919321221430156,-12.074042545938283,-9.811768038887314,-5.382391563060953,-5.341099278494484,-1.7041343252778673,null,-1.0223018648617785,null,-4.129235117325239,-8.20981860499352,-10.062243795206125,-8.657080421121371,-7.235019208212156,-5.20894740472366,-6.384809384107336,-6.808446824975469,-11.590633101574818,-7.155205013179451,-2.8271156490197056,-9.803128400283976,-9.699488467874822,null,null,null,4.284319693136339,-1.9389631660032132,-7.606717469365237,-2.0492908009019972,-8.333998011770127,-17.59916566130838,-15.216698834870048,-13.670395729868506,-8.466247729690867,-15.162062699809294
-3.685043608163973,-4.212789679865058,-4.216728151934408,-8.91680409676895,-11.821303245709363,-12.877975831216274,-14.817469442863002,-14.675819463182066,-14.33217491161896,-13.404999673742592,-13.062559161373425,-9.760389630725513,-8.89771574304163,-6.0848781811463555,-4.426259351255548,-8.296897043583998,null,-3.16562187614008,-4.2217296374306885,-3.132393958429745,-6.459142708179715,-13.105992192841505,-12.052440163431378,-9.487211974419052,-7.934663445996311,-6.065408665779436,-10.868212149081675,null,-7.8347639511134926,-6.628593687513338,null,null,null,-4.622145512915475,-1.909116370058545,0.22395373252854578,-4.962376729656744,-2.194163789599527,0.9477085806340549,-12.82068901437771,-8.815071027648141,null,null,null,null
-4.328463530082434,-5.570782260645247,-5.438003687370301,-6.067969884068295,-10.193842310627618,-12.654223969740173,-13.588142194930679,-14.874482251303313,-14.388065996675362,-14.370722279725761,-12.169161324715281,-15.353622218864405,-4.76292929993971,-6.867177337596959,-4.648033061905813,-8.857352646017267,-10.193957241052974,-8.171188292981405,-1.3942287642458564,-7.805410319788219,null,-7.888488456500722,-13.626265028264836,-10.80817516696425,-9.920710256051265,null,null,null,-5.16825097620894,-10.563021548970855,-5.876450980896459,-12.881044278047758,null,-0.9339085603187703,-3.1097771245021026,-2.1205806783101435,-4.895582497478321,-5.572629734967238,null,-11.734559740497396,-9.395567832104083,null,-8.963868542426429,-4.357906379399878,-1.9427572086328049
-6.3390955409503045,-4.505856483066722,-3.653821460214957,-5.877663696433036,-8.153938024843516,-9.169845675100824,-13.626220458629868,-15.384115170178415,-12.683046017723466,-14.756293399018087,-14.96346684217974,-6.464462213229945,-8.968317576838778,-6.109517879339219,-4.650244003235621,-3.880563097869344,-9.818598586395627,-10.366488194686935,-9.030100614575183,-3.3660079212625558,null,null,null,-8.145318856274024,-6.8355006279806805,null,null,null,-8.203972183706602,-11.632269975525023,-12.226654766938786,null,-10.413883528351224,-6.219653641420084,-0.42597816865368787,-4.689181214473059,1.3995313664905267,-8.622234997154992,null,null,null,-5.923995035914793,null,-10.348473709356156,-9.298186272350861
-4.966798459679305,-4.079039980033256,-4.393203174071093,-5.009458077831817,-5.750831454740169,-8.73062835481826,-7.666572986076963,-11.027772666538034,-12.714922771167439,-14.782148420113923,-16.164812036235535,-10.277955475027749,-10.770946241639384,-6.929834735025311,-5.722920368358322,-4.23350467504512,-5.498922497698377,-9.883957323750552,-9.905167914322696,-10.376174397557431,null,null,null,-8.15368303233776,-7.675966977605399,-7.279960412748101,null,1.3502823141923865,null,null,-6.859293274761917,null,null,-5.4646654837519675,-2.579447170029049,-5.404572257047569,-0.8747967613654877,null,null,null,null,null,0.9450782365372496,-11.914943852068367,-11.89569819478124
-6.708715712015225,-5.40209947908194,-5.255467881234117,-3.884493388875974,-6.790375734767986,-5.985924942757245,-9.101987022673093,-9.341864394321082,-10.590915539859497,-13.939757102467437,-12.32564682339498,-10.997272260133014,null,-10.0847293031234,-6.804417725062752,-6.220353095361344,0.3950381237291216,-11.399746542511377,-9.837094417797378,-13.32065515565116,null,null,null,-8.253741215113177,-9.053958087816179,-9.035311742087451,null,-6.25606365666998,null,null,null,-9.387104954388422,-0.8399348009160205,-4.682545135111237,-8.97327922563348,-8.528987176303472,-8.623191488926288,null,null,null,null,null,-2.8772522504921407,null,-7.984991894042659
-5.5907764764631755,-6.971508581848679,-6.0909643346383575,-6.282390178478074,-5.611171472043689,-5.783371638158741,-4.420089261288857,-9.067004046508707,-10.006166517633089,-8.022485213743817,-12.468309700872892,-12.643802220698596,-10.728413997085774,-11.806265881496456,-9.981690148311749,-9.419247058247322,null,-4.9759211609390634,-13.051508435444571,-9.174773442464186,null,-10.226616141028712,-7.533014833475023,-7.341770541962217,-8.503399343531894,-11.985811028364392,null,null,-8.597223244506147,null,null,-3.1072440679398885,-8.150901507761906,-7.6399428261668305,-8.702754058130138,-8.523906096017903,-7.651024119884703,null,null,null,null,null,null,null,-3.9870177932599633
-6.633047075646659,-4.907983447104362,-5.913746755449796,-6.818454390716729,-5.128025998851191,-5.26107414888369,-3.328865211433376,-7.792155649942158,-8.864620585525504,-7.283549251516632,-11.23257512768729,-12.719952528608435,-12.59100582767864,-13.338948699925275,-13.815329577230877,-10.457995209106922,null,null,null,-10.417042990561868,-6.4441745079861645,-12.284867215680585,-9.420286681150744,-9.488264866859804,-7.645537672449379,-10.132008557980928,-9.967660289222072,-3.9320619128986527,null,null,null,null,null,null,null,null,-2.1993229125294813,-3.572660610627918,-6.091062064432554,-4.6873195063075315,-1.6279771296054069,null,null,null,-6.986852043366301
-3.1020517100716103,-2.3688133778674314,-6.019801778622826,-5.830860570502506,-5.289023221288915,-1.9622893399057395,-5.130904944101588,-0.8856300411527681,-8.534244863908265,null,-8.346452306881982,-11.488375943883673,-12.732568270977469,-13.880893507513719,-14.016846008326482,-14.718997661781243,-12.73331437012466,null,null,-9.971444844869678,null,null,-12.410534158470849,-9.355480518823752,-9.347697836831966,null,-9.073219347093906,null,null,null,null,null,null,null,null,null,-4.620512754877648,-3.4804335199466716,-5.79739208112989,-7.596451346196773,-2.949860139305142,-2.2638404566641848,null,3.7160402192656754,null
-5.861672719938968,-1.3960971188209468,-6.239351518067772,-2.6724023175869926,-4.442303506587425,-2.791379288396435,-5.7707914010432,-0.1400305815555029,-0.5744115605580833,null,-7.112458608683429,-11.59495118629161,-11.444814455092088,-13.21867271581439,-15.136832637849135,-15.825910736093212,-14.177324847487162,null,null,null,-10.41066063652983,null,null,-9.562832738101717,-12.909427739975232,-7.849462129667641,-8.45711534177153,-8.868779427381591,null,null,null,null,null,-2.6826065934409544,-1.5724178570364564,-1.9055697726855798,-7.749945870461172,-6.885711083828014,-6.471126041205883,-8.007842281572406,-7.8319266575696265,-3.0784458931148886,-6.6429565697915,null,null
null,-2.1444431366941568,null,-2.6912877165140983,-5.205287020678601,-4.064891436847658,-3.5791192021941978,-7.3443212574738626,-1.9738087735057186,null,-9.091083629649532,-7.406752392779993,-12.502429801088294,-10.832510204408809,-14.680634884352008,-18.068475949127496,-12.84429778443322,-12.759555094384538,null,null,null,-6.218647135650302,null,null,null,-8.06475218037526,-9.988659178413602,-10.151488985830543,-12.281525835850248,-8.482983537308561,-7.021898892003068,null,-8.18634247778527,-6.544495895424936,-8.503943919181408,null,null,-2.981276096175199,null,-9.18442271982444,-5.077003035724978,-4.578813390601649,-5.744889667109142,null,null
-3.9164355098351074,-1.1934084931245228,0.1925941679425942,-3.4346945887309968,-5.885115356884652,-6.510525036578516,-4.4007745536397245,-8.209152393837002,null,null,null,-5.282109316093868,-9.677593383775394,-11.334969491676402,-12.553832376477596,null,-13.628498414623092,-12.039385825315168,-11.1685817908164,null,null,-3.130593124309714,-3.1014197139697073,null,-4.845028996487198,-8.169490550714364,-8.492055615349877,-10.679855049597831,-11.554581306787501,-10.930671381312749,-9.291570632155448,-8.662847892723697,-10.746999067406135,-11.199259151090201,-8.042264339176858,-7.5929326524916165,null,-3.2095736727230184,null,null,-0.8727584980474794,-0.8218616893338384,-5.800258852377595,null,null
0.26978866657313666,-5.9348229674193815,-5.607746240441646,null,null,-6.8580559482456085,-5.73086348219644,-5.015165523418948,-9.128910802741345,null,null,null,-6.846171065206731,-10.984134946789656,-11.212729687509395,-9.990195153744372,-15.195657591137508,-14.241033953683681,null,null,null,-4.30821649725505,-2.6669667094866796,null,-5.591299504547649,-8.877299857103479,-10.830830099060455,-13.29384650243129,-11.920669499727465,-11.973061429348427,-10.90189645824852,-10.74254865825931,-10.722553081726847,-6.777725610423133,-9.478803545454673,-8.744148249101023,-6.956698009141045,-6.148126593098496,null,null,-1.44227067870061,null,null,-6.020152978892589,null
-3.760156317098436,-7.447708575656952,-7.203539309540472,-12.059495316023146,-8.949960454772718,-8.776444913788048,-6.304369224002597,-3.8628907121553224,-3.270509231900215,null,null,null,null,null,-10.598713688337465,-8.632226079145434,-9.694030131992534,-14.615179556176411,-14.52946241994335,-10.762444253828544,-10.060779485375352,-8.496133773187314,-7.7856102874916,-11.48307007330753,-9.307725367208672,-9.585880384940513,-8.205541689957496,-5.643578580002005,-3.9851059383681986,-8.853153711637582,-11.006487210452198,-10.576680386386329,-8.71722593583903,-11.429846737588559,-11.725166663471096,-10.715284405441613,-9.30381268360905,-7.665901119829199,-5.916153232129998,-5.011482238323312,-4.046381821009727,null,null,null,1.1953101204081513
-6.701221485200238,-5.372984352117918,-9.574615639440776,-6.886023866193815,-9.429474169629312,-7.628776576279536,-9.59629735274013,-5.646668448024302,-1.2153258358619186,null,-6.117560140452182,null,null,-6.723583328705713,null,-9.666248884611198,null,-11.051296205185412,-14.074442651881775,-11.626107543969926,-13.38586433017245,-10.417596875647863,-13.411782999280973,null,null,null,null,-3.779883801386485,-1.6951979524377108,-7.458195826092172,-10.633586727222484,-9.31095415657022,-8.663405619299706,-10.717640250287317,-12.187810587314623,-12.148475997012781,-12.159684414147941,-10.128895203523895,-9.969276903028573,-9.131232162109896,-7.232310788764622,-5.289737723710915,null,null,0.7001101895649858
-1.4591716423533883,-5.545303215775402,-5.263821697334561,-6.916129199522156,-6.303496043589266,-6.7565376274914835,-7.976861423314212,-7.372063523719086,-4.246636662378553,0.24630087318348415,null,null,null,null,null,null,-2.788034111032255,null,-11.705733917484624,-13.308535859189195,-11.53005201667841,-11.467769376402565,-11.19948908268668,-7.211776871272749,null,-4.207771797838712,-4.188993788865934,-4.619885863156957,-1.7814198954780225,-10.230637447248156,-10.412540955555677,-8.898790676998361,-10.037382705949216,-10.517211879052255,-12.47408444497244,-10.868630381351025,-13.200651705226546,-13.190314184608342,-11.309161146268377,-10.497042963006084,-10.015335430059737,-8.56810180912745,-5.9259094755338495,-2.4819531543760984,-4.53770492029299
null,null,null,null,null,null,null,null,null,2.7126111061092875,null,null,null,null,null,null,-3.8484644152031504,null,null,-11.810161684092355,-11.156675410665448,-11.240381023898204,-9.354560080725905,-8.859284852479561,-8.717081416108233,-5.187149603643152,-5.082073781933426,-6.701231709207162,-6.220670437662436,null,null,-4.045643363628856,-5.498341751237564,-9.450704147628024,-11.090555668940222,-9.552512609065085,-8.326773099693039,-10.815770222234988,-10.386643591365315,-11.397423976672796,-12.446314869897215,-11.54184622781948,-9.577434674123477,-7.146873194114292,-7.51690652897863
