public/json/wind_2018-09-1516_925.json
{"header": { "discipline": 10, "disciplineName": "Oceanographic_products", "center": 0, "centerName": "Ocean Modeling and Observation Laboratory", "refTime": "2018-09-15T16:00:00.000Z", "significanceOfRT": 0, "significanceOfRTName": "Analysis", "parameterCategory": 0, "parameterCategoryName": "Currents", "parameterNumber": 3, "parameterNumberName": "V-component_of_wind", "parameterUnit": "m.s-1", "forecastTime": 0, "surface1Type": 160, "surface1TypeName": "Depth below sea level", "surface1Value": 15, "numberPoints": 4800, "shape": 0, "shapeName": "Earth spherical with radius = 6,367,470 m", "scanMode": 0, "nx": 80, "ny": 60, "lo1": 109.0, "la1": 20.0, "lo2": 116.89999999999955, "la2": 14.520000000000117, "dx": 0.09999999999999432, "dy": -0.10000000000000142 }, "data":
[rows 0 to 19 of 60, columns 0 to 44 of 80]
null,null,null,null,null,null,null,null,null,null,null,null,null,null,null,null,null,null,null,null,null,null,null,null,null,null,null,null,null,null,null,null,null,null,null,null,null,null,null,null,null,null,null,null,null
null,null,null,null,null,null,null,null,null,null,null,null,null,null,null,null,null,null,null,null,null,null,null,null,null,null,null,null,null,null,null,null,null,null,null,null,null,null,null,null,null,null,null,null,null
-6.539852816368305,-7.131636913858122,-8.217859888337692,-9.00799462418004,-9.965691680528886,-10.546396290283205,-10.39513662319557,-10.240730551859839,-10.8973901377501,-11.292267381047328,-11.095831005738663,-12.978410841762017,-14.674914947546759,-14.129951138986877,-13.370908903002814,-12.880007847429972,-11.428216716229482,-11.04946609645597,-10.45715082216896,-9.965493243702745,-9.853240555833773,-9.263917909671111,-9.268392119836536,-9.459803225765036,-9.757679056738812,-10.092319758027648,-10.779569085820064,-11.68480870311254,-12.602035139511877,-13.142492855837897,-14.417052221030737,-12.779611249847921,-13.058607735830945,-14.04404445884733,-13.82059216699854,-14.35857075132372,-15.03936360576158,-15.828804249887343,-16.684723093049474,-17.20639503246955,-17.342185231402887,-17.52410007259011,-17.972940199179284,-18.471338699680636,-18.454826116758543
-6.233992551118769,-7.016908592263668,-8.081715800672365,-8.965237241550481,-10.265296248736737,-11.147878534197673,-11.728075296589163,-11.310765295667625,-11.170360355293024,-11.392494482245151,-11.122839676476296,-12.515647105150537,-14.796687454106767,-14.765957746140144,-14.344569957826042,-13.813849544334396,-12.956534679972547,-11.762073103096897,-11.18350293870169,-10.218565982674546,-9.743978579654303,-8.779257028697717,-8.553283523075912,-8.558041471721276,-8.515340935112857,-8.677392334637842,-9.497108189561,-10.916652424519791,-11.454582361991125,-10.595245502719836,-9.848619716791145,-15.421376081703729,-13.938542011994986,-14.230026695428379,-14.771857268794479,-14.747540893710024,-16.122258636964894,-15.288470399892178,-15.793214789542633,-17.313975518850093,-17.65984683836852,-16.76228851848964,-15.912890000075127,-15.821802529200667,-16.476496539507345
-6.309271027888604,-7.324879473480146,-8.361988884413964,-9.657899863189463,-10.860622642461227,-11.59104271763648,-12.009784652117155,-12.2742985048388,-11.804086836035749,-11.802426372289455,-11.675563651319674,-12.676769965970765,-14.438072198242725,-14.799899140816603,-14.799798314234646,-14.094541671002926,-13.503591245224602,-11.9776760262078,-10.661564077331935,-9.416607869541616,-8.544486454008958,-9.1880075352774,-9.519782110853265,-10.08696398882565,-9.96949320530652,-9.810486010572065,-10.430698306383269,-10.07003615871309,-10.943648965291851,-12.046577991850485,-11.13952572670018,-13.85712029897806,-15.819391895381598,-15.240153626143442,-14.613923093691032,-13.76640198555727,-16.04117702026765,-16.194786801830205,-15.833059204935758,-16.503715549274553,-16.91240094221936,-16.09397481298374,-15.41650581252972,-14.825694924673149,-15.212099871213894
-6.704196903685944,-7.922133462142297,-9.097289917507657,-10.141311004347399,-11.405494942433853,-12.072125709473163,-12.53097944903002,-12.662543264524057,-12.527864136731376,-12.129047067955668,-12.087307000850165,-12.77239346029636,-14.416348831154558,-14.193348010002794,-14.787994951328827,-14.36928510037013,-13.281246041071135,-11.901952175064203,-10.18181940231747,-9.616860040190572,-10.06767000642858,-9.647195387972559,-10.399167598394339,-10.971593642893442,-11.395776902164542,-11.312376598625978,-11.603306767139632,-11.227716118427146,-11.672916188086381,-12.42165766238914,-13.164934842566922,-11.279198559565783,-13.987507774091458,-14.586509280416525,-15.758955056835473,-16.03524086635982,-14.30956834406108,-15.55066830541038,-15.850622323958046,-17.204872262368994,-16.588655201315195,-17.69879354317344,-15.899439905510787,-15.213513793785916,-14.498158468093731
-7.714727290050655,-8.501532735990859,-9.77473868359558,-10.662053591028098,-11.485923832638983,-12.12319818302194,-12.753209676938203,-12.994719363419152,-13.36293041483727,-13.104381946656089,-12.402892808854347,-12.728066499478805,-14.131960088255106,-14.052160855230227,-13.8957021876402,-14.406965773536562,-12.969697272722472,-12.133189878531132,-10.960721082535224,-10.974097183407856,-10.644740511069394,-10.642947235042369,-10.92742632704508,-11.351879317159046,-12.010847980070212,-12.59646321764021,-12.585692966837591,-12.674832810355532,-12.166990946625214,-12.012712622395792,-12.325330803522489,-12.425181425510061,-12.771980261221604,-13.774948139586142,-16.734054837719235,-16.579838109443028,-14.196115407137267,-14.68277275904483,-15.532838610874,-16.81845066296913,-17.441845022679654,-18.72773389422261,-17.907102342453484,-15.56434142722126,-16.853822539073867
-8.836090481305618,-9.442422548508635,-10.340871280212877,-11.042885933587069,-11.422794927164546,-11.974630304228654,-12.745450704258992,-13.313621368294971,-13.597038844927928,-13.886496131596097,-13.52499029129224,-12.744941872236401,-14.233077294073704,-13.656221827642128,-12.940823463826167,-13.541106230455261,-12.806718188374651,-12.409668035636802,-11.701541497820003,-11.612608513905144,-11.813567457679376,-11.72891191490097,-11.204125734365356,-11.967477605414384,-12.391975158828158,-12.964458310182536,-12.770561198266801,-12.554609952364416,-12.441230339775398,-12.229289583534488,-11.621634779481331,-11.84228670222336,-13.251048143481082,-14.652056630783123,-16.712296647106236,-16.733965945708807,-14.692128548745956,-15.873404946015974,-15.491564792066466,-15.977749413763108,-17.35223604584422,-17.928168268963056,-19.104150397649306,-18.068641512877353,-15.959638559465581
-10.174829295502946,-10.802978862610448,-11.24544690076375,-11.668668310584303,-11.816637988884363,-12.17395657034194,-12.752740507821917,-13.335904438383873,-13.625854754612854,-14.21259039014247,-13.748505634237096,-13.0762172016147,-13.624054688845323,-14.316586232593886,-13.353808321626564,-12.806018891972748,-13.289391009635189,-12.620000143690358,-12.717618133464878,-12.437743888277451,-12.423971245349847,-12.747148658972051,-11.64354766906097,-12.262331701314643,-12.346395894485113,-12.681869311025359,-12.805257091189375,-13.245122907028913,-13.442961866628709,-13.689140465126645,-13.581269339407175,-12.497295553806977,-12.534221635829223,-14.351221739639774,-15.317618105123621,-15.810421573300292,-15.692058887222135,-15.69652002114253,-17.39775512050626,-16.60553189780862,-16.94332875157417,-18.023225083162313,-18.448372229598448,-16.629466275497247,-16.189010817756582
-11.615067449080536,-12.13953009690191,-12.203039172220553,-12.168587154201118,-12.020793614545866,-12.47711516387318,-12.967940425551136,-13.764109811203102,-14.095353919832052,-17.218369803706388,-16.63164411767628,-13.65124404566573,-12.837321038978516,-14.706989680913495,-14.016211110729849,-13.562501480224988,-13.40735437196824,-13.549726458080729,-12.102342301331493,-13.356934667557208,-12.280751940619423,-12.582372514691585,-12.024779714819246,-12.695147111405303,-13.06814300102533,-13.369024129447993,-13.961663404158436,-14.303848498671499,-14.037693958438027,-13.74969444383804,-14.066059716872672,-13.791397743260038,-16.061206440181863,-15.033425586561659,-14.121824276615026,-14.046083718563958,-15.952803302702197,-16.212506623481893,-17.751636660271913,-16.353958458512178,-17.02400574238204,-17.192194985250165,-16.96530914268519,-16.972812507629296,-16.331340965520116
-12.485851504815411,-12.935988865916688,-12.78896219880434,-12.668825770311168,-12.358797839843888,-12.324048828317396,-12.16945759785742,-12.525347682505723,-13.427878128111246,-17.157907846626838,-18.88928313149289,-16.44172086309475,-13.922624070668943,-13.33923668152791,-14.557034469753857,-13.97977436498438,-14.090352339171542,-13.305469553906732,-11.997145279330786,-12.457293246858953,-12.980343283719455,-12.403844033616659,-12.650620707376811,-12.747865042723744,-14.538693073109847,-15.195320889647988,-15.293379921745432,-14.863646403257878,-14.402813038824705,-14.332225272043313,-13.983140640066924,-14.376477980382614,-14.241198155122794,-16.290954012176712,-16.076465954984396,-14.037292115755616,-17.13354062261159,-17.532985555658286,-15.696119650775245,-15.702733587653679,-16.45202159958374,-17.27810519290366,-18.35354972474641,-17.612478202031788,-17.314833856765883
-13.491387940086373,-13.764678754981741,-13.67748059165197,-13.551302531914796,-13.003551974367403,-12.612621513506177,-12.45617319654135,-11.770928801037241,-12.275436290151976,-14.244436041372715,-19.65965384693761,-17.424377009056506,-16.106199886826015,-14.166539595529416,-13.598883371515727,-14.541638815402647,-13.569765307342482,-11.636072771923065,-11.00318513928951,-10.708762893177466,-13.521243626449547,-13.109775682860821,-13.343435727697353,-12.831208545135818,-14.464267570307811,-15.382749563241337,-14.47672202904447,-14.33603671568801,-14.130498779253696,-15.831658887707322,-16.813657182386958,-16.64769342983688,-18.764380578616734,-16.08317045025479,-15.292302006133037,-13.782062044089631,-15.846222530196346,-16.29248009954224,-14.487979374295982,-15.860151234508086,-16.457410039440358,-17.838081293721128,-18.748401961917235,-18.461280876055458,-17.20331092037739
-14.365819982640138,-14.291428644771726,-13.869643927168562,-13.98085181091924,-13.814267582494328,-13.28683406585383,-13.220831954021895,-12.883621849620024,-12.155891749326502,-12.870976647269138,-17.966664793050203,-17.392175059781817,-16.247733218831083,-14.228590594028262,-13.148602726188091,-13.564550837372416,-12.184786272443336,-11.072910498539542,-10.318683244681568,-9.114453629269516,-12.251518089120271,-14.546200022455567,-14.9826522515079,-13.315557467775902,-13.38748710600444,-14.5617312698302,-14.281995718824778,-14.367095604121191,-16.507917128648867,-14.167341133603575,-15.950424661160493,-18.69850104542014,-16.487069218146143,-15.606565213464123,-15.22675625879286,-13.15951161813255,-11.797342905838374,-14.108044437877588,-15.82649492847376,-15.721883610926415,-16.739938426376618,-17.734557611761154,-18.71103146244946,-19.411948837646737,-18.405747274498406
-14.549498056440287,-14.074393282087598,-13.586867361270611,-13.93918200613246,-14.842403745119249,-14.832224101052807,-14.633814988930741,-13.400157256448992,-12.667408626118213,-12.342454923613454,-16.65758699476708,-16.190304171024973,-15.028849314002944,-14.150074160945758,-14.19776399567487,-13.287779425629326,-12.071354309475936,-11.643673432912625,-11.044668410872786,-9.590030539298393,-10.227707785579963,-14.552776885591557,-15.165126372189242,-14.323645059579299,-13.075576025811078,-13.439571008309567,-14.463966034332357,-14.078799297337941,-16.496382814172076,-17.453030895878086,-14.953538028734718,-15.745345709741366,-18.00311543545106,-14.183123191642679,-13.98205386650488,-11.54274068285481,-12.71323573961951,-13.920991218713011,-14.985968714786056,-16.748596153540927,-17.860667055947168,-18.38893006146315,-19.10825084906429,-19.6766816815739,-18.990039186056965
-14.77595361574318,-14.31977161756001,-13.56202549847629,-13.60268431158101,-14.438031484512855,-16.751168971590566,-15.965250814271322,-14.084613718481428,-13.50959648154426,-11.80633473287986,-16.478698428165586,-16.17936634943387,-16.218443596067118,-15.227794760489433,-13.93339866942003,-13.140221705893225,-12.006950557895061,-11.883784646433071,-11.93450135458831,-11.061019296456443,-9.261766695282843,-12.347044871853768,-15.158665359560743,-14.11016384926451,-13.910278235827775,-13.44474695476882,-15.573710291416099,-16.49014841560132,-16.496334015788882,-17.46254663716611,-15.546197772896539,-13.835875002197126,-18.058614706747992,-15.541301183094532,-12.059923907629347,-13.07725410557109,-13.567502414522092,-12.007323617704225,-15.449672615723548,-18.485649640413715,-19.23905050264623,-20.52124324366079,-20.159448660956386,-19.112519491251756,-18.097194831079342
-15.23481138951631,-14.739429436558058,-13.946791608752047,-13.665432174026305,-13.585540768940529,-16.150878241813047,-16.091983537517,-13.80761682304302,-12.231567904321786,-10.987562372270427,-16.214431989977555,-16.245029073034992,-16.62700461023163,-15.639907610555671,-14.184878543350676,-13.342923597785486,-12.613667352371941,-11.572193539054787,-11.507791806213948,-11.646705917503123,-9.340312155406833,-12.23688802905312,-14.24162586553977,-15.294587612398827,-14.088858631146453,-15.522462187705358,-17.113214526703914,-18.03524665591559,-17.5023365864561,-17.105219684214365,-15.563127006055025,-16.031687048310904,-14.950147369297564,-14.063222010234611,-13.613782627388662,-13.949175370493128,-14.114207524694688,-13.105675947621545,-16.65108756945439,-17.679474083984253,-19.51377022760517,-21.09279174320028,-19.735415421322532,-18.292418513219182,-16.947061212688208
-15.557390344900613,-14.93409598280056,-13.566125180986507,-13.49087370865321,-13.330208115949329,-15.24723337254684,-18.151067450459635,-15.955726508184975,-12.328777099860314,-11.496297099637687,-15.603828400948046,-16.45389422553857,-16.61661013934995,-15.618684823312492,-14.876986728390207,-13.868705433904958,-13.319958313107964,-12.4046079136392,-11.646350389198073,-12.041339844514876,-9.204161292003416,-13.235922856575042,-12.554188730471832,-14.579110264795888,-13.717585687286377,-15.502788700764803,-17.45508000513098,-17.044204322243584,-17.750457916833604,-16.229011790229865,-15.227094313952112,-15.079314448988718,-14.353813806684837,-15.119866806493468,-14.725639641997176,-15.452601620553153,-14.42637841622793,-15.77485171691931,-17.113990423000814,-17.927186255688863,-19.960262560158988,-19.987244493774057,-18.096222163895906,-16.938845133717926,-16.072685869717333
-15.69178276631745,-15.25449188607088,-14.075993147914957,-13.358129799052417,-13.031572100128923,-14.383147877957619,-19.307635425955702,-18.455129660590565,-14.774606072075446,-11.540701264726806,-13.42014194619491,-16.686672880947707,-17.705614119469825,-15.348961801622067,-15.338604658532395,-14.871655053595084,-14.618290114202388,-13.763264361035583,-11.306349595156533,-13.372231297935743,-10.34857125658698,-9.421881705061084,-13.24825620486701,-13.728148631428446,-14.890276969537496,-17.123699886786937,-15.553474538494733,-16.170707185557724,-19.22248298469066,-17.02786441242938,-14.737339724411525,-15.017694748967832,-16.712434149208015,-13.901099092585316,-14.792649423134268,-15.773718363858832,-15.425953147998365,-15.628915479737321,-17.41518061639047,-18.587502158670297,-20.385747641198197,-20.325761503664214,-18.755505226896037,-16.53816349466954,-16.134049156519062
-15.440864043933841,-15.176356469069647,-14.713064414671432,-13.902955118783188,-13.397218546533363,-12.985204701874373,-17.841985218897545,-17.80496637038155,-16.65327603145847,-15.576170824874689,-13.319841970907019,-13.85765965725512,-16.31489123861061,-15.712727070450091,-15.64999091188998,-16.335368358172854,-15.154594067580526,-14.942850730475005,-13.247278400514013,-11.487386149809485,-11.280525979275682,-9.136875105402668,-14.397750340934367,-16.058647923844397,-8.784997417717486,-14.127829330083133,-13.801048966762188,-16.053565673761625,-18.947117064886918,-18.812161668680677,-16.50421556548728,-15.157358304212776,-15.639262812438924,-16.28947466752619,-13.76505347253489,-16.659015989990575,-17.07346437471099,-17.45766798612786,-19.396397113672954,-21.243305883496493,-20.372932727045896,-19.344317744848297,-18.785869087301272,-17.060872767766547,-15.5205017249748
-14.955069315260765,-15.653606574139877,-15.958034374968012,-14.968394852654777,-14.273097484600623,-13.448107596362515,-16.978400927051542,-15.818730121423426,-15.909595770948558,-16.082314627176743,-15.125445068471613,-14.352067592812748,-15.227545827151177,-16.313779386763297,-16.20390786167368,-16.588664508575818,-15.911033248414833,-15.708465153783466,-15.031935207782745,-11.838572969260872,-13.387094895614034,null,null,-15.038112487388082,-15.666566506789437,-14.261483342241146,-13.125816594379721,-15.027413464918075,-15.704647121179624,-19.46999354780061,-18.953715895238567,-16.649998258399954,-15.51781515269456,-16.14638466493473,-16.99800794076739,-16.16140234754773,-17.194446518860524,-17.36909355844581,-19.481749753291897,-19.57464925617924,-19.381353384910696,-18.84757848921113,-18.08762428113883,-16.47695839905377,-15.724513350587996
