public/json/wind_2018-09-1610_950.json
{"header": { "discipline": 10, "disciplineName": "Oceanographic_products", "center": 0, "centerName": "Ocean Modeling and Observation Laboratory", "refTime": "2018-09-16T10:00:00.000Z", "significanceOfRT": 0, "significanceOfRTName": "Analysis", "parameterCategory": 0, "parameterCategoryName": "Currents", "parameterNumber": 2, "parameterNumberName": "U-component_of_wind", "parameterUnit": "m.s-1", "forecastTime": 0, "surface1Type": 160, "surface1TypeName": "Depth below sea level", "surface1Value": 15, "numberPoints": 4800, "shape": 0, "shapeName": "Earth spherical with radius = 6,367,470 m", "scanMode": 0, "nx": 80, "ny": 60, "lo1": 109.0, "la1": 20.0, "lo2": 116.89999999999955, "la2": 14.520000000000117, "dx": 0.09999999999999432, "dy": -0.10000000000000142 }, "data":
[rows 22 to 43 of 60, columns 0 to 49 of 80]
0.9553390960116868,0.5224484536636204,1.5023332241636989,1.922410726123899,2.1220829960199725,2.9069676254137344,null,null,7.0853141021830135,6.54476954209532,6.499395460122759,6.975507167558359,null,null,null,8.43563626903968,null,4.444811722119971,5.12982382258786,4.58048004027567,1.9552822442168138,null,null,null,null,null,null,-5.273526792273874,-8.603391017275111,-12.387402158205083,null,null,-16.946821092105775,-18.67805872497921,-19.51045144268105,-25.912824591590763,-24.403240655034043,-23.92364796847983,-21.5491319339856,null,-23.881558811101723,-24.83858123094692,-28.000044487418233,-27.3281640445689,-23.08830390380554,-21.464743023831048,-20.393611556174246,-19.281597964817415,-18.593689056838393,-16.85775326070127
0.7075184674959966,0.16128675950007304,0.3017650068118156,0.6156503022923376,2.337994200521443,2.185151740429692,null,null,6.608199825392704,6.9344239828988865,8.297487976657358,8.100092137475867,8.325819418474214,8.47209606608449,6.781044036359413,6.1187348140402165,null,3.0249849621073883,null,null,null,null,null,null,null,null,null,null,null,-16.44872932446252,null,null,null,null,-23.58877741822377,-27.087359292079995,-27.343937502122124,-26.079669667732745,-28.036759649390312,-28.560386099936704,-24.669574793239978,-27.31792752578174,-27.854700937253693,-25.009490596583284,-22.607452030416926,-21.7279499999566,-22.182844650533205,-20.547675174797202,-18.39614868763352,-22.023380541368848
-0.35434999738476725,-0.13594579902906126,-0.06591925351826594,1.01509513724498,1.5928536507365358,null,3.214339251739161,4.66382947719324,4.175913744993445,null,10.332535831477466,6.968834438312536,7.303257374936086,5.61033906086753,5.16556892678104,4.022931739126022,null,null,null,null,null,null,null,null,null,null,null,null,null,-21.600801300992714,null,null,null,null,-29.357738545313488,-37.809466936084284,-31.55951016041341,-31.296612687942215,-30.735445574123197,-29.5510426015631,-31.722237845431685,-29.636665840604493,-27.87055423067816,-25.731293076372936,-24.804498483843204,-24.496676029616644,-22.686876936435475,-20.083600538756233,-25.561433943281777,-23.973951093216137
-0.856003553566876,-0.293678198476528,-0.42529890565425277,0.6423063589200814,1.855533064308852,2.699707140443347,4.053086498825526,4.515504739517473,null,8.445308500440493,7.711672831562663,6.006294113817123,5.587400200672222,2.3795251522697827,3.3767285962268243,0.5804461373635257,null,6.955706081275278,null,null,null,null,null,null,-2.824193210924261,null,-9.303838516197567,null,-17.634734161194064,null,-20.631493497584536,null,-27.002669674418957,null,-37.583014767417836,-33.84117389313104,-32.606357457258305,null,-31.283955703513705,-31.277217476608847,-31.765392936622145,-29.455005787981264,-27.21300780138526,-27.044344650168696,-25.69720194685367,-25.428995698168258,-20.980223533313165,-27.126553352835987,-25.352656818146215,-23.241654224519568
-0.5539115872030398,0.15782886686010617,-0.7187597166599512,-0.4541085019192671,0.28623692459635686,2.2392149053387347,3.6550767888682247,3.6826365780290717,5.159224401900864,5.688449534280294,5.015391426972973,6.149255978070718,2.6138421195004122,0.3581481565346317,1.6568238578154921,0.7144228716809216,1.7742320360075117,3.5070888535748477,null,null,null,null,null,null,-5.886218977017468,-10.71990119714464,-13.024186568938841,-17.180273928445818,null,null,null,-24.1312503887864,-28.808810744972654,-33.57751957409289,-28.623320135996398,-31.24351825981777,-31.47724163899343,-26.43468790540375,null,-31.84395043925278,-32.89539459134766,-30.513767648773104,-28.61975499622961,-26.423508752709374,-27.275903624127192,-22.598382737511102,-28.612597676339682,-27.40139848300264,-24.326758315321126,-25.77202769200985
-0.39116958722514894,0.16713472212194858,-0.7216133165215638,-1.6407707474351765,-0.42489530840727724,2.6501363295192184,3.339454019112059,3.26267605785752,3.829663239409706,4.775713309292257,5.691244301409908,3.4944573745890963,null,1.7440313414256177,1.34542417687961,1.6497012053788327,1.4497387222520812,0.0021737590224387314,-0.039879078082432705,2.115322247432444,null,-1.8917625975438055,null,null,-8.030191066494499,-10.398625178373132,-16.429600226338426,-17.955927831053447,-18.286114682766488,null,null,null,-26.95190554266615,-23.324495261402184,null,-32.84654498271165,-35.195984161942995,-34.25403344556652,-31.974210440048836,-31.656803105485267,-33.17036331215183,-30.684384254757138,-29.25006190197443,-29.499768573438903,-24.04459337040104,-28.953821153051276,-26.603774906962,-26.743092376208153,-25.186413914976423,-22.177291680382314
-0.28250549713729073,0.07992628086390723,-2.241691099147177,-3.2776337770217134,0.18132303809712125,1.7179302006771735,1.7660667379772228,2.7006038521463784,2.779830713664882,2.7684378583355467,3.422962712763505,2.5659454178746577,null,null,null,6.643502835505008,1.153540941978675,null,-0.5359037767476937,-1.613012464449156,-3.306802968822854,-3.9583789494045454,-6.713463594640743,-7.776947445687648,null,null,-15.863319996007768,-15.018282232100201,-20.26357934448865,-20.317846000766338,null,null,-27.569569246462713,-29.105842425445918,-26.712977884384998,-30.634404357863552,-33.365880051454255,-30.93196971599061,-35.533753029107395,-34.462072636355806,-31.35837015775103,-31.24213427866134,-26.58597313129938,-27.941128808781627,-25.83022690461033,-25.374368379276145,-24.16583623903014,-23.7892815344502,-21.309179372052846,-23.992597769158493
-0.44206725795079976,-0.06465346161422049,-2.1921837950256418,null,1.0516470287928417,-0.3493676810221674,1.2131003194157604,2.2490793690727346,2.339352849856113,2.0016966756981325,1.4539599177760443,2.127884393579388,1.292084070740959,null,1.2532775337362345,null,0.14985843108215324,-1.8343857087790978,-1.6291915316022152,-1.3984814068336657,-3.1022231791594264,null,null,null,null,null,null,-15.072797309469903,null,null,null,-23.742155940753836,-26.67953818160771,-28.567839423881523,-27.489174679923472,-33.61385952352892,-30.918303084265872,-32.17044654149476,-30.251511470934407,-28.522319385508176,-37.099021634749434,-31.078207603089872,-29.71073949308794,-29.043668744211455,-27.502020576635044,-25.348870857321202,-24.303495586412645,-23.564527920387906,-26.814817284976925,-24.792107432078147
-0.14535292824316937,-0.6673228339664533,null,null,-1.082703483088752,-2.210645669252516,0.5453245874018909,1.870099066002187,2.5474809680199066,2.192117087382412,-0.47952689156098094,-1.03439185790796,-2.105293513670895,-1.9920285526424235,-1.811270317866377,-2.2266576207700672,-0.15137493869340182,-3.0188404414189915,-2.387994201136931,-3.42354877596059,-5.020216837761502,null,null,-9.115682889000734,-10.991831177897408,null,-9.81346630472086,null,-19.912052711684474,null,-25.814404201328053,-26.703104422085342,-25.28054865278437,null,-31.31286637680396,-29.55656674624457,null,-27.019824644022172,-31.79974793469593,-33.26245160486192,-33.54074947827005,-32.57202688940999,-31.982713835203125,-30.153681835996906,-27.562889868658,-22.257299023531665,-28.187402095762526,-28.666227291337492,-26.142093976090187,-26.32200497210255
-1.5909479110567721,-2.3460241443300087,-2.666476589437567,-2.355101150310561,-3.350583778315654,null,2.1593057221204726,1.6148788655673596,2.762007912636689,3.2379567472179644,-2.812667860141593,-4.462281886811894,-3.1190245513356,-3.330169213055477,-3.372234181149625,-2.7015614948799707,-1.57935828740787,-2.539948824276589,-4.92608296553005,-5.070054100104341,-5.449109714684107,-6.649059280076166,-8.62637754763469,-9.071745052736631,null,-13.785473263596499,-15.564497236898209,-19.105179230984916,-24.96540512583727,-20.825760507303038,null,-25.720080877109844,-26.48894073141676,-29.775615441303195,-33.96510324801365,null,-29.790954885771406,-31.90448331779168,-31.997659709467133,-31.428027211224666,-26.238683912506705,-26.780170229755605,-30.14023360933374,-25.250129747813993,-33.274962091771485,-30.48918901966715,-27.0643690296109,-28.073586965645312,-28.19788493247462,-28.135456782684933
-2.5173502545438904,-2.5840993734126587,-2.726883344081638,-4.063275272037772,-3.2779477519078983,-2.072156298477533,0.12038110333933791,2.352857733185694,1.8467243959803181,0.9015608905771573,-5.760151805506965,-5.097504652423662,-4.260324389588964,-5.168915955872058,-3.5251750913564597,-3.765697797569378,-3.985971130183378,-4.053942640519637,-6.246912181455609,-9.269633422803242,-8.15903516851731,-8.755201352226619,-10.486503768823063,-11.319915474053358,-13.577741142571329,-14.994226989141348,-17.24713783835521,-14.928297273662695,-18.689115791877303,-24.316903311058912,null,-24.212888624618767,-29.792741787196288,-25.358382486595524,-27.914591644425954,null,null,-29.715273181063214,-31.65992161670208,-29.438317566305113,-30.40978435926073,-29.201822020007526,-25.929963485641675,-27.949222211797107,-30.372090956221957,-27.897728245599147,-29.715668781382163,-29.048709977354342,-26.47393940577647,-30.27975745104142
-2.325868062294131,-3.544577462165582,-2.875023111757742,-4.811909211701987,-3.251326893672484,-2.1631955500472073,-2.1221400697141832,-0.31959574927526707,5.394242594396194,null,null,-1.6109241137314885,-5.38720241552004,-6.158707412192563,-5.212845517542713,-6.541817555402146,-6.432140436870163,-6.893663451731187,-8.265429972611871,-10.162896205465442,-10.407301325437924,-11.341919215852172,-13.01054348377323,-12.414148509098224,-11.589805723029707,-15.703815724836772,-16.202620759682702,-16.30603857256586,null,null,null,-23.413192481890437,null,-22.953976635276046,-25.090794527882327,-29.771460223833884,-29.392979236614664,-29.820037481190035,-26.084004122754724,-28.008571961058763,-25.782550917120926,-26.550903407580858,-29.84537561154814,-29.526146180807988,-28.70398236975767,-25.411130430419213,-24.33353066957432,-22.95351983111867,-27.534685684346147,-29.297625283678673
-2.4830095304511244,-3.118419926518826,-3.4212583721995844,-4.943054360833585,-3.561279021554267,-4.994842861968639,-3.175922349973912,-1.7233376672148166,-0.9572697737508195,null,null,-1.9757627992634152,-7.494397638627297,-8.227154158686082,-7.083561923355438,-8.596284187037778,-7.544523234078258,-8.43317832009795,-10.450080995353773,-10.556097938611419,-10.223370984798686,-8.782756985360999,-12.988842372421999,-15.462868589584,-14.367134029669684,-15.842068200788374,-17.155737874091436,null,-19.36437109362179,null,null,-16.82018224004558,null,null,null,-28.731180697471668,-25.729227808103087,-29.11199991724301,-27.49343658464132,-23.611013998444555,-28.10371794600778,-31.115870060629522,-29.71017799599978,-29.83795989096307,-22.96652736896007,-24.384368989874407,-25.547955899608414,-34.4225991709452,-29.033707026083167,-20.423325522147636
-3.006742841401697,-3.1987672800207396,-3.8440771660331094,-7.695507717711128,-5.764161204855377,-5.382465934596577,-4.51102148624566,-4.801378382921476,-4.452042363054559,null,null,-5.011590058292676,-10.864927637061468,-9.48253799257024,-9.036177260672101,-5.325118170423595,-6.27556691237003,-7.6797211547934205,-10.561949326821452,null,-9.368633810666724,-10.591061328809165,-16.759997444127794,-17.510237846633824,-15.102869417536255,null,-14.01894502648108,-14.903321399824575,-18.67792067232799,null,-15.457453516372132,-20.168477967464238,null,null,-25.752739243769582,null,-23.377476324923492,-27.719599464118982,-27.790949738528894,-26.8914186287766,-27.679948409609423,-26.144116182962616,-26.473394786050797,-23.347463187193945,-26.461489622083576,-28.191360825252332,-34.902398199520114,-31.208002358928614,null,null
-4.5892809342613825,-4.483640543936714,-4.809689083504575,-9.239237443876492,-8.206530310553545,-5.719743846038088,-6.117498745372023,-7.453629329102508,null,null,1.8678013471023798,null,null,-8.801453087168184,null,-4.434305299241217,-5.804445387869058,-10.419212304753575,-8.427349284958403,null,-8.706956473571175,-10.600413756889628,null,null,-11.310433567566363,-11.493790492330488,-15.365632980864241,-15.695089516137338,-18.320204271380277,-17.989760440405668,-17.245026109974425,-17.559188200419598,-19.35572506980504,-20.73197536582334,null,-24.54817513265108,-19.586614620064257,null,null,-27.844898543717697,-27.516858528370854,-25.788586163227958,-24.783957926723716,-24.34521467582658,-26.735501117852028,-22.195431997329756,-23.85452793018098,-28.066328010851286,null,null
-5.086306487990009,-3.2803004605172084,-5.604046796307564,-8.84777925393416,-9.027594740382504,-6.639740535310138,-7.412132453476753,-5.059286746676236,null,null,null,null,-7.529350649251301,null,-3.821883171971826,-7.242273902860975,-6.656376745433183,null,-8.77080182798635,null,-11.526176788871012,-8.698458427590472,null,null,-11.967444820950533,-13.122049684930719,-14.78418845102958,-13.343569444523006,-19.208834245379403,-22.360416443613907,null,-16.083943810779417,-18.640939632045423,-23.26470596634516,-26.1600614591517,null,null,-19.61211053100723,null,-23.057757803057886,null,-16.862580083604364,-24.600669331359786,-25.34252425272968,-23.944115254917715,-27.763659155551817,null,null,-21.08727870650276,-21.872477868793304
-2.699680288305073,-4.2957453525032285,-4.030776998893634,-7.773846035979853,-9.219280344884776,-8.568679817264917,-7.099073394645807,-6.8196803918174425,-4.942897359450714,-2.886538647354153,null,null,null,-6.341991034958398,-5.128084911621072,null,null,-7.653451389198979,null,-8.633883971053049,-11.255213419164857,-8.31266232693807,null,null,-9.32491356448675,-11.101355747858587,-9.670920594931323,-9.059828227615107,-20.397203594373316,-18.52484301568694,-12.539432715214103,-21.90646599523283,-21.43361970165073,-22.083403578679146,null,null,-17.208948477791196,null,-22.29630659965344,-26.878875883555736,-26.665698448755233,-21.606783591159324,-19.038969500049028,-25.060365879938523,-26.76696865353842,-24.456733227974038,-20.86911568398651,-25.207396939445303,null,null
-2.5303459596719207,-4.355875511937679,-3.6226256828186196,-5.288277114273715,-9.23095974023952,-8.859908296787681,-6.661125074231534,-7.030391609270783,-6.537152050693475,-4.653549470342832,null,null,null,null,null,null,-2.000959558587536,-6.867497811325544,null,-11.84789119434871,null,-10.416688588257848,null,null,-12.496320845160236,-13.175609690121139,-15.844785753871015,-12.400471421348161,-15.106621169077638,-21.53216069843657,-18.011381230613217,-21.403209492084127,-24.276950754438854,-22.606963819873023,-23.793819260202184,null,null,null,null,-25.208703787129217,-20.389138350097685,-19.574020484249502,-20.069714130037994,-23.816384289622995,-21.843878542904484,null,-19.92602536510568,-18.573717979413832,-17.681325725977707,-19.735124957563468
-2.3742823847984527,-4.8331859259322965,-2.467474100663053,-3.7085491698569415,-9.166354140922177,-8.616510855106915,-7.78198645467355,-7.344824324111507,-7.281475151686264,-7.129728341775783,-7.2946801341456045,null,null,null,null,-1.2550485975458605,-5.226377014151547,-3.200590724954745,-6.902068249337552,null,-5.432306349345695,-10.954891351975624,-7.476913942911873,null,null,null,null,-4.781330300833203,-11.803102136284824,null,-15.613836366432192,-20.393434074690884,-20.287838178352594,-19.291173624503223,null,null,null,null,-25.014270561842338,-24.580340041997374,-22.29767528422351,-25.557820093580183,-26.299694078755753,-23.764607827652306,-21.78826029523546,-20.99029066539299,null,-17.25019605183798,-19.16204239473842,-14.404858267267976
null,-2.8185252178376627,-3.5078141373491873,-3.8156744837481904,-8.026596665505862,-8.415504695977367,-8.507929277175883,-7.407994348441109,-8.135090011295889,-8.082464280635152,-8.578816431704459,null,null,null,null,-1.5635231555987488,null,null,null,-12.134957504088241,null,null,-8.008337240140161,-10.481147510732828,null,null,null,-11.934148952369137,null,null,null,null,-15.867081738407263,null,null,null,null,null,null,-22.061011347186348,null,-23.675498668766657,-19.34487276482281,null,-21.809866833955034,null,null,-21.149087464239845,-20.140992604649746,-21.325563397369013
-1.7796093234057364,null,-2.3540469282801566,-2.718455063939705,-5.8767336137135455,-10.047621831970018,-8.9648532195616,-8.650215950148716,-8.58333163938977,-9.051150251780644,-7.868706729392498,-10.795257352644928,null,null,1.9666487645532702,null,null,null,null,null,null,null,-8.216797060290276,null,null,null,null,-15.067253055574785,null,null,null,null,null,null,null,null,-17.551028942330536,null,null,null,-25.68942980073095,-25.415074025738022,-26.23130495215541,-25.172965307727218,-17.26501631954199,-20.284824960029624,null,-23.10806879693093,-27.901848885464787,-22.971075941894654
null,-2.520533394727119,-4.4525201656754065,-3.58034384907384,-4.286367329789517,-8.969923550543282,-10.481753955891053,-9.853828352191163,-9.585605622158672,-9.54487516141145,null,null,null,-4.313130001266407,-1.5129721275782844,null,null,-1.0360133657223884,null,null,-0.36694196827984793,-11.484731381923272,-9.154485798022067,-8.681875018036129,null,-13.640266651735631,-16.591124822201014,-17.569783567018806,null,null,null,-7.898783659019848,null,null,null,null,null,-20.474168674902312,null,-21.766332884093273,-23.674001246610302,-21.069633011544425,null,null,-24.924420314950986,-16.70515547208655,null,null,-23.55467559216918,null
