public/json/wind_2018-09-1513_850.json
{"header": { "discipline": 10, "disciplineName": "Oceanographic_products", "center": 0, "centerName": "Ocean Modeling and Observation Laboratory", "refTime": "2018-09-15T13:00:00.000Z", "significanceOfRT": 0, "significanceOfRTName": "Analysis", "parameterCategory": 0, "parameterCategoryName": "Currents", "parameterNumber": 3, "parameterNumberName": "V-component_of_wind", "parameterUnit": "m.s-1", "forecastTime": 0, "surface1Type": 160, "surface1TypeName": "Depth below sea level", "surface1Value": 15, "numberPoints": 4800, "shape": 0, "shapeName": "Earth spherical with radius = 6,367,470 m", "scanMode": 0, "nx": 80, "ny": 60, "lo1": 109.0, "la1": 20.0, "lo2": 116.89999999999955, "la2": 14.520000000000117, "dx": 0.09999999999999432, "dy": -0.10000000000000142 }, "data":
[rows 19 to 37 of 60, columns 0 to 41 of 80]
-10.4753745641805,-10.456063928717843,-10.36611999796088,-10.687450572222941,-10.647520302052438,-10.517961874655958,-10.316249055877371,-11.260288321095828,-12.335791381332406,-13.457898054959852,-13.338682436547908,-12.998168680477649,-12.916201666730752,-12.951567077390084,-12.692574892974488,-13.235429625191326,-13.711971059762076,-13.690958245027359,-13.678693963211401,-13.174873676229325,-12.891390378983983,-12.537509316408372,-14.513579166024396,-14.289628260253693,-13.104160540169374,-12.225888337726602,-11.911818886083388,-12.757924957204413,-13.262193416076894,-13.671580809496628,-11.918080602779247,-15.665068935292668,-16.23903665743062,-15.768890224557671,-15.308327871885902,-16.373178328721572,-14.022778168836318,-15.825029740378973,-15.269728346588007,-14.90220592353796,-14.661027793601987,-17.61502657853066
-10.665383540269929,-10.452267485728319,-10.816968092530908,-9.68675251277928,-10.840124654260658,-10.794804249938283,-10.892437455048789,-10.29164653116883,-11.778144329101684,-13.050407175905802,-13.69474562816169,-14.053060756422315,-14.051242643487447,-13.383743456486288,-13.400145020011228,-13.027733928163896,-13.294889903765576,-13.465552985672277,-13.647241796649071,-13.251417964528084,-13.78455740510843,-13.356071374221356,-14.096014412265028,-14.585347886731926,-14.380736070045728,-13.334054580371738,-12.586211598830072,-13.004775008822996,-13.430562662082664,-13.082404620129099,-14.028952585163125,-12.296569593728455,-15.072288063922757,-16.13266441439091,-18.251234898284164,-14.803974022703738,-16.02421966468618,-13.66464357233884,-13.647060051985967,-16.23824145280899,-17.41498139252738,-15.857004039174576
-10.970081467318666,-10.846458980350175,-10.566126695931622,-10.929828607787169,-11.391976003951225,-10.966637802856456,-10.549655047643709,-12.328779274842855,-12.600940834855946,-12.643050016220819,-13.633838659985956,-14.4465213977182,-14.272131369515499,-14.46736651956525,-14.066174526729199,-14.119242110883178,-13.264529324856962,-13.593486325163811,-14.287897004001394,-14.25177034659054,-14.294971930147145,-14.65982966778157,-14.075925165581355,-15.610888596238158,-15.679771303614213,-16.344664422783275,-14.569624389514395,-13.64568367344968,-13.075687371969762,-13.821945412806844,-12.63065758214064,-11.105479109866131,-14.89218559433138,-17.43119913122107,-17.057817232912157,-13.513434012230366,-15.639931238554386,-15.406615612588325,-15.294776605198388,-15.026676580754618,-16.385979485527614,-14.863857303693402
-10.040274783114848,-10.417093310854867,-11.352692548594195,-10.917753500316953,-10.777458396628537,-11.930568414017669,-12.574377387647658,-12.300770136263775,-11.900899732983508,-12.248155037331955,-13.589456116104854,-14.316995961570372,-14.908675681700936,-15.180600079669325,-15.654622837445256,-14.770774694320586,-14.769673421139476,-14.355300272081273,-14.030361164957618,-14.517207131128766,-13.58740974318114,-14.545850154024587,-15.323266516647461,-16.476660023909123,-15.217058900491768,-14.497308783316692,-14.747495699658568,-13.807101619584323,-13.830649817667936,-12.49182982610755,-13.004692937757019,-14.05908601129751,-11.51227809306241,-16.825786042255256,-15.098647343796998,-15.442700674801145,-15.857027902763743,-15.734488148688294,-17.087703905808652,-15.415050015210388,-15.111858559321515,-16.27781135889041
-11.72041243579533,-11.027601798587368,-10.540047124978376,-10.812490159639035,-12.226996420825742,-11.626742624329859,-12.88314673526955,-13.657429572720217,-12.611539581819027,-12.889327437597066,-13.622947416861928,-14.171784628837583,-14.63374085805372,-14.675446331103714,-15.43716835638104,-15.50879408516203,-14.729900506203695,-14.161781943117777,-15.151207675029706,-14.270316857997466,-14.200389761992259,-13.17632606166888,-14.049152390460847,-13.596214375524422,-14.429796544712996,-14.452668831487356,-13.971892714703413,-14.256135257226184,-13.365719824430554,-13.467043010177562,-12.947976362380022,-13.169797009404988,-11.573153904794246,-16.42271675029724,-15.87755336164182,-16.156215836621183,-14.36526035027489,-16.389435450104802,-15.616962067689016,-15.198236712309638,-14.208008979187108,-15.645224951515118
-10.84732058182447,-10.904811517188925,-10.237259801684997,-11.165916256414116,-10.969407891789675,-12.540132132821274,-12.051192346907714,-12.911744375574346,-13.960762333797742,-14.12182530765055,-13.498769171139898,-13.881447210321106,-14.00826603492036,-14.331686073940375,-14.545346042350896,-15.535673863614864,-16.09202635496976,-16.230941920878806,-14.164780800829803,-13.391965449904543,-13.89953069064321,-12.683705241042315,-12.465001089504485,-13.564791004622041,-12.73509134560609,-13.38339168147013,-13.098023743924125,-14.12372913677875,-14.280797691026603,-12.480095611951793,-13.673629827580939,-13.122642753965955,-13.422261509356574,-13.422147450135402,-15.379268021001483,-15.097085042143446,-17.69562663053311,-18.067095525483175,-15.832571922074141,-13.186240374816657,-14.420762522764832,-13.166464093885216
-10.685177912404878,-10.64842499378496,-10.409198304249484,-10.725585723556062,-11.195056109146385,-10.764714890681258,-11.833790307183422,-11.66523360798059,-13.621524528980007,-13.363015358936378,-12.674143315619288,-12.792199608403925,-13.623771393987465,-14.928685407800767,-14.954563980308698,-14.01595054072784,-14.316651042753938,-14.882972208569822,-13.021051013473741,-14.61148179366303,-12.521542628699645,-13.28065331126912,-13.295307222354564,-12.985645303138082,-13.17122265306033,-13.211765111786564,-12.628749400291838,-12.843679547862955,-12.703430296378619,-12.60426673156986,-11.549582923510693,-12.948680248571122,-14.175644458414405,-13.912342755286554,-13.124849262931056,-14.636396730869029,-16.424607197017302,-17.282427505247664,-17.878064071069353,-14.262363816874437,-14.447524377681956,-14.050917650834187
-11.258778043631441,-10.70635481853791,-9.690170028353815,-9.587913584624864,-10.322891804579598,-10.158874477068638,-11.15505416458844,-12.810397814584917,-12.917195990103066,-13.372279622001166,-14.125123049965557,-13.046326001632975,-13.082225529826577,-13.173162162403953,-15.050700343544968,-14.67562459630831,-13.21049758365071,-14.013021347279473,-15.699162605083913,-14.025037258080392,-11.104296602799543,-12.861496527006487,-11.445920728361955,-11.771934527961468,-12.68995869557217,-12.93957253154799,-13.205791310219265,-12.425517512022429,-12.379164918071377,-11.914890681264149,-11.69660822834423,-11.991584266050406,-14.018346609762386,-16.130978483395005,-12.696810584398659,-15.012783930873908,-17.518151965291235,-15.615487945741034,-16.845307900670214,-12.497898401967898,-15.014222508494914,-13.484740357163258
-11.61099783977232,-10.882197421305671,-9.870253558650264,-9.766437906914188,-9.998237284048018,-10.64532937425894,-10.490616971939628,-11.509250426283856,-12.5618132487806,-13.877941667126857,-13.993102189848688,-15.150600076280542,-14.246381383785748,-12.939004212181816,-13.159274850517036,-15.436097535872879,-14.338586570211056,-12.427009739200821,-12.208518169920627,-11.68344209010881,-12.234113964373574,-10.495932501613694,-11.536777275176407,-12.371290574486514,-13.247816419397322,-13.166090358119042,-13.142437677786287,-12.4375452539225,-11.741867794310762,-10.842855943548708,-11.264209212102974,-12.168001277898163,-12.878777510287982,-14.92309059055675,-12.921005354177682,-14.48689618974352,-16.069771294925182,-14.346818192027584,-13.788308375424254,-13.833585464158926,-12.804769140931292,-12.711251944792085
-12.228298250107464,-11.54561699297404,-8.99711788771233,-9.54452517106586,-10.11952596056829,-10.517284414360645,-10.842560728761567,-10.782065886395308,-11.085019060516906,-12.434726175370708,-13.276898036669577,-12.957530033049817,-13.236485085386532,-14.149504775917489,-14.639315040614733,-15.688049298289133,-13.852292454203502,-13.432272980406177,-11.528035894414137,-11.337197322468212,-10.637336294851387,-9.2565522777032,-10.120732547731432,-11.960179092051177,-13.821731713077376,-14.673287714875563,-13.69500672498922,-13.730354323524747,-13.484080555993533,-8.552889716422845,-14.235865675371606,-13.233118910527278,-14.72589264087757,-13.530156464624543,-12.883842921292171,-13.686514012226993,-15.104118307423544,-13.657775352582991,-14.481933482661887,-13.331438544173148,-12.70652897876872,-12.987314824510158
-13.75129684556121,-12.641272968316851,-12.17845918540414,-12.369607069485358,-10.590242297665878,-10.786123423707135,-10.849539595347382,-10.747604851482494,-11.065831028222831,-11.434707087110212,-12.4034294089727,-12.33286924821652,-12.031292226282359,-11.959980052283683,-11.606287114784358,-14.45569847618465,-13.464756710988965,-11.738198244395312,-10.50506497996762,-11.492477162409628,-11.686454668328818,-11.538515339710893,-11.117850448499908,-12.687160924968575,-13.319702079907845,-14.987402614762212,-15.632426701339238,-14.634294668690204,-16.235538012448448,-16.16003686701482,-15.415267242552602,-13.483564495944975,-11.96073792557516,-14.859848046548674,-12.36704580852814,-12.480595605214525,-13.024224498054686,-13.460563141165803,-14.905046033533266,-13.312988901993675,-13.031818511077049,-13.279971936325552
-12.931218331222704,-13.741683868728469,-13.340937572407757,-13.442534882194543,-11.487912689889988,-9.445374658010179,-10.636054478902365,-11.083763191868261,-10.767886774722726,-10.693810193739935,-11.045463421206,-11.547592519478325,-11.845949249659434,-13.27601062198224,-12.335313648836506,-13.940141150576657,-12.453599609984506,-11.401685712514094,-11.01174662244616,-10.901956068457284,-11.084231171614618,-11.812724406491414,-11.376488978024982,-10.914554516945419,-12.260632669153473,-13.948623710387775,-13.590072012961103,-15.017893326031615,-14.469818733014183,-12.970277261119755,-12.90389775100764,-11.793216901920502,-10.262328126681528,-14.100880579300032,-13.8961209745606,-13.22734537471331,-13.839325810440819,-12.815933683266922,-13.191892427302548,-14.88043046367772,-14.841354822117657,-15.345555983385895
-12.67872964579933,-12.228957151930723,-11.823083460942373,-12.007885069103141,-12.463910703093195,-12.911355953307831,-12.31435236940015,-10.88341404188023,-10.720140688403948,-10.812771616120205,-10.798188390820753,-11.309479969257733,-12.026603073743761,-12.245928546980977,-13.465090572340817,-14.125393131970942,-13.604142834386765,-11.834411068604393,-10.525790141584817,-10.26726312036262,-10.290606316552564,-10.999040198078088,-10.300164819809694,-10.275929069063462,-10.823047449577558,-13.388034277842108,-13.520468846212582,-12.69715057533546,-13.553595652558428,-13.820369992769443,-13.828029450751153,-12.10271943344373,-7.53807465663139,-12.136650932060137,-14.634373472938885,-14.719851234147562,-12.619804453201724,-14.195395943440767,-13.881985375591682,-12.160806400045555,-15.855240760072917,-15.796893434326854
-12.434711895187272,-12.226206445257922,-12.040493082672434,-12.151112613634297,-11.654498204798061,-12.339780467232247,-11.83706926449671,-10.374012399123334,-10.245063142083028,-10.138682262635898,-10.4206822486183,-11.629596415416955,-11.891888361180328,-12.49597116718391,-13.12008640457415,-14.143842899108694,-13.665399909669125,-12.111139152927867,-9.65723628951603,-8.675294586954951,-8.475787173606406,-9.016784273598699,-10.07628848363939,-10.01475535341778,-10.642374750238584,-11.145676585222779,-12.249236344550365,-13.861751010621717,-12.71116170499677,-11.683121741754562,-13.052360440009316,-12.14521198400821,-8.825789846841046,-9.222794421583771,-13.123578199135077,-14.46617863643753,-14.406030251102875,-15.985142095619981,-14.001998081337748,-12.024113285994831,-13.796282117278668,-15.203752411186723
-12.513643308525623,-12.563500758503597,-13.219993954286734,-12.088272825884108,-12.716558305029405,-12.602512503663066,-12.029325302763125,-10.571555666300732,-10.959341887697931,-11.997561066708053,-12.815292304998902,-11.895436614522644,-12.42247068072652,-13.163226505590908,-13.071242170062826,-13.16125994320386,-13.04703948424877,-12.237755948659075,-9.374513878443203,-7.511415435474555,-7.9504194630091,-8.470862738649382,-10.339495706508568,-11.225704821200186,-10.26974911214977,-12.139684804217344,-10.569366568854788,-13.150389188039114,-14.405094711080139,-14.058160106952059,-12.812809368687438,-12.945560419164039,-12.857761835630265,-9.578506441664937,-10.315154138690955,-11.629758331110342,-14.18310402465763,-15.026012285445352,-15.882685698339246,-15.204740460987868,-15.795669437498484,-16.414477617375685
-12.44271898680714,-13.232384179199506,-13.226242032284784,-13.716847590157732,-13.307001452854008,-12.605104681662539,-11.903356000857286,-10.747352887833406,-10.138090545510426,-10.60646536650251,-10.492327972635428,-11.588498278255841,-12.280626393872119,-13.118148113090623,-12.600473649532844,-13.59293725316488,-13.083202810838955,-12.142849891626806,-9.10369066201979,-7.97848213971576,-8.542822697392682,-10.711339237005145,-12.008952721389544,-11.711720056547394,-10.251070975411961,-11.114675308418008,-11.582354524296518,-10.449339413766172,-12.141934486101045,-12.077112753589821,-12.54565031016251,-12.392929340293223,-12.992203647890507,-13.144590427479274,-12.365940817436892,-10.67822219837382,-11.889443931021868,-13.337693337777305,-15.157938065941462,-15.423172490511043,-15.025328811831347,-16.328138812029227
-11.739396755201616,-12.791312073465237,-12.98199116581501,-12.999883470956501,-13.162819318044486,-12.619133260670145,-11.71039339706751,-10.920946663572646,-8.305581457109444,-9.429690520785064,-10.892859874535871,-10.293977415093437,-11.675476175994207,-13.180348667722743,-13.946404533103063,-15.305520750888434,-14.377645120226076,-12.237558157920137,-11.186443713491549,-9.980306190822862,-10.610984878615586,-10.676920456743622,-11.546862390417038,-11.817850722573302,-11.731925354274127,-11.770421210205887,-12.681298018286178,-12.269869131225882,-12.079077780698748,-11.399534029020497,-10.65839829182567,-10.620753335973124,-11.744729643040209,-11.884510174258867,-11.292207367985787,-10.703923474174621,-11.734375764677292,-13.742674060242162,-15.033735902823517,-16.31353570321638,-15.006057586690453,-15.286255481463892
-11.241365609075283,-11.802667284057447,-12.550448276490675,-12.528163178019502,-12.861577919753467,-12.710969177844497,-12.069882619922566,-11.827452615894305,-11.334102371207885,-12.218361885830333,-9.970699795079849,-12.189924597196008,-13.36440364529701,-13.475007561604059,-15.81262181450995,-15.411067272030778,-14.012762778024626,-12.76529347647024,-12.013080130877686,-11.805793373237922,-10.083458003086559,-10.951122238699341,-12.850626103446423,-14.859169760938634,-14.497659194451721,-12.033029678684393,-12.081065133276036,-12.24356455095146,-12.308711601370975,-11.126984784565995,-10.38699034458648,-9.735944563086495,-10.275739076592563,-11.236736505402005,-12.156781830735177,-9.18060567418665,-11.513704787789205,-15.349207716683356,-17.346323565812018,-16.4684566883047,-14.99958188297903,-14.050264767222968
-12.058450243670181,-12.020552002965127,-12.451599177207358,-12.90580477263123,-12.78831997801828,-12.509925882692919,-12.184823501885768,-12.516129789559436,-12.17814848626462,-12.381497547853467,-12.184171308785753,-11.06337570618667,-12.952148750396322,-14.287799537286519,-13.666287804957598,-14.457522132474065,-14.03342370436706,-13.656267320970848,-12.646634684607564,-12.20659172886015,-11.922903397556377,-11.153379200005185,-12.831317917038653,-14.104836661203915,-15.097048361594563,-12.655429896255894,-12.199720038418748,-13.300347103154666,-12.800914035541409,-10.345992503899314,-11.14500353976747,-11.881116396413042,-11.089826216208557,-10.159588877376505,-11.228980033465298,-12.64297724791251,-9.752624499474503,-15.762711174145275,-15.625660727776951,-16.517837207068265,-18.82183186850638,-14.290992807692087
