public/json/wind_2018-09-1520_925.json
{"header": { "discipline": 10, "disciplineName": "Oceanographic_products", "center": 0, "centerName": "Ocean Modeling and Observation Laboratory", "refTime": "2018-09-15T20:00:00.000Z", "significanceOfRT": 0, "significanceOfRTName": "Analysis", "parameterCategory": 0, "parameterCategoryName": "Currents", "parameterNumber": 2, "parameterNumberName": "U-component_of_wind", "parameterUnit": "m.s-1", "forecastTime": 0, "surface1Type": 160, "surface1TypeName": "Depth below sea level", "surface1Value": 15, "numberPoints": 4800, "shape": 0, "shapeName": "Earth spherical with radius = 6,367,470 m", "scanMode": 0, "nx": 80, "ny": 60, "lo1": 109.0, "la1": 20.0, "lo2": 116.89999999999955, "la2": 14.520000000000117, "dx": 0.09999999999999432, "dy": -0.10000000000000142 }, "data":
[rows 0 to 19 of 60, columns 0 to 44 of 80]
null,null,null,null,null,null,null,null,null,null,null,null,null,null,null,null,null,null,null,null,null,null,null,null,null,null,null,null,null,null,null,null,null,null,null,null,null,null,null,null,null,null,null,null,null
null,null,null,null,null,null,null,null,null,null,null,null,null,null,null,null,null,null,null,null,null,null,null,null,null,null,null,null,null,null,null,null,null,null,null,null,null,null,null,null,null,null,null,null,null
-0.44270538870839377,-0.22949218577653283,-1.2492754562392034,-1.5266355721936962,-1.7793483998910653,-2.167849214835208,-2.7043313503677826,-3.2981302581879515,-3.537817187537213,-3.755714110926272,-3.054116664069258,-3.0326501008541626,-2.574347869366054,-1.966710597453512,-1.960621678992109,-2.3273304108471846,-2.06785931981738,-0.6212356420543407,1.0557646507690155,1.0166689289569344,0.6128058480648466,0.3217538635126555,0.5879238750452257,0.5344656585679373,0.09611510511500258,0.6557530638581239,1.4276816759945834,1.9080613172453815,0.5532207507464981,-0.9010079407718723,-1.2101653362447953,-0.45898081747599095,0.41502149893406387,0.6136737483701068,0.32483296126498157,-0.023593010656805243,0.1675036881320643,0.17194739824965521,1.041290955873811,1.8462784209133403,1.9202711784350865,2.28264667390351,2.9460765466256436,3.6748689757260347,4.5775061270102775
-1.4778002656571858,-1.281402159540324,-1.5495675365396613,-1.6061815888100464,-1.931313706167584,-2.0709965172020395,-2.407775621961907,-3.542870780490376,-4.522588827920485,-4.976393495977454,-4.841696864104789,-4.175000257721397,-3.9557037918834106,-3.2282502387501837,-2.864304308174695,-2.7387105432770236,-2.1200096248449065,-1.362356452340875,-0.5500562385911665,-1.0112889445844324,-1.4987166623412431,-0.9473540207492052,0.15635336841138237,0.7364186876093473,0.7800652320274444,-0.39553950802291876,-1.1810543257487487,-0.7486286595151382,0.38480620760070233,0.8841791184701556,-2.0592668896920903,0.6639547981093529,0.5284484873575483,1.6173994288233444,2.1646426222367885,2.7166763034397894,4.809503225931806,5.694353683644375,6.292586410166361,6.777661771413587,5.222211617689022,6.384864198902146,5.214281442570984,3.8437309460829425,5.441950854534004
-1.8802450713182783,-1.7212921501536405,-2.2146455850302336,-2.549279048838085,-3.1547881492916026,-2.9968361231442064,-3.2843381335946003,-4.691712909003578,-5.687795823583966,-6.015478743305149,-5.8725295559990665,-5.579272954709247,-4.574917611433328,-4.161692182873597,-4.607890761537728,-3.793773233807051,-3.3296505720356997,-2.689633427240343,-1.8386263371244098,-1.305038472490709,-1.1393995295317627,-1.5525824072018577,-0.5798234274086936,-0.37512744485686556,-1.4474146919732085,-3.5695253417330295,-1.8513940597610903,-2.098181487025712,-2.284495488048531,-0.6095863647939208,-0.22766687474391797,-0.8761062625381058,0.04587956107310777,0.6991036309035098,0.7105767616277583,1.5351239881201417,3.3611276581116054,4.375906678719937,4.534828321509351,3.8372558821691563,4.943286579619472,6.29640222666905,6.250892074400953,4.132367766463574,4.487021266279123
-2.0825615321990893,-2.564501881125284,-3.208853399165021,-3.944055923272306,-4.3015323612575305,-4.293631406500998,-4.802834972074626,-5.458167857577497,-6.577929470648048,-7.363361389052372,-7.638663575360565,-7.179016098848859,-6.230181289454201,-5.980965657702972,-4.910439149310499,-4.674797757102677,-3.6875489830604913,-3.8099006832103295,-3.5363521922293457,-2.5422493272947424,-1.9448323235525327,-2.0010059480168714,-2.403995698141154,-1.611274897425418,-4.311741536689517,-4.017690466392783,-3.524960383382366,-3.2306463141305644,-3.516674507335771,-2.422830382691032,-0.9901469758345851,-0.6528018765968903,-0.2186643340866371,-0.37380935532418935,-0.3183681697892346,-0.01807184256506053,1.3257506879739995,2.4339638920839373,0.3679290129754443,-1.0698664388543362,-1.0164633575921413,5.255869859359933,4.742818577680007,4.846463653819049,5.239390669731075
-2.623257660907738,-3.403618977198001,-4.3876281168885685,-5.179390364203947,-5.461943001810637,-5.208159443700099,-5.576412993052365,-6.8055577593530545,-7.9285625969137,-8.515330079355515,-8.37063590808837,-7.565269263489183,-5.7577274089477,-5.289109003258649,-4.321404327248393,-4.212657361798337,-3.6472730043281874,-2.9140748893533885,-2.193961830045026,-1.2338068020813815,-0.9809701733112222,-1.7629255718823238,-2.540635228532337,-3.133404143529854,-5.0986950292391064,-4.397511168765805,-4.608334334874183,-4.312422610800589,-4.216288260120619,-3.2019208762478013,-2.3474364742226204,-1.594467457428093,-2.2976834833926163,-3.1500791863729507,-3.2374784433247923,-1.4678553870820312,-0.9001517672056876,-0.855009543649613,-2.4569330708505404,-2.403464669868147,-1.710430835841177,-1.4390894228148225,0.28425807469408515,5.102722814471089,4.66780533309776
-3.370614407169592,-4.67853113018917,-5.595407672272325,-5.969003309023597,-6.089471633002864,-6.152446254923098,-7.1912179624923365,-8.569300784389648,-9.423101067851599,-9.729964283935164,-9.12737039114641,-7.840465213725173,-6.506302152610836,-5.278520175431721,-4.762157745347614,-3.8364411905121063,-3.297660919941523,-3.859400027925388,-3.481909699070905,-3.4737698754858783,-3.314344029004035,-2.892681596551717,-2.793520886688038,-3.6520098338613227,-4.79042554183539,-4.6597137021869655,-4.499340630786894,-4.3661506992377355,-4.8077296384194375,-3.480060563643835,-3.3608601023834948,-4.345176192204158,-4.08257370647101,-4.824401832817307,-3.988706200111157,-3.198810882670746,-3.374420083639065,-3.4645346372446797,-3.342656364795042,-2.3901102082236187,-2.4184509317848457,-2.9516790306287093,-1.4930512944669974,-0.08792911450079695,2.509902147217837
-4.431833056970742,-5.826528440375174,-6.321834210280475,-6.671204907427543,-6.974931875038829,-7.032227921861958,-7.5833619829479355,-9.068429920698875,-10.145469560133552,-10.35239220937608,-9.74235815066651,-8.371198773352784,-7.822772500273332,-6.2101268836856045,-5.585731971981821,-5.164478556669943,-3.4435161810721033,-4.363052227599171,-5.517752607061654,-5.489720093346108,-5.164053892895058,-4.258973072498398,-4.201710428699911,-3.9155614171047297,-5.257591331976368,-6.0822832479766245,-5.761121134992017,-5.694106895334372,-3.1334650949966565,-5.2259246721761885,-4.219589883407101,-4.553604476176433,-4.338853683332848,-5.030734265960664,-4.4634331320882845,-4.0073235495375314,-3.9762986152282274,-4.796491658294733,-4.274518344777036,-3.4039316180814216,-3.4109521829021365,-3.328273649034282,-2.1595669841752994,-1.1685908850647446,0.8866707997810176
-5.4661907504032845,-6.6677457232535,-6.779703859483272,-7.510333400798495,-7.5467390332771345,-7.356850329826772,-6.878298482590477,-7.826834013397706,-9.036077550702258,-9.278988821372064,-9.18589024083696,-8.629164978463239,-7.936296772194025,-6.734173959244422,-5.176194169945889,-4.890812585120241,-4.549029443269248,-5.000920354896458,-6.160423323108853,-7.163826855893488,-7.585984431484872,-7.0567553667106395,-6.1560345916017045,-5.282505020918794,-5.88246357695866,-6.322090722152638,-7.555961390362773,-6.3595869917233925,-5.1431452191040385,-4.3588573280784555,-6.18839959145399,-6.306321129721116,-6.640155318746967,-4.779166302012705,-4.662142020151429,-4.169451234312403,-4.293106340534762,-5.374809020618651,-5.410073160113618,-5.237393081017734,-5.366964283037323,-4.709890514333122,-3.886703794243206,-3.0490023893249445,-2.349498512643944
-6.1867119841199685,-6.922027045825885,-7.446468311043178,-7.7802386388760265,-8.280780831276283,-8.309593818431951,-7.661057908037665,-7.462357451772839,-7.709637971889416,-7.383343265324934,-6.9376298978966675,-7.577874829688076,-7.682613787331867,-6.665394609075262,-4.8751822048103435,-3.2506898832813906,-4.114780468485238,-4.120949208906041,-4.641054969845376,-6.168527623677763,-6.299134461020663,-6.7853592218776795,-6.976748695154014,-6.76104113988111,-6.657765352487533,-6.984850839100956,-8.040214391463714,-8.190323253987962,-7.267413937412587,-5.244037871940855,-6.957988503505514,-7.003283644487834,-6.639496559365548,-5.947258526074812,-4.982879073847968,-5.521425405736718,-5.373086318124115,-5.884951428679831,-6.869781425758951,-6.287070763806296,-6.671104127983864,-5.32216156856698,-5.022571580896542,-3.592934105428017,-1.3094019433895188
-6.702428035779166,-7.565973211782111,-8.24129300477087,-8.28383011422997,-8.716453977393357,-8.924381696354011,-9.034905901021634,-8.855565121878241,-8.401100577881985,-7.627913581772397,-7.186134620670933,-7.731047632090622,-7.588929901221666,-6.665983457122065,-5.673028190158161,-4.340349535565585,-4.088343430444316,-3.805430297038402,-4.420559989086635,-6.306848226071994,-6.8755519199226685,-7.1170200769033745,-6.782331899813783,-6.589868640698307,-7.752529638632213,-8.434086799268405,-5.489080070344574,-6.560397412432858,-8.186116916622268,-6.8969068855237365,-6.743980539873417,-7.124244408301609,-6.2057046606459085,-7.022134500578724,-6.532947402359837,-3.957191787686421,-6.665718084924102,-6.303144327424459,-7.744626350268426,-7.088452596328832,-6.766110648893913,-5.643953585570072,-5.120174293569948,-4.227707485015306,-2.9638378706603654
-6.935216126516036,-7.3171017796361815,-9.072659963406254,-8.881586358795337,-8.905202640655135,-9.325523772655082,-9.519055053247286,-9.385034409684957,-9.39087675850346,-9.238573844034175,-8.730721860800422,-8.150298196448187,-7.529719325195199,-6.19349777992754,-5.8879996371055086,-4.960635779140599,-4.64922450821577,-4.643893015509831,-3.6598670996991842,-4.597067959805566,-6.4372049087162235,-8.096996545641366,-9.954506786190784,-8.43043184201913,-6.711888702574358,-7.1460946347785175,-7.663915134340673,-7.741689256813866,-5.494306185143079,-6.468336767401994,-6.729328960314719,-8.73240451399136,-7.326565482109695,-7.003340264676791,-8.032548264388355,-5.379418309735301,-6.181612243757301,-6.346087329683007,-7.480667934742168,-6.597455103114454,-5.713570165435831,-5.748601269136646,-5.783455970750704,-4.457367759056641,-3.6858109876984644
-7.256633858346168,-7.040525812210337,-8.568521470115497,-9.62549766809812,-9.286856127458547,-9.629049169396204,-9.883448001405887,-9.909443719850602,-10.125709579599942,-10.214174872813011,-9.426930031510283,-8.78879888514676,-8.202877071122632,-7.2513854502462145,-5.985249157851813,-5.155556403135169,-3.9102059709830552,-5.375260364068781,-5.769510861303493,-4.913913972982741,-6.356528187582627,-7.928275611059964,-8.364950201882124,-10.003133990534899,-9.85985386866219,-8.111999835064255,-7.694690783562831,-7.633510197251584,-7.13739576950843,-5.3075674446921965,-5.34132255817084,-4.469505372679267,-9.153493507993621,-8.918033078095718,-7.954538115910678,-5.416931520707983,-6.3486075035597604,-5.02260757190452,-7.243545384894499,-6.079666537933251,-4.015538778363777,-4.86440867802798,-4.742826807920241,-4.04464396697124,-3.0231897681494777
-9.237979191727039,-8.609383667641051,-7.618390158945688,-9.587325889020297,-10.327288225645475,-10.137181716784465,-10.529528767291431,-10.832977075560345,-11.01004790780622,-10.795326814570336,-9.874104279592867,-9.55706210859688,-8.673943021763684,-8.358606455389191,-7.800320178863066,-5.82456086593905,-4.25220971489131,-3.0397419712948457,-5.031997040100745,-7.078660470061648,-5.588708538448772,-7.780222503070357,-8.671479178916876,-10.419934075057583,-9.693544297258544,-7.9769263683131015,-7.208581332519773,-8.981445409081507,-8.982816146591638,-7.528938153691289,-6.322680579187103,-6.283123660172992,-4.456821172535181,-7.646531843907773,-8.523071360927776,-8.521288770664901,-4.802696028629038,-4.5891906344799,-6.946541255679977,-6.386831862623908,-4.9058838729772445,-2.97701214683055,-3.93256838753961,-3.6106991541517486,-3.1532619997235423
-9.604504740020815,-10.378246560039171,-9.382347062371654,-9.29989206060138,-10.439320003330174,-10.740729867112005,-11.065868283711287,-11.324478380536313,-11.577650211738238,-11.543937716807694,-10.563042506742693,-9.723388292331288,-9.534819602280344,-9.05835268407045,-8.234199175155055,-7.733792360882697,-5.264700254340954,-3.043438766092941,-1.3891333509102293,-5.188122642220384,-8.383944565731353,-6.060731607982216,-7.681892424949888,-10.727873008209855,-12.547687871857729,-10.296365650848129,-7.084358155320519,-7.187667919399803,-6.334640060801849,-8.500103687688247,-8.762728771831258,-8.004844611713112,-8.10119045129398,-7.79043706428401,-10.231962922763131,-9.119569088942196,-7.784381974365834,-5.8521635159872165,-6.587162247232154,-6.276140054182779,-5.293698068321754,-3.7495761207996554,-3.1216999432841135,-3.0650894684896572,-3.8834276013056632
-9.494996344723095,-10.285294464378127,-10.380589509278932,-9.955452495633214,-10.457389719921128,-11.666228524636773,-11.559412268887813,-11.394367349607197,-11.733678599497168,-11.983439116962122,-11.265192722227475,-10.795611159045187,-10.350429205384831,-9.525867671292131,-9.156938915717735,-8.698630501876364,-7.437505405723278,-4.88613419167109,-1.7369361207468617,-0.5611194839885243,-4.923324384346273,-8.153205717844118,-6.892523374664961,-7.4596832166660585,-12.1319526515449,-11.340155310670289,-9.1341277238952,-6.791738998549723,-4.401745233268745,-5.966796882915261,-8.912156321553699,-9.232937557062074,-9.668895098081679,-9.178582875602846,-9.937587356065315,-8.641779483460116,-7.411936700045031,-7.466912712734329,-5.595808724015778,-6.039431173615514,-5.873478106617866,-5.3563354806307695,-4.309969361491199,-4.607621189604382,-5.734430819131788
-8.919681253325981,-8.7600570812574,-9.971348987086264,-10.392179017868244,-10.573859883478642,-10.93102156915547,-12.156048239394796,-11.14102761085288,-11.759663875916964,-12.187219988313295,-11.7341424714823,-11.160334623613934,-10.6366405802328,-9.943901825803744,-9.48493014989107,-9.114637584115954,-8.458956266371969,-7.40253079954749,-4.280758082547083,-1.2281046072990465,0.23613484170291082,-4.778511943014198,-8.80321423368146,-10.1767839741689,-7.612132573322142,-9.287368751111451,-10.146446026764634,-8.745612036178743,-7.050502825746089,-5.2079563985171236,-8.093082145891687,-9.491853796345389,-9.366867104429527,-6.293051959203344,-7.814580523000956,-9.11274716439441,-8.23749090989052,-7.844635239976191,-5.42151100171763,-6.100645541481438,-6.951102926808332,-7.782543922704813,-4.8518440043208315,-6.060013136732161,-8.696200049643984
-10.750274550058856,-9.535604377252918,-9.394297495323196,-10.18142490023686,-10.509233235096499,-11.424925016505783,-10.797003575627414,-11.277065473747712,-10.758379588582518,-11.438310549069657,-11.940092039321932,-11.084280516710415,-11.087051897909475,-10.072400908407852,-10.511595914122255,-9.608673522967337,-9.923242390671414,-8.628110219317684,-7.6059296907935385,-4.103472456752705,-0.8879158173893098,-2.7467393217748146,-11.696504901633512,-8.76738607047392,-3.9067774957823187,-4.562073732581552,-9.109675972242602,-9.848101484608783,-5.6600960317396805,-4.820421910094968,-7.720828282266094,-7.9229651833519,-8.582321499934386,-8.530386395722115,-8.535241076910816,-8.288659617083397,-7.63726495447984,-7.2594880317829755,-7.027957894653694,-5.410838384317031,-6.090935532456159,-7.759900525440682,-8.909064637179828,-4.465906905726702,-7.132378459231607
-8.670308965387571,-9.970528808700506,-9.2103598260609,-10.083790634192741,-10.673909894400403,-11.059594455515668,-11.801270843076416,-11.590543494491573,-11.167100995680702,-10.950336002627143,-11.549102356831042,-11.106906312374353,-11.262937003763712,-10.513078615871189,-10.821212212150872,-10.98628366170857,-10.91632733014916,-10.120877783870474,-9.14800930194923,-8.382918613367345,-4.047852049600213,null,null,-4.829993046837657,-8.89032738345353,-9.359115048028794,-8.601812586907117,-10.56787953053162,-8.706855537024236,-7.545456320781173,-2.6544339552436487,-7.254927948786966,-8.885208659700961,-6.636864147006441,-8.018183672518933,-8.943961618030288,-7.464199744130659,-6.288903422859975,-6.740991321124515,-6.2360915398981955,-6.726180478446129,-7.155410155481541,-6.745342305169929,-8.589265761371133,-7.235087316821776
