public/json/wind_2018-09-1514_925.json
{"header": { "discipline": 10, "disciplineName": "Oceanographic_products", "center": 0, "centerName": "Ocean Modeling and Observation Laboratory", "refTime": "2018-09-15T14:00:00.000Z", "significanceOfRT": 0, "significanceOfRTName": "Analysis", "parameterCategory": 0, "parameterCategoryName": "Currents", "parameterNumber": 3, "parameterNumberName": "V-component_of_wind", "parameterUnit": "m.s-1", "forecastTime": 0, "surface1Type": 160, "surface1TypeName": "Depth below sea level", "surface1Value": 15, "numberPoints": 4800, "shape": 0, "shapeName": "Earth spherical with radius = 6,367,470 m", "scanMode": 0, "nx": 80, "ny": 60, "lo1": 109.0, "la1": 20.0, "lo2": 116.89999999999955, "la2": 14.520000000000117, "dx": 0.09999999999999432, "dy": -0.10000000000000142 }, "data":
[rows 20 to 39 of 60, columns 0 to 44 of 80]
-14.249873015283686,-14.456667655147143,-14.796013004832623,-14.589879102699644,-14.870406260657228,-14.550558931215775,-14.382478758649345,-13.440209379942024,-13.374549080927238,-12.391297717652723,-11.77279904287748,-12.783796702536726,-16.31320185595702,-18.165752433432182,-13.862367348905266,-15.033822926822122,-15.067012222055615,-15.206598651781288,-16.201742013811714,-12.964567322879477,-9.459408844013087,-10.764386576055246,-4.704045866072924,-11.945278713812183,-13.933223431533236,-13.99081401697219,-14.286064454261155,-14.4200053173432,-14.181908259822615,-12.935436097027317,-12.045628906513082,-13.381298289598657,-12.851433986411028,-12.178037211026073,-19.253320207776618,-18.216694321326553,-15.766341484158836,-18.65077659919087,-14.951888241928497,-12.796165204594516,-12.52283057819746,-12.070422245959648,-13.4140768606492,-12.746494503227568,-13.118187500209766
-14.7713296073726,-14.749414910880418,-14.813498587567508,-15.135529870319584,-15.670783554071217,-14.66605789867248,-14.23871688259694,-14.50422671834681,-15.369226626530278,-12.949319436124167,-11.590215865000408,-12.15767412194278,-11.759431242005832,-19.33488798004287,-17.987315646034993,-15.159061075153101,-14.600500214787605,-15.235442768089014,-15.22742360692594,-14.430184190562159,-12.079222529194656,-9.800488840588068,0.4629682286798606,-11.191404170203146,-13.569943150154378,-14.908087800378185,-13.842966987374213,-15.299118171497975,-15.124770110301428,-12.237599299292613,-12.14986107800176,-13.111833081539599,-13.295826076908835,-13.663498093867739,-16.48822852001485,-20.638158609986743,-13.81820906135445,-15.217787974360833,-15.647738973540857,-13.812600041759136,-14.605592527913153,-11.349773378362686,-15.849047139046334,-11.887881448249908,-15.674769408166197
-14.091143235180766,-14.488155534849446,-15.120294962045975,-15.536912019103472,-14.883468768968715,-15.173323153705544,-14.231855779514012,-15.157697670212558,-15.175559782319986,-14.384241865392749,-12.407231212583385,-10.980581720897817,-12.372552988962322,-17.0048050256796,-17.48168354324461,-18.246524688323333,-15.788732335279416,-15.655569913447536,-15.303910348858667,-14.870458834456539,-11.709944634004232,-10.599636963291237,null,null,null,-11.899525049773018,-16.993245017885638,-15.843518482397121,-14.084529813281282,-15.304860190366803,-10.776275069689556,-12.756797000697977,-13.421093304795749,-14.815688819079554,-15.673468200794446,-18.725376599215757,-15.830031652640699,-15.188293392898565,-14.699659325293045,-14.451878521692075,-12.881078160856408,-10.341119062399576,-15.977990047462576,-15.820469632561483,-17.456895213499223
-16.153153244577098,-15.49225509568286,-15.159018504302598,-15.494066791080794,-15.653194406689767,-14.636231110546547,-14.77816834880621,-12.895926730877875,-14.859438793982685,-16.03618530069621,-14.87483268483347,-12.968203158031026,-10.152777049676363,-15.606663298992974,-18.00211514490907,-17.030018079376987,-16.049253167944013,-16.7671549747901,-16.14084312906266,-15.573409854646245,-12.5390853931843,-10.699375485986641,null,null,-10.305702002836412,-8.702041361384648,null,-15.715054046520581,-15.67611993098229,-11.81854663264163,-11.624891949725424,-10.83234907395067,-12.70127464399355,-15.2592751376567,-16.81270246243305,-15.850729434241027,-17.59672351656034,-17.27365376584862,-18.686087798897507,-15.106227894644542,-15.482974559210357,-12.385799378842087,-15.883455265154335,-15.387419643718474,-16.248084386825013
-15.25950394806396,-15.56874826170312,-15.601725957499728,-16.675773203449634,-15.252395438720793,-15.57437581920689,-14.923299917860803,-12.189576113805021,-11.138713230697757,-15.51797016008435,-15.482623337130448,-13.372123377097775,-9.822615712556098,-14.30152160589952,-18.16692539880092,-19.20875849386843,-16.54607111785627,-17.156258646561184,-15.38354577224462,-14.278472709851144,-12.478434938801023,-11.449851167334957,-10.689499238484757,-11.127874239015837,-9.601372317767495,-12.19330115013349,-8.275612924033005,-11.308024564240078,-16.134076372301735,-15.447669515940689,-13.100392776453033,-10.534925345065139,-11.055232606954453,-12.65844594854305,-13.73038021746411,-17.50961659361113,-18.54837102754011,-16.963297495233853,-14.338522398116602,-15.77989850480244,-14.568300617933062,-15.45401180854806,-14.130482628704303,-14.017869767528623,-15.240632456327717
-14.767825602320816,-15.817683084793657,-15.910799538556152,-16.163847434278576,-15.714719278752387,-15.123605440806882,-14.350075192322723,-10.663111808280995,-8.653381843551603,-10.300750351882625,-15.7093380135798,-12.738469228615111,-11.168826597135418,-11.076932733776314,-16.682131616241612,-20.035049817169792,-13.419921030137004,-17.157947236836588,-16.242426168504608,-11.354657579014718,-12.891001864710622,-9.626565343452343,null,-10.515942213982205,-12.320587584198716,-9.22469939468258,-10.95027080537075,-13.621844667687506,-13.35341676294773,-13.277041049801678,-13.534792921668515,-12.370520174815768,-11.473586562486394,-10.081554269827397,-13.921440505509398,-13.47623834939219,-16.298953224030335,-16.339117824329175,-14.968831059406678,-14.408572436920466,-14.935767736664049,-14.624945175632337,-13.867728256284252,-14.736419177461867,-15.469485624998052
-15.393447986486994,-15.767411102102551,-15.754248067775645,-15.009511168323021,-14.668863218261176,-15.242916823965917,-14.701439973481122,-11.352241363562765,-7.871252406336942,-10.216142464794027,-16.815208543636587,-14.912658868768101,-12.183842791242675,-10.456694686630422,-13.815024750390117,-17.6295144444619,-19.333961283821225,-17.423781421652418,null,-14.175617390281241,-12.508122834534023,-8.925076948612082,-10.400445844400695,-11.226595536355415,-13.771524455371946,-10.60939049187432,-11.472825426605878,-12.263266699047584,-13.389633362821472,-11.753030684740656,-13.281900713955707,-12.220134703906659,-12.112383000850219,-12.672041739947257,-15.825184197853734,-15.258059636330067,-14.947832954387703,-14.935373731165566,-15.049305836185823,-14.659911840379444,-14.617266462680956,-14.80033036776555,-15.012354992808007,-15.200690913744424,-15.455950544472817
-15.6194273366929,-16.333416185550497,-16.316799374163903,-15.228664017705512,-14.20628410164898,-14.787438264355883,-12.67592519412315,-11.189245370781107,-7.940136066891436,-8.875662078456697,-15.488670218565979,-16.260690810887667,-15.633870697449469,-13.43458628444183,-14.24151330820327,-17.590644649863442,-17.886556872488278,-16.138573674842263,-15.252711519827734,-14.048720645501522,-13.43914352452152,-10.322336247751949,-8.655276369235061,-12.64293895459025,-12.58625003781011,-15.396622393539479,-13.992361407633002,-12.322757594263727,-12.722393477276274,-11.778444573193244,-11.346445503201124,-11.280508780634408,-12.016332199127563,-14.079092951776527,-15.817941179587717,-19.94910311876018,-13.944929151253064,-13.850541690063654,-14.878267688858012,-14.589620169728718,-13.947332613847417,-14.845520367344864,-15.398529182303552,-14.513925982086763,-14.69867459543693
-14.743831891665668,-16.662132799416558,-16.321099299264503,-14.86695654725517,-14.176936258729796,-13.578907456361591,-13.410245831038742,-11.231794614173472,-10.354434456589104,-7.413817711642599,-14.795548012048924,-14.431694317279227,-13.368729457313682,null,null,-16.776894826333145,-15.661152267748541,-15.662823892829573,-13.722671477217473,-13.458935437452022,-13.537560570797453,-12.925359176952423,-8.967617421088717,-12.41999706976058,-11.655093398079766,-12.584714329864793,-14.78823010302861,-13.552260694993349,-12.575552815998691,-12.03056057668802,-10.29946078348874,-10.891201775679741,-10.965158049007641,-11.390143007869316,-16.06130632966682,-13.55431627412386,-14.905703587673374,-15.182906103737427,-15.878225471321475,-13.521615683317759,-14.993829536736751,-12.551871126590093,-15.257047494580728,-14.928386385618165,-15.489490761887009
-15.379087272564057,-15.86765454201297,-17.0378356290506,-17.027964048301765,-14.415771232294093,-12.744822137141856,-12.957661707496396,-11.332916989480166,-11.907403036483176,-10.631562714579331,-12.885191072670356,-13.945978515716316,-14.70745855009839,-14.298188039125773,-14.731551379484952,-16.158689744247404,-15.507255717648485,-14.95153136378046,-13.033353124334331,-13.037855240321877,-15.449930075842051,-16.207676271273264,-14.772884758757163,-10.398317752203244,-14.088061914340422,-8.68324768127851,-12.41495456839494,-14.144032418564814,-13.465900835110872,-12.741809534829986,-11.20832119288538,-10.203965958126552,-10.692829746713272,-11.646894876270686,-13.09379687170893,-14.986024076893827,-17.046433027356898,-16.68693379972418,-15.974884488256086,-16.457685166896425,-12.87862518285557,-15.036980069279887,-13.412101456783144,-15.55034875517076,-15.676926925738936
-14.40018278905669,-13.984353890443066,-16.836677771008183,-16.585438282607257,-15.136492499683582,-12.79120201409431,-12.83808447202423,-11.095424942432555,-12.387632117245298,-13.288391473266165,-12.735330488332174,-11.63543960840768,-14.546848717599204,-17.228581099644742,-16.60546828953123,-16.042311131451164,-15.874539984456709,-14.235771443632963,-12.77853701353002,-12.689961041000128,-16.664008613135266,-16.814856638356105,-14.968600785356777,-12.688211650666329,-11.633289378700205,-9.682793972208762,-8.808508286814424,-14.688071482651969,-12.511322718704697,-13.793660724482297,-13.42114901846324,-10.966820833273637,-10.30532325008559,-10.798184961415469,-14.288103082830105,-18.008288940579156,-14.513361184396214,-18.02751194249415,-18.17167039091897,-16.79736794398761,-14.940724574428815,-12.01332362357749,-15.092809620571888,-15.685462056843733,-16.28989256426488
-13.59710386625245,-13.24384067200744,-14.615748818079823,-16.84656273988583,-15.961900204998381,null,-12.656106616582164,-10.44467241112123,-11.72599942812042,-12.206678329572059,-12.537992787548479,-10.806261753662923,-13.819474655383303,-17.03736052265142,-18.00251575574517,-16.852970004149945,-16.018752950900378,-13.096544458439038,-11.380254287541952,-10.90213477532861,-16.68605677159949,-17.29322094622242,-14.870764387306272,-11.079347122102144,-11.60866887700131,-9.512660013808853,-10.711022775533884,-13.976820447086126,-13.855028082274288,-13.13260995786261,-15.158621947318531,-13.575737325342349,-9.431697460253375,-10.436976198867022,-14.347768353141728,-14.23326552328478,-16.10927774780393,-18.92899390441346,-18.228164226598295,-17.29555594412103,-17.704878792504562,-17.68951602840243,-13.957613454612826,-13.56750300668365,-16.93278872373791
-13.94386072891231,-13.219728386282858,-16.00201126136561,-15.852995916881039,-16.14969222786914,-13.968487540348702,-12.04292709035769,-11.60548506673488,-10.415495751227127,-12.61904363221849,-12.073085058348125,-12.210805304483696,-11.835639719657928,-15.950105017001386,-17.736648458488418,-17.585349759073498,-15.896177460214886,-13.769639479909198,-11.747541724635697,-8.520161192726425,-11.622077000925735,-18.056565128544896,-15.526191575469431,-11.713916020553643,-8.969371453281166,-9.112182392157527,-8.674301388023466,-14.072888543741069,-13.756452735977847,-14.448360080860313,-14.505276470042636,-14.653997366221716,-10.400157854101927,-9.057205855555733,-12.81652217126214,-13.36057167953653,-14.615153512821063,-16.263546320901142,-17.020172825774047,-18.29808430635949,-16.128920132328656,-15.31389467776741,-17.624108214048235,-15.051897201848996,-11.097619891732293
-13.564693504749794,-13.546344918288678,-14.840586732191015,-15.497064771861599,-16.160100042123368,-13.504831243554689,-12.781664656294272,-11.750795567777896,-10.800671195198492,-11.457269056718609,-13.810806306464588,-11.765710566270316,-13.063057130678386,-13.598690011419734,-17.050827588660745,-17.16881625565526,-16.30635074474293,-15.390539378924263,-12.973797634008902,-9.992569075032577,-9.297302204760356,-14.289618821324275,-16.644229580365106,-12.85245280984103,-10.470214806048219,-9.318241293709638,-9.341209994401249,-10.048979669680818,-12.395648661406458,null,-14.404118965655572,-14.27800918540417,-14.219620914023523,-10.960818300823668,-10.79657751930405,-16.3439730135521,-17.734494457117968,-14.444198519401052,-17.15696030365307,-16.548179382283376,-16.917909117963294,-16.653860743206824,-16.547015345647676,-15.615723180800822,-13.957094868172575
-13.11421258223154,-14.082356888670136,-14.49473072398161,-15.463788999541988,-16.29505560243866,-13.364193904378208,-13.830350242597156,-12.436483608831175,-10.06355369012232,-12.083487719126149,-14.443358729558033,-11.769846327639979,-12.440048944145403,-14.218964179943818,-15.14256413379259,-17.63916208587355,-17.226954214522543,-16.35631864935922,-14.767937944862465,-14.533130507171535,-12.548147467241371,-11.308107886792085,-17.184964382957077,-15.263875537698889,-11.496659118043693,-11.885186335283048,-8.923906201064948,-8.738225703448222,-12.928062311535374,-11.942931226319333,-12.490514221095765,-13.534240573163206,-13.822290654650848,-12.170735312877461,-11.15733095963518,-12.539711736458617,-16.229395404762585,-15.218078030414468,-15.08365289494602,-16.567729158775272,-17.373229089547436,-16.986156445321846,-16.691418247803433,-18.598688726142136,-17.103631204563445
-12.83949261526572,-13.979114121542805,-14.475448065458995,-14.797879887989456,-15.731949194627393,-13.046222278518428,-13.466275931881945,-12.881786717875276,-10.725346884619743,-11.10051896479321,-9.458739419720867,-13.546307515658334,-11.771513585466694,-14.211780534599715,-14.798212898030037,-16.738800320008917,-18.637761787037235,-17.710363600347794,-16.21103063765049,-15.936714700687583,-15.092641969623864,-12.547893943042757,-15.569701231812076,-15.984159077273222,-13.276247721921823,-11.829978420039737,-12.834288809306383,-10.300131942675504,-13.499207119067204,-12.100102351839876,-9.652530356281945,-9.923990836557772,-12.439505212467726,-12.139405184661015,-11.008631948124572,-11.608211827528145,-15.788630507948227,-15.816773150078813,-15.16790053006768,-14.907860419214641,-16.249256034880172,-15.419251131091496,-16.72623900324523,-20.169549347116998,-18.775341067208924
-12.022147084385942,-14.07596725970119,-14.286396224112362,-15.850221122662916,-15.854474717650909,-13.59520495743282,-12.744503653496562,-13.873353836176818,-14.75896087875169,null,-12.548891140035057,-14.572993468406851,-14.076442619560176,-14.583196827113557,-16.027537100659043,-14.294123261302415,-18.15432117723897,-18.282997252888947,-17.830464871641773,-16.061640160980588,-14.523016864313679,-12.78222993060663,-13.621761525230921,-18.714872453428438,-16.794113278898678,-12.162566215860345,-13.484992834868775,-11.2711806413786,-12.742363313563288,-12.600675556984152,-8.684508776541488,-7.874666086118631,-10.088611523423634,-12.444716856093125,-12.752403008991354,-12.610350167486972,-13.04812464930462,-15.994117887521496,-14.904717443425664,-14.444945725784363,-14.078281118474045,-17.958857880313502,-18.393373778200743,-16.55098758874072,-19.74266983448451
-11.798968669847538,-13.268521097881244,-14.508878355574883,-16.14818349578945,-16.532186397328008,-14.807675167168831,-11.731350338077686,-14.51913357655903,-11.815569683205501,-10.771149794755233,null,null,-16.485985780204523,-13.292480331729514,-13.781894766958423,-14.758656839031264,-16.397320971584026,-20.55630931899799,-18.45044382958631,-16.19526720018191,-14.013764982992996,-14.374925334161858,-14.063830222323823,-12.300518511677573,-17.13805499543077,-14.779345699115064,-11.493763243018213,-14.17880704623432,-13.572996002950449,-11.377280639636806,-12.009408577963306,-7.9169655153156455,-7.655829812133677,-10.579683098391907,-13.03092141723402,-14.211789243329653,-12.84908618115012,-15.50813041858026,-14.750956707697679,-16.25274016659029,-13.559506927407382,-16.81869136660496,-16.480671572659332,-17.383476337903602,-17.435375178996452
-11.011346771254095,-12.283210619590733,-14.843382170029598,-15.713614479490824,-16.781503816775533,-15.32335833899363,-12.127887679130513,-12.008690737466907,-12.47255169900505,-9.673590109854349,null,null,null,-15.644554875199988,-14.118875776531008,-14.874380543197075,-13.209013912049466,-18.04003572472378,-18.501873901801602,-16.970932048851722,-14.41976788549715,-15.01548338131009,null,-14.486790324572457,-14.392522876979488,-16.26002880598015,-14.443784836820829,-11.236356772589001,-14.295961522200566,-14.710390199993949,-12.391434668054009,-11.23776514509377,-9.468948025614067,-10.395234521104276,-11.912970702075503,-14.041676771237272,-15.718700479172956,null,-16.276748903058845,-14.194234352001743,-14.930209082136356,-16.07925547070925,-15.765221159606039,-17.616655366818968,-18.96627246995503
-9.010322121843036,-11.906435669444297,-13.798003717161116,-15.227046684446304,-16.50068191850744,-15.702277679718183,-14.347173807082584,-11.221957703661657,-12.107298222016079,-10.092514743160173,-13.130103375651503,null,null,-17.801864514301293,-16.59200311403622,-14.727292755687646,-14.535672751279835,-14.19688035045965,-19.925332142037693,-17.617873327836048,-17.803980933104913,-15.424906313090784,-11.24521526490291,-11.982449659986024,-14.86368060478426,-17.626990349385174,-14.422294592300318,-12.906336682608899,-12.872208062502832,-14.785337968128239,-14.779819000159417,-12.613993564178976,-12.010072122040938,-11.75079913539394,-13.365073210910266,null,-13.426447354551168,-12.073984688891237,-13.427043848277663,-16.007458799081444,-15.801870544921664,-15.757242200297044,-18.238211797687043,-14.63351421620251,-18.763828364566184
