public/json/wind_2018-09-1523_950.json
{"header": { "discipline": 10, "disciplineName": "Oceanographic_products", "center": 0, "centerName": "Ocean Modeling and Observation Laboratory", "refTime": "2018-09-15T23:00:00.000Z", "significanceOfRT": 0, "significanceOfRTName": "Analysis", "parameterCategory": 0, "parameterCategoryName": "Currents", "parameterNumber": 3, "parameterNumberName": "V-component_of_wind", "parameterUnit": "m.s-1", "forecastTime": 0, "surface1Type": 160, "surface1TypeName": "Depth below sea level", "surface1Value": 15, "numberPoints": 4800, "shape": 0, "shapeName": "Earth spherical with radius = 6,367,470 m", "scanMode": 0, "nx": 80, "ny": 60, "lo1": 109.0, "la1": 20.0, "lo2": 116.89999999999955, "la2": 14.520000000000117, "dx": 0.09999999999999432, "dy": -0.10000000000000142 }, "data":
[rows 0 to 21 of 60, columns 0 to 48 of 80]
null,null,null,null,null,null,null,null,null,null,null,null,null,null,null,null,null,null,null,null,null,null,null,null,null,null,null,null,null,null,null,null,null,null,null,null,null,null,null,null,null,null,null,null,null,null,null,null,null
null,null,null,null,null,null,null,null,null,null,null,null,null,null,null,null,null,null,null,null,null,null,null,null,null,null,null,null,null,null,null,null,null,null,null,null,null,null,null,null,null,null,null,null,null,null,null,null,null
-11.52330084054115,-11.14275258403605,-11.162291109289733,-10.617259968760846,-10.41395409616224,-12.202520766674713,-13.02116151676769,-15.326816047726862,-16.41872165026664,-17.02304259153477,-17.133470491637144,-17.175098134244998,-16.747603027861594,-15.99736244202349,-15.636333135225609,-14.839781255911207,-14.034828981520885,-12.893657691360788,-11.863775131580098,-11.225824589028672,-12.1860804526556,-14.845972905100957,-15.306910699873299,-15.719575710784813,-14.808929562190835,-14.418277747494662,-14.852053001163231,-15.127609989595385,-15.268551154217572,-15.72211903576683,-16.079281987097378,-16.34472309678985,-16.529628822317573,-17.43476319688931,-18.69139450486862,-18.44424842740926,-18.40261636505463,-18.352461943600918,-18.359208146846544,-18.351095745357892,-18.810580994140196,-19.304017415741964,-20.27992215358833,-21.416628331604535,-22.71014086928089,-24.38240869840616,-25.307080201077618,-25.288746594987238,-26.13686547125213
-12.296526837275962,-11.82946112991472,-11.908748379758963,-11.450614343610052,-11.356764459761358,-12.916723288128129,-14.44897325743477,-16.430815978050173,-17.61659654585022,-17.900489393913116,-18.33109897662663,-18.224331711985215,-17.61291461136091,-17.217001951774805,-16.683242236758694,-16.108444795067896,-15.378650987417414,-13.276091695311397,-12.091976444995971,-11.286247070245429,-9.929570591921198,-11.111316615587588,-9.65586293355643,-13.851895395645103,-14.56914700664641,-13.981562853879574,-13.739215700835459,-13.487108510472085,-13.503210626671013,-13.938652386651333,-14.61262090466245,-15.298307918686698,-16.491579048425702,-18.18523768640044,-17.67806701360439,-17.185795560786204,-17.212990119278707,-17.35765739181387,-19.196300184167306,-17.739363384706984,-19.20221999295425,-18.04780119276497,-18.123070196256293,-22.347371460616888,-22.233218578149934,-25.369173606474146,-27.781447311874953,-28.53547290550586,-28.72778556525956
-13.00122010088704,-12.375358002609108,-12.263226552251593,-11.924744721421023,-12.045038704955102,-12.62186033396018,-15.069717732794185,-17.40448070935364,-17.92366282165918,-19.1330905840082,-19.279783538560277,-18.770485012352665,-16.94583202228051,-17.60958150320256,-17.195768780016675,-16.40219921988158,-14.752897577307124,-12.991385894209527,-12.00858107259837,-11.31012629469202,-8.947290687771574,-8.434166028126455,-7.1779402259297385,-11.183534391571515,-13.103975641545777,-13.665042909228879,-14.629706354144451,-14.773974039476162,-15.24773640439683,-16.186258853777257,-16.949013094808063,-18.11103365432939,-18.82875094961874,-19.078545110631957,-19.6924157903166,-16.800883038302917,-19.149400416967104,-17.371052665113794,-20.58402247707733,-18.993565389125838,-20.58575559601399,-22.090510160774297,-20.413042058213183,-22.602820764879525,-24.327105411767082,-26.234059368288573,-27.57794512673896,-30.728270321809234,-30.60665717061375
-13.60692336684377,-12.94371490491681,-12.682699923463524,-12.503038588883552,-12.467203248924847,-13.500221602895806,-15.653290191892314,-17.913444526697397,-19.278153318512274,-19.473337617735382,-18.732909373963707,-17.503727366870883,-17.332082570338095,-17.753133990220313,-16.36996358383527,-16.111491012287203,-13.272583552066289,-12.84961032699655,-11.999629629467703,-10.640727465975388,-9.956007440059299,-8.932341119500428,-7.979807339520504,-9.314245812958854,-11.140614554443468,-12.78774823740319,-14.954140825626897,-16.350441217068763,-16.919466121644206,-17.276714792685432,-18.038005582460393,-19.32924756249355,-20.305109157801503,-20.309352741298042,-20.06840051127613,-18.974773241392384,-19.757231001186476,-18.841308684207085,-21.632756740306583,-20.962132835038602,-21.07700319842084,-23.235658403149458,-22.90666794795555,-22.372776781406234,-23.41493639770149,-26.646542809569507,-27.99640178919386,-31.69476628322233,-31.43671838669021
-13.826634959558579,-13.665239031003145,-13.399657662500907,-13.117060917355685,-12.859872087046554,-13.872008112857188,-15.526316969120526,-18.353946420624975,-19.666952640930624,-19.87092483096145,-19.22562813189491,-18.08260029325172,-17.416297946193474,-17.529095784345454,-16.602162574386906,-16.339869284566873,-13.935178657482101,-13.294028905855928,-12.241143115507935,-11.8102649376298,-10.331823460621727,-9.446388690368629,-8.972470541162181,-9.137412045214372,-11.456896980397165,-10.370521648488669,-13.600481341734476,-16.10773190894089,-17.68607976231843,-17.46716243873432,-17.490961259889136,-18.591650772318964,-19.583332581433016,-20.185225292826196,-20.335823233324522,-20.85392255068188,-18.592251654995778,-20.938781881130957,-21.304101539061676,-21.666422893592586,-22.156921116335614,-21.377712717427713,-22.30163111750276,-23.407653362276143,-25.15531959557892,-25.091126671912207,-26.648051991050217,-32.25352125905527,-32.59528730041103
-14.129342592989062,-14.315570191976196,-14.039731384960467,-13.821886070380843,-13.72113713849638,-13.901665744185165,-15.298770824088756,-18.29415827278166,-19.404846784329074,-19.668788265150756,-19.529407803027667,-18.872593262752584,-17.6223784474254,-17.394167900932043,-17.308706429003863,-17.192313813883697,-15.185081283090103,-13.823015238573895,-12.740946710953025,-11.05105863901721,-11.713248740553857,-10.735374965465958,-9.519411229298319,-10.701614300627861,-11.998116899762874,-11.312324176045017,-15.7085392377062,-15.919573940060385,-17.353191158719152,-17.27904248598342,-17.923441254932058,-18.365009191155742,-19.227099829868312,-19.07936591005445,-21.485535916399762,-21.968508175840213,-20.7251373721844,-21.4041391717014,-21.770918728322343,-22.44933297668547,-23.775360407710163,-23.47897568881633,-25.192469684287357,-25.37939827312039,-27.143745960118892,-26.500068478400657,-29.042910238264007,-32.32191503839919,-32.717214427574305
-14.2238280082944,-14.900994302156903,-14.494506938180336,-14.14946125471383,-14.079625384889633,-14.243567608230972,-15.56435583767468,-17.336282820224596,-19.10339578417383,-19.480959010953804,-19.28280410946989,-18.85349229903011,-17.94806149140997,-18.062159453266055,-17.992052568791102,-17.819088392903506,-16.827731357592324,-14.671316719253541,-12.795150501911623,-10.795299865758247,-11.396779184312216,-12.253685366331165,-11.669218925062408,-10.565546391838069,-12.84248690883738,-13.493923091049687,-17.2669179234477,-17.044905877284343,-17.570832469823667,-17.27602992467757,-18.257006981891397,-19.25032592558828,-19.268487250236316,-18.637101229563818,-21.695991512443133,-21.560315549610596,-22.271185769922152,-22.56706553975261,-23.146538431466244,-23.52596519828492,-23.858475157833375,-23.30782352790478,-24.12938810660215,-28.77571056419034,-27.199680288186467,-25.48166359560593,-30.580506484780564,-32.43618269288333,-33.70183441424542
-14.441681004262959,-15.778831402057612,-15.129829218759179,-14.786829769103445,-14.40229137264912,-13.913069718178784,-15.778272190540754,-16.4675942127018,-18.7162777371247,-19.21752319517448,-18.931261049305732,-18.91011655560708,-18.495785190790933,-18.317972609098494,-18.19445642652828,-18.434446226308506,-17.23593442541427,-15.496494199708426,-13.19892002891964,-10.810755441513061,-11.128747341696691,-13.590641064063192,-12.890384513453196,-12.297940090265012,-12.588322285111307,-15.099692487719974,-17.742118956276144,-17.975920023278483,-18.012556413223837,-17.716393270224735,-17.857570337995863,-19.215301595360252,-19.763624823066678,-19.37233895562817,-21.74774161639118,-22.438151615991764,-22.572810039363574,-22.21747775337457,-23.66101846571217,-24.46230470253108,-24.49671858523653,-24.416262966524975,-25.43195270835031,-28.2493304485067,-27.85420600997712,-26.47636608879179,-32.31813876380115,-34.77455185991456,-33.48502480584376
-15.051428106720097,-16.321007347270744,-15.980292638042359,-15.678211797065162,-15.089461783464408,-14.269668322228194,-15.616817197831436,-15.913578077579507,-17.79591875079594,-19.05762837637484,-19.12999422752276,-19.02931336197314,-18.819213026187573,-19.160714477649574,-18.028074301765592,-18.84141226748259,-18.32688788705599,-16.530856574682566,-13.517199206854329,-10.728504205649665,-10.504309576713002,-14.862736035440449,-14.023272792773431,-13.697525438554322,-13.785074527321072,-16.891314768353265,-18.51200960961819,-18.677450921086425,-18.670343697995232,-18.580602137112194,-18.40869263137888,-18.715057659084547,-19.881848173490607,-20.70079126618182,-21.94919694792394,-22.660763435424954,-23.145146764831445,-23.28722974211442,-23.743363509567192,-24.455750187313477,-25.352004824579666,-25.965844093114516,-27.56498892747489,-27.955071601113776,-27.89128251278249,-25.972282756244624,-32.59409774821975,-33.5384511791672,-33.58397844469739
-15.741956313334265,-17.163487016371562,-17.142546909105505,-16.65278648837822,-15.869596295844778,-14.941713887557038,-15.66374627859846,-16.73069445052991,-17.426408225716504,-18.65371939240255,-19.315811211138485,-19.161896855213723,-19.183402427079017,-18.808887177021468,-18.070590420852064,-19.08245452248469,-19.37312767736813,-17.52173437772364,-14.332504849607743,-10.026102192033303,-9.445264999008886,-14.666538111454404,-14.716747602644602,-15.038165521314632,-16.143252341791687,-18.134088081798218,-19.54628575685313,-19.335626084340916,-19.238369538687706,-19.44063093133339,-18.834091594754756,-19.10640525447491,-20.26926699310485,-21.60488943452782,-22.665013610190236,-23.368873046165433,-24.15035156590796,-24.326027934449684,-24.253985268344344,-24.4128172653145,-24.318422627195755,-25.393794474508447,-28.329790888654298,-28.633401298116507,-29.064489443935592,-27.366421017144535,-32.900217480062985,-33.64315501960073,-33.9245797329803
-16.2177513843052,-17.989603057342393,-18.272083655401353,-17.728442415247176,-16.854382803985892,-15.873246308583012,-16.111174757765415,-17.36521754882135,-17.872729230731345,-18.66652376558031,-19.062199720737944,-18.02585898728865,-18.547719773753673,-19.18612858885877,-18.602495191661724,-18.910323598181368,-19.842466962171507,-19.23742014588325,-15.446855757496987,-10.132926217596088,-8.386367730974746,-14.800608873692344,-15.28592863882491,-16.571960782927817,-17.623478190076785,-20.23078326130904,-20.628068853011854,-20.070226358495365,-19.787046659551752,-20.242537696879932,-19.60339059759986,-19.36072439848378,-19.704470682275144,-22.090868961481235,-22.829906619754794,-23.81713053114032,-23.66681676115175,-24.07094038252872,-24.66944830969754,-24.66437263661834,-24.76705967412344,-25.850096989931835,-27.55893369712584,-28.380353965130556,-27.92900618016222,-27.500526604241646,-32.613406380188565,-31.925104209762196,-35.51457094813901
-16.27498220144149,-17.712559408290133,-19.286184825432038,-18.85533853448789,-18.11653906399478,-16.75678682577315,-16.769846626334438,-18.144750163196708,-18.716471871952344,-18.972505612869632,-19.500491008851967,-18.951210347858446,-19.077988257904387,-19.19924275964801,-19.05861968712426,-18.722008863494462,-19.57809511753938,-20.22762466890374,-17.073370237933652,-11.28294179736291,-7.677219532944264,-15.612306600408168,-15.812372817699474,-19.397728873700753,-19.15299752062112,-21.731060889370625,-21.610176087894367,-21.656864238694045,-20.725600708115113,-21.076911615615074,-20.50321495950625,-19.586758277086386,-20.922836812233015,-22.558638134773027,-22.331630903417945,-23.281452910173343,-23.864472477453305,-24.640898759098725,-25.21318383819549,-24.989856687688263,-24.895494733453802,-26.866309262583123,-27.58518575714985,-28.3190007480964,-29.28561046901762,-27.81630835906102,-31.497777476552038,-33.44167865202624,-34.923469711203374
-16.57047147291178,-17.898401921092464,-19.2777939212647,-19.006695082184503,-18.903266475921644,-17.59359693736809,-17.202929751326607,-19.064723050918204,-19.02255188883869,-19.413353204540797,-19.656462139865248,-18.639936897092014,-19.581613660035217,-19.27236091190503,-18.83107381421566,-18.358933497124816,-18.793264243549213,-19.917620087981888,-17.9784623390604,-12.777323921741559,-6.543944421270993,-17.405761711217174,-16.161824590247292,-19.713966284833752,-21.69814090894969,-22.316485665746498,-22.692316745309665,-23.299098967706996,-21.764386320125,-21.798518163328076,-20.587741337731735,-20.396560948350512,-21.95460111138285,-23.329418515028145,-23.744519287365854,-23.206754834332205,-24.12023590502222,-24.763593287091144,-25.65688394345609,-25.20236610752699,-24.648899880659304,-26.415378175779622,-27.140000905693313,-28.059549004222063,-28.456342388909583,-27.516068981643436,-31.784550608955378,-31.195097743536635,-33.125971123931095
-16.70698848572707,-17.890149114977717,-19.082198880744013,-19.239306025375633,-18.85074179189405,-17.595551917567633,-17.174922372742458,-18.799473393066478,-19.26378381165167,-19.207766658871694,-19.580819757845333,-19.616330562544043,-19.70924191532698,-18.658474069919688,-18.89836686098825,-18.41958655318445,-17.861391571799967,-18.897861465804564,-19.185979943582787,-14.378008098643793,-5.841961272056583,-17.565443800122043,-18.825524835555825,-19.315753989523483,-21.57267152578386,-23.040210627701008,-23.178537801269258,-25.220637020561384,-23.059237925229986,-22.548656927543497,-21.420959836404375,-21.626447450280683,-22.056366192135002,-24.69517286709755,-25.029303235206164,-24.7500739709698,-24.22762319902637,-25.25456162074743,-25.365823013022094,-25.078924042362832,-24.83915545518249,-26.87306085779181,-27.361435470613564,-27.817539779467616,-27.902336278750408,-28.427029853697796,-30.95396138029424,-31.491121759502867,-32.81435311555677
-17.041534274169102,-17.943177177702104,-18.66720928398971,-18.665675240599914,-18.848157370385266,-18.61869354944801,-16.550015717435816,-18.292843924062872,-19.565325520669617,-18.943694599439457,-19.912851344240575,-19.78850665842768,-20.359595762378802,-19.081483717158594,-18.400631649387584,-17.50578506688783,-17.67238904313645,-17.65926350629062,-19.257908461661536,-15.637946262621284,-5.097767546077728,-11.779707476986061,-16.68680619074797,-18.151772369124018,-20.919495347027983,-25.366367527983286,-24.1183739659089,-20.8597788838514,-22.800727374300717,-23.202040354113272,-21.853332463742895,-22.4563091532455,-23.307594855738905,-26.49405415611173,-26.956630246614473,-24.963740735150715,-23.576351689521335,-25.294045893895273,-25.36194720921254,-24.553489940808134,-25.346324489010897,-27.179710737505523,-26.42903860447972,-27.51894232692991,-27.151008759606825,-26.98634199284578,-30.455843452819916,-31.058589061153164,-33.45797720109853
-17.601936743673633,-17.396662258464474,-18.797978790892664,-19.29398339393051,-18.33432398149948,-17.816055202499207,-16.751966016184674,-19.466484715775067,-19.26041321281977,-19.67611453131336,-19.685646073449533,-20.27744280509561,-19.87626596278175,-19.53573194681654,-18.674284898070724,-16.81076773673006,-17.34723681991472,-16.558082211266903,-18.96855009661959,-17.459457350464454,-9.239518648884111,null,-14.221186786216297,-18.81637569827763,null,-24.36795380450329,-24.549908766174234,-22.94696724180404,-23.324308619554245,-22.388844711197375,-22.452221267346342,-23.59863897518002,-24.747642878531074,-19.49615658416939,-27.267248513743475,-25.639461244913846,-25.710414766606945,-26.321123318115458,-25.030811232738188,-23.91524748639141,-27.2996815079569,-26.652342098264093,-26.751646802927436,-26.431244671163537,-26.788800920526224,-26.847548385297628,-28.518415338746998,-28.517905599347586,-34.01166265673129
-18.10446039472736,-17.51313197362658,-17.831902085260975,-18.316611720158132,-18.023252313956124,-17.371078846527695,-14.239264605954343,-18.197233195147128,-17.410768158183664,-18.221459505471145,-20.460229504440328,-20.244373056461193,-19.35397216398547,-19.98357674607619,-19.810829229967638,-17.595690624108386,-17.990655719845385,-16.898008814620624,-18.789633630473507,-16.819344207935202,-12.33425724834074,null,-19.97765032533253,-16.135457283754032,null,null,-23.440355871428324,-23.49066773255791,-21.483917975324864,-22.835141737545428,-24.013440806521647,-23.74855804721937,-25.5495159510218,-25.358219734414167,-27.05097599665893,-24.137092390910976,-23.587353298330285,-24.926909773592165,-25.781412141710817,-20.656769192537826,-28.288291876282067,-26.171005773130382,-25.497373335281196,-27.182714487208084,-26.831679443796965,-26.22331907751031,-30.96886995357211,-28.420647155094173,-30.566005062357824
-18.391743528718305,-18.028519135289542,-17.936970627337978,-18.269190679612795,-18.25727486917712,-18.150602564159133,-14.422586348899513,-17.107564235616927,-17.636657451606638,-19.12855300465693,-19.01572309208599,-18.60850546581815,-19.035416687711674,-19.82581396100214,-19.750294789764844,-16.80891606303382,-15.70226114836213,-16.3674457797483,-17.6575544089526,-18.0251290088431,-15.091762551139656,null,null,null,-15.227401456137088,-17.109390794228986,-20.42683834730461,-23.68873952600221,-23.137732257169663,-22.224219695859443,-15.625899331686444,-24.445498010160218,-26.081570711831084,-25.064494973656274,-26.695851439828015,-27.232753293505926,-23.304896164777038,-21.664586062876364,-26.054555371298985,-23.716389852340956,-26.549273710219538,-26.266075258887874,-25.41823272576346,-26.239232243497177,-26.319399341176023,-26.288738559119444,-29.316484226263718,-28.002592537914566,-28.153252949982388
-18.20370256857471,-17.836341927488384,-17.953340203933532,-18.937083483855446,-19.39997905578831,-19.294544098548783,-16.500245074349746,-19.431900235218954,-18.798914822713872,-18.89888537180238,-18.898502433128893,-17.37441618830145,-18.650233802491844,-19.43415862216928,-19.831824720435996,-17.69641871925846,-17.7049042284929,-16.95393954827447,-17.818680828155777,-17.764498718020427,-15.007352752985495,-9.242467420496915,-0.025940595056010762,-13.893479333310944,-19.390923400520546,-17.120081585083906,-22.776279670685707,-21.459758035333586,-20.559890705121866,-22.488456329582448,-19.390104092563615,-22.628221105151905,-27.43119363384435,-26.896780215428734,-27.64835255702768,-22.590361741842283,-24.6493139987118,-25.211796272795,-25.826414018544597,-21.149559912923575,-28.811042965328852,-26.929827608356327,-26.46001555957593,-25.920145826742665,-25.516772572500294,-24.341405900794054,-27.83755928002075,-27.349566396469392,-27.79310103005686
-18.28917633290617,-18.54801948884394,-17.98461603787277,-16.814012594488702,-15.712236786210589,-17.9403899081033,-18.73626392599226,null,-19.714941874680672,-18.8256194337951,-18.192259410272307,-17.164963836186228,-17.710940450808877,-16.078549161239053,-21.785097968274528,-16.561060915416235,-17.471497317715134,-18.649884136984667,-17.95849567210358,-17.664596717333836,-16.981893397406992,-13.36999740231328,null,null,null,null,null,-21.73924874000193,-23.17213079148222,-18.41750123120497,-19.006424106224994,-19.74233701930627,-16.96367302603724,-26.577970946054457,-27.452049970974375,-26.813343985782712,-24.71750605278627,-25.120955410365468,-24.396021182166457,-19.311743762672847,null,-26.518214971466705,-24.735323435541925,-25.187381834521453,-25.256909408554613,-23.780468146207514,-26.205697785523014,-27.362068711981703,-26.209409602157095
