public/json/wind_2018-09-1601_700.json
{"header": { "discipline": 10, "disciplineName": "Oceanographic_products", "center": 0, "centerName": "Ocean Modeling and Observation Laboratory", "refTime": "2018-09-16T01:00:00.000Z", "significanceOfRT": 0, "significanceOfRTName": "Analysis", "parameterCategory": 0, "parameterCategoryName": "Currents", "parameterNumber": 3, "parameterNumberName": "V-component_of_wind", "parameterUnit": "m.s-1", "forecastTime": 0, "surface1Type": 160, "surface1TypeName": "Depth below sea level", "surface1Value": 15, "numberPoints": 4800, "shape": 0, "shapeName": "Earth spherical with radius = 6,367,470 m", "scanMode": 0, "nx": 80, "ny": 60, "lo1": 109.0, "la1": 20.0, "lo2": 116.89999999999955, "la2": 14.520000000000117, "dx": 0.09999999999999432, "dy": -0.10000000000000142 }, "data":
[rows 38 to 56 of 60, columns 0 to 42 of 80]
-4.2624339225527645,-4.245636962620188,-3.5742952455002213,-4.0314011807981585,-4.018997134978938,-4.064627629251337,-4.098717229121644,-3.938044443187305,-3.74595505109885,-4.406348575561759,-4.156260776594585,-5.859242277877808,-6.363209359313751,-6.076512753583659,-5.1923054056432605,-6.666881658918783,-6.493715640780266,-6.230701554047594,-6.925855071038139,-7.423871825563765,-7.778610919951121,-10.317435980466003,-12.359747746223922,-12.767668045162026,-13.781388234821645,-13.579484531737116,-12.942590876105765,-13.030670660240006,-12.409316293896886,-12.363214850739865,-11.696575332800396,-9.266707489176133,-7.176389919707055,-6.466992796833947,-5.601104869106883,-8.006951089670046,-8.960396638214414,-9.981278462621377,-8.498321806663297,-9.84931872292917,-13.300190455204747,-11.738479444439397,-6.239809120344065
-4.2572932007981175,-3.73503614296287,-3.9758004357293144,-3.6385239430601026,-3.667453537528089,-3.923266157968465,-4.164801443614927,-4.454218186082678,-4.409594284047487,-4.812524851691091,-5.304749106496942,-5.110690465127936,-2.735800954388295,-3.10298553902128,-5.00191514911462,-5.709295126006979,-5.180998295749051,-6.361070433471957,-7.008574249709952,-6.8536041901685865,-8.510139393262333,-10.214832168170183,-11.286281445606981,-10.126410545694254,-9.357447719236639,-10.099814617860726,-10.613458123944717,-10.933601757933175,-11.335696235001492,-10.641001165298572,-9.501775164714783,-8.56463397031129,-7.535986198376224,-8.436910921300289,-7.749049423292405,-9.489143038023986,-10.880903524003743,-10.958128492842114,-10.898342293296468,-11.131361340558962,-13.005170175975193,-12.631345749818603,-5.603225408673799
-4.597568301274978,-3.8249418669909283,-3.4024739197050375,-3.6143554285443207,-3.635485518906038,-4.233562370888065,-4.2341718659248375,-4.089525964540878,-3.7545967155699755,-2.8101450627042173,-2.7942079618377864,-2.884957030853844,-4.805475600086434,-6.868223588412266,-7.078029242421294,-6.503026598745155,-6.4694657052619995,-3.3901447571406473,-3.486735487494595,-6.613550274234688,-7.254361411854605,-6.232939962607555,-8.513183325525961,-8.77683159163515,-8.656064154942099,-9.245647310319454,-9.646244707323218,-9.598564050978588,-9.294197303450346,-8.752134544447777,-8.703108080942723,-8.06658616470472,-7.261268712533075,-7.455840993689218,-7.0576678675103,-7.96391774631744,-8.564705496015698,-9.315621124833264,-9.623561276735156,-9.851309129494005,-9.581373944538313,-10.395830412235604,-4.19080322374733
-4.693463979058873,-4.856717883917926,-4.112260463509688,-4.211937673693917,-4.071555659862545,-4.580110131796251,-4.029710688853353,-3.6766738162832713,-3.444909811045724,-3.181341466954394,-3.7844829309775854,-4.95042377252391,-6.703591718875343,-5.991031601152886,-6.515650281869679,-6.950242763971971,-4.99671488447734,-7.337096780802678,-6.7326491583572015,-6.612454691806979,-6.002990377105323,-8.57357493695501,-7.7979966661981965,-7.325773539695156,-7.755719613623389,-7.4328401643807025,-9.13569246581089,-7.845839622395253,-8.438931466965473,-9.65692108406374,-10.711712220333123,-8.369982799202141,-6.931618194845216,-7.560551737578151,-7.269620267959221,-6.039448838641867,-6.93642776879655,-8.051410231735792,-8.912231597760314,-9.39839442161436,-8.904217660784418,-8.074868385707871,-5.3662252772300905
-5.117536027255571,-4.385602620526913,-4.292733538677943,-4.276460507553458,-4.273148156651702,-4.121755683779452,-4.148769405629885,-4.315577548933238,-3.884178175646341,-3.3495798628079667,-3.5992222587355975,-4.080042109665032,-5.231081292137416,-5.550918968052285,-5.283143099330628,-5.519020984992984,-5.38029854727072,-5.209479838761891,-6.165878844961954,-6.048148841471148,-7.064648022246715,-7.357739791021665,-8.0917436495279,-8.40666141541231,-8.942048966896559,-9.271711044397097,-9.662758542428676,-9.077240982625597,-9.163790318639304,-10.576110907094677,-9.535517693305914,-8.145772862211205,-7.3918660360458475,-8.694208913520132,-9.223821955548235,-5.252460983202299,-4.892206099469246,-6.206067169734615,-7.2915565511804274,-7.219201271764359,-4.558090169689953,-4.187205007714736,-3.9151820894913376
-6.477245596490287,-6.113494854307653,-5.577738271313482,-5.294408025510246,-4.670971719137849,-4.770614451254703,-4.830069439589568,-4.915724231788143,-4.288701721877984,-3.8837479386132707,-4.431768929997967,-4.866200573987795,-5.479091234728523,-5.943604702236403,-5.944209164463253,-6.658679850648385,-7.165440225111327,-6.463823464440161,-7.654734358219629,-8.298961670844658,-7.990933639491149,-8.069795713433335,-8.03625705822181,-8.090377472747125,-8.299167302977382,-8.260794117072365,-8.271791188152621,-8.86906146633865,-10.329670297471836,-9.809353847896936,-10.045419409924794,-10.436639554478198,-10.812861742817446,-9.271778480471431,-5.90193966976258,-4.655939728343906,-3.8806903304155695,-3.130828480103911,-5.290618082042633,-4.746089242346191,-0.9127280659724419,-1.0385977130933983,-2.5451473526825747
-5.794357451499997,-4.835732346525655,-4.190082013791224,-4.415934657511908,-4.187002294334588,-3.6275004927512153,-4.292409777349101,-4.751826712609127,-4.925504881789023,-4.960580601306699,-5.172428803151027,-5.146589528777146,-5.290178426392315,-5.74599996338657,-6.570237971671967,-7.447728109198604,-8.129717155590406,-7.745978476802911,-6.753689846755002,-6.19415580651188,-5.737262781864953,-6.076544509045981,-6.897575979228809,-7.719574057573042,-6.686117748203903,-6.391945129449311,-6.76840334200802,-8.7345100289313,-9.998826310805274,-9.827179251093566,-9.616385462600883,-10.922939523661238,-10.472390825832049,-8.307237589818978,-7.193401582258541,-3.8162150281563285,-2.0922921491004214,-3.0219531326086324,-4.419273524734368,-6.157511493343832,-5.661696207458091,-4.105253649222677,-6.619845322630839
-4.854474557061403,-4.226582419623025,-4.01912961757334,-3.5129595697115885,-2.8481530551993557,-2.442712044086381,-2.963084582829949,-3.200901018824726,-3.3272424800210127,-2.6702866165289976,-2.5695419349854163,-3.6963858904900877,-6.157094857667051,-5.231417198456847,-6.066709958938669,-5.027745066260992,-5.014927464442007,-4.39386332867828,-4.20602561269093,-2.1932865866344597,-3.2142680713581333,-3.892060069071614,-4.3104860132067975,-3.4084284621986134,-5.1891403285496835,-7.5494175215187775,-8.050969824134448,-8.563956372390194,-8.724018583746538,-8.231270679196568,-8.638248650404522,-9.212089444766399,-10.437336635758218,-9.375962732472171,-8.877269271547346,-6.723850410168867,-4.809193059935382,-5.572837622167391,-6.944661409636833,-7.4832827619241655,-7.110035425989229,-8.405821793086703,-4.414641149075873
-4.375453664836041,-4.416975214651683,-3.7336873592951845,-3.39910192536815,-2.776129439957037,-2.0649551815725458,-1.3422799559061334,-1.8190629813602261,-1.2173693439277566,-1.7287866630965332,-3.2426595240361817,-3.616972699429432,-2.23245720534013,-4.301284608909088,-5.6808555181626215,-4.090496525040216,-3.4238328116702728,-3.901166207076254,-3.6545119183898023,-4.156164069387411,-3.6011918398522518,-4.2577609656558355,-6.944007193082925,-8.087723322346779,-8.430413881574557,-8.167959625586432,-8.278515875870813,-7.85431818079751,-4.852816484876637,-5.535949245023998,-6.92763570488483,-7.424450298235622,-7.116051959739652,-7.860071966685041,-8.057998788650034,-6.706563387537137,-6.279358744999344,-4.417742364555249,-6.357516393073761,-7.284729652004974,-8.19601352734006,-7.455429582878564,-8.595326888843957
-4.87020732432838,-5.045895266209754,-4.394337673720324,-3.39796282707798,-2.599284415299028,-1.5696486108349426,-1.081662204629061,-1.319913846650424,-1.5170801800283142,-2.493510148329647,-3.164389315735705,-3.571794913148022,-3.3912201888874667,-4.996256903426439,-5.096579357377844,-4.245691385048825,-2.7704594782612264,-2.7284002859446637,-2.5595580085969485,-2.1603994392718406,-2.893074279887985,-6.829266533727415,-8.169105804700958,-8.70843763998763,-8.719027871217143,-8.72697075319016,-8.469035963116212,-7.044900251661831,-7.912647896058106,-7.541829587052624,-7.323516112159377,-6.405374450214914,-7.900377776606515,-7.108217311162917,-7.300864783644252,-6.523554017518362,-5.342737033521582,-6.808253994290539,-6.638964671134596,-5.912143991182258,-6.0757897480160405,-6.796665380038757,-2.9865585903839174
-4.5346086499494085,-4.583524779017061,-4.614794196216359,-3.725937238215456,-3.2014225714776563,-2.6042254485670298,-2.2064914041540877,-2.0058959286789477,-2.619449939598639,-1.5401405697200425,-3.2898155994097134,-4.297139824141095,-4.325255657250755,-3.8950718370634307,-3.340052491653081,-4.769253967457144,-2.155251484788504,-1.3455813434077675,-1.8047274714046895,-4.536403966824722,-7.289481895453011,-8.271422598205659,-9.541980857697546,-9.10130300612865,-9.275987211052405,-8.743453220513672,-8.61512785021363,-8.14791300084088,-8.488256140024617,-8.998214534076897,-7.279107603846599,-7.516334945334631,-7.460035014536203,-7.493760994585805,-6.682395947614294,-5.552789420901478,-4.598956862739851,-7.005593904136379,-7.613760676253497,-6.381530350476179,-7.842247219104436,-4.29799314124179,-3.084897640352402
-5.5001869024785615,-5.231455828536502,-4.526602976762442,-4.366156277614161,-3.4196366032849332,-3.6802651748088424,-3.1741232923000404,-1.884465423778627,-2.652947445789718,-3.187547401639989,-3.1016959833808713,-3.618099742550805,-2.8277212109436953,-2.8190948750268543,-2.3317008541993722,-1.788084470158171,0.4786271844910161,-4.081507974818554,-4.243978278514386,-8.088345228685782,-7.969722148249019,-7.241784636098148,-5.598028943201031,-5.534322933489259,-5.773305587464652,-5.302550668630255,-6.040737145808558,-5.70475401554604,-5.2436142079233825,-5.372848944661607,-7.454526501969289,-7.463043939421147,-7.103117024598392,-6.8428141941553395,-6.319885286987319,-7.359624345938567,-8.232301509516784,-9.45102118206994,-8.451123091238284,-7.780583368015425,-6.206499216299243,-4.604225292949861,-4.14036347745816
-3.4427690671071365,-5.055933980792595,-5.331642815285324,-5.042730698413559,-4.974720173055899,-5.215965774320583,-4.662886879531051,-3.712382987406486,-3.3492933583281315,-3.2863789565132477,-2.041997242384637,-1.7758607474350272,-1.379114477747977,-0.7677408840378389,-1.351622269102092,-3.7704832998224216,-3.1590237877599234,-4.688652185823412,-6.987428742467048,-7.159374254643195,-4.6825988286029485,-4.352612002299652,-3.3517515457956724,-4.002800487671286,-5.089004369453376,-4.526486601607447,-4.413291487897179,-4.120436094241317,-2.324642093190593,-3.761287547811275,-4.560647530499179,-4.241014832586469,-3.0328961403947394,-3.7144201281430815,-5.426362411229217,-7.45262919175891,-8.383836263853615,-8.661118740728906,-8.163712410512462,-7.457951451101347,-5.758607081831217,-4.145072667573343,-3.017049098450003
-6.64550148632953,-6.049503353127283,-5.673416818044445,-4.275413871449251,-5.209370822950344,-5.13089425666962,-4.515840953068434,-3.508182097753067,-1.647287093060196,-1.6526652627370086,-2.1102617214946062,-1.9181249651866583,-2.045960492906963,-2.080680472528537,-4.422860454264181,-4.867203766650177,-3.737678564168929,-3.7803094683897815,-4.43501849286411,-4.108916351496551,-2.0716682478947126,-3.799497968150181,-4.5193125440717345,-5.583742938634972,-5.450987230368771,-7.097868298865434,-9.172179504210336,-3.7434208963706963,-8.489837944181092,-6.0245396993623155,-9.111928965590685,-9.495459947366239,-8.18951524338359,-8.937591847578988,-8.495095746083503,-8.603596546685715,-7.340703645583227,-6.8086230046411,-6.389399599453007,-5.864208475453404,-4.862863044291548,-3.7382818367425577,-2.2074209650186623
-3.7796148341815066,-4.485999443184365,-4.497617508471123,-6.518531989935671,-6.4377304419392996,-5.785689646295436,-4.447126340576165,-3.566994645192756,-3.488236120160487,-2.7988778778470005,-2.0750475427760637,-2.3048066278861747,-2.4330977480662925,-2.3694065016492916,-2.297534798963498,-2.697026874486595,-3.0016876671963626,-2.7375093313263066,-4.235577790949573,-2.0969622014172593,-5.915895618286912,-5.974232813051306,-6.865007978217047,-8.273348370121845,-7.440944433661601,-8.782106616995451,-8.311822101887792,-9.375823135575981,-9.796056024739054,-10.08239577076392,-8.665132667389015,-8.308596040272356,-9.138334893507434,-8.25466422346623,-7.867714601050104,-6.466424068302166,-4.987103735537363,-4.666965252816025,-4.769518529064713,-3.7572288924208,-2.9542454376071925,-2.5079847424143535,-1.9765243681463653
-4.184336826806641,-5.321486378884529,-6.340442396477205,-5.897892593643389,-5.356420868908783,-4.557887347209323,-4.130599867163951,-3.5651710443648943,-2.827563939901131,-1.9169083135905067,-2.37675900289765,-2.562746403908038,-2.99150714003079,-2.9807536507504415,-0.9618917969351441,-2.7296828566324414,-4.48279285516123,-4.707814001032165,-5.048099533309747,-4.816616756028154,-3.719566773168723,-6.636167390043672,-7.3544922936798915,-6.001467762609592,-7.820195257466344,-8.794144779856099,-8.569081505453672,-7.717086671679236,-8.170945143800786,-7.338240742429445,-7.100136706626305,-6.638682936291197,-5.528160068876975,-4.85969167327171,-2.9695475068240773,-2.7190435884147854,-4.042102294576544,-3.7704429191749593,-1.871042132060078,-2.9490383980947077,-2.6863679400042484,-2.1747488123692094,-0.7702589194694293
-7.381838164184234,-7.227076162335665,-6.707867007799123,-6.1754082836788555,-4.110975040722353,-2.9848980739029787,-2.365122304254506,-1.4658454062320283,-4.3104241070255025,-1.36894138062408,-4.783706424191811,-3.4981748997260524,-2.866656414376288,-2.6326819639641044,-0.07232032325824568,-0.9782431011558282,-3.092594106277514,-5.023815183831278,-4.147720058321825,-4.616943536003832,-7.541962682931802,-7.8837384902652134,-6.483808624055061,-7.565102130323394,-8.595722262712613,-8.24192971046195,-7.414221475237399,-7.357861825894826,-6.724281620324001,-6.320744318523255,-6.3128986057378205,-5.4704855576682965,-5.003413156255399,-4.189505904925824,-4.090244605106635,-3.9077084338265795,-2.0919880954912147,-0.5567270424033955,-1.0673789239448315,-1.4748669791271285,-2.3426552800452125,-2.297059725893778,-2.0002730477709467
-6.2078955817242925,-5.548571024706272,-4.923423528245888,-4.763706814320603,-5.405131339330387,-4.356729976874798,-4.191038310057838,-4.7860534880113885,-5.314041692665146,-5.936339512361187,-5.864377321763457,-3.642055171225793,-4.906265493567595,-5.0309049915098125,-4.92763737188731,-4.026867856461353,-5.09902484461845,-5.424885659405542,-4.646893618200407,-8.207161768236775,-7.614793944942552,-8.695314224982905,-8.813734615981119,-8.164954772542744,-7.9559849085994,-6.876122793016654,-5.8918073962744595,-5.3053583548395675,-5.186912476581494,-5.270698090081285,-4.386129587520149,-4.743468294031194,-4.67353964663974,-6.062950042427435,-5.462695480154273,-5.2305323801764985,-4.434086417520454,-3.843364529723893,-2.1641408850987234,-2.179398635402981,-1.2201592506829906,-1.182062305774016,-1.1516781960260898
-6.4883719949416605,-6.847123981346179,-7.42050910458596,-6.858399895626174,-6.412476853478013,-5.98780383895811,-5.465128892785909,-5.137860565144489,-4.158266453183465,-4.485817443168751,-5.390661942717862,-4.813762508615069,-5.472618301887521,-6.045353388629663,-4.333290823988318,-4.806054811004277,-4.39554325211308,-6.4926462367618605,-7.291241476072383,-6.989180432198131,-5.4158746112073475,-5.487758244290404,-5.975248143837344,-2.601938450444411,-3.0379089634611365,-2.2555242861024722,-3.998218330391186,-5.740152380853697,-5.873328483585434,-5.9241401908909515,-5.254971744275575,-4.778678041199843,-5.225436287850014,-5.531693652826551,-6.254176328794585,-6.362732663354798,-5.739559191152418,-4.514658610749384,-3.166870804607212,-1.765224086121956,-1.1630529743668856,-0.5345525551383783,-0.7347279016451967
