public/json/wind_2018-09-1515_850.json
{"header": { "discipline": 10, "disciplineName": "Oceanographic_products", "center": 0, "centerName": "Ocean Modeling and Observation Laboratory", "refTime": "2018-09-15T15:00:00.000Z", "significanceOfRT": 0, "significanceOfRTName": "Analysis", "parameterCategory": 0, "parameterCategoryName": "Currents", "parameterNumber": 2, "parameterNumberName": "U-component_of_wind", "parameterUnit": "m.s-1", "forecastTime": 0, "surface1Type": 160, "surface1TypeName": "Depth below sea level", "surface1Value": 15, "numberPoints": 4800, "shape": 0, "shapeName": "Earth spherical with radius = 6,367,470 m", "scanMode": 0, "nx": 80, "ny": 60, "lo1": 109.0, "la1": 20.0, "lo2": 116.89999999999955, "la2": 14.520000000000117, "dx": 0.09999999999999432, "dy": -0.10000000000000142 }, "data":
[rows 19 to 37 of 60, columns 0 to 41 of 80]
-8.038631822383095,-8.37500850030451,-9.19397699580444,-9.661492858391831,-10.822818902723714,-11.501732905373633,-12.335053656394615,-11.559551810287193,-11.017981598417581,-10.746679017528448,-10.66479473438313,-9.818708010085889,-10.229731868798174,-9.96955560408601,-10.300209188536668,-10.435303789467698,-9.928594916499007,-9.351556813268697,-9.077741066196007,-8.260417742066522,-7.2458191294312755,-6.27363672877549,-7.22835565660421,-10.418528386056353,-11.965133827010431,-12.12313429892889,-11.372554599741294,-12.04664620125251,-13.30093263145509,-14.724073529122617,-15.133125814871988,-15.340107186978829,-13.948723494959332,-13.270892146031851,-10.30892445739855,-10.9146936084235,-9.814459840096465,-8.43217928012068,-7.192054044416479,-10.799700113283134,-13.391429828091011,-13.889333250841142
-7.995508985222341,-8.23172953692021,-8.480633533807719,-10.178826545469656,-11.169952796406015,-12.432125342002536,-12.306220923153294,-12.737432492942204,-11.972287662026968,-11.157145774980838,-11.236471955374975,-10.760625504022183,-10.314186034316096,-10.94754706745894,-10.73677930485868,-12.003087231262056,-11.444473471528234,-10.640220514275951,-10.587734615529245,-11.123734013837765,-10.296332189750222,-10.789540576083507,-8.856523108333814,-11.026258029753667,-12.981387000866848,-13.37225776227876,-12.870310982956308,-11.656538152992429,-11.379730315616184,-11.529399571566792,-13.479734097255957,-13.197494369158488,-15.306683005583283,-14.31141084392288,-13.171274120215664,-10.843573652658007,-11.03630266853607,-7.8507656730005575,-9.01055267872344,-11.83309098101413,-13.31264501219782,-12.808061743502648
-8.10938946650026,-8.517838965363824,-9.340169546762779,-9.549978822135925,-10.670634076777594,-11.398500259043075,-12.491032891686762,-12.309326812936987,-12.05286824982116,-10.589599569656372,-10.442074854487345,-10.833915798461806,-9.421282732648272,-10.496912805145525,-12.347355735621775,-11.065142190511253,-11.532270958059957,-11.494235073435934,-10.392249295830277,-9.623311236415628,-11.074148572187244,-10.488283059301011,-10.538941989019884,-10.063691378292202,-13.073722966195032,-14.542260725373994,-11.937206728148654,-12.322280208795911,-11.802171869560913,-11.337245582246323,-11.916733072430743,-14.988853697713232,-15.733007447295961,-14.157746749588892,-13.442963550991381,-12.528123922787454,-11.120393731108194,-9.30453861055379,-9.416751904378138,-11.264833343706256,-11.3586850087731,-12.63712609057156
-8.933750645786109,-9.538897324837347,-9.672606019823071,-10.706570754127538,-10.405557051024,-11.031673470240515,-11.43670786884246,-12.949550521245534,-11.333770573280084,-11.188503758844524,-9.995916389381108,-7.0775335638072985,-8.716232130101414,-8.422878112266144,-8.735986949609886,-11.69952046334517,-11.578292671099963,-10.960614469243222,-11.177497791601105,-10.291756034064381,-10.163064029545538,-10.78921359664086,-10.98846108114135,-9.943358488260966,-8.322649127372564,-12.63390335600111,-14.388570232571894,-13.64043603256021,-12.813960780521244,-11.78743902714319,-12.673931143449282,-14.439022592408095,-15.25722918844427,-13.661829045538465,-13.525021096629267,-12.813339730847229,-11.17457444482417,-10.654071078379644,-10.001389596757077,-12.1321263910107,-11.809037704522208,-13.902373878974139
-8.944640149316395,-9.730143223406234,-10.556397653807627,-10.085547458085474,-10.474496363079671,-11.52377214102236,-12.138578277075817,-10.741357350738886,-11.422594699789395,-11.455938796741346,-9.427129272558052,-8.170753831814537,-6.507074066115564,-8.429729631736077,-9.06987793812832,-9.46570108021557,-10.110938842288796,-10.510965687806582,-9.785173052411125,-9.871661262483872,-9.710483927146525,-9.057404835346794,-10.201303318307787,-8.719176196725673,-10.088106195905834,-8.713466999596541,-7.673542961515127,-11.840679294933665,-11.83825571396143,-11.596188431663673,-10.115432487361481,-11.996768608553767,-14.609113055462851,-13.983331300684881,-12.938297137663831,-12.948217602467395,-11.621950709767475,-10.90414060699973,-11.454119804549084,-11.819275355611435,-12.534604849983566,-14.286473852349394
-9.405211757280913,-10.142091964573341,-10.875951271736515,-11.378214805478336,-11.287730187209437,-11.888539593361799,-11.748206175018536,-11.179879618531192,-8.616214986492944,-8.53139522669308,-9.00679641340343,-9.234130152449861,-9.397204908251931,-10.004001973229782,-9.964887736191262,-9.197730316969432,-11.792647887364513,-8.811343102803056,-9.776672143785564,-9.995555081877068,-10.57865397803728,-10.871386306103176,-10.84621305663231,-8.017016350825786,-8.41024867697938,-8.201617261339482,-7.55070523382587,-7.62156017282909,-9.77101792854919,-10.240748842854368,-9.163832742864882,-7.455024731930201,-15.046483725870903,-14.706493021843063,-12.815313553800312,-12.96960663072941,-13.39743064958799,-11.929003605805912,-11.77929304680373,-11.781798082040055,-13.44047887213371,-12.662278914253857
-9.998861224614098,-10.370001300725463,-10.671591864920384,-11.198618635462283,-11.948001342286332,-12.067496400993743,-13.074022662226186,-12.018893997004888,-9.765231127648233,-8.767929902641875,-10.320713991008965,-10.369348773464033,-10.988103843832137,-10.95599495336382,-11.609633364065095,-11.184666606747506,-10.249998215985503,-9.317204671407952,-11.928830047309361,-9.89377285121125,-11.528453988818923,-10.461892516356716,-10.0205720826361,-9.416583041568828,-9.107169235619176,-8.45815392336083,-7.576383911747129,-6.417253403524071,-7.659900682438575,-8.322708417602028,-11.888527540788768,-10.101350713295375,-7.192444160062308,-14.680190158609495,-13.513582456155408,-13.152005374011459,-12.309985218694825,-12.463058530002408,-13.08904511494148,-12.511582373684277,-13.507067340621958,-11.70924795315723
-10.00746355257373,-10.032000013697425,-11.229758639747883,-12.2726243489777,-13.17404193946733,-13.376873688188613,-12.417479606860446,-12.938997925205658,-11.474048031964358,-10.565562528314238,-10.50727991375087,-11.450980364962655,-12.633529627520453,-12.620670218781438,-11.828582120517058,-12.572688621771334,-11.430910658731154,-9.80817287723238,-11.842332115298742,-10.439152716587747,-11.409548158544322,-11.36448621925369,-12.545532482866589,-11.217061019619788,-10.977851848381695,-9.74691427243997,-8.942947684241172,-7.273430621125591,-6.915123673559145,-9.157901429307854,-9.850405649043555,-10.69209416787849,-13.403019903932016,-13.88638642732721,-13.107687637887656,-13.391660618909995,-11.744427877178197,-11.552359743974026,-10.860641828988244,-13.5091412585509,-12.962284839879917,-12.640341867806828
-9.854497430182379,-10.734157041244663,-12.119019112172719,-13.138450585590734,-14.025487370180882,-14.003304354859033,-13.44899907632328,-12.77761413801678,-12.851799432295659,-12.726685035031297,-11.369058841314233,-10.15663267976107,-13.646834615848334,-13.16679111826921,-13.644417825116147,-13.02177052148172,-12.53130186438183,-11.976931504317498,-10.968337199306587,-11.1522997571967,-12.198257717207877,-11.839558111258079,-12.157011238408922,-13.218515478028028,-13.077381928161245,-12.106571098175246,-10.742692968808512,-9.613372546737958,-9.461062152422059,-10.377413868491233,-12.958292673110424,-14.062668162813312,-15.173174326220309,-14.978663521810429,-13.789705563273673,-12.44504137633211,-12.569948918948759,-12.687001559846816,-11.156027970410516,-11.87372406682777,-12.567491231618499,-13.144982013614964
-9.614039574434269,-10.508841321191978,-12.270458895335064,-12.679694509694524,-12.899175382471116,-12.42174698195761,-11.9397435720223,-12.830687473489387,-13.021863780912128,-12.97753114844467,-12.930359301476678,-12.932097040795561,-13.051638694551594,-11.415618902643569,-10.55726912517415,-11.451460968254233,-12.694045619988717,-12.255689303520542,-12.163135539054919,-10.929978842511613,-11.46801935741858,-11.236337538822006,-11.362106894296254,-12.676850308726907,-13.68334554393418,-14.076396407902951,-12.465237250126014,-12.351006766258989,-11.8705306437999,-12.183673727999903,-12.758075573353544,-13.434280497358307,-15.33384022518693,-15.029741257111052,-15.230250263308353,-14.365205117225102,-13.974425999853906,-13.99111371329371,-14.261621265225202,-13.280400110885964,-12.625489445076443,-13.147879281568343
-9.30472890775916,-9.935257968828601,-11.565823061161499,-12.389503946143417,-11.391661686126362,-11.532983436983963,-12.473030592704001,-13.384414311972927,-13.985060104318078,-13.766828888922474,-13.704621133622167,-13.035165416217286,-13.03553729347172,-11.074717935486818,-10.935899181833847,-11.457198060912974,-11.869635866232754,-13.227014513107742,-12.184464205369068,-11.19149460620881,-10.481329974333931,-9.990735975612086,-11.338640218192788,-9.73869635146767,-10.04503434445699,-10.84123653128865,-11.552893223952964,-10.878998690266435,-11.437315881976424,-11.863881845539384,-10.566742117605347,-12.478199035509103,-14.032969210554826,-15.818663241682941,-15.623043544706992,-15.842918926124483,-16.365004364568346,-15.55526387858059,-14.41156535934148,-13.92138362636541,-14.270901248509015,-14.688768251881744
-9.006383183837906,-9.156669724207953,-10.622128308494286,-10.853707770329507,-11.08490268836258,-12.867067843675914,-13.202385929565002,-13.338495616159893,-14.281536089485254,-14.026824002916264,-13.894529784988766,-13.410009223752208,-12.565114592239059,-12.344662345504329,-11.962824796183156,-11.84850977306194,-12.5776110962626,-12.948855953974922,-13.081454408216263,-11.287784219307863,-12.632361807416343,-12.799800264803418,-10.54219995345403,-11.525862436188422,-11.785626928925423,-12.788079058547378,-14.135316533112126,-12.772515717014013,-13.02863776899836,-13.078715215745309,-14.14697946103304,-14.93515602317802,-14.70813074496609,-14.978024318950482,-15.649680761121925,-17.516585553840002,-15.918865607711343,-15.391051648458872,-15.758409964894575,-14.700284953622628,-16.212657803010643,-16.311094491243477
-9.206045331544727,-9.939188354653133,-10.777966999866187,-10.920506490460149,-11.822472290630383,-12.930122583811073,-12.363508703018756,-13.350525223934746,-14.13317478723955,-14.474846247592001,-14.581036669619946,-13.733800030382794,-13.019650024618254,-12.781998161472128,-13.363715746264768,-13.961491371358772,-14.51220009666104,-14.719068273830787,-13.919698590043094,-12.563688463405903,-13.431208145130569,-13.302432156679686,-13.067340741068595,-12.86255552434272,-12.497651131814411,-14.29529086353905,-17.395046001992355,-17.224693730962304,-16.478661885198488,-16.447615116357017,-17.73429660416333,-16.274079362900835,-15.575603674399025,-16.249617852914668,-17.025058133784242,-16.357391317571746,-16.07079939935061,-16.004892959147142,-16.462505943855167,-16.63344850725571,-16.03977733668797,-16.84316321895679
-9.406611940926659,-9.519093103900092,-10.971231586932907,-11.728148098246765,-12.326043712846456,-12.100324301212991,-12.374695784397545,-12.038627197143146,-13.572242565482895,-14.827513873850176,-15.390620744368166,-14.205550397116209,-13.525124021964887,-12.774431489377807,-13.573125936176297,-13.602822235369654,-14.783196490064874,-14.953540760166277,-14.396006756024166,-14.40003964217943,-13.642126007915929,-14.906225707884227,-14.862301982914754,-14.465518984589234,-15.349877460447221,-13.915446325337857,-15.594718179633466,-17.248507221403322,-18.22184154643793,-17.74069925014265,-17.285339080992568,-17.675548526233563,-17.225192909911875,-15.621915999499267,-15.435667924632975,-14.484704384227681,-15.236869145199229,-15.305631492812461,-16.465143449491613,-16.783103102611552,-17.149446468496745,-17.213503742211405
-10.009842618564836,-9.514146626811417,-10.215713328754266,-11.124308907748638,-11.862865668767599,-11.774267858728782,-11.37202604979173,-12.255099091827043,-13.34724877361833,-15.101841906173556,-15.910621935809083,-13.64028099481862,-13.68368042075708,-13.361078312386073,-13.65429518974539,-13.63597635857997,-14.719792482673139,-14.604203962740032,-14.755487457546009,-15.089608029176741,-14.748544084949371,-15.211489480587046,-15.958317956150765,-15.37042956498597,-14.216865948008698,-14.506752858833682,-14.420150611930337,-14.043849874473024,-13.783148145297245,-14.730532773915577,-16.424847351183193,-15.40438958558313,-15.201088206552324,-16.313857396464655,-15.285141670908901,-14.470692050964514,-13.145901463515806,-15.667701462822626,-16.79390605159505,-17.32056588765351,-18.382207023672965,-18.245246642053093
-10.505552253183636,-10.644606278019548,-10.368921847760697,-10.95803335797691,-11.21269223523114,-11.821170590204702,-12.043310147926675,-12.464022750961279,-12.771734371115839,-15.945171869826705,-15.115252643751985,-14.282041118188431,-14.314235197746761,-14.021488993370994,-14.040961833474089,-13.66094364442984,-14.360364143179021,-14.525011204860666,-15.387688863314592,-15.987637658163283,-14.822590120615098,-14.833651729861675,-14.734515821677444,-14.001314117836124,-13.732550474606537,-14.10116729366068,-12.631164730296916,-11.484254637457054,-11.675960889634553,-14.131967731727963,-13.604229022423933,-14.572386759199889,-12.438513134018045,-13.701216215994538,-14.464645037336592,-15.440893777002566,-15.406408218392038,-16.08818064397691,-17.475960449634442,-18.22939668828585,-17.946354396828966,-18.87914203294281
-11.68143500880299,-10.995263682786641,-10.87084045530816,-11.763875151522946,-12.129242619931869,-11.822767105097977,-12.065333356039858,-12.527724319651682,-14.483312630221018,-16.412429588995145,-13.469135263399023,-14.89784440907569,-15.015708999592837,-14.634166945700718,-14.485513995588482,-14.78719351068131,-13.835808444239648,-14.216129993811897,-14.61013903190301,-16.205089291948802,-15.135356976342536,-14.253266459911742,-14.214631779316413,-13.54637950947496,-13.464031680256955,-12.467146683152341,-12.072390542489646,-11.637219211726674,-10.926286947878998,-11.06427561983379,-11.889999470857488,-13.785759064992186,-15.200433657302229,-15.001385053690136,-16.015069978955818,-16.38835512901094,-16.42084213736955,-16.63024042619695,-17.406216009490944,-17.731138964200806,-18.056658498448897,-19.197405366633873
-11.977152980317577,-11.456594393573106,-11.16428647694086,-11.823027804356185,-12.577713361877057,-12.526673308957498,-12.244023678133452,-12.52529745007076,-13.644847636031237,-15.60386144136587,-14.27727674566532,-14.782688331682309,-15.466609291507984,-14.945636588805844,-15.564032678148454,-14.675430769590921,-14.150640704742104,-13.6486488045085,-14.741081190797038,-14.981614946398828,-14.419963833441411,-13.84884166498782,-14.61324924059857,-14.87420342957301,-13.7639031754344,-13.259843784016189,-12.894224395034083,-12.789273962840397,-12.762797782562924,-11.912273485920664,-12.212400965966964,-14.181190934276202,-15.26636221018608,-16.504985692894174,-16.345268317555053,-17.780248624489822,-17.091164233988653,-17.118198246142263,-16.161726118777697,-16.91532847096774,-18.03559995625632,-18.568838743986007
-11.56440655906802,-11.240098613184191,-11.995960501877326,-11.243037205386777,-11.82207667575904,-12.932311686874232,-13.205441381284336,-14.821022030487082,-13.220632784638187,-14.003487690126466,-13.783938925885245,-16.351666177527505,-16.522622195983672,-15.607629064331352,-14.558741693239853,-14.964904205794234,-15.043101397532782,-14.347813211886582,-14.396310195160497,-13.768584383425125,-13.912583218575751,-15.018370426485369,-15.713018513710555,-14.442710294050723,-13.692503547410286,-14.13095731807983,-14.264908351243044,-14.612549880407196,-14.236673511731468,-13.351492175258596,-13.261653358779252,-12.114504242589163,-12.476657919873844,-15.779818351803005,-17.79061616418777,-17.516941993232095,-17.800193494801224,-18.22283386095885,-16.979602341896417,-16.595148554616063,-16.914123410430648,-17.13795265772261
