public/json/wind_2018-09-1600_700.json
{"header": { "discipline": 10, "disciplineName": "Oceanographic_products", "center": 0, "centerName": "Ocean Modeling and Observation Laboratory", "refTime": "2018-09-16T00:00:00.000Z", "significanceOfRT": 0, "significanceOfRTName": "Analysis", "parameterCategory": 0, "parameterCategoryName": "Currents", "parameterNumber": 3, "parameterNumberName": "V-component_of_wind", "parameterUnit": "m.s-1", "forecastTime": 0, "surface1Type": 160, "surface1TypeName": "Depth below sea level", "surface1Value": 15, "numberPoints": 4800, "shape": 0, "shapeName": "Earth spherical with radius = 6,367,470 m", "scanMode": 0, "nx": 80, "ny": 60, "lo1": 109.0, "la1": 20.0, "lo2": 116.89999999999955, "la2": 14.520000000000117, "dx": 0.09999999999999432, "dy": -0.10000000000000142 }, "data":
[rows 38 to 56 of 60, columns 0 to 42 of 80]
-6.793933658479534,-5.523075819162375,-4.438091436285968,-4.035246049091787,-3.4784943947069458,-3.2444742445605437,-3.2528322748279765,-3.1954887858334278,-2.814681439134439,-2.948748020665863,-2.7522002344396186,-4.2190455915352745,-5.656146027412056,-5.7788706225181246,-6.030786072675624,-8.170922595270886,-7.734909889444994,-6.873102023015877,-6.879511604809988,-6.3871031338780595,-5.494687749568533,-6.3040922565956645,-7.070945545351786,-6.378806380738097,-6.720146194138863,-6.909281050716531,-7.4583427567839315,-8.447677723243443,-8.9629667591349,-9.987881248114189,-10.879973415475266,-11.098950058948663,-11.36297463250216,-10.69621837342798,-8.380859545225984,-8.356001766238597,-9.814604643878164,-12.228912698594852,-11.72858674226886,-12.243210043629016,-11.982936840928662,-10.687773647589122,-9.179165130064495
-6.238079694171849,-5.529744304819907,-5.105981855183821,-3.9769981526099123,-3.294557221399303,-3.158388178391629,-3.4011935955691635,-3.8183371913809134,-3.984848406767203,-4.221361836680012,-4.626851009132985,-4.733737376086464,-2.623603877074802,-2.937678841833935,-5.409955726413886,-5.980267488131285,-5.153736765999937,-6.291045199916131,-6.715438478846977,-5.624637745965168,-6.258202402575674,-7.037578632709589,-7.285148371540499,-6.238139122817845,-6.435718430574218,-6.2109251878537615,-6.406341699856693,-6.877647798613395,-7.571657239527884,-8.304705215329157,-8.529496675067685,-9.253787094136158,-9.769277788954938,-10.962643291816075,-11.587243904715018,-12.912765311892494,-13.707919719394763,-14.004286471812383,-13.356163378880632,-12.347811851573733,-11.733559160747411,-10.954913765806527,-9.674721703560147
-7.172791457024072,-5.665924240662803,-5.076407440792957,-3.893185140582867,-3.6892529605896183,-3.3515911163467056,-3.271290323188233,-3.0631156978719134,-2.952779052160187,-2.6108464490441428,-1.4979331446900477,-1.2418938200228076,-3.2617364830524265,-5.670260311678395,-6.054988685481236,-5.827061251741557,-5.426816839157279,-3.140186616522925,-2.7475117076869378,-4.753790489845556,-4.759555177455416,-2.291782996959389,-4.152484522934053,-3.9812044599106944,-3.68110657187026,-4.424259710400518,-6.126964888016439,-6.853748621093139,-7.192815283695854,-7.287162010023905,-7.7302947251036755,-9.181195523038477,-10.275570482939482,-10.731017060501243,-11.486389195790013,-12.277362510784926,-12.353891793316695,-12.112712251639183,-10.88972276933011,-10.558560388826402,-9.809046743624474,-9.08667843877886,-7.693771826064939
-6.62643095912775,-6.002616651922889,-5.077820907969127,-5.081865329456329,-3.685703347257742,-3.0816614334232804,-2.8349824224078533,-2.7387250776680006,-2.265141708160394,-2.571190897395169,-3.237674871908601,-4.421340811591168,-5.26490878940001,-4.088197463984924,-4.729022305451474,-4.877756632261818,-3.6141497543602337,-6.197500745711477,-5.58858171813724,-5.239266909544815,-3.587235047412478,-5.161519675201653,-3.5008768550359077,-2.750550455132271,-2.9986485044680253,-4.001885418771261,-4.914118567354976,-3.9776378805577406,-5.35649832959352,-7.453970547127294,-9.584445114029588,-8.565271087405357,-8.501327995947555,-9.250775825945693,-9.900772171319824,-10.991244880829509,-10.852274910228452,-10.76616321924277,-11.097342664771071,-10.813988283780574,-10.226126701176707,-8.15671356085185,-7.5190974808899895
-6.988959132951329,-6.113596148836045,-5.163403282900206,-4.595923537419289,-4.283184668385641,-3.2165893613589485,-2.934559247933392,-2.3249708076517113,-2.3981093806006,-2.2115333149058376,-2.8390769466582886,-3.1244634681731815,-4.122986496110973,-4.041868890354069,-2.700432199267283,-3.249302866501095,-3.398450707441002,-3.8221595601240432,-4.796660007256762,-3.9863547752740183,-4.481241560465797,-4.40688590985974,-4.207995936446629,-3.6809930677561944,-4.753111772873042,-4.9851543892692485,-5.0053725616708205,-5.167585984577141,-6.201216227360625,-8.745509605105909,-8.250812156947513,-7.729045063458237,-8.798452303862662,-10.752390943212552,-11.984117069037794,-9.94708290914943,-9.37085682732436,-9.407767935649327,-10.109051355682094,-10.129379681322739,-7.631206414184657,-6.565282271745429,-6.235953221729781
-7.967030867449147,-7.259142900436033,-5.824151903596518,-5.31634388279951,-4.711776414252985,-4.039423558990653,-3.2007160767795355,-2.312451874777643,-2.265519882969482,-2.4609983159727964,-2.5860483590412047,-3.23960536063346,-3.3376737719759864,-3.2953966053889676,-3.153600258536229,-4.049589201149493,-4.756631600533093,-4.246238759930604,-5.996344189781877,-6.297790352736799,-5.848455308520242,-6.11339688657795,-5.1355304346412565,-4.987737914201543,-5.216075971335125,-5.7418203358299715,-5.971915407395527,-7.533788857859139,-9.676694395081336,-9.177314951112056,-8.917465544713185,-10.252259260110927,-11.932924413255128,-10.571832907892507,-8.42149843787992,-8.1039490117868,-8.710082299448462,-7.467380785636358,-5.775395235637594,-4.027371463579271,-3.642906989465639,-4.40264017348051,-4.740343441780068
-6.946403312482441,-5.647467918496114,-4.507497334083924,-4.276563152429288,-4.136733903305264,-3.7961075920432603,-3.249284012536456,-3.1605260748967074,-3.287761836837597,-3.377732335727312,-3.357815742443632,-3.2835402454532434,-3.765726175107806,-4.370125850143179,-4.711724928562863,-5.307799658763088,-6.279086543723529,-6.059215019120827,-5.243117805381719,-5.003871806308426,-4.287776687746884,-3.689684223618735,-3.8884616800595326,-4.863815872974454,-3.946910991245364,-4.372846438875217,-4.3685065246974535,-7.429627057833328,-9.2659924426487,-8.879599994780108,-8.518148361965192,-10.07709181354217,-9.959346931276567,-8.810144277068812,-9.295969988839834,-8.533473017438396,-7.6786617085582485,-7.471387517396768,-6.105763142326009,-5.151122938279154,-6.278765040306172,-5.810628919910242,-9.06271838634206
-5.623895194370851,-5.399839171876293,-4.7044322293670975,-3.1872852624055765,-2.5740037420325,-2.609609661868877,-2.456256190256689,-2.131246139187889,-1.8544134453190964,-1.085759739951787,-0.8395567156527954,-1.7174148466657042,-4.856836829193576,-3.6666943575005346,-4.102292361119742,-3.1756551412358984,-3.31037547985931,-3.283443226374622,-3.1044306090856306,-0.7801308869875648,-1.850524741092344,-2.117807790508634,-2.727611454341672,-1.5469845535055875,-2.3380247361118336,-5.225803739768967,-6.253517475179496,-7.796306626975954,-8.079374008747159,-7.658060363550088,-8.782646877481861,-7.907715914165346,-9.013191468260805,-9.024624692643684,-8.87856729260096,-8.56618769247665,-7.5010486342151745,-7.8035854333642405,-8.26349530418371,-8.44355681890933,-8.386825222438578,-7.688123992875521,-6.721652871305247
-4.88510956293809,-5.363620141359716,-4.626729152077489,-3.7852385349889635,-2.7774620522894735,-2.1115359258757147,-1.0412239925797862,-1.0898701840669676,-0.5641606145410016,-0.6479972913836956,-1.851752871723241,-2.0789809536082715,-0.32200894350625675,-1.8411170557703318,-2.3538739998849403,-2.22539058844406,-2.103500748783221,-2.3474559088842804,-1.659659181916369,-1.7660556220181844,-0.4566243167813654,-1.2064378238682252,-4.143635875455516,-5.466012555648391,-6.333670666433238,-5.946980967097058,-6.390757639890507,-6.551537519414825,-4.076622723014935,-4.762308982387321,-5.665994294736936,-6.907787438624917,-5.809888540422904,-6.788085536490454,-6.703080067743707,-6.095240160246712,-6.610463958943088,-5.22408896249201,-6.932301172265053,-8.995985459233557,-8.157719638606741,-7.328687423978509,-7.294976634713173
-5.790012867422762,-5.631495464218955,-4.991685399926197,-3.907574440967859,-3.0361020712970084,-2.011481749430603,-2.2075245392675744,-1.4691092139580757,-1.311072618186928,-1.9222069266546056,-1.8036164937985801,-1.9115314763152615,-1.7171053156063152,-2.8636430799799655,-2.7864890691024233,-3.362269084100009,-1.7261874159980461,-2.02009280516563,-2.2753941647777425,-0.6434639666537085,-0.5045962668979947,-4.5332932872302845,-5.76164039401268,-6.174542460247989,-6.201322589830976,-5.866664643627129,-6.334710071234039,-5.201326513690449,-5.630094061959609,-6.129634135187104,-6.606665805297067,-5.413721385809636,-7.493170768553327,-6.557745312969153,-6.524033716792144,-5.184183845557529,-4.081369696759622,-6.79785101681156,-6.207832878366409,-6.135278337600029,-6.18590302911425,-6.195532963609103,-4.42340433321777
-5.359734814903782,-5.673043525779239,-4.967840592382389,-4.377070353683903,-3.7648644626176093,-3.637792345322076,-3.550869575634648,-3.15486503083315,-2.386902222466749,-1.2022852418324228,-1.7391908267178429,-2.49208736416379,-2.728602628305459,-2.280703200928329,-2.400962680523925,-3.492974435767695,-1.2780855399283937,-0.52775564258114,-0.30009923867032834,-2.8275493291486495,-5.55528801576666,-6.022775353301778,-7.7328974279510385,-6.799100357905852,-6.4194274485307385,-5.464416085282481,-6.044425238488417,-5.2455871200429645,-5.721119571836119,-6.9445881973546015,-5.438607347515575,-5.914883586918334,-5.8866365088225665,-4.711505516100082,-4.14544009135014,-3.2491122526860168,-2.7911906746078192,-5.904594792905568,-6.405323132767449,-6.087304988055096,-7.227962289961975,-4.932812705343275,-4.070570162759901
-5.891597976201126,-6.064539091113581,-5.053644495042066,-5.2533492672089785,-4.0415294915343845,-4.789944434705579,-4.137608050298633,-3.576910927958194,-2.819187329237512,-3.6865883637342036,-2.456998058994168,-1.657694495418885,-1.5986012957674323,-1.9343773334455774,-1.1374003116056524,-0.11491386935692832,1.5373569724763778,-2.806016353185351,-4.585259673558623,-8.041286599623541,-6.31321970122017,-5.558893536248761,-4.074212423940574,-3.673825475828044,-3.8701722730530683,-3.4868756238763985,-4.019493254315834,-4.126843736263907,-3.8657493232493123,-3.6187902612375273,-5.613892549646795,-5.892181277692377,-4.840772859380057,-5.525935340774433,-4.789519893480803,-5.399581795996511,-6.204203196777539,-7.804851475471532,-7.12863051814926,-7.126924169923562,-6.2268298557421495,-5.549407499439027,-5.476961785660609
-3.8981864759462344,-5.269327731859093,-5.968815176818159,-5.427482160251874,-5.544478377724112,-5.868329733106349,-5.167390761822315,-4.24366020081497,-3.641993487240729,-3.1757986872195496,-2.308114668274863,-1.070696776916263,0.14529084735467776,0.45320355120152167,-0.08809951094188086,-2.5961697218585824,-1.3738453807914293,-3.1901854788354287,-5.590984744298979,-6.122163866920018,-3.7078221677746575,-2.533007115509236,-1.285751634716945,-2.7668272083664363,-2.958147583906147,-2.563143317591226,-2.952467732478167,-3.100363810115182,-0.6565633307775992,-2.0672961082660555,-2.966570643627912,-2.705412986641565,-2.462389487700303,-2.3559888324349347,-3.4643179311432784,-5.51121368671955,-6.44699772365728,-6.527857103157177,-6.449868930107426,-5.582506871391492,-5.002739245826209,-4.856284324536729,-4.6885100744872235
-6.799860461883308,-6.142873386807924,-5.652593950540157,-4.7201310313167975,-6.55742982692787,-6.044045302895704,-5.658608758917383,-4.534237291890407,-3.2973339227388037,-2.2290164561948433,-2.498312687209025,-1.7578758768338214,-0.8499280438789265,-1.4334830808574908,-3.0613895596015563,-3.7780528120416372,-2.5436442481353776,-2.9899599707368534,-4.059653439410447,-3.638565959498232,-1.2065089529137658,-1.4463805487913253,-2.450672449580939,-3.1536445455331634,-2.2091876987168817,-4.265775285610622,-3.3676485562824325,1.1485188015786894,-4.118862780509155,-3.0737636534847934,-6.896520169249309,-8.139082324169049,-6.786362271513676,-7.2843609534263924,-7.262498523182475,-7.0791117247547115,-6.119346616181111,-5.273978627373712,-4.5876056849680245,-4.991499345779366,-4.701854517818931,-4.333480891510928,-3.4324502967468136
-4.393267741570277,-4.765019432070406,-4.5856293466999025,-6.573192228064485,-6.975404314184494,-6.918807488116666,-5.983289960921654,-5.120847064576457,-4.375052461997504,-3.334674279528962,-2.1272688064643033,-1.8487403352121574,-0.9623189168497327,0.27186700950661136,-0.35193167903235245,0.2048119668577918,-1.3108379752953567,-1.439294359774971,-2.5409516936405345,-0.9353928709481715,-4.811677275804517,-4.372817984757481,-6.0665272868517714,-6.628999746692892,-5.107450842104163,-6.97926843613831,-5.975665727579114,-7.128287487739041,-8.255537063680292,-8.171704331071187,-7.127311060544683,-6.67255224940085,-7.65318085173264,-7.058281961390563,-6.864266846266734,-5.758126979484002,-4.172174422975724,-3.762253267622087,-3.274675686492035,-2.8720116228565646,-3.427351828726228,-2.66501799854841,-1.906022648802315
-4.82484466703487,-5.861623906372338,-6.933676262689848,-6.26160188928878,-5.901255752120888,-5.499823988934957,-5.50134668230497,-5.197344255305248,-4.311704798298186,-3.316976511540846,-2.465369812451776,-1.9067739864647342,-1.0523072897307608,0.13011829857837415,1.5051056360445545,-0.40638992887047826,-2.026116851460993,-3.126887347695377,-3.660173332737464,-3.614717283195823,-1.9822050086164167,-5.67783185572336,-5.96071985421557,-4.894522328791581,-6.036751574913897,-7.581062840922536,-7.217166039745016,-6.924116558882388,-6.876309762598586,-6.403040591468959,-6.3508992474550645,-5.751784068369405,-5.445898448339208,-4.756292215152604,-2.689254999579444,-2.383154856471114,-4.190167312229587,-3.746099813472891,-1.6687553884262452,-1.8931136531710264,-2.208194808158376,-1.7148278187522272,-0.4366896022840783
-7.424238701038954,-7.483319221729936,-6.821796979799561,-6.166257741407518,-4.158705698431048,-3.9412339088770736,-3.8147194891701934,-3.6323967451364836,-5.5384765489198555,-3.3687873554408774,-4.749638813457129,-3.315693498757959,-0.7457642331582558,0.08871289699355588,2.789136075839067,1.0891341438650892,-1.747534958304049,-3.6055224294172192,-2.427992244774247,-2.145295981667193,-6.254888909131567,-7.163617336241985,-5.097839405937661,-6.088791037544636,-8.049114253979544,-7.754552640684561,-7.388010003270566,-6.961962018865748,-6.229331743547268,-5.924172685374826,-5.643116695383744,-4.780835697311336,-4.0081974030100875,-2.756643960569347,-3.035964198070278,-3.2603538102554417,-2.293520254493639,-1.7260646000782978,-2.6443111913949595,-2.57887790691144,-1.3612863607873806,-0.7409705927484642,-1.0329877561151073
-5.778872486634611,-5.075827240084979,-4.585595156577335,-5.092677357072669,-5.806242686503725,-5.409332283962765,-5.964783680769612,-6.714384415971414,-6.847150285189809,-6.454429832670836,-6.074060844595206,-3.561099447947954,-4.615965446732159,-4.0560971673457225,-3.483851225482397,-2.6802582283623515,-4.12654614303476,-4.551048628412388,-3.193132052253333,-7.291614425386425,-7.072498035689112,-8.082457703058818,-8.0848841416897,-7.290211717509622,-7.819767231748991,-6.923319926431854,-5.813111498945966,-4.991484018950281,-4.98126288983026,-5.078896763466199,-3.6642065698378024,-3.8875044582110228,-3.521091642286883,-5.326593907830352,-4.873604915633137,-4.7592902627602225,-4.238270367741206,-4.158246926726489,-4.072429138255358,-3.99137910527787,-2.746208890745109,-1.8042349819386285,-1.5851513501205168
-6.0794965031740915,-6.536022625370709,-7.6107849229663955,-7.065167463966198,-6.688672191207953,-6.363331195873718,-6.153965538144024,-6.2535509708904415,-5.045035487669145,-4.933271730347616,-5.821999394494397,-5.362805395623556,-5.420940610958839,-4.829871014220988,-3.1185571161600354,-3.680403416905626,-3.9299260168663883,-6.565396553054217,-7.292652835095831,-7.492271260336852,-5.728143672488336,-6.308608375390902,-6.208217923869691,-2.8979555911510646,-3.2720054887650463,-2.290188780249246,-3.8481825171387936,-5.312672771994344,-5.433169409719948,-5.790823830606348,-5.1139219043539565,-4.800440308389754,-5.183594403552986,-5.386307276306435,-5.403270061702794,-5.112809753059277,-4.919409810371111,-4.382105242508126,-3.7988008995146627,-3.7301772002119873,-3.7868127855206932,-3.499390202908561,-3.5670239953782197
