public/json/wind_2018-09-1518_850.json
{"header": { "discipline": 10, "disciplineName": "Oceanographic_products", "center": 0, "centerName": "Ocean Modeling and Observation Laboratory", "refTime": "2018-09-15T18:00:00.000Z", "significanceOfRT": 0, "significanceOfRTName": "Analysis", "parameterCategory": 0, "parameterCategoryName": "Currents", "parameterNumber": 2, "parameterNumberName": "U-component_of_wind", "parameterUnit": "m.s-1", "forecastTime": 0, "surface1Type": 160, "surface1TypeName": "Depth below sea level", "surface1Value": 15, "numberPoints": 4800, "shape": 0, "shapeName": "Earth spherical with radius = 6,367,470 m", "scanMode": 0, "nx": 80, "ny": 60, "lo1": 109.0, "la1": 20.0, "lo2": 116.89999999999955, "la2": 14.520000000000117, "dx": 0.09999999999999432, "dy": -0.10000000000000142 }, "data":
[rows 0 to 18 of 60, columns 0 to 41 of 80]
null,null,null,null,null,null,null,null,null,null,null,null,null,null,null,null,null,null,null,null,null,null,null,null,null,null,null,null,null,null,null,null,null,null,null,null,null,null,null,null,null,null
null,null,null,null,null,null,null,null,null,null,null,null,null,null,null,null,null,null,null,null,null,null,null,null,null,null,null,null,null,null,null,null,null,null,null,null,null,null,null,null,null,null
-4.983620461694248,-5.009070122898179,-5.312845193070296,-5.223826858373237,-5.425511905330216,-5.754367842700177,-5.852115877345559,-5.356332994804029,-4.804077239341993,-3.5006775825983123,-3.1890451988073507,-2.638802356072092,-3.1070662778283165,-3.3018976775677946,-3.826611903784729,-4.030483430968701,-4.193060643854739,-4.285608512670634,-4.640268464832845,-5.6141454659840875,-6.435972310231867,-6.093181148162724,-6.225919045540326,-6.0511116062859145,-5.4029789489480615,-5.1409530472262706,-4.989958705664679,-4.537483692752396,-3.573434772245302,-2.3906852695490626,-2.8306317213380354,-4.227709539368074,-5.230950984595224,-5.832791748689968,-6.223402104002855,-6.0852907341786056,-6.12907833959355,-6.586465489953926,-7.088071220304569,-6.9892565698764475,-6.461968544134514,-5.994072244446289
-5.260683663393859,-4.870972550377731,-4.706586540788841,-4.7100065596294645,-5.307883808034913,-5.4348376426437515,-5.491074285102122,-5.4643320081141615,-4.399580410944917,-3.4870318529695217,-2.9820231663209347,-3.7826956692945974,-4.653912611957287,-5.605086777904027,-6.050430056234364,-5.176959653502685,-5.202566572246015,-6.455478099404822,-7.334231793865044,-8.729110402942315,-8.300978243198587,-6.220466706514331,-4.369150783796382,-2.866789836950583,-5.454150451722755,-6.64260868025914,-6.476535164910514,-5.003863136809581,-5.405081686212934,-5.8937892012679125,-8.224456924876442,-8.760840621356301,-8.806167959809134,-8.377917768994092,-8.777329241961485,-8.369112184601521,-8.234713253048104,-7.851305830168565,-7.705248183827491,-8.04225692685077,-7.848617993291343,-9.295706034801377
-5.025248766590035,-4.065455047684087,-3.8810294784514476,-4.188799641169471,-4.679052477333149,-5.60374677138247,-5.646768055763583,-5.44748007724883,-4.211079199471749,-3.3429834199816773,-3.8333402299422756,-5.172235805855049,-6.0734029732146215,-6.577745170562755,-5.526006033775571,-5.285774271848338,-5.181598815504077,-7.269506947286734,-8.286260427362402,-7.6946112188634235,-7.494290936472966,-7.645001703008686,-6.9124262671850865,-6.114181357413765,-4.673808903744691,-2.8961570477310765,-3.483199340746669,-4.098811560937856,-6.344377266379932,-7.7140317200643524,-9.004051750750381,-8.837888722493604,-9.02420615106619,-8.747182148663313,-8.436443066940253,-7.892348742960204,-7.735042183758219,-7.727582104064801,-8.209232006402335,-8.18104034697018,-8.859970467498464,-9.431721027010681
-5.404163617488828,-4.93490889698797,-5.074582236290221,-5.399637466446802,-5.728490517343306,-6.330337154765069,-6.0759863439508806,-5.804699456123536,-4.532264583308862,-4.541102893649218,-5.277559330593371,-5.8775644175036845,-5.996166894844631,-5.992480326487601,-5.560417054814136,-5.475782200187665,-6.767233538559533,-7.738683276802987,-7.604370610167781,-8.847456325463074,-9.85543382022799,-10.868183686550228,-10.624220315946548,-9.552484075188218,-8.133479838493392,-7.3222322182588275,-6.777014567502558,-6.510151808659277,-7.091607433783924,-9.846239546999795,-9.39954316519253,-8.985142175832028,-9.481094265173185,-8.93906383879283,-8.679042819399426,-8.194132376389305,-8.128077903626801,-8.260698193964352,-8.34332355043796,-8.870482146446005,-9.899303464140548,-10.269825116558957
-5.931427492547316,-5.547216940782242,-5.830713401675236,-6.10287116625817,-6.572301275889105,-6.71166222303269,-6.504134282116563,-6.540213380525325,-5.754603122017211,-6.002743466031018,-6.2686562876767695,-5.721633363761112,-5.083172289162672,-4.992423055713686,-5.221838596634461,-5.917643199288867,-7.724357680366465,-8.129784837925914,-8.93588747404618,-10.699184508267125,-10.5314123722729,-10.009676000010138,-10.210386803086331,-10.038811382716318,-9.198771790165013,-10.14886060480038,-10.328380634978213,-10.312699419830587,-10.147596983091221,-9.5599991010637,-9.692933264186308,-9.662779464721304,-10.012827066868457,-9.922281657416901,-9.658583329039011,-9.730585817342995,-9.920647936919469,-9.326191279970752,-8.608295419724955,-9.230691219917002,-10.156298080437768,-10.871892042271682
-6.043885403863529,-6.241373482661251,-6.344898722265874,-6.665104530587377,-7.074404138071428,-7.3606575938435235,-7.2774349535496246,-7.1639909459552165,-6.22906360864814,-5.793141953291726,-5.348248686724975,-5.345925112503577,-4.732845173844225,-5.020078411323387,-6.474695072863488,-7.866650399923675,-8.501270456143272,-9.355617606401788,-9.215285888929424,-9.736217522454185,-10.98475720094033,-10.730067273890372,-9.753838075043106,-9.890596091620221,-11.238428887941302,-11.32002559391263,-11.147962300949473,-10.965871085022865,-10.457285637245262,-9.594273106026707,-9.011344898441779,-9.607649665200858,-10.505595343977483,-10.40800547522695,-10.237696117057942,-9.73430863913654,-9.33602501794477,-8.829345632663518,-8.571510979790931,-8.870097061563872,-9.778406642372774,-11.069631593714588
-6.42390769354342,-6.517890173977572,-6.73995491867538,-6.6902271109388645,-7.409329937931568,-7.618557007009526,-7.601316618558572,-7.386915904960085,-6.808754297061716,-6.394628855824136,-6.2906080430315265,-5.939092819253646,-6.070359609193248,-6.066712841085382,-7.493901879297532,-8.766809807291132,-9.76179345115255,-9.593340271301944,-10.280199012260129,-11.691808440778692,-12.03482249603221,-12.07433626374145,-11.186004172288097,-10.12012266583126,-10.775946819222138,-10.987045195776666,-10.840458046480471,-10.841362015768757,-10.4015132520086,-10.049273067384606,-9.58519835937266,-9.433371674648031,-9.724592161997254,-9.854819303276026,-9.891635953564885,-9.710780415438698,-9.751072106093542,-9.18096405559422,-8.526368123766352,-9.151216018445176,-10.246597345964584,-11.15986880794651
-6.597581871255118,-6.50544056217428,-7.084556313216455,-7.059471898021017,-7.599718541927388,-8.002670936418422,-8.130228740243062,-7.663197585273738,-7.111099554915115,-6.5471762514467775,-5.975415438185235,-6.823268216013226,-7.92208545930422,-7.843441228311969,-8.286225219909666,-9.327712893880797,-10.02091307762965,-10.701137270996865,-10.755901253349904,-9.458907931776526,-8.430992582183903,-8.967598719876557,-9.366322894860513,-9.970292863839619,-10.374456862946968,-10.538722173643896,-9.90045752007169,-9.361464507819921,-9.630428412875679,-10.084330432626999,-10.562566497980432,-10.579116650313344,-10.1945186941752,-10.015701500990529,-10.315790429082929,-10.835684240113851,-11.19663562519469,-10.502174275249759,-9.959434269040932,-10.914152542691397,-11.608504864607195,-11.817525953647806
-6.745454418091389,-7.132793748087611,-7.434938814752982,-7.7197841698631064,-8.134470326518217,-8.672911634378954,-8.43182538570591,-7.284376045337446,-6.558954026141802,-6.194450298856644,-6.356327977254635,-7.384029266124998,-8.101822343077805,-8.802161369824715,-9.277992452012905,-9.472181820144746,-9.978531102059032,-9.408884151000208,-9.144606032314943,-9.023360887131602,-8.18249932517601,-7.10812358191753,-8.510820944962854,-9.661989117417857,-10.153251579246,-10.7525534388356,-10.480199020092385,-9.882459358438425,-9.102350817089967,-9.114752993485693,-9.757659926005964,-9.966248179567117,-10.023978552999179,-10.222220434969582,-11.010615362374477,-11.974546965570237,-12.281344949772546,-11.486458730170796,-11.17615231431374,-12.29670344751001,-12.235855925959864,-12.569708372747444
-7.0822022909884215,-7.72759135966349,-7.992780862741076,-8.470935346686328,-8.657822653860238,-8.758694544819301,-8.363670754887288,-7.360040679142265,-6.535385890715958,-6.355695840678166,-6.166581359890365,-7.145055630962459,-8.600107162204626,-8.916909968852543,-9.232704632182692,-9.129245308431704,-8.575780025248601,-8.537670150523404,-8.865417088248261,-8.40889704646906,-8.679612227831926,-10.406541411077836,-10.498324496887133,-9.750388015479441,-10.355719110290796,-10.800327091644249,-11.510466669174088,-10.943016210453848,-10.241416129710732,-10.145857281463964,-10.416920244558032,-9.963894532434507,-9.91745441663088,-9.590194583657402,-10.952281872471296,-12.751179731187882,-13.559418143173628,-12.982915503842984,-12.401451649445228,-12.868884104178665,-13.235067649381604,-13.472817099005946
-7.657060681541055,-8.2509056634253,-8.443645774803317,-8.522520163170395,-8.43279769598498,-8.51462778914573,-8.073094996100199,-7.402471974941339,-7.249005885665021,-6.74281788382412,-6.905435003794956,-7.364278794266392,-7.590497586900484,-7.969376321428678,-7.854101616968103,-7.669026686527673,-7.104925970487736,-8.051518706118575,-8.840324126990453,-9.746529814276341,-9.43010591217236,-9.573111740450953,-9.95920074848863,-10.328099660637264,-11.483980867374527,-11.66877684570668,-12.032005974651057,-11.64757762097363,-10.818804615251567,-10.628488712726952,-10.628107623359766,-10.421236967167907,-10.77346713352863,-11.486565404097092,-12.706165530695753,-14.158313588121366,-15.028659670656417,-14.08111160898369,-13.034612108686433,-13.170929698275561,-13.27004693208008,-14.48495632437987
-8.065627828461988,-8.697576506959942,-8.501064273844019,-8.508275495819381,-8.515923300314,-8.539872885548268,-8.41523935006894,-8.174150352790017,-8.181739340943112,-8.170993501243315,-8.078707555027883,-8.107060113714493,-8.091464479342275,-8.004405546708794,-8.171552290098456,-8.254681732011875,-8.39834389850363,-9.390440212585789,-10.560381161357725,-11.316055393591657,-11.625282001966983,-12.008589166831449,-11.806678875096967,-13.29150909680747,-12.807963754487947,-13.022121921906187,-13.052082397883757,-12.480661151514978,-11.73014168432484,-11.552956888484163,-11.84189152222505,-12.046345071631558,-11.698786515351404,-13.529650789689804,-14.4057465878933,-15.537849818051477,-16.097179773064912,-15.114226799716693,-12.983282014533795,-12.88871079213082,-13.37576608224152,-13.9989516814588
-8.984383933122427,-9.052939785386478,-8.881412466086989,-8.796459608826423,-9.129093698702215,-9.160043784035292,-9.037772512911234,-9.516771464656772,-9.602126874418694,-9.612942280015432,-9.494795061699731,-9.592974025914483,-9.448927513814603,-9.543992943713242,-9.790585271041778,-10.158081062583587,-10.935146225368065,-11.33429588642457,-12.09197272719664,-12.367109858206865,-12.48971362054828,-13.49131687889053,-14.103297119412375,-14.651112107905853,-14.443190670993797,-13.750964502960509,-14.258898844640836,-13.685419160576345,-13.306843021094398,-13.002978442074845,-12.790928633438925,-12.495143129950296,-13.109022060358626,-14.277933964900352,-15.45501977634094,-16.08214483831219,-16.362120891508685,-15.623274373107368,-13.777053105892431,-12.829665959826748,-12.918364679524606,-13.615807169465208
-9.759467673810803,-9.414378255323776,-9.035691077451338,-9.408912573764997,-9.297367132815978,-10.036616892586748,-10.015537081485263,-10.283011193101832,-10.791885158138829,-11.199767527240201,-11.397815177965036,-11.005810139686,-10.354285218446188,-10.29211736203385,-10.652688001335559,-11.241237468254502,-11.67945636772956,-11.344545227661959,-12.749232652762668,-13.759345730739676,-13.634584750305784,-13.824451488732329,-15.519469313801249,-15.248199697527847,-15.31081230973639,-15.282529270641472,-14.322149525120885,-14.966700817031018,-14.191560810108065,-13.694480444739643,-13.346233576149315,-12.92713582138545,-12.674197393321078,-13.666259043814591,-15.196628420670923,-16.018707540377957,-16.663701751172034,-15.938242954820982,-14.52176132979843,-13.323821213810994,-13.488634202233525,-14.024455603686407
-10.356381585983872,-10.308965002316526,-9.69832890826718,-9.156174490484698,-9.56600869148357,-10.202705481926097,-10.467439526290805,-10.288405583366627,-10.919800156256597,-11.476014578870142,-10.800446536964962,-10.27013291543587,-9.463607531813668,-10.109260005243554,-10.447056925821549,-11.274673123869794,-11.432843745942163,-11.447553764438432,-12.371496510806153,-14.706765488027148,-14.780735774380254,-14.383733894561999,-13.559213903424645,-15.028522242344753,-15.687899298373171,-15.367813371504043,-15.764883303230377,-15.260941396455982,-14.639742162056326,-14.20704660200164,-14.076806284919677,-13.656595723583427,-12.940549925300278,-13.824193521854657,-15.260675030649253,-15.958953566736039,-17.245578020405304,-15.902404070165247,-15.48503091238127,-13.532625344727526,-14.403700856606218,-15.04042269898526
-10.699781245774464,-10.230771894269997,-10.090604385059692,-9.856549079017382,-9.375322109882694,-9.519570173949596,-10.093184829389228,-9.947366889660646,-9.934019086540246,-10.689389350334732,-10.415039304795233,-10.45617382872328,-10.59719237456727,-11.00286195381435,-11.191356058292577,-11.888323665498007,-12.345451329036278,-12.677766431416545,-13.22599360923951,-13.558201069288831,-14.62916142216752,-15.261682087392856,-14.859154370220342,-14.296261873001644,-17.06620733372825,-15.84333357092751,-15.947344996146583,-15.973483511762417,-15.694613247626883,-14.933694818426666,-14.270889593935598,-14.301728021096878,-14.135323227865948,-13.637390367898032,-15.014558470747335,-15.785405608787688,-16.736692964994607,-16.999765515355687,-15.710839269202802,-15.217795606452603,-15.293949297283213,-16.39942985980384
-10.728320301093277,-10.2456605823024,-10.137799940653721,-10.163742164015494,-10.318242095234082,-10.37988958717662,-10.344044717662047,-10.534223079318984,-11.162373994871535,-11.89303281235246,-12.674212148288895,-12.442005467728968,-13.510554657848406,-13.523232724026151,-13.579390396211295,-13.691136966496096,-14.20165748581949,-13.954988024725328,-13.110945814323479,-12.06445869273757,-13.167195684296452,-14.172796704317552,-17.144972225851806,-17.63694479178283,-14.238579128509357,-14.663754346813988,-15.37312052799355,-16.176614120430138,-16.19606967313305,-15.743350824952593,-14.971142306585344,-14.81128283877394,-14.567613703128185,-14.378916108868081,-14.43719782705134,-14.275455476228622,-15.477934669783158,-17.271312698706048,-16.897625263680652,-16.96326312076628,-17.09039538141034,-17.108316816714346
