public/json/wind_2018-09-1514_850.json
{"header": { "discipline": 10, "disciplineName": "Oceanographic_products", "center": 0, "centerName": "Ocean Modeling and Observation Laboratory", "refTime": "2018-09-15T14:00:00.000Z", "significanceOfRT": 0, "significanceOfRTName": "Analysis", "parameterCategory": 0, "parameterCategoryName": "Currents", "parameterNumber": 3, "parameterNumberName": "V-component_of_wind", "parameterUnit": "m.s-1", "forecastTime": 0, "surface1Type": 160, "surface1TypeName": "Depth below sea level", "surface1Value": 15, "numberPoints": 4800, "shape": 0, "shapeName": "Earth spherical with radius = 6,367,470 m", "scanMode": 0, "nx": 80, "ny": 60, "lo1": 109.0, "la1": 20.0, "lo2": 116.89999999999955, "la2": 14.520000000000117, "dx": 0.09999999999999432, "dy": -0.10000000000000142 }, "data":
[rows 0 to 18 of 60, columns 0 to 41 of 80]
null,null,null,null,null,null,null,null,null,null,null,null,null,null,null,null,null,null,null,null,null,null,null,null,null,null,null,null,null,null,null,null,null,null,null,null,null,null,null,null,null,null
null,null,null,null,null,null,null,null,null,null,null,null,null,null,null,null,null,null,null,null,null,null,null,null,null,null,null,null,null,null,null,null,null,null,null,null,null,null,null,null,null,null
-10.420368098665419,-10.774291520785074,-10.851198586638539,-10.835598825324222,-10.589374474435404,-10.793889761371467,-10.749502709028862,-11.531742869299764,-12.172353013930413,-12.517309676194312,-12.7039376892798,-12.614063534339419,-12.025377152675947,-11.895464374845734,-11.970405866288687,-11.789755415431646,-11.79835353563869,-11.621421666353974,-11.19699875122567,-10.816323921366859,-10.62764957440736,-11.411749614700419,-11.674938268643633,-12.543172446214873,-12.973017735344623,-13.801155031778944,-14.33836954373466,-13.973623597229157,-14.204628985602628,-14.827264132910187,-14.91576302842798,-14.364161136316646,-14.23855246241588,-14.542759722236296,-14.473005953065202,-14.089623777127331,-14.019440501441267,-13.705515935247153,-13.76600672707122,-14.202434693852162,-14.666572078203629,-15.011068307732149
-9.896277548539974,-10.548458438986685,-10.63227905970211,-10.687760529884047,-10.866493836296309,-11.033768696902474,-11.561969823887598,-12.045338420407106,-12.208475505810243,-12.236031212080112,-12.237493817006433,-12.482221442073518,-12.247398173314968,-12.208905033560015,-12.666692759609646,-12.117431211362469,-12.183328358756462,-12.231305790880338,-11.705119619247341,-11.277944863404146,-10.83926391161461,-11.40547201280864,-11.732415820087242,-11.883584927752171,-10.90986698594354,-13.234669987648,-15.071655826522967,-15.283527274325223,-14.722713433892139,-15.113281837386516,-15.394812819924908,-14.367773668489901,-14.237647977413346,-14.551842790449289,-14.928586249121249,-13.904333302557445,-13.395676566834194,-13.667239180932082,-14.33703626155102,-12.578759637548245,-15.326434534556473,-16.010393202381096
-9.988409352061831,-10.68906917339564,-11.089462878224365,-11.128455542589275,-11.231388286190468,-11.165231294266007,-11.395912935816137,-12.255843000953542,-12.569935461486073,-12.630377383516368,-12.37804883001513,-12.17651521356271,-12.61541595149579,-12.477269941972697,-12.319029557949701,-12.268246395154245,-11.983273741533978,-11.856152676445806,-11.388988524239736,-11.12401619972967,-10.960505089842625,-11.841078775981853,-12.252343839919863,-11.079546686985134,-12.815775964451705,-10.821092900636502,-13.227526957486223,-15.753450263598564,-15.47072850281225,-15.39111657411008,-15.163503703373562,-15.11464711992038,-15.051038832202321,-14.77349009976168,-15.390198222764193,-16.06170096568034,-15.570133148684848,-12.071038576544307,-11.015705330810203,-13.58723599007137,-15.947453308905933,-16.646644216127257
-10.093220916679543,-10.702736674136306,-10.887740765884706,-11.280675004101731,-11.622158877929905,-11.771066351271351,-11.742304563233766,-12.017850664711268,-12.751767196937138,-13.227110815364346,-12.889977741562213,-12.413227498228418,-12.414870904790373,-12.752324244297558,-12.354583670717723,-11.777641071364167,-11.561935993084717,-11.800748201514008,-11.514361855672893,-10.921772731324227,-11.076234297754466,-11.86092125434537,-11.990876251455742,-12.782693636866508,-13.343085397596088,-13.315537328820556,-13.477181349715497,-13.905691530318636,-16.199106334673388,-16.271472443050644,-15.724614658104926,-14.831304308832268,-14.896450431300877,-15.782363301348616,-16.89556397209797,-16.358518792576614,-17.360623399120875,-16.699427259691408,-14.502495712286478,-15.091781039835531,-15.622400958816202,-17.59759728176708
-10.333808081998964,-10.800494978262243,-10.861087995014927,-11.09704023688182,-11.489381605607935,-11.66772844030549,-11.9806170560483,-12.322939150258257,-12.750799416229988,-12.893441115008795,-12.836214516881913,-12.336638755192364,-11.543968949063297,-11.785520382459065,-11.713590919494816,-11.614030039045135,-11.470635160125417,-11.977787286433776,-11.480366134029477,-11.367858231368212,-10.28372796114783,-11.195871454175446,-11.791229324792553,-11.895251605372813,-12.263009552305741,-13.32345996770168,-13.79756198747611,-13.380673424120982,-14.971096805070609,-16.385753884062662,-16.007133726957235,-15.437223995445777,-14.994824072349953,-15.870084133731034,-16.354249505584143,-17.294635425163722,-19.14147186723501,-20.687210995548142,-17.793505654545303,-16.336088118760667,-13.68896985041107,-16.16589127035528
-10.276201733746408,-10.6785869759191,-10.932786864401555,-11.1395543650298,-11.312561932624579,-11.548130287410881,-11.840362937297407,-11.917413893338908,-12.497204440525316,-12.648072767531792,-12.5774553476454,-11.7900187324022,-11.347798395283935,-11.576910728799177,-11.349005249032434,-11.199154283208072,-11.111402567158262,-11.646307200750611,-11.574215396519513,-11.5183486074646,-10.8830039631883,-10.604518218349186,-11.491945720693188,-11.482815316802604,-11.724597167097963,-13.089234827876219,-13.497924142299293,-13.831970557336916,-14.128087567165792,-15.634675551707463,-15.837320567935404,-15.841243498386675,-16.042445656531342,-16.363854279813577,-18.658560709482995,-18.020284891557885,-19.56425864941707,-18.047855062879112,-19.131105327170204,-19.127657588946484,-16.8882807302727,-15.828894065780302
-10.053784578382775,-10.89020530155686,-11.077805585310134,-11.117022983517943,-11.321228838116559,-11.530332932526463,-11.89388362236632,-12.234003470699784,-12.340739414015452,-12.290964322016762,-12.182339999525201,-11.814510986994875,-11.554484610206446,-11.31260462605954,-10.611075019921596,-10.556167549222963,-10.72150313895822,-10.909668944707171,-10.623710076982892,-11.199335139478533,-11.08211533246972,-10.859288392031266,-11.906095440953974,-12.024684081059526,-11.958122286857861,-12.654977148985184,-13.430937857609951,-14.304717933686675,-14.855764827876715,-15.09844004747462,-15.202683564490957,-15.284947896605154,-15.919992753787962,-16.826776186836483,-17.361892573274584,-17.94016315249437,-19.020249090955193,-18.177709648731852,-16.397714502392333,-17.779634402652604,-16.869404809613567,-15.938638894981612
-10.066748180642339,-10.56242089639051,-11.067180095343215,-11.19912488738888,-11.354099578344162,-11.64505872044518,-12.012532286379273,-12.215754671999866,-12.22795231150173,-12.063198482365241,-12.13695002389578,-12.094346892948588,-12.211009565069643,-12.28749693958806,-11.525381469810378,-10.827057997736446,-10.753178905763967,-10.019630373931648,-9.774123969857694,-10.358853680165513,-10.538016053635024,-10.288011947004538,-11.564709187255687,-12.807026658268216,-13.20678919284382,-13.713143678232422,-13.763740626862539,-14.326003704229294,-15.187302019215672,-15.209552874532754,-15.849390640094523,-15.934039726179138,-15.780605422957752,-16.90332633612231,-17.326353981358338,-16.401594541619072,-16.69466087953404,-17.761109001651867,-17.636464127495543,-17.44712062086836,-16.586357885859435,-15.972771121921369
-10.058181074847344,-10.544396801524906,-11.199540505142053,-11.376880436767824,-11.435531590079455,-11.662938533556222,-11.7586564819768,-11.965503906616885,-12.011806324700807,-12.221955130126107,-12.503973107119586,-12.491355994236566,-13.018612084969416,-12.837205130780717,-12.443746612405835,-11.32369583420778,-10.922497603813346,-9.594839678700973,-9.62228029681176,-10.187395600888507,-10.371989695521753,-10.213937059184262,-11.122711066209138,-12.186478556300681,-12.417282948885655,-13.534719385342644,-14.171431975128503,-13.863010230460146,-14.837393989700546,-15.32082754559516,-15.416589681693058,-16.277749813761186,-16.7949383619782,-17.095189559914026,-16.90899823105824,-15.49083970620729,-15.189527616953747,-13.990067578223831,-14.838092953248303,-17.356172578763218,-16.724643165040504,-16.96667669942093
-9.990404301193749,-10.687264106033025,-11.213093005449691,-11.548920605995924,-11.492790595492757,-11.448919933593512,-11.692331215955438,-11.671523772712217,-11.982546089936369,-12.231744754590135,-12.779472863208367,-12.960749027122635,-13.382330436157087,-13.582529301677692,-12.951363893942295,-11.839583134865382,-10.670734564473452,-9.734507164303722,-9.60917772262759,-10.632022673154962,-10.712924176486831,-10.46908376770107,-10.468494178968223,-11.889927523647813,-12.261318467663326,-12.55774064265318,-13.389545435211657,-14.2211621957387,-14.777585163843415,-14.961197655289961,-15.805593008509161,-16.7162556601583,-15.986687323377797,-15.150283284597418,-15.872983052031397,-16.313039697096567,-18.296989902909942,-15.361978632983675,-15.19161111365474,-16.173711096191532,-16.416765672955474,-15.297841623502785
-9.808070859033766,-10.537093729836547,-11.002945353946675,-11.397542224494448,-11.597617761173325,-11.826404701460735,-11.886466577754621,-11.958617800089755,-12.198094895582255,-12.425187553220495,-12.729639357984334,-13.128738898886217,-13.677873538607056,-13.629840424344307,-13.355395483056949,-12.443106076249336,-10.816861728881854,-9.95298467515656,-9.890886234158103,-10.335822604208994,-10.868481657636892,-11.466105689107724,-11.91546556887119,-12.142572789592023,-12.2058204818023,-12.544232393628432,-13.39040166197511,-14.028092039674776,-14.899500620036505,-16.308709111141404,-15.60439502032302,-15.403917463764367,-15.936368098809961,-16.346791691588216,-16.66713086943369,-16.024613667836547,-16.155964298258272,-15.897946737460282,-17.413752642222384,-16.52479245607465,-16.113873210912494,-16.431089439363376
-9.767579135496737,-10.419044208063424,-10.697584631228796,-11.148744279100987,-11.42911694452451,-12.038479719955987,-12.364194415608491,-12.276752524741875,-12.309437122643486,-12.40107796117049,-12.6794017609094,-13.060370261341028,-13.237901591985331,-13.438849570214428,-13.218329025283118,-12.847148113569965,-10.924139999446224,-9.941730645419943,-10.085665101836456,-10.678582333209057,-11.085917843639251,-10.308810484491392,-11.200257024777958,-12.489569978042493,-12.375846386390215,-12.787332611727665,-13.554036987330113,-14.575608725266854,-15.615348134973747,-15.784182835187803,-17.442652783061636,-15.582649206689796,-14.954729066129579,-14.441614092341084,-14.83461870479904,-15.526241407105454,-16.703314000654817,-16.583876227733015,-16.636285581410867,-17.04465813971994,-16.194942985237997,-15.550211349764618
-9.508034160487153,-10.295815265279272,-10.746401578389591,-11.268999990717521,-11.771499609782307,-12.013297768135551,-12.550284452744783,-12.825444227950111,-12.893485575841199,-12.922329760979434,-12.740405829621931,-12.99870749526023,-13.030141663283828,-12.959711148539899,-13.023047769940026,-12.797095479478646,-12.10513777110311,-10.487600388164262,-10.025163609954795,-11.426706070777346,-11.79778464908626,-11.417127482716824,-10.140711827946268,-10.908749893033779,-11.93339657204763,-13.144819452521467,-13.63607765544665,-14.059953831174807,-15.414601047142472,-16.452209169943103,-16.58505932813894,-16.126587032915154,-15.951197226415339,-15.561336834879647,-16.14090020985186,-16.244018391130123,-14.79679455673174,-15.584317057759055,-16.708510589812636,-17.446369671621323,-16.963890813461326,-15.175161741846019
-9.105255672306185,-9.897866812873954,-10.707609992262404,-11.175745881295057,-11.410139916886678,-12.13548473859212,-12.330496168390399,-12.725216889549861,-12.824171599880192,-13.11869209223477,-13.443429694581528,-13.141875672188258,-12.98183559310269,-12.730139115350523,-12.765743534134618,-12.612271263231605,-12.174057224925289,-11.645049645275321,-10.998724792046428,-11.469985211808446,-12.623221122910527,-13.020850720451401,-12.27450640827427,-11.427149558114046,-11.316978183539822,-12.053102684025081,-13.987713718128159,-13.215170818428266,-14.619639415397028,-15.639470313815425,-16.756674532090656,-17.585584780510548,-16.762044188103644,-17.29538916209543,-17.012271491535603,-17.196059198047628,-14.094984377841621,-13.839712191113911,-16.782407565261074,-16.78540999815565,-17.89159814238031,-18.278709526886278
-9.435319504679182,-9.549017147067534,-10.225101832457394,-10.87909792616995,-11.7173163420559,-11.792409292037314,-12.529161290796932,-12.49962584384447,-12.964300023482583,-13.322346465872466,-13.273204965558131,-13.118386909969978,-13.164073231482165,-12.855145047704706,-12.78395720958487,-12.529698482921315,-12.177110717406247,-12.10887887134602,-12.021115728264453,-11.710220916540834,-12.58542000576039,-13.158228386682694,-13.885162840054086,-13.180563624486782,-11.542998436177388,-12.335795317170973,-13.097655614035135,-13.657998101456522,-13.492386363292809,-15.47869836580649,-16.28286036387377,-17.136465603966403,-18.073581532951117,-17.107691621575647,-17.71325155780927,-17.078307338774074,-17.21904426815522,-14.317545195949064,-14.979191276114532,-17.03872709906006,-14.935719300662779,-17.66683299117745
-9.465009094157242,-10.038795534064425,-10.343584864913542,-10.648278702990634,-11.381403010148999,-12.591480576667355,-12.465628764404066,-13.39359538603396,-12.904485080113904,-13.325659896709308,-13.634854421437655,-13.6216923958893,-13.475864814225512,-13.043011611643946,-13.032836837277618,-12.776504042656747,-12.846949468387955,-12.772110394666335,-12.85923270754585,-13.03473918506472,-12.607886457791949,-13.713159849681894,-13.838152431224119,-15.034965055890142,-15.02862321309961,-13.422549723717708,-13.097663856401892,-13.982644560443713,-14.049870148506795,-13.169303500077314,-15.85898690702962,-17.175674060151223,-17.044484288530803,-17.9088122823216,-19.437147997191246,-18.210226142854957,-16.471966691442745,-16.246174872259882,-15.073900560034666,-16.593420598583897,-14.942748902046665,-16.46862725464961
-9.641228206088437,-9.927668157186295,-10.390380687707912,-10.929093961220975,-11.312307238754421,-11.650841608336412,-13.14053858778285,-14.08623503155517,-14.564135848085318,-14.267921691554704,-13.970962925360503,-13.857967361895302,-13.888379579909888,-13.548385386051201,-13.055570188001417,-13.647747739343663,-12.702280387108084,-13.003025717657069,-12.573741636130514,-12.767148286695486,-14.113901292634896,-13.522016847329652,-12.429219613846138,-13.946524152852906,-14.213591633663903,-15.041897596678862,-14.198602152061712,-13.703901529588357,-14.006909854035513,-14.065397398131594,-14.960405247579153,-15.383529937899521,-18.177045986473836,-18.798524753908147,-18.518010550203176,-17.783106333649986,-16.014213239732953,-14.195612608154562,-18.188967800397606,-16.785972634934588,-16.765473569219484,-13.890594361458081
