public/json/wind_2018-09-1602_700.json
{"header": { "discipline": 10, "disciplineName": "Oceanographic_products", "center": 0, "centerName": "Ocean Modeling and Observation Laboratory", "refTime": "2018-09-16T02:00:00.000Z", "significanceOfRT": 0, "significanceOfRTName": "Analysis", "parameterCategory": 0, "parameterCategoryName": "Currents", "parameterNumber": 3, "parameterNumberName": "V-component_of_wind", "parameterUnit": "m.s-1", "forecastTime": 0, "surface1Type": 160, "surface1TypeName": "Depth below sea level", "surface1Value": 15, "numberPoints": 4800, "shape": 0, "shapeName": "Earth spherical with radius = 6,367,470 m", "scanMode": 0, "nx": 80, "ny": 60, "lo1": 109.0, "la1": 20.0, "lo2": 116.89999999999955, "la2": 14.520000000000117, "dx": 0.09999999999999432, "dy": -0.10000000000000142 }, "data":
[rows 38 to 56 of 60, columns 0 to 42 of 80]
-4.277881029857435,-4.690548463489762,-4.225008166049408,-4.489750817220233,-4.8368880236658445,-5.385720240919914,-6.165430832569147,-6.608190172370349,-6.388940921377464,-6.826259485022881,-6.328751700238466,-7.593241527663248,-8.081206097935908,-7.501031025809909,-7.730670932881695,-9.784355538371642,-10.64258780379319,-10.196445937622414,-10.962803992480298,-10.096687228148943,-10.69664006997552,-12.477045291558742,-12.879124268528237,-11.528179581187409,-10.620389430858186,-9.739778882034903,-9.30964787863068,-10.730431580398026,-11.165176425742997,-11.32729142043115,-10.420610648845093,-6.36288382001858,-3.612227516688908,-4.551569225531019,-6.175944757855373,-4.468447791517854,-6.585273354235209,-6.248456015186072,-4.7703687344087,-4.758479873343123,-4.136817331633861,-4.127568805248475,-4.439938320337892
-4.347731443054143,-4.169800288129501,-4.621852567899557,-4.427720926967799,-4.19255919448754,-4.69027611354691,-5.364906724253155,-6.362240822039702,-6.802679088304775,-6.7270510064996,-7.152362275723609,-7.5575694885386895,-4.048012688564363,-4.13078707405683,-6.737422200563944,-8.280689375994271,-8.14758099306168,-8.911831427672043,-9.361364877986173,-7.883994635020412,-10.290814293636638,-11.166152324923395,-10.887199463386013,-9.111410335636345,-8.040468676766142,-7.856025204746593,-6.556542256132133,-8.340465426488938,-10.52687825582009,-9.442642487954174,-7.818389288566966,-5.587962263739891,-5.516684349197271,-7.214499784602264,-7.3750653028482205,-8.209630863542705,-7.927502851569047,-8.659343896838111,-8.243233819763331,-5.540856656663657,-5.287255255459265,-5.005139537441921,-4.161585812844248
-4.685833091652714,-4.291524941437539,-4.302141824555568,-4.297800154004008,-4.2581175664092665,-4.583910897092062,-5.390061638360651,-5.8373167006321225,-6.224720603051949,-5.934264263858643,-5.913425445498655,-5.298991553627824,-7.117789978821024,-9.0511698712966,-9.864791174407252,-9.964813443345236,-10.586605603999226,-6.607831045363736,-6.493103505928884,-9.136161499481355,-8.989621140647872,-8.435588138547192,-10.357153499052352,-9.607659099912578,-7.811272653468661,-7.167182062986047,-6.203209208077812,-7.037646912730336,-7.697130737018548,-8.438398248638132,-7.826521936223224,-7.430780675243634,-6.0204240804875,-7.332393292118624,-8.516269108993507,-6.800965346557284,-4.998471934809125,-5.48261145910475,-6.607421592196026,-3.682140974612533,-3.7860131548503975,-3.2630231094975586,-1.5854458019851094
-4.696179677065789,-5.270546981120279,-4.791760126612012,-5.05899455898148,-4.649565574713341,-5.476650093205981,-5.128421401048523,-5.145007941267961,-5.455352197321053,-5.91925044223016,-5.877403202513719,-6.972693945748377,-8.255864175451785,-7.683637028738442,-9.480470906141385,-9.321629144858688,-8.02021967074956,-10.328442398274051,-10.277610123533744,-10.002504946998718,-9.35569101358177,-11.238645348272364,-11.257294736817116,-10.150700769272325,-8.503270528411358,-6.85755292768189,-6.609474611367589,-4.88262134823501,-5.904713954369278,-9.018637578271463,-10.482172914091475,-6.900891037233647,-5.771733425363952,-7.333558254812788,-6.701833673468618,-6.573721446295224,-3.838644132496264,-4.206530346138526,-8.436251155343227,-3.133140603088043,-3.0036001599430033,-2.1865623173358086,-1.954413553516932
-5.0842615189340625,-4.800495233226828,-5.111744045928556,-5.046304041704735,-4.699144186073421,-4.404377299379349,-5.164580626875023,-5.295962098484351,-6.125362438923033,-6.155050641070268,-6.508177658277592,-5.762962521780903,-7.010857121370913,-7.648008112730057,-7.5641740820801395,-8.390311182845835,-7.656686275626271,-8.96321337129252,-9.17802081236685,-9.040819262313159,-9.98714844580951,-10.102473966354552,-10.722972500134096,-11.23051407338065,-10.985144487018498,-10.455034101026751,-8.130492811421355,-5.249359809546869,-6.069163028185596,-10.115498798491453,-10.7156429024697,-6.257978678009055,-5.980753022159435,-7.578301702517146,-8.004910525122035,-6.659414045537505,-3.4815929434586463,-3.9988408301912886,-7.523685123524893,-2.880526108231231,-1.909589876586058,-2.1397844283772147,-0.31930599901638024
-6.302765221266144,-6.193711305795983,-5.737524011432262,-5.779113120754749,-5.1245186678342165,-4.774098572056137,-5.675163562855131,-5.965753290280106,-6.112756359069966,-6.4479633802642615,-6.473961032598698,-7.129056236662515,-7.779155491328193,-7.996255175461787,-8.154269989611716,-8.822495525281527,-9.801437504225548,-8.818280506282186,-10.341780676125186,-10.474159029502722,-10.198657881899479,-9.587620278810563,-9.23787328226406,-9.632966056624063,-10.17213145233901,-9.699500422962801,-8.56103693665785,-7.82305266029534,-10.176253321956633,-10.344392034404203,-8.96116743635284,-7.740083983050606,-9.472052820081949,-9.076690084725474,-6.209990543788716,-4.994137053281224,-3.659905688214676,-1.5443105713654455,-3.0236259123024247,1.5683019833593508,0.4893724811397948,-0.683933607225123,1.1271479843746857
-5.563337874183773,-5.218491147698163,-4.21698222304994,-4.44058110488125,-4.581080266386741,-4.077430777526966,-4.779356821461227,-5.48730299509309,-6.064078413912084,-6.838507836109261,-6.9634680107856175,-6.668844672652307,-7.116330506915289,-7.463359211133811,-7.917046560052222,-8.773593781134121,-9.877190532105544,-9.93221953954737,-8.28833533001452,-7.6969329106921345,-6.87723356750179,-8.374114792713804,-8.862419605086544,-9.189984695087038,-8.394899276517627,-7.269825611083773,-7.589655441344627,-9.40760213613233,-10.934581052605399,-10.468577151249372,-10.152099958834617,-10.360316715978934,-9.74079278600052,-7.366144818822409,-5.243902461722819,-1.0707775256486662,-1.3693454168233439,-0.49077911140782093,0.621661092574712,0.5127083468776861,-6.7538709135718955,-5.045020214870096,-2.6094384541470705
-4.308255382607781,-4.383134578061513,-4.026081665826537,-3.632291423526181,-2.898897796783992,-2.6684703508327297,-3.0387313144060815,-4.071966990839698,-4.453161081562894,-4.851841529119827,-4.717514871643784,-5.817512191116657,-7.778236892308931,-6.942125022085065,-7.34499632867078,-6.711183759124911,-7.07437296929076,-5.53910547615484,-5.846020348296155,-2.838396618799009,-4.5863400886638495,-5.542179724987766,-5.084018763236928,-4.743983831357007,-6.741449837876172,-8.903309307894368,-9.34700635899251,-9.509664406965767,-10.03805215639872,-9.315075797616412,-9.625278557389837,-8.615605420534935,-8.628115473655669,-5.6819580606951,-4.759998784806416,-2.2295121957775335,-1.9363661465264714,-1.8895799747206978,1.4325662803043726,-3.920222133403552,-6.74175661830186,-5.625971193195708,-1.0931500536664793
-3.888670192463515,-4.01131280411315,-3.6548537930548757,-3.324461571286098,-2.7505212516991127,-2.338529048280018,-2.245001576890605,-2.905777310756049,-2.524376816566489,-3.423858434764839,-5.104370183345037,-5.484459324526531,-4.3093849641190625,-6.064877800552432,-7.192336342150532,-6.2514770488287335,-5.796596412327379,-6.9517264627111555,-6.749707786038564,-6.312237075014889,-6.431310792805407,-6.873847127877684,-8.949451035330409,-9.823246770810247,-9.986816304963138,-9.519444742096324,-9.230507789368822,-8.284807314200927,-5.193740250555092,-6.156378684652246,-7.284049179786656,-7.64465332407988,-5.5989283694890215,-4.531329250552511,-2.2345926802557017,-1.55827765298231,-0.8127519910738179,1.3420792943691702,0.501679862164906,-4.344972023339027,-5.510578296071617,-6.73072570755026,-4.101367953827644
-4.928422293829928,-4.846576652254059,-3.72044387758799,-2.6293893581921433,-2.220426093778287,-1.818781360805771,-1.9396545057305268,-2.5310427561159834,-3.1460301639285833,-4.592271428822783,-5.9435610278335975,-6.052874366035976,-5.011516046947138,-6.5945286004319215,-6.618105077031,-5.529687005096218,-4.427045131707717,-3.4752280376069367,-4.660551460140601,-4.852596998531744,-5.5642208461061085,-8.566264618327413,-9.672468297901961,-9.701868845771113,-9.69876589207514,-9.374324732892948,-9.00929657975169,-8.902710018739636,-9.368461421789943,-8.95353343832819,-8.37723022572959,-6.344476611649984,-7.908865385117902,-4.561582532539439,-2.665790940072688,-2.2857061968116095,-0.6239171141116314,-1.3326227621218092,-0.7709694722195728,-1.1695344743839058,-2.793072983528968,-5.630509415583987,0.5763790229671406
-4.701598089552075,-4.531291402360416,-3.76948124032196,-2.8204303547306857,-2.167420979824752,-2.22134142065661,-2.747481685016865,-3.8806239792760535,-3.9216843855910546,-3.9406794470627027,-5.875130699269713,-7.0221732202278195,-6.851288938566571,-6.3853380198089535,-5.405500688552813,-5.4817582729049645,-2.297540420086995,-3.9901412316875833,-5.43630007003973,-6.863042767374756,-10.116826472884886,-10.502854111056939,-10.766366004876932,-9.71433609755558,-9.371889997236353,-9.542537047396038,-9.641171904320885,-9.200864047565045,-9.518057268386567,-10.087605102621907,-8.039724486491496,-8.006595521135866,-6.5428868936045275,-3.6147227222648195,-1.3406190131377114,0.29239007922429777,0.6141468917442204,-1.4541903431730379,-1.846685348454494,-1.9736864290799896,-5.342931972554333,-3.6607647460648844,-2.703565472269326
-5.55581371256889,-5.1219054265500965,-3.6209560123527718,-2.851976033140684,-1.6438845760302976,-2.6654082102024264,-3.3042405302521125,-3.0790259659963883,-4.350779364553262,-5.09989255858782,-4.941490471792846,-5.084577678896724,-4.693735559713294,-3.773383159119716,-2.396165048128857,-3.975199103112433,-2.510244444145287,-5.716325146133788,-6.060169671180782,-9.58837953097982,-9.571116208923227,-8.812148262686279,-6.302543803682613,-5.983415897682275,-5.984882511921354,-5.628506701405698,-6.031785585578946,-5.693367184939071,-5.275299738015599,-6.937125952080447,-8.820456705059662,-8.067515486919204,-6.675664726235326,-3.6778573946967654,-2.32005231283253,-2.657231158796189,-2.6780705802094205,-4.25126912588922,-2.9974084691760408,-4.980125687541147,-4.884043819427452,-4.239257767677071,-3.2830018881454106
-3.6356423314234556,-4.8014751668772435,-4.684917362787241,-3.8426805455495727,-3.9484330811855313,-4.161364292901672,-4.338003343450957,-5.002425097194336,-5.477394754786345,-4.9223734709719915,-4.472714378258746,-4.065255499102634,-2.9477589053786692,-3.034214283050699,-3.9450817906744025,-5.115715188285986,-4.633558814428735,-6.255883266248691,-7.80990110916942,-8.391934551011968,-6.952195819667545,-6.103023431037698,-4.247831483133192,-5.099302941753588,-6.086609619776075,-3.7117920680467087,-4.579634349225955,-3.9370786033086893,-2.525117066073668,-4.118471926425155,-5.49225124628215,-5.290573107207508,-3.409166172203606,-2.6715790374124424,-2.4572471476336926,-3.247855847491264,-3.860747877136725,-3.564982480873294,-2.667225887358104,-2.9236111033797263,-1.9210030480182474,-0.8531390094880624,-1.2671641716592406
-6.572783343247784,-6.090236676968786,-5.193343522912831,-3.601478617149954,-4.637580444882925,-4.64120260620097,-4.624896981165061,-5.00209699428289,-4.438344159469221,-3.265009831857613,-3.874903319849362,-4.1767247110345895,-3.6539294390451618,-4.253953842270731,-5.9634654544725505,-6.239400900392239,-4.8043151393821715,-5.4290742841003246,-6.002092497716408,-6.085899220275525,-5.006659525865251,-6.648066484398482,-7.948305383839334,-8.326910299506958,-7.175543112098896,-8.682702760603922,-9.531923341130303,-3.146905882761171,-7.988257065954307,-6.5406987749971774,-9.469811339494324,-9.541687890057435,-8.367948192282912,-8.096607140798493,-6.681625439679158,-5.361028915570515,-4.333104893832655,-3.114369941392683,-3.151559447566591,-2.098637586171895,-1.3300956119294445,-0.5939565285915602,0.5029358943592801
-3.0535943656653504,-3.9281496932391784,-3.910508481970116,-5.948176492135959,-5.976900534169269,-5.318101308073783,-4.30240148639534,-4.838231936491831,-5.666094395477271,-3.9933237941848763,-3.128299283847061,-3.091253375774957,-3.614909190493349,-3.1879725223890505,-4.660364935997774,-4.0624885360298135,-5.555675730243457,-4.494821365861521,-6.941712327961462,-4.193154180902686,-7.860870809201053,-7.784969495591519,-8.066269949429863,-8.832559214167045,-8.34469545128012,-9.409683572740924,-8.950562500039076,-9.653929892420193,-9.340706113865796,-9.996379259901834,-7.7504222451820795,-7.384688535619409,-8.295188954393597,-7.027725792809194,-6.5066377665900585,-4.097564868087631,-2.084833693894402,-1.2259597951834296,-1.4816763398732928,-0.632769748977459,0.6763017828127919,2.544982435963446,2.476577256121348
-3.8337084770602545,-4.806095457450411,-6.04020152678719,-5.806380149980136,-5.328980153332021,-4.982614748410745,-4.350663644595459,-4.706607308646991,-4.356068995356569,-2.741151427147398,-2.8787170020268418,-2.779933366310339,-4.1958999175994265,-4.0153081426100705,-3.2214265374820874,-4.649099932518835,-6.1259896933819675,-6.909249576542688,-7.232147725335673,-6.660624931304104,-5.776320326347977,-8.340379089481214,-8.447550908617547,-7.252820333940516,-8.473026654921089,-8.951139293959105,-8.594431232415609,-7.973424478302063,-7.849754423478235,-6.841235504877671,-6.461752503175969,-5.255389011721459,-4.1493127256324245,-4.087549770943636,-2.255836742684973,-2.1410981840074843,-3.6670453950505246,-2.407795049116197,-0.018476992347761057,-0.08581908791233298,1.5697460086227022,1.6919208594791484,3.143904680471622
-7.110028527714873,-6.981475940698549,-6.813577553196759,-6.323924386255568,-4.061768355734687,-3.639951573287496,-3.0532540809152966,-1.7666303546934008,-5.940076900867094,-2.678334364701777,-5.528639583438168,-4.371021551135151,-3.7917917006765833,-3.564336690524695,-1.1015200345896354,-3.2452568077259256,-5.424432767557526,-7.100325721499742,-6.400608918136207,-7.251532290235716,-8.884807938659051,-9.352784918115484,-8.178336873142879,-9.059514779154547,-8.839826231671111,-7.999970797024167,-7.46586225242418,-7.386831926111006,-7.005420579113256,-6.555225502368254,-6.399719262665167,-4.909535796624195,-3.512317431187967,-1.5378468970273824,-1.8435916826543295,-2.316746859743793,-0.31437265480248605,0.7616787557594065,-0.18230865450897143,-0.1704519367841118,2.0173124534784295,1.5373295099896107,1.4731379130660165
-6.720483262759329,-5.611288358264871,-5.2313742613405685,-4.965837750293499,-5.534698048682514,-4.475904827365193,-4.323180703592902,-4.867867037457058,-6.036092624008498,-7.156212236860555,-6.715393367699811,-4.704822422358305,-5.393816130678587,-5.586708166660829,-6.130806870695826,-5.391820220742898,-6.725256197150581,-7.188058433398718,-7.240239952158024,-10.186452487095373,-9.168417582968017,-9.786743735443123,-10.135255189494696,-9.383468129856112,-8.033638017655171,-7.411479998339188,-6.756010533978273,-5.657804129441218,-5.3036684784047265,-5.046402964846381,-4.2909416424688605,-4.623929825477084,-3.3015627583287537,-3.661706893237199,-2.8677456714035197,-2.7950257118233095,-1.4727277722343144,-1.0733883527705481,0.06805324302265797,-0.033634937476694715,0.854988108413943,2.2531118399081067,2.4676596031781237
-6.507682096333824,-6.728044159100595,-7.027108604322411,-6.538452075218653,-6.39185148667352,-5.808855793318885,-5.284269926172345,-5.032942619232675,-4.565284886201506,-5.635689308851836,-6.3095470395782325,-5.703264810187725,-5.732024025671359,-7.286030540227801,-4.965682244558517,-5.867057157326519,-6.044551250293717,-7.754956732531932,-8.61886567725242,-7.938911761540539,-6.500680310872733,-6.592923384578137,-5.745924716284836,-3.877415347907019,-4.693385110515385,-3.80877489622799,-5.160003326443867,-6.237902685524238,-6.174697788570237,-5.447892591566217,-4.817798698656264,-4.04159816865998,-4.688354353099487,-4.339325478863216,-3.954618568104628,-2.313896306214955,-1.7387995572296266,-0.8653034074828253,-0.08541290064665491,0.8978429552487759,2.1607846416646286,2.6445848203678666,1.8996782311937044
