public/json/wind_2018-09-1604_925.json
{"header": { "discipline": 10, "disciplineName": "Oceanographic_products", "center": 0, "centerName": "Ocean Modeling and Observation Laboratory", "refTime": "2018-09-16T04:00:00.000Z", "significanceOfRT": 0, "significanceOfRTName": "Analysis", "parameterCategory": 0, "parameterCategoryName": "Currents", "parameterNumber": 3, "parameterNumberName": "V-component_of_wind", "parameterUnit": "m.s-1", "forecastTime": 0, "surface1Type": 160, "surface1TypeName": "Depth below sea level", "surface1Value": 15, "numberPoints": 4800, "shape": 0, "shapeName": "Earth spherical with radius = 6,367,470 m", "scanMode": 0, "nx": 80, "ny": 60, "lo1": 109.0, "la1": 20.0, "lo2": 116.89999999999955, "la2": 14.520000000000117, "dx": 0.09999999999999432, "dy": -0.10000000000000142 }, "data":
[rows 40 to 59 of 60, columns 0 to 44 of 80]
-15.031134808253487,-15.312349544789397,-14.782320959779712,-15.073724263436171,-15.88062596523539,-17.768518429017625,-16.834216084355642,-15.476506473943571,-14.276813544539168,-12.868451421905382,-13.491809534884428,null,null,null,-21.14641287961413,-15.132605610697976,-14.090331177772558,-19.51192558226751,-15.979742741485593,null,-21.039957172102405,-22.597181084422495,-21.32631317292983,null,-14.893218505389129,-19.109509947432336,null,-23.60298039700446,-21.564051169355565,-22.052782700174106,-23.584482734849715,-24.716975056466854,-22.389862594578354,-21.998994626605594,-18.678206331754165,-18.42592638358443,-15.621844240449047,-20.189307956013074,-21.92984023590816,-23.793897290371856,-23.491669197732726,-21.245039514308292,-21.035156157794194,-23.850126929484667,-20.34972595853798
-16.294110606437087,-15.384070777170265,-14.410825213498832,-13.92742401765005,-14.600386334837452,-15.878458029712483,-16.63943447308353,-16.159921830292888,-15.804944699431339,-12.914212025578234,-13.486538740197023,null,null,null,-14.797659531130604,-16.926713249788165,-19.563525144146475,-18.1884515879858,-12.133457886826923,-10.611379564626192,-18.771100062210746,null,-18.515363840852572,-19.414998529568237,null,null,-16.17866419575383,-19.312519632234412,-17.994971146006964,null,null,-19.012825136063142,-23.098944470238095,null,-22.40912676680319,-19.428438999379836,-16.35205139715775,-20.964375903192202,-23.33564762169276,-23.575606800320138,-20.41803795541864,-22.106046935975105,-21.22304418030661,-17.48704762380871,-23.59802386325152
-15.00396050649598,-15.837050019234965,-14.554446553824455,-13.364274150593584,-13.466627260066778,-15.097080904661482,-16.416750700643803,-16.613057350671486,-15.599933303325265,-14.884692580349546,-12.528432990845534,-11.929817558168741,null,null,-16.45808534238034,-18.49463349300226,null,-16.628949382895755,-14.784418011712253,null,-16.88672332071134,-17.312115886889355,-19.08431090604683,-21.97884548200465,-12.93072961804701,-13.218516843198667,-11.25468359259953,-18.50714097798109,-16.864116663936073,null,null,null,-20.411626997942555,null,null,-20.22272727958868,-18.865065758239155,-14.567973783893768,-18.12556519700516,-19.37368206267862,-22.218259988663082,-23.21783510260559,-22.677917640717062,-25.055070816610343,-21.779882667456558
-14.094802374985434,-13.799800536208974,-13.175731790437665,-11.784134206356923,-14.650657425154945,-14.17108574427527,-15.418880749803723,-15.821438338619346,-14.993300452857167,-14.772481349981328,-14.36798966739091,-14.234479917854937,-12.29148309603177,-9.695967275476214,-9.64006763409339,-16.1075067800327,null,-17.89785617531528,null,-12.422038776830718,-8.344411556985778,-16.48064989523808,-18.08811058674209,-22.581658265930955,-17.668258056572647,-8.761076516738324,-8.049066293693553,-15.107814452936829,-15.46440517084698,-9.88664452241555,-19.330277713681507,-14.813670835999467,null,null,null,-14.771739517730799,-18.418793369377568,-13.845379527888046,-14.806873640541756,-21.188503996311663,-21.44928249980233,-23.76197827758084,-25.1941193559125,-24.451238270279028,-23.598475997650684
-11.925026566812258,-14.358174395871252,-13.524103912704435,-12.803578467504083,-14.31153128974547,-13.586366833834878,-15.031344051121211,-16.318729466439567,-15.80907840917199,-15.726312724952844,-15.211338578161735,-12.58526910076677,-13.676565494302984,-13.801704559126243,-9.122563767176882,-13.26433852891233,null,-13.166469404548186,-12.43018403161155,-11.393831085752359,-5.763723198885999,-20.16778476053514,-21.108010534354463,-22.85063618329279,-19.95144489418234,-8.044030752017374,-18.772449153648726,null,-17.669893676339917,-13.53307758759128,null,null,null,-20.435100404923805,-14.5356914830166,-14.930840420719278,-17.312534505845854,-15.945885528044762,-18.211433286007882,-20.896463588308603,-20.468452282185414,null,null,null,null
-13.834579899896033,-15.258315490670132,-14.106380158527559,-12.953244308546243,-12.152726528403901,-14.173163709373645,-14.072716100905335,-15.412867395324383,-16.102886164933594,-15.675125228845836,-17.153732792830887,-16.336527017836726,-12.26424549431789,-17.07520082395903,-11.536832473431353,-9.393970820013761,-15.838323968563177,-15.505150851208333,-13.343230696448513,-15.454155712068834,null,-17.72311778018356,-20.97515089526192,-23.61149278289519,-24.66289769730345,null,null,null,-12.22744891653888,-20.531630121399214,null,-17.02961627044499,null,-12.550707773311954,-20.449103670132168,-19.370917059870713,-14.190264381367863,-17.07793457790116,null,-17.939114722270816,-16.241238355807226,null,-19.455900425170626,-13.736114252045596,-15.074471582295846
-15.048125936321536,-14.039229066839821,-15.128466592791082,-13.81465081081744,-12.44531734145264,-14.020630535564383,-15.098228854628253,-15.151066275620943,-15.844998718396175,-16.845218616164615,-18.608268722861908,-12.372876820655517,-17.096592498978907,-20.05187653028732,-15.20505449761162,-7.688791879046441,-16.00158068496829,-16.642923585730813,-16.483609550308135,-9.950691920188813,null,null,null,-17.39545408999091,-19.91387274368222,null,null,null,-15.882340266623924,-20.649901059649903,-19.996831236367907,null,-19.092773087680335,-15.373845332845427,-18.543843239007224,-19.021542234807928,-16.321694768507708,-16.084333555975718,null,null,null,-18.15023877209019,null,-16.97724921928469,-18.133318861922476
-14.346877945844238,-13.260525700466244,-15.69150493291645,-14.484528690825666,-13.449618723569355,-12.687877652187872,-13.81784554342737,-14.615921739981017,-15.194414361498797,-16.487029590293318,-15.466332438441267,-14.751646066483108,null,-18.15779783254142,-14.668614233963478,-10.556154896220862,-8.322094508920314,-19.297257252612926,-17.967560368185413,-16.199668395222705,null,null,null,-17.2160566058985,-19.284650125598766,-18.380667956348763,null,null,null,null,-11.323784840473628,null,null,-15.28855722658599,-16.267169268007382,-16.759734669040594,-13.292300252575577,null,null,null,null,null,-16.998858299351916,-17.45934630813084,-16.701710136453464
-12.208781804479413,-13.284255782537729,-14.34014902165648,-14.753202588823383,-14.568337472982751,-13.78729571456003,-13.532315766236941,-14.020309495856441,-14.07055654375053,-16.803503291551866,-15.373464728864647,-16.426786689443322,null,-15.971992480816994,-16.376769035363207,-12.292076100017072,-9.217586547550432,-18.266052236041435,-19.850247410475156,-16.22957756879041,null,null,null,-16.726364289967925,-18.438537989866177,-21.636991418916637,null,-9.610022294472245,null,null,null,-10.736209733476109,-12.404572399114162,-14.5348694304134,-15.618686334293502,-15.936076160775391,-13.135721096865733,null,null,null,null,null,-13.338643261626116,null,-15.751566432175117
-11.902799129675651,-13.89373528718124,-14.181056636323595,-16.250008776270793,-16.02627224621834,-14.756259100118879,-11.0782527602819,-13.530990528037995,-14.498846743768505,-12.662833500108889,-14.451670058207354,-13.336989148304482,-13.47743152428956,-14.68833861320704,-18.436505243563676,-14.918363034533394,null,-11.235842107675209,-19.79168267623063,-14.461174805360189,null,-11.085306922493517,-11.611859288854486,-18.16893577652222,-16.488130224896395,-21.955406726493592,null,null,-9.688933543927323,null,null,-20.655792420415292,-18.113492917354925,-18.32244600482866,-11.785930447508546,-18.159093011103078,-14.54681250468976,null,null,null,null,null,null,null,-12.588771248785685
-15.245061923870962,-16.172421248836603,-15.262851078134204,-16.17158337139107,-14.913303842890365,-14.724571138715191,-12.100785867234265,-11.488161381785849,-9.71283356069884,-11.404369479437882,-13.458871359447958,-13.04252194587966,-12.74966603080995,-14.996983773924061,-15.03004134312884,-17.331450385749786,null,null,null,-14.900332874060997,-8.574716902850703,-13.725917152457686,-16.646777992308838,-18.180446903191047,-16.703761259564434,-19.64789468027647,-16.28528745126026,-16.39704738312631,null,null,null,null,null,null,null,null,-18.218786284024286,-11.01913000994443,-12.246127390598067,-10.428418814720006,-9.277584505391719,null,null,null,-13.074150147546536
-13.838475251561055,-9.781368054397257,-14.175256650706245,-16.25122560102143,-16.3685152403853,-14.835421289196969,-13.908737847095953,-8.361497992091211,-9.871444260111817,null,-12.24875974545945,-12.218783991390955,-13.436162048338375,-14.261187658235263,-13.830573859122401,-14.36512832065296,-12.70117504527213,null,null,-16.09303673276034,null,null,-15.914427634087877,-12.93978618868161,-16.121113238286494,null,-17.530049330471794,null,null,null,null,null,null,null,null,null,-15.379416789927879,-11.075844258665013,-11.371900018136174,-11.66880534529773,-11.111846420280461,-9.178313994159897,null,-8.151227659512948,null
-15.686981683792794,-16.084862480906207,-18.020310705729745,-15.879559081599451,-16.138246313836085,-14.197822000971579,-13.024356174301694,-11.090364491951036,-8.573973911737458,null,-10.549298447490772,-13.115495087982534,-12.362854473134185,-14.605308105431952,-14.128593485478774,-14.630850727403498,-16.065630244881703,null,null,null,-14.306554001221008,null,null,-13.19153101208782,-15.503489793484867,-15.162010184703071,-13.953271558371435,-11.47423000972872,null,null,null,null,null,-13.644341944310627,-11.57819679919117,-12.435298382066406,-17.284580591179232,-14.018496542026732,-10.149104879437827,-13.40417730309982,-13.988142460332377,-10.355064971144525,-10.663852011689466,null,null
null,-16.622063663285026,null,-15.82056031083665,-15.823828919595096,-14.790053210672788,-13.96001758907309,-12.831669513405183,-7.700619256592789,null,-12.29151279065385,-11.127637546382356,-12.69633342621238,-12.107578547704412,-14.967082200420052,-14.597283457473011,-14.984573721149031,-15.670857126368837,null,null,null,-16.459951366533218,null,null,null,-14.417455577184892,-11.647409157135332,-11.934267042957789,-11.383154921193599,-9.099285392454991,-7.2315171750511755,null,-10.489093344833094,-12.85148002656295,-14.992455859492612,null,null,-16.70192701050485,null,-14.060319353095839,-15.664316615979969,-9.89110499571223,-10.872271728087377,null,null
-12.573081894050581,-11.097747400593082,-9.211836680705765,-13.412645726129224,-12.89964062479684,-15.385302754058507,-14.620752317532846,-11.738960585429066,null,null,null,-12.14081937672226,-11.625809655586805,-12.21841111964709,-14.391192192925837,null,-16.681287490878017,-13.891714488514527,-14.82698388708281,null,null,-17.307996817387924,-12.02384213646592,null,-14.721301192146209,-12.1571368640549,-12.199831110782062,-9.668375266386063,-12.148974663157283,-11.288943910661162,-9.84215127979849,-10.382254784503768,-11.734757759761493,-11.158675163127391,-11.498535870766391,-11.26278710521596,null,-13.853718295589292,null,null,-16.457932449498163,-8.552993114211677,-9.067926449284204,null,null
-11.254754332619084,-10.805824274628051,-11.529111162070818,null,null,-14.61666012205646,-14.741997261484716,-12.721347872869002,-11.598179811591361,null,null,null,-11.263540281535084,-12.48365050842832,-13.003717674409767,-11.935298550502337,-12.495311931887127,-14.33227247138194,null,null,null,-13.758370582338198,-10.29183692392477,null,-10.959856622759203,-11.424037866161932,-13.068856753460064,-10.664834256313876,-10.232996848822994,-11.89247001503724,-12.00896518660784,-11.70357393683495,-14.041679137248503,-11.76031638585813,-11.64434511171797,-11.56452059296426,-12.106868975290206,-11.417475683351455,null,null,-11.042936570424141,null,null,-8.864268949579666,null
-10.217672809269787,-10.129341036207556,-10.64545658289453,-10.040123672255737,-11.811207614312735,-12.945750387802569,-13.610312669126436,-13.196295141793188,-9.570825373417835,null,null,null,null,null,-14.222550821940125,-14.189197910473558,-13.438728996508022,-15.027751230310972,-13.277768719134434,-12.890021519999936,-10.094861497667509,-11.208128256089061,-13.423750951750694,-15.576893329514872,-14.54133981012195,-18.829817233207322,-19.3327931148331,-14.634725829851734,-9.331521361089376,-10.738046129973378,-13.575730169416907,-11.760078539873954,-10.256489023763553,-13.181688902667858,-10.527678933235558,-11.754337150780419,-11.777339102296668,-11.892306809273805,-10.278247189235758,-9.708141930754916,-10.653948583080146,null,null,null,-3.829294805356963
-10.543053585723136,-11.056295532861526,-11.124202517455478,-11.314317367202676,-12.908291605893895,-13.425378425788216,-13.329766736891452,-13.355660843422875,-11.592988701469725,null,-9.15855290331078,null,null,-14.519122202556163,null,-15.756073785125336,null,-11.608092173695145,-13.447771654702912,-12.504306053506141,-13.977667377104176,-16.084774790266483,-18.87349172684793,null,null,null,null,-14.358881583840107,-9.500034375012262,-9.459904259036083,-11.82318292022327,-13.904322136859,-11.534292697087357,-12.325133291168278,-11.952344163776154,-11.668003564052192,-12.53982777455045,-12.938781753391384,-12.379242446002149,-13.142116390311577,-12.402575898179121,-10.649911977127296,null,null,-2.894199019696255
-9.727439125796899,-11.792718045925287,-10.629027016601086,-12.132993484388972,-11.789474608065548,-12.586426672637565,-13.107529094940611,-13.29885982054554,-12.380989281617337,-8.737545309460437,null,null,null,null,null,null,-14.528038400329692,null,-13.484179267202105,-14.60748844148123,-14.842479190850822,-16.54206000005152,-15.76611206928435,-15.278581067560529,null,-13.063481911637993,-13.431271969000306,-13.476965469141051,-11.63105552313837,-11.31002567752769,-19.206113132825067,-15.14810301891443,-13.205233997418539,-12.172026696454632,-15.019013560811281,-12.96941049565908,-14.140720814088784,-14.129384764435848,-14.375150091210319,-13.842403135014017,-12.674450028014958,-11.821725751608893,-10.918562147838195,-4.8856160163732225,-5.0407997307392405
null,null,null,null,null,null,null,null,null,-11.540332464349197,null,null,null,null,null,null,-12.359301034497886,null,null,-14.499004950886675,-15.381430749884327,-15.84864030061629,-14.499270633593696,-14.203163532833868,-13.16911301467691,-11.6555768793091,-12.445710253245165,-13.33835566311409,-13.948577466399987,null,null,-17.03691695145827,-16.928695327350116,-15.599503942981686,-16.17420598876591,-15.757476942884933,-15.825098230961371,-15.588907852702743,-14.405019370917422,-12.730328502291558,-12.611203616088275,-11.223499919406896,-10.447275622375853,-7.300864770017854,-5.330831094522902
