public/json/wind_2018-09-1600_850.json
{"header": { "discipline": 10, "disciplineName": "Oceanographic_products", "center": 0, "centerName": "Ocean Modeling and Observation Laboratory", "refTime": "2018-09-16T00:00:00.000Z", "significanceOfRT": 0, "significanceOfRTName": "Analysis", "parameterCategory": 0, "parameterCategoryName": "Currents", "parameterNumber": 2, "parameterNumberName": "U-component_of_wind", "parameterUnit": "m.s-1", "forecastTime": 0, "surface1Type": 160, "surface1TypeName": "Depth below sea level", "surface1Value": 15, "numberPoints": 4800, "shape": 0, "shapeName": "Earth spherical with radius = 6,367,470 m", "scanMode": 0, "nx": 80, "ny": 60, "lo1": 109.0, "la1": 20.0, "lo2": 116.89999999999955, "la2": 14.520000000000117, "dx": 0.09999999999999432, "dy": -0.10000000000000142 }, "data":
[rows 0 to 18 of 60, columns 0 to 41 of 80]
null,null,null,null,null,null,null,null,null,null,null,null,null,null,null,null,null,null,null,null,null,null,null,null,null,null,null,null,null,null,null,null,null,null,null,null,null,null,null,null,null,null
null,null,null,null,null,null,null,null,null,null,null,null,null,null,null,null,null,null,null,null,null,null,null,null,null,null,null,null,null,null,null,null,null,null,null,null,null,null,null,null,null,null
-3.4407201045716778,-3.237751221674927,-2.7641481964718433,-3.0490993268652264,-3.303306570665449,-3.044369253488568,-2.1382838965424424,-1.1324112761448093,-0.5256846226308235,-0.65948541256794,-0.6370280588083685,-1.2062537159989315,-2.6177932288533055,-3.595503630321824,-4.663519851633838,-4.6075155673476065,-4.6228234855345445,-3.981136348293173,-3.2223338225320726,-2.8862971966464994,-2.2885798414065164,-0.9671258838204398,-1.8705584026734945,-2.608917758832542,-2.562069003966241,-1.91722867860046,-1.2662404274839867,-0.5163957125850136,0.4517561476231605,1.573391167447659,2.3996021823156317,3.1423893019369187,3.521469804897246,3.4458847489890805,2.868710495590048,2.578909987387304,2.3840245703194762,1.9781330214702089,1.139236182897958,-0.17821321925224584,0.06963237377832521,1.097150660827193
-3.981893648774994,-3.806913122811238,-3.5525100472274413,-3.843423095589066,-3.927052742177446,-3.5915084529529793,-2.4994171438807427,-1.162765950493643,-0.8435138741965575,-2.3518994954688055,-3.0788418695534303,-3.7907464230814187,-4.423315707798565,-5.637138965319323,-6.1313449839702745,-6.421633897309724,-6.566666314157722,-6.259474830128514,-5.42017496247503,-4.644384114259052,-2.3850369590135845,-3.571631282096818,-1.3635343465402192,-1.1301818531281482,-0.7820981088829014,-0.6071779812916691,-0.14883404399223968,-0.20719312380202068,-0.4656495148626387,-0.11617026043917045,0.7651970342369521,0.09253961190318861,-0.8118507306111152,-0.7198444646953064,-0.7380601456776235,0.30017879105566536,1.6422480730187834,1.3422329456013056,0.048321944849773465,0.21380946810825208,-0.370144676246806,1.091993732947773
-4.513074241531687,-4.333594127223873,-4.128963714285401,-4.373998211628388,-4.253750652429497,-4.280108337016911,-3.563358703771981,-1.9443306247867413,-1.972356653853594,-3.457874533793376,-4.191516184982367,-5.0231937178073505,-5.5808218403908825,-6.237792305295904,-6.055377830418584,-6.472767186144231,-6.684886793828722,-6.859748882641076,-6.296693569284011,-5.814495000425481,-4.792891050405816,-3.420705006309358,-3.2265270629599274,-2.1853079173647267,-1.4074306351781773,-0.8204311446987229,-0.5698612251811205,-0.8097450456965845,-0.6084885163472412,-0.060666370128794625,-0.17021065684881231,-1.4238623739742353,-1.1671766399388828,-1.499351300677077,-1.434722898986958,-0.5685461824087774,-0.17540308948180944,-1.2148659902854448,-0.5485731022426942,-0.8706791076808529,-0.44247697471686437,1.404626411120431
-4.69061582495152,-4.6647583726362924,-4.586117636359646,-4.774080036105926,-5.003532379461814,-5.1431093246838895,-4.886232144257878,-4.056493635346401,-3.870406718318801,-4.147659405920474,-3.9636735761954727,-4.839106148825897,-5.804178600267007,-5.895209416523593,-6.086105305068726,-6.463612009793079,-6.916932318374121,-7.024604743580009,-7.164120533580296,-6.987340418882462,-6.002231649676928,-4.758092766030794,-3.7646487916338227,-3.4214979863681,-2.507874451299027,-1.8946439303402292,-1.3165989688988706,-1.1620130044478834,-0.7319377772216829,-0.9680871916157646,-2.2275064428623583,-2.0888542925914138,-2.060570841097488,-2.559757176187767,-1.9497145285560264,-2.0633437093066234,-1.7456218301837367,-1.4419866673033335,-1.4968395749378227,-1.1439300182766559,-0.563127737222219,0.41610406750132445
-4.771355267233203,-4.567945301743734,-4.568457430056172,-4.827134140696813,-5.177690978912505,-5.307247774243875,-5.9337006190194534,-5.535780783158319,-4.6630708687066384,-3.8088093488451227,-4.112442113919327,-4.0649618493225725,-5.3815435084759295,-6.306846225103214,-6.482929768639982,-6.9357062421394255,-7.581957676764271,-7.77122914402783,-8.1890132297211,-7.851617668636379,-6.283407289326165,-5.6455804750058425,-4.984751261099356,-4.305452117343418,-3.3834383637888505,-2.589125879358336,-2.290355014079742,-2.1440137892929423,-2.2670537735048155,-2.9032594754266667,-2.943966807959479,-2.709195777833384,-2.6070066329369106,-3.0297387140850303,-3.2146389013122763,-2.6415902658725976,-2.323493081679148,-1.8423938794457895,-1.4886750388447467,-2.07131909073472,-3.856837105323817,-3.0694916714944873
-4.719580876789938,-4.181414726414137,-4.659979463443431,-5.078554043508634,-5.571976992209673,-5.984409236467032,-5.881369719541234,-6.089506260179414,-5.152362003172799,-4.08633776572154,-4.232301523850744,-3.8816510635064025,-5.114148192381268,-6.853626972358681,-7.111541143394077,-7.745678360164063,-8.139281488139476,-8.629744641336375,-8.95544101303672,-8.194252621820409,-7.0455131404235365,-6.577914081145768,-5.623507983596413,-5.152873062466814,-4.190245382993043,-3.699192839494538,-3.491154956796958,-3.5820110572132693,-3.434879567717464,-3.332305976778629,-3.5589720920482,-3.3716122368134913,-3.563745538692355,-3.769709123466218,-3.8267740010250706,-2.874279015653948,-2.094935269777975,-2.4765593084934054,-3.754989886527505,-4.520194750953258,-2.13607774586134,-2.6311315240283735
-4.491621710241601,-4.224810397742592,-4.597810309408607,-5.323452619546929,-5.939844694286782,-6.446620833228751,-6.015895162738031,-5.93026608380927,-5.292565146128608,-4.7953081285543195,-4.86933697882783,-5.122096156386179,-5.162291051038891,-7.031558746687511,-7.541712379055323,-7.96962094097946,-8.585816514751688,-8.887777759912748,-9.06846940038438,-8.460305102448102,-7.604768303494908,-7.257634431424769,-6.201570833307987,-6.250066656307919,-4.971120239956175,-5.315774585508843,-5.0305725900295215,-4.071123585732015,-4.777303812187975,-4.477205711862594,-4.692498947769293,-4.361868961991651,-3.80976181784043,-4.078747791872946,-4.289094344471507,-2.458452650003899,-2.8901920535638785,-2.4115213693456505,-3.4673669832582314,-4.357883810320927,-3.376302127849807,-2.2199293937532376
-4.462359517804819,-4.322127407163427,-4.71816567408335,-5.6119741718911715,-6.1476327469239145,-6.631811573229767,-6.145702695328721,-6.224514881566007,-6.151127408733364,-5.722080783510621,-5.808236728212554,-6.065005192194889,-6.308390035238161,-6.912023475659811,-7.796957514128598,-8.070583733233173,-8.646569808054977,-8.916635037710694,-9.101524603812063,-8.621162361457795,-8.258769755698518,-7.721010770864572,-7.067522292547507,-6.374851297813582,-6.349393160368931,-6.243099890963331,-5.782988384541591,-5.671670206128306,-5.530276687661409,-5.668509174925395,-5.095857219228686,-4.960501180619027,-4.711521173674859,-4.621235255766255,-4.2203041385738596,-3.663254667857408,-3.4433018445518657,-3.6140344513583056,-6.2237098272234395,-5.319052318283486,-5.19974797050311,-3.4320663081481504
-4.761316955852963,-4.690622384623399,-4.927424557303224,-5.6391420487009505,-6.374568863669167,-7.129652799033196,-6.6482935765747175,-6.460647979302402,-6.889853377224633,-6.771219499019085,-6.53159144603044,-6.402313099306966,-6.2840108061820334,-6.526705902395074,-7.695047899925843,-7.9450374987529235,-8.878488330145897,-9.601372181063322,-9.314256335760545,-9.644501447292336,-9.292025054215081,-8.449892191746963,-8.11796854355581,-7.515010488066618,-7.626017995020772,-7.4955661499204025,-7.2978645635865105,-6.7625286628313495,-6.304692334108719,-6.3656139853421365,-6.187285653479653,-6.304969337062616,-5.114227734326564,-5.799987425221774,-6.091382034972121,-5.029149396436264,-5.031671274344666,-7.5410458775414355,-7.47738258571857,-9.462383846253815,-6.989977387920056,-8.081894901889019
-5.263765363210727,-5.074799716336257,-5.641932491072923,-6.079952644242771,-6.923954214906315,-7.313194765444587,-6.849765675274011,-6.9136396583405455,-7.491562721887149,-7.461298002055346,-7.0941840696813845,-6.805827299694189,-6.8143779156600335,-6.188345266575202,-6.358209410361871,-7.49861280496806,-9.264482856278399,-10.197165598177662,-9.972941954809414,-10.174719109093276,-10.286403390723711,-9.192518739798153,-8.996330838425008,-8.754544389908652,-8.956106046212511,-8.411716068486589,-8.406816903496965,-8.305518593770595,-7.935089327058069,-7.6333915687987846,-7.557960021729481,-7.8078213897719095,-7.554596481264427,-8.628230481648977,-7.929975632142285,-6.533348460795091,-8.809996244322416,-8.727819984924055,-10.010288149555048,-8.124038746858115,-10.67634046959877,-3.903869088691909
-5.731460415028236,-5.796345765554759,-6.255738270591534,-6.8172152846260685,-6.84576866346642,-7.20295245586285,-7.076028931554578,-7.53412485795732,-7.787232350587255,-7.834251328039367,-7.977830510429106,-7.842122528406961,-7.536942984829506,-6.834125504362001,-6.898127352926707,-7.75769583551267,-9.494617487560722,-10.206760557062452,-10.782730132730416,-10.832388272671956,-10.045460679465972,-9.575047532342964,-9.33139798652121,-9.737351044897277,-9.454948622979046,-9.70012078738062,-10.11349393424162,-10.080666265486512,-9.576241781315572,-9.023408554734658,-9.536659785686716,-9.8136591536677,-9.919497576953956,-10.605828883343152,-10.89499317054008,-10.960806898198602,-9.96783054204786,-10.938594228209494,-9.325210055968228,-12.056633677062402,-9.793212225375788,-15.752183894438986
-6.6005689128841,-6.544322174738145,-6.82859409351855,-7.348821497730973,-7.280641456273104,-6.958580786065804,-7.354755765231147,-7.538840496171994,-8.245547620784803,-8.075727440892237,-8.060519441597444,-8.035801286899126,-7.797260634509286,-7.943337105474126,-8.48596202014904,-9.506076033211677,-9.935352961958037,-10.50156739212246,-11.159537054447487,-11.504605751194312,-10.496010076039587,-9.955999753985248,-10.333380928383606,-10.35021108404805,-10.290274336414631,-11.437104911959366,-11.64813802911487,-11.158343550479355,-11.252393397841185,-11.152048899374954,-11.024730916570944,-11.016053758529514,-12.275179772427116,-13.406346438154534,-13.421822646137116,-12.36131868931428,-11.68019466913135,-11.352372763241476,-13.582012731347481,-17.473604230802117,-13.075399308423707,-14.891969053463008
-7.578597474826687,-7.437628718545046,-7.32537304479833,-7.923409804323526,-7.8685591971190405,-7.5790926205903,-7.319303863083378,-7.939593748126271,-7.957279543703578,-8.18035491802026,-8.301220907797497,-7.905573654369683,-8.242253467047599,-8.811326011923875,-9.644890511359081,-11.10889732146837,-11.347895749099665,-11.12744907461922,-11.616236310320325,-11.721415726496641,-10.489315202493454,-9.90671314274216,-11.604531861684428,-11.141798116675668,-11.429074929905804,-12.648095062039383,-13.279372381995962,-12.72636655339142,-12.68733139083954,-12.194603479124353,-12.015837511599713,-12.111319580162778,-14.35142379013426,-15.441371651392737,-14.918399880898924,-14.125996106225363,-13.921481964898863,-14.221545803355728,-15.809821141158206,-13.131077054786697,-15.742387395394827,-19.255544272404272
-8.856391162792693,-8.549563058542208,-8.107244980243921,-8.078105450803044,-8.253305790066353,-8.121422864452938,-7.834416648516216,-8.39916117280903,-7.840459335759676,-7.983996312251444,-7.933545863322331,-8.212135126651626,-8.60560629026073,-8.98388768370797,-10.104966210877508,-11.661545148846486,-12.2284750082495,-12.203860167253561,-11.37676499457893,-11.70022641750717,-10.850573312840359,-10.153725753030942,-11.28210909450571,-12.511880224930454,-12.700669791334239,-13.473713851047995,-13.695291004393418,-14.409606938020321,-13.677590971877779,-13.019347492305538,-13.128307160948523,-13.453415064825618,-15.616407604292824,-17.837434055469952,-17.822043359434893,-18.000755146882707,-16.119449080665184,-14.79801766785582,-16.069514755778986,-16.086023588841076,-13.240899351762524,-12.210409459623081
-9.35077270262316,-9.46485190354761,-9.38306906217013,-8.382950257071387,-8.025638186094202,-8.621340585267726,-8.25551456827705,-8.896312018307263,-8.05582428452548,-8.136626245373366,-8.059317416115633,-8.38419328602295,-8.893373062683592,-9.406707722463977,-9.840633118578797,-10.786601386863403,-12.210281507142053,-11.959237790958602,-12.064663053387711,-11.901641001306803,-11.223406080458409,-10.267954366751024,-11.601374300544455,-12.090706708023111,-13.954497920866533,-14.367470449888735,-14.987543327686247,-14.402529309484041,-14.181285288966818,-14.345192266194228,-14.429961441256895,-15.909629345923673,-18.458288037081342,-19.635132070841127,-19.319315040133056,-16.628233440510215,-16.6516093867365,-17.022908283645975,-16.378204187922506,-16.337874462863745,-13.689667808450052,-15.263881657173425
-10.209451191542902,-10.282229517575868,-9.744821627240375,-9.132454674109496,-8.907079308260965,-8.636726876335358,-8.760864057183563,-8.247048253773453,-8.571089569675882,-9.005315528208587,-8.239698618240746,-8.733653186601947,-9.051032231841761,-9.341201065911054,-9.708350708256583,-10.657529559117364,-12.10077276874809,-12.038487237489072,-12.596690930019928,-12.679272182954604,-12.72979838663897,-11.83105442975666,-12.66132180748253,-12.893177535938824,-14.850633902893202,-13.861571341232818,-15.103326072626963,-15.496134943837852,-15.21386781477908,-15.856336164345498,-16.26996869205603,-17.03917536556015,-19.320575762234313,-18.069478316859488,-17.774415481596755,-17.370657974815416,-18.186115082525628,-18.166232399322457,-17.501770933501792,-17.206044923680437,-17.427060707766877,-17.534021191759635
-9.951075056147115,-10.455481907662806,-10.997467857090115,-9.841823049325544,-9.636456877498418,-10.170696092809514,-9.421579942493688,-8.82179454283471,-9.274181351776917,-8.677949095464102,-8.542482362131278,-8.889205846341103,-9.020692000743452,-9.515593863544481,-10.167088449368109,-11.181936853973006,-12.382538415363436,-12.603633703347562,-12.965537360579026,-13.201456508279513,-12.78531632068253,-13.022338409683575,-15.27144944257704,-15.778587523727449,-12.671667731844446,-12.983004595713087,-14.259792790872776,-15.660086130834056,-16.04891349583131,-16.83018916179366,-16.974488569864995,-18.44088667684619,-19.57433226812586,-19.212670112245334,-18.868774530612548,-18.52930343329653,-17.96893511683272,-18.12945647675355,-17.60301514988103,-14.045940162626612,-18.29459502227799,-18.573184979769877
