public/json/wind_2018-09-1604_700.json
{"header": { "discipline": 10, "disciplineName": "Oceanographic_products", "center": 0, "centerName": "Ocean Modeling and Observation Laboratory", "refTime": "2018-09-16T04:00:00.000Z", "significanceOfRT": 0, "significanceOfRTName": "Analysis", "parameterCategory": 0, "parameterCategoryName": "Currents", "parameterNumber": 3, "parameterNumberName": "V-component_of_wind", "parameterUnit": "m.s-1", "forecastTime": 0, "surface1Type": 160, "surface1TypeName": "Depth below sea level", "surface1Value": 15, "numberPoints": 4800, "shape": 0, "shapeName": "Earth spherical with radius = 6,367,470 m", "scanMode": 0, "nx": 80, "ny": 60, "lo1": 109.0, "la1": 20.0, "lo2": 116.89999999999955, "la2": 14.520000000000117, "dx": 0.09999999999999432, "dy": -0.10000000000000142 }, "data":
[rows 0 to 18 of 60, columns 0 to 42 of 80]
null,null,null,null,null,null,null,null,null,null,null,null,null,null,null,null,null,null,null,null,null,null,null,null,null,null,null,null,null,null,null,null,null,null,null,null,null,null,null,null,null,null,null
null,null,null,null,null,null,null,null,null,null,null,null,null,null,null,null,null,null,null,null,null,null,null,null,null,null,null,null,null,null,null,null,null,null,null,null,null,null,null,null,null,null,null
-12.866759228092118,-13.192418266607365,-13.520844571049278,-13.878142258960088,-13.605334107746254,-13.463429846836389,-13.659466881436096,-13.644236232844293,-13.341114740779137,-12.897763090557827,-12.785928451349756,-15.422333973434599,-15.712242132923631,-16.79139172944585,-17.913027432492463,-18.895845490030133,-19.345757055923116,-19.00148304637569,-19.391816414293103,-21.227878270953006,-20.93532356636186,-20.715352156372646,-19.794820330402647,-19.403336695769873,-18.8032490465215,-18.258903495675128,-18.118583956813172,-18.699627397848367,-19.547180621804927,-19.73521158797181,-20.19287924572636,-21.009048232158598,-21.022871731516343,-23.3329589649066,-23.191088948311002,-23.08171754315945,-24.043381034193175,-25.374617740456237,-26.129775444790106,-25.793960794702507,-24.47846200869848,-22.549737741343126,-19.949345820955042
-12.493127637017317,-12.968071111693186,-13.510663844748077,-14.06751169583385,-13.980403556702074,-13.972659129826694,-13.839286441808694,-13.449783222804438,-13.359209151297831,-12.852500840752757,-14.219010629898904,-15.89926611432074,-16.11088559476882,-17.797222423280914,-18.376499410748433,-18.544250615737404,-18.873531137983157,-20.229524923792923,-21.210141910145182,-19.496582404178977,-19.11030028066983,-18.6079748804768,-18.456352403984784,-17.80549243243742,-17.906708792113815,-18.32639789726628,-19.121745586500694,-18.96490589052587,-19.145401909740514,-19.284681716874225,-20.780464544627158,-22.41065925923995,-26.76367439339282,-26.571595744244153,-28.445507869103178,-26.998424788306227,-29.190287200157425,-29.756774961191713,-29.30783419430589,-29.121047025916365,-28.497972674207467,-28.29419359812744,-26.037271925196826
-12.662083093835204,-12.7856976658841,-14.079518231521895,-14.293919907014399,-14.313733106268451,-14.0859020064481,-14.339975373021655,-13.588919405921416,-12.896962745963044,-15.409755370942376,-16.223716276774105,-16.162385468908365,-18.203636517385675,-19.078788246715217,-18.68048724124494,-18.80849969775405,-21.954784597528707,-24.768397589524277,-17.58978704219212,-18.502176739967183,-18.651524612062975,-19.95764429741901,-18.96003840570203,-19.346555796310135,-21.682014710161607,-21.198463912881767,-20.41749142623611,-20.518367883569365,-19.92707313211291,-20.31711293564283,-23.08465337738391,-25.82829065594926,-28.504905476276868,-29.524004332661704,-30.002676154241904,-29.949741643401037,-30.720768415913685,-31.55873401504001,-31.61408334781604,-31.581271780079668,-29.362105041583163,-22.810913576245877,-16.55458922505761
-12.09593266212751,-12.671076492921229,-13.739880208482653,-14.207853777508314,-14.635414441293992,-14.706051888868643,-14.578579583125917,-15.015071019297867,-15.1687720865785,-16.149263425063797,-16.538976693563168,-18.105879485481978,-19.093194034036504,-18.88128955104468,-18.54593438795584,-20.469611949427495,-24.670776122163332,-22.12465943585932,-18.990978778569904,-20.200437549644022,-21.42492606544671,-21.227542700987968,-20.800793576200938,-21.732547651345342,-23.34877181251827,-22.086067375174295,-20.63881920427221,-19.46726685750763,-20.20399391269222,-22.25661783970623,-25.928679685689385,-30.606835457092394,-32.17511074111579,-32.60640392143241,-30.164991425106326,-32.57578171760073,-33.24634607438904,-33.67464673874445,-32.6870991558927,-24.46903773597583,-20.619276953598742,-16.527012682497173,-15.190561309034619
-11.947992329370797,-13.377882678920804,-13.845521729495006,-13.692407057558023,-14.843092119312757,-15.48913534750365,-15.474655478292272,-15.563632074369886,-15.868253236318665,-16.149038848497938,-17.381315251040657,-18.400426471795356,-19.649868728598744,-18.809100953416973,-19.29885277297658,-20.73282567941692,-23.0982378163417,-20.30277039271775,-20.51406123111333,-22.001776798832203,-22.760194610510226,-22.12580792571078,-22.161457454152774,-24.970766342708245,-23.36898622297912,-22.534549874205506,-21.079315632510216,-21.55753374806352,-22.10880829848179,-24.399625722006498,-32.310373182603556,-33.524545178965525,-32.92697921477298,-31.598503572963466,-32.429775759235305,-33.209253598387384,-33.50301336331303,-34.894977755896164,-26.16965850039144,-24.411752995864575,-21.239416980363885,-19.985098137733335,-20.6896585037847
-12.29366674605846,-12.88720939537772,-13.296744311792814,-14.299271253190984,-14.6353086925487,-15.803521324521949,-15.618335677758035,-15.629682832361588,-15.601828886092363,-16.810199430628085,-17.39957230652037,-18.570255708270366,-19.387049234881964,-17.928891755541432,-17.71139891267951,-19.987815606634058,-22.902952494765326,-21.292272244186446,-22.39563538207432,-22.534939116235915,-22.232850975994193,-23.845464901443222,-24.342206476404172,-25.395858340176535,-25.28645939658666,-23.668231348256082,-22.694740179452438,-23.322806895982936,-24.740991338375654,-30.768044827700727,-34.07413116073933,-33.7349024096384,-30.45760795129491,-33.38693605609742,-33.821130362093484,-31.816181697456035,-30.149214040835083,-28.362470938171942,-26.138647444586923,-23.88126826140992,-23.56007416723575,-23.602860591128376,-23.164024283717712
-12.345710435490648,-12.889544341378246,-12.785213567277125,-13.809328698508542,-14.551443303681848,-15.525818633202611,-15.324414212872705,-15.459234165153367,-16.77398998801239,-17.054789744874906,-18.10384822012783,-19.237875528297582,-18.16643783086773,-15.851218685308123,-15.97683803712071,-18.97404282286096,-23.167294999312762,-20.204549032243925,-21.47328086859974,-22.395683108459313,-22.567055429817874,-23.98124814556233,-25.263832575333776,-26.59095363505336,-26.238010571750525,-24.023908100861792,-24.278319437444154,-24.243055998812963,-27.316401238907503,-31.69938333934096,-35.14774064430359,-32.46758381598132,-32.90905618852995,-32.346877265998025,-32.38216669385057,-30.787733382904623,-32.5761247503963,-27.539171677290625,-27.339202553027746,-24.72521238692132,-25.098233946416673,-28.25646108297566,-31.006497775453504
-12.62910445732756,-12.95374572820945,-13.022272807973202,-13.720437817329334,-14.651556506128564,-14.886248445769699,-15.430301647882331,-16.147138296653484,-17.356659055361632,-17.59266535529095,-18.84376061299077,-19.341309347169187,-17.301525358320372,-16.136841548137273,-16.749304727004446,-19.828143680903842,-21.619148214797917,-19.365743763658788,-21.031712020882637,-22.870105171330927,-23.674826056794295,-24.327071750506267,-25.850213342960203,-27.62714541583719,-27.22189692163002,-24.443806994200173,-23.528446698862084,-24.820434996006597,-28.70348398155872,-34.75931490663879,-31.74373101895442,-32.22978499213295,-32.572746928553734,-31.49988261448551,-32.07422277885483,-32.14861912532286,-29.716314881293506,-28.924598019005927,-26.931932612636864,-28.732251765094556,-30.020081444208664,-33.77070312725182,-25.67252072288699
-12.879973291445454,-12.98839585550896,-13.13184159738428,-13.89640393952909,-14.445305677267006,-14.824332936253079,-15.252374251967769,-16.740497195165727,-17.692017193025887,-18.79522961048859,-19.84543180025349,-18.616373900758564,-18.285997770006055,-18.03015445753698,-18.621371114020807,-20.613213825290888,-22.03195461550286,-22.42519045477663,-22.250600131964998,-22.801865266257145,-24.348578017894358,-25.285469816952958,-26.828979854155083,-28.662314151702414,-26.614493572637457,-24.112509500052713,-23.762640543814335,-26.725907991875705,-31.581778674557516,-30.825011637434514,-32.16324792750308,-30.74034487757001,-29.693810376670523,-31.95785147170295,-30.139607338037923,-30.146342093631162,-29.55564851139647,-28.550104746701038,-30.46199932081076,-33.28622192946774,-31.301547004562362,-24.72294548434793,-24.00280715584531
-12.938477161536827,-13.04433968649654,-13.230357184916137,-13.614860685078991,-14.160854749464383,-14.496642257039891,-15.811503507139472,-17.264712974273664,-18.43717467663008,-19.950593672802675,-19.348607982846175,-18.627414111285656,-18.860649015139735,-18.82557706243331,-18.851575264680566,-19.642406060554944,-23.233183486238016,-24.35730218126494,-24.13112244260123,-23.008093434892462,-24.64435517631706,-25.65949001160572,-27.348704402262655,-28.59973062551191,-25.282615185397475,-23.76494891149467,-25.368215821375635,-29.252772038536087,-27.361555048670176,-31.18560958491303,-29.462007438617064,-28.812302449634515,-30.265784875673685,-30.913993950938604,-32.42388302058491,-32.34407933776861,-30.116776384964908,-28.48579724391279,-31.72542668849846,-31.512065957745776,-26.205066233130587,-23.193681486071647,-15.250908483578081
-12.44854529161039,-12.509380527967037,-12.72116680307663,-13.361832167733192,-14.104965118911611,-15.098174883323287,-16.120596523293134,-17.08225141046001,-18.454505419181785,-19.883573523546687,-19.24678944108695,-19.484983874446055,-19.538605294981362,-19.529811934876612,-19.41184961638646,-19.27407159212839,-23.011851712256185,-24.541509264908917,-24.863830489214433,-23.456201246142374,-24.277955975313937,-25.90703630144887,-27.514030710961034,-27.47621058651375,-25.20855413763885,-24.487891900749737,-27.943104595158545,-25.337601632955657,-31.74033032293873,-29.070451323372826,-28.298615735352453,-28.914281478098342,-29.62837388665706,-32.88207141338495,-32.575813644283286,-30.73256759274121,-31.639841821230185,-29.103087183521545,-28.589736655364515,-24.882921437182244,-21.811458605220658,-23.2799785108498,-16.97213999414692
-12.358424704172865,-12.535283833592894,-12.93938050695666,-13.309496632013191,-13.98578029607947,-15.859189986565319,-16.02033632179476,-16.86243979856381,-18.760941279444303,-19.712707134677487,-19.877766650603988,-19.138518925612416,-19.361342725410513,-20.201075009699206,-19.250937049666344,-19.305493707160277,-22.53248802654462,-23.662337942864557,-24.789499164112453,-24.017904950554332,-23.955656934913435,-25.753742431098832,-28.333006140086052,-26.50740332001398,-26.9473057013541,-25.770357632606938,-24.800664709003676,-30.40096901860291,-29.275662993946877,-27.84217418894106,-27.064502142991074,-28.02865813207293,-29.578864278150284,-31.95653989350305,-31.112411118335885,-34.05058058257681,-32.52602737531123,-32.92219292670343,-29.88395658140525,-23.43252140227183,-24.974033801904092,-19.919976219671096,-20.625885947750874
-12.873393777149422,-13.08168624259629,-13.403221765519115,-13.63347879650712,-14.556229163450766,-15.477389722896763,-16.058844659529736,-16.991070001480878,-19.691121855432705,-21.508818561767136,-20.06375228498051,-18.904303838816578,-19.45576656327982,-20.562047871684502,-18.680131227912156,-20.482384060207384,-21.63212840349369,-22.780299773720607,-24.202309795152303,-25.517878687069494,-24.92074656140726,-24.921501959945413,-27.16491887737054,-27.759431109437028,-27.25055273248375,-24.30421443506192,-24.586665315577726,-27.767765609091157,-27.579294912136056,-26.772784447707,-26.77530355800339,-27.388635742821346,-29.80699164362275,-28.835881708523264,-33.16871326280723,-35.50038116697439,-33.03305904615568,-33.60262527859866,-28.685644518121308,-25.54066607904711,-28.51257529764406,-24.203787573420037,-12.843803024284249
-13.259072184467659,-13.42960836859241,-13.749162609366381,-13.859961263429243,-14.600311966887887,-15.417425434863265,-15.951219089755213,-17.14345066647961,-20.102774442694418,-23.25702668161015,-21.027717534816034,-18.990588429790307,-19.890551817295364,-20.827847644208376,-19.26539953009628,-20.99924093756912,-21.02653510395771,-22.48042476442761,-23.59568886459154,-24.30341992304138,-25.443846957265748,-25.81039772518753,-26.315150018600885,-24.999460179552496,-28.89790581318562,-27.75576455952789,-26.479673398159058,-26.81999200592064,-26.641012662520783,-26.40581833005836,-29.34685286215515,-26.188180131104943,-28.77357341460769,-27.446197249730155,-34.32635874780347,-32.868009481508665,-31.707156900760772,-35.41258799333497,-31.791250336037493,-29.058579388889232,-25.979575619724283,-21.342217353785884,-19.603775750780677
-12.827042981068258,-13.484039475080547,-14.194245416362719,-14.547053923462704,-15.158380887190491,-15.635761477331418,-16.159571768779653,-17.13821003389381,-20.340463468587494,-23.095703003652297,-20.419149823310075,-19.35039628747478,-20.334073949948838,-20.79897644538147,-19.754539407926558,-21.714240238670357,-20.118503620588616,-21.46644714761992,-24.173663975173,-23.19035445944344,-24.608478734906225,-26.24501381977238,-26.633105029236745,-24.188297173281317,-25.024610942454782,-26.224991396067793,-26.739154571025555,-26.631907221526205,-24.79847401126844,-26.142032952952754,-28.34154038488533,-27.685237899760622,-27.178734409828095,-28.90915424823813,-29.63922741605396,-32.005446762030196,-32.909726675223524,-34.815802472676474,-34.52592274129262,-28.971907290116526,-24.83240812212295,-21.100835372851126,-19.17055570147714
-13.076444182828665,-13.524033975274497,-14.422988522804022,-15.039185418725655,-15.601581569833447,-15.883568686847575,-16.824174017278914,-17.80662235196341,-20.263206143934372,-22.501302070453598,-20.114256222542767,-19.291607807651996,-20.747274027711562,-20.931171472039466,-20.35951419520648,-21.680251188753576,-20.692888619766702,-21.65433221311464,-22.70416629241322,-23.05146310032943,-20.991923044748464,-24.245183040989968,-25.720508223747686,-27.071336797374457,-24.55830768137627,-27.307992623205358,-26.56347709799077,-26.79642448407401,-22.981828843353988,-26.574749865916694,-28.31988012144475,-25.972736179773726,-25.59393165359685,-29.834126072550735,-30.288934465655263,-29.177232274240527,-31.50082120433927,-34.870647317464595,-29.313242599906744,-26.845054134358694,-27.547745665194274,-24.255178345697033,-20.81431191554217
-13.6664977537742,-13.684938590918305,-14.188817471424581,-14.768714490178185,-15.317724921514529,-16.182595431537276,-17.738999432898304,-18.316000698746553,-21.42423228483771,-22.358028690202207,-19.829978865895022,-19.817335349842153,-20.215052878090937,-21.115864280459917,-21.12902680696629,-22.058068434683328,-21.331262014081616,-21.55195293618906,-20.783122781981675,-22.28322108188306,-21.529369033667177,-21.633965005550834,-23.656466775021062,-27.0994933651385,-30.447205156829703,-29.66740708350956,-27.216204678559556,-27.833381187663292,-23.736121659218817,-25.345800857166818,-25.412365304303023,-23.92197412645517,-23.893997959892275,-28.946223887912378,-25.46051055099262,-30.92958921911774,-30.603905713262247,-33.16103806101108,-29.355376648698982,-34.91900624366345,-27.675408086554583,-25.97807519680286,-31.238870151344273
