public/json/wind_2018-09-1612_700.json
{"header": { "discipline": 10, "disciplineName": "Oceanographic_products", "center": 0, "centerName": "Ocean Modeling and Observation Laboratory", "refTime": "2018-09-16T12:00:00.000Z", "significanceOfRT": 0, "significanceOfRTName": "Analysis", "parameterCategory": 0, "parameterCategoryName": "Currents", "parameterNumber": 2, "parameterNumberName": "U-component_of_wind", "parameterUnit": "m.s-1", "forecastTime": 0, "surface1Type": 160, "surface1TypeName": "Depth below sea level", "surface1Value": 15, "numberPoints": 4800, "shape": 0, "shapeName": "Earth spherical with radius = 6,367,470 m", "scanMode": 0, "nx": 80, "ny": 60, "lo1": 109.0, "la1": 20.0, "lo2": 116.89999999999955, "la2": 14.520000000000117, "dx": 0.09999999999999432, "dy": -0.10000000000000142 }, "data":
[rows 19 to 37 of 60, columns 0 to 41 of 80]
-10.707313994606444,-10.109323506044877,-10.037645128395383,-11.083618388114523,-11.325005688293775,-13.575127394563383,-14.915175875222534,-16.44200537159042,-16.87666869317114,-19.614240792059153,-21.782529883722745,-22.686908476826392,-24.87844192386995,-25.896689917820282,-26.12941878289067,-25.491326413816402,-24.206915240995226,-18.984311703446686,-18.58961508229375,-17.121682957412464,-15.554907897024002,-10.77941292987705,-8.792797809955301,-7.847045923394921,-7.940634401370085,-9.825706768690303,-11.41425899252094,-10.542727800930791,-11.262885281375048,-12.085456248804592,-13.871530836366414,-8.656599185475752,-7.96069311368542,-11.06090540929223,-11.06597740795416,-12.310160122691668,-10.148097024557353,-8.563069679242663,-12.13192573896673,-11.302934750055172,-12.973696777048957,-11.320038717210581
-11.25415674543337,-12.003989171091032,-12.34025893709157,-11.571617358352826,-12.449584713436698,-14.854911147016173,-16.417396640857323,-17.9028975497115,-19.245176479524726,-21.354270602807357,-24.23249479328281,-24.476855607100553,-25.51261847199983,-25.72331239908606,-30.748124414843836,-27.633696847089343,-26.953979332057585,-22.516428067109864,-21.33204085052735,-19.35322060895574,-18.116057292565394,-14.636050582574452,-12.592101111509312,-13.356200549313487,-12.73431430213418,-13.65223677676771,-16.263619664865914,-13.476539231126804,-15.675579829134572,-17.310229069620682,-17.93311812161702,-14.270861896975898,-12.219801901065418,-13.194688461612154,-13.486737146238559,-16.21522960504427,-13.706304648156141,-17.592097735074468,-17.30824942745832,-14.025266455951801,-11.634398765748042,-13.019370805698475
-13.664412735297796,-13.292888968902975,-13.023168091623269,-14.056975481093495,-12.850112836594143,-15.301285395752437,-20.058785495590374,-20.051320389185353,-21.37003801781617,-23.259832920342124,-24.665023309399746,-24.479574236824906,-27.20251090749269,-27.708000244070952,-31.56604409663662,-30.506963956506418,-29.729593136072587,-30.881901922737512,-26.929175923340654,-22.019461235987087,-22.348365070791207,-23.694593888967823,-23.14542210752402,-20.681116582023805,-17.893461211200954,-18.277277486087286,-20.078689566792974,-17.417230879064498,-16.076875357926113,-18.586222864729702,-19.882590629789885,-16.238782594613603,-15.46611663284576,-15.40877462015336,-19.168272361889077,-20.382884060342086,-17.48608360696412,-14.851916111340444,-17.56076061575021,-15.11643321498677,-16.185738965010646,-15.309140143702335
-14.918707749535177,-14.824578907907803,-14.248683508346765,-12.90904502103295,-15.911954058667565,-17.167813671668263,-19.489577121536215,-23.45077268285206,-23.534405197372976,-26.295426763063197,-27.466896364836145,-27.80765780796894,-28.42618616071293,-29.05184788645171,-30.464195570256756,-32.37458950614383,-32.84907194836635,-32.77013583776276,-30.360504625539335,-27.060610852146795,-23.03394114946295,-29.58851291248573,-33.73918148901038,-27.14398213809475,-21.716488981918324,-22.289866104250038,-20.999192416298868,-21.544816344861605,-19.477059552698314,-17.07656516058639,-21.756609169040175,-19.590904041195483,-20.447571474074262,-22.110577824761926,-22.931280642130222,-19.789819760010268,-20.830713412517703,-20.359074637925676,-17.149031423542898,-19.85584921511998,-19.52738403549697,-16.61561538227505
-15.796224912495825,-15.680700627612719,-15.23510868904479,-15.402180209762644,-16.340599377489234,-19.38846073683898,-20.933628746926523,-23.393585375605532,-26.363679191688064,-28.563261116216044,-30.49902554564564,-30.651873025694737,-28.895637126005358,-31.639863636391354,-34.92887135091435,-36.45820055886624,-37.454050229944436,-38.52206413018229,-37.095392440250286,-40.347041419946606,-33.96701372151807,-31.844887329038492,-40.1350340945327,-36.638547344911395,-27.758515074106263,-26.86256043266002,-26.10926178683989,-20.346655201460052,-21.381518757312637,-21.183572024219018,-23.05308639300093,-26.484202583565025,-28.154154348795842,-27.961195443707076,-23.225903159644282,-20.946405838384685,-20.185824001296968,-21.449235433053,-22.20987097029223,-22.832181336713635,-19.606072984269343,-18.816236508623426
-16.581838821902593,-16.90285675237206,-16.197334759330403,-16.84873027500542,-19.660995988519964,-20.416478836763247,-22.709034977996524,-24.19116530249792,-27.62800076160653,-28.6271349111452,-30.15033453357296,-31.169530204411387,-32.19620533707417,-34.384434432381866,-37.6827590774733,-40.375765527225504,-39.68992550483645,-39.78077346034042,-35.16355367868775,-33.912292081746756,-33.11432538484033,-32.718607477113395,-37.87922673138658,-36.162445835099774,-30.446780938696826,-31.197920613058496,-28.78328598335655,-29.65778052659917,-26.932326795970724,-26.16120933362034,-28.072039510148578,-31.72862188917393,-31.602929909174122,-29.930868153878414,-26.58077798230778,-25.39537383461987,-21.82983426648307,-24.202504706921236,-23.40082568136044,-22.368585006673268,-21.92556690363694,-18.691070691467957
-17.423645486021698,-17.95224811881647,-18.68586513535073,-19.685603695677692,-21.17703401181773,-21.520334429323007,-23.318807303503025,-25.954569069616245,-28.719237633122933,-28.785286244086162,-31.60324667525054,-33.528316855787175,-33.347739728928886,-35.712960925585534,-39.56259429525599,-41.85961726221109,-39.63752722094604,-39.90499696291279,-39.346677738107324,-37.031104777430066,-34.93909279147097,-37.30110493028869,-40.399075751567864,-36.834422214173806,-32.261396291407934,-30.7447929424703,-29.849745017256218,-31.885023199651627,-32.41438059108783,-32.67222585026185,-34.65954971838444,-33.06029308224939,-31.083981741969513,-28.934332864887885,-25.425115058768156,-25.48940023951132,-23.572819377948765,-25.844286085781455,-23.11787454340333,-24.02897530164995,-22.224673089701696,-20.900108047981703
-18.761624179013435,-19.22723866918743,-20.319085813860454,-21.094597208804174,-22.052629142023527,-23.808402386784103,-24.882822431827258,-25.60496276940033,-29.100817126929442,-30.908624489943072,-34.109095435054165,-35.10741343274579,-34.46015589697921,-36.865207009132035,-39.675739607402484,-40.60725385575132,-41.17186840709144,-41.78494282155479,-37.66094489866759,-39.73447839744062,-40.2022523726668,-37.6762137287714,-37.73045589565352,-38.73040476768395,-36.99999775753796,-37.353763809092385,-36.758663960454385,-36.665360734746606,-37.307751438406946,-37.292933178567566,-37.07643597644877,-33.04355490698873,-30.507843125725834,-28.303396190834174,-27.96482707583443,-29.019885613311207,-29.11962389845718,-27.11862319735183,-27.762582026879514,-24.885863359038687,-22.499822525688604,-23.63688205735764
-19.835466913804662,-21.401923377284188,-21.676843090027496,-22.986705353903684,-23.880143242478717,-24.655569365258735,-25.72154333126565,-26.750116297769804,-29.796725523591167,-32.248818780211124,-33.968553708061755,-35.82891385495725,-34.48823230723614,-37.76841325162047,-38.197356038026385,-42.159638861028405,-42.389258178617695,-44.842150420514834,-45.47533579996944,-43.329990672573274,-47.266244120771255,-48.78708034770987,-49.56560994167452,-41.8679665313182,-39.46204090958832,-39.49632354919211,-37.112044701003654,-36.949358726534875,-37.55536942987931,-37.64160865700169,-35.330459130552626,-33.22363372527429,-34.17461677485547,-33.61171230362436,-29.573658279189782,-31.737682459494355,-29.936633425588287,-29.520481188979733,-28.131928618951612,-27.23668263335625,-25.893606662254932,-25.05132870983707
-20.95650913650734,-21.727234940673764,-23.10161584199865,-24.878577300986798,-25.087501949608974,-25.036283387301445,-26.207609603802826,-26.9072488968144,-30.295514028783277,-33.707848376814695,-34.3439950822957,-36.61116011849711,-35.5352876680494,-37.57808822816706,-37.912097070867446,-40.757291410716405,-45.04570587604732,-44.52811103037578,-45.66101862703316,-48.75532064903339,-47.52462749393462,-50.613153021214536,-46.61209168034138,-43.656484146750586,-44.5657883106867,-41.17874379532739,-40.43325482273915,-39.62206208241883,-37.6394636797546,-37.46549172311793,-37.575278735874065,-37.753364523806525,-33.320354636003245,-34.51780794790267,-36.338017031580726,-33.36198120240439,-32.79578775199934,-31.865099846755086,-31.40811349808001,-29.363591539246507,-26.584574303044796,-22.012663366132486
-21.003382397823763,-21.82757907617461,-23.603675632080837,-26.104622539512437,-25.763196463677524,-24.943378552142235,-26.521041599618425,-27.382104519607477,-30.575250130935537,-34.016993173225096,-34.626652747155575,-37.21828941277231,-38.509992177007796,-38.609999477338235,-40.37556467793599,-41.69212535806919,-42.04431239667692,-44.734420795720105,-46.156867303218476,-43.68615239224053,-48.09729346972931,-47.20709134881028,-49.017162172081214,-47.84976274205853,-40.15205687755426,-49.85072474011655,-45.45991094040893,-41.024824866621714,-38.96113559198956,-39.2871650490036,-36.61429076427784,-34.46739286458273,-37.93882351607788,-39.872884950507185,-40.514980493202025,-38.34597161684998,-37.14870071197048,-35.22938549550126,-32.985273373878094,-27.7257765620459,-26.02707657802655,-23.32636786689274
-21.912108756561583,-22.4748616120158,-23.300605398815286,-25.098059898588126,-24.813798012658168,-25.36668476548089,-26.828482612669085,-27.931542270061676,-30.240656387326897,-33.952525293077045,-34.502205577301396,-37.68531531108148,-39.12851752802748,-40.98197153774478,-42.63037963495309,-42.26478672540671,-41.9730911518954,-43.43364945031571,-45.490677875592674,-43.20823125231158,-46.71759818836784,-50.30668220331128,-50.1065619759933,-44.89965294611147,-48.396219328239084,-49.9732472085462,-46.41143487883072,-44.957996412307025,-43.342958967400754,-40.179351888176214,-35.56110249773029,-39.36733989239535,-37.74195173075256,-38.306012490270554,-39.42134414397213,-38.951855159640914,-37.56223794463369,-28.056398053906225,-31.774030809677726,-25.185841381479616,-31.628233304333875,-27.927669447021284
-22.73376212073765,-22.6904279559385,-23.865512367957997,-24.55503233774387,-25.514273227957975,-26.74475851146122,-26.61185727634253,-28.236873438750692,-30.33586044080828,-32.95317872379526,-34.29201833656155,-37.55899696511784,-40.21529224289266,-40.564520568922,-42.881065135762604,-43.197552538605876,-43.43202678175325,-46.87648856195874,-49.46394822980692,-45.64766311224866,-44.889265274405794,-47.6275956707581,-48.725896384786665,-50.709426537745394,-50.0879118334749,-50.72272340183834,-48.86751507266314,-46.98033859248649,-43.676057877811,-39.73032683748423,-47.31045713793243,-41.408324996867194,-41.81484788710298,-38.479467450680836,-37.319012225396314,-37.501849994496126,-31.903310737371577,-30.141705947704622,-26.896336461638228,-31.07606236177798,-31.02058898822488,-30.47173069777693
-22.491305346361244,-23.376377477634737,-23.63581250816863,-24.87382841009549,-25.269765581868565,-26.476952209738798,-26.628677116221954,-27.79760001481863,-29.727667506840923,-31.90440322876696,-34.50872283497074,-37.05223524949632,-39.28164079658885,-39.419523708278525,-40.824252062634514,-43.42924124672246,-42.42387111660849,-46.00673996603209,-46.864898088046175,-46.77700739206403,-45.4367108985378,-46.32202776642776,-47.39204166888191,-51.48541171729794,-46.67297440237083,-46.32053017730539,-45.35036804872921,-42.157575549373036,-42.4396469182953,-43.68546669592485,-44.959281134992544,-41.98853470505853,-40.444712240674065,-37.626584980680875,-36.300071477310105,-34.12718215925306,-30.26422021141371,-31.04108963163275,-33.62084791554327,-33.26654992657933,-32.16075586671996,-31.236737235200504
-22.859203567013786,-23.082601662645168,-24.813740352348628,-25.41003744773811,-25.677280937328828,-26.11674724702641,-27.648890363314536,-29.107770057903736,-29.247917906620152,-31.121041675667037,-35.298049040418775,-35.61942992366855,-37.38215082678497,-40.07798100627403,-38.836200680562584,-41.41069460971024,-43.189810721788255,-44.17705608169809,-44.45152357068782,-43.96749196913893,-44.63257881870065,-45.43994372768507,-47.690747734049175,-43.59368724668859,-41.96899911568155,-42.60545547986058,-42.61878438387265,-43.13277331006597,-40.24428840890165,-47.358939359913144,-44.667315366680434,-39.775983031793366,-41.03661678955363,-36.959767132718,-35.772596324226285,-34.969541361041614,-35.466651545966364,-33.40645682339772,-34.49477778357645,-32.42752720814296,-31.269384005376825,-29.038935204142597
-22.331741228724383,-24.10513652239327,-24.99249397212533,-26.951831577357137,-26.32596472788186,-27.46316990681713,-28.63052458421884,-29.114579925707343,-29.013095958127977,-31.089839120782802,-34.39587538808898,-34.466566029398585,-36.4443727969641,-39.306009805760446,-39.26270323539464,-39.62968670490605,-42.19577203683864,-41.41662124651807,-41.746804746020004,-43.13686580045637,-42.461792306542925,-43.610993943997926,-43.32938461464329,-42.13946238550817,-39.04292713066338,-43.96287784396563,-43.3971046763298,-43.97952910137154,-40.740390673507505,-44.05689463302969,-42.62066178077835,-39.40528520919018,-39.96148269302947,-38.79187237779923,-37.30100936263157,-37.790010547266576,-37.207099509810675,-35.73609762348054,-34.26022986335128,-31.866664727058566,-29.786472945056563,-27.47825545616351
-22.41626645602425,-23.755266953076607,-24.749518298855904,-26.297582477496828,-27.466710696967255,-27.93781831473688,-29.561814846557212,-29.883346337047712,-30.14666084358492,-31.770586898539783,-34.23508881065883,-34.30838673850301,-34.938815696506744,-37.617650938547506,-40.17711983321928,-40.72277289802322,-41.006852850121476,-40.44925504535305,-40.95079387216564,-44.337721879076085,-43.04171663529077,-40.08805958703128,-42.775147273932696,-42.26662526158681,-42.258443097783534,-41.15071555233109,-40.99150212684302,-41.46956000292069,-44.03619651133728,-44.34035766820971,-42.608954980763606,-40.89154494059526,-40.75937764135662,-39.16339656703339,-37.00862867917176,-37.91477391445707,-37.26704011808855,-34.46358652328079,-35.31486741019136,-29.399475439778268,-28.610445659210782,-30.103021335495935
-22.47447760831731,-23.85545984773436,-24.30300841402386,-26.2264095825169,-27.591738441611675,-27.725624999149716,-29.15033855768627,-29.95968749595643,-30.41623128735468,-33.36228994133188,-33.48425399812962,-34.15620793185687,-36.231897651418976,-37.30264745058321,-40.09624131977727,-40.195589110573465,-40.87897737304451,-40.11599846612287,-40.54699060953877,-44.11296461985805,-45.20727962210906,-45.54090878552892,-43.57744889911586,-40.65322653376573,-42.83369645234167,-40.58754206345992,-41.62084135891372,-40.94604729488831,-40.18291164037713,-42.07971273844321,-41.605162044623555,-41.13735313805099,-40.19270829677215,-38.07049338073598,-37.65531348124006,-34.7897214707379,-35.81861074736441,-35.31420045652852,-30.10485980321245,-31.59401693420272,-32.482127474941585,-34.768402538844946
-22.784731396354058,-23.49229331148442,-25.03939506013018,-27.093435092233168,-27.56943957591649,-27.495007060525705,-29.033345436795436,-31.771226408552586,-31.620488772647583,-32.501970491338525,-33.89672543786128,-35.07920447157437,-36.58216061960191,-38.7618389273762,-39.20897926694316,-38.91518636319799,-40.32079603664285,-40.72850841843073,-40.946848308203926,-40.98464760623172,-41.94332763582119,-41.99673792930439,-42.4368821065576,-47.04611127204703,-43.99861809506689,-40.901205062097155,-41.43937395269821,-41.13045817888322,-41.137501589002675,-41.83715053639384,-42.49696573123134,-40.35324933686593,-38.939506190351686,-37.28236273085233,-36.413945381854774,-33.99640579756352,-33.91879022055775,-31.987394899068317,-30.99121156148416,-32.62041458168082,-29.634554659880358,-32.61207683099549
