public/json/wind_2018-09-1519_850.json
{"header": { "discipline": 10, "disciplineName": "Oceanographic_products", "center": 0, "centerName": "Ocean Modeling and Observation Laboratory", "refTime": "2018-09-15T19:00:00.000Z", "significanceOfRT": 0, "significanceOfRTName": "Analysis", "parameterCategory": 0, "parameterCategoryName": "Currents", "parameterNumber": 2, "parameterNumberName": "U-component_of_wind", "parameterUnit": "m.s-1", "forecastTime": 0, "surface1Type": 160, "surface1TypeName": "Depth below sea level", "surface1Value": 15, "numberPoints": 4800, "shape": 0, "shapeName": "Earth spherical with radius = 6,367,470 m", "scanMode": 0, "nx": 80, "ny": 60, "lo1": 109.0, "la1": 20.0, "lo2": 116.89999999999955, "la2": 14.520000000000117, "dx": 0.09999999999999432, "dy": -0.10000000000000142 }, "data":
[rows 19 to 37 of 60, columns 0 to 41 of 80]
-9.282490483818826,-9.862946964302468,-10.12435402576973,-10.174227256962443,-10.464993967871084,-11.193497391223309,-10.890713528679498,-10.555944669686397,-9.972728118557939,-10.546537634249066,-10.543946663929956,-11.105767390842857,-12.054592823879412,-12.577406642153788,-13.229894173187695,-13.70403185055945,-14.065426024770362,-14.627192621698972,-14.5892049126441,-13.564621630911759,-12.106689674150774,-15.483956734480188,-15.202140071970671,-17.62585630103681,-18.055373194694653,-17.10034148976537,-16.35822653979112,-16.55453926107314,-16.39730833257912,-15.33936381261834,-14.093939864488378,-14.615386128830172,-14.629093209372442,-14.067560451674556,-14.613977041184627,-14.986469720971165,-16.03816541411235,-15.154293525292063,-15.277802625188341,-14.471154845468947,-14.760496301287002,-16.03307019066852
-9.813920215812036,-9.707750695370235,-9.538186569451463,-9.703124485296158,-9.90526827538709,-9.691319010859331,-9.657219535788682,-10.169851707708444,-10.086384894684961,-10.15136258783626,-11.223773821088715,-11.23937267652135,-11.901160606571036,-12.690060862646286,-12.598342930073509,-13.76284564318441,-14.219105480394834,-14.541248786166783,-15.272297841529852,-15.454254328142706,-13.586940410252362,-13.909115975581374,-14.842945126119629,-16.802756134768433,-17.756879541333603,-17.159342640775197,-17.45518330477562,-16.479556014735138,-15.858989195565535,-16.459592267947894,-14.588729845376932,-14.072371214421768,-14.163488777500325,-14.890979120345918,-14.838139913977866,-14.03566134050483,-16.139075532858712,-14.980379296903534,-14.61944705873664,-17.404052524844218,-16.459958923630637,-16.765568898278143
-10.051023138927434,-10.004996886236516,-10.109111174624534,-9.603567956764374,-9.183638455821384,-9.493076729887322,-10.207800044654,-11.295628662605758,-11.001735612327817,-10.989615431077318,-11.276291672185053,-12.082380066236812,-11.780620449849632,-11.641199274714726,-13.46181615773879,-14.01224963730573,-13.889259509667072,-14.972204626556938,-15.388958919737126,-15.3220973714933,-15.822644620575879,-13.94651515816391,-15.412486299925288,-14.71647025166295,-16.104120047294295,-16.877705040015893,-15.914662961485506,-16.57350241548492,-16.519946085420887,-15.721797266970931,-15.814222865971617,-13.634608920264768,-14.012612472592078,-13.98371296542314,-15.59744515405175,-15.085653161311184,-16.18905540347871,-16.12784335977381,-16.39096572852242,-16.551380882754557,-14.483615836724839,-16.328395444838886
-10.777056928816048,-10.430239346815613,-9.86531294364274,-10.347579688942018,-9.702419311426953,-10.147255213773523,-10.381857352170886,-12.111663486663998,-10.981248823926506,-12.04135517908562,-12.4580611130873,-12.212037867074514,-12.077581604265859,-12.404443354053335,-11.800675417427101,-14.348933161269184,-14.48398749547751,-14.912448794867984,-15.433865073701703,-15.682376741151657,-15.467645062925719,-15.583510723252832,-13.510853899826383,-11.198210360608904,-8.276796983794096,-13.286389465735603,-16.247190764849023,-17.00028547561185,-16.39416389376656,-16.993138369732087,-15.523329443553367,-13.865181618046476,-12.993803445026375,-14.327964971685182,-15.39046218274218,-16.75030804738929,-16.356532271712496,-16.68742564336257,-17.140002083699088,-16.068840449924714,-14.817088607296327,-16.086179869805267
-11.510478433001794,-11.167161276838334,-10.59442354824275,-10.472619632780695,-10.185058066763897,-11.007834078420426,-11.430391135801617,-10.751781466576722,-11.871183302329008,-13.55495681937384,-13.08776313702863,-12.80775569189306,-12.842010075261895,-12.056033063040555,-12.626995790106289,-13.34320283905474,-13.720858562143535,-16.279467995260053,-15.767464859945896,-15.00436603141231,-15.180350149057137,-14.308993460032017,-13.741546656371645,-10.674996196805923,-13.754580314465823,-11.073206264046838,-11.460816187550037,-16.286580569564357,-16.759540417759595,-18.072646628454372,-17.38330492821077,-15.599511110148248,-13.458289771852026,-14.061627380797376,-14.783039726057135,-15.904568725674746,-16.634613508794292,-16.47411699425011,-16.75846179677163,-15.581768822911787,-15.18815988239257,-16.82101150813688
-11.846328400640843,-11.865267867308496,-11.569144357860878,-11.431921672216372,-11.13713719858536,-11.641369931550768,-11.281518315319456,-11.165732165536651,-11.708330592198827,-13.16083867024497,-13.518180429201355,-13.22656739363264,-13.682556367035067,-13.303991113191604,-12.56978246221874,-13.09375088460399,-17.1152255523599,-13.735004985389573,-15.306020163434692,-14.451025214599404,-15.30753380458788,-16.14957409864597,-17.373694723110287,-13.268030685699525,-11.940535793947886,-13.883816064102954,-14.502473270192121,-14.18502445103942,-16.566877045983084,-18.45219957443811,-18.08662112654066,-15.582336068741268,-15.940792588540502,-13.085602190925764,-14.031496716585119,-15.300850701137577,-16.126158350268234,-16.23546741151977,-16.26099146348794,-17.254196124660556,-16.233818321274278,-16.4808882363067
-12.275102575263897,-12.468665235612605,-12.61249603797603,-12.261698796802127,-12.549698646623865,-11.809850099638709,-12.198595012539382,-11.055589177558693,-11.673713163026711,-11.809862214962976,-13.496934467545115,-13.56617662696244,-14.352596713905754,-14.038042766697323,-14.037453167291549,-15.027987371754946,-14.173229625049512,-13.762088242969305,-15.905903765943812,-14.358863865501696,-16.17263036788796,-15.69336866656473,-14.866866059708524,-14.834717746933775,-16.204092418512264,-15.397918890344965,-16.370620594082375,-15.551505712608215,-17.441052045774438,-17.480324712018188,-19.051988621767578,-18.32774863544514,-15.947201270184122,-14.681794662500241,-14.793403629454698,-15.083373294471514,-15.432143644716406,-15.700766941880644,-15.470724452254114,-15.744703477547981,-15.180146953188444,-15.439204710902006
-12.479081341858457,-12.858131596075292,-13.505458284835008,-12.968642651977827,-12.718345053283517,-12.745709963665373,-12.33824844435896,-11.477779216187558,-11.811991399815811,-11.546104132615522,-12.424433298524391,-13.548027392911024,-14.503034308565852,-15.125700508682659,-14.557778390728824,-15.498904190636804,-14.67580878014108,-14.391264454600229,-16.255694995207964,-13.782108081675126,-14.288338904907505,-13.233716038975668,-15.280849515173053,-16.056958619935244,-16.530131739434374,-16.74424712447599,-17.11084761498033,-16.939557316270385,-17.080434660724976,-18.688295585374657,-18.269654244946402,-18.800829563167493,-17.38930654521994,-17.448456479620305,-15.572332205983134,-15.465944356296838,-15.4069476277499,-15.42295705067848,-14.113205858788579,-14.1726299760792,-14.279195086802737,-14.979826360025209
-12.03953589140503,-12.695261417390352,-13.56544060838112,-13.85919258814651,-13.26574113007812,-13.534056135897703,-13.157983764849575,-12.216446382671915,-12.495286954521754,-12.83811990560682,-12.682762105938796,-10.832905830530922,-14.056013784674393,-15.225433338647852,-15.569597624156824,-15.177352151295137,-15.412010089698068,-15.47446666364039,-14.916505531193152,-14.838655876282377,-14.656220188623493,-12.999467923492693,-13.031139306174003,-15.870437973385117,-18.40216313182824,-18.527737306146584,-17.379771204175537,-17.68805137933704,-18.13522359387748,-17.886303300218117,-18.921644400750257,-19.241044350646327,-18.010932318304807,-17.748229208655395,-16.85492347519522,-15.421548468151812,-15.87884397466221,-15.227317307836362,-14.900813728637093,-13.976641789545635,-13.682360536169996,-14.18273233461988
-11.934590894397104,-12.481571953660374,-13.254090540071967,-14.423042408353862,-14.55045311043489,-13.658627215960765,-13.969339728281053,-13.00900219876715,-12.884598071116338,-13.521415465894501,-13.8594802173588,-13.660084672171854,-14.562636492318028,-13.412436889051385,-13.98644801317512,-13.957959356730246,-14.573545743066674,-14.31322771808287,-16.095504183548698,-15.63416846659992,-14.976974219138247,-14.193345677394158,-13.514791417546554,-14.111599121420317,-14.783805909983862,-17.36909436790481,-18.026612353374063,-17.546337347081785,-17.639351867120205,-17.786641740930648,-17.981707426141625,-18.927880159414848,-18.352680416378846,-17.5385148656953,-17.17513705284981,-16.869516872219172,-16.183117427932967,-15.856820429193512,-15.52146531333291,-14.425365563874973,-13.507335020660939,-13.249695331302528
-11.568342581969324,-12.30111926883259,-13.427727853220855,-13.974788081379344,-13.970960429572639,-14.356544940165978,-13.750599247672955,-13.308402184083864,-13.399946082634072,-14.054050627236828,-14.384238312758775,-14.649166672240103,-14.880549708258899,-13.45985963174278,-13.632305072012828,-14.17526132955369,-14.628543504391699,-14.981339128905873,-14.533349639746172,-15.098344357089122,-14.576087272954943,-14.621348949851686,-15.528765671301095,-14.398106194541656,-13.132421102458416,-12.890894346733553,-15.043369110897622,-16.928140345322056,-17.937625869593212,-17.216238422033307,-17.08513214987675,-18.442563973874417,-18.617370755434692,-17.648835892938344,-16.682393125890826,-16.825870248018138,-16.926611263587514,-16.828824573400663,-15.717747058984113,-14.56670976885579,-14.0168417040382,-13.550582944085644
-11.30115569410168,-11.658039807936376,-12.59793729075725,-12.357767737483295,-13.16448020546561,-14.770607881997899,-14.289451424110409,-13.949263056559627,-13.964630631076714,-14.361193377767531,-14.414549190752101,-14.52814306131736,-14.30398624177848,-14.636695585659504,-14.51279736272669,-14.343841214234207,-14.418697566420029,-14.718885367883116,-14.497783725447151,-15.05208589637692,-16.206900605395877,-16.007790001430592,-13.755822634800008,-15.068012250529229,-14.100903737890732,-14.953544744574023,-13.521972597870317,-13.375337591539758,-15.232844790438628,-16.98543372952651,-17.138651223943434,-17.772943338907076,-18.64242171845128,-17.710962823537464,-17.246974915642134,-17.095022999474395,-17.475787494846145,-16.680221737320338,-15.522904249644911,-15.264041931061291,-14.520639736223139,-14.361582760429256
-11.26244911858691,-11.799067655498584,-12.243038708361706,-12.522194997609112,-12.844751010701842,-11.824148598052892,-14.161048750238095,-14.381302954583983,-14.679646129740581,-14.972331941941736,-14.46461881540409,-14.517909388590637,-14.281575458784449,-14.16978746600815,-14.779613021658323,-14.814781675079972,-14.727512340518684,-15.105583467209268,-14.91554349746141,-14.870000576284141,-14.893753703030239,-14.354457794289027,-15.30320592559939,-15.112448723498229,-14.654534485194244,-15.421400094420395,-15.839726957755104,-15.99578872780602,-16.01994887566382,-14.90999558225134,-18.46161628974434,-17.83841196074763,-18.375898850665873,-18.84165468337234,-17.54399573682927,-17.793713639969063,-17.506296213119192,-16.84485924165402,-16.149012053898055,-15.817655983912896,-15.41681116638516,-15.244542886505883
-10.943154361027753,-11.573464531168286,-12.446607679708737,-12.597849624226113,-13.151851611963904,-13.309403859229574,-13.748959468923575,-14.199868691032792,-14.552488100880053,-15.109971911619473,-14.904192641401147,-15.27417233196884,-14.51719510014858,-13.946347787144926,-14.448977400015826,-14.312479254733356,-15.07213322682829,-15.327698185046337,-15.312003182715186,-15.805076271053538,-15.105336653539975,-15.115402163201434,-15.27494262440381,-16.225047970393156,-16.66503149091962,-16.04196377702078,-15.814459454822224,-17.096018240499944,-19.414763130282136,-18.410618919329384,-16.911056824959328,-19.710253337288638,-18.861070092062437,-18.987134682791265,-19.497146790515504,-17.914971381148106,-18.233021054681338,-16.55952810058292,-17.77093955153663,-15.639772419879074,-15.65318268272613,-15.477363217158075
-11.444853144163313,-12.005360394812147,-12.424728717781134,-11.896085805124208,-12.233895855291808,-12.339041543887905,-12.772096059787385,-13.35379051847811,-14.919001867858736,-15.381473209374015,-16.604185266571108,-15.18369567115818,-14.93359393936057,-14.377031570366306,-14.276189628152512,-14.755202499669258,-14.7731751880387,-14.659045843075086,-14.792087204300904,-15.416250032555633,-16.072243394580646,-15.461633231126566,-15.351762658552579,-16.177559512881245,-16.778435499079862,-16.973184812174694,-17.565441300013987,-16.473451253419995,-16.331116960345504,-17.005722149141555,-18.497989679091837,-18.86225494517516,-19.36995693624779,-19.392370560910464,-18.728183825679864,-18.011252094781693,-18.164697964343336,-18.026324945363786,-18.308124439612627,-16.753269609902787,-16.025128411329835,-16.011647342663196
-11.092765444131276,-12.974754559119202,-12.625255239669954,-12.724690338560354,-11.587257194013167,-11.904143803060329,-12.21422114780651,-13.175858714695265,-13.890021870845219,-15.644009179946828,-16.074882255913256,-15.72257455195448,-15.28345953558648,-15.035505780257314,-14.953646891703269,-14.906591912663483,-15.52621777866541,-14.511034885871169,-14.770812891160023,-16.041848044110054,-15.947654337310883,-16.019195093327298,-15.685573257211988,-15.253127688222385,-16.827398802227965,-18.468198943758132,-17.50434677398986,-15.793399210695089,-16.509307433557566,-17.84459065209843,-17.1402787627287,-18.320068440439677,-18.127186732746132,-17.041487200875366,-19.101071533584463,-18.523593749746695,-18.722243178501948,-18.535929301872486,-17.93784255260603,-18.652344344461756,-17.14376416992464,-16.28042934470273
-11.568075969899601,-12.185023718534255,-12.089500393668523,-12.33133359349171,-11.991754869532581,-11.7551421606571,-11.619057379539372,-12.30806797957267,-14.807052308522803,-15.70382507677658,-15.058391451000883,-15.889095410158,-16.038103186837635,-15.510803049102133,-15.423028852081153,-16.262733107408753,-15.650469722983335,-14.484137048336175,-14.492793105102397,-15.48734241584786,-16.25014896792947,-16.25940260938539,-16.494112297672697,-16.643270963077732,-16.076618132324903,-16.001605737507408,-17.971280919868978,-17.59482789440344,-17.35843131611214,-17.19026103549059,-16.47142604560414,-17.153681161694216,-18.060035744851998,-18.911452963063187,-19.02413451235206,-19.385318746632993,-18.30853056043592,-18.95989467971242,-19.273303856947713,-18.377602897637896,-19.010149496746703,-17.78903989578628
-12.694268132560588,-12.07518852322636,-12.470940993913029,-12.759780863722513,-12.230024606171005,-11.924325962907325,-11.947488503813535,-11.587317120614614,-13.124111967686162,-15.832879144916074,-15.687837287017192,-15.396401031407134,-16.747198129019033,-15.867848052420914,-17.344906754268965,-16.16026876562528,-15.830071656731851,-15.203878948428219,-14.37210577404295,-15.592145165934673,-15.427076642204621,-15.576151295162484,-16.841283732490226,-17.993621051136437,-15.345207421759039,-14.897501326485184,-16.433529335719516,-17.087918948614675,-17.538064704156916,-17.665582657316687,-17.630886823979953,-17.063785272185637,-17.58131057707951,-18.220085442053474,-18.29971986518234,-19.07452031539394,-19.552688311857615,-18.376866478390397,-18.245968042214628,-18.555797179545152,-19.119266354594043,-18.732130088365796
-13.948425666255769,-12.391131459966534,-14.088688576492125,-13.05040706944903,-12.565516284918854,-12.768222525191664,-12.290362154068402,-13.662901042150256,-12.135012052251966,-12.737444010147438,-13.408977813538993,-15.775700031619522,-17.60021563901727,-17.47666257277974,-16.297322305275117,-16.380520709503784,-16.427406035034206,-16.422735475941913,-15.633011942854143,-14.3916653480639,-15.018991695109221,-16.917455376445027,-18.290421922155403,-16.764974965124942,-16.72306041697479,-15.271646624962916,-14.957578045978416,-15.547551158505986,-16.454598800384975,-18.859727638179024,-19.12334709330768,-18.00982585145974,-17.60689198585231,-17.654625565790877,-19.36944636865714,-18.894985182106446,-17.614740161771792,-18.259899762580464,-17.482971554582612,-17.850099721433267,-17.27158062948016,-18.02012104736174
