public/json/wind_2018-09-1519_950.json
{"header": { "discipline": 10, "disciplineName": "Oceanographic_products", "center": 0, "centerName": "Ocean Modeling and Observation Laboratory", "refTime": "2018-09-15T19:00:00.000Z", "significanceOfRT": 0, "significanceOfRTName": "Analysis", "parameterCategory": 0, "parameterCategoryName": "Currents", "parameterNumber": 3, "parameterNumberName": "V-component_of_wind", "parameterUnit": "m.s-1", "forecastTime": 0, "surface1Type": 160, "surface1TypeName": "Depth below sea level", "surface1Value": 15, "numberPoints": 4800, "shape": 0, "shapeName": "Earth spherical with radius = 6,367,470 m", "scanMode": 0, "nx": 80, "ny": 60, "lo1": 109.0, "la1": 20.0, "lo2": 116.89999999999955, "la2": 14.520000000000117, "dx": 0.09999999999999432, "dy": -0.10000000000000142 }, "data":
[rows 22 to 43 of 60, columns 0 to 48 of 80]
-11.25875693546936,-14.715123176673893,-12.62105477160806,-13.81410027134993,-13.740370484133352,-15.263544882506512,-16.103015984551583,null,-16.73349764826459,-16.402714448736795,-15.218307957062967,-12.917125182867988,-11.214569659429195,-10.336559041799873,-12.551597103626552,-17.02423790366837,-16.000425011287696,-16.05309708755553,-14.319000954229953,-14.575491070890195,-12.313570597927647,null,null,null,null,null,-14.039823013134217,-15.935851286566614,-19.949001783633168,-13.322417349123997,-7.40179823182335,null,-17.671363362611007,-18.82093298054094,-17.490462219958918,-20.069883722911005,-17.794494910260546,-20.242193378513196,-18.723351993167118,-15.474784288428179,-18.320965203254723,-18.495169217324097,-17.763871399165097,-19.095733595174863,-15.394056172561294,-17.52686956716692,-17.058855062965847,-19.417114798302727,-19.639628456144912
-12.435270025553482,-11.674234229353594,-14.663960024683867,-13.199488342102885,-10.691027321310003,-15.525499240648124,null,-8.479138628167608,-17.235890134662892,-17.481279536505998,-15.710228987631563,-14.938563199164708,-12.118143602131129,-15.245839971389096,-16.188675209530857,-13.438074111799109,-13.68586864776832,-18.000933410161426,null,-15.925881757010933,-11.761903119226107,null,null,null,null,null,null,-13.529182323344497,-15.389513739298238,-17.309246623647653,-9.656125258110716,null,-10.336304581024496,-20.72158235136566,-22.258687121599706,-17.771554682564233,-17.01028353552374,-20.916374485696032,-19.740608867504815,-16.839407670842956,-18.183275503229236,-18.234663295817306,-18.5601892004683,-17.200790399876748,-16.415423119027473,-14.839478591917993,-18.61745094473706,-16.880926937892628,-19.61226479268645
-14.47119497850347,-13.548703643169532,-11.7311874430145,-12.806888974136097,-14.833331501297582,-8.23523671687502,-10.072011887793703,-11.97648699820984,-13.365469881819482,null,-15.0547337313658,-15.881837750487996,-14.199547420065443,-14.04437333781895,-15.757242531666847,-16.174483745977497,null,null,-13.376179412559996,-15.120344495228029,-12.016030585980525,null,null,null,null,-6.471079341182838,-6.080334029341605,null,-14.724186285226185,-17.048827879769657,-16.1506048764351,null,null,null,-17.98194804961151,-19.5226936917881,-19.606231246454485,-18.23650141966634,-19.850912441366063,-18.098849505795123,-18.0878824250901,-17.855481913095357,-18.616283270698744,-16.942092781398863,-17.468098304359874,-14.898764460955505,-19.305681079386627,-19.46253763581016,-19.483194030787537
-15.40263915119067,-14.282576408512199,-12.975120334020911,-13.009028359841242,-10.197283281606971,-13.863374484283845,-13.738861082778605,-14.250179228503935,-11.86394760072783,-12.597698471575685,-16.580634829075656,-13.543702266129214,-14.85854112143895,-15.677981423374987,-17.476417556771153,-14.625571688225206,null,-14.77310446868216,-11.722294248773267,null,-12.437190784342434,null,null,null,-13.168134138836763,-9.451877759732826,-6.04626199966704,-7.571794629365449,-12.78903713907141,-9.025068701497718,-16.05430011329487,-12.2985693966289,-14.24285596727261,-11.259443056675053,-19.838510518388045,-19.396015164378,-19.32234605943366,null,-20.525665175915314,-18.248730883635965,-16.744789883003335,-17.32353864382149,-17.810795240949933,-18.302474220662383,-15.909448171401948,-17.62780837451804,-15.145052361507975,-19.657481186989873,-19.026069046424567
-16.144283222020604,-15.454782333430275,-13.801860977545113,-9.30844183481803,-12.649293042555708,-12.858788803664787,-12.674041993203438,-13.275554611640619,-15.53745522580741,-14.208087525405249,-16.13156774184152,-17.016779081051503,-18.032128611386618,-17.28525897306555,-16.970220847973287,-16.66198299225665,-15.152148953052693,-11.739723266489936,null,null,-12.425507882185851,null,-8.599341932893527,-11.349205917075542,-14.232742931282305,-12.242379066146231,-7.449794837221191,-8.793806188249583,-10.617011147375543,-10.549003309313276,null,-16.926860517774003,-20.569367379417486,-14.395399801460021,-19.544178137619,-18.209121451363835,-15.770515190135432,-16.09957130691905,null,-18.171860244989823,-17.23436421924808,-17.75375834062286,-17.756549513725027,-19.448164875189804,-17.209437557563508,-19.654111638395214,-16.91781831719199,-18.568974501652008,-18.167079869086855
-16.18070699967017,-15.599190519678817,-14.896175231585449,-13.261083349580153,-11.458513647187974,-12.046650757047118,-13.481283752417996,-14.42638549027371,-12.60648688982451,-11.960581188171231,-12.599716812990625,-13.054704638428534,null,-19.324038352571606,-18.73094224759393,-17.761386388070928,-15.951269852561051,-15.169766615204635,-13.545206307187176,-11.575371037911506,null,-11.637000704838622,-6.521307853871708,-11.358162227047801,-13.759173102872827,-13.556764362436157,-9.847973281537977,-8.403773929972028,-9.040295439585343,-10.93149944949145,-10.432931168589061,-11.762627992293806,-12.40142820183114,-20.21423244027548,-11.444654224186694,-19.529935463416905,-16.484070393429167,-14.729819573011923,-16.63867665422264,-19.179613743259747,-17.68709178831496,-17.552121773659955,-17.96918809444982,-17.925239797194735,-19.273896998203988,-19.286937034761834,-16.344984418756603,-19.23943934360684,-18.5596111196572
-15.712175711571428,-15.654485575571695,-16.506952980217598,-13.76453412639082,-10.023234301217887,-12.649766437888925,-11.504776997732781,-14.444419149264034,-14.567400645449867,-13.733304434194354,-13.143818868168411,-11.629057937642553,null,null,null,-16.92414132414612,-16.478302674480958,null,-17.64411596245025,-14.58700519948825,-11.729130828376178,-11.72605047252463,-10.70611220255648,-9.176397505219319,-11.115430609675906,-13.020038974937531,-12.564220652791679,-8.65644859685885,-8.969712873280304,-9.90737823772428,-14.633907579045424,-8.316485466365888,-12.913480517828368,-10.711567649942424,-18.82958523188091,-15.622186169561125,-17.153582090293376,-15.810675415910008,-15.565682788750056,-16.958987722576364,-18.287469057478873,-17.993585220800757,-15.964285419749528,-18.151266875867606,-19.08383238874687,-18.54739295554356,-18.647502183359027,-13.528205861122043,-18.040738528289186
-16.18292665231089,-15.508409129772676,-13.944473922141835,null,-14.195117130980009,-11.993214889887224,-12.850530840869183,-14.533998839263454,-15.758381895682618,-14.75916137441681,-14.579125307978835,-14.218812007284562,-13.108228260280262,null,-12.592690475577058,-14.30271269361997,-15.706279966105601,-16.16326730237695,-15.325941464480799,-14.286807172472535,-10.452605418608403,null,-14.938842493040225,-9.547960357397066,null,-7.7800202357756305,-9.006579173281569,-11.512726582740429,-8.121128216011524,-10.642644637486477,-10.365771718482915,-13.416266391848342,-8.343750633147954,-16.676027620905117,-16.122913307998633,-18.576949627254677,-20.719457393890686,-16.782473753538984,-15.838631268831646,-20.098792574041124,-19.34135443027255,-17.861135807184297,-16.620371725974238,-13.810761803754577,-20.85232597250957,-20.660610737199484,-19.839291565148258,-18.06150624492353,-17.61097570748128
-16.161292092242245,-12.181771459439858,null,-12.413019585941912,-16.12251327223874,-11.79095567006112,-11.448415984116341,-12.558017719970305,-15.731835549458882,-15.59651842404276,-14.85167235277531,-14.684726337163283,-15.124182508902756,-14.908339109119943,-16.33559068956076,-15.767330176938893,-16.004525600267215,-15.939672233443789,-14.69122555149595,-16.369615530759763,-14.277562651881253,-12.314899363675519,null,-13.146208382142497,-10.985784831051618,-10.624008529972485,-7.378637948779211,-9.079816421992579,-6.166871906157155,-6.057568380785662,-12.098066571135412,-15.012699756627825,-9.93901469909251,-10.34224785749793,-19.789319020467204,-20.33438904687049,null,-17.8470773403519,-18.671112805476263,-15.362837133375727,-19.723647345025526,-16.859856156724344,-14.60651881654179,-11.716088338398611,-12.936810177485764,-21.636247722424038,-19.905115564500782,-20.290990385683862,-16.126434176440316
-16.587322222422927,-15.34298361138996,-13.717232197678413,-13.64540559029941,-15.05262624788467,null,-13.581416909350388,-11.86747554349094,-12.763502011006512,-14.025225892302922,-14.423577383794605,-14.67255444412475,-14.674809965165192,-16.1333077984349,-14.92651527778251,-17.606727975301837,-16.349168302198493,-17.460432641930677,-16.02109025090148,-15.476734410842635,-13.751353318043215,-11.714677612607638,-12.706994502820061,-12.347833926630237,null,-10.23119966944198,-8.219441629517029,-12.160555615793907,-8.994542997331322,-3.1176250673450285,null,-9.944621176175627,-13.727516478233436,-9.602669708398322,-14.344189959860248,null,-17.856134456268773,-19.460915585740587,-15.505851509271297,-18.188777716179878,-16.403995462237503,-18.985044084337858,-15.991783320116951,-16.112617760408263,-13.302316776329217,-17.224651054133737,-19.90266568122791,-19.880635126838953,-19.27892160419004
-16.730035635567447,-16.949507668850764,-16.24529294662672,-14.020874088155068,-14.966715213857153,-14.931330131589476,-13.739220880660405,-11.049733807060452,-10.176162191028498,-14.209428170378663,-15.430547413300364,-15.06273007170017,-15.034628275219179,-15.332760340985557,-16.572279477969808,-14.973154869432005,-17.281130379898325,-17.84771334076438,-17.3784627620105,-17.484396272872615,-14.919414069363004,-13.015095571483075,-14.171809295186566,-14.492435377339627,-14.173989038790044,-11.943361358910732,-7.984576089232056,-10.753688621733371,-13.252663069771968,-8.977086832910134,-6.346226022760604,-11.705240590529671,-13.294422040221319,-11.03875213897953,-8.848312467563927,null,-12.589341649539094,-15.642630284467423,-16.706160207766313,-18.663719257114945,-17.18085527357081,-20.165750227516423,-17.196894049920175,-15.178376863052115,-14.965435381224099,-11.36580940942632,-11.97520703784149,-18.26692078644817,-18.737034932804413
-17.317122730183428,-17.14515629286942,-16.745448250611794,-15.280022339868689,-13.540868710773658,-14.028814547613322,-14.224316678681955,-11.484868351495509,-9.120612988507276,-6.5249205935523165,null,-14.67315637596991,-15.606188747680836,-16.068738493869184,-16.06557966464859,-16.228624943069683,-16.403239011937917,-15.364796294938033,-17.610210221263532,-17.67697037838873,-16.76058658274137,-13.550718982603904,-14.089009408956553,-15.290779766190774,-14.777171675869711,-13.077585633060792,-10.765378552940708,-8.831405257557613,null,null,null,-11.798778930720466,null,-13.992896680949816,-8.286237434007454,-9.214251730968732,-13.873704525698919,-13.62457460687722,-16.93722397900828,-14.633871982664331,-16.337473509661027,-19.863347200557143,-18.63347436548507,-15.674551329804288,-12.789379884916427,-12.394230410858091,-13.91657984042401,-10.927872727904306,-15.613288157356514
-17.442694414428065,-18.2402702866815,-17.667239395895855,-15.594730346776458,-14.598812821129261,-12.435274576581591,-14.978949335575376,-12.595721073256577,-7.900059379666427,null,null,-16.110801953535127,-15.252756569557118,-16.291146731730787,-16.90427879583786,-17.025384226158735,-18.08245886472312,-17.204852926041784,-17.638970821775782,-17.094681434324098,-18.272558212966366,-15.625135284994485,-13.148660961388419,-13.858681274548028,-14.90745503644254,-14.046234363734358,-10.66478498448575,null,-7.651153645556096,null,null,-8.931269477373448,null,null,-9.747815139417979,-6.143384266748073,-12.089554132579044,-15.819480633042678,-15.639409693948629,-18.252840497082005,-15.214492790569336,-14.168426983363982,-19.128438544185936,-17.411843835309792,-15.892972463956974,-10.566346208862269,-12.601530722199534,-10.444114711121994,-15.621757351630666
-17.117169442218362,-17.58664898573367,-18.08047228797774,-16.943667096228687,-15.737862867539594,-14.280954094965374,-11.697029468668678,-13.9446617995745,-10.900669778302415,null,-3.9661655585887607,-15.972855414028391,-15.132970040395762,-16.66663794782666,-16.979778965317003,-16.410038439096017,-16.729174381912134,-16.144617992416208,-15.536617536623208,-13.364234686809164,-17.91334690368741,-17.17519024112785,-11.386280179347246,-16.63770616780836,-15.561653106878328,-12.745979588368213,-12.257910151933286,-8.233786345617741,-9.584089469721546,-4.034040515569845,-5.615121098507932,-5.571078959748346,-8.098292437144464,-8.906946970078339,-9.251564399473285,-6.451818286599535,-8.380429902695976,-13.885495964159901,-13.179058693001162,-16.710486040646703,-16.271486471092466,-13.113283420965175,-13.377117179336336,-17.493790814326704,-15.910480643835571,-14.925007099263,-12.124876124619755,-16.16623053116721,null
-18.053745992911708,-18.331403063494555,-18.14421770035873,-18.20448141227223,-16.836426433253724,-15.236752499778998,-11.788352609669948,-13.566542813906395,-11.413535758491376,null,-10.661048031348287,-7.767014240034376,-10.603768901758786,-17.2783444970256,null,-15.92389224341727,-14.798895862904521,-18.31169197061534,-14.110167229710498,null,-12.89011616384313,-16.913550743857655,null,null,-17.090361966305345,-14.725038205217245,-12.898840622437163,-6.392494996244901,-8.226737798608337,-9.267194823866642,-5.198720888033261,-4.03104082575773,-6.450565354598651,-9.48107824724481,-8.588896388823077,-8.769503580501567,-11.364583814069864,null,null,-13.637234007812719,-18.01484900178041,-16.23317017618756,-13.87535865606997,-15.667870373822913,-18.19689094547907,-15.237250199034564,-14.119359261093164,-12.833065152795431,null
-15.657880071840337,-16.160721414229087,-19.55493390852273,-18.638802984242822,-17.43515880750963,-15.657323813895882,-14.074514655306949,-13.265940568485007,null,null,null,null,-15.428944057829122,null,-15.212546287432623,-15.588393916978255,-15.303257805651597,-13.535722868914982,-15.334503874675818,-17.242947861704195,-14.787207962699075,-18.74536307285316,-10.51903266783064,null,-16.035924479446365,-17.512580854670922,-13.831186698230841,-10.675163557113164,-6.90839480227731,-8.09755459416596,-9.096892845251704,-6.447486490978187,-5.792154922420268,-9.84142346849963,-7.707578116468693,-9.46394669823557,-6.474411618762572,-9.849019183762982,-10.512891761726518,-10.882442175527293,null,-15.862811651018493,-16.87963692322603,-13.975559426514646,-16.096474421860275,-17.940647275341046,null,-10.452175884441013,-9.971882792855961
-13.176147736555704,-17.978366275068723,-17.446068977052267,-18.678854222983034,-18.14813030884694,-16.68477873135832,-14.461111426783708,-11.735576456507815,-11.572222708150951,-9.192960934075435,null,null,null,-14.201588682233874,-14.717078887257301,-14.008385936193509,-14.523927524874319,-10.915490690830403,null,-16.555630534475988,-17.02568382696017,-14.08545679972972,null,-16.24048646848779,-12.957774272059183,-15.427141949104545,-14.976368596918153,-13.126342966686579,-3.573227485707089,-16.007063708100656,-12.26185844340715,-7.124863049937987,-10.866212470575185,-8.755831460171875,-2.6057459745566094,null,-12.781929840579386,null,-14.9883269138053,-11.292403068332638,-15.800474058819528,-12.604370088287691,-15.833325331188947,-14.341248007555258,-12.249283137191759,-16.877334767340425,-15.789411610889141,-12.69694072537384,null
-15.407950864102288,-16.39554201192049,-17.063017515079586,-17.892606362637665,-18.35244864822835,-17.983080656892625,-16.333922758950585,-13.441305388190758,-11.062455618659255,-9.399944415166656,-6.366466459276566,null,null,-11.733256474957727,-14.54871194408953,-14.726474376355279,-14.386447327031895,-14.43766701485971,-12.003611562763338,-12.98984168449202,-17.485320445596507,-13.424236206518874,null,null,-12.266650785273374,-18.57218009339809,-17.009899908536617,-14.713423188322743,-7.550894373170967,-4.494710333379015,-14.290561311981483,-10.333306827993681,-9.52576642447082,-15.770254017588446,-12.930287696105438,null,null,null,-12.846257147363374,-12.056143905765571,-9.89221640703559,-10.31540141281245,-14.82529354996229,-13.596717737010282,-14.924033291723182,null,-12.951105314133669,-13.383154322076535,-12.43746666251884
-14.537800599182882,-13.026111348447792,-14.826494432524099,-15.608248099762168,-18.164576345667815,-17.80800109958046,-16.8661661842066,-15.15240274445239,-11.785341901610462,-10.731157205986786,-6.455210908465462,null,null,null,null,-13.659754524728012,-12.46726613724912,-10.69708410401101,-11.193510469763298,null,-15.753753204591424,-17.526215954808354,-18.918359843138486,null,null,null,null,-17.061447712734836,-9.34267007992001,null,-7.978307147014249,-14.682923470682445,-12.600501262021318,-13.973630180931167,null,null,null,-11.164709696413606,-13.433656150456162,-11.003857278091148,-9.289654795242633,-14.974116097036127,-16.103577820373186,-13.404382594254455,-12.842071002548343,-13.885422600784665,-9.1907626252445,-12.718719358973368,-15.265102858062006
-11.274643898181187,-12.439516591009937,-15.768389206979883,-15.330180270287421,-16.977240263128696,-14.69920065273202,-16.843951351193898,-16.123061464527456,-13.360242101311187,-10.20289255814246,-9.578010479335179,null,null,null,null,-12.754611271311845,null,-10.401115152333793,-10.694923923876804,-10.889957700739636,null,null,-16.469577205957474,-15.17326086154881,null,null,null,-14.18596570048567,null,null,null,null,-13.840113179106691,null,null,null,null,-8.710073221306233,-11.895348863644548,-12.360511439530496,null,-8.145968481740528,-17.173292409111188,null,-14.581184042782603,null,-11.906853294659696,-14.737339416531128,-10.463920746346576
-7.9304916908623415,null,-13.865163901697393,-14.933641575558099,-14.937029245287633,-15.428758996870434,-16.65903823556142,-17.07930761141553,-15.457499312264805,-11.197821904301726,-10.414698078564307,-5.679660189178878,null,null,-9.091809336309993,null,null,null,null,null,-15.530355435885097,null,-16.495445451514914,-16.107413738937552,-11.689144048244605,-7.619826162782497,null,-11.017455994624134,null,null,null,null,null,null,null,null,-13.566173176175935,null,null,null,-7.004180749604252,-7.687021414919629,-11.47024388785544,-16.07994524281029,-21.60326286630304,-16.451397468570345,null,-21.949118680287338,-12.147697533249064
-6.577322215157201,-8.686800613414155,-14.540083773534693,-13.949766577481643,-15.208080017149467,-15.521666896926897,-15.873789899366091,-17.25501705828542,-15.358232935016563,-14.21501443925619,-8.766770532546907,-7.401099918201254,null,-13.211558181921431,-9.515165587682363,null,null,-11.840636037963542,null,null,-7.983258748555408,-11.331693379822562,-15.114514727080124,-15.73088156278128,-14.045833621531735,-6.50251190248797,-5.914843889377239,-12.760491168545586,null,null,null,-7.900934116112933,null,null,null,null,null,-10.81258840769235,null,-9.052748832908849,-19.728547541254482,-19.24544036444726,-17.71698751965293,null,-20.06259570664033,-21.178171413440566,null,null,-18.293465194585742
