public/json/wind_2018-09-1604_925.json
{"header": { "discipline": 10, "disciplineName": "Oceanographic_products", "center": 0, "centerName": "Ocean Modeling and Observation Laboratory", "refTime": "2018-09-16T04:00:00.000Z", "significanceOfRT": 0, "significanceOfRTName": "Analysis", "parameterCategory": 0, "parameterCategoryName": "Currents", "parameterNumber": 3, "parameterNumberName": "V-component_of_wind", "parameterUnit": "m.s-1", "forecastTime": 0, "surface1Type": 160, "surface1TypeName": "Depth below sea level", "surface1Value": 15, "numberPoints": 4800, "shape": 0, "shapeName": "Earth spherical with radius = 6,367,470 m", "scanMode": 0, "nx": 80, "ny": 60, "lo1": 109.0, "la1": 20.0, "lo2": 116.89999999999955, "la2": 14.520000000000117, "dx": 0.09999999999999432, "dy": -0.10000000000000142 }, "data":
[rows 20 to 39 of 60, columns 0 to 44 of 80]
-17.19524886883725,-17.592482469729447,-16.641550921400007,-17.557240236434367,-15.992300807743774,-16.170839854898553,-16.425143760151297,-15.185094012983381,-18.763295217452193,-18.183356677229185,-19.248683709451086,-19.046311724279583,-22.333556779784644,-22.291418773461455,-23.76468284820836,-25.585186872628576,-23.01539112838621,-22.9921153736534,-23.083341350799685,-19.982938875293154,-23.858744699072357,-21.76687342876746,-10.51665491049283,-23.683337451429086,-32.90700518211843,-34.9581553217465,-37.705352783990776,-38.27707702450327,-34.97525080467677,-33.61958695158383,-29.097107985764133,-36.28537518935095,-38.88937855907729,-38.90864561843861,-39.1870785188282,-36.41369390880041,-41.3485368011562,-40.82810325871607,-37.733417499101286,-36.325882837964045,-41.61632544246184,-41.17185959552207,-41.79881669696283,-43.72328627411858,-41.47017321098153
-17.492548234079536,-16.526601624286855,-17.137265036474314,-16.041316895555333,-15.59016508658666,-17.528054548660872,-15.455849222021245,-14.650334663434506,-19.29524458907404,-17.549855719575024,-19.31037344137291,-20.303368836955524,-19.461049054787505,-20.060198667496287,-24.437600023237508,-23.22633650608602,-25.056838726670883,-23.7032924784817,-23.156490541804445,-18.95728126608724,-22.363654349528865,-23.948028259366097,null,-29.050526206478935,-29.747006759122137,-28.161015258472627,-25.108726354156452,-37.32617568109562,-36.9529140187203,-29.85043048418118,-27.356289508556507,-32.23049946643867,-34.76530532281787,-40.415228899945475,-38.56768610892709,-40.089867888591584,-39.2666958975211,-39.52394149420918,-40.127175418362214,-31.8444895603097,null,-41.751214186269756,-37.58479900063958,-40.679252123786384,-44.067730413174694
-16.865188386136268,-16.579177530118116,-16.173125708809767,-16.977807915410658,-16.007360285891945,-16.35664570731379,-17.007044263545147,-18.011650092782173,-17.801403671793828,-18.812895606913735,-21.16253058672121,-19.112828094886275,-17.936863314383714,-16.642477972187326,-19.179861197301097,-25.418703447721313,-25.12747272438498,-25.403457678540548,-25.146401308148477,-23.018973401253636,-20.967085572332415,-21.03067284775957,null,null,null,-23.233647744765484,-30.121084585318815,-35.91412379710396,-34.00043868900192,-33.45308770933795,-25.481658005674657,-25.23365516660932,-36.31352042672832,-40.84501408668259,-38.60616863680167,-38.70181772379213,-38.996141021424194,-40.31853921465126,-41.422401690216596,-35.910700784626776,-35.954755917439186,-37.28637677899635,-39.85614123866259,-32.663319271805264,-40.58068052210167
-17.36785629886937,-16.180911736632215,-16.77528812282715,-16.54481811727685,-15.23484284430778,-16.383984801015032,-15.617622162519634,-13.976523801864104,-16.619603061856683,-20.607678062482368,-21.0095444590201,-19.687852708290063,-17.271833089411963,-17.4349568136359,-20.798087596419855,-21.094099086817657,-23.684320800073085,-27.340120903887,-22.238389226777883,-22.499621210650727,-21.648852050781272,-20.060092125256492,null,null,-19.589183246190508,-19.885569704919693,null,-32.86723838752046,-33.507519216865326,-34.21694764256411,-29.696164934184683,-26.46085869794733,-26.68512010249436,-41.39107866070353,-39.57989236433009,-37.332898605460045,-38.95354559288487,-40.314312627706244,-40.37070151186517,-36.66687969144865,-39.81733911971527,-36.960780037241285,-35.02299615854424,-39.36397379080705,-32.005293523683925
-16.387873912330917,-15.94130374432077,-16.639224004378274,-17.284767780117953,-15.755979740713997,-15.34316927303053,-13.78600699201435,-13.607144955469195,-14.699540051005668,-19.7770768685265,-18.793825180758958,-19.651149826942728,-17.83901806831913,-17.907457422440142,-20.634025214610926,-21.42137929267834,-20.57143571163723,-21.846144739177504,-20.25378106551974,-25.57246457121008,-20.869821028902596,-20.389031634281753,-17.4931658940863,-17.161755748453373,-21.46400645730251,-23.507146479466165,-21.46227506441041,-17.358586934497893,-30.22213118362676,-31.81059452106871,-32.89725273693537,-29.738370348447503,-27.980812199373215,-32.31825671843634,-35.10506667776558,-36.8798966151212,-34.22106529983681,-40.3348627989252,-36.46272622237598,-38.75392580457962,-37.79958721791219,-37.04288053051668,-37.50885710165136,-31.908069302535043,-33.958674678113006
-16.514505851521285,-16.52192645407868,-17.320014152903624,-17.468206239132734,-14.478244548016427,-14.393301443532796,-14.105892226341272,-13.251369459527599,-12.897526343661877,-17.666432649007007,-19.55076947367496,-20.404158054090395,-19.09948831795966,-21.866746144356075,-22.880966705833213,-21.116987463418962,-12.719392845461169,-20.20251126360202,-23.10425022308512,null,-19.282151465871706,-17.66501395356438,null,null,-22.551332918443848,-24.459702821083816,-25.677906020440737,-23.282330692452373,-28.47598431745907,-28.228763999519497,-34.63792507476771,-31.413410775686643,-31.829266956748185,-27.443882063201997,-35.00428952188765,-36.67082603879143,-38.298775032634744,-27.837877486787328,-38.979413698307795,-36.42632795217316,-35.32030835601475,-36.88531908178483,-35.78370451790663,-34.60026272267956,-34.26219344302736
-16.837946025842434,-16.085724875279176,-18.706085252311315,-17.987824779877094,-14.650831554760313,-14.278900999345733,-13.685162000930559,-12.929426872684953,-11.490518403005689,-17.185620087846704,-18.030363290439656,-18.83924520374371,-20.452488940707163,-21.652751264121274,-22.319606804308854,-22.998138436399024,-21.71696287584891,-19.319899644880895,null,-15.451334837418981,-19.675295143810533,null,-15.966708221367664,-18.991583836062496,-23.37789275147652,-25.737760478932202,-26.2212366553614,-25.578755647138312,-26.107233600715045,-28.170610774728342,-29.888291436584527,-33.863038779609184,-34.89989670657579,-33.74373923043176,-34.27617733363407,-34.15609703026671,-34.41059563458565,-34.68815337487625,-33.353242948087875,-34.54255791359446,-35.22437622954527,-34.25855968744626,-35.040933876899956,-34.29831904268963,-29.402331367291033
-17.220833397822634,-16.54909554252467,-18.322117339959533,-17.902483660118023,-16.625276073877753,-15.013442601670484,-13.92347803550823,-12.584381273448571,-11.035539914853016,-15.955871960918707,-15.56990019893287,-17.066535749744673,-23.599015872764888,-24.39447404698016,-25.19016707336904,-24.190491232713562,-21.70838215673939,-23.935979187938557,-19.826759791796192,-20.165163733527258,-19.03664701442227,-21.42899111030697,-14.624498132225732,-20.591717730296928,-25.373480137453047,-27.170706710816233,-27.809505680372453,-27.708653453464272,-26.79784371644991,-27.69602155589499,-31.067981135917755,-31.071288502007977,-33.85033639617431,-31.78898845273964,-28.172875554494283,-35.47708352637322,-32.64168415795373,-33.592639870659816,-32.43314936675846,-34.70683169466259,-32.8779266313575,-33.73958219105594,-33.703411202041075,-34.339230048697345,-33.75707974090457
-16.733125258493097,-17.80728583530884,-19.22113164203209,-18.58767568448955,-17.144842298242178,-15.959161942953978,-13.577737175751553,-12.040404525804547,-11.108666002062478,-15.739135500857566,-15.628782838912551,-13.38659882408256,-12.137819239701109,null,null,-23.78449314724072,-22.58492495103007,-17.28857849704337,-22.461650513135396,-18.495492941556442,-18.345701839004477,-17.805871308624877,-16.94130762567127,-18.792763086378827,-23.755636168026864,-26.071589258235292,-27.592762329209783,-28.452010911371726,-28.656151647560197,-27.418190479789352,-32.1075804365889,-26.80552988026028,-31.426398329085078,-31.13923103800289,-31.360638008023734,-32.583526887115475,-35.08750463387945,-34.62572987796583,-32.9793101933089,-31.515897603290583,-31.39175588546467,-32.21978470023539,-30.44317477250201,-32.34579455224762,-32.1334343527268
-17.480684780455505,-18.27560369219259,-18.614461234261476,-18.351156060394562,-17.972728854556138,-14.781199811541367,-14.548136167875786,-13.003330844329172,-11.335999002546757,-15.94445181189728,-15.109517369613108,-13.51111045425018,-12.045119122263653,-12.446914579718321,-14.853960671832573,-21.529207320553304,-22.463177099418026,-20.470150251979813,-19.52134759038043,-19.068474642878268,-19.234437358873087,-16.936261518170557,-24.572555904462103,-18.92180485373146,-21.36275103580546,-22.052340631596657,-23.651219726927877,-27.92767199406576,-23.601757738979938,-28.078298208077875,-23.592141165459726,-29.88309149754971,-27.37633291162188,-32.024524451821094,-32.949159818904086,-31.646902861854162,-33.85393341387174,-34.54827962519292,-33.292054053964044,-31.373198835088935,-30.429572656728357,-30.23238550472872,-30.845053803202223,-28.68719129903088,-32.4514717712239
-15.480952442487387,-14.90793735232285,-18.7952283571949,-17.199074709694152,-17.276680066734407,-17.217192328602813,-16.528434135662213,-13.97661111412361,-10.250167111650141,-16.20287248040469,-14.214187449983633,-14.386822768196255,-13.473794981960015,-15.24784161162622,-16.46929364364263,-20.01687208656611,-22.483425892939252,-20.79522378931882,-17.96980052900479,-21.84795984179269,-22.457659807659844,-17.413972988050382,-15.677995703531309,-22.005907486551735,-21.344632707986655,-22.40193426370315,-19.886042434365073,-19.466227615425154,-20.954520151815498,-24.4862012184991,-28.61303096525746,-29.333595333918765,-31.728557870059376,-26.665258059614366,-31.634387629017127,-36.21733353275873,-24.186122498796887,-29.854971142991754,-31.439771226529402,-30.722240133244263,-28.913986386363504,-27.809458469396937,-26.516914460254885,-29.41065626329695,-30.058683434944573
-14.48364180489235,-14.00764177329124,-16.223794795275577,-17.574949393240352,-17.231559018935485,null,-16.163281364317697,-16.01963503104738,-11.494728192789935,-14.793491030790594,-15.037582344111946,-15.682290411971858,-14.81634384543442,-15.774262347098546,-15.135820177547503,-19.05325499808475,-24.37566864011955,-23.550371065304066,-20.185169873584115,-18.48388647270005,-20.1685607151072,-17.522579416081125,-16.799044309198454,-22.028281742279578,-19.821858998919055,-22.139992892566845,-21.307525951248223,-22.044324515961613,-24.693174001047453,-23.369066125104567,-28.53841994702565,-29.367725212174992,-30.609206529377403,-31.730405990399365,-30.342402401901065,-27.56049370117907,-31.842192010082606,-30.719847089695747,-30.070736394190913,-30.3237016089151,-28.772701326501725,-26.59455573075557,-26.968212715426176,-27.762912705651672,-27.51010214448135
-15.027586799761256,-15.473359751233112,-16.94852395827989,-18.03742826085121,-18.301770036606335,-16.23172316294298,-17.035689575858907,-15.52529051881276,-12.214844598541795,-9.88250859609776,-18.67179552259934,-17.01623782647838,-15.06376156117264,-16.627126405745848,-16.45328521878735,-16.633088899425836,-25.1937579196546,-24.7943772969025,-22.303352454785077,-19.977534907080546,-22.07631021613244,-18.451087552790618,-15.076857554765839,-21.4817489364258,-23.18575151854369,-23.202685946711842,-22.954086769908784,-22.568671482035136,-27.614416317408875,-29.116576717109677,-26.323021286337738,-28.39033628774123,-30.30149449207632,-29.41172602834649,-29.894972017600566,-22.385476027290498,-23.78013078780969,-28.798136735088317,-29.957734183472486,-29.558441024911346,-28.711178174981804,-27.349582010843417,-28.080195238032022,-25.42736722883587,-25.033668557206138
-15.694918898196086,-14.512819754636212,-15.764108082119588,-20.04265567410456,-17.87484535392796,-17.55868141387487,-16.20337282106248,-15.070932999508456,-14.002572221908885,-9.744431328371437,-14.395348581650909,-18.095925089655967,-16.807748531427027,-16.83152517993002,-15.738724064082923,-16.345857196419182,-23.522382250878024,-22.37378206159338,-23.01140486452729,-23.18895673368163,-23.70702176977735,-21.787258928772854,-17.30255637328344,-21.73479540507416,-22.86233522557446,-23.306569679541077,-23.6330781969503,-20.70053888384235,null,null,-25.094373902465225,-26.08928993414725,-24.73125751960502,-30.868525118315347,-26.452430231985986,-27.949212988338,-28.610944234327544,-28.622366227644733,-27.63894939465349,-28.454162328455716,-27.47613326704021,-29.40487262953424,-26.55314007994902,-27.039071770749377,-23.67833322634178
-14.84588946584886,-16.236141279636342,-14.891507499669421,-18.2526798510485,-17.604446191065065,-17.88772005161279,-17.04190552275467,-15.068240931685626,-14.994524246075347,-10.123757250958818,-12.522422631409672,-20.04616602191244,-18.944465346765902,-17.586516352107303,-17.523962033246242,-15.719612752290724,-22.412396629478007,-23.905250157808325,-23.81254949451072,-24.17476285118905,-24.90633489624007,-23.641911773364377,-19.35320400939465,-20.793105473983744,-23.61350587771869,-25.17457183920604,-21.580755512281634,-18.75165148024466,-19.57672094169457,-20.927141706089763,-18.945869132271223,-23.415285803331372,-22.425392161929413,-21.512487080152038,-24.07348050523488,-26.099768280885645,-28.70784510591933,-29.02532275337509,-29.433865443292234,-28.907447279983884,-28.989566118300225,-24.46952273992201,-28.543819831343004,-26.022390012487307,-24.70123095770954
-14.97522812894601,-14.322992687105604,-14.104896134328285,-16.185552921107593,-17.472336067479954,-17.636647540126955,-18.16925489397638,-16.002174264999034,-16.089091177622734,-11.392690770940263,-9.460859347201254,-18.820536409889694,-19.43846041388879,-19.172251559583067,-21.074963084433392,-18.970285121022183,-17.556670673021785,-24.42413771297045,-23.620895033467136,-23.94316629167084,-23.083941661196352,-24.488238936797696,-22.444284568094474,-24.67571222845946,-23.829197859359045,-22.072635087765313,-22.230025772774642,-20.61584139974186,-20.269185246710506,-19.87070654660019,-20.350328586990198,-20.71136727522806,-22.00910971718816,-20.648080832112093,-24.053904433723435,-24.00661530834963,-26.27161643668205,-30.527672463707937,-31.136320440564123,-28.920732313270097,-27.04240259188322,-27.683348279207962,-23.996856470340482,-23.74409178794837,-23.264099749123968
-14.653860673174453,-15.572318395287473,-14.347705298132023,-15.568898408698168,-17.912985226499426,-17.50523827324619,-17.57342074667856,-17.310321650427888,-19.227993493808366,null,-16.19372485566729,-12.845254328686469,-18.863249826729046,-21.612242038363746,-19.730609742508026,-17.741513242714067,-16.182360429698903,-22.59067483626789,-25.522508931342152,-22.40259880496984,-19.545692394605226,-23.17326772891174,-22.540701074518186,-24.32497037481836,-23.34690656386726,-22.222428566144792,-22.121929630176872,-21.065853680791605,-20.670880861654414,-20.921836888586476,-21.2160158197118,-20.69744754482235,-20.95568415606236,-23.162838817296524,-20.620756875592406,-24.416862234247738,-24.53730459697866,-24.14929214533313,-22.5503515787272,-29.47622819077094,-27.3244674349305,-27.86424251495892,-26.134107536601654,-25.503677160334487,-24.94267010956337
-16.96925110095553,-15.653480903535343,-15.249924812417095,-15.556227098110229,-17.811366343458886,-17.53978563131664,-17.22493107139415,-17.293159152791308,-13.973929288799084,-14.966646571841455,null,null,-19.568289917921685,-15.39978047250698,-18.324661574311055,-19.99825445627328,-19.267125315857438,-17.121844750099797,-23.558922325663183,-20.826947349556587,-20.34825876206999,-25.056348046748525,-22.1389488730886,-21.713360778948513,-19.292650943940785,-23.778339323204126,-24.061268847374173,-23.3303636932454,-18.806217011801134,-23.01428816843651,-22.67432804992711,-19.649987351372587,-18.688069720302558,-22.23627784593443,-21.738283997038828,-21.742725684162735,-23.207757132809295,-26.279295729219314,-24.61655861742691,-23.573257014567552,-22.794329891434703,-25.54828776332695,-24.78018066953543,-24.225705897874022,-21.977948310777652
-16.101178940530275,-14.33878370999793,-15.901216733659195,-15.398263080594944,-17.065536192555623,-17.443070766869436,-16.386450864251426,-15.373065663358805,-14.092185775418118,-15.536887246078818,null,null,null,-19.931707354970897,-20.61252236901317,-20.85585074290938,-18.64426966214623,-14.957941102079037,-15.745093172072863,-19.568004573749857,-21.21563292172184,-21.13187715086852,null,-21.96867671602343,-18.849134054497995,-23.532501807115082,-23.342700157820932,-22.597190418815615,-19.658604268181534,-21.377326188919348,-20.70767215701782,-22.120929400155475,-21.932933221871142,-22.859313631966394,-21.78066556351514,-24.664931500886496,-24.00924381091039,null,-27.722009054787897,-25.589865723572533,-25.009821277413845,-27.155622912890617,-23.75823152512889,-21.10867948861763,-21.322780907535318
-15.044433394867175,-16.39953187143084,-15.083906239792327,-15.176587758022112,-16.5602788318858,-18.11098045282291,-16.88366451421647,-15.601677543666234,-13.519348129086296,-12.611020808117182,-11.727169892057509,null,null,-21.036735885295997,-22.678331870293746,-21.199128163903975,-20.432199007311798,-17.50675086555353,-14.38167237435978,-23.85404147122017,-21.350969026599262,-21.703720565050546,-15.916169406855252,-15.90802232133408,-16.342833794921592,-24.379948226252814,-24.738165187059334,-23.04352035714998,-21.598743032959195,-23.272787525097932,-22.625454934654346,-22.439433715787544,-21.665403743969733,-23.349343228243868,-22.885759814536044,null,-18.544294720247347,null,-20.576197845047545,-24.946529127728482,-21.54822424765564,-21.261096204936827,-22.24382770202718,-21.3810324664795,-23.42146617524721
