public/json/wind_2018-09-1610_850.json
{"header": { "discipline": 10, "disciplineName": "Oceanographic_products", "center": 0, "centerName": "Ocean Modeling and Observation Laboratory", "refTime": "2018-09-16T10:00:00.000Z", "significanceOfRT": 0, "significanceOfRTName": "Analysis", "parameterCategory": 0, "parameterCategoryName": "Currents", "parameterNumber": 3, "parameterNumberName": "V-component_of_wind", "parameterUnit": "m.s-1", "forecastTime": 0, "surface1Type": 160, "surface1TypeName": "Depth below sea level", "surface1Value": 15, "numberPoints": 4800, "shape": 0, "shapeName": "Earth spherical with radius = 6,367,470 m", "scanMode": 0, "nx": 80, "ny": 60, "lo1": 109.0, "la1": 20.0, "lo2": 116.89999999999955, "la2": 14.520000000000117, "dx": 0.09999999999999432, "dy": -0.10000000000000142 }, "data":
[rows 0 to 18 of 60, columns 0 to 42 of 80]
null,null,null,null,null,null,null,null,null,null,null,null,null,null,null,null,null,null,null,null,null,null,null,null,null,null,null,null,null,null,null,null,null,null,null,null,null,null,null,null,null,null,null
null,null,null,null,null,null,null,null,null,null,null,null,null,null,null,null,null,null,null,null,null,null,null,null,null,null,null,null,null,null,null,null,null,null,null,null,null,null,null,null,null,null,null
-17.855766584761554,-21.07636641140015,-20.757879295214426,-20.61286849783076,-19.30182104539943,-19.444438756663487,-20.4673717611132,-21.10540134214903,-20.948902000898233,-20.081323469277454,-20.328989500181567,-22.06577228719717,-22.755899952073086,-22.58509339764234,-22.806233463847075,-22.34834311219641,-22.156898551564154,-21.390651169330518,-20.90419160649214,-19.91197958665925,-19.610995148257395,-19.52664284264119,-19.30667370409678,-18.94649883404237,-18.146596381401018,-17.4706092341775,-17.076278444166125,-15.59872126854955,-15.197635043639503,-12.660753263993401,-9.482971575666092,-8.276975782545644,-6.375450374371239,-4.290880220020869,-1.4558635019056763,0.39501864897933536,0.8848268152967292,2.1398031749526534,3.6244128081544105,5.3923093357959235,7.4690923110187395,9.787378292527453,11.884835201515678
-20.335753270628288,-21.873380071326707,-21.669047834646047,-20.791302078660923,-20.724103897484994,-21.57192691789747,-22.17786738606557,-22.204044973300057,-21.594994770609993,-20.694002755704872,-21.38927412904442,-23.373577828561892,-24.270688895486046,-24.590640955549073,-23.93478999352884,-24.487686361367018,-23.429591682856984,-22.377151359851094,-21.587675415632894,-20.6463512182904,-20.32627662133258,-19.205762227107467,-16.096043652460324,-16.523794133063603,-15.173649573829177,-12.422882461399091,-11.97897017410772,-11.813269236278513,-7.6428555575729265,-9.323108027894508,-0.9641850750513713,-3.785936793130237,-5.947149598766954,0.28818072518582316,0.24877101677649738,0.4780084276534141,1.6292688144855134,4.19225801404227,5.461832372434255,5.95629385267456,8.887743676040136,11.134110406158431,12.95883567952716
-22.2274963267031,-22.621609119173094,-21.775533501371644,-21.88370101965242,-22.635479660910622,-23.101405920986657,-22.52791663699191,-21.584169342391743,-21.17968721488578,-22.17206822949268,-24.161348325860175,-25.6799128400324,-25.865690738831248,-27.146342844048284,-27.050700417731747,-26.89058289898199,-25.492316034046873,-24.743155159350664,-24.416476328757973,-23.38705677428773,-22.205140876188473,-20.932847721891974,-19.238349774889148,-19.02825028146956,-17.117938599296885,-15.987112046905942,-12.513223822359459,-10.56980809612424,-5.666858560889453,-8.235851496844253,-5.6469088032742185,-6.2640438285834055,-1.7530670104610295,2.1278048033974506,0.7188505530031712,2.556987821043694,10.968243997201022,5.385419998025222,5.048779630159265,8.607814311893506,9.582102640247781,11.544297434234084,13.217497741874805
-22.894129977295492,-22.996076463825467,-22.88423991383732,-23.57973717435405,-23.898010388422897,-23.638382247703,-22.99080934702056,-22.87324817340984,-22.554505443345057,-24.141260833827886,-26.595212763041634,-27.3034861846873,-27.98954579683039,-28.401051737717125,-28.83063349748927,-27.65713563098914,-27.144151913435202,-26.502492299660126,-25.70353765138627,-24.593738688133413,-23.104843734624197,-22.488284088369127,-21.497278189691787,-20.70583673876736,-19.46837356564093,-18.295415971738734,-17.835931561383283,-14.88312694727068,-13.247809384683961,-6.720245734520974,-6.321719128265148,-4.234314726695583,-4.25519593666921,-2.627167881874627,4.835217929410649,3.71076915953437,5.949449445637752,8.600227159062888,7.009732250217581,11.216269148140455,11.276364180120638,11.594542148251868,13.819515583801607
-23.457318721484576,-23.73527484752155,-24.31820744966116,-24.675811809160393,-24.975923409465626,-24.41233536825311,-24.372118518321187,-23.510542852597673,-24.309177218803864,-26.300428899287972,-27.867544024355013,-28.802792211380105,-29.76978450006815,-30.270778689936883,-29.79468792715483,-28.397194905842404,-27.513043845873323,-26.530987351579263,-24.973766060187693,-23.664381994597047,-24.196903043348062,-23.985703605782767,-23.392191826303133,-23.31624903289005,-21.946644775857465,-19.803370189865944,-19.446513057228184,-17.579958614392336,-15.854826189087984,-12.609880497262251,-9.882228877872482,-7.323678936770177,-4.802391842886971,-3.0636757560861025,4.580713327105665,4.89227262729647,5.098811814259534,11.158644737124188,8.38825827356695,14.78687237984277,11.705599317218049,12.298217875582068,16.730096008904287
-24.17354786360652,-24.58333949642639,-25.308315037738247,-26.147481578332755,-25.883575719508503,-25.383532102675545,-24.686798349040224,-23.824185350201326,-26.197333346532737,-27.94516620435466,-29.43160566220481,-30.22347516154177,-30.736751279529038,-30.558716476404502,-29.78527388273976,-28.519941270259434,-28.8416776579776,-28.84557718285855,-28.119166916536194,-27.57942159781076,-26.642422527442534,-26.274693138410115,-25.331266068147073,-24.345278081884207,-22.788829668329694,-20.169959263159825,-19.900045494987268,-17.35797292477288,-14.835240804092095,-13.215056656583185,-10.784762440176593,-9.531709347306776,-6.249484815032652,-3.648459290340853,1.1438995478687388,4.009899186844416,5.661162844761963,8.631132221883542,14.833649801410164,14.493421632634561,11.054541537281814,16.339166523010427,19.561774378393928
-25.061381754947185,-25.986472724049253,-26.628010392367756,-26.778361213466095,-26.583236423799164,-25.70824600917779,-24.77382010357255,-24.5027630789022,-27.429639785018033,-29.65103648446538,-31.17619335716762,-31.52370444701969,-31.116893285944865,-31.11476431679202,-30.374135524969684,-29.59855326221539,-30.15436531449549,-29.349823559824106,-28.931164326514672,-29.059621624475454,-29.26560620625081,-28.527681231953665,-27.444041083537744,-26.24630208456578,-23.650298028613058,-24.846816916108022,-23.152579147097853,-17.891514445002446,-16.072502866462177,-14.249578771000925,-10.45916114058189,-8.165924185850978,-7.484419955425138,-3.620405364454677,-1.8271307704000233,2.975733647218319,8.449525619994043,6.498689332029874,17.528416674102147,16.609647108387946,12.44798167175652,25.903851305006867,20.96328612151586
-26.01959606831074,-26.65509309421618,-27.236308979517315,-27.200128475939422,-26.582602295070906,-26.067963517776455,-25.469056619913623,-25.68624502776463,-28.47455512689551,-30.901958621457094,-32.16898944005254,-32.29658411008893,-32.5674345050699,-31.514688290416885,-31.21647521134139,-31.526736431623164,-31.345616320972162,-31.726860775126497,-31.512750651782973,-31.430286165927548,-31.696817983226914,-30.9035946071937,-29.844689963267665,-28.400576496845083,-29.1235833219056,-28.94165737038945,-25.310417317110243,-23.666003420040578,-15.56026888997864,-16.403658283138242,-10.074667677859122,-7.787423180657187,-8.644963111161037,-2.95902513143821,-1.5921528530585525,3.0393419478507973,4.188503322911781,10.879461065251256,13.984758205644557,18.647510916074403,15.664920327846833,20.025208531466916,19.818221168049238
-26.65118486618941,-26.145937693762455,-27.321290579856495,-27.17461206705938,-26.985449615165,-26.788675900724606,-27.120480169344482,-27.910537888597467,-30.15440936332392,-31.86031122634609,-32.94669748873442,-33.37703751452062,-33.68629742800057,-32.96163282659726,-31.931746972686085,-33.22590249596573,-34.86577642761136,-34.78924736129066,-34.58283031318579,-33.61711143154587,-33.43727656614186,-32.32044941070481,-31.649713283013178,-30.6829926997794,-30.409038662190664,-30.405709917292295,-27.90955535551961,-26.479227334654816,-20.514895591233564,-16.00522483181291,-12.964261575810138,-9.982815121787915,-9.129667985233485,-2.760679851923082,-2.191611774398641,1.8227992494543321,4.954519747036142,9.822342000633046,11.11093433229742,14.523076115590747,20.195690134596287,18.9427858912846,20.69875584292977
-26.035301874220668,-26.632695865714297,-27.313942516467264,-27.593667647197737,-28.180179263982737,-28.24716786458069,-28.96705300282602,-30.681922847789217,-31.948308375862833,-32.471971484917816,-34.086581359981146,-34.28743895117032,-34.66695737324359,-33.88658593647062,-34.12910542739283,-35.61589413910009,-36.58448172958977,-35.950214893124325,-35.781370326101474,-36.1560308778477,-35.207348811306936,-32.96401493417322,-31.6380550070269,-31.07639039287746,-31.83519977664454,-31.47775691283826,-29.502052278306962,-29.89975839680205,-27.279369337492344,-23.996598010269505,-17.288783452466717,-12.763363255694557,-9.773099603405713,-4.928052712832704,-2.889495809315184,2.110274445138823,6.119547521630064,10.723454648134428,14.450228405011835,15.92007601117118,18.664888360575507,19.149186455282834,23.131844377905082
-26.188165440774593,-27.08548864542497,-28.16401011530602,-29.261596532737485,-29.707310874898404,-30.10452550095659,-30.815855929777626,-32.523960377802375,-32.65998505229141,-33.22239321045021,-34.364711151805444,-34.20171783883354,-34.86324144664482,-34.45936482423443,-35.39269032954271,-36.685350448881934,-37.062823807484605,-37.50322477634387,-36.78217388624879,-37.406842969836084,-35.32205380878199,-33.32132113406872,-32.688977253050105,-31.92733676521087,-31.857287168282895,-31.10029627983741,-33.86710651875421,-30.748828455024327,-29.924864600971684,-23.810286212392658,-18.199618668660886,-13.030497033054235,-8.925166312960856,-4.079310023481945,0.20253947309852832,5.362122045565022,11.091160639217666,12.901429576655115,19.41347673074963,19.70083425317024,18.81844549145743,22.17689826858927,22.32621052543328
-26.534096919984663,-27.718695788455477,-28.80020482410473,-30.589805530655013,-30.944915798642505,-31.301972631867727,-32.304326541237856,-33.46759240174645,-33.3622866913538,-34.113780662269974,-34.591404126485514,-34.471903171379545,-35.135299428600604,-35.219088607693664,-36.48887697408089,-37.10089333477392,-37.63934791404289,-38.41284951997268,-38.99780557121486,-38.59616963175412,-35.57749002754091,-34.544644266451556,-34.33409280419555,-34.44410509687091,-32.75464821870813,-31.1038285548224,-35.118704082828756,-32.779034379462175,-30.971045205594343,-21.83977642373311,-15.449072504419018,-9.684185232332002,-3.804162695295889,0.018715647412834102,4.035260732390025,10.225117785472413,17.42924935699123,20.35188567219766,23.496882400093508,23.789661197301957,28.254068098149077,22.72801725401511,23.734045875684124
-26.94043553655846,-28.03776939829973,-29.803118719763983,-31.52209872127123,-32.247664069728266,-32.62960950968657,-33.00470574343605,-34.0596897326771,-34.14908228287361,-34.535038462245716,-34.679384415539644,-34.657130381124496,-35.67289716147375,-35.62070860280861,-37.02073764796883,-37.86523682725597,-38.806270525125825,-40.0904358327059,-41.05435075502893,-39.55274167834287,-37.492976420531434,-37.45499851627258,-34.85310324018179,-35.45112694401014,-36.18407728202135,-35.02267151551317,-35.23038300148195,-33.29106224007894,-26.771749615380294,-8.959784086564536,-2.130715331396522,2.347055238046559,1.8856985917886522,-0.5334399028416834,5.81825197986222,14.160406660168814,18.886189015449915,25.98380436009514,28.0452431547186,28.713247265027785,25.003921299645068,26.79925931195099,27.91348284510221
-27.796767682396663,-28.780180571125868,-30.382445101378025,-31.938528021195523,-32.69566409442582,-33.051360670824,-33.31727693934277,-33.78703895250931,-34.23906908912245,-34.902827993702395,-34.86140780069421,-35.30930726384901,-36.106061217267126,-35.53704651273618,-37.92515298288648,-39.4540574723382,-39.95012502517537,-40.89284432535595,-41.74233746667737,-40.86385665362189,-40.34341276007001,-39.871420873929516,-36.096405504263934,-36.72076660540715,-36.71494576133477,-32.260584294411686,-35.868016706740825,-38.27211208590789,-23.61033980109269,-6.986966221790274,0.3575208461300439,2.9420938534325503,0.9587073545521148,-1.4871994971957678,2.5457553697671726,14.151197936433661,20.55591956432395,26.715267201221412,28.789113023433444,27.980068062123394,27.83130299143619,28.66176369020115,26.988182590198807
-28.626819407458314,-29.80576525394575,-31.002439690353995,-32.06923022630902,-32.639950991026296,-33.36850171086242,-33.70103268427236,-33.899316638723775,-34.54699936471381,-34.9568287721358,-34.98494091287821,-36.02369064938319,-36.93178338720934,-36.88227694707625,-38.43579827940614,-40.39701495711407,-41.05756106640771,-41.167086341069734,-42.997484037289425,-43.142123585900634,-42.169761646489334,-43.15355624966426,-38.37373422461608,-39.5380656128279,-40.029582482008195,-43.390497441264074,-42.81689425797019,-38.90360688002986,-19.74353201944268,-6.58712153303507,3.1741858593690475,1.2178444329488078,-0.5255147035842441,-2.068062301775858,4.525774461313296,13.95704412182394,22.531751397132854,28.205150946648207,30.65425973773007,30.168339863260094,26.290273887302924,28.011346500639853,26.186287664411125
-29.476144413772715,-30.6912318380234,-32.098972677449765,-32.124051147406774,-32.414691550832515,-33.71554201863179,-34.12210662495492,-34.442975655108576,-34.75648123475639,-34.77036808687703,-35.52541030145136,-36.23870999935708,-37.718296759953205,-38.640689326374584,-39.884904518457354,-40.610652062000845,-40.59433481294039,-42.18551281243435,-44.45767888607193,-44.78071751542042,-42.52979316130468,-42.924445998403414,-43.46310924441026,-39.262406730113526,-41.75948979476954,-46.56054572725775,-43.26269623286398,-39.14266233947352,-12.517750841758872,-3.9442758919003893,0.8294874832914785,0.43513626608871975,-1.074048088130382,-1.046730178312339,4.072036847492809,13.876902534295828,21.9199314887916,28.49303636927347,31.190845273985076,30.57851379843711,29.393093734753567,27.665035115312644,28.171007387006693
-30.33408227068998,-31.36243378528442,-32.083846792423856,-32.17011293170764,-33.34318772691313,-33.626958578713406,-34.05248767729121,-34.823639239523125,-34.44905534783816,-35.00649900446144,-36.23375360431396,-37.248320350617156,-38.21141578363056,-39.80367114001407,-39.80463871327762,-41.06177483236456,-42.22733033700787,-43.382171937363665,-45.41426794158626,-44.568711828067364,-42.09599786163195,-39.6702756244747,-45.69674095187659,-45.16185189651532,-41.35663397044134,-41.7091130800305,-43.570035368425685,-35.53259963264478,-13.371925386404234,-3.197766809689278,-1.8421848787605186,-0.025411332157634234,-0.28563875212386863,1.0597679487069118,6.860202131463901,15.288078642448456,22.0615902682198,26.66707756180771,29.205536068293846,28.341517023869994,27.69286595064319,26.705250828896475,23.90377812834474
