public/json/wind_2018-09-1521_850.json
{"header": { "discipline": 10, "disciplineName": "Oceanographic_products", "center": 0, "centerName": "Ocean Modeling and Observation Laboratory", "refTime": "2018-09-15T21:00:00.000Z", "significanceOfRT": 0, "significanceOfRTName": "Analysis", "parameterCategory": 0, "parameterCategoryName": "Currents", "parameterNumber": 3, "parameterNumberName": "V-component_of_wind", "parameterUnit": "m.s-1", "forecastTime": 0, "surface1Type": 160, "surface1TypeName": "Depth below sea level", "surface1Value": 15, "numberPoints": 4800, "shape": 0, "shapeName": "Earth spherical with radius = 6,367,470 m", "scanMode": 0, "nx": 80, "ny": 60, "lo1": 109.0, "la1": 20.0, "lo2": 116.89999999999955, "la2": 14.520000000000117, "dx": 0.09999999999999432, "dy": -0.10000000000000142 }, "data":
[rows 19 to 37 of 60, columns 0 to 41 of 80]
-11.171853247318454,-11.450314100876417,-11.033521517869147,-10.867427483113978,-11.195262242085866,-11.006970937511461,-12.063838347009282,-13.039165918079167,-12.379827900522319,-12.676605854709276,-11.833776378239495,-12.239377093103858,-12.521816392913477,-12.477386933428242,-12.427601213626179,-13.34790555347575,-14.49793843907618,-15.027932638956733,-15.040850385843594,-13.907499392422352,-12.610822021677219,-14.845860838388795,-14.065092360595877,-15.573030981586152,-16.142816380960028,-17.129449107957143,-18.410711388442206,-16.064817981470455,-16.587306656591114,-18.463372522419448,-19.874859693160204,-18.86925513471941,-20.682343417518258,-21.18281551046192,-20.88127446462765,-21.330852559247568,-21.741355369100713,-22.09552287286986,-23.497957319878125,-23.4547168568036,-24.949950587261018,-24.80188062637538
-11.615660020960723,-12.059775008136057,-12.789857334532089,-10.446650443595749,-10.700804083810912,-11.360061400696093,-11.18367614976692,-11.40344549120497,-13.421289455141373,-13.296353750822464,-13.144397736161784,-14.091656882475132,-13.050166207810827,-12.721393114115886,-13.244915466708012,-12.661961184131805,-14.124950448755913,-15.362531131634045,-15.92990217199325,-15.28279702587312,-13.794797046280829,-12.9932423907508,-13.706536245851536,-12.097600956690762,-12.756069155706765,-16.30373575720361,-16.570523518961238,-19.089835824833873,-19.576560255306312,-19.03002882565081,-20.04482785330602,-20.509276903812026,-20.031608783273832,-21.17134556248752,-20.544351269356138,-21.19152533322414,-21.129109334023873,-21.77143114591039,-22.723851037261085,-24.61742355058923,-25.120855716209846,-23.236053798108998
-12.54299327614401,-12.747985440808174,-12.47367699298115,-13.461455944096677,-12.51273385399162,-10.174521466759924,-10.940992005294227,-13.553868729608515,-14.020914296843939,-13.706802166902664,-14.074673689435855,-14.160723663707865,-14.34883907657464,-13.002948415895265,-13.016882678560584,-13.706769786417118,-13.816750533691945,-14.512949267178398,-15.68258395643087,-17.00895646579421,-15.509984297703731,-13.357007254846941,-11.602782030436394,-17.858692725637916,-16.66321854038443,-18.071862156095246,-21.463193081466937,-19.475132849688592,-18.82666707219425,-20.399002881092013,-18.450312392240555,-19.68176381895877,-22.096854462042778,-20.51069052663671,-19.66655908308912,-19.90925787077746,-20.3835706526445,-21.04407622194038,-21.96536053972983,-24.188060292131244,-26.19998809467598,-24.372880345493442
-11.130820674168358,-12.64075107546919,-14.714740860589437,-11.925696905110792,-13.723769256699585,-12.880854503781128,-11.47986796450793,-12.107055858605326,-12.257143655659323,-12.903392463357623,-14.30054610712061,-15.406936238067333,-16.246575287292377,-16.3955540487355,-15.93521902593967,-13.503758455025181,-14.530369589504812,-13.728148647615065,-14.01087963244763,-15.118534985457437,-14.788547476990352,-15.180044920275781,-15.342445123558708,-17.537344477022575,-18.38850159268653,-16.19863498038131,-17.82339185836327,-19.80209127301165,-19.469365359641486,-19.549291197420253,-20.947613082779256,-20.01384091114615,-21.279376921497466,-19.589578553487975,-18.960813412461516,-19.03686508534262,-19.35338084873148,-20.222051113175944,-21.702366971820197,-23.457449156461816,-23.267479527906865,-23.229409552390226
-12.784072305439258,-12.525657018708419,-12.218515829036491,-14.333003842218655,-14.311677809101264,-13.509976757567125,-13.932408298595014,-13.635843875678933,-11.864499170587283,-12.853514090917649,-14.213072787949194,-15.164522319908095,-15.087242563826731,-14.887441130906062,-14.746197515434625,-13.606577257852036,-14.009324402322997,-14.240795873144142,-16.60959800311336,-15.700714293739221,-15.621746424675596,-16.08820603753547,-15.318648063969697,-14.988515061223744,-17.2419498470554,-16.313303564983176,-19.30035520140079,-19.176990357913418,-18.913581571314705,-19.011350615494017,-20.070643133484573,-21.09265290442616,-20.869102666922284,-21.521981363001032,-19.81867775433708,-18.914201735092647,-18.242228397532074,-19.044107470664937,-21.01077471624503,-21.957920567010817,-21.989773025486453,-21.47687789290906
-11.509772847051755,-12.142126656382272,-12.514812400424542,-13.534165058181387,-14.691065013816583,-15.402518033554406,-14.51917552295005,-13.832176504212963,-13.559728160086728,-14.212960107959576,-13.253652276520054,-13.977736042390493,-14.290728841585347,-14.725693255179063,-15.43801001524918,-14.360091317356108,-14.697013927329653,-16.201856823268763,-13.561308529175673,-13.73171698829515,-15.02757562245278,-13.66719255429351,-15.1620579890188,-15.952575952866393,-15.3028741652383,-16.756778351164268,-17.238412421970832,-19.8810374775814,-19.292139991135514,-18.571970904668795,-19.582166087841856,-20.280827185876493,-21.65733252056256,-21.66487254241711,-19.40264867759493,-18.385027557091043,-17.740666966162294,-18.156881904437114,-20.24656245836274,-21.79012911210237,-20.17842192714636,-20.56109813379538
-10.465984431273156,-11.226619952042743,-12.336495069251814,-12.962857398609357,-14.280710616600688,-13.360197968890205,-11.997371345098394,-13.143935519827611,-14.423657381458728,-12.428922638097228,-11.810504714409122,-12.850698185878963,-13.418525371315724,-13.868378453075396,-13.430431563963682,-14.896584898564988,-16.31155490484219,-14.119096694807633,-11.905425198804826,-16.114554422386732,-13.87348429184924,-15.058502812511858,-16.146944975314966,-16.866043372751882,-16.243483776923107,-16.98531349045272,-17.227486625901943,-17.89706825085573,-18.374963137223776,-19.864385152865463,-17.47604056110462,-18.684787483204445,-18.297709069616367,-19.271728241912104,-18.29452068858346,-17.65891701728992,-17.821532720956935,-20.05642695580389,-20.46330529765657,-20.589562815843816,-19.33444064630936,-20.461006765656002
-10.138519209031644,-10.530042716350628,-11.118386516863223,-11.478633110359358,-12.323979572078823,-13.426096978265624,-13.971199910157218,-13.337934285125776,-12.657485591413847,-13.292509275146962,-12.316274226995057,-11.161624038340138,-10.625634384880257,-12.42415152598838,-13.541312190007465,-12.54516617456467,-14.364726003293079,-15.22389446690944,-16.164391837839982,-15.415208676824143,-13.407916082745324,-15.25385844260223,-13.515878039699299,-14.141441895904123,-15.040260833985313,-15.836921542207223,-17.37670305038473,-17.825032710984633,-17.641212843140824,-18.764979859945157,-19.734268003614478,-17.101112876832154,-17.686295587519886,-17.480737031897352,-16.73986968876651,-17.023984568637836,-17.216025357040536,-18.829959483265377,-20.28677901177939,-19.358127522400046,-18.885344596122565,-19.08127287802174
-9.920696640890919,-9.89825374423678,-10.572965134656084,-11.133814947660378,-11.870759761152836,-13.058444906198929,-13.14379697351143,-13.363564878012976,-13.212138328710486,-14.288344927966884,-14.371209458835203,-15.940787982424924,-13.514020126567097,-11.71340144805243,-11.668099866966688,-13.687967280884578,-13.206958752052438,-13.077076257348597,-13.590768060489333,-13.432892645006374,-14.290018090758473,-13.284476664044291,-14.932119392755736,-14.460318531872465,-15.045349061526931,-15.485589547773278,-16.47960945638369,-17.12206402943687,-17.479964725231667,-17.66954392600808,-16.645994299053598,-17.254817433769254,-17.933550228815708,-17.931368673580998,-17.55781513049613,-15.514361575061294,-15.618129226199288,-16.30457423743102,-18.126679667349777,-18.361795952718232,-18.56584385191738,-18.181679879443337
-10.353069474022318,-10.01342770171506,-8.902621994722972,-9.978982997642303,-11.675276155285964,-12.455362131479145,-13.599548907231176,-12.83184766426414,-13.041609961222072,-13.26973442193315,-13.538333748803824,-14.451257088170433,-15.32364425719473,-18.071676995697473,-17.25581778339193,-14.535403312743977,-13.53058925683489,-15.124766745872726,-11.340750303591808,-12.38560236291135,-11.101851726838866,-12.269346023610073,-14.044053524776647,-14.88130806970216,-16.034276237178705,-16.397888605931172,-15.65495618984525,-16.88980692315451,-17.253460538936157,-16.916625667719337,-17.02061970423815,-18.56181598998328,-16.571488652840166,-16.11611091849767,-15.665748813520196,-15.207508372498324,-14.225226208054828,-15.077450199132707,-17.163005952300825,-17.66621285797189,-17.638979091257976,-17.27786024451109
-12.146130699121333,-10.760329318780226,-11.138516092790258,-11.363052684880715,-11.238581504434464,-11.69153489940581,-11.714382238791387,-12.587642069684632,-12.522406630100177,-13.269017248811078,-12.894630749301255,-13.535739317768417,-12.437541733211091,-12.909620531020057,-13.612116708720054,-13.323892383834346,-13.291750095733354,-12.047960305071737,-11.73507267230925,-12.47833530665589,-13.801940502853782,-14.31006846226504,-13.979909390007107,-14.941632028750739,-16.06185030804155,-16.99071636218131,-18.507621876773207,-17.080874387858245,-17.535279794605888,-17.296602267662962,-16.85074937228667,-17.31428729239777,-16.185265504487692,-15.001765639902988,-14.794738430183688,-12.165322678162852,-11.578480597584242,-15.119769818780252,-17.02618961369641,-16.964286664246053,-16.346063042344603,-16.103703813008515
-12.36070931519116,-12.217548916166184,-11.672236266257723,-12.041333754757549,-9.945611033802006,-9.04734166335323,-11.597762114000135,-11.88846517365294,-12.293571039556863,-12.8180112519455,-12.466097362274134,-11.654189401277671,-11.858405827973156,-11.324778554718822,-12.305719006758022,-12.141560518715073,-12.247234977641497,-12.668196603138288,-12.777063416555624,-12.700164059188864,-12.22992761922762,-14.047048156026253,-14.593126036702545,-13.527260534008953,-13.983532945478887,-15.190376903229184,-15.861192357152593,-17.436156140998037,-17.22360258683493,-15.577026564891828,-16.274904936350968,-16.11743427712729,-16.501186408579198,-16.725846921540395,-14.101600158665374,-13.292656646984302,-18.59222728170981,-15.743373726710793,-16.295499536750544,-16.08939463332726,-15.404713048902742,-15.266725726740919
-11.027393318490827,-10.790954312573607,-9.761250183393804,-10.928642656845907,-11.364076816860322,-11.817641397192794,-12.520004172379737,-11.444077937159324,-12.353788710463526,-13.10217100079407,-12.363773022013692,-12.30928792820329,-11.61011798088929,-12.125463974043944,-11.672049526305056,-11.301969610252769,-11.83537821954167,-12.138688729040748,-12.506464890491465,-13.217730973809047,-12.67311967180416,-13.066132971217105,-13.809956589677007,-13.76320201158209,-14.089099954767244,-14.389413491472155,-14.597921462070937,-15.187067709023879,-15.577528169602079,-16.261762911033625,-15.859096931851962,-15.639781817418434,-16.16580177256205,-15.66035152063185,-11.807070993682702,-14.513002619706759,-11.881857004284164,-13.420440593515195,-15.435971927054585,-15.209871088885219,-14.704563383549914,-14.463622052131651
-12.328203135404623,-11.297537217925116,-9.307532205475193,-9.503924337381818,-9.534243924259616,-11.10460627009091,-11.634491778333695,-11.701072390356266,-11.934923577052784,-11.861204287859021,-11.00460506429994,-12.262203822358115,-12.143613782735146,-12.466753845318479,-11.68710103819541,-12.275736844677352,-11.379883727707902,-11.286246471062865,-12.077451853566737,-11.6127784651935,-12.270556515433496,-12.49329817879226,-13.060885914994333,-13.628578987868538,-13.736851289149524,-14.162395479274412,-15.289073534092148,-15.311638229071248,-12.644639847488241,-15.059066538633276,-16.25532204712315,-15.238391639229613,-15.963863029221873,-15.156415241648741,-14.547154582655187,-17.77385609537326,-16.8846705976527,-14.71966902402105,-14.9565034860641,-14.470324834449661,-13.746725840942322,-14.245345387031051
-13.234383527282041,-11.433333618048513,-10.910033578977755,-8.637932687146392,-9.55874216764643,-9.622846349448498,-10.989624316967667,-11.413372886249467,-12.410287454067099,-14.47981050277287,-15.788456012145236,-13.491442329773953,-12.427428815078187,-12.591466724278689,-11.848776862606762,-11.793232099970183,-11.280780203354299,-11.546091557388836,-11.356767136894366,-11.370868576702366,-11.968893766327039,-12.361921724390259,-12.819209745320027,-13.626279315997026,-15.056407109048335,-15.284563677996342,-14.571248139458737,-15.288032601040534,-17.12837132333725,-17.166806624931613,-17.345521922667462,-17.25045063805594,-16.66824818508457,-15.185925706878866,-14.507233832358102,-13.563447485471258,-14.743354966212628,-14.565077151287287,-15.815601556420203,-15.052347795310919,-13.564754603972558,-14.232522875173785
-14.123008651914077,-13.124326234238389,-12.83758688726135,-11.975096778309604,-10.145538488548311,-8.970090754531507,-8.891321498570186,-10.703339947830482,-12.1002242417047,-12.205042901115675,-12.763887939151468,-13.556751005145294,-12.720085860017972,-11.960730011423184,-11.249992004109323,-11.312762971447887,-10.581770613664174,-11.866431390610119,-11.338028819019147,-11.011613287132436,-12.784276404534921,-13.335723584294085,-13.581094715920214,-13.765101847378725,-13.527924909390048,-13.993025705420306,-14.946866635015695,-15.48932229190654,-14.793378139287777,-14.828191148379481,-16.39284128441041,-17.00687275107465,-18.44376259059095,-17.63326704641485,-15.79760121241558,-11.368442384722156,-12.44934382165721,-15.144455583439864,-14.344044757365198,-16.31118951599875,-14.960094050789513,-14.747976429608531
-13.854666971902628,-13.21938024795515,-13.051105686751997,-12.582038674493653,-11.088949412718689,-10.361912966724454,-9.391218770458686,-8.422089548221054,-9.593119575732636,-12.816228482631795,-13.574926092059858,-12.363917932412615,-12.633199451175685,-11.480252947795588,-10.933536296611912,-13.656675069768532,-13.288179660712942,-13.422583248513892,-13.173874344301765,-12.357323495454088,-13.234931050361874,-12.55208779849768,-12.432933360443108,-11.858641320219492,-13.660809593438554,-14.958228380459902,-13.911587464815211,-14.4260734328549,-14.207461005626365,-14.970406949059907,-14.456464653916594,-15.694134182358715,-16.03372663729023,-15.64115316686806,-15.126546447973114,-15.615807928149508,-13.154560481396535,-11.446538548140534,-13.745008011894692,-15.667392051911122,-13.950938109661609,-14.349783499182038
-13.287921557037901,-13.028963950450194,-12.783951324505672,-12.573719747244132,-12.817016349352151,-11.809373201750883,-11.20240376403909,-10.522517539704623,-10.991826638524422,-11.682063723859446,-12.231720022372391,-14.931406139050686,-14.935107869278433,-12.754163394331076,-15.906543020008716,-15.118672704977609,-14.565570811260192,-14.3176920663468,-14.21931410986506,-14.785717562431126,-13.865177895819718,-13.632480465484566,-11.651611879413531,-14.014945156854903,-13.988431416763104,-13.83751297818241,-13.317728464242583,-13.658967068124038,-14.270474650847582,-13.605643675865835,-14.076846754103347,-14.290185416270543,-15.003474152269058,-16.395168695584328,-15.980325976452361,-16.204184865153575,-17.301147484890077,-16.054331799249073,-18.764452207713738,-14.402873735400238,-12.538019573188436,-13.555121853617068
-14.269626167288793,-13.895467355954597,-12.776056306383275,-13.121657184556751,-13.136688632846203,-13.110697270349345,-13.294889960481436,-13.518231995841582,-12.467361787259131,-11.722753168813238,-14.355404698917294,-14.175466067231653,-15.021375079755416,-16.72450928226654,-15.275276696305715,-14.428968512071126,-14.458921854590375,-15.306861283612989,-15.4555797827476,-15.341881595345503,-13.784097919510454,-10.938202539804035,-11.170844508570262,-13.230863541879222,-13.316318980734334,-13.421500784698782,-12.09846670599762,-13.063536011880275,-13.144648283396279,-12.823679614323696,-13.991293794214396,-14.508787464060198,-15.808731328270238,-15.447431552448265,-14.954480483192286,-15.645679649729981,-16.512906998160176,-16.391979324600094,-17.23821166402002,-17.87811050540244,-17.993968161248752,-16.592382879062587
