public/json/wind_2018-09-1612_700.json
{"header": { "discipline": 10, "disciplineName": "Oceanographic_products", "center": 0, "centerName": "Ocean Modeling and Observation Laboratory", "refTime": "2018-09-16T12:00:00.000Z", "significanceOfRT": 0, "significanceOfRTName": "Analysis", "parameterCategory": 0, "parameterCategoryName": "Currents", "parameterNumber": 2, "parameterNumberName": "U-component_of_wind", "parameterUnit": "m.s-1", "forecastTime": 0, "surface1Type": 160, "surface1TypeName": "Depth below sea level", "surface1Value": 15, "numberPoints": 4800, "shape": 0, "shapeName": "Earth spherical with radius = 6,367,470 m", "scanMode": 0, "nx": 80, "ny": 60, "lo1": 109.0, "la1": 20.0, "lo2": 116.89999999999955, "la2": 14.520000000000117, "dx": 0.09999999999999432, "dy": -0.10000000000000142 }, "data":
[rows 38 to 56 of 60, columns 0 to 41 of 80]
-23.08847249419206,-23.20712825364587,-25.6357798522686,-27.031375526282357,-28.289116211757005,-28.126607466594663,-29.663758501636046,-31.31351660500885,-31.92457030411154,-31.701495707687254,-33.30622434160359,-35.939344745273154,-36.44761372521555,-37.15458192273612,-38.151451042812916,-40.93406239533944,-39.89025396549337,-40.19576486594332,-41.47222938501541,-40.21563222123743,-40.44782356239875,-41.55537963694789,-42.45475346125769,-43.8815357791257,-42.446380542345736,-42.09868351870186,-43.296695925607864,-41.025277876814584,-40.55332901771011,-41.834922230405276,-40.33194066106634,-38.92448389141353,-40.27754399615778,-39.37300692643404,-33.89192176264839,-34.718244741088455,-32.6754212734477,-33.93498304836429,-26.881601756275135,-30.910334176765126,-32.90399942572739,-32.339493057670424
-22.471310972118637,-24.288368539717656,-25.691495695040356,-26.996843543928634,-27.900506984543206,-27.955867083499648,-29.56996363755676,-30.79286620239488,-31.93672657274016,-32.151744694217186,-32.6705076086724,-35.305550132269744,-36.732661759272204,-37.034045862513636,-39.08049843134732,-39.71507416310614,-39.84685558675821,-40.042119968166794,-39.96675463533189,-39.88026061835101,-41.541688786488905,-41.7959975876895,-43.523743277124254,-41.96494729546636,-41.77251877494254,-40.674208444585204,-41.374163865254225,-39.12621117643936,-41.18583213207957,-40.689833759727875,-38.00366164198714,-36.553687076358365,-37.60286414803068,-37.47956644761832,-39.473308426621145,-40.25822131055756,-37.01362511189224,-34.70531989115825,-32.538682514279174,-29.39592945104549,-31.95857262602507,-29.040737658124048
-23.361146649589095,-25.230770478431552,-25.884741255343272,-26.931878247358462,-27.591508752381912,-27.911141104458842,-28.851000278907634,-29.673168985281812,-31.635229827535,-31.75130999045544,-32.845776433032064,-35.05289823320108,-37.418096589160136,-37.08742933555726,-37.64280638718105,-37.027613856724756,-38.72041494559806,-40.371895741759126,-40.03522278928849,-41.46719104539063,-41.186683621999485,-40.706151223330515,-42.04400140307976,-40.42733256990049,-40.75593501580901,-39.84431511259449,-40.76078657712992,-37.63704380712322,-38.45492373279821,-38.82991421371337,-36.66268838211669,-34.766615080082545,-35.71125130816177,-36.336603097393194,-38.27550211268347,-38.425149970084455,-36.28171952332034,-34.821072346026156,-33.70512576658185,-29.073790783899295,-28.77083216421657,-28.163928810102135
-24.66984750645708,-25.516646445431103,-26.30163649709434,-26.87829299791548,-27.68485929336829,-28.139302366567758,-28.419959098810878,-29.237284144056698,-30.25339242909994,-31.33433165144983,-32.47589064806246,-35.104934368177084,-35.707869244698344,-35.55865871416698,-35.4976575284052,-35.31017425266081,-37.85106962065399,-39.64537295318053,-40.84475976429103,-42.77160815869826,-39.849220895050856,-39.80932675743501,-40.09259151761923,-39.43775564195198,-40.20035285232731,-40.14416744034499,-38.78401880910354,-36.171529181075286,-36.77608509917273,-37.71755602379608,-37.49177791665924,-33.851680504020635,-34.28738241672084,-35.24696136895689,-36.20622086585944,-33.868084404389364,-31.313303307687086,-29.907958739367267,-31.186531235121887,-33.15385682199736,-33.61714713726042,-26.428312146938268
-24.774967861933273,-25.817572313724664,-26.30214074181477,-26.67756206876982,-28.013878658812857,-28.163667179941022,-28.43132290366782,-29.34512379839328,-29.597496045022726,-30.629391304847296,-31.223661007421157,-34.32105536608541,-35.57354421996422,-34.474948020213525,-33.261301020594686,-35.66726056082254,-36.448714968190444,-38.27485698914279,-38.67504711279517,-40.9846885773061,-37.247028919019314,-37.26008647887783,-38.793169160374234,-39.6910860285757,-38.20821338204246,-37.84991378056442,-37.688661949823796,-34.23017059004189,-35.39495809709481,-36.93843132622672,-33.60399150963269,-32.189853584972894,-35.5193573975121,-34.2459800787675,-33.52260621685574,-30.935969077583273,-27.97488616203912,-34.85831515749218,-31.74180667108138,-28.346857803944573,-26.061705662649775,-30.974059523159514
-25.197837246723438,-25.422644727578053,-25.993901934377067,-26.7285981374809,-28.755350370397014,-28.021675182210142,-27.64058464984488,-28.784718997619834,-28.937318421680896,-30.042348724155463,-31.07955998475091,-33.970251005230175,-34.82280029428368,-33.47459041480691,-33.43349608623821,-34.456115355022995,-36.76427416773074,-36.28757180306066,-39.14023462411356,-36.59417127407569,-35.558883869777446,-35.12047283535351,-37.574427030592666,-37.81373493060077,-36.773031671388026,-34.74599914488678,-35.13579730863393,-36.08050365502399,-35.78706123523056,-36.50070114531439,-33.43698077963339,-31.23122480963711,-35.5549370076794,-31.058201210202945,-32.4480049616477,-27.40366500799268,-29.26141786452815,-32.716628283810934,-33.16597215890807,-29.71735604740303,-27.786786115011402,-27.505355269007488
-24.576960773061124,-24.431246889825974,-25.747506709852424,-26.569451665187373,-27.829563513316728,-27.849861001652503,-27.58955131487487,-29.012623545507974,-29.296596761383093,-30.16539743363622,-30.68643349857934,-33.169154287769565,-34.06075398371663,-32.969380059516396,-33.2017077028987,-35.07695571112697,-35.752761737030454,-35.99966166403962,-35.72478781389557,-34.362200634452336,-36.663913526119174,-36.800828007609184,-38.27713043146542,-34.024489406020116,-32.479791419241295,-34.26039115998468,-34.96048123821526,-38.10983482914989,-36.99793575624705,-37.32230120970816,-38.10257765622669,-32.79970017726333,-35.2743628930973,-28.778764323478523,-27.25053135402529,-30.06951847215356,-26.78561590024625,-27.144698843432224,-30.58709170405404,-28.66695179403176,-26.33326654398108,-27.876107560325465
-23.65022689638774,-24.40943029409168,-24.91038378414084,-25.273908367705722,-24.620046302729158,-25.780327960977402,-27.40614035437505,-28.899057967229297,-29.833779673169712,-30.41772228570501,-30.7090465018216,-32.97081112661581,-32.44522582487158,-32.64654457174283,-31.691168447504477,-33.115572674845396,-34.42179862120641,-34.5632897843528,-34.159597979700045,-30.528951764768934,-33.950563642452124,-37.89887855517331,-37.62902668154516,-32.617579310249624,-28.615680262700867,-36.71063610783479,-33.710519365831274,-37.52349767201294,-33.55534253767501,-35.43052646525264,-37.9367064740871,-38.42765362459588,-34.591995521521426,-31.550626840749125,-28.242049751269995,-29.313255533024705,-28.72388709243156,-25.408255845881733,-29.93962309137042,-30.892081855109538,-26.79243924170811,-29.49573171464432
-25.440690222875638,-24.766986736472077,-24.11476045863328,-25.373547962722242,-24.154232811527116,-25.15244061632704,-27.387070343977822,-27.49540528532328,-28.012220076164084,-29.176516211916244,-31.591585173370053,-31.816679982492065,-31.81653756152714,-32.19139221859882,-31.516354609504386,-32.16008869198972,-32.56706431469847,-34.46283819064203,-34.38580966617605,-30.579210601685993,-34.0932701227117,-34.909517318098125,-35.129582976291715,-34.72198432133685,-32.585371483561,-34.001840463215345,-37.18808468734721,-33.56228537386803,-32.8013210179705,-34.08964456599349,-33.737328231286924,-36.790745428415995,-35.563800695332496,-30.95542445695892,-28.94765816570001,-29.89723553766884,-29.66586901384516,-27.658355523604925,-28.991579433773083,-33.8792432200141,-29.69582587616301,-29.1777475586399
-25.66462435903191,-24.24914984863834,-24.176460863193377,-25.318908333657483,-26.174563240975832,-27.774319863094306,-27.38985285842955,-26.386595486940344,-28.652769231757404,-30.924549946229412,-31.31739550581176,-29.646167361583124,-31.90566718543336,-30.779308115088714,-29.851581348419792,-31.236155181856592,-30.313953128084904,-32.82851059678249,-32.344900781769084,-32.63857930837746,-34.86382205043595,-33.066101490549485,-32.625229320272794,-30.827460585223214,-29.737823456445998,-30.84247330999388,-35.488801513902956,-31.05894708470737,-33.18466779373585,-35.72250453067276,-32.215924710376754,-33.093062709412166,-31.112294931639486,-31.46007233797949,-29.128082210650835,-27.76091243682442,-26.55798760669174,-29.85889435549756,-30.080781464921316,-32.55792731709907,-30.45539341184974,-28.32181736396538
-22.562604495430428,-22.717493905585883,-23.459441400522763,-24.411397608599476,-27.710346233794933,-27.26707368177814,-25.903171216786983,-26.839624895877918,-27.796133880035963,-30.781184470966007,-30.061929471053215,-30.39573896496478,-30.546539664247597,-28.758181956860053,-28.791018267009093,-28.543885694452467,-27.933399920684884,-31.66350410091409,-30.66350553304298,-31.891799625837084,-36.61556863075815,-33.724250700537354,-31.86144293922698,-29.58236178991094,-31.83569310886931,-30.4552333825957,-33.05088543976605,-31.28424893986739,-32.221649633506345,-34.23061058967103,-31.555583165026047,-31.740554907706304,-29.621565858217657,-26.434216345848125,-29.667422744038138,-28.07854000116063,-25.352000958385656,-31.584961016917283,-30.629876775791363,-32.25045993171144,-32.32552987754488,-26.640142242856594
-23.934190184166468,-22.936700481843474,-23.497298683324743,-23.405632352057726,-25.05450202646513,-25.43695656391787,-24.68232886067922,-25.68830100961489,-27.30905138257722,-29.16091037410447,-29.063989206901635,-29.530004423555518,-29.29163256301119,-27.96409295448016,-27.261479971883574,-28.47988046918106,-31.8038933792935,-29.471360991753926,-31.88069894804676,-34.38560844511573,-34.53288416575366,-32.54478621999349,-31.692821762340138,-32.20924972729237,-33.04422591751837,-31.39350171100435,-31.908284312258246,-31.436214437254836,-31.102100254171816,-32.81544638030528,-32.10868014634833,-29.412498329418685,-26.348278860849057,-25.58319975664967,-25.553732060086976,-28.791983219252614,-27.54952736605717,-29.613197280796822,-28.62757310970933,-31.848075472130482,-30.87559679760971,-27.601478746759526
-25.248876275449565,-25.599839122932767,-24.05773473678936,-24.182897123438217,-24.414887205694086,-24.373048284106112,-24.273964305695102,-25.75778610910851,-27.284233565140777,-27.867615470635084,-27.948005154947666,-27.870323383195213,-28.32077131125498,-27.51327202357036,-28.37483286452166,-30.02749823806778,-31.765391449780175,-30.38240365362006,-31.43527707687974,-31.225552111274432,-31.909430012170873,-29.21466220285264,-32.823035716930264,-31.55861611594146,-34.63780117925728,-32.545739827797185,-30.66699507740155,-30.210001718360733,-31.758319717135223,-32.23525849611886,-31.163605736830533,-27.393753797267102,-24.24516394016135,-25.447240297801727,-26.04763860515162,-28.070833125720288,-27.342639336519014,-27.76458967655793,-27.63911125059687,-28.280938996771916,-28.32573107150113,-30.528852092312526
-24.882824681665923,-23.62738830797399,-23.53861633639964,-24.435584621673442,-23.753441171585543,-23.93680197346189,-25.602204051648428,-25.2739164766703,-26.422300992628013,-28.14494756742191,-27.439907718125614,-26.271493511752567,-26.407593458646428,-26.05493616072627,-28.216476219773856,-29.35005608117989,-31.605584250752614,-30.481951796512888,-29.93058568491064,-28.146763653346465,-30.577363795447212,-31.68885982085666,-32.441134525290735,-33.057150993444935,-33.54845849948189,-33.184025159712974,-28.704496664088055,-29.39632012615496,-30.391069567980338,-28.439215554377842,-31.562136164279416,-27.43142005880605,-27.546628988583933,-28.809245900016705,-29.37405023040093,-26.445055285063752,-25.233230607866055,-26.997320846243294,-27.34662937837477,-26.434060792998853,-24.990254063407505,-26.227234473110258
-22.69853509072842,-23.058721628874807,-23.658819040492446,-24.801075669594955,-24.035536369199868,-24.195245149723554,-24.72150570116817,-25.293308973210337,-24.610506106064147,-27.279765369897355,-26.21409151055199,-26.268323777286657,-26.42650198350152,-27.888806431823095,-28.137325697287036,-29.358826598968427,-30.565225845184237,-29.00449101341573,-28.584989629913068,-31.174076253297105,-31.226286097958575,-30.50228091579025,-29.839958745427882,-31.233293186366588,-35.19210498461989,-34.93256838838621,-30.04766392667946,-30.602565083665358,-28.640381574109053,-30.250808378136544,-31.44208105770642,-32.904793234930494,-29.433806682345555,-30.0688596722351,-29.31879006066695,-27.314927687291693,-24.595217663360437,-25.337717185305127,-25.693229277746777,-25.766282838410568,-25.267702619653228,-24.44988163481341
-22.524832677880983,-23.524878163663317,-24.604816016255302,-23.394280289196303,-23.795744564580538,-23.822343241500405,-24.199426080824,-23.105368534301,-21.95231604889078,-25.328967402739266,-25.783602201496326,-27.276704208931896,-28.001862165657666,-28.59035200258098,-28.4530801538364,-30.552395919506857,-28.150288434285557,-28.975758498490226,-29.815775128245313,-31.477137269852133,-31.652798345217086,-30.018621277951304,-28.039911570858983,-29.584969632040362,-32.23384791816809,-32.288339390331046,-30.017976401132973,-29.099373405649114,-29.122175342167075,-31.26104630751217,-31.797190321311945,-30.998743873408355,-28.598969515993232,-26.237300801596405,-26.641938461217876,-26.96878174159473,-26.472430688297756,-23.691033492040695,-24.441669269550058,-24.341266131221165,-23.619808295314705,-22.598425154133032
-21.652015174432677,-23.724295699155,-22.849421127152635,-23.131460089365355,-21.313753287934787,-22.714497388105215,-21.950000637117313,-20.970818252419843,-24.55981099924959,-28.15603040862671,-27.023739024737004,-27.487621652514257,-27.118069114404204,-28.390809887218296,-31.098835029893625,-30.23023071550188,-29.7988609280617,-28.57030538960256,-29.125190352696734,-32.39192047899508,-30.13938692075368,-28.94979117837598,-29.98404444958018,-30.88753331119996,-30.520996422112823,-30.690349984097352,-28.361246534181134,-29.52763774355612,-29.86565125110351,-30.085238053952292,-29.97223578349285,-30.129718051553304,-28.97987563377267,-25.530484490077157,-23.964912132698167,-24.647317930724043,-25.788456731451607,-22.327970891444547,-26.08059265923829,-24.129489583793315,-21.180620234443182,-21.388092186214095
-21.67254892147752,-22.87835240552075,-22.636468221201934,-22.227870362076473,-23.758902152048584,-22.333155652582896,-23.793509159342733,-25.504582468359498,-27.551162558172564,-29.3416636514364,-26.944511447137025,-27.06640777970599,-26.968328882087526,-28.885886216168522,-30.16213675248412,-29.538415589792464,-28.581125578663976,-28.741572983739633,-31.25843318911155,-29.339352776106345,-27.863840149698987,-28.77487514209083,-28.5116697913127,-29.364534152923614,-27.996583095862576,-28.48766501470222,-29.54998823433955,-29.109813060854627,-28.758211952650722,-29.146667097611303,-28.39948114922384,-28.617841857552698,-27.434521531316417,-25.348853751381643,-23.51545240737999,-21.58659156815623,-22.06763707911416,-24.48902641070237,-25.684128800579142,-24.54867774984287,-20.23365516765286,-22.249134510243305
-22.638901103064278,-23.061901122418384,-23.388633064098784,-22.63925296396074,-22.632837401481382,-23.15887266295831,-24.833413421754642,-26.00740767472209,-28.109444208307888,-28.262852766434847,-28.087868304111918,-28.00549477991986,-28.3732656511371,-27.76698463669563,-28.837701885556687,-28.89809649894668,-28.49593734342728,-28.219472295459333,-29.668832579608313,-28.16330048198545,-26.403704959673263,-26.591889307236762,-26.680051442937483,-28.38280647148849,-27.623865655897298,-27.931773172645464,-28.61106039847202,-28.72458709698705,-27.404175876330743,-27.62579196278442,-26.750259825570893,-27.185688493325394,-25.88368823120518,-24.687920664400657,-22.191271604279358,-20.64467549557991,-22.114988985933568,-23.02459818238575,-24.259885132768197,-24.001496113921423,-21.13608522380246,-21.96843050345567
