public/json/wind_2018-09-1522_950.json
{"header": { "discipline": 10, "disciplineName": "Oceanographic_products", "center": 0, "centerName": "Ocean Modeling and Observation Laboratory", "refTime": "2018-09-15T22:00:00.000Z", "significanceOfRT": 0, "significanceOfRTName": "Analysis", "parameterCategory": 0, "parameterCategoryName": "Currents", "parameterNumber": 2, "parameterNumberName": "U-component_of_wind", "parameterUnit": "m.s-1", "forecastTime": 0, "surface1Type": 160, "surface1TypeName": "Depth below sea level", "surface1Value": 15, "numberPoints": 4800, "shape": 0, "shapeName": "Earth spherical with radius = 6,367,470 m", "scanMode": 0, "nx": 80, "ny": 60, "lo1": 109.0, "la1": 20.0, "lo2": 116.89999999999955, "la2": 14.520000000000117, "dx": 0.09999999999999432, "dy": -0.10000000000000142 }, "data":
[rows 0 to 21 of 60, columns 0 to 48 of 80]
null,null,null,null,null,null,null,null,null,null,null,null,null,null,null,null,null,null,null,null,null,null,null,null,null,null,null,null,null,null,null,null,null,null,null,null,null,null,null,null,null,null,null,null,null,null,null,null,null
null,null,null,null,null,null,null,null,null,null,null,null,null,null,null,null,null,null,null,null,null,null,null,null,null,null,null,null,null,null,null,null,null,null,null,null,null,null,null,null,null,null,null,null,null,null,null,null,null
-3.288480626266738,-2.698560421537162,-1.7243980967371582,-1.165587097471232,-0.5596888333737888,-0.8341730751540241,-0.9153383983486595,-0.8897089669422702,-1.4334111111794092,-1.6001480977698828,-1.0621640948307103,0.1887546640266276,0.8359230944104469,0.806915835269647,1.2290639092923348,1.2819650058918453,1.6441606168374743,1.3750303199872942,0.9140438745011378,0.8533738595492557,1.679484786661703,2.511208250666815,2.967455214591314,2.8032233105924225,2.4345977614312355,1.8096925370167933,1.8252958732991549,1.7600035567528565,2.0010746262987653,2.723712581973319,3.3156714018945155,3.645808536812492,4.047898621786886,4.675731902893901,5.769130020170369,6.84255462961954,7.370883898952323,8.094156990044757,8.753090253606091,9.331190380306207,10.285876278875616,11.195059562016018,11.495426236769791,12.288831945400815,13.667517668784473,14.518259415024612,14.98923063991599,15.070048178544363,16.082218725522782
-3.2301262005717923,-2.2573472072477325,-1.8522393521120963,-1.628208999423873,-1.5273470733937087,-1.7358087782238265,-1.7892758807414126,-1.4737894864309207,-2.5676308465612654,-3.242541677045054,-2.664587733856471,-1.0181390634401375,0.41333697523675117,0.8488753454298437,1.4303628814240406,1.2668456964245423,2.5088379313209184,2.9077702460924097,1.8847481502520764,0.7256463484692369,-0.2850513451342061,-0.09564662632322765,-0.308112731110927,1.680019441110828,0.8557421355775284,-0.49796510994986964,1.4506481964594946,1.0678623455477352,0.8619906503170436,0.9061594595288612,0.8541787238328595,0.463337176660299,0.941915765738524,2.344797619546052,4.786100605885661,5.430416587874126,6.743956106145,6.642490541089482,8.039394906103027,9.74483157152791,9.79451612034314,11.483658440288952,13.092226859147878,14.071237665954623,15.437899885197282,13.288491978386284,15.823827921761204,15.419248981774778,17.527998428271047
-3.021680116990698,-2.6562544244547053,-2.3445883484964902,-2.0734791767038874,-2.0544382722151546,-2.0415159458488876,-2.2287635013827956,-2.484710057403809,-3.5235747033851474,-3.964193420715665,-3.185794958225625,-1.8063683403804798,0.39680891858010003,0.9615552428834238,1.42273622328167,2.068252765905011,2.456298733382046,2.7962343188573726,2.8145978050056186,0.8650759032905164,-0.34232179915868943,-0.6725537039894737,0.15449969806383965,-0.268610160227736,-0.8559819384063677,0.5136717202495639,1.8953367718982734,2.606401599450172,2.4985147585087257,1.9821718348988626,-0.03105995961669953,0.8595502155299619,0.35837128176544125,3.1074377091551115,5.641779741212481,5.243354563907672,6.401727564466378,6.856887498735844,6.659474275286625,8.784947422475485,9.273240920580168,10.733531705836205,12.596483932451845,16.356360858172906,9.233260351326356,10.020554150149438,12.566697121338036,14.68676965250197,11.700084998215843
-3.115593680242588,-2.9368471099932565,-3.0164561938146055,-2.6612756577068097,-2.456980175918154,-2.358911935553988,-2.489531270201872,-3.153860181052642,-4.194653061180747,-3.694228693385902,-2.450100200482992,-1.5675591746006472,-0.021576280758325808,0.16960305269047418,1.0953499666438589,1.5849549810731864,1.5452578495394207,1.8006759152065384,2.4690277049907086,2.5628280793881166,0.3553208669209915,-0.9370930619691112,-0.5767875537891621,-0.8280084213006481,-0.740385351979343,-0.702773861640347,0.5643157106353227,1.3016507815419063,-0.18946968231511122,-2.1542588850405733,-1.7215603972953288,0.4223742399498318,1.4553224645012601,2.450925780760718,4.116660163220161,6.425634427228385,6.164608802344521,6.2742305896713955,4.773687951808004,5.799287318001027,9.228024908990326,10.720046110582485,11.801844936437345,12.807224467790101,12.52159417841095,9.436039857359741,11.665805637032339,14.736129208418445,12.181252045916075
-3.595137170643005,-3.5079766782324224,-3.6271455749097603,-3.2103186261980636,-2.9138036429461978,-2.7964251524278882,-2.638909439181559,-3.632297653342449,-4.731205383071484,-4.365378315565996,-3.680819726673075,-2.5824233336183635,-1.7079561046977052,-1.004017717623927,0.010175881594937364,1.1993948609185692,1.4136509225235374,1.4682653589128398,1.7557466281110434,1.599242841597764,1.0060457026657148,-0.6656543679437629,-1.1455010284550708,-1.69952064019295,-2.1243454905771406,-3.0715773071712444,-3.5238673814193855,-2.612611671886247,-2.583326162592565,-2.4101853236612194,0.11776439451208824,2.0350883085379676,2.3972376150533057,3.466968581942299,3.6176867490857614,5.688594836458646,5.86708903655727,5.90260817162187,3.748979811552365,5.288896965002099,7.412950101170614,9.941753039440677,10.82488078555329,12.944558781276763,14.225174310137461,10.271202126421338,11.28040843246543,11.930170357051392,11.866966757990648
-4.123192093810138,-3.9598568250322845,-3.914688886855582,-3.8798336070078605,-3.2801332438024358,-3.226442469421002,-2.712046264712723,-4.053102235907549,-4.47837448825895,-4.579703940328493,-4.199171296163536,-3.563991785400308,-2.7612293098396727,-1.2718326869004475,-1.1265999101351354,0.6196179276074243,0.8301094167647045,1.4108293275287394,1.7264118243560334,0.7388565323551695,0.48578623220635464,-0.8955538295225589,-1.5505883232930224,-3.0289634680757795,-5.501159024435719,-3.5979810656969224,-1.50497777310553,0.12670494387289746,1.1971024115120612,1.3868437295724645,1.7048521979830142,2.9957583742904936,5.98008629192357,4.382567880152054,5.28300704113782,4.553375213488215,5.3833787401546775,5.145643945963198,3.2684710369129286,4.26300561660044,6.601507111919288,8.866177162063298,8.928075082634473,9.648131206150271,9.71118250292774,8.846705847574656,9.946778055061312,9.288477765524053,7.883173767707667
-4.613773509655564,-4.311578857405833,-4.06625021931172,-4.311342339196171,-3.717008999829303,-3.8993166893199382,-3.460557079399054,-3.452266395488258,-4.762296599725532,-4.921498768208802,-4.979386178166233,-4.842933740111862,-4.399687539508483,-3.2327767601516326,-2.145499444402346,-0.4499693187033924,0.03912969710291296,0.4794737378564103,1.7005894566133175,1.7565979032863497,0.9321107274208317,0.022658965318186938,-2.0510955970584597,-3.1534106527097805,-5.554169798975459,-5.691059415531776,-4.179205982774176,-1.6936247968414855,0.4105157256959483,2.3070278259984742,2.9828952073777812,2.1803627062214637,2.9791889770648163,5.489451388272084,4.827398487395714,4.389960943181736,4.346909417723263,3.204402504892041,3.1957383949048075,4.474908790414215,6.2518118398392,8.175730291255794,9.595266755734153,6.809423372567435,6.214778778039742,9.282731478518803,6.935938908786215,6.5848868454652045,1.2324117357511466
-5.134856346655476,-4.648343589797854,-4.406462578819224,-4.444430870028348,-4.154734424386927,-4.287664332436016,-4.082759273928031,-3.9285872022109185,-4.65386986245003,-5.131218073149066,-4.809396100176016,-4.653042016463768,-4.3981964028645635,-3.29367469235054,-2.660306794670061,-1.3647929034989745,-1.247120725934534,-0.2141474476631672,1.1125211486273043,1.0897664015570219,0.12691096760381126,-0.7712827647404475,-2.0474387663252847,-3.6089436242968325,-3.5669668083968813,-4.37683771291708,-4.64092844333928,-3.0184154961414222,-1.8572299792117466,-1.2787767391605276,-0.555750840255976,0.32477153213962306,1.474593692630022,3.3494036458810537,3.2155826986759535,3.1670114281807447,2.5925288423577255,1.7958371918007217,3.4951682876417802,3.086778485616498,4.438633022086958,7.18346091546901,5.322577365006691,2.9232348602118456,2.0815929655847105,2.54665540277394,2.197334994831352,1.7991754688758954,0.13091452643486412
-5.659389319381833,-5.349328549740544,-5.1449178620720755,-4.655924679756511,-4.208540282326394,-3.9791942755582372,-4.480534495308987,-3.870564915077761,-4.0992290772937885,-4.809624343760198,-4.784718666292984,-4.302357464363566,-4.3942493483637275,-4.590652527398046,-2.886070837810753,-2.811660231848206,-1.8722184465339742,-0.64431332084696,0.6612347018912912,0.4522319177366042,-0.864860887023795,-1.5127307127449554,-2.9905139511969803,-3.878562518696331,-4.0236111338395215,-4.224093502999076,-3.873761904208599,-1.6973566242883438,-0.140944543967674,-0.43488009679530487,-0.3561866548646425,0.24024017493083413,0.7472115071351803,3.1481460142077253,2.687599538069547,2.9486089001033644,2.9929917682458766,3.2472142043114247,3.6679989129436317,4.8982765603705225,5.2564479385770575,4.737609461669284,1.836964270990126,0.543484315472842,0.14244240122781376,0.7878901156195439,-0.4128014163335011,0.18955341156658914,-0.4885532199119965
-5.876958296876707,-5.930373771191857,-5.589852916293775,-4.873395508611426,-4.439508962732709,-4.039186476493995,-4.364603772344237,-4.232665544779711,-4.065242250574722,-4.745073187615286,-4.9704238232456515,-4.397638921635617,-4.327580765019276,-3.413486830740387,-2.677980190805629,-3.3452759062699373,-2.4546430311218987,-1.2333354367784366,0.39926435207673555,0.2230386731665056,-2.0436027845702758,-1.319886516080163,-0.8439040620125192,-3.142482402334946,-3.6562237031603724,-3.3792802825593506,-2.4134872353811962,-1.81409899227822,-1.7855208569818015,-0.46599735564639017,-0.8439326969108393,-0.616533669069508,0.8371164803169705,2.232703098368366,2.1017461665703676,2.5382881390796284,1.749450074273504,1.430160162298115,2.963441327369654,4.205965867883377,6.257873052588192,3.8151369315874875,0.9451070958439336,0.3327152977096298,-0.46880456328509423,-2.4921544954305115,-2.140549386058033,-3.1394263496398795,-4.373486727598497
-5.766902834019522,-6.056157251300393,-5.77288739546919,-5.120209277513921,-4.676317492517292,-4.183435381515635,-4.213477741220913,-4.303802772604231,-4.269663517402445,-4.629991154087993,-5.124961499049601,-3.979616722629389,-3.4098345470773626,-3.8344859487711442,-3.378857149179203,-3.502504381226651,-3.090704444091469,-1.9321857729755965,-0.15617907972798523,0.202968260622503,-1.363695150998475,-2.0178469877213727,-2.0205477651787076,-1.8472617891019727,-3.4111857454312355,-3.789087573615469,-2.6562445460112856,-1.2149220524444084,-0.3332465091601416,-0.7020493895248282,-0.6014292686310231,-0.00015821800348421455,0.4727833797575734,-0.28522665989437124,-1.1320466490513565,-0.32424374835698677,-0.4942968622203677,1.232447798805756,2.438603009590604,4.253258979167629,5.605577565732479,3.8857586066515655,0.14047872789167817,-0.49103976341560257,-0.1454251920641673,-1.6502374574246308,-3.8344250543382836,-3.948171780617133,-3.5361947564058207
-6.599104315177926,-5.90899405718085,-5.942344266630439,-5.143394744446584,-4.798914507485637,-4.625505693788441,-4.08965083947548,-4.577520291312764,-4.9115551910534325,-5.242913266811538,-5.293758186398425,-4.776740214833891,-4.483930854915889,-4.14219065129347,-3.587304045581455,-3.6704096312149637,-3.1911543895584096,-2.8329958525093044,-1.5873668459170651,-0.23533605485947653,-1.1039200159312592,-2.7987259927919386,-2.507838854558785,-3.885694390034079,-3.959161594566807,-5.053300167680256,-3.175299126706577,-1.7427977995168236,-0.1458421742264029,0.10901798707060222,0.26536770443635654,-0.003824051814054277,0.12429534381361591,-1.9186164693859358,-1.9514215246153959,-2.255021482998354,-2.5553790964707446,-1.8412855182627164,0.1211686438447352,1.3479196397220021,3.338137316076955,2.526971441002109,-0.2537075998469094,0.26810126094759124,-1.871516983057213,-3.1284139943069578,-3.025103302128621,-2.6170536037422734,-4.0550857291611955
-7.161477634869739,-6.561521638331095,-5.9446938310771404,-4.800894055208964,-4.3872859521169945,-4.5754920768346805,-4.113692892500051,-4.553916234820688,-4.719690352547679,-5.2381097691517295,-5.752141066130214,-4.7750768204564205,-4.590305838406763,-4.263716969749761,-3.9660773101051188,-3.8049667828667233,-3.3514633491952934,-2.9985813561254346,-2.860030575826749,-0.81685841749467,-0.20778403243405902,-2.5134340841753167,-3.13524233637917,-4.176471744539906,-5.400405706292272,-5.0317630113462535,-2.4349690932444146,-2.5586927033891094,-0.6743315383517698,0.58943577729472,-0.24880466261343176,-0.3567204731979242,-0.26464252892809,-2.1358416722895397,-1.964239968280435,-1.5768464267782705,-0.39260699732598314,0.40700302855527326,-0.4865498037058803,-0.6723870109956608,0.3179451733158393,1.1677086398758934,3.3120130294784405,1.1609976194244631,-0.9190597535435567,-1.8168721155681014,-2.6568582034455064,-1.1298108427622107,-1.108453243984119
-7.564745521818758,-6.742573219966248,-6.024405761942,-5.395401122500818,-4.460443825239779,-4.190778733473772,-4.781480795408369,-4.136645764109695,-4.6533922941468795,-4.839250719330066,-5.186483974978879,-4.535724683006443,-5.031911949025681,-3.9891817499612308,-3.448552656748846,-3.5952969655618094,-2.885107529555132,-3.3899498447593084,-3.3723346096777504,-1.8116312179137275,1.1634441573604872,-2.2537569569305105,-2.6465865849265167,-2.6193286653345322,-6.9952742726920905,-5.111111560114163,-2.5707596091916742,-4.2878512525086325,-0.8789058820342328,0.6332266157916858,-0.5719928406384538,-1.1715344604160158,-0.5024129256899018,-2.531657440119325,-3.5036974610398186,-2.3258329916167715,-1.4325268004302067,-1.7061845470235109,0.06938233769748245,-0.8948462641174083,-0.6647596143588053,-1.2891545064660352,1.5437667854604675,0.501138906179986,-1.1199148059421158,-2.0380829294114196,-2.434656106749404,-1.424086082839435,-3.4756228507933438
-7.403578653087577,-6.553030228200573,-6.161637752010842,-5.126271765669543,-4.89427546813432,-5.034253240386073,-4.9045864183843655,-4.439800485109424,-4.4633198173324,-3.5929945083674664,-5.001314904343134,-4.4978974396778,-5.313785831940718,-4.275792885569393,-2.969024724954509,-3.2170108247932707,-2.835221524313443,-2.9510709438247815,-3.9619138011432438,-3.382579060727504,0.1129143659364591,-3.400267837560052,-3.949813826418104,-4.234996057943348,-7.244594464258872,-7.128396026825526,-4.460131381049539,-0.6049319240615919,-1.003220356468318,0.11985307949505536,-0.8505464090266959,-1.5292590246225621,-2.210010381109533,-3.233419843711401,-4.217299617769546,-2.3042779488685006,-2.2132693472260456,-2.371069294839114,-1.5807161728898054,-1.3886146606032417,-1.1394177007373487,-2.553921338275357,-1.4290670300297155,-0.03416244224085886,-1.6720091153122318,-2.738827047799613,-3.457160937377922,-3.5540390714042704,-4.032451738984448
-6.553010891164283,-6.199385556464402,-5.54701493977255,-6.183101512296248,-5.448088605942925,-4.775714178743306,-5.3054759590944895,-4.787953719155409,-4.807035347372172,-4.20202857421322,-4.75639001187365,-4.39753175032651,-4.64673269383148,-4.240728731297668,-2.8964612770564857,-3.124023714015209,-2.924343631392266,-3.0791771891469586,-4.56144604235061,-5.274290376409858,-0.6265692617354784,null,-6.478020908230498,-5.613015652006606,null,-2.8245106407478073,-3.4092572400576713,-3.0192427241712667,-1.554103431682062,-0.24043237672070175,-1.1028280919896896,-1.9224233156573054,-2.7768189446486913,-0.9689023091953264,-2.8334356958671916,-3.5190384133009665,-3.6615424777217798,-2.984433580558356,-2.8038911779896245,-1.57350705064693,-2.9741921912131177,-1.879226213474601,-2.563151307565082,-1.4567845465276479,-1.901657156776787,-3.5165472493345904,-3.439058431875691,-2.1154699414035045,-4.94113769046663
-5.768966978031583,-5.3961992937897225,-4.8791535496338145,-5.447685808199024,-5.548127531085021,-5.0279384745722755,-4.2647208971677975,-3.646599660430713,-4.317113126650787,-2.906245153325867,-4.166789365372106,-4.445084661846323,-3.331597455909578,-4.081605805030243,-3.6189106575502805,-2.7887697198183243,-3.207912896957432,-3.6257060007357524,-5.342432156650791,-4.023417588355543,-1.8626483545502033,null,-7.892711490374907,-4.697858542283941,null,null,-0.9968692023853449,-1.0976113107058045,-1.2795873170563594,-0.2627007409107642,-1.8252495266561524,-2.582788015091152,-3.727786948240223,-2.432597359498776,-3.146579203073147,-1.7252782473940063,-1.3714028996247984,-2.578883280215391,-2.5658612562480902,-0.7973396659362272,-4.118671276192833,-1.9963071618529016,-3.0444350908509006,-2.572734305651088,-2.4884265219963204,-3.5780074029607465,-4.485689724144493,-3.959434162459484,-4.641541064607447
-5.512098383761947,-4.703249304965483,-4.251760432680657,-4.568210290780735,-5.719547109745265,-5.625121148880888,-4.929056276236672,-4.918613023041599,-4.770480576992135,-3.7733931771985105,-3.206950332301884,-4.026405382366542,-3.9021082465284915,-4.076931962008156,-3.005751463203823,-3.9744159446942184,-3.89146252625904,-3.8598870586920193,-4.750411625197227,-5.792979233792466,-5.5509898558126105,null,null,null,-1.890784575732837,-1.3043665874896582,-0.4402301075504068,-1.2060651941802358,-1.2253854625874012,-0.793578429621715,1.7466827255945425,-3.0930788554742334,-3.4065916368738867,-2.4582464638448704,-3.3889355947238164,-3.4793220651691716,-1.9474672570341647,-2.889950321626862,-2.334113083197287,-2.958381163414389,-4.743791625887402,-3.583121020671569,-3.2848102874803584,-3.703586255000873,-3.4904694987422866,-4.2421699223516995,-6.109218580418011,-5.616390857267313,-4.579443615025108
-5.3166923301911,-4.562821232911846,-4.121104527524611,-4.5024147955990435,-5.0944980461896225,-5.556524482247614,-4.644301532703513,-6.1853997425556955,-4.815883773068016,-4.450165016061549,-3.586516436033423,-2.726170108026306,-3.4445810405466784,-3.111057053170429,-3.1027380100843374,-4.691854868711685,-4.8307113621146245,-3.549235093255664,-5.177748115580344,-4.889892368774082,-5.137347845741973,-0.34835982352774514,0.14005892411991677,-2.9845060916227637,-4.139674926544691,-1.5212945358663275,-4.1079338585982645,-1.4425313004930849,0.3585582239769941,0.6916149626577078,-0.8705264977679399,0.09432460163910439,-4.2815896071554755,-2.9269014770866395,-0.9391116424672793,-0.8474596421250065,-2.7347338811693405,-2.8276000341387575,-3.9154944769938567,-2.284443399984285,-6.610697140466864,-4.585409916665554,-4.702700564833756,-4.6828448730627645,-4.207300062055018,-4.583628323327574,-5.449752702784263,-6.292723369517678,-6.399351418193422
-4.39948957881771,-4.245452859338489,-4.252825723437017,-4.169432637073196,-1.2126715551172829,-5.364965461944067,-4.964997233565266,null,-3.2827707093643803,-4.745904296501442,-3.4425381168367655,-1.5587707440954486,-3.863891998963235,-1.418277165491816,-4.865486337965196,-4.329726958662574,-3.099779524106107,-4.09416963414466,-5.065678247282255,-5.390280247993181,-5.080572328084495,null,null,null,null,null,null,0.10749218360915863,-3.448262660255657,-0.49612315771171867,0.5229063080495059,-1.0188738473047212,-0.0126415900391623,-3.323691516291159,-1.9986979025752771,-0.2631129105712508,-1.7763889618487223,-3.447446177685231,-2.8222314622819304,-4.574332736915679,null,-4.1328600476620725,-4.8379603100970865,-5.046846585536663,-6.0623529307184,-5.313073561521455,-5.6970618682974274,-6.258064116946271,-6.070907659622592
