public/json/wind_2018-09-1522_850.json
{"header": { "discipline": 10, "disciplineName": "Oceanographic_products", "center": 0, "centerName": "Ocean Modeling and Observation Laboratory", "refTime": "2018-09-15T22:00:00.000Z", "significanceOfRT": 0, "significanceOfRTName": "Analysis", "parameterCategory": 0, "parameterCategoryName": "Currents", "parameterNumber": 3, "parameterNumberName": "V-component_of_wind", "parameterUnit": "m.s-1", "forecastTime": 0, "surface1Type": 160, "surface1TypeName": "Depth below sea level", "surface1Value": 15, "numberPoints": 4800, "shape": 0, "shapeName": "Earth spherical with radius = 6,367,470 m", "scanMode": 0, "nx": 80, "ny": 60, "lo1": 109.0, "la1": 20.0, "lo2": 116.89999999999955, "la2": 14.520000000000117, "dx": 0.09999999999999432, "dy": -0.10000000000000142 }, "data":
[rows 38 to 56 of 60, columns 0 to 41 of 80]
-16.444745574624907,-13.49893003579515,-13.859549806356313,-13.309084525311132,-13.070104609789434,-13.26268581579335,-13.260217163088962,-13.769016496359702,-14.665108390134767,-14.276699433040775,-14.635789192614668,-15.816465420000366,-16.359819295355244,-13.518928791454774,-13.07950340094446,-17.045215734328757,-17.013290919359243,-15.892928024257177,-16.40319795732517,-13.770443496652188,-11.455832601101477,-13.307257231286695,-14.937015754187938,-10.673459566681716,-12.105826699055603,-13.637380853870782,-11.648225856768164,-12.169493658997743,-12.884041318712907,-13.639089009804017,-14.164422204225733,-12.537426852057399,-13.702986482411024,-15.456533056728926,-13.162303021967839,-13.84137212360305,-17.10256782480192,-16.597532438584242,-14.195671695864892,-14.244206113666941,-11.657761578686593,-12.329034422622701
-16.846541747911743,-13.865032680869042,-13.941935889574083,-12.989979951774924,-13.40061562345058,-13.38089851538416,-13.626659255687192,-12.9599181402375,-13.408348426801133,-14.844722565281728,-13.416258825378542,-11.625596506976771,-14.772697493062786,-14.560193908128355,-15.30111153029681,-15.85977979199867,-16.31141475741935,-17.022742977572726,-17.15089480066796,-11.523959274079536,-13.938227951748583,-13.258122696982177,-16.034739613784865,-14.842545836936251,-13.981965162035937,-6.802221114822298,-7.135728555676807,-10.575110457174663,-11.383878969051919,-12.869908748605448,-13.22899965838025,-12.006146896238086,-12.1511917061842,-12.775752529472879,-12.151492391407423,-16.6223551515421,-17.98035605976104,-18.28391152318778,-14.67990514311413,-13.255695398448843,-14.18317705743472,-15.078752610517654
-15.573465322543115,-16.72585524614008,-15.909047373769187,-14.218187340531877,-13.074723933003273,-13.460742950596725,-13.12757948845698,-12.98897771622628,-12.96045654718373,-14.148593940221563,-14.59276693937461,-14.781785289952087,-17.1186769413622,-18.541982422037094,-14.910365597728239,-14.605977399470042,-15.671280619024136,-15.599516441479127,-16.566198517899803,-17.013173638139836,-15.964931798024361,-12.410217707018868,-17.045732676112358,-18.03123978741204,-15.470150560054034,-15.421550765399386,-17.12489088844016,-11.752636590582057,-12.72860415878268,-12.312073610070666,-13.21578098361069,-9.888517104214287,-12.227751719175359,-15.531213963422855,-16.569920735097092,-17.169171214635078,-17.245519625177856,-16.051728734340013,-13.018520140318067,-11.506272825617865,-11.735444031086535,-12.828660462323905
-14.892953904133476,-16.91675540914722,-14.99764517721883,-14.053059202412886,-12.940632647144914,-11.681988532739151,-12.500245687221344,-13.011360387906183,-12.74725006261324,-12.687310024106454,-14.09368393736431,-15.33429512615578,-16.202818004713997,-17.895427502551037,-17.29881207977564,-14.82104472504264,-12.796179658048809,-15.784115709652244,-15.171444221869585,-16.793359980944032,-15.809754607789596,-15.97222640801457,-13.845533690833994,-15.079622154425879,-17.884607890619296,-15.39316395884617,-17.924490643994734,-16.139281105373207,-12.99469413251616,-10.556937290812897,-19.0299068817749,-13.666052197231743,-10.004279354803742,-17.881019141186265,-15.172440522338281,-16.19913402719511,-16.91518732430933,-12.73965712308423,-13.425066737328294,-9.94070899447545,-13.71804866498268,-12.941381101809045
-13.1345287435625,-15.23889500968363,-16.93693084293422,-15.29131334181767,-13.95049632686766,-11.906299062006154,-12.002208072501512,-11.970235486294186,-12.132589191513945,-12.732875683125837,-12.774563287768565,-13.233790403091431,-14.559141069365277,-15.664266040439877,-17.10963744388568,-16.599253882430073,-16.99919834226886,-14.225792564362239,-17.477598019138107,-17.694148881509232,-17.06713157667187,-16.47932865885536,-14.3553113855731,-14.030103863840186,-14.620009675254204,-14.132641781300963,-16.209794450805596,-15.781422013246555,-15.840403101772925,-18.07000938604363,-17.210427487579434,-14.626207911162478,-11.57570539054877,-18.747604967208378,-18.816898601803445,-14.746418805422612,-14.65530317878516,-17.312887242510257,-14.36134300366193,-14.378910945990144,-11.697599190420313,-9.204920795775788
-11.637605270451687,-12.656263004338275,-15.071175810040302,-15.097465327731344,-13.68616756800338,-12.717422138363258,-11.547956406984689,-11.783264239374866,-11.4027518073547,-12.197342559313674,-13.083867857271343,-12.494657585685214,-12.287232716417915,-14.482363781764859,-16.496905019351303,-17.204880812317242,-15.965957242174476,-15.626498309210088,-16.000964470256488,-16.776496639064224,-17.16976946076439,-15.393778021686469,-12.565433542789192,-11.864321771858064,-12.929554451412677,-13.443981427042742,-13.133821281160166,-13.532185210019893,-15.37238572518874,-14.31967129944615,-11.109517047357407,-11.084661548732125,-17.166366128396156,-16.84441888361809,-14.005400832693624,-16.442930036983356,-14.999072759326964,-14.127983882960775,-14.9059586551807,-10.181061386613319,-6.719978019200807,-5.294819073208565
-10.472154801165411,-10.980206261325861,-13.738479815943371,-14.995021337124873,-14.614708586418205,-13.907963818343223,-11.730000331035992,-11.769315128212641,-11.585669902361763,-11.53710069478948,-11.14466932435149,-11.146446028419616,-12.460070583064537,-13.801260245465542,-15.124994059868003,-16.01763734516714,-14.228285731538087,-14.783220685016964,-12.609081290595826,-13.92537003527309,-16.936739367477827,-12.842188241098285,-11.288681288827544,-13.82382501633947,-9.969766210870002,-12.653488490478523,-12.891164251837186,-15.86899418701301,-15.590630172628636,-14.253820849422711,-16.295497354757895,-13.453353228656933,-15.413639659593414,-11.909902455607442,-10.26655789723372,-12.550828855321754,-12.75809243293454,-13.484896063781852,-14.162168728077516,-11.394388325956252,-15.249831979361815,-17.55867133974263
-10.128439928962239,-11.232261885432553,-12.130591805568269,-14.779550565000434,-14.23643048907861,-14.135986935467477,-14.494393399237074,-13.869766384646345,-13.565666964068573,-12.726208141290819,-12.76997911891584,-12.93364765491095,-11.945443268288578,-12.612386562007481,-13.747131764630623,-15.208097464968722,-15.377021057170607,-14.570463730238842,-15.217232560374978,-13.481716116545961,-16.775376734984285,-17.31778658070579,-14.994224314582917,-16.09337582532195,-13.807888756053655,-13.049724683374833,-14.190278905747686,-16.489733191404348,-16.52725072060356,-11.829438415668559,-13.615565447351834,-14.00973393067516,-16.062698689860312,-15.493977270130184,-10.115052070146263,-8.039465788209823,-13.273427153305233,-12.336623996032479,-13.288168411423577,-12.930684602290786,-14.009034382835615,-14.95450516899481
-10.78220324692224,-10.190359430172249,-11.149611910099607,-12.83031892786222,-14.664630462602593,-15.30069982015319,-13.58894465960891,-14.040431248566879,-15.819938945423061,-14.870470415335685,-15.242552901653305,-15.351190170995547,-12.925797848035437,-13.911275177291198,-13.269497269755135,-15.204771160795788,-16.033772087824964,-16.237068146354794,-13.785916029634002,-14.322134462747169,-17.464591019470923,-19.690029661886687,-22.794164569615287,-18.374553506092788,-16.591766006753627,-15.101032608222141,-15.449578781896482,-17.15865283795767,-13.341040767082179,-14.226851680911548,-12.567607582756661,-15.861414922085581,-13.64734785805977,-15.538404303017535,-17.137940379330942,-11.886754586771502,-11.069901529429455,-10.771302712451035,-15.992387097134927,null,-13.531045438695624,-14.04484149481032
-11.502190807706592,-10.569748138817658,-10.225218796515904,-11.294717486146853,-13.337487874354032,-15.359139204369981,-15.219427911935027,-16.022615544523905,-17.126770292026848,-16.087928241472273,-15.097443054620562,-13.902995497659141,-12.712770916273657,-11.895030721026123,-12.054196980586108,-11.871580286426042,-15.54855527294697,-16.190260366765404,-16.619067415295103,-14.31788188573691,-20.89912623658213,-18.896571641846776,-19.581278462030532,-17.503004385484076,-16.18110066072998,-14.37964441178027,-16.478809895132013,-16.273125426761695,-15.818937232854555,-13.565658265213099,-16.38707073587433,-14.829862469527278,-17.051604168647305,-14.558963075379417,-14.776891625254326,-13.648062647625405,-10.651477494517888,-10.681324281266956,-14.210131234754012,-13.660013475516111,-14.554144991815289,-14.886143812404793
-10.054815491774995,-10.236672542560704,-10.17508107520283,-10.14098205893738,-11.765491843410203,-14.607748912745583,-15.609340013594103,-15.32425105690565,-16.334589862522968,-17.718576870476163,-16.875207682048746,-16.94565070471678,-16.20214771122865,-11.444288797627777,-11.470279405991352,-11.924285530968046,-12.043995342400322,-17.870646564977026,-16.74682973943272,-17.807121736595207,-17.81098294984802,-20.16480877769555,-18.107161098638006,-17.204626661589653,-16.182040714590727,-15.449510298718058,-13.425443789788252,-15.921053520664914,-16.027151677236734,-15.959782087031957,-12.74893831350661,-14.61964454817571,-12.798440578791428,-12.504211609726143,-12.264521073564259,-12.858648625092005,-13.630895854076993,-13.058673442661581,-17.185405134010797,-17.780962520357033,null,-12.52569231184469
-8.855324170925442,-9.051204289922648,-10.450892424611897,-10.816298832827295,-11.27019303704197,-11.984928651783193,-14.967957454627705,-15.614667629815749,-16.572845087319337,-17.142833533608137,-16.49939241958974,-16.750274106722017,-15.44614006268175,-14.27910999967815,-12.399598230230525,-11.601456993888496,-14.854076455534525,-12.296427799165246,-14.402338898798797,-16.258887082188668,-14.28375404406585,-14.965716954650032,-16.51188274095733,-17.140978823989986,-17.06413420952452,-16.78026777861226,-15.464063186602573,-14.74834720286897,-14.908333761332122,-15.97995237931434,-18.365258902828913,-12.52020643364485,-11.333630738901949,-10.838135309983846,-12.844171889884445,-11.786541358869352,-12.576344822385524,-12.510343882412252,-10.229843564348327,-10.168405699856562,-10.802032202842359,-9.270099472295048
-10.125656292626719,-12.562929740448107,-10.103863522131217,-9.905388925425065,-9.609983530517738,-10.07453826618032,-11.549411631045665,-14.722528290061048,-14.085698693837461,-15.23503445665409,-16.545804014644773,-15.837393138266329,-15.992671977051131,-15.260607588287797,-14.137085401772605,-13.974201178918573,-13.866688352665733,-15.36368656791377,-16.52953681281562,-13.485848619101713,-13.40812854175337,-15.68647336711273,-17.26865741229556,-18.43568125324938,-17.788331058757002,-17.638882940969,-18.205070809950875,-16.183833101939445,-12.662708824109663,-17.74895680390611,-19.626976295844827,-20.994279012706755,-20.596382078828434,-17.06798433887867,-15.909464716616782,-16.00114763973874,-13.740256476049726,-11.172223785791973,-10.175482452901296,-9.981533076956131,-10.709570465757542,-10.305505846121426
-11.3875168422135,-10.807769068173865,-10.14272638317086,-9.475712559076591,-9.427741494233228,-8.794487895455822,-9.273582438320371,-10.647185255282025,-13.35499920918921,-14.023812771116352,-15.417871322563622,-16.17499421179201,-16.76127299615232,-15.969222612849416,-15.43321363580659,-12.81424378324303,-11.436415602931422,-12.918801388684004,-15.618208969898813,-14.561441579803494,-10.261425484699433,-16.757522234018655,-16.3215375358222,-16.324719423748355,-16.666353384150707,-17.828665029856886,-18.77122513847664,-18.561219768602378,-16.626914981683086,-19.69444095667437,null,-20.007184759744746,-19.604218296897088,-18.245565869646057,-16.210798261385563,-14.20741220501049,-9.690969618847305,-9.241877228192838,-9.380299546345187,-9.505861782789028,-10.851043391765893,-11.903993580987507
-12.585185020124335,-11.544037286831514,-10.895193325131114,-12.09679397976694,-9.964849764190172,-8.283674219458554,-7.245844419730894,-8.659618324987633,-10.407996175855018,-12.873653508911307,-13.852774160107915,-15.635085400498635,-16.167063654308492,-16.711747048076074,-17.700726326983386,-13.881800192907347,-16.572117718172734,-15.2499209807782,-14.146782048623038,-17.295623964030717,-15.427243969411094,-15.045552584708492,-15.41554152986062,-13.864621145834858,-14.918519325439595,-15.078331012128881,-15.508741515255403,-14.07493188337002,-13.837905470733304,-11.801691099629181,-12.350329674097587,-16.140328367421326,-15.919855233257632,-15.732787754595817,-13.575701746428498,-9.498893801621094,-5.694232521376904,-6.55296264760237,-8.767578770537435,-9.761534950097598,-9.235014024584576,-12.187822916638787
-19.440515443942733,-18.06636085227742,-17.65231392073545,-12.873739899912033,-10.81020426738868,-9.057701366520037,-9.45588511775324,-7.963762643335987,-9.124372671825649,-11.14231541478212,-13.081930161867632,-14.719552404569459,-15.489019330720389,-16.87361162269282,-17.414470762164886,-17.51667088020457,-15.834895599937461,-15.613565512117669,-14.79515285475971,-14.55085581081812,-15.757705489511785,-15.14108561300586,-14.912871858388506,-15.535058986819893,-16.259713397968646,-13.545577145149103,-12.800526810739118,-12.027054074469811,-12.345303082585366,-11.412121166756299,-11.882923509963733,-12.26023242104162,-13.591725895633457,-13.887685902721156,-14.714153910833673,-10.313105882232572,-14.052786715626906,-9.629457934121213,-4.5504611821697045,-8.410714571468974,-10.871885895450358,-9.950824493643218
-13.815828468243106,-14.976934192183808,-12.874731804009173,-11.0775685903555,-9.508726439020846,-11.037653872618394,-10.305772596064518,-11.060260756236424,-13.608268090734802,-12.966117484580211,-12.305082677284908,-13.072446002073143,-13.850077993513509,-15.119763383354105,-17.500652808749898,-19.54528386247638,-18.598223113882533,-16.373941764072107,-15.988535517675201,-16.17070068280459,-17.74346148682772,-14.651045419378638,-14.37996323851065,null,-12.568456048760787,-10.990032010081954,-11.596765161991414,-11.698495947544947,-11.188273847048109,-10.813594207590693,-11.405333303188925,-11.945537312076866,-12.009661863620623,-12.830637148841896,-14.026814332541768,-13.546010048390805,-14.457401336797592,-15.750429369444625,-15.137162933737894,-14.584742070741475,-10.760179556373153,-9.955827616705767
-12.37883933895811,-12.751503816348496,-13.50757235933349,-15.60541838621716,-16.675523222705216,-9.718607502026835,-9.612457374478034,-10.02159566251425,-11.920965182357978,-9.794436526536657,-11.187518774919534,-9.884993683253457,-11.451641919562158,-14.713390991101724,-13.630118342993207,-15.446037598375867,-15.629719841922364,-15.640300833856278,-16.417802408161315,-16.47539714730334,-14.868042448281452,-14.007314057626058,-13.189142765704155,-14.27483703672877,-8.259953531010181,-9.356962983681756,-8.581237989236849,-8.624042441630511,-10.195291255993116,-10.513413071107625,-11.057384794150298,-11.340446668598242,-13.083085066430835,-13.482793195656326,-12.936615982462923,-13.13469136498422,-12.848905769200144,-12.514916550362985,-12.984010057058978,-11.429561439346454,-10.021106715076238,-8.530784885397003
-10.811318707777392,-12.261556963338098,-12.57790004061652,-10.420555679136003,-9.057825728884087,-8.457529251996714,-8.29694261545902,-7.942408457046217,-9.157581485841291,-10.637130876053622,-11.43098788624298,-12.592871726703184,-13.186824817059893,-12.501916611274844,-12.149125877756807,-14.570521001750098,-15.692885324606372,-16.026430472174127,-15.307633524393205,-14.808165509434716,-13.034020183977747,-13.492929304960006,-12.957568795316806,-9.511003589238356,-12.040520473508742,-9.424845829768024,-11.20821491964366,-12.010012077641415,-12.233955171445736,-11.171284854236047,-10.461198315510114,-10.608703146861567,-11.570186911737336,-11.512471569074226,-11.862688517347369,-12.196521095402439,-11.756537607535925,-11.450588445395754,-10.595544394757047,-9.433906903059837,-9.930865093143758,-9.364044829818384
