public/json/wind_2018-09-1515_925.json
{"header": { "discipline": 10, "disciplineName": "Oceanographic_products", "center": 0, "centerName": "Ocean Modeling and Observation Laboratory", "refTime": "2018-09-15T15:00:00.000Z", "significanceOfRT": 0, "significanceOfRTName": "Analysis", "parameterCategory": 0, "parameterCategoryName": "Currents", "parameterNumber": 3, "parameterNumberName": "V-component_of_wind", "parameterUnit": "m.s-1", "forecastTime": 0, "surface1Type": 160, "surface1TypeName": "Depth below sea level", "surface1Value": 15, "numberPoints": 4800, "shape": 0, "shapeName": "Earth spherical with radius = 6,367,470 m", "scanMode": 0, "nx": 80, "ny": 60, "lo1": 109.0, "la1": 20.0, "lo2": 116.89999999999955, "la2": 14.520000000000117, "dx": 0.09999999999999432, "dy": -0.10000000000000142 }, "data":
[rows 0 to 19 of 60, columns 0 to 44 of 80]
null,null,null,null,null,null,null,null,null,null,null,null,null,null,null,null,null,null,null,null,null,null,null,null,null,null,null,null,null,null,null,null,null,null,null,null,null,null,null,null,null,null,null,null,null
null,null,null,null,null,null,null,null,null,null,null,null,null,null,null,null,null,null,null,null,null,null,null,null,null,null,null,null,null,null,null,null,null,null,null,null,null,null,null,null,null,null,null,null,null
-7.984853076378499,-7.960968632138495,-8.156639090358425,-8.861000188439798,-8.479531316295526,-9.03341115332431,-9.333448964243226,-9.514341986063933,-9.937387192912862,-11.583555407953096,-12.47463526546472,-13.268868916146644,-13.557117214667093,-13.135636509182138,-11.900871084576908,-12.034071360049484,-11.509546717274604,-10.835095751806776,-10.729047573613794,-10.542094325674537,-10.140991585946226,-9.2759949185037,-8.406635319538404,-7.90465281701918,-7.851934566972943,-8.380688708638418,-9.319563195261125,-10.525080992973114,-10.60515557894914,-10.31739231017549,-10.465033369224354,-10.880813208431709,-11.055038663834125,-10.823464721543818,-12.240180646424692,-13.372866215058218,-13.603094948595704,-14.068711649010709,-13.873605807698455,-13.99428804553416,-14.163765738350996,-14.214659974223515,-14.501303673354437,-14.61495027452907,-14.994701000628414
-8.100875852924592,-8.811413087237078,-8.950753756812954,-9.286706890275758,-9.50969978189065,-9.373285078598455,-10.191353094315188,-10.760268515067265,-10.328431801226232,-11.396218264189129,-12.120260946107917,-13.32484752614926,-14.390735473527664,-13.94699827557103,-13.642974533052294,-13.027712179161892,-13.393799292304253,-12.139827318836572,-12.179030865239088,-12.179073806150639,-11.122697121541387,-10.271961326091867,-8.971451192688122,-8.111061785825674,-7.740755835943507,-7.448035734776522,-8.413487886748243,-9.76766209381932,-10.350636082389498,-9.407325501281287,-9.416398269910566,-9.799409900778137,-11.37008459718918,-12.379276212276343,-9.282009764911699,-11.297021751986819,-12.87428670165298,-16.817707591337467,-18.13010870618566,-17.346504996175454,-16.879197408606913,-13.324659779736523,-12.056427742977643,-11.73235238053465,-11.609836540257959
-8.53793443446875,-8.996630024692799,-10.545341963429603,-10.668754010095983,-10.773304122804223,-9.785989801600145,-10.226397610007123,-11.233253438734815,-11.22997470139582,-11.066039485269059,-12.217848069310586,-14.101869982599975,-14.6433559391341,-14.442954508271235,-14.164367678359763,-13.6043237791501,-13.725928350579014,-12.570265252774586,-12.75202168216457,-12.621638979515115,-11.732364743957232,-10.229628943074982,-8.902859765628413,-7.841209215031753,-7.462052326002135,-7.564364392142435,-8.335461153144989,-9.584722866992086,-10.591542821198331,-10.40741925692404,-10.68701112722971,-10.490055344981494,-11.612947630286012,-12.37341311764515,-7.447567751102688,-12.978380843633255,-15.093191065490732,-16.92124772498519,-19.05641382667392,-17.912227390403043,-17.536659738182436,-17.537020228121644,-15.618722796160482,-13.305818785822039,-11.788285302178052
-9.131353489998817,-9.90457610781883,-10.48651780917847,-11.68151158550876,-11.720429494421534,-11.187416208829394,-10.602012180143646,-10.862167254154425,-11.459717618038919,-11.029979922125912,-11.801862060748041,-14.107569008214163,-14.63121505513887,-14.595255101217205,-13.865703861897448,-13.335578838193534,-13.760400919521377,-12.358043883937725,-13.039953156928696,-12.461686434269936,-11.496963210754654,-10.050627174093517,-8.758535490110354,-9.09433119611756,-6.150907848766082,-7.648499952572113,-8.71769960520907,-10.10013760266088,-10.663856533830591,-11.801997187525775,-10.441719642735126,-12.552490973324684,-12.602323166030258,-11.817789643915503,-14.412745383598388,-10.781928853078087,-11.364012413084863,-17.163951777514068,-17.44952044733222,-17.365437562658272,-17.37624059379424,-17.610916381855148,-17.13266121425372,-14.960006291415961,-14.041398913557053
-9.789756652678046,-11.062745527649096,-11.66613669349509,-11.945711993984407,-11.954591268184956,-12.568749798851734,-11.543449345476759,-10.809444311989006,-11.371762389208701,-10.98782446757684,-11.98042324417277,-14.060091190595825,-14.473538717898643,-14.639045130538658,-13.973035763488546,-13.22498927598204,-13.883652684836123,-11.98140185883677,-12.709010573886921,-12.032981962098818,-10.552447902877702,-9.882243916223931,-9.732263718094812,-9.083304704451368,-7.778879138294427,-7.469814668947788,-9.82797963777127,-11.049432486180942,-11.335210909454595,-12.486581590535373,-12.185082787952183,-12.063543348955609,-16.2028121214764,-12.861040659604079,-14.165989172890352,-16.152495566253247,-14.675032979389893,-16.582600630954833,-16.714063941768682,-16.309896709265466,-16.1052189104344,-16.271848505289476,-16.12105600843681,-15.61053473077117,-14.986132299699483
-10.621750672447721,-11.42663288337577,-11.932416248319988,-12.12720518130029,-12.472804113259624,-12.732037322203183,-12.939262812931876,-11.798261113716208,-10.722779642193766,-10.933652752827776,-11.90487700136158,-13.81407199771575,-14.340083694649717,-14.412164664913176,-13.907731575984867,-13.296209026247306,-13.898509680033051,-12.494166220431994,-11.937657488051988,-11.000500283628465,-9.800825880729459,-9.729924748501972,-10.03235000512961,-10.13775131079476,-9.89250902286749,-9.721286129660793,-9.803811859645393,-11.56501556581889,-12.80290321253353,-13.191312352302079,-13.491041530883779,-15.182257529097273,-13.920144523530555,-15.793575288568295,-17.312771732816476,-16.177438408443845,-15.435326772451344,-15.946180829216129,-16.575664946814044,-16.39793623682136,-15.779187963353163,-15.369402943543177,-15.583483800365169,-15.164026759512648,-15.976743320324978
-11.598094549467866,-12.106000339854472,-12.461911315179918,-12.848972108438621,-12.915197949325991,-13.175353576455908,-13.029134731423012,-12.918222530564869,-12.104012070875921,-11.469027948609295,-11.82210543928224,-12.74524504478587,-14.11548123857034,-13.866329594955976,-14.381595679463029,-13.985378682231456,-13.646774583361992,-13.25510180226342,-12.098130197992601,-10.131168442785198,-9.638038415932378,-9.854493626170372,-10.015055924938354,-11.156829544970615,-10.977037300744971,-11.565208439963937,-11.967524943354375,-11.659236171361085,-12.952713170730302,-15.03439247127347,-14.807501991996853,-15.385282447632038,-14.37897179493571,-12.621828117347688,-13.965028001777696,-16.745394919482514,-15.346584651511144,-16.049193007468087,-15.913196303831803,-15.388915217172212,-15.783666344754792,-15.96170030791545,-14.417781516896445,-14.64505206595829,-16.446957051900725
-11.465847136225431,-12.340105880027373,-12.610922444990225,-13.21154968368505,-13.311231786288495,-13.448049251806736,-13.28468614469342,-13.16752486542486,-12.824759771675849,-12.20179306020583,-12.173397505660153,-12.864286685936188,-13.83178215574071,-13.51726619456598,-13.936928424099037,-13.668017694137705,-14.586273647927642,-13.172483337994223,-11.948405676757595,-10.435416576237067,-10.072015924579244,-9.801415730800088,-10.524821091568855,-11.195735379334286,-11.80074238559654,-11.995408420725994,-12.481278671201167,-12.459047004143887,-12.117265224562791,-13.106421396014127,-15.073974189823467,-12.971784123106438,-15.415728353713448,-12.056956091599627,-14.404799984537844,-16.90075707494779,-15.798136558959127,-15.32889188195421,-16.33075672959898,-15.261283468339126,-15.03252996284209,-15.723750070192924,-15.31805255841187,-15.904267324749762,-16.94364124129613
-12.026929224712422,-12.500249105082489,-12.846621572602231,-13.22254081019571,-13.493483221889798,-13.569195296440768,-13.628193199880828,-13.378893681870007,-13.188795761094802,-12.837031999751467,-12.559852976665944,-12.85429316176474,-13.897901305234992,-12.964989598788575,-12.649711764869446,-13.55108697864293,-13.36013891214241,-12.60859571875521,-11.291390554509363,-10.46371623530965,-10.43800421746423,-10.662990505987613,-10.402366699592989,-11.419591729518606,-12.440441807611133,-13.587774506340681,-13.755064830373868,-13.621880932133942,-12.87872644001215,-12.484383514664106,-12.264585188223705,-13.936042162153738,-14.463105226060389,-16.314114442934166,-14.264910839836324,-15.217095605241532,-14.229849363363682,-13.832976623843436,-16.442099710991698,-16.66872799391038,-14.836874770193997,-15.88746628626778,-16.908510606896805,-16.46696898708235,-17.06445426604705
-12.639538247351506,-13.295738018620359,-13.391705254465723,-13.307293198223459,-13.298081453786562,-13.408312827458719,-13.625084477728109,-13.5697882556159,-13.255743643956684,-13.276392510349583,-12.93696853139565,-12.657496732549488,-13.764244373451408,-13.583148945354978,-12.55034827549427,-12.484497429885364,-13.27408001762378,-13.322396879043723,-10.995580295128624,-11.028666437244862,-11.097169877312155,-11.12550846062066,-11.353109257109663,-11.104585840372408,-12.154969516687164,-13.447643041034002,-14.293688694692502,-14.14865639069501,-13.9556865252579,-12.736058308183914,-11.0820010536783,-12.636692863731687,-13.816301910741808,-17.94894276194745,-15.86829007877484,-14.437373044703833,-14.193347863951788,-13.316246794013546,-14.168426066751337,-16.69647179158255,-14.133624343155489,-16.3526776944421,-17.009574066224843,-18.99929004985802,-17.308715434904087
-13.123618909729561,-13.657345903579024,-13.840753525472818,-13.4567263360079,-13.412214134890172,-13.354310053682278,-13.677119154719115,-13.76783025988584,-13.394622410762626,-13.166098215800261,-12.992046646209557,-12.565815671035722,-12.894690213886555,-14.261186341708209,-12.583826633343913,-12.346594191124058,-12.900146777929473,-12.879140690240053,-11.94892064149026,-10.655709691590426,-11.27414474215032,-11.964579510398641,-12.380763707030763,-11.437867350092741,-12.572056591953576,-12.805299054600471,-13.758836019565045,-14.059683857638655,-14.085544147666699,-13.681535500775778,-12.940622395603315,-12.577631775217492,-14.499914208138534,-15.274179164586208,-16.43975626096074,-16.254955031586114,-14.096377300795474,-13.61023540692382,-13.488904066603071,-16.313627231169296,-15.306090340386206,-14.47242381860516,-16.67276451353384,-17.28504971526919,-19.12047261726798
-13.650804362754277,-14.16239775837632,-14.008101029637585,-13.747758452080033,-13.585491685148003,-13.45094805302875,-13.7519574351873,-13.754001072335436,-13.578435754759095,-13.066286942856486,-13.435718789106406,-13.122205816744552,-13.175081697379964,-13.588432333679712,-13.729351760234941,-12.536219294054622,-13.036277610327222,-12.846671218724286,-11.979073450903035,-10.089760498762871,-11.543458035596036,-11.744368094505731,-12.454247130787,-11.74109674966785,-13.078938166853579,-12.930307594744011,-13.738410160693906,-13.828577606225645,-13.902247536555079,-13.629715380365214,-14.486839764569467,-14.571081655213794,-15.302473021084745,-15.592742124380901,-17.734884800521773,-16.54271737646075,-15.17442779109204,-11.876349614900718,-13.710984869204715,-16.84860369450652,-15.8531215027683,-15.51327147187412,-15.675209233554707,-16.827979570881567,-17.559738459721235
-13.990861175103099,-14.254369020076505,-14.555625674528688,-14.415726620196393,-14.221126502429794,-13.86229772136565,-13.31517558116024,-13.7764240373271,-14.095818344012818,-14.20575911787699,-15.459959837812642,-17.258486315371215,-14.89658721170388,-12.681387628976388,-14.456557350715698,-13.152201424909599,-12.801641537844128,-13.537268832909554,-11.526701038457265,-10.531460643691013,-10.312857734452795,-11.774083857289087,-12.906909618565837,-11.78800987570207,-12.37076990584962,-12.722988959744583,-13.06666051415624,-13.30823812817226,-14.241725790237249,-13.87917272870585,-14.572205439010087,-14.475695940161408,-14.829657602824573,-17.940605484533013,-15.336431063216294,-13.72141508587922,-12.906055808543716,-12.12982522596375,-15.092791187478252,-15.490562225478838,-15.3283904303547,-14.592751595015264,-15.409550732091713,-16.72526645309464,-16.097859396702695
-14.494009406056165,-14.671107451762314,-14.92400318830032,-14.765048532498136,-14.386838966589886,-14.138682195043213,-13.38423967195342,-13.469278688012713,-13.239487230097613,-13.299947802499574,-15.197814335617458,-19.65005234434689,-17.44523149871751,-13.949653303752235,-12.402449585666007,-14.345200822248602,-13.65769503973701,-14.388277532973163,-11.390826130744905,-9.476942568365745,-9.259128131214021,-11.369542476994278,-13.263732940007381,-13.756589935812938,-11.995706625547411,-13.550856620088084,-13.22427424039969,-14.890643227825864,-14.289121761946262,-14.11345881302298,-14.256223504233285,-16.933890952550826,-14.638739370804004,-16.714377811224384,-18.023864624929864,-15.7205496091877,-13.807263419032576,-13.309368407878434,-15.661913173206157,-16.537067930024538,-14.362961434408456,-14.638441705612705,-16.21927143464999,-16.485610074178904,-16.06915280535889
-14.965899425567438,-15.018210299562876,-14.738952119278421,-14.761791197958075,-14.698671562955829,-14.340087463448825,-14.377480827188963,-13.861703975402033,-13.50218515927826,-12.940087699928789,-13.014734257644504,-16.813860785412615,-19.746816591202062,-17.009425442023336,-14.429757402570424,-13.832165144810613,-14.086548805049008,-14.060577737496054,-11.535340340737166,-9.269210418877446,-9.521391140171852,-11.16214225604323,-10.314364224906603,-12.864424342065329,-13.427585637859645,-14.852725299626455,-15.346066966682,-16.217343360127657,-14.316617496970217,-14.105503909597479,-13.938475548383988,-13.846723383966191,-15.991015020433009,-16.491043036763834,-16.816528752553683,-17.37031967893497,-16.746897118585537,-14.705973604585376,-11.984300111596001,-15.837412355290105,-13.10562284914378,-16.8795432932651,-16.055909646972744,-14.32333530992724,-16.508021564870468
-15.063085831364237,-15.439105350144533,-15.07990284633031,-14.381968454744754,-14.139559506727107,-14.71489609684027,-15.433700266276505,-15.171180345374673,-14.36236669097294,-13.85785328362504,-13.0174679781565,-13.30366363262086,-19.911738540918748,-17.083372651082023,-15.52146232991895,-14.387342473515556,-14.443850364025554,-13.78699466020792,-11.97845091787563,-9.819317119894876,-9.048187876935547,-10.587077105134325,-11.34222327778517,-10.887492632602736,-14.149372572910979,-15.892632993232645,-15.09250906534001,-14.144549507632023,-13.853961912928304,-13.70536276181831,-15.527620424032216,-15.481852304289507,-16.43526423470928,-11.967246633692547,-20.89229033688472,-17.309668452848964,-12.750220555935773,-13.469415119259152,-11.339455177855916,-16.216090517272594,-16.199167023472953,-15.384070098667149,-15.41416945275602,-15.731356975184301,-15.811996375116923
-15.375279818367822,-15.725708780519755,-15.386725060604746,-15.00251095689337,-14.02186400792125,-14.01188239273208,-15.07868233083876,-16.694846198563447,-15.861459076468542,-14.66599387357427,-14.140386392007258,-12.757824841992797,-18.17913061680583,-17.660353452766444,-15.678261360666744,-16.784551566563092,-14.70540900735339,-13.31752733602194,-11.480887497310274,-10.09078293701115,-8.343743425937376,-8.455650186386771,-14.005520514133508,-14.324374415427533,-9.263581166902764,-16.027332886493546,-15.890896984553265,-13.409768046224738,-12.089932155888006,-12.83151235247087,-15.986145736359232,-17.22922737162923,-19.555103670514864,-18.584883039833077,-18.16672727702405,-18.735202218877617,-15.63680938671113,-13.16723712534613,-13.87074912458006,-17.73188643486668,-14.707001076576542,-16.306126143385445,-16.9832763963578,-17.731411396133364,-17.42565729207925
-16.252507450059735,-16.328253485853338,-15.975322793345201,-14.961222657327776,-14.012632804671469,-13.697245023099002,-14.351233101134467,-15.855172668290004,-17.014545993328696,-16.48203561065203,-13.617978506394937,-11.628155291463283,-17.86778804617352,-18.797868372944023,-17.15175130113208,-16.241710553098006,-15.190352777782282,-13.861804723183702,-12.434579116089703,-10.469606243821882,-9.259113728576697,null,null,-14.51740250630898,-14.550573394017755,-13.948242590101241,-15.292623105459867,-14.281359172606566,-12.802663462926704,-12.793229254170702,-13.283623102619291,-15.400417029848557,-15.682813477749734,-18.960107569737524,-18.732966306132923,-18.520072369454915,-15.000731075451473,-12.953725511627255,-14.137528230708723,-15.88536596238195,-11.449866128469342,-18.02572601595942,-18.51347434579757,-18.976960629149275,-19.072402646911318
