public/json/wind_2018-09-1613_700.json
{"header": { "discipline": 10, "disciplineName": "Oceanographic_products", "center": 0, "centerName": "Ocean Modeling and Observation Laboratory", "refTime": "2018-09-16T13:00:00.000Z", "significanceOfRT": 0, "significanceOfRTName": "Analysis", "parameterCategory": 0, "parameterCategoryName": "Currents", "parameterNumber": 3, "parameterNumberName": "V-component_of_wind", "parameterUnit": "m.s-1", "forecastTime": 0, "surface1Type": 160, "surface1TypeName": "Depth below sea level", "surface1Value": 15, "numberPoints": 4800, "shape": 0, "shapeName": "Earth spherical with radius = 6,367,470 m", "scanMode": 0, "nx": 80, "ny": 60, "lo1": 109.0, "la1": 20.0, "lo2": 116.89999999999955, "la2": 14.520000000000117, "dx": 0.09999999999999432, "dy": -0.10000000000000142 }, "data":
[rows 0 to 18 of 60, columns 0 to 42 of 80]
null,null,null,null,null,null,null,null,null,null,null,null,null,null,null,null,null,null,null,null,null,null,null,null,null,null,null,null,null,null,null,null,null,null,null,null,null,null,null,null,null,null,null
null,null,null,null,null,null,null,null,null,null,null,null,null,null,null,null,null,null,null,null,null,null,null,null,null,null,null,null,null,null,null,null,null,null,null,null,null,null,null,null,null,null,null
-15.776063397741055,-15.123622774791057,-16.017179138178136,-16.43032526300404,-13.759773152938706,-13.014395412145976,-12.526011905850673,-11.428149210116377,-10.957185800616973,-10.604775109036868,-11.235820654406185,-12.236023495334592,-13.498477632705406,-10.048446057542549,-9.208078156372093,-5.201816655886819,-3.693048532507619,-2.83563636055995,-1.8039414829904175,-0.938523103279603,-0.1307000830237725,-0.11050120671860059,-3.6704574267460486,-3.0211586774021737,-1.039960251551382,5.177403062044779,9.44865644352208,11.643425054826201,13.036314466799515,14.306368570330152,15.389550848465564,16.46499905294295,17.808185913007037,18.88517905153543,19.291174751669203,19.689067073410957,21.086031634270473,22.3168134574757,22.649447145930495,22.41686042242293,21.823391404987593,22.449004920782773,24.304456230777085
-17.032743853565634,-16.230367737176135,-17.58528738866648,-17.026488899272586,-16.140090866401206,-15.20722306438548,-13.858341963969545,-12.827985835284558,-12.813221303853082,-12.284683931030905,-12.983610240026568,-13.094256036619445,-13.499375194743148,-9.781357951134664,-8.550223975614056,-6.6886757712053555,-6.011644359188585,-4.755300382982856,-2.861572937989567,-1.5702400321401941,-0.396707058849463,0.16803839646297763,2.1697926203083404,3.3988846518784492,3.4261077841920096,3.8576500387806023,6.801178310525333,10.965423841614124,12.761573111478786,14.422635416311211,15.298062592210695,16.014592374549455,16.913427072495494,18.523618662859008,19.804035704566623,20.52612687145135,21.27034123225058,22.743465940282043,23.267393756270803,23.31979946650236,22.99977969949753,22.881127627083053,23.96888354560973
-16.97471905670308,-17.571071646260325,-20.68482599418006,-19.281303668988265,-17.576677719719076,-14.976767514215764,-14.392581020429327,-12.979303360472871,-13.284846183794482,-12.720633044914427,-13.826847228270532,-13.165074041669754,-12.64954776481919,-10.303528516889557,-9.490425559682164,-5.924185593519681,-5.4651608992083895,-6.217313693996127,-6.764505972145877,-6.671254132365442,-4.312316149426554,-3.426327609155348,0.879868104606737,4.68673898335069,5.298620809418043,6.501039128993397,7.621127997591534,9.18961015484557,13.330741381655494,14.92013289364891,15.969664202770243,16.67594145602423,17.64723356931966,19.103640092797864,20.768024531631188,21.70084016524823,22.286069113698375,23.285014223938184,24.207052616988143,24.313773106366625,24.180487252271877,23.908318935303782,24.134791491485334
-17.41051023669138,-18.115021343667777,-19.3419391571118,-19.555422898176985,-19.09623173190029,-16.22430530747122,-14.192570862908282,-14.7933371632814,-13.528770733166285,-15.797762559923285,-15.205546431780537,-15.131236431948354,-14.718907433400144,-14.14030584221598,-11.762754418061268,-10.76135428224954,-9.756227072994799,-8.633332631978165,-9.436151809359707,-8.102088835318744,-8.293828724899127,-5.6229039261206335,-2.376031816400053,-0.45299369802317024,6.472969383227996,7.878749165809905,8.680266830433954,10.324143114528315,13.24270159396,16.02424783619326,16.32940307584247,18.162970002070278,21.058898696426937,20.41215736339445,21.336228332036576,22.96733424802743,23.795211808243945,24.22914283054576,24.952187945858732,25.17997680764093,25.093542882916545,24.87707890845224,24.7551036063864
-17.993870919500772,-18.49164414863066,-19.189543710893933,-19.893549564001688,-19.77697562028083,-19.696856595852807,-19.430150851717926,-16.511142230677937,-16.87663935639127,-16.59643282983492,-15.359549922710718,-15.296382749785472,-15.776775931807736,-12.894172278081678,-10.975854734281727,-10.804136012507954,-11.2610794682767,-11.058133524038043,-10.644341096984935,-11.987196328341788,-8.61898813958989,-7.471632769878508,-5.047633704807812,-3.1056103724181505,0.21488683124931518,5.499795547776769,11.403644390231534,13.339377877491414,14.54400218431381,15.808886192831347,15.001708511965129,11.91003528688815,21.01925634480765,22.834944056563796,21.985248651462005,23.662452316487908,25.112572781326655,25.713681266958307,25.996696383448228,26.2834902871352,25.95750372726078,25.72500788189454,25.72987258235509
-18.41683265136838,-18.483659764199448,-19.491994399258726,-20.01208218066656,-19.915850964799773,-19.411220147265798,-18.217843688785123,-18.6800100563304,-18.35968395580766,-17.7402785835814,-16.621346793566104,-17.632643368486768,-14.66803301709411,-13.527594493893805,-17.996552084104838,-19.48872844543078,-19.212164328573166,-15.84325536126823,-17.472263028313147,-18.107632865965144,-7.263273362604857,-6.610827381663559,-4.3860201318712555,-4.167220174945181,-0.08699099148306626,2.6181480896483103,5.323213624201444,12.95159538282729,16.753500049380897,17.360088686713553,16.21241200698772,16.77971963284002,20.99614621079493,21.466926795921186,25.050538382380438,24.644304957271142,25.931234260747832,27.277396949891518,27.232542148681247,27.74565577894609,27.302493702919417,26.778567504165213,26.440848776935855
-19.064688881694625,-20.10048409058883,-20.444600868884173,-20.51286393730656,-19.46521153268084,-18.2237182639592,-18.638287204061836,-20.58789843471151,-18.971813647763824,-21.18311222706334,-18.877401270714582,-17.06760592358062,-21.421590440670453,-24.192838686507322,-24.399465257049947,-19.87016453580031,-18.195308880424616,-14.971287497323853,-13.421158475386031,-13.103206369084777,-4.188292826423053,-1.3771121005181644,-0.13340559424605372,1.9756796023383303,5.32790813580034,5.883898795390195,6.119154433473372,11.782457813639923,17.799390558176153,17.160995432468173,18.003337262067515,18.60735668412328,21.054332615522345,22.592071861808133,26.1877444252381,26.674566508343354,26.193300097856003,27.806570112449627,28.756194380020457,28.98935766288173,28.79195496763214,28.185439080778128,27.62317717646003
-20.63994372335115,-21.70618245049284,-21.360560350180364,-20.778770920522366,-18.413891406219246,-19.553401878186772,-21.221519712148986,-21.214468938833605,-22.09529918442605,-23.14519590058857,-21.916579924572364,-23.756574580129683,-25.777335919666637,-28.225180819404166,-22.694769783431596,-19.477304848180886,-15.82132323532603,-12.986420665553787,-7.655255827837067,-6.682021874994433,-5.108045356232689,0.17055615283941022,5.730560622221357,11.059068210932944,7.113514407351959,10.914125344349337,11.65181161091536,14.144938971791372,19.07881655364872,19.780719102293705,18.77205078876248,20.2578300818021,21.646790298792244,24.00864942135861,26.719104590766705,28.55947417895648,27.428763445964783,28.48805067970857,29.87084633774217,30.17259635387987,30.11940673702746,29.515854253296844,29.063311326790675
-21.453645533743767,-22.46200842707132,-22.335023608520828,-22.548694325574512,-24.163722050707307,-21.733335035947036,-23.5906769376961,-22.23342297044261,-22.618132744682736,-24.996115308862393,-28.596136127339918,-26.0134728678029,-28.587580167206404,-27.631721073129825,-24.044097735676157,-19.586230839828797,-15.846333318115292,-13.061207351453298,-8.844958766577317,-4.681817010203194,-2.0369867523146032,2.759649836704626,7.104150008387583,13.333115300036622,16.10290992366952,14.472576606658443,15.012851702556905,18.656222208920827,18.98415719577466,20.52849665643114,20.9360703502132,21.000228471895454,22.647444428690093,25.441012808205006,28.486414008923184,29.67516749066353,22.538778080456403,29.524988019260018,26.492931849560595,31.20832497603521,30.9258048913494,30.581578261674228,30.374566350937513
-23.17342884363969,-23.379080167667922,-24.298685128179255,-25.135356860457915,-24.01018924891673,-23.752923560327844,-21.72864587704899,-26.586106277701667,-26.187032516993767,-27.13082987441813,-26.8192007095237,-27.95894315022738,-28.640250568412803,-28.70022820862616,-24.061177211569216,-20.650397780702015,-18.568095877135114,-12.089623773353026,-8.499629394323593,-4.043590430888367,0.3326163414188782,4.60890292584598,10.247366143983362,14.757463480049099,18.687391965752983,20.543074862509112,22.056949249550275,22.759270793391355,21.789436361688196,21.670237815069413,22.73395811374953,26.22395301186401,26.633805455656105,27.047859715072544,26.9496570056353,27.585059740057467,24.03289770871713,28.09223558633321,32.159285242495706,32.33666139437147,31.59858165047613,31.340262955579913,31.359365114754254
-24.693219970231276,-25.06334450623796,-26.575330128460678,-25.657452001943817,-25.691212819227992,-24.10180334122751,-26.760220362276396,-29.78802991730475,-28.248153126488873,-30.72231821619792,-30.493247321700622,-30.94571745526368,-30.083522266314596,-26.12955522008871,-24.639221038075327,-22.094010967973055,-19.90891237861674,-11.629961416311843,-7.739263766326694,-3.7195518396710465,0.4077788630983957,4.323403107162975,9.106080740172253,14.316967680244048,20.089484633119337,22.14016777633298,24.837403345185635,25.467174312787044,26.58668810739635,22.978700775124302,26.240012615739953,29.54111186905553,28.78444498745737,26.814558724712175,25.14990379969066,24.848429176114557,27.6351182252018,25.89404992226885,30.664442983535054,32.77020003661498,31.842795004097248,31.674831496779362,32.04482831028328
-25.954614142729703,-26.56809037589516,-27.217718889338464,-27.15915041246786,-23.865437205928586,-27.85807940592697,-29.33059847219667,-28.34242631439084,-30.410419072058396,-32.095699505614604,-30.584968799661066,-29.11597903920564,-27.520488001527752,-27.548215811750165,-24.1611030671924,-19.50669824459862,-16.431504903236917,-12.660675983570151,-6.900657833913575,-1.4506809130822371,-0.2046046685775132,2.1645481053463627,6.227219559764177,11.153694936565909,16.289091605276,18.76335367860534,22.9457428770465,26.73203990425898,29.814325253622652,29.55095477910387,29.03293554237213,31.097923919119218,31.50362331391881,28.464583733186874,29.000267239167993,29.058932583400768,30.52192337822756,30.219395909374256,27.707523455462145,34.46993909490589,32.85245116853112,32.12103357287245,32.87091565203115
-27.309934197386358,-27.393760234724834,-27.210654108254264,-27.334270377431142,-25.673375844238414,-29.1873770128472,-28.728422075543136,-30.184909722829374,-28.921003595493524,-31.756746137971092,-30.179733153366545,-27.21909179224479,-25.977103950527336,-24.745444294404496,-22.214002798717715,-18.77224958794923,-15.345264402172633,-15.019662883586836,-8.354198399957328,-4.0021624032129886,0.4088152872962818,2.655818782540116,5.737144612953173,8.630873378767182,15.505879931362397,17.14535902334913,20.178246060534907,24.95676292922679,28.693030688442256,31.415646455231286,30.815717812818406,32.429646987784096,32.652511685343484,28.432932613126944,30.90251178474914,33.036772981948985,30.48104297958296,30.925808426624215,32.09943061181552,33.14701880811398,32.945960782785455,32.12311659163746,33.30245251948167
-27.822642921240664,-27.565199057257793,-27.701116078726265,-27.358239334204967,-29.723830262199154,-30.008451723017664,-29.03383655460903,-30.74024247477593,-30.977834536004586,-33.47203170481345,-28.599719101349766,-26.035416203669428,-24.55711659371841,-23.912176037024192,-21.73503773632885,-15.730424825776211,-15.861872232232066,-12.741985881075935,-8.605257741440266,-2.665854979737623,1.4107641905277708,4.401956285420904,5.677253552203839,7.686613092316722,12.257794179951212,15.549627396583894,21.095808349725505,23.841083886710535,26.208705309564337,30.98186639343864,32.418709202579166,33.46877371077196,33.11044503129861,33.101997942221274,32.441005371346435,32.04791621725201,31.383177501010923,31.533325831475008,32.710753620416845,32.94039533505845,32.600812066473196,32.44655100259595,33.82573492581192
-27.860039419691596,-27.157520832858808,-27.291230198706156,-29.48689046300001,-32.218754016291285,-28.853764604704022,-30.929895577655003,-31.146589119349148,-30.554933398869213,-31.151925014967503,-31.40701696852654,-28.302771214141842,-23.849321968604407,-23.005055279725465,-19.245720541320424,-17.377529082665653,-17.07806640824894,-10.854339901249606,-7.668167290603212,-3.873665275204212,1.8978085514135348,3.4589064400125595,3.990014455016489,6.946880922177291,9.749791311566755,13.239631102152424,18.625246890146148,22.42013448527496,24.87742691883598,28.031282075710436,31.5705163247015,34.11300389821271,34.30760844146225,32.660808500186214,33.29899721327692,34.191957138621554,32.74130488684993,28.731435726359905,31.973157925755004,32.67068890688196,31.942391861441266,32.9254191423465,34.1327241203166
-27.581796249952905,-27.711692655781274,-26.87680937931851,-31.103641843370042,-31.27739333369268,-30.13695768112156,-30.597964546857906,-30.3242913446326,-30.008527474328368,-31.634333335327838,-30.323227700982322,-26.17030086189948,-24.090016518293908,-22.4715579171312,-20.46786739810199,-18.249756405494225,-14.00474651431312,-10.436648706001247,-7.371851032736856,-5.873349950197706,-0.9639380090527405,3.672178924995839,4.066679874303295,6.557611883097329,8.307806465500216,12.500471829458649,17.720118789948884,25.279746598120347,26.900694767206776,27.400580122241035,32.199033972232854,34.48862464705698,36.46546781984067,35.53817145591914,34.60504457884183,33.00214320631472,29.39818774219852,33.83834826945182,33.109441218421175,30.890843273334156,29.981656224781048,32.99680515776571,34.14940773506465
-27.955019576108576,-27.746582371583095,-29.183025514999915,-32.007534576104376,-31.18865929079566,-28.623853347568893,-29.687631564719545,-30.82948998552707,-32.58858110880121,-31.428803047018942,-28.71904738241031,-28.759184337468902,-26.704512292009507,-24.046345156268877,-23.136701268175806,-18.463741185917094,-12.952910492318784,-10.414010934963692,-6.814381007019852,-4.52655748597363,-1.7352388723235284,2.797351159095677,3.7500930073254164,7.363242840848898,7.364890671146463,12.575834372866233,16.05772897994448,24.369877249373914,28.655381261965914,29.832556536705233,32.77179656446575,34.94506171876462,36.207231921278726,35.65884174216831,33.33768115433029,36.190343610871516,34.56761820817725,31.160909411644944,33.3461517324472,31.552410952389792,29.88180113826866,32.58868947755943,34.96155676296259
