public/json/wind_2018-09-1600_950.json
{"header": { "discipline": 10, "disciplineName": "Oceanographic_products", "center": 0, "centerName": "Ocean Modeling and Observation Laboratory", "refTime": "2018-09-16T00:00:00.000Z", "significanceOfRT": 0, "significanceOfRTName": "Analysis", "parameterCategory": 0, "parameterCategoryName": "Currents", "parameterNumber": 3, "parameterNumberName": "V-component_of_wind", "parameterUnit": "m.s-1", "forecastTime": 0, "surface1Type": 160, "surface1TypeName": "Depth below sea level", "surface1Value": 15, "numberPoints": 4800, "shape": 0, "shapeName": "Earth spherical with radius = 6,367,470 m", "scanMode": 0, "nx": 80, "ny": 60, "lo1": 109.0, "la1": 20.0, "lo2": 116.89999999999955, "la2": 14.520000000000117, "dx": 0.09999999999999432, "dy": -0.10000000000000142 }, "data":
[rows 0 to 21 of 60, columns 0 to 48 of 80]
null,null,null,null,null,null,null,null,null,null,null,null,null,null,null,null,null,null,null,null,null,null,null,null,null,null,null,null,null,null,null,null,null,null,null,null,null,null,null,null,null,null,null,null,null,null,null,null,null
null,null,null,null,null,null,null,null,null,null,null,null,null,null,null,null,null,null,null,null,null,null,null,null,null,null,null,null,null,null,null,null,null,null,null,null,null,null,null,null,null,null,null,null,null,null,null,null,null
-12.608621047308235,-13.02669843052143,-12.284988838425926,-11.877333115536201,-11.647907204703476,-11.47915931233274,-14.11611084411004,-16.71925229126606,-17.295194031989833,-17.58792924715497,-16.17623925015534,-16.297681084227296,-14.89674687246859,-13.655374544672155,-13.374571201919242,-12.722339128950122,-13.42444750139332,-11.776077015184882,-10.590476140842169,-9.62569803376769,-9.919306925562386,-10.192683415045147,-10.566066634661649,-11.64794431530877,-11.210417853650554,-11.406765144869063,-13.13921905379808,-14.825740827657143,-15.806391350913685,-16.107043782580384,-16.325735213037834,-16.88024888150175,-16.656952116648775,-17.029472246192256,-17.337762849841237,-17.724158971982337,-18.208287169559114,-19.14432804282302,-19.79907413870565,-20.511902546213044,-20.52005456789594,-20.104563448528065,-20.334231909374342,-21.39272825151185,-22.14610710542765,-23.020787568964707,-23.71729262209361,-23.99308360270713,-24.15285657223894
-13.119223050463525,-13.797143444221774,-12.474918782651692,-12.589795376263321,-12.372226446868485,-12.163486426691286,-15.276024146231128,-16.580917834661467,-17.244782939136773,-17.750441556336238,-16.907574690082896,-15.980483518677527,-13.656531249023335,-12.394905941956058,-12.20236787506689,-12.783379032194874,-12.845166895150761,-11.862208724836275,-11.143128224108292,-10.10953798330273,-8.168554651003683,-11.67152371379168,-8.463476484528446,-7.881772044401801,-7.935292892471971,-8.617385410645738,-10.96355823898471,-13.456061050190215,-13.81937045834718,-16.764537652709866,-15.597128004312395,-17.20570295374213,-16.406933463434342,-17.73203868800362,-18.51095812708712,-17.284976525054105,-18.877788449660226,-19.554684480938583,-19.462755892332773,-19.503270888650967,-19.57337653763348,-19.006657163181558,-18.575499467546205,-18.8322662893697,-21.04270492849733,-23.480593850060373,-25.20397657229721,-26.967621704186023,-26.355696666306187
-13.683700953890172,-14.247982736171096,-12.970654083928425,-13.218500524562259,-12.829555668329904,-12.434860561724989,-15.157500915436241,-16.696434197592286,-18.11822509805026,-18.19537915374954,-17.024863023160027,-14.813217103527677,-11.370976284142687,-10.78876162357727,-11.275964892451945,-12.693116901702815,-13.52958283707784,-12.395082619717058,-12.514645125654214,-10.797964990706161,-9.369355757017484,-8.731392064038092,-11.005579955551859,-9.821110166622091,-8.389746619451408,-9.083528500055731,-11.218011121390633,-14.179969526021294,-14.160607590291422,-17.47586081929385,-16.972565730717186,-17.11724347488083,-17.230080537861028,-18.169477388434313,-18.555097471893458,-18.01058205839061,-19.95063375644988,-20.556055179859232,-20.65093312874697,-21.987281926601753,-22.773751390464444,-22.36875258263009,-21.85018841137555,-21.44401332859193,-23.843574841193302,-28.24640772507175,-29.741526232233724,-27.52911437181683,-28.509495452274646
-14.208847073050629,-14.293431545348284,-14.153858989185625,-13.619624259668255,-13.214338345117456,-12.794488716394614,-14.91223526299854,-16.979647048197464,-18.569388771865437,-17.524587642353854,-15.6509750833506,-13.207781470666593,-11.25968255911389,-12.036051404913684,-12.697776080279443,-14.332546597091852,-14.564288972464313,-13.488134281916954,-12.627509947487553,-11.248033684961396,-10.256790344366292,-10.783039665413602,-12.042524407503402,-11.776775489770204,-10.742568895601343,-10.356460194087802,-12.813373311293123,-15.035766650634336,-16.994081841359602,-18.014736779107558,-17.773976709364913,-17.408572210591743,-18.175872283915353,-18.833730119803786,-19.318518308821915,-18.970196862926112,-21.25817716388291,-20.847209517220577,-22.18405028429857,-23.8223774199581,-24.80852129490284,-24.456047536341806,-25.40001532613942,-24.62944842033545,-26.52364261313625,-27.166049034106805,-28.681457094171073,-28.290421106452243,-29.039396882095573
-14.749071538624946,-14.813852851692959,-14.595278576404471,-14.106752233327981,-13.661903034561345,-13.652101195115774,-15.285461878888945,-16.534184306797197,-18.048726348362045,-17.779765930222037,-16.523624321742517,-14.370202438280057,-13.440472781069799,-14.242801072370376,-14.593361143080694,-15.693089756979356,-15.337558962638463,-14.135067586032326,-12.666337172107003,-11.750927279326707,-10.596811113035251,-11.693780093899173,-13.795098892741493,-12.974002176384026,-12.212034646424975,-11.808395556814869,-14.331044886581992,-15.917741050358796,-17.71012920051191,-18.258762049605295,-18.965357511594394,-18.829862903512243,-19.014403446533876,-19.355888119995864,-19.654890164655313,-20.87578899835672,-22.09956699916249,-22.360622912765226,-23.540189847644502,-24.66426262366245,-25.844976636690372,-27.003287781227563,-26.666680587429525,-25.56493531416801,-27.930330140992695,-29.319019777723884,-29.13006903438616,-31.332852756921632,-31.747240335547183
-15.156448368297166,-15.56643690521939,-14.992690824874288,-14.908156993064075,-14.429852184803673,-13.921566756151767,-15.753779161988227,-15.45391010342854,-16.702844782450583,-16.530930944030203,-15.673384811774529,-14.623993798241525,-13.869298943140112,-14.476020662877481,-15.152852430933793,-16.443068736185126,-15.186500513681525,-14.719296620033518,-12.62335770686992,-12.001223849440258,-10.530233575105962,-11.989759262806349,-14.911250640279597,-14.627726521793258,-13.697486782055481,-14.205885735635722,-16.983683185407294,-17.090600401005346,-18.247013105366662,-19.34732366703144,-19.347162562923984,-19.502285663363747,-19.871575571011288,-20.829663453778064,-21.013504864981076,-22.406219057695786,-23.659673500782063,-23.017435808730504,-24.04450889868881,-25.171821866267308,-26.899761024698915,-27.740857125044965,-28.079899919594098,-27.55482924935555,-28.856752721864705,-29.352103719437896,-30.535420620801794,-32.5692423064188,-32.120519843410094
-15.468967080480258,-15.963718150923981,-16.41442275985287,-15.745918587721896,-14.965245519998644,-14.337389123305744,-15.841679255242557,-14.051506062310537,-15.96413019817627,-15.77083370384593,-14.78527463771145,-14.231290150215145,-14.473161729264898,-15.232471856755156,-15.615624355042636,-16.4565779232389,-15.982225696636572,-15.697709457357893,-13.136470119343022,-11.582002002633267,-10.391262578903852,-12.847844508251354,-15.843013842089265,-15.440638277579446,-15.781457597471318,-16.587488403599938,-17.474027244326358,-18.596356936308887,-19.757993936423713,-20.117770430536982,-19.966990571275055,-20.230183508053557,-20.49510545170622,-21.995609274781607,-22.410319626473107,-23.621253757544487,-24.21039782642302,-23.911504853771007,-24.334698355613373,-25.219690979774,-27.72552815585318,-28.800956434454765,-29.191105234940082,-30.132263230345412,-29.060704215025538,-30.04560272184578,-30.866335464379684,-34.18673880282123,-32.3682051687537
-15.544111858179955,-17.004943916679228,-17.01684143107309,-16.17181299508346,-15.779407645295283,-14.522100146889095,-16.32431595619934,-14.541856956670046,-15.446937096553276,-15.351697546678267,-13.783504843040335,-13.234841251353375,-14.130338612142463,-14.698527338363503,-15.73754091813585,-16.37469279753411,-16.812680224807053,-16.182721082172957,-13.973670284046303,-11.037188489484329,-9.684061410235078,-13.714248475375207,-15.84449415338681,-17.45148234699996,-17.48000636668218,-18.39280747090721,-19.03805533187591,-18.90169093752474,-20.192998448962914,-20.978938229578663,-20.934697574197937,-21.41658979087242,-22.120819749235885,-23.00267150492676,-22.49976467718366,-23.60060609522395,-24.48010258695588,-24.646669424810224,-25.436838846397045,-25.411417316993287,-27.872979710402817,-29.42141089409065,-28.759831694567872,-29.942142774249998,-29.990723156977648,-31.526252867144805,-34.32387514813111,-35.596767847120375,-33.21543449389386
-15.826754270526484,-17.547378683196776,-17.398075476394407,-16.944627319304995,-16.23048853838218,-14.870608422010404,-16.28967305550944,-14.832151175883984,-14.465586614617749,-14.663049101587413,-13.292022640952556,-13.194248443187865,-13.564494312744175,-15.146710927502085,-15.928976386054336,-17.145325478515655,-17.398116330026383,-16.29355885444632,-14.214589172958323,-11.210519011325646,-9.028297187141407,-14.952761179441238,-16.72877869121588,-17.81671500769256,-18.87093435098969,-19.61877935322889,-20.0749279445336,-19.635535242196088,-20.332666665082463,-21.3080364783271,-20.872592467635545,-21.306399057629285,-22.086707815742386,-23.246163673636865,-22.284433817049205,-23.713032003972987,-24.869356145558587,-24.11252032487976,-24.32395137720118,-26.18892812924459,-27.885095058113464,-31.76343405106526,-30.66808240718233,-28.89236899410029,-28.73330284178798,-32.669567573697854,-35.79714126573637,-35.59210057613821,-37.31702271312304
-16.244658378970104,-17.868956410221095,-18.044885753541312,-17.616797052380665,-16.532131412008756,-15.48821798183537,-17.0023680426823,-16.02257547341055,-14.213456664713352,-14.373368408803547,-13.92488323202645,-13.26360359971741,-13.347710795213908,-14.12863006062612,-15.621828365252366,-16.978741130198713,-17.82838347061143,-16.831514050541113,-14.343943057786257,-10.895505384265082,-8.500152305633764,-15.454651293579994,-16.597132617960536,-18.105880238813263,-19.39871284008,-20.91779391502432,-20.384300162568742,-20.157850416294643,-20.325433327572572,-21.296929708242732,-20.88500841289422,-22.151128710686873,-24.13043855439954,-22.915760655318696,-23.39727193991923,-24.123457396820626,-24.59208807898805,-24.61999383227573,-23.68445970750545,-25.870321802494296,-29.11075102014551,-26.523454066530526,-30.75439765297852,-28.043553060980926,-28.213142555638356,-32.76379072133119,-35.5571479592282,-37.377964083919224,-36.911743558577996
-16.43857929402527,-18.235716497831277,-18.547848469423393,-18.156693520378298,-17.224571167995126,-16.424304484863455,-16.99374380778397,-16.82335687287493,-14.82049454365475,-13.810319038989775,-13.583095730733987,-11.86487083489963,-11.899174268303689,-14.113719693385466,-15.793119447199107,-17.271860408825507,-18.273085912673,-17.899112092169503,-14.413007409532288,-11.249451632735914,-8.41295969758854,-15.328155655154289,-16.2350023749903,-17.14502636226197,-19.768631239546938,-21.367820188255855,-20.683265831466652,-21.022069015506,-21.408474138163136,-21.935317731746746,-21.74212144794459,-23.32804232472537,-24.580251536175496,-24.059261889409534,-24.94843618735597,-24.205604441353277,-25.425936594172242,-24.866806773970985,-24.350307004829105,-25.20522747356366,-26.553313766128856,-31.00396957604609,-27.729590822597984,-27.66833782336607,-28.34718815845587,-32.081555327523006,-37.36201898141983,-38.05191894740034,-39.33772201804685
-15.950456846137849,-17.835162554923635,-18.9523953387052,-18.589574973785833,-18.017519882854497,-17.137319011527232,-17.589294569539547,-17.036779029715085,-16.436395457141895,-15.159397905500335,-13.912960465921389,-13.31945013237333,-13.37985490251455,-14.226272001381522,-15.989518309051558,-17.019819860927946,-17.815356328481833,-18.00574496398686,-15.835651165498382,-12.721071164615953,-8.043603661094938,-15.448699723962555,-16.342236099934645,-16.53048803325529,-20.11302456729981,-20.990553912471363,-21.079593833454968,-21.90334960251239,-22.128192778743237,-22.56746484676653,-22.738349884223112,-24.439465852799447,-25.618186703415162,-24.931010548545306,-24.798906814486678,-25.6941683720391,-25.210862665071545,-24.6605326465115,-24.955007019617213,-25.33140197510964,-25.06441568111392,-30.13007295633181,-29.858487085293753,-26.852634303252223,-29.492459956635418,-32.28271108752554,-36.477636049415295,-39.57471012033574,-40.7768265488388
-16.514470830895252,-17.00541077126154,-18.711215356006683,-18.099288985104458,-17.989443737128273,-17.179772740969852,-17.596469230683866,-16.902137087688303,-16.15374460615993,-14.675767970113553,-14.61499383928204,-13.641360387091014,-13.26716468430334,-14.17728994153649,-15.628277458340634,-16.23274479149855,-16.954289956377128,-17.732384167836656,-16.85477212017064,-13.129487537362905,-6.244600596301544,-16.101320286729273,-16.721927292561816,-17.824242144591743,-19.703166276685312,-20.23283925863892,-22.268461710847554,-23.015455522729365,-22.263473550421793,-22.89483519294913,-22.747768249252186,-24.8745730842593,-26.184616001349703,-25.716653580270208,-26.348315440509566,-26.932685889174177,-26.83452110963991,-26.012109566440973,-26.098069088186357,-23.608024270661726,-25.612205580311265,-28.546790284456602,-29.720247982054055,-29.42002822869985,-27.908544516370775,-31.884657258926012,-35.16717285388427,-37.193839201224435,-40.34219015196093
-17.882074334346836,-16.823006130518706,-17.612213225221407,-18.030463487564617,-17.88982496008557,-17.339147704266065,-17.095942381243713,-16.007045563905592,-16.037752621931293,-13.830920064935075,-13.527562108199653,-13.774772120666594,-13.84208843632376,-13.80918539167061,-15.30780448017477,-15.623454483619007,-15.315822171766127,-15.161243047001733,-15.7640836091838,-13.492236377729267,-4.138681260618096,-14.981737058307589,-14.32182822374051,-17.18019057896565,-20.53417258566226,-21.577072214053185,-21.325743667931263,-24.735411394413376,-22.002939444482223,-22.460648214798823,-21.745271395378467,-23.511251759266923,-25.892908058802853,-27.232444098844937,-28.52696096777269,-27.820264463626167,-26.378144001952002,-26.398525341235842,-26.34977874772299,-25.028133221631066,-24.237493314202926,-26.31837128236436,-29.838107238368394,-26.845525861076613,-26.783198962335618,-32.45717566732327,-33.418233360869934,-36.24469541938644,-36.60323966365169
-18.790246693022283,-18.135517851975667,-17.371518400712294,-17.382493160527172,-18.521738169931947,-18.55644183731478,-17.02572009399587,-16.073970989446803,-15.735937579162929,-14.447190268183748,-14.591546915666457,-14.972556066749444,-14.92811034529763,-14.461090336395571,-14.662611332271677,-14.961423697496468,-14.736340087863788,-14.24182795225089,-14.637995963400396,-13.663223728193808,-5.964476604367567,-8.323362252925964,-14.276196960720293,-16.269428968227267,-18.24405874475131,-24.164867766500233,-22.924149609695032,-18.620232109065427,-21.247670693403798,-22.08494106857842,-22.371495582733733,-24.336163802269105,-27.39386736519264,-28.196245703840678,-27.874702359074394,-26.11119597232352,-25.66896953134457,-26.53140994538103,-25.929936765201017,-24.081143141112285,-26.92524024969915,-27.17857372853507,-26.305117470575766,-25.418438405705107,-27.638300143143947,-30.517096002314346,-33.45512965032373,-33.01026969748607,-35.070394016532234
-18.954271065946706,-18.16391156768653,-17.943567081849356,-18.52305600759278,-18.12469426414664,-18.252892829853543,-18.47476946461416,-18.157464472798807,-17.421930327541755,-16.889720972459568,-15.7805588642332,-15.778363378270845,-14.64428972940804,-15.248724461304047,-15.932961444562135,-14.702892007000544,-14.1538999215953,-13.6497806214844,-14.1571048071497,-13.85911362571311,-11.496220564201785,null,-13.817971398206979,-14.002691164500046,null,-23.124040481255804,-23.712712432713996,-22.22781031005865,-20.535778751533595,-20.605286134626727,-21.815577923279136,-23.52720288712061,-25.993248161558736,-20.60350545424216,-26.432237256203663,-26.241183307030475,-26.21032673893529,-26.703694421335737,-26.721762183108464,-24.79950611610604,-26.51342996105543,-26.29993480864067,-24.813559500212445,-26.528643037221254,-25.37681947522524,-27.188722533536676,-35.517257435285316,-34.217892320076714,-32.16396832940719
-19.29266343395074,-18.19829803100667,-17.525115782760025,-17.401359136377675,-17.746231893418816,-18.2350668526339,-15.495098222016678,-16.321198535189474,-15.194088614906402,-15.149310123442437,-16.98790349713566,-15.862958916069282,-15.117101876489041,-15.366642163692196,-18.166574315346715,-14.443091692864654,-14.621112596483473,-13.721161368238313,-14.458826540957409,-12.609481036887818,-12.479340310482804,null,-20.62709860040938,-13.989184055256453,null,null,-21.624764726630325,-21.858316880818535,-19.579781653088123,-20.19531524470547,-22.485247049944967,-23.519207952667514,-26.448936173798714,-27.185655549013376,-29.032864344929017,-25.072806498161267,-25.17863856155121,-26.287871107975885,-28.210358730162906,-18.41734579970197,-27.52390339487229,-26.280261129535194,-24.700678506121392,-24.57844414322163,-21.22555871651135,-27.21228388307852,-31.520231582268593,-31.447886687572563,-31.948053628144105
-18.565480315818704,-18.233932611877616,-18.298234984403738,-17.000156563513542,-17.882358712774238,-18.25963603023825,-16.51244549376783,-14.0728280630864,-15.793720472421567,-16.28072565662833,-16.06831347570276,-16.05373527682913,-16.996858637840198,-14.44162723008183,-17.707686658854346,-14.545591072449325,-13.683586964671564,-13.1948121712212,-13.69984561230074,-15.747529103769871,-15.058822873614861,null,null,null,-13.513529612540852,-16.248872590934237,-17.055821985391614,-23.188842029018865,-21.808053351470758,-21.938047274274226,-12.861911926568968,-24.93808348251698,-27.446352107034954,-28.093227990015112,-28.909157639603816,-28.016702757157237,-24.51682638471225,-22.068656132746955,-26.333437412600542,-24.939548049014753,-25.667667616770302,-25.179585507754272,-23.39938626762089,-22.59514577783732,-22.375414507799356,-25.049788117401103,-30.116918230691635,-30.064180100919714,-33.0592410267596
-19.20154841619544,-18.66300692800297,-18.47170870497593,-17.865438765171252,-17.541478066734776,-19.16721107119331,-18.408304025012804,-16.45579461308707,-19.20340803535853,-19.49975978427871,-17.701648932269606,-14.993111431681896,-17.300104398725907,-16.143094150383067,-17.85457384363145,-16.124421369901054,-17.25316782565328,-14.189131685827263,-15.163014536210802,-15.17563861076196,-13.815340236488552,-9.93705306409999,-3.1112178665516486,-15.275504811172071,-21.428262389288925,-18.84115305575648,-23.049698188153634,-21.973886880042542,-17.833681673325522,-20.77206300292815,-19.843909558293277,-24.483468735856498,-28.773490634300497,-30.43438153000664,-30.284052240506533,-22.548906271143675,-26.952180814370863,-26.007693856730356,-25.843535783292907,-22.63033775903173,-28.960002657166427,-27.46757094507914,-24.991876497293525,-22.984814430044132,-23.377188815304695,-22.87690773191878,-28.202874914698473,-32.904510055608434,-28.868399227115408
-18.869970667397162,-18.342951998520807,-17.11788908656116,-16.094340200344107,-15.06717925920621,-18.609799809276833,-19.58875198787278,null,-19.24640048974035,-18.624355757413305,-16.738334559636492,-15.498649355494331,-15.919802302790567,-15.901505008148362,-19.472812958130223,-11.619297074986951,-16.247592709099855,-14.3346594432271,-10.914179895103953,-11.387185638941222,-10.307277277871691,-8.948172942338031,null,null,null,null,null,-21.814091600467457,-23.884717522360962,-18.970153701757386,-19.551432942300696,-20.748181318909243,-17.20942394466042,-29.939631388587177,-30.20870370073242,-27.41010603855858,-27.80767509805922,-25.46033415715818,-24.95938285720776,-18.281496355760098,null,-27.00173186066117,-24.011071712907658,-24.169147478129094,-24.611411997740298,-20.72183285351302,-25.170444513724167,-31.04530410655028,-27.489673400821367
