public/json/wind_2018-09-1514_925.json
{"header": { "discipline": 10, "disciplineName": "Oceanographic_products", "center": 0, "centerName": "Ocean Modeling and Observation Laboratory", "refTime": "2018-09-15T14:00:00.000Z", "significanceOfRT": 0, "significanceOfRTName": "Analysis", "parameterCategory": 0, "parameterCategoryName": "Currents", "parameterNumber": 3, "parameterNumberName": "V-component_of_wind", "parameterUnit": "m.s-1", "forecastTime": 0, "surface1Type": 160, "surface1TypeName": "Depth below sea level", "surface1Value": 15, "numberPoints": 4800, "shape": 0, "shapeName": "Earth spherical with radius = 6,367,470 m", "scanMode": 0, "nx": 80, "ny": 60, "lo1": 109.0, "la1": 20.0, "lo2": 116.89999999999955, "la2": 14.520000000000117, "dx": 0.09999999999999432, "dy": -0.10000000000000142 }, "data":
[rows 40 to 59 of 60, columns 0 to 44 of 80]
-8.307552921304811,-10.584374130405878,-13.036581296697811,-14.733024075636402,-15.953745791841966,-15.823829472925002,-15.150617982120478,-12.907987253183475,-11.263593965692603,-10.957455275959,-11.956744197266094,null,null,null,-15.792349254144384,-11.027749349995744,-13.270419275939206,-13.478991096360875,-16.468685260422518,null,-18.644473570205992,-16.8314654966878,-16.944051560446923,null,-13.101381233382645,-15.193557773755032,null,-16.857523525173473,-11.39139249833917,-15.16358582675131,-14.494779679602937,-16.94320634016175,-14.615249565877836,-14.796123933569826,-14.20209493200609,-13.33010125255715,-11.99704455083582,-13.694590078541953,-15.558343120344631,-14.85656478657996,-14.395390946281015,-14.704302623782887,-15.665047193892304,-15.818782545628087,-13.715557579522827
-9.788763196973257,-10.199116862253309,-10.875431028663932,-12.707451771106964,-14.457436836733798,-15.010538546609704,-15.304720276216194,-14.975979259275775,-11.628012568920347,-11.284959840227312,-10.123039400207938,null,null,null,-14.944371487665311,-11.244461741154534,-13.049386535079229,-12.809512750811498,-12.73436686444153,-17.243922633200732,-16.528284478955502,null,-16.462331289694827,-9.951336501574183,null,null,-14.055769217984565,-13.93521225316102,-14.766593756058793,null,null,-14.609482667833335,-16.177987303911355,null,-15.450830673960638,-15.403280275060851,-11.773227140216981,-10.4825829332536,-14.136736725892602,-15.10917215355926,-15.141026568373588,-14.356337695037645,-13.831516791109834,-18.54839981811002,-15.415205988341029
-9.531319648756433,-7.461219675448969,-10.009700183783297,-11.745741779659255,-13.20748075798072,-14.619121006193694,-15.012425444669038,-15.314336943095531,-13.154499418416448,-11.61786839545966,-10.333007633191567,-9.697983188226686,null,null,-15.255814627936836,-14.909427401271468,-10.866877872809148,-15.179849728171916,-8.791661953633083,null,-17.15774690417126,-15.152406083041996,-18.402490378051283,-15.284654469000342,-6.838664497679315,-10.482889139038573,-13.703873641297402,-15.63538220609837,-14.070140992152126,null,null,null,-14.949074559231754,null,null,-15.17641324983072,-12.985590610218358,-10.37212688957487,-11.583742733888261,-13.572152676467862,-14.765108035816173,-13.219753980971301,-15.200630822072288,-15.283496094476627,-16.076136251838122
-8.0756702641386,-5.99276730355714,-8.205666212651373,-10.476684327206147,-11.849119450797069,-13.385425916749318,-14.15061432964052,-14.803124438854823,-14.307498247254422,-12.970651928690348,-11.26663142898788,-11.375196450722552,-8.068201174504946,-11.46198050316341,-13.001489767204347,-12.92819401895936,null,-9.204093802340559,null,-6.853852363570644,-15.28109143891561,-15.122097783826115,-18.10129709533398,-16.21487163722638,-9.047280152019392,-11.717480379971274,-12.223580406093545,-16.535557451855084,-13.90774754941936,-9.963188420241387,-14.341693749614567,-12.30972100002884,null,null,null,-14.853357591016957,-14.565008105576638,-8.35253007470899,-8.550401661791655,-9.804502528577466,-16.72492783944596,-16.07637194538752,-14.95328238098164,-18.927397910963553,-17.821705589463264
-7.056337949888843,-6.430262781909502,-7.069837916956184,-10.02610487469483,-11.062861991836172,-12.812268308882471,-14.286469246007552,-14.735871463781137,-14.88398777494897,-14.72307993511679,-13.436158213967055,-11.525541981811774,-12.647203843957127,-4.967688715790754,-13.217649360539134,-12.419199874711842,-9.979424866302026,-10.027147220845853,-9.964587767713024,-2.811352965469396,-11.199754549948496,-17.075247789926927,-19.041041730988425,-18.700544125269765,-15.31989195098242,-5.440306527867396,-16.265517137464307,null,-17.513836483707106,-11.381126329004363,null,null,null,-15.23459714904245,-13.002695517250853,-14.767406632813005,-12.270597878059473,-10.441918294049524,-9.227634509751121,-12.303633661675338,-12.668950008689587,-15.005671287743066,null,null,null
-11.545676785212748,-7.136921001241589,-7.063039362638911,-8.054601307498544,-10.363631862580387,-12.004343937709429,-12.94950764109964,-14.65765130462191,-15.253575333152297,-15.662885013227225,-15.515483384004302,-14.829154508243922,-13.312038578688577,-7.522680114121939,-3.992718012464918,-15.305205572601778,-11.265678798747786,-14.295543305703088,-7.192809549588942,-14.191694232424808,null,-17.200552991719483,-17.993451836137833,-19.69720437389218,-19.500625306773195,null,null,null,-12.4908599940846,-17.032482491831473,-14.89137859188585,-14.605916580421583,null,-11.024448606798506,-17.551945205870275,-15.459371131249723,-10.383291992133763,-12.536570727534842,null,-8.560930107554242,-13.17326165620354,null,-16.54666391588451,-13.02637223320505,-13.233260970668034
-13.243708295699959,-9.864670591836415,-7.431891363284348,-7.469624165818039,-9.579200355981289,-12.114255260996881,-12.302260958804615,-13.458397819955154,-14.438690605589525,-15.644831650478558,-15.098224386118012,-10.741372592790023,-13.771715684458952,-13.6113268324154,-8.344698439440197,-5.24706595228853,-15.008854058161425,-11.828959745092511,-14.679134805576744,-7.63872099115803,null,null,null,-16.221359437666987,-17.885083158187186,null,null,null,-14.85032075242374,-16.45890511834019,-17.989624443799315,null,-16.118715007823234,-14.196831607094719,-13.273261751590697,-15.214081835335318,-13.701330481841518,-14.074158884324877,null,null,null,-11.237349157118153,null,-16.461833585958484,-15.892703769624605
-13.517976507390873,-12.238964351104432,-7.171114444338722,-7.551978060669581,-9.356601033138599,-11.388724757517894,-11.436447993741998,-12.61423684806947,-13.712027917671664,-14.741672559415566,-14.766175201804849,-14.132403535043277,-12.643263459899812,-13.883150042062557,-9.380183783385313,-3.189836141140187,-10.627143089110891,-15.569819841728899,-12.965225907838041,-11.727535860114516,null,null,null,-16.980425277851577,-16.577644247625756,-16.080647266860474,null,-8.758385607975343,null,-11.515718679865264,-9.491612974772986,null,null,-17.636694231191278,-13.264120709160213,-14.915276325697171,-11.440879550285203,null,null,null,null,null,-8.727210635480619,-15.85602184720089,-14.443830394050893
-12.867940426334872,-11.603981085301589,-9.660718541486073,-7.451198908232147,-8.683517964382478,-9.628217806842569,-11.952262156292276,-10.666879085989107,-12.2566696167544,-14.123228365584728,-14.00084028263453,-13.635860797845966,null,-14.861697692273626,-12.254677190466236,-8.587566933503908,-2.820696122249406,-16.394239393018143,-15.245615914761416,-15.235603525668786,null,null,null,-16.967613819044367,-15.297411623516652,-15.988664483009405,null,-8.618134926118094,-8.693910196739084,null,null,-11.80061717382294,-12.171661312036061,-14.383254369920808,-15.984711572938245,-15.64748615473956,-14.281675465646307,null,null,null,null,null,-9.92328842214459,null,-15.885671288985176
-13.560248928634085,-11.667753951055072,-10.204763857435488,-7.972817477407691,-7.364375420657677,-8.702348917122055,-8.947145087076008,-11.432800213342544,-11.01001031456514,-11.15816981713516,-13.034247900312112,-13.687773755266274,-12.558791517402152,-15.9461146204007,-15.425144359161068,-12.192183358698095,null,-9.189111839120724,-17.049185712151576,-12.975209009831095,null,-14.253119599082748,-13.83074851741066,-16.11074770032478,-16.1683213156352,-15.51293472278001,null,null,-12.757559506475905,-7.113095344047336,null,-16.023256804157576,-17.17113494035253,-15.715918783658969,-16.68491406863658,-18.23817694478826,-15.143278527702682,null,null,null,null,null,-9.3149992120408,null,-13.086138658303021
-11.054153989186055,-14.260690739188735,-10.58200665181038,-9.554986465033496,-5.780276504275364,-6.766788969148832,-6.905654982443604,-8.233451270636206,-9.28822449385195,-10.059619557603044,-13.606996544070764,-13.065053774738654,-13.956718305546127,-14.341531691949992,-15.962534900719156,-15.299095125137029,null,null,null,-14.672292461172209,-9.287724279466303,-14.800399070534056,-15.78632283814095,-18.08948971178732,-14.861702556557086,-16.699110462774343,-16.258133087770368,-12.177370928387631,null,null,null,null,null,null,null,-14.76253521861963,-15.218137889598783,-14.370720892304531,-13.88765263602116,-10.83484232326712,-10.018269410136973,null,null,null,-11.284730043347738
-11.746542368649695,-10.717997846154253,-12.335651262738535,-10.645536513048029,-7.693520117853155,-6.62191668371357,-5.375993789144802,-5.0500338158827605,-7.907987711975771,-9.009295960612313,-11.155295268062558,-13.885313606702985,-13.122576244457472,-14.511014677196062,-14.982763457471211,-15.07145586495881,-12.18785683679053,null,null,-15.555454211436656,null,null,-18.795944579706212,-15.86787501808491,-16.892052618738337,-12.804708789135995,-12.977982417985565,-12.189982326443813,null,null,null,null,null,null,null,-10.291515493070978,-14.850684063504163,-12.871265793125035,-15.29212728109176,-13.219324249226114,-10.3626530227077,-11.546271124432069,-7.770942050827401,-8.261447460992981,null
-14.751671405370839,-10.926580221367937,-15.86002718044372,-11.28562097700989,-9.22104980437352,-7.3410028781473455,-5.406944890534019,-5.677798322696507,-6.0827043649660215,null,-11.429000449668603,-11.36813210073666,-14.242862424883857,-13.574043955531474,-14.796725735419246,-14.955003994820718,-15.477632192970123,null,null,null,-13.484000389433564,null,null,-18.437503284659925,-19.012929202841153,-17.13169854675117,-13.588675307548218,-8.57281470715285,-11.677671829774049,null,null,null,-8.73921994746017,-10.615122926986732,-11.07097287070117,-10.28087552451134,-15.382646903376589,-15.138890719394013,-13.826033804416213,-15.89055629367375,-12.91261239824576,-12.751077220374697,-12.993734023088592,null,null
null,-12.471851244133056,null,-10.147410759991145,-8.622315623492828,-8.331558947126977,-6.234479911658448,-5.0609599990245835,-5.376756072042324,null,-9.006215542372761,-12.506838587059674,-11.575093852571053,-14.227215038613465,-13.85651790288572,-14.962649737726725,-14.76629739256295,-14.657214533512034,null,null,null,-10.428587072248035,null,null,null,-17.850492449350487,-15.169582207306277,-13.362588664788655,-15.41451654030382,-12.508936292742126,-12.806453171370247,null,-14.459946946292401,-13.396829681024911,-13.650893087918599,null,null,-15.239963055134538,null,-17.582548710908075,-16.454012482778516,-13.077555861720475,-12.106810368304693,null,null
-9.159253045738634,-6.012905051544057,-8.435533765537736,-10.653065988031026,-9.86112085636482,-7.1155789647270336,-10.990377774717812,-8.871724368965257,null,null,null,-9.593790485263817,-12.748669943714482,-11.463411167794387,-14.629971650965565,null,-15.407803839107483,-12.68229740839896,-13.887108322023005,null,null,-15.582882678734242,-9.053925353485383,null,-17.777898147926038,-17.636148212620988,-15.828871708981135,-14.461581468102318,-15.042668206811616,-16.908601259329018,-14.779251055619184,-12.559258738622745,-15.033651223088633,-15.173589190563295,-13.837460692797537,-12.486703722055669,-8.03304251150211,-11.67101776394479,null,null,-16.568377324966878,-12.705181582347052,-13.408177588357397,null,null
-8.82235889044422,-8.850422051343914,-9.696849492746582,-9.326878921807483,null,-8.783901259899247,-5.425104102263454,-7.925951484549571,-6.465763056623947,null,null,-10.858719544533631,-8.078716008593165,-11.637494570186687,-10.918290613780371,-12.67310243528262,-13.014964954215204,-14.93462216928423,-8.118789726250872,null,null,-13.523610686372836,-5.494521512582436,null,-16.332804777685205,-17.38297184504466,-15.956858475955478,-15.956350185824922,-16.155582866510258,-17.03367172406329,-16.838360872650167,-16.494767612951655,-15.409684313499625,-15.440414521717416,-14.54218318109054,-14.695789341510418,-13.841022403376925,-12.353280068328512,null,null,-12.030241897295644,null,null,-12.429252125805677,null
-8.714700618783965,-9.488043625434178,-8.948939081263596,-10.840800684673617,-11.629080674466618,-10.646155571805396,-6.453812999410982,-2.6908895791282044,-6.136131380649804,null,null,null,null,null,-15.188908269512378,-10.435368846734413,-14.128922928695207,-15.381131557350951,-13.864667127616709,-14.358094403599214,-11.335200764516301,-13.77529817454994,-12.899946940435088,-10.575415900421143,-17.65948485195058,-18.284271941124018,-19.634462600522,-15.987347254430073,-13.335761868161475,-12.786968948505752,-18.080875337800403,-17.263126067134955,-16.221127489107733,-16.87367740638916,-15.703879063252225,-15.371273494669918,-14.413639331140441,-13.023978962560669,-12.752877519218863,-11.079131928896139,-11.398472504160832,null,null,null,-6.692760808715177
-9.953011758273707,-9.924284122021591,-10.749046161190297,-10.743534689004866,-12.784605179648734,-13.117525817146657,-8.827316199946168,-4.7621547520833944,-1.9230262566771148,-1.007156730035558,-9.02189863039721,null,null,-14.279124050461947,null,-15.859757524999504,null,-13.369444328790708,-15.057296956711124,-13.931006428220247,-15.216421210099343,-15.613073641522085,-16.39851316542218,null,null,null,null,-16.702332023792735,-11.711840587831547,-12.947529479093454,-16.50759870917531,-17.857889032695162,-16.66976741279278,-16.5994271581572,-15.770221728498653,-15.101405828658992,-14.383340767368276,-13.594922330084461,-12.090821569572405,-11.913565569921728,-11.446613272521638,-11.84060593804587,null,null,-3.7466061230927603
-7.777832324809886,-9.996024740842447,-9.058287925838371,-10.695432577916197,-10.966250152290955,-12.847086929326993,-11.938515139172827,-7.904380730986207,-3.523216739905923,-0.314494277568922,null,null,null,null,null,null,-13.16373211842087,null,-15.125318592382913,-15.754681345558886,-15.717550771320404,-16.209359859334047,-14.566317622431484,-12.76357028245528,null,-13.065017294403724,-15.37026671175947,-15.022879956611561,-12.381442938795894,-13.64673231794697,-18.571281800912466,-18.546015245668315,-17.362893413407605,-16.592322213558234,-16.6231015201201,-15.572566385591935,-14.648258500378484,-13.778672585898356,-13.238011195810627,-12.840637924051094,-12.413318795177531,-12.734583157263312,-12.958538181217177,-9.280076166433146,-8.874061836982367
null,null,null,null,null,null,null,null,null,-6.398249173971268,null,null,null,null,null,null,-13.045477937336239,null,null,-15.94354186812322,-16.560962721245076,-16.65631389774081,-15.740571083239605,-16.131511764833633,-14.016066046649485,-12.71451197554879,-14.94192553603842,-14.546921839085208,-12.491633951675919,null,null,-16.914784250525663,-17.18492016964315,-17.207435794126845,-17.4852759063931,-16.05303051705157,-16.187934569107618,-15.079898175321182,-14.12784715898531,-12.86955339156973,-12.685584480402754,-13.153146166638962,-13.444945106463024,-12.48302285208334,-12.411659754459599
