public/json/wind_2018-09-1605_850.json
{"header": { "discipline": 10, "disciplineName": "Oceanographic_products", "center": 0, "centerName": "Ocean Modeling and Observation Laboratory", "refTime": "2018-09-16T05:00:00.000Z", "significanceOfRT": 0, "significanceOfRTName": "Analysis", "parameterCategory": 0, "parameterCategoryName": "Currents", "parameterNumber": 3, "parameterNumberName": "V-component_of_wind", "parameterUnit": "m.s-1", "forecastTime": 0, "surface1Type": 160, "surface1TypeName": "Depth below sea level", "surface1Value": 15, "numberPoints": 4800, "shape": 0, "shapeName": "Earth spherical with radius = 6,367,470 m", "scanMode": 0, "nx": 80, "ny": 60, "lo1": 109.0, "la1": 20.0, "lo2": 116.89999999999955, "la2": 14.520000000000117, "dx": 0.09999999999999432, "dy": -0.10000000000000142 }, "data":
[rows 38 to 56 of 60, columns 0 to 42 of 80]
-17.588383482524755,-16.94407343705921,-19.317220855699517,-18.675903510221815,-17.64128781161861,-17.198707090413013,-16.746876617250194,-16.58434613201625,-16.535211716120916,-17.05072877914991,-17.437940606091274,-17.488192561672747,-20.613925210388157,-19.732040959038063,-17.447913147892336,-20.3191974127856,-19.67070845864728,-21.13248319138391,-23.50887208291399,-19.993491497875702,-18.806245387844506,-21.2535711499188,-23.105477306994608,-21.41808447731009,-20.413374512088776,-20.366373232885152,-20.91508980735771,-20.57400832036633,-19.077699380208443,-19.828107584382753,-19.684608660820967,-19.830437997180073,-19.6345244378798,-20.111338746072935,-23.19732419445645,-22.698207634207257,-24.390735703510707,-25.561588231795387,-19.480610092611343,-22.42744091031104,-20.02976602381283,-18.69920202161478,-20.33354926780835
-16.717772136967337,-17.541676137639993,-18.649116551667134,-18.93286712486327,-17.987755794353514,-16.796743579252194,-16.81873279923756,-16.590700744041687,-16.084976554541424,-16.679956333779078,-15.041688667368375,-12.728273497819249,-16.637587016981616,-18.478731841620924,-20.685346908020467,-20.515751151528825,-19.92584874728364,-19.247210945515437,-22.960032388892504,-18.06552185478205,-20.381858501820922,-18.60021702744583,-20.695987328803774,-19.387445051753794,-20.220470970822547,-18.350265265919713,-16.93761540911456,-19.579268894578973,-18.210587552637456,-15.138980376675711,-16.227351347045538,-20.331602789537868,-19.00494954735053,-19.147666713382534,-19.155758206618003,-24.07208231369094,-24.343167012678546,-22.735486507680704,-19.902206605511363,-20.055954686811294,-19.859196700897954,-17.582708358467194,-21.7068379875215
-15.536306703115137,-15.678995516313892,-17.836256889942266,-19.00934536428341,-18.846800786529535,-17.08144377361142,-16.48628990126964,-16.002067997970784,-16.078636844543855,-16.433831814344934,-16.18342622518247,-15.788138853341525,-16.200154362946186,-21.723550679829035,-19.266839938757965,-18.139996113667078,-18.70251498275472,-18.733511519583747,-20.866124742840313,-23.94750543674197,-20.439125098126194,-19.340671395575953,-19.869586876018495,-20.951884292427255,-21.100431586673455,-22.19135620864082,-25.438749694418895,-22.016902043553458,-18.79773881492384,-18.441937701964832,-18.444632667533224,-17.845697557405998,-17.860759223045044,-19.06072100296687,-21.782219150926654,-23.428575764472896,-21.8744323266584,-20.19071275350084,-17.238870606614565,-17.06380042382363,-17.132881946611867,-16.974416197728832,-15.275615026897711
-16.423064823263744,-15.150448877766225,-15.71583540730733,-18.646143464917,-18.83407445964244,-16.95076832588916,-16.40375418425338,-16.905246694287328,-16.46086050297002,-15.198991226516757,-16.532393711100028,-15.308570395321654,-14.508947047043986,-18.570610409437204,-21.367385826837157,-19.822151347799505,-17.351710308768844,-17.72096825641592,-17.474799917009406,-20.11199827059567,-21.022098126843186,-22.00950608630369,-17.755228885872768,-17.825875986594887,-19.89916630551818,-22.316566650120297,-23.89620323086678,-19.649334038927577,-21.925335815078324,-19.097363909613286,-24.078909145977015,-22.63720602051159,-16.64144129791171,-21.082821098031452,-18.85338702025429,-20.463297586225867,-19.67258171736651,-16.083777129236587,-17.77145987531434,-15.421968315760527,-16.433287727493106,-13.113890766571753,-18.8944680528743
-15.758878966468982,-15.496279507047088,-14.253170603511697,-17.31330948666031,-17.91377580114655,-18.289546183675448,-16.32417576116208,-16.881029652711675,-16.122072267002373,-15.777515325206169,-15.141480208734357,-14.761828770286119,-15.630301017435015,-12.965234263705822,-20.581973089280368,-20.503595640415064,-20.322654774418215,-19.13381451420127,-17.64725104219916,-20.60818405330226,-20.94148204561849,-20.896351471333652,-18.133958020624153,-16.253153342955216,-17.56705755469389,-15.535154801755104,-19.945843202866033,-18.96387538998299,-19.258600830883918,-20.797932285739233,-21.292325772275834,-20.86310524997603,-20.428651979567384,-23.122458607703948,-25.35592402761382,-18.81869985650645,-17.081159251066055,-19.56356390472559,-15.952157177298872,-17.196463645200314,-7.317861990324662,-13.567392132878519,-10.532269452289384
-15.292908681371708,-13.132116735423475,-12.946573383130328,-13.599635346928237,-18.8178696578428,-18.57368316186089,-16.92192125563305,-15.863351577832496,-16.760787348572244,-15.617429139891119,-15.383498071664318,-14.62524082726222,-12.634977576018608,-9.709947197759895,-15.953480668689318,-19.21521944102405,-19.647154244257916,-18.241865945753695,-18.783506606257674,-17.12643876098254,-20.141789914906138,-18.198848732285775,-15.02776802238511,-14.810003611508066,-16.172970969200637,-16.692982016952897,-17.032982961782043,-17.254241856357986,-18.99387141393087,-18.041221462803733,-16.884184349605746,-17.468222416367773,-22.3547265579411,-21.173232139532722,-18.95054113115163,-18.52948820386413,-18.784762443636414,-15.461894831382443,-13.914046058210596,-12.204658666966617,-11.157758537074864,-13.30736657400189,-14.482214827409543
-14.007250722220693,-13.138594658633298,-12.543927585727157,-12.500398474232181,-17.26638959267205,-18.670582953820443,-18.8795232131259,-16.45457591792538,-15.936151217291659,-15.965358820680557,-14.769807026874192,-14.393916717148917,-16.0241170485927,-12.736812885703921,-13.982580629893624,-16.902878826009967,-16.132832470015607,-17.27449489121097,-14.45739398526619,-13.061280024457517,-16.949599458727786,-15.854240033756662,-16.22434403509824,-16.43906841427239,-14.631588005440303,-15.921457034685677,-18.40157582505882,-19.23672987910417,-17.305002162911823,-17.16444981761973,-18.826246956811048,-18.515637004960524,-18.233185153963888,-15.23897918396979,-16.38216138194018,-15.658249150771498,-14.602129292371366,-15.357240271692543,-14.722495849930185,-14.851875720157192,-18.78486609012127,-18.82219672634571,-21.650871340461276
-15.023067584983124,-14.65723166527424,-13.422021928957488,-12.157013002384652,-14.142991790981206,-18.0567696275166,-18.735418715564506,-19.16718942805239,-16.708268872433024,-16.252058222255684,-15.827696623112928,-16.59131505101195,-15.903739953470676,-14.251153013278078,-11.556716184986936,-16.1517981134393,-16.324966795161746,-16.608388788116073,-17.011019304729775,-15.500671202097907,-17.94418293495243,-18.89849640791328,-20.08812616743218,-18.958624613600676,-19.59124258638453,-19.597220018184927,-19.35657678521256,-18.149776678307468,-17.991353335303792,-14.204915234396488,-17.453052184800555,-16.438573291756402,-18.68552568890112,-19.423928609214187,-15.569665424729747,-13.314565472300316,-15.384087030800547,-13.426899866085733,-15.479947917710309,-14.635174175874763,-18.094555308332424,-19.205866730407706,-18.51686218708174
-15.140767032076363,-15.497883617752578,-14.035237019912545,-12.975017120353124,-11.943688653450495,-18.05921689845827,-18.6186965461173,-19.28688782209931,-17.68745776179289,-17.504736975535266,-18.911683001907182,-19.14162790480144,-16.714540424419617,-16.698775121624877,-14.004061612479276,-10.773375994733641,-16.499782833023083,-15.855372925215276,-15.555533348734036,-15.10931013626164,-18.510938583159106,-19.140540891454734,-21.296100263623863,-20.850802546191765,-16.5476874127121,-13.608870076690481,null,-17.93620204639758,-14.103046868728663,-16.131922181814836,-17.587436805591757,-18.44695650956699,-16.123119503201103,-18.72182265254018,-18.941806005113236,-18.56265820513846,-15.285484817936592,-12.582439510657355,-17.078428026340937,null,-19.149134710781965,-17.072605379315146,-17.49170120758018
-16.0654815635692,-15.336874699022662,-14.502152984793417,-13.94688872776806,-12.81801314391547,-14.653074041711355,-17.040465190274833,-18.15054186690801,-19.921594412872206,-16.95994086144278,-17.343852765790057,-17.688678661206907,-17.805179901665955,-16.250103603204472,-11.54653326494928,-12.027372547639363,-13.108306585049386,-14.882189967422175,-15.459660306681094,-15.193812178670715,-19.445684063286485,-19.530018118826657,-18.785509903849523,-19.720187101170133,-17.298525583689347,-15.197840252993519,-16.19172254441,-14.787994484711845,-15.786979408549158,-15.200201395276881,-17.938510591827427,-18.087847080719666,-19.14173080956176,-17.437676430362806,-17.207274343392434,-18.091997914549488,-15.06294670286493,-16.997043239775643,-17.017346587286234,-14.837947914145762,-17.793250706472836,-18.487141862729807,-9.67099260666903
-15.037345576727112,-14.379273719881809,-14.998368947996727,-14.095617116974344,-14.08179884351575,-12.261672253072208,-17.30606251489611,-16.76838791538731,-17.56418201597341,-19.42132303395912,-15.325455780950245,-18.45755838607455,-17.172591295140194,-16.437508707902676,-12.562299302562675,-12.617951867742608,-13.455600299618848,-17.655945192367685,-14.923644170189721,-18.140361478378026,-15.709852136849275,-17.151420425416312,-16.094988837990986,-17.773900964467586,-17.092470904579237,-15.585626366817309,-13.655094615825647,-13.772395411562439,-13.280033126021536,-15.191405307063313,-13.323459778814351,-18.173103611339414,-16.126621799189785,-15.279597950450691,-13.559930110031903,-14.46254897671687,-14.983569587007578,-13.774323967398292,-16.940052864454664,-17.26387823585216,null,-14.648332922215602,-12.583213524554727
-14.010201459467865,-13.67472370016791,-15.587957694157609,-15.162373305848991,-15.476035358401827,-14.122322950052897,-13.547428076128472,-16.033732319293154,-17.677715854856743,-16.29840031842945,-15.833808216742531,-14.799639782179351,-17.131300756775538,-16.924000425564618,-15.70773110279804,-13.566511025190422,-16.28120413029715,-14.096937599341995,-14.59202993415953,-11.22873198453639,-12.432277835193432,-12.595809869692653,-14.159309161523009,-17.102629571690155,-18.12011488387199,-16.926966354713578,-16.58663625383722,-14.258233004888845,-12.100437012188717,-14.986850327832398,-18.871495580423584,-15.25556121198568,-13.828982518820979,-12.468072415518845,-12.273840177436314,-13.157732488832211,-14.64173906892564,-16.23677375226955,-13.509527776420942,-13.595314443846812,-10.796149556332047,-12.057864361632284,-10.935271681779637
-12.580378543891579,-17.908521302787484,-14.871191461993455,-15.438939798182439,-14.417650932617704,-13.755730444050151,-12.272045097881584,-15.676152177262239,-13.073759240082186,-14.0318095468125,-17.29786764841569,-13.371714282991476,-16.016680217329412,-17.673141662639054,-16.86850387081422,-16.450147983888154,-13.048120200891155,-16.47320719273714,-17.0190043188057,-13.293076646267746,-9.191515841230101,-16.640231800933865,-16.801178301908546,-16.634731874464237,-17.7405385479413,-18.254951029939658,-15.90718310362954,-10.47031214253387,-13.658004412852955,-15.958358289924245,-18.412226473481866,-18.252210045394186,-17.556762200794655,-17.259161328790164,-15.45094390441468,-16.389588884890973,-15.51746659433858,-14.20836774459368,-13.709188641405389,-11.79031929211903,-9.933479377230555,-10.00450224045286,-11.09760732748857
-15.225334065932518,-13.304673302935559,-15.00059278001367,-15.482452522216386,-14.668791034877312,-14.33856478846673,-13.403333057031972,-10.385132544113436,-13.22534738456089,-12.330908490095277,-14.53952692507541,-15.406661988798335,-14.580984649615552,-18.04891572052992,-15.559790325822108,-16.408330074223546,-13.9334834968653,-11.028615613213674,-14.535426347256001,-14.585718566767474,-11.853753097013987,-14.032550808055923,-15.925262769008782,-14.762086939802996,-14.055380991959638,-16.257591463242697,-14.944646755657883,-16.593781112304224,-14.899987493862302,-14.99128154819123,null,-17.299080432813888,-17.12393807350597,-17.97288566126785,-14.475167812657638,-13.736441343021992,-11.553712300398036,-11.693435319459079,-11.765733462201977,-12.206286456437754,-9.621733154462982,-8.040385595030854,-5.2630680923396165
-17.29317711963669,-15.523681928672017,-16.425034900881684,-16.835104490439885,-14.935145718458486,-13.711574921109364,-13.411282458047266,-11.04686081747493,-12.56909518571849,-11.993023950603206,-11.846547494563838,-15.37427652496459,-13.164519159022522,-15.197997538806286,-17.75597267809536,-15.132395689116791,-18.50351548224018,-18.012491330925645,-16.83011221566739,-18.523098351900508,-14.973050769758217,-15.796055809613772,-14.081971481028825,-14.172699793385146,-13.269702050587876,-12.462565365641801,-16.05655016007651,-13.395368925908164,-13.383039898279893,-12.4533906808824,-10.547432043798738,-13.337993359159352,-14.588215231185352,-15.306713690925232,-12.726197919504573,-6.570281315857425,-8.511017121106818,-10.409692478952836,-9.203328555743008,-8.888707503763614,-10.662279615121719,-6.7264896578299345,-3.023318356660602
-19.821217251768623,-18.698610306938157,-18.85391652414078,-16.38318568684762,-16.020899154542644,-13.472072729089431,-13.556471407616835,-14.916632158987783,-10.998979304151273,-12.527335670281055,-12.817603978381676,-12.110221660093812,-15.402920849293507,-11.567083640482938,-17.962730333022822,-17.44118299530804,-16.04259199598806,-18.355103327486795,-16.19641381136873,-14.850132503108085,-17.712609123865096,-15.25915427312707,-13.893369232197914,-15.372965276797807,-15.731523743266676,-11.186306724496962,-12.766893968869478,-13.324434553303613,-12.458964580340231,-11.87605990036991,-13.235749434846793,-10.835094384186988,-12.075556081953454,-12.59836419441755,-13.334056434405277,-12.845762033585785,-14.358210775503839,-11.827328076502946,-7.862794684897622,-8.387256548948823,-10.031087702853114,-8.214706985176175,-4.877969894057027
-13.182347029356,-14.243693480547773,-11.575934002081434,-14.89902997338256,-14.526108843825792,-15.198876685947164,-14.30171108267317,-14.967035243096435,-15.956617301989944,-16.067270649735647,-13.705123452539272,-13.425544976859946,-14.256078086657386,-13.149038477689393,-13.575354956523578,-19.53307554947262,-18.561430042789272,-15.542285529784287,-17.169043295903503,-15.508622245447425,-17.78587014691787,-16.290922910110485,-14.160984084047044,null,-12.925361295990879,-10.590909196675694,-8.418424051169726,-13.503668992280462,-12.137908411840145,-11.034864826746517,-11.88503692910699,-10.25072309183393,-10.826625304990923,-11.537851809721335,-12.957901303345487,-11.095957678991056,-12.262157402060616,-12.936206196410868,-13.451883265594414,-12.363351141428488,-9.951407990289887,-8.899645247346658,-8.700316179540735
-10.902147185228584,-12.730842803072347,-12.058622239192708,-15.726909270937924,-16.0235491184742,-14.998339552720935,-13.93120502451226,-12.975930557375712,-15.447389254245543,-10.82542897794573,-12.614293322013692,-12.317967497373555,-10.184465374664393,-15.811690542097123,-12.060033772071098,-11.369198879038803,-15.947026758076138,-15.122891851015,-16.12620923850771,-15.934332016225305,-14.141430159847374,-14.547263794913501,-12.244194017778284,-12.093141543941208,-10.177443738633885,-8.242867758692425,-9.827428727185683,-9.083669721943991,-12.334927918130992,-11.274268188164536,-11.89821160260464,-11.215714021068905,-12.171185194587103,-12.773362220118763,-11.723129548252173,-10.616556148570728,-10.973268845693282,-11.18973547872087,-11.609611840696369,-9.029366955866795,-9.954921907907048,-9.210675681168857,-6.2868670592910565
-11.20077153778535,-11.569194483382566,-12.443212851131154,-12.193087560371602,-13.44458238770724,-14.73984411238094,-13.301358437067094,-11.75400525230193,-10.204606415378082,-12.488757676502546,-12.511122471538187,-10.644967648703293,-16.23024998980695,-11.028693631963693,-14.20957984287467,-11.587220925065004,-14.406695942437622,-16.97231079113788,-13.369933916272641,-14.45912841039916,-11.858365312218243,-12.88880259044642,-4.643292492991196,-11.603283587101132,-13.337415831505457,-9.077834724298603,-12.307441186911518,-12.152262649843488,-12.654513955506642,-12.809500384756213,-11.989474717021993,-11.05483689080147,-12.047626631461167,-10.637525192034028,-10.513145134179505,-10.704890151818383,-10.144185497388555,-9.046135520092424,-7.919425183247787,-8.582921597164765,-7.984086765011893,-8.632384116712688,-6.8091327690249255
