public/json/wind_2018-09-1605_850.json
{"header": { "discipline": 10, "disciplineName": "Oceanographic_products", "center": 0, "centerName": "Ocean Modeling and Observation Laboratory", "refTime": "2018-09-16T05:00:00.000Z", "significanceOfRT": 0, "significanceOfRTName": "Analysis", "parameterCategory": 0, "parameterCategoryName": "Currents", "parameterNumber": 3, "parameterNumberName": "V-component_of_wind", "parameterUnit": "m.s-1", "forecastTime": 0, "surface1Type": 160, "surface1TypeName": "Depth below sea level", "surface1Value": 15, "numberPoints": 4800, "shape": 0, "shapeName": "Earth spherical with radius = 6,367,470 m", "scanMode": 0, "nx": 80, "ny": 60, "lo1": 109.0, "la1": 20.0, "lo2": 116.89999999999955, "la2": 14.520000000000117, "dx": 0.09999999999999432, "dy": -0.10000000000000142 }, "data":
[rows 0 to 18 of 60, columns 0 to 42 of 80]
null,null,null,null,null,null,null,null,null,null,null,null,null,null,null,null,null,null,null,null,null,null,null,null,null,null,null,null,null,null,null,null,null,null,null,null,null,null,null,null,null,null,null
null,null,null,null,null,null,null,null,null,null,null,null,null,null,null,null,null,null,null,null,null,null,null,null,null,null,null,null,null,null,null,null,null,null,null,null,null,null,null,null,null,null,null
-10.822177698802323,-10.203785354667787,-11.578397778371182,-13.162827558496863,-12.802477267089852,-12.681741027771084,-13.164064283471179,-13.945144143864905,-14.365927625117711,-14.94377368014425,-15.955172694645729,-15.77534685914404,-15.562039641636632,-16.336066817309458,-17.14520132216078,-16.154011996107457,-17.02140967519579,-18.75962637766429,-19.78486184873175,-21.310060227952494,-21.462611718189216,-21.98238636367876,-22.517831664995697,-23.080531744920272,-23.44042579281535,-24.221002837314813,-24.620025403233306,-25.102355055116604,-26.112017828732835,-26.449932131253025,-26.56095977052961,-26.14710156670899,-25.299217288138735,-24.336727181105964,-24.344792108811117,-22.090635394350294,-20.22957371782148,-17.780742125644693,-15.858632805724485,-12.905436988204158,-12.612644589291715,-11.037648341918487,-10.366256745637271
-10.921520757854047,-12.29406698450222,-12.65076048168391,-12.421298848824469,-14.139374849651789,-14.361322840167187,-14.14053135197177,-14.43430960067822,-15.01684570180712,-15.668203886367237,-15.347752974161684,-16.007062216224384,-16.555752777638773,-16.92842829467896,-16.755181426217455,-16.38369897964216,-16.492731808384864,-17.99867688980022,-20.049776207006488,-21.806427044446615,-23.255296241556668,-23.658810600145436,-23.49473189265227,-23.260833231930736,-24.177192118379384,-24.846178882697135,-26.08127762888963,-27.21659575349988,-27.8497327052527,-28.245712050383286,-27.133330390126623,-28.114961520222984,-26.717141239001762,-23.64494891028381,-23.31978444336364,-21.806622349817086,-21.03654252661797,-14.677118655046064,-15.88994446394507,-10.522659382813305,-15.739613048486122,-9.75875951897245,-10.223001243221596
-11.245853958206546,-12.877480338047024,-13.988077470259421,-14.182780223115966,-14.708815739941835,-14.82631588529637,-14.989495906406844,-15.164055723895178,-15.275157069696975,-15.309488505800232,-15.879986165057225,-16.471058201808464,-17.012098902808848,-17.448723860381843,-17.074964086376497,-16.553255917836154,-18.170611875720393,-19.800397772603475,-21.74995886737904,-22.40446638542192,-22.978648221529795,-22.958000858064004,-23.27865122547908,-24.565639980779064,-25.71037626757345,-27.414294572642614,-28.30867426648779,-28.99973032241127,-29.229158505497107,-29.308045224910995,-29.139991716045518,-25.83471575443517,-23.09997594971339,-29.014256259768274,-22.512374927906567,-22.865084390032404,-20.819914457851887,-21.90190490574274,-20.383487086210106,-21.745438609072963,-21.020442233875404,-12.507382994862663,-17.529981918445948
-12.415740040905115,-13.08574204636735,-14.479568730929902,-15.3395046190741,-15.081725893514221,-15.281874620762135,-15.119408889538063,-15.467680871544566,-15.61612076233498,-16.002860130757988,-16.40905977776383,-16.774656545668257,-17.0600232200199,-17.546223328224585,-17.86235467397946,-18.414004632715955,-20.640114544134917,-22.39008455454692,-23.21043941860604,-23.550288843490797,-23.821027721925635,-23.71908034752833,-23.135502427292135,-24.30955204325268,-25.932772146708036,-28.044396276997578,-29.444477978972458,-30.00579621881984,-30.274329512016987,-28.867150646151064,-30.18049022121593,-28.715294749432616,-25.358776130519615,-28.36616942535922,-23.183259140264507,-22.92281890151908,-20.54685256006114,-25.478198174754134,-27.62187391777946,-26.899268411660415,-25.120309328447178,-15.528774372084309,-16.029189220481538
-12.592563184299772,-13.973164037389381,-15.496572542297233,-15.23736202936609,-15.46500083550576,-15.261699031883325,-15.542135385418321,-15.713808717914784,-15.771133814626412,-15.535632310819958,-15.741323466372476,-16.834347533591764,-17.93408458336861,-18.958760349320684,-18.96294953484997,-20.193351910755286,-22.248200314358375,-23.880622603009694,-24.7724002185524,-24.453755352649303,-24.787371284054302,-24.392012643292286,-25.8812311135179,-26.31301185498136,-27.731932416333905,-28.99246805019605,-30.1210821302381,-31.40353829593104,-31.092576879818967,-29.101543229953865,-30.865044311386512,-29.026673196258326,-26.4673678576264,-24.290683274090917,-26.95870895145952,-33.323869567432006,-30.532395114617607,-30.35430193756114,-28.27043469593911,-26.943410827478857,-28.483819191635714,-30.939514012050374,-29.721154951408835
-13.402941897002886,-14.41585806125315,-15.525353970613416,-16.014548445006103,-15.254525576011634,-14.958955427933853,-15.210432406813807,-15.746130730067682,-16.187492453081315,-16.13663730459079,-16.95221710707031,-17.39432097530616,-18.484464022222646,-18.361100230010543,-19.598214464924318,-22.217111135322693,-24.220778751026177,-25.318166754034102,-25.212094212420375,-25.197831975187718,-25.950934994349733,-27.22900724595239,-27.8266214354509,-28.996192677464755,-30.5028902581062,-31.218818859773386,-31.761050308354505,-31.946502510595305,-31.808588900867356,-32.2285977255548,-31.469245956592676,-32.66513267158876,-27.04723557004352,-33.384836225777285,-32.189163936094246,-34.19439117867653,-29.836226654472224,-29.69315738043479,-30.78343677890177,-35.26105942101284,-31.454156812794547,-30.711843046978125,-30.3006199540335
-14.492901711877174,-15.262819136241632,-15.755452917874877,-15.288400351435811,-15.08709364657275,-14.524541934415337,-15.456696366021843,-17.187052358975997,-17.510408456300322,-17.5992532193201,-17.913674301818777,-18.324951853124166,-18.766277969949318,-20.00777729258825,-21.175412128645718,-23.922944654887317,-25.31157703694451,-26.030590774644565,-26.46236273011411,-27.25179042731439,-28.155609996839324,-29.57384472375513,-29.906671293117178,-31.15567098370367,-31.713869965066227,-33.01120812579912,-33.8609932285935,-33.40259669358072,-32.810938645760174,-33.67276387556672,-32.952016788732614,-29.933396277841943,-36.12568412192159,-36.217902377736635,-34.308512388719784,-34.68776388888441,-33.40223635582482,-36.72079206823365,-36.072233777723085,-35.19132828675412,-30.516830662934993,-30.240107594968865,-35.63698865532282
-15.021918004508363,-15.450410796870871,-15.655456600862594,-15.161399939952386,-14.521241003322338,-14.24542592707574,-15.850906265061004,-18.990639405801605,-19.225783695071613,-18.798189394190384,-19.174736075286624,-19.761328654914987,-20.277416985221077,-21.47448375920167,-22.989114584989508,-24.060646691682567,-26.20813850802037,-26.964676876840745,-27.92749633341395,-28.749915380376954,-29.662203911975105,-30.65995936862914,-31.365844849528347,-32.397106435444826,-33.754131468304124,-34.98661922643694,-35.62180295194998,-35.212222499841346,-33.703618827149825,-32.57300045194214,-35.66668986696444,-36.799574780495426,-38.76528516832182,-38.668932572945316,-38.26549084544102,-35.15545450757217,-36.65589275203378,-34.96444787806774,-33.69716149212258,-29.10741449419709,-28.68540730918578,-36.94085984971866,-35.31918010534638
-15.230919159008405,-15.803495876742872,-15.616502297805972,-15.118110927120583,-14.62109475906482,-14.692284679289736,-16.09096163496549,-19.42179415008217,-19.83011423910624,-19.855251080400507,-19.78512109238568,-20.438948282007274,-21.345160723905973,-22.794029007420797,-23.787070812267746,-24.662946525138416,-26.894402251798525,-27.833919422580898,-28.26378604652292,-29.225430758101297,-29.79212327844407,-30.789683667157842,-32.0430156243136,-33.736518505686526,-35.54146817437685,-36.28985633160884,-37.20091845795909,-36.970437502747195,-36.69746205564767,-37.01500315981243,-38.22806624338639,-38.78590277070229,-39.2420288432685,-38.992285577278494,-40.29853761925287,-40.78606569366223,-39.960128679121816,-36.70064900198564,-34.103704903139956,-32.16520318337375,-37.00287667740172,-37.62502156452951,-32.12924848922576
-16.11358867508622,-16.214549723947588,-16.215077175866604,-15.813048759972725,-15.506879089711008,-15.273413825060954,-16.17114470419362,-18.92573340009205,-20.16198564360683,-20.354913085839726,-20.2200637511289,-21.57831699943612,-22.14375819724561,-23.57646104966145,-24.817439640678092,-26.10893074941944,-27.141201317713083,-27.773289522712624,-28.571956378521108,-28.89557289671507,-30.615999093520248,-31.903435814346796,-33.84253451362815,-35.02425252220246,-36.644274774019124,-38.244167480986405,-38.90962025741821,-37.772867511077415,-37.45363511421319,-39.15209503459947,-39.17849266548331,-40.30317607110268,-40.38119759199463,-39.72425943463405,-41.186296345285555,-42.59088254142715,-39.74472540755073,-40.111127972727544,-41.01187008528256,-43.45924641233903,-39.35819911203103,-38.26490009438448,-32.04847354555844
-16.557578528872142,-17.043500527870698,-16.975633739249417,-16.5588070959296,-16.605911790642153,-15.420517304611218,-16.436686985960623,-19.371035317968072,-19.913767930087964,-19.77166145300645,-20.92769809964323,-22.116300699900986,-23.3989960337385,-24.401049383383228,-25.483066259549098,-26.323808039333386,-27.359997438541402,-28.55264801841951,-28.469845904373013,-29.530360733199302,-31.774612750152457,-33.39154327257613,-35.09728032542766,-35.863033604831074,-37.79500272413831,-39.28585439271529,-38.98464975265479,-38.584872551167265,-38.22411463781167,-39.092468704726635,-40.78038119316285,-42.30792771937936,-40.97104163739602,-41.47662061876168,-44.48426520152458,-41.90288156695754,-43.37481997930167,-48.36285787662516,-40.9764363522525,-48.665840557664325,-44.54352972066456,-36.72172176654157,-25.01619781272911
-17.18493704353935,-17.260215201277614,-17.027377339523376,-16.886853302007054,-16.611218070166505,-15.346398104141286,-17.514457645243276,-19.88352993665329,-19.737848896616946,-20.689175634109976,-22.051023575793856,-22.81258210853892,-23.40925072578064,-24.959892578654305,-25.67916315666847,-26.388007745236095,-27.408300547865135,-28.702934322514654,-30.133535848682794,-31.558842975222866,-33.033527280365206,-34.22238594253145,-34.63184413251191,-34.78935086257223,-38.30931965740753,-39.42037606254199,-39.09056311314478,-39.21953680737946,-38.62692639956955,-40.490340456943464,-41.42103998697509,-43.2596394449233,-42.22728971224057,-43.54105099124155,-45.88100677295189,-47.49473599483858,-49.361381854128595,-50.98864366451016,-50.083948598097045,-47.06362447225195,-40.40847524602098,-31.748165640381785,-22.23663298102079
-17.28222328686782,-17.27060027517895,-16.95025659781314,-16.663507462599533,-16.74821765507084,-16.32006686047133,-19.065663563287128,-20.03734037315482,-20.401676059682337,-21.992282075959505,-22.351307942632005,-22.603159892335707,-24.051343073473976,-25.4435363013573,-25.834295483739385,-26.48158316714161,-27.40102062561219,-29.22030203466584,-30.713397722832084,-31.497485974115207,-33.950820756053496,-35.965126381167906,-36.033140123657326,-36.16358425845339,-38.73570277400684,-39.67970989612623,-39.467934510183525,-39.24821793884554,-40.36375441164935,-40.833857108450445,-42.477451295583464,-43.843649195166805,-44.1952950997903,-44.58887218016109,-46.010236904925804,-48.2943919613859,-50.5455791908133,-50.59785404519204,-48.37606164304758,-46.91512962123532,-37.438209581755665,-35.15781432315988,-20.111664065699145
-17.393482686824118,-16.901008921548275,-16.831028157399047,-16.34556687295257,-16.428952358413863,-17.57887736031138,-19.486142767292932,-19.916047129873533,-20.980395976660883,-22.124211304203218,-22.900836016117058,-23.49522117140725,-24.30853266913914,-25.45511129531243,-25.923532006009975,-26.78021443994065,-27.794807655126377,-29.259310157302373,-31.09533291413798,-33.12547723658646,-33.84154470863555,-34.81364108187098,-34.92291840507241,-35.72151626155527,-37.76359536720549,-39.45097270143431,-40.2724555098758,-40.74752889229361,-41.44248652531368,-41.964238419883074,-42.754131239226005,-44.31557350589033,-44.999919998534,-46.11086956456009,-46.9014466680424,-49.4070677064434,-48.69917973751414,-50.33718034875378,-44.891216896330405,-45.0982585697751,-41.56373284446909,-30.922737716252318,-26.133929439976406
-17.595763408853628,-16.92361711695472,-16.668299798048857,-16.459148323634746,-16.45034630261829,-17.74224358828235,-19.287753907306396,-20.154076359002783,-21.432421537218442,-22.69407090329178,-23.27463274331526,-23.73478687907988,-24.61404945341577,-25.0719913406965,-26.039950807229573,-27.071876683897475,-28.178649863453543,-29.173027530597544,-31.085036126633653,-31.752332508803747,-33.8705606491948,-35.10138864803678,-35.56306545256861,-35.29578389759822,-37.40609304888519,-37.709316275558585,-39.61589449127594,-41.065306362602556,-41.67283444140763,-41.888946525783695,-43.2866091649629,-44.61488530851277,-45.10048135990144,-46.796379179059855,-47.307667063218,-46.549922778081935,-49.99102197311579,-49.053706451751715,-44.79492541353695,-43.801271836993976,-40.88907368149128,-38.91470264408417,-22.843530332993534
-18.443832795638496,-17.39584415580059,-16.519670170697523,-16.326774039963663,-16.80668079919225,-18.220415978503958,-19.563654559287677,-20.744872845394074,-21.972689024734173,-22.873236221605517,-23.131421863702297,-24.094745150649086,-24.845487125701105,-25.448618922260227,-26.05377441996225,-27.114549681684053,-28.140029519440027,-28.71732396156881,-30.804556933669872,-33.29580136032168,-33.208564640599675,-34.90672906437488,-35.06877518623459,-36.768709849763546,-39.24897407493486,-40.699655597597456,-41.572985132640184,-41.95166650359866,-41.800738160791745,-42.342156582525234,-43.42172575215392,-42.733176681245254,-44.63905765819867,-45.050171555633284,-44.3736377490052,-47.54318914853747,-50.54999926972721,-49.39159222365203,-44.87207463812679,-43.46936414760405,-44.76554794336037,-41.49481871474192,-29.395301673796467
-18.33129662690108,-17.601839995959015,-16.718447107071395,-16.719307269663027,-17.774121857232203,-18.526127612931756,-19.822798371567256,-21.607804797086807,-22.87614908463623,-23.220179082175733,-23.200867435036272,-23.94185896550306,-24.809305288602452,-26.063365635278963,-26.524913755423675,-27.333193255482513,-28.293335812996247,-29.02069952758594,-30.092756385825233,-32.42207854786988,-33.00797487399045,-34.87582216194304,-35.78851561599306,-36.50877994514598,-33.98566479080061,-38.69176937938303,-41.67314455239264,-42.46698168341784,-41.39069085255663,-42.46445779676633,-41.39171572684359,-41.56399590904465,-44.29575444745326,-42.96487135286807,-44.74673479966434,-48.560943183069696,-49.19523750808639,-47.03607054400118,-47.20432866209077,-45.8944341947243,-43.689164640372255,-40.30893286913618,-35.05828321110979
