public/json/wind_2018-09-1517_925.json
{"header": { "discipline": 10, "disciplineName": "Oceanographic_products", "center": 0, "centerName": "Ocean Modeling and Observation Laboratory", "refTime": "2018-09-15T17:00:00.000Z", "significanceOfRT": 0, "significanceOfRTName": "Analysis", "parameterCategory": 0, "parameterCategoryName": "Currents", "parameterNumber": 2, "parameterNumberName": "U-component_of_wind", "parameterUnit": "m.s-1", "forecastTime": 0, "surface1Type": 160, "surface1TypeName": "Depth below sea level", "surface1Value": 15, "numberPoints": 4800, "shape": 0, "shapeName": "Earth spherical with radius = 6,367,470 m", "scanMode": 0, "nx": 80, "ny": 60, "lo1": 109.0, "la1": 20.0, "lo2": 116.89999999999955, "la2": 14.520000000000117, "dx": 0.09999999999999432, "dy": -0.10000000000000142 }, "data":
[rows 40 to 59 of 60, columns 0 to 44 of 80]
-16.148960332219247,-16.2066041717116,-14.914776689288205,-15.418994209467849,-14.023009980881474,-13.594845209867,-11.382798414599336,-8.862723590485635,-6.148053026765142,-12.015989552994284,-9.71755978338063,null,null,null,-6.639606635351057,-7.618321177846601,-6.617167716358252,-6.312610796888533,-10.258960456246468,null,-8.184151227955173,-10.343734937577244,-6.32515740399303,null,-1.5585638033774376,-5.820317892792653,null,-7.359530994345052,-5.106549143754617,-7.782263482801481,-8.798650365975664,-11.94825076668277,-11.165016400754281,-11.28654512611739,-12.216043321689948,-5.900233776032158,-2.1120495190507054,-6.9274327844513435,-10.197469339379793,-11.496481364509357,-13.295013485510482,-13.31238963555199,-13.646059674621066,-13.02150099279281,-9.406136976149124
-15.65881701052,-15.124793974604437,-16.95204858299079,-16.003096787296855,-15.442814413059848,-15.115007504310308,-13.538912695934565,-11.501717611476382,-8.247237040564086,-7.568115941062057,-11.296673656396372,null,null,null,-3.183554712205111,-3.496362556216896,-9.846613131695658,-6.369461368080003,-5.778258198813891,-10.073945549037024,-9.021436015512542,null,-7.619890761892126,-5.887023320531531,null,null,-5.3615082133547585,-6.634308180889951,-5.464596440842977,null,null,-6.440505714704969,-10.204318234555178,null,-12.09635545621455,-5.826214309411324,-0.8656821225750797,-6.617244798792811,-10.195829454902714,-11.951548261432224,-7.914927366131064,-13.010893254876096,-14.6718570225492,-10.904902289711778,-9.22998180040407
-15.99633945298146,-15.132989287426096,-15.957509821910449,-16.281199532382615,-15.978930704113482,-16.809218112970964,-14.91621188866,-13.591108811847931,-12.531263552767204,-9.877394316428495,-9.843198957555579,-13.188478033655358,null,null,-4.14823531573155,-5.306957485167954,-3.6086776963397007,-6.032725823215766,-2.1098388080233503,null,-11.32369552474377,-8.558983820916886,-7.885459703959597,-6.951796280734233,-5.676965811970614,-4.3543861989871155,-5.601613616611873,-7.986703815268067,-5.903898447230517,null,null,null,-12.193760677437734,null,null,-2.400106276217543,-6.737358259363071,-1.1711851906861708,-8.934097498836556,-8.391114926785297,-7.8567398516565214,-8.752110880213081,-15.28675062382133,-13.391733134629119,-14.151540227277577
-15.411635930913326,-14.925467157001616,-16.446553005661713,-16.379182186844282,-16.82538154599384,-16.974433580550112,-16.57989399496081,-15.225914210695388,-13.628969082198793,-12.992702413703936,-11.614207502588155,-11.70447343699504,-9.071214109750485,-5.992450207398386,-6.362426803528389,-5.8854177470424265,null,-3.726730258527833,null,-4.125591235531795,-8.844111015684122,-10.37784890451856,-9.657162831465337,-7.915693865591011,-6.057762334241607,-6.589938228321865,-8.17851060577543,-10.433945037916509,-6.771298490521332,-4.805928648700783,-5.868043468894285,-7.911275801382675,null,null,null,1.0825545185639014,-3.693924835662828,-9.143383723091077,-3.0024865198534028,-9.11415569347031,-12.90087547157723,-14.836483541146634,-16.076924540917855,-12.450552956002493,-15.90174529322007
-16.239773470213542,-16.05649542649821,-15.866043816602712,-16.310795752063544,-17.068300911670455,-17.246266004455908,-17.27692768631318,-16.80039829707996,-15.187485228054477,-14.23335489555686,-14.494387024444807,-13.665370454494829,-6.557597979786266,-4.517405043320995,-5.755697955411771,-9.938796914091487,-5.416809323691195,-2.2011432434358222,-6.157795004400075,-2.394716203680675,-6.472101123243477,-11.870903235069386,-12.06424727468135,-9.440592687115439,-8.869563988555402,-6.932195457481757,-9.757003501397065,null,-6.415320425257457,-6.480093926859469,null,null,null,-5.231013068244181,-4.1387539852923485,-2.067617816994762,-5.954723338788469,-3.9192020088168165,0.4035794534732946,-14.363531059341382,-8.343691072068358,-14.337000000461403,null,null,null
-14.802987787686776,-14.818671298655687,-14.89622742990542,-15.864806792871892,-16.54744058914976,-17.383737687350155,-16.715549007504436,-17.677761864331476,-15.885419696819067,-15.666623956569621,-13.269828406814511,-14.698791777225292,-4.531716537516849,-6.521725051891719,-4.373844625806114,-7.703798866866849,-9.961764096075157,-6.106529299899739,0.20207719952807832,-9.065918838981691,null,-9.552423005416616,-12.11291120256498,-10.009475942305084,-9.693885666683641,null,null,null,-4.036416960551165,-9.885597919697885,-6.787728919411305,-9.981634865951259,null,-1.4666264588638653,-5.411615150378092,-3.980590748209755,-6.205581989822185,-6.107939770801618,null,-10.860614539336169,-12.144516644955203,null,-11.483012992691311,-7.258508505956541,-3.1938551764790546
-10.061235869799741,-12.983098308683735,-12.815453228528428,-14.64118313696417,-16.65563539812373,-15.740697578261235,-18.082433900111653,-16.609993043064684,-16.63973258354673,-16.104186880183622,-15.10951613094997,-5.492381266197818,-10.036589336649204,-6.2167187515704985,-3.8652889377932,-2.9813599800378974,-9.997744013528632,-9.997495473059429,-3.936457932217027,-3.0155057240684267,null,null,null,-7.949966492459627,-7.3311409081339525,null,null,null,-6.99545761297138,-10.190646561765252,-10.570475748033878,null,-9.953424022742931,-5.82413673850306,-3.2429496589578752,-5.1465408363000344,-0.6188787829914504,-7.463814440728216,null,null,null,-7.95096580344247,null,-9.929440665272724,-11.115582833470745
-8.95387701322673,-4.414294209853769,-9.005363217790645,-13.126459870133054,-13.441432032805896,-16.327748409854934,-13.517831809183539,-14.390344694206721,-17.058808376010067,-15.466412477135062,-15.803054760593781,-11.445733840760667,-11.155908101832308,-6.636943892650849,-5.885644794295233,-4.626941087435794,-4.9333584867826525,-10.589687128525316,-10.645739525273388,-3.945028041890562,null,null,null,-8.332425522465925,-8.380078576130558,-7.614718156661265,null,1.42903724580282,null,-7.056266621129981,-6.128378497511751,null,null,-6.592488170909936,-4.696478393759045,-5.407238262366632,-2.59255728106823,null,null,null,null,null,-2.197044227668994,-12.105526002942721,-11.681332985912428
-7.8104546949619555,-8.057389406830985,-3.9251486755256746,-6.164920285191552,-13.24242932254547,-12.364366627108666,-12.336411303110408,-13.943687347775896,-17.305185945861236,-14.18444955917607,-12.853395482897044,-13.564989809188358,null,-9.849117327553675,-7.96550168973745,-7.8281275135716,-1.9456270730961598,-11.726058916151867,-8.790574546083185,-16.585485809968574,null,null,null,-8.492973566881194,-8.257191628190142,-8.360587857722447,null,-4.6698981426620865,-2.9528756222601134,null,null,-8.804798138383074,-2.4070649864694333,-5.854275343068472,-8.937139290614093,-7.389098588739169,-7.356727076347365,null,null,null,null,null,-2.770150209923802,null,-11.689234020293314
-7.455499148512107,-7.145975220058915,-8.454724663945605,-7.247634618299754,-10.840415726619444,-12.179928354556823,-10.784798307175974,-12.049174676641162,-16.30497791882783,-8.300037054836574,-13.971131195061233,-14.780065545340172,-11.710120837969301,-13.186688725990713,-9.9575227881561,-8.827758001788302,null,-5.43486037461453,-14.254245751392881,-11.222838948901725,null,-10.258660100299128,-8.47681196193796,-8.00043407151128,-7.912648305903066,-10.530576499446255,null,null,-5.882608265716172,-3.305775462236065,null,-4.46487413348204,-9.200569896187515,-8.56260948602646,-8.790073358060317,-8.718541349805625,-8.01961494412704,null,null,null,null,null,null,null,-8.771289178323752
-7.277525735853489,-7.975745034213925,-6.718535211348407,-9.812509642530907,-6.692348222363953,-5.544268723807262,-13.28228732737957,-8.759419386530563,-11.913677959005955,-11.278480550001333,-12.34959840652182,-13.106398231665866,-13.968836361147508,-13.533834016867731,-14.634158370190974,-10.684475606160792,null,null,null,-9.992325833902491,-7.418376874719264,-7.934654068747072,-9.974578787214586,-9.619500389330389,-7.0824054239936505,-9.757637560442728,-8.982326371162289,-4.037094489779204,null,null,null,null,null,null,null,-4.85985604994922,-2.6017060913221552,-4.214110864485552,-5.851845416820252,-6.757964925801483,-3.3772421224772193,null,null,null,-7.235560052685189
-4.2655797259085935,-4.801575168986464,-6.8031591429219835,-6.069306135130958,-8.828372345031278,-3.3398791414722,-6.391702874375335,-8.497216967378856,-10.554269051135224,null,-11.216257556252565,-11.328986377698367,-13.38737601640697,-14.37964589039399,-16.009935102846192,-15.158492472406017,-14.791996739988981,null,null,-9.66210009512617,null,null,-12.227090853196962,-9.367380256960981,-9.37179253941075,-5.0489934228565305,-7.726801838861922,null,null,null,null,null,null,null,null,null,-5.999638280963201,-5.423801216256711,-4.764225835856006,-6.747639969908736,-5.00165061480207,-2.289543935001106,null,0.46467546207446375,null
-7.683707845189501,-3.815109519267909,-6.919973283142791,-3.7962183460783985,-3.0547278429404106,-6.915171708626516,-1.571926065523408,-2.8464810176909126,-7.268224626421453,null,-7.656941067753841,-11.64001824292201,-11.58392656648683,-14.673911592879712,-16.33979092613274,-15.397287199170488,-14.202717539925485,null,null,null,-9.704969220762969,null,null,-10.48702986448812,-11.78671201980722,-8.097330225533243,-7.360328011853372,-8.713230817048615,-6.722920233886077,null,null,null,null,-3.217314600101127,-0.46553015738175985,-3.9961316668237963,-9.5218603013209,-6.216964324866534,-9.099643054401673,-8.205876503592739,-6.492447420244629,-4.898623431840405,-8.52786677196458,null,null
null,-3.231800610160058,null,-2.8793077673919996,-3.155216273928495,-4.170566741686613,-9.41702751364495,-0.12312259103194406,-1.1021187077209469,null,-7.9332737564746685,-8.831644690738537,-12.245519468530318,-12.188948209905831,-15.098285457636532,-16.915659994573634,-12.331838755007768,-12.469314255613746,null,null,null,-5.633083663271275,null,null,null,-9.207340444355825,-9.77266912559193,-11.193164393048027,-11.838849261209825,-9.937254367909945,-8.728216734309068,null,-8.400888102150127,-8.15503289439056,-7.754175623605695,null,null,-3.506223969828201,null,-9.314781619306165,-5.4124433431945285,-5.207099610117749,-7.2847752673651724,null,null
-6.978092353950929,-3.216909305390625,-1.4583059628415764,-4.097338069677596,-5.465173634293487,-2.7924905059847642,-5.658573213539674,-11.03384380236836,null,null,null,-7.331529386146153,-10.036982081701368,-12.318578517971707,-11.972283609225178,null,-12.777661818559737,-11.398948151613347,-10.096133882021007,null,null,-3.682751332748698,-4.8360317900369205,null,-5.518060661674909,-8.688823409045012,-10.355546001899928,-11.24537210755221,-11.826440879805606,-11.802077815639928,-10.733086438835487,-9.302898009374994,-10.725776370137881,-11.205672099799077,-9.55657211642136,-7.550256600733158,-1.4331451021227108,-3.7719207946181017,null,null,-2.260943259905561,-1.739849663277632,-9.348379468098493,null,null
-3.7348959636688606,-9.962611736454361,-6.842998684075553,-4.317208629242867,null,-5.048487066720782,-2.0545519033732402,-9.329122928817716,-8.990373329953332,null,null,null,-6.919387304142107,-11.621248758303015,-10.087746796965519,-11.59643049462863,-14.873182937344218,-12.936450384528422,-9.177026492447558,null,null,-5.481627297922599,-3.6388492397998924,null,-7.544502859490269,-10.175445124802957,-11.880799846619105,-13.063710527507894,-12.142685132768797,-11.518200264397796,-10.705473625655081,-9.329943606668792,-11.103659768671832,-8.07609096857326,-10.229273989378948,-9.13079461055292,-7.706988946210078,-7.246611566951846,null,null,-3.0480659012345925,null,null,-9.658487649093653,null
-9.739807703056357,-10.387367115757101,-10.125508488937085,-11.659246714880226,-8.549586472906986,-6.399288910178752,-4.523727083299432,1.2877553776198136,-7.461438940506619,null,null,null,null,null,-11.155588066215124,-8.268865105570528,-12.025977079889405,-14.064422694021625,-13.250283630167598,-11.158440564758,-9.93050272821824,-9.503060407101543,-10.163542106306634,-11.967121684146719,-9.980849509603106,-9.925374713547926,-9.046766582556625,-6.897235857664607,-4.698062017256938,-7.056901095980466,-11.261701982225723,-9.979282444149177,-9.867497056054122,-11.315839683582436,-12.134677498252167,-11.742558726687108,-10.581440767803942,-10.78426408168926,-9.42735590046482,-7.059476335339488,-5.577698055993851,null,null,null,-2.178726656225436
-11.875070608855047,-11.25030581062918,-12.941238711033014,-10.53723377671201,-11.180837903047394,-7.974118059406019,-4.7604824541681,-2.641185355308993,0.9842993638678927,-3.4522355185011975,-9.313838458787597,null,null,-6.697313778233613,null,-10.156532485768125,null,-12.201387041707257,-13.832360779006814,-11.181601087912426,-12.858285728034245,-11.141046240673841,-11.973795833074728,null,null,null,null,-5.780601080956076,-1.7896254597239993,-6.915843122873647,-10.613887384336941,-9.510702806516386,-9.687109877153977,-11.482108241247046,-11.942791639087723,-12.582617664680114,-12.654402858730855,-11.842818702302836,-12.661139419278681,-11.79060147627903,-11.229083038157391,-8.1525260135713,null,null,-0.6695346337393494
-6.481225231294781,-13.396833932700014,-9.612710113124153,-10.921996772591688,-9.39256731571214,-9.487671798154214,-8.394848680142383,-4.738602882609158,-1.0590275794067199,1.0370636824653394,null,null,null,null,null,null,-2.084824215335368,null,-12.298295367746176,-12.942840275134166,-11.474747457935601,-11.826627287907982,-10.232844105867743,-6.976988037558927,null,-5.711899498921579,-6.2638969381504275,-6.360102249038387,-4.006424885744224,-10.2982379679711,-10.909829276218002,-10.378206480232702,-11.163888979127991,-11.782756317478608,-12.178545721965595,-11.557004400159293,-12.8045474933515,-13.352937346657487,-12.298792399346672,-11.268489542668018,-13.035366362143531,-13.223888991122509,-10.234452089665345,-6.592256316668941,-8.367008289698518
null,null,null,null,null,null,null,null,null,3.547472197541262,null,null,null,null,null,null,-3.0090681425953147,null,null,-12.659813260613863,-12.15299947046192,-12.527258635752535,-10.092880807544795,-10.98699858230666,-10.009384505203291,-6.939100363364638,-7.220625216062727,-8.608951976754138,-6.140445283794051,null,null,-5.6126301705311725,-7.1899690687260875,-10.59339348168337,-11.928716296993878,-10.864473357287386,-9.841538446046128,-11.524919850049477,-11.137218326493139,-10.967718497330365,-13.650361784226535,-15.172827989388278,-13.981929187213927,-9.545302972562704,-9.058449906872308
