public/json/wind_2018-09-1522_850.json
{"header": { "discipline": 10, "disciplineName": "Oceanographic_products", "center": 0, "centerName": "Ocean Modeling and Observation Laboratory", "refTime": "2018-09-15T22:00:00.000Z", "significanceOfRT": 0, "significanceOfRTName": "Analysis", "parameterCategory": 0, "parameterCategoryName": "Currents", "parameterNumber": 2, "parameterNumberName": "U-component_of_wind", "parameterUnit": "m.s-1", "forecastTime": 0, "surface1Type": 160, "surface1TypeName": "Depth below sea level", "surface1Value": 15, "numberPoints": 4800, "shape": 0, "shapeName": "Earth spherical with radius = 6,367,470 m", "scanMode": 0, "nx": 80, "ny": 60, "lo1": 109.0, "la1": 20.0, "lo2": 116.89999999999955, "la2": 14.520000000000117, "dx": 0.09999999999999432, "dy": -0.10000000000000142 }, "data":
[rows 38 to 56 of 60, columns 0 to 41 of 80]
-13.756118909259616,-13.058388372644076,-14.069935637381757,-13.745270114814678,-14.084472018155518,-14.028057262338082,-14.722572837566753,-14.667163604320399,-15.040684217633526,-14.177003779701423,-13.460675239799976,-16.468990328034526,-15.632653695332216,-16.078181099148324,-16.435634462083563,-17.65143038369398,-17.01094849957788,-16.476824087485227,-16.510543005773684,-14.652744185111832,-16.048398287415417,-15.303911300157557,-15.123458564948542,-15.320974698663719,-14.641177184205123,-14.565181589506881,-16.355291767499263,-16.651666458844595,-16.494265658831917,-18.40255273788145,-18.042118594299033,-18.801554259931116,-19.18167317092422,-19.13699400841885,-17.852235255519968,-19.677411559052064,-18.61310222412479,-17.233901842711678,-16.382539209335587,-16.976560890428406,-17.28870585240115,-17.135179399321196
-14.447033888560439,-13.818392864691408,-12.591892317608837,-13.40569317268398,-14.332263620882708,-14.396808490256852,-15.155490736921248,-14.635265109908227,-14.865525724731338,-14.408128184781555,-14.919916733871174,-10.335506221490323,-15.956025481695407,-16.116179941384935,-16.711178754817908,-17.716931316702016,-16.95513559652752,-16.7029128327416,-15.266015156803322,-15.76209629928349,-16.74817568670779,-15.499136889354645,-14.398124550508866,-13.589601703988734,-14.966788951349661,-14.167785230921318,-16.24954984149599,-16.92345488669625,-16.59170236141135,-16.927872997602044,-18.08518507158661,-18.896925515013056,-18.989389934679124,-19.924723383698066,-19.73816019513953,-19.94144496793977,-17.44534913772743,-16.00631899311299,-14.14407522298547,-15.909355933744678,-16.46411352650352,-15.841235375951346
-15.17159920239934,-14.909942523366027,-13.491322658301337,-13.206693206267506,-13.71210374710115,-13.790795593887175,-14.867055351541959,-15.204858567838771,-15.106216261550516,-15.505849711127656,-16.26164138755218,-17.64154679562902,-16.00326491663452,-15.732309747139826,-16.07881087606953,-14.87322095538315,-16.487719423258785,-17.18513616307632,-16.948902494338686,-16.157014089986355,-15.004532814245364,-17.28167728116695,-15.070765006476734,-12.104904908476819,-15.640859554066315,-15.486710551611901,-15.037323858848156,-16.52850728583549,-15.663907744110663,-17.36942386002959,-17.46719529017728,-19.38015329583773,-19.99137594634925,-20.299881016258187,-19.330740434497134,-18.696565833024252,-17.218886846007475,-16.355049355411808,-15.512311604720296,-15.946428243868327,-17.438837597567574,-16.50366928079582
-14.29557164493643,-14.39323587434679,-14.463251158927852,-13.96365849693769,-13.955916121194276,-13.097342550019565,-14.013812267851467,-14.883213834195672,-16.332400361087807,-15.982768368046685,-15.592884434718684,-16.781851653102773,-18.429999269196145,-13.83882871547987,-14.8287420507818,-14.99611523121694,-17.346540966227984,-16.868897027195846,-17.457642230010737,-16.102889484853357,-16.956709653333228,-15.923037999557708,-14.61243301121847,-15.259093975681166,-15.108200944871108,-16.00753098024629,-13.433314046194178,-16.6635463042381,-15.061134552969367,-18.611044676530867,-14.01775909646174,-15.561047347875807,-18.95022208516323,-18.362991409145586,-19.98364937100999,-17.716614409246436,-15.765937545877723,-16.82099545211912,-16.777173800442952,-16.502103149204544,-16.4999294279243,-16.888342573768494
-12.606018519369519,-14.196464718650274,-14.036986326769512,-14.755688420256254,-14.695547887579153,-14.217776662144646,-13.392819734556864,-14.917322664381327,-16.284167103154086,-17.363637779179367,-17.648554238286774,-17.99964207898197,-16.86348381839958,-13.465048643826652,-13.463003355043432,-16.593146387118598,-15.913564221663272,-16.4993507125408,-16.48039075101824,-17.55113704965766,-16.056268160263357,-15.669422188417093,-15.295031749454907,-17.1878183425508,-14.934719613808493,-14.116620232711963,-14.550729537051991,-16.400016757902204,-17.56979742361046,-15.54429357874168,-14.762691837164741,-14.170234802598804,-19.416372208069742,-13.039105482570895,-9.124728927289713,-14.984842583564216,-17.258699312862582,-17.149122180179848,-17.11562936392423,-16.372588746165718,-15.981825948911649,-17.517495779468316
-12.950455327323452,-13.023842217433915,-14.142799320779702,-14.897657418167267,-15.177199855778795,-14.896725885962212,-14.307866089385335,-14.619811939064455,-16.14261013555603,-16.309413913997687,-19.042037435353,-18.937014809489234,-17.311690235002928,-16.654999641722345,-16.33296287826512,-14.472704093184932,-15.419674018447513,-15.178523889948721,-17.315596247459155,-15.954575465940962,-15.382185401849782,-16.013256932923976,-15.273481239188794,-14.318473202227821,-14.569430167563697,-15.600581600088491,-16.167471306198102,-18.058554775288243,-15.732077180602573,-15.30051557374938,-17.20397485557529,-15.563118179117577,-11.223007115621087,-7.583220721301902,-9.404031607981498,-12.277496693401261,-17.205605149394714,-17.90561392326913,-17.064314999262418,-16.413785629291183,-16.402177865430033,-18.396885454116795
-13.293162118969805,-13.899709645380415,-14.406346583175694,-15.079306577287412,-15.825773599354909,-15.364667375401545,-14.792693290702193,-14.856128633446797,-15.941198604031737,-16.66265276945608,-18.00177900662505,-18.566935043616983,-17.43337468687893,-17.306548346281637,-17.215337645599945,-17.204111960297904,-14.01265146052071,-15.971007490961778,-16.062117995133278,-15.513223926827528,-16.20765762400246,-16.13129503737005,-16.641149999627203,-15.495981162503709,-15.658342143187664,-16.357320922853884,-15.93210628036787,-18.348614833007858,-17.6198277475321,-15.404099470733543,-17.155009235922016,-15.896950136053174,-9.476031022261893,-12.878802288596908,-9.372360949504628,-11.864702795837722,-15.014063020817506,-18.09673977707883,-18.811794879903807,-18.720331554920968,-18.461257781811163,-17.888933024464478
-13.439105530538656,-13.777589781702233,-13.329303980264832,-14.780095793993334,-15.934844037672423,-16.645690875169855,-16.213273498086565,-15.381635646366709,-16.135044592828823,-16.209390849685608,-16.601179821608056,-21.005334979791527,-14.922310570641619,-16.36402797631876,-16.54551367071818,-17.517499341820816,-17.70620882564937,-16.536710031682112,-16.19447371477195,-15.910104550249093,-17.88741644882697,-17.033532489323235,-18.46444558225586,-16.550144913088,-15.099005032938116,-18.405442934412328,-15.449906735278262,-16.110356876495135,-15.131585607993395,-16.262258857015357,-16.181388493108024,-17.514301961016727,-11.466532058011635,-10.52849990210873,-14.394711941342964,-10.919072279762737,-14.596834971074749,-18.607451598929835,-19.28236232354744,-19.999500214768275,-17.741804623918057,-17.586596401120524
-13.793483004650595,-12.292552518553425,-13.184789129404866,-14.898829105263188,-15.469143671658149,-16.094945341273398,-16.42143849652343,-16.761729034452067,-17.340432884433582,-16.97517414700607,-17.774770832376223,-15.949632270831938,-17.21926465068103,-15.111317042180975,-16.387110612228945,-17.951799968473786,-17.393532512221018,-18.94574003716941,-16.53739119668149,-17.51316424067934,-18.07505540974458,-16.09652786045738,-18.01510024947658,-16.17416454003108,-13.842388564056273,-12.926134681091494,-8.98442403266357,-10.13006163604592,-15.429876019313934,-17.07820774095223,-17.317346828066675,-14.336976406765613,-16.981764279789516,-12.811852777361008,-10.480380470330118,-12.610882077383806,-16.358730642689157,-17.351759342467417,-17.462523096853168,null,-16.544387363603377,-16.71983400951444
-11.600574857339085,-11.181067672713938,-12.597519112596954,-13.470761560402291,-13.666731607749398,-16.01994902410085,-16.750166658957788,-17.40938812918244,-19.286879644200273,-18.21932650010059,-18.006943223843415,-15.040669299105387,-17.186515385569507,-12.786136822067352,-14.822230233048359,-16.85367981216989,-17.995587117101937,-18.111431720846465,-18.773972208198348,-16.46133348414027,-22.30555993687573,-17.312271519138257,-15.234898668254624,-15.722896431176764,-14.109894849730635,-13.628520440494675,-14.781938148313174,-12.297648412774045,-13.945066680291847,-14.559254697073056,-12.37719718505404,-17.34885468252604,-6.287896826353393,-11.981537923616035,-12.94138924629317,-12.612012540727141,-14.29411628489392,-18.8755430432713,-13.147077401474544,-15.169970927841408,-16.22560757371637,-12.464734214216787
-11.96673664842633,-11.210790504670058,-11.844199392618119,-12.977086480673492,-14.870143434849892,-14.779886099823669,-15.576343518415232,-16.80327217502196,-18.869377050762154,-20.44513871351846,-17.385239345944196,-17.076601348195062,-15.308919746267035,-12.957751252765632,-15.413424563039388,-15.935872372238554,-16.19844822934934,-20.129310694381235,-19.72388719444362,-18.072593287726363,-19.230089443520182,-17.063314308696576,-8.428741569615724,-15.939970281198502,-14.617221389704852,-13.945513244195462,-12.416802476458013,-14.646861157674484,-14.016489495443494,-12.41243843918446,-13.7764663416168,-13.710605803154621,-10.383658610948526,-13.61840947400636,-14.866071401204849,-14.559202032580144,-16.19978975507202,-8.115842197908236,-5.712229207375293,-9.192622815337524,null,-11.579841114008044
-12.230591705556996,-11.582181621142595,-12.297190021496476,-12.543343568040694,-14.659357437363134,-12.352157946747784,-14.641411174863142,-16.13586818582551,-19.2149957021681,-17.8368423756868,-17.830968110173757,-18.538932224331163,-15.893301496703769,-13.287952304200862,-15.085955181285744,-15.902833791505362,-23.733692379635073,-17.08879893515468,-18.799436136422603,-19.224649211824616,-17.539754679759337,-16.490400193863035,-16.03831856341426,-15.912798172951707,-16.06787349050173,-15.425214063161228,-14.402938824920204,-13.036232652318349,-15.529748889426543,-14.803547023182793,-14.308174272556577,-12.961516107236463,-13.074262212646376,-15.084321757838254,-14.095959563574265,-15.997670829316643,-15.097328013717934,-10.980903945234155,-5.5051840909968695,-3.972115277943967,-4.63278152304857,-8.927955035682407
-12.743775723828119,-11.378879131709704,-12.787895086427653,-13.631532167391464,-12.279410550926624,-10.912434573810721,-13.094230085968231,-15.353241319755645,-17.020596199020837,-16.999133620687545,-17.838443087959124,-17.934693016170943,-18.33703635617504,-15.75206440435035,-15.935063092608237,-16.205400074930733,-19.35830438105284,-15.562585396367597,-17.30871843036455,-18.118168557250655,-18.622710086926567,-17.615857816575545,-17.33234392572804,-17.514506081639034,-16.623602432903983,-17.497290892428964,-14.068095950564224,-14.001748896921677,-15.902888428661354,-15.735512094565207,-13.858161375389788,-9.391039499633148,-8.089278979425671,-13.90292958523865,-15.528751216780279,-12.674551409499033,-13.888234402454012,-11.24848082101589,-8.736784241925077,-9.296581686561131,-9.572884741101555,-8.206956868183106
-11.141979549959919,-10.249403641152432,-9.978610003656902,-14.754663784555873,-13.756214619502272,-11.488909794621021,-11.09630982896092,-11.72249697753223,-15.385034046936315,-17.49676851284476,-16.958308708633698,-17.80381145332688,-19.14581728561021,-17.721281309391475,-17.053717998785306,-17.269226016148075,-18.15503514575054,-18.01324561610692,-17.870163380203245,-15.615172410545778,-21.428770573131484,-16.439829070593383,-18.037911283917634,-17.243739119969227,-18.02146305117284,-15.704684874246867,-14.110863920593758,-19.418560818004416,-13.095160050572288,-11.90712752001855,null,-9.04465505175031,-10.409175683164406,-8.540323484334596,-7.201890479809703,-7.733342246693093,-10.92708199047229,-10.295740631075462,-10.455914197013136,-9.841205492969332,-12.998095996792134,-13.7033734516753
-11.524055563906899,-12.119826485680992,-14.141993085888355,-10.177798061316768,-10.392574163273217,-12.506851538781588,-11.57151561800092,-11.525915459993291,-12.850835347656773,-16.03180001711334,-17.201428110722837,-17.227700409618762,-18.76323614275183,-19.003613224641594,-18.22062195826241,-18.60375819732535,-17.485314388218434,-18.310242884462344,-14.692389072092539,-19.44434599731148,-15.233694250191615,-9.80535079039126,-15.913037315835615,-17.18256924513472,-18.81662138008852,-17.350466875292224,-17.65253791241436,-15.906550431836907,-14.508207491695803,-13.04361696287813,-10.583798295212539,-9.378827623473011,-11.15824630345233,-9.986138251479918,-8.831345044456278,-9.302937890069412,-9.911297797629837,-11.46446090948448,-12.586376306488544,-12.81690256443608,-14.184972544956777,-14.499343125045094
-12.124300742598392,-11.598555694426278,-7.365872461045899,-8.753515416814814,-9.174728510009242,-10.129396343847063,-11.457424516663277,-11.549871541766981,-14.226350188881645,-16.090388712392457,-17.084981832921425,-17.679045597644418,-18.1419165625099,-19.30918177377061,-18.994432862348006,-21.71259152680591,-17.58028442249972,-17.7965205418604,-17.034294087938644,-12.550768063354232,-18.329025310303766,-14.437320532790057,-9.293866377143607,-16.12240606343676,-16.4155831445823,-16.491935003265645,-16.84073905202752,-16.2171324479397,-16.09644816268546,-14.529773139651255,-13.900264398795677,-13.255397538693149,-11.886217989449648,-12.40477110991376,-11.056054807379983,-11.481523339211533,-9.81227035939287,-11.504149380824206,-14.470256217196138,-13.935786833994012,-14.47880275206308,-14.53865205745861
-11.200350564251996,-12.326183818566626,-9.900393105871284,-8.658739076962663,-8.807631403135105,-9.754141119345888,-11.09186122945333,-11.15833967452704,-9.659317538647773,-15.55729054911552,-13.023484327795648,-16.39226879563757,-18.091541737713957,-19.19132303188246,-21.579984336435153,-20.166146754607915,-19.37752740637162,-17.174010512534107,-17.746657623903335,-17.13197668185161,-12.590514049480415,-12.414113807159069,-13.21374171330183,null,-14.14948914003665,-15.057897328121136,-16.031377891856103,-16.17556977227027,-15.735816344332042,-15.508953313269462,-14.568828449117074,-13.999859866347148,-13.551336999168129,-13.630860954717026,-13.015211492054881,-12.077928575529059,-10.723532426498613,-9.717210916869469,-9.723953125486549,-6.71083601145815,-11.424922627899115,-14.402467624415944
-10.022643476041253,-12.12406530413855,-13.67656023577465,-11.341831453751958,-9.284294510499462,-10.020258294787876,-9.530741019659487,-10.174564484949713,-11.420603707889335,-10.34467343556606,-10.837656445816869,-15.663116330873487,-17.66911778527162,-19.96235657122405,-20.632195739354184,-19.774116625072224,-18.80431099833501,-18.059218486953096,-19.557669073863593,-17.547897145263274,-13.420934862418168,-11.17576856817166,-14.109099758318514,-14.543141980696397,-13.214321979345849,-15.4214796105083,-16.1541746098819,-17.484341806555612,-16.039854135846063,-15.043915422531738,-15.649893035564595,-15.549908203060388,-14.851058865541791,-12.917539061083218,-14.08081562897313,-13.19141041503468,-12.704752753614642,-12.040223547548464,-10.823176205890146,-7.417377807087881,-8.246524112876987,-13.23631583625569
-9.701192228502235,-11.032499437065452,-12.239651108992774,-14.060526343216042,-12.434636225132945,-10.00147934834688,-11.013973982525627,-11.497462567886235,-12.872625520914056,-12.510612459574368,-9.944626023677142,-12.8040640524803,-12.819280974823094,-15.97094438547159,-20.682396366093094,-19.78871757196039,-18.901213687355444,-18.620976411269616,-18.98425424501449,-17.438582925305873,-15.8975812943521,-14.421285214889831,-14.044845065684875,-16.574932491284148,-15.025031277954625,-16.785335851628304,-17.015392208238445,-16.615249147192273,-15.694473002832602,-15.195809494231005,-16.47553656061602,-16.442959350439015,-15.054088790680655,-14.386467640185863,-15.037934254452772,-14.395544686533857,-14.3490325357973,-13.67650069860885,-12.657058128404213,-11.125037186914374,-11.009045906394858,-9.519190907123129
