public/json/wind_2018-09-1605_850.json
{"header": { "discipline": 10, "disciplineName": "Oceanographic_products", "center": 0, "centerName": "Ocean Modeling and Observation Laboratory", "refTime": "2018-09-16T05:00:00.000Z", "significanceOfRT": 0, "significanceOfRTName": "Analysis", "parameterCategory": 0, "parameterCategoryName": "Currents", "parameterNumber": 2, "parameterNumberName": "U-component_of_wind", "parameterUnit": "m.s-1", "forecastTime": 0, "surface1Type": 160, "surface1TypeName": "Depth below sea level", "surface1Value": 15, "numberPoints": 4800, "shape": 0, "shapeName": "Earth spherical with radius = 6,367,470 m", "scanMode": 0, "nx": 80, "ny": 60, "lo1": 109.0, "la1": 20.0, "lo2": 116.89999999999955, "la2": 14.520000000000117, "dx": 0.09999999999999432, "dy": -0.10000000000000142 }, "data":
[rows 38 to 56 of 60, columns 0 to 41 of 80]
-13.127236746957621,-11.852306852725595,-11.091849206446621,-11.42191615660486,-11.624681438337593,-12.095904348476324,-12.45703320416122,-11.082373752146346,-11.60135079897883,-10.54296325808135,-10.329479554841404,-14.094449269497648,-12.3762810114257,-15.477095671760017,-20.283395529668326,-18.03413505874864,-15.404786576753914,-15.837329649812052,-14.990092721021515,-16.605287521736997,-19.133922726302107,-18.4020646730069,-17.21213749134371,-20.829121365631533,-22.1532067595433,-22.34273900139872,-23.52693779527778,-23.336400921259553,-24.328413883696147,-24.125922769965733,-23.521937881998962,-26.27904674039009,-26.602961170883724,-26.94931822374409,-25.643842893113234,-29.491777046447904,-24.269856651587705,-23.91149586605424,-26.26322097052532,-23.79409243443339,-27.395820432154885,-29.567232866058617
-11.37855872605965,-14.36278567079566,-10.718972571235888,-10.827367408163848,-11.809571989522693,-12.221071358828844,-13.374848428036639,-12.408271628478943,-11.902098054291201,-11.24095466966544,-12.742377472695807,-4.1810874622465555,-12.242724630036285,-18.891028670358637,-17.913025337410456,-17.17075240801922,-15.878414418537082,-15.179743149341297,-14.516869925181652,-20.36929918734564,-19.049261984467307,-18.965387699051362,-13.440151057201934,-15.497165242500824,-20.119766444191804,-24.760659113091094,-26.257860151479175,-24.107175551994004,-25.165406050436715,-27.909407346808997,-27.060516783844264,-26.063272647937765,-27.210472771143714,-29.388119515961456,-29.275562757861096,-21.60713489591575,-20.488147546059345,-21.68121593530334,-22.30581405701915,-25.22352247589463,-24.223760686265138,-25.335086107315618
-10.840570329434522,-12.918366583988206,-11.699586113282562,-10.664602236247731,-11.212148910550656,-11.881876078951894,-12.61386150321257,-13.209191359021615,-11.65002251107455,-12.110577490507554,-11.67505972125771,-11.302397621610345,-9.982856529711473,-13.90212993476194,-15.68461683978376,-10.688620198303244,-15.122143957321189,-20.53297237645778,-17.785949259954158,-15.589391797685405,-18.69038268173676,-19.828286804787734,-15.066658248953505,-13.807918925475471,-19.20224816205873,-20.13419994137516,-16.781283885257498,-22.592096181696455,-24.47638593839389,-25.50339409237365,-26.969220733886104,-28.498612360032404,-27.714613743652738,-28.082806872763527,-24.386143576118716,-17.90750458470231,-19.463909706342683,-22.569538843079087,-26.01861453769836,-26.910749711212183,-26.298056394312425,-27.665942327195875
-11.888893536933725,-11.11629009838701,-12.279187814678847,-10.380630145348729,-10.907033337949583,-11.756449997233297,-12.683109560629811,-13.001828202525914,-13.868865238201785,-12.045035418590382,-12.571787903561853,-11.421170773807589,-11.566767102732815,-11.02958203130019,-6.655962363172215,-13.59124439639857,-20.153495157054802,-16.8430537860029,-12.36666128004554,-15.789727164139915,-17.526294351573526,-15.344136555633083,-15.254684035708722,-16.659860088369662,-14.948627896719627,-18.211783832085718,-15.54104319618185,-19.674752556749176,-21.082841728932923,-24.987516849892838,-20.13691386018717,-19.91430539282407,-27.587293790021022,-25.51291236954323,-26.606472424541142,-19.74616641660258,-15.873959087803815,-24.745216730512436,-26.478244116489755,-26.66912353850692,-24.210567679001215,-29.280370465751645
-9.752576750201138,-11.250856109732394,-10.334736830240177,-9.818409435156013,-10.205568572575467,-12.917006511664873,-12.953466168218823,-14.204761830404118,-12.669648012306277,-13.590030056976865,-11.30885589396708,-14.80288658801001,-13.369010870748056,-7.152524866479007,-10.172878129181262,-15.999562578727145,-16.80282367987836,-13.41333037845642,-14.59283959139923,-17.583153891684454,-17.84567440995513,-16.062701390764623,-16.0208532834098,-16.377431814030437,-16.086158372043904,-13.49338684448368,-15.616403391209062,-19.085669500798485,-22.725267650499287,-16.708735593893493,-15.27389050052923,-19.587977835382002,-24.197974269155598,-18.561010127535454,-11.669025812627854,-19.146468818300548,-20.139779902157372,-19.487811218657257,-24.31248696968688,-21.504907577625687,-29.38418242999448,-29.476475841574057
-9.534473622942901,-8.66062338904718,-10.2928250554252,-9.946691531428236,-10.356866734135352,-13.010576727395653,-13.251315853354793,-14.571837236163885,-13.502203079656883,-13.005777142402433,-13.407691767462207,-15.595035152968526,-12.364909944477002,-8.159557132261131,-6.821983895181571,-13.322708166962315,-13.23025808720459,-14.310291714756673,-12.396570257831454,-14.814853903934395,-14.322370662686875,-16.851257893988667,-18.988361448004234,-18.433213717909357,-16.246533447876374,-17.88515533413199,-16.605808995943768,-20.71184854884746,-19.312490595301565,-16.389165866661102,-21.958579400627876,-20.00378068651648,-15.381703476851884,-11.341883321793162,-9.831336251724894,-15.021413111426437,-19.577145987823023,-21.674114310698382,-21.666450342408204,-25.362015591038386,-26.510345247948322,-29.42760044551651
-9.108539543916615,-9.966132509529528,-9.863515914950703,-10.329930764901693,-8.665424598560588,-12.252518641640625,-14.164960602356489,-14.181071306096502,-15.296647176926,-13.83654931605971,-14.715844480022293,-16.997123317345007,-13.28729763432592,-11.555758638378919,-7.346753264701645,-11.678649807640907,-10.861616118426578,-14.040750345835349,-15.593560246965593,-13.114820284255634,-16.27939548267279,-20.41007495762661,-19.956290289525068,-18.183976362689318,-19.353905419496094,-18.999156155513163,-19.77916957167447,-20.818441189148608,-20.31828209071594,-16.653369682057807,-15.770328100079468,-19.41136596308309,-12.587369114623357,-21.07323933292806,-15.793999650375326,-19.337170863568737,-22.907465251207626,-20.94894657094548,-24.220411434302427,-25.98415134702021,-23.43501716665042,-22.36788235889928
-9.784097120350292,-10.527725627130959,-9.948602898132272,-9.499421767939143,-9.616678036101828,-11.23098828840187,-12.961366166350146,-13.433902728042286,-14.797121474073869,-16.694983651071272,-16.103611958132603,-16.26608540676023,-11.59516719024697,-11.934403449731388,-8.97282760348964,-10.321571824289189,-11.701744376664426,-16.643478412329898,-14.219180668367562,-18.3060089149523,-20.153426013486428,-18.636642103379277,-18.394547935091694,-17.22092118695657,-17.08283826083599,-19.661809997498647,-18.036570276416253,-15.28220893020199,-17.1043835561713,-23.398451687879962,-20.76177408247346,-20.803374702651976,-15.509690199553509,-12.579975695316467,-21.53395159824775,-21.85631252781472,-17.806840280556855,-23.317182253305468,-23.809106882924304,-25.83905773667825,-20.38224517738672,-21.036592646007648
-11.131563346916126,-8.961908850565823,-10.379258870537011,-10.116319479784341,-9.599376421834533,-8.314741132047,-14.080231691446262,-14.170603867697354,-15.686284999216415,-17.577542885566956,-16.01727266101412,-11.74969085981762,-14.362751136605723,-11.542054377895296,-11.994717079705577,-5.602114979919378,-10.901801866500092,-14.862876810319172,-16.930638356270396,-17.70605713992451,-18.08402750966616,-15.231491093211812,-14.174273184636032,-11.318760968015935,-13.626368015697773,-11.284999170674169,null,-10.0724308854226,-21.701945107376492,-23.603826083786686,-22.974980873525354,-21.191933625913503,-21.095236631832158,-12.512016995236975,-14.784593566124853,-17.549471227105688,-20.475160730042333,-23.333984216842143,-19.262124044270173,null,-17.689589632809096,-20.69007569882766
-9.724141930852749,-7.883824422857913,-9.496955751981398,-10.30206109172946,-9.220836566731109,-9.166172313617189,-9.411171298203374,-12.972869370806713,-14.771349661664129,-17.206983994553713,-13.595726681694195,-12.37583766154153,-13.338755379840162,-9.380735443316484,-9.978283034266102,-12.287053950772648,-8.886582938307372,-17.32415718528388,-18.692136960400667,-17.58584451415084,-18.00006792238186,-14.629796612008306,-12.020741503682984,-11.865330421914418,-14.971432721231924,-15.288771086888271,-14.292112957751382,-14.486707673284297,-16.402008048253517,-18.636948566542127,-15.889545092081965,-19.467832666965016,-8.981354060300692,-14.718549116339172,-13.17636117205005,-10.996260331343384,-16.661307186128514,-21.863625719266825,-16.468421300775645,-17.867823768423634,-17.63744493447678,-13.578606095738301
-9.32624084613203,-9.586584168733477,-10.065221390329029,-10.219899774629265,-11.108141103966306,-9.531198683593132,-8.117565734776989,-10.676452504833014,-13.611893429144503,-15.908638431568406,-13.447334796088272,-11.663528592254814,-10.082922109459284,-11.092255402832778,-11.575543616851688,-13.701824319073268,-15.51719558884206,-16.873071962870696,-14.65097188550835,-15.463617323089617,-14.270209755663616,-10.743881715258848,-7.924323223580113,-13.822443636102648,-15.898209736391475,-17.685839637942795,-13.119089220947217,-17.295047401585975,-18.209399321452903,-16.110812194864007,-20.617343271748837,-16.254196060868477,-13.157610328916723,-16.173660532308602,-18.698069386115748,-14.286376455610874,-13.30794795912737,-11.513671822095475,-8.796908916346611,-13.448131479850913,null,-10.874918841271793
-9.214760800247928,-10.623882717438512,-10.471450720983233,-10.815194062092097,-11.579164737088487,-9.306802361956253,-6.606195697949171,-9.465400621892837,-13.457748663523262,-9.97032440361064,-13.774093264084113,-12.317265548606088,-10.285380093424234,-10.251082864122422,-14.587656282120012,-10.41774133885597,-18.082666468486387,-15.023126755900648,-14.444144701721976,-10.117684346175674,-14.032802760634778,-12.276664691065516,-12.646288349452286,-14.774684312104391,-15.469011986183446,-16.642191345896556,-16.679441738931217,-14.907447783618684,-19.274815523747215,-20.175680379066225,-19.785426691206396,-20.092455254787396,-16.80988343347996,-18.39656047616017,-18.100311884939863,-18.500400908125698,-16.146980977622196,-14.326831465131871,-11.981884398735076,-12.258932965408079,-8.972878419694556,-15.218387005071534
-10.486126546141026,-10.449064904796588,-11.349823970917377,-10.76041602947782,-10.200148490360563,-9.503145683104993,-8.278686991374618,-8.242112107110835,-10.064197350166424,-9.217487878732607,-10.99625124776379,-11.358452851965305,-11.150468016559204,-12.00047854110139,-12.720302863591485,-15.301598990754199,-13.785709736739378,-11.099206253539531,-8.83013605259761,-12.759101161054305,-13.406943015784986,-14.000203368969704,-16.775050570178387,-13.580175096360476,-15.20629211628645,-14.621001999872622,-14.212867576667005,-19.28192242717147,-21.584357285674024,-19.11578628391574,-15.47738435786772,-11.132573521197987,-14.777713368890097,-17.34504346265703,-18.116223273215347,-14.116254620940557,-14.19763873205214,-16.21369286084644,-16.887848849938095,-16.530288069955798,-15.818243485586805,-16.982915706426095
-8.46868275597123,-7.769975855831411,-10.423490330310468,-12.2685032318204,-11.43392031783187,-9.971465209799316,-10.044003677157697,-4.688932600087666,-9.781859119493218,-10.920744850207829,-7.576650613229716,-11.381282610153926,-12.176379725489042,-12.50263416524278,-13.30571998288132,-13.53630902346557,-15.74167121543409,-11.546641131997792,-10.330357797222698,-16.83207110242113,-21.060788595169964,-10.578372832069952,-14.551357217317694,-12.678547073602683,-14.666872109668548,-11.093128470829136,-14.823644730980886,-16.090548863272573,-11.693624196045285,-9.924489832114887,null,-10.067731025557169,-9.806952317705246,-8.180440877673938,-8.236620449940506,-10.592452194770042,-14.679264501522562,-15.466077764388409,-17.565735662025087,-17.948760858431207,-18.268230344076215,-20.553453592823914
-9.555214575393794,-10.963447127508053,-15.183409628968406,-9.129922218223383,-9.377107297344043,-8.63190835111331,-9.894098532695555,-8.296146954860816,-8.852829478447127,-10.631071755977764,-8.9433313501414,-8.655643328604569,-11.426878224592123,-12.115770706684449,-13.065149951785054,-15.36222339091241,-15.146450062189446,-13.854638726054487,-13.319972812538897,-15.339146206588907,-12.956898348432228,-8.622467190381025,-10.616050524867948,-13.618611098279166,-15.169254541327819,-11.98032348327424,-14.022802099264371,-13.758958735464343,-12.326036159623236,-10.822858818822809,-11.350357677147603,-10.49790582368967,-11.241735961236754,-11.067034086476728,-13.913120779218614,-15.428627655500781,-16.971275362470756,-15.46083871146605,-18.90150086316408,-21.06590121744794,-19.395932803247423,-21.28139958616734
-7.210223828141478,-8.4812099233714,-7.520071429296463,-7.300599955066753,-8.584511191597038,-9.558887151543873,-8.596721463018785,-8.517007289359753,-11.677240415212362,-11.607210707132872,-11.652293999398836,-7.16154106857589,-11.322507789864144,-9.354736841346956,-13.591349869064178,-16.032722535194477,-15.380347207815849,-14.940304403695764,-12.70555605787024,-9.065129489346809,-13.78358934707153,-11.411694567695122,-7.83626255883067,-14.33200114578786,-10.9713429077139,-11.89983037113114,-11.537990568554013,-12.915323411018305,-14.171179627926382,-10.463480419352392,-12.201307213126288,-11.766205348723513,-13.10980186398243,-13.158824559726796,-13.704104301174585,-15.02255062763306,-15.633106908315058,-18.707728840024785,-23.84946729076776,-22.697258682055384,-18.600648321739612,-17.983658346323676
-6.39007658403837,-7.838787950218384,-4.998914137521158,-7.48926801841051,-9.19803362607427,-8.802608270587696,-8.542951306664769,-8.460892386355464,-6.029059711939784,-12.982680565575302,-7.028352890426929,-8.31631923631586,-9.226627151767051,-11.768993705196275,-14.70162150718265,-16.180351308161896,-15.055958950260326,-12.569775906152211,-13.387457036004466,-12.040809875925172,-9.611329024162984,-10.685569673576676,-10.63073569287931,null,-10.749575660561824,-11.33802550077084,-11.155233112227155,-11.111769304744652,-13.252617391445577,-12.766214125474367,-12.752730320015207,-14.45069795569639,-14.754257046800225,-12.034662092828706,-12.270031673199806,-13.660059488898398,-11.198912516616307,-11.657302113005382,-11.224923540180782,-10.293564465835612,-16.739272668368372,-15.131341851756279
-4.931224780645168,-7.397850172391863,-7.2682210949607615,-6.638519758211753,-6.4425463700876575,-8.920309165650009,-9.098024321793844,-7.82486224804634,-9.291427378596484,-7.497578212745459,-5.018503758604517,-9.71568344148824,-8.803468199019095,-13.650523348180826,-12.73123384291331,-12.638943876753476,-13.530619614534745,-14.012518518489648,-13.99164308658692,-12.227506799179652,-10.179353876200155,-7.506075323315501,-9.528730047386723,-9.967962533715662,-11.4990168616587,-12.933585783399375,-13.62974899886884,-10.56600283965859,-11.70243391053217,-13.107782039981707,-15.548881605030546,-16.992354091754816,-13.985419450268243,-11.215774797165768,-14.3993950004884,-13.204846875609444,-12.707487286224845,-11.155692859009662,-10.575498450326299,-9.788159646529758,-9.75189031147426,-12.19767078738749
-6.746485870100864,-6.5017153922837405,-7.223508531345672,-8.859873150343615,-10.064575454461686,-10.107224288408966,-9.82909321997979,-8.82554553566423,-7.983000380250283,-9.623881306928684,-6.390871207497643,-6.850490849315669,-9.299915296795286,-9.094642318833747,-14.967481879092212,-13.090293561866359,-11.868763939970886,-13.22114326250669,-12.48941696272714,-11.825260482700065,-9.395717055639638,-7.961729943926949,-14.101361415422497,-16.600214711131937,-14.414013010825473,-17.931207090895413,-16.14445810597553,-11.58142223093945,-8.62975248991856,-14.941835156386235,-16.08813976438054,-15.349343168120122,-12.764181598950488,-15.367111823994094,-14.728386257573543,-14.489644589232878,-14.542071474539538,-13.584394705552015,-12.399456925524866,-10.383139658036496,-9.482426002474707,-7.333456644744251
