public/json/wind_2018-09-1523_925.json
{"header": { "discipline": 10, "disciplineName": "Oceanographic_products", "center": 0, "centerName": "Ocean Modeling and Observation Laboratory", "refTime": "2018-09-15T23:00:00.000Z", "significanceOfRT": 0, "significanceOfRTName": "Analysis", "parameterCategory": 0, "parameterCategoryName": "Currents", "parameterNumber": 2, "parameterNumberName": "U-component_of_wind", "parameterUnit": "m.s-1", "forecastTime": 0, "surface1Type": 160, "surface1TypeName": "Depth below sea level", "surface1Value": 15, "numberPoints": 4800, "shape": 0, "shapeName": "Earth spherical with radius = 6,367,470 m", "scanMode": 0, "nx": 80, "ny": 60, "lo1": 109.0, "la1": 20.0, "lo2": 116.89999999999955, "la2": 14.520000000000117, "dx": 0.09999999999999432, "dy": -0.10000000000000142 }, "data":
[rows 0 to 19 of 60, columns 0 to 44 of 80]
null,null,null,null,null,null,null,null,null,null,null,null,null,null,null,null,null,null,null,null,null,null,null,null,null,null,null,null,null,null,null,null,null,null,null,null,null,null,null,null,null,null,null,null,null
null,null,null,null,null,null,null,null,null,null,null,null,null,null,null,null,null,null,null,null,null,null,null,null,null,null,null,null,null,null,null,null,null,null,null,null,null,null,null,null,null,null,null,null,null
-0.7127246223507652,-0.8433309681536333,-0.6145672681905683,-0.7555573504439159,-0.7451776748540988,-1.7971654806377866,-2.597797011884207,-3.244487631862105,-3.52586284362913,-3.0564999232148296,-1.989901615849896,-1.3893236146801153,-1.2668973750371302,-1.0475911644040958,-0.9980940839673363,-0.6192802552084137,0.6091642770981316,1.0825805905097627,1.4594593527037483,1.2933693497514096,0.35928609947541035,-1.142464818460507,-1.0771619199571392,-0.6264312231527589,0.24999375891855904,0.6033815608155781,0.8932802283879988,1.4855996542650183,2.1669104734812907,2.689005765670637,2.8136618292880207,3.061517857972061,3.4217397512198087,3.701947062032348,3.6807145515035176,4.3626273316939335,5.467294784386466,6.096865650873285,6.396877359847187,7.486510654239688,9.186568291852574,10.62168036422048,11.625923616341606,12.290468472362814,12.947020641039352
-1.1284289108510168,-1.2960932561624863,-1.6474393718018139,-1.3581677065463182,-1.895025841003426,-3.118044559503804,-4.066613535738558,-4.414400201847946,-4.4350572714049745,-4.623050057752366,-3.9820230618704078,-3.81305441315655,-3.1814068501224697,-2.9548377803063657,-2.7381503520775534,-2.474530754895074,-2.077564714033618,-1.3710221028021667,-1.7170421359312764,-1.9804432830992325,-2.2103909909860846,-4.276358162797408,-1.0604645510305735,-3.2123448680233557,-6.276634587276982,-4.723717835269824,-2.999399540109607,-1.0555105998323413,0.753278113543107,2.297119961623904,2.612223030633783,2.7860397425004306,3.1334999327888147,2.8700478048768403,4.425322529188443,4.629499769351322,6.895055844768823,6.180317638830583,6.3403889184976165,8.404879912437831,10.110087937355578,14.19392893549529,15.989521587340521,15.791167893151307,14.816381747927304
-1.4444577243205097,-1.4437035344971094,-2.167364942291066,-2.358060464133449,-3.0372921137908815,-3.720118819894061,-5.07572410140618,-4.8928901913099505,-5.71640793723275,-6.14309551973046,-5.875892925657791,-5.204808927762198,-4.650706279622581,-4.845286716658783,-3.7125486646981494,-2.34819879966643,-2.6179951837520004,-2.983703192309144,-1.8556588419987976,-2.0150004472163103,-1.7554300477287041,-1.3782795222472233,-1.280600023321888,-0.3232036700512062,0.9581793338606815,0.7766499416816541,0.9400875338974906,1.2850086290167733,1.9297118162404048,2.081011448718002,1.7353893234425974,0.7135496566598539,0.6737218748458608,1.6888012366816152,3.0536294587912876,4.857182036485673,5.821049876016532,5.416987265399884,7.362694318232923,9.34945785935341,10.869702477049284,12.447410157946173,14.760643434011099,12.50276491294442,11.30520737118417
-1.5359104534990997,-1.6185963246488408,-2.6626019164133545,-3.1672248420476175,-3.7113287658577145,-4.731536609726399,-5.737760929439713,-5.349009023415288,-6.368495418170484,-6.670019398491823,-6.167360511577167,-6.113202109373493,-5.333633147748835,-3.915263189212169,-3.340747058562671,-2.3216312300575646,-3.4881543254598415,-2.742487696402696,-2.2702819376782704,-2.1950027035922335,-1.697723090401916,-1.5489033882453405,-0.7714838979114493,2.4173765457544407,2.9789998516712703,1.6350161009228052,1.086895012719998,1.4002426324641566,1.9622120813017134,2.0146814638093202,1.259436772170854,0.2428282136444015,-0.013454567178591642,0.3635676086382451,1.7617623365033548,4.156877885316499,4.995005679656713,6.518045485798394,7.1297089168738985,8.499986708584123,10.2891962181619,11.104074519064962,11.170172907118696,11.332828467248188,11.823304076581678
-1.7074165738252858,-2.083341466946314,-2.7550781073619133,-3.75571384148512,-4.3073176694612005,-5.049746968153784,-6.154007272831066,-6.0744182816308925,-6.567477178251819,-6.773545071510225,-6.962511431755272,-6.748173087998822,-5.256327438612347,-4.089670198401645,-3.030246098228222,-2.6241611915433896,-2.891158494423783,-1.7472501270554566,-2.191543090669847,-1.351377756349526,-0.9603047257178933,-1.2945698800214267,-1.1280709745081592,0.057346937539014195,0.6613823893474587,2.243628619883888,2.4158545564028886,2.057049473316886,2.6102609158335914,1.8738571932551842,1.3135876309340064,0.38977430841752325,0.7254917233429345,1.770615647017894,2.9936242685558296,4.3288223823867105,5.278354403560936,5.524755851180521,6.552584772622859,6.706296925691311,7.822851742926571,9.881472820285119,9.509688376180081,11.039202490864236,11.94796582730983
-1.7612258557676852,-2.480909941848058,-3.0221571226930104,-3.995574225981188,-5.062646324692828,-5.523970262260395,-5.738495074949659,-6.514027515455682,-6.49336599227807,-6.874172514151516,-7.7964855094163035,-6.545234586779145,-5.527761255687171,-4.1829067367283725,-3.0848139722203753,-2.3105069902005306,-2.2860338867705643,-1.338634739844331,-0.9153648266859412,-2.096694535356849,-2.6403180452351545,-0.9249156212727503,0.32276896924680115,-0.5798198826151101,-0.2568074483036701,0.7473078959798429,0.7901332799731434,1.307347167383134,2.0073451171382217,1.5062818813133434,0.9775654917451895,0.6765933873578827,0.783219098124217,1.4373390944449205,2.0052941695103104,1.4252472241297702,2.755119400464741,4.435206782117368,5.437732820349211,6.88040190735774,8.405281400309894,8.439976972093696,8.626955673101367,9.094241243530218,9.349143091353758
-1.7959797188581157,-2.928100470014734,-3.350578116344849,-4.002568127032398,-5.133948661556196,-5.823627547516997,-5.835345259326523,-6.332518697775034,-7.128897411164687,-7.591864884418408,-7.466046436637372,-6.183002943386029,-6.038723090026303,-4.861548999397517,-4.35009892290183,-2.1805465969539695,-1.116445531457735,-1.5501046067241262,-1.2624821940978055,-1.6788676965723075,-2.3982573754177303,-2.944106735420654,-1.9680028921893111,-0.31129502505221324,-1.276469548222014,-0.6857940825283284,-0.01467916849291337,0.23276728946666317,0.9356828727489196,0.38689940923259847,-0.01845097359955138,-0.6163292239847891,0.17348575441608466,1.222137257821944,0.11269967716477003,0.9293544473604904,2.436163382740989,3.664006270830148,4.815733964088587,6.187447671609253,7.264326887122099,8.125592481637957,8.674155222618552,7.116979454890572,7.564817473230723
-2.2041052660286606,-2.898827257706665,-3.6687963984912932,-4.298096810743223,-5.122651410126621,-5.708032615148756,-5.953039292032495,-6.001190712431957,-6.980710429846604,-7.168528610322684,-6.86858023907611,-6.286581088689307,-6.47508530604177,-5.941018669966153,-5.355127342176585,-3.1461933646576434,-1.7840124216714772,-0.6239959413136921,-1.146752137069576,-1.3376281287623213,-2.8400478960133437,-3.988636881933418,-3.162215562408557,-2.4564666057682634,-2.3090033611870875,-2.264021421867257,-1.4359847281679212,-1.511966895858082,-0.8730300487466909,-0.9128937133226241,-0.9753244443793873,-1.5958995764700468,-1.2647958761829043,0.42871430082341433,-0.24121957161880053,0.5108307152150617,1.8232158663344462,2.7101307904128364,3.7517507726828123,4.589710548365212,5.881820196123761,6.430956688294898,7.090698154590074,6.8392796177399005,6.077066948431719
-3.104457507445225,-3.5202763473226284,-4.169232259876015,-4.949760877322795,-5.427455954353214,-5.600413956339188,-5.942821351587948,-5.600710644239866,-6.721660621739047,-6.996403175345602,-6.966937108590107,-6.915525316168502,-7.177086242535894,-6.816325654080194,-6.181154647179476,-4.754818298805618,-2.7304927607406624,-1.3164280652898135,-1.5665579772938536,-1.2410934909919742,-3.704471111671234,-5.429414459161132,-4.549983279691651,-3.698679749330254,-3.397543333491104,-3.3889640112746893,-2.4394543783795055,-2.229074802616395,-2.227496245399597,-1.6865928228202918,-1.2732826238344257,-0.9423750038173188,-1.3531063854066736,-0.6155288919814008,-0.6858556027165934,0.20607959244384574,1.3653221655279641,2.2116906707929975,2.934238349374891,3.737569822378083,4.636475408307694,5.361583915928447,6.154946690187463,5.907400862638132,5.156397591950465
-4.461968024948118,-4.634165326149122,-4.89383526412821,-5.627472457978005,-5.908033063152662,-5.621627844790951,-5.846447052055962,-6.251161654417626,-6.141391132209194,-7.198582667943145,-7.0071188500194435,-7.122813142305068,-7.279791904071133,-6.573265050735001,-6.076097467115464,-6.090454350168055,-3.6917196324061736,-2.297683866094858,-2.213053579934716,-2.6053240226919776,-3.6645606001494118,-5.250997129523893,-5.622747513876411,-4.958801237151299,-4.476810770806052,-3.5826344856509733,-3.0879778130902213,-2.839163259819486,-2.7874971050927293,-2.364457918533897,-2.2355240072790017,-1.9802295152928633,-1.9728493741855837,-1.418029742740463,-1.3086338597022396,-0.6583341433294294,0.1542758077421459,1.0219578247505763,2.503382765323834,2.4231351811830835,3.1208021841401896,4.691566616892432,4.733693826280087,4.172709067734195,3.4164479747055223
-5.574834932248988,-5.869163610702785,-5.964989928313322,-6.342917555699275,-6.328340509161228,-6.312129837546005,-6.09916921665424,-6.4470352036371334,-6.2156812021280246,-6.962078092403585,-6.9647124339737605,-6.715051204938578,-6.291395291028403,-6.80396838084613,-6.746381039642015,-6.9189460761065185,-5.419379710664092,-3.116571993717252,-2.7796005116048437,-4.134745541601888,-3.3091548929179573,-5.201867589973062,-5.736833352301055,-5.717709765247684,-5.1319460557710475,-4.4923439507172676,-4.093823380330779,-2.799357924715635,-2.572985657240109,-2.549676294631959,-2.2473371493414835,-1.7615805611787934,-1.1495681773952842,-0.9546190414676372,-1.6410238326961768,-1.1750837547169275,-0.43681718279991033,0.6120976978696328,0.537475163097013,1.6972028038123563,2.1780859037983635,3.8006990180899756,3.669212777529721,3.3766654904574187,2.494306377235638
-6.582118583553822,-6.754877944497851,-6.941873283515866,-7.186348013957652,-6.887683577907948,-7.170263099529993,-6.658209447802953,-6.755628251511771,-7.311883595059891,-7.14198902536912,-7.436996193363765,-7.144650201537193,-6.939331464151275,-7.554833354241564,-7.198573501281306,-7.2098530319334495,-7.4578681522391,-4.480598630220309,-3.324814609796822,-3.4530062505717654,-3.6360386147600376,-6.488331208169778,-7.307187582439866,-8.46991509987943,-7.268413419865548,-6.685262242837439,-6.0584731913464855,-4.821328683779541,-3.9065261540726146,-3.76823218066513,-3.3782790809527485,-2.750716792756213,-2.406151693357206,-1.7316243827273374,-0.9509665534574044,-0.8063263376118404,-1.079605047333057,-0.5083207134449403,-0.6902291515644217,-0.06370095805740152,0.6414772041620702,2.668997991210757,2.29951493428223,1.4478321615189702,0.33399546138183345
-6.948618062820672,-7.086348580758532,-7.610771385131731,-7.568801559877841,-7.388971818549444,-7.522036924954454,-7.611816393633877,-7.205708843773271,-7.729543914997924,-7.677655645793615,-7.801596808565481,-7.4659395663164005,-6.942732876619046,-7.270738460709622,-7.253131396514008,-7.037967074008942,-7.851393385661145,-6.830612013954586,-3.187965094937364,-1.6516342703985942,-2.931608699660888,-7.75981799761599,-7.913865370290413,-9.346350879921765,-9.718221616162808,-8.459473873683153,-7.136989723914234,-7.1821263084156515,-5.233493783852504,-4.968352316847835,-4.379889362879641,-3.9660709609495672,-3.9815858879335604,-3.496269484981647,-1.888597404566993,-1.6190045999806328,-1.8944537340435967,-1.3124619660108152,-1.4160716424939863,-1.47847844542622,-0.20380308254554427,1.8720628560488892,1.5149730646726671,0.790248084153147,-0.03667786612949771
-6.303345383451265,-7.519913887175726,-7.606980440540044,-8.039456050079067,-7.676839838783207,-7.535159238362696,-8.484886932100506,-7.476945725838465,-7.732081204714893,-8.33673224437348,-7.762360842883136,-7.8408463857423865,-7.55902482809527,-7.340688506997408,-7.379956260295776,-7.554650444220538,-7.175823672074861,-8.256205397393737,-4.931228622757781,-1.6285825847441249,-1.248089436175847,-8.476058779291245,-8.508190404792261,-8.516776207044732,-10.418783327529134,-9.775908978164674,-8.539811746161346,-9.097731708509404,-6.312665838259955,-5.601129396170929,-6.114753050893625,-5.750733529995739,-4.826229556233228,-5.501897296702822,-4.387602149437873,-3.454346465674218,-2.5824236023670655,-2.3662925887014903,-1.606373273572388,-2.3013382383887304,-0.5468373094374372,0.39051426985543186,-0.1354498679940132,0.05530427998708663,-0.7424397398995504
-5.553044338099202,-7.111653090557193,-7.829786040098272,-8.37760198481696,-7.894246845999117,-8.098139703431668,-8.689703150887555,-7.765700473139322,-7.720097881514065,-8.541808894301528,-8.434765262228892,-8.138468270425276,-7.7654431701529205,-7.5864464082249645,-7.29634248810154,-7.174685121492473,-7.509361211537909,-8.070062924252959,-8.379388104512346,-2.7516374036130316,-1.7334603372683703,-6.920207285782871,-8.79297170413252,-7.240264353178908,-10.214117618451185,-12.043680039503505,-9.697777607717098,-5.442634459706948,-6.490466872778642,-6.992127218025309,-7.088274458932684,-7.209625700144162,-6.637388774463348,-7.1405984885833265,-6.3513479325308,-4.777273861714741,-3.3928651441192756,-3.2936119207259256,-2.216006250604498,-2.901007770378455,-1.2892863024788965,-0.31727916615891216,-1.1101407961115666,-1.0374036556831667,-2.4564399660774225
-5.17632138183274,-5.993623578451576,-7.486932528263451,-9.215902330608259,-8.636936458466517,-7.877700446914945,-8.677606298995304,-8.485575502167086,-7.856690394548171,-9.025095775286044,-8.951771254750632,-8.252461116689425,-8.070148190270794,-7.428416247633248,-7.668613341162455,-7.18368747604004,-7.7295197811191745,-7.876519437354604,-8.753784162904534,-7.293260824799255,-1.0434665866995885,-3.2379688483370352,-7.836969931545388,-8.68697021159789,-6.910760577838581,-9.415425866991004,-10.010409974452886,-8.302474628391751,-7.927242481596297,-6.584182214157275,-8.306793410263161,-9.25497115509183,-8.449162083775214,-4.8634724175695325,-6.416017038014326,-5.802350331991957,-5.421989319367632,-5.142034209371434,-3.6772435488674193,-3.4014335013520793,-3.5486243486526896,-2.0814559613660673,-2.438665170712003,-1.9310471125871456,-3.2104420934586213
-4.930866405383398,-5.479294327488167,-6.814973131628278,-8.623764718609776,-8.685870515187938,-8.453897764506316,-7.377011181075093,-7.595705564760504,-7.975580563967722,-7.335478957690394,-9.35676247138197,-8.500539561669124,-8.161912522194942,-7.573131243282416,-8.462665055505283,-7.955818144296951,-8.848895799468526,-8.552180327009973,-9.443911237969772,-8.29136384636284,-4.878710705147938,-4.87278125107221,-11.508458767244731,-9.392126703994112,-5.208113678317212,-2.884437660239362,-9.644617243505934,-8.956095095464033,-7.237675121174531,-8.18679605931473,-9.481822895085736,-10.228132886432148,-9.655738678406392,-8.585553887672363,-7.511238660106119,-5.358142119789916,-3.992522642551785,-3.581052571411701,-4.338785786833812,-2.3015649820018917,-5.413597811583988,-3.7414152771815923,-3.1046233038897126,-3.0427901566969666,-3.7850090164946906
-4.674928816280202,-5.10498645148637,-5.902685363306151,-8.177359602271915,-9.012819328814036,-8.698182118317819,-7.99139452563662,-8.419631839630732,-8.101866304973592,-8.433060737775437,-8.574412824831786,-8.10982073345598,-8.328463147095167,-8.145113886862275,-7.853908378118926,-8.313207207582165,-7.955809483877022,-7.980427934932547,-8.012129268331506,-10.253395172109908,-9.459935842178412,null,null,-5.52864020545894,-6.498407910158441,-7.833400446664933,-9.055865436551583,-10.337364294056831,-9.246523858116907,-8.505743668717518,-5.73830304989612,-10.54140305483147,-10.624488805717178,-8.8255480169683,-8.818748900639445,-8.052883782249385,-5.618253890265541,-4.814579697334242,-5.369108785732121,-6.129810988869439,-6.456842329321033,-4.628529664511644,-4.135564212064059,-4.4946239569807,-5.045485252796177
