public/json/wind_2018-09-1513_700.json
{"header": { "discipline": 10, "disciplineName": "Oceanographic_products", "center": 0, "centerName": "Ocean Modeling and Observation Laboratory", "refTime": "2018-09-15T13:00:00.000Z", "significanceOfRT": 0, "significanceOfRTName": "Analysis", "parameterCategory": 0, "parameterCategoryName": "Currents", "parameterNumber": 2, "parameterNumberName": "U-component_of_wind", "parameterUnit": "m.s-1", "forecastTime": 0, "surface1Type": 160, "surface1TypeName": "Depth below sea level", "surface1Value": 15, "numberPoints": 4800, "shape": 0, "shapeName": "Earth spherical with radius = 6,367,470 m", "scanMode": 0, "nx": 80, "ny": 60, "lo1": 109.0, "la1": 20.0, "lo2": 116.89999999999955, "la2": 14.520000000000117, "dx": 0.09999999999999432, "dy": -0.10000000000000142 }, "data":
[rows 19 to 37 of 60, columns 0 to 41 of 80]
-8.434430946503914,-8.335290981673765,-8.403580890968072,-8.81271122679977,-8.953550687822014,-9.120691821580262,-9.388177062589207,-9.643506765230097,-10.20343972314062,-10.475796733521644,-10.037341426932441,-9.780469981657804,-9.838001921750543,-9.73876908636811,-9.142653513397917,-9.336980273922181,-9.263081362910322,-9.56849380981645,-10.153041747036665,-9.692840045596578,-9.5294169183614,-10.472001143348958,-10.064209123959355,-9.956654257468978,-9.640937084037805,-9.63938427993103,-10.08328996469145,-10.504211258819232,-9.814882600064617,-9.521301780329624,-9.794190072803394,-10.033107689047766,-10.724635637679475,-11.362311919827453,-9.099196277296974,-8.952293336284672,-9.86245965617628,-8.305401233186577,-10.484248532572087,-9.060311189118611,-9.000231246376554,-9.168317064768349
-8.197914246984308,-8.712735072577647,-8.76466228037689,-8.130380975855317,-8.782239107272344,-9.36727183164615,-9.442740364328053,-9.501155968545543,-10.241067828374037,-10.770328499635085,-10.457980590477524,-10.045401512997582,-9.811394768243263,-9.442427256931188,-9.632142199990975,-9.260604467056204,-9.057621519204641,-9.361289151078065,-10.269799472167746,-10.131905702222834,-10.301605320517151,-10.647163241554209,-10.532112955637059,-10.323789948573712,-10.163204115647972,-10.125371969571816,-10.256901273997574,-10.83727202028569,-10.68016911662934,-9.981649052534493,-11.361742214577436,-10.79253733849367,-10.493328691958057,-11.212650604479387,-8.783095027658064,-10.213686177222527,-9.57466936241953,-9.89803145113082,-12.183028245201942,-9.60120639611286,-9.446138644858936,-9.582617012014717
-8.826614924426469,-8.778863271105186,-8.941099626845233,-8.873630719393102,-8.774850328581055,-8.774804691556408,-9.215298425853817,-9.420345268784938,-10.546460915819438,-10.680005196529791,-10.66237777265434,-10.422526129947512,-10.253371003954596,-9.878973439610501,-9.630584493326905,-9.822081613707006,-9.432639863096341,-9.379791903160285,-9.816988350404246,-9.663887284286364,-10.280984399667453,-10.495751460655388,-10.466039013236925,-10.629208393679285,-10.778519205912936,-10.482333316311555,-10.674413286516046,-10.84600218458273,-10.552728531763501,-11.215080726928619,-11.305143524917689,-10.676133466483847,-10.723715209806644,-10.776839162365906,-10.30367353314165,-9.890300809727375,-11.377670700005025,-11.412725871515628,-9.665729795891615,-10.828060436182085,-9.454341760209383,-8.864377624123517
-8.489677834447786,-8.822323082264203,-9.274151029425802,-8.823542196562853,-8.852790488179176,-9.090839918952655,-8.889848837753838,-10.139275290984537,-10.344256375232682,-10.33826834653511,-10.787116871441746,-10.517331055266483,-10.206369304493222,-10.005032686339401,-10.057206769112877,-9.714970980634776,-9.847418931656403,-9.706780690808895,-9.900451101841607,-10.007710964430323,-10.097131108877372,-9.974814801234087,-10.202097919430564,-10.040623672772536,-10.992554563915489,-11.225768183557268,-10.472586430390738,-10.88312198404706,-10.580104502560555,-11.408404278294933,-11.689645032098664,-11.203010842460834,-11.946827487060173,-10.949444132049852,-10.308633755510265,-10.300385629195263,-11.504785098099791,-10.226029912270324,-9.570840879209438,-9.205174918933642,-7.517319594965883,-7.96417524335504
-8.436741969105551,-9.252358345434995,-8.945552464011712,-8.870257543333922,-9.086066837721846,-9.173853276854766,-9.40804240786115,-9.979022105512556,-10.343359600210587,-10.337614741739284,-10.818002390226676,-10.51789673897656,-10.292709921431886,-10.229321353294566,-10.123975539371477,-10.058767526459931,-9.615670284059673,-9.614463465201226,-10.203965533203906,-9.935411545428465,-10.049919871954916,-10.440882950244617,-10.808912209324149,-10.978486392524161,-10.634098629113781,-11.360580170777975,-11.117498873928424,-10.421678770867114,-11.071838893166571,-11.880439904687853,-12.099288497528898,-11.758492004383465,-11.455666738106064,-11.464143820616398,-10.634271782784845,-10.321274446962342,-11.055189561743594,-11.679448622299784,-10.953707387111615,-8.165232994725613,-8.135628547128544,-7.450035857891912
-8.406539491157423,-9.013759615414376,-8.79258404534389,-9.177236752079088,-9.202897277417403,-9.754626194917957,-9.948709947463728,-9.714640288274456,-9.83427138013023,-10.717002374776419,-10.732482915411055,-10.627358635555611,-9.78355960677213,-9.622379575322348,-10.163748141404454,-9.875171518079718,-9.630949323017344,-11.227159179877075,-10.136709135642837,-9.79692733415649,-10.521489687140143,-10.23425890538974,-10.93346058260571,-11.5495582000998,-11.129838476380685,-10.904185436332954,-11.393406948683142,-11.1474485118979,-11.856047581605957,-12.407817611475773,-12.582936386645333,-12.438115452144235,-12.148963791632669,-11.087508033328593,-10.53254903505659,-10.422261956669207,-10.387399819059752,-11.672874663328098,-13.065129122363743,-10.127165320090263,-6.499607564383423,-7.662051164178946
-8.343814449898382,-8.902078575758491,-8.94688519703026,-9.28660781649872,-9.792536106890228,-9.954587133435492,-9.779176431191507,-10.23367331490941,-10.495884049525309,-10.18885556061065,-10.088990351358921,-10.332827487799733,-9.849763112607892,-9.475867488717896,-9.546516776270135,-9.97370325337992,-11.478793251694906,-10.79447060326307,-9.410715596903072,-11.131688306385666,-10.9538333275181,-10.649530974910377,-11.863776893279478,-11.569085316324797,-11.439461235271091,-11.298976432785821,-12.062026627656492,-12.026171014858647,-12.174914556132613,-13.6026581367852,-13.285354341071862,-13.010280888595155,-11.709006108980983,-10.826467572462963,-11.000086951203015,-11.140709732242469,-10.146732682146675,-10.902475473292109,-12.810736332744879,-10.533116538107222,-10.324494454923547,-8.011935802949978
-8.331559401545029,-9.2750612310264,-9.080762319570189,-9.358604685277053,-9.61395059146442,-9.470213661333252,-9.912649676358768,-10.483257513467144,-10.503676498289128,-10.472824402615164,-10.461785238283104,-10.436441073223431,-9.674946426448187,-9.722805011654204,-10.432796702168696,-10.418617477364577,-10.313264476141285,-9.54188865208129,-10.58347726605533,-11.027122693437027,-10.652834919247255,-12.182247987914291,-11.766545899625358,-11.755785533760902,-11.34576187416504,-11.537129623137035,-11.503025143043734,-12.27376904314228,-12.806427755479778,-14.353525935838702,-13.892421045357876,-13.238163166622602,-12.130288924964916,-11.792362320655855,-11.635706859977162,-11.359142345414048,-10.808524849750878,-11.036871251714796,-10.612158682007813,-9.56509662333348,-8.483218938313929,-8.820006992025888
-8.434783392089612,-9.204575262826689,-9.249871959656177,-9.136266706855546,-9.566137790029385,-9.710813257232145,-9.89662536220854,-9.951716509276912,-10.20627931666757,-9.954301964958324,-10.856011589971324,-10.732922651032087,-10.082106464095471,-9.973982381049389,-10.25975503822686,-10.690954165715949,-10.188280945915123,-10.338386513064595,-10.528697166849017,-9.986700953962167,-10.964189919474846,-11.31302173463061,-11.761981771053721,-11.90755353422011,-11.791805163454544,-11.501308838687116,-11.486089941222911,-11.839341008593781,-11.947336687434046,-13.0885544060641,-11.5909801786713,-13.026053350956232,-12.614861041637909,-12.498628255780055,-12.803675046879356,-12.230228365556142,-12.127418630781358,-11.875155638339013,-11.29069409087844,-11.142698407889423,-10.13542371226502,-9.780193397445268
-9.347480780605656,-9.077880042902132,-8.769135553021322,-9.23305439864812,-9.664076870602933,-9.790655586302607,-9.982875202111348,-10.199713005080053,-10.218303847440584,-10.568424294678831,-10.45819289758367,-10.32127317684708,-9.390356858181718,-9.698100813487642,-9.944881845005357,-11.198678728340449,-10.009090958930305,-10.389428866591924,-10.268228823855605,-10.737436699196543,-10.339512332948594,-10.914139285890569,-11.710811420393824,-11.971219200319506,-12.454938536127095,-12.544909193648724,-12.548774756573968,-11.464261439291093,-11.173052310068504,-5.1519992485013715,-12.432199855627132,-13.948709037982315,-13.008865883908475,-12.984815025404693,-13.329968776192814,-12.985379518145066,-13.018591060268403,-13.435434605590967,-12.94993475734162,-11.619431176952865,-11.33605948636654,-10.141032299551807
-9.704514545734192,-9.23255461724098,-9.162090096051093,-9.381075761490893,-9.863576958422943,-9.950038440142901,-10.12796703368714,-10.604275670008795,-10.520722877182637,-10.614219105527802,-10.59153169724745,-10.25896892861529,-9.454033086000832,-9.462940821286015,-9.818640720704726,-10.364258110289267,-10.022078691791076,-10.316327644416276,-10.289981133365602,-9.916501935880675,-10.424590456422743,-10.421056970545173,-12.060755316760412,-12.23917841887934,-12.735930211948354,-13.4978243551443,-14.150272550859246,-13.31340371580706,-14.056314182629592,-13.677169342004563,-13.86411854390077,-14.6949933706,-13.76683893788022,-13.391193717917425,-14.207809562360648,-13.870545212542103,-13.477615063981716,-14.492992197614505,-14.151599727988103,-12.920115393211052,-11.730341599092853,-10.899609019308754
-9.138083594856539,-9.781241455812639,-9.595869334565366,-10.27621680929347,-9.570099133708055,-9.513323586326862,-10.152950805558447,-10.865529311232429,-10.626569109372257,-10.568145547490882,-10.557632236052033,-10.427222156478132,-9.467437583744134,-9.435262843766028,-9.890132480669987,-10.066712045693784,-9.82908718571272,-10.014520409203065,-10.0255891987192,-10.056125654910751,-9.448025661377757,-10.927616730981985,-12.148622824656336,-12.580520703126572,-13.243182761398675,-13.547730119505463,-14.280680389564036,-14.310587492156047,-14.13305456411379,-13.869377991543889,-14.185444971699209,-14.568457576410221,-14.062248648641225,-14.371375822353617,-13.559553830224738,-14.183410846596004,-14.809529177221588,-15.043337789330371,-15.136666080188753,-13.964055114115398,-12.6372848578878,-11.398569688922544
-9.478549844753122,-9.178933206145375,-9.648996376376477,-9.442553279163327,-9.246935461172416,-10.333926289461136,-10.338785013304507,-10.800858229440946,-10.665910320776932,-10.477616919514592,-10.441542024246946,-10.50458734611805,-9.651678591661202,-9.566366756437791,-9.893782517774218,-9.866488212104219,-9.783685989388239,-9.757674488831013,-9.437704991544976,-9.375696603413926,-10.477668959483012,-11.342227230167373,-11.44625963777059,-12.481726481865,-13.682835149554535,-14.125135552230956,-14.087725028727455,-13.46745905318368,-13.534968202338549,-13.29388216170521,-13.933086754700795,-14.774109689989862,-14.250760458386502,-14.770428737338039,-14.47276484026344,-14.920735373212608,-15.527590960924286,-15.4776742404033,-15.227918507556101,-14.006266505810839,-12.736785758863071,-11.247933730357836
-9.786519212212667,-9.027451994952493,-9.279512249340533,-9.609628265648421,-9.936996973497685,-9.910360719070324,-10.572408331913804,-10.82213396896271,-10.42928877728422,-10.474458938512665,-9.863755154986624,-10.533247439432479,-10.099460806125897,-9.590821553591299,-9.852577554189658,-10.070989430768718,-9.644090594067162,-9.593257759413428,-9.661618368290556,-9.925288824706447,-10.374450800337746,-10.75257745198497,-11.56266093831444,-12.229807654250303,-13.00654820743816,-13.5725098846834,-13.352839896322083,-13.64019971664334,-13.367590816631001,-13.336623378232847,-14.446953643757412,-14.244356568194663,-14.398254659274764,-14.78707494219148,-15.292158569023986,-15.416476805989172,-15.9845253920546,-14.985154773825338,-14.46649872228286,-14.347661236419938,-12.614302753356654,-11.220496430316327
-9.963633806572545,-9.304543736619564,-9.448875282824096,-9.023708517739296,-9.96655487706802,-10.52729494343459,-10.417371244119897,-10.201511147692877,-9.90203874918341,-10.26763310488619,-11.043918647318261,-10.179759625223513,-9.938389892573294,-10.187711290528542,-10.50519507198927,-10.146548367277484,-9.21800452653569,-10.256161143392532,-9.988473375827814,-9.873481583364615,-10.324270622754286,-11.130110168373099,-11.975602273079918,-12.063504985081625,-12.637217449276493,-13.268093115680774,-12.716690110446091,-13.457950400959062,-13.743717737093817,-13.624815559662295,-14.152256639103353,-14.302222705155256,-14.535172229077036,-14.732540525580578,-15.65906887231622,-15.034921361673165,-14.46736954881995,-14.81829205552775,-14.906407014212345,-13.037068748179392,-12.63385693626412,-11.333604166304038
-9.67785226034206,-9.531399738107893,-9.61714721563339,-9.66523558470338,-10.088540721243204,-10.002662053744242,-10.28424670042184,-10.468917407696045,-9.92450442609886,-10.10856334255872,-11.096974564641929,-9.894898969030802,-9.813379685983369,-10.086794401520187,-10.391529805014171,-10.586204291489548,-9.98265460059474,-10.748844535386283,-9.872377987046981,-9.49021743639735,-10.636441888721706,-11.032643363725581,-12.154439387306294,-12.63342335739408,-12.232000229326898,-12.435997302757043,-13.454880179074637,-14.024911841433989,-13.430012605118895,-13.14105553702188,-14.286650115282047,-13.857449504894616,-15.169552142968833,-15.441619032897664,-15.101376620383682,-13.801128075146954,-14.286669908977144,-14.29568159776856,-14.297415361619922,-13.758253171690855,-13.22548871070249,-11.765344746466248
-9.160258429306918,-9.56503636747122,-9.923511914495172,-9.86572703774537,-10.378099785977088,-10.567496655706332,-10.322903889194773,-9.896930561134594,-9.698686348734629,-9.839157959302247,-10.502090886561682,-9.487954609194695,-9.456524620471244,-10.04515685260997,-10.121035319223116,-10.883737758602775,-11.062338047217542,-10.767651153823913,-10.879470898946389,-9.80042164901474,-11.246448254598556,-11.594852133955072,-11.618977051344784,-12.035424651684904,-12.511972096421916,-13.373135278774964,-13.311637555862847,-13.326770214236058,-13.542490713330515,-13.39320725787996,-13.578709441823722,-14.109717079539408,-14.951761042523597,-15.538684882884773,-16.038330768259975,-15.01738988562917,-14.83293139993014,-14.542304323316191,-14.334866297207691,-14.145747232488912,-13.261170728815431,-12.177968380479413
-8.828896871150723,-9.171324182720937,-9.579672353875653,-9.91822033443517,-10.311111996598225,-10.434252960113243,-10.259621033439494,-9.41026207484774,-9.03898216627395,-10.570001802820084,-9.566425274419274,-8.8342808708672,-9.20817092662881,-8.987603846047833,-11.05912722586249,-11.479576891603763,-11.428949898313848,-11.183000097016937,-10.58126489560245,-11.186082466960958,-11.307476855228716,-10.829002383345657,-11.132564755009936,-12.05228045395804,-13.258511495662573,-13.235854088117144,-12.923676930346115,-13.212256413096984,-13.483261755284285,-13.28479777737315,-13.378696067782698,-14.098919662536513,-14.876796282002452,-15.49766559009013,-15.665240360276506,-15.337962279105835,-15.732392358017435,-14.835031998876453,-15.179123841762411,-14.568268754486978,-13.919856252472869,-13.113462388246406
-9.560820276188505,-9.033047518961133,-9.290085841472202,-10.019082627705702,-10.153530617622435,-10.017586085523558,-9.62953895807316,-10.508725955779392,-9.673697322900386,-10.049183057893785,-9.531191094440032,-9.004109742007364,-9.277073927770978,-10.73889385393931,-11.40846922899804,-11.679058602622336,-10.99209450549154,-11.766054791168989,-11.50244270040802,-11.768961011904768,-10.953173240202133,-11.211802268861156,-10.904422838076416,-13.64736666236768,-13.337610896391341,-12.978880692389717,-12.455322674155997,-13.40298599394478,-13.715960889283796,-12.617430432312844,-13.841172313627572,-13.709085195107061,-14.719205843567956,-16.1885038118954,-15.147453466360071,-15.874754470929005,-16.06742047722108,-16.308621521794706,-15.111962630470988,-13.950971529015398,-15.026804506548027,-14.55590830614547
