public/json/wind_2018-09-1518_925.json
{"header": { "discipline": 10, "disciplineName": "Oceanographic_products", "center": 0, "centerName": "Ocean Modeling and Observation Laboratory", "refTime": "2018-09-15T18:00:00.000Z", "significanceOfRT": 0, "significanceOfRTName": "Analysis", "parameterCategory": 0, "parameterCategoryName": "Currents", "parameterNumber": 2, "parameterNumberName": "U-component_of_wind", "parameterUnit": "m.s-1", "forecastTime": 0, "surface1Type": 160, "surface1TypeName": "Depth below sea level", "surface1Value": 15, "numberPoints": 4800, "shape": 0, "shapeName": "Earth spherical with radius = 6,367,470 m", "scanMode": 0, "nx": 80, "ny": 60, "lo1": 109.0, "la1": 20.0, "lo2": 116.89999999999955, "la2": 14.520000000000117, "dx": 0.09999999999999432, "dy": -0.10000000000000142 }, "data":
[rows 40 to 59 of 60, columns 0 to 44 of 80]
-15.415153378003371,-15.432527361381354,-13.85309424034921,-14.904843783541036,-13.967400136468687,-13.459103554674012,-11.372655071354648,-9.958773103935595,-6.252343647170855,-8.203053235828996,-6.406951867084856,null,null,null,-5.322295461405769,-5.966928098279623,-6.325887848152414,-5.705054236477574,-9.019811512728246,null,-8.434464516077753,-10.628641499428573,-6.817407085617404,null,-1.214323457777829,-6.537473247525714,null,-8.670500949204538,-6.4463163654074656,-9.09875662909545,-10.147877179529708,-11.921245310394918,-11.9938008932387,-12.344376125448267,-12.247405801213937,-6.739964312779762,-3.4695365471258373,-7.723942779040959,-9.69467677825619,-9.732582877735648,-12.389137993267536,-14.444435641986566,-13.785735570917161,-11.633177328467408,-9.383144427224448
-13.96655744066018,-13.856455060565885,-15.812513936935579,-14.993410856675183,-15.045357516577257,-14.12974839590876,-12.832091421935452,-10.948071696808508,-10.295106865979431,-8.525964682162456,-8.33206961031131,null,null,null,-2.509461862973332,-2.623105119613781,-7.198819931729972,-6.74159602969823,-6.073384121618892,-9.753860149462678,-8.361946126433379,null,-7.785534777416779,-6.247269926729227,null,null,-6.010631245016706,-8.622855867948108,-7.745618886615844,null,null,-8.105583164162155,-12.47554922800013,null,-12.218221472444972,-6.982309814758037,-1.9999274056756082,-5.7284767875092895,-10.808697256841246,-11.163766363949081,-6.761237116756618,-11.110919396825851,-14.746309336635267,-10.539512264581056,-8.40138735420108
-14.522274719480016,-13.375172426429142,-14.14415435168143,-15.096235054929272,-14.687246896777337,-15.697938386076226,-14.341709091136007,-12.765897726386552,-11.820591228207434,-11.501877749447058,-10.879045604304107,-10.629865706482782,null,null,-3.4984872079234997,-4.818264814270391,-3.1094182862554307,-6.163717485201994,-2.817383590545103,null,-11.072539459304082,-8.098186826884119,-8.290543187845163,-7.42017354549163,-6.761246722566575,-5.404290560904498,-6.794432522133837,-10.340512321514455,-7.770345970036077,null,null,null,-15.29375524232271,null,null,-3.7295436663503647,-6.612329150207833,-2.6291697817850297,-9.039790658801358,-8.10314993482608,-7.2832253580305775,-5.666761335664526,-13.180651573962042,-12.033209659787163,-13.049620721064269
-14.515599691279403,-13.805474266577846,-14.807439573453856,-14.630056167263003,-15.547896980908293,-15.631489522537164,-15.445994024542815,-14.63636469547951,-13.074568413712349,-11.643221814644724,-12.164111613665202,-13.164547717321568,-8.647801028102053,-5.010589959340175,-4.539550971790193,-3.4772198473611966,null,-2.0209134206434585,null,-3.7689373199114655,-7.890255666884723,-10.297296838355384,-9.880001859357995,-8.476388125520703,-6.584570410251849,-7.797601141547755,-8.290096916404483,-11.885019819767054,-8.610353376171187,-6.23745305001473,-7.95887911115765,-11.132693838788445,null,null,null,-0.12790738260886808,-5.575752355127501,-7.9917246401256055,-2.4005884097203776,-8.058198236255047,-11.933268374986906,-13.79574493966143,-14.453903491671502,-10.4477854088592,-15.437082436981857
-12.974392224727188,-13.428103246220722,-13.917590622091012,-14.813017762028236,-15.06825101083666,-16.081944522026028,-16.106748332321068,-15.869705479857206,-14.524280554033243,-13.31517341666906,-13.489736481148473,-12.825485705999915,-8.329758007370174,-4.936727803288699,-3.447201562152589,-7.8163381436054715,-4.94515304429728,-3.1967032395254007,-4.433343415130215,-3.469980891362087,-5.780555577361376,-12.403350178599908,-12.249492954599772,-9.886311692780934,-9.126698682103992,-6.901055258013222,-11.451515826060433,null,-8.680804204832913,-8.615120440887617,null,null,null,-6.733988130362317,-6.137903827226914,-3.4722273226275973,-7.092329069507381,-4.403437749031031,-0.10143777019731953,-13.160671236310375,-8.840747307566637,-13.07001391582478,null,null,null
-6.082591256029523,-10.019055577553296,-11.5637720459238,-14.214541929073722,-14.635429163142177,-15.980585145652856,-15.554687744011673,-16.48539827267599,-14.664581628543562,-14.610772219016093,-12.955979541781769,-14.264774713271168,-4.752414885264385,-7.325699591784891,-4.194588819668123,-7.163904294215775,-9.852731260482997,-7.049363484736853,-1.1457409884028666,-9.297503686879036,null,-8.937894800901336,-13.237709643971383,-10.995267694683855,-10.694859216313322,null,null,null,-5.5267407314913655,-12.111519410181124,-7.945894451533965,-14.316579710252297,null,-4.169624849227902,-6.593667523840901,-5.958767970791782,-7.359895181201995,-6.843455424171776,null,-10.806059241745062,-10.749533880723014,null,-10.117578938518887,-7.137946611899457,-2.9536099619600615
-10.72538557967777,-4.987521781924531,-6.241372765858257,-12.352537429630376,-14.927825876281371,-13.593156462036628,-16.852634054852345,-15.811156369080374,-14.655478628983987,-15.716028241757256,-14.580995614536628,-4.324883482712726,-9.61343904702169,-5.569654430897671,-4.072902050672874,-4.079102261230488,-8.866042977565497,-10.386862291918625,-3.281501909868084,-4.467705642252819,null,null,null,-8.534632525526117,-8.01158552683485,null,null,null,-9.338057147089605,-12.82103258436345,-13.144660153312236,null,-12.746514779655579,-8.408595238133248,-6.387826990203894,-7.668524302074409,-2.0674948639919246,-8.350070236396906,null,null,null,-6.403026384931929,null,-8.982935716563885,-11.29903451515608
-6.674091407689299,-7.667437020367117,-4.549431780069146,-8.238787943372134,-11.73673746678393,-13.336784948599865,-11.925654379883827,-12.713643854477976,-15.578180014348673,-14.621233902642675,-14.956066319844474,-10.73935510238785,-10.081140894824065,-6.293025162908889,-5.781903545785074,-7.051997438529241,-3.4308943995953536,-10.605785220950118,-10.047167444100591,-4.658559670312367,null,null,null,-9.094044647564116,-9.15043844310655,-8.577531647829556,null,0.8352492004855301,null,-9.2260191756998,-7.132732709335967,null,null,-9.705443414422918,-7.363493681258565,-7.5490574833322475,-3.3544642277741095,null,null,null,null,null,-1.7573307360562525,-11.388058437451962,-11.332897486620666
-6.703399368387874,-4.493925255087686,-7.796313993881846,-3.4602523956537405,-8.712808327354457,-10.850235331561489,-8.323905836905416,-12.183037797495352,-15.12313783831956,-13.551235478497789,-11.863011415826774,-11.803136311067174,null,-9.36483836460837,-7.111931960765374,-7.773680555142008,-1.732128558554974,-11.412089779339047,-9.174627889819892,-16.003754099267557,null,null,null,-9.008841264486488,-9.11444375649728,-9.091322851708583,null,-6.994344273646475,-3.9948079206453775,null,null,-11.704557622143653,-4.027920481227866,-8.514803987717029,-11.188799462883232,-8.945506189971626,-8.707066928674875,null,null,null,null,null,-2.801803596882242,null,-10.574456830941909
-6.061266262644785,-6.604433803127877,-5.287642262243361,-8.867703929113972,-6.092746513482808,-7.9379184921657515,-8.112780965745936,-7.342346089143921,-14.50524245961694,-7.868565248331752,-13.227859003801377,-13.032472390956691,-10.466765157639792,-12.15807551872733,-10.681850394439754,-8.01063856047299,null,-6.07212427056813,-14.008490600885258,-10.939598115731728,null,-10.801054650393638,-8.693756643021066,-8.506249283018255,-8.8836584720034,-11.612924389986599,null,null,-7.455041329928463,-5.152185845183112,null,-6.234095606982924,-10.682856927369112,-10.297632239679036,-10.500218501932927,-9.62180264385319,-7.657100595913366,null,null,null,null,null,null,null,-3.6790180444178655
-7.155947094008593,-5.730993786534562,-6.390792134519575,-6.038254604380492,-8.083160728103694,-2.9092847649515763,-8.582224728024936,-8.353805738214323,-7.611479426145815,-8.360960352738639,-10.77631161237704,-12.454990996899102,-12.376940244908482,-12.82115933006994,-13.71325485537801,-10.98156798360812,null,null,null,-10.010853561988725,-7.500467008202031,-7.981105237969097,-9.95896095131279,-9.99196692062022,-7.555527175089945,-10.345710012068183,-9.895419180604748,-4.184867026154031,null,null,null,null,null,null,null,null,-2.0223774266975574,-2.5292352670198066,-4.454714211315204,-4.556510327260279,-2.008518382274679,null,null,null,-4.9612309449682925
-3.414572094831679,-3.626046992201589,-5.07839151189058,-6.092022723755883,-3.883420417546943,-4.998875453986223,-1.223854451472485,-5.026035004352513,-9.489560623941859,null,-8.478347628183991,-9.700965184231887,-12.501805955896486,-13.47874563199424,-14.698041600199629,-14.895825532119662,-14.485183171549139,null,null,-10.077327680419996,null,null,-12.765266564509876,-9.599444776223674,-10.09837841613018,null,-9.00371867962429,null,null,null,null,null,null,null,null,null,-4.7573038286266485,-4.016795324592046,-3.57376235188269,-5.65255728524834,-2.8963397827854513,-2.372080648991597,null,1.6640948263839181,null
-6.518539344866421,-2.471043995253391,-6.5021248132734675,-2.3421089832755024,-2.111373399916522,-5.7420029896528515,-2.3952766377442147,0.7903978559440692,-3.516786002375472,null,-5.991404992981883,-9.841630321259823,-10.634070187339907,-13.099136021341664,-15.620482375218176,-15.101715246954802,-14.01457622097473,null,null,null,-10.098427578793935,null,null,-10.513437281035257,-12.673627491358596,-8.933736396277585,-8.368793912356006,-9.326402589728211,-7.534122198998094,null,null,null,null,-3.544567638000256,-1.04640087608182,-2.8878680722983416,-8.073391540942,-5.515166314418792,-5.857959768352549,-6.485099824528419,-5.843518900350213,-2.3262079761743992,-6.810534874325519,null,null
null,-1.9327834434170126,null,-2.1679718579847416,-3.7695768109334025,-0.794610278814472,-9.392291881981066,-3.0946886492072907,-1.3493424664101994,null,-8.072940913729262,-7.26500736376451,-11.523572410906596,-10.652889084395024,-14.311973359733782,-16.703017398054605,-11.668734218584662,-12.29513285997856,null,null,null,-6.416531041557552,null,null,null,-9.744241698680984,-10.698403581411595,-12.306765657128754,-12.94045637981415,-10.535766457941204,-9.789908705787898,null,-8.977604678265973,-8.77605062771948,-7.868663295892217,null,null,-2.8364256083980504,null,-8.08784464778721,-4.007474185289877,-3.5419769977147775,-5.5277040171341545,null,null
-5.39433309350173,-2.62398970883086,-0.5223616656284508,-4.132865166664434,-4.696447943221445,-4.014566460141461,-0.9073889348502093,-11.25708137172527,null,null,null,-5.826652072452059,-8.910668462631088,-11.104767219873265,-11.302554030324766,null,-12.667442929350933,-10.655845812062744,-9.993107911993787,null,null,-4.25019652599753,-4.606901080631791,null,-5.967434411416712,-9.27029711749362,-11.233174007756888,-12.255780100013986,-13.172987537911268,-12.503150422649396,-11.429663410606576,-10.33538764392558,-10.778974123995459,-11.186379759956274,-10.135062537378356,-7.25807392181067,null,-2.4429076388470103,null,null,-0.9656941239716368,-0.6627068043934049,-6.407119074029884,null,null
-2.2536320700987575,-9.012160152821448,-5.762916281533052,-4.006750246934846,null,-4.171837176870602,-2.5558507704217486,-7.466419320541034,-8.983044405147012,null,null,null,-6.423065475042452,-10.356463598011672,-9.481479137383497,-9.559578532570814,-14.571506391363496,-13.005589206988063,null,null,null,-5.737462177170275,-4.262757191529621,null,-7.795999663952401,-10.311805143235526,-12.229421552788356,-13.892401556364263,-13.459991882494727,-12.661178950497934,-11.706285079912247,-10.384012352359964,-10.945990596315408,-7.920789461920254,-10.780593374441416,-9.293685098051455,-7.182024837374651,-7.152785270313443,null,null,-1.925532767761403,null,null,-7.464083632777732,null
-8.220019824778184,-9.703019091804357,-9.448985476800392,-10.83622602948115,-7.699870563609796,-6.464980717708865,-4.259385139271463,1.3486865594892363,-4.437430998152312,null,null,null,null,null,-10.447534758987244,-7.760913469855624,-9.823520579356313,-14.497573861544236,-13.642493802109882,-11.026547005196557,-10.409528935521136,-9.906079294385242,-11.399039301103041,-12.254746599476675,-9.931945693477633,-9.932344450915618,-9.35888564332272,-6.922268147411771,-5.656219604640443,-8.533962380398055,-11.96785747680387,-10.539805896075496,-10.16352028298749,-11.655014893406541,-12.112693432933526,-11.552294336393935,-10.795926784006223,-10.595485704546217,-9.00676588330037,-6.819495427337913,-5.100919933079235,null,null,null,0.4276917615302515
-11.184018687776161,-10.628946966693963,-12.683607045295918,-9.339930648407863,-10.792892686264722,-7.365823467751381,-4.688069658166122,-2.259749530757899,1.4509010080982618,null,-8.403698484518362,null,null,-5.9442593601985845,null,-9.590997607014756,null,-11.695532939036621,-14.6980126232039,-12.418885499946132,-13.844196927775148,-11.498596387983735,-12.46493209394028,null,null,null,null,-5.547490613142583,-2.1678793751295524,-8.492481523368088,-11.568521044609923,-10.128782986753354,-10.02581380303949,-12.210490848050087,-12.838582910601387,-13.120890154932187,-12.978157080983017,-11.589219839901464,-12.497157649678742,-11.680525001741678,-9.734944375229404,-6.845778745106369,null,null,-0.05273501952080534
-5.766823252852565,-12.217067569300779,-9.146903820447466,-9.960683567940208,-8.549419824609256,-8.757300089764792,-8.097692216419642,-3.9561256359752472,-0.4481687077871555,1.6930531830415596,null,null,null,null,null,null,-2.168694750004283,null,-11.797165500752255,-13.684017232829095,-12.491064151293356,-12.143386416372719,-10.68342588754775,-7.20862140256266,null,-5.817510294946835,-6.060728949816937,-5.663956970943929,-4.020878935998664,-10.906734157679658,-11.549262599015629,-10.842191832030169,-11.62211050817331,-12.504878183023344,-13.26474303188962,-12.514849418295436,-14.09763260921628,-13.831326377398282,-12.279107948364263,-11.041604987902945,-10.773476702024318,-11.982013937670404,-8.874193020115413,-5.9788290953336425,-8.094387566490035
null,null,null,null,null,null,null,null,null,4.219354318958533,null,null,null,null,null,null,-2.8395459841872546,null,null,-12.124053946884219,-12.394929101077729,-12.82065584473942,-10.057558091601063,-11.066225402746284,-10.100894169328937,-6.993170903033936,-7.060093647731436,-8.1767145597586,-6.261487941406296,null,null,-5.685862060995466,-7.447125000055833,-11.420281273575116,-12.401212651500709,-11.181893154461712,-9.689267884161076,-11.76167767151855,-10.832772523905682,-10.33901322498358,-12.405866457979629,-13.641981867408154,-12.856427873811914,-9.154328857402577,-8.830360375940163
