public/json/wind_2018-09-1513_850.json
{"header": { "discipline": 10, "disciplineName": "Oceanographic_products", "center": 0, "centerName": "Ocean Modeling and Observation Laboratory", "refTime": "2018-09-15T13:00:00.000Z", "significanceOfRT": 0, "significanceOfRTName": "Analysis", "parameterCategory": 0, "parameterCategoryName": "Currents", "parameterNumber": 2, "parameterNumberName": "U-component_of_wind", "parameterUnit": "m.s-1", "forecastTime": 0, "surface1Type": 160, "surface1TypeName": "Depth below sea level", "surface1Value": 15, "numberPoints": 4800, "shape": 0, "shapeName": "Earth spherical with radius = 6,367,470 m", "scanMode": 0, "nx": 80, "ny": 60, "lo1": 109.0, "la1": 20.0, "lo2": 116.89999999999955, "la2": 14.520000000000117, "dx": 0.09999999999999432, "dy": -0.10000000000000142 }, "data":
[rows 0 to 18 of 60, columns 0 to 41 of 80]
null,null,null,null,null,null,null,null,null,null,null,null,null,null,null,null,null,null,null,null,null,null,null,null,null,null,null,null,null,null,null,null,null,null,null,null,null,null,null,null,null,null
null,null,null,null,null,null,null,null,null,null,null,null,null,null,null,null,null,null,null,null,null,null,null,null,null,null,null,null,null,null,null,null,null,null,null,null,null,null,null,null,null,null
-2.661954470116776,-3.174113015112484,-3.5983326099872395,-3.846202979067531,-3.777445726594152,-3.09538542458598,-2.0967485758011,-1.5416179548073439,-1.4292164281713284,-1.6596455940098727,-1.7562239894214962,-2.452537393042741,-3.0356801619606544,-3.399189138595868,-3.5712260483250273,-3.590745077036921,-3.347305016096003,-3.1779328390589336,-3.4584551912236785,-3.236804904464665,-2.7419733253688348,-2.4629504551304633,-2.314865744663191,-2.3259463700714593,-2.3128922592406633,-2.4823164253610255,-2.742669551614092,-2.609546165745992,-1.9550765823591119,-1.5041190065539807,-1.3380645507409186,-1.220452466572603,-1.1589632097301774,-0.9165141906339055,-0.5296163126685242,-0.39499415210601263,-0.21164804089616052,-0.28770293416652176,-0.7196059314257246,-0.9524917783138315,-0.7849273440276713,-0.6367358226940774
-2.769754935977414,-3.3910595879498535,-3.6932825809783965,-3.730484343266105,-3.8607205030051595,-3.711667460193443,-2.8648154298218804,-2.094009318029121,-1.8245892669350778,-1.7873984433239942,-1.5650000387796283,-2.5362488045035376,-3.183566200684344,-3.6252809473697782,-3.5194645208603625,-3.6188437884714846,-3.5544621505117595,-3.3707422422167763,-3.389154271100484,-3.5729965974870694,-3.1428019747745637,-3.314222515884146,-2.77670963678521,-2.246453280266746,-2.3935817272352318,-3.1258927786658224,-3.5198069882005822,-3.90911914907963,-3.151222473155061,-2.5712437841609734,-2.009301385743121,-1.334479793780576,-1.0570904362492428,-0.9505065920329046,-2.453625239575048,-1.7057069157203235,-0.6497263853837264,-1.4280905738881002,-1.1128761382222299,-1.2448770151614537,-0.7046245889595502,-0.9701170331177248
-3.2389282496586045,-3.491705532134854,-3.720862167582277,-3.808957416082698,-3.940242992665369,-3.847079833473689,-3.559624440320037,-2.4774453518637674,-2.4149108637884042,-2.385167922719568,-2.238590267417984,-2.7962036996243493,-3.3776470979690134,-3.9407885404913006,-4.114771793920127,-3.5611174496660913,-3.427853744635876,-4.006684603642739,-3.2213878935309537,-2.581555335736394,-3.192900104714277,-3.8068346044335324,-3.392731810339918,-3.518011873126021,-3.2644075621672726,-2.7136898080130845,-2.97914219036308,-3.5611840938125834,-3.7615175910181318,-3.065223569670388,-2.574768004662768,-1.8170606363327244,-0.17427020241109784,1.8517090126808933,-2.553206511890652,-1.2695694026408135,-1.557091416692818,-1.6110731810814374,-2.3526702781044726,-2.742163791789567,-2.936293185735355,-2.067150858374413
-3.6639954586138557,-4.121881313965273,-4.185557568034333,-4.372958583890453,-4.296659802221978,-4.087586213351035,-3.7463188407160892,-3.200024280690105,-2.400823359773685,-2.419667312486919,-2.871138311930511,-3.27799800697169,-4.217296379477471,-4.569013478860002,-4.173360024805233,-3.000672770338585,-2.90558194605512,-3.768131704825505,-3.575837381299559,-3.170463372582768,-3.1649020309897926,-3.004902074169863,-3.2126194244837722,-3.2304447741821827,-3.2383761703873457,-3.421328960428624,-3.4213987234635015,-4.453451842314819,-4.298067160051792,-3.512520607137785,-3.5448037775657975,-3.7992641862096477,-5.216164107623486,-4.747544849419155,-3.072140498770315,-2.790900895261115,-2.826623058920118,-2.818861371045687,-2.8500897520242003,-3.9592633304777056,-4.278742863209747,-3.9769892098684987
-4.453911989056308,-4.557374975775833,-4.691026543318755,-4.727400219351935,-4.654135165795102,-4.45560503700918,-3.92009826330772,-3.016975631742471,-2.7675373227396065,-2.801551085314454,-3.587892292493303,-4.12191887718329,-4.545738497950387,-4.800874305129652,-4.418838370787099,-3.7869699544643316,-3.92764387721638,-4.432999768472692,-4.717127811123716,-4.2416555875125,-3.9034293078751463,-3.5654727663913564,-4.132401577586878,-4.563879375152217,-3.786012588495288,-3.5293476517570754,-3.383709437221424,-3.794245075359789,-5.3735630971157144,-5.094009009906194,-5.167924529395471,-4.921261109233457,-3.8224530554710823,-5.456944474241606,-4.448993681653034,-4.153084292867302,-4.3642952027884645,-4.69420668208745,-4.5552962392543845,-5.209685548170288,-4.827562056467199,-6.288693066723804
-4.647926766826751,-4.195083137997184,-4.650514540123555,-4.878357529845691,-4.453755413663057,-4.597179812083052,-4.051566044696515,-3.205050414053025,-3.181838392977485,-3.8058911533972717,-4.433417468188658,-4.691741625745465,-5.2259649163245285,-4.541280069264416,-4.570303684748168,-4.769182217771819,-4.290263260413461,-4.855740875120012,-4.524501047917326,-4.577730528858399,-4.427343867091892,-4.257319414813671,-4.263059742316826,-5.322885260941745,-4.381208954288456,-4.183504118513823,-3.6790356713918984,-4.475902569104788,-4.882154276632489,-5.266763000094503,-5.564378308000865,-5.980352490208895,-5.312037076473617,-5.371373741959856,-5.087281503428239,-5.773920380149941,-6.4304783478394985,-6.528945549899124,-5.377799688967078,-7.675218820811564,-5.977795212465226,-6.194580223446709
-5.092254561126637,-5.158281090673078,-5.1831915053635225,-5.352615588717646,-4.996336504066703,-4.735509006081094,-4.714847691528747,-3.9290742463643595,-3.6646866388699406,-4.274080217278986,-4.792167870918984,-5.109599251336111,-5.317977147666589,-4.669342002318977,-4.5145371780583154,-3.981465767687351,-3.8865984909198446,-4.5555419210474,-4.840061125089575,-4.071468248641606,-3.651536243375943,-3.5892987604736053,-3.6915312611810704,-3.6123910354160786,-4.427936540568722,-2.7048409138356106,-4.88386521085878,-4.056560973253035,-5.069761686096217,-4.829328112023756,-4.768035289314099,-5.590804741386004,-5.666305222497772,-5.373690025283114,-4.976772154917009,-5.47543476042249,-6.628025169014647,-6.087939422344624,-5.950072620111654,-5.633427835248859,-5.748713132168842,-6.253498202180854
-5.449317152908361,-5.305110547170692,-5.189625961656923,-5.235452329526019,-4.97439031791112,-5.065286633884217,-5.0782773104243395,-4.9580317023547,-4.77976422402261,-4.450164509859263,-5.3861841441808584,-5.987471424604003,-5.961817387383553,-4.594416804387757,-4.762826966517265,-4.570520404711704,-4.358453709833378,-4.179078135732384,-4.4149561851131764,-3.9522995643914123,-3.6168461417889137,-3.063829667277034,-3.1273978269374894,-3.432541829796007,-3.6027316598089274,-4.354193281322182,-4.185586790210854,-2.4489912786385837,-4.572911731100428,-5.750762017056152,-5.282114940554509,-5.141194223094429,-5.3697590403736335,-5.358571055267756,-5.027544201697341,-5.516225526148045,-5.843646462851339,-5.5919388387110285,-3.753367990136525,-5.308349805527682,-5.670800954120296,-5.169984613622529
-5.695013284956834,-5.057282793456488,-5.279034813532979,-5.160911387741355,-5.2926137152054995,-5.551686394763954,-5.509486561006705,-5.291513296366357,-4.658585668935741,-4.771677991937105,-4.887905182363441,-5.3496064110302886,-5.802764708048722,-4.673996133431842,-5.367505986553479,-5.829542239988953,-5.485360767878472,-5.54658349556068,-5.076264145213559,-4.674989476247752,-4.784066952455423,-4.804228748880177,-3.018476599333916,-3.237898097698649,-2.9669041956021664,-3.9877319582305186,-4.671576245960564,-4.0749473482035325,-3.023263260174146,-5.463676466427806,-6.366423885842343,-5.91771847736905,-5.74594556516464,-5.656928275286504,-5.209895801410475,-5.184160190085848,-4.45906239935483,-4.853313153813849,-5.375627353495807,-5.606871270226456,-4.074322880396434,-4.717348470172191
-5.895871207770887,-5.84564207224655,-5.986541558760952,-5.913441855303845,-5.816784611648805,-5.929372738392927,-6.24208702698383,-6.056164394247759,-5.395389646930853,-5.0721575566433765,-4.6368919026899516,-4.970469428193553,-6.342719525937405,-6.37652398822165,-6.422506102477733,-6.37282031614927,-6.038941946103234,-5.985265367168861,-5.489861973187355,-5.823024622003909,-6.1864582773791685,-6.172536285219317,-5.837581250425943,-4.690338307970947,-4.937228540248843,-3.4635145817862822,-3.519682198493567,-4.359728603895805,-4.570091525686423,-4.177353385927095,-5.892303707003607,-6.263511398390944,-6.289796397890459,-6.322152109946063,-5.733968928824641,-5.91373204826402,-5.550891434073863,-5.323089494942719,-5.120339909746466,-4.7687419690240365,-4.572334927160562,-4.695054809913108
-6.048924675445288,-6.220009368655116,-6.189933421282218,-6.100673786296232,-6.35518244321981,-6.460511861430294,-6.5106248242860065,-6.797937242490449,-6.1419126793719565,-5.48438910551251,-4.968532485088177,-5.180290328663759,-6.110309997334655,-6.923467472863738,-7.493754871672781,-7.048960052777687,-7.26096164233717,-6.345794372690925,-5.3114361603343,-5.581615104293608,-6.632822826397929,-7.75296397994689,-7.509158404746495,-6.511302532530766,-9.017233710607263,-6.968426376781743,-6.0627714947371585,-5.662094805797618,-5.578659737388359,-6.566935232079265,-5.611207314184518,-6.284577824882708,-6.455079648196687,-7.231677467732222,-7.398156127905389,-6.857023242714087,-6.146453046368398,-6.005316269241892,-4.903305465107023,-3.98257137003694,0.054088219247775425,-8.745110216318622
-6.538684730189089,-6.456052440466816,-6.150921823865747,-5.607061717840415,-5.744443353536207,-5.598428254355166,-5.787057069695949,-5.543735910780738,-5.4343435719304924,-5.163904150215265,-5.2374134781076105,-5.548207439242888,-6.3836609571223875,-7.237205321766044,-7.1490708125751015,-6.763798663287409,-6.932059936594451,-6.4283397960880055,-5.959180828398515,-5.898185273622855,-5.864892406913244,-7.362751992886335,-7.1144826509329455,-6.363075846861417,-7.1922697193562195,-7.495560267685242,-8.169874623321022,-7.534601705879531,-6.027294404241532,-6.247106680937211,-6.160953451862655,-6.19160495397439,-6.278536309094643,-6.718698455528871,-6.746755246956888,-6.530332615703106,-6.254311149498003,-4.983353319008927,-5.2230762573059755,-6.680529165076342,-7.9143453626450215,-9.042693930460034
-6.979297631530832,-6.9128698259242585,-6.809258617634456,-6.413881887588856,-6.206908785835857,-6.044319234262705,-5.983657543884329,-5.666308260351945,-5.742710012098898,-5.546182571595544,-5.133833311828752,-5.416503376793043,-5.603951294708394,-5.937934218284486,-6.400167553551762,-6.701026036674635,-6.996303634979242,-6.52326072645853,-6.55333644389812,-6.28004964645922,-6.798666786405411,-8.606740296843277,-8.213581438630772,-6.513153605631263,-6.208428685292488,-6.634033680284855,-6.3601927216197485,-7.867919231154024,-8.145756244853871,-6.251085717727041,-5.614981897918788,-6.190548205632568,-6.565389273768868,-6.256527462564918,-6.011075144336845,-5.89574831329515,-4.51157569512731,-6.135386160048375,-8.577340126416196,-8.084049283463543,-9.284139355108426,-8.960858045741388
-7.382598523799238,-7.357588399440895,-7.142961699286703,-7.148103341596815,-7.015091608026461,-7.021277568410727,-7.30948287993623,-6.925226489317352,-6.888405069934487,-6.734742891103778,-6.158548870328082,-5.696212913538762,-5.933465734165639,-5.503848280978711,-6.3291548224218515,-7.024975558632256,-7.463110154631601,-7.195026660220903,-8.445036635525891,-8.382627418990992,-8.1798781960355,-8.068968512273267,-9.497933225353929,-9.235132254386075,-7.0687789847890174,-6.005388656831862,-6.389547830232774,-6.820769798975636,-6.822514530145129,-7.68236778202721,-6.655459564780391,-6.053288835449814,-7.017672845095303,-7.284031971539427,-6.7495617535790124,-5.931183978173326,-4.599658686056161,-5.159347904045317,-6.857114209615553,-8.358404400355052,-8.317106510550467,-9.417874724873382
-7.38260323011537,-7.5637726644697505,-7.566172178512723,-7.360204773270895,-7.008845506545291,-7.42944951753331,-7.270017744241075,-7.284240763048796,-7.119055864779572,-6.956581511896402,-6.684398236771265,-6.67053485121727,-6.844921712765429,-6.7235767551756265,-6.6754121679845095,-7.307669103063107,-7.541761183131738,-7.316267194756545,-8.162372317684095,-9.746867693723058,-10.041031952761802,-9.566776357255634,-9.20327652957882,-10.493722317596394,-10.402154234996432,-8.73442887308095,-7.908259260396268,-7.286783412064894,-7.826714269503518,-8.135843974303253,-6.909039719775768,-6.866274403398615,-6.29002304572699,-6.8570430718697795,-7.402443759566277,-6.581061480208771,-6.926220733089934,-8.071145129614216,-6.774640176083059,-7.685919000151465,-8.925724444601281,-10.75828292580763
-7.611616968457796,-7.410265028790635,-7.66422662792097,-7.872888873196253,-7.689320672824007,-7.070354149378982,-7.426055859209954,-6.844709291221767,-7.661884134084466,-7.462682478101733,-7.026993619112819,-7.062332845218568,-6.8128575850605175,-7.004810962529371,-6.892652875951232,-6.929676455887284,-6.759420514582805,-6.903467049764727,-6.909841089419058,-7.574754130780579,-8.694952851541496,-8.9406905603612,-8.499144141844244,-7.841837961412604,-9.462570563329956,-9.15217365372169,-9.324751980174572,-9.838907016042546,-10.450885616792746,-9.748548272637123,-8.963749838888788,-7.673301178643502,-7.945904865514349,-6.233196855301433,-8.078143559790592,-9.05194344482815,-9.337619808222493,-8.295619033979971,-8.867548162905141,-8.799815814396236,-9.436027274529414,-9.915097617472924
-7.861667679277111,-7.655769825239288,-7.453324335917972,-7.592675964775623,-7.763400680792084,-8.095302639564409,-7.272445207197987,-7.480965047838965,-7.36619883795954,-7.859343436871916,-7.943203263575693,-7.24001462977921,-6.997109085555829,-6.838420742437004,-7.375347561943717,-7.2366200467584525,-7.450848259494238,-7.394353566923095,-8.071553763650968,-9.008011885424505,-8.518612890194708,-8.1445214209484,-10.088156177801471,-9.591603547862954,-7.6844125185327545,-6.99987421566989,-6.807523808404626,-8.296070669212941,-9.534076349919836,-8.559544548801702,-10.754718629762245,-10.173604043347328,-9.552975101519507,-8.989121365860331,-8.222233758424016,-6.71129075242457,-7.678378595492389,-10.583047701798186,-9.139110288344014,-9.301580293891465,-9.562166205459205,-10.434151965846624
