public/json/wind_2018-09-1603_950.json
{"header": { "discipline": 10, "disciplineName": "Oceanographic_products", "center": 0, "centerName": "Ocean Modeling and Observation Laboratory", "refTime": "2018-09-16T03:00:00.000Z", "significanceOfRT": 0, "significanceOfRTName": "Analysis", "parameterCategory": 0, "parameterCategoryName": "Currents", "parameterNumber": 2, "parameterNumberName": "U-component_of_wind", "parameterUnit": "m.s-1", "forecastTime": 0, "surface1Type": 160, "surface1TypeName": "Depth below sea level", "surface1Value": 15, "numberPoints": 4800, "shape": 0, "shapeName": "Earth spherical with radius = 6,367,470 m", "scanMode": 0, "nx": 80, "ny": 60, "lo1": 109.0, "la1": 20.0, "lo2": 116.89999999999955, "la2": 14.520000000000117, "dx": 0.09999999999999432, "dy": -0.10000000000000142 }, "data":
[rows 0 to 21 of 60, columns 0 to 48 of 80]
null,null,null,null,null,null,null,null,null,null,null,null,null,null,null,null,null,null,null,null,null,null,null,null,null,null,null,null,null,null,null,null,null,null,null,null,null,null,null,null,null,null,null,null,null,null,null,null,null
null,null,null,null,null,null,null,null,null,null,null,null,null,null,null,null,null,null,null,null,null,null,null,null,null,null,null,null,null,null,null,null,null,null,null,null,null,null,null,null,null,null,null,null,null,null,null,null,null
-1.7737113068947856,-1.6394370765821689,-1.8871923447141696,-1.1366876237446604,-0.8558982425409514,0.6508224811181873,1.3110556905266721,1.8088047236013851,1.3326954997855283,1.069322124038805,1.3684444403725835,1.9358941710070585,2.6754660027120307,3.7375842928219143,3.357453217035564,3.7073382211921144,4.942219663676118,4.8924264558038075,5.400953504229523,5.652185403765789,5.944017440749319,6.604626132001762,8.066876061463084,9.01770748151896,10.405800616226108,12.787439958307381,13.914888644518555,15.4179934436902,17.452600081509193,18.981129791148582,20.582108678229577,21.60240123087445,22.011372797930328,21.5149674370057,21.95101617416448,22.815447683075107,23.84034772518919,25.522598448869616,26.895493708384805,28.25910572149586,29.486150482342417,30.963846683078316,32.5429654457057,33.94345899375492,35.19435183269955,36.202330407835284,36.39060421413423,36.19983586671521,36.068780402124474
-1.912403542483501,-1.6880781611598645,-2.1534672668056594,-1.4856387683170176,-1.0107736758834576,0.08464550114750899,0.9479989951614968,0.1434919854329603,-0.38684989361282385,0.786251289660123,1.4530704934721541,2.4610955176143627,4.002592838509303,5.037634443432313,5.270565401992543,4.366523076710524,4.6739705739506805,4.797498673816353,4.858566705422161,4.733176192242181,5.89039308187234,6.457327004840643,6.1120197953931985,6.814332676032258,11.165567918068167,12.959541617315097,14.173948289195234,16.356629539401574,16.717271397221634,17.81582983041099,18.42263671833458,19.950683440532863,20.6148882026959,21.657294822644655,23.3540423966229,24.76614197105894,27.46603656002905,25.670729393820917,28.949583594242114,28.578303470236968,29.73337496549912,29.705735659742757,30.471935532088267,32.91384765144099,32.234335630198494,29.296747204933716,33.52103374048998,34.228358194097495,36.68061598679151
-2.1374147321764245,-2.1702674794410117,-2.0053206535227095,-1.864519081498068,-1.6162736070678363,-0.4683122759689088,0.16241335875875262,0.0333364484341024,-0.32454480477076575,0.5622164349579214,1.118000228103694,2.5094169176438785,4.175470239499079,6.339788489230548,5.936400678964936,5.242372008916433,4.926628822414339,4.951017574073681,4.377687995633146,3.4738161241890997,3.396269811738635,2.649436880238734,4.89718005646507,8.880817820356,11.763301290073304,13.261761160998955,14.42567501132104,16.310675965334482,17.188080796584067,18.548563761315048,19.26494240199424,19.413762939656834,20.519137632885272,22.066003450275335,24.047691806647805,25.665369196942812,24.894795418214674,26.724590302951157,29.209591897959893,28.83930159465259,27.871808793800945,30.132101096718017,30.90918452526615,30.88975353467149,28.79941612849712,28.956077688637833,32.76944790172574,32.10617898143962,33.72333307405877
-2.2489162293430747,-2.5232223717179108,-1.7859579304111675,-2.1155477665719506,-1.3341537665889687,-0.5526504309666084,-0.31147600742603926,-1.3073161540661156,-0.6649215452121627,-0.6244643060340345,0.9665322525025899,2.4399786761237356,5.064815233330048,6.358348051085577,5.412059549198934,6.236106218450609,5.434630201971342,4.932828956780226,3.0647757381644687,3.069511491838925,2.869838803607587,3.7007301019025545,5.877537363838574,7.815690304909134,10.059055203281007,12.485375370897641,14.913702171855093,15.926087490552698,17.219866813832358,17.790495770235324,18.410813783104974,19.351733491341406,20.266636146768157,21.143673553979028,23.220340773594952,24.40297983133724,25.788567587096516,28.10278445694906,27.452402066408155,29.401271578412512,28.53569013726527,27.48903093281537,26.175867129532094,23.960571622869004,30.064583063123038,31.714377168014188,30.529652146976737,31.161015416690788,34.37116814206739
-2.398285038430001,-2.668204127977765,-2.1837392361545778,-1.938569112185918,-1.077926956851768,-0.647478937385605,-0.07899934241670033,-0.14544974161313468,-0.4166294859795846,-0.137151060066694,0.7157588490804403,2.312469910133433,3.8977707605198675,4.337307098514035,4.776050475831635,4.898776788956172,4.635628889222796,4.871526732358894,3.478837707580447,3.835295206637083,4.213539918253744,4.349485284272355,6.351538929100803,7.5818329437716425,9.969313654346951,11.619807167897026,13.72795317924737,15.734950031390554,16.28857907903784,17.588701414692512,17.988803207901768,18.608011007437618,18.877251106956717,20.505406220120804,21.875905109143204,22.84069187849151,23.99579917601206,26.186757221382372,26.769269174391965,26.83847153194141,24.300492179939646,25.594300625187362,25.175534205883594,26.998378327032064,26.77371043960439,29.17356870302136,30.06142628992856,34.7538865061299,35.83690308884461
-2.8072095016170104,-2.8872031865294003,-2.0050584475566695,-1.238770992534782,-0.6850019357288946,-0.36881071053050213,0.13445211550929687,0.17404571416516812,0.41356873251608844,0.9082692301425458,1.4564354624408926,1.6583696201925897,2.358546422566194,3.3052717927531985,4.354755359268235,4.086218472971149,4.149192474225654,3.8255303901177773,3.1734107791315584,3.3811972959065657,4.233981196662776,4.639270033797143,6.225564011047323,8.758127764398294,10.483239118838844,11.635939884625973,12.8285587760175,13.859801168832803,16.027930611924333,15.961338150568986,16.86094341137393,18.49682113161253,19.00191416752779,20.251022963286005,20.351907799060108,21.07054678161221,22.701376726209,22.730289181532928,23.327222930980717,23.087154367666557,20.31656877430703,24.091155908354978,25.118273168413406,26.206297703447657,27.744413868695677,27.823835953197822,31.074951934918904,33.80890616094233,33.16548533267478
-3.5165186619745445,-2.8303403599504304,-1.699634407316541,-0.8452302876229262,-0.37712608569505496,0.08947188112514864,0.31216362905492245,0.5084155095712934,0.6773876740338209,0.5588449850868142,0.798929916690949,0.4393367820343145,1.7628343976698946,2.003257618139649,2.4257027676670564,3.1870278046988867,3.5191218573963465,2.868482955095703,2.43847912551566,3.3409398346746784,3.6378797887944847,5.282352966130988,7.89708354473135,9.998838539554177,12.154778678622844,13.181952394936012,13.98983982435919,14.307992241701534,15.17396933071491,15.87870276463897,16.969454949124366,17.942427275257366,19.238291555807784,20.71085966723405,21.285753471851343,21.457483695889355,20.60451493758581,19.241224894521416,16.457927608370426,19.984897461450313,20.57159143226058,22.89891266012324,24.923512597293566,23.33243451131737,25.705279366717217,26.618991261989002,25.959411277363053,25.815367772883924,22.2854924682121
-3.565274550491161,-2.234993164514934,-1.2005013981360741,-0.4752934370719179,0.10270361593036764,0.5525830516607193,0.5687013819150002,0.709811081757807,-0.04018888461298492,0.35263551916667624,0.7124759850023245,1.4094944725412268,0.8658365907338545,1.0469619065296305,1.5583079792398,2.6871419962349514,2.8360454944331908,2.3162772206622697,2.9114902485144394,3.93899627762321,4.448763086279632,7.496551029317815,9.8942345211468,10.797225710899864,12.419062078429189,13.49319392471612,13.971318103746055,14.746531534966733,14.04133101842589,15.162533172530159,16.138295333436684,17.650976472942574,18.546848349991777,19.066906677873284,20.670965312947903,19.585766466046337,18.515581204268067,15.816059736390734,16.048677083300028,16.834411193503115,20.203816379926245,20.419508959213672,20.612983590777034,20.333023655562815,23.539926135622572,24.497383660024838,21.144626424147674,19.02721799530707,18.839954404973493
-3.1938786267472263,-1.97747327484448,-0.554462365348368,-0.1587040319743348,-0.18183689432211522,0.014777675442059898,-0.6160549248026768,-0.7941384150235995,-0.2082208001983396,-0.027013879538869637,0.5597467961603804,1.224339959678921,1.2690656400988718,1.359198805844021,1.8641499848717502,2.1162585016545976,2.1341104533563144,2.305561893371447,3.7146334745418024,4.279792467544317,5.177935976759079,7.488933641262123,10.16085070259323,11.976621583834476,12.423905013791266,13.050633068037419,13.702612206767895,13.499852384294936,13.068280957908627,14.694717976375198,15.798725578995795,16.666052419758504,16.624367034049257,18.48339009186056,18.501966645481314,18.87383718646953,17.538809201761318,14.499894325237653,11.166656760602713,14.449008629173385,16.565351017129483,18.1152768152143,17.617072395256134,18.055462289261637,20.016250149910643,19.462184568825936,17.825987842209848,14.93530076066589,12.255125912793105
-2.7618060255762837,-1.3885430806254138,-0.39716083603949437,0.12044209239162212,0.1692521636273,0.16463640814328204,0.30212121451007956,-0.4634331704234605,-0.5422746245889393,-0.24093845445901996,0.657985864776659,0.4518500940095131,0.5709343761944271,1.069199831138305,1.6749954907973803,1.4370470709067498,2.2260830630904502,2.4512702676397584,2.4913735632916043,3.5478550769195722,5.479067836863107,8.361893100500147,9.798984641241912,11.544870201185747,12.860213368175906,12.506981370892497,11.934318946453923,11.733887797280442,12.635049108969048,13.761581548966864,15.422317963639706,15.232917277140585,15.622920996253857,15.50827458649316,16.694278273257094,16.41998513339767,15.762686317882903,12.405070676762115,11.667697842038388,12.468560792541316,14.929345593903681,15.392874307753862,15.006036869203767,16.043337275012707,16.80392029697306,16.010976837572958,14.438327284002522,13.45376100235224,7.900647827375218
-1.9871024759721112,-1.2993839411326356,-0.49439428603945074,-0.18882730093233424,0.5401954826191423,0.4297297700447513,0.47826785503077307,-0.8098158625683903,-0.3251732674704613,0.21917195920873883,0.7478387950306601,0.6614738423195872,1.7628406646394104,1.7669701901555954,0.8983390109626199,0.5387756040333618,1.8252997176371044,2.4850587651334366,1.8409729946926092,2.5189407453084276,4.606807884524633,7.721557359492001,9.080599894288548,9.226515831572257,10.706059606221816,10.72209588032038,11.626000581050862,11.35358223876676,13.276526029439545,13.476520717831061,13.448129352055599,13.593190326979672,14.261491851831995,13.81589744500135,13.672329475588477,12.577952544075835,13.408338576742278,10.651372038469932,9.855464490855237,11.805872713490801,13.514605504368292,14.470863538051372,12.421121887582244,14.561328744857228,12.442572156862525,11.18976926841578,8.811805610946692,0.2817610877586243,-4.730031849966172
-1.8922490878202525,-1.193792712411133,-0.7424311269550455,-0.14090257407003817,0.03753466465311563,-0.05051785738752154,-0.03209702716437632,-0.3718376086654643,-0.1370490991399657,0.12295591506621874,0.8652353476637464,1.1990514716795895,2.1681727348323405,1.263660981506676,0.3780050417899834,0.5933861149538812,2.1278744957548206,1.6490098255926595,1.5293704530073478,2.0509422673658837,5.323008472836166,8.106731488799799,9.627326083715996,8.716030521766017,9.401137117433787,10.326158770946776,9.221386490051495,10.49603614354499,10.521037918125243,11.93473101675976,11.891454720717515,12.930076129756094,12.083793228265716,11.669675885314842,11.07030678516022,10.875738151972612,10.557100594372322,7.375757895481392,8.809077802757704,10.048288416106512,9.819299668575376,10.629996051175366,13.26250200526262,13.146044960370515,8.584532062050696,9.053653326162731,7.4766030726140595,1.5135950922283312,-13.95510004971834
-2.0152006494815,-1.2003074076475877,-0.739363015745592,-0.31171850558503433,-0.2700730655133819,-0.4320224082662154,-0.6213950656056542,-0.7708688036917966,-0.267066749866237,0.4314778682016627,0.44742411917346736,1.4849797806791063,1.4343670941901923,1.0702346022257356,0.6466660989332049,0.8358623717912689,2.2153009010412203,1.6828453475868408,2.398447711332419,2.998145200153081,6.2633482082550636,8.16375206104559,8.84192487871065,9.498902671100435,8.325268127212714,7.989605546953527,7.763934282745997,10.169913096020553,8.871423544767449,9.482403525795759,10.267746600371236,11.740463202233382,10.79018953744045,9.625129799794458,10.043496107841865,8.30943561097492,5.2415334172944075,5.170609888173862,6.882921188184668,8.624290330044962,7.559963324289,5.978720561494931,8.533000701149728,4.343730921992597,4.896839159111263,0.8239172555553689,-0.12146001092213986,-8.793332765094817,-13.832762884583508
-2.201692394600549,-1.2607043255773454,-1.0840557894860299,-0.519550256748119,-0.4147670912482945,-0.6092541168531346,-0.554025662923153,-0.9194288636493576,-0.005167784878732007,0.484627137402029,0.040595472951500684,0.6673182176730303,0.727291635267017,0.7937621768971171,1.1629493531325719,1.1119829650465356,2.4738542777004944,2.175122024563927,2.6810989534896943,4.222570089916152,7.377326320103842,9.987207815700799,10.62114364242155,10.930622583183165,9.360167181821458,8.201888592160277,6.671945585475112,5.536670833174748,8.006596544183239,8.029159807293414,9.088040572286763,9.40877649575013,8.304485010243774,6.585815019111819,6.25495629123294,6.4040519877317985,3.539476768082171,3.2633521660962823,4.023791301617934,6.344978460424869,3.7113758364701908,1.8426009181135026,2.9930989442287608,1.6387662558403226,-2.8521222459469047,-0.45758703742040197,-0.21332089557957942,-9.184932577411082,-21.706601155849143
-1.7719840801212032,-1.433677461438211,-1.1565889732140548,-0.8715386669940658,-0.6289221893934358,-0.7644795240258593,-0.4264764834999622,-0.5446873102417532,0.2114158345854745,-0.5314508987627701,-0.25836544028230185,-0.5217032805610148,0.5561545894407909,0.9627221713216547,1.3555477975700951,1.5048744216326988,1.6489779961545037,1.9567028927412444,3.197231368638995,4.405733492186077,7.1953759149702075,10.28415165557546,10.420636469665666,10.794462219895347,8.123468838681058,2.906285729607027,6.136622462699945,8.232137837852044,6.579557132142291,6.473628207583566,7.786308912729009,6.51340249538033,5.495912753492972,4.1649288016702855,3.8227801348546673,4.692157011361429,1.8667137465981445,2.692627121720023,1.61972418201864,5.176453783609767,1.9234927943682143,0.4438138880648521,0.818790673358833,-0.7018214240890895,-1.9372580788314013,-0.9775167661788338,2.0991319004158098,-12.94104566968956,-19.272106195828826
-2.057418221363536,-1.489501583532064,-0.8829528412913468,-1.0351922165082121,-1.0657299435453031,-0.9046328359812829,-0.4456453352569959,-0.24941559058293222,-1.2212725677436935,-1.1722132587877625,-0.8093669220134543,0.5171631540818917,0.6943546037694586,1.284589206191845,1.216078029477951,0.9227797628474284,1.6489587449520047,1.6602379836950585,3.356451683367509,3.6721372908619263,5.551075175153331,null,8.615348211855215,5.377555614021895,null,5.964154380088197,4.961940195355016,5.711724563604352,6.495926950526492,5.064901002308396,6.3596406542544255,3.6155448986424066,2.897114969647446,2.5159852384904573,3.2235233763719577,2.990069453429482,1.779149557400489,1.5365880500937492,-0.018008312630426855,3.383476847413126,-0.579268392424642,-0.9149930777650247,-2.5251188720896818,-2.328249970710925,-1.8442597114073562,-8.000376372499133,-3.5620066930852268,-12.009131948893835,-30.67705090438284
-1.7171543426541183,-1.1589631623855943,-1.3068533676028224,-0.6735201106832505,-1.2135027426984375,-1.2145871715333632,-1.5067679443621356,-0.940647122312112,-2.067323064031514,-0.17282640333110505,-0.16090609622761015,0.058263918407315235,0.7618828729509157,0.47495511026464365,0.48176871311996045,1.5073836871891535,1.1788232229740248,0.873448877222258,2.067574260476976,2.8205314442803577,5.069786045900864,null,3.9799041175245593,2.29445703135445,null,null,7.334593336615947,6.188476543358766,5.159189156009472,4.400119858977499,5.486121923373034,2.425974928510735,3.0805472387099297,1.1480701805641071,2.9068184961439933,3.0009385536516664,1.7816464133314474,1.8707042900961084,1.7984860093238968,0.6312172713239264,0.8665958525192053,-2.6010995022388386,-1.073356140146236,-2.66764923800618,-2.8865615439348873,-3.24579232729701,-5.974139381179661,-13.90748349422055,-24.464051709448874
-1.7876363092831906,-1.1732291918658178,-1.2018151244381647,-1.2826791421147967,-2.1230727410715247,-1.616620926007728,-1.4796772225547477,-2.6488112540533373,-1.335727726087777,-1.2388268735827157,-0.17099659381863325,0.45105159067661943,-0.22565414886008722,1.6374724485921437,0.9704200275886836,0.8061439833100714,0.511390862612453,1.2260001189780398,1.4337799802900073,2.339706759703173,3.5133202851310665,null,null,null,4.752784296500651,4.9855910660862826,7.6365942141425585,7.440393063573987,4.14682054971703,3.906341366960554,2.9515284581025947,2.0882789218389766,1.8323622808830136,0.5247479271217788,1.7043031198357066,2.9865114109978226,1.4365756531550575,0.2705238788856904,1.9378732477606817,-0.33157717427325384,-0.5957637353553663,-2.192120223190678,-2.109592315795567,-4.248868935076388,-2.4064427180054886,-4.730535910079163,-8.156388959771446,-4.863997826732767,-25.441301320076057
-1.7696238032503866,-1.6347716098574332,-1.648820358129365,-1.8388219265124917,-1.719493259613981,-1.4263394686875195,-1.903898751903791,-0.8397897270443277,-3.620862839763511,-2.254126739894698,0.02913810712222816,-0.5998789377392656,0.025775262642956556,1.4737974110856658,0.07426362282956059,-0.23739379452940337,0.5939718484158918,0.6174201299183429,0.7247260051633353,1.6906283750622002,2.861327457004033,3.194179654702913,null,4.655385627046201,1.4107774350246935,1.495864384437791,3.6303077415581813,4.253382168751154,3.7034331562415463,2.653595219870695,3.7672593348160364,null,3.280703853870582,1.44099673463522,1.5559175297553236,1.6871439190898032,1.154221594203197,-0.39516509489317897,-0.3779535125193187,0.22186489393136835,-3.021469075153756,-3.0227206485879536,-5.12506882388367,-5.056048792479879,-7.115043733550634,-9.605232963673053,-12.852538585221343,-14.167988182195117,-20.03351103796663
-2.0457541373863517,-1.3163457574043496,-2.2747760238958152,-2.8312318746717455,-0.3545703611163099,-1.6320596341386835,-0.9108829805728137,null,-1.5906327482953018,-1.7068150095539936,-1.9155958746351534,0.4387256773253697,0.25951632079622455,0.3076805607405254,0.8652609924659523,0.7488622444480684,-1.239046824236573,-0.4644160168256124,0.3602796138318503,-0.6592456983412476,1.788448703609298,null,null,null,null,null,null,4.7194889888260505,4.229792540602211,2.946254691115584,5.169107069411396,6.005923783716873,null,2.2415928988468607,0.23447408727270896,0.18335837721780435,0.16611388517270254,-0.6815115075440141,-2.60404567724428,-2.705175488611252,null,-2.6772897629191332,-6.133504231197142,-4.537765854384288,-12.147814459198047,-9.659155501459386,-7.98027277099662,-4.261949557730302,-15.243574271460744
