public/json/wind_2018-09-1612_925.json
{"header": { "discipline": 10, "disciplineName": "Oceanographic_products", "center": 0, "centerName": "Ocean Modeling and Observation Laboratory", "refTime": "2018-09-16T12:00:00.000Z", "significanceOfRT": 0, "significanceOfRTName": "Analysis", "parameterCategory": 0, "parameterCategoryName": "Currents", "parameterNumber": 3, "parameterNumberName": "V-component_of_wind", "parameterUnit": "m.s-1", "forecastTime": 0, "surface1Type": 160, "surface1TypeName": "Depth below sea level", "surface1Value": 15, "numberPoints": 4800, "shape": 0, "shapeName": "Earth spherical with radius = 6,367,470 m", "scanMode": 0, "nx": 80, "ny": 60, "lo1": 109.0, "la1": 20.0, "lo2": 116.89999999999955, "la2": 14.520000000000117, "dx": 0.09999999999999432, "dy": -0.10000000000000142 }, "data":
[rows 40 to 59 of 60, columns 0 to 45 of 80]
-27.701155615096127,-25.70361147331297,-26.945817760143036,-24.31728217816479,-24.897675125781838,-28.22443453606881,-27.620655997212125,-28.650025182216957,-27.535749311273037,-24.014810075441968,-22.44130686441431,null,null,null,-26.07586676424119,-26.150309732363752,-24.65762501280917,-23.916245232828885,-24.655542631727016,null,-23.01357186783227,-21.528866487048443,-19.50993466115166,null,-17.64992148936562,-20.387193666141552,null,-16.557031402100368,-14.654651620273192,-15.66583888494991,-16.75298091262142,-14.312680485892859,-12.770068209748688,-13.669684616242053,-11.406950515765029,null,null,-8.508077767974239,-6.2797612706032275,-6.50539691644815,-6.118803464435915,-3.2194763418133245,-1.4101382225193004,-1.6601226885333706,0.8617394229003595,0.11348538964953687
-25.43633312620533,-26.84498458525994,-27.24729674610427,-25.171905832902368,-20.705983173688047,-25.704248794434527,-24.98478336239173,-27.105959645791906,-27.8097398890999,-25.023838366705895,-23.168736157508118,null,null,null,-20.991503505596416,-25.206293078488304,-24.743651284243608,-21.3280656243459,-23.731745353368453,-24.13232359428034,-21.76288096952407,null,-18.77736485173368,-17.188270964672203,null,null,null,-15.276786641486375,-14.109171202744719,null,null,-11.170139358025875,-11.58222478334136,null,-11.300376542950065,-10.626415441929142,-6.821382748607903,-5.9565863460833315,-8.550038275013765,-4.867567065887877,-6.588699758526504,-5.772117872618788,-5.177785207662753,-5.922195377963485,1.483947111251208,0.5583640451461734
-24.328265874801016,-24.331141803224906,-26.041774206757182,-25.689891798870462,-21.066242781883776,-24.193344731100662,-25.47385838774628,-26.126038194798962,-27.0326282051812,-25.519704819384323,-24.07576594906093,-20.937890262168224,null,null,-23.946269504337536,-23.47906372893838,null,-21.991654311173285,-21.689530801350063,null,-23.474025518473734,-20.995776203765903,-23.23807649065544,-18.16534631621099,-11.070702695388656,-14.678532029526385,-13.650682680764543,-15.693154462544928,-14.560749403867153,null,null,null,-11.98717671463018,null,null,-8.285316248755871,-5.691978169001187,-4.126914848771831,-5.817275222549366,-5.912322777314531,-3.529848197671307,-3.297773988890375,-1.7652133935285397,-4.378270840119578,-1.8387786209415176,3.3849894075178577
-22.85690064018709,-24.55182123366128,-25.475391212346775,-24.633894656266907,-22.93177262632798,-23.483850589161438,-25.702654125087655,-25.16775701517706,-27.732994801480434,-25.849199534416904,-22.57283907777134,-22.661970862987012,-20.769292972993824,-16.620455397566438,-21.556508790712066,-14.501592573242982,null,-20.92091938606162,null,-19.368541442389308,-24.17050866161089,-25.18754319850821,-25.146774936983093,-16.320032688525334,-16.9111530104888,-16.576890140808057,-16.21142914372172,-18.090364150658726,-13.39429264723129,-10.374339470262486,-7.888107298792681,-9.061120480457632,null,null,null,null,-8.132920008720397,-3.479213348290547,-4.378083288974424,-5.1422661876979925,-3.7788504472813207,-3.2342840785442117,-4.502737208277891,-4.86263578678232,0.9070670157599341,-1.93291842594245
-26.335824186844548,-27.74987291612037,-25.984263497225697,-24.438466138434805,-24.307418710708905,-23.465118568575082,-25.277614282814046,-26.3295644334686,-27.665865952933217,-27.30993882258357,-24.442601959953492,-21.715525295037306,-21.364539357896913,-21.936611883384774,-17.687115784809667,-18.926944312099547,null,-21.63234902253042,-20.30805928947823,-18.21070313907241,-23.570853976712137,-25.743863345001294,-24.493275807630553,-25.241106364651035,-17.64880167585426,-19.997357699574405,-19.49195507311675,null,-9.940127267933388,-11.648158368447927,null,null,null,-7.927468604444255,-5.99806137629957,-4.449022731927722,-5.12209674876288,-4.067759720576144,-7.250271584807901,-8.467145192716382,-7.2913501507154646,null,null,null,null,-1.0415100953849212
-27.32075461531408,-27.188350268899075,-26.387372759134756,-25.503388345423417,-24.295891788041843,-24.001514688160444,-23.79776016668157,-24.33035433774335,-26.03902460098702,-27.192129101056622,-24.472750984400754,-19.883846802458375,-21.66951447237544,-24.244707829681758,-18.39601993131505,-24.281528231762092,-21.078383241978795,-22.6271762808736,-19.530347448669065,-22.474237587480527,null,-21.528618522759533,-22.504417596131166,-23.701913554768417,-22.47484096792534,null,null,null,-16.603425410842014,-13.246397735821365,null,-12.231137051128307,null,null,-5.7568241086494245,-3.274050448511229,-4.432018227322301,-1.135568220378772,null,-7.874306134899205,-6.844631607237705,null,-7.045402624301828,-6.663163837664948,-5.133821988744628,0.08540671023798962
-26.575277606924207,-26.818076101368806,-27.265567115897717,-25.778211193841937,-24.294998252987757,-24.253659817777816,-23.473164280119942,-24.34200337918746,-24.686226520319963,-23.83366753832944,-24.042324498475633,null,-21.06590251855374,-24.19636392366406,-20.701638146641454,-14.282450500751217,-21.316099004137484,-20.83690470297247,-20.606388309426208,-19.644313034950414,null,null,null,-21.124824294725848,-18.816915428851587,null,null,null,-16.486215366921186,-15.657893894330368,-14.326336065698502,null,-16.205413181697068,-11.654781548631815,-6.101134393818922,-6.145377247669881,-4.852861804991083,-2.6159980940200414,null,null,null,-6.895903181514778,null,-5.600823330926357,-2.83317888640477,-1.048240559110769
-21.314384559822184,-25.326744560542757,-27.35253395545221,-25.795119309045308,-24.57631725433765,-21.89309192608061,-22.888424853329937,-21.829751934203703,-20.937822013664928,-23.045352450569474,-20.544743869806155,-24.194640234770453,null,-22.199387297836825,-20.69907805353421,-15.523787674325263,-21.561744773826625,-23.615217956497656,-20.051184553132373,-16.60988915021887,null,null,null,-21.817119347653897,-17.52238659191926,-16.303396607766082,null,null,null,null,-10.454171112804922,null,null,-14.202649013163274,-12.272206953449325,-5.651868528873709,2.0411861829279365,null,null,null,null,null,-2.8523386144153613,-6.91660969000549,-5.09671801778959,-3.6353043695464837
-23.17024969781892,-24.970979453795607,-25.843335019423296,-26.187142974878434,-25.27022446510184,-21.79555719184003,-22.881887662043386,-18.09292905859472,-20.443458949185583,-21.549916644364494,-21.197129843853602,-19.28426667117038,null,-21.847844753782503,-21.843854614930947,-16.621127215223076,-20.428825905989918,-25.111408501438888,-17.551110536778815,-20.483479529522242,null,null,null,-20.739753093712054,-19.977542063704007,-13.697991790373178,null,-13.279286786548553,null,null,null,-9.380571326462631,-7.77334221038125,-11.164623136690365,-12.046383332443034,-12.13568571806281,-0.1822791372201682,null,null,null,null,null,-1.2387323502646974,null,-4.963852906119996,-3.877196296047839
-20.613140520990836,-26.36724258299141,-25.582336754475378,-26.364577030953235,-22.535040082988502,-21.790160024429554,-18.1456575010583,-19.73549922334029,-16.652025940074214,-15.477684636188165,-21.950939069166235,-17.531422517790844,-18.906314724375036,-24.08214060315227,-23.281299785439817,-18.488365797370633,null,-14.438192301076342,-24.074088673047303,-16.89391302494464,null,-14.148663371384828,-17.672598592905175,-17.60908609326996,-20.344274945432538,-17.14247870216896,null,null,-12.504888394043334,null,null,-11.080146301335896,-13.055743327890703,-12.46434011769951,-14.186125305411153,-15.238026351016975,-10.588175654845946,null,null,null,null,null,null,null,-1.2396437717262212,-0.2042571621178544
-26.112998629056296,-21.35597398087984,-26.08023842510054,-25.59294362236719,-23.14093110323963,-20.471003186576997,-17.558593542835332,-19.705400234263966,-12.719240651295333,-16.933473454382977,-19.15596812745145,-20.166939410000364,-18.58717203722963,-24.196740742788677,-20.737495516185053,-19.957535608838132,null,null,null,-22.761500325690267,-19.252960515966656,-23.634984739714053,-17.108739028332845,-14.252801068149685,-16.607265330702933,-17.931301370791672,-12.039150692825928,-10.978485548898572,null,null,null,null,null,null,null,null,-11.220606921005817,-7.999574099434641,-3.7582715990472453,-1.375149668235146,-1.628169971372667,null,null,null,2.0529971041871664,1.989016577655858
-16.215577425449947,-16.0422406920388,-24.246637279393326,-26.867136959843837,-25.41007640734621,-21.03609568340392,-16.26462154258589,-10.079664149705103,-14.669516843206374,null,-17.687022854813858,-21.82507304509846,-17.561708238906164,-20.21363556015981,-22.027868792668485,-21.806693025821254,-14.09388791991864,null,null,-22.731896106429943,null,null,-24.3513084188413,-22.79736545123832,-17.933929645933524,null,-13.869973186405845,null,null,null,null,null,null,null,null,null,-5.830859735912753,-7.224839703383954,-4.517178645192418,-2.9665197365013416,-1.235776856654659,-0.07008688532391522,null,0.681845079573239,null,-3.24795706280532
-24.100865797647728,-21.732096632570368,-28.096183059030018,-20.721130250213633,-25.503663774247084,-21.958067354168083,-19.089044411594784,-12.591835088709399,-14.400848813404385,null,-19.510656316864484,-17.53798106021242,-20.098629144263363,-15.869017066337118,-21.928945341509266,-22.912419548032485,null,null,null,null,-18.161751376999206,null,null,-22.65865286692077,-25.7980449963752,-17.209713231360436,-7.672754840814539,null,null,null,null,null,null,-7.86702111303017,-7.886651851301698,-6.0626414218937,-5.347950524267694,-6.097956879398177,-4.793185783965652,-4.348967090250969,-1.5614616048963752,1.7690338996178272,1.0775171465064168,null,null,-3.2031128395507817
null,-16.21583243680848,null,-20.899599997071835,-25.306987955911822,-23.32338646049488,-19.604446825400604,-18.231694404823457,-17.202303730496606,null,-22.638505002911433,-19.30898943758627,-22.60994055808652,-20.58990881240815,-19.665851217715506,-19.886370538925636,-20.315634035591415,-19.194438250941083,null,null,null,-17.38458418578229,null,null,null,-22.172265807169175,-19.52999450037973,-11.303786266151135,-12.952037600312954,-10.980899264170178,-13.351975245801711,null,-11.704376519077911,-11.51196021971463,-6.706926798455504,null,null,-3.7229340962150834,null,-8.002503393863993,-5.594935648182803,-0.6087973748585089,0.21598822006352034,null,null,null
-12.452794813675457,null,-8.632468249839096,-13.6683121715534,-23.30606830023391,-21.00984512534076,-21.333033516946752,-19.749848071730995,null,null,null,-15.725139239918239,-17.49577071118154,-22.691432618528985,-18.934712362593555,null,-17.431036266885762,-13.495596336778819,-17.920159781511536,null,null,-18.31688667367242,-20.071100909878105,null,-20.71760061672086,-19.43431095212044,-20.36464097971312,-19.54752928486016,-16.562222915450686,-17.30435487180833,-13.906134007558947,-14.729271067926419,-14.64866963294274,-11.705068469529877,-11.075591129742028,-9.315019024690477,null,-3.9167135767078163,null,null,-6.379663817292511,-5.615236049402048,-4.36241122261795,null,null,null
-12.291756865553921,-14.171822030785972,-14.801407494790075,null,null,-23.247934577395895,-20.69811238684278,null,-8.630478662891445,null,null,null,-21.115643478680802,-17.966916058070844,-20.40796872797199,-14.190337625910372,-18.956115234912854,-20.37933818292494,null,null,null,-14.997943719832422,-14.608432259328556,null,-17.254520263671125,-18.59537107594486,-16.78805963938089,-15.646548335852398,-15.31923271628063,-17.56204210438248,-15.905331178950298,-15.864253713833234,-13.704143681465819,-14.202871521382058,-13.634742675980812,-10.752818143088907,-9.326084533009208,-7.914052685846434,null,null,-2.628389079587241,null,null,-1.9878515248500706,null,0.973473394022168
-13.721254860216622,-15.460922579995287,-17.046551832465763,-18.141487724564637,-19.293541530708286,-21.421388794067717,-20.578858959716385,-17.667449775854305,-11.353932552506688,null,null,null,null,null,-24.273051413111048,-20.24497994571395,-19.073206191214098,-22.75646668174853,-17.384765706099095,-18.15187233010986,-14.75190621670703,-18.14493690289252,-18.615411876882856,-19.193205821937,-19.93990496632047,-17.917760060344165,-19.4497807904922,-14.335777782751505,-12.087066474911136,-14.049923754692,-15.726375315362324,-18.250039833256793,-16.330758725982236,-14.216299938089334,-13.917746692578023,-13.214968891105325,-11.825289706589029,-9.998310544624426,-8.987362011348884,-8.097267776098448,-7.21349655353986,null,null,null,-0.6925513965509287,1.7418028692720977
-17.940565103923355,-15.970988793035474,-20.471376645463444,-16.149609380787535,-21.82686162764353,-20.212810663211602,-21.760841874217345,-17.492234113383628,-15.565469921469132,null,-13.499549243758837,null,null,-18.76275433182182,null,-23.670041290066344,null,-20.610868100825957,-21.833177367335765,-17.99142459308631,-17.713777358802204,-18.291314627936522,-17.850930852166456,null,null,null,null,-14.729033700042136,-15.126799773757412,null,-15.235346347752856,-15.694715803380781,-16.44287198696107,-14.022139118661517,-13.59818853197982,-12.940114561073868,-13.014982483388943,-11.656865833395056,-9.472617031446404,-9.4064963305941,-6.3112076467267935,-3.1639047268518903,null,null,2.158813511891873,2.2795297634194522
-14.138059803673707,-20.447057887900822,-16.0052582745982,-19.45107452382169,-17.62486334308148,-19.361812194520457,-22.148613826674737,-21.100710188213206,-18.085629362490494,-10.763393876987971,null,null,null,null,null,null,-18.610949356256565,null,-21.01077412085109,-21.120378192813885,-18.278245434074655,-18.246536188453334,-14.674414112743488,-13.59990366218419,null,-12.524504582147522,-15.923468741980704,-12.98633231720796,-11.481346958604599,-13.874315413131113,-18.134023404906568,-18.411491102481836,-15.532545800035052,-14.482164602687211,-13.663506915239783,-11.880595616750714,-12.237190029777233,-11.618389797863447,-10.265344758709892,-10.053504223801468,-8.469369443331933,-0.8823249042401748,0.03396380307439424,2.9598550049068737,2.2348560355628257,2.130845365365765
null,null,null,null,null,null,null,null,null,-15.308271936938231,null,null,null,null,null,null,-15.177284482316123,null,null,-21.124355738640077,-15.896585951897926,-18.808440237503962,-16.288308931495003,-18.619297167820996,-14.509145381661897,-12.360128545006619,-14.823873291989937,-14.755686052086338,-12.337630769871796,null,null,-14.937768077701637,-14.91940681314799,-15.50517095153422,-15.69294711075598,-13.239315923502254,-14.18097033675809,-11.693733323485162,-11.041048487793347,-7.489870351079509,-4.858894626012514,-4.655841533122495,-0.6071399086536234,2.9103382070446795,0.4761382840552332,0.4961144608409521
