public/json/wind_2018-09-1517_700.json
{"header": { "discipline": 10, "disciplineName": "Oceanographic_products", "center": 0, "centerName": "Ocean Modeling and Observation Laboratory", "refTime": "2018-09-15T17:00:00.000Z", "significanceOfRT": 0, "significanceOfRTName": "Analysis", "parameterCategory": 0, "parameterCategoryName": "Currents", "parameterNumber": 2, "parameterNumberName": "U-component_of_wind", "parameterUnit": "m.s-1", "forecastTime": 0, "surface1Type": 160, "surface1TypeName": "Depth below sea level", "surface1Value": 15, "numberPoints": 4800, "shape": 0, "shapeName": "Earth spherical with radius = 6,367,470 m", "scanMode": 0, "nx": 80, "ny": 60, "lo1": 109.0, "la1": 20.0, "lo2": 116.89999999999955, "la2": 14.520000000000117, "dx": 0.09999999999999432, "dy": -0.10000000000000142 }, "data":
[rows 19 to 37 of 60, columns 0 to 41 of 80]
-5.8960706993736025,-5.670185520074903,-5.994768378345144,-6.4561239452302575,-6.340485609232198,-7.017173347645442,-7.74533333094581,-7.8765795204436895,-8.144792064236094,-8.356814156107717,-8.807673706749027,-9.008630757374323,-9.504373038073002,-10.234625723702719,-10.875093426821982,-10.777434331490984,-9.843794334498938,-9.663582479417903,-10.091168901972328,-10.075160013014841,-9.06980957695393,-9.373105022155304,-10.954271185737461,-12.0222345315008,-12.506811262805744,-13.079084334458692,-13.367489451990286,-13.369378680904205,-13.835411525269711,-14.236618625127523,-14.922147294533659,-14.87362066434153,-14.677062914441542,-15.033089461069304,-14.17483429499117,-14.846922071029478,-15.53097931678905,-14.990721144080124,-15.653792944035406,-15.503597490018498,-15.21615787597581,-15.170730133609965
-6.154485964592416,-6.2415228929564535,-6.364647829292468,-5.866520990145426,-7.032205260665605,-7.534049903315488,-7.7738294160666666,-7.429392187846607,-9.010729631572223,-8.521553106361978,-8.75886987687248,-8.868617377802103,-9.276358321411365,-9.347548124782783,-10.38702575683106,-10.32464489617774,-10.717344338547514,-10.995760861292066,-11.008016751826586,-10.863308613788663,-10.113448621961101,-10.05006088299498,-10.89528066744493,-12.126435087061905,-13.01097078399018,-13.52543449828472,-13.724646018251978,-13.587249981119708,-13.934848130253236,-14.939376159745812,-15.344429037059125,-15.667357321206874,-14.37249943536514,-15.022005603082675,-14.714207199874462,-14.470792586567294,-13.92541329046354,-14.338133123684141,-14.74866606038306,-14.925377578048625,-15.678294169804634,-15.67130657099902
-6.951837934590442,-6.599666503846381,-6.761760628752183,-7.151033178643103,-7.17202506666421,-7.6296158971697725,-7.18926131714439,-7.452905633720846,-9.70457234379644,-8.437077761561895,-8.48966473018134,-9.891853349401723,-9.766226333528259,-8.978653026439801,-9.48783166996834,-10.497575012289774,-10.365616330186736,-10.766703167311944,-10.89689579756537,-11.479229047222441,-11.329635009131156,-10.802260327674169,-11.318648795369919,-13.224460664073646,-14.186287029389394,-14.538598002679823,-14.888885003607538,-14.646666614659837,-14.459830703179657,-13.8973304129171,-15.42554353540878,-14.888886907335667,-14.693691745731414,-13.951137030427365,-14.461255433596138,-14.629602190529594,-14.006327693945753,-14.136257399434635,-14.337344123470332,-15.403767099078337,-16.231108159324357,-16.124015592422992
-7.132775749516977,-7.18326800554375,-7.583939967796807,-7.268594170008849,-7.578906417256041,-7.943471194674494,-6.249348882034818,-9.506131041089969,-8.724726556366981,-8.208582538838707,-9.374945061946173,-9.877704370168617,-9.379611019671291,-9.269775434904972,-9.592199839344868,-9.921004629908122,-11.182978604410128,-11.25670992040455,-11.410094302006865,-11.752004930254081,-10.580729112489216,-11.240748473084148,-12.557169601158444,-13.46194747130802,-14.49231393381753,-14.414296893626648,-14.854231266645787,-14.900332222533848,-14.46108618647609,-14.306064662890856,-14.647920968840012,-15.50980445136802,-14.264376421073132,-14.550914993921488,-14.575270548688218,-15.212509657630687,-14.751076029495742,-14.191222951140023,-14.954087418723388,-16.551419718102153,-16.1772856882354,-16.6452250268447
-7.411397773300081,-7.68556408896075,-7.702844733551502,-7.732238578445835,-8.061564335094584,-7.962426115104635,-7.890768422734746,-8.669333436245289,-7.798680259742304,-9.002025749489972,-9.637387829409215,-9.789563998413703,-9.861013411062888,-10.174606976984913,-10.4195566056408,-10.345662533082631,-10.563683503081226,-11.537704116293948,-12.507889674814932,-12.218527197957172,-11.326506953604804,-12.285100769251496,-13.922073911687978,-14.79944746144774,-14.202564415605613,-14.783741364617493,-15.13215606124521,-14.835056010054673,-14.785801626381387,-13.772570733798712,-14.440903268210372,-15.024823460008735,-14.937190066015361,-15.136790651226631,-14.976685077465532,-15.516787834967683,-15.61030621570393,-14.873507036124533,-15.78589917037496,-16.461364407814088,-16.44054980992976,-16.75998781464262
-7.416767198331975,-7.63912342296911,-7.78198192409997,-7.693625852049147,-8.232542331480857,-9.204713454393941,-8.09963637147917,-7.521789459372895,-6.700622512412614,-10.781165592372158,-9.49298830668317,-8.987312077762521,-9.619848064695514,-10.048678315527862,-10.7449961440644,-10.48067402089033,-11.39379523459504,-13.377137332851218,-12.221777375816973,-12.752147674706285,-12.987578690642351,-12.667827991778534,-13.48094994561581,-14.889064551779953,-15.15054835835274,-15.11989110754979,-14.947247202418561,-14.937453159542338,-14.481288092482462,-13.736201065311736,-14.03022724958179,-14.83996298831648,-16.316593361034027,-15.392732905030659,-14.519385635912677,-14.907974131406599,-15.706870351027119,-15.19523801378279,-16.177574237479142,-17.035479253495527,-17.28496631960808,-17.3023437072838
-7.301753928131262,-7.332314463741502,-7.485990858178273,-7.971263587578636,-8.80884793853874,-9.160215136551475,-8.583073262714166,-7.499009550264891,-8.877235601099414,-9.401587116602066,-9.017881256903957,-8.857995549911614,-9.287502513298973,-9.605842662487225,-10.628600402099472,-12.187430716845547,-14.659003602080988,-12.879513665788803,-12.045361477904807,-14.23496033428599,-13.440997837661236,-13.39124762329191,-15.17509985468196,-14.482515259200701,-15.157926917951059,-15.643848921495293,-15.507272290025053,-14.664257440537972,-14.021003294539518,-13.630553028534784,-13.734460838472017,-14.71695395503219,-15.205575685508707,-14.72495934667031,-14.73836640997892,-14.899737499894126,-15.425485828254383,-16.197427777846094,-16.68474721518257,-17.94764620192969,-18.09466945399122,-17.60563916651552
-7.383433981315826,-7.4278827890008525,-7.452596996276088,-7.859459450303747,-8.15599285467378,-8.57405991005858,-8.395341488958866,-8.777954183656384,-9.234151439184725,-9.138308839705786,-8.891964170306593,-9.507578364672739,-8.982807727152718,-10.467037227182836,-12.16103111321106,-13.200604176323377,-13.261782482898294,-12.624351970945094,-14.18602408275369,-14.58172860421985,-12.977362042346993,-14.823479401354342,-15.032525291601802,-14.845568449118842,-14.695295018032951,-15.70343023872433,-15.161536086480094,-14.46884027371476,-14.35190324354266,-14.196586621355602,-14.750892156737583,-14.11959534076236,-13.96819177030381,-13.903686620974923,-15.123717791206055,-15.253153949278602,-15.773446503838564,-17.208604820262078,-17.377391821328754,-17.937860617432314,-17.964292286537685,-17.625675727201855
-7.637105842273359,-7.623775695243759,-7.609366333122941,-7.69118854827569,-7.664246696736787,-8.65096493824334,-7.960696541773511,-8.01612888681185,-8.317456610318834,-8.835269833282412,-9.262728677289065,-8.83454335663736,-8.68336820700034,-10.609071389584198,-12.156661673273202,-13.407744879026186,-13.538911256151394,-13.853676547218015,-14.182948997064724,-13.62040669221532,-14.514113074050153,-14.260916587321578,-14.705886181599706,-15.07321346865793,-15.15413539367329,-15.398418542250145,-15.54754248091253,-14.70040056250235,-14.571576242021912,-14.301874279487386,-15.102028234930309,-14.880560546030853,-14.311946769894902,-14.735268196750146,-14.997005164839496,-15.034321312432898,-15.746016046067568,-16.927875248727883,-17.224406533411045,-17.52306466363652,-17.72880588690507,-17.632124900947254
-7.942481701230564,-7.801926349036774,-7.861072938901367,-7.63382591760873,-7.87950577568979,-8.390267884559321,-8.34026552945252,-7.545386528767965,-8.336099419960012,-8.788606170269922,-8.659616988387855,-8.530804684291208,-8.603141177364808,-10.838567036535869,-12.239141036153493,-12.857198261526964,-12.965880094690666,-14.048957792800087,-14.11989981383662,-14.307453211015469,-13.935637976723129,-14.040464352474405,-14.559815043073076,-14.894261949295643,-15.240512166786822,-15.639525880135652,-15.584625789582217,-15.454313840473677,-15.145119242326032,-14.800920745817262,-15.125356403572809,-15.02940226815801,-14.577784093961181,-14.780029102228221,-15.271972055481063,-15.037674126800777,-15.61671845314861,-16.12439084519751,-16.946605776029788,-16.916495153617657,-17.367965693801963,-17.736126711628273
-8.556338334813507,-7.384331881461277,-7.893405409701183,-8.417643628273419,-8.417623142102432,-8.199462633071233,-8.175732892806803,-7.03206157527049,-8.423100568519201,-9.259349085462853,-8.888340189009526,-8.656157495711012,-10.196564158205419,-11.04446303269642,-11.414247711129308,-12.396894967447356,-13.338434196692656,-13.746383575274288,-14.048175445135492,-14.136589770032867,-14.23636747825442,-13.672041789542918,-14.526217436124625,-15.017920339031287,-15.258553964522946,-15.318973929777133,-15.93907377576421,-15.75003296327177,-15.533106352108588,-15.960826922608298,-15.506006095049976,-15.093318609453473,-14.833489622316733,-14.91493644953552,-15.015585332197059,-15.095864122347098,-15.149389347067993,-16.361930445573567,-16.665869533820718,-16.680197103576347,-16.855987845953614,-17.6992989283101
-8.284376255809931,-8.015743390805131,-7.386939513177913,-9.553187748172373,-8.458721392696525,-7.231995653052643,-8.206063225837136,-7.455182895669472,-7.959429550489565,-9.613942463786326,-10.000274292386438,-9.89913500248882,-10.032540512207,-10.636074909444428,-11.314133428561938,-11.996446861246655,-12.86009330370818,-13.587294147715358,-14.029822222123148,-14.084164555008002,-14.04287553809099,-14.62978931543359,-14.931806682389968,-14.635291586461449,-14.93717269227203,-15.51317190175148,-15.837168529452834,-15.561327034799199,-15.95641053322962,-15.377883367685788,-14.776986431337894,-15.343581323153824,-15.482426388997675,-15.659195773988072,-15.045691020542789,-15.629178360438186,-16.666481744836165,-16.075598312214392,-16.537341752584606,-16.91564788194298,-17.301542582702545,-17.655846772468635
-8.429151721129697,-7.734377257420776,-8.080550545575695,-8.280084082389836,-7.907734171869457,-8.739728860083012,-7.918340767864217,-8.037156066002428,-8.219225318710388,-10.024141357269455,-10.521911437799815,-10.28664393147033,-9.951997071908627,-10.599120812120466,-11.00807354890505,-11.652236644393344,-12.498629332746132,-13.585093038190994,-13.77827817770324,-14.340506465143012,-15.332872796345445,-14.813555759385029,-14.747595247771807,-14.868254652457608,-15.235238464062347,-15.051875196218589,-15.391429455609142,-15.452936167789636,-15.968722539308793,-15.451597880068615,-15.820804059927777,-15.476231522404479,-14.906156438978346,-14.325736210831877,-14.742245997937603,-16.13253714151232,-15.973033088783975,-15.22494423954075,-15.91818225663312,-16.43101883460224,-17.14696747372829,-17.472513945503557
-8.514385732583792,-8.012257814496186,-7.95935442403592,-8.421457093256231,-8.164065625044655,-8.558305288748361,-8.291427413711329,-8.10660922584339,-8.12879095330203,-10.401553701221344,-9.952104233077817,-10.902729729963488,-10.412313406516517,-10.14945613696907,-10.893564134731797,-11.906070166749595,-12.366855279178399,-13.305138545992236,-14.067348103403317,-14.322395386299196,-15.070670135959835,-14.699498968948925,-14.8332451061131,-15.013609644496956,-15.35211783510435,-15.478060411434823,-15.084321210451357,-15.438405054365047,-15.572942574476926,-15.372362776141772,-15.786808314717323,-15.867944654077235,-15.101658138809897,-15.298653279273465,-15.945646446029272,-16.185793621215662,-16.083404231678784,-15.494171970814111,-15.308573594434119,-15.663118546070086,-16.31313348702576,-17.06964608274115
-9.115766982398549,-7.707025639224963,-8.554554734954907,-7.75068952489731,-8.556577695376212,-8.912157536716453,-8.522694055339679,-8.352770826259373,-7.605110767814967,-8.723497090446811,-11.519686606068136,-11.488978924340444,-10.586712256792158,-11.008553375313603,-10.912520548053028,-11.738195782585914,-12.354758458909075,-13.500018901821031,-13.51667770110873,-14.07851807498432,-14.861656078281404,-14.589445117044386,-14.571051405494577,-14.921049338828784,-15.725797018181561,-15.152643245937696,-15.585778638126056,-15.239862099842513,-16.046737396996285,-15.468578112481797,-15.912011355003788,-15.866480737748155,-15.495748920726202,-16.34222918807813,-16.36297039881573,-15.68655340558689,-15.472323692877156,-15.255979458106378,-15.502001957497512,-15.587154707893045,-16.289646701015428,-16.932621653272722
-9.254528014565107,-8.93413573836013,-8.82707586230868,-7.990239200648287,-8.502388607163045,-9.128397790941762,-9.081861720364207,-8.23543656827427,-8.2241568557242,-8.912824493666164,-11.908999198614453,-11.561823657035601,-11.267010952292917,-11.09181389158139,-11.177906757738263,-11.646824399968772,-12.49416662932793,-13.240934028253006,-13.15280559810861,-13.403925276639509,-14.67627659164254,-14.68262473226962,-14.831959349566677,-15.113592422262364,-15.371519572925791,-15.298537265131474,-15.723793696375655,-15.748151098103657,-15.664810106639026,-15.140033938707699,-15.468195725695617,-15.030988002940948,-15.991676004226793,-16.448011761449372,-16.0942044303178,-15.893387871556008,-15.864663321952056,-15.490398401192301,-15.46114640873541,-16.472865812456746,-16.063783906024714,-16.294572923812964
-8.919558918874685,-9.854291809265497,-9.12178198947774,-8.684872991285932,-7.994220359644326,-9.091484270139691,-9.254163284826541,-8.317356817946443,-8.247586749038685,-7.53206336885424,-11.89883710149247,-11.544349315437744,-11.311664469499751,-11.255302583294796,-10.824555723365016,-11.88890356306607,-12.307664544282236,-12.571428576553792,-13.051785076680627,-13.558862646341792,-14.61441131346322,-14.8310687786558,-14.477077279504286,-14.719077402547217,-15.396517332749875,-15.863312355772235,-15.534211326144057,-15.729740974121135,-15.67852782523905,-16.016285375274098,-15.29025109357835,-15.359529815595405,-15.65165638876244,-15.441201500457579,-15.141662666418434,-15.754701980537096,-15.882098409888055,-15.746962149898923,-16.086534977224595,-16.429922953358368,-16.045951409713524,-16.177113915689613
-8.681741083727447,-9.532936170764788,-9.537929237607063,-8.954669816483976,-8.627218114824315,-8.436708362005758,-9.288651598635958,-8.596428069386093,-6.715972550447731,-8.861978753662237,-10.31739995774899,-11.12421826387807,-11.626014956704282,-9.432894175389382,-12.49892384605618,-12.792858812237927,-12.777765134394919,-12.868962545867099,-12.56605017108394,-13.93371233577209,-14.405233710643467,-14.43085839437348,-13.7092276523615,-15.327820510005875,-16.251660202847432,-15.952947280231312,-15.679023425818066,-15.465757847717267,-15.609472875035541,-15.784334485403946,-15.319801449885677,-15.58814867952237,-16.397803921461037,-15.807085344032643,-14.96843818783426,-15.366740811285952,-15.781000131725955,-15.53838117149351,-16.62214938360833,-16.521131190287242,-15.559945563461675,-16.25143279107291
-9.549094715842891,-8.852396906698054,-8.781342962925754,-9.519478726649252,-8.941805039928118,-8.47406263375442,-8.576769788171578,-7.929538318381485,-8.464342076765329,-8.912087186975555,-9.84107118574337,-10.567773490595279,-11.428394368969217,-12.393118905373889,-12.3643197312402,-13.133127349290948,-13.303134265661948,-13.851201100361322,-13.542802268686678,-13.84000742770646,-13.486570710025882,-14.342552983782104,-14.116326979298538,-16.016168791464512,-15.852854549028752,-15.795948217543787,-15.567849836905868,-15.70936645886147,-15.672524148353032,-15.208549962227876,-15.827370691589714,-15.232722546154871,-16.385931013136723,-16.372844936266915,-15.042545625808426,-15.674449641810867,-16.699626806585446,-17.551165150156873,-16.361386079825333,-15.310865051597244,-15.706224672959708,-16.55400634502408
