public/json/wind_2018-09-1612_950.json
{"header": { "discipline": 10, "disciplineName": "Oceanographic_products", "center": 0, "centerName": "Ocean Modeling and Observation Laboratory", "refTime": "2018-09-16T12:00:00.000Z", "significanceOfRT": 0, "significanceOfRTName": "Analysis", "parameterCategory": 0, "parameterCategoryName": "Currents", "parameterNumber": 2, "parameterNumberName": "U-component_of_wind", "parameterUnit": "m.s-1", "forecastTime": 0, "surface1Type": 160, "surface1TypeName": "Depth below sea level", "surface1Value": 15, "numberPoints": 4800, "shape": 0, "shapeName": "Earth spherical with radius = 6,367,470 m", "scanMode": 0, "nx": 80, "ny": 60, "lo1": 109.0, "la1": 20.0, "lo2": 116.89999999999955, "la2": 14.520000000000117, "dx": 0.09999999999999432, "dy": -0.10000000000000142 }, "data":
[rows 0 to 21 of 60, columns 0 to 48 of 80]
null,null,null,null,null,null,null,null,null,null,null,null,null,null,null,null,null,null,null,null,null,null,null,null,null,null,null,null,null,null,null,null,null,null,null,null,null,null,null,null,null,null,null,null,null,null,null,null,null
null,null,null,null,null,null,null,null,null,null,null,null,null,null,null,null,null,null,null,null,null,null,null,null,null,null,null,null,null,null,null,null,null,null,null,null,null,null,null,null,null,null,null,null,null,null,null,null,null
14.776913664787877,14.916889811215222,14.161083026504706,14.869504886692512,16.556309194391226,17.035613215676456,18.181071981693727,19.507923108012506,19.18604612782944,18.07859903656311,18.50625391874009,19.17642892534346,19.22846972157702,19.790131714488137,22.353088475166558,23.392420325520813,24.08528139375249,25.200166091666738,26.235490022878295,27.348010289580927,27.984391543302866,28.39544173236861,28.529486688790776,28.20515598685324,28.07898482996996,27.829820688976532,27.68286029966767,27.318987073471522,26.61207305971625,25.98153813258413,25.65537897112664,24.35485093275979,22.241003383980825,20.305228210220065,18.817417844419154,17.680177744778664,16.325307207086887,15.06442552910578,14.133457986183682,13.6296312397967,13.155801211046295,12.095806465713679,9.949342784510595,6.387725108920999,6.122173453482418,7.481870271344774,6.557380928532977,4.168539706226834,2.2387151160374956
14.45626168361726,13.738113906085706,13.73946466386397,17.11953727528215,17.351435075525686,17.7205553566831,18.850180204499484,17.681407137374457,18.06204747626552,17.54587228570227,19.552392665754653,20.330510881250742,19.760129910901064,19.410980379034747,20.67004323327098,21.494304096954888,22.1610073000929,22.93618707942117,24.058173522582166,24.962020276218936,25.72937763155106,25.768323274289784,26.129243792517215,27.133862126038782,27.453769109654548,27.24069564055607,27.189830478974084,26.376992999099176,25.497090811783618,24.6399733621377,24.606529091589636,24.260020567141524,23.669702332494055,21.590541407705135,19.712199108987758,18.204426783646735,17.09044411772195,15.528733500672423,14.45808503325157,13.779952634884564,13.35406352977003,12.614283210678952,10.439804738036502,7.3701889879367055,5.1850120968211035,5.971483571762302,6.07891542065161,4.576667901265409,1.3880585087127946
13.435472774179381,14.332950911615892,15.603558462227182,17.004343790406743,17.261342895426345,17.1758560784124,17.411913753140286,18.59477029917536,17.97899409233871,17.062792688146754,18.440327991739657,19.67338363642955,18.040060477594835,19.763744514547454,21.184898071663575,23.398074411770757,23.85984004716436,25.15326398864046,25.37809873171616,23.650125096015152,25.10520686069753,26.088227653980283,25.61748111435142,26.239684536881626,26.803279176871253,27.063764369524307,27.490378560375564,27.382696918658244,26.396755866118703,25.57992700703012,25.935425964589815,21.824584602676712,22.895069870598203,22.336447879644986,20.258461324486344,19.078743307678632,17.41658389155982,16.112162760466823,14.670391403955389,13.673084239353354,13.055835200918093,12.78137387737481,11.48704048310624,8.198026890269624,4.272709549312245,5.0012177370802275,5.696935296956107,5.739784030848156,1.365890305287874
14.113582487368948,14.985994523736853,15.955132914319318,15.809827484894399,15.565598978624354,15.69437936737243,17.523316443333936,17.575258118621807,16.54529134958889,16.622939386745056,18.45796918929723,18.76985355692026,19.32050583131935,21.355678995964087,23.269508636464018,23.793801423777083,25.983694794992257,26.490474854248284,26.460217226796537,25.579848066666074,26.033855599054235,26.28458757148901,26.1602120462593,26.533879633969978,27.14545702784322,25.826420060662613,27.227720858718037,25.742554947859247,26.388046197094678,26.72275339792945,26.289028442855916,25.087826652081525,23.29889804518926,20.54623115107608,21.217385654084243,20.132018466546135,17.824582757796072,16.38597848527598,15.368243204247566,13.864890647039719,12.608595170100124,11.996688402541269,11.889475026783174,9.20944072339669,4.58095372188885,4.610889986144322,5.180969532581068,4.883960323021621,1.4577786112501192
14.695279471887329,14.920549681613759,14.063557842292145,13.735223363010334,14.784151245347378,16.186662902457677,16.414210251631186,15.890259362833577,16.00124365048042,17.37621879401797,18.09010428014583,18.708736800854606,20.281318040922482,23.542897129842963,23.975321445372757,24.988043496389594,26.608634440672454,26.21754653730438,25.862933248717905,25.72497211245063,26.796475847250477,27.21625748322188,27.454832363223954,27.56019328828874,27.48254065128941,26.66680067529402,27.104849007171957,26.37199259996919,25.779790417758207,25.128764696969206,25.954816640323827,24.814128320946445,24.434804242895673,23.29611249431515,20.36489922473066,13.795769186664073,18.578427845098574,17.242272824990515,16.085133863826048,13.81825225823884,12.559985655986981,11.312583859577302,11.116574587152352,11.046202329948247,6.249588355877632,4.1704328914027915,4.850653887673355,3.8611931783048177,4.392651057713548
13.409579800186616,12.612039845097431,13.380699750250178,14.236848654775898,14.534940018973467,14.640905494652516,14.842766495347803,15.16473629274764,15.68163063534837,16.319204930967263,18.450468727605212,20.530025717014347,21.749796890191448,22.944115320591273,23.984442553064564,24.642838056059052,25.997446532854553,27.145544971742865,27.939724434775137,29.13381009772557,29.425826959371353,29.540861220794312,28.83953327757495,28.876374410870618,28.91935481975614,30.09625671549528,28.929533912187537,28.28548843492393,25.321357647182438,25.888353482662836,23.160163747429117,24.484247654385534,23.20441694813739,23.415071354037895,22.029603314968462,18.83379569040465,17.9176966453222,17.392629854448973,15.972604863765035,14.603003392949253,12.73048547235885,11.277042399863618,10.52867849096094,10.242807383987067,6.680043953079956,2.369054535717064,4.536049967424288,3.1988158161311118,2.665026250378007
12.199927731229195,12.825897259987396,12.697001001598524,13.52246105983054,13.875708513150972,14.464605552874154,14.65307968883645,14.72016771725203,15.567383174297408,17.72098553181862,19.055025010720872,20.680719994292552,22.548576687424145,23.361322779774902,23.82541100362041,24.963544943773336,25.35527006645043,27.384317663580802,29.00013216451671,28.440968306161626,28.30079232500479,29.633300979031972,28.60930453868661,29.647547545374362,29.837014924117682,29.446944690915164,29.24590859757575,27.93910772254217,27.07847470639507,26.927930184744977,24.4037383548315,24.160000649780457,22.627952471867303,23.88084845532009,18.496052125677323,19.311810569171797,18.097126923886442,16.59128148142762,16.057626022246925,13.981679132729697,12.390998132564345,12.352005778117672,10.471565075155608,9.757803212778711,9.238901300198881,3.542594285402805,3.6334382597658372,2.9207646527163256,1.9492850335518623
11.570736479936706,11.85353209404625,12.165290687444031,12.393523290509528,13.33666205978378,13.802406963315232,14.055350231533975,15.237227149418208,16.115747322355777,17.442647432681817,19.31706496858151,21.56217128134611,22.64827683777436,22.98400407451713,24.1864951567577,25.362809272457888,26.188981422725462,27.9118092343939,28.95801450962361,30.18717359493269,30.178635341395925,30.649884930759367,30.695494741055512,29.25312398308166,29.291946326715426,29.979622524580783,30.243575151293562,28.99500775710048,28.347312417084268,26.9157541349941,25.241564931967716,22.276276487906802,22.226335244136138,22.99220530523743,21.877587462572492,21.105628094332317,17.10305521817524,16.935176905127687,16.363595171575387,13.619203105627044,12.010849825046332,11.265156686541589,10.292099759435079,8.882831158798055,9.552644235515025,4.066897318376756,1.8615554452078098,2.277872920218809,0.8714370988618341
10.62880180560433,10.975198977467748,11.575907723231344,12.313265258766476,12.991516135170063,12.987394124740794,14.326657306781264,15.518264857336792,15.88690788745414,17.8671721343364,19.832362544991188,21.018030180540656,22.384688455527225,22.437743359470844,24.75622546552379,26.14686622642408,27.46049965900717,27.92549320420553,28.327808757421483,29.013389160037466,29.60032127382122,30.452795353319022,30.300604029999484,30.33283362508871,30.961091211732878,31.38082450968127,31.280602819182747,28.274991193356403,28.42314967677396,27.385996965365795,25.277330279992725,21.226081179618518,20.846880765455687,20.372629384545423,21.54457158532913,22.04105349742591,19.578275954921004,16.458407357300604,14.416602638550533,13.511466264706279,9.991986026464321,10.270755752205107,8.693774368109034,7.683748510960861,8.355632517392175,6.87711977781091,-0.20846134431868524,0.4558413429866687,-0.1743740720384529
9.921320039911219,10.712293011495932,11.329806321483364,12.107687273296989,12.361591096705446,12.643334380719843,14.445497060456113,14.830410727721077,15.922161509046596,17.956555254881597,19.294305585747573,20.036613888312566,21.602289078725676,24.939563578675155,26.49270156683958,25.573071480358493,25.758358129525902,26.08528467797062,28.00101796678938,28.645743586301077,28.50192309376475,30.361944884099238,30.139554863061008,29.676510697424018,31.13109914510036,30.948756920722282,30.149414930491155,29.003891334140913,28.584412362398822,26.51232056067936,24.612180247782685,23.72696553373886,20.017139456710225,19.20261545470045,19.79013852381673,20.50345894377222,19.672598499953622,18.374607339916995,13.968044348183462,11.717716615754851,9.478758818301827,7.911988945738882,5.665337921758586,5.55988704427511,5.564098878912902,5.964522164842181,-1.0240335623225771,-1.7750303257962292,-1.1443733626084183
9.687572379929566,10.458714045212812,10.964696718747689,11.553079193168031,11.916079232535948,13.003889357381068,13.886227525358706,14.322918592486218,15.909805197880168,17.388065952709262,18.645939604803445,20.337823968503837,22.70054652121283,24.84460596607138,24.846856087091336,25.076629323939983,23.99466908053404,25.890710233587242,26.49928317511876,27.50334648686253,27.992799390670587,28.55998943940061,29.784580905254874,30.255481657752977,30.943176795195814,30.316442475597256,29.295923859915376,27.88945559671668,28.157801076913806,25.59367766028459,25.23524593141418,21.812304151660708,19.913603097664314,18.252716866433417,18.48241976889498,18.876474853402954,19.03967439407276,17.07300503471931,13.519776077200353,10.491083414246763,5.880085428879209,5.916527827445968,3.8948799727761583,3.2755552080586776,2.779375851548232,5.410445003136847,0.1270378659558868,-3.584219999679437,-2.2178777941052163
9.14385743232664,10.299093492074537,10.537680183498587,11.29739351665103,11.821478477293788,12.64577566056753,13.289412734202486,13.959046614035897,15.401068460460948,16.711415236644083,18.639296055809332,20.839697158576172,22.938121776272503,22.751139499229954,22.493748672893247,23.494708113166244,24.016351443802566,24.086560457040605,24.659338439269042,25.301694265654703,25.98908080704879,25.416662647298878,26.795663325217504,28.79935415316253,29.069480906369787,27.496474760434662,26.997816635920177,25.760406638841133,26.305382809865307,24.73745590425046,21.957501838959125,21.702683292444323,20.40485837756306,15.892754981034159,17.03392485964067,18.02656866336215,18.545625846929248,8.161123389954223,10.492569700077725,8.896847942848224,5.244228329977579,3.5220785707954327,2.2597319759690655,1.1366890495689175,0.9878232209354305,3.1417607577246733,0.4927445276559919,-4.8183190934869256,-3.3624171558624227
9.002070712231712,9.280795507517368,10.45089355957495,11.047304936114724,11.714040091407952,12.59956405322402,12.652777044817373,13.32351625273073,15.05644651579114,16.96486546349904,18.627418158690194,19.868855291041495,20.807444111970113,21.966832365673472,21.0596095399488,20.64786763701808,22.706776153839886,22.843532442501726,22.64016926438103,22.877653900566656,23.73890870640519,24.01625672527371,22.7941259781063,22.406183765548377,20.695919163294793,20.828907875473444,21.441823997205308,21.126592502183637,22.26887908847884,21.042734197511763,19.249869398232743,19.035180607644374,17.22313019541526,16.920219985918028,14.86248352335745,15.629781701448872,13.726339508205495,10.405449335638133,10.615556127199396,6.135583027910886,3.164756104335952,4.386779155989914,0.321007701670821,0.23165612898759397,-1.114747004303089,0.2421805249801237,-1.0123086678529751,-6.090069765261283,-4.513711572951843
8.998063549896894,9.234322000794243,9.864399920910355,10.307705073151919,11.40661086743727,11.644166727169779,11.887558975410807,13.136592046269465,14.91432085997903,15.784524641310423,16.723813152727683,17.920957185148147,18.829722604336403,18.278513692414982,19.085475719932354,20.625424723674563,20.722286098579794,19.643810030514686,19.670100626372683,19.719959712256777,18.890365905688675,18.118187562202426,13.864563422397302,17.458594829390783,15.253861965267298,14.044284817702229,9.29723427596907,12.412952220165074,14.942566905141058,14.691791805787606,13.951036170114216,14.257195270300718,13.659039889107204,13.70863633304272,11.03638435246619,12.653436472304733,7.44649935066268,10.37598961412078,10.584255593876183,5.745152809487458,1.424517924519224,-0.045289222311636734,-2.273089967108616,-2.2682298269690353,-2.803158594227301,-3.366024440585213,-3.8024124484513915,-5.749967152923107,-5.786718675597565
9.024407575051985,8.961446803817955,8.803250275538876,9.112404383728066,9.983275621937771,10.709844591058026,11.240683814430106,12.653467505946686,13.59551665374236,14.39501504785976,15.010056454399717,16.40104907549888,17.340867724698384,16.985735787693876,17.83586789367454,18.469474350944,18.249980054517717,17.370747520807317,15.966804191649244,15.357018474310957,13.515025396796911,10.727607035814362,7.611431431034894,6.435325654703019,5.518387892539144,-3.330987940966296,0.8770949083133447,null,4.762401208796302,7.344636809903558,7.3021473469729,6.905891228249886,6.45893691045244,5.687641880347161,7.345204521232171,7.9052049631790835,5.282478124075249,7.193748877286695,7.469160308161351,7.664610498682314,-2.9855629007953697,-3.3940322546155897,-5.22634778228075,-4.757711309001161,-6.515817978637539,-5.251099821235696,-7.538960909940766,-7.421745689922972,-7.669335322601676
7.954520282028495,8.0904725507946,7.946764846723976,7.731301042262235,8.760662031343578,9.54880303908031,10.031096666348274,11.258434752088839,12.515404020137463,13.194681662313887,13.615775775288272,14.358007952432512,15.502469009339993,15.860663889336998,16.21415109436897,15.762062920915302,14.724429416135239,13.214814178694677,12.440801285632041,9.178482389355798,7.177244143102651,null,-6.291252835490379,null,null,null,-6.097614933882322,-3.9961182754206073,-2.231790370937894,0.5762991427739268,-2.1532379670292,-2.979325485299098,-0.09393068635899451,null,3.78898113408727,3.514692539187648,2.1760141173597614,4.041793557871525,4.327944156050224,-6.812848689591667,-9.179447665055731,-7.30090000563551,-6.710320515192462,-5.6570103055678045,-7.053723745483715,-9.35911471244262,-9.70278147437876,-9.035958528614545,-8.50776865734615
6.736713706864985,7.0585394344676535,6.583524169241275,6.719290699026547,7.920171737851427,8.41853238354507,8.763784744223955,10.574636443763914,10.102157534333102,12.024136551420751,11.7384789382861,13.206076832061813,14.431611366190214,14.148254999064928,13.774015327729888,12.022108719123807,11.3304045998185,9.001643527696132,5.629626675857381,3.6159390149988253,4.123193216702861,null,-6.849272935842886,-6.980090027773655,null,null,-6.777571820541292,-8.397655206820204,-11.872619632332707,-13.899897138176419,-12.614380438375482,-10.631207266635036,-6.479194830010287,-4.437343224891859,-2.4040190154787324,-4.467416088852812,-3.22244429028008,-0.3560064172172957,-1.7619959364888733,-7.509347450034603,-5.364974851378313,-6.983791826010393,-9.555771785899822,-7.678103320408369,-11.875091236154757,-10.801481017783537,-11.097640374502946,-11.244639696348827,-13.783315130758313
5.375764213194963,5.171958680210166,5.606469901521798,5.26486213494084,6.055629603771711,7.9467558893010715,8.043443717812726,9.058684111607919,9.516464608024176,9.209923674945937,11.229235924798216,11.527630408029474,11.928254557820308,12.330338019239814,12.266810353178395,10.474919807427005,8.53646044767263,6.134165314939091,4.6216826842222405,2.658716227356184,1.6500878819627547,null,null,null,-3.8027794481898103,-8.061968632938846,-9.72874064700076,-13.36268560010352,-17.715786510841323,-18.960653822928037,null,-15.974512672701923,-11.520181001855585,-10.54597112140899,-9.76721363912104,-8.116703450258775,-6.6434468373651985,-6.738051440866752,-5.8880218906944535,-5.947402231644007,-5.108863585129814,-12.534052893620293,-11.95111159731055,-10.314951447632932,-15.234816324125617,-13.27993585259138,-12.2121647356597,-10.235765695515973,-15.965933004371395
4.170829126184723,3.4302324898748475,3.926061014312711,4.0186395170347105,6.194018168948038,6.714937378966951,7.288141042971025,7.569929273663857,7.82879593133915,9.541931686667633,9.038326078405353,9.159938803007421,11.769072095599876,10.717661331946399,11.028571832188927,7.019813361606037,7.978941764576831,3.8574649381663635,2.487016172540067,1.551887079142399,3.0586351784617807,2.908524668653812,null,null,-12.358818302650318,-13.430289376486657,-11.912340494044884,-16.594905592917115,null,null,null,null,-16.431692880111278,-15.572387568163105,-12.93844033128921,-11.46605416898953,-13.036431232361403,-11.16697976211555,-8.330536776869828,-11.184513668594704,-14.652471137623388,-14.57881927967112,-13.521945110319383,-12.12618246539191,-15.303468420409898,-14.54105935198935,-13.445009813998926,-11.981349964313365,-20.69622571388913
3.343292469848673,2.918633332850198,3.477674373771217,3.0471989958645698,5.783359131591496,6.2133699064284595,5.7832613235138925,null,8.785509930553351,10.390386022065114,8.12136646889521,null,10.925787307532154,8.719895021034848,8.947846075261777,4.836493865566199,5.547715569444571,1.439806647486071,-0.3487182015981146,-2.689865461757953,null,null,null,null,null,null,null,null,-21.07171780142363,-21.204261053638696,null,null,null,-19.432732612711433,-18.997701062608357,-18.39766454136329,-16.173629776273202,-13.434417660071945,-10.601058119029608,-15.394607399294747,null,-14.228204218418647,-14.179935006452977,-16.77647322022604,-15.442659523188109,-13.547768596852878,-14.954495695756187,-11.426256350486454,-23.359285896234674
