public/json/wind_2018-09-1519_700.json
{"header": { "discipline": 10, "disciplineName": "Oceanographic_products", "center": 0, "centerName": "Ocean Modeling and Observation Laboratory", "refTime": "2018-09-15T19:00:00.000Z", "significanceOfRT": 0, "significanceOfRTName": "Analysis", "parameterCategory": 0, "parameterCategoryName": "Currents", "parameterNumber": 3, "parameterNumberName": "V-component_of_wind", "parameterUnit": "m.s-1", "forecastTime": 0, "surface1Type": 160, "surface1TypeName": "Depth below sea level", "surface1Value": 15, "numberPoints": 4800, "shape": 0, "shapeName": "Earth spherical with radius = 6,367,470 m", "scanMode": 0, "nx": 80, "ny": 60, "lo1": 109.0, "la1": 20.0, "lo2": 116.89999999999955, "la2": 14.520000000000117, "dx": 0.09999999999999432, "dy": -0.10000000000000142 }, "data":
[rows 38 to 56 of 60, columns 0 to 42 of 80]
-9.031557772122545,-8.205781284295503,-9.745753489801874,-10.266881741729557,-9.350205764571042,-8.639742951694785,-8.583408193570076,-8.621544992681676,-8.3005557530228,-8.641585344614734,-7.5470782853187695,-6.897817839347596,-6.790904346480653,-6.4015810909770945,-5.572239305681762,-6.025171874216847,-5.056485169187532,-4.355962421820415,-4.649272916845352,-3.7311445716605496,-3.0863129301572707,-3.8388952582918106,-4.8976982494182035,-4.028917814281467,-3.9213621548528335,-4.2039206675538106,-4.199985722848021,-4.638118124233078,-4.293825481005035,-4.541007681112117,-3.4701010360080597,-2.94310828388003,-2.6192764836548954,-2.828611745442828,-1.9885263942583968,-1.9998765043592277,-3.082982916847704,-3.6442391024501615,-3.4086669509808076,-3.102142601754742,-2.992732209983883,-2.924507076905282,-2.6036817609245273
-8.02049622453461,-8.480213053114587,-9.420115565269086,-9.621639110536076,-10.11616733620177,-8.9402746850248,-8.032973296234456,-8.556650844598826,-8.805351328443173,-8.413067490973384,-8.122220159293668,-7.69230747960357,-4.899264909582054,-4.014493358272937,-5.347532031100276,-5.0024248349042955,-4.326690844772487,-4.551031450827431,-5.018257389407232,-4.382814681513717,-4.13752619196348,-4.645347701650098,-5.436067846809369,-4.965705018681304,-4.989420119504537,-4.612063093145531,-3.355899614434266,-2.999612321760138,-2.8695823810751753,-3.3251478329348805,-3.3678167084829895,-3.566165622048799,-2.723741202188262,-2.230604909536117,-2.0410913135772337,-3.7557831023653248,-5.040740177109501,-4.747111778809489,-3.2639009605604885,-3.202170862698565,-2.936241910380895,-3.289544958574877,-2.823168368656271
-8.663055527585215,-9.40331413887087,-9.95945789710197,-9.908991860588031,-10.066485379336363,-10.256704870901197,-9.564608069847761,-6.642157225070498,-7.518799612055679,-8.570375789252601,-8.102679721425066,-7.408043642091862,-5.624946085133778,-6.702704872618634,-7.295520260856183,-6.222121646488519,-4.199141179291731,-2.9154315156152064,-2.371985410594757,-3.2335986274891417,-3.346021633473392,-0.06937092367014779,-2.193975803843734,-2.2941879879443223,-1.3762491693620897,-1.8723325315163504,-2.2498598016308007,-2.1915606309182865,-2.3962900705515375,-2.357112068262255,-2.3851047600635877,-2.4969425917745145,-2.076976982707688,-1.8263135740354435,-3.5369918757433183,-4.264539280376434,-4.25979600059883,-3.791190454537012,-2.8325732985943333,-3.009134481192346,-2.4262508558562663,-2.615380631213387,-2.858229351664967
-8.478156187033028,-9.401461361298727,-10.173829134367569,-10.5322152284904,-10.455720705700404,-11.198518902395387,-11.024920697793487,-10.031379271483969,-6.956603646002706,-7.636051458584415,-9.354957274715316,-8.73544542650419,-7.87978787695484,-7.166518325282352,-7.411547205712857,-6.824518512608136,-5.115408131103656,-5.663829875483753,-4.718533968368658,-4.032303959999876,-3.189675632364323,-3.6357568292574007,-2.5182054994261076,-2.1127837218272987,-0.9456236619923333,-0.8585786641044444,-2.368096942651197,-1.0619174456955562,-0.05938239680821614,0.7690353655185411,-3.7572454586363513,-2.5444960428276273,-1.5033012442147333,-3.280048632340458,-3.497648003106349,-5.261321246395876,-3.3119453105167085,-2.6201063361354264,-2.4036016039993253,-2.0202267641790446,-2.560092517573484,-2.0515875051590413,-2.95570377587005
-8.495448280639023,-9.10308713210856,-9.717043960246318,-10.267253150333012,-10.429654726819242,-10.425167546530401,-10.249221476182912,-10.593189601441818,-10.038762287921712,-7.135633650108095,-6.624226198972628,-7.550274953712784,-8.018711327012259,-7.249234412302441,-6.459927322419249,-5.778677760261269,-5.358408547628157,-4.382940755784084,-4.486319267694222,-3.782547321677357,-4.147437587260541,-4.197636161233006,-3.7267530631997405,-2.7511215888105873,-3.75602685639466,-2.717765638275071,-2.2872891143412346,-0.7869909921707965,-0.059348719357905366,-2.551065332260767,-2.4487287691478503,-2.22915563656726,-1.1143830016434537,-3.612516449811261,-7.0958424735134304,-4.43433761048971,-3.047888622220586,-2.0380581583613733,-2.4128258634880817,-2.7584056361349463,-2.6326047675968205,-1.7167588898679704,-2.3610594350593073
-8.520733790331002,-8.26563615731186,-8.232902137020893,-9.254187370660473,-9.739419522823807,-9.977663855860563,-10.161134419564817,-10.114285628160278,-10.18878889504565,-8.892080822165788,-5.368746921837628,-6.768357856104653,-8.173249121136042,-7.623247352172799,-7.0031608575115705,-7.175400345921934,-7.218788392478206,-5.747790438019391,-6.237352899691459,-6.575390768484215,-5.91121249854282,-5.732290264564333,-5.044290122583316,-4.3049948645963685,-4.193816952643972,-3.61718335967712,-3.8140854753376234,-2.8959006457911602,-4.749766353030261,-4.1709830269774875,-3.8285634060896454,-3.296682779374858,-6.013142785405675,-5.650413350510122,-3.0253601001650914,-1.8371261373704684,-3.0640182661673103,-2.3478949204836996,-0.924372855357337,-1.8993269333596967,-1.5800477905937749,-1.74258959688943,-0.2962829426875644
-7.883016806723561,-7.600670747650153,-7.016826905981986,-7.420315328818574,-7.863036294957814,-8.066194053670603,-8.76159326418231,-8.634601193750704,-8.718532864045175,-9.025021096128654,-7.9979636400785985,-4.879313953835204,-7.228302276288954,-8.095801778785624,-7.64903022092592,-7.83155582030064,-7.589235045524418,-7.036457793775028,-5.35436957877317,-4.7628165129573965,-4.8463582712190405,-4.051856343922453,-4.214253056517873,-4.01614228065512,-3.121693168406478,-2.276227156438062,-1.0328709804093839,-2.490126058911469,-4.737711532678325,-4.220488111130629,-3.1251086821896132,-3.963924136939794,-5.432522538316379,-3.7432978140912914,-3.0340643903412374,-1.7287708988635542,-0.4316470590319992,-0.15868987692736033,1.2371401897751544,3.177508664116437,2.7996796388519414,1.6010256122223538,-3.694473789599172
-7.101725628941817,-7.117825436248669,-6.566761032466951,-6.327076493330053,-7.200062480833473,-7.583597803187493,-7.589992222810711,-7.443974272785942,-7.232968932034814,-7.506102796506109,-7.38817898286418,-5.497729503393616,-7.0907147039956415,-6.248846344797424,-6.8920951492192275,-5.733607665833641,-4.607524201918302,-3.9102645985324087,-3.4842255603741172,-1.6809767967687583,-2.0977255821724703,-3.200606384198426,-2.3335887785130858,-0.8571354171769858,-0.34980664185341437,-1.5655584361172048,-4.411942167945053,-4.097597233370739,-4.658986342407632,-2.294398534210527,-3.736645957717631,-2.7991095264243175,-5.077218574745726,-4.176270063732776,-3.369435114309032,-2.589849828960596,-0.7373251606658361,-0.10621017378285873,0.2084497402158151,1.4280555366084662,-1.3243721202430936,-3.2004972399438953,-2.7322097088703443
-6.578569516890421,-7.105956666947954,-6.972308448956789,-6.497495187985547,-6.120116142529945,-7.022508892315621,-6.992343402828109,-7.820591445418515,-7.412885804322143,-6.882180919727752,-7.0217392586335,-7.264064060677825,-5.396660742720927,-6.621884771220311,-6.084789521064598,-5.220278502556465,-4.825265640053463,-4.27392854939988,-4.801478736296631,-3.403663209172169,-3.313978393100502,-3.91069649931408,-5.559956442344915,-5.771000518714822,-6.109475471345957,-3.9870083627446258,-4.279615528906282,-4.759235360750194,-2.2862845800210985,-1.9665250126768252,-1.930599476305129,-4.820975942010833,-2.985900055787898,-3.4650332671396864,-3.1681034498674796,-1.6605546477469566,-0.8589351139483005,0.30911898917601927,1.944012800158007,-1.2386740972232158,-2.242974492667719,-2.772418287670424,-4.210437463487015
-6.876005487770168,-7.159871109255786,-7.352463399358101,-7.253434124072488,-7.062533637774965,-7.370757481509457,-8.063196654354469,-8.471271515817149,-7.282478621290777,-7.71401474542698,-8.199891702183688,-8.115737849169316,-7.104820755040057,-7.706613291499392,-7.013021463686356,-5.544070145261555,-3.930566833521267,-4.319422073060977,-4.269962446115957,-2.974143556229025,-2.5960124609462345,-5.014532849253925,-7.096091069562195,-6.627486303144952,-5.819556509302412,-4.528718407727258,-3.6005510651402863,-2.79286549681131,-4.020879711917599,-3.6152349639275947,-4.479952761487341,-1.3536578048953978,-5.805440058327743,-3.8905841688512646,-2.8890654710820196,-2.2202953949715445,0.07414278907443367,-0.24254593026295532,-1.0155209540792713,-1.045920260270784,-1.7103664437781154,-3.904028298128039,-1.7723382832769754
-6.968714399812939,-7.179301013196971,-7.354277198313161,-7.442408865439883,-7.645027779500061,-7.608846559346711,-7.355714180541935,-8.022708295503888,-7.641627258799971,-7.437964257860212,-8.418186335183288,-8.473224184365032,-8.092693814168587,-7.2893345041016495,-6.529464773804558,-6.477768184214577,-3.8508581161522413,-4.483763123033997,-2.7403648304288124,-4.028251059002605,-7.995418477857699,-6.964667481211138,-8.370706569926874,-6.845573256621943,-6.988939917774038,-6.68740346293887,-5.755581552885287,-4.974860507425205,-4.750645188361558,-5.948805672389987,-5.44742211776602,-5.400995657099137,-5.076764441856694,-3.3945366370735375,-2.310863832668814,-0.7623610679441661,0.5705670003546008,-1.1476475747571238,-1.1727715116403745,-0.8816982044791204,-5.097116128316085,-3.045401090525262,-0.7764723325022569
-7.419445748307549,-7.067555673975758,-7.0541801267324695,-6.826473573565057,-7.241464976994658,-8.236153860699899,-7.899974014443171,-7.898224713711946,-8.04047149388067,-7.947837655742184,-7.51890795340657,-6.42037858802284,-5.93781665114358,-5.5523140890240255,-5.0346384053084146,-4.562444543445219,-4.15974449278808,-5.61076927922102,-5.439287951949607,-8.723600769795386,-7.042455688878348,-6.032837160473881,-4.251900712065749,-5.011718370298306,-4.778450431631023,-4.245963858896529,-4.657710614856039,-4.149121120497659,-3.366649322493272,-3.2641727443761726,-5.073897560841949,-5.484023935188062,-4.4643297605424435,-4.022801460040256,-3.5911050113236063,-3.1274424029711674,-3.973918328273376,-4.379519563836673,-3.420833252223244,-3.398912512888006,-3.4615580648626736,-2.761461477663604,-2.6412319126023287
-5.799571332148723,-6.922317936721326,-7.775329945906229,-8.082150802655306,-7.257050941629607,-8.627154035150483,-8.727145432044319,-7.965381247283997,-7.749910197270762,-7.417940679805477,-7.325107847080954,-7.19710067144685,-5.614670331106604,-5.306792131091278,-4.766933649715277,-5.614965759584628,-4.898031378631256,-4.671391273511385,-5.842169162311201,-6.556348330744539,-4.734563512792421,-4.715715315549943,-4.424395013872015,-4.239617578448892,-4.575998398903067,-3.301534310345779,-3.9247003804090674,-3.123148509732445,-1.4385729699934027,-2.287121944892898,-3.3921575518748392,-3.665805106640756,-2.9335503101290357,-2.4423055776729585,-3.3105493201789757,-4.958956857675872,-4.992743448918666,-4.467258293564661,-3.4685190336197183,-2.119159574636618,-0.9543028996556604,-0.9690103324744712,-1.7387742595314033
-7.556005496945288,-7.899003412942416,-7.414775935758174,-7.814772457948847,-7.903767809881719,-7.718187104800757,-8.60615410716913,-7.944007645435039,-6.948597163332444,-6.268659379121541,-6.930596708127169,-7.252575490712268,-6.5828708244685314,-6.644679852191424,-6.5387188433452,-5.743729335114066,-4.455635288534426,-4.0654622200708666,-4.915368391126727,-5.069564574169429,-4.599986315978287,-6.7418362320984375,-6.541221116244303,-7.184641147824152,-5.622633707729703,-6.343226501083866,-6.053031832375292,0.018715192794556468,-4.888852841675149,-3.9694464582197972,-6.883656768955131,-7.997929261366892,-6.64097192752128,-7.396523568606083,-6.728339460701162,-6.314781075467418,-5.168924317666556,-3.88961535226691,-2.7208043525902013,-1.9481664159600125,-0.9628912802343812,-0.8932203901210997,-0.193747406171872
-5.194103740573373,-6.088692387218978,-6.376234038661416,-9.084582908790463,-8.696302964040163,-7.747435852233231,-7.517473368771916,-7.813204485937039,-7.1311213319707525,-6.110484970548884,-6.490382337919694,-6.051586901392962,-5.825093723165392,-4.30912169105857,-4.522379645870653,-3.197254976911325,-4.559621159965891,-4.04766919752729,-5.151725983801869,-4.306106173538789,-7.198483478874897,-6.609967519773781,-7.2080530193666235,-8.264183651346828,-8.68248041758931,-9.11396022465038,-8.856561182692527,-8.377410235590823,-8.233591561402825,-8.30400285436955,-6.693339532941787,-6.608402219834068,-7.46360795989996,-6.705989397658226,-6.075968770925101,-4.416321085890632,-3.0027823217289527,-2.742575533956914,-2.5214128669601434,-1.3355148400400472,0.07542454894104533,1.1911529637595026,1.5902022216220488
-3.689044938725224,-5.377869225703643,-7.449741779631774,-8.20406371187075,-8.77742823772852,-8.429608234143533,-7.196752997732391,-6.991130765381314,-7.1628996713893525,-5.574760427078861,-5.434297839427909,-5.269400766800935,-5.513249031304708,-4.5627820634703635,-4.492496361922292,-4.631944820849458,-5.472447334063519,-6.274582839792812,-6.608563925632504,-5.3641311532887075,-5.652526446907816,-8.216044351009197,-7.983941647217742,-7.556040568846116,-9.443189082743986,-9.25128916272446,-8.214791195512971,-7.53064879702553,-7.3177001306476575,-5.719605571131448,-5.578632175954336,-4.439683749080549,-3.8443733683787302,-3.24993985121219,-1.2435470487705973,-1.0000344189542332,-3.0193133014042344,-2.2682221402828593,0.9377897806546692,0.08446285923508387,0.9240765377688515,1.2176708497174766,2.5692168928474657
-6.5510868729493925,-6.670059017515243,-6.771798611624588,-6.900612027822017,-6.210368909717675,-6.748350683106399,-6.021023279476745,-4.75956170814273,-6.88909524574705,-4.896023313355246,-7.14839328510389,-5.498856840726178,-5.4265783134870045,-4.472547690889203,-3.1995062277739508,-4.638954936954203,-6.285684844938824,-7.018111788721573,-5.71004531942669,-6.162161202089995,-8.502917933788947,-8.631642711784444,-7.400793966419827,-8.949396758453235,-8.440398457960159,-7.883387301323173,-7.444613110344512,-6.734064869010597,-5.783148897376053,-4.820520258845125,-4.433374266453114,-3.4656610715727663,-2.7828835685205764,-1.667291414948987,-1.8466221836123207,-1.922045826508978,-0.29190526455444255,0.24999038456840886,-0.6698394770398577,-1.2856706533597115,0.07052954187044276,1.3966594595893653,1.60523993737427
-5.743741146232706,-4.877660704610326,-3.808975198878902,-2.979330076844464,-5.115310131155711,-6.682275483641552,-6.948978734580981,-7.642544777490473,-7.974598396258371,-7.62042319590415,-6.336263569585037,-5.759872854012288,-6.76422655000585,-7.501693650648827,-7.366259450437413,-7.581088555734997,-6.940241442207605,-6.990298065065436,-7.386232270727828,-9.001440155435837,-7.645612888063642,-8.018881286851299,-7.813298739348651,-7.000680910866294,-5.818900471934059,-5.913905762985006,-5.555896267383908,-5.045261024266487,-5.014432157006398,-4.53770441718031,-3.396024406312432,-3.1374515778592738,-3.6920465956600452,-4.408489090794317,-3.2519432195245397,-3.1529369129279776,-2.7544560259365043,-2.550009894326342,-2.4142035320307844,-2.5349755624749055,-1.5629205393553685,0.07980389280191674,1.2152048922695602
-6.151134606352798,-6.62441148940723,-5.828462163649421,-5.024516458983023,-4.332254690392844,-4.372913390962083,-6.401601433090909,-6.977289555302343,-6.948495976816863,-6.076167176313848,-5.988466881609575,-6.281764955135992,-5.938856138113416,-7.160217671372948,-5.783886997626531,-7.022983868260864,-6.361496787399913,-7.367375133568917,-7.560276629958203,-6.769315535577962,-5.331435219546176,-5.101474277434033,-4.040477776279365,-2.532414999585182,-3.1689877462770046,-2.7929561710207063,-4.2823408853061595,-5.293355673149731,-5.002684904387378,-5.046044243355001,-5.162991264257878,-4.703017725697091,-4.698655558307676,-4.647601262560615,-4.182576114577035,-4.047428872115667,-3.544143021298054,-2.966144160954238,-2.549892297802206,-1.6477534576755697,-1.3330487376406484,-0.4697881692227722,-0.322618764267041
