public/json/wind_2018-09-1601_925.json
{"header": { "discipline": 10, "disciplineName": "Oceanographic_products", "center": 0, "centerName": "Ocean Modeling and Observation Laboratory", "refTime": "2018-09-16T01:00:00.000Z", "significanceOfRT": 0, "significanceOfRTName": "Analysis", "parameterCategory": 0, "parameterCategoryName": "Currents", "parameterNumber": 3, "parameterNumberName": "V-component_of_wind", "parameterUnit": "m.s-1", "forecastTime": 0, "surface1Type": 160, "surface1TypeName": "Depth below sea level", "surface1Value": 15, "numberPoints": 4800, "shape": 0, "shapeName": "Earth spherical with radius = 6,367,470 m", "scanMode": 0, "nx": 80, "ny": 60, "lo1": 109.0, "la1": 20.0, "lo2": 116.89999999999955, "la2": 14.520000000000117, "dx": 0.09999999999999432, "dy": -0.10000000000000142 }, "data":
[rows 0 to 19 of 60, columns 0 to 44 of 80]
null,null,null,null,null,null,null,null,null,null,null,null,null,null,null,null,null,null,null,null,null,null,null,null,null,null,null,null,null,null,null,null,null,null,null,null,null,null,null,null,null,null,null,null,null
null,null,null,null,null,null,null,null,null,null,null,null,null,null,null,null,null,null,null,null,null,null,null,null,null,null,null,null,null,null,null,null,null,null,null,null,null,null,null,null,null,null,null,null,null
-12.734408708172207,-12.372769766319518,-11.847457094092992,-12.175309580188179,-13.645083844468601,-14.998547960066343,-17.083680818983098,-16.700430919283495,-16.3837343643325,-16.078685478339892,-14.830431621998336,-13.797694124176173,-13.542590239834972,-12.912140872400531,-12.201163127798075,-12.189905720282578,-12.7296048354956,-11.068453933034577,-10.530361314130829,-10.42316970810977,-10.55648362394652,-11.198269663122002,-11.965896919035695,-12.727788969089637,-13.672596933791564,-14.356275041400163,-15.209040940639348,-16.62729287419699,-17.888368904870013,-18.49657638215477,-19.166546240556833,-19.591552938254736,-20.344617160942075,-20.655583051241006,-20.462777749550447,-20.331552946327857,-21.311498191111703,-22.41928851553538,-22.985965807699557,-23.143863127916415,-22.125875747436602,-20.461866341441436,-20.258813335741515,-20.44521646175606,-20.075679387025264
-12.654918880312238,-11.980889151556504,-11.846443932010123,-13.0122732263438,-14.381799967758326,-16.293801058243805,-17.222807509693112,-16.48456339154675,-16.22565845680691,-16.1122621636182,-14.663464041775226,-14.389465110658003,-14.676016764829786,-15.56618256688587,-15.584342337420917,-14.955511153718064,-14.742499403643658,-12.477410021008513,-11.152350847354802,-10.99374087234616,-11.102788559570113,-11.690384841238691,-12.334782919648417,-13.593035014832175,-14.12157391457198,-13.885539748017596,-13.719563790081057,-15.437060120730695,-17.037796645983402,-17.384851958919114,-18.04892226287489,-19.50416296237524,-20.60151781015255,-20.858301341252368,-20.520874600927968,-20.70001745447389,-19.919686155957915,-20.038026694755054,-21.998145750215873,-23.44105860401046,-22.598048650379603,-21.261622459037497,-21.524029204878055,-20.993377805467354,-22.014072904683104
-12.79434309753661,-11.83563099712587,-12.950382303859564,-13.678262379096832,-15.020612576675607,-16.97635535532911,-17.37629354751222,-16.518862206473774,-15.942036202287301,-16.140894698585463,-15.638971291190828,-14.969318715787718,-16.97564268953621,-18.007059085440805,-17.49795259645486,-16.41311986105951,-15.260994252204348,-14.23937987449418,-11.333277591223933,-11.486071182296202,-13.063690649478193,-13.083325275316529,-13.825476621581046,-14.831899800690149,-15.06235485384422,-14.912806810815367,-14.85743034656728,-16.538687194719056,-17.586307855905,-18.046342641190538,-19.0554795947246,-20.471754162457874,-20.76653638656795,-21.76757706377266,-21.090435796284346,-21.802331296765853,-20.536119792572322,-20.651142354656486,-23.812556621040244,-23.457399953120778,-25.463026785289237,-23.306674122898176,-24.45064864144458,-26.236237215726476,-26.74814488615963
-12.865927011842741,-11.966369713271858,-12.948313759328096,-13.806453308106084,-15.795072494949277,-17.24129606746651,-17.56214195113201,-16.83307300192589,-15.668420051338428,-16.315648495357475,-16.988901377363355,-17.18718807574461,-18.341927306614394,-18.546022312680854,-18.031621146969524,-16.458353043413958,-15.019283189870109,-13.668093111738395,-10.990799641037157,-12.206480095184673,-14.352078730850469,-14.223831992667495,-15.005688889227857,-15.723809215070094,-16.535089682380516,-16.282037186097202,-17.07810608551361,-17.996067523032078,-17.630294083813624,-19.11771573018204,-20.661040475872557,-21.528252272773482,-22.302569079837824,-21.419453654531242,-22.045785007330487,-22.28660955750033,-22.796874520233402,-24.388628581036997,-25.699773614727494,-24.917276430100838,-25.891573776619527,-24.444522145182205,-23.906259987343233,-24.414296270987776,-28.164832367768273
-12.356033726159872,-12.219877341143432,-12.948243341971695,-14.769685644885051,-16.067853435370083,-17.280661098271658,-17.536601694541957,-16.718302882672425,-15.712661237738303,-16.381902454769847,-16.50225571393431,-17.268738973091587,-18.672806368330633,-18.983294233370717,-18.66442604397399,-16.818033151144448,-14.475339683719433,-13.83664989244384,-11.252616890414794,-11.958561563729099,-14.51073835994724,-15.739155373346563,-17.182803205808426,-16.774880747162037,-17.89617049413879,-17.69956220430614,-18.46421380906052,-18.387323365882565,-19.40886150052991,-20.627360551482973,-22.189751951480005,-22.463889428521547,-21.99266418965026,-22.46555590781615,-23.854483676191286,-24.921498840362524,-25.726775061793138,-25.27075869949939,-23.811684277466625,-24.94173963009853,-24.29201823911336,-23.812025624507438,-24.3756849782886,-26.331470585004077,-29.01435667579412
-12.258594450110943,-12.504617263617916,-13.793665525649633,-15.423253891552578,-16.794682618534598,-17.492044752826132,-17.96248051727058,-16.70482425733325,-15.934924737169759,-16.40633985138651,-16.87211662711602,-17.613765813578553,-18.606813248652198,-19.55935113953928,-20.167670963551036,-17.532915277775867,-14.241731208100388,-13.257789967612137,-12.338653052931623,-11.233788382202581,-14.23848887067294,-16.210394772515716,-18.371119029312656,-18.809120598151047,-18.842110897048734,-19.51542717731268,-19.410799147083857,-19.987179343239497,-20.96784776687266,-23.313929387817588,-23.63441295250629,-23.852705187538707,-23.021008323778698,-24.302734068041218,-26.050876547477884,-26.43011528629372,-26.086643888015576,-25.044289617398334,-26.808099488448164,-26.806272173420574,-25.910258171322756,-25.41637786305329,-26.366625504872736,-31.727849861938946,-31.681468065112902
-12.926196611463858,-13.230498684394153,-14.6167594918516,-15.950877374988595,-17.009634747786894,-17.661223886123423,-18.0237075616884,-16.798746817700966,-16.705453664022656,-16.759588014092664,-16.80482088935369,-17.440746282233455,-18.98359116672743,-19.871597421465236,-20.471115430372443,-18.84250669619678,-15.785795432660299,-13.597015748331092,-12.265256881393189,-11.773396928734345,-12.745890342527646,-17.08132121770295,-19.255279294042232,-20.07223075993327,-20.291943194990893,-20.590283255848185,-20.755806175706052,-21.597499654245084,-22.710836457577496,-23.702561605276742,-24.17504585153073,-22.962096213292824,-25.71970892353389,-29.020723765350183,-29.2427769061091,-28.21382701106874,-25.743546147180076,-28.84905618330151,-27.49327033488982,-26.05248014235075,-26.975909476154087,-28.18486218243416,-27.949350073052965,-32.12296976502661,-34.68985601125041
-13.928646206896492,-14.742940695603945,-15.320077341128886,-16.0487802251251,-17.28732790536773,-17.72900612767932,-17.926445938226273,-17.208128446012953,-16.639859713245464,-17.23284925825646,-17.3724075581551,-18.033948541403237,-19.379085522691955,-19.848641325682248,-20.289586757785496,-20.54400408184945,-17.0713214058078,-13.890698960822169,-12.03017794298853,-11.37332064827346,-14.65428115839812,-18.426097926812425,-19.837085677554136,-20.64506617133224,-21.091414613420067,-21.58264461117769,-21.577348946779434,-22.718525963702,-23.215287295192997,-24.221339311129462,-23.09748944854597,-25.891354660419314,-29.268040162718634,-30.55604017044772,-30.495480863290318,-30.010066415909986,-29.069788374440606,-29.02735593587394,-28.499144915524656,-27.326122458906454,-27.954444061908262,-29.086539536287912,-31.047240911702477,-32.02711472958918,-33.07099808292902
-15.034904471996771,-15.56878309415637,-16.244522968479238,-16.84573205368185,-17.890571393127203,-17.860104251269597,-18.077670370002394,-17.325589426459793,-16.295979963773526,-17.302467581759412,-17.17337133938636,-18.003815518207357,-19.082272851189302,-19.66587799781798,-19.925139539683958,-20.247624924835833,-18.470192248404047,-14.957568987167685,-11.470863340623948,-10.524013895231295,-14.921212953535495,-20.02879139199429,-20.38076889602136,-20.666580866377807,-21.66858762755968,-22.32162498645456,-22.581296810355088,-23.395038109432477,-23.920625175213843,-23.33353254866017,-24.12881398802976,-27.77147709402655,-30.017164460535316,-30.620767746132096,-30.95138122934946,-30.9464916679924,-30.76084678918608,-30.362842890562135,-26.059241608464227,-28.85017188945474,-29.62302912102431,-31.13280963267347,-33.00656811573305,-34.673406518207244,-35.96687470257912
-15.688525257934069,-16.415247684045564,-17.42864799226721,-17.630765063015197,-18.192150373808246,-18.171488099212787,-18.608618629010206,-18.12417575912807,-16.860665343574798,-17.424347796381973,-17.919938193994742,-17.942347455802214,-19.065325047898053,-19.636102447356794,-20.12524085474645,-19.45730405141334,-18.197402570734795,-15.638584710974472,-11.958878019695343,-10.006292863629268,-13.335353897007538,-21.09794066165541,-21.527522675297057,-21.10628545162143,-22.06630367230358,-23.2984246237039,-23.288880749231044,-23.722189914771768,-24.210252926560287,-24.779242888778626,-26.499855986794124,-28.113279674381495,-29.936836102185396,-29.990696927019368,-31.04826731226605,-31.19425654839973,-30.747564291415458,-31.470116915859315,-29.0337437103054,-28.030031936555737,-28.9141396974259,-32.20153555968937,-36.55980530948622,-37.873393302850225,-35.15695002041693
-15.211379956939302,-16.96395195968521,-17.946698142270563,-18.19206635876869,-18.600719771279355,-18.838666292194592,-19.48228498617458,-18.745072963298515,-16.96777987085066,-18.27028211973701,-18.155225446985373,-17.07295047555545,-18.320060571774235,-19.368507350757938,-19.058600951664506,-18.305167491922678,-18.57263339072835,-17.279927855568577,-13.948372441056058,-11.626227408674074,-12.691133778280356,-19.587416071610534,-21.372554917640926,-22.0436643612011,-23.284478205060577,-24.82700974175861,-24.00636263615432,-23.723657509537563,-24.424621356646078,-24.968618748770268,-26.599541668560942,-28.070266537328003,-28.882004217092327,-30.542993700431435,-30.943039682445082,-31.84790808247878,-31.29141988081154,-29.08023202091796,-30.74584704778513,-28.345101011257412,-29.701200716710115,-34.61320392034284,-37.053006786219385,-39.04917610975508,-36.497511002061884
-13.977041058231494,-17.002904220815104,-18.556799283738652,-19.05574804315293,-18.947836843091704,-19.16209540504483,-19.756748074671787,-19.51146066799735,-18.57458870950029,-18.62746242780431,-18.498383175048332,-16.870608716866542,-17.801231951567466,-19.17642129119775,-17.779521002022975,-17.557472432729902,-18.35588096030901,-18.75223788649585,-18.08881308259586,-14.412477470751051,-13.281684910366439,-19.69123600429689,-21.321397389216816,-22.684153999460413,-25.08067993593787,-25.810860934069936,-24.13930156580329,-24.322848949393727,-24.672202159906103,-25.41179718755258,-26.00836692534132,-27.06995118157527,-28.58010049273239,-31.441417822859194,-31.670922310205796,-31.024575647373492,-29.5449291640615,-29.600001103550778,-28.155263795723357,-31.690535131846488,-33.26625054451259,-33.129428637556664,-33.79084878995146,-37.17120204002294,-35.068565085082035
-14.535966341940467,-15.853134076364551,-18.490288011701463,-19.725299405671514,-19.21606836920867,-19.149304818172244,-19.253734592528776,-19.06228006985127,-19.23105810224843,-19.05601548366989,-18.337607375559926,-16.74561841549233,-17.918551817452286,-18.424630694919045,-17.762416013023095,-17.263118041095623,-17.575623965289868,-18.432509085871665,-20.37883077603632,-17.913788908841052,-15.395800761401155,-21.845243490352843,-22.38345794894885,-22.397938648604192,-24.69108838732646,-25.079080771591624,-25.875870841874825,-26.491023883554778,-25.485160079544578,-26.04743884422204,-26.28141401052502,-27.528902724392022,-29.831252470370558,-30.543014324184185,-31.592726815343838,-31.897811416642906,-29.180431061918974,-30.929413702024757,-31.362567815177236,-35.0976917046021,-30.3680199432298,-32.861891751820565,-35.27104579735291,-37.68860140005206,-36.28251569798687
-15.728539560800991,-16.547655634935197,-18.098967621876234,-19.96342455251817,-19.80883625566748,-19.272250201750946,-18.515570919413086,-18.77106369597468,-19.273726917172347,-18.811643956089156,-18.57002350882191,-17.559547973891384,-17.354780992089232,-17.685741565382138,-17.3144851014549,-16.992996512715777,-17.094864865549958,-18.56070496398321,-20.192263387021306,-18.98596428019444,-18.265680528997763,-22.653776838346616,-21.502177810759566,-21.37004201495831,-23.38040363390321,-25.45500668486303,-27.052991606898022,-25.77007757947832,-26.635405953254384,-26.803856580787407,-27.909440777071413,-29.040210314696516,-31.34062685746109,-31.54816940358665,-32.71700306127375,-31.667996747911957,-30.508277575635024,-30.38087154909173,-31.599593669817946,-33.71924470874141,-35.007571579550316,-31.942663199204794,-38.52995774813932,-37.807047914801814,-36.85582474895403
-16.71395273538821,-17.29547721880835,-17.80807618953225,-19.54141683101289,-20.5326051619402,-19.551547221162004,-18.618975107317606,-18.995339892688175,-19.210802655386853,-19.094940236866243,-18.810374982407595,-18.10952632520176,-18.031011533809814,-17.88691076896513,-16.68014956235119,-16.48998280795626,-16.952421887485958,-18.5168723380098,-19.665785420189145,-19.73682005987267,-17.43614759161474,-22.53619132516195,-21.45655769997471,-23.500491770399726,-22.08497219266679,-25.515383111761206,-25.084540727064745,-25.128878587660054,-27.91601634979201,-27.36089010725315,-26.63646367965923,-28.359052658582627,-30.979374522467968,-32.67342974581108,-33.94021858456342,-31.973035497545577,-31.545240064113163,-30.528661142491114,-30.915239736700133,-32.113281516402694,-34.16313317939041,-32.0424184581975,-37.41966098389833,-37.54655378996918,-35.620529372075396
-17.596824768947286,-17.877551790040698,-18.286305246390235,-19.806028758248083,-20.130095013745365,-19.928744123154452,-19.169935660366193,-19.575922739368362,-19.583459816613654,-19.675350420065556,-19.209203432257254,-19.255966859903047,-18.40893725573448,-18.805052985057063,-16.566707954304682,-16.15861502206475,-16.299781213183426,-17.97811868752191,-19.23187216869647,-20.32452513173159,-18.492854231996922,-15.960302443587036,-22.561418434518203,-23.927368242362782,-22.840695199021546,-26.73878768849809,-25.40111762733126,-26.277898680374506,-27.920232452652083,-28.44863407920329,-28.17064356335689,-29.138354062998616,-29.630979061888176,-29.486210439644466,-33.41372600435949,-32.20546547738331,-32.40319606236997,-36.43141332976624,-28.42851440675057,-32.43980901276092,-35.82631040092005,-32.60711864498906,-36.412813910811536,-36.715568911494856,-36.77600131013769
-18.526377729520537,-18.204826884787302,-18.34436600320122,-19.140906445426086,-19.51922036460202,-19.689093694121865,-17.959884921216023,-18.793245028067695,-19.284148884699903,-19.512853895159527,-20.0792224438746,-19.599663092939124,-19.144300358527982,-18.85071026753425,-17.47002338721959,-15.781313479911548,-16.452847579344386,-17.211238785829533,-19.356326232078814,-18.691789824473133,-18.816517732122534,-19.808926239074204,-25.14565507110797,-24.192119862326344,-11.583045692417036,-21.58756662868336,-25.205194648781507,-26.079642367030054,-28.219331399058856,-29.060477459914587,-29.191867069364072,-30.026872148778953,-30.14811543760033,-31.410197371841278,-33.02001674180067,-34.42257392424748,-34.13225489358563,-32.97847329133767,-32.441426048454716,-27.877837548224562,-36.03490198959677,-35.29621604780378,-34.75924229540803,-34.54074507520319,-35.13871350958786
-18.509756514061934,-18.45009131209057,-18.378226169423584,-19.023940374760407,-19.645099591330023,-20.165800441765484,-18.282391300019743,-16.789419524696825,-18.345813847561423,-19.192825757894607,-18.094331654111077,-18.151182758926485,-20.27859697953923,-19.26183690325969,-17.909858391712476,-15.897762033910682,-16.199248036810857,-16.480451416544195,-18.24168525793498,-18.854032386526697,-18.745786372539254,null,null,-20.750574278688305,-21.954107444518144,-21.801789618367764,-23.557238083490876,-25.29186081462424,-27.211275066524806,-26.604184124494278,-23.758682482308483,-31.43434374849902,-31.42329755343023,-32.23584598229474,-34.33721088293153,-34.74980428289173,-32.37447525594406,-29.500966015514212,-33.241867672547336,-30.919881559750408,-33.12621867106067,-31.511536755108494,-33.75533557360738,-32.500713001000975,-33.53882198912508
