public/json/wind_2018-09-1610_700.json
{"header": { "discipline": 10, "disciplineName": "Oceanographic_products", "center": 0, "centerName": "Ocean Modeling and Observation Laboratory", "refTime": "2018-09-16T10:00:00.000Z", "significanceOfRT": 0, "significanceOfRTName": "Analysis", "parameterCategory": 0, "parameterCategoryName": "Currents", "parameterNumber": 3, "parameterNumberName": "V-component_of_wind", "parameterUnit": "m.s-1", "forecastTime": 0, "surface1Type": 160, "surface1TypeName": "Depth below sea level", "surface1Value": 15, "numberPoints": 4800, "shape": 0, "shapeName": "Earth spherical with radius = 6,367,470 m", "scanMode": 0, "nx": 80, "ny": 60, "lo1": 109.0, "la1": 20.0, "lo2": 116.89999999999955, "la2": 14.520000000000117, "dx": 0.09999999999999432, "dy": -0.10000000000000142 }, "data":
[rows 38 to 56 of 60, columns 0 to 42 of 80]
-13.980265421810275,-13.413844057827546,-13.62242598439333,-14.220063549658528,-13.614850509957073,-12.944088574979432,-13.535027744059667,-14.025773887587881,-13.906654728356665,-16.596788569863637,-12.152453468124992,-11.306826064914894,-13.440547197825376,-8.964832462901393,-9.965845011916082,-11.629025799710877,-12.182437948630612,-13.998881229778684,-10.33868019562967,-8.06623996681812,-7.762745107257619,-10.216078900612587,-10.013550639886839,-7.896362543835758,-4.7103428357558705,-3.1949723262326453,-1.7275076522129469,0.4943049602597348,-0.529425173758227,2.687311889221596,2.0400201465899452,6.031506751188151,8.424324891506043,8.868331622294075,8.534994596459772,11.681608750208865,10.648565916504568,10.894435404863316,10.071254325615477,11.78558533652902,14.319521823377434,15.000135102821929,14.51138479862278
-12.940138118771646,-12.761881633781487,-13.36946357917037,-14.186835974440346,-15.019088937620737,-13.763957809857446,-12.925669179540986,-13.647198309296257,-12.300797796706282,-13.94421479471794,-10.265846416752623,-10.114061102096919,-11.121244892213578,-7.505598951381634,-8.682089109026512,-9.565784176208888,-9.661135318943968,-12.528377343734572,-7.021325323689846,-5.884370212606421,-6.965919402162231,-7.175307648256041,-7.690739736458862,-3.560990663356236,-3.0777975419739465,-2.7663787236837942,-0.8717592871486213,0.7927116337451722,1.6481174035226638,-0.30044402567374806,6.7886102072565535,5.246769555097842,8.141603928736641,10.052361785172575,12.230578222663407,12.544987203052322,12.072022702660108,10.949839092065064,14.54041305232733,10.282022700452941,13.048103646371905,14.157528079953735,14.964377657832854
-12.832029957049555,-12.662074329572878,-12.928251834491533,-14.211491149210127,-15.203380004168723,-14.895588542495222,-14.88033756482194,-13.274968543504087,-12.351203786806296,-13.249490067190338,-10.663733807355314,-10.940493763526444,-11.154689604983758,-10.41545479514331,-8.923318808555452,-10.63752062198434,-8.292323992483935,-11.644793294367055,-6.968447259191972,-7.465596290862378,-6.654626317114449,-5.668256443889495,-7.617535339527305,-5.154858442653679,-1.7407745331133904,-1.1291840802189084,-1.537622421947573,0.2728697905318043,2.7733118500302085,2.2696115172567843,-0.035406005514685146,4.649600360754822,5.596043390196195,8.400198760728017,9.125716655726738,8.147923002016581,8.42297150164018,13.71413621620501,16.405830606423805,14.270505683915157,14.141296577529078,13.79485041593837,13.757363107319147
-11.89089318882659,-11.379225682286748,-11.514811495838524,-13.101767303349668,-14.323267196969157,-14.235816143715141,-15.03800142401465,-13.819257606958303,-12.501412064830667,-12.234524362945331,-11.796343613114333,-10.069742315801296,-9.50099595631553,-8.444779926574027,-8.254785875932699,-6.902467752191214,-7.971964340941668,-13.035861498337486,-8.332916355850907,-5.820375398049013,-7.375452956787747,-7.3198748960043,-6.020579966166232,-3.544911149551144,-3.79576037551393,-1.548307997320189,-2.091723706908338,2.493282779983256,2.834226561848593,1.832054933825213,-3.271340088428867,4.051688010609754,7.060784647487488,4.800722049555862,8.01234469715728,8.423930647087895,10.406933122554445,13.505203671468406,14.200371158200772,14.762214816632307,14.506810729515713,17.50348292530447,17.00814164520793
-11.399074631200305,-11.262483937195364,-10.797203883136591,-12.29335990105143,-13.380119476052526,-13.608072683948537,-13.848712850360565,-11.609869191965993,-12.397242983590012,-11.065516686549723,-12.254817915447457,-9.827058573101946,-10.184364312286473,-8.056557669366594,-5.635778592581141,-6.793483466600268,-8.4394269490472,-11.01372741657646,-7.766115296353669,-7.676137200709239,-6.779003904963805,-6.369687868612065,-5.486042349467317,-4.832110533976161,-3.2559160961310933,-1.6571432583811783,-1.6516234132787715,1.5093819595736078,0.05825538692148871,-1.1400685791601777,0.4728952623131394,0.768127980738071,4.755363605538848,4.1486844327926775,3.7214351368272407,9.452236191885012,10.802593115965536,13.361169336374445,11.683970306758559,16.195803888976936,16.46580703173053,17.026822939268566,17.293586662267096
-10.769468009245925,-9.4799872806799,-8.867432732550299,-10.415841974499518,-11.697664248609328,-11.42933302904942,-12.273833788079205,-10.54781959308482,-11.844477019564767,-9.207567940666673,-10.628104875359137,-10.17400140127299,-8.020185328912948,-5.866725965771705,-5.99384880629326,-7.922022897032294,-9.253206830198339,-10.035836707000623,-9.9101067638673,-6.798898031106329,-4.762378432409249,-7.251953778501793,-4.173252264058174,-2.554867308194924,-2.5552791716836283,-1.1620086302910944,-0.08093168588524213,1.8401044118988856,0.714789032966998,3.2471225643824306,2.3226538282195035,2.430829474785637,-0.8530541952386602,4.340423425588409,7.275345538146908,9.39311020516636,9.284542136008163,12.014738099578615,13.364294336681523,15.752454443982167,14.73260744948627,14.385542265607342,13.00429616626726
-8.373320176873024,-7.530588001892647,-8.282277343057068,-10.399000555269778,-10.606666542126494,-9.613616036669843,-10.52014454906418,-8.288740941174497,-10.191938103085993,-8.140991071753838,-8.067306407539125,-7.913959846095707,-7.237373793924863,-5.017393623126311,-4.8691867981308405,-7.010954437570458,-6.34710985709062,-8.305143240289262,-4.504942780047007,-2.4216411765608963,-3.62857576399285,-6.908956469751935,-1.9495472497354287,0.46972412253686,1.9802647941931406,3.6049250728788116,0.14746585257177455,-2.0649643821239088,-0.5229711899640956,3.7576478870808043,1.1965221408410667,1.394859542600531,1.685997253567617,6.976341337990922,9.054769804429018,10.343725493218301,10.148591817350274,12.99949230431576,14.217441767438896,15.914708521122929,10.960062782337433,15.266232353786148,13.903255689866656
-7.648011523967958,-7.522184989345776,-7.503712719802365,-8.809344047237055,-10.431471642486102,-9.639647946428063,-10.5182289794272,-7.9534143922294875,-8.172489397257257,-7.4433456827627715,-6.6230979507205525,-7.670685526136818,-8.224623331475135,-4.82309909489949,-3.6166152990407903,-3.022085155157392,-1.697537466301,-4.997212846310048,-2.368662919565662,1.3756992143514073,-2.324205773803666,-5.371085333971575,-2.8011159846032063,-0.566067197348512,-0.7234053562836764,-1.7630013460677778,-1.676735568471489,-1.599473730753464,0.7172332211967826,3.5355833756219086,0.7960596869982273,3.4898400067001925,2.6904886350339967,6.785629672343134,9.739749993173977,10.26393268996394,11.36588879775784,13.597882818056627,14.306059454037616,13.636261598667506,11.638461630835671,5.998294264222582,10.53259949282532
-6.993769166011718,-6.88516816414417,-6.761423795280482,-8.831438794369877,-10.399076708265483,-8.661524600019801,-9.064362237994693,-7.774375059368535,-6.926866943740895,-8.174572284206906,-6.446952563501037,-6.7183580104014435,-8.728422410364782,-7.637790676135872,-5.380569555467391,-3.269178355188785,-2.2655050925361953,-4.7281080049056365,-4.376750852682245,-1.2579196337662166,-4.909213407736011,-5.203433603593565,-7.157839457746295,-4.613323801507921,-3.8408842388753826,-2.2507068276851805,-2.7037847339232557,-0.28657468490305216,3.420690407430886,4.035507101819823,3.424695683974762,2.8809869443682987,5.00772589452877,7.3566197080567575,10.940292579419612,11.067818528059544,12.531411286675283,11.98936066486614,13.84273679823407,12.858725894485502,8.834147491458744,10.31406656068726,11.05866876740724
-7.410653991475977,-6.884435040456641,-6.610855692612061,-9.346261086542695,-10.756167446666302,-9.42774364712824,-8.391550117581593,-6.975454452026093,-7.142551196796213,-8.226984124607739,-5.947821892056092,-6.4010078837333975,-11.112734553781777,-5.922568856784817,-1.9537769558253686,-2.6886244621093214,0.816627003997128,-1.3756406783840576,-2.6588125463927783,-1.9428948750758446,-5.493102551325105,-4.780051771792033,-6.154391507053134,-4.143263832766004,-3.2268914162541873,-1.175207270013548,-1.3805328739950653,3.3385126865457235,0.6659814060049112,2.590487351530225,2.8138892609708615,4.401152485402475,2.8188812215634864,8.275559026687247,10.336464039712528,10.960984122353167,15.097405304076194,9.437470613919128,7.521895012353035,12.752288590506728,10.472646323286991,9.93600036996237,12.489876182770589
-6.483266006738962,-6.375684822813215,-6.338866481418644,-8.445916012461096,-10.488961413093262,-9.354837118703864,-7.96797902694789,-6.107089275827699,-5.809603388409877,-7.847387557022751,-5.446458766226317,-6.830308186893948,-10.110065138041806,-6.442974125716985,-2.7134608706093566,-2.4659550958874936,0.2790527296887492,-4.719476770695786,-5.107663946053285,-3.847873308864673,-8.974676207659904,-6.62385512504391,-5.249080872066436,-4.252777357011745,-4.9285165097937265,-1.4417103515909067,-2.9309901183780767,2.7147914117113547,2.7706914480129523,-0.3432786646080278,-0.3543134793778367,4.1186861485129835,6.916464554256066,8.674644578023212,9.785034235802296,10.379854057548974,12.595821000891679,7.540300128593148,5.925041071433243,8.516343429335835,6.754086821449976,15.89439367583938,12.53398541669435
-6.757314791452119,-6.2379484634812385,-6.548220361322736,-8.73425585919897,-10.810446268130107,-10.044955137425582,-8.107841241021081,-7.272937800480517,-6.336393605515704,-6.877995908296694,-5.467061215864902,-5.5348270401122734,-8.931464029925003,-6.462080827015845,-4.064991655852773,-2.6070288989209773,-6.059040516411768,-6.509365470729005,-6.080372478335201,-7.897466673788315,-6.113032471249206,-2.0972162939378998,0.5202952659635542,-1.7216359979535052,-3.1423249893561094,-0.35541408986083856,-2.323279525489747,0.8891269489330064,4.652467751400165,-1.779640625993192,-1.99544414604454,5.356142923993716,7.327637682758135,9.265553051695697,10.653982609898488,9.677667778027908,10.906722062153873,9.12376260468562,11.017013643054856,5.311184597764014,11.964529699415499,13.882307631467095,10.503039123484681
-6.1847637323018105,-8.096269960526497,-7.817521912941945,-9.059127466981751,-9.237797494373936,-8.744092579398194,-8.638507157296049,-9.22494432703219,-8.044393383745538,-5.386944121040615,-4.4935524004835345,-5.256935837040505,-7.333637071846522,-7.503767746812174,-2.932213802162051,-2.1978895670291942,-4.734027982413227,-4.750941410238929,-6.627181740519957,-5.437016356079951,-1.7266968660231121,0.950053828283787,0.8304070482797095,0.12709248211245558,-2.3396801481955314,-1.6736362230000388,-4.237537111397228,3.678818095764144,5.8498754633888534,-0.3273965289654894,-1.4709832821635944,5.270793620560212,6.643081875040488,5.329004857636454,6.998752124722002,6.9078418340342465,7.714970350929823,9.078369818889316,9.516336006178241,10.36186451744702,11.333164965047775,12.36255607971354,11.115906329223957
-7.990023197798495,-6.611470985632961,-5.734820562050779,-7.575793160825329,-8.372471344886499,-8.318704172176165,-8.743658304814033,-7.510946920795303,-6.783213629118786,-5.20046065128903,-2.7977330590080745,-4.189079323274225,-5.364099722625691,-5.48085616882345,-2.3951099637158237,-2.10266779976414,-1.7219066011556352,-2.3749211093019147,-3.413585885368575,-5.929327838983049,-1.182637259021619,-4.648050964298253,0.693708070884708,0.8185242983200596,-0.9587492053392993,-5.275625129350277,-0.8442480028472521,0.5996691447197366,0.0076553087662564745,0.4912222693337679,-4.644259264294737,3.671780310494579,4.7299328851665345,3.87874654830931,4.275326804899195,5.0514938483833,8.004177630488057,9.930827732271041,10.67031765202971,11.308109471873772,11.829640783318313,10.709704846622802,12.746053247451353
-4.344233311539018,-5.128072720485619,-6.224713209555084,-7.69286200413881,-7.340934137441926,-7.160447191602377,-6.7945333265932515,-6.514389237412553,-6.13664835356595,-5.559735030702287,-2.886703861755922,-3.5774856498737275,-3.320970613225197,-3.06430120287326,-0.9376280024221085,1.1198771872207722,-3.2900328824405145,-3.6012753376686306,-4.100809709428777,-5.566156867899114,-3.427118954895243,-2.147097946460742,0.7915365859597298,-1.1143705187213195,-0.7243243564819655,-5.603707395411151,-1.681765781060434,4.487870574049146,4.671602716336544,-0.47439750617253784,1.7420156085513363,0.4825424012969599,3.7600747669528207,3.54726821844725,5.033052521576965,7.939012361692771,9.061305491877745,9.27231855445952,10.87199972907366,11.271228963389845,10.895177135768687,11.585969041577721,12.961912093634457
-8.165092269085681,-7.478212483689813,-7.941538613738955,-5.955685054727826,-5.170584308355144,-4.71827703151712,-4.9972952172164256,-4.963388284333143,-4.42814680302433,-4.0565534511133245,-3.8531214107593503,-3.9140088786828624,-3.58105502628346,-3.227725490300031,-2.3361648846231473,-2.1484606509482065,-5.5158499048385545,-5.425867261995166,-4.811232360638144,-2.0510086600488977,0.9432377483595789,-2.2889792042692028,-2.7331619418795934,-2.6532534334221882,-2.586945259432737,-1.984127136724111,-0.3145297915589473,1.8133940587869775,1.7878343394600422,2.9913220674476055,4.118152145240441,5.358805793281411,6.263243660127831,7.430985367186885,8.002880768174686,9.203070847139598,7.442784664264595,8.92207540602995,10.215157191070341,10.183036482103804,11.152029004389538,12.195838525015457,14.443925208946174
-7.353420033954292,-7.114367747913612,-6.280210931470746,-5.839126737596333,-3.250994127973171,-3.4246153887730912,-3.1888822438053377,-2.918343771631648,-6.332563268294464,-5.881878161490307,-5.661581168263556,-4.885248656531115,-3.664191602057061,-1.5799537655534883,-1.5853056791005578,-4.041706701611118,-5.939871537049781,-5.839075578208803,-3.7835706963253646,-5.244179781233822,-7.259537620533139,-5.320284744846148,-0.5389439860569305,-5.261842650403908,-1.8124359501136404,1.2253037312977653,1.8559633986722477,-1.0842734906347462,0.2380048904557552,5.08599526891369,5.98887293214727,6.807205941300484,7.292673369462508,9.055239376450047,9.095033742345585,8.578908938105466,10.59211568115315,10.321784247123233,9.010310685613794,11.265884792782598,11.756411066221435,13.251579517620584,14.42774025797787
-6.273442179466743,-6.1794910111475865,-4.526338804669894,-5.237552157574616,-6.114406486851955,-3.971459591602025,-4.681488218676097,-6.3075929040063246,-6.791933732608892,-5.5796982784590785,-4.986360463124204,-4.818150112233291,-5.088606547277769,-6.2291200316343485,-6.4304122943301145,-5.880414462575555,-4.857244723016769,-4.593851001650799,-5.425452605434602,-9.402608078062224,-7.698994431904869,-5.436018200743159,-0.38326746835115305,-0.3925472284859376,-3.4648837913415265,5.56402342742143,2.4519131727660355,-2.713079776604487,10.726147909910916,7.9322194037807705,7.7578994462579915,8.005457777205695,7.018747295184629,6.959189216141544,7.52245812972142,8.744953529960473,10.933610133112937,10.080697934067976,10.78951777983861,12.68764876229349,13.614938484901053,12.866386505682833,14.360088320043689
-5.089305197075104,-5.156856628134859,-4.524399436381332,-3.458546435075909,-3.4745242285810454,-3.699330267157694,-3.622355463919404,-4.466400165497701,-5.171914337758039,-4.489649367383446,-4.857316996612838,-4.1721188788971135,-4.693853215415286,-4.665314454077998,-4.632450765495691,-4.838234026430433,-3.7022432454652305,-4.344434275357219,-4.27413752197685,-3.528858054006099,-0.5864379420383112,3.129895418496724,5.341971260973445,2.7753362723764923,-3.0228666126320465,5.003984399083477,-0.4238045146387896,4.425297224393042,7.83699365881337,6.9986309797425585,6.167854077911338,6.972110255401906,7.840787943808532,8.112338355889321,8.220416954372993,8.514742058813908,10.086066366423829,10.189000455536451,9.83933210030663,11.340928424520536,13.895899470307926,14.275334350414099,13.78531048349946
