public/json/wind_2018-09-1519_950.json
{"header": { "discipline": 10, "disciplineName": "Oceanographic_products", "center": 0, "centerName": "Ocean Modeling and Observation Laboratory", "refTime": "2018-09-15T19:00:00.000Z", "significanceOfRT": 0, "significanceOfRTName": "Analysis", "parameterCategory": 0, "parameterCategoryName": "Currents", "parameterNumber": 2, "parameterNumberName": "U-component_of_wind", "parameterUnit": "m.s-1", "forecastTime": 0, "surface1Type": 160, "surface1TypeName": "Depth below sea level", "surface1Value": 15, "numberPoints": 4800, "shape": 0, "shapeName": "Earth spherical with radius = 6,367,470 m", "scanMode": 0, "nx": 80, "ny": 60, "lo1": 109.0, "la1": 20.0, "lo2": 116.89999999999955, "la2": 14.520000000000117, "dx": 0.09999999999999432, "dy": -0.10000000000000142 }, "data":
[rows 0 to 21 of 60, columns 0 to 48 of 80]
null,null,null,null,null,null,null,null,null,null,null,null,null,null,null,null,null,null,null,null,null,null,null,null,null,null,null,null,null,null,null,null,null,null,null,null,null,null,null,null,null,null,null,null,null,null,null,null,null
null,null,null,null,null,null,null,null,null,null,null,null,null,null,null,null,null,null,null,null,null,null,null,null,null,null,null,null,null,null,null,null,null,null,null,null,null,null,null,null,null,null,null,null,null,null,null,null,null
1.0085611690657,1.7576934800489037,1.8050223460708015,2.0275904274677443,2.547543496201363,3.242158634723812,3.5714715527518472,3.487963694309931,1.9165695677197472,0.918930275283693,-0.8289960632579279,-1.3030132872066602,-1.1855898803216325,-1.1953750746817398,-0.7157727991256069,0.05931596076167915,1.1125492935004446,2.540178014559937,3.9108313868052456,4.264564607368806,4.733621989254057,5.179442017820572,5.060179607454472,4.595404081505192,3.4408054779248274,1.4530060969629466,0.28435740014176725,-0.08531813846961066,-1.213218304517631,-0.8959873593160852,0.44911952345075046,0.5014457993027222,-0.2322773025635317,-0.7093321679309272,-1.0796192371935232,-0.5985526246948691,0.39337890845539925,1.0934848300863873,1.6668995469773478,2.2183773280128185,2.8865746832586483,3.362467538690933,3.5686048347649457,3.6831709764051825,3.3232835992580734,3.3040471953431463,4.0689559749060304,4.9393046806541765,5.963630429460016
0.5588677396593875,1.6249318262759262,1.2491858178570796,1.924029253005292,2.283313988977029,2.5322871947013743,2.892827099235115,2.8980292182182867,2.708557257668103,0.5390009085924122,-0.9937555333596564,-1.2761577640047042,-0.6433667825485645,-0.5030583935152309,-0.009613103770752938,0.17204178091802796,1.2646775257927971,2.0725593909129363,2.0423689927089965,1.369070447572582,1.323711332692914,0.2804962172513436,0.4706290380428428,-0.31749206643005806,-0.9337326421277365,-1.7922810360019463,-1.521078780782785,-0.7470244420663544,-0.4320179984533443,-0.14010806325302466,0.7554478894447219,1.3205753058113303,2.358796342731919,3.418238251996505,4.149712351772591,3.8131520207097473,5.340314230084911,6.873480874180417,5.136338563251281,3.602146963528743,3.5697954666630682,2.6332383292438712,4.527980701152199,6.356674288990975,7.2776574297780865,7.391947460848306,5.922510576357491,6.213392281978832,6.379850937119692
-0.27521401496631026,0.9851102532431623,0.7571386193721528,1.09436088860266,1.365106752618494,1.6194910166253083,1.6030534534800587,1.4186981286563818,1.1608792830361163,-1.2261558132214212,-2.0735978029806637,-1.457121279435325,-0.4349308064809557,-0.09845855778054974,0.2520044875053986,1.085002352195724,1.6899776680900627,1.707866630683939,2.50542424118708,2.7412173100300636,3.053561431727891,2.652166225895006,2.464942747716609,1.7919929475482181,0.3203442484801007,-0.5318112915003397,-1.5476916922562394,-1.2516835229511534,-0.29938865057201985,-0.15820102464957758,0.59299118207441,1.2720288620944162,2.7006818320549772,3.525669008326748,3.716872385148442,3.52294669670059,5.865917683874869,6.830994615963401,4.6438087369408105,3.4744125810611957,2.2190564459199926,0.014693134062589014,4.256390694389399,5.309399875250916,5.912360154504866,6.45117443024194,5.419360785406896,7.302378955304835,8.321147174842567
-1.6015054310778205,0.05106070205702663,0.3188792964437998,-0.11746462285087618,0.05448154547918603,0.16054687158092762,-0.09349313141370416,-0.5054711480994813,-1.88635127566924,-2.6382245992464806,-2.5554409916069316,-1.6036513199475042,-1.0875928996052802,-1.0860070900669359,-0.3473710504672832,0.44080535820644884,0.027932191974108032,0.5931277947289547,1.3714172786331131,-0.09101659075378918,-0.030629919742697166,1.2223108442260107,2.347704060124775,3.357246389551476,2.5863329835020097,1.3613620786049074,1.5423418663059176,0.90996180701779,-0.28087385043669044,-0.1769767279538057,0.7068756352103077,0.3636822042385808,1.622424084764536,2.8880007545050788,2.950056672184589,3.1867803732115205,2.6641735848895447,4.774449901307004,3.5643182158686892,4.849255720258741,4.8747600405431335,5.786470800814291,4.654281300526268,3.956525132476418,4.80622218845697,5.661171303487518,5.70921037349039,7.159530303032297,6.7878709596567575
-1.8577611258533713,-1.6198808387614168,-1.3414819060241991,-1.4976313471237426,-1.6534412150028026,-1.9269901383357686,-2.893986334407704,-4.118063524443049,-4.890006829300934,-4.361432891755115,-4.036230828460887,-3.353684245648464,-2.5404405502432477,-2.5803451330230622,-2.0816028999603846,-1.7762293814549082,-0.8379373350117209,0.2922894255300895,1.204593925773711,1.4225646367447822,2.112179221629191,1.7068452972032766,1.8629513457344196,2.7538072028738885,2.964305116551388,2.101066215793912,1.978108196137209,1.8282684004015832,-0.3523424789177163,-0.9982392575646948,-2.020662108815573,-1.1950973010907187,-0.6571876585223304,-0.5125717875238496,-0.19516843492631736,0.9666420712728618,-0.3528025837237686,2.3506303139214872,0.7436763857049536,1.6236594282765373,3.020403160321471,4.171796658233065,4.431183071207921,2.98676195597646,3.0495933141910427,2.9289623007309826,4.597917032197912,5.612962036896504,4.908780912746852
-3.823461635319932,-2.8519844007498785,-2.246816697275908,-2.2849988210837475,-2.322302658505721,-2.130993982483563,-2.259847531374556,-3.884644859696239,-4.838623780001279,-5.19299940640828,-4.978227443073743,-4.792347337039932,-2.847321517146956,-3.1139553710581955,-3.36119756646086,-3.1046306936141628,-1.6712322638919588,-0.2065007976576652,0.9316257442294014,1.2845581374514365,1.6404662678862674,2.0367894809029807,2.0566187384887304,1.6717970047109867,1.6978118358859398,0.5978095212893235,0.8471357039157106,1.037314947020206,-0.8273373069785221,-1.1306322450638393,-2.2285036805969605,-1.9877799990952725,-2.20721701667438,-1.7989532572829194,-1.0407169640877172,-0.3535218588487723,0.0545394502904286,-3.995518960216317,-3.490495379635071,-0.5562869117249865,2.1710152099522695,2.5256029649751297,2.976436720243074,0.86688187648111,0.7300294714271429,2.39576629688288,2.5979389173043534,3.496149769558885,3.209091085787712
-3.820144680095242,-3.264207180475187,-2.5270336759368024,-2.57826827666082,-2.103546452461742,-2.0119045742536317,-2.122122092002067,-3.6714276319568073,-5.068657094452297,-5.669122565640567,-5.953562839045773,-6.231128404052231,-4.824728214368309,-4.326573486978117,-4.495096391589172,-4.012935093641062,-2.9042089548106755,-1.520714046724804,-0.29507110392216823,0.6001801222544161,-0.5226820086672238,0.7963353556855048,1.3860141667525756,0.674055035078725,-0.37207470799534215,-0.7315032881202681,-0.37782176103817555,-0.5922461544130962,-1.5698056452569047,-2.1148557692954912,-3.2360376492336966,-2.737904263151846,-2.370728509866765,-1.9072902728231869,-1.6322683358659749,-1.805513987953372,-2.002883746146395,-2.05392478717827,-1.4233878583978097,0.37689802660789623,1.6376932824414598,1.5557203722689368,1.2380357279681806,-0.9627344227943616,-1.0091000207831011,0.11486189770907912,1.1162178902453659,0.325043475849195,1.1168731590248107
-3.3803092497868716,-3.2135189831871056,-2.621986654526227,-2.515494868508606,-2.587003739935252,-2.4366807476651435,-2.34346262980415,-3.5497152752664567,-5.673469556404127,-6.566995907618475,-6.983628846561878,-6.843348157810063,-6.166390244247389,-5.425407200054705,-5.548729003986115,-4.841604097105819,-3.739040961908182,-2.4549332393939025,-1.522828800435026,-0.947898638560945,-1.1384852726121575,-0.5949573680488406,0.09945915998072825,-0.43755169526098997,-0.9131197335937773,-0.9086040963488284,-0.9271273682767248,-1.8832636564531369,-2.9312281439801895,-3.153211987084565,-4.081852205970268,-3.8038355332695444,-2.8653553203157776,-2.0025389607974193,-1.281724444119097,0.04520080467070383,0.6545152619105639,1.658690558057685,0.7781038793389184,1.2510885413367776,2.900109234250608,2.7058160777161815,-0.5404948658276889,-2.9302435301831258,-3.516758161730131,-3.298154232584665,-1.027825611619309,1.182132942853596,-0.5911617404293655
-3.9415050572981656,-4.052794796719447,-3.8620911011897814,-3.73302122250712,-3.4829869960977877,-3.465076188639822,-3.409987239286706,-4.0409860099199015,-5.9362180490079055,-7.1128342252297205,-7.393461505928159,-7.479587114829096,-7.50826510761494,-7.234441458227508,-6.254725372826918,-5.082627161719453,-4.004024084332057,-2.7827910882205784,-1.9628419052623975,-1.5662771472716794,-2.0215796942668156,-1.8464265195329577,-0.7128706513023708,-0.08707209763786003,-0.4038259352402356,-1.6498198042909589,-2.265967453235233,-3.0022852292978857,-4.951472968312621,-5.7294670040848645,-4.516299729178568,-4.611621224086427,-3.36921374408793,-2.3769987679647917,-1.9316761064315418,-0.5974085760308105,0.3563478057464841,0.8988859689793599,1.6970065575725173,0.546462417444769,2.6233853091044677,1.9893558210012185,-1.578057364135684,-3.4283469985118256,-4.987502765598618,-5.718540037844041,-3.5914860186089355,0.5277963797933918,-1.2073391949923251
-5.524344965064705,-5.789111101319552,-5.37529554603043,-5.226343575967415,-4.737478370412532,-4.417684336186037,-4.689463684968435,-4.623168315690563,-5.970640639849911,-7.757053319971124,-8.20396834348415,-8.595286334887657,-8.99963362503335,-7.921683019010446,-7.055059266433017,-5.693679191439222,-4.15950179696801,-2.219406537403877,-2.240795498790738,-1.9968731195346514,-2.0027803219615454,-1.2305390249466783,-2.090335688718893,-1.5442177969174207,-1.703312500653577,-3.3052099172060383,-4.634235989782214,-5.783090751635997,-6.663319413260785,-6.689599096560571,-5.885163495496848,-4.477865815991384,-3.7149474869753103,-2.4179586054428808,-2.1213234885884287,-1.2676713581107855,-0.18490789308997474,-0.6072310235380829,-1.0016945490071172,-0.7301052961369594,1.6120354985188958,0.6976578925173768,-1.628975020639895,-2.6726360152641986,-4.367900076557994,-6.496830289508228,-4.849015425352434,-3.1814244417976463,-1.879052830901627
-6.60485694239258,-7.2927112422047315,-7.102723286342093,-6.761120277986416,-6.399641583690523,-5.544645808298228,-6.124940534790338,-6.195830638009215,-6.197275438071855,-8.094947646214466,-8.958069010420513,-8.702228060167137,-8.831649198181337,-8.86365479503183,-7.999537562511791,-6.539586731943283,-5.456453224331822,-3.291090284029902,-2.766153160936343,-2.2502233987670657,-2.0379772254383584,-1.3215814068033915,-0.6779211899294428,-1.6136138559007753,-3.322143649776865,-5.153473012045811,-5.5492492861965115,-8.68052680879702,-8.312499648250038,-6.76419930110021,-6.292073391991087,-5.5921677162572205,-4.194370185623089,-2.78400803343367,-2.1503389148231262,-1.5481784643138827,-1.1337829501760586,-1.7942667392140486,-2.2930842097400563,-1.757091855237047,-1.5894851767395246,-0.6499537258624521,-0.7671765638168528,-0.6661707758619768,-2.2707588293040875,-4.84823032767111,-5.066585697709422,-3.8472688313654233,-1.7608196285740865
-7.543420847684972,-7.974577489579397,-8.61463989226251,-8.188779635071697,-7.870446862576617,-7.108755272094687,-6.373265142453421,-6.768816046265957,-7.415954293605834,-8.212528813612733,-8.556167456255055,-8.519044027705553,-9.234394445974752,-8.89721348044974,-8.515966937612411,-7.709524352916084,-6.618849489029929,-4.525641376964332,-3.1841276799745373,-3.055374206133802,-3.412633102145095,-3.556251286471359,-3.5312017379000205,-1.3018138472801521,-3.560968166444635,-4.235123668096001,-7.532560426825788,-8.93231334662998,-8.298147163773766,-6.519272219524193,-5.796484518141846,-4.5985281271924245,-5.09021858838151,-3.3337220475403404,-3.2948420285190845,-2.4590038153666502,-2.6285002376182307,-2.564200609472133,-4.298993786701311,-4.180117500581954,-2.7015918396793337,-2.4787894267771136,-2.321500489854042,-0.8228660629200109,-0.3681176637822993,-2.155238351149696,-5.221585869915797,-5.045820814527589,-4.38642920142658
-8.046313657662859,-8.173928353927465,-8.728794836343925,-8.387379014564708,-8.68309617599192,-8.265120995031019,-7.123989624103563,-7.442805314203073,-7.014440977408871,-7.746772969923174,-7.976770841346792,-7.197880861742715,-7.497097192983583,-8.123710710917798,-7.913234041301585,-7.777140833907978,-7.995266237290048,-5.408280516908242,-3.00681922153915,-2.9726427244150386,-3.3958756953490576,-4.245131193738086,-7.023268327593586,-6.601063679041911,-6.241230695090937,-3.7875670584461782,-7.117672381580502,-8.975611156974484,-9.181216447406891,-6.670680019804038,-3.756150415773772,-4.90976345514874,-2.959722973608893,-4.3946203868655855,-3.5347835669081227,-3.518971084935964,-4.282386095375435,-3.5317911266477844,-5.710301259526914,-4.887031849699935,-2.7007270152210188,-2.7933804303861183,-3.2667831702417365,-1.7823649730041704,-1.1142086011576824,-0.615943669569627,-4.70011478905647,-5.598790784333124,-6.16045720307018
-7.954144917026905,-8.92116814596752,-8.708104372312942,-8.224892675606894,-7.70690937725657,-8.018208791804279,-8.588485151749236,-7.7274708922913575,-7.359403933562724,-7.091289761723113,-6.8267472262914035,-6.622987111301401,-6.402646591054714,-5.785353219151156,-6.380878103771778,-6.368315455794367,-6.537515939716254,-6.476904619502148,-2.69641100178443,-2.123407928375956,-3.3198622825269632,-2.1973208812171574,-5.210418476904367,-9.310880810213046,-11.166864734323505,-5.782408527636549,-3.7294092479930514,-8.89436454827317,-7.177068679921612,-7.242915552257114,-5.191180622287546,-4.072072070822574,-3.9809362244735222,-3.96999348072376,-3.382172641677342,-3.297209263167381,-3.803296352565589,-3.82403243205992,-4.371917412993453,-4.827833928224852,-4.060031396256462,-3.4825092177027424,-2.637888010867939,-2.6468272598112463,-2.50471353705835,-1.8823303207685096,-3.69414781656001,-6.011721777579427,-5.0781763831632105
-8.277160461631476,-8.372624634965806,-8.671780714784974,-8.07367143117923,-7.76650760464676,-8.424942308941024,-8.93164118540636,-8.435143191550955,-7.599248740925239,-8.054276095160242,-7.5219818429220044,-6.596403632706825,-5.753159421143978,-4.983599446234365,-5.068788523368006,-5.481239898183982,-5.197322452425805,-5.396136815261503,-5.384285362805769,-0.8499279409049953,-3.315790072683181,-3.3507793920703106,-3.3683296993367002,-4.151145390000701,-9.464614107039232,-7.2520859617407645,-5.437928351849928,-2.7341438223020433,-5.004764152875238,-10.803102607370365,-7.920786206424695,-5.293207478928048,-5.154040469062486,-2.6397429150548897,-6.422019380359363,-3.1007931906020567,-1.606195570095975,-4.316891538182761,-3.28887211927222,-3.9650941674879387,-4.8374931496980444,-3.7220059396517216,-3.5777376416447266,-3.7179586932607274,-4.5886804417013405,-5.401925296153902,-1.8483268805520523,-5.222948769500682,-5.071088331101919
-8.601425378849378,-7.720681713647789,-8.399529287099117,-8.473956266393866,-7.903479991926935,-7.697675949387594,-9.564662823779557,-8.24992158444103,-8.711769596053491,-8.874655476657852,-7.965321217073434,-7.455383025030645,-6.809701793104153,-5.042839702706527,-5.109008612056901,-5.320690587483056,-4.270860167167637,-4.645178256368259,-4.260282440858589,-3.1918785124535,-2.446309751164429,null,-5.470468743685049,-4.618441079581739,null,-5.8115294083296964,-5.436700958851202,-4.4179910815552095,-5.736362076269531,-3.808173474764537,-10.607920774267946,-8.226382053325612,-5.258685165677058,-0.1214190795254491,-4.904151332956846,-3.3674098537547996,-3.250011169979743,-4.915661917601212,-3.3854754842837944,-4.733557152493156,-5.345135943376996,-4.513861629495935,-4.656860045259159,-5.742272148437893,-6.309590898919664,-5.410052520987248,-2.2151514833601427,-4.838530153086816,-5.171841981180319
-7.463385298746921,-7.9399516906216725,-8.096115786764987,-8.205121204451208,-8.166100430158492,-8.217241705780816,-7.128227034947464,-7.93188702328857,-6.536391260132986,-6.404286862532457,-8.294117990913533,-8.032847398429974,-7.303830253816283,-6.615691474337121,-6.093477280919103,-4.914741746401058,-5.310761173612084,-3.906300435512976,-4.770405679143735,-2.2752007213184746,-0.9771400506633502,null,-8.281745288452534,-7.272026612487498,null,null,-3.98312104707619,-3.095063324823668,-2.5229613543010796,-5.4042621422140495,-8.245282738218517,-9.377716295741171,-4.764523629182392,-4.353470367381119,-2.2924135904663436,-2.6179873833034484,-1.9356936390110018,-1.2264636326363882,-3.5755395695051315,-3.1272741090768426,-5.952523011503628,-5.744673960041428,-5.648583283797059,-6.656304943004679,-7.5586223739560605,-6.021110224856816,-4.627510038075288,-4.554282592676829,-5.171426734478164
-6.474598631088038,-6.659219330214259,-6.769474087216944,-7.9549903806562945,-8.970682368681254,-8.4462580645109,-9.09348336276933,-9.04619486684043,-8.231815606084425,-6.354547563192888,-7.1940818764465,-8.162152566730015,-8.49582123119232,-7.1737589119018965,-6.645470055045152,-6.683927771474005,-5.376456519876268,-4.4859894574600085,-4.357375518935591,-3.98081329552485,-1.616172599776199,null,null,null,-5.147732493445362,-4.218230172080792,-2.661603443287514,-1.7720611158419883,-3.6061370739152916,-3.7369203433792357,-2.8140044168426517,-6.788309540321682,-8.66317494599058,-3.0433919636140883,-8.88060735531687,-4.808389677552473,-4.385018154290496,-0.23722136935335295,-3.750884187425907,-3.7929885934430803,-6.551615055758716,-5.921951275936388,-6.224713712915489,-7.387705586318331,-8.746297578766747,-7.307929380330187,-4.3416355377385125,-4.877962951581492,-4.3691105339693825
-7.654693419463266,-6.814312578301286,-6.255975264114513,-7.827829084484566,-8.175329374389603,-8.572857953134685,-8.773800903585657,-10.294328622479087,-8.94113117257831,-7.529026613381133,-5.875686972097602,-6.725552647689506,-7.878574959402956,-6.88432182884817,-6.737253906773061,-6.701055364589097,-6.173853027416898,-5.320242294729235,-4.79239763741999,-4.270341771299078,-3.2709951869027627,1.2785101583750234,-1.4988767532517289,-3.5075547390036195,-5.7635543677438275,-5.969562962725155,-8.752001703129842,-4.310391358773881,-1.0874545300773841,-3.90306258172639,-2.7896906889157993,-6.93719427630695,-6.092983064807353,-6.10647136798256,-2.633994907944179,-5.972892575021675,-3.8018181159738083,-3.839290168108258,-3.437369715929505,-5.346440087798561,-9.086617556681853,-6.369939931840824,-5.393397425335067,-6.0059941778662544,-8.19360579365876,-6.637841813341369,-5.605133993225026,-5.0820384536513155,-5.210102357101269
-6.278280050916198,-5.529559277701095,-5.607428426233589,-4.870571888626442,-4.44628415961974,-8.661436795110127,-9.183896811229484,null,-7.305913066646713,-7.6761587202661365,-6.858840926794041,-5.231087410968332,-6.993121664853035,-6.985588617611377,-7.423929997035158,-5.738815942445177,-5.62460598323026,-4.719340844809578,-6.149870396444993,-3.2872286805197417,-2.868877317811969,-1.3044314272072326,null,null,null,null,null,-4.450942289453925,-2.6590299806289517,-0.2811640776583184,-2.661903551830167,-3.04394262163876,-4.682397355756107,-5.581459445384637,-6.423645520552802,-2.3023351551850624,-8.097215523218809,-5.076894583403865,-4.070803791053029,-5.835321957884827,null,-4.1719040150109885,-5.049754902093281,-3.1283165874523027,-5.076737570062851,-5.220817108890408,-5.728161884044063,-4.762755596347434,-4.921437078620368
