public/json/wind_2018-09-1515_700.json
{"header": { "discipline": 10, "disciplineName": "Oceanographic_products", "center": 0, "centerName": "Ocean Modeling and Observation Laboratory", "refTime": "2018-09-15T15:00:00.000Z", "significanceOfRT": 0, "significanceOfRTName": "Analysis", "parameterCategory": 0, "parameterCategoryName": "Currents", "parameterNumber": 3, "parameterNumberName": "V-component_of_wind", "parameterUnit": "m.s-1", "forecastTime": 0, "surface1Type": 160, "surface1TypeName": "Depth below sea level", "surface1Value": 15, "numberPoints": 4800, "shape": 0, "shapeName": "Earth spherical with radius = 6,367,470 m", "scanMode": 0, "nx": 80, "ny": 60, "lo1": 109.0, "la1": 20.0, "lo2": 116.89999999999955, "la2": 14.520000000000117, "dx": 0.09999999999999432, "dy": -0.10000000000000142 }, "data":
[rows 19 to 37 of 60, columns 0 to 42 of 80]
-7.8241955074236005,-8.61978870359962,-9.308901412756805,-9.315219825978089,-8.676747218714503,-9.44548862310026,-9.487989061401642,-9.494648042343414,-9.785075788849795,-10.225094886817,-11.253179238399056,-11.440621717799576,-11.449954358993168,-12.255581715597312,-11.990717492077408,-11.598552803290199,-11.852580509333182,-12.454834065565986,-12.41858388087307,-12.228627112202258,-11.93698696811445,-12.42458165514713,-13.658927626042743,-13.991931228577865,-14.10064684488201,-14.136419602702247,-13.087054444008308,-13.119709681241776,-12.60511406753069,-12.54066475394549,-12.886866930174175,-12.435825600481987,-14.632809318166073,-13.4945947460126,-13.903705591491919,-14.416006459711902,-15.179930917889164,-15.20066950282772,-15.27019342099846,-13.648580259536145,-10.642767138643283,-9.981904234153602,-9.835813318680378
-8.140629856973614,-7.638489916040418,-7.914793568906433,-8.284752555015888,-9.339223584709679,-8.713497911236228,-9.192009884892293,-8.933036360340791,-8.981679499751282,-9.503454934733382,-10.406911132337491,-11.269749569738686,-11.606481508113283,-11.639235832383275,-11.586879188623133,-12.314581395866922,-12.68790826134593,-12.68385902103506,-11.936783111223937,-11.429737647152365,-11.41231499293402,-11.131327531645175,-11.391460817995734,-10.789083894424351,-11.440384211023257,-12.493757579785832,-12.593189234629088,-11.728578103199075,-12.215942399810565,-13.017331105687834,-11.935874140815788,-13.073352325135186,-13.15060304443462,-13.890742156382418,-13.93918663451968,-14.017813330874176,-14.902349617751726,-12.533585680741497,-12.861322072788525,-12.4093112199479,-10.458322608587526,-9.668760324898528,-10.20041058585462
-7.651306737475783,-8.509450374819263,-8.854678621091042,-8.73148003990245,-8.926347586845846,-9.303455377107774,-9.690832123221448,-8.767260738032023,-10.006548034622833,-9.83483960088645,-9.471274609670608,-10.739732406880757,-10.504338818901257,-10.93414484496851,-11.708982226330441,-12.343541392139759,-12.80502448888798,-13.308184199732382,-13.191411300914954,-12.653048849169139,-10.574957751123197,-10.216878490097457,-10.231770553728657,-10.778355296952096,-12.105981126546883,-12.977803088661398,-13.073025497559254,-12.377595558361811,-11.23467497795501,-11.697047956772785,-13.391803039285026,-14.405612763286534,-14.454308206530175,-13.952511157652122,-13.15760564006886,-12.479986437789268,-11.76719769364356,-11.638258599243008,-12.10678963192246,-11.849542197719444,-11.118444184127735,-10.414801432810053,-10.163459542815245
-8.788619671182715,-8.259313617071538,-8.167475534871214,-8.756476386448504,-8.55773743739203,-8.171903581176398,-8.440632103166145,-9.985636680543895,-9.81244152607556,-9.86482216467637,-10.17724611560205,-10.792262337677604,-10.976797097600937,-11.030058386635758,-10.819878006385938,-11.674433815588468,-12.274859110682518,-12.537299027278578,-12.84075804001007,-13.106537146585366,-13.554987211374883,-13.598191335476356,-13.986446078507983,-14.42378306222548,-13.613989875558229,-11.986923186531993,-11.749316237643825,-12.667682830490593,-12.554246167232154,-14.162359114473706,-14.638498150577913,-14.618960453549423,-13.434452401014882,-12.692625086827283,-13.057772047102723,-12.395054316161607,-10.974105574502165,-11.18097759469074,-11.041662853569841,-10.587597175936047,-10.288231976691787,-9.779672560058536,-9.551415318202494
-8.675710635603492,-8.663713851474252,-8.986232157760965,-9.08820122531522,-8.75098870551444,-8.68094926828367,-9.992091980508338,-10.34887142171235,-10.342600706219478,-10.147772935052338,-11.394600943061935,-11.14788040397064,-10.370458922826039,-9.757862810559892,-10.698017513856533,-10.91219886474758,-11.450342474192173,-12.415870657032663,-13.223188453251304,-13.27822392777089,-13.552585687938999,-13.85335247521535,-13.95339047001434,-12.850892547496429,-12.702823117997964,-12.991263610389275,-12.310636081199537,-13.15260904180303,-11.705108598064903,-11.301327339825441,-12.987295082269858,-14.178093784568114,-13.767549017530632,-13.765071226458488,-13.067663100897915,-12.665689395395912,-11.286487883169647,-11.026923554262575,-11.618642829257187,-10.599344108641533,-9.609580113245677,-8.837793471028176,-9.705909300788718
-9.00609237073448,-9.29744270318454,-9.296491069319105,-9.06582498181715,-9.983094193207872,-10.675521889923669,-10.531330001183687,-10.741116290145081,-10.980242576120627,-12.169541507550058,-11.417631038186425,-11.36288668902339,-10.589815497393996,-9.652171408168638,-9.136157543779925,-9.097117947701353,-11.77188955671414,-13.754852658443806,-13.876648114869518,-13.348160636420321,-12.884798557659838,-12.058913383390106,-12.641378380892673,-13.237840543199189,-12.402307883760734,-12.191525572600066,-12.074299844755949,-12.865447219467331,-12.250313855403794,-11.398429678397282,-13.21837153305141,-13.96450955979764,-17.03837508924371,-14.318395170278645,-13.099482080261897,-11.820338314783916,-10.841564923278373,-10.360484727422262,-9.91764824441996,-9.544620989542198,-9.61829008762641,-9.299301597505291,-9.771740966507215
-9.635641337596184,-9.967848019866658,-9.872609271083974,-10.145914563553212,-10.497631353236727,-10.188916158644073,-10.459299765930181,-9.953214254916782,-11.371008085407505,-11.329003816610934,-10.938529305444,-10.485344546273296,-9.994699361228067,-9.246137066303032,-9.136814319662491,-10.803139292032013,-12.348405624384657,-11.793370308377332,-12.12112649560532,-13.699699967013167,-14.394474060489431,-14.22107734106967,-13.937791197088764,-12.736142720739398,-11.492985922231325,-11.632527238494808,-12.376185665839476,-12.130725431953444,-10.77070079547493,-10.962922118929834,-11.63549307645416,-14.276413389133861,-18.559199912468348,-11.366925831637651,-11.716174914065132,-11.178697365879742,-9.49656097816532,-9.665304348186162,-10.0833571598117,-9.717694533440156,-9.368812855147747,-9.275553231745787,-9.349344389199578
-9.330940292429418,-9.977702241348034,-10.354252068025039,-10.64127292504933,-11.048185398901037,-10.71347535222746,-10.77752802468273,-10.947467659822749,-10.307344697634354,-7.920900924837051,-9.242457333728304,-10.43627098673767,-9.790048870673004,-9.24666503389975,-10.264362926117512,-10.998810042996254,-11.67518187659875,-11.55510106654842,-13.306284990633138,-13.56183969973623,-12.696125933322175,-13.78390640837469,-13.803936326865568,-12.946532633924217,-11.200340944620404,-11.239541321826657,-13.246340173976892,-12.163313802448837,-12.17380919157927,-11.938045330075045,-11.028188549644456,-14.458360612513275,-11.301074195293245,-10.726625946348078,-11.37740676635643,-10.740948589734664,-10.191836670106063,-9.576827791691771,-9.855574266508405,-9.560468625902349,-9.455332170777696,-9.08178795422709,-8.726807279236361
-9.924240517143803,-10.039014185029464,-10.47735479941575,-10.747348206060206,-11.276840227161534,-11.791179643089368,-11.868807981579334,-12.124235563576264,-12.102949506640915,-11.213175136531891,-9.086644933995666,-5.2924244233963424,-7.47889373415576,-8.596358141528285,-8.823732599955115,-9.570978899396298,-11.366022935390275,-11.97142219518416,-12.178350001195145,-12.073526147283946,-12.950381650209842,-12.989784233070043,-12.873399382005848,-12.516155873232064,-11.507086320699996,-11.290077114663536,-11.300429019674482,-11.556367249621466,-11.296147000076129,-10.95463740521075,-11.41150096563846,-11.062283073064936,-12.536647196954782,-12.554796921270214,-11.875685962658208,-11.010632873284603,-9.841143131592123,-8.687750699069884,-8.800612143246411,-9.798763361719798,-9.195211509957321,-8.762447082243307,-8.557461155764715
-9.435825544359465,-9.746494948691364,-9.863370222150799,-10.700417173542412,-11.952991093941629,-12.245169804739312,-12.092544676291629,-11.73488543069046,-11.705293741638515,-11.393829758351924,-10.799288486050239,-10.744722532386211,-10.075253454162187,-10.482761866886522,-10.914503688452266,-10.694922963919197,-10.709189805721016,-10.645161374234895,-10.553773552286803,-11.91746917237006,-12.217821493124937,-12.156527618968308,-12.01465803244388,-12.018198982970159,-11.653162961205092,-11.586302809919548,-11.294028638246038,-11.850813838516595,-11.151671793527544,-10.762090760124128,-11.219939174982805,-12.098429767370003,-12.424710671855763,-12.309674780894344,-11.438990436349613,-11.146860129091941,-9.824079148707765,-7.9075298672030865,-7.529160172674038,-8.079809623816429,-7.459603129871786,-8.05689183086691,-8.098497316776335
-8.400797825491736,-9.001337344049455,-10.518345862738517,-11.339053802862896,-11.923682941512698,-11.95743735578975,-11.578062292116844,-11.17115371718867,-11.051292109036607,-10.97211451938982,-10.49891225216097,-10.218219162094607,-10.482816258661135,-10.255248479098503,-9.656713855671114,-9.616729208161223,-10.051362080612499,-10.930946880474028,-11.0761533876559,-11.077422500530648,-11.819607079694899,-12.022180740239762,-12.139381839820192,-13.577437336502149,-13.59274948641819,-12.352623028448878,-12.515752782388482,-12.248137928905113,-11.84527030386144,-12.015733942463548,-12.044374033243308,-12.134430690159283,-12.117557504563958,-11.600219117456037,-10.28647171444461,-9.996116926087822,-8.743300164738539,-8.026527452404025,-7.237256996520958,-7.344816598476637,-6.650117106160821,-7.077675992925518,-7.85470255427101
-9.960001267948531,-9.466268255006714,-8.764218659084067,-10.377135082161562,-10.410500309058351,-11.007402701517183,-11.236031703742725,-10.875205206598872,-10.39983143558391,-10.363460258041647,-10.254244285800201,-10.03591348073227,-9.667936266643133,-9.381600373208693,-9.577873124830766,-10.070016032527285,-10.1252602711715,-10.409133692666671,-10.601708286850464,-10.316280684314787,-11.167186705858105,-12.581401413062252,-11.36484656422888,-11.874647652012666,-12.34215202308328,-12.866109294316281,-12.77211603819072,-12.525682382582186,-12.00124101193555,-11.795818849152482,-11.722133142584752,-12.236445260563958,-12.612134154362973,-12.03296334667353,-11.025676785615707,-9.687869343723362,-9.747915720952724,-8.929534015158358,-7.440755364812169,-7.084878541608394,-5.637312297450242,-5.994132073952377,-6.955137189386491
-10.089314431237906,-9.802979061617858,-9.571789251233547,-9.378879269950398,-10.389874090477658,-11.58119111230981,-11.049100305321828,-10.66279879561483,-10.157357567020915,-10.102494316281456,-9.979593894897624,-9.605461343122762,-9.522261776520697,-9.689215499236669,-9.744962100425113,-9.608435690263393,-9.962000122980477,-10.086211623445081,-10.320443825453111,-11.15574156321022,-12.084520649858167,-12.07095754571899,-10.945314543811913,-10.68465328964876,-10.805018553604437,-10.8044049973776,-11.136498651600672,-11.233372314765873,-11.310484170578592,-11.086968263668114,-11.458428766132482,-11.700550193325498,-11.571858735236447,-9.917344792265066,-9.719317334032448,-10.664481549244789,-9.26256751489616,-8.579568860265894,-8.204142714075193,-6.92600922474373,-5.969526698073167,-5.097452825320102,-6.575487596280682
-8.522509245740927,-9.116621136383744,-9.106002196663898,-9.20292659457917,-9.331894335843772,-10.17805010970114,-10.218923593812743,-9.569730073297361,-9.38065609704084,-9.364233304353187,-9.02643877474969,-9.62453423821428,-10.191913707817465,-9.704723212416733,-9.285776092425284,-9.055209863822782,-9.134280362388784,-9.55211673080607,-10.53112992457154,-10.755321063841034,-10.988629009492417,-10.656177009802404,-10.350661440732907,-10.61930506008405,-10.81901639270359,-10.29309443321554,-9.592436827941885,-9.765610472432583,-9.86835727384519,-9.98361814838767,-10.06143726728958,-11.009234350742675,-11.214181611629986,-11.141771485059435,-10.417992722942579,-10.41732990868946,-9.494858780210148,-8.795981473654038,-8.028831529360723,-7.200094455196272,-6.268389632575625,-6.158705042061407,-7.42987495942254
-7.610158866968015,-7.85920860004422,-8.649048731394982,-9.19548919447697,-9.725936251502592,-9.534918315113755,-9.725433846032216,-10.183064843301764,-9.523200679922256,-8.823774091842623,-9.083023857359326,-9.029453812005904,-9.231828073082053,-9.498707131647363,-9.274387088569421,-8.898996348868026,-9.158266238044218,-9.392404455117921,-9.56324863933856,-9.417766299484171,-9.916465515313533,-10.721207635340152,-10.305046161792902,-10.556540542529172,-11.167842554436668,-10.90631340748394,-11.270955771528655,-10.962525677649253,-11.590883919194987,-11.016149144195788,-10.40061888217034,-9.690467396906177,-9.418283383026644,-10.056078681796016,-10.248563632595516,-9.374116580938711,-8.566402469781487,-8.123434954621922,-7.396880850187602,-6.66214226918111,-6.063268546105211,-5.441900351746196,-6.309414435182857
-6.764208601748912,-7.651580924006918,-8.272240603730575,-9.119461868919622,-9.317254683678422,-9.81410290763008,-9.394775344117468,-8.72553525372173,-7.677362733553076,-7.704582265522878,-7.6468456364463036,-7.819825227829447,-8.462024027151987,-8.571172351793253,-8.19808711424181,-7.7813767061550845,-7.921089587661848,-8.776211087815842,-9.031591026662385,-8.925497454418018,-9.457556802821042,-10.351055009032807,-10.330558925778892,-10.146904925987847,-10.55773184331179,-11.269633911792484,-11.851888955752436,-11.637935425483949,-10.5150769338401,-10.094825223155706,-10.700479834926455,-10.173791517637373,-9.783810418458366,-9.5685271590293,-9.479038789578274,-9.046967803655404,-7.985403989615665,-7.447855256170017,-6.699295674045641,-6.037644024402161,-4.906961577415678,-4.24453228103178,-4.603180936228848
-6.969984833874417,-7.413205730662231,-7.570133091096077,-8.071716756056837,-8.206596331474348,-8.353292967916358,-8.626815743165974,-8.803200915191523,-8.83662393029304,-8.046259208423116,-7.469443728821769,-7.247409425721142,-6.993375698303328,-7.973649366714288,-7.422617364406274,-8.17108745483722,-7.954486318970455,-7.695396729565203,-7.915358329395945,-8.044426284213936,-8.93484781742124,-9.370202590733271,-9.30904766130739,-9.670594998648221,-10.146815986702347,-10.840437343025776,-10.7153728082399,-11.114327916830234,-11.197123752892889,-10.830637689198737,-10.203182306969513,-9.325634566673074,-8.92350152211742,-9.022061239914418,-8.009591437525508,-7.257745557153225,-7.346966186552826,-7.870751801241926,-7.6472706074988555,-6.408322756054318,-5.857194117457891,-5.199542965506071,-5.730418455049432
-5.836540145658992,-6.594024776969141,-7.03812482024704,-7.523792575919116,-7.8284181613525075,-7.66562853778744,-7.236000666366561,-5.888908029982104,-6.97970035615309,-8.480429848185185,-6.648115102082638,-6.117998098862866,-7.157211884997654,-6.078578113573354,-8.04398736145311,-8.175915814513347,-8.220458423005393,-8.331294011092758,-8.712922627697893,-9.241945732794695,-9.223373449144901,-8.521939324322595,-7.768878883415909,-9.498936424653053,-10.137521588458533,-10.402257465408391,-10.244217569272301,-10.446878707129537,-10.346473525728486,-9.950855853625287,-9.84491330049138,-9.626170386406047,-8.952236952643574,-9.280731072134317,-9.01177076560133,-8.171189347727765,-7.121363998224852,-5.455860238077158,-6.80592764272003,-6.606400051250379,-5.995807234791122,-5.4018679068855,-6.653763301607715
-6.034152354476513,-7.002889712101534,-6.71812608982158,-7.975323324558065,-7.874141901021981,-7.840858873992784,-7.834089613769552,-8.052504955439801,-7.730233371457015,-7.392659736573836,-7.161765332975083,-6.152088336625329,-6.429712073988762,-7.759313025467623,-7.356717030407616,-7.602824739880878,-7.265148699496923,-7.668872891160281,-8.236524967684012,-8.631272179922618,-8.187027330852183,-8.555098355467017,-9.066134307227792,-10.310040260621886,-10.280190109486497,-9.649919056340272,-10.114656162147101,-10.005802249835376,-9.41212323832811,-9.664885844875336,-9.55626262461476,-8.984573389855179,-8.333266709183725,-8.164649215184237,-8.285108967413331,-8.038281948771477,-8.207766358306747,-8.580087463225011,-8.577514708690849,-6.357775464514783,-5.172590384593727,-6.318153483969109,-5.42839090079709
