public/json/wind_2018-09-1613_950.json
{"header": { "discipline": 10, "disciplineName": "Oceanographic_products", "center": 0, "centerName": "Ocean Modeling and Observation Laboratory", "refTime": "2018-09-16T13:00:00.000Z", "significanceOfRT": 0, "significanceOfRTName": "Analysis", "parameterCategory": 0, "parameterCategoryName": "Currents", "parameterNumber": 3, "parameterNumberName": "V-component_of_wind", "parameterUnit": "m.s-1", "forecastTime": 0, "surface1Type": 160, "surface1TypeName": "Depth below sea level", "surface1Value": 15, "numberPoints": 4800, "shape": 0, "shapeName": "Earth spherical with radius = 6,367,470 m", "scanMode": 0, "nx": 80, "ny": 60, "lo1": 109.0, "la1": 20.0, "lo2": 116.89999999999955, "la2": 14.520000000000117, "dx": 0.09999999999999432, "dy": -0.10000000000000142 }, "data":
[rows 0 to 21 of 60, columns 0 to 49 of 80]
null,null,null,null,null,null,null,null,null,null,null,null,null,null,null,null,null,null,null,null,null,null,null,null,null,null,null,null,null,null,null,null,null,null,null,null,null,null,null,null,null,null,null,null,null,null,null,null,null,null
null,null,null,null,null,null,null,null,null,null,null,null,null,null,null,null,null,null,null,null,null,null,null,null,null,null,null,null,null,null,null,null,null,null,null,null,null,null,null,null,null,null,null,null,null,null,null,null,null,null
-10.686698075198404,-9.610714329301134,-9.048915783867876,-8.953253772437899,-9.339122565068415,-9.037810621939549,-10.038092959619512,-10.287499686465477,-10.749363253795964,-10.813273328864987,-10.228743928911923,-7.641397327798393,-6.628248933513814,-6.616690771523632,-4.031670610536836,-3.040844034068341,-1.038913288562507,0.44626972875284376,1.792512673796264,3.2312226389407037,4.805159516705254,7.218839140336532,12.10493864685832,13.640447095325232,13.600389002708146,13.668043300432009,13.814381233676201,15.203097136319062,16.286465566000384,17.149578653759356,17.757889419515728,18.412489040184,18.8245512903329,19.22301202504475,19.62054078380063,19.61316719341231,19.25738350088101,19.084686516136163,19.400749848548852,19.798355584410082,19.895620705373744,20.46713001687096,21.406445286381388,21.49010088546996,21.351547437647906,21.248150953293916,21.49696255462485,22.0417376631054,21.369599119775053,24.185212618617562
-11.956282276805961,-11.249200333414706,-10.952146737952166,-11.464970095260536,-12.450992103659598,-13.113703715974628,-12.433826489479367,-12.558138706954672,-12.837054137042449,-12.595910267648357,-13.305649045447751,-12.178806307420228,-9.064822761190504,-7.393846669425925,-6.019590865841081,-3.9365831268165894,-1.5859793696180404,-0.6090468732742406,0.9050797331177459,3.2177010623450486,4.563081834783806,5.0664766112646324,5.381808914575085,6.8505349430922,7.521601406578576,8.075200824908379,16.644822174005956,16.41061625192611,16.76421639479556,17.615588250573524,18.812185702659328,19.552423782444983,19.8675139130705,20.01248263788473,20.331772595135213,20.52343507778672,20.175602192994308,19.939178767395994,20.15118661556849,20.52961283728792,20.691266738622918,21.09741764784831,22.158901576904665,22.560090854463148,22.394973122000394,22.07553425838944,22.3015228231212,23.575730151101723,22.322276585182575,23.22603987345116
-13.649950211101158,-13.175610172654906,-13.028242950610956,-14.286497949887664,-14.67485236319957,-15.514758476354432,-14.791295455085402,-13.626854849256972,-14.532740065334094,-15.206523207113632,-13.356554118007875,-10.113522769758204,-8.073739820344464,-7.490531176919177,-7.291207991126076,-6.38509568455371,-4.232258435598083,-1.0649895368333,0.9949810073005713,2.769251993967432,4.339599682167361,4.942750007198404,5.18537978542936,7.149960399351034,9.061886772698562,10.38585472588764,11.276752622707622,11.298969227562976,15.073281026738451,16.273217479855248,18.356381252192946,19.981083110739725,20.508671732873076,21.145132132013483,21.645106308431515,21.865310957162073,21.876854280978417,21.6348680753483,21.60650608282521,21.957986325105516,22.015730842356326,21.885507938864546,22.754243767140437,23.403118585101822,23.41431661707353,22.92480792728198,22.516781993896103,22.324491816444617,22.216829360718272,22.056572631745198
-15.1686858530207,-15.358263339803013,-15.994081670321286,-16.086773059448028,-15.807470740987414,-16.386426450999835,-15.884083305875967,-15.734415453416208,-15.78875056153357,-14.21662987066632,-12.10741480992071,-9.85303430570245,-7.633138160889937,-8.863662964338062,-8.314060515882272,-6.809357820545573,-5.452304659599346,-3.483269724758787,-0.3571841589350122,2.1996317008443937,3.997371989070543,4.945901931984309,6.693980461790358,6.882890889431679,8.284292309661048,10.72373434070676,11.337470573403332,14.751904252567993,13.802047845089469,14.044303703745058,14.435520235001668,15.77630976662731,20.31975113184496,22.122553108299993,22.35607975618617,22.781140937792642,23.261679781299886,23.04378341653142,23.022964082730837,23.25068351106013,23.24421413321747,23.09776845478889,23.418135616496297,24.501931402739498,24.534636487100904,24.214856736001302,23.245703621627236,22.55303617355812,22.625737150912663,21.89786091934515
-16.593758729273308,-17.275782817445414,-17.605521646537433,-17.65044115260021,-17.626581796784514,-17.342422713086933,-17.14783927012311,-16.70254902113114,-15.822283350360783,-15.169365327696006,-13.466342588080737,-11.300919601787347,-10.898796421552191,-10.476370431237083,-9.485744004415642,-8.168364034053186,-6.448676054686508,-4.768310658611847,-1.2876757824807883,1.6056961172019173,3.934639884836716,5.729668569941187,6.291726726019987,6.7346625216065625,8.742176887709226,11.979487815937935,13.467470563765469,15.796054701586508,16.072425154158246,16.371699243039984,17.19293275431333,18.15663790386232,18.88986920882819,20.177088013696544,22.98295256613257,23.267743527143473,24.046596678401833,24.353977042993495,24.15348774806422,24.488796368438045,24.714566419540773,24.59095896648327,24.024309757607575,25.396486589595597,25.487884801980332,25.285644726659637,24.36388924970576,23.532018290376055,23.57791164446279,22.822810354073575
-18.1728627499805,-18.888915902908323,-19.2474797821199,-18.8652224963347,-19.318928494292493,-18.99792616618572,-18.272281660686566,-17.574172734414585,-16.74910174715733,-15.104141796184857,-14.075495657160502,-13.501341989664233,-11.470400020183419,-11.048100489739276,-10.59584530256175,-9.861101730707848,-6.703707139593495,-2.8739107274018116,0.3147964535820497,2.2436852056311967,2.7947063255864824,5.327611008396033,7.984590493699365,11.661577209734373,10.941958282647006,11.401578449809195,14.565189473605246,14.93607889316052,16.754367152559215,18.189461044189294,18.828897960317505,19.276378118863114,18.890733109152116,18.95525436342881,22.660753148376504,23.889248051332398,24.521407741403877,25.377464413136224,25.47698820621848,25.655612312598713,25.912338897205807,25.703479964783746,25.50260150365984,26.186985750549844,26.58971994138418,26.04270676941794,25.187331016674058,24.714809655040227,25.867710274255696,24.14902651523473
-19.51711708042617,-20.019682171875665,-19.977370906973942,-20.378293719807644,-20.08872807245429,-19.815650472720254,-19.559835578128517,-19.487006521208368,-17.945147011022048,-15.577222094132356,-14.420410915744515,-12.99947847345228,-11.560614360041123,-9.721331894780679,-7.3261332034091105,-5.867386484604707,-5.086846440646216,-3.3750095970205183,-1.618378151042035,1.9292428899147214,5.425268128317461,5.3233261338370985,6.1003240983553235,9.249675190155536,11.035470160150133,13.5505026398692,16.278661172686228,16.76444969758489,17.08415280073125,18.474236136806127,19.636368789427294,21.253430669208253,21.56620966121203,21.630441689605796,20.801951318329873,23.41373754680426,25.755326269233706,26.497460695457715,26.652649146753323,26.808826730169976,26.848166899844333,26.71347723771039,26.48265623749267,25.788142175748,27.705616321514462,26.707554581358917,25.71782434594226,25.965040495962874,27.93582515703049,25.59289545609561
-20.242579976988704,-20.757069234549622,-21.25525304091079,-20.811727709321893,-21.063676417095774,-20.555841897062713,-20.680283387854423,-20.19426963061732,-16.96664849500646,-15.48778469857522,-14.754958924028978,-12.87774347340689,-12.213015452479404,-9.846521683340127,-8.496947199590787,-6.839668897232432,-5.8424912360132115,-4.267825897722709,-3.6929852548503437,-2.2358316376833827,1.845631633118435,4.216551867186359,5.5996775183604095,7.442667197018591,10.329019133735244,13.498196683289756,14.85367120204632,17.534460902957168,19.97055815177196,19.015022511297914,21.96125144605644,22.788562675227436,23.434246983489146,22.910490820449052,23.560964392590904,23.878587569053767,25.51865873514377,28.418629952802764,27.909867576697064,27.958800558583498,27.799575149751707,27.550340484124114,27.41351390125376,27.103879803474772,29.1685250340211,27.81596493530113,26.845604280875637,27.357010732843804,27.541115472154203,27.42799282935206
-21.176658659328744,-21.67117315470689,-21.650942037350013,-21.387783521213084,-21.080339887247906,-20.495959023659474,-20.49048131489511,-19.217501074082552,-18.327500905565827,-16.517202298800775,-14.562802579313736,-13.775608088435206,-12.343167938845962,-11.749656831751388,-10.549232611459756,-8.832739833969855,-7.8220059515413745,-6.539150212277624,-4.743051083579274,-2.90216894911275,-1.3574944250545549,1.9039906523215702,4.009073350598348,6.652182153009026,9.569992752789677,11.530155359174362,14.977302156886262,17.580656483833828,17.76127347574233,21.935691555780945,21.317253487814597,21.05391354468165,24.32921033494071,24.41504398619208,25.919185233245006,24.929808055084248,25.724617081535357,27.163675529302893,26.69988891246082,28.07259517822589,28.449717881679128,28.612194684011957,27.835825493646436,27.445488972249628,29.59697644673209,30.25477993488775,29.1526995547475,27.064885484640456,24.69231414262097,28.179888013816765
-21.888249887950206,-22.63399319744673,-21.59497953144095,-21.169856326435205,-21.508772575752285,-22.98850179106038,-21.555138374083725,-20.398861335066734,-18.549978753521128,-18.212049097279014,-16.983533773905833,-16.0529538525114,-13.782545038655087,-12.458920770806873,-11.735260433977297,-10.01676525949156,-8.689809651450872,-8.043815561484474,-6.786818358807038,-4.209415873304195,-2.1254264043016446,-0.23504164035418243,2.3099192959377763,4.616506922430402,8.424266768837384,11.012929509423845,14.30143545536081,17.471602594438266,18.09597514382437,23.759498384625346,23.267055407653174,21.932652821067027,23.79544955919468,25.769379826149233,27.03174174047486,26.821285295294423,24.012373563177704,30.619645172085512,29.027914060316053,28.495085920311205,28.659303965288977,28.492325709253905,28.213861488199456,28.103910156318786,29.073781938324935,30.008294853184644,29.819623072060644,27.728274755537498,25.338690235217662,26.230292478495386
-22.343881099732933,-22.71221262991481,-21.61075598546729,-22.11356587291366,-23.146253012370195,-22.976829310734203,-21.680360967189618,-21.08879383466597,-18.63562702657049,-16.93725726040143,-16.027294389675113,-14.439265675368608,-14.105496969489106,-14.541917582832852,-13.112926482371325,-11.17810178501225,-10.726032922992124,-9.491114186232437,-7.781311004842629,-5.280134273863694,-3.1430265019685235,-0.9370397852871083,0.5710283953468999,1.6157155609956748,5.390968135775166,10.93847563636459,12.843983409308205,15.945183965877023,20.45645789685628,20.702992517548996,25.701212085797028,23.834918456725266,24.031798818538384,27.26203870152096,28.351656996555935,28.4527634758911,25.907050508990046,26.175679998157342,28.861856172862772,30.108595005646748,28.882029727987717,28.571225899412852,28.879083775933392,29.421046713928646,28.316081824593212,31.688250795149813,31.066329959179143,27.894298389370633,24.75381358277379,25.117111982829428
-23.171552410276632,-22.55850539848654,-22.42409068551791,-22.924724767116405,-24.89373038533532,-23.63662899832011,-22.66207863712822,-20.209232981267444,-19.143837573071686,-18.25566170997039,-17.45776977639978,-16.915061301118843,-16.026410265285627,-15.73309990146189,-16.120448268656475,-16.068019002523048,-15.12231693512963,-14.901730516806401,-11.748699898502537,-7.047147115093989,-4.31694018243625,-2.296307812385822,0.016115550017699,-0.8560937951320405,3.9466301303827116,9.58668229741107,11.299668970001376,14.075842278658001,19.631459129769343,20.973085121571224,26.71518813705174,25.3774318936762,22.752079615572068,26.77247276952111,24.74751152598027,28.205183568432297,27.583864997255233,26.98551154491805,27.12172264377254,27.936175974868394,28.1347194433332,28.475472742073272,28.95610975302936,29.352085706064678,28.147673786775176,30.47015654452486,31.181745307305647,28.05767670527138,26.472659169707725,24.992070626426944
-24.686287455438965,-22.933563239706725,-22.312897660011195,-22.78855962512856,-24.046576385106256,-23.90668570374191,-23.088857852052158,-21.816381689984823,-22.11242038221922,-21.831447428608094,-19.816430845152606,-19.22484442436908,-18.959834543576903,-18.933140986873656,-18.952413518001396,-17.912353723578065,-19.00305972420091,-19.352626520026398,-18.537056280960087,-14.461934863676445,-9.822137987210692,-4.520525672973846,-2.2429827994489697,-4.039688710717641,1.8832116794614326,7.441966738363227,10.712104455900459,11.795045527023255,19.06671512668173,22.500187897172104,26.231532972114735,26.013272093980675,25.037285939229847,24.752103147105714,25.970848390504187,25.6070319620611,27.88215549672792,27.481124763523113,27.604298420426606,29.500654668805716,28.43775120142735,29.169080370689592,29.85154390548245,28.931226517724433,27.363870485914504,28.215304791225055,29.933996189087395,28.01909533338746,25.6987527603778,25.0448639140889
-25.08126367457554,-22.80597623686747,-22.243641859603017,-22.911665938546058,-23.82433494312292,-23.613709036947167,-24.44647500234483,-23.047859579194903,-22.575019504887372,-20.791526012544857,-22.20796702518186,-22.0515144182386,-21.53318061254093,-21.421205916887555,-20.80125704106937,-20.539252865661073,-18.342605705554906,-18.18902567854598,-17.691178858980937,-16.965162525079528,-12.251828185656684,-7.031465381338825,-4.5504863229594825,-4.1934180362733535,1.9347427989607182,5.1915505011817915,8.647316006017393,11.43840788355256,18.8779563416266,20.816644150531324,23.069151951279554,25.76661964287521,25.853953122520682,24.916538661469907,26.117691165482224,28.479375797554482,27.503142739762417,29.784001479099896,29.19004344890481,29.66392554759856,30.0685863515703,30.057952644546347,30.784707719169283,28.788389988811286,27.06525147072113,27.680070400320307,28.439216918413205,27.716581295729313,24.715669958399268,25.223898951352368
-23.559246621904293,-24.248371701238458,-23.879906759535043,-23.604579677181942,-23.86244295668156,-24.770736887630743,-24.206545318176808,-25.293793733353525,-23.502607834810238,-24.775227222614316,-24.1563032351867,-24.536910215269728,-26.637395844226717,-26.133347720551413,-24.919524683895386,-22.80947104636848,-19.15516676977985,-19.219808945609223,-18.09242685669393,-13.614026332929273,-11.316022565008538,-8.185753050392204,-4.872702219711526,-0.22319945798716495,3.4897170164523112,5.544695019230964,9.388822591389712,null,16.91425583290814,20.370786761297765,22.179300786772274,24.96447263556756,24.398018307676764,25.228927468258917,27.242989131735094,28.81065852383953,28.777248230631674,27.749348067422897,24.871091933547593,30.19318873105949,30.421669495636053,30.2926539965569,30.597299446306728,29.207830338722264,26.82491147527555,26.90637894644979,28.134490391926136,27.4170051216501,25.484729444290714,26.003041785613625
-22.94453112880868,-23.81960141494411,-24.214004021585993,-25.877707574012437,-26.564237011427753,-23.45796751213819,-26.525196236940257,-25.415709878551027,-27.432899273932854,-24.343583617131706,-26.898194005694002,-29.377315373841554,-28.8320299793239,-29.438545753469786,-27.857858129339807,-26.902304804684988,-25.619350603185367,-19.052491953559592,-18.238728395072407,-14.285135169919602,-9.28937479168897,null,-2.0734385720097874,null,null,null,10.388746219887219,11.348600592216311,16.848417117375277,17.737314965916287,20.499347556710145,25.09393020696716,25.645213709328253,null,27.745943956774155,28.68816043600961,23.69013080716508,25.190270736768383,25.66976862073508,29.950356822874934,30.76249797955219,31.279469160825954,30.363900504609337,28.577173939830494,27.305763457319536,27.747858727833027,28.270419702056753,27.592661059796114,25.390332859577725,25.956190927913184
-23.754189488767274,-25.010768465026405,-24.592801769341385,-25.874431001899158,-25.958888483254377,-28.587122233334455,-26.428489569312347,-21.15353404539933,-21.38158627696022,-24.579457962230702,-29.48249100823199,-28.25318581876644,-29.604124807723146,-29.192244704323976,-27.198686103738634,-27.189996354964364,-27.121790215941502,-26.086992012907363,-20.764376870418793,-18.831336254353076,-8.072666895901024,null,-2.3054034891860167,-2.132367818369438,null,null,10.22467404544237,11.136554622193506,16.30696455779153,18.7846699841496,19.503871747241185,22.996977868967186,24.180835272617315,21.59512995951512,26.03490582503907,26.98317373757766,23.176382962712584,25.499995910644316,22.34289683679822,24.94195200502982,32.71967056525793,32.380115952467534,29.62831132640743,27.889665898232167,25.436591557562696,26.730433061010295,28.567129743858295,27.42097383626992,25.353787336832983,26.040347051399554
-24.45004753493585,-25.266470637594676,-27.689956746678508,-28.047080188457603,-30.947635844242278,-30.517264652801117,-28.85164725668147,-27.25318006707638,-26.859275498554844,-27.627902298046372,-28.458169013964007,-29.76582843674533,-31.218423583635012,-28.401865570898792,-26.501666012601316,-29.38797371982313,-27.252092922834695,-26.488174363731893,-24.02913393778579,-13.419853617971818,-5.0669810915505575,null,null,null,-1.6118907193953937,6.173112329123296,8.259692232822692,12.029355175321156,14.711629843023454,18.516666167835588,null,18.412269240609255,19.798231477424004,21.878439227044872,27.342617813032373,25.794996986067595,23.005369599048493,22.92094122818499,22.485329592591267,25.13879339547116,29.214694277823348,27.73475237160321,28.473643862471366,26.782953999366423,26.85122982347143,24.85386229060041,27.216669956624028,26.07110855901211,26.69654878948327,25.421138797826195
-26.402013378976555,-26.419861264925004,-26.965836804183112,-29.756733018722667,-31.83771417316462,-31.77909812097405,-29.751691731486577,-30.305065374276175,-34.03720850882375,-32.58400207409289,-26.037886436682864,-28.364014216053604,-31.93028271392041,-25.430819144291473,-29.1640949120965,-28.938376041038516,-25.74087810626579,-24.469225301633895,-22.17794498915033,-12.373712715495754,-5.821075532238415,-3.086357467380129,null,null,-4.639730343082361,3.350670745595914,7.973321747735297,12.469324315774788,null,null,null,null,15.188816355600126,20.992536554046556,22.556472488269147,19.36902800662051,22.5294195674421,20.88992673790652,22.859604187553696,23.8936881666752,28.743711174377466,29.644554133273108,26.872116044020707,26.16814955638438,28.612548295194664,25.76553813858809,25.062743523932916,25.33444351058165,26.397746598258724,24.913584729745445
-23.273766116327888,-27.393426399557054,-29.64894948579235,-29.287401977348317,-26.83843764713588,-33.8705019963477,-31.42396688454573,null,-31.86525716101245,-30.294042792000248,-32.000765336039485,null,-30.486403576268927,-23.860123848166975,-27.97751331837871,-28.019249633774294,-27.103721284237054,-23.74777103555249,-21.85479419077922,-16.244866061920398,null,null,null,null,null,null,null,null,13.504121834284598,12.634531180183671,6.8951258628957,null,null,19.268251762594755,18.278761815866623,18.382437589795703,19.586876625221738,20.43558778195514,21.338656253962363,22.32698653361407,null,22.851170329013232,24.42922320712251,23.722128159005987,24.981791654119665,26.348324183410348,24.768344204772585,26.99820311502968,23.25466639762752,21.73146101818316
