public/json/wind_2018-09-1517_950.json
{"header": { "discipline": 10, "disciplineName": "Oceanographic_products", "center": 0, "centerName": "Ocean Modeling and Observation Laboratory", "refTime": "2018-09-15T17:00:00.000Z", "significanceOfRT": 0, "significanceOfRTName": "Analysis", "parameterCategory": 0, "parameterCategoryName": "Currents", "parameterNumber": 2, "parameterNumberName": "U-component_of_wind", "parameterUnit": "m.s-1", "forecastTime": 0, "surface1Type": 160, "surface1TypeName": "Depth below sea level", "surface1Value": 15, "numberPoints": 4800, "shape": 0, "shapeName": "Earth spherical with radius = 6,367,470 m", "scanMode": 0, "nx": 80, "ny": 60, "lo1": 109.0, "la1": 20.0, "lo2": 116.89999999999955, "la2": 14.520000000000117, "dx": 0.09999999999999432, "dy": -0.10000000000000142 }, "data":
[rows 22 to 43 of 60, columns 0 to 48 of 80]
-10.412110879743924,-10.779660558308722,-8.341508798848956,-9.211538131548668,-9.65139092717614,-8.989001235298275,-9.001015792777006,null,-8.715674823090685,-10.65169158266601,-9.115177190554567,-6.3121572267791874,-4.331602106511615,-5.170968964019376,-3.7375812755770097,-7.109604525039796,-6.594364505891621,-6.929121115237811,-6.687279457716605,-5.6444903067854355,-5.024111839553008,null,null,null,null,null,-0.759407131203955,-3.897319131501504,-4.061427683379556,-2.1072367343137484,-0.3532611179664014,null,-6.50979691970517,-8.819695102242404,-7.362897663340068,-6.631138657539117,-8.207799546968996,-8.411980735596508,-7.2928299063936235,-6.342710288078914,-4.294472629379021,-5.373088990814175,-6.136458643997599,-4.709070622386995,-7.307969625753557,-10.637217265095066,-11.900938504353718,-12.133444835503127,-12.404911526233123
-5.18171750846546,-10.87008577711479,-10.371981329271673,-8.113288000934634,-6.853584499702358,-10.393876647456977,null,-3.5499602419994973,-8.348864795327982,-9.362859509789319,-8.260176818876856,-7.3018073210915375,-6.806942878129528,-8.387454098073892,-8.197173194713267,-7.184513280903504,-6.200859822594187,-7.027680253374634,null,-4.447062822670945,-5.798896908854406,-2.3134388415864544,null,null,null,null,null,-0.06403774217767919,-2.3740686488553484,-2.796124493529135,-1.9477646961544839,null,-2.352520623736609,-4.857744252000266,-7.095210414148205,-5.272325299588999,-7.316278425366944,-9.618241057609927,-7.805231275568735,-6.961948031712311,-6.236124029038107,-6.955139562005831,-7.120703580161093,-6.801149657284,-4.552535205253681,-6.388040832085691,-11.256604700508067,-13.714247989283207,-13.947402243474425
-7.837072570843623,-10.33352783028387,-10.486384212579,-9.093641259869024,-8.0798721849983,-3.2840196918675324,-7.186598079346558,-8.443171119381816,-9.374187004277768,null,-6.922261643541121,-8.329784128337218,-8.342321021866862,-8.552004162008505,-8.39694379796516,-7.973012255125621,null,null,-4.550033231708922,-4.938837061099499,-4.5566931636670995,null,null,null,null,-0.6456639517219895,0.7832921879816493,null,0.22041171400665824,-2.908812070777154,-3.341739620688034,-2.3282283195258526,null,null,-6.397725920299862,-6.608521860961249,-5.211605538542827,-10.52811508336741,-8.873532811868646,-7.538866687373259,-7.814928065975646,-7.117789356701746,-6.500695973781079,-6.7322276076333445,-8.191330026639463,-7.154490559831981,-7.1073709046521,-11.186363710527978,-14.151293577091682
-8.14547190034004,-8.86160504500156,-9.76881562669885,-10.459397494184875,-8.072805243894004,-9.841910536986978,-8.471666808396279,-10.852577432260233,-8.155888985658029,-5.161291564908761,-8.993044475315585,-9.26075649579754,-9.223115234038321,-11.037935250648108,-10.394756993780518,-7.706233350434446,null,-5.61938009280998,-5.979240532914294,null,-1.6026132743464965,null,null,null,-1.0637863665211795,-0.8031942620380467,-1.095045309969198,-0.8324476273923699,-0.19606394726097465,-1.0065543096063605,-6.592963122311188,-2.1999147091315487,-1.8671702272457047,-1.2368866423835452,-6.240335694216105,-6.6029238638175185,-8.160056554336766,null,-9.01369756019706,-6.337738275151198,-6.99119752401937,-6.771625496473221,-8.058138475290418,-7.565177857531451,-7.726985739384736,-7.558225241170283,-7.734731602929376,-7.3775903197987045,-10.380184686139557
-7.989847186175208,-8.090017081777402,-10.247315330133464,-10.139290559623175,-10.020846923779052,-11.69213890964483,-9.252052601120981,-7.38639877349337,-10.671539871936089,-9.263977953140326,-9.598903537259224,-8.599431565772392,-10.276535365407943,-11.23030638549828,-10.059673064325956,-7.992857995760746,-6.650448341443075,-5.221455427792019,null,null,-5.396406299447935,null,-3.417877426723268,-3.7727070561638367,-3.6133615898654,-2.7176227965543833,-2.2812432588012306,-0.3915174728923168,-0.4168481002805792,-1.253932266120778,null,-5.324910545475495,-4.866113074072263,-7.179904589302395,-7.760035045412562,-8.232375990352503,-6.894644323421909,-5.446038009446896,null,-5.793424143222672,-6.552236291139078,-7.843037800217454,-9.25656048648107,-9.285746077051247,-9.725465211466378,-8.775384009808151,-7.398659095910647,-9.21667489582493,-7.999322814288692
-9.109141502743595,-8.184127303851048,-7.52713345070858,-9.622727656128449,-11.53953094439833,-9.120594930745055,-11.413892419470812,-9.999318443890823,-9.616474370679832,-6.936465963284738,-7.350109757907626,-6.968794672268181,null,-9.929704440714021,-11.009436732819378,-9.1487272094684,-5.827262762183459,-6.441765239040128,-5.598375497520605,-4.426444656188967,null,-5.008399080365886,-3.540715024672335,-1.9153443017024874,-3.965326141675901,-5.2872939849571505,-4.5817800476290715,-2.4396945496405045,-0.8829990679320661,-2.419797941972033,-2.664183820157816,-4.281365847288189,-5.8411024416903174,-5.121621316696139,-3.899798889799323,-9.752278585240452,-8.558077964789671,-7.172446600026837,-5.650510643316245,-7.457942360274027,-6.550566654703542,-7.8388219420409495,-9.260750777349266,-11.389073864041091,-10.482936397073576,-11.282791560959877,-9.496438528912822,-10.47969406787281,-11.604080410763068
-9.746543274907552,-8.677950471374421,-8.296979526471315,-7.176936183096657,-9.604855638328889,-10.224988943517516,-8.092684694816475,-10.57920003296863,-10.961051173483115,-9.921294583542485,-8.67524013989911,-9.97613923578034,null,null,null,-5.301264528368875,-7.109929176597458,null,-9.174340986986463,-7.381914200842902,-6.290324893970292,-6.0952076743038575,-5.153320562675525,-3.0952581310213114,-2.2962671535936416,-1.9155481349077539,-3.7505378980792052,-3.71901038979444,-2.900674179384043,-2.957921761082174,-5.431257175160498,-0.3736708512838919,-6.290143664771225,-6.719946951722003,-7.675093426614836,-7.84460539098435,-9.560787851868605,-9.010493840286951,-7.783117250751808,-7.34036367307754,-7.712949089354082,-7.638703048584407,-8.610569980641708,-10.6255393159887,-13.110802665035278,-12.45197350399876,-12.493611004152724,-9.88102987228398,-11.652361758917563
-9.011096880118192,-9.45297059916717,-7.460323881070206,-3.9424169224187975,-4.957051905551932,-8.943931156710162,-11.485218582540707,-11.332976300299974,-12.321057997350247,-11.534988993000566,-10.659865315406792,-11.46822877703813,-8.792599526100588,null,-5.425827651663121,-4.4230284079128,-6.810601872185529,-7.007903219989575,-5.980394909906005,-4.915968330659801,-4.439853742833987,null,-4.466488782323818,-3.4639815404649865,null,-1.0856727944438465,-0.4854047483482914,-1.8845509853085647,-1.7232211848470786,-2.77069482429193,-0.8705000101263991,-6.592461230931418,-3.4779527496199827,-7.9363907077579166,-8.24515942597698,-7.951548530992538,-11.78441585185444,-9.130820840020391,-8.369842252769237,-7.765787135647705,-8.29801012202369,-8.26704621551947,-8.150321686663897,-10.186236352945752,-12.497891384995171,-13.237966034250688,-12.40185033001791,-11.852539501515638,-13.260227791996009
-7.914266003179993,-7.368703199906264,null,-3.8427872730435375,-5.7278524324430204,-7.100879025788128,-10.76997510506333,-11.875075562970878,-12.273067548022965,-11.881953295077222,-10.408886048580202,-10.34138870529043,-11.280010375661893,-10.112894990725593,-9.516256943720062,-7.580236219617451,-6.47700520617144,-6.680469244164907,-5.47143775821531,-6.004158841762036,-5.5767827235645075,-4.539986968238021,null,-5.5647269602031395,-5.796959637554536,-3.768245817135357,-1.8346700453196583,1.3294641142234762,-1.3279596531276636,-1.8799115675311044,-4.6523157729224,-5.53909919091499,-6.151347806178469,-2.499486394077679,-8.258271743900705,-12.154865572269813,null,-4.855498750306053,-8.456678492843052,-8.790589435141296,-8.81094411314445,-8.658698216624924,-8.626171576691782,-9.352490556282278,-11.768154341525795,-13.714358267092,-13.577696352209857,-12.775317376614915,-11.387050643887358
-8.331619775312653,-9.593917841606723,-10.213089531122847,-9.44868584536705,-7.718853995827041,null,-3.1011419684439216,-10.53295254047291,-11.572839245890956,-10.804443814428575,-10.296340157964298,-10.065781292013117,-9.650147541395434,-10.802624323336245,-8.62691153842933,-9.00297111949657,-6.807757202595664,-7.0029185711858215,-8.093445197289702,-5.923441248944177,-3.457992144577447,-4.326396349084453,-5.054536663544636,-5.460118452805718,-3.8300821270574783,-4.568071171679099,-4.635118805945684,-4.143608496659391,-2.7157041938037256,-1.4952046800464465,null,-3.5453749857521917,-6.127461272177285,-7.386485923539989,null,null,-9.335387138149692,-8.514120026309048,-8.060514974101975,-8.989185412108782,-9.15938154114466,-9.33230091981908,-9.46231750517024,-8.613078517179568,-10.882903119739243,-13.69627577669609,-13.933159787429169,-13.488292994686098,-12.234606137933554
-10.079165919692388,-8.941171122761867,-9.400745252551832,-9.894368488939454,-10.415988374781227,-7.15227458186569,-3.917017874502338,-4.538858385247829,-9.254570359218183,-10.452124081173881,-12.688322392157634,-10.122801174564858,-9.695597052068964,-9.350558327772223,-10.059921510397206,-8.45737135097927,-9.038749863516678,-7.386329599690555,-6.793652841077112,-8.140898173195367,-5.596439433556906,-7.044549790470338,-7.299939289003196,-6.347908103116863,-7.107602548833575,-5.734532125711375,-3.9705717002802,-3.1849543748143034,-4.6557489853205265,-2.9043030918511135,-2.4854212035051173,-2.843359091371842,-5.097374575104249,-4.848846021754993,-4.697587279047762,null,-3.0577664381755834,-6.750535844093778,-8.506639692455236,-8.91005646341833,-9.091918515378827,-10.289694054445384,-10.147539242079745,-11.579067927744482,-9.84629204739731,-8.53468058494142,-12.093114695786593,-16.232600403443953,-14.53644760955839
-10.454375645727035,-11.351397675132928,-7.567578900300628,-9.309605649069736,-10.218710318557514,-7.893944026422782,-5.370375586029681,-2.8510448559499983,-1.6454085873329798,-1.9274514465203962,null,-8.561357791799574,-10.473244281771095,-9.580798867236538,-10.262213848979894,-9.865838821482846,-9.643039110448541,-7.408026623597976,-6.790664614028871,-8.262943468405561,-7.279608674740632,-7.439720833821909,-7.465968507013253,-7.400056073495343,-5.076804730994986,-5.300054870579171,-4.846960968389483,-3.599636140126989,null,null,null,-3.144675711931222,null,-4.496721658777259,-1.9893526548758944,-4.34721778398818,-6.267410373970381,-7.908555911819182,-6.265360640767938,-8.932977064823044,-8.935989939449195,-8.415991733078206,-11.699475921302415,-10.912896504027904,-12.627610582591089,-9.431932939288922,-13.904362050415926,-13.191155107026418,-15.626246482488428
-11.204925501913825,-10.444605276925898,-8.768118680264328,-7.620543839482309,-8.576833857804349,-9.68794056221298,-6.404359861736545,-4.31505237927987,-6.108851136112202,null,null,-9.288154777846692,-10.632992057612427,-10.704255253277058,-10.50733069470621,-9.977533310065038,-9.978752249590823,-8.468724091792714,-7.252129013321129,-7.75280436704955,-5.954381797991195,-4.7391818860856745,-6.715428051120181,-7.244585889541874,-6.762350572739548,-8.727104105549493,-5.84275277277166,null,-2.5719856649634223,null,null,-1.4362532836783033,null,null,0.5560305512969189,-4.395304458778553,-4.814609154495287,-7.917371089575912,-9.136388061762144,-7.973002962173215,-8.937020536095801,-8.950191209239659,-11.019637286603457,-12.646364686766075,-9.71966205201583,-11.389448051239503,-8.924786576569193,-11.11012487317077,-16.19989880824331
-12.221794966314922,-10.312960548909505,-10.228739671037424,-9.189139333071623,-9.05772997371007,-10.126959969862996,-8.261897137146386,-6.043914171488489,-4.614843088789446,null,-0.880413687546585,-8.677769963925787,-10.993860754086443,-10.866577700601438,-11.017083342383636,-7.060087942438887,-7.5212566052442185,-7.577975222612887,-7.570905452030615,-4.3058995739107315,-5.95134241868791,-4.731115048637422,-6.902949454765812,-9.204224111452138,-8.0325301572655,-4.0864348226886404,-5.71646815167488,-4.830694888075747,-5.346898144032199,-3.049942562026204,-2.96674459329226,-2.66602850866252,-1.8554234175395021,-2.9149708087340516,-6.090912609379104,-0.6758081423728833,-4.38219040684636,-7.488325037628748,-10.255365869798634,-7.01386840987584,-9.21698474960152,-10.397899832429436,-8.045919961973455,-8.77283316563221,-8.645524202963028,-11.18790792601859,-13.27354792724582,-14.522545375549896,null
-12.388805456263361,-12.415493482036304,-11.013939583691226,-10.800314197865893,-7.958469824210317,-9.448751532940229,-10.468480628843363,-7.714086910227586,-7.01411915438555,null,-4.621599440245144,-7.262754968545165,-4.708345065036319,-13.305810048364371,null,-6.442932842976198,-4.93238124972859,-8.525858594309584,-6.549462828299841,null,-2.717266743196271,-3.643073187090881,null,-6.8931858828338095,-5.521886108246928,-5.266852469473846,-5.362495284524824,-5.596905362816113,-5.845521539734028,-5.402310445935877,-4.119770259306059,-3.490944336346676,-1.603973848890368,-2.9684756076119765,-0.2570686938502944,-6.1366187704103305,-5.665641068349344,null,null,-5.4393910062489566,-9.154683035775545,-10.342681565853288,-9.189877449278896,-11.024316369494443,-12.967820337413503,-11.033365937915752,-11.55362327499408,-11.513346792009457,null
-10.463820911980164,-12.228360035237717,-13.110803352933592,-9.801836780837407,-9.325969738209563,-7.164990312224144,-8.778308096358609,-9.712059099154766,null,null,null,null,-9.228481282993979,null,-6.7259780981093105,-6.52500611490022,-6.5310720404026466,-4.613962658493811,-6.9199164898726515,-5.353562378512926,-4.529134475229022,-5.309174035803873,-6.592270881357094,null,-4.736698284702939,-6.120004553639873,-5.896301877287341,-4.180197851122908,-5.909958756195426,-4.959045386043538,-6.559408847016487,-2.8046957969891118,-0.3232164322770506,-0.905950082552411,-5.495663562732199,-6.371364738250103,-5.110456100581062,-6.434134448265167,-4.230848332856596,-2.636401472205292,null,-4.594375776153858,-8.705541721408922,-10.56620827093988,-16.069832465798378,-15.127220849141683,null,-5.98417960174763,-7.04840731217484
-8.118351458599951,-14.274047958269652,-8.588431960299806,-10.40513095307098,-10.08282284087158,-9.046160411119818,-7.509816397740869,-9.288101119798089,-8.487555500198011,-2.0465734852021007,null,null,null,-6.427906253740627,-8.298502147006333,-3.7387846825443924,-2.0388757486168436,-2.9001179698433983,-4.588496023989114,-7.341221032415479,-7.763696473223536,-6.306248201535445,null,-2.808304954144867,0.4428560247044414,-4.08468899901548,-5.931832669965944,-2.344104212212943,-4.504117898478504,-8.173315300525223,-5.806996921626641,-6.530387110289402,-4.215235356758026,-2.64545246927238,1.3989737634281931,null,-5.775933204127079,null,-7.298342674301319,-4.248444565149419,-7.928520837530497,-5.967977472181371,-8.096537544661764,-6.802995628365823,-9.038043354765602,-17.812337897056615,-11.680684804717401,-11.881068921791991,null
-11.94700288411256,-13.00671293637227,-10.743652696502934,-10.949635912574495,-11.423348119324814,-10.865785394501556,-8.982151671419318,-5.782656385480911,-8.339968144530458,-5.815061303154715,-2.963977803294777,null,null,-6.622436796058237,-5.0143760777826945,-1.6159564563357656,-3.198057044750134,-4.062140616805043,-3.143633588967885,-8.466584946999077,-6.230711907109736,-4.373514742116443,null,null,-0.02471849704084944,-6.6742799981893,-8.815013617112758,-4.893818926564217,-2.1057865774296696,-6.538233398781017,-7.609621112892528,-7.584744524911024,-6.214146992121332,-8.045789332936105,-8.70210461610935,null,null,null,1.9445003499804698,-5.919359241170854,-6.829346604739054,-4.232185423616362,-6.146736484399316,-9.82110431764843,-10.75000288648831,-7.454538909388756,-9.083532781712155,-10.92639345544338,-8.944578140521807
-11.98096682797612,-9.628866910608954,-8.489399414612375,-10.090961993704884,-12.145707218518849,-11.567271906686013,-9.907199037187855,-8.825712767766651,-4.20371424953914,-8.569294658669568,-3.325490438309281,null,null,null,null,-3.5648518841047965,-0.662150509959935,-0.5900101515428482,-4.109174572945576,null,-2.6707010418451347,-7.16745084491734,-2.3188886279444443,null,null,null,null,-1.9845441715810228,0.5850129607046337,null,-4.48151435407381,-8.56707124175008,-6.000589742860753,-6.849225370476293,null,null,null,-0.1768281490421557,-5.455220175369736,-5.304459423363464,-8.405935391264961,-9.962996936790548,-9.951722038151656,-9.708660365203981,-7.1456274834353,-9.002283404341137,-7.211924019249326,-9.403261738985575,-13.41558722401873
-8.904002990835007,-8.26551639403742,-12.83874794982645,-11.386675187057248,-13.59509566483461,-12.076215377375807,-11.238172096895712,-8.880366731320368,-7.148609279417023,-5.4777143622173305,-7.169399731097996,null,null,null,null,1.3571138234097586,null,-2.7462876671488057,0.5448111025162166,-5.247795989388551,null,null,-3.173188336973277,-2.800541432376409,null,null,null,-1.4543534697932614,null,null,null,null,-3.9498009671457264,null,null,null,null,-0.10317391543260893,-5.005485523564488,-7.688671436144419,null,-9.018019057025278,-11.314418620149128,-4.65173512927781,-6.633456219192975,null,-9.039056106459258,-10.345575305022557,-13.141653532119642
-7.397847186016438,null,-11.208135740318905,-11.518821479251454,-12.69498252255034,-14.267522065130741,-12.474883066288069,-10.284402913775041,-10.151488259746941,-6.605901606446303,-7.774357631542768,-7.2026140616748595,null,null,0.24908874869763814,null,null,null,3.8360288726455742,null,-5.733519892648513,null,-3.266583319050363,-3.008021498319219,-0.7011339562811871,-0.07533234227669136,0.7371786829422144,-2.9312947594769923,null,null,null,null,null,null,null,null,-1.784301285368741,null,null,null,-1.9392995845740804,-4.940387761206425,-12.157625218735681,-9.626026692438217,-11.54281655128544,-6.228202978800154,null,-12.368527523958853,-9.137117721925678
-7.396247024858145,-8.566110104444322,-12.962455030717406,-13.107140561653996,-13.745101405365373,-14.592675635854889,-13.702139510041311,-12.230858574852057,-10.61688367214188,-9.504259561303636,-7.20554736822281,-7.791215047214205,null,-4.2141107262919615,-2.3553652319244405,null,null,-1.775325546413917,null,null,-1.9685933059315113,-6.45423428359336,-5.750396171689382,-4.344027349960671,-1.581722583265216,-2.633855145470127,-3.7754791488079102,-5.306996474755604,null,null,null,-1.4399879356881655,null,null,null,null,null,-2.1320010668686193,null,-2.39214515950702,-7.433583110014076,-9.112536967604072,-10.317859514839537,null,-11.884788149048541,-9.38092224704706,null,null,-10.559219306981309
