public/json/wind_2018-09-1607_700.json
{"header": { "discipline": 10, "disciplineName": "Oceanographic_products", "center": 0, "centerName": "Ocean Modeling and Observation Laboratory", "refTime": "2018-09-16T07:00:00.000Z", "significanceOfRT": 0, "significanceOfRTName": "Analysis", "parameterCategory": 0, "parameterCategoryName": "Currents", "parameterNumber": 3, "parameterNumberName": "V-component_of_wind", "parameterUnit": "m.s-1", "forecastTime": 0, "surface1Type": 160, "surface1TypeName": "Depth below sea level", "surface1Value": 15, "numberPoints": 4800, "shape": 0, "shapeName": "Earth spherical with radius = 6,367,470 m", "scanMode": 0, "nx": 80, "ny": 60, "lo1": 109.0, "la1": 20.0, "lo2": 116.89999999999955, "la2": 14.520000000000117, "dx": 0.09999999999999432, "dy": -0.10000000000000142 }, "data":
[rows 19 to 37 of 60, columns 0 to 42 of 80]
-19.11301443087696,-19.46763450617959,-18.38815587252475,-18.484181195714395,-19.045594776067578,-20.31319748470283,-20.311657025083093,-20.978699136176942,-21.162975708985314,-20.73380848798024,-21.52975005453045,-21.488596798646604,-21.13814551992008,-23.639973149057735,-25.479980469239138,-25.95257339963271,-25.04619730828537,-24.84506666328104,-25.699330892582676,-25.467758874683284,-28.06372798750813,-30.70771034900048,-32.433470379016256,-27.86577518411709,-25.448384621064996,-31.040042564718497,-32.173869644239005,-26.446243240189162,-28.103164142604324,-33.77536294137897,-34.479585961625496,-26.815300358358904,-23.14370558442171,-21.142397239648766,-26.07499574799959,-19.103859200161814,-11.755962457611798,-6.155007485173008,-8.513010016928096,0.34553881733882597,2.087905023663103,4.039168847349385,8.691563252235278
-19.727507601584843,-19.047866883360392,-20.237398574469353,-18.32322066355911,-18.497797308293148,-19.566888536491007,-20.00774843587721,-19.272971370664727,-20.12189394915636,-21.471192979574592,-21.86494515757699,-22.161115931583044,-22.91810086579481,-23.53004067984943,-25.11041893547818,-24.98826533191697,-24.077864497336655,-25.145755406209354,-25.963610233342504,-25.929316626704377,-26.34017316065355,-24.512858083634878,-28.139548560077202,-23.28775577195706,-24.927404505624796,-31.235744500767495,-29.536385804256582,-27.371844741014456,-31.48564366088963,-32.622201360906146,-33.47518918412142,-27.156332845686226,-23.473267497637934,-20.53587538784973,-26.20328822628996,-25.296597429583915,-14.033064067998193,-8.23988791303188,-6.8578372109647745,-3.4217514502780926,-0.014179854283177251,7.617025333193247,10.33167926575149
-19.95811007132483,-19.960158993102574,-18.51199919738542,-20.591151511689013,-20.057643467655662,-18.47943136273008,-18.91714479533347,-21.29783349023436,-20.94663277650782,-21.82314249485842,-22.85304245645066,-23.056615678300478,-24.05494314643296,-23.628284331619334,-23.06513718501355,-24.813341656598524,-21.87041003030025,-24.436969546141622,-25.89593024256515,-27.861701255684928,-28.988359943565378,-26.99429305808433,-28.879355739200165,-30.597682661726523,-30.17688904673051,-34.96426610588247,-32.80951540644961,-27.621598928130005,-30.758962194218377,-35.816939235683435,-30.784132954050058,-24.96940253465663,-25.175330428926443,-22.133201519641872,-28.84140043744208,-16.640737803021352,-8.299051267425485,-9.343024676609422,-1.3151936408974618,-0.22769003034683788,0.5431685697120289,6.189625939504968,10.21258863280979
-18.710494013064434,-19.13996496779044,-20.595654590374462,-19.317895351255267,-20.46714616353028,-19.8045728892033,-19.341338468068876,-20.37562004445015,-20.916445000509814,-21.320867057018255,-22.59470414102697,-24.271946533384032,-24.965078527473835,-24.677879104802972,-23.902617214371173,-25.062315024765724,-21.229157495407712,-23.466893779304893,-23.634354326978304,-26.069532543401195,-26.349256678920735,-28.663819437619903,-31.870213964492468,-32.66570916977815,-33.46113147915028,-32.20639187240998,-29.197531574075732,-28.482319870264178,-29.895681924176138,-34.59485521998055,-32.7115307861089,-29.12709636753465,-22.266475328535627,-23.800648973303186,-28.15242854351256,-14.028967953496451,-9.930510434992517,-8.409860134275087,-0.7234612742981863,1.388221758951506,1.4188559287323437,6.143128425245847,10.752530664553033
-19.090106834224077,-19.10088904807891,-19.318112586161458,-20.13774437905096,-20.20687105872216,-20.514743343877203,-21.425060742151068,-20.971501177085006,-20.67687031869984,-21.93178320187444,-23.109986521099067,-22.95433730544643,-24.087773198471144,-23.310633200592,-22.864978862967654,-23.72514878870254,-18.930173445861985,-24.712907052728607,-26.22591653150544,-25.743387397875164,-26.165904435571512,-28.19234427666437,-28.368630913683326,-27.829485808653317,-29.48609214228707,-27.112105349889312,-32.83409540862357,-27.247147971491422,-27.71398626330589,-29.215333679462002,-29.2355718097973,-24.51779326335899,-25.41297915567332,-24.00038545112964,-25.482551792183738,-15.487360597403104,-10.468433747060093,-4.805397724166739,1.1203965177546853,3.424566947219533,5.248306901922008,9.523393448827864,11.115332632243945
-18.323896384418394,-18.982532596070246,-19.22123706823059,-20.099440552657843,-20.202539598319376,-20.32970313336746,-21.083777729565593,-21.633519541121466,-20.85906304234295,-22.11509527653051,-22.580160167825113,-21.904881531267815,-21.780612252495636,-22.659177667491484,-23.554150292528835,-22.943380077014787,-23.236246892774822,-25.84428579959451,-23.0872587785205,-24.2138527929142,-25.407316196706255,-26.620517470932857,-26.835266612659645,-26.04441153833409,-24.122596964736896,-23.452294381290415,-30.410611547942736,-28.226290038713284,-25.975165557623516,-25.102887838157013,-26.201999890060463,-23.073508783086318,-25.687958478862477,-22.520942542426504,-18.842688339377897,-17.680362498249682,-11.641143779633886,-3.5143537899055133,-0.7985118259484627,5.235606537836182,8.56237035192361,13.05224531605064,17.830007442828585
-17.11003377914712,-18.101185438772678,-19.168310229871498,-19.43698305960823,-19.62071835413034,-19.739373523938855,-19.574792732905074,-20.543739447893152,-21.58277539654641,-20.83720982216886,-20.106377774480254,-19.90041542334302,-20.695122217390622,-19.97320297638568,-21.804575103467307,-25.00142732074442,-25.245785701586115,-22.010116178890335,-21.90776135474443,-24.739723734914875,-22.474308507301828,-26.08578965827511,-28.02378982525081,-26.275036314612493,-22.438419069619254,-21.862493173670565,-24.726847393630297,-24.177530377418716,-21.463285171093105,-22.7412555898253,-22.22248610403245,-19.78411207899539,-18.655025034051675,-19.900868672714076,-15.66154295746283,-12.471724837255376,-13.917035148021727,-9.117897226054817,-5.624080262772578,-3.1752199830103516,11.309661721037376,15.140332732941918,12.293992513122625
-16.79464424593113,-17.72685185355467,-18.25193850652596,-18.41143244887862,-18.451696905442194,-19.77873346760554,-21.32912114567157,-21.59011113124561,-20.384580464487357,-20.435779132618446,-19.465875900042466,-17.712500075129373,-17.922972041232708,-18.796483680776873,-19.469574496528402,-22.422289709234786,-23.466136952874084,-21.411375738144034,-24.373526362196177,-24.47844887926917,-22.390055623795714,-24.191719793967962,-23.063045683215726,-21.460755415502085,-18.962754496953682,-20.010793339372032,-20.552141535340947,-21.02939136386135,-20.37560678790224,-23.169400071206965,-21.39557456908833,-15.453180367557541,-16.682325425581432,-18.47077775384934,-14.809828912472005,-13.774288241678072,-11.644480433194108,-10.805895412654523,-5.5245731075343265,0.6892026414185399,7.7030714486740575,10.875136782891706,14.93706073908632
-15.647754225757005,-17.000343678587612,-17.895570838288165,-17.551968038798602,-18.536249756537778,-20.04096781076781,-20.190607974799416,-20.718989683160807,-20.86495648450879,-21.343744503172292,-22.291510188508852,-21.646189404693825,-18.684593446971245,-17.561691206566966,-17.869674445471556,-21.66991843936983,-22.24803031551888,-19.070346287929272,-21.031027216670978,-22.846210509101425,-22.344175785987552,-21.746698071789673,-22.48905858171137,-19.88874838857069,-18.54268590879969,-19.271423394052377,-18.757758273656087,-16.093048954823406,-18.20214467755981,-18.63246820886583,-19.777914595531602,-14.924497486158383,-17.26054142437394,-16.405766443695406,-16.600846664997487,-9.676469401799864,-9.125966558019234,-7.090230962419454,-3.945729891192232,-1.669811477439454,4.862319130835894,13.187150076301448,14.576727222418716
-15.182992946027973,-16.103274530237556,-16.47379285544121,-17.16004193749184,-17.942622657666735,-19.111144953087987,-19.291256419708635,-19.475636653396258,-19.666183873629905,-20.021643398609974,-19.86717223213433,-20.574981860979094,-21.877199018214775,-23.33551501069807,-22.217179637123188,-21.04276682254371,-21.523718069860138,-20.320965415603943,-19.835472311947736,-21.400274946601783,-19.016303262895743,-19.650523981178175,-18.407125305317916,-20.09321323765301,-18.99420264096497,-18.424245716138376,-19.30781129159567,-15.548848949361204,-14.90286227885522,-16.988034942269675,-16.452086999423337,-14.23914250042558,-11.89776494029082,-12.760611487799924,-15.60932247511959,-5.851342816336889,-11.218169522705647,-5.211942355635772,-2.574428727610176,0.980555145047377,2.4453801658454037,5.5188793518422194,11.034581292266127
-15.928690317701257,-15.931710153231828,-17.143738489290616,-16.653504789149363,-17.999936514503045,-18.213667172370705,-18.359385455261343,-18.635477995229238,-18.594891581900555,-18.69383227528685,-18.218785534915995,-18.14612116649007,-18.327262241017586,-18.96465129861052,-19.408846260535487,-18.972861267896597,-20.643921253552463,-19.620540021526335,-19.070267177979353,-21.07262103964919,-18.476024500861108,-18.654294459921903,-19.81493246328448,-22.848093629181644,-19.527179747258792,-20.131947154365786,-22.1226149292882,-16.580999520111764,-16.506279107394732,-15.206230752007041,-14.505480070380903,-10.50338015949263,-8.71010869705172,-14.525450832229962,-12.174282096765973,-1.5256046007096418,-10.800786856100679,-0.12260557464462661,0.336557840293306,0.7125356233792689,3.2800915307065965,4.432084929605559,7.231569354874529
-15.572547095459008,-16.743354248569055,-17.71286838194306,-17.433974056225125,-16.219742317111024,-16.645744946784927,-17.78046278022525,-18.22683458859158,-17.7679760169375,-17.707642009362797,-17.07084063988958,-16.204776664785633,-15.65764672458631,-16.667867378588078,-17.54221099599345,-16.51825568240747,-19.315799628134148,-20.14952793303418,-19.74397243259334,-19.487087245423574,-16.401630190412014,-16.778321809121962,-19.29975554336204,-16.72271874411579,-16.97575101127038,-17.18498908647285,-16.42540973302369,-14.605221663868281,-15.147509142111103,-12.260810911749338,-10.158359332036405,-9.99323925739929,-9.337332714008232,-12.646091047296679,-9.69662127955799,-2.8075087312977924,-8.712807239727182,-3.234569529300757,0.8936764917077683,1.13855506695556,4.149663063351641,6.3772404251419434,6.018998788988924
-14.345793178941344,-15.063016663889323,-14.899317870500196,-15.32477742018586,-16.978048093825926,-17.957417603436156,-17.293459771239778,-17.434494667947686,-17.425704334554347,-16.621738997887388,-15.8434334431417,-15.529003088049707,-15.298101602382305,-15.75653752717355,-16.704726758219042,-15.559542139748421,-18.489032206807902,-20.03347458659961,-19.919004711692576,-20.13347383729178,-14.67908991907563,-13.331996310525659,-18.78172332284152,-15.642709930571511,-15.414842203119829,-12.037720977353452,-11.851204852337293,-10.504284625809902,-12.303079199933276,-16.70337533924058,-10.838800290114051,-8.618232434204838,-9.66534859086919,-6.654924007221293,-8.086691346780341,-4.399841058200223,-1.1585879185012267,1.6804833106299535,4.068568699730977,1.2922434106765874,4.712668023979574,6.397871067560632,11.924430426001383
-12.431684175774569,-13.078470634328461,-14.280515007794577,-14.773230731174987,-14.873345807356143,-15.68167670353431,-16.340653623987958,-16.517252362604967,-15.553953243881407,-15.287404979058934,-14.703507422894564,-14.2520718441853,-13.981271767894647,-14.11492551331728,-16.13885351023058,-14.889218806905628,-16.233724202817292,-19.132117850911264,-19.486321126776367,-17.288607166972678,-13.413393471288865,-14.177403345544842,-15.883370455870612,-14.414912562030418,-13.05652250457383,-11.536766318647466,-8.914641391228013,-8.973136096366467,-10.571567864494009,-10.853394366815245,-11.364160445708059,-11.119482029217716,-9.293652907342338,-3.9483336426012725,-1.6183021769887964,-6.337416912542384,-0.16963211152651228,1.150058588033358,3.570292522301874,3.1242571673157853,4.581003025420569,6.573966008098925,9.54663025786642
-11.89606636524607,-12.641293827295145,-13.161389123902147,-13.568630489101382,-15.115487827662687,-15.343343154404742,-14.569568612355374,-15.738954049953005,-16.59848024723904,-16.94562957554617,-15.962743344878557,-14.37779657505212,-13.488499164441125,-12.79208736354261,-13.827819864490598,-13.887812463450755,-15.182634949320027,-17.789200616786978,-18.046104712003988,-15.368901742841976,-12.802356481272161,-14.3300140700968,-14.625879725803026,-13.67679694163166,-12.578896090085713,-12.270388323699269,-10.028190456063134,-10.042646133325068,-13.044224402197159,-10.677159612215565,-9.668821190566218,-8.997584933012678,-7.8734893791076015,-5.342440948991182,-1.2688648926159556,-1.3847415982982838,2.850362269837374,4.895314620486519,2.085016190384487,2.634840073079261,0.7011128335345925,10.021790140005752,11.274659505307103
-12.68111734720237,-13.50621883900751,-13.832985108291238,-12.993782358307135,-12.696634468325476,-13.33938455368077,-14.327120889516696,-16.25391085143267,-15.443257795421655,-14.770582376834678,-14.832674807556165,-14.033446529998795,-12.221751126593665,-11.60139555952391,-12.038804106526836,-12.469091694459717,-13.894115073414502,-15.513889197864952,-16.573146785617585,-16.640443497494267,-14.2955888741898,-14.13390483964375,-11.076347855655662,-10.824002326495659,-10.066909262545508,-14.503700880923732,-10.506690695981051,-9.87226800190156,-10.603898867374534,-8.86479706810511,-8.075100650587064,-7.637968966947682,-5.87477529747825,-3.7486713147386803,-0.39908701597091273,-1.283623610390047,0.9746229900890311,4.653790380299446,3.283373864916942,4.372862380301272,2.927279880060504,5.922038399697804,8.062899669207875
-13.264328975775907,-13.405294761265258,-13.014925565200752,-12.05805122214621,-12.180947198788852,-11.714513233361698,-11.252754423264495,-12.460299404937665,-14.68757245388483,-15.75500843369176,-13.865405342684227,-12.704464660234803,-12.02514318754508,-10.84538155394139,-10.17474213227242,-12.84103137648788,-15.213649541959713,-16.327294913744872,-17.01178688549917,-16.07703012249881,-13.260325283851722,-10.860015616654437,-9.976137843942356,-12.581150214499669,-11.99484333548358,-15.65576371684691,-9.420030856747672,-9.294919127590758,-9.694237954526542,-10.7581577970522,-6.305003898825894,-6.344659503469759,-3.0842346525755433,-0.5580888675037949,1.3763646446982494,0.41426303947839827,0.5137476663187749,3.2319532449497217,2.8325040686271605,1.4052346190357536,5.611031380974366,8.288086541258837,7.448366165731133
-12.010967573272767,-12.621043070915093,-12.49846278105425,-11.747231299160326,-12.092104733423817,-11.758307516415783,-12.018260523334543,-13.237552339765923,-15.441649508398084,-15.578889714259498,-14.961043317650546,-14.00197879546407,-13.40698284294044,-12.565616757792611,-13.022636547886872,-12.41948106650109,-12.782677413081155,-15.128065837408332,-16.612396576674016,-15.698075438216758,-10.958905579562447,-8.639452060163471,-9.42848829328549,-13.243026308653606,-13.94066538908171,-14.376549797169254,-8.28897053700379,-9.88705945461776,-8.985931491573012,-7.96927826994787,-4.263214043762662,-6.7852349603345035,-2.098786405576979,-0.3221982467806912,1.147815440622667,2.036478320947859,0.45551442084796934,1.944162002208338,1.2678850906370773,-0.4372151016460086,5.856717474137319,8.580168517691655,7.042153065468254
-11.72242593471919,-12.10273748623475,-11.8782846452891,-11.75850586661113,-13.081660477587599,-13.168663236094055,-13.361610338979636,-15.853788195566535,-16.07918977098493,-15.743109880223463,-14.285058118918098,-13.098353443206307,-13.10477240766994,-13.994175827224248,-11.868685155272287,-11.09816740300476,-12.468300934469571,-13.905359760830867,-14.569705850699503,-13.768562832064426,-7.438984979810194,-8.067363283941631,-7.61996969072678,-11.675883835241304,-13.109027357943681,-12.344422056696688,-8.37632190117273,-9.284200770779263,-8.08982188624171,-5.151789604787927,-6.000322819152515,-7.424295183737391,-0.5853067574694824,1.1464965730819041,2.0763815571115165,2.151735962970864,1.5622587243829371,2.3537595404665517,2.010000292118619,3.249214757153275,2.96761786863243,6.4934686686711665,8.223777413791458
