public/json/wind_2018-09-1600_700.json
{"header": { "discipline": 10, "disciplineName": "Oceanographic_products", "center": 0, "centerName": "Ocean Modeling and Observation Laboratory", "refTime": "2018-09-16T00:00:00.000Z", "significanceOfRT": 0, "significanceOfRTName": "Analysis", "parameterCategory": 0, "parameterCategoryName": "Currents", "parameterNumber": 3, "parameterNumberName": "V-component_of_wind", "parameterUnit": "m.s-1", "forecastTime": 0, "surface1Type": 160, "surface1TypeName": "Depth below sea level", "surface1Value": 15, "numberPoints": 4800, "shape": 0, "shapeName": "Earth spherical with radius = 6,367,470 m", "scanMode": 0, "nx": 80, "ny": 60, "lo1": 109.0, "la1": 20.0, "lo2": 116.89999999999955, "la2": 14.520000000000117, "dx": 0.09999999999999432, "dy": -0.10000000000000142 }, "data":
[rows 19 to 37 of 60, columns 0 to 42 of 80]
-9.684349366754695,-9.784169283757828,-9.32534244436838,-9.078098822556983,-9.13364789734148,-8.458150208860186,-8.481004742091983,-8.170741724407835,-8.551490032052673,-8.84843625658348,-9.501039408067447,-9.860203430143276,-9.735948721766857,-9.8810680958665,-9.609761812872334,-9.632245902479632,-9.960345167327251,-10.294507988985524,-11.756493669783016,-11.59443793179401,-12.893087672476552,-15.655216850909019,-16.616785607780983,-16.747548751323528,-17.181742986733454,-18.344086283526526,-18.83891248488468,-18.92782650087243,-19.53553062110168,-19.22979436195307,-16.427638469003917,-15.773576922408774,-13.669129196972666,-18.614575889451714,-14.813222166488123,-13.288725543941858,-13.2225177095406,-13.438140603645715,-15.230049649252786,-17.79489262725656,-18.582317908684622,-15.66676642276125,-19.772786931097762
-10.047187186589904,-9.003044162540009,-8.4466881112401,-8.396088706518924,-8.265457406151002,-7.750279212023393,-7.517168677092883,-7.729252649879544,-7.899385236418024,-8.804597969383181,-9.468010594816336,-10.415423337188814,-10.36403499356027,-9.44852858705664,-9.581665068054942,-10.995991282861757,-10.140375590427668,-9.299310903383208,-8.618792510267154,-10.479777995408023,-11.581201130229871,-12.035919221131936,-12.845252416543497,-14.444799790007842,-15.20372370845972,-16.038726750399423,-18.09324781202277,-18.173125461335363,-18.71885208553714,-18.85401854694855,-13.578151272594997,-12.608395361843835,-17.40065758906176,-17.337214494039053,-13.835099142048204,-12.484000775872472,-12.41110542587325,-13.50891048358974,-15.47987594137598,-18.0657026554107,-15.074355863346257,-17.669599894068746,-14.801293491329517
-9.299841403390849,-9.829010150269925,-8.983229609711604,-8.852256397270983,-8.92866940390025,-8.673398955108642,-7.895274857867165,-7.687325072804347,-8.495468267240142,-8.664888456064688,-8.870980378166527,-9.993937664945308,-9.40303304303735,-9.359739075088319,-9.914976019230304,-11.294158787162818,-10.775261235020189,-10.853522841769712,-11.972459637832097,-13.264260336855688,-12.954590885097513,-11.867951245299324,-11.65127757934782,-14.977979147764977,-17.807945006334467,-18.71357686057224,-19.529754087568286,-17.25172236662545,-16.708026150086067,-15.891738374969423,-14.737720676712598,-15.517939504868256,-19.548999736618438,-15.597624730046142,-12.325088794775501,-13.37946993658857,-11.874433718657366,-14.1414233747899,-16.91183086364912,-17.876421223309936,-19.94237785037673,-15.773138695394564,-17.87776454572205
-10.090345986654599,-9.18367934107527,-8.936851313412367,-9.390320913935392,-8.182756347004537,-7.2349976264324045,-7.346589660811865,-8.115351664390126,-7.764122846962855,-8.531091442240593,-9.811567106513746,-11.111482903786229,-10.500782317344928,-10.348686699861194,-10.947090183215984,-10.33233656192738,-9.486311639303755,-10.173865096578046,-12.256880940608582,-14.25017725557528,-16.240132009830564,-17.857624886654094,-19.471675635484957,-20.03246478013748,-19.925507010604242,-15.928195941577545,-16.908357868971027,-16.57126427886842,-16.010284066470867,-16.796011204058562,-16.735967910593853,-17.59023675846052,-18.824105511822754,-13.28882888819944,-13.544414819672552,-13.967330448983008,-11.317066200379111,-14.338806451444249,-17.316076665171295,-15.821991887236337,-17.69447034166902,-15.556796671487724,-15.026916254754415
-8.787961425616105,-9.446538259145496,-10.086434549043721,-9.844441388347578,-8.685179098417738,-8.218576910061332,-8.560476814327838,-8.159126866536566,-8.273667183821964,-8.716911679061633,-9.58572518732387,-10.12149929606803,-10.354618225600317,-11.126655307438906,-11.91278021899965,-9.705104020173298,-8.691443443154478,-9.805728514088772,-13.182178700360236,-14.662812700688036,-16.12788017457502,-16.954426775317213,-17.537700992362325,-18.22619575214531,-16.967115279634072,-17.573253746154478,-17.395893335466855,-16.32968526708786,-15.654735021928172,-16.12239709086446,-17.340007386595083,-19.263593892763122,-18.989014870467226,-16.674065930696635,-17.063768596471093,-14.308515890366646,-12.671264875886529,-15.78969254738733,-16.47748096730952,-13.925183676668688,-14.140928362718178,-15.230495813270952,-12.798435403172078
-9.680642704597178,-9.52137994450505,-9.669458569208599,-10.17970203675452,-10.347350269146094,-9.8290095000978,-9.514432663821033,-9.306775475381942,-9.87681907707417,-10.28217123369706,-10.389572872854949,-10.491418907155579,-10.199008406911737,-11.454609340127439,-10.642466291849447,-10.25969412655818,-10.933958148927985,-12.369132368213831,-13.081088335072817,-13.556457083938323,-14.929063106229158,-14.726922775841741,-15.778136523282194,-16.73045640375222,-17.083205171104176,-16.13643764902937,-15.497514823281573,-16.831329813756142,-15.347087035401362,-16.126638540373598,-17.693820770729285,-18.77952979555458,-19.525099796988446,-18.491394085372917,-17.73464428379338,-14.523132720010512,-16.166280706364887,-16.669000495066413,-14.531765009079631,-13.008185385263445,-10.779115552537036,-12.827022090864656,-10.561323274592137
-9.912907504103117,-9.427664696430266,-9.838059612430076,-10.049461968575082,-9.63833611672143,-9.892550177563717,-9.492662275772474,-9.782077537088488,-10.656627924785923,-10.27180019615513,-10.937862119282677,-10.575586182574456,-11.445348533255835,-11.433098501959302,-11.659271767251042,-11.304999840380374,-11.17577658380849,-10.71644874878995,-12.121345660467401,-15.014801233323283,-16.042177935722414,-16.332546740119266,-17.212880141173923,-16.25721151300725,-16.01629600709988,-14.975188620387769,-13.840421840824815,-14.429661480637037,-13.181375143919823,-14.123788293159198,-15.200409524810242,-17.0011999958989,-16.940749611478786,-16.16587833184692,-17.325734061943198,-16.721593976787062,-18.50385251438616,-18.23902696583171,-15.11114236417565,-12.2068624221162,-11.42818462540258,-9.2626872351986,-13.182726714040832
-9.282177756033057,-9.281251005122247,-9.237042099150335,-9.461067423185899,-8.772768039205264,-7.640503610117169,-7.740450663286771,-8.261883568874511,-8.192987431829183,-8.71850184577102,-9.885956230474827,-11.374121604977267,-11.066154197143659,-11.583718319946458,-11.662733123490247,-10.009411041231877,-9.450905653080476,-9.943780889833146,-13.399413489954409,-13.773823055395846,-13.188280159052352,-14.523348637540826,-13.886493697005722,-14.027330493689378,-14.72569815657527,-13.95195516311698,-12.601194647119762,-13.156165796899,-13.499628225672582,-14.169613222659601,-14.543527075818604,-15.144636776133444,-15.337080230956584,-14.761205312140683,-16.765404177117535,-17.537904676679293,-20.38089876449618,-18.073238070990076,-16.13000470057871,-11.384975585995853,-9.886585340557685,-9.009902621271811,-14.679468237873012
-9.717669669973489,-9.469102904066736,-9.029176882951786,-9.221671509352651,-9.119975567356057,-8.715815222700765,-8.832780587380848,-8.482129575399117,-8.779936458621304,-8.154368567584486,-6.684000676845192,-5.16147152426564,-8.81078499743401,-10.653808723328297,-9.897301407149378,-9.628410260825452,-10.10499352266943,-11.203222201150355,-11.980882549702612,-11.69040706032584,-12.485539898565493,-12.247131931878512,-12.343182492309158,-12.522907672908504,-12.862847947822157,-12.525806118618913,-11.839548858544088,-12.192668474005412,-11.684224577152595,-11.65926746037568,-13.401039894184244,-15.149875033882278,-15.49855684847574,-15.020903641103365,-15.616071011309328,-16.500202786283968,-19.62027775255499,-16.667123767741362,-14.052288175855434,-12.09994223656895,-11.114025637991325,-12.065622106447845,-11.565319139223986
-10.044660274656549,-8.722194674978352,-8.605272974151502,-8.890043170325379,-9.596045224990856,-9.959687914127024,-10.107481009368595,-9.822747960712379,-9.788886640372485,-10.14355139736407,-10.658660063910476,-12.154358422079271,-12.915114300984394,-13.480662317377544,-11.914330445567552,-9.767160186039883,-8.97204898875993,-10.138058324493127,-11.352441044929932,-12.157557599899212,-11.719780069601,-11.44727629706193,-10.818645520967912,-11.016184794127204,-11.818817679826171,-12.261867551033337,-12.2417732442011,-12.61524557269985,-11.593040556252793,-10.36964449498262,-11.47138049120713,-12.819143257983598,-13.471321047561833,-14.427805944147394,-14.00565184605695,-14.973476702230386,-17.599978141908775,-15.254972220306854,-13.578507795772497,-14.044382616447038,-13.1575800031332,-11.65424935660229,-12.607278079959922
-9.162004332213773,-8.755232632377558,-8.673304325273003,-9.035952047325567,-9.546874990444634,-9.7981728914293,-9.293081875750175,-9.794996211260274,-9.998805017113387,-10.402498986441236,-11.211219144883167,-11.559856280837973,-12.42588950220161,-12.221956613731663,-10.459031890186605,-8.863038172871091,-9.756629721095187,-11.041170962573855,-11.470316932539513,-11.415829026897628,-11.743527025670863,-11.424932263017915,-11.771913892374224,-12.720584921068163,-13.011565070972658,-12.78522208377628,-13.460820025056211,-13.15652263155949,-11.998343908218489,-12.285857863028086,-11.031753723500884,-10.9995084046203,-11.562037585268921,-12.223283967955588,-12.253241203638606,-12.211124542760697,-15.646796458810266,-15.075887125228084,-13.683136473710121,-14.887213864128885,-13.045545450420029,-12.721268849880849,-12.745463632791338
-10.284409284771236,-8.369254679626026,-6.6539825076326276,-8.654082218181177,-9.00926180275784,-8.640714120225248,-8.597835957720338,-9.17335127240875,-9.416470733052586,-9.710316084309207,-10.564706195224636,-10.977020615239457,-11.258821791824905,-11.199908899673144,-10.107182129707468,-9.111174322083551,-8.967877955913746,-10.119978927597959,-10.592973638979025,-10.778519802849235,-10.446039438568501,-11.543048771781818,-11.77216795982031,-12.00304615897926,-12.236848871319626,-13.179553281578297,-13.634398659918558,-13.542993566368079,-12.881274252220376,-11.791659919807215,-10.102344023697057,-10.65785599362626,-10.996272164880416,-11.411374645283736,-12.748388282140795,-14.138865216441388,-17.20699671274372,-17.905326755205188,-16.734194158022177,-16.19197722328218,-12.855517428226825,-12.186183866700006,-12.754403323385949
-10.559351187060146,-9.955854464274765,-9.171125740384221,-8.415888888148077,-8.086543726258466,-8.763850753822187,-8.053341915409572,-8.288121928815022,-8.683204857191079,-8.923655633845247,-9.818805031019437,-9.942426902662143,-10.337184931642117,-10.407764217015194,-9.041749113643204,-8.393017851556563,-8.916082636804566,-9.906856727667638,-10.785788621289225,-11.191198461813883,-11.755250173735737,-10.7504214454269,-9.831094614911729,-10.570141746806017,-11.137687217850239,-11.35899081149808,-11.990217223995266,-12.461446655151537,-12.456070998951178,-11.995184626756968,-11.133049594111013,-10.378245386772845,-9.675723942257282,-8.899360435865624,-10.268637965362888,-12.444501177372654,-14.748599353760184,-16.478273307118023,-17.641708107077225,-18.07234445196775,-16.101851688535945,-14.013804386676313,-12.135743475839474
-9.270064685546943,-8.568652237184468,-7.608503008921993,-7.129772770462088,-7.118510003014552,-7.076549955929303,-7.912689027150005,-7.88564766459168,-8.468110568822839,-8.628972567655302,-8.90846349501339,-9.094447146899995,-9.589487641372592,-9.415500897875958,-8.754112033782793,-8.829001876114056,-9.242241305990863,-10.170080960255483,-10.802634697526209,-10.484224254715233,-9.721662890803307,-9.540815370320685,-9.198934718332856,-9.369468306412529,-9.048099416252624,-8.673590498314104,-8.650722262479356,-9.646847539804625,-10.728379633936099,-11.533742481199175,-10.717792449949492,-11.105532240613678,-10.874074935706235,-11.285014243205518,-10.465231235301811,-12.01364669135644,-13.81592059594925,-15.329338139285145,-16.161430728886447,-16.022336082305827,-16.258717649987776,-16.050556796950026,-13.222261531639306
-8.47212481711196,-7.832744596985972,-6.946041931774825,-6.243195147305865,-6.032974999264603,-6.743618599933298,-6.490793164615292,-6.1055100234940465,-5.992951902486516,-7.102450600478152,-8.574786234291535,-8.768883143659451,-9.22583609560402,-9.444444245252583,-9.791752341402313,-9.84672595830325,-9.667939870680792,-9.874209860113936,-9.826040572324018,-9.718856580191167,-9.471245265830538,-8.764923063957362,-8.350444747627957,-7.931887597564717,-8.787744236016366,-8.692540322158598,-9.551484060843503,-10.44728126228895,-12.680708949229858,-13.44177741644654,-12.461604998242281,-10.759860950894739,-10.101238344620572,-11.300322814819573,-11.399322747320216,-10.209838049705724,-11.162403518405167,-12.766974265500128,-14.073591408687966,-14.263119352193595,-13.466988684498642,-13.6295544124832,-14.299519074108021
-8.004291163717438,-7.837232045782662,-7.309926446789694,-6.636629302690658,-6.366474062130362,-5.750569691015908,-6.164154465100367,-5.932475015202476,-5.990617107989226,-6.610766606696322,-6.977882441972282,-7.661372061328901,-8.164899264182075,-8.449116489628976,-9.074544199092635,-9.060765536116326,-9.083246406632663,-9.17516718994814,-9.05649169269775,-8.803364826671766,-8.052942983488647,-7.702359426443479,-7.692238189771328,-7.7732568851871005,-8.345740299021134,-9.132934664079002,-9.804513018473326,-10.864778280368206,-11.383319322881261,-12.33973997450321,-13.740185969420448,-12.649582247873456,-11.78554657862318,-11.198109105167791,-11.10087726331492,-10.225070908297793,-10.977717027281818,-10.593535292639286,-10.940007754732864,-12.827814879460695,-10.909997408596295,-10.782381778683664,-12.121113668775422
-8.647503343419656,-7.321215450048846,-6.562716828133084,-6.0829432256446605,-5.739179053466513,-5.622736023412917,-5.602439547672345,-5.166767804527527,-5.248109442278595,-6.3843571143958,-6.777975773278899,-6.542648179642168,-6.117343801207467,-7.037650048456504,-7.015892722694043,-7.819450176858689,-8.041663371489115,-8.032278601820346,-7.892716734966896,-8.123294340791855,-8.243668492864888,-7.6913222144257425,-7.513667498672801,-7.12015581168294,-7.844395572475749,-8.660193649028239,-8.997353769172364,-9.959212563082845,-11.665539964447596,-13.152417636084788,-12.918688053843551,-12.212317636588391,-11.39069457263275,-10.158167806604906,-9.289049430670387,-8.902385764745247,-9.487256932734741,-11.221440222885269,-11.506073670916876,-11.349625708729114,-10.190174886001671,-9.915512287690794,-11.311456700062314
-6.512363608405044,-5.387181271705067,-5.478620432050739,-4.281358203665684,-4.391050025022455,-4.082866056430087,-3.3654016614409983,-2.798685691544679,-2.4315757778585194,-3.6893136627801457,-4.154020327094917,-4.346351830553637,-5.466079938680675,-5.8845869316432875,-8.393333235954323,-8.56758863068673,-8.550470762845721,-7.9808849328878795,-8.504748202381029,-9.066411992476041,-7.827320721335133,-6.177199156669873,-6.18457345277091,-7.680651392410975,-8.142596104361266,-8.172458787492475,-8.327974251125845,-9.082853286373275,-9.925024667971629,-11.776770160184217,-12.091145939037698,-13.049633161627614,-12.96054949412991,-12.198471441547474,-10.850313058167576,-8.996233912766176,-8.385637161171633,-9.639009147550773,-11.381204214572413,-11.0304448386903,-10.84675401258163,-10.887038224626444,-10.82677957766829
-6.1567850897883885,-5.926260340885607,-3.5952451277935373,-3.5717883831007815,-2.6496788878712785,-2.238655197321528,-2.165981952796207,-2.974690281828908,-3.625158869520852,-3.6862225095583394,-4.079045834851289,-4.172490818145998,-5.404646744991158,-7.493823720047173,-7.639971445092854,-7.082021243941876,-6.9102123107103255,-7.096191196691252,-7.375955715703224,-6.954615983737554,-6.836434760418335,-7.174828680330154,-7.851362899456657,-7.701040512313835,-7.218654062029545,-7.18707036435403,-7.578243988371406,-7.2531944729970705,-8.159778249118572,-8.57752358353316,-10.869413843198195,-11.506257005570289,-11.901796064639871,-11.801139175179399,-10.679608902523551,-9.930412342860718,-10.418127418100212,-12.345563918419305,-12.433784854416734,-11.868352439772806,-11.897962869777057,-12.321171022981781,-9.644230003450534
