public/json/wind_2018-09-1515_850.json
{"header": { "discipline": 10, "disciplineName": "Oceanographic_products", "center": 0, "centerName": "Ocean Modeling and Observation Laboratory", "refTime": "2018-09-15T15:00:00.000Z", "significanceOfRT": 0, "significanceOfRTName": "Analysis", "parameterCategory": 0, "parameterCategoryName": "Currents", "parameterNumber": 3, "parameterNumberName": "V-component_of_wind", "parameterUnit": "m.s-1", "forecastTime": 0, "surface1Type": 160, "surface1TypeName": "Depth below sea level", "surface1Value": 15, "numberPoints": 4800, "shape": 0, "shapeName": "Earth spherical with radius = 6,367,470 m", "scanMode": 0, "nx": 80, "ny": 60, "lo1": 109.0, "la1": 20.0, "lo2": 116.89999999999955, "la2": 14.520000000000117, "dx": 0.09999999999999432, "dy": -0.10000000000000142 }, "data":
[rows 19 to 37 of 60, columns 0 to 41 of 80]
-11.673669070766465,-11.97959164373178,-11.899976313385455,-12.349282922863324,-12.764478336914207,-12.479571040129207,-12.434511301234954,-13.195251778312509,-13.521326280718936,-13.603158952005337,-12.537207078151024,-13.232671829668806,-11.747481711758091,-11.517423756106362,-10.685840373676164,-11.157311189519637,-11.749859125223045,-12.529169151352527,-12.979499550057918,-13.866613771164435,-15.209487572050612,-13.477976735652272,-14.272011388999239,-13.862650501622298,-14.642731826901997,-14.651684307141679,-14.281782334991215,-13.147561210017729,-14.098900590728787,-15.285977050260652,-16.379317311370578,-17.799940728460463,-19.057318321914877,-16.735577934095357,-17.060148829099195,-16.526786789012174,-15.928098297449015,-14.620109854807797,-14.943401925512363,-11.321182699348228,-12.461967698162939,-15.634078705456517
-12.030891900060995,-12.21451846798918,-12.600439222036682,-12.093388498955651,-12.882916373870337,-12.367671423921184,-12.378941144986602,-12.104908509830322,-13.597432156632543,-14.149025288492004,-13.829845896706457,-13.985304480282574,-12.99620503030913,-11.306513008774003,-12.069399144310895,-11.201200400308343,-11.886702974476254,-13.073082372903691,-13.780298244359344,-14.427725663530982,-16.078484907773746,-12.95361774359422,-13.009662293563979,-13.87652156293834,-13.821807178196991,-13.676414849888726,-13.069829338247054,-14.575223290888449,-15.72458201881065,-15.43177287647694,-15.96280130682047,-16.841365699339537,-17.925248873774407,-17.635112357692943,-15.905230757653872,-17.75777236628906,-15.474145279296026,-14.288609738357225,-14.086497800116604,-9.995714356286939,-13.68824887602024,-17.002995362669626
-13.015362978762646,-12.660122692869937,-12.31134927665472,-12.566646101289157,-12.898613626920728,-12.509816537430694,-12.597947545504281,-14.610996058950272,-13.908874268246342,-13.847344776653223,-14.355320142443071,-14.11730946582361,-14.08353083537715,-12.154488685542688,-11.41158913845851,-11.689383013020816,-11.880311975238175,-12.858233874818294,-14.005024810141578,-14.759844566744706,-15.909939681014365,-16.600991331330576,-14.707405062465543,-17.061987956943153,-16.432137028929425,-15.939867937351218,-14.703498121184651,-14.180207858157939,-14.790701810382382,-15.678858357371833,-18.187734786957027,-14.95887626165598,-17.199506214085243,-17.5208045091679,-16.717822655888302,-16.399256684960232,-15.386745672692895,-16.020466007158905,-15.426526470178803,-14.437595724059987,-16.693198683031124,-17.182553034029752
-12.08836714414798,-12.744278497639673,-12.874603203906897,-11.993441510334755,-13.100181473267751,-14.049879650190897,-13.989148991791431,-13.889423060858588,-13.384772989525517,-13.052755448325078,-13.939507432955864,-14.706749361785242,-14.737076973283276,-15.514898249293918,-13.912203575055399,-12.572816708710237,-13.083997202723761,-13.114428366907948,-13.257077152791156,-14.305281060921562,-14.774856470943249,-16.057328618982346,-15.99970890018267,-17.583045273241353,-16.658029026561373,-14.616009583635957,-13.0263656914462,-13.829001453928518,-14.690240139593133,-14.544428634667252,-17.202333158257098,-14.953929699329237,-17.11163720564931,-17.842271428569823,-17.21196345267097,-16.075762744019396,-15.285742451462681,-15.22461510968522,-16.251142113445738,-15.48171521907783,-15.137079289617486,-16.34481664667131
-14.15799749598375,-12.71421022417555,-12.201726485464992,-13.180073871717346,-14.138821531475605,-13.927850340281681,-14.856339552251736,-14.840442296294597,-14.020336366629197,-13.507935714567518,-13.637832289171474,-12.913489069067595,-13.513501529380724,-13.022362066640095,-13.185527328020836,-12.97364246706599,-12.729888790585136,-13.402823925083851,-15.306464590944246,-14.5609054069154,-14.334969418377804,-15.032185736435041,-14.578161524598528,-14.620482665069384,-13.688658154949483,-13.900652354228606,-14.248566108202834,-14.208958127503404,-14.046743482233055,-15.691095916719645,-16.965058186716078,-16.037681721616025,-16.24048886697807,-17.40650129074791,-17.970052389879083,-16.78197595852314,-15.332975212138654,-14.861159827243936,-14.5388995919045,-14.222302029054507,-14.718990539077403,-16.590326308555134
-12.626268624417504,-12.53568238115523,-12.732513321600468,-13.73181774919875,-14.264117624386145,-14.516376059179128,-13.6329658071703,-14.599773395978056,-15.707393524150758,-15.471403196472979,-12.541994727806994,-11.505928212631874,-11.483861471336862,-12.201676079754534,-13.199483125616707,-13.630667960524235,-15.016236904745695,-15.522626585903474,-13.737354375882623,-13.702921897181408,-14.065070075606474,-12.795394998621438,-13.332574520477554,-13.597723489266793,-13.944392238546014,-13.349798382668142,-12.672544093737311,-13.754449093729978,-15.027568143876707,-14.977725176464272,-15.103497514305353,-15.08152283824584,-17.62322249687569,-17.481294233586933,-16.701447619334047,-15.934911332351957,-16.323716399500103,-15.339641151221528,-14.622724481351707,-13.914270515759762,-14.066127584667619,-16.005029287921044
-11.627874102798977,-11.46178996201619,-12.926561204154693,-13.43428294405317,-13.329490831100934,-13.171591779976001,-12.823178716070789,-12.379857823621188,-14.05795402606459,-14.239002394184329,-11.234733787224759,-10.403987724731206,-11.220311928029496,-11.772567605212165,-11.688219743583192,-13.41728235534934,-15.002867882053426,-13.895386581755554,-12.136965189524153,-15.643980994562767,-13.497370245300653,-14.333282020637753,-14.591149368559249,-13.903114536934568,-13.710252190011722,-13.254321547223604,-12.967066759150505,-11.679991837722124,-13.203901046146882,-15.007548033059344,-14.89686214088111,-16.190057413394314,-12.13525767358036,-17.331673410389957,-14.5802870614729,-14.15313202000389,-15.615214966202595,-17.357552499086065,-15.563789374501493,-14.959147456612893,-14.060542930448614,-15.996295354291778
-11.668007759153381,-11.248081528327363,-11.311371975795407,-11.450520881372597,-12.024498987152946,-12.254765615183711,-12.443448632263898,-11.93107613405415,-13.268410600643314,-13.06166453088315,-12.015266514929584,-10.260289072993752,-10.100302317140452,-10.709982500543765,-11.83187604485251,-11.994390422408065,-13.786669920271137,-13.985853256120018,-16.079319923992255,-14.147407415683789,-13.068594158532129,-14.285113512136524,-12.357642380997273,-11.977728505910617,-12.483241986836234,-13.061338720323738,-12.972385432636159,-12.80899326251026,-11.577499209148687,-14.705367620628913,-16.2404722727237,-16.611811345548823,-17.530865498781942,-16.89684405736865,-13.698419133560462,-12.78528055304292,-14.64616343666469,-15.000169373833643,-14.773983023362963,-14.702647401392465,-13.777918478003038,-14.916657681333877
-12.661861148576046,-10.797111827422595,-9.971997962526897,-10.917055712728063,-11.678250023865093,-12.482301142915835,-12.316524575454439,-12.521493494262991,-13.911078858878,-14.716686070442718,-12.709983491592952,-12.859376047218033,-11.289917083990398,-10.544675113614847,-11.425519111146277,-13.079342353709507,-13.56042885072514,-12.539580513875734,-12.58662119994663,-12.433705092579652,-13.579386781307406,-12.19111716156661,-13.549244217880478,-13.423697216213114,-11.9809222067599,-11.470128661610817,-12.214164078354496,-11.512120622726043,-11.424160824803348,-13.447117048972922,-15.508641258776855,-16.549569837162117,-15.686758993765036,-15.48221352116704,-14.807605064528648,-13.517223925943112,-12.381607933169462,-12.514405235202071,-12.495023925679403,-12.180680672195347,-12.781990067979908,-14.69749293186602
-13.672246716765844,-10.70131233724525,-8.868662342755233,-9.973232170472505,-11.348782363996875,-12.095374104525444,-12.75857739319561,-12.101499848990546,-12.411939548288558,-13.57579992730634,-11.764986908007753,-10.515693643393304,-11.608076173080999,-13.752817468393523,-13.205913367307492,-13.44059830312435,-13.369025260042191,-14.597619896248954,-11.749935292392053,-12.144239923012556,-10.193041293904459,-10.067995431468681,-11.604096040531385,-12.443690937538454,-14.349069392503331,-14.07599868254618,-11.293357572556333,-11.199527129037573,-12.092903278148546,-13.298200777364805,-14.369993014933694,-15.854544159765728,-13.022560820764381,-13.71057148232564,-14.40926819241519,-14.166748256654163,-12.542797232741961,-12.652548154117113,-13.798908657939082,-15.155433651873533,-14.656347340130154,-14.801088158588867
-14.80890390953902,-11.248678456119436,-11.398498544681425,-11.805960145029879,-10.62830295356348,-11.553942880359138,-11.383265217115325,-11.465581000865384,-11.982278205413158,-11.920749986977448,-11.212422725520648,-10.294281405078122,-9.34344299487342,-9.711049440616309,-10.682416178438901,-12.063076706761127,-13.113895261006654,-12.863576399969343,-12.929026112270819,-12.556472990785368,-12.04532489185959,-12.815299078209621,-12.321899607677766,-13.426823015015009,-13.535099918845848,-14.392889629811819,-15.51574344959637,-11.61804649024531,-12.122164535744986,-13.0233808426809,-13.138304549519209,-14.20542960911845,-13.846575461829147,-13.132070929321145,-13.863333433968815,-13.810784491428544,-12.747548526190805,-13.539372583241011,-14.63280824015624,-14.963733389931841,-15.065846459022715,-14.913194181144195
-14.672974428476316,-13.643114893400309,-12.414655682552302,-12.646321005939132,-10.548464286088503,-9.518548774557638,-10.697626795521693,-10.807409659975136,-11.014874545414475,-11.007348408136725,-10.735783843558965,-9.75728798412772,-9.599472785573335,-8.909199281007709,-10.116887790506805,-10.76025697095859,-11.385739341109293,-12.413868918278041,-13.518434270391811,-13.291926214756675,-11.66918689706347,-12.935473331904678,-13.189706961397166,-11.600090838661982,-12.080037680840789,-12.905838910443432,-14.103168702786716,-13.142396794056683,-11.900724854781743,-11.87049927059122,-12.073433582792644,-13.005556933667574,-12.738841338389769,-13.614939231760957,-13.691051587695526,-13.901657622280236,-16.799538255793344,-16.401572830180974,-15.819461285782818,-15.428732838031197,-15.239858493514896,-15.246368429658688
-14.361743620002919,-12.823476469164616,-11.161640859512742,-11.121979198640489,-11.29205667246637,-11.715361934543289,-10.95954710553308,-10.222003932157953,-10.323702287677149,-9.975633666959766,-10.712162452092397,-10.643092098882166,-10.165987667318038,-10.052340800903638,-10.231957042166538,-10.553956724182425,-11.562615967549815,-11.816490800977977,-11.97054630054408,-12.533612269552554,-12.026449898116041,-11.74419112437449,-11.651127917080652,-11.218851297469644,-10.561493696683343,-10.604315871182353,-12.885652742857367,-12.605739891476187,-12.786414765209784,-13.885026087189322,-14.169851122022038,-13.201275886327988,-11.8621823321038,-13.518607877530929,-13.680314820267089,-13.52102680819209,-14.085417521654286,-15.535202828814992,-16.068673145326628,-15.986313364925348,-15.297706825096387,-14.90249431424968
-14.745401589399803,-12.501985112552827,-11.641535328742044,-10.714987765691403,-9.827739811646852,-10.830861662339865,-10.533988711283726,-9.97678233113577,-9.447121750355736,-9.201024546138864,-9.19941896288597,-11.263913354048343,-11.146258668435404,-10.248646226309333,-9.998384686397495,-10.918255394606483,-11.10592154220539,-10.641085964467605,-11.228544374362585,-10.688083539064825,-10.962936557138697,-10.86378121314207,-11.304611821509425,-9.401140890744273,-8.620453614732416,-9.431052094397995,-12.437071789229961,-14.31096671092372,-13.945191686210235,-14.155854621358149,-15.031261314292651,-14.655044798124749,-14.369999859953456,-14.344360192312257,-14.204025775081263,-15.807041058208288,-16.80487112361027,-16.128712195860086,-15.433487776546585,-15.849458413105895,-15.594884729803162,-14.867284398663276
-15.436387660811612,-13.110513353085192,-12.00364337164947,-11.058980173246859,-10.723338049809671,-10.112630954925867,-10.680163977893226,-10.510824770671809,-9.631275001351165,-11.649686947239278,-13.237492899874818,-11.73551328942228,-11.053240289740913,-10.24071398946452,-8.98355168352979,-9.50875406592617,-9.759515014944329,-10.430752303539439,-10.285034853547417,-9.926125479548027,-10.134158395457304,-10.43656418573592,-10.349846940843197,-9.679302431844,-9.967043099267515,-10.463978995992603,-10.808436523075617,-13.12068486645416,-15.119072897004926,-15.882484076232068,-15.220179384168935,-15.381692623190345,-16.71573534158124,-16.943693184426692,-16.23552409761689,-14.218655624573517,-15.332340979643991,-14.997495634239497,-15.773349683096994,-16.001729531815876,-16.115655938251106,-15.818283911640739
-16.15058359693402,-14.825863586132046,-12.546097381822392,-12.48608379972561,-11.046522283550864,-10.32357062388797,-9.71852997901087,-9.798358863346715,-8.854238896165636,-9.09595034592919,-11.153247486345542,-11.437871802644462,-10.850432629611849,-9.16825516875006,-9.108986602871802,-9.520384866148405,-9.76208596349844,-10.090923495908799,-10.507658345341708,-10.509825170088497,-11.005562791016516,-11.164973330091174,-10.633013039689457,-10.485520376167118,-10.36324842132524,-10.945738712683287,-11.310429182527905,-12.113540117382978,-12.595219412853677,-14.404080138119664,-15.360934521408586,-15.61562250103863,-15.174094109237496,-16.08559493992477,-16.343956575677822,-15.70405036217496,-14.520581154170118,-14.599929485257835,-15.022503918865791,-15.747064721633729,-16.249537441637163,-17.17236646602752
-16.354112826804,-14.633454751025644,-12.338615265396303,-11.821294369645887,-11.599876682930507,-10.816080829179414,-10.40699812676327,-7.934384213674868,-8.786809752712184,-9.07696038907528,-10.454135861897555,-10.378957368949136,-10.314567699798319,-10.084293618752005,-9.689794918927454,-11.507151354263623,-10.832860070179692,-10.827874106739266,-11.805362874067603,-12.480258506136472,-13.204836610371029,-11.549294690971958,-10.315956240687854,-10.049271348563787,-11.104108928650056,-12.611885089255425,-11.66038538053808,-11.630694258838018,-11.764564403682664,-12.831355615831548,-13.118271942957422,-14.080360474881088,-14.840830159387101,-15.20861733213037,-15.161782205604474,-16.18353097499446,-15.787060537387788,-15.52992923304834,-13.997497709633263,-14.692183928300862,-15.257337319404542,-16.015922122353306
-15.669675198630552,-14.353533553462912,-12.084120570754884,-11.452865466418666,-12.68846906434787,-11.756039056200526,-11.618893282813158,-10.118825816811214,-9.366801085346463,-9.156991763649447,-10.087070441772633,-12.389612128800362,-13.063783058569463,-10.72468520047479,-13.402922536502839,-11.823770690335666,-11.236417884481162,-11.338719853626753,-11.589766289776325,-12.805693859148477,-13.671915588162054,-13.627131546165721,-12.314276240647937,-13.172738899565722,-12.068847485134205,-12.139051132821939,-11.128225127787962,-11.894999328189646,-11.656531171963191,-11.378823893505194,-11.928524914452897,-12.973475703617977,-13.62210396122276,-15.50033087379971,-15.867608310542112,-14.987795608761175,-15.780979677107332,-16.453613783107052,-18.152220829001386,-15.320377437937287,-13.980144352760313,-15.20212459847118
-14.778388643002772,-14.333464944135418,-12.335189776253088,-11.792360665094451,-12.254236757795214,-12.866937604817645,-12.747963963022027,-13.604393539204237,-10.689710108168866,-10.65701382002755,-11.962367320253863,-11.35726107613925,-12.816645481727015,-14.103478083669692,-12.512843623292314,-11.999154866827446,-11.304871920076426,-12.608583950877716,-12.039341442621822,-12.486094080896455,-13.067642598228208,-13.390723068755491,-13.808779931350802,-13.648233342769638,-12.539170673443255,-11.708453459523275,-11.303906044900552,-12.42037767233342,-12.613575661400214,-11.093793051969106,-12.004296009264042,-12.405118049817418,-13.151271502981329,-14.807859218539207,-14.940853419180197,-15.290746197687342,-15.164555328979873,-15.557254616142883,-16.089801981327774,-17.141660569451545,-17.789754053473324,-17.105915516749054
