public/json/wind_2018-09-1512_925.json
{"header": { "discipline": 10, "disciplineName": "Oceanographic_products", "center": 0, "centerName": "Ocean Modeling and Observation Laboratory", "refTime": "2018-09-15T12:00:00.000Z", "significanceOfRT": 0, "significanceOfRTName": "Analysis", "parameterCategory": 0, "parameterCategoryName": "Currents", "parameterNumber": 2, "parameterNumberName": "U-component_of_wind", "parameterUnit": "m.s-1", "forecastTime": 0, "surface1Type": 160, "surface1TypeName": "Depth below sea level", "surface1Value": 15, "numberPoints": 4800, "shape": 0, "shapeName": "Earth spherical with radius = 6,367,470 m", "scanMode": 0, "nx": 80, "ny": 60, "lo1": 109.0, "la1": 20.0, "lo2": 116.89999999999955, "la2": 14.520000000000117, "dx": 0.09999999999999432, "dy": -0.10000000000000142 }, "data":
[rows 40 to 59 of 60, columns 0 to 44 of 80]
-3.493161011833149,-3.2418084778551393,-2.8233006007235146,-4.365287325868548,-4.117378170015496,-4.908247866019625,-5.23714755929884,-6.909936226253455,-6.115530855717904,-5.6802684984614125,-6.545939188198528,null,null,null,-3.8376901119498528,-5.573121035348541,-5.637572650398548,-7.911824842091985,-5.818029793143265,null,-8.158394044023325,-8.94205293618093,-7.730560139574145,null,-2.716787273845754,-7.295826936933173,null,-7.088456535491217,-5.809137258732711,-6.973467523908067,-7.040130457964431,-8.447358035477935,-6.524654273215156,-5.725730270981251,-5.540701943358666,-4.331358077575753,-2.4435003941715787,-5.676838454712566,-5.579225141107029,-8.885795716752163,-9.174600436652494,-9.892695782440462,-9.781624842676461,-9.762437330512826,-9.314992101427295
-4.8686789984338885,-4.128642414202214,-3.108638961230802,-2.680945113509031,-3.2205395876242155,-2.4398371305806874,-4.182858674435569,-4.871781987139963,-6.533528084865337,-7.902229983072983,-7.688115681993896,null,null,null,-3.735197109977859,-0.9309904329473356,-6.064802351708301,-5.430951282186645,-5.792566130503269,-7.2652615926228306,-8.780080729536863,null,-8.016235280533502,-7.653640946100173,null,null,-7.332892512820246,-7.917673988208924,-7.84769847709732,null,null,-5.865690507226398,-5.908665092897106,null,-5.575538006715288,-2.9473279266508263,-1.6614106903651205,-2.762660185822855,-6.984337176653158,-5.882090889169062,-7.652377858433878,-9.75957071166639,-8.43245725895071,-9.940330302372471,-8.205448329026126
-5.251126667147219,-5.0083963076273275,-3.731047468649191,-3.5172202432776736,-3.987549422637013,-4.032369386315914,-6.199696158210794,-5.948890189534026,-6.700279606062626,-8.400517303381243,-8.586986661288401,-9.741571939739082,null,null,-5.297913989535691,-6.029669233880959,-3.1013312494272034,-5.679892388827749,-4.846643976998218,null,-9.3853565859797,-6.947084373501862,-7.716156515780554,-8.095646758939075,-6.764489597890256,-4.276803026046041,-3.2740806757365286,-8.034996904580685,-8.703353696161725,null,null,null,-7.299056392234531,null,null,-1.609239688740516,-3.112034562307841,-1.3314483900805558,-3.1678246215174783,-6.246564932368072,-2.5653488981729056,-0.3117677959546613,-8.186427436488708,-9.433991549526642,-9.387925486258608
-4.687888753532414,-4.900079588596696,-4.751773595252532,-4.2292592228602075,-5.342761023434357,-5.177285353244088,-7.071402553060359,-6.33586769326388,-7.174081346233637,-8.413911386132382,-8.940209604001758,-9.10761455001066,-7.057403778679078,-7.571397133846129,-10.160421067383279,-7.724864959447619,null,-3.5769572301902945,null,-4.098031144693625,-5.191904594301001,-8.961743623261535,-8.601495869356937,-7.567093676063575,-5.740876170360397,-6.737312096920608,-4.81864546429618,-7.553440976784258,-8.94750858902509,-6.117190504924125,-5.9407389417180365,-5.960610231828433,null,null,null,0.5167915873901099,-2.534387570387778,-7.871832045580355,-2.970050834726847,-5.00137501435329,-8.910225986880025,-7.689109271428169,-2.461279266878276,-10.011925039514217,-11.179540863658165
-1.8306132053119966,-4.029148157313735,-5.280483978412452,-4.707139371536152,-4.5569064428475965,-5.1667575319795525,-7.525977569272832,-8.124863549870302,-7.018660065115731,-8.555631644839744,-8.279459278797708,-8.402841364244217,-5.922213884718715,-6.188229133713941,-2.892445568262035,-9.878919726553004,-6.614280312259879,-4.49339319969342,-3.333031252826407,-4.766827087546238,-4.7242657670344474,-9.811274228581237,-9.247572571127474,-7.165330442674377,-6.742696289557762,-3.3818148543816853,-8.91289132085257,null,-6.722126712362796,-5.757457464681593,null,null,null,-6.170807250730316,-3.86373063577047,-2.5482717694963926,-4.764408907952575,-4.54679582469325,-5.64989529191546,-5.367439556221785,-7.219792387423674,-6.7170097247928275,null,null,null
-2.6332849164690435,-3.5842019673310745,-3.6620699515964215,-4.14341775185202,-3.3565203647782313,-5.77318927570524,-6.534908387629727,-7.8317186629529525,-8.809378182802979,-9.165451514168431,-9.300146891254755,-9.749663465303687,-5.506286837664103,-5.8387200052674215,-4.035072966466504,-3.793189210740334,-9.780259936382812,-6.5814044563292065,-3.5533093005440133,-3.1162811608039664,null,-9.71188119391534,-9.180355689585458,-7.795150953841258,-7.35023205817319,null,null,null,-3.552419975869811,-8.707331098440715,-5.788019128031079,-6.8537121173778885,null,-1.382404382057845,-5.7134501134079,-4.089245517355177,-5.768825050798182,-7.228836138078581,null,-7.320533585757136,-8.971050875703842,null,-10.629744446262563,-10.17129207407407,-7.391406808229348
-3.032623318304927,-2.3101429279116465,-2.83896041373549,-2.960695689181159,-2.750565130396338,-6.130142630759883,-7.0658329634478845,-8.015569871092701,-10.719125306839832,-10.968957724281447,-10.458481851971406,-7.720017390700435,-7.148243442041895,-6.726053141518665,-4.453407761228671,-3.2881096942426216,-8.761829127308545,-10.03551970737655,-6.4781676208646015,-2.061154841926519,null,null,null,-8.452634252880943,-8.908276333937643,null,null,null,-4.309545234248171,-7.25109446962049,-9.171290030362494,null,-7.560974988946554,-5.537145050165481,-4.125934921252475,-5.5285469474720825,-2.6658747974367416,-6.481453782682591,null,null,null,-6.813773141115501,null,-10.46073533554324,-11.079072795727766
-1.066468201946856,-1.4509897630264237,-3.58524822773582,-2.874861083719111,-2.5748533302689647,-5.920733099025161,-5.332732380709975,-7.3118485652938485,-10.633636688520658,-10.27088134398487,-11.096441232262077,-9.79938472164983,-7.173217107785047,-7.764675571903783,-4.962092630502789,-3.998905458397462,-5.578632774585615,-9.981379640397122,-8.99120521261662,-8.805159224795906,null,null,null,-8.839651471288548,-9.191728646850475,-8.272865892294995,null,0.020412260431989127,null,-5.642966367394008,-5.784540955137446,null,null,-4.430308016729077,-6.007228510812832,-6.2074076566316885,-4.858629878883656,null,null,null,null,null,-6.7711630378911,-11.26492981594836,-10.285301314539911
-1.850637730454734,-3.52369218202953,-5.315525086508014,-4.069896493106154,-3.5275117527838065,-4.54803419610653,-8.205391078071901,-7.153622453135414,-9.63447781806238,-10.709271949854072,-9.83453315676036,-11.101794124475921,null,-8.19827704127751,-9.044561815289608,-5.0340763146092815,-3.637082064594843,-9.729751844900687,-8.23172501507356,-8.027922917611368,null,null,null,-8.499181191249122,-10.164860151011013,-8.997054916531848,null,-5.3061957119021566,-3.0153489093434676,null,null,-6.938225214672742,-1.248318236646548,-4.215971657796098,-7.3444942607407455,-6.044974898019505,-6.204807450027571,null,null,null,null,null,-3.251209976062141,null,-9.068226993381582
-3.108544629873578,-4.188114593036421,-7.400328017378998,-6.270913083853355,-5.5692106803091495,-4.245512831671869,-8.893023869105525,-9.428123575762301,-8.386537604279278,-7.990378741411752,-9.878870149747186,-10.671729535125685,-9.611128443210236,-9.449476077093848,-9.864395858864086,-8.293150004757065,null,-3.956001228275343,-10.768044639859026,-9.344637049971402,null,-10.42817474956057,-9.500602075920309,-8.41031053773861,-8.887780749085497,-10.93717906898605,null,null,-6.621691252276382,-0.6315529976490858,null,-2.635952066308115,-5.383559686113485,-5.605368971757344,-5.582792565475565,-5.147268050960522,-6.559384528357814,null,null,null,null,null,-3.303349259475488,null,-7.583455514330587
-4.864039933556764,-4.26893551688384,-5.805998378041881,-7.171695637266334,-5.840594098966497,-5.4853870597392875,-7.131515942272298,-9.578862505334321,-12.641799493430248,-8.584421717417872,-9.280094344947978,-10.15040293775926,-10.13628276167021,-9.968252739761827,-10.506397043534076,-9.978830264522951,null,null,null,-8.81117600350469,-6.571752737891985,-8.717506759426422,-10.258607516759563,-10.398733071737471,-6.680434049798863,-11.65711826445047,-10.35914069715025,-5.111369402466768,null,null,null,null,null,null,null,-1.7301084501036146,0.16829465005267422,-2.6041759876724755,-3.26854707601978,-3.692598937014462,-1.637219549583748,null,null,null,-7.460368920875318
-4.395383744166463,-5.881719491691997,-5.3082486593550495,-5.674233858264449,-5.756478811755052,-4.939504529279906,-4.159899570375347,-6.815386453050503,-6.489889588999445,null,-9.394231883429084,-9.235214384849812,-10.01936474391399,-9.413388745762367,-10.20395597138202,-10.528436818195686,-10.963598017680035,null,null,-8.76876054047582,null,null,-11.158608308891003,-9.602133722749551,-9.089815785598718,-6.426923754545829,-9.037940749251632,null,null,null,null,null,null,null,null,null,-2.064479757986067,-1.9058066246909398,-4.331027905839672,-4.264788037692824,-3.523887620669396,-4.084300621108715,-4.143325570885746,-1.8500172454890655,null
-7.1851539608933646,-4.272515946902635,-6.05514278243712,-3.621300413305225,-5.271739320369494,-5.183155151526446,-4.468296196263003,-2.81828529991534,-5.285613869877447,null,-6.1397496184172065,-8.910949471711547,-9.729555607567367,-9.265085128649153,-10.799207038906427,-11.27601690870194,-10.626461224863547,null,null,null,-8.62243850106418,null,null,-8.707016271582573,-10.611243858182347,-7.270291892008324,-6.303150583901827,-8.95205831709393,-6.691634602525021,null,null,null,-2.2906831789016766,-3.1440202220464784,-0.6485688689413214,-1.330366112421932,-3.987737815908087,-3.925339779453487,-3.931487666029111,-6.522564998819969,-3.752089395356305,-4.439032989911211,-7.269825256872331,null,null
null,-6.001961454497298,null,-4.553729676640634,-5.867006063332953,-4.931797392341623,-4.68189756659197,-3.9728094493025505,-4.849717923494395,null,-5.903175155022613,-6.824162065419099,-9.269254424171745,-9.535736169917609,-10.256449875208704,-12.070043056750038,-9.715578670022555,-10.292661813337274,null,null,null,-6.475085541443648,null,null,null,-8.216147388427824,-6.829218469784806,-6.651729321338679,-10.010491484888403,-8.777234137966998,-7.153261762582636,null,-6.79753262200488,-7.106915111747658,-5.748129280930819,null,null,-2.42698303236095,null,-7.030205314150313,-4.146539941096954,-3.3915770841352644,-7.040195990839911,null,null
-5.383638889439757,-4.562217579353848,-3.4025430286269307,-5.3116895180307235,-6.5346060364471565,-6.931942852875318,-5.3919974390633305,-6.622133854692039,null,null,null,-7.973715002992921,-7.7133359601598706,-9.902059621024653,-10.615645575338753,null,-9.519386111157644,-9.512479649773185,-8.377411444010963,null,null,-5.35218911806705,-5.635672257468362,null,-3.956394405552885,-6.554742885439126,-7.588834634959239,-6.017293400231688,-7.670533050341485,-8.231165070311015,-8.217363764124288,-7.067004605994969,-7.878390458204621,-7.301560078737441,-7.28848756278789,-6.409199198993254,-3.036754898546823,-3.2246666473674774,null,null,-1.7992170747045881,-2.6919868651260455,-7.597947484674572,null,null
-4.052368447661726,-6.278288198600913,-5.751446296570597,-3.195261111804499,null,-7.053799382166446,-7.102563555264563,-7.6574735095016395,-9.315374165520941,null,null,null,-5.566556784592626,-9.61681622415536,-9.6001529341547,-9.801721787200597,-11.367813173928079,-10.839213068053539,-7.771485696731065,null,null,-5.167595144928945,-3.2551181276573344,null,-5.20938152648897,-6.198473716435977,-7.881688284744132,-7.474870096703557,-5.856401308305511,-8.217099492921585,-8.057610096080298,-7.185272486765262,-7.683345892098373,-6.077504311554877,-6.799729843760998,-6.7323118428592,-6.544918696556257,-6.479187830408466,null,null,-1.7702564506038643,null,null,-8.003088710387685,null
-6.7372882601449575,-6.784660486314537,-6.473143175582575,-7.426092188179167,-6.310359675937626,-8.106329781655933,-7.904915475120411,-6.436779160321077,-6.726166595875622,null,null,null,null,null,-9.078278493699036,-7.54992821042036,-9.317225014925427,-11.893606862003516,-11.235736995508576,-9.968403378557017,-8.7165004562971,-7.9469610069265,-7.025923265554432,-4.274503462366025,-7.661794713481044,-6.815119229453451,-6.026924714088055,-5.584702150734294,-2.4476114669507316,-4.898803944195439,-7.501926500671269,-6.994194776275814,-6.566737980420944,-7.560346755891089,-6.8780815552602,-7.209563051932404,-7.19768731018971,-7.572887055144016,-6.98590271099973,-5.105540699287784,-4.231089522399444,null,null,null,-3.5973061892361966
-7.767412719486336,-6.755210485791774,-7.78706284070719,-6.682311472582582,-7.56668307047361,-7.50309278786117,-8.458126471609727,-7.387955760363809,-3.3893113696935977,null,-9.046529303860886,null,null,-6.404866002171836,null,-7.841052205190405,null,-9.699141929361298,-10.914124368789345,-9.461981415683809,-10.190735579790735,-9.132988083055707,-11.215615055669609,null,null,null,null,-3.7749373340588606,-1.9685488586375364,-3.933842692907207,-6.504332856608598,-6.833866375071337,-6.071298019402488,-7.2898259357465225,-7.232953734649421,-7.126804309363321,-7.360226365793345,-7.458933644277241,-7.073255711889058,-6.773544072355013,-7.985033202223422,-6.837014943022939,null,null,-2.5392338335796127
-3.8431172473540656,-7.657055785584739,-5.427640289753188,-6.727343642924847,-6.561010590240231,-8.07067202614046,-8.313323178941792,-8.896367532675507,-7.235663947912865,-1.5725405993664852,null,null,null,null,null,null,-2.976331900175601,null,-9.515245530036736,-10.005642110629143,-9.39761831014639,-10.63469292848844,-10.758028860028322,-8.707319631689145,null,-4.065166298974903,-3.822709241172147,-4.0388435098719135,-3.009326526725192,-2.6427175672455245,-6.4494645587310995,-6.30337832038298,-5.677159306139151,-6.958823713631974,-7.504620652666845,-6.9295357066252485,-7.627274582917849,-7.9114177519781155,-7.539088184265907,-6.986117787035469,-7.8022549894419795,-8.06358441037894,-8.066041053232942,-5.7755781264229835,-6.848621763918567
null,null,null,null,null,null,null,null,null,-4.013689178451289,null,null,null,null,null,null,-3.493847224084419,null,null,-9.44499166273159,-8.735812873851975,-9.67361567700383,-10.006599140999374,-8.978961767818413,-9.122811886261948,-5.526807068485065,-4.213878067094634,-4.385456277019485,-4.136042389964838,null,null,-4.125407700651111,-4.020891960469974,-5.863484493111763,-7.627449484791824,-6.532844456668745,-5.71475657346924,-6.290847710280369,-6.998396515452614,-7.158501070578572,-8.819234600623718,-9.045338025870493,-8.445262360301445,-7.789744677034304,-8.053810727709354
