public/json/wind_2018-09-1523_850.json
{"header": { "discipline": 10, "disciplineName": "Oceanographic_products", "center": 0, "centerName": "Ocean Modeling and Observation Laboratory", "refTime": "2018-09-15T23:00:00.000Z", "significanceOfRT": 0, "significanceOfRTName": "Analysis", "parameterCategory": 0, "parameterCategoryName": "Currents", "parameterNumber": 3, "parameterNumberName": "V-component_of_wind", "parameterUnit": "m.s-1", "forecastTime": 0, "surface1Type": 160, "surface1TypeName": "Depth below sea level", "surface1Value": 15, "numberPoints": 4800, "shape": 0, "shapeName": "Earth spherical with radius = 6,367,470 m", "scanMode": 0, "nx": 80, "ny": 60, "lo1": 109.0, "la1": 20.0, "lo2": 116.89999999999955, "la2": 14.520000000000117, "dx": 0.09999999999999432, "dy": -0.10000000000000142 }, "data":
[rows 19 to 37 of 60, columns 0 to 42 of 80]
-11.687474800249085,-11.655073675177936,-10.896403505869728,-11.156488091363272,-11.033905203624634,-11.031109203483691,-12.842038950938012,-12.873920899367832,-12.562546699119224,-10.705027168724516,-9.525093061551859,-9.4769195683042,-9.83656994391246,-10.502611973219727,-11.401174443172543,-11.966893766545565,-13.118791575102605,-13.445354752175243,-14.133927264612725,-14.026903207772849,-15.71388883938078,-17.756220620160196,-17.101247409711746,-16.71369417997074,-16.36519776418272,-18.52373659507312,-21.311657833012006,-20.577147693020827,-18.971535442182947,-21.273413655965623,-22.02289582853551,-20.461052970294602,-21.463062873131033,-23.78703193588259,-23.4677554106534,-24.367110375834233,-25.30706964205337,-26.772259025230852,-25.871938214217202,-25.649507226428696,-23.777821070457552,-27.35980171479947,-30.2386293809163
-11.232176978681792,-12.182028955966247,-13.350540829027942,-10.516916089962521,-11.68628425570972,-11.65900425666975,-11.22103299782058,-10.717289242936978,-12.605451720008471,-12.317771542994942,-10.603043999375743,-10.58896873317624,-10.345736280458395,-10.705707504626238,-11.457416480113743,-11.205903500709606,-12.658714677037551,-13.599166083664247,-14.282275055083451,-15.591516689448223,-15.899859434496488,-14.971628969987103,-16.15745453159483,-12.955440818651473,-13.486981826219758,-18.28415307228288,-19.39885393026148,-21.563572781175203,-23.132134896512362,-21.36791418405356,-22.527145897949907,-22.155052250109208,-21.25649679351788,-23.32041176023463,-22.7964814591698,-24.767349220379938,-24.705718519296294,-25.229959871490323,-24.975058630228645,-24.261249612326186,-24.79938635931621,-28.588474589425807,-29.500917905410283
-12.314919982654066,-12.061010118080379,-12.282157476231959,-15.000375411306877,-13.76722197374644,-11.825965470600737,-10.392753432353102,-13.731533720174149,-13.48015159857585,-13.032282152540898,-12.732412116073673,-11.518642062645466,-11.630516411916409,-10.584299264224981,-10.065112499382433,-11.205171031243275,-11.430449313451494,-12.633154744581097,-14.032023776621982,-16.288027633908346,-18.019913386619322,-19.084409530729346,-17.701822373612128,-20.62978640606906,-19.337617942307293,-19.85837840766256,-22.71702311747276,-21.529582497108144,-21.879454700152653,-22.787368277353234,-20.376492861324483,-21.195996631984883,-23.842640328796257,-22.45300254268082,-21.51635501746381,-23.416186137096766,-23.81833394553561,-23.516117335343786,-23.124454335886362,-23.27200105044227,-27.995354095549978,-28.428279282877543,-29.056785049696895
-10.530757143012558,-11.926766107124843,-13.741910590970956,-12.750604118440592,-15.396183163351125,-14.193049054935349,-12.439000761418251,-12.10249173400941,-12.037015226183623,-12.345085146685037,-12.66478634768475,-13.17836039356457,-14.006726803388158,-13.41378180523306,-12.586874994857707,-10.924520717352323,-11.609779753204005,-10.701878483180858,-12.059086136270714,-14.261070118035146,-15.883851491980707,-17.912764230951947,-18.02741814665768,-20.22494398372948,-19.354927538308488,-19.308453375956198,-18.718408698682346,-20.401690153168875,-21.379867129056677,-21.84941319379731,-22.792662294658676,-21.339943870179518,-22.356899777392982,-21.366422784543207,-21.556052708046657,-22.086260436171024,-22.56842887586184,-21.79821986732491,-22.0360456085373,-24.368160341562515,-26.563836175341457,-26.85708859414448,-27.29071593276179
-12.646653668899262,-11.765958841133266,-11.644455159333207,-13.568686197431084,-15.842448914740517,-14.4487413601571,-15.209259626415239,-15.749306984169777,-11.383534760035632,-11.633248386067365,-13.16975923164743,-14.213474615061108,-13.503850420189577,-12.823918009961947,-12.104582141858165,-11.446357976164311,-9.614663561875194,-12.18841524084703,-14.809745481857709,-14.664580203358945,-15.343209542226369,-16.80929853506296,-16.723629351453457,-16.901676006258707,-17.426402764566262,-16.649609069548134,-19.229897043660493,-19.138005239507923,-19.82183363869013,-20.851396762642874,-21.113654568721103,-22.598601953924074,-21.9748775391713,-23.552711156201415,-21.970489622128998,-21.658925414384022,-20.62197050951997,-20.550044189883785,-20.127441299568748,-22.60577808541472,-24.85433171480132,-25.53860031519352,-26.27499002197625
-11.201977319343083,-11.690927643219917,-11.822436026700986,-13.48762525309234,-14.769610955404174,-17.384260641540997,-16.202506143356565,-15.624255610859995,-15.986709620757914,-14.173762582934753,-13.279543905494172,-13.448430522936786,-13.10865500795845,-12.392358433467072,-13.97878203223365,-9.600937356854327,-12.374612197042179,-15.419878371819241,-12.962546108350075,-12.78477369669147,-14.142599171437778,-14.456953449696613,-15.312228508686038,-16.895480787557542,-15.331105502618879,-16.89097652885298,-18.113008121564942,-20.934337259757143,-20.091263373493312,-19.164981510350124,-19.208924802819055,-20.72253170346924,-23.137635155762105,-22.89610810350733,-21.278485697428607,-20.468370130971856,-19.616187939609944,-17.789024764632774,-20.65072364327867,-23.395263640586386,-23.30936071639055,-25.278074341710187,-25.651500305424864
-10.131844100433845,-10.917411170600678,-12.207694488802034,-12.90179947032004,-13.983862989679544,-14.538435535016152,-15.727747072776697,-14.782585301364042,-16.158870113351384,-13.48233119350588,-12.08141417467894,-11.927890725365504,-12.272341129996011,-12.232933292712215,-11.773109941362232,-13.36680467252472,-15.353913796752273,-12.858598613949452,-10.40244757312224,-15.898002720850199,-13.782906695258674,-14.802881564237458,-16.313024212569804,-16.432533035719366,-15.524018576866759,-16.95632866112608,-17.398163912669236,-18.338918216356852,-18.15254833419577,-19.492119852259624,-16.83439390079696,-17.87802045165768,-18.96141831928614,-20.480486492910117,-19.453404736845513,-18.759203720941855,-18.81109291370945,-21.174502923698114,-20.914107060414278,-22.361323531799083,-23.05993523877873,-24.198828934506825,-24.609785326888876
-9.461717972356254,-10.059680064362155,-10.92420037164021,-11.32083504209387,-12.344857285718202,-13.141471514765783,-15.171866874127566,-15.861849691135342,-12.954368692817656,-12.921420470686432,-10.11040919974224,-9.862716449164932,-9.315894200105667,-10.93200132241353,-12.09689850104855,-11.590377196210472,-13.203531436002235,-13.579821301622815,-15.686073831646304,-15.225667078359335,-14.11536096394646,-15.006743455945575,-13.13995155919882,-13.77379006604249,-14.100589077069758,-15.421423335556554,-16.911987404160335,-17.026416344607753,-17.339173330457715,-18.398021940382122,-19.35365944556329,-16.79345300898968,-17.113816792215555,-17.61330801074025,-17.1222512850904,-17.24068375650771,-17.990267416572685,-19.43960690624723,-21.22005303004703,-21.448396383732206,-22.242980138256463,-23.23149927075441,-22.623116008667267
-8.986581649124565,-8.932469797893384,-9.771386377492105,-10.692805724856942,-11.560005769221538,-12.822699759477437,-14.00037209875644,-15.087055461057318,-14.405057217272185,-15.768007451424456,-15.121089889296458,-14.347959528927879,-8.911578519347483,-8.927084043491735,-11.017039080115799,-12.579111152622787,-12.677678656606735,-12.850032696898293,-13.027519048135462,-13.132551227976592,-14.426594585978574,-13.139957933527578,-14.067634376503445,-12.383015070053382,-13.527567273578633,-13.407895174094676,-14.813452972548271,-16.279578341789197,-16.57605540060605,-16.42671145646544,-15.603255742690632,-17.13159983049199,-16.88062929853332,-17.92269689798925,-16.763617842963438,-16.06524290153612,-16.33245662645887,-18.34519105996836,-18.855328125405183,-20.316854628102753,-21.59223716352642,-22.383479579302797,-21.855996207914664
-8.89483871277755,-8.635854294984528,-7.33058057174925,-8.907405766314358,-11.217510086866376,-12.211889668739623,-13.686213118776159,-14.71151597549676,-13.9827427684063,-14.54578255338915,-14.958475642017442,-14.214912441978372,-13.791446733644259,-16.451454712192,-16.0621561222385,-14.378806906345782,-13.004136800980076,-13.909095010351097,-10.99221882267349,-12.060730077178942,-11.204924963462261,-12.357959674321418,-13.062383012719593,-13.344408781533765,-13.88901440587481,-14.853844628527344,-14.165184330087968,-15.208772858510883,-15.999895076163712,-14.52443579356464,-15.454762365728154,-16.72294326774569,-15.366270082068787,-15.154698320782765,-14.190996675896123,-15.342060793275603,-15.814564565154159,-16.407645678962467,-17.820284827510783,-19.430605960049004,-20.953182205060717,-21.20988114008231,-21.158526459819385
-11.5735606434208,-9.506476477617149,-10.123412058383774,-10.330096873146283,-10.187845682186119,-11.050384574848033,-12.199219303119284,-13.63311670120525,-13.897296282817917,-13.896604075262283,-13.84539212546496,-13.362801333386033,-11.622515819655204,-12.284457992930264,-12.750119248472819,-12.75962601090601,-12.63731992734144,-11.605929413490962,-11.457872387665441,-11.831670926767497,-12.862090678916346,-13.114735196288676,-13.51276752452639,-14.26158608124214,-16.197043524394186,-16.133785355048992,-16.85852844763941,-15.549795503577329,-15.001537161361174,-15.648520689366212,-14.830087644781278,-14.8161496878697,-13.88481708699813,-14.395935593470034,-14.153755899785562,-14.137974019089345,-14.341208685267647,-16.56365630281848,-17.507860348219317,-18.310709067279117,-19.85765575771451,-20.206695109500107,-20.387228642777558
-12.385958107939304,-12.46279904893617,-11.308858768072575,-12.684529081016118,-9.253689852344552,-7.583624929768989,-11.768028234317747,-12.630018878828007,-13.386306141110847,-13.130660368201754,-12.9372320932024,-12.45432351339109,-12.176440951344887,-10.62291026591124,-11.030840710163861,-11.323357875712345,-11.587065540759163,-12.206177262238391,-12.535474187829823,-12.165533846880335,-11.334699748947601,-12.958646355349426,-13.367753075859785,-12.820572187857593,-14.54060091442798,-15.211052946007232,-15.819253656492926,-16.27362584416826,-14.108420095313383,-13.682065726931901,-13.201659922739973,-14.222102947706619,-13.772428526136686,-15.247820882598017,-14.958424096046642,-15.191760155651112,-18.78322583475788,-17.025074051637304,-16.699104269484003,-17.261284183287106,-18.26562992742929,-19.707082020039554,-19.674182201128072
-11.183243052252173,-10.862873018182905,-9.960158502508337,-11.086008391068786,-11.951369410017103,-11.962255185472475,-12.115607112513667,-11.909862075021348,-12.899507248059248,-12.972328467423868,-12.748792743358292,-12.915065547301284,-12.295737859235796,-11.212386167661545,-10.438123795196049,-10.515896582133252,-10.684920106112806,-11.041269526167818,-11.530682222534486,-12.600053581648165,-12.270552932305227,-11.698366721428807,-11.886451139390797,-12.799531720826069,-14.399311640925157,-15.20997055101985,-14.203333844282659,-13.07337541159867,-13.927008134186188,-13.356635443243412,-12.816404404749381,-13.635476124444573,-13.159450402581198,-13.655851867859369,-13.743377274349793,-15.506775244340991,-13.7459168687177,-14.4348442516467,-15.218437549572048,-15.932404697374189,-17.01860252021502,-17.917866513923812,-18.80425436872475
-12.404120630067561,-10.851394773954233,-9.456740232402275,-10.478473770520313,-8.860173911726989,-11.498428912029455,-11.298824449225219,-10.935114038200403,-11.891791269672888,-11.507029831429186,-11.430300661784862,-12.893630147372791,-12.10598104924748,-11.382941700859533,-10.66090890198371,-11.602074533137392,-9.646860470386267,-9.769578554126678,-11.352356907939773,-11.180838961411256,-12.321466497799719,-11.244689918215165,-11.307631179165739,-11.651287482896867,-12.218888435220505,-14.047532594606542,-14.014104049449243,-12.9469347044747,-10.327878627849218,-11.523416618774068,-12.157587473617577,-10.868649105462953,-11.727970971519884,-13.446699987652451,-14.663756540610061,-17.163099361005834,-16.172604094359333,-15.275086621628423,-14.17312491108435,-14.915152027487823,-15.859150307562565,-16.71619240126348,-17.278350394387925
-13.174989024406507,-11.896392261183351,-11.991700363050072,-9.297073624846757,-11.03261276709826,-10.112093713653143,-11.16143922787623,-11.139915908118693,-11.958480687857097,-14.936220013949109,-15.229672485656485,-13.554309455938933,-11.961750248901385,-11.509624194277329,-11.061051850155797,-10.224127183216252,-11.015182025673724,-10.230514423393249,-10.116435467756618,-10.593668202718407,-10.832616875779328,-11.20265337200765,-10.905939522125847,-11.268165643099161,-13.141675901423856,-12.987906353014425,-14.659518773405896,-15.376706306491064,-17.552854538391358,-16.97553114549774,-15.002528773344602,-14.238852885689692,-12.116018691334837,-13.067695800858697,-13.02917334792598,-12.787205300860853,-13.513175875739305,-14.320351346737063,-14.628954449798012,-15.35099908541557,-15.174619316356925,-15.402490129957572,-15.480671069839469
-14.539863287117958,-13.435404689914094,-13.46919897046317,-13.35046054877678,-12.01849875761099,-10.993493965296285,-10.075962900275249,-10.316114802618113,-11.763283574534476,-12.0606939804625,-12.071399278881449,-12.68899743078563,-11.93268343997442,-11.38051850581849,-10.342802826520746,-11.060107592772676,-10.136724068444238,-9.918744423833335,-8.82844280742246,-9.054601089864072,-10.981009401281465,-11.436918963767008,-11.706015730537697,-11.751601246618401,-11.091641210174007,-12.244594210661349,-14.206677917909959,-16.207512720574677,-14.947438134451154,-12.95911570690332,-16.010986957154888,-14.581203114250966,-15.484219345423075,-14.595283945389298,-12.911507417393114,-10.039913699993418,-11.965661683743662,-13.590724566553925,-13.370529234924577,-15.316890991279934,-15.76712617592541,-15.792484719871325,-14.780685405893442
-15.063652956939249,-13.55090001143888,-13.352396821147721,-13.375693680017909,-12.673208359655012,-12.213737447184974,-11.35078982790121,-9.045971705785101,-8.588402525521044,-12.456720128128165,-13.862910833312345,-11.013875414815882,-11.723488769159609,-10.704980621220908,-10.045996815827444,-12.533321658993957,-11.543843821383915,-11.343689043982177,-11.330784798250784,-10.375455187121368,-10.77856910631148,-10.156961960914835,-10.1587684580551,-10.299273575369504,-12.205967330005196,-13.81836065213239,-12.667217186183533,-14.839082569620732,-14.722111333237901,-14.245005891417712,-12.695272648239316,-13.472110205194625,-12.382884109220921,-12.46026715914343,-13.13520652528144,-12.980369673696472,-11.846153975106418,-11.327469137780783,-12.257613341429504,-14.209380546215936,-14.254243037494698,-15.210085394909663,-16.279744229767406
-13.606708581511292,-13.356810863864107,-13.597478922938585,-13.173823987475785,-13.81020027415591,-13.028505700250758,-12.171900278468552,-11.107857862554503,-10.120207563738395,-10.900120191242307,-11.391537765806769,-15.04561142434042,-12.631136493048398,-10.945834269873503,-15.000512113383877,-13.614876911931708,-12.58379622963656,-12.135146744612593,-12.018636033889631,-12.767680703951285,-12.268024874044869,-11.18775060837249,-9.757261605231397,-12.639284820653177,-13.11340390041487,-12.642896567283007,-12.300312079295818,-12.791144553327467,-14.269859308676615,-13.294376447206641,-12.502073117042919,-11.657077146671403,-12.125472474074478,-12.51620372809169,-12.475692834188441,-12.95715307745122,-14.383990621044331,-15.029292967132138,-17.339081590512585,-12.959690639919543,-11.785439108507106,-13.315663229189738,-14.631332250459382
-14.342470028125522,-14.113695899083574,-13.039348164167027,-13.89256302360543,-13.895918389972703,-13.481203855000302,-13.144831703359683,-13.893023701037935,-13.43808192885345,-12.841031587153129,-15.118316367075419,-13.392721058886284,-13.550355411587773,-16.016140489107972,-14.086870655284752,-12.80170534589202,-11.38507621722556,-14.064357858443852,-12.99277955467664,-12.7903188588292,-11.57679731492853,-8.600306748672862,-9.656423860576684,-12.092560936216682,-12.784655443845079,-12.24042698194281,-11.621314144185547,-12.31405161359841,-12.905911160762052,-11.421692523178967,-13.229069793919532,-13.367512387735946,-13.135547981259052,-11.198070623272784,-11.707890957612797,-11.400909097852253,-13.492667459882986,-14.662441465838041,-15.8456512414318,-16.515063035252545,-17.046593316906396,-16.552261692478154,-13.309924611330693
