public/json/wind_2018-09-1608_925.json
{"header": { "discipline": 10, "disciplineName": "Oceanographic_products", "center": 0, "centerName": "Ocean Modeling and Observation Laboratory", "refTime": "2018-09-16T08:00:00.000Z", "significanceOfRT": 0, "significanceOfRTName": "Analysis", "parameterCategory": 0, "parameterCategoryName": "Currents", "parameterNumber": 3, "parameterNumberName": "V-component_of_wind", "parameterUnit": "m.s-1", "forecastTime": 0, "surface1Type": 160, "surface1TypeName": "Depth below sea level", "surface1Value": 15, "numberPoints": 4800, "shape": 0, "shapeName": "Earth spherical with radius = 6,367,470 m", "scanMode": 0, "nx": 80, "ny": 60, "lo1": 109.0, "la1": 20.0, "lo2": 116.89999999999955, "la2": 14.520000000000117, "dx": 0.09999999999999432, "dy": -0.10000000000000142 }, "data":
[rows 0 to 19 of 60, columns 0 to 45 of 80]
null,null,null,null,null,null,null,null,null,null,null,null,null,null,null,null,null,null,null,null,null,null,null,null,null,null,null,null,null,null,null,null,null,null,null,null,null,null,null,null,null,null,null,null,null,null
null,null,null,null,null,null,null,null,null,null,null,null,null,null,null,null,null,null,null,null,null,null,null,null,null,null,null,null,null,null,null,null,null,null,null,null,null,null,null,null,null,null,null,null,null,null
-13.159035033395998,-13.553162956049537,-13.175571130170521,-13.331129599961585,-12.942979152805728,-13.606257329083373,-14.609787604368591,-16.371714322589035,-17.068161660741687,-17.47521419197128,-16.806945290772997,-15.96057448592352,-16.403396574547948,-16.089059694583057,-16.040316030887954,-15.398791574131756,-14.171979665444038,-13.310711996855716,-13.265030293227735,-13.227154269246748,-12.8825069730126,-11.714435340395172,-10.877992650444462,-9.728326532874863,-8.543997891082679,-6.872965732628181,-6.17310483846525,-5.118020930451392,-2.5771346056457296,-1.0333359467694876,1.7006047388699992,4.0402587322902335,7.331647045059876,9.912777425661368,11.623454710895892,12.256850926601357,13.323408003233167,13.463951803204177,13.844677337457313,15.332196150364698,17.470316561278118,19.22136030322869,20.58733797237184,21.22126189089054,21.28568445057538,21.76365366752651
-14.203556084210717,-14.362508090857121,-14.479106924709978,-13.634862227161307,-13.182493851800148,-13.849788752318052,-15.235990022905085,-16.68319249787865,-16.387565406672408,-17.619799660342636,-18.059494905104035,-17.182218599989042,-17.211801268969342,-17.071371535161646,-18.277110930119534,-17.645626377448927,-15.194078801359462,-14.026501188081859,-13.427832800516033,-12.609781011495329,-12.952448764342831,-13.055479773822574,-12.005714557895754,-9.47458381087597,-6.837142766403807,-9.632837189063313,-5.1919060653259415,-5.1180469754550995,-2.8508119062346164,-2.3608972345460617,-0.27901982219939764,0.4762049361219407,1.457212219579735,2.045212013802873,4.069570677887965,5.95081924880891,10.269932732366705,13.931617184699952,14.485751702179883,16.275423219236195,17.366964075044102,18.705819403323176,20.51176260996612,21.867866721606855,22.724107170655643,22.895913898053923
-15.538883948223594,-15.213667476027327,-14.507392101366877,-14.032529950960452,-13.03592130120555,-13.517102684449133,-14.062514101966926,-14.612062489312411,-14.686576818805115,-17.094093932624485,-18.333077029079732,-17.15509686340602,-15.943695501635599,-19.26242782200363,-19.788563744282214,-18.204763289994148,-17.21751585539084,-16.395541312071924,-16.023842303574135,-14.912216322926898,-13.037389588853602,-12.56859647288358,-12.873672147410169,-9.283100470995798,-8.836990184753361,-8.193065105453146,-9.040523693834135,-7.231113863244646,-6.126994667227308,-4.960927984050029,-2.2714825589034398,-2.7900313905261296,-1.252819844400686,0.1987160287603798,1.1572641690879046,3.986989324209863,6.823633406304656,12.423634629043233,15.07097178966513,17.56799861033736,18.397838942320274,18.02448346684495,23.056697377721154,24.889290300730412,24.698517913296918,24.63582554363404
-16.58067263493446,-15.393829937667746,-14.507182329772073,-14.296648688634447,-13.486794763686865,-13.010410802420544,-14.355337428292948,-15.589258945628954,-15.880171858320258,-16.01959617561779,-16.55997797995328,-16.97833863149702,-17.641977776498166,-19.139592745194403,-18.698490564672753,-19.870878104221635,-19.259284611335765,-18.217791847364527,-17.412324630915585,-15.233070539459238,-13.83869838032225,-10.037181707368926,-11.999823450215693,-12.406122468599847,-12.484172153571159,-8.960735857132798,-10.019415556331086,-8.004525417101966,-8.880120611061898,-8.341466646238217,-6.054378933655941,-5.175433446087349,-1.8627611981356385,-1.6669931877645454,1.5678737165244285,2.066651942894496,4.686121217839434,8.709254706255816,9.957337215588538,16.46205195102748,18.275520822171963,20.527267815607964,19.964523154766333,25.053970265223757,28.347816998322525,27.255138816915895
-15.845319055136153,-15.011959673963753,-15.130482331194086,-15.519518259620778,-15.473787257204446,-15.291937269589038,-16.25205650483121,-16.92232305615762,-16.637758309203925,-17.69834996712598,-18.32820146286148,-17.419690944158265,-18.47223650442338,-20.26220214306696,-21.08565023831843,-21.910302440692448,-20.662034871415543,-16.824202663896845,-17.351075273380907,-15.568875767466233,-13.040623230588265,-15.815843949435195,-11.279866607358521,-13.28998075155245,-13.249681507384297,-11.817805730294623,-11.059983065229883,-9.886152507693671,-9.907527357062433,-8.669575256531335,-9.061794889268956,-8.581833828606978,-5.846392119728278,-5.181746911524913,-1.720102185349127,0.08245306010334752,1.3104835337044416,2.659281613695295,10.489768619622028,12.991724786894943,16.33559733349352,15.822237930227189,19.98953319769388,20.964052562796738,29.229974235545498,29.894420477922708
-16.986888910867513,-15.868160841507848,-16.322743711539115,-16.78363845205109,-17.175767751990257,-17.07867977189491,-17.815579852145596,-18.3759431187794,-18.203784278139658,-18.84208473601157,-19.371670415783484,-17.71458604740951,-18.213203732148287,-20.32795320612062,-21.119214999635837,-23.155891222341324,-21.389598375645548,-19.23883866895547,-19.017448162914263,-18.646355817752845,-14.57603728142217,-16.106202514145135,-16.556579201225187,-18.06718797389136,-16.258040716216172,-14.590120404029324,-13.356784068480929,-12.85192489947697,-11.887717999528126,-12.654264324733347,-10.885759525333468,-10.267665962857699,-8.554035086612075,-7.007945477278206,-5.643282428145379,-2.8950082731661366,-0.5921872694076756,4.196890190406296,3.9546256463569676,8.93598282691829,13.10423630416716,14.808666369341525,21.26533396244914,21.77715402913853,25.168994913281725,29.32778940679932
-17.813759576342058,-16.71504798701469,-17.686941997392275,-18.15547808440475,-18.938506914014276,-19.325077648985186,-19.6532015164858,-20.04135233625407,-19.21585912188496,-20.204165559807876,-19.770044898762524,-18.369437520995014,-19.392167349581182,-21.37454686488988,-22.28332406311273,-24.336600924018143,-21.645603009006415,-22.055537966299458,-17.977953157328578,-15.640052742658858,-17.581835008666896,-18.050936437414826,-20.442596628078235,-16.400875100381473,-17.804833461832526,-16.683004742210308,-16.506350907144693,-16.90749334512723,-14.244711415200761,-13.571011868914098,-11.790582931624341,-10.407513050363502,-9.366421423451579,-9.541300174359344,-9.2971179828642,-8.018269016569054,-6.075428339624196,-2.3492580003279055,1.1771210213382108,8.37591053282391,10.567139527000897,14.299543228047229,18.50848265229069,22.658217578556457,26.690558652884274,32.50812885043719
-17.83507529323518,-17.883515370173654,-17.969612183935354,-18.056932509014988,-19.834208973313206,-21.056410214596635,-20.404005581747008,-21.750227627257907,-19.887979946913056,-20.992467602531626,-19.88990120886467,-18.962248492688488,-19.96294525692191,-21.739351827946372,-22.89611034437601,-23.76948670491725,-22.694979849734267,-21.641713915083542,-20.781334862315504,-20.209787515609534,-20.23522450615112,-19.204188603824285,-18.954756221052058,-20.34745463973512,-19.252803912893874,-18.96620233151667,-17.655179773411103,-17.26725230838329,-17.924403416156643,-16.80807464558641,-14.600969682306697,-14.623810774095823,-13.506604458561968,-11.56270667950026,-13.269255166208918,-12.123703640911636,-9.787583652290506,-6.1492866254495,0.19509124255794022,4.180708400705793,6.965117270002697,14.038836715812916,20.293890429035546,23.625832310293355,26.266966455608383,31.36819165639399
-19.818529548730584,-19.629056131201757,-19.86834792923137,-20.002057195556485,-21.099627236668873,-21.426436297149735,-22.287322551624513,-22.990351844157423,-21.034655804168658,-21.176924855975024,-20.24090366677594,-19.393281686984892,-20.820812084859426,-22.86806219975714,-24.63426239442999,-25.29956562195963,-25.10609152736049,-24.749441601517862,-25.54928600472951,-24.110951420288735,-20.61946964351993,-21.262497605698144,-22.248487159744073,-22.169139492173315,-20.334179417950278,-18.9446492867932,-21.460383105433163,-20.469618842085318,-17.548807451415332,-17.79649860084717,-19.81173911185861,-16.859595590920318,-18.32870522349272,-18.931218657219706,-17.29869891624918,-14.782700565207636,-13.170005942665885,-10.242065899148544,-8.632409856117723,-5.407215370699713,-0.20836846708282786,4.516449535945548,13.540216916819142,23.900346095697817,28.57005989940277,30.245751427444674
-21.162185732532855,-20.94771926015137,-21.008520423052705,-20.994990303628505,-22.018930657625496,-21.29226106114352,-22.881698187631606,-23.094438054194455,-21.63258624017772,-21.20721907684544,-20.557664413129427,-20.41390689629893,-21.132067275602026,-23.592593070943966,-25.626915013489366,-26.42550462697771,-25.521809350801547,-25.34191856750671,-26.26386673987014,-25.34855097620823,-22.83898176380433,-23.934358564946873,-24.34182094075743,-21.322112632492544,-22.17386162719734,-22.929896856405932,-20.822293336101232,-19.63282910645734,-22.627894519652124,-20.808540137679778,-18.918772852368814,-20.406592176952003,-20.345001081835665,-19.74819793145027,-18.97172117879099,-17.696058640422272,-14.816604657438306,-10.337271532624369,-10.774111667437776,-7.648694446777583,-6.763000119410976,0.9547791001216615,7.5977575993503805,20.767763315638987,26.266036471112308,31.505862243896146
-22.048915939369355,-21.723966071556067,-21.311607060492193,-21.48737634788032,-21.448462519191864,-21.317137591405164,-22.937523083439714,-24.13701764661312,-22.1477429754799,-21.679592639192407,-21.07976661938847,-20.855935164336174,-21.320559417942942,-22.599156170567618,-26.49578690027122,-26.303327893415172,-26.046235529947857,-26.053290643638867,-26.98998922049218,-26.576468506040708,-26.976767068159244,-27.377168178985926,-23.857998806347357,-24.903343118035966,-23.580784247583935,-24.67511089746198,-21.307658820052584,-22.52427962426286,-18.183218059247224,-19.390447753885624,-22.06378469482165,-24.06631279170128,-24.19821767347838,-21.886374033168526,-20.62606675702704,-17.89548156966257,-15.602551580805086,-13.471999100833457,-9.436862000761485,-6.4389545026884,-4.510962531640645,4.189660879684553,8.69765358878161,16.105245485164403,24.4832987433156,33.18817810491005
-22.519720969016074,-21.789554853611378,-22.290441937157645,-22.13916720893375,-21.023973748179355,-22.536183724820237,-23.305987063476447,-23.85866381861379,-23.82322683876137,-22.35612314084436,-22.966811882904956,-23.97388827680873,-24.11134151758081,-23.56219626610401,-27.359316920663616,-26.44375367281474,-25.913837303680772,-26.516599005513505,-28.319833407025328,-27.725265871915585,-28.11737278737665,-27.015904960328033,-26.298603519879528,-26.74709520363129,-26.889970519384796,-24.85361815958307,-23.362336243559767,-19.096965180148903,-21.691056737924725,-27.327867388802073,-29.14439049460691,-30.259630595306028,-26.69298195261788,-23.395902790940696,-21.122130207030498,-17.51482717767515,-16.597615939315645,-10.477176515084862,-5.532022174498006,-3.3612955430760145,6.356667720663436,7.322222702904242,8.580252478705072,13.563843689874357,23.44548740484519,31.8498115538173
-23.128347609829838,-22.35020572828169,-21.870619704419088,-22.0726396963645,-20.719989480069035,-22.872932631247835,-22.89648923877195,-23.95615247327185,-24.249993828836963,-23.82503647732473,-25.270386850881383,-24.71967298615082,-24.692247435004166,-24.050929464164447,-27.803927814120986,-27.824350592206684,-27.14522353153797,-27.39114799236525,-28.496420882063703,-28.34244897504243,-28.52430047136297,-29.33745876885233,-29.44169460514023,-29.635670938267097,-28.585249400611772,-24.86435092021882,-26.525241733660454,-30.821773053555077,-31.673842884108442,-35.33199196653223,-32.96409513908814,-30.315157976786757,-27.821226886826622,-22.42239199923972,-19.313619865228926,-19.963364439357598,-12.704120570790712,-5.5399192360546365,0.12470860949510963,0.7857760845800131,4.037794740274443,6.89170879594999,8.482449755446188,13.777985741628278,23.051414566157966,32.05040688016294
-23.254865902927218,-22.843062238371587,-22.158086899729447,-22.725739998925405,-20.777151297601655,-22.336140059103,-22.96038418889075,-24.22478648690068,-24.457001534659142,-24.313059964926566,-26.52098314555132,-26.412116120489177,-26.086000309102456,-26.887223945458572,-27.615384244594555,-28.582709396507955,-28.588735539693175,-29.24107183452446,-29.3255487255952,-28.962261521243516,-29.397046739246868,-28.109125072648077,-26.50818538373051,-29.450731715012143,-26.780008099144656,-27.33625734480274,-33.87734596506248,-39.01649324323866,-35.15199464377621,-36.0781111524611,-36.17494455403789,-31.970381610964743,-28.524545340106464,-25.769084661978628,-24.74743436140873,-25.738634117934026,-6.360399872405659,-0.784901225974476,1.3828539744001478,5.191331396514444,5.703659456579514,6.885662687668593,8.215241736969102,16.11585770499164,24.32391334034321,31.14364213049261
-22.740287958969446,-22.510236929330915,-23.6297547072874,-22.22357517631861,-22.96656675230189,-24.01701592038772,-23.76573330971548,-24.85223478318914,-23.995691342772545,-24.84219247146039,-27.489200677092473,-27.975448664525345,-27.887259795661144,-27.743483584049418,-26.657503994305664,-28.210063717572858,-29.854500712515822,-29.42410576765819,-31.386507491492473,-29.653143454469483,-27.973528228758944,-31.800862975180195,-28.77836831770099,-27.781480543500134,-29.552394121051545,-37.95528678346079,-36.51437262686839,-34.49865112181046,-38.0114919295351,-36.8617674876675,-38.663337685438265,-34.35954624987947,-33.743708941764275,-35.235135828613856,-33.74283738921284,-15.517013071405422,-3.939059861728005,-0.3594655465874017,1.2905701761619999,4.147907833356409,7.3989232150562305,6.89134480141782,9.043067807188404,17.87045098889193,26.54546286409077,32.74348133210759
-22.12323172580204,-21.248184463767483,-25.159228702406534,-23.52875658231788,-24.474557819914622,-25.243603809043915,-25.961552914997164,-25.687041169193186,-26.19266116347123,-27.626259387998644,-29.314148224052513,-29.144837243307343,-28.03416536424648,-28.791159429768364,-28.32916962861615,-29.383258460283983,-29.424633833111585,-30.424277276827482,-32.41774135605905,-32.02605954987172,-31.22645932222997,-24.573933426178804,-33.43951069274356,-30.414951201489323,null,-40.07575725390034,-38.28325493151278,-38.41434660558076,-37.58927473648538,-36.930205521528656,-37.98882130076216,-36.75627810682187,-36.541701826803305,-31.66929275530415,-29.453190042721673,-9.72093383892036,-3.043969319352916,-0.9855174401302916,1.6029731928785598,3.729354477634101,5.857160255695492,8.98558269867392,12.43597655351312,20.542068147281224,28.394059438639736,34.613910925248874
-22.0097514733749,-20.684770438655303,-24.74677043896656,-24.102903808179086,-25.210482532136773,-25.760904160284348,-24.576538660271293,-23.923577079095065,-23.975023984073395,-25.34853578989988,-29.653321472015534,-28.854602616700568,-28.15648389523401,-28.95263527043904,-29.035109244114942,-28.409189278086327,-30.27713037373668,-29.17442447689989,-31.759218981435716,-28.756391598248825,-29.02208835390053,-28.053260167368858,-38.581451590592195,-28.87928593259407,null,null,-36.414321452426094,-38.465086988537735,-38.210592735696224,-37.69064923719948,-37.18805563607749,-38.76833627731993,-36.340074087087146,-34.47168200966009,-26.935745179091928,-12.840785022287253,-1.8997298317332192,-1.5538555493927781,0.3536522744724992,4.283703167022914,7.690091813470138,11.066390119698724,15.873038413577948,22.816464016348178,28.82884885737745,33.162843881855345
-21.555716613345755,-22.27650260416495,-24.933883653619283,-24.41636182310784,-27.215639767869405,-26.41812136181683,-25.56919794205172,-22.857323003626725,-24.72251790612092,-25.080386140884645,-30.037847412305716,-29.734845424941913,-30.98422430408929,-29.49374564018237,-28.802992881061872,-30.307886031071707,-29.873783492711976,-30.325773550384373,-31.615115962459527,-32.64787260731936,-31.57835344312869,null,null,-16.04254191488344,-32.875171304973634,-33.602084688178834,-37.577700616628604,-42.10001068751071,-40.703335853200024,-39.975926274434265,-32.42747360439113,-37.09341739157975,-37.14506021301777,-32.75230384998202,-20.394864158052666,-12.813025074096785,-7.231205229725691,-2.8483552193227384,-2.388967906471387,3.086380764652395,8.532669469356868,12.88672394228017,16.926559582545334,22.86345398813165,26.467714191332732,30.93940832695364
