public/json/wind_2018-09-1602_850.json
{"header": { "discipline": 10, "disciplineName": "Oceanographic_products", "center": 0, "centerName": "Ocean Modeling and Observation Laboratory", "refTime": "2018-09-16T02:00:00.000Z", "significanceOfRT": 0, "significanceOfRTName": "Analysis", "parameterCategory": 0, "parameterCategoryName": "Currents", "parameterNumber": 2, "parameterNumberName": "U-component_of_wind", "parameterUnit": "m.s-1", "forecastTime": 0, "surface1Type": 160, "surface1TypeName": "Depth below sea level", "surface1Value": 15, "numberPoints": 4800, "shape": 0, "shapeName": "Earth spherical with radius = 6,367,470 m", "scanMode": 0, "nx": 80, "ny": 60, "lo1": 109.0, "la1": 20.0, "lo2": 116.89999999999955, "la2": 14.520000000000117, "dx": 0.09999999999999432, "dy": -0.10000000000000142 }, "data":
[rows 0 to 18 of 60, columns 0 to 41 of 80]
null,null,null,null,null,null,null,null,null,null,null,null,null,null,null,null,null,null,null,null,null,null,null,null,null,null,null,null,null,null,null,null,null,null,null,null,null,null,null,null,null,null
null,null,null,null,null,null,null,null,null,null,null,null,null,null,null,null,null,null,null,null,null,null,null,null,null,null,null,null,null,null,null,null,null,null,null,null,null,null,null,null,null,null
-0.10174351187338976,0.10821398905992352,1.1340070318822075,0.9334409161882957,0.13383998668496042,0.13965996679167078,0.7102107739692148,1.0899425122976087,1.1603918573114589,0.8685914177159555,1.1207876084943311,0.6281129744124961,0.24176800645722776,0.13586947748931696,0.35219681770345684,0.1409725349522605,0.2756963193508845,0.4119010901652047,0.7186993580069525,0.8455226257191601,0.561373892762643,0.990728869501636,1.8253897518574091,2.9534618484613793,2.878504755725772,3.0364824767352996,3.934715561940235,4.260793619801758,5.431220862015786,6.517556667637744,6.724885178657431,7.434828009587293,8.481781442520793,8.441396711984698,8.156204972352029,8.20407009264781,8.793946272321715,10.292155441221537,12.252221770763814,14.562566695146765,16.360995979927313,18.04650184922511
-0.7727402672131637,0.25613869524779276,0.9259582209177988,0.26940485881147513,-0.3219928998002293,-0.8348019043941963,-0.42146872772981747,0.18008575896537118,0.4777980322380732,-0.4544459193260212,-0.1340148908664498,0.5784450221511617,1.0612851132365204,1.1626318454398399,1.2764062377079193,0.6313462542814609,0.8925287710280284,0.19562969048183187,-0.6620307248643409,-0.34272914101296587,1.016390688717484,0.8993406526643913,0.9018315220642921,1.5424455310728282,2.6458328903426,3.672616085012131,5.452175794985505,5.746445918413577,8.164844729040576,7.624725610904126,7.414202851042914,6.946556199238466,5.648851525533953,3.6142593090122297,2.4316972303963285,4.881688906113383,7.539782146754472,10.029622460798148,10.448719703438787,8.774295882256554,12.10201608618765,14.013295854590538
-0.9672739566128672,0.3508867024544773,0.27503770945644507,-0.5300495304822542,-0.733322222908261,-1.656881834225831,-1.7645989942460116,-1.402270309637105,-1.7993642634503173,-1.866324281008131,-1.640673405112666,-1.0133844020534397,-1.0703220474702897,-0.48569372754053786,0.23486365312851637,0.2153464474707807,-0.7383468463447249,-1.0399457478044676,-1.3295420531338444,-1.7496730578717579,-2.544246449504801,-1.4415005347928007,-0.13887062422080715,0.18364267543467772,1.2533741624209904,2.5885605070319593,4.099174963681259,5.656680478410001,6.054929563051036,5.960070928444702,4.607832828031985,3.952990144415998,2.411779571128055,2.6621162489821053,4.629241311005168,6.967470236614958,8.223428849203753,7.834248576311355,8.026470172453989,10.224941783274929,13.349157878276625,12.490846728469743
-1.1604016078271326,0.2668061061358697,-0.5858089907870134,-0.9942539703347241,-1.3067666762764005,-1.8514228230430856,-2.4298769063118524,-2.2467776085928177,-2.803020490781694,-2.8487169904615866,-2.718396900290301,-2.6685565703723984,-1.8254479996898534,-1.4612373930576963,-1.215514532080135,-1.2294525889381962,-1.5748840861881932,-1.5485909883971047,-1.363843900204893,-2.092669346435185,-3.2613685725587738,-3.1394363999634525,-2.5294253059587675,-0.7119216208841725,0.3501734207948112,0.9048828755440623,2.5321035020923883,2.3890308337429023,2.0834450777390523,2.092376061749192,3.486068796275445,1.833974023594376,1.6398541720103286,2.1219644685490806,4.015431431806056,5.489953243001132,8.304604644599754,8.595732608580414,8.007814303208534,12.938690053436924,13.252561074154954,10.364468240791346
-1.8701984337235271,-0.4656890228262001,-1.1821467871241893,-1.9113668092821423,-2.220194075567717,-2.7073285569126986,-2.7739141222164694,-2.6095929791159627,-2.848366925400953,-2.9956213990846683,-3.1921532726951627,-2.8872592551798286,-2.7410234199741086,-3.0715021251349404,-3.3350149557171496,-2.8552172108298275,-2.079064291804214,-1.1133669170498113,-1.2814569967278362,-2.2933659797263988,-3.3718006764804773,-3.9405403933931087,-4.408887567208387,-3.0119580502043375,0.0017801938491929814,-1.1803195587713349,-0.23820343954931064,-0.24962976528381658,1.4084400749379722,2.3821449832386343,0.6954889292450086,0.10692331721599035,0.16599312446648667,2.010584580378488,3.2810125550327394,6.008312414880913,5.588557003531995,7.732480081403937,10.219391583979554,11.869703830787017,11.655086804354532,14.027043592447594
-2.272618190939271,-1.9128958445964348,-1.893899591980547,-2.7287967442399155,-3.2456140916376053,-3.1275038095513437,-3.2261657789565525,-3.378686883426401,-3.529086684509826,-3.6814893750158433,-3.5496952353409608,-3.65044454754618,-4.431890778570176,-4.721987969565613,-4.5189721033432555,-4.2376243841068355,-3.61905411883293,-3.219191485145087,-3.085668888293296,-3.4978764195487857,-3.6715026262361175,-4.365333398695153,-3.799553096311233,-1.847325033670828,-1.2242795286203072,-3.2003401755145524,-2.890090628097337,0.3977822564506933,2.042515794803468,1.0855985047153707,-0.00845800421290771,-0.3918665290475166,1.5186453199476757,2.9555576425189307,4.453389568935372,4.64348853556257,5.246373178905005,6.940829369225442,9.387522285507137,8.043855908311446,3.878321491346575,4.386996148486941
-2.647210159827855,-3.016159959912442,-3.0368147383011745,-3.574243969532824,-3.7467887051672446,-3.7868949623823083,-3.619498026471776,-3.883133684922266,-3.7779941581123633,-3.539930133183247,-3.9307670100182728,-4.701356034658373,-6.031956911297656,-6.061776291103237,-5.8425394138079705,-5.762753453577743,-6.095520825791313,-6.81065641206942,-6.717229654975652,-5.706917344429214,-4.879205765599655,-4.464475010920987,-3.2520267372047416,-2.672833926538093,-2.726775886392051,-3.732730808240224,-1.237867690483634,0.44133569619433033,-1.3723521872450932,-1.2454363542831988,-0.5812218578101562,0.17208885999361287,1.166393039766745,1.8875659622556125,3.0357880069516354,3.1877034370420354,5.359117611372146,5.631698142604167,5.172910336619106,7.180402768781143,5.137447332586982,3.4199247094246594
-3.3879260329734486,-3.615466282666632,-3.9031884686619045,-4.066978063006949,-4.099156823354173,-4.339342109409667,-4.059825017554873,-4.2229570619202565,-3.83850426876354,-4.058062376460617,-4.723354850769432,-5.905005197298255,-6.648180405655237,-6.98072227757246,-7.219120378878787,-7.498738145669046,-8.079292701486489,-8.640678212989467,-8.272413527295914,-8.164059652797958,-6.2947522216421525,-5.238178209453704,-3.428915058250025,-1.983436166306986,-3.0729158794177693,-1.9980792558413545,-0.4842789018122494,-3.1086363865724005,-2.4038365526637895,-1.8142672641094264,-1.1706595607817845,-1.3779873219548686,0.48700462873002986,0.8970817318386326,1.8411257153184093,1.2854387744497526,1.6374235607560852,3.2700929241736807,1.3486668936667856,4.234326220645656,5.326906899458033,9.023308669935195
-3.930847866070891,-4.166206157792071,-4.776809436541085,-5.225271779470699,-5.01556488187903,-4.541704297426178,-4.444423665387937,-4.701234453466627,-4.185748028485438,-4.695426291763129,-5.625785909450728,-6.60595158455486,-6.854744450461988,-7.634392730137033,-7.914421382869665,-8.446224892868878,-9.295830906445246,-9.297791759840837,-9.439943446251952,-8.476003401367304,-7.0498233336056035,-5.927233822717944,-3.7975047416616303,-3.1304550183795654,-2.9926459397383494,-2.7179956028507353,-3.749781188629283,-4.291324032256996,-4.795566414845379,-4.725272570033331,-4.269167672519312,-2.540708157532001,-3.3518968297858773,-3.179283945456885,-1.5612070339893072,0.4538249143164631,1.2523980358333413,2.289301946719026,1.6711507011966371,2.7588230579600297,2.520339843131697,5.466141675925052
-4.452160027635884,-4.772570334122892,-5.602908187478892,-6.055142329907801,-5.813824879027393,-5.126026217577898,-4.821888233910401,-4.633741583978183,-4.274704199280387,-5.563189155617792,-6.036135981610802,-6.817286254400283,-7.4733606329650035,-8.05472456884122,-8.44708008516625,-9.20617811807323,-9.564958309496577,-9.255998933181296,-9.558952474878781,-8.148246655408858,-7.6989906445663046,-6.2612317676107585,-5.091937145005764,-4.240444056832008,-2.28798031030887,-4.677356014045634,-4.983097018547721,-6.429361454945392,-7.202765791973617,-6.522782737803041,-6.458636113357262,-5.511970570581908,-4.6986444684788715,-2.7293509482080247,-2.1803856373244654,-1.524818987736777,-2.272096553049886,-2.103157067629699,-2.2632135578906065,-4.020055214856653,-3.5285260717861346,1.4372027428099496
-4.683882956020105,-5.396568983350238,-6.253249302955914,-6.610553138938036,-6.938377373940117,-6.192765495468196,-5.021102297136033,-4.406402887294537,-4.977396761901991,-5.8510212960629655,-7.0026864155929145,-7.519347144636244,-7.959830048216289,-8.71687714089644,-9.395591501514456,-9.991609301417324,-10.013118075061625,-9.716865249447443,-9.656667894559945,-8.887832778135568,-8.054369357062653,-7.206759634311376,-6.377543227139267,-5.201777144317996,-4.58167096830401,-5.546479021918254,-8.354157958507813,-7.92380245021991,-9.66925143995752,-9.739447161854532,-7.5154399232411135,-6.309285725850048,-5.983778204499127,-5.9330184392196195,-5.808703655148874,-4.670935760024152,-4.9455125147605425,-4.043444241618358,-2.7808848683376617,-1.6737898322942992,-1.0029899593298146,-1.9993107240285688
-5.957197558418887,-6.09500640707823,-6.640076729811743,-7.1488853479268055,-7.479146128734618,-6.890337486446257,-6.176888343396783,-4.3418797699970195,-4.692660229735935,-6.739424092896808,-7.490708889888494,-8.072364391983767,-8.81921188497013,-9.63376648659326,-10.193549775700255,-10.510885904292444,-10.52530766002959,-10.08547711304603,-10.012410566266972,-9.939913708485108,-8.531795886596631,-7.779474387962958,-8.289137424214147,-8.03262384419067,-8.514965434733998,-10.115983828966236,-10.07821392670214,-10.488069635614096,-11.906605794083728,-9.524368139865057,-8.080894101835161,-8.327401243040484,-7.789649824106205,-7.778939690683313,-8.69569198278683,-7.8657408942884794,-7.0114426305104045,-4.497719872350203,-4.761765393760114,-5.888411317236141,-4.93091534756573,-3.8517671179760082
-6.937852200189009,-7.269235628846142,-7.109248269379116,-7.225250338914506,-7.90063561048661,-7.121719682272538,-6.702199256444839,-5.696395013033255,-5.657256257663571,-7.0534637085407335,-8.161600120296988,-8.852363259389014,-8.989096314859234,-9.51701806051191,-10.030977866595842,-10.9835667286672,-10.821905704110982,-10.450540353896967,-10.51342376619797,-10.745613487870717,-9.791115144185973,-8.535437604146441,-9.769805565880144,-10.628964434946024,-11.171669655697547,-11.27980645091186,-11.984407487787726,-13.194339451253544,-12.122877078390767,-10.83238488930311,-10.603295189020537,-10.38247003187518,-8.959900125598542,-8.356310920798798,-7.7032644148321125,-7.283507735832919,-6.751363752909906,-7.281823002261335,-6.126206448895065,-5.370513679858864,-4.89139588117271,-6.033897894586218
-7.590357205644619,-8.104100092106478,-7.595269836190938,-8.118402377273139,-8.33795461309305,-7.8442462136868505,-6.4875928694011655,-5.807365406611321,-6.922408137940486,-8.114646048820706,-8.538633898668177,-9.497394808556038,-9.093882940667497,-9.61028705379934,-10.59896170372679,-11.502970487429977,-10.9447318980423,-10.930995773108666,-10.66958841028368,-10.757552137016113,-11.683244790341202,-10.167365843632107,-9.912852167941226,-12.220217321399431,-14.25463580420953,-12.157476844804718,-12.412890588633223,-13.834126404264133,-12.822253652950481,-12.47713899093918,-12.362563799623722,-11.91562960653943,-9.841880959454226,-10.938900595057952,-10.922968788585322,-10.534365690486215,-9.28524743679375,-8.692204895709345,-8.190775240861225,-7.589103058318704,-6.323087630694355,-9.611445710594507
-7.661251937806663,-8.646847999799954,-8.80697770239052,-8.623790154045468,-7.92807026964845,-7.899773025592969,-7.534329710266811,-6.950601711785638,-8.090432154726267,-9.002885454130292,-9.130791340286605,-9.378770147543198,-9.332107388106659,-9.65492951583369,-10.384175850741055,-10.964360450582856,-10.770197479458005,-11.1158507154659,-11.258663145621473,-10.72606692353023,-11.379876702529831,-10.825741255291451,-10.628232302858445,-11.811908584518326,-14.770501105907805,-13.630680503063907,-14.17674962052575,-13.405505184038631,-14.579414602758117,-14.420050691446015,-15.59058541506123,-14.703262246382934,-13.53150997049475,-12.133715937899797,-13.04252201267719,-11.28935294177438,-10.589605697113617,-11.891042883435862,-8.598271896957202,-9.930674553229627,-8.065271746672817,-13.443963320233863
-7.8259599966488835,-8.708418801969387,-9.373399126135595,-8.933627415317494,-8.577030136587693,-7.6917439021371115,-7.855340208800157,-7.083865568361507,-9.030890973158051,-9.906328692182875,-9.634426992845263,-9.411560490676203,-9.402672121426995,-10.006133704001707,-10.704231084775667,-11.10370860297131,-10.589352870922774,-10.971884195150954,-11.152234366558321,-11.037698686194716,-11.379054140789776,-10.517780043275241,-11.791886128497614,-13.500404072547159,-14.804264306175366,-14.29624146822955,-15.641512287111379,-16.098067513966903,-14.996995029933592,-14.749790222659392,-15.042494379738356,-13.025591625893014,-12.268159363268158,-9.413352737429532,-12.583519868747818,-13.332507884202268,-12.170212765315133,-12.904747706224304,-10.557541569200502,-9.762129406364327,-19.018604819471268,-19.282709215208982
-8.257578362637572,-8.71039742748768,-9.453341236268212,-9.055675600136896,-9.077370830031075,-8.790188494404324,-8.245982804484521,-7.964508718885461,-9.142025017083409,-9.60239649147757,-9.505412596216136,-9.512244999575135,-9.432427689576848,-10.47838893782028,-11.159749133443954,-11.222950898168985,-11.843559906835212,-11.685310190599548,-12.249368212800912,-11.392558935016943,-10.048269062859012,-9.184475783981885,-14.004723819082404,-13.598320153673994,-10.382867390621369,-11.862321749663453,-14.849429083175247,-13.215017189332535,-14.451431736324526,-12.653496809492662,-16.71372418869205,-12.207809279736196,-13.588555858743204,-13.914543965721965,-14.265242667114151,-13.0984821515105,-12.712888794451978,-9.861189849558581,-10.324174885990203,-7.170371600710828,-19.286909112980346,-20.927265678036516
