public/json/wind_2018-09-1522_950.json
{"header": { "discipline": 10, "disciplineName": "Oceanographic_products", "center": 0, "centerName": "Ocean Modeling and Observation Laboratory", "refTime": "2018-09-15T22:00:00.000Z", "significanceOfRT": 0, "significanceOfRTName": "Analysis", "parameterCategory": 0, "parameterCategoryName": "Currents", "parameterNumber": 2, "parameterNumberName": "U-component_of_wind", "parameterUnit": "m.s-1", "forecastTime": 0, "surface1Type": 160, "surface1TypeName": "Depth below sea level", "surface1Value": 15, "numberPoints": 4800, "shape": 0, "shapeName": "Earth spherical with radius = 6,367,470 m", "scanMode": 0, "nx": 80, "ny": 60, "lo1": 109.0, "la1": 20.0, "lo2": 116.89999999999955, "la2": 14.520000000000117, "dx": 0.09999999999999432, "dy": -0.10000000000000142 }, "data":
[rows 22 to 43 of 60, columns 0 to 48 of 80]
-5.131338558781673,-4.739209539788914,-3.304294397210077,-3.601868718587727,-3.671678403446589,-3.1333016594113094,-4.905061387473265,null,-2.4841864268838822,-4.6245484921838536,-4.19681424947499,-1.7192747563360626,-0.22856174239978147,null,0.5714716479982138,-2.663709664136393,-3.4329904657251156,-5.692289491362443,-5.257045657938183,-5.801593552200508,-6.472224064654978,null,null,null,null,null,2.055500884326939,0.2892538430849693,-0.8070254609026529,-1.0247628188449764,null,null,-0.3279286575112427,-6.075814946592737,-4.895053231006788,-1.2694232188224415,-1.4952951934076482,-3.3167970084054357,-4.7186201340489164,-4.719314531694333,-2.5913306013309416,-4.497691107237432,-5.877584244084318,-5.991179087981715,-5.950688142390451,-6.194159174454608,-6.650033293563455,-7.149772659410599,-8.081972067788406
-2.779095567362487,-4.714665128715293,-4.7926690561094665,-4.583626780053441,-1.9007959309828224,-6.093814271175895,null,null,-1.2584344628371484,-5.0732959448387405,-3.6458544231409302,-3.0283918367120815,-3.2185746687153407,-3.907981059242653,-4.008323394130832,-4.4095757287092106,-4.349581752920473,-6.612520132109572,null,-3.07136989524345,-3.5179926485924757,null,null,null,null,null,null,3.013917269069592,-0.526499597749716,-1.6126074694942747,-1.298277548969048,null,null,-3.286024668987719,-5.774543811252227,-2.4226163884251397,-2.865097199529668,-4.519842569938705,-5.090096664211656,-4.450974439680866,-4.844441297019208,-5.718302816694837,-5.60056481945284,-6.9021607281840485,-5.420521259520275,-6.212402601950841,-6.828205408524736,-7.390454716482251,-7.705172926270506
-4.666634475761607,-4.6091276881360725,-4.162885580789435,-4.075485151293589,-3.6782674842922725,-0.1340684472485039,-1.9372091600932804,-1.4960441850504846,0.22941282479490346,null,-1.1143055098617083,-2.7219976571947897,-4.975870048162646,-4.858931866481038,-5.160520850496499,-5.756351813276511,null,null,0.7187938038300223,-3.4301216477849454,-2.3609696585292825,null,null,null,null,3.3238281407641317,3.4312063940304443,null,3.6777287886358194,0.5617822680005288,-3.9029109511413878,null,null,null,-2.7131913532199334,-4.828312152597631,-3.4377924552367265,-5.392750966715184,-5.931572986949133,-5.471933292646692,-6.140822409317822,-5.95158271252477,-6.53720877333048,-7.009033322728299,-7.152330803219414,-6.807904409093377,-6.905256736189502,-8.151324924867467,-8.14464354347707
-5.548403573917924,-4.863679997700502,-4.378216151163364,-4.365882360165026,-2.3736553469478463,-3.97478511458044,-2.7054760781940628,-2.9488386318342554,-2.145659812034106,2.526544166067117,-0.6503821433297503,-2.785017517736263,-6.320609185449802,-6.743495926478162,-8.25126972716441,-6.195637958237945,null,-1.0020253035646918,-6.239311618643828,null,0.3381200373696076,null,null,null,1.6999565542788728,2.2454801566284193,0.41073061905663444,2.1945860540817836,2.2273256524741467,0.825858310197747,-8.08053589398452,-3.7359434182591325,-2.9332932235906486,0.39827190991215417,-4.912850564075312,-6.733547382004925,-7.4675944036811295,null,-6.437573166584932,-5.078109522552782,-6.464223062591145,-6.466562186339532,-6.941759957115571,-7.007238065301886,-7.254092332504548,-7.123860061885233,-7.675055733225904,-8.222911106837902,-8.896420710762337
-5.759749976170809,-4.555794614986848,-4.824736848585444,-5.114619095731435,-4.008336433971585,-2.9532665244284346,-3.8941698510666836,-1.062197952528567,-3.424346218137862,-0.4753210504761881,-2.6771226075122363,-4.726032998225558,-7.222041160512101,-8.353981518323367,-7.7751610157055335,-5.754877592657235,-3.0590460313382506,-4.563247985508364,null,null,-0.9357114111566773,null,1.8411657107726442,1.5496571385100397,0.3089489122275221,0.07020607720764507,-0.85007796868303,-0.7060269207634103,-0.7678858627741737,-0.7863913576037794,null,-6.452769576900719,-6.548956495734927,-7.143770618785115,-7.361969530672172,-7.907402786605815,-6.411031614711374,-6.181962519621712,null,-5.223129765172082,-6.965810851157937,-7.625795339430583,-7.24285320268834,-7.369004580579464,-7.674855646282102,-7.209264881901828,-8.427611926234059,-8.453215365347095,-10.61600799063285
-6.085307831699624,-4.826978149553565,-4.390366482796056,-4.836005013504544,-4.758246667329428,-2.8838451163362944,-2.6991961883405,-4.468147920418674,-2.054112926823299,-1.963286355287846,-1.3520505880007738,-0.1575800238067357,null,-7.826230901921088,-8.785633223444526,-8.343436308613462,-2.775640285442779,-3.496034648170382,-3.193717546601982,-1.607987675882716,null,-2.2616526257979794,null,2.979873091583931,0.5449077141489255,-0.009435644031001215,-0.5179414240713607,-2.0373635150015184,-0.8305218341655298,-2.779290149918967,-2.9241062509067954,-3.089427260356142,-6.091165844546425,-5.167097010578517,-3.880147678014713,-9.264983607131418,-9.006309619342524,-8.48133641111797,-7.305537920098326,-7.598184920406659,-7.881619228645548,-8.547495053939642,-8.754986650207599,-8.49664656799246,-8.190095331845807,-8.011107895378704,-8.654859887646237,-10.155323843519238,-10.502228949530208
-5.877748094098175,-5.47856802017819,-5.845834138687868,-5.38157300731382,-4.990673154579404,-2.8104502191140277,-1.6944591707016614,-3.098114074644962,-3.5844363902404446,-3.120592059688566,-1.5138617047570548,-2.2695071661785797,null,null,null,-1.8405033025345618,-3.7193415963518555,null,-6.525358260767465,-3.365406877760156,-0.6326543470242396,-0.970197453426914,-2.4748512224107424,-0.4448554529261517,0.05397285132304383,0.8253852513511457,-1.268809485808556,-2.909502438319159,-0.307674375076743,-2.726980126113579,-5.532826625287774,0.5048966407486518,-5.855816813195625,-6.807383699262671,-7.27009089502247,-7.425797128305193,-10.786748109041113,-10.460062150477842,-10.014072439673903,-8.804271385315301,-9.251992407383199,-9.650228904535087,-10.104836135660326,-9.873545704777165,-9.396285316885168,-10.162626594804443,-10.034131127904944,-9.207669281596402,-8.301426130563078
-6.280391482642106,-5.648840178802682,-4.50262848414393,null,-3.653541680570829,-2.8998028061888856,-2.3629843428290536,-2.233928741201756,-4.906694165251766,-4.696954902718378,-3.8141054999284814,-3.5740231012312558,-4.169462892724443,null,-0.8446593081007593,0.45637654393480576,-5.188600630067494,-4.276643096720581,-2.942477199205232,-2.328284405384987,-2.987008096099317,null,-3.3520878573898054,-1.6744614832384668,null,-0.4641076727359605,null,-1.037953780248675,0.19376832326152527,0.7074782346343136,-0.3567369324183882,-2.995862427405194,-3.7990742151700654,-6.5448876916667595,-8.43690664071559,-10.992403811143019,-12.573505784791358,-10.286016904846917,-9.99041204009773,-10.131309555258138,-9.867338589691164,-10.354375447425085,-11.01672490917359,-11.401373331612511,-11.346255990336402,-10.576031673583374,-9.914703101971329,-10.377307073767408,-10.483772456618784
-6.177432391070536,-4.623158227337922,null,null,-3.4864692401950843,-4.906358267610076,-3.037435494325866,-3.2024298884975906,-3.7716062357938607,-4.95842269624887,-5.5235960523135885,-5.075163798894944,-5.020346307532496,-4.3850245825224565,-4.635758276902806,-5.002567317839842,-3.400716682456802,-4.76763636075656,-4.202022061004946,-3.7702928837287075,-5.173926793678195,-3.8270340282266457,null,-2.0355462403866467,-3.2252557581894417,-0.42592936395881553,0.5223051495247588,3.8084201213271136,-2.553733330768363,-0.13027013729295195,-2.3876786377422237,-2.5856701163205256,-6.5288882156927475,-2.9966312105969606,-6.818581801809717,-11.424439132818186,null,-6.17431383769115,-10.637456663100899,-10.899206849518535,-10.076782657750861,-11.09070063836169,-11.514490921332088,-12.804661123749435,-12.463506527910805,-10.323340252123508,-11.13662061181641,-10.150334689694082,-11.015124756269394
-7.221120219405116,-6.948241995691247,-6.029053477620716,-4.0056881523888945,-4.018536095924572,null,-1.000902104275875,-4.188212245667421,-2.169003178743229,-4.398897692828788,-5.642996847837585,-5.331317946995224,-4.454585893114939,-6.250586582500908,-4.489904711177199,-6.19040125871775,-3.9920061938693427,-4.889092259289555,-6.200537305996352,-4.390146775375373,-2.354130008835695,-1.9592564311361613,-3.4137522476589615,-4.155862763643416,null,-1.9187019502546785,-0.9537377558310078,-1.215145624848268,-4.724676428873218,-3.7337490729968037,null,-2.13804439322531,-6.195969814885567,-7.697581174259423,-6.873378032347936,null,-12.350581365656586,-11.026162797677607,-11.02471334058242,-11.394635217721223,-10.670782791374364,-11.545987551935758,-11.936736928127736,-11.463825165757516,-10.526208994540376,-9.863161890092583,-10.177063059799766,-10.332335724099947,-10.678963651675975
-7.671036000435297,-5.917904445648838,-8.078424118137196,-5.519061521646606,-5.897494915396834,-3.943505939437909,-1.3899772671522121,-0.07274889490058846,-1.5180377179342948,-4.149994958011523,-6.216728667205182,-4.743227409981727,-5.2743776282582475,-5.809874307538046,-6.560124710906996,-5.060301835438635,-6.193239352936393,-5.576485877486066,-5.295499040453428,-6.542802530922027,-3.628780779851507,-3.9708823424103774,-4.797154530323756,-4.72073573218715,-4.364906671569256,-2.9933644102548422,-3.059646533937989,-2.2683048315774155,-7.123570589179638,-6.640890677892409,-6.809299428179093,-2.143523759310123,-4.473569778367284,-5.789155416465475,-4.49507365952652,null,-4.104098370061447,-9.59351080742053,-10.82685062449076,-12.15367753489213,-11.29987762575848,-11.974545971097426,-12.558045502744617,-12.416304714156112,-9.188543795405284,-6.586570556058043,-11.038571299460713,-11.302957611219494,-12.398251384349171
-6.604947775786063,-9.471208290408878,-6.446340955386869,-6.422518011829964,-5.542877349458788,-3.299263012793004,-2.3941744480155673,-2.100416448356311,2.6275587533842306,3.4796617561661067,null,-3.0980837138772066,-5.179036232747699,-5.785021897948241,-6.244248089212922,-6.253724811118759,-6.027685662617724,-4.905656074699483,-5.136376543782254,-5.624159443850053,-5.530570163112115,-4.895270062553706,-5.918943027639806,-6.719514313357024,-4.034859041846181,-4.0873525101268,-4.066782936543204,-5.718540228324824,null,null,null,-4.864630733158065,null,-7.091533646642541,-2.888146873985876,-3.4755357572755727,-6.34120358099557,-10.704186307735448,-8.644970625044511,-11.61168860498258,-11.660945549350071,-10.81912789020453,-12.833073532916949,-12.513091601015528,-11.276347659359912,-9.393796131855858,-11.594498017619646,-8.42286001891766,-14.004621322059776
-6.941220677339482,-7.572532708991307,-6.910945608076852,-4.888773957173646,-3.849361778178647,-4.785981076036235,-2.950459467471319,-2.1835382951171955,-0.053684595284381034,null,null,-4.072803266006171,-6.07848912817639,-6.4612468470418865,-6.75353193203555,-6.553075140837559,-7.655670472598106,-6.674245207013046,-6.327139231250302,-7.261220486693396,-5.55010059201902,-4.560904596168201,-5.724961252284801,-6.457155330292686,-5.908481742700349,-6.659815163341807,-3.751512241446111,null,-1.576917590168404,null,null,-0.025709660492952785,null,null,-0.5055875490572611,-4.779816598878438,-5.623300798716223,-9.087775096763588,-11.479027569950665,-8.513606108008462,-11.356290021448157,-10.1828408815096,-12.083949355706988,-12.05082852697383,-8.900230507835893,-9.41625906831597,-9.716930820540084,-5.405638238680286,-14.103681781869648
-7.5181520502045025,-6.98378919225806,-6.5257962966034295,-5.58578171935231,-5.990022333629393,-4.762358029902992,-3.4111284427323505,-2.7755232418930023,-2.0662581925304253,null,-0.5450626300721225,-3.3742766946954816,-6.009992351604546,-8.311341782253542,-8.3392954047432,-5.224267824635897,-5.617771127903227,-6.389903512193008,-7.491343856355821,-5.026094132389055,-5.015593016476575,-4.331761392007504,-6.082284163003914,-8.898867513182877,-7.384506808566738,-2.2727244789217016,-3.6100348744218276,-3.303319718687881,-4.774032939781386,-1.9790203928475532,-2.7052633430959907,-3.1040515340066097,-3.061802354035669,-3.1477877923449737,-8.090337827947097,-4.950211490629248,-6.423213074102591,-7.798884177460981,-10.391897595615205,-7.470812674622379,-10.977554113870122,-10.811240412100199,-9.085122255318812,-9.159117400294836,-9.315719047215433,-11.65397759953378,-11.17584425865536,-9.27123279160874,null
-8.13697791007489,-9.481736807860567,-5.5581597250521835,-8.695358878446479,-6.749704518457418,-5.6793254748474755,-4.905685850116208,-3.3927132473995423,-3.9725151040113484,null,0.10806037121077494,-0.8501167453075686,null,-7.722444016584527,null,-4.669522939707338,-3.6825496222011,-8.227502351995906,-5.954901410722737,null,-1.4386214464238627,-4.012573686775542,null,null,-2.546032353234731,-2.7046143659265875,-4.171217380258435,-2.9746870182215437,-3.42172016687536,-4.181019049495382,-2.9026170449960365,-6.616911032706959,-4.141829284553111,-5.025531439734952,-1.3616556458133224,-7.210850537303215,-6.7959096964241965,null,null,-5.991613312124263,-11.602442059595873,-11.614332422162866,-8.968937905305982,-10.8098408897193,-12.003043588489636,-7.804182520599611,-8.088737360760364,-8.69302375589726,null
-6.350582861126712,-4.8934358356961845,-10.569147722652058,-6.125241839074696,-6.152742345399938,-6.42877262173319,-5.135709872229884,-4.86446539399824,null,null,null,null,-3.9984276712603095,null,-3.6626785498308148,-5.006396364429028,-5.811158259523471,-4.665879867684623,-7.09354863436518,null,-5.930763021707947,-5.619283047790846,null,null,-2.978982799137164,-3.698896283512,-4.889385492980393,-3.057170029878073,-3.582736552414787,-3.332494946529644,-6.018993930752329,-5.322313302774839,-4.3695433056616535,-4.636326784883116,-6.07147462365351,-7.2263046502548045,null,-7.708050876617461,-4.940398801918396,-1.1267977945509602,null,-5.989160395230325,-8.253815864677586,-10.34404079757236,-12.315941429605235,-10.53919842450435,null,-3.300699495893681,-7.8666883512922485
-2.0600575875665985,-7.698018567580391,-4.989428891231609,-6.4249250974843815,-5.064114602232319,-7.3967860628079745,-6.7002166558541605,-5.071369737344018,-3.7301178393688206,-1.5643121420399912,null,null,null,-5.02797354525655,-6.112365913437684,null,-1.7575416118752494,-2.682118870142061,null,-6.88812902420684,-8.375713345461378,-6.8776033845566875,null,-2.1275556421935105,2.300601582854493,-1.7939582332594586,-6.387326858808352,-2.4343340190708203,-3.3199719455509693,-5.037975548551961,-3.5227756939079837,-7.19111719528708,-7.62717301456753,-6.404844606448317,-7.749899248921787,null,-5.974328359112214,null,-7.5042096422755495,-5.175140228280318,-7.363389550958882,-6.937792260719419,-7.5923939990376,-8.024308680471183,-8.096447006044485,-12.743903511932553,-8.853012884860583,-8.515403470482921,null
-3.3822023456036465,-7.369486647479235,-4.541555002755691,-4.628941057922266,-5.65847079783097,-7.9527300431009245,-6.928521639969535,-5.9899332923571675,-4.41635941194016,-1.7240130673238312,-0.4863508131190837,null,null,-4.799079384735538,-4.438435078007506,null,-0.9862739226408883,-3.656070070741645,-2.2282305236233513,-9.667685139028375,-5.894821336199448,-5.507682835654311,null,null,2.6828894303223514,-5.357899673944118,-9.407289632013322,-3.5625862691905885,-1.296750482419943,-3.512749645060323,-4.36044875083868,-8.37081074065463,-8.545105917059843,-8.121380774243596,-8.990630230376224,null,null,null,1.1873440339855643,-6.906355835559714,-3.5641028815031746,-4.787104571729862,-7.419524596970912,-9.20963181414675,-8.317621294382269,null,-9.219407959928219,-7.910462924087298,-8.946351686708194
-4.206836799688735,-4.883680167958843,-2.872513874774579,-4.162987956781238,-6.203629840866699,-8.042044428906314,-6.42155172769789,-7.132325790401814,-5.159060201696935,-3.9422795022407446,-1.859882604665431,null,null,null,null,-1.2505362488157745,0.04708377632574193,-2.1377543853756906,-4.25510620120359,null,-0.47932579360686034,-10.703529522531,-1.2921213006344419,null,null,null,null,-0.957461463482607,2.349608934363627,null,-3.075264316868079,-10.894021697417339,-7.94234381897769,-5.554125936601158,null,null,null,0.539316598241133,-4.788183736925329,-5.926264211306309,-6.749550507557159,-6.666091636481644,-12.308627334413675,-11.148615965429155,-7.615177884524348,-9.637501707930882,-8.896452368180606,-6.4923425428199195,-11.105810863585543
-4.246953656988917,-2.655067108166144,-5.208514568401323,-4.72974730749631,-6.102302546775795,-4.663793303971635,-8.261453386744229,-5.396832401022817,-6.592999070360763,-4.467353142612971,-2.9370537582996414,null,null,null,null,1.9085719157019003,null,-1.451632384912066,0.8026877563071317,-5.877708749951097,null,null,-1.963117718678889,-2.844401703366283,null,null,null,0.5069983849685243,null,null,null,null,-5.881233920516538,null,null,null,null,0.4113567556168939,-3.8502728190405255,-10.081175206108,null,-4.10918763461723,-11.267938762415634,null,-9.097780348303461,null,-8.643849750028593,-11.363341817331944,-7.487358147604504
-3.701789713868063,null,-2.969221552107466,-3.1765120575058705,-4.004749997147031,-7.10562610950463,-8.512753694575254,-6.443536792675325,-7.607317625167354,-6.132897633109446,-1.9577289257368218,-1.8877618472649438,null,null,2.084574090789804,null,null,null,null,null,-4.66924411461301,null,-3.204168929539493,-4.680563054198854,-0.9244529943267166,2.0788379650005613,null,-2.934956448930489,null,null,null,null,null,null,null,null,-1.935365793515604,null,null,null,-3.070671156493466,-8.17884482994647,-11.908102087684039,-9.368673136155795,-12.686661421055176,-8.533918035437175,null,-11.943004633884302,-8.788703534007855
-3.2964062261219116,-4.639630938165511,-4.266518241900065,-3.8882130411211895,-5.436078549125504,-7.547843728216684,-8.98444883231251,-8.221225040821269,-7.8635624522851195,-7.361503745519428,-2.579969973173692,-5.971611206274694,null,-3.8398273580773115,-2.2011403553377313,null,null,1.3548152563936695,null,null,2.6340837487122544,-4.837749844568414,-6.1273924098068395,-3.8420268233183568,-0.8141083976938561,-0.6653578878868875,-2.877587099711453,-8.107099377445232,null,null,null,-6.727970566698715,null,null,null,null,null,0.6562420631073341,null,-5.795108488287314,-15.84030159108491,-11.405777535265418,-8.981530813160704,null,-9.955429704317888,-9.319913086856587,null,null,-9.911797165186043
