public/json/wind_2018-09-1515_925.json
{"header": { "discipline": 10, "disciplineName": "Oceanographic_products", "center": 0, "centerName": "Ocean Modeling and Observation Laboratory", "refTime": "2018-09-15T15:00:00.000Z", "significanceOfRT": 0, "significanceOfRTName": "Analysis", "parameterCategory": 0, "parameterCategoryName": "Currents", "parameterNumber": 3, "parameterNumberName": "V-component_of_wind", "parameterUnit": "m.s-1", "forecastTime": 0, "surface1Type": 160, "surface1TypeName": "Depth below sea level", "surface1Value": 15, "numberPoints": 4800, "shape": 0, "shapeName": "Earth spherical with radius = 6,367,470 m", "scanMode": 0, "nx": 80, "ny": 60, "lo1": 109.0, "la1": 20.0, "lo2": 116.89999999999955, "la2": 14.520000000000117, "dx": 0.09999999999999432, "dy": -0.10000000000000142 }, "data":
[rows 20 to 39 of 60, columns 0 to 44 of 80]
-16.80717776251795,-16.126082475004623,-16.054455662353735,-15.209995790048584,-14.398251159485305,-13.255047564488706,-13.291467922950325,-15.051466951414923,-17.47730774950884,-15.437679976739451,-12.110767954379941,-10.668099602106768,-17.380592215047223,-18.918732420105787,-19.444858129264723,-15.147135671865037,-15.530016673898754,-14.217343350674186,-13.47941741493182,-11.816435396776832,-11.557462982623868,-11.234389628123829,-1.994513577165312,-12.899102631942055,-15.045343196161799,-15.921952320481699,-15.255163802756611,-15.219513234630863,-14.379049516601949,-14.764581864177378,-16.036581687777065,-19.630206357221336,-16.63534004664269,-16.899184416595684,-17.7235497794937,-14.85713495643489,-16.149174493071417,-13.623455082285776,-15.556559266263033,-14.806034828318639,-16.456006896827006,-17.210659983002845,-18.70034976626907,-19.75108388874914,-18.69978559903379
-16.874649810180262,-16.09440218457224,-15.694676144405127,-15.735730463099564,-15.492057273010182,-13.28952383619958,-12.922071992874866,-13.259842982580953,-18.29286236307746,-16.551258975341444,-12.054094382995817,-10.588727781166199,-16.29257295253637,-18.858945396180786,-19.534622485290313,-16.78380670229904,-15.364476531559415,-14.763594045693736,-14.462325366912797,-13.673491306921438,-13.068942663353035,-13.504205353591512,2.5315043592226845,-10.79480285728171,-14.98714650064781,-16.555260072527588,-14.917447721310491,-15.655890109603,-14.312671821716041,-12.571991145109386,-14.414300515713752,-17.774352760904115,-18.402078748684154,-15.310083872896517,-14.573561024529836,-14.842260160227656,-16.04032596734339,-15.54407465438712,-16.046702404819555,-16.37745855183931,-17.155338175722086,-17.26311622635504,-18.379126198990846,-18.83090688034621,-18.992554848878175
-16.18666559338211,-16.118835109977756,-16.183968650525756,-15.645590409290739,-14.404833191604753,-14.013166721016304,-13.360249219713268,-12.910242865362141,-17.060095559144244,-17.353129725402027,-13.881090374845513,-11.52979046962092,-15.319382994035047,-19.34058685555078,-18.691562752279527,-17.074255839661845,-17.123368835544962,-15.638317893827523,-15.63770341080975,-14.599165130495965,-12.24105120532247,-13.010434102540414,null,null,null,-12.94779436761919,-15.54067003965467,-15.225219872295275,-14.30100201733991,-13.60175949300611,-13.281625411255781,-16.368142235711872,-15.007811603548284,-14.663865843163414,-14.36081884714861,-15.276775888076498,-16.662448082724858,-15.573706971522121,-15.580736473021982,-16.241445237495395,-16.016865588026715,-16.80583819194366,-17.239355193087768,-19.08133265273026,-19.743165937251717
-18.097989598307738,-16.394073959814577,-14.922103326442565,-15.175789023470916,-15.877586731749012,-14.017595101732597,-13.235480404001764,-10.311941343943422,-17.068674194816992,-18.134658944502643,-15.623093453024302,-15.91810690606945,-14.036584418250435,-16.63622558603134,-16.447187901028553,-15.981210999510584,-15.983765896900735,-17.30248948791338,-17.539529494464784,-17.678383918341616,-14.726887169841403,-11.327633980836435,null,null,-12.304972026489391,-7.589542846762344,null,-14.68271449206162,-15.022388096965557,-14.109890833336337,-11.948930709623887,-13.823650052054932,-16.645724279745778,-17.779927971714272,-14.884526768054094,-15.00224609840463,-15.585675052572075,-16.624185878166642,-15.620159173179854,-15.256048695261445,-15.238402143848589,-16.12081381833147,-17.80688570161461,-21.358853792921664,-20.626799606065468
-17.43965011418103,-16.241462686446543,-14.286509126170994,-15.250541093253638,-14.778800987088095,-15.451915465881283,-14.024191467071647,-10.072431344726716,-16.328584892966653,-17.885575353555186,-15.515060636005725,-15.992901505108028,-15.427409718961359,-15.937187725739934,-16.231353305884568,-15.77028184909272,-16.322354666470986,-15.93538311086095,-17.12220871192668,-17.318413621548846,-16.33948624600414,-13.185932828725496,-11.54059983787972,-10.544355094514465,-9.855070597610988,-11.607649385029015,-11.513386221399154,-11.047410395387805,-15.700518718926078,-13.750532707224389,-12.899105575708559,-11.402997593640318,-15.827592339088543,-18.17271920121248,-15.739169726954572,-14.647181920792923,-15.035184824749475,-15.501167115738292,-16.310761563264506,-15.574435347950303,-15.209019553966172,-16.611352311361106,-19.709620618505614,-19.907211609035613,-19.71282523150855
-17.937634635852522,-16.500906594759297,-15.17467711580062,-14.10245656749901,-14.195385481121136,-13.412700523988857,-14.70361168431976,-10.437667018831192,-14.790577247525814,-16.027862910430173,-16.586680325788027,-15.886058342151507,-15.328262520716569,-15.702281035871383,-15.378561438123832,-15.25387350436856,-11.028084428070894,-17.634969435520283,-17.136500914275445,-12.448274666524517,-16.60000890853371,-12.432928372311455,null,null,-12.154839513005127,-10.507871375217778,-12.580497783301999,-12.838961423369376,-14.606197344865606,-14.160251798076995,-13.865081138764385,-13.107820940709544,-9.357279126921629,-15.657412946049053,-19.40188709090714,-16.545060230652297,-14.684673840654398,-14.229680570841499,-16.356786952120196,-16.386991339176333,-16.292789863127712,-18.14679435483277,-18.9332113181344,-19.25853210765989,-18.508003754455054
-17.995391484760745,-16.96965110878005,-15.28903651430871,-12.792914259666105,-12.61622098584299,-12.006192283948796,-13.741607532582293,-10.622348015184093,-13.254036764090444,-17.762082668142657,-19.073232116788017,-16.553664438509244,-16.772591089315625,-15.780069690599381,-15.83562905373916,-14.676525442020008,-14.10985282022311,-17.752325390887552,null,-15.55800643906745,-15.749366289611828,-10.981661378195884,-12.96028268825107,-12.367481392822878,-12.198980215077212,-10.885667947520172,-12.677099115334395,-12.884077372997224,-14.707857962377734,-14.295509149937647,-14.352162556167416,-13.966024667386636,-14.626311860166979,-14.936447698870376,-18.586947560029266,-18.710369477156014,-17.69514868948235,-14.424959083697367,-16.24945098530111,-15.139523013704874,-16.35545694536761,-18.163803687294468,-19.873829044887252,-19.239993306169634,-19.660797689329907
-18.188025807400418,-16.95044620753921,-14.831117087449067,-11.915033239688926,-11.042749231960897,-11.933211198347665,-12.091045533527183,-11.834097843018148,-10.350257841522259,-14.923758463983761,-18.195709066023653,-19.25701316405371,-18.39730548956788,-14.797237304733716,-14.265711588770253,-15.044120384608133,-14.967509987143906,-15.67569981252576,-16.758952716418378,-18.374329575506444,-16.143506511302974,-13.99530442935616,-13.495361429380822,-13.318723129781572,-13.833116724921302,-15.596823122515069,-14.78689732831775,-14.11648304971349,-14.28010798289722,-13.612927373848958,-13.586792181140664,-13.777423425354092,-17.084911662631566,-15.645567294895187,-15.426384838227063,-17.98205421636124,-16.61775635547324,-17.707225178471056,-17.417333591328543,-18.51647006682586,-17.441776875083068,-15.032962322503627,-16.49312868590564,-19.98962189955406,-19.177818987483732
-17.443402423260032,-16.258779699354054,-13.155650723974642,-12.455521485484647,-12.810455849932527,-9.716674556857113,-12.954551807558602,-11.587685782421294,-10.752117736754071,-12.486334894474322,-17.5170901820348,-18.96428926271893,-15.869033058491658,null,null,-16.34318653767539,-14.51384033061856,-15.464774441601392,-16.745405585312994,-18.059578703047855,-15.856474194661033,-12.019909605399818,-12.720564990908333,-12.426688303067738,-11.471615791230173,-15.449602880742763,-15.711620040214061,-14.867347177027202,-14.957723917338434,-14.736764867402714,-12.241278820449585,-12.706935423851071,-17.07767911913476,-16.541052087382877,-15.215886340701903,-16.332724085312805,-16.86555750937657,-16.173245057800855,-16.07268773036995,-16.64195169472122,-16.50534522200518,-15.439231008132712,-14.446688720216304,-14.642154442923726,-17.95711383966048
-17.201761216412613,-17.266011869442433,-15.82836065241302,-16.063969939586674,-13.438205321141753,-9.822887826576022,-10.051039038380377,-11.849785985796549,-11.122575850624855,-13.269070911172577,-14.833084699839464,-17.961060880091875,-18.55117005718147,-17.601730284492028,-16.93766017005688,-16.12382371416458,-14.806164139712681,-13.372981821901917,-11.405130512369983,-17.954860346214517,-17.231031945048453,-16.484272019608888,-15.015231373182356,-12.883955924098,-12.049452658423528,-10.506710537999812,-15.63525155677183,-15.016136246039295,-14.362862963496939,-15.201240731063091,-12.728610868376876,-10.377633610134218,-11.959109886096432,-15.992590703846385,-15.284126097947592,-14.068060070970178,-15.66366509629794,-16.92014404082683,-18.93521750162286,-20.20410276691969,-18.670750740083573,-17.07379082655027,-15.361451144164523,-14.81030260102457,-15.896821307061394
-16.654176417636425,-15.955561805569499,-15.250454757562498,-14.732848072332349,-13.255806555562485,-9.762514797679358,-10.169241779012687,-12.493842186423912,-11.984801101699018,-13.488487675640856,-14.03661421770178,-15.935634444256674,-17.559371920891206,-17.819012770911165,-15.432721107722411,-14.760762910347108,-14.84562301991919,-13.541636023439688,-13.409838321972593,-14.45631903286733,-16.411370336071336,-17.158330362288808,-15.617102147843195,-12.724027829415068,-10.574444785180512,-10.62823549946413,-13.577992321915257,-14.076227121711845,-12.622882206318456,-12.616886501198186,-12.270637713450196,-11.589147800978434,-11.949837520286504,-13.410089949572022,-14.973288143814965,-15.211035696614093,-13.437345468215787,-15.738347053548914,-17.506026693199146,-20.43199712835443,-19.136003045336462,-17.678661944021208,-16.22569343098843,-15.534960694684266,-15.848103386348642
-17.151919379742573,-15.842433171614687,-12.73439602740243,-13.083299691716165,-13.829910587442498,null,-10.903236794496125,-12.014830451840375,-12.259349729239247,-12.859752316991068,-14.078635914721074,-14.719069072768683,-16.704374889879123,-17.40984757234067,-17.11309277040289,-14.501358443471787,-14.411095971688752,-14.249873178156822,-13.016976380565042,-13.61708743595035,-17.05469144435197,-15.634031356666373,-13.682277117968551,-14.020806123657357,-12.595684624031454,-9.294511722045167,-11.134830750184456,-13.33016240753049,-11.82981308401973,-11.764248642531072,-14.072163574483751,-12.16315946100112,-14.651747900371982,-14.363171005878883,-14.361003453029445,-14.893126584520235,-14.14186221662343,-16.089966634458072,-17.651209939173054,-17.88346992594005,-19.766842303784316,-18.696140566470856,-17.8138905225448,-15.331591841351212,-16.401548847855096
-17.789912423521226,-16.454406182617053,-13.732886877349635,-12.572780084136783,-13.210433449981158,-12.217273398367954,-8.806351301508558,-11.91874809433311,-12.079875961008502,-12.741015277859402,-13.78794746534462,-15.324741025119025,-15.491464897496638,-17.17896515442017,-17.010639911390918,-15.947064181462336,-14.203145775870988,-14.016126752334104,-14.621720508093608,-14.091624966073839,-15.926877366704087,-16.025533944459003,-14.631849504583482,-14.662217123001223,-13.666218376839446,-9.760742449896306,-9.991695773402597,-12.19283273063069,-13.63581450022465,-13.05639945228942,-12.553186305026236,-13.50574674587128,-14.363200202537877,-15.138848950013646,-15.051065528696618,-14.0887678925085,-14.489769627473459,-15.803644553316802,-16.39083551937343,-19.076295844108984,-18.916259770938318,-18.777662264940012,-18.591803928952082,-17.727083649585495,-14.484454782267376
-17.537902749491877,-16.50912192020712,-14.619596909827923,-11.778303263198712,-13.70370442244402,-12.588416730617562,-11.737968410665708,-8.781808918391247,-12.705850336446428,-13.155632307617195,-14.906002550599629,-14.306502249823627,-15.533238108893205,-17.05757945124642,-16.797288615975777,-15.514546127349568,-14.113203174534128,-13.319078183737084,-13.817949228119437,-15.310876301004287,-15.622680968975898,-16.22541657108177,-15.728504410760143,-14.716048911685288,-15.046396155697003,-13.670584735059016,-10.30734480850208,-11.186356381078866,-13.171543695591247,null,-13.010506079083802,-12.366226855893435,-13.714354378344295,-16.248662047991523,-15.211065876855766,-15.290818568577901,-16.31732889661433,-16.673975646169744,-17.313802752024728,-17.419676033616234,-19.29959054360293,-19.00497982693628,-19.32256563426554,-17.93945136044122,-16.345810817440324
-17.05334177965605,-17.21987984077469,-14.912967943214102,-12.04017977703714,-13.098026268494632,-12.23411239559669,-13.642770151599578,-8.458064063534977,-12.066483026358494,-11.964221733908122,-15.469928085871093,-13.02975442212566,-14.815575992235804,-16.124002662594652,-16.823523856775456,-16.271662041684852,-15.970922253517896,-14.752899953967795,-14.057731498497581,-14.92493329507063,-16.509141103762094,-16.946409032922926,-17.30518549655823,-15.96935794502486,-14.38040625969864,-14.796211006327521,-14.53936669469195,-11.513058885859149,-11.813470531433989,-11.581668935535765,-12.034533479716941,-12.473291374587879,-12.525176590104335,-13.910614178364174,-14.572777663500363,-15.762281528404008,-16.5258007500225,-17.4789253892258,-17.08931166772882,-18.174600445550173,-17.926436231624155,-19.491287389261426,-20.080568376220416,-19.80458426803444,-18.791018314553067
-16.37836508401054,-16.427387215446455,-15.324856035475474,-12.743956688631453,-12.267848203310189,-12.439821322803482,-14.109101853340613,-12.726095901249744,-8.770750807219336,-11.009994481169564,-9.952167791045646,-14.053609720759901,-14.17344077603985,-15.375904870292148,-16.704761994760965,-18.427338205631088,-17.263827133024687,-16.699287974226795,-15.281990407521377,-15.330111070410357,-15.742933434540548,-17.0299750638989,-17.24604338649274,-16.1085674308741,-15.797712896327832,-15.050504868042493,-14.491680059573987,-14.14622406363055,-13.40776900714572,-12.539338656644398,-12.019030932340927,-9.99720859604484,-11.983334743731302,-13.09943267951445,-14.569577011599053,-14.544447395045086,-17.062439213503037,-16.453968645136637,-18.848171877189536,-19.044043606046795,-17.565389926599327,-18.78133174788558,-18.725760025670223,-18.90970094129157,-16.96951583922767
-15.441169002466799,-16.049541537247986,-15.35709311279885,-13.78574994181493,-12.069017823821298,-12.881047378892863,-13.209580051523975,-14.175173535244086,-13.688918261992615,null,-11.245812525220149,-14.87240897474889,-13.870974358190104,-16.294679075261882,-16.834191954093548,-15.990841231540683,-18.012193061425627,-17.07235965904747,-16.97894197080698,-15.304946481413538,-14.84575137228824,-14.784105961683421,-17.07933051779184,-19.342013578439662,-17.43828623192341,-15.44639711638088,-12.809781473427133,-13.19726446444994,-13.610555541959787,-14.084066299931557,-13.420335103535612,-12.396212108957634,-10.896717462537785,-13.24402178724786,-13.322897369779854,-14.109130644386306,-16.6023743160036,-17.29133691943255,-16.885585376183084,-19.048291524896616,-18.21906721496354,-17.444676614810827,-18.101366198867822,-18.260299113811588,-17.944293295213523
-15.01402364380831,-15.57535871203575,-15.552019890075965,-14.855838089538427,-13.468058207739752,-11.742048432654508,-12.153974790158994,-16.172628762507806,-11.328325728645966,-9.047281333355912,null,null,-15.754471322907303,-13.008902061693135,-15.872478574753181,-15.527570570077181,-17.90525611514679,-19.03810054340763,-17.958564648367364,-16.69617178296349,-14.941278191705145,-15.871617617549429,-15.654319134369123,-15.499562879600118,-18.270063448993938,-16.686394565339256,-14.236457997504646,-12.726823771056372,-13.37919490692985,-14.178928911671585,-15.408663148139649,-14.35198613558968,-10.403017893661925,-12.576377874114659,-13.952285781085031,-13.282782822345125,-14.38152608619253,-16.144201882471926,-16.74959250980037,-17.721404070019478,-17.914848241458266,-19.845267056378738,-18.150100803530773,-17.775927917164125,-18.97674567894993
-13.656028489853812,-14.793029184242748,-16.731944635863822,-14.93045600769542,-14.390227561148672,-13.138068163183833,-11.087520850937942,-12.954955344930216,-13.900015885304075,-8.832697801131022,null,null,null,-14.819725080085412,-15.995089467189079,-16.8249311900281,-13.977115432716271,-17.08110583100727,-16.875843558493056,-17.192727570928824,-15.459470444771052,-15.97015586010751,null,-16.205623530213273,-16.59551863272863,-17.350466856517127,-17.392408927480055,-13.783560408834616,-14.16746237799024,-14.06641464201838,-15.527524114993032,-15.098637806734638,-14.295881599067764,-10.656935989283628,-13.473442144937028,-14.43489192051375,-15.105541360474877,null,-16.046370640702538,-18.180787002444035,-17.393599065145363,-17.68433256929183,-18.44431521068803,-18.223586683462074,-17.83571309355562
-12.369194824505497,-14.358255100726975,-15.769233945123108,-15.409201087244469,-14.992014365650748,-14.256139134000776,-13.270396366893847,-10.096280235572323,-12.797180994101758,-11.580332287542493,-11.485974879599109,null,null,-17.320056416800888,-16.463604703753614,-15.432994108163506,-15.53873531561264,-15.530171863708102,-18.87695908493695,-17.746830862485115,-18.23332692303543,-16.320428342515253,-11.405415728973091,-13.22793649303781,-16.285632362381165,-19.32109087958697,-16.411403501809957,-16.025909869269622,-14.181655177977548,-14.941134161798981,-15.830482340079907,-14.97251539635209,-15.399987631666093,-13.150535569672062,-14.22721419657401,null,-14.603769305052552,-12.603772064049537,-14.96202986469957,-15.092998296802115,-17.831924032801663,-16.548756433048858,-17.99651597118083,-17.16701554371468,-17.19482019293484
