public/json/wind_2018-09-1512_850.json
{"header": { "discipline": 10, "disciplineName": "Oceanographic_products", "center": 0, "centerName": "Ocean Modeling and Observation Laboratory", "refTime": "2018-09-15T12:00:00.000Z", "significanceOfRT": 0, "significanceOfRTName": "Analysis", "parameterCategory": 0, "parameterCategoryName": "Currents", "parameterNumber": 3, "parameterNumberName": "V-component_of_wind", "parameterUnit": "m.s-1", "forecastTime": 0, "surface1Type": 160, "surface1TypeName": "Depth below sea level", "surface1Value": 15, "numberPoints": 4800, "shape": 0, "shapeName": "Earth spherical with radius = 6,367,470 m", "scanMode": 0, "nx": 80, "ny": 60, "lo1": 109.0, "la1": 20.0, "lo2": 116.89999999999955, "la2": 14.520000000000117, "dx": 0.09999999999999432, "dy": -0.10000000000000142 }, "data":
[rows 0 to 18 of 60, columns 0 to 41 of 80]
null,null,null,null,null,null,null,null,null,null,null,null,null,null,null,null,null,null,null,null,null,null,null,null,null,null,null,null,null,null,null,null,null,null,null,null,null,null,null,null,null,null
null,null,null,null,null,null,null,null,null,null,null,null,null,null,null,null,null,null,null,null,null,null,null,null,null,null,null,null,null,null,null,null,null,null,null,null,null,null,null,null,null,null
-7.886732734408094,-8.703663638224148,-9.530822521948826,-10.210158354169812,-10.840494128438902,-11.394484953823147,-11.973288271237143,-12.678647058851851,-13.23099787647149,-13.57087097234572,-13.15899733481986,-12.855634007489634,-12.507635385064757,-12.040479278455132,-11.500333270115497,-11.15227844674929,-10.809682613133585,-10.471232172893119,-10.261729760429223,-10.205321585184025,-10.407226363495546,-10.495509674176573,-10.492746209427356,-10.481162039054002,-10.609260366183266,-10.817345719987873,-10.977133563113041,-11.132016880015357,-11.28045818923555,-11.565515920242209,-11.772703980055102,-11.9736293880627,-12.201369227379114,-12.52772835692911,-13.02781184195053,-13.544393986716113,-14.155135486149893,-14.677106954751446,-15.060359149101602,-15.569154107219802,-15.880038858947117,-15.965392890806175
-7.484675775838246,-8.414084601679175,-9.187525346262731,-9.978327850857033,-10.637002584992349,-11.2117577810323,-11.671344644359111,-12.366440849142228,-12.800446499097347,-13.03067461217164,-12.923839095705208,-12.763001598522786,-12.574646154492793,-12.288009045007064,-12.049540378122883,-11.362900340067883,-11.019948204758148,-10.764206229476056,-10.586792001849942,-10.491401452231466,-10.517136188272039,-10.322475290079433,-10.330522258722638,-10.32781593849106,-10.399060381050813,-10.569077660850732,-10.735867875733357,-10.891669549396227,-11.008905133366525,-11.438102395511816,-11.561971102345542,-11.498166553211322,-11.893605386507542,-12.117488485804344,-12.491257348852205,-13.317654364277214,-13.740316149113516,-14.685684175744388,-14.451190748862908,-15.297914433040432,-15.71341495389181,-15.74661456652513
-7.653906584891803,-8.480200562868873,-9.087426719905633,-9.788362332304917,-10.52654526864201,-11.280013617820828,-11.81982558675307,-12.259124221734375,-12.668570939010003,-12.623727899175222,-12.663502843003092,-12.666740529751612,-12.765256861025907,-12.569006999198145,-12.46366093045457,-12.040365014049938,-11.46966742785175,-11.120348048115108,-10.700705680880475,-10.552455986918195,-10.486535939832155,-10.195590658838837,-9.98504286838285,-10.164556523284833,-10.577346517156636,-10.808692997172827,-11.119584116145843,-11.07496721253206,-11.15541411819152,-11.409198790533505,-12.176510662521425,-12.548797654460362,-12.695728565775067,-12.715764105144181,-12.310951951094612,-13.227265018750561,-13.691921422141728,-14.934356317858988,-14.707073213174587,-15.070013343228336,-15.456996907342013,-15.556667485519526
-7.8102679325443765,-8.604112630743227,-9.281377252126045,-9.85243186949534,-10.410435542940744,-11.05502770829428,-11.590787796147307,-12.227237064087978,-12.421815476172291,-12.624707211426266,-12.67135949193289,-12.568212813520557,-12.602663781653174,-12.562108997858726,-12.374383974124596,-12.224099495514935,-11.677529749121161,-11.101401668114123,-10.67197885880957,-10.373705356219094,-10.277711288832435,-10.21318060642176,-10.198099144108081,-10.09416973964225,-10.389822563926922,-11.165268332828479,-11.396824114236798,-11.3839072775033,-11.683232965541656,-11.642877750605578,-11.71493072053651,-12.35726427190814,-12.87669404551638,-12.923338557066627,-12.810498310676396,-12.94484988199125,-13.194774797738,-14.211721649201163,-15.075640666869695,-14.628277722010894,-14.878894045913631,-15.118415644523157
-7.884662104135741,-8.607025432612957,-9.406194914517744,-9.851050694223737,-10.236882758518998,-11.040574643765028,-11.679863664052164,-11.92943489125886,-12.394182620243907,-12.201576881253908,-12.01895726252322,-12.242723857699858,-12.471219568248298,-12.490026238929909,-12.244149888348856,-12.062177738307257,-11.760477309010394,-11.394777322211992,-10.587724956778596,-9.910674094727751,-10.117222458725694,-10.175589757477582,-10.676600501857003,-10.512877032043185,-10.585966584068087,-10.918401135060936,-11.757941328820218,-11.908727618496336,-11.739413311244478,-12.064243538809018,-11.72590259291803,-12.305435537257598,-12.496509087626698,-12.720294035401004,-12.92699762316702,-13.230802127776354,-12.665829487000344,-13.4227580188028,-14.667576685467385,-14.769041435324118,-14.372529492935216,-14.377087973212392
-8.35523242039335,-9.229702403580127,-9.765343505949835,-10.30967394588257,-10.850819386049443,-10.764064168768536,-11.556350073323198,-12.074603716288554,-12.168345183085384,-12.20287972438765,-12.099933871294501,-12.080793717217954,-12.21067403124631,-12.562235392328326,-12.519013364893878,-12.125811409677015,-11.525115637627062,-11.366779449142323,-10.94924885053267,-9.992085959848655,-9.635124949261728,-10.08521680287789,-10.508918006384253,-11.376579707170686,-11.423490855166245,-11.215632355456233,-11.59495967148241,-12.11553774581405,-11.972719860328898,-12.501272206049302,-12.029364859411649,-12.494432439527325,-12.633824970349014,-12.108663550220118,-11.45670138674225,-12.955779721991453,-13.308153534805658,-13.43936971841924,-14.354737978278887,-14.586404017327677,-14.542902771636811,-14.029690878510932
-9.488537071243744,-10.106995981724156,-10.485802752853939,-10.992917079918291,-11.038506156717359,-11.38504553807028,-11.020217614863036,-11.702251871344277,-11.828347596353506,-12.152179148676357,-12.208170711146206,-12.335679829271415,-12.406452435443233,-12.408578500538093,-12.722088516578033,-12.35649721736751,-11.576482193858979,-11.097797591805486,-10.708480947202467,-10.689651317454004,-9.769617958039072,-9.234818058052195,-10.32631066474489,-11.56765630440807,-12.49599585774672,-12.25595548948366,-11.912529560595821,-12.002099576784405,-11.528090501208537,-12.172806228492227,-12.852687494268054,-12.52577980094926,-12.926451787930601,-12.073465436011526,-11.056752320786854,-11.648490057260435,-13.007605840809239,-13.055777680653392,-14.65772883425858,-14.182427621777997,-14.821186604572723,-14.133934330528955
-10.242561195068188,-10.579287654134944,-10.754261535845824,-10.996480915578331,-11.246259306415144,-11.35367408590945,-11.265411081706706,-11.477995413552083,-11.513121139379907,-11.836813493169874,-12.517626992955412,-12.621364224711465,-12.893827944769873,-12.528387189339943,-12.508163399411721,-12.451799667707398,-11.187075702304952,-11.123567331346965,-10.41539358243853,-10.376226178541307,-9.999106330942283,-10.19614272017616,-9.399055121299023,-11.669291473274772,-12.739630556145132,-12.028424451313803,-11.666425833841512,-11.46244507547943,-12.347681327880315,-12.025344282230554,-12.399564012194094,-13.290515748224692,-14.008850572270678,-14.102109525271484,-13.79256333341482,-10.077620116077807,-11.734660010465756,-12.911536873229771,-13.074612139999186,-14.270955859305673,-14.653053307213618,-15.116867037200926
-10.778039328718666,-10.724476773712988,-10.902956508280136,-11.172745021795382,-11.24099983074002,-11.64259965204868,-11.331784144119595,-11.368906690251944,-11.649792622392525,-11.945938351492272,-12.039445863231322,-12.479103886803436,-12.731806456767263,-12.7028433398912,-12.270432837347569,-12.089521785158123,-11.582158663754218,-10.770602973299663,-10.328706740974795,-10.072081315837567,-10.22788726183405,-10.182792401398151,-10.540969728421363,-11.930882938248825,-12.994893838622536,-12.242487249139383,-11.096273170867413,-11.088924451553648,-11.103956896171699,-12.15759234022172,-13.3778566761644,-13.683980037803055,-13.664210143120329,-13.445546549102598,-13.360807844382514,-12.584232207053658,-12.371951888152685,-13.076995687661384,-13.230199822078777,-13.333458206318436,-13.566038717717511,-15.028508923005196
-10.989273464781942,-11.172199871371046,-11.27543096807227,-11.33691660446165,-11.334706074763632,-11.188513176687762,-11.523083953627467,-11.270294636006376,-11.319879828724583,-12.063923592214582,-12.461018429408107,-12.336838208283021,-12.610409567218543,-12.965038833760591,-12.6877552210109,-12.291174257000426,-11.503034625525174,-10.830424957387827,-10.171065167451555,-10.074112894749826,-9.951570150605452,-10.216093540606506,-10.49319394041765,-11.924191035545139,-12.653572052706444,-13.136631483937812,-10.978411211339232,-10.548966932207327,-11.4946131667937,-11.938280028349036,-13.201547048640283,-13.602471044680401,-13.821797409660563,-13.041008717560231,-12.818092594713601,-13.178972265079267,-13.016745822539612,-13.350244826434626,-12.872310781738621,-12.954813053589067,-13.22608040458344,-14.637916100486315
-11.424959652941086,-11.330438465558107,-11.281012763372985,-11.298809541190694,-11.540284283208852,-11.484204620174204,-11.856678319971842,-11.491156324039567,-11.467412792985854,-11.730205057235871,-11.804264079056242,-12.32748800060728,-12.599537685583764,-12.814961365312424,-12.65995044915535,-12.758098693523802,-11.724145329203717,-11.355862824735771,-10.452575755897021,-10.22089271777037,-10.169021972820504,-9.765937333026919,-10.083993529433085,-11.3647905251109,-12.128790791479664,-12.506790922167495,-12.723756337452953,-10.521373414312533,-11.133128591441864,-13.234130456781017,-13.135119235209963,-12.895097746981268,-13.939586335502476,-13.370532740835833,-12.752832286335941,-12.255133696823961,-12.719496254400443,-13.153964414638315,-12.66755243367258,-13.188300047898583,-12.6950717871754,-13.311227110369845
-11.784548651332472,-11.648797614413938,-11.456595511630164,-11.292512642869964,-11.427731692003425,-11.63746407528131,-11.701851867830204,-11.886138998545894,-11.636589959302295,-11.475569930929193,-11.800234584290482,-11.953579690286267,-12.211036998210508,-12.149858666083224,-12.19515665152971,-12.421629401021999,-12.544941141833924,-11.811074622189013,-11.24329541512381,-10.359437106701954,-10.801105202452664,-10.731040448017875,-10.128897183916077,-10.234030810163791,-11.271781900676721,-12.003342568113453,-12.213926071346178,-11.759090380995753,-10.138639460465006,-12.311183492603757,-13.891907582739453,-12.586888239287196,-12.278602024101552,-13.378619299212225,-12.802357150700018,-12.107455335488677,-11.843343072900822,-12.492496150007813,-12.110473848300677,-12.156054956464754,-12.899875635108316,-13.225407290574209
-11.589932378281421,-11.775045633304304,-11.695732112967207,-11.7179207610757,-11.589852203566803,-11.826247760431198,-11.626308347550843,-11.775737054615673,-11.900951573834893,-11.80716190333652,-12.02083851888608,-12.077342710977483,-12.078230692314927,-12.281955158324523,-12.786752996816118,-12.424937199682105,-12.417432118937587,-12.030734249159465,-11.322665934869853,-10.73316378492581,-11.636121401187967,-11.302242610553826,-10.911476559153659,-10.78046225119819,-11.39564231959628,-10.208355304046774,-11.007419000652368,-10.808395575906772,-10.773610492778474,-11.134864966719988,-12.625600792566722,-13.262536546449466,-11.973171327853132,-12.034407703594615,-12.495884052260093,-11.857182395110838,-11.98499464114963,-12.030947767590456,-12.385188024366327,-11.953681235440236,-12.942416701812673,-14.266773567503215
-11.557872524613376,-11.672489748632142,-11.968275767366588,-11.874427639831161,-11.660784217734845,-11.66335912130303,-11.58717266604433,-12.016185016097996,-12.010504783009203,-12.04106884070843,-12.174866439263676,-12.257839405494565,-12.592931191736692,-12.802453289142735,-12.712108701019837,-12.951862350217993,-12.795874329452435,-12.31585945095008,-12.051965870136545,-11.024780034919523,-11.461131314067693,-12.421718294464085,-12.30381185380915,-10.964699013039858,-11.27634049440747,-11.21631142723223,-11.030900682373318,-10.63917408096717,-10.631990200855391,-10.809321696668542,-11.01323885481442,-12.768696230840957,-12.489369365627681,-12.279353412654176,-12.131363605381221,-11.955338119245004,-11.706142998693615,-12.192039389034262,-12.51311252861765,-13.031152726815222,-13.1405130580321,-14.205778336225414
-12.00162691179068,-11.829701462236647,-11.805884054438435,-11.647162800948463,-11.490331360473942,-11.394258588165568,-11.769381467516169,-11.564943418741525,-11.343253850791537,-11.711399957522165,-11.811300152161676,-12.403692125764884,-12.77435478412309,-12.707103509528217,-12.528495376578725,-12.628446572505917,-12.916516230923119,-13.032716747550388,-12.847304764895963,-12.189517658974356,-10.629046820858946,-11.88578777638762,-12.198763837536115,-11.734568108608107,-10.776286171226587,-11.328501110650127,-11.30509262437332,-11.24596773235964,-11.091601353604133,-10.68808310554959,-10.579275881000681,-11.800222966499772,-12.663431800981325,-12.250236128037685,-11.944912207681192,-12.203193280354585,-12.230427169139995,-12.773952912469836,-12.775153019107524,-13.308271578435173,-13.579988675957306,-13.289873794709653
-11.896097732944444,-11.966497824963461,-11.969261466328827,-11.475335762363681,-11.258570575514934,-11.555231440668425,-11.747205075091351,-12.002282794899577,-11.438910863467495,-11.775084198598714,-12.362058176678879,-12.506720798683382,-12.693834860364893,-12.558766786941732,-12.663590092264531,-12.647882510814087,-13.190814294495521,-13.408775349746925,-13.665744315155962,-13.345644665840002,-11.786660309657204,-10.455793800657364,-12.847751945583678,-13.282370589778631,-12.660991545126599,-11.727355073850223,-11.222920607928247,-10.480398870311882,-11.488322939242686,-11.774565039363091,-10.894993659239615,-11.837302027456392,-12.459285363628169,-13.528276158224926,-12.722007875409266,-11.952411790166433,-12.208517393176443,-12.592905227576123,-13.228363057814956,-13.030216021818628,-12.573549157324223,-13.292406178181627
-11.389872106131657,-11.500214381203554,-11.494704449960569,-11.863122713890442,-11.623427602278603,-11.38095026100822,-12.31476828328356,-12.542515081099612,-12.890218656379398,-12.413320179225751,-12.63707306481323,-12.610593697005925,-12.672794534555432,-12.439893877855823,-12.81447781392425,-13.57643352619099,-13.2699997317109,-13.670093379670043,-13.39333443210511,-13.781327791871036,-14.006048971795368,-11.66079970247292,-11.62915699037601,-12.845173931566062,-11.85680285722812,-12.571675653308738,-11.912825928819927,-12.275428939974848,-10.763681004243892,-11.161641328178362,-11.976391276440292,-12.246912874433828,-12.474458494125347,-12.57168607006145,-12.54379981401995,-13.094960797802218,-12.906963564465538,-12.847957194107916,-12.568994133951053,-14.202854079375546,-14.233032574225524,-13.238103669340658
