public/json/wind_2018-09-1601_850.json
{"header": { "discipline": 10, "disciplineName": "Oceanographic_products", "center": 0, "centerName": "Ocean Modeling and Observation Laboratory", "refTime": "2018-09-16T01:00:00.000Z", "significanceOfRT": 0, "significanceOfRTName": "Analysis", "parameterCategory": 0, "parameterCategoryName": "Currents", "parameterNumber": 2, "parameterNumberName": "U-component_of_wind", "parameterUnit": "m.s-1", "forecastTime": 0, "surface1Type": 160, "surface1TypeName": "Depth below sea level", "surface1Value": 15, "numberPoints": 4800, "shape": 0, "shapeName": "Earth spherical with radius = 6,367,470 m", "scanMode": 0, "nx": 80, "ny": 60, "lo1": 109.0, "la1": 20.0, "lo2": 116.89999999999955, "la2": 14.520000000000117, "dx": 0.09999999999999432, "dy": -0.10000000000000142 }, "data":
[rows 0 to 18 of 60, columns 0 to 41 of 80]
null,null,null,null,null,null,null,null,null,null,null,null,null,null,null,null,null,null,null,null,null,null,null,null,null,null,null,null,null,null,null,null,null,null,null,null,null,null,null,null,null,null
null,null,null,null,null,null,null,null,null,null,null,null,null,null,null,null,null,null,null,null,null,null,null,null,null,null,null,null,null,null,null,null,null,null,null,null,null,null,null,null,null,null
-1.3616026783154713,-1.0614564956478774,-1.0401398499801182,-1.0724822948297879,-1.1228139669073935,-1.1427903684650746,-0.9845166084007325,0.06861405514193954,0.16038782496782197,0.18527927498760688,-0.5533465575308423,-1.356254310535511,-2.7682472622924403,-3.650928722701564,-4.122213875983769,-4.401339204700219,-3.8619746305781,-2.8727174511848474,-2.695221010685512,-1.607301769690077,-1.1757144167472076,-0.6965392870440098,0.0384108046671528,0.9699324370419782,1.7156985109725436,2.578104443972557,3.5612233924861045,4.579352495449969,4.9470665184335685,3.8282651082915202,2.6935871668828457,2.0871603563799637,2.043571692630169,3.054893183156495,3.1782785635749082,2.940263251511304,3.070022746335365,3.415245629480717,3.4105941596626037,4.76223644858595,6.803034294784965,8.876908446826821
-1.807391062341306,-1.2429188988299675,-0.9411391986237085,-1.2129075398536466,-1.5863580742889802,-2.1287174916269986,-2.0556798603018858,-1.550318770394278,-0.47746053509727704,-0.08082817623936946,-0.10141141598383181,-1.769635455246952,-2.670206004143895,-3.512682497555244,-3.8126194123287123,-4.235952575591347,-3.4460666363941073,-2.640723081956594,-2.473372073092759,-1.788601202925783,-0.897801551492684,-0.2264410119036422,0.7276379858916107,1.1944343560314956,1.530935500375085,2.0727578775835562,2.595910062766223,2.7810084811801277,3.1796426669639564,3.735502511009621,4.644922748506595,4.654256857184988,3.6683599221536944,5.380746228366385,7.115258534682755,7.810028761100971,5.078173798060626,4.013229303895911,3.3067202410286587,5.2720331948691825,7.951360511165329,9.091345593919517
-1.9510358545924102,-0.9753147530974074,-1.1024679631840635,-1.7723943307968746,-2.083154319384372,-2.684857718688041,-2.9152525412158585,-1.830226255495956,-1.1726272277594383,-0.6098224078548851,-0.4636674383347108,-1.7998344120003922,-2.943862452828451,-2.9885379902927696,-3.184066542795925,-3.2885617950168706,-2.6151361893483642,-2.36234215405151,-2.4624175219846025,-2.755564120431332,-2.608867927761285,-1.5317802710360011,-1.0527756109575077,-0.17227297105856454,0.5878744362029407,0.866660990168955,1.950825544009982,2.6019038245191486,1.9641171794985084,1.9214193377344468,2.400539946730877,1.9815198122581261,2.8680003444050843,3.7450043093053154,3.9875296534563494,2.978218336185952,3.102475385214637,4.181456214748254,3.9266501185402163,4.25710655829771,4.005201917178194,4.9757009919486945
-1.7150311428974767,-0.9933128991569318,-1.821273890034455,-2.218109322520599,-2.427069879753381,-3.294573229866323,-3.459792160480478,-2.5257430016552793,-1.9919705230021707,-2.063994518443301,-1.8922324861391733,-2.3528730676183374,-3.262558284492979,-2.640410302002791,-2.5459823751006923,-2.4581218497695327,-2.698625362701486,-3.0816563734753477,-3.101403285444011,-3.3793415105414937,-3.196957830531254,-2.7240811410906334,-2.3170344340488063,-1.0432225741527987,-0.3338981668994913,0.48716797408886836,0.6955485007918589,0.7215283629640592,0.12563788750564917,0.4782290368800738,0.996113245587324,0.2755298460459434,1.290679593329175,1.911537339522766,0.1322358165166715,-0.9566577695167321,-0.14553249599328327,2.341729242645746,3.0646256555190847,4.177477134986209,4.447926822992788,6.666302390916904
-1.6164360343296182,-1.359805911889081,-2.4141700019519594,-2.783529664786548,-2.9958729513855706,-3.6453427236599127,-3.9663583149639634,-3.6802199637463744,-3.178268460474882,-3.497857099121058,-3.7711925968734534,-3.2153778233587635,-2.7175405769033496,-2.890448346110885,-2.7889444475127667,-2.6778462482975813,-3.923883749412649,-3.4428471034017196,-3.4130725946127165,-4.024867146554633,-3.8592791820763512,-3.9122048801979186,-2.581083116937198,-1.9038720349627964,-0.9327909683846126,-0.2438777476220567,-0.09897896084142085,-0.41534063471690263,-0.9962226068532749,-0.21452166973806597,-0.7172424302539286,-0.292647552090318,-1.0340734300842769,-1.431219043240353,0.2616935042089159,1.0641311280605255,2.0404111828958293,2.962686477599557,4.8690053421205315,4.694186581762643,4.1813763834891216,3.4849481529329935
-1.86633072275075,-2.135651200023141,-2.5733272347309493,-3.103670671598119,-3.4370514579682507,-3.874425962782515,-4.330745452492027,-4.933590228387368,-4.983072133155885,-4.644982699504742,-4.691696304970083,-3.915440647068713,-2.900019360010648,-2.158238647345082,-2.758253438161204,-3.7829577630643603,-4.9330217882011995,-5.639284621808464,-3.8619199961334374,-4.588916995347981,-4.681354120911381,-4.2380940943794485,-3.3990530342005174,-2.698570687039361,-1.7481508412442759,-0.7010784222226125,-0.88330390369917,-1.2069761507264443,-1.659007034812659,-2.096729940124547,-2.9426017121370696,-3.021602788432288,-2.340315928766444,0.5143268498904006,0.9573214250058719,1.7906030729565057,1.3655681329689524,1.5152357644195562,0.343415567679995,3.6754838104068503,5.588177010931727,5.6937394865750885
-2.175828044817826,-2.7815282654451496,-3.1874183954286837,-3.573885705724509,-3.859086644269611,-4.352694186216368,-4.580774326719479,-5.336605614681828,-6.014292160652153,-5.6679600113631565,-5.372796358453626,-5.0947283707511355,-4.437594114033002,-3.732038744229931,-3.12805732540957,-5.052892705315815,-5.548999454970987,-6.348075417562102,-6.390582647636114,-6.116257112192581,-4.993245271517046,-4.476601081735758,-4.512402974479616,-3.514175992363019,-2.2778306096011116,-1.4811641836155331,-1.7100286228331556,-1.999317950356912,-3.2864428845360343,-4.256634701357369,-3.915027073603113,-3.3824315345905154,-1.131297973716543,-1.991630856839103,-1.7234486149705321,-2.5705707582906814,-1.1838292232704934,-0.7676339753303105,0.5949560814390503,2.8122253301226223,2.9879284163321502,2.8640376395868175
-2.8408112387982456,-3.5069605631689837,-3.4363146150908523,-3.963955988738764,-4.566358529768109,-4.795061585594026,-4.992804665112911,-5.860386674054746,-6.657445798976264,-6.501615185543526,-6.232026147458903,-5.757654559853863,-5.997414009693981,-5.867269299952416,-5.274331186107408,-5.770503024468377,-6.280257914107617,-7.137434990038614,-7.295530832545682,-7.072517730587734,-5.993142448874407,-5.561530928538375,-5.3322919612090045,-4.649153585944636,-3.72379717666281,-2.6892487151018294,-2.716267640465909,-3.8444259650894788,-5.7613125320779375,-5.392123302858299,-4.373859437671246,-2.4367713075449706,-3.515035867293996,-4.128784167797203,-4.322317408451533,-4.085728410161829,-3.617769018789988,-1.7326553875526196,-2.2675875558725376,-1.2012384042351574,-0.2501342546791402,-4.735206311356782
-3.622009975722947,-4.1018345449148566,-4.096424360799582,-4.0278249070202055,-4.995061518432701,-5.2594643837539845,-5.630952938243823,-6.64895665287676,-7.116218795746054,-7.111399090797879,-6.68360803211689,-6.496432703013099,-6.889743786447481,-7.0158818755596695,-6.7381318339439655,-6.464730148412324,-7.575819880394873,-7.995196151438795,-7.780537870214295,-7.745287082210006,-7.298242495251584,-6.885063101216139,-6.3063549113792545,-5.949623219891778,-5.886872461713999,-5.193880413411622,-5.1237869773068665,-5.061523068746028,-5.622009744159629,-4.582398446989249,-3.455249095576582,-3.535455398515236,-5.054642761229209,-5.743005689828567,-5.741018025451879,-5.514390644268545,-4.102832148944748,-3.655310804577093,-2.378152000627186,-5.133699574638903,-4.429708529549252,-2.281813094657571
-4.401722905463599,-4.667996774087424,-4.5805745748123465,-4.15776865168932,-5.059000683446947,-5.206414273189113,-6.19410582234618,-7.340253816495289,-7.497060743130839,-7.513313295845603,-6.9593826317774985,-6.735533743843746,-6.994725468822736,-7.544603322290406,-7.435141257060754,-7.800681178324133,-8.09817719536384,-8.556508214893238,-8.555635926744472,-7.941552731141879,-8.045836755883062,-7.577758741068479,-7.6413300406001134,-7.70235265856173,-7.889344338202565,-7.881519340462589,-6.8635057519531655,-6.948261343832943,-6.023215379133974,-4.961309079335044,-5.272147397327808,-6.004543549891974,-6.375199375876002,-6.921111406890684,-6.233221203256327,-6.2229944461125335,-5.885941985089414,-8.265854839996523,-6.6965602335677215,-3.7312465600850624,-3.3263418967074565,-7.31929458072898
-4.760151799053284,-5.115516031502519,-5.1686713055648035,-5.027361918427184,-5.16457543733611,-5.504602058362716,-6.383013590447613,-7.687870597448764,-7.778785767887629,-7.604649178501946,-7.098585479830029,-7.008179402243197,-7.3665993582095135,-8.19684103259554,-8.679830936787553,-9.22071183579807,-9.265357266858887,-8.818348751281114,-8.821092811142902,-8.43419262841251,-8.221667147716577,-8.186536474993012,-9.057312582024132,-9.663718563852187,-9.96323086844403,-9.771915520766314,-8.87103877290331,-8.68335855806223,-7.705062210633493,-6.974618867470063,-7.444576170239737,-8.03627962243441,-7.632350526004446,-6.979069293985579,-7.71956202119849,-7.847491704441232,-9.68024878742428,-7.600601266212699,-5.532125319156495,-5.198776280492701,-6.983135683081523,-5.905088136836995
-5.644350163585225,-5.437295316941634,-5.551849735891243,-5.608620990289914,-5.983818767481106,-5.7634391029807235,-6.793862619057768,-7.692080445999132,-7.8429927075993024,-7.895203571381506,-7.491020500755352,-7.637500897836542,-8.252743315929326,-8.97990104497337,-10.061834188073474,-9.97700273820063,-10.171132117263378,-10.534953528562914,-9.682742226351683,-9.38874172390841,-8.919234908719101,-8.166358074451322,-10.43217060718787,-11.873871581035637,-11.901515711487265,-12.18727167996121,-11.339006606696993,-10.284127938364174,-9.81848064423915,-9.630795157875639,-10.024979329932332,-9.212681048172403,-9.327478587853228,-10.540155643105832,-11.251167390490314,-11.073474942694535,-9.556763570998719,-7.855601819674034,-7.057871090989458,-8.002841660453853,-7.556278585793027,-10.789530888362176
-6.760450682410822,-6.358912120534117,-6.158870651220852,-6.278539689523704,-6.534207525401452,-6.733212875537898,-7.312892030394252,-7.54133488398703,-7.862878627426614,-8.254907419136952,-8.659731473319408,-8.663587749063343,-8.810998454700702,-9.77592928691485,-10.804385242220146,-10.839542592605545,-10.961888008814409,-11.074210372016811,-10.737562540779175,-10.827249750380286,-9.962622059346193,-8.991838511511148,-11.88325546840121,-13.2249008524938,-13.127788832089838,-13.025727015261815,-13.152171126606463,-12.962524894918962,-12.346277871813303,-12.141822632493298,-10.532183073201212,-11.114419128342941,-11.976290286183795,-11.716663781434285,-10.905666428637145,-9.95268684884411,-9.284817726773714,-9.766965569591202,-10.317097872660192,-12.449241296344336,-8.316934846560171,-9.39900016635853
-7.229180455845641,-7.055728450500566,-6.6871186449634035,-6.460322823208716,-7.369899402975912,-7.026812063853754,-7.5730728340252025,-8.52809218968583,-8.391929816391187,-8.982968160188427,-9.285155076149662,-9.294005822374105,-9.51472541389738,-9.990496731914025,-10.973677903155014,-11.593556609320748,-11.79735284200694,-11.335132798177089,-10.488756379087796,-11.257387898128938,-12.028926242602363,-11.102144933798456,-11.764951738289444,-12.768583338237109,-13.548705920025457,-13.284219375099967,-13.435908626675676,-12.99438751687523,-13.257076489950112,-13.548576099128507,-12.250079104834334,-12.3475776995112,-12.387955825100551,-12.503913774135878,-12.633292026195827,-11.95727208971746,-12.164100371230429,-11.155418284983707,-11.387818260076726,-12.810710973027033,-15.216514423746283,-13.549195849568926
-7.545561187879071,-7.654571235085873,-7.423459571954537,-7.404710626013953,-7.025075250660101,-7.569928554666237,-7.717581796862883,-9.097505388987758,-9.127381241094126,-9.886304609182757,-9.7387781359784,-10.373980302500527,-10.162344842208153,-10.795268107502167,-11.239549319315078,-11.749615452758759,-11.622777030998842,-11.037144237314562,-10.451515676581902,-10.9362205632195,-12.936673788641464,-13.357107007618662,-13.135940122756413,-11.03495050754032,-12.749712188048955,-13.179575232101254,-13.407719707164244,-11.12271241404014,-11.986669718412086,-14.285544384830716,-13.946390058984651,-15.202792088429266,-16.24314460175659,-15.835455782688506,-15.304849415025082,-12.564043275832876,-10.388094635672154,-10.8179046195757,-9.909589084184214,-13.835891365696684,-13.888993612715861,-18.313275595594945
-7.80242354835384,-8.045661526455872,-7.999661457763197,-7.9344080210298085,-8.172689402838364,-7.5813824902054,-8.20487807243616,-8.100954027114279,-9.768418013077712,-10.75790873210539,-10.379948410321187,-11.230516322790235,-11.534325033548576,-11.519261475478128,-11.90038325596786,-11.946218041667292,-11.617808647459785,-11.017450065964036,-10.8503247148636,-11.254344716161885,-12.443467791081023,-13.81821087810581,-15.196395342595203,-12.162391312475034,-12.439525015381076,-12.231242497661324,-12.70725682320779,-11.701068413726698,-12.695832598340202,-16.275950225564994,-16.302601169696928,-16.543038585753493,-16.265236609615684,-12.929844142983448,-13.718471703766372,-11.861557901792061,-13.085103113017894,-15.671118501260187,-12.609785107810913,-14.689691280889884,-15.064486920977691,-14.920704415475612
-8.211037809180246,-8.310064944575828,-8.868077023872644,-8.569958074777594,-8.745264935354902,-9.013003351448024,-8.962078592986174,-8.98978518751441,-10.07512714265054,-10.462702314738756,-11.155792060927883,-11.711732692290195,-11.71023398428558,-11.605089313466248,-12.541154054518817,-11.884887813216043,-11.454330683290562,-11.619022597883207,-11.53929065323998,-12.24736067258499,-12.542666244944883,-12.740421338903289,-16.35573557271269,-15.996965119499922,-12.310387538046617,-10.563780243465354,-12.30393566100827,-12.171044633917138,-13.99983177788787,-16.386430286101707,-18.816797946755862,-18.47229060035599,-17.62178316112446,-16.138647628611892,-13.713601056848029,-11.973064112992219,-13.957835311214952,-15.316387196832553,-12.171980234638326,-8.607790296900935,-15.6903177598928,-16.06375888043582
