public/json/wind_2018-09-1519_950.json
{"header": { "discipline": 10, "disciplineName": "Oceanographic_products", "center": 0, "centerName": "Ocean Modeling and Observation Laboratory", "refTime": "2018-09-15T19:00:00.000Z", "significanceOfRT": 0, "significanceOfRTName": "Analysis", "parameterCategory": 0, "parameterCategoryName": "Currents", "parameterNumber": 3, "parameterNumberName": "V-component_of_wind", "parameterUnit": "m.s-1", "forecastTime": 0, "surface1Type": 160, "surface1TypeName": "Depth below sea level", "surface1Value": 15, "numberPoints": 4800, "shape": 0, "shapeName": "Earth spherical with radius = 6,367,470 m", "scanMode": 0, "nx": 80, "ny": 60, "lo1": 109.0, "la1": 20.0, "lo2": 116.89999999999955, "la2": 14.520000000000117, "dx": 0.09999999999999432, "dy": -0.10000000000000142 }, "data":
[rows 0 to 21 of 60, columns 0 to 48 of 80]
null,null,null,null,null,null,null,null,null,null,null,null,null,null,null,null,null,null,null,null,null,null,null,null,null,null,null,null,null,null,null,null,null,null,null,null,null,null,null,null,null,null,null,null,null,null,null,null,null
null,null,null,null,null,null,null,null,null,null,null,null,null,null,null,null,null,null,null,null,null,null,null,null,null,null,null,null,null,null,null,null,null,null,null,null,null,null,null,null,null,null,null,null,null,null,null,null,null
-10.393269310156473,-10.437414776646012,-11.420660430020979,-12.187193169404576,-12.468769477446774,-12.32902050927874,-11.938064877591646,-10.908056372017336,-11.537185015262132,-12.376554578115622,-14.561318821993488,-15.589850694418153,-14.992672113809824,-15.123497433504468,-14.321576086692641,-13.692419779781687,-13.203989627461135,-12.760653870863507,-12.48128013249431,-12.564812050445441,-12.202830681068404,-12.515185898824727,-12.812356106594889,-12.887409355958681,-13.89408565219103,-14.694669844521218,-14.36044633841489,-14.683591227470508,-16.31068317864091,-16.033424453910907,-15.485514655409887,-15.431068773993571,-15.535974586164139,-15.300247362790518,-15.98581380529387,-16.876157825304503,-16.8574039387545,-16.973641452634357,-17.103637864738534,-17.39524599461098,-17.868280032336187,-18.733830040118658,-18.895011195456863,-18.39930636803661,-18.168563011243457,-19.262468634945293,-20.807444983353392,-21.953679905579015,-23.18477122328549
-10.126531281706896,-10.721106260589616,-12.611349811312493,-12.944766997524965,-13.322626623464979,-13.127055026933249,-12.804634765673612,-12.286205304857294,-11.209947052068667,-13.338708164525725,-14.388888203412822,-15.80711976953488,-16.227384206159623,-16.247843838724606,-15.590356731689177,-14.656897131958862,-13.777689667745205,-13.389581967682371,-13.025219734319126,-12.361346946131247,-12.43530405564759,-12.494837240364747,-12.535635340091194,-12.63454339979856,-13.628613542609171,-14.565922165802514,-14.535036346228182,-14.004971215175214,-13.609343030945476,-13.353146929614304,-12.56481281675077,-12.65375204411642,-13.153449838236892,-13.25230421549871,-13.326710709605333,-13.559866121036862,-16.665433174011863,-12.995856406655102,-15.115579688010431,-17.472600433430244,-17.824115818463998,-21.13929394805775,-20.764544023699965,-21.056658189552977,-20.175869223798877,-19.320940141305048,-19.854968935295705,-21.065457712534858,-21.033833417314312
-10.634222141372447,-11.10084571447099,-12.838494001435853,-13.521440472032106,-13.712432538300245,-13.301441261720974,-12.913901984282859,-12.81120666123319,-11.374564474152603,-14.062341307067157,-14.608158195436122,-15.219247443519532,-15.955748608028209,-16.312577330586375,-16.131021037192337,-15.341067653566213,-14.290452818378164,-14.225257206014632,-13.364087345260563,-13.427382513521666,-13.571095688848725,-12.402836951581797,-12.029323752442352,-11.894415813406457,-13.452413027456139,-13.843756131291348,-14.614767468106484,-15.17185279190735,-13.970534545585908,-13.122123858206718,-13.498224838601748,-14.574911375679187,-15.110662226141033,-15.042675231051838,-14.367948448811434,-15.264053038023794,-16.155349333799634,-15.421340328957303,-16.36450905282237,-17.21196727834097,-18.28514865799157,-22.486476940409112,-18.6910560280347,-22.089087278399386,-20.857745331268898,-18.71213999809902,-18.777444277671826,-20.534180668612876,-20.133324039734276
-11.613554661785964,-12.58334396360937,-13.041137986216844,-13.616342470643051,-13.747233157449449,-13.717903445905579,-13.315139799793045,-13.112253827934971,-12.68236109060919,-12.97286947046671,-14.49747703040309,-14.659863403130313,-15.903991055309898,-16.570101307135,-15.87615389168619,-15.313098831409519,-14.419655819746769,-13.61171064891339,-13.541767386213987,-13.080443543926002,-12.84476304814418,-12.700284337050139,-13.010369657694717,-12.274998602072493,-12.934433043857954,-13.365200169224334,-14.028002089984145,-15.252470344018153,-16.65655619733657,-15.094474219245399,-15.088954075803972,-16.852646372417034,-16.153216181926727,-16.305756704079542,-16.091502062808313,-15.820494732627862,-18.063876340644892,-16.21286421455579,-16.979074505339216,-16.671555540952802,-17.365664527740897,-17.17558579893054,-17.8215269973724,-21.73581452271973,-20.953264710867025,-19.4226269725284,-19.250102813455474,-20.74906709776335,-21.849522849328018
-12.502661222469143,-12.636537066973384,-13.254836396988356,-13.805015403337496,-13.774130980820772,-13.506821139248327,-13.577206111664278,-13.87404518534862,-14.31755024876669,-14.19493024550295,-15.197315392958469,-15.278415640987209,-15.642384293503527,-16.362184713042858,-15.673202487098145,-15.208617152386442,-14.649008532789278,-14.546118417103097,-13.512288712047884,-12.746026476355796,-12.015026421359607,-13.589021260766623,-14.056401102624347,-13.90773856975569,-13.021237613458466,-14.009146807606536,-14.962715611323206,-14.7301594203394,-16.986559579838318,-15.693830032969313,-16.579683984689282,-17.303001349364152,-18.13650072833186,-17.945019349988527,-17.081456203188925,-15.491010804072003,-16.716305076466448,-16.73792678052989,-18.09774882018788,-17.795438485801576,-16.18913353840952,-15.093178846897345,-16.13085035646323,-20.855240104725805,-21.11534456128172,-20.984138587971326,-20.211012636085908,-21.48204332577036,-21.148494832678498
-13.611016928525595,-13.829335441215422,-14.005315424413297,-14.103267663339556,-13.887709578272014,-13.564110804732177,-13.360807233665794,-14.858422092647736,-15.204763906208532,-15.036368037182067,-15.764422705346,-16.301497280053177,-15.313210019962394,-15.654047649182736,-15.577033077606902,-15.41374706759559,-14.848819832673954,-13.917441604168273,-13.414897425745515,-13.209069457404837,-13.263537410368897,-12.923486719544444,-12.93614415427188,-13.283829010935914,-13.23935703898169,-14.848433507417106,-15.511089253819186,-15.215809442824469,-16.698156927266844,-15.982661444472065,-17.275271644545928,-17.54793469354572,-18.218515152803647,-17.55635862995056,-16.78971638670286,-15.813764390579308,-16.04811820963323,-17.723441186596574,-17.564762300149464,-18.17335395903882,-16.76703355908858,-15.163983152918128,-16.328741746756446,-20.492047900287773,-20.76577501929077,-19.46215241540468,-21.673067856838074,-21.60932067116748,-21.559419552936202
-14.748922765645862,-14.865344021078444,-14.802108794829373,-14.953559761016262,-14.331603988427979,-14.199079379394643,-13.707197507363132,-14.430936788605756,-15.261290236197464,-15.6864513266093,-16.369280992952,-16.839176267810732,-15.836735956970408,-15.38641232042503,-15.265032865695531,-15.736192298182244,-15.27304293120435,-13.284171722511903,-13.030602136508197,-11.924140230109783,-12.311892850396177,-11.881345020927418,-12.083389983881855,-12.873271317818629,-14.510115364362468,-15.681328981265938,-16.078600219977798,-16.062902625836838,-16.481536851076307,-16.07014441490032,-17.477141026439117,-17.83515295220076,-18.2822287455997,-18.046201376628396,-17.75397160157324,-16.90300898888631,-16.723005849400824,-17.85399724219252,-19.05108478744736,-18.0924216241646,-17.835643498516706,-16.495314110887517,-17.765846843649562,-20.288897427276147,-20.641763792413805,-19.834846669907545,-20.69141266323083,-22.884040886869652,-22.157876510745467
-15.429832102569172,-15.063362759048154,-14.88545581333552,-14.972627361056084,-15.23373740159566,-14.412683533476848,-13.83183260906011,-13.706656963392335,-15.001184829746913,-15.663124864115025,-16.76750086106458,-16.948617761705282,-15.933847872064563,-15.195212789924344,-14.911226131970896,-15.55542542200913,-14.270538609561129,-13.06984250303557,-11.712507090756066,-11.181422619703616,-11.6658395088111,-11.779100862748553,-11.466757877979914,-13.052166942667723,-15.217699366288201,-16.593117828784457,-16.88395465072346,-17.152894823805315,-16.73045440337026,-16.561071896591365,-17.53823037867354,-18.686637363125108,-18.98177888697307,-18.252791326524104,-18.065493502275388,-17.13562651342292,-17.038926090789253,-16.864903731006383,-18.430287436905154,-19.71198790244327,-18.213320953746173,-18.95070203737505,-20.66646387568972,-21.63963598610874,-21.964097069037365,-21.655474474583492,-20.626503674163473,-20.98165228315089,-21.82187756492062
-14.85358062366616,-14.83565518763328,-14.857315049373277,-15.220648670587599,-14.919644895194299,-14.577432692542903,-13.952041773417875,-13.528322656883,-14.607387659753549,-15.42081406755651,-16.388992832433136,-16.525392513922554,-15.936307484789321,-15.374655529560163,-14.62966961601607,-14.516970675294175,-13.431196129218986,-12.094149344779604,-11.493889436380606,-10.68996142991115,-11.564749338909076,-11.883068984826021,-11.888262946022431,-12.674443683057639,-14.891365101738561,-17.369755073776613,-17.06605658013074,-17.168436673934746,-16.707638875789335,-18.472994621409075,-18.169628644014004,-19.821707772757073,-19.835492194202388,-19.053334713545908,-18.649042493809738,-17.57799155222901,-17.702548176148856,-17.851197176687222,-17.03639985159682,-20.438240575617257,-18.850383759203005,-20.17967192731896,-22.67172718545181,-24.29569754287297,-23.796373250897698,-23.70904838812259,-22.311270119616516,-20.116123738607136,-21.58988692344048
-14.609487746582676,-14.968643114677329,-14.861020248785152,-15.256710390663482,-14.880063789927185,-14.603832345306856,-14.515001204650192,-13.892355939930512,-14.107573371108007,-14.458349496597773,-15.111631009613696,-15.789379104741656,-15.956926647965766,-15.26483110666033,-14.787323114461818,-14.305838027506194,-13.740466657099255,-12.937701881872208,-11.397762078500989,-10.594349738816007,-11.614758981662108,-11.507681466666977,-11.935627500265124,-13.679897898066992,-15.307074588620292,-17.599255338390535,-17.548603503171698,-17.936739252744474,-17.345053131118714,-18.89897610010498,-19.617008468234847,-19.95535632883624,-20.035002638845015,-19.266215695474695,-18.879884391632956,-18.376284269986336,-18.57055873451511,-18.84868418027644,-18.498275708716378,-20.329686307894733,-19.08427688675379,-21.602261770659464,-23.30840095298114,-25.3211586233051,-23.352341184842565,-24.485744244773812,-23.079233718380724,-21.86270746561421,-19.739661624719858
-14.712673485179504,-15.283102686632912,-15.118757994114961,-15.205493348891736,-15.030435725288564,-14.325206448159486,-14.674172937965407,-14.313809281051194,-13.261820875171903,-14.116576930499502,-14.456811739683605,-14.841230834221173,-15.267310505166998,-15.405553939464326,-15.103737048039537,-15.360737365762535,-15.078383740540655,-12.959734703741493,-11.511195811840153,-10.01027532471534,-11.945800101368944,-12.34406498743429,-11.562590324950644,-12.754937521177785,-16.223900744231905,-17.300048619836595,-16.994477115331364,-18.18822883011908,-18.323239415020907,-18.07890725808793,-19.537350179223356,-20.327276009020736,-19.677291777701374,-19.630360477314262,-19.625833243234293,-19.281970674356707,-18.83257708260163,-19.252809630280236,-19.046553474651688,-20.12390424467522,-21.939985165560646,-22.910042159292395,-22.930357488656732,-24.893608323720787,-24.326057100627366,-22.439972418472955,-23.414974141475618,-22.4518653384403,-18.5727453021972
-14.928685324330697,-15.524559597165965,-15.444824837367099,-15.073038841146333,-15.283878439836991,-14.72603020884454,-14.501161909135403,-14.123799466923451,-13.91824451007427,-14.190175137405834,-14.091359871561519,-14.184942581628643,-15.038703233358738,-15.377484849151255,-15.781244278935263,-16.37624692092134,-15.518498691157832,-12.816760800904131,-10.903159776235979,-9.328836469424274,-11.482917061874318,-14.11434530302603,-14.64724069682625,-10.833227235054434,-14.599636044952144,-15.252866234996329,-17.513792599903013,-17.882669111746186,-18.34306992433253,-17.66354733793362,-19.20558696025099,-19.365228365391545,-20.276963192925407,-19.27088361655285,-19.796303934893306,-19.153901582604025,-19.392705209500342,-19.095053697446392,-19.24158885786954,-20.39015474324702,-22.113603816660135,-23.577133141736127,-24.78439776500166,-23.677517553263755,-23.87389084915003,-21.351754584230157,-22.64086922158507,-22.691414302254188,-20.81898190869538
-15.401774116546175,-15.362314850378866,-15.159407790664408,-15.019859540629005,-15.359565045661919,-15.869884559745813,-15.061077138399238,-15.188641820732274,-14.285127877114917,-14.667120893840131,-14.450033014144195,-13.515182653216682,-13.77787887420552,-15.280010088397157,-15.04871254809596,-15.195390194529965,-14.981778809080874,-13.218612862465713,-9.867568319740904,-8.504075140827911,-10.929746451181806,-12.572801035046933,-15.703640062039831,-13.443656495339996,-16.129484985172645,-14.036495279240981,-16.113135357680054,-16.99565974749973,-18.604825025908983,-18.70037965723024,-16.37963753599083,-20.57672000031115,-18.67970569823759,-20.608705935996955,-20.054006516227435,-20.211538497789412,-19.58120125166213,-18.706336545965605,-19.916287114398948,-21.113973294982117,-21.550573059887753,-23.79707677039263,-25.08754198261518,-23.808853715099154,-24.073122487211137,-22.4787355536135,-22.0837308106671,-22.911971764235233,-22.23354672638976
-15.243563842882889,-15.94084750081052,-15.90214200753164,-15.200649612114397,-14.692491609950608,-15.626513629944016,-16.36554442598524,-16.225949971895965,-15.308336152451702,-14.560767965988449,-15.19576306302041,-13.971194215842818,-14.169718118981931,-14.139486129836284,-15.700613675642321,-14.307497526016219,-15.046249251503355,-13.242368664331451,-10.356872277340527,-8.33589854771351,-9.952846791346907,-7.603453884553389,-15.915246555339452,-14.994719280345047,-17.959320753584606,-15.032908533288117,-13.407923144998259,-17.3176744427136,-16.696836283153118,-18.812791167563745,-18.53972629466975,-18.710313843691964,-20.062354887864682,-19.95905579039164,-20.114135021081008,-20.128462191171387,-19.825518021137434,-19.0411456524712,-19.308756117797166,-20.391651001698218,-22.314600039861375,-23.844266585723055,-23.757101257199018,-24.17635872451439,-24.522120419900315,-23.881204369514787,-20.098556554010308,-22.374187366596548,-21.621673945866352
-15.511092333115778,-15.64467698427812,-15.940732410752858,-15.454901831827819,-15.363494644661035,-15.741616263025126,-16.563449602555046,-17.00300019160666,-16.362023790713412,-16.236878933040327,-16.25342109097804,-15.546188359824047,-15.091592615181959,-14.740101045379658,-15.331765102612197,-15.531792177091177,-14.659693669299225,-14.377393298225762,-12.219782923551556,-7.399130688650926,-8.882604825169512,-10.091197397476169,-11.728883615763342,-12.022125947539232,-16.382781098440326,-15.108129251480282,-14.47110413725899,-13.146635049261235,-15.588325099928575,-19.690656022579986,-18.71608310300284,-18.15709262733673,-20.587378174021964,-19.24367149440011,-22.664557500506216,-20.841260027364367,-16.661593227473606,-20.134452512731375,-19.20869925004628,-18.574525681896176,-22.208345048213165,-23.568517980578676,-23.740420225485536,-23.256224420508055,-24.057374125105767,-24.37181391311872,-17.7784184449139,-21.832564763594682,-22.00712833398196
-15.869239968735252,-15.28124931527695,-16.142684559291688,-16.09957663832634,-14.828545035660476,-14.40721221563978,-16.908336029631855,-16.599702724031786,-17.210248192564418,-17.653714362303774,-17.089528669830038,-17.470610607304565,-16.660515133983758,-15.9417583679609,-15.58928755771731,-15.822374243849971,-13.741479236819016,-15.078406637553819,-13.024572596376938,-9.008424345359767,-7.06485636179186,null,-14.87126919180956,-13.713853211037758,null,-18.542082435008908,-15.62934457179677,-15.319192277455695,-16.393118993880606,-13.910643979519312,-19.25059331544001,-21.120335429784404,-18.732723682132118,-16.105964255404455,-20.97765182940931,-21.078100224469214,-20.203357041419142,-20.957460120009213,-18.334607331410737,-19.230728106778837,-21.575544648882104,-21.536926290628887,-22.940237235152487,-23.255733485345957,-23.832690053433737,-23.25242163242324,-18.424354766947328,-21.685084425241815,-21.148047772052724
-14.988126920873741,-15.717595077720041,-15.640126767348065,-16.626278271513332,-15.863643367269903,-14.882748363833132,-13.263766520285367,-16.69271823059098,-15.83544207938893,-16.101197496229123,-18.209533017738615,-18.1275912961816,-17.829734167342146,-17.841456744078904,-16.879770206425043,-16.16707424196574,-15.207496589099359,-14.093445519481316,-14.870371012055267,-8.412279192153504,-4.676855241848467,null,-16.325465891911506,-16.231650377326,null,null,-15.407017751487375,-15.090668609284894,-14.866464353424963,-14.914141758929457,-20.18580630012054,-20.393952186728928,-18.87902267810409,-18.808353030963055,-16.38345331999571,-20.28692279999567,-20.90726277041714,-19.576786728650603,-18.26572470945754,-15.808717743973672,-20.575804320995864,-20.90575041899853,-21.175167895366506,-22.05706284719985,-23.0787070651619,-22.7593976270651,-20.103809604132614,-20.420078284418665,-20.428717245869542
-13.77523292064471,-14.719500996360626,-15.187768055680985,-16.27575833769132,-16.86952179602754,-15.558733517780931,-15.209738405682119,-15.757897646774815,-15.921916465416393,-15.450767438811916,-16.053637935154367,-17.62382479791353,-18.584803559908806,-17.850653430495345,-16.850862501802304,-17.011729858805253,-15.364405371856266,-13.834634904810926,-14.619600755440961,-10.407599781867686,-5.699160816263597,null,null,null,-14.627497853005487,-12.577907483083358,-12.888620171864773,-12.684614239574808,-15.805330659897463,-15.810651722503849,-12.561981479201242,-18.0030972320401,-22.121590017154745,-15.660860916529176,-20.82419364342601,-20.357196270868318,-20.298027614910094,-15.782345996139815,-20.374478291517743,-13.180784204746288,-19.25639904965567,-20.463502006487413,-20.238908274138765,-19.78484039898201,-22.625745641923793,-22.28592475271261,-18.59747665486233,-20.25376471352637,-20.086525679137946
-14.547965835892622,-13.789239364456227,-14.129011934855257,-16.509217498017893,-16.951878844750613,-15.88964806585766,-15.660687482653039,-16.128644359147287,-16.351534688335647,-15.577007086291335,-14.730719198307114,-15.404190210630976,-17.125579445667324,-17.98145608799718,-17.22953662301026,-17.811268695988222,-16.514954946607308,-15.239757090749954,-14.933096943014673,-12.522713871429303,-7.0646697542674906,-0.7386641383714827,-2.1784936196028895,-9.851775296336852,-16.486263465705246,-16.57305811122184,-18.943260931426074,-16.81843257403054,-14.228901715984101,-17.389033971562096,-12.15856474844471,-20.5095960669195,-18.340936788922225,-20.274054940514688,-16.4044276781307,-18.606406983770075,-19.737635473961838,-18.923353100341195,-17.63317518999822,-19.930453541689232,-22.219855914889592,-21.18658917267925,-19.95261574861951,-17.683728737514823,-19.99715940718499,-19.263876938563435,-19.17821574544672,-17.162130880681538,-20.87381133872469
-14.037655925510617,-13.719791165485153,-13.846958036020858,-11.944079477375205,-14.138866111135638,-16.639891986513515,-16.37000831727173,null,-17.758964964785385,-15.779980137851787,-14.012357530227062,-15.272347436325198,-15.36195465742889,-16.549963169823773,-18.789138848387214,-15.466617138455682,-17.103427700752476,-15.215567512467791,-15.813464382360987,-11.85382550002166,-11.223426783260871,-2.058737851549044,null,null,null,null,null,-17.93377212641095,-18.432726632940867,-14.319466945402059,-12.885948286452999,-10.352168573134122,-17.995473198155683,-18.975980682180094,-21.34949257376527,-12.546438378848151,-22.217191794691978,-18.789086581773233,-17.619021592582847,-16.378512984791,null,-18.236878471548057,-20.027390039112856,-17.61484161459635,-15.952065360553341,-18.50699070333559,-19.858833952652375,-19.857907922629398,-18.164158971183376
