public/json/wind_2018-09-1518_850.json
{"header": { "discipline": 10, "disciplineName": "Oceanographic_products", "center": 0, "centerName": "Ocean Modeling and Observation Laboratory", "refTime": "2018-09-15T18:00:00.000Z", "significanceOfRT": 0, "significanceOfRTName": "Analysis", "parameterCategory": 0, "parameterCategoryName": "Currents", "parameterNumber": 3, "parameterNumberName": "V-component_of_wind", "parameterUnit": "m.s-1", "forecastTime": 0, "surface1Type": 160, "surface1TypeName": "Depth below sea level", "surface1Value": 15, "numberPoints": 4800, "shape": 0, "shapeName": "Earth spherical with radius = 6,367,470 m", "scanMode": 0, "nx": 80, "ny": 60, "lo1": 109.0, "la1": 20.0, "lo2": 116.89999999999955, "la2": 14.520000000000117, "dx": 0.09999999999999432, "dy": -0.10000000000000142 }, "data":
[rows 19 to 37 of 60, columns 0 to 41 of 80]
-10.860291191357305,-9.171781641577649,-8.863292059517493,-9.369583653803346,-10.38334024779632,-10.470559325528516,-11.525015013921083,-12.176338122645436,-11.83614212894325,-11.605219883240778,-10.931417655955704,-11.635314625519083,-12.717751602353921,-12.72394168416196,-12.835965740441637,-13.050391108564723,-13.743743829965323,-14.732225614272961,-15.819695315500063,-16.007084484941615,-15.090926878770297,-16.38199324254,-15.985246200699915,-16.736351420068267,-16.687818340823394,-17.432676035569376,-17.97223867048978,-17.251785458688644,-16.88042022456075,-16.76437744513564,-17.571943788464154,-16.104144597605472,-16.217814370201353,-16.935654341232272,-16.85926744146212,-17.25980926781324,-17.471716624334135,-18.797155390792554,-18.190287662450828,-18.730418892516298,-16.20501271112178,-16.581274071214875
-9.974865817135424,-10.059039553131338,-9.337336734969172,-8.19097825787643,-9.824381785835765,-11.366700888066184,-11.008942303549535,-10.599410792066216,-11.662489282754617,-11.255897184830095,-11.64235551445847,-12.092499634999939,-12.434673749308633,-12.59927433566712,-12.975976333399888,-12.81388930104149,-14.104746242434178,-15.454377273561114,-15.971292686940659,-15.914840107004336,-16.372613458278142,-14.37692436016349,-15.821003465066388,-14.808622904743315,-15.760361519448402,-17.192171114183928,-16.958357960492865,-18.224587585075405,-18.74661282967388,-17.990377208914904,-19.011846260657393,-18.852290910789176,-16.284091803395242,-17.089898814771118,-17.134083109795206,-17.707454883618126,-17.725377071848698,-18.31602754971164,-18.94431606991462,-17.060771786326566,-16.83094073880484,-16.449790092409742
-11.006148448774669,-9.516615670212481,-9.831864253623014,-10.467878673092423,-10.15409265166939,-9.964235246908459,-11.272647672934804,-12.35149423298456,-11.864855437617045,-11.315098958848157,-12.225800407596662,-12.601352450886546,-12.917389482259042,-12.476514514867635,-12.68619797526254,-13.019698893125359,-12.94907706623835,-13.69908393899765,-14.91350970472236,-16.180208047267215,-16.809062376767557,-16.836159359379778,-15.953561101476765,-19.045922779414845,-18.84371601972271,-18.99020183704638,-19.434058502527726,-18.688947962420862,-18.28771222632964,-18.332150484846355,-18.24969563770992,-19.051785406783214,-19.233595205803134,-16.932013504047834,-16.678219207075422,-17.560364068734746,-17.87477731990603,-17.58914004143311,-19.051603715606053,-18.970810887842,-19.949892566946023,-16.997562472797934
-9.925552688241744,-10.592286023069356,-10.73223122166199,-9.465987582231877,-10.916331399975725,-10.814132905755852,-10.795423893132396,-11.206342129742598,-10.593301294864347,-11.08250576727357,-12.109767542838657,-12.726425915375984,-14.244964727155587,-15.159227169346503,-14.343516433830883,-13.71512962707823,-13.902738555568309,-13.474553354170002,-13.226992616192334,-14.808150310299146,-15.380329452141172,-16.343771190357167,-13.807108922777095,-17.481429506095367,-17.54056708535871,-17.562314359755074,-17.515534719565654,-18.432694362240866,-18.355781952731803,-18.705584922275044,-19.82061282090064,-19.779296775894576,-18.90723263469424,-17.679629710920803,-16.922835002224872,-17.51379347161422,-17.592036666488397,-17.2945247932434,-18.075328083554286,-19.02391971743237,-18.003114650573316,-16.58013870160365
-10.883785474775143,-10.271628871273471,-10.234735853566882,-11.053521089663006,-11.318930146585627,-11.16004910051637,-11.528850382611827,-11.675061757479321,-10.667699195919777,-11.97064628895599,-12.877891646016437,-13.152883944024651,-13.091646328154127,-13.826347580913186,-14.353098131576326,-13.755172106018986,-13.153547957518235,-13.746222458901679,-15.943035321206757,-14.951071904699074,-14.818158727370323,-15.598356155379957,-14.828114390509848,-14.291996248721052,-16.91310283610454,-15.9091210408425,-16.857071013111707,-18.028953957424335,-18.13988951616351,-17.972616009590993,-18.772838689024752,-20.0141498291647,-19.82811427406669,-20.140633512679074,-18.305775453252515,-17.411560007230527,-17.092738446982462,-16.899146991915824,-16.690337048053692,-17.080709899603875,-16.75458456048658,-16.273565880233676
-10.00415889236344,-10.244291513528744,-10.535969861015515,-10.361614673934321,-11.310586378082832,-12.106435399151422,-11.975397619673233,-11.614365969630146,-11.241970604045362,-13.163794905831843,-12.288538020459189,-12.81365779879704,-13.330243930630584,-13.19608783345794,-14.397660356206057,-14.140367209407966,-15.590525549907435,-15.727559281817385,-13.87821608044123,-13.499158128151636,-14.174592662122555,-14.105145186912061,-15.517588050657213,-16.128419648952093,-14.704131007800191,-15.327462186112218,-16.63480731447364,-18.02974800164654,-18.321868702581735,-17.654165766321356,-17.774666514617426,-19.03275273058817,-20.76384448669366,-20.73573070297804,-18.159013941326325,-17.58445776462697,-16.274643895606168,-16.193554775531876,-16.085244122629103,-16.164519811969377,-16.20553183139651,-16.334012675651014
-9.448201151232183,-10.075067405018938,-10.96499287640615,-10.529782401722217,-11.046185938438716,-10.982377640031103,-10.371284520576737,-11.38554490953419,-12.57639816490908,-11.572360027153433,-11.30728998847394,-11.608716351267253,-12.74741525443163,-12.409036332557857,-12.717660158541431,-14.80334314264135,-15.285245920622788,-13.649165951585166,-12.42738861116875,-16.869131683934352,-13.98168711825002,-14.945112825028476,-14.89385507099838,-14.307296055819775,-15.058842588837567,-15.102067673548305,-15.358890622629175,-16.385508866373932,-16.903243928455502,-17.632064099544323,-16.69200731686738,-18.180306702793544,-18.28674192994924,-18.951512751726266,-18.109031525010646,-17.039277384538646,-16.220740796261385,-17.761008186519064,-16.002773846711037,-15.991319704656702,-16.072803026713757,-16.251056941985034
-8.713054250270607,-9.2383323760495,-9.942793353386866,-10.490460767264471,-10.37085072075923,-10.78436192709736,-11.544433423468666,-12.010881480488468,-11.173931533245103,-11.79072387499136,-11.705384727993081,-10.578942295370314,-10.608862148914582,-11.830159967328115,-12.78246013075489,-12.083246085642209,-13.221279927177884,-14.704813527154291,-16.788284078603805,-15.001103396711125,-14.2498468211968,-14.627893439296528,-11.368710303142446,-10.93405614150985,-12.025011125096382,-13.72162397796647,-15.067685664458331,-15.994184224958719,-16.637887415271063,-17.25354582032441,-18.130198653078345,-17.254413343856942,-17.761080247636926,-17.470097942430414,-17.777264929031496,-16.90852917915976,-16.18641696458238,-16.283210113819884,-16.226695759980267,-15.431919119401357,-15.222096700341634,-15.813026336202629
-7.646562062588326,-8.542590491389195,-9.408379890517631,-10.241922992879884,-10.710916298889805,-11.077910783611117,-11.06980085855614,-11.424570543761615,-11.692214902082837,-11.977541333439243,-12.795523401588095,-14.03923003051892,-12.440411657058391,-11.715327856229425,-11.768221719142115,-13.16021657764423,-12.605356464467581,-12.85171295314769,-12.471112491186132,-12.430235557603796,-13.820647259415376,-12.389251666542426,-12.929230884119459,-12.227435324937026,-11.418664325326063,-12.499183905220576,-13.592523848405044,-15.949144622934085,-16.696523137674454,-17.195468147473907,-16.868072631381494,-17.388248144063905,-17.77876874814805,-18.424665059094597,-18.700558368116646,-17.15556550700712,-16.216040916336993,-15.300209583965685,-14.701426933092336,-14.788443983320905,-15.009002379675136,-14.837642106199489
-7.414485589990116,-7.656601842207258,-8.023375247243731,-9.133444595244537,-10.629139759323758,-11.1561739186012,-11.512862872812319,-11.186732881899665,-11.079718196023995,-11.602899841121754,-10.481356857465796,-11.745343744290862,-12.8620180994882,-15.69258086439951,-15.724248137025686,-13.270335369210835,-12.676299413459244,-13.976451405667706,-11.478441694223228,-11.546518603490608,-9.43138923011745,-10.41287423708004,-12.241554272252966,-12.082641015232973,-13.917520080969807,-13.705813558643136,-13.397387695139464,-14.896685535076827,-16.54856996424024,-17.702267464161874,-17.591199418776256,-18.359379494388037,-17.311060638121738,-17.859614881535233,-17.829322793524852,-18.067340916899923,-16.74828664188817,-15.31654757958814,-14.548793017129935,-14.366258201510423,-14.782666265641625,-14.422292690786175
-8.565445445672644,-7.880559358993502,-9.049857950579883,-10.102466310637327,-10.348261325409068,-11.163544403787732,-10.74498833717223,-10.259446577384601,-10.459207942708396,-10.153344559355347,-10.229404221729911,-10.27476433862391,-10.280160505485608,-11.040905546593407,-11.908748602640458,-12.379059057211595,-12.764693563048017,-11.86072144255508,-11.437154634441203,-11.807241081137795,-13.07513136833587,-13.739139753528043,-13.415614717884491,-14.130390317085007,-13.611033034885565,-14.944821008509864,-16.06603612211046,-15.55457305415839,-16.994954260318313,-17.86448476836801,-18.15906143164669,-17.438811118904848,-17.64589919450972,-17.59115575249907,-18.093003182733074,-16.856915156437847,-15.862958288922382,-16.536955340373698,-15.547483285828417,-14.458891854513002,-14.423603440819937,-14.17466222996617
-9.317158217788238,-10.169084312932462,-9.566803181934954,-10.392292153454228,-8.631065438715996,-8.754176786022818,-10.612288024984807,-10.198029290257065,-10.065797576922641,-9.902796458259656,-9.779100349645647,-9.35511382100032,-9.281099783037039,-9.133356407004175,-10.389691293317938,-11.279354739659144,-11.56756248200738,-12.121522161778195,-12.38592053865023,-12.105256904167623,-11.786162183917911,-13.801939882556658,-14.552155462225459,-12.655067602159,-12.536094235807694,-13.376021863650736,-14.494709701029933,-15.752692940569908,-16.55228945935321,-16.487977934368338,-16.745255173931902,-17.043325017067836,-16.99373011682861,-18.75456779553856,-17.868814462317168,-18.036697544069064,-20.14572521594545,-18.73523119704656,-16.432031902366433,-15.032293604543078,-14.29610932681852,-14.026867717588555
-8.403538290457185,-8.2441573500962,-7.862454613371278,-9.473173644933379,-9.899563066423156,-11.17256106559973,-10.58150895154364,-9.793204893587292,-9.932489005015748,-10.506780593553366,-9.925801863243741,-9.862529668498173,-9.424230315310243,-10.31534089203031,-10.193794103831843,-10.403313744630342,-10.804232935231127,-11.006320129202201,-11.632502090135663,-12.272350648507551,-12.199614070924818,-12.464947968038517,-12.95367363147698,-13.713919805258092,-13.852268171399249,-13.448561575151116,-13.155681598424746,-14.226695813060882,-16.054881076660042,-17.20523058134852,-16.721093955716267,-17.44141189294528,-17.084683177091044,-17.00610660658243,-17.17487100597019,-18.48483959221941,-17.10564817078025,-17.133906496951017,-17.185042820436742,-15.532522997026637,-14.597424699363607,-13.84315764431749
-8.275970815883461,-7.242240646060548,-7.624603819549377,-8.599315807790793,-8.842470940593694,-9.201281841481299,-9.557598039476572,-9.716022538266913,-9.344420503701722,-9.564174298125732,-8.374737220422666,-10.236570846027746,-10.46170920621918,-10.335066987679092,-10.5595404123133,-10.965042992274986,-10.440777494542058,-10.144109204343685,-10.878917759515732,-10.671439611014247,-11.417272135981841,-11.608022924055147,-12.5027100175974,-13.380381729077033,-13.19703738295449,-14.017874335701764,-15.43423571247477,-15.239777785328778,-14.20150861952794,-16.226782565007948,-17.59897515245087,-17.193837249127448,-16.888425674201685,-17.6944595323504,-18.275833308533016,-19.410870468623813,-19.398661022179844,-18.61408440293845,-17.51289566986234,-16.548754356004142,-14.595815423716965,-14.058744105369414
-9.126366586315026,-7.805019897325698,-7.975064208325949,-7.439644725530764,-8.77133997598573,-9.617077103388983,-9.38862287748047,-9.99800103498883,-10.403924568434984,-12.019574877999492,-13.369612730956511,-10.771530270083538,-10.350739324314844,-10.321271278738447,-10.001999598660579,-9.856937136369362,-9.597917854938881,-10.168565866077262,-10.014484624092647,-9.946895614497883,-10.741760784697586,-11.385149461397516,-12.071273401968554,-12.908040229077795,-14.52576786069266,-15.204571594876553,-14.773724480813737,-15.830006597438151,-15.83731408867811,-16.32463555028616,-17.955476043443202,-18.76856581475983,-18.91605924167383,-18.899375068179765,-18.31200447403247,-17.809071327001593,-18.451700669815796,-18.441070858009507,-19.742561916288345,-17.92683009126222,-16.328895277232515,-15.177322607882695
-9.729214820920873,-9.510493492913248,-9.801528524308067,-8.950536455358678,-8.329055552275229,-8.077009958924043,-8.879104898389691,-9.431487325670933,-8.98058233864006,-8.96936238714183,-10.926004945638699,-10.463962996652315,-10.367572679899277,-10.25479039476659,-10.010623154051645,-10.264467632080772,-10.126826449098688,-10.356308553521309,-10.31703748264308,-10.211648412926465,-11.364659838518195,-12.008181325121988,-12.469736949924647,-13.13065954441339,-13.515739672946971,-14.10186142383399,-14.897887650721287,-15.120004281430202,-15.507847714836956,-15.595370301208098,-16.36946526065207,-17.642360186695313,-18.365114875081545,-18.95602672532632,-19.160541686334845,-17.516817991002117,-18.026914670705928,-18.38679638847782,-18.32459601930723,-19.8984688837358,-18.55590344274603,-17.049403715726434
-9.884673799635703,-10.013741642076294,-9.627525543807774,-9.387793924559144,-8.900670345943617,-8.77183601659381,-7.496680050783045,-7.183750026971838,-8.605971256517115,-9.312930099743596,-10.832341847267784,-9.634850456481107,-10.408217156574349,-10.63772033445504,-10.499856881445494,-12.766454682681754,-12.045280107835472,-11.849053881393655,-12.385459686637164,-12.192449105449636,-12.627060567790007,-11.7535713987486,-11.273639069939804,-11.9572597622098,-13.478943384512931,-15.028742780311875,-14.9174369977509,-15.293741094762154,-15.122191973461149,-15.434740172001726,-14.790877178452108,-15.700732961286397,-16.629378377204166,-16.94002812419344,-18.171062776749803,-18.87803008684557,-18.007363936381772,-17.43925137767853,-17.76725682475971,-18.703823679367478,-18.25641017027853,-18.745515382623932
-9.376336133592098,-9.707006572852073,-9.451379256158297,-9.290375735080096,-9.7340367410514,-9.826089454326109,-9.496622197808069,-8.550125104156972,-8.438811906502323,-9.297428648266372,-10.182246937443125,-12.287840790776599,-12.735925922304613,-11.640614161995979,-14.40274623410808,-13.235142185783905,-12.869994524300225,-12.742692652748328,-12.757464647253109,-13.640556769299796,-13.121265203745272,-13.801791901459154,-13.781436521583169,-13.951617815766767,-14.010467471376149,-14.407908552414671,-14.311092984694177,-14.97840881845565,-15.508945310241938,-15.305313353291996,-15.171752587986337,-15.359311515361163,-15.802085285084154,-17.41938595419172,-17.068782987353465,-17.883946288288218,-19.024520357527965,-19.03448718273481,-21.23747920424923,-17.56985890975854,-16.84952105969236,-18.10754686309122
-10.748556675165046,-9.699492887780194,-9.794347987417916,-10.507941226359309,-10.297254750309788,-10.500257398566447,-11.252196296317361,-11.217270206686628,-9.931200427550083,-10.101356595901379,-12.597140945704528,-11.400884003999668,-12.401533863260115,-14.27059303341587,-13.335809970713251,-13.1902821508427,-13.189397913549502,-14.139755485664676,-13.775790519921925,-13.669728016363738,-13.414428615810573,-13.023710773244844,-13.320039726507254,-13.922411725947061,-13.87904490505088,-14.078824388412308,-14.120096043128667,-15.378846799560128,-15.83193860586742,-15.31291554441516,-15.935315099784841,-15.96553945195158,-16.707438631117903,-16.615425557550488,-16.131813372014605,-16.98262924036949,-18.00780619263117,-18.61658767883609,-18.61369804869307,-19.335371619032312,-20.250685247379653,-20.066370887006613
