public/json/wind_2018-09-1516_850.json
{"header": { "discipline": 10, "disciplineName": "Oceanographic_products", "center": 0, "centerName": "Ocean Modeling and Observation Laboratory", "refTime": "2018-09-15T16:00:00.000Z", "significanceOfRT": 0, "significanceOfRTName": "Analysis", "parameterCategory": 0, "parameterCategoryName": "Currents", "parameterNumber": 2, "parameterNumberName": "U-component_of_wind", "parameterUnit": "m.s-1", "forecastTime": 0, "surface1Type": 160, "surface1TypeName": "Depth below sea level", "surface1Value": 15, "numberPoints": 4800, "shape": 0, "shapeName": "Earth spherical with radius = 6,367,470 m", "scanMode": 0, "nx": 80, "ny": 60, "lo1": 109.0, "la1": 20.0, "lo2": 116.89999999999955, "la2": 14.520000000000117, "dx": 0.09999999999999432, "dy": -0.10000000000000142 }, "data":
[rows 19 to 37 of 60, columns 0 to 41 of 80]
-10.399002091528507,-10.30977905986084,-10.808673099066478,-11.309923005136024,-11.302227958103167,-11.30022181738087,-10.179683112694756,-9.764197615937098,-9.840208572570926,-10.276708785878652,-10.24645590780412,-9.577693553653566,-10.348683255848107,-9.347223104701051,-10.133479853220349,-10.410956565169192,-9.883716907533788,-9.539841382689891,-9.970208314564418,-9.860165042029955,-10.049480225402137,-10.293878962805511,-10.319062062735657,-11.488349083808247,-12.023417591947437,-10.048067151573381,-10.094906554894788,-8.846082317992801,-13.15824627699628,-14.292150042732473,-14.633025021231049,-13.83398274737537,-13.613642035840249,-13.632228765052062,-11.938632791330992,-12.198626621607009,-11.531507805678132,-10.501737964119705,-11.376850239752397,-12.47376263180156,-12.522113059487396,-13.016972218924943
-10.102770561835946,-10.724531724790555,-9.982315295913915,-10.527010673380271,-11.81422585364255,-10.90592633311894,-10.207456122530084,-11.027671846802257,-10.285377280130412,-10.367955950436786,-10.773919435454644,-9.967642460446475,-10.162555678275524,-10.868798238624699,-10.89638444079359,-12.08857601219723,-11.42420728689215,-10.526633133656675,-10.544995113815174,-10.04639886448358,-8.896953134067367,-9.627468937494712,-10.005945696964135,-10.834366079818023,-11.216782262187557,-10.728928128392134,-9.374146922646819,-7.79189027461841,-5.98321581200235,-13.229946817787239,-13.886832517404345,-14.186386154876823,-11.868853717393735,-11.176432431340242,-12.442506093468463,-11.745602512823648,-11.187561395884245,-11.389730051645037,-11.694868196433067,-11.627581214929222,-12.984768440162117,-12.074092828098504
-10.046992792034551,-10.414334871687773,-11.630187732359223,-11.369479689448813,-11.659654191863451,-11.205649831622143,-11.736128912446032,-12.614733929421883,-10.718767167911196,-10.619730872254802,-10.660022087151843,-11.025037307586508,-10.50858418199827,-11.574749520846543,-13.119466755637212,-12.90522287212777,-13.02825069684399,-12.558606929667492,-12.347647465027594,-11.313812142561218,-10.475893301544435,-10.159993257974897,-10.006108164789895,-9.721813167070907,-10.29882438945866,-12.164107819097385,-9.952615190070661,-9.298396481648417,-12.326605795706866,-12.742713492648821,-14.417863918415712,-12.87426669690853,-12.607517821061839,-11.809145615076073,-11.765256661978405,-11.375213538516777,-10.731051040430586,-11.524452960167334,-12.209396520771335,-12.68810668447468,-11.383545165548366,-12.276012430910178
-11.228687326115661,-11.72649057534189,-11.441141373091767,-11.801364780376348,-11.615127671959453,-12.509832137358753,-12.790313254090313,-13.148149146027892,-11.161202797798248,-11.633356764651248,-11.86934512382319,-11.56750218647307,-11.610047345845448,-12.592472853835513,-12.327785107571321,-13.943535809586844,-13.544086442729759,-13.600376243716077,-13.960575417222046,-13.2681002314131,-12.296607741984666,-12.208255266359204,-12.399019607910471,-9.511221440897724,-7.435930044821145,-8.75356033177954,-13.150477234324823,-12.91123576615807,-9.104408995110353,-12.539842514703125,-12.193151498501674,-13.132810997276579,-11.545634383435125,-12.48656782758331,-12.849135160786625,-12.438729557125457,-12.218062411235687,-11.474997375192501,-11.96256272446799,-13.728681822389289,-13.094470812330801,-12.90580102807213
-11.854593186647737,-12.085154680707246,-12.21575439849566,-11.70968587560381,-11.850038247226504,-12.753370994022017,-13.797893738001195,-11.970226863770609,-12.245808028813101,-13.399912417522259,-12.484192624643171,-12.238659085536957,-12.586488533367257,-12.6032482782071,-12.492330257407293,-12.675215505147989,-13.203261351895447,-15.743071248154527,-14.582086300029793,-14.225161676811583,-13.823113984746856,-12.956424111860198,-13.052732678009516,-10.39205108586178,-10.874555170692087,-9.305210092577452,-7.287543067867238,-13.525854880467227,-14.116878185189695,-12.8188096603336,-13.624308287047143,-12.995800060084212,-13.616717628033328,-12.496792198491711,-12.286756360356339,-11.562471530963897,-11.8481869599389,-11.72034921128256,-12.59345983284626,-13.534308154418001,-14.469212552110521,-13.385235404621218
-10.542570640875773,-10.876674306045112,-11.057218880404635,-12.402187214252098,-12.653646073083292,-12.125767224184685,-11.91456028052783,-12.03470664383338,-12.566976705384734,-11.94160722374053,-12.134321667341037,-12.396240198953851,-13.105879909731048,-13.209075852667267,-12.891046686607503,-11.680366738217469,-13.891340018948325,-10.386996089598373,-12.062357222019127,-13.155291931012624,-13.14431107943307,-13.085033965676034,-14.098218767064605,-11.456024607714589,-10.332604980804007,-10.05098875719939,-9.982711522623285,-9.915263754808432,-13.767061782922873,-15.072722444548393,-15.006050455264393,-15.377163305889354,-15.591456495344483,-12.715178446735951,-12.91703900966204,-12.754276494468233,-12.353574008388517,-13.444352931662115,-14.417775023696686,-14.662472337453888,-14.951591283686362,-14.654864173882256
-9.639022558370595,-10.381055651991476,-11.415848492966258,-12.456063633524701,-12.709083772723679,-12.624932037532911,-13.350767963960255,-12.24622356444322,-12.350438982644285,-11.189244515231053,-12.365290258620595,-12.604947103134641,-13.503241587697858,-13.609287352796812,-13.585687010051295,-12.753315386322946,-10.576043214835995,-9.735954577261372,-11.75192927412857,-10.745364690088094,-12.408152656351868,-12.286733981593011,-11.170551690869823,-10.9645175306726,-10.337738584379101,-10.204490186127474,-10.771181559204546,-11.073238127971328,-13.962426399997286,-14.995889551400943,-17.448528343821938,-16.369060903312228,-15.360904078535722,-14.562281098257206,-15.118307078363529,-14.379770583916613,-13.902957835410504,-13.9600210114217,-15.503052781403596,-15.832410698815037,-15.31491488031085,-15.376293980259852
-10.661441758982068,-11.125673769764745,-12.476836344487669,-12.104405268779539,-12.991211650747378,-13.194769325879873,-13.358230607796385,-12.326510103608003,-11.974726713023504,-11.213671324152001,-11.809468893876709,-13.339186035015324,-15.104746885319306,-14.640917617862433,-13.869892013838289,-14.460402323653238,-11.745882301842387,-10.396679139762696,-12.809073526429296,-10.99584655579081,-13.576358015560661,-13.426243065899081,-15.539786467061294,-14.25824814465675,-13.592820622490565,-13.505861285105983,-13.558413014733018,-14.120667897291458,-15.08690061829665,-16.02077108758852,-16.136322795494333,-15.782675679396977,-15.208690141775216,-15.872338188280658,-16.453615798425687,-15.78636412010643,-14.779052999786455,-14.708567446551328,-14.283166624053223,-15.634946244060071,-16.11788298470455,-15.591608306437314
-11.917935165413063,-11.68442226256668,-12.471175515555244,-12.88480527190119,-13.423542446591833,-13.73557927647586,-13.527252163891646,-13.14405895587116,-12.76997208415342,-12.498336921383983,-12.541186146230247,-11.5776717433583,-14.741343263822131,-15.328120115325376,-15.313867881640693,-14.158997414117257,-12.538714569045302,-12.717615750606214,-12.668468096764885,-12.65946080587487,-14.455243174017305,-15.155753424034135,-14.898973445830073,-16.256771438280953,-17.102181689276556,-17.037053396708853,-16.019896714845228,-15.438865129820577,-15.379804979541387,-15.476677550938266,-15.879306247483752,-15.698649516709702,-14.96168950090251,-16.230192289128112,-16.9307235606117,-16.772953810580624,-16.360533446950868,-15.315834423691786,-14.655250219711952,-15.595453500727032,-16.232121102295913,-15.517600690318243
-11.758714380482418,-12.055957839867407,-12.32232377089066,-12.882779704664422,-13.45578295958193,-13.660401263778772,-13.748705701384589,-13.307006132397898,-13.149429494002643,-13.428496070978621,-14.317244541441752,-14.554346074238943,-15.522541890405522,-13.486488949126855,-13.578408795454319,-13.071403694058233,-13.657328978209847,-13.643815228091306,-14.395578599890746,-14.246364764729028,-14.582358726252634,-14.146794501590659,-14.920610707133276,-15.15700438551703,-15.3407357150872,-17.000960426321587,-16.993414487628186,-16.47972486112681,-15.080086574665483,-14.920459796899888,-14.822202456355843,-14.305350314656089,-15.200650040309789,-16.06991092533157,-16.7279829594543,-17.169226578967226,-16.837289473978608,-16.817701430457035,-16.271216271073467,-15.800968912361762,-16.37917642392105,-16.35744300361614
-10.943870260598704,-11.08144381989365,-12.45506190551983,-12.771784566352407,-12.826780960134617,-13.332195366081093,-13.389340452691501,-13.726897485878846,-13.735408984062525,-13.683546494921012,-14.476702591342264,-15.34601277846548,-15.171925422875912,-13.821972376335289,-14.097867028927428,-13.94831508397102,-13.984393202000772,-14.696079544047908,-13.587064185840008,-13.343787595170184,-12.434167599285392,-12.70173884762416,-13.215230369054206,-13.01897839793446,-12.459785006838118,-12.321071695113016,-12.964750559267559,-13.781083884606709,-15.686354849176073,-15.535154116332453,-13.572644779274203,-14.487617149308203,-15.123070127935883,-16.63924321995816,-16.79594411114762,-17.127485716723136,-17.61493861269043,-17.928802288912866,-17.335101940551148,-16.390788461758337,-16.817001472007163,-16.937966385196884
-11.322005947263712,-11.412485473384024,-12.334058199585115,-11.597494214554507,-12.195031310046778,-13.983824536562457,-13.463902663252606,-13.77111162410247,-13.992935063157942,-14.134416344324169,-14.281680579385775,-14.479801202394947,-15.106964662224318,-15.444247898294421,-14.900779049315666,-14.43284684056918,-14.268266045049206,-14.015566809601035,-13.70487824794385,-13.199752309403948,-13.440354546236565,-13.02563667181967,-10.925887258400973,-11.757933068469638,-11.894552784528537,-13.320528871784658,-12.883368053215131,-11.48753313175808,-13.859765480973318,-16.783017132551816,-16.26402915665597,-16.43615586483709,-15.503429735287446,-15.447038097836828,-16.654969036863818,-18.26405441181219,-16.42037765634206,-16.757003229855304,-17.476976591771574,-17.20788892556253,-17.522310280330487,-17.24423532337931
-12.269566273276336,-12.319805935593122,-12.462698709728157,-11.736114188570005,-12.553088901983626,-12.970259924714192,-13.267669388597312,-13.683480832256926,-14.783401420042448,-14.380221277729303,-14.874899860285009,-14.42686400582563,-14.979192804897401,-14.640070801892104,-15.075434127080253,-14.5777922691375,-14.317014421747938,-13.946715424714851,-13.146271471705116,-12.221463038577589,-12.115480177703486,-11.381087520182572,-11.230895892487183,-10.549448701207403,-9.924658781274086,-11.242069785205764,-13.304439829968842,-15.986910318507288,-14.78553070965171,-13.705724323815975,-17.896166746253744,-17.14232423598644,-17.329299807537556,-17.449325502215448,-17.20958061859417,-16.170078430516426,-17.050154461463272,-16.875765854944078,-16.791966135275512,-17.139635178658633,-17.49785554034728,-17.98975588639882
-12.83751942654331,-12.887968939479567,-13.283418807394167,-12.365777306309345,-12.87602862749885,-13.20142557896201,-13.413847876190294,-13.448014007186702,-14.800237759281787,-15.109723978972694,-15.228092197479564,-14.946361977306886,-14.41760061926781,-14.31978264222318,-14.959033335243324,-14.52129636967338,-14.715068526394555,-13.981614624161026,-13.396175996672445,-12.869535369162028,-12.049494670221957,-11.901502758724721,-11.892645161654432,-11.749946941580905,-12.16544464685619,-11.778469386862016,-12.221798912583184,-15.089593781900291,-18.05493499598122,-17.006506780063784,-16.35374007085369,-17.308712406763846,-17.563826207767416,-17.657313141096797,-18.122914576271572,-16.391137013834943,-15.85072375603904,-16.345756020882792,-16.870404704082752,-17.37025587845897,-17.582686630748363,-17.660975989305573
-12.217590918845843,-13.493932667963612,-14.00095031625818,-13.345812698874738,-12.874024705776256,-12.62997018110739,-13.323284311808827,-13.67504193884516,-15.277796833077387,-15.92227470117414,-17.254356995123658,-14.373568780018266,-14.564371412033378,-14.103338032215712,-14.404105951992854,-14.341060423141418,-15.053799305934644,-14.622177092601072,-14.433679681250156,-14.05809781971499,-13.797228458811349,-13.517160671676985,-13.166858448182616,-13.412768202814378,-13.028609290967879,-12.674039700230189,-13.327612454815089,-11.901449683749549,-12.005623380692592,-13.755458488253108,-16.37184390548324,-14.734673900545769,-15.831978009020096,-17.52103879414655,-16.8283485664214,-17.43433402143563,-17.07621573045814,-17.551313423470628,-17.403961003231466,-17.752033977762594,-17.952618168077333,-17.814725313441173
-11.42649372076993,-13.525093006487309,-13.500620892112638,-14.219916334559901,-13.012457427900186,-12.640865037716997,-12.847698163850714,-13.690198808066063,-13.69068675862986,-16.557015161676077,-15.923200724094619,-14.770766056558418,-14.803129455007095,-14.159819013999545,-14.456206803565859,-14.242149128444861,-14.817294474850762,-14.900782603358104,-15.52687485779634,-16.13754540320779,-15.12040827336072,-15.336509357052687,-14.875310365889641,-14.3651993426152,-14.886629946663444,-15.224311344772492,-13.46993211254504,-12.056727261732814,-12.355374683461086,-14.701888937078762,-14.529954721254171,-16.271465328751862,-15.746862527240326,-15.00167632558135,-16.22363868538279,-17.177828176329072,-17.518079620741783,-17.75077705072749,-18.02446738803765,-17.78311419079048,-18.023622705129426,-17.954174199802786
-12.277457198361557,-12.162720482805168,-12.369939924813956,-13.016516690694578,-13.507987133509502,-12.887140709371655,-12.031282804200874,-13.593155980590511,-15.425909794783303,-16.680288559475958,-14.57151806126482,-15.378302811310295,-15.190224400187326,-14.641505154653979,-15.025980531175907,-15.551672771912408,-14.842754401277407,-15.055055345710034,-15.621303983348252,-16.863567825919937,-16.28368477866872,-15.842220488772618,-15.708469972965542,-15.812413758629456,-16.301411747141984,-15.124687100347472,-16.23980875713974,-15.080642560869665,-14.646087052956474,-14.161880414715581,-15.087433351367025,-16.34844501945575,-16.85837487364045,-16.348778241774465,-16.84733036045193,-16.92336797514818,-17.268937695122084,-17.76533878386273,-18.567992718626417,-18.215795932635086,-18.42122295543955,-18.990596867479645
-12.583216220386877,-11.91663341111937,-12.167985025421046,-12.206473480023053,-12.489981384008733,-13.30135508603061,-12.575479438107703,-12.465883684721561,-13.786722858084156,-16.08476900312539,-15.184421546622135,-15.350861147444764,-16.086852873322655,-14.942365626156228,-16.436419471073087,-15.422896600679739,-15.255820937747087,-14.907626930388265,-15.820745729512655,-16.123958561846095,-16.03018723829091,-15.644501844575059,-16.476163556160923,-17.409511232871104,-15.731738814316312,-14.798157066570827,-15.103380501869593,-15.362653966400345,-14.902631828619466,-14.197361392547924,-14.234930086695396,-16.238088694394598,-16.685945420800376,-16.473968007802277,-16.960508038132197,-18.008913665988825,-17.075923244296565,-17.731290928772175,-16.351172293866686,-17.653117911947998,-18.309950346550703,-19.09836626592687
-13.070776982942451,-10.977512981958565,-12.700607571906136,-11.923230623095412,-11.600312545669668,-12.102227607532303,-13.065018473989548,-14.992298422491906,-13.379363381408332,-14.60994959122507,-14.596183965679828,-16.45606162644487,-17.205775178847794,-16.39080461689273,-15.420326227750149,-15.823477927303049,-15.953893598314377,-15.53208685970297,-15.639131257595922,-15.400966743778994,-15.990801421725143,-17.012842315992867,-17.356339335158474,-15.838349768903015,-15.393843369764197,-15.023064535804853,-15.10025570085607,-15.01032877638761,-14.49858037311203,-14.896957211746273,-14.793878308552804,-13.41197448320791,-12.767382106380692,-14.51695139043212,-16.224661696263407,-17.189641827477395,-17.81509957370526,-17.222754880856172,-16.18074756799134,-16.68824057371809,-17.7688762254106,-17.70723422122174
