public/json/wind_2018-09-1514_700.json
{"header": { "discipline": 10, "disciplineName": "Oceanographic_products", "center": 0, "centerName": "Ocean Modeling and Observation Laboratory", "refTime": "2018-09-15T14:00:00.000Z", "significanceOfRT": 0, "significanceOfRTName": "Analysis", "parameterCategory": 0, "parameterCategoryName": "Currents", "parameterNumber": 2, "parameterNumberName": "U-component_of_wind", "parameterUnit": "m.s-1", "forecastTime": 0, "surface1Type": 160, "surface1TypeName": "Depth below sea level", "surface1Value": 15, "numberPoints": 4800, "shape": 0, "shapeName": "Earth spherical with radius = 6,367,470 m", "scanMode": 0, "nx": 80, "ny": 60, "lo1": 109.0, "la1": 20.0, "lo2": 116.89999999999955, "la2": 14.520000000000117, "dx": 0.09999999999999432, "dy": -0.10000000000000142 }, "data":
[rows 0 to 18 of 60, columns 0 to 41 of 80]
null,null,null,null,null,null,null,null,null,null,null,null,null,null,null,null,null,null,null,null,null,null,null,null,null,null,null,null,null,null,null,null,null,null,null,null,null,null,null,null,null,null
null,null,null,null,null,null,null,null,null,null,null,null,null,null,null,null,null,null,null,null,null,null,null,null,null,null,null,null,null,null,null,null,null,null,null,null,null,null,null,null,null,null
-8.321914292585493,-7.994456023173095,-7.612153173189308,-7.818207196086501,-7.717912867962571,-7.851656748936552,-8.003957745286653,-7.993087128067194,-7.771909992154406,-7.826907325518,-7.450665059132587,-6.823264492447118,-6.293626728278909,-6.035840153061136,-5.5601779999150285,-5.855499075436811,-6.210445689254025,-5.863258136822531,-5.7409034893507815,-5.888683435828356,-6.1150755865375075,-5.921631726418793,-6.018572438187775,-5.98964967857998,-5.6245396040811375,-5.426778231438165,-5.464276795111227,-5.431155637353335,-5.154689122350109,-5.248335263286603,-5.510068206440512,-5.199642406522148,-4.518694733243218,-4.0530786505788345,-3.919595485089145,-3.8392106357741094,-3.8993070876481903,-3.9721865834052394,-4.120956823963812,-4.323635632676993,-4.822172724485234,-5.547779029122324
-8.177701428685365,-7.921195197094981,-7.5733715310303715,-7.548375876927489,-7.8488026046080694,-7.778602597597921,-8.004604734002744,-8.16354237283712,-7.947182069901761,-7.5213080349899375,-7.160795475146045,-6.543143548740697,-5.757002457689122,-5.779144210384418,-5.964966603371809,-6.246703370973073,-6.416149232719245,-6.289396286769664,-6.1252151309628236,-6.2169870415889115,-6.216432145659415,-6.471668725005513,-6.14213626903234,-6.2171024459169715,-6.360985210737151,-5.664398044164829,-6.21266481413052,-6.559816935397827,-6.113014384840514,-5.700324407046548,-6.002113230291325,-5.35664902590181,-4.445891606884107,-3.937473333564192,-3.7487360473267417,-3.0093474671199627,-5.060945585232797,-3.3855804515812564,-4.170121125928111,-5.1123978614132,-5.439566555720227,-5.172847246250916
-8.172640299167407,-7.886939019965927,-7.747068997972981,-7.59222162860874,-7.72154534755786,-7.8478818711300775,-7.8353174228999025,-8.375442555303316,-8.2563373942589,-8.022293486732696,-7.115515797648333,-6.112663781130164,-5.5754781165854475,-5.83767011599997,-6.380714052037032,-6.511364335988035,-6.838060546157331,-6.707936433234131,-6.621611961730647,-6.6749696240171765,-6.629496101355752,-6.620495090394021,-6.874787895170739,-4.291446909119029,-5.786101740384515,-4.89399227732903,-5.776758250652636,-6.814118260857222,-6.7441703035183025,-6.049815646092713,-5.474973688988019,-5.119371854587548,-4.406230884432425,-3.409497192194248,-3.897665081362441,-2.1709011006516823,-0.07706807053767012,-2.6877636321614538,-5.167177141389823,-7.96580140482757,-5.462590058711506,-5.57886279176514
-8.20043623772242,-7.677948829583756,-7.747392626128819,-7.775561160309659,-7.61594170209296,-7.851145707476485,-7.9383427298030185,-8.335216862637644,-8.170478302599554,-7.980553807197877,-7.315816266902095,-6.091514540860349,-5.470652452796361,-6.100724408538627,-6.68736799951208,-6.4227134776292925,-7.1111183910201605,-7.058681122537088,-6.838939021888679,-6.888031641569118,-6.855033624439028,-6.8458244982647205,-7.073530355288149,-7.187667657656085,-6.793114573827462,-5.8846707032829535,-6.214458847993954,-6.94175173162756,-7.094656546546074,-6.517059988584733,-5.675194477977945,-5.130713404423059,-4.368008317172934,-3.5214754730480755,-2.5969495175716384,-1.642268718058281,-2.363785143692886,-1.310183265146891,-0.7674344650293857,-3.899071799466789,-3.9144573793734616,-4.850653242327338
-8.127916860745819,-7.75664434316971,-7.904165524877495,-7.9595652221679245,-7.877376374780717,-7.979275820673352,-7.892914339450829,-8.089312138129907,-8.246108030447132,-7.902296428014382,-7.353790122163858,-6.811920799345486,-5.71356334875803,-6.476109236348431,-6.804190692201772,-6.674843242695483,-7.1567423505770105,-7.378093197721159,-7.3394541409364304,-7.219553165847216,-7.148199170203435,-7.0539178022820455,-7.534424193682446,-7.265487731542754,-7.248931549998451,-7.034166510795108,-7.07721249441913,-7.196622411051742,-7.2564866151253655,-6.876533103325078,-6.1669951445502535,-5.439402870239373,-5.14018148541601,-3.901403248394416,-4.191629832460183,-3.423361701497171,-3.8184262826409188,-3.638751092098816,-0.035632510038826615,-3.47555602856145,-4.216565757651322,-5.2034171541883785
-7.948146254967479,-7.924102481965524,-7.892380838720953,-7.955078740921074,-8.181694271422609,-8.197410173153175,-7.928920142119193,-7.864166753697028,-8.229750635999599,-7.939150327368443,-7.606554273416118,-7.593820378371067,-6.577226111855614,-7.024043968143909,-6.842287467299849,-7.137418339331383,-6.848048277036113,-7.545618189721832,-7.782106302050863,-7.690309078965242,-7.365231300529501,-7.026080512786322,-7.875659896681984,-7.702084899164759,-7.2382848094644165,-7.726793512458442,-7.765534722619419,-7.7849302644989224,-7.593684522598757,-7.25873238422736,-6.693032694139951,-6.185986138036177,-5.500905035332728,-4.89282424465436,-5.1807044121502095,-6.105900401042195,-7.336406429757609,-5.133260638142875,-3.357001129211239,-6.87753393861572,-5.135755887032255,-5.803524499456639
-7.758739289535995,-7.810185791219178,-7.8153265825852385,-7.970386821970595,-8.075170896635155,-8.11631885492498,-8.168711874581629,-7.88711967224213,-8.290318865237662,-8.1235209723195,-8.002927667952482,-7.985073980094174,-7.4603210799326725,-7.611229221716097,-6.958021572498318,-7.069114901119914,-6.885384961004976,-7.508534784042411,-7.772067837351699,-7.752977150857263,-7.440002772255561,-6.963089882298292,-7.928148712708219,-8.079565646486806,-7.638887707296505,-8.455298161955062,-8.10606385295445,-8.184057968724822,-8.025749886621,-7.924089630980404,-7.103857722269103,-7.114018178929143,-6.4997085464644595,-6.020299882578261,-6.114509850659041,-6.292139975474751,-5.595980555104424,-3.0420104304155484,-7.360287884973265,-8.086468673391982,-7.223598088065873,-6.4683038871612295
-7.56853916186266,-7.540038164649605,-7.913605357847268,-8.04211595858969,-7.920248439371228,-8.250794458123192,-8.293075156245587,-8.377033990240516,-8.331900245914133,-8.304156908437955,-8.433854700963403,-8.015516693471291,-8.142445329155219,-8.069627928104136,-7.631721901450139,-7.357019770053978,-7.478608048076776,-7.3602738139203225,-7.442213815773032,-7.565274841891611,-7.83247512700643,-7.774523419315177,-8.170986441298279,-8.208433493034107,-8.13370722436309,-8.702852083515284,-8.503493313087192,-8.22261782683714,-8.114048100860193,-8.450978789273867,-8.195751628904874,-8.637248377588879,-7.684369730178941,-7.668221712206736,-7.560909123537919,-7.30984813085481,-6.960572663919574,-6.341295256992414,-6.177647673226691,-7.098300080157391,-7.037169642759382,-7.077077701044734
-7.395856217493463,-7.324870335389603,-8.027317749969113,-8.025672105609122,-8.003251474010023,-8.315722225934401,-8.574560607351223,-8.70372208552261,-8.567470024575385,-8.584411922367886,-8.669038521476848,-8.234720946731514,-8.182644361157518,-8.49751602532887,-8.275133617785368,-7.947469688971204,-8.25598412770388,-7.311883626013772,-7.456853656792205,-7.353019971270879,-8.043644076794104,-8.09830578380612,-8.109447420036902,-8.327592871223922,-8.351080138952028,-8.68150704598605,-8.634031326823715,-8.301124463921527,-7.9815084161427485,-8.644283866014598,-8.90139421384505,-8.582507189099116,-8.74491567087696,-8.457579504614653,-8.066310561066313,-9.39508126236137,-6.06175666062355,-6.505087062992228,-7.10774424911534,-7.05165006630205,-7.360528034800957,-7.4647295185730345
-7.288139805903149,-7.356383448143546,-7.889368748362865,-8.18776173194884,-8.112554996029317,-8.433596829039024,-8.816793197242475,-8.884051193501895,-8.733548841009478,-8.714437137303147,-8.941893492082531,-8.868756960931,-8.505248355273956,-8.841730331933931,-8.477112986664974,-8.45662905819704,-8.424024359369438,-8.009321306322844,-7.403548479375952,-7.809934532876779,-7.9336441098757495,-8.263593758945312,-8.190338911930956,-8.089930344087598,-8.32158773826844,-8.457315303660632,-8.306267571041616,-8.442914010409268,-8.290674847184397,-8.7189054277905,-8.983685541930289,-7.560475210793646,-7.602719284031634,-9.24197550497781,-7.619141438729156,-5.377239410732242,-4.927125175354689,-6.624806494676135,-6.787269645493961,-8.103340868338169,-8.047297575756552,-7.850881367112386
-7.2097273909595545,-7.554415231890099,-7.724241615641544,-8.176720470089066,-8.327908168090072,-8.624859946645456,-8.9028682298221,-8.931530051084705,-8.918610257341832,-9.052249409550063,-9.239639421063044,-9.220264407679238,-9.216794951734897,-8.970586778868904,-8.41658623372619,-8.779870748477606,-8.725894539186456,-8.374361690806753,-7.883894791323056,-7.696064054315816,-8.149896104723158,-8.207924456217123,-8.086041995024786,-8.4541145002111,-8.040207627888552,-8.291731212231225,-8.312129920752175,-8.365167253450114,-8.591606390360042,-9.20791851743277,-8.648864168396965,-8.675611375177832,-9.717592688064993,-9.115976315822511,-8.097730702367883,-5.502613308138847,-7.463352130726289,-6.52116582935814,-7.723500398770905,-7.95041546935227,-7.577056848895078,-7.82064787808729
-7.329372483634647,-7.501226769146355,-7.71225733599068,-8.150774877460245,-8.387492141015686,-8.602426523761986,-8.970910377609314,-9.198482978110084,-9.050040475337752,-9.040944798199412,-9.438348799323492,-9.62832488373357,-9.869496525311002,-9.39615844731139,-8.719622140948987,-8.481308145362972,-8.851407855368167,-8.767385452772961,-8.208997205084977,-7.786350619005434,-8.043748088229776,-8.30733765816529,-8.117323577870854,-8.582061056422837,-8.195082579982774,-8.22615904779843,-8.497811023728268,-8.046374064744962,-8.736017993400324,-9.141275903448513,-9.283898466405091,-10.055382840429482,-10.390332796483579,-9.455766620943393,-8.695570601583254,-6.86458878725931,-8.385095709908121,-7.375587688796365,-6.557591475050865,-8.067986333077569,-7.482804954531331,-8.078541615466081
-7.585039559558842,-7.732423110598496,-7.798358121579977,-8.200243326116961,-8.33806543169073,-8.641990021435156,-8.946114315830561,-9.14187911285631,-9.24821666348428,-9.302017995867033,-9.324497461674834,-9.648344373448168,-9.827879422670932,-9.666057588929972,-9.028359872594386,-8.706114067942789,-8.551444608792426,-8.647591809489656,-8.631220738728338,-8.051140976768156,-8.10457851250673,-8.089521739549898,-8.132961747859724,-8.178872202204014,-8.194542181240116,-8.484948256134508,-8.276381380637682,-8.620641907587556,-8.655212026668517,-9.22466445728562,-11.201959530348846,-10.420846018492458,-9.729859328074951,-8.879855440453682,-9.046528529793452,-8.156555816408178,-8.135246131235055,-8.986871872257543,-8.108319704043069,-7.985327233891787,-7.9090004224872885,-7.925551234923715
-7.616137811428455,-8.127998793533754,-8.094208451700716,-8.254446727734901,-8.491166134919837,-8.614376463024994,-8.875069776966239,-9.142723448421826,-9.271930947203165,-9.394978373005657,-9.407026688526583,-9.693634188175164,-9.906461785283664,-9.97196085364466,-9.638943353516122,-9.221689572201296,-8.818038293671382,-8.416522984419608,-8.51798715871864,-8.268906729146114,-8.385262178237298,-8.590663179259487,-8.063765670685234,-8.36948738374519,-8.18001742060177,-8.35649658521426,-8.91772230635163,-9.416382493144415,-9.174407642605589,-9.421217970583838,-11.012345956153036,-10.284378918594543,-9.5414330823181,-9.248608564930509,-10.140590893830224,-8.352188035333715,-8.449960071327778,-9.09631435466983,-9.240023342663985,-8.153756923620152,-7.8084371818418505,-8.231041159611442
-7.66909616723291,-7.917539402721266,-8.585666102457532,-8.621632518984772,-8.533347117181602,-8.667824586313806,-8.913072957592023,-9.049756521360187,-9.518710761442327,-9.626369934759214,-9.43226092980703,-9.61451058566714,-9.920905729867549,-9.825040644295674,-9.879004793927875,-9.479045861477095,-9.243958688376054,-8.800749706331619,-8.899234912362196,-8.868817568144552,-8.891022277911993,-8.729378676661067,-9.063292291418243,-8.749613604031525,-8.548509164999885,-9.115120354686796,-9.528608412657581,-9.254325500984159,-9.549501045527666,-9.357804487752695,-9.590753930410221,-11.132625117585581,-11.059043327844044,-9.886276734676272,-10.762462164024562,-11.986625953555299,-8.978300701393229,-9.166586448690339,-9.334791075555414,-9.550158822853067,-8.126762024716548,-7.592369194454339
-7.755229834510389,-8.141458574909745,-8.355039128158088,-8.50087444551755,-8.791558910855338,-8.877333514583903,-9.008831663566744,-9.295956629436892,-9.391590228165928,-9.665950457067918,-9.61413293062227,-9.588328573235854,-9.935039934387643,-9.642774865272157,-9.63319349536744,-9.439952669010141,-9.43395683147011,-9.184950059779062,-9.069033357664985,-9.592406506055656,-9.281095503776271,-8.399486715178387,-8.73366676499531,-9.214691086563802,-9.576678350209598,-9.581319595557996,-9.42780473920639,-9.670579236821588,-9.813593477302527,-9.763845779032044,-10.184417184836406,-11.56962356756798,-11.048092931816557,-11.7896470107868,-10.776998292594953,-10.538221597344673,-10.029876544842402,-8.181227804854691,-7.893736837347293,-8.477702992231906,-8.13305780898773,-7.5208511076164815
-8.032962208698843,-8.256558283382475,-8.347877623549092,-8.4764500555895,-8.482892950552971,-8.862123268384321,-9.153579051566762,-9.171001504207824,-9.489738683040345,-9.802720935286754,-9.845052149680104,-9.445804741856179,-9.798812103723872,-9.728213993720992,-9.465438326069261,-9.657458384114388,-9.280277733939798,-9.31784832917015,-9.037836266476535,-9.415648081417094,-9.89930550880721,-9.688241654933254,-9.31495522390931,-9.550960220118684,-10.177899981733098,-10.020258712451088,-9.405316669291672,-10.2030523061638,-10.442180139804597,-10.297588061603733,-10.272613646260075,-11.56700871327821,-11.414547704038291,-10.209460107907361,-9.66416757679183,-10.389106320187716,-9.158900682042377,-8.943721775105402,-7.125601429233473,-7.156467764797664,-8.25508233293939,-7.939820004496093
