public/json/wind_2018-09-1603_850.json
{"header": { "discipline": 10, "disciplineName": "Oceanographic_products", "center": 0, "centerName": "Ocean Modeling and Observation Laboratory", "refTime": "2018-09-16T03:00:00.000Z", "significanceOfRT": 0, "significanceOfRTName": "Analysis", "parameterCategory": 0, "parameterCategoryName": "Currents", "parameterNumber": 3, "parameterNumberName": "V-component_of_wind", "parameterUnit": "m.s-1", "forecastTime": 0, "surface1Type": 160, "surface1TypeName": "Depth below sea level", "surface1Value": 15, "numberPoints": 4800, "shape": 0, "shapeName": "Earth spherical with radius = 6,367,470 m", "scanMode": 0, "nx": 80, "ny": 60, "lo1": 109.0, "la1": 20.0, "lo2": 116.89999999999955, "la2": 14.520000000000117, "dx": 0.09999999999999432, "dy": -0.10000000000000142 }, "data":
[rows 19 to 37 of 60, columns 0 to 42 of 80]
-14.375221724232738,-15.344789153478985,-15.691898906073272,-15.944194050984757,-14.904432823616194,-15.933342721592902,-16.922894356854354,-17.33149150096706,-17.935660068628117,-18.455340748309894,-17.887172165393086,-18.443435878583717,-17.746707186039888,-19.163081626942468,-19.91797482055729,-20.848030042057403,-21.33977106051853,-22.167840404880636,-22.821053919800562,-23.41374829517209,-23.274082386452285,-22.907783183933358,-26.751773538500323,-28.200888474240646,-27.76773002530897,-30.073978094328623,-34.08977625485369,-35.847602366219185,-36.128754024699155,-36.69980650230991,-36.9657655391407,-36.069137956141745,-38.67781736522039,-38.826657384455544,-39.705069021423355,-42.36192480065426,-41.53143108391407,-42.411192756879146,-43.399300069812284,-42.23524958972153,-40.01599781539582,-42.752683747417066,-40.13579321807061
-14.49415567448903,-14.873731367121147,-16.31619943938132,-14.506764972649387,-16.060677879477833,-16.45888305230217,-17.161034748592424,-16.873254172260392,-17.35159817511403,-18.9958788295839,-19.172356886844696,-19.09009405485376,-19.513850573561985,-19.71154596370154,-21.113449299651695,-20.98462533458413,-21.942155224605926,-21.878704131069174,-22.679178509574395,-23.73170229903034,-23.504653385748973,-23.43996736090336,-24.83671823041483,-28.65280445888219,-29.523434512858152,-32.624528939415114,-32.70270717647736,-35.009631251118044,-36.59143395494374,-36.53307854585807,-37.100956709166944,-38.695276324373374,-38.97193202801623,-40.12309794042856,-39.85624001406207,-39.881412151167076,-41.74127264962986,-41.2319985477199,-42.37676315083982,-39.932496041257,-44.574556303828075,-42.36694420986733,-42.35973726851891
-15.066693352942046,-15.755403093158069,-15.82861224758335,-16.440573545442994,-18.02669772907414,-17.173831572338266,-16.80712499127288,-19.147558743302525,-18.51911394747704,-18.453252494044147,-18.610851756350925,-19.584374531917362,-20.21349149984241,-21.06425815610775,-20.908879047039417,-21.30839067444514,-21.203649340688195,-21.361988678697642,-21.690827862194812,-22.5686604232025,-24.464956847634625,-27.492538751153717,-31.07128183739244,-32.9826380454645,-34.04787483541398,-34.85991996896591,-35.74730709490282,-35.376841857365925,-33.12008417187359,-34.56941171760961,-36.20387713522602,-36.52734027568619,-38.32182908955884,-37.744887023046964,-38.64832191107056,-39.45235542988277,-41.16031905544206,-40.83430507517401,-39.72375048916377,-41.45042219331522,-43.513581228112876,-43.41868772490871,-41.91819615513137
-14.229714312666578,-15.010667793735916,-16.62709703814791,-15.820251313212015,-16.94346142339806,-18.069739582539952,-18.139025606826635,-18.79880042168976,-18.22889173529398,-17.775724515287244,-18.331596062087236,-18.80817576210555,-19.708398562539035,-21.2453933921557,-22.68355657865636,-22.7510669420951,-22.16906757086157,-20.425168172764792,-20.39982139795842,-21.582036863166827,-22.42311445447383,-23.74704649975867,-21.598248366501654,-28.603779389157644,-29.257416628611466,-30.6158962722523,-33.07859492764783,-32.72011650908359,-32.701335841632805,-32.237666659300544,-34.62288735470032,-36.86873781495524,-36.134077854738806,-37.05400027211487,-39.064669078462295,-39.43699254163336,-38.41207245771879,-38.27570849699716,-40.723784975784234,-39.99416718168842,-38.790268308614195,-38.03299729194695,-32.96466699638379
-16.6380193371478,-15.86774695458301,-15.263722234458038,-15.990639176266654,-17.971641388569246,-18.221440107591288,-20.420533710213363,-21.007737471230406,-18.61271137637031,-17.462339049580947,-18.210180568885193,-18.349440723896922,-18.881991434724466,-18.85826818528494,-20.826583856210362,-21.590406370759872,-21.22323546733471,-20.833915489939752,-22.701375598624523,-21.77165724590086,-21.854360581137573,-22.108217640006394,-25.229550406958303,-24.723083012228923,-28.05049930722092,-26.324706680514424,-26.149592230550436,-31.19509118979478,-32.167647886957255,-32.8206110295157,-34.31471407731479,-35.126843230865724,-35.589077189435145,-38.15945197003337,-38.67808952311034,-38.14432547315333,-36.42426069624781,-38.11517364358173,-38.00056450545858,-34.6547636945325,-36.73517747402522,-36.76408666264206,-33.747696890224354
-15.163012881359851,-15.52495020483967,-15.394335626815883,-16.4022727406004,-17.477301232855936,-19.079582337724553,-19.557788155550544,-20.891980932694278,-20.481737907413013,-20.48347822756352,-17.44646309243036,-17.131225556762097,-17.337572929664688,-17.93948508907668,-18.703087935391043,-21.10541032719349,-21.75366935192552,-22.251653390295935,-21.534268813716526,-20.253432870827577,-22.36531864581199,-23.333923244992004,-24.531034391500622,-26.762279772316212,-26.16235834015289,-27.250074980311098,-26.794097221432214,-29.451354306206195,-32.63630698975244,-31.861938367859953,-31.480636473434465,-34.09329176399785,-34.5443320931341,-37.22759944448316,-37.11156316365232,-36.436319657472204,-37.0378906919742,-35.511096120182096,-33.94753970527516,-36.63189655205093,-37.391547404165166,-31.41593388709272,-33.24364027375694
-13.995456676903732,-14.738284496738082,-15.389739809267294,-15.788761623910798,-16.317618435857003,-16.985842065615962,-18.917409823621252,-19.03086537084949,-20.403322431005915,-19.209623909367693,-15.98123684030697,-15.415550949014564,-16.155528270247505,-16.88680324510092,-17.85564481171823,-18.299362321314486,-19.251347597563893,-21.05915532657683,-17.764385359309813,-22.864183672843243,-23.51944336067288,-22.44633829925805,-23.491977079475834,-26.035914305488422,-26.769773967400987,-26.9359390331247,-25.48979838967506,-26.47014658529535,-30.22630581128431,-30.947592974138313,-29.636727824030118,-32.42383558482621,-32.01239001331913,-33.03678756910041,-35.25526508568263,-36.000962945364236,-35.096581752995,-35.60502218148793,-35.956210806610414,-35.7489823851188,-31.50256658904154,-35.1766264223719,-37.720053138651565
-13.948718715938286,-14.159193042714076,-14.500413776975485,-14.680961083766787,-14.897346406177903,-16.0632764372889,-17.78868843465316,-19.251329932702077,-19.086861571244253,-18.557872858618243,-16.727645216956763,-15.415162529647127,-12.27786783922446,-14.478666672863108,-17.49871031631452,-18.901533298272305,-18.784523284498913,-19.94185060025099,-22.07440963495369,-23.203325447889224,-21.286508201952266,-24.454201198304652,-23.133060527453303,-23.121149721422093,-23.949470625677247,-24.12423584404166,-26.46840062818034,-26.593086370668182,-28.54875325769481,-30.37572351736384,-31.3408919291399,-31.057028756277695,-32.37020725847688,-33.2863339011214,-34.28039587744928,-35.073084920654125,-34.42901277196964,-36.27828533694594,-35.095501076857,-32.54600950970719,-31.401043351624416,-35.13518512623701,-39.60581626634337
-14.30651116320053,-14.694212844090842,-14.515225390834429,-14.55571409780352,-14.63524496014385,-15.190328110370256,-16.384618530268163,-17.71028162093954,-18.854387402571923,-19.06608549485535,-18.41218792495811,-18.874654429425775,-16.60529141039049,-15.173799636461329,-16.080539236290356,-18.17868251102205,-19.249749788727357,-17.37702292142684,-18.33008928158611,-20.233947222944646,-22.84609405371188,-21.018849424989735,-22.94032498609713,-24.74625018115081,-24.69784324528476,-25.785043163862,-25.73238199616839,-26.3861916726828,-27.407574697989844,-28.62296880023587,-28.2212468064125,-29.551197971952654,-32.13558900801217,-33.24720074702892,-34.72355508252511,-32.68299089923392,-33.12622201179618,-32.15695390111727,-30.880781658729227,-30.102836064059645,-33.161189854663476,-36.07211026128293,-33.10377561813454
-16.564980009879612,-14.90015258535347,-13.091883073044643,-13.079914155036386,-14.58480808542677,-14.580891651533616,-14.929019593006677,-16.130659989150736,-17.0523119155203,-18.797733885434038,-17.236850491325796,-17.515722040244896,-17.480594243696927,-19.339450250700274,-21.02424967194071,-18.833376565778543,-18.041842187308788,-19.535900004523054,-17.87387593477196,-19.370428364245335,-20.552812091928267,-20.39780984709649,-21.3556680755579,-23.961331164304983,-24.88623196292124,-26.90318523585997,-26.64204198489361,-27.904340483240404,-26.074619809547535,-25.90255311814762,-27.092488761662853,-30.07131066187979,-29.718170899316753,-30.380201959443156,-32.032067495714934,-30.975983375267553,-30.832473695269943,-30.25613719537145,-30.435653323455202,-29.69936407913339,-30.70135817152238,-34.28596719543661,-33.78676231477073
-17.498707275055455,-15.760769917041769,-16.88557192939969,-16.24394233815017,-14.559463283745098,-13.890154558534357,-13.863800798927915,-14.950678745292121,-15.862243760068623,-17.90278181512576,-16.43862914813599,-16.22112015505764,-15.913577793070585,-16.602166965275327,-17.22242798129606,-17.279582440528742,-17.090701111322105,-17.389636772341625,-17.84436886414119,-19.12310503258889,-19.690381067368847,-22.29500977367177,-23.057343944672233,-22.51480707548664,-24.933739540736333,-25.420904369208728,-28.752448745315817,-26.623670900997876,-25.99359824151585,-25.745903694937713,-25.90830929143882,-27.49481889829113,-30.119340527281,-29.419875236854345,-28.255619780820968,-28.81278006147322,-27.20481810638431,-30.152952064445596,-30.10088787464357,-28.069893823098695,-30.51391151607821,-30.706969217685995,-30.26144175314876
-17.780963591957498,-18.44468143565687,-17.298796935678986,-18.35315554823722,-14.542493391721887,-11.475038980849027,-13.670409744229865,-13.76149896710997,-14.918465518095829,-16.690839761229714,-15.831222528255458,-14.693042600444214,-15.388507058928743,-15.856359278549409,-15.956557649220793,-15.538222630255103,-15.738706013503037,-16.510512302955554,-18.390894216631402,-18.10978745781318,-17.77604385246171,-19.831311475030788,-21.243991491179017,-22.602040697361577,-22.257654097005155,-24.468848061079576,-25.503068080135296,-25.162114142567777,-23.793463723813684,-23.711434904426405,-23.479977711009546,-25.925145747496142,-28.427940542777304,-29.673280905165015,-29.423979735778516,-25.344380307222053,-33.14769701584477,-31.714208963668824,-27.843522402664078,-27.077459869933094,-29.293285938079293,-28.373449978705843,-29.94823961381889
-17.506888140622237,-16.019302062933825,-16.17848074742789,-14.598191108604844,-15.609922602342902,-15.413976563613474,-15.015612819591308,-13.364811323751743,-13.836049686348044,-15.073429490293215,-15.434732190805253,-14.921755552717004,-16.098816111116,-16.290996633417006,-16.90126318479111,-15.46228199933681,-15.158964370277232,-15.55154485254975,-15.845176180457742,-17.080341332489102,-17.881440120625562,-18.316971037667486,-19.399901344244203,-20.220295840826417,-21.698303616854005,-22.62549482560057,-23.1520739223433,-22.11876510957527,-20.980357472185794,-23.227142157725446,-24.52327699638922,-25.353317085751165,-26.646150895014436,-25.199979840808684,-26.275697716508027,-29.354946827081648,-23.876843046085543,-26.187127228144785,-27.16918599077641,-26.560238235132747,-26.554354618202368,-27.33966478931481,-25.44681599641376
-17.561071813583357,-17.08061628515693,-15.408596497947673,-16.132519113395983,-13.246395538323789,-14.10488591748275,-13.216755871424558,-13.36624405882015,-13.302277427243462,-14.565717876457228,-13.430896693230677,-15.364261106740216,-15.951133354214107,-16.154259663407228,-15.689971967452298,-17.501565661746916,-14.45002148466497,-14.423476999512777,-15.230830457680488,-15.263626151510545,-16.401962186077174,-17.953983731684698,-19.164210904062205,-20.679700888737372,-21.16498857805768,-21.780543259045373,-22.293060879664154,-23.731802410183192,-22.904122681656943,-23.17769333584032,-24.37166086238793,-25.77628466613782,-23.65259677750794,-25.756171602589987,-26.45983704902674,-29.576249484417886,-27.681290422472586,-26.240489124035843,-24.460980050409738,-26.47850774265316,-24.682191140979874,-21.872398686083475,-23.01265393524426
-17.47062225503666,-16.761970487431192,-17.788331079917103,-14.666849451444351,-15.159141897429823,-13.307315887635628,-13.088078515402795,-12.733879194057536,-14.088834425564713,-14.339014485337989,-17.431786973084645,-15.601725357965796,-15.156855958116651,-15.302974624121257,-14.944906686738092,-15.308344913323314,-14.246022199116343,-14.480730819665379,-15.079818772603074,-13.633942619847486,-15.679599695736702,-17.12516649915853,-19.736714125404568,-20.576990270478507,-21.138461831271094,-21.148179340689502,-21.397456695446277,-21.571543687873067,-24.71514124271298,-24.75207113847103,-25.77243787424762,-24.931865202791215,-25.946313743143264,-26.178673998924094,-27.52035610874681,-22.37667612224234,-23.006076990736727,-22.95233481847606,-25.394025477691486,-25.0885400508058,-23.685741047084512,-20.37222551681514,-19.93235784793392
-18.09265870537648,-17.346969445657777,-18.09233643989571,-17.912748074188954,-15.670352043144712,-13.780198205177783,-12.141363915591459,-12.160401051362193,-12.776673768167878,-14.278038527200133,-16.216788751034624,-15.304788250367729,-14.648751754349849,-13.97591220523108,-14.326809372862998,-14.178373063124077,-15.063205031040939,-15.561029650693037,-14.425812277263189,-13.922416490630603,-15.661371987309087,-18.025289706993206,-19.8095270311714,-20.456354236852285,-19.949209396405287,-19.240195776612293,-19.236373211104674,-20.206616974322746,-20.723772816471577,-22.71712411130135,-24.173320083019433,-23.902054918770464,-23.475894141406748,-25.28688208929106,-26.475742551682604,-21.582938822891734,-20.272886592456782,-21.271420062847344,-22.932640782317424,-23.972840154816783,-21.344393985116213,-22.079809276177976,-22.30593860243281
-17.662507877002703,-17.48439067411739,-17.22585577178645,-17.832409028292965,-16.01344262162607,-14.92108631939288,-13.611843906038082,-11.992369795899446,-10.575519010927847,-11.858222149679225,-14.36198944802039,-15.227937284872063,-12.62936680188965,-14.373734612529416,-12.768195682456764,-16.569120847200324,-17.84789918781085,-17.021325602755795,-16.28232391765279,-15.777484271727127,-17.267200301193405,-17.857034721579762,-18.042395682658658,-17.130175743806845,-18.256365337372706,-19.574379581047232,-18.79137145031985,-19.581844361234925,-20.562194605096174,-22.120861462227946,-21.334873308848625,-21.662084046767397,-22.18696875592331,-24.470073987453194,-24.263861971415032,-23.120305324899388,-22.07633291507405,-20.553438719490156,-21.12174458302915,-21.346994089013457,-20.054565826047877,-20.58212158823182,-23.033567943276775
-16.81732192185465,-16.746644915200925,-16.83431086141047,-16.959761336782776,-16.77827915993008,-15.615021468709646,-15.280784962740796,-15.217383796261363,-15.190421027681463,-14.808634793995155,-13.634352146032223,-16.640498067107988,-16.719710642978313,-14.277596957890893,-17.339589480290662,-16.988854786208297,-17.480350300739126,-18.12307029217485,-15.904694605976857,-17.764651068972974,-18.928101449003776,-17.654091666020555,-17.485353441493075,-17.353101521933763,-17.760438821240953,-17.887248857504634,-17.364340569516077,-18.256668294617953,-20.256414445570638,-20.09214782731166,-19.225999411897092,-18.896333834783075,-21.875640057282464,-23.78254613983103,-23.687965864042845,-21.054602080651208,-22.806726033074728,-22.823318827870665,-26.158667829392364,-21.09431148340864,-16.83696527827153,-19.060789512076934,-20.421008020890675
-16.821217644651203,-16.754881767253337,-16.575729050310073,-17.456301968107123,-16.451780027458312,-16.457609558103865,-16.190411562906984,-16.573007070587913,-16.024561152737437,-15.228040468880344,-14.045286395489597,-14.055505887125193,-16.475096519192526,-18.08816926329586,-16.905710602149274,-15.03888278900493,-17.184156406191015,-19.065722486664036,-16.716649663171232,-18.375589511869457,-17.1409936664486,-14.860389281625737,-15.917492255326081,-15.145985100020635,-16.962281209068358,-16.88308139357853,-15.828427999641207,-17.625741512466103,-19.137370355042684,-16.652546751003296,-17.519333606741643,-19.07116147122318,-21.831533167417305,-21.8798663805051,-19.72137667193952,-22.277853960563256,-22.073323097270666,-21.272649483193568,-22.524659060695864,-22.795035730447246,-22.80005528243208,-20.889809022171768,-20.356990674602077
