public/json/wind_2018-09-1518_700.json
{"header": { "discipline": 10, "disciplineName": "Oceanographic_products", "center": 0, "centerName": "Ocean Modeling and Observation Laboratory", "refTime": "2018-09-15T18:00:00.000Z", "significanceOfRT": 0, "significanceOfRTName": "Analysis", "parameterCategory": 0, "parameterCategoryName": "Currents", "parameterNumber": 2, "parameterNumberName": "U-component_of_wind", "parameterUnit": "m.s-1", "forecastTime": 0, "surface1Type": 160, "surface1TypeName": "Depth below sea level", "surface1Value": 15, "numberPoints": 4800, "shape": 0, "shapeName": "Earth spherical with radius = 6,367,470 m", "scanMode": 0, "nx": 80, "ny": 60, "lo1": 109.0, "la1": 20.0, "lo2": 116.89999999999955, "la2": 14.520000000000117, "dx": 0.09999999999999432, "dy": -0.10000000000000142 }, "data":
[rows 0 to 18 of 60, columns 0 to 41 of 80]
null,null,null,null,null,null,null,null,null,null,null,null,null,null,null,null,null,null,null,null,null,null,null,null,null,null,null,null,null,null,null,null,null,null,null,null,null,null,null,null,null,null
null,null,null,null,null,null,null,null,null,null,null,null,null,null,null,null,null,null,null,null,null,null,null,null,null,null,null,null,null,null,null,null,null,null,null,null,null,null,null,null,null,null
-5.573236162806332,-6.228393150794001,-6.375788716853929,-6.079226591384981,-5.553455558003674,-4.988085222222415,-4.450216226871399,-3.8340379690101756,-3.5676086074939732,-3.7092764999413896,-3.9345912846664,-3.9469045051169225,-4.367118246083047,-4.241790662556534,-4.088718119637186,-4.535476887687957,-4.8992046254787,-5.12787165018012,-5.0522103366759605,-5.271809755279558,-5.748760525264008,-5.795174493758617,-6.732824991510185,-6.412762222168176,-6.291183526379878,-6.3388338263302435,-6.327279908168515,-6.347003328666984,-6.575255881672143,-6.9055995132909,-7.038103726132951,-7.257128394206698,-7.369055414317632,-7.220970684926875,-6.686391511414179,-6.2911703754956445,-6.3857009063137,-7.151840157056566,-8.092956982474615,-8.64188762061748,-9.161135769242753,-9.507807165813793
-5.87344172035211,-6.680750278812388,-6.717471515577671,-6.13240913039094,-5.54045664588723,-4.813040134510276,-4.3274886666137276,-4.213075054550921,-3.924998984142472,-3.8956540317593955,-3.550984750425842,-3.841079032145573,-4.0976526275848375,-3.9975932198018587,-4.567758839119087,-5.352263840721596,-5.330419712687244,-5.363922191342902,-5.482560889393384,-5.676758499665359,-6.069273259946827,-6.535265145537974,-6.901781928287183,-6.619338321014232,-6.3573279200943915,-6.040219596834703,-5.668888921224116,-6.33004635773055,-5.501047997904843,-4.708559148606601,-6.057127528816247,-7.02132818543949,-7.892568952146984,-8.21035522991941,-7.914184882082645,-7.973467180236815,-9.017833757531047,-9.652146787216388,-10.096731670769575,-10.23489477939156,-9.616663652163872,-8.74805316918738
-6.212344043895154,-7.003113359447942,-6.612158479886637,-5.985785873516464,-5.18276345316112,-4.707710320094977,-4.492319651515535,-4.380025705661412,-4.089038460948426,-3.8974672135694135,-3.5103859703069267,-3.807992354250486,-3.875074919802183,-3.8546088338539675,-5.160568606414655,-5.280770247424595,-5.596369873610427,-5.684918706488787,-5.610087408177214,-6.047705792483139,-5.930744245085896,-7.061179570664012,-7.097093386441659,-7.040083152946494,-7.754655481967074,-7.208595809484487,-6.987137615541762,-7.230140434442276,-6.480298484547711,-6.148011621000169,-7.984235478051934,-8.225427170157154,-8.91660833019653,-9.023728413022253,-8.251374550677394,-8.128537209791713,-9.329854352197541,-9.755688877896269,-10.938837977442152,-11.440466989145685,-10.567354377563676,-8.393770828400868
-6.465476335555862,-6.849152905754288,-6.439626550059259,-5.729546004877587,-5.201226072348474,-4.751452720211663,-4.610329070649062,-4.416049417675513,-4.212693001274872,-3.992609906137443,-3.4969058874608243,-3.4452236754953205,-3.679595167992849,-3.4478295392656584,-3.788694254211155,-4.798043918555436,-5.711226778168489,-5.916013979558499,-6.0560051184276675,-6.531118329743472,-6.37765141027227,-7.249828527901957,-7.8248031350964915,-7.809807888488446,-8.789744219337885,-8.473822259916309,-8.500416864165764,-8.086855063430043,-8.409238176659914,-8.401801748785148,-9.00964489844823,-9.632148919441702,-9.79821508792611,-9.534377260372395,-8.63325539658904,-8.397820650630795,-9.016871738340644,-10.021549429374137,-11.277513137730725,-11.914329771794552,-10.908340462624285,-9.678082324215714
-6.458545307225839,-6.739004986181403,-6.077762662052797,-5.639140560957936,-5.2819160010055075,-4.886449617223709,-4.766023815686741,-4.391734312636936,-4.339017482992505,-4.259157933335106,-3.5834072702067217,-3.3892380286971764,-3.5878443543857124,-3.4597622093670646,-4.032638996502623,-4.7527056368895275,-5.762357372216694,-6.423437400964762,-6.874926221120033,-7.3400433120242035,-7.471724288584095,-7.961414748358561,-8.9863879873644,-9.044419631627736,-9.264150470912163,-9.048322876990962,-8.906390013798422,-9.148175794417226,-9.474612439828583,-9.458827104769579,-9.882389891071838,-10.056800670307338,-10.119121319935644,-9.645915481975107,-8.834197664159674,-9.124030201234113,-8.929179499593657,-10.10800942353605,-11.146781547883286,-11.842186715023988,-11.04272423484747,-11.443869870270994
-6.476575578006306,-6.42451447251778,-5.9017802279914005,-5.5203529257927135,-5.0990816187530505,-4.893630669839955,-4.938134323387934,-4.668163637289149,-5.045531112714881,-4.877973526656929,-4.440531279620683,-4.333637220816568,-4.193252269077938,-3.7136594010847297,-3.9661225309225694,-4.419751650748081,-5.975285972289779,-6.766105581696954,-8.029104162173855,-8.590129849416119,-8.624176329432343,-9.045107762764896,-10.031505127497628,-9.533648811223538,-9.31184437661933,-9.467046109330635,-9.937960536793433,-9.998527590595609,-10.292456949421634,-10.130568244848789,-10.43892535882592,-10.69297469263531,-10.125763681233947,-10.108659105683689,-9.86734717666084,-9.57068422235676,-9.47949261507626,-10.067900111817082,-10.783356259879096,-11.628298120345463,-11.705274856947979,-13.944197453311702
-6.295069106666885,-6.048069074235123,-5.570552636255486,-5.45138510386338,-4.954890705836891,-4.971972458704737,-5.138197980276861,-5.520348399294983,-5.9578189807424735,-5.771678874957672,-5.689765430978319,-5.7069692320607635,-5.304146575239911,-4.392319279907797,-4.13826187128544,-5.580949574011989,-6.93796617667402,-7.0152823422094155,-8.75094251721211,-9.270320722235478,-9.282674308398171,-9.887266154269776,-10.691345983676069,-10.393350295753594,-9.959342450997191,-9.664474149670667,-10.427460135893226,-11.176797157025874,-11.045243847984805,-10.852269067869512,-11.074475282938305,-11.15919164950342,-11.013731303096538,-11.138445289322146,-10.904001272099356,-10.450332038413663,-10.460621420830323,-10.732519078342483,-11.027680662258607,-11.571607249625238,-12.287490604889665,-13.726164502092843
-5.909687529204031,-5.61524393917412,-5.266222304040167,-5.109550875803799,-5.208992195083313,-5.146583354285617,-5.5040812719875145,-6.176949176483342,-6.416727999141729,-6.396065445720376,-6.677488723990558,-6.879250257901909,-7.432096138638277,-7.054001530030843,-6.751135427586124,-7.3058328679071645,-7.6094751043324695,-7.631010219432948,-8.886773874128536,-9.417906042548928,-9.897109913998207,-11.243404117341393,-11.198215947889286,-10.450051156121736,-10.616662706895827,-9.822456139283116,-10.815549501707336,-11.409834607304344,-11.352997042536881,-11.42853326845333,-12.048495937099691,-11.776281526998725,-12.117121703316649,-12.02373836888063,-11.985021517821545,-11.857159515543174,-11.780977880045022,-11.934913575432738,-12.022703949751158,-12.226267875110064,-13.348502628186532,-14.03847401344069
-5.5133669495740705,-5.293238820136651,-4.899857173576139,-4.761623823194514,-5.083559011056865,-5.103814039246899,-5.711509813400085,-6.406804898403511,-6.571805745665336,-6.403581247719944,-7.08854194484835,-7.185513927867571,-7.724707375523126,-7.690206493804853,-7.6130902163205665,-8.256013901952485,-8.011546009112816,-8.78272272365292,-9.483230656587025,-10.02031404499062,-10.586161917599771,-11.342418278566845,-10.725283600173755,-10.960064490413497,-11.129436674990828,-10.323529571754328,-11.070188516270813,-11.755857127558718,-11.589541976708936,-11.823877933268957,-12.520310094642097,-12.789167149440338,-12.637033521439289,-12.712967609653115,-12.56591200921333,-12.641735952741369,-12.711226417505115,-13.164838996131731,-13.431710093409817,-13.983596463960296,-15.215142612772242,-15.517374328309426
-5.153607839188863,-5.032482329364346,-4.616432479299249,-4.663042611756218,-4.9778374957624205,-5.005603538188617,-5.880631016834835,-6.880306278131658,-6.707530915609767,-7.080281790257037,-7.463386069494348,-7.515275427544339,-7.729163556187293,-8.280848469993945,-8.49907589058794,-8.609120873056987,-8.449058797736466,-8.724768153500081,-9.757845884598032,-10.129315925711198,-10.161989558945097,-10.464296711581957,-10.904287739949565,-10.855244782583275,-11.179135950496633,-11.236482371045556,-11.004958120628562,-11.76459810688332,-11.90117558380036,-12.69714724256347,-12.699583098438916,-12.943950635746681,-12.859777833182736,-12.735338580661413,-12.738042075255915,-12.68411739744511,-13.008001238180245,-13.850253131992467,-14.623935093579796,-15.529232165372544,-16.228842210875623,-17.097202023788725
-5.0485111225158885,-5.0024768271094775,-4.501331727414609,-4.5730910858964355,-4.924644504723133,-5.130709953135914,-6.0394340890761855,-6.878055726271653,-7.437682975135337,-7.9439619359906075,-7.810943415843411,-7.703310952405373,-7.87556055533803,-8.714593716241994,-8.725637516124612,-8.684831739454838,-9.059984713538329,-9.393653528402064,-9.285616125335194,-9.108551191210323,-10.231809471361817,-11.127807193326582,-11.644664015123832,-11.20254435813397,-11.700871655178933,-12.15792717703788,-11.280460897971814,-11.686211758266266,-11.806299319650316,-12.983645545209399,-13.11639599220698,-12.973742361531324,-12.675061143566948,-12.200031022310515,-12.201358619605086,-12.539587848969118,-13.097539071888434,-14.05106410120254,-14.801914725851862,-15.859381161105468,-16.935301278474263,-17.45961064928692
-5.140595607791818,-5.009267817758116,-4.475910644205788,-4.58319447526418,-4.90160439354238,-5.635723202434677,-6.384307151308326,-7.426144528357789,-7.803941849612663,-8.06479618157987,-8.197278423550241,-7.976516343853969,-8.023539458319465,-8.708779552232535,-8.818778351065621,-8.775661609844013,-9.33866688141402,-9.928114081794877,-10.209905634603938,-10.050618165638335,-10.973092198339472,-11.068125012281774,-11.754073969226788,-11.65716923572656,-11.843838937458319,-12.30134885017557,-12.1515571238155,-11.793409919552829,-11.913451968536172,-12.409206525076225,-13.27918379231354,-13.469145821851924,-12.931412510676948,-12.268246954704226,-11.931939776596105,-12.729860994612388,-13.586431395959812,-14.424149525059212,-15.074234636119163,-16.112319653469445,-17.048216973108694,-17.366089768424825
-5.686162680489691,-4.839681419957316,-4.367495431035575,-4.805308351663545,-5.291354280997817,-6.114852421443143,-6.850539328314692,-7.610834327948286,-7.927485696704954,-8.09594390580585,-8.540108107651449,-8.770534611252755,-8.633570741364961,-8.787867296599103,-8.790472769283243,-8.922402209915672,-9.246732621530562,-10.071586605465534,-10.264962872973095,-10.457539814896478,-10.597157976300007,-10.733579293388765,-11.253614455165637,-11.853158252662015,-12.137684125320455,-12.685140973919774,-12.679043505776527,-12.298337290603369,-12.296833843081412,-12.120232781522965,-12.53478385724298,-13.308648735998071,-13.211912589008886,-12.535104230447034,-12.030524822098041,-12.954135108116796,-13.509861406523143,-14.462851768073648,-15.82525094840343,-16.78211700063764,-17.476831096388022,-18.233944175753457
-5.747851738227659,-5.216513387682113,-4.5951913604534615,-5.165570961932775,-5.635817500327964,-6.236053345409263,-7.047315631396941,-7.787959978126837,-7.716817305257378,-7.838931789421512,-8.867970085227991,-9.388957854287316,-9.199782417188894,-8.79927890359684,-8.35751877118281,-8.135824982913917,-8.89402188588834,-9.672925318412315,-9.522126103166483,-9.739765447563036,-10.44039744120332,-10.20605915642012,-11.430101985147644,-11.901557811425008,-12.047188739780466,-12.932978065323308,-12.659869987436124,-12.516048222159686,-12.520253824857626,-12.565358818562325,-12.583590766191671,-12.290821042991059,-12.235377644880963,-11.966820289240879,-12.313040602882971,-12.953211583731493,-13.252899062640385,-14.025378350723836,-15.564379148055142,-17.112867697956762,-17.920793903032482,-18.944945005606073
-5.632381195595883,-5.641254050972611,-5.386493696349776,-5.720221849213975,-6.259200757540073,-6.406021551154543,-7.0346148305664,-7.742421021314005,-7.527999921274629,-7.531183474334933,-8.269866834817101,-9.747930859207749,-9.685095918789548,-9.404126321588247,-8.925604953276665,-8.836338839002309,-8.882990129280591,-9.359384784671036,-8.949855491169831,-9.532624264789945,-10.561520915198969,-10.702668461951276,-11.687756645648417,-11.611297458173707,-12.183141512757663,-13.051505266905238,-13.23386219650936,-12.711815330865155,-12.882566824206032,-12.533225898445766,-12.513135206661357,-12.507016424776168,-12.080984888617785,-12.380690713291173,-12.487670176815861,-12.805786519900506,-12.699038420281921,-13.543189758471296,-14.53401172378209,-16.943132962954948,-17.567371281911342,-19.027148978496616
-5.875680963450712,-5.921488156496441,-5.771297033957657,-6.223241835061345,-7.038426853295833,-7.087317603924708,-7.398778280757656,-7.769998041689595,-7.520903548878989,-7.5887171693490245,-8.222316946844531,-9.188167213381629,-9.973449466461373,-9.971495918529936,-9.370116554633224,-9.323327157718007,-9.11384442987502,-9.372394724056626,-9.469683534241117,-9.448918710360642,-9.999374340805016,-11.470515420909978,-11.971117569516888,-11.412666439813085,-12.915254464501077,-13.351751424042703,-13.55551976173809,-12.683829350772399,-12.892003215095333,-13.114454511797753,-12.84215516618047,-12.671724413912305,-13.372215894251282,-13.985501118417579,-12.985570980941329,-12.235575180642824,-12.863536650964104,-13.31653518969151,-14.13119261416011,-16.06027713734164,-17.48669720319514,-19.044805159403744
-6.206211697410773,-6.452730587746656,-6.346791487763495,-6.640379503586306,-7.490288418700682,-7.446600505785174,-7.636267815760949,-7.984305358855005,-7.7447563269578845,-7.5685310748620145,-8.766403013591908,-9.421520735471233,-9.472166895033375,-9.823248496932923,-10.00729025075929,-10.262550552437421,-9.750257438029136,-9.599889547002338,-9.503007662044887,-9.924257064551123,-10.69589199140861,-10.783742959532242,-12.088842890381446,-12.997286200056374,-13.77284812884516,-13.422586455657239,-13.507706000138036,-12.87923662746431,-12.906017627209284,-13.01853559251806,-13.55115958007541,-13.7518389632299,-13.85134876155038,-14.201222721141999,-12.893265964767927,-12.492760582605582,-13.584952734228638,-13.474398899259905,-14.314177177657633,-16.021472047423018,-18.028824270376408,-19.707055241377823
