public/json/wind_2018-09-1518_950.json
{"header": { "discipline": 10, "disciplineName": "Oceanographic_products", "center": 0, "centerName": "Ocean Modeling and Observation Laboratory", "refTime": "2018-09-15T18:00:00.000Z", "significanceOfRT": 0, "significanceOfRTName": "Analysis", "parameterCategory": 0, "parameterCategoryName": "Currents", "parameterNumber": 3, "parameterNumberName": "V-component_of_wind", "parameterUnit": "m.s-1", "forecastTime": 0, "surface1Type": 160, "surface1TypeName": "Depth below sea level", "surface1Value": 15, "numberPoints": 4800, "shape": 0, "shapeName": "Earth spherical with radius = 6,367,470 m", "scanMode": 0, "nx": 80, "ny": 60, "lo1": 109.0, "la1": 20.0, "lo2": 116.89999999999955, "la2": 14.520000000000117, "dx": 0.09999999999999432, "dy": -0.10000000000000142 }, "data":
[rows 0 to 21 of 60, columns 0 to 48 of 80]
null,null,null,null,null,null,null,null,null,null,null,null,null,null,null,null,null,null,null,null,null,null,null,null,null,null,null,null,null,null,null,null,null,null,null,null,null,null,null,null,null,null,null,null,null,null,null,null,null
null,null,null,null,null,null,null,null,null,null,null,null,null,null,null,null,null,null,null,null,null,null,null,null,null,null,null,null,null,null,null,null,null,null,null,null,null,null,null,null,null,null,null,null,null,null,null,null,null
-9.821061242032053,-8.991304550033304,-8.665182751722208,-9.701102208541688,-10.681374552098994,-10.652607882347427,-10.124930647980813,-9.608343686034024,-11.466076926841087,-13.00843897952438,-12.750649451681578,-13.33632422991991,-13.282581288684623,-13.253108277459441,-12.674224096976705,-12.348751596531246,-11.587714044867129,-11.382131873827822,-11.465023218374192,-11.273236859882214,-11.157285265474645,-10.668215016052589,-10.125655208696143,-10.050236997122923,-10.325411299393803,-11.334109422092647,-12.494961330244987,-13.361215872005257,-13.009693119261408,-12.465844142967876,-13.682740832354515,-14.609898898013377,-13.930420905702825,-14.240312690292315,-15.163929011995283,-15.704108222430277,-16.145127897703777,-17.603835164943128,-18.610723645747413,-18.98407054372244,-19.317937220492812,-19.761122822257157,-20.24586212581898,-20.213603722176682,-20.394894817787545,-20.802571310909656,-21.728276439465414,-22.391949278696053,-22.943942238004258
-10.14569120955397,-9.716606890207032,-9.575567293173602,-10.89293898182263,-11.679323224389172,-11.604978034529392,-10.997419235420772,-10.267895592509209,-12.009754147878088,-13.928368556943925,-14.161978036949472,-13.762438784411952,-13.946124016344779,-13.181062957221437,-12.211681295626379,-11.602471985608679,-11.159660985964967,-11.621124327731977,-12.135777815681871,-10.643050632208599,-10.27968182232649,-11.44833950228593,-11.880726959737038,-12.276075026691824,-12.916233365882658,-12.63925201433293,-13.228416272083715,-15.009326687531695,-14.989218260353704,-16.148109428717085,-15.256850296796134,-15.285049360336192,-13.709538430635384,-12.505510190094988,-11.630433432911994,-13.689043658108329,-14.3788338821879,-16.219183892389662,-17.981069934405724,-18.025722533705487,-18.39796668107212,-19.483773908784162,-18.98209438937786,-19.206927962781403,-20.00255072067367,-18.876755409766957,-19.253247635693548,-19.98876203622833,-20.97625700843048
-10.49873416707873,-10.27577321863785,-10.916082413691994,-11.972472014241882,-12.547414098132888,-12.206646462089981,-11.012667069697413,-10.222480467937732,-13.297423244512984,-15.18052904463235,-15.66370122685843,-15.154546520473595,-13.742571247218365,-13.399571329774457,-12.719194225201582,-12.00936323402848,-11.70932978862557,-11.793096778000844,-11.380846639016125,-11.295877543873647,-11.77230435947725,-12.196193712928581,-13.808016559933359,-15.27108637207223,-15.845905647100523,-15.400584763934088,-13.788387874345899,-14.430453166038383,-14.410454103195724,-14.744951267397004,-14.550362082209825,-13.939847212408429,-13.967189593599024,-12.163660145319785,-11.420105857796115,-12.859557571898463,-14.686224599271924,-17.953071317021564,-19.501980935712364,-20.029656534430995,-20.003165242477053,-20.682653927992188,-21.066552738631565,-21.430036550149385,-22.11077542071852,-22.438761411945453,-20.785084866033866,-20.437663730706454,-21.905212088729243
-9.83830326085318,-9.976974147285771,-11.663865033755215,-11.942019957402394,-12.817356473470221,-12.580574554205256,-11.03872756313821,-9.833031310695944,-14.267169043534645,-14.87935101377862,-15.016433641035434,-15.296292107765087,-14.81537316163983,-14.530542006034555,-13.197617921428334,-12.260853395465118,-12.163760413143772,-11.966584717530344,-11.98423519292478,-12.162746127197215,-11.943160971625222,-12.255182881539117,-13.324180077560094,-14.536858762014024,-16.58793016902054,-16.02975776232169,-14.032886568206528,-14.500553831410876,-14.093047411695553,-13.695611675788985,-13.564010985114667,-12.397707908332825,-12.259080935811125,-11.090682205920675,-11.859907836308626,-14.49771433469714,-16.175473810026496,-17.866259951232017,-19.65421055541993,-20.46896370738173,-20.228467123448944,-22.174003946418992,-22.549781366335555,-22.24245283734412,-22.80810511315666,-23.886841408371883,-23.02134223959123,-21.13176497564224,-22.13637980026224
-9.871377406879489,-10.466406265996175,-12.001312160684158,-12.586271915613931,-13.664292178948948,-12.813451344084642,-12.134406583538086,-9.793872823002484,-14.402328998474147,-14.76055300370868,-15.987237787911036,-15.490064953157765,-15.102310463573312,-15.008837683096157,-13.946318361223316,-13.316570825042696,-12.813800753277595,-12.456145160983596,-12.488610986212105,-11.86769914415842,-11.956482944946746,-12.041134534569178,-13.394261517725962,-14.798478054102404,-15.592442736177425,-15.19947320670155,-15.059439618702253,-13.970650612333623,-13.506394027645477,-12.614939818668173,-11.908470892899151,-12.314360019869966,-12.003184413083106,-11.877573238705574,-13.91979978439598,-15.909193078324797,-17.923023261974688,-18.83879421894135,-19.79647671535844,-20.367111399634982,-21.072060726736552,-21.458473621522216,-21.89183910966826,-21.77447529162753,-21.483196007679503,-22.568949063825094,-23.224517149309648,-21.946934443852417,-21.769671166343596
-10.69132551180956,-11.44159307978752,-11.909265429311617,-13.039764542905056,-14.022022016184863,-13.57265100651678,-12.902410440828476,-11.60448478665373,-12.31701953569174,-14.571134304500122,-15.469418675606066,-15.796028106639742,-15.224540860307428,-15.1344133771595,-14.68983939279877,-14.439374052831164,-13.364223273465596,-12.732744610177033,-11.9010926982986,-12.097440344054789,-11.915837591536796,-12.002023353626875,-12.240872916610677,-13.818891609226075,-14.339990067106893,-15.107023594549277,-15.369323029867171,-14.758184395101257,-14.237596084868256,-13.065530203325356,-11.101465955080544,-12.726222539688749,-12.655929124342963,-13.05548717686531,-14.48536863551951,-15.959577447417068,-17.22652875620758,-19.590234120906157,-19.801357833339203,-20.702611804095568,-21.62979985822251,-22.446118785148336,-21.564959866762496,-20.231421204787722,-20.40804789441658,-21.650786812497273,-22.03747910714404,-21.78353345075959,-22.381907185969915
-11.70595948098709,-12.092289152737479,-11.931415514826305,-13.694657093838783,-13.750407095188162,-13.54107778183895,-13.429847519843365,-13.025696147370933,-12.744117670767785,-14.118519711901143,-14.669157837105296,-15.204067875957005,-15.18656474887042,-15.010636053673572,-15.025646381114813,-14.551517458084017,-14.004381035181167,-13.390311212910285,-12.182911507013657,-11.675263471081356,-11.287044517978972,-11.662228666567056,-11.601722549972383,-12.39471889762347,-14.199952252105614,-14.712890678950979,-15.72552570014053,-15.998640837993882,-14.02094729540898,-12.944559983935811,-14.037821030036596,-14.609066638326597,-14.45984733387794,-14.493706042874875,-14.85901254719814,-16.284505594431828,-18.23304559508759,-20.42312158224626,-20.525201499255417,-21.93290509735983,-23.572150676338158,-23.82693547752285,-23.212385526695254,-21.58406078714541,-20.855627794898112,-22.496319270914956,-22.631871960704224,-22.57703250130025,-22.455385777888107
-12.545443963528617,-13.000415445894959,-12.585829053143904,-13.800347512737089,-13.330709279335881,-13.042097098094693,-13.100999125455543,-13.174939232629185,-13.223841672408469,-12.768614369113784,-13.105174417873062,-14.598146556912267,-15.156241107805487,-15.04377126642751,-14.98171185027985,-15.207093946714826,-13.404736809933002,-13.014824259931327,-12.456548681996324,-11.544761958825212,-10.823724876997055,-11.528822877172281,-12.308138180716078,-11.832738619573668,-12.669050067336359,-14.187519261730088,-14.421589707540416,-15.780665109242449,-15.969506578504696,-14.18566947754713,-14.138683448885367,-14.63116470478621,-15.462481621427383,-15.438726149159534,-15.539150909090221,-16.709067808182326,-18.584958503181756,-21.694017751257427,-22.48086679470667,-21.91390843863111,-22.540085795520685,-23.824119528159137,-24.2847992041659,-22.93954429892897,-22.02164318111786,-23.255529962479674,-24.703672840761822,-23.037676299156225,-23.613443746735733
-13.550634446765406,-13.532929980501391,-12.94808951573722,-13.366883076414268,-13.110477704075793,-13.118550693430741,-12.584766039287858,-12.302893786382604,-12.94058261480222,-12.471893862307073,-12.834988112265608,-14.303453418433234,-15.181485819346616,-15.509930352825204,-15.007081351382784,-15.040793889526263,-14.258580197436345,-13.232595733800213,-12.218665200122645,-12.122218213163242,-9.749346796458058,-11.136810782982282,-12.561177614569289,-12.144897799122706,-12.463444164461817,-13.957845843533963,-15.053614682416127,-15.740670968717046,-17.04140350143588,-15.794920329175554,-14.934000256505508,-15.664761997083165,-15.793277467162698,-16.378091171939076,-16.84817609185009,-17.27707294205605,-18.420957785171915,-20.901582436249765,-21.735387806031945,-20.51381060306074,-21.162357088274,-23.55084617042194,-24.44839815149544,-23.778894416020428,-23.28703823838463,-22.80803255136256,-24.85900944013942,-22.961519733580914,-21.06137465633801
-14.32897749912706,-14.429601963756433,-13.546606721819481,-13.531162326414272,-12.984958045946344,-12.768586437225785,-12.249359294254022,-11.69313071183651,-12.408451042125392,-13.2854581326633,-13.298799850094943,-14.276316874503813,-15.953744322418249,-15.929712320747207,-15.526484592680095,-15.67179293729007,-15.273774096115826,-13.53863645894985,-11.93478755143339,-11.1438446928011,-10.200746232485946,-10.328824652522286,-12.075164866401328,-12.16133089535912,-12.246343652458838,-14.497583028734349,-15.798992678663394,-15.894466194922696,-17.58126245237795,-16.475023153141812,-16.091204450014583,-16.858597792276377,-17.646587489099034,-18.230926835745382,-18.37269683650321,-18.829412534199555,-18.882648955439848,-21.366930937128124,-21.460145509150358,-20.59300614347699,-20.206000515705583,-22.302208724568306,-25.843715497674147,-25.9463195540681,-23.924042343595776,-22.658458225763326,-23.1468502102163,-22.971578856340393,-20.017473220436145
-14.306273011683523,-16.89176490938549,-15.511103405168377,-14.261876107413368,-13.829626565031798,-12.954025435955113,-13.287137345574664,-12.991440702364565,-12.873148283308238,-13.922470706711943,-14.185371421305788,-14.193450504607972,-15.386449488074666,-16.70010837263634,-16.054182897315194,-15.482300590792192,-14.802425203093797,-14.475628229571237,-12.511480007839063,-10.422223019670636,-9.021428041100764,-10.229949115756888,-11.021523413465655,-11.245070520193694,-10.440292421875752,-15.529394975058647,-16.5371212982062,-16.79866846807355,-17.822414840992472,-17.13668830246375,-16.007162167135935,-16.60426202148324,-18.233672294738255,-20.20660993867026,-19.367012701559727,-18.743996681406262,-18.150321771673187,-19.963910452598856,-20.702342030255686,-20.328490692290305,-19.937026044140122,-20.724570729387978,-25.51813288610644,-26.486195810751525,-24.100179845470503,-21.986683519207666,-22.19479723859344,-21.96109326911425,-20.676643067881038
-12.554572171184809,-16.344145086584668,-17.32110831080314,-15.019073348757335,-14.921980804866756,-14.42645996249893,-13.917546525678699,-14.277951808067936,-14.191358356980565,-14.408652048827546,-14.593039825466187,-14.94742364419318,-15.646790343870798,-16.706119647337896,-16.18414895552262,-15.16451719334415,-14.55998322535895,-14.766126642301614,-13.282118226877046,-11.141283329866251,-8.180602251802522,-10.315727260564676,-10.814108556152394,-10.725122998926274,-8.723976243981546,-15.273355396678653,-17.718509623304875,-17.737430838374603,-18.667188013625367,-18.063309364140565,-16.15828785211429,-16.44655184222502,-17.26930819020779,-19.24252458345456,-18.87396719365114,-17.923121653156677,-15.729409013335173,-16.62274296908508,-19.41172275947955,-18.7780791372637,-18.473226320454376,-19.906483617529062,-25.08684905499465,-27.184643412464663,-24.88372059767818,-21.764121148579893,-21.596680499442503,-21.437013831848,-19.709602209629196
-12.533579019602142,-15.016447422895453,-16.75595303465517,-15.677077477375905,-14.854290900448971,-15.895606315754756,-15.037579910689729,-14.96598993932345,-14.551848262641952,-14.553619872504305,-14.558524398562724,-14.511278461547105,-14.912996662240904,-16.20652171958323,-15.917527887608962,-14.793231128269863,-14.224009901288763,-14.256056566600169,-13.326456572513916,-11.545868657822155,-8.105659901490766,-8.537619748903168,-10.97410317246772,-10.64286214285849,-8.34211404337557,-13.721055031966019,-18.058528088283808,-18.6935285080563,-18.99276701775291,-18.954979844952156,-16.861062811117595,-15.998024339584514,-17.324123632651943,-18.612400470257224,-18.04623565695416,-16.39505485727803,-15.111598637236607,-14.956366891594802,-17.383334159634604,-18.40346094233254,-17.0084326446336,-19.269607874554858,-24.44248476382665,-27.592535075297274,-25.62523885593022,-21.94329375540821,-19.697669810534812,-21.078363894402095,-20.061801803607004
-14.289085851437822,-16.099967062491547,-16.303125983384188,-15.549817894738089,-14.893071568394962,-14.789499687245527,-15.687778675840374,-14.967392687784582,-14.378840126506477,-14.178927218052216,-14.266931591302376,-14.179637795275221,-14.33206121173946,-14.876556395168622,-15.338422850553457,-14.06941681423018,-13.834517631209664,-13.941170352703198,-13.105873136089903,-10.934689294520268,-8.8624577953987,-6.033788382822315,-7.176743724734754,-11.452484945791655,-10.23467879813561,-14.57561278398515,-16.311167269713042,-20.16876232367321,-18.10625026879785,-18.791614563205126,-17.587186427602315,-15.260339354450778,-17.07005253906222,-18.319459693527953,-17.532752286095985,-16.522358402253015,-16.494700430631596,-15.859519571093106,-14.931140928601389,-17.063351188446607,-16.503473760910065,-17.906308443152096,-22.94097376069844,-24.574493134417963,-24.457030788829655,-22.70840936709306,-19.651309187188918,-18.744329716744335,-20.1498231606492
-15.16627533932974,-16.278162300482464,-16.290379876071192,-15.230140155041846,-15.011792419423532,-14.815427159775844,-15.81649623916123,-15.33200240686011,-14.413022763853956,-14.309005450511691,-14.617543874616782,-14.509597748018582,-14.568395180362367,-13.517616644578359,-14.40016506967537,-14.087415684559643,-13.948646796788521,-14.305607799236025,-13.432852121708374,-9.51913120675641,-6.759805923040327,-9.087441166056415,-3.7496285362999693,-10.962935659547176,-13.105193137217912,-15.793196468813033,-17.806508583025277,-16.308410445605894,-17.036763086942806,-17.317841265419748,-17.379910936481945,-16.903204925115336,-17.565511643622436,-18.745274417763998,-17.85672935311472,-16.757096003768805,-17.445852321445425,-17.021906391157117,-16.07371995752903,-15.3145607741063,-16.329225362027678,-15.759730878422179,-18.957139366296932,-21.870734279780756,-22.8569741541965,-22.785432692232952,-21.017933804530145,-18.736381936796292,-16.760813912973397
-15.220312812368913,-15.590915381511742,-16.68354230625257,-15.505776576772568,-14.500662815590788,-13.823603195027138,-15.65985921655874,-15.582642982888606,-15.448353596054046,-15.457280946553748,-15.518244842897584,-15.574169904832466,-14.637828068493535,-14.574508463201035,-14.118843686291347,-14.45501677150558,-14.355002665170758,-15.007934444678181,-14.312439822461728,-10.484712434789463,-4.755252278393235,null,-5.075430405944845,-11.902526924461451,null,-18.398200024025417,-16.08602999736389,-16.89128385468702,-16.062492850213967,-15.082239184572533,-17.297555967177562,-17.69168309230917,-17.146953645867583,-12.650913818281907,-18.71195759387181,-18.737542311551422,-18.627717357597714,-18.657201089185172,-16.83247449741729,-16.082877040967066,-16.49355902055885,-15.647690401783237,-15.18805710613716,-18.465765100974384,-21.020296902448912,-22.434130759157277,-21.297698673887318,-18.914751587539904,-16.100079635307427
-15.14562743140169,-15.672720403456347,-16.083049884414102,-16.314503632180223,-15.165421321919938,-14.404815169908744,-12.207791271133248,-15.02819119983706,-14.26188869756968,-14.824778572833067,-16.392518984282635,-16.17260319162701,-15.311083513494095,-15.413524452349925,-14.806380385134835,-14.636639271492765,-15.08834293663192,-15.244153630778678,-14.700580992253748,-12.1726824975261,-6.783102639141283,null,-14.144724919775207,-14.599033190386566,null,null,-13.025920294935537,-16.166886063105885,-14.96257274511601,-13.993625346038819,-16.739978772685784,-17.636424694223727,-17.526564056953248,-17.445951429296272,-18.62879549028,-17.094028925654516,-17.5741091874691,-20.340727823714126,-19.10455482116995,-13.897998029066317,-16.914581064744343,-15.931515226256469,-15.29638003322584,-15.25034018161918,-17.322981357670443,-21.817033086461826,-21.419465919904624,-18.599327480645577,-17.09819953752652
-14.610215531176465,-15.004096578903356,-15.382473833192382,-16.22073192409673,-16.08042495683502,-14.723072455955675,-14.04961931072176,-14.392069420558885,-14.930724650147607,-14.144569886169553,-15.774139638113827,-16.030669325869024,-16.545931857848004,-15.322251539908725,-15.767995333609818,-16.05893744613148,-15.626055988160175,-15.309081540999713,-14.598050466531669,-12.780217848173471,-8.756326890115163,null,null,null,-14.352028373006586,-10.505003087209912,-8.149973733942092,-13.958527191629921,-14.29446173715354,-14.25539727027314,-9.512510358101325,-17.671837169737294,-18.24995114520715,-15.715240626801805,-17.221684089765827,-17.713617704132048,-16.4919885796797,-15.540502803471599,-18.698612744601323,-14.564289060447866,-16.80579441701026,-15.97181540888135,-15.749852247151049,-16.366814501991872,-15.281566414898228,-18.22379283511757,-19.875350347771235,-19.498485437597658,-18.17600125328261
-14.908146659460773,-14.963248768868455,-14.211079819353282,-15.890450398345505,-16.205357954865367,-15.611265391218375,-14.672943684914564,-15.161483888278912,-15.068135067600636,-14.511288497245149,-14.237053763709241,-14.326514812398138,-15.569776175907048,-15.825386335015377,-15.343008244979588,-17.107584783656048,-17.249754796922428,-15.378973910393734,-14.436761566770164,-14.279689173384826,-9.384680204740032,-0.41689449768956766,0.7210746118109125,-12.444777936640595,-16.22485736827791,-12.790285760738263,-15.501069399944228,-13.280237844879178,-10.289745722031451,-14.035155916444118,-11.055154068774284,-15.436232884025406,-18.51696921753594,-16.314699429251455,-16.634318910830164,-13.120365409966064,-16.667168062873237,-17.66190526830175,-17.818145090524826,-16.26321678411181,-19.20360349069839,-17.543990886489777,-17.11388695894087,-17.203777016892317,-15.394948364259815,-12.125180160373226,-17.12058184422513,-19.022461193983855,-18.909038057043652
-13.76733644135325,-14.94958458795167,-14.760098154027602,-13.022903861266046,-14.346209670878466,-16.015874449785557,-15.119762245117245,null,-16.515786082776884,-14.846760004180988,-13.476406931752992,-13.69508719544093,-13.802264374750665,-15.526882684379387,-17.32454579795949,-14.749840309238444,-16.858027376568835,-15.454071059512652,-13.44009585974578,-12.202933567676567,-10.662268959914002,-1.5907012367308775,null,null,null,null,null,-13.230332298302622,-13.712724125123048,-12.759383050973762,-10.297727099216587,-11.229675241004948,-11.254333017097148,-16.962719564600945,-15.853962050449443,-14.485828672599325,-16.026665917392073,-16.752583622222808,-16.332858945728095,-13.714969430737739,null,-17.093750521841866,-16.529453336629327,-17.46346922946589,-17.589103708464748,-13.266459692872601,-14.208675019334576,-18.507885883352383,-18.0745373412708
