public/json/wind_2018-09-1609_950.json
{"header": { "discipline": 10, "disciplineName": "Oceanographic_products", "center": 0, "centerName": "Ocean Modeling and Observation Laboratory", "refTime": "2018-09-16T09:00:00.000Z", "significanceOfRT": 0, "significanceOfRTName": "Analysis", "parameterCategory": 0, "parameterCategoryName": "Currents", "parameterNumber": 2, "parameterNumberName": "U-component_of_wind", "parameterUnit": "m.s-1", "forecastTime": 0, "surface1Type": 160, "surface1TypeName": "Depth below sea level", "surface1Value": 15, "numberPoints": 4800, "shape": 0, "shapeName": "Earth spherical with radius = 6,367,470 m", "scanMode": 0, "nx": 80, "ny": 60, "lo1": 109.0, "la1": 20.0, "lo2": 116.89999999999955, "la2": 14.520000000000117, "dx": 0.09999999999999432, "dy": -0.10000000000000142 }, "data":
[rows 22 to 43 of 60, columns 0 to 49 of 80]
1.4211635786827457,-0.4173047125413422,0.7163615534844526,1.2986246253144986,1.1648514597571686,2.9244937396078505,null,null,4.556504471402635,4.544628359004854,3.4559665766936227,4.104697789128069,6.313215044093679,null,null,5.451331923743455,4.8541813009527015,3.606569490917601,3.2315764630639383,3.8326562910762094,1.4247391136176883,null,null,null,null,null,null,-0.9978702040445219,-1.5941951529306284,-7.137937185613182,null,null,null,-21.246691033915937,-25.052921471537996,-26.809004122063254,-24.566961237140823,-25.496621396077984,-25.32270210197048,null,null,-28.04900045473313,-29.920696221963492,-28.78424540126681,-26.510469210517897,-26.959793671899835,-24.8383782231512,-23.810019018990715,-23.33517863657483,-20.465080006069343
0.5626243344300222,-0.2343713217257722,0.26392941117251567,-0.09624212399253788,1.3341205286505495,2.2503069859403646,null,null,4.760601674192909,3.9866778958695503,6.180482341129286,4.5760906195310245,6.32137056654299,6.915537425596014,4.421413554031874,4.128488403683225,4.630229405093274,1.3503050326809423,null,null,null,null,null,null,null,null,null,-2.326685431461187,-4.881424705578449,-14.551309639363884,null,null,null,null,-27.753922265506326,-27.94253136453373,-27.349428376001683,-28.020019132843462,-33.594264891736714,-33.365378274073976,-33.62300782723595,-32.064471011632186,-30.40946826008595,-29.944460319583765,-24.63261432119188,-24.066335242570375,-25.942718236562197,-25.51444394516392,-26.65888641998373,-27.016901292296108
-0.25781366747149276,0.31044458058300956,-0.08734501644270035,0.6302706244735166,0.816275901571921,null,1.4269863858036191,1.6205759401154034,2.421978950351085,null,6.780663180109167,5.134021186484103,5.646316134902671,4.032130357122628,3.7489682569984164,1.453343215638303,null,null,5.053818973465094,3.4269066297212856,null,null,null,null,null,null,null,null,null,-16.62901162279671,null,null,null,null,-26.957761585738844,-28.57607205266178,-28.778070813549885,-31.70872941816682,-34.53473779364949,-34.66865501791337,-33.767682294118316,-33.113978635337084,-31.6674792173362,-29.874305422971307,-28.791754970187917,-28.822648282302996,-24.331466105123557,-29.93764758185385,-31.62073268241003,-26.32676539483184
-0.05161190688679194,1.3807668706483218,-0.4614258901006336,0.46749395289840995,0.9333216052107688,0.4403253430525117,2.1407984080554394,2.527530944204612,null,5.937247969473827,4.184995055240336,4.518432942082265,3.4150060243035516,0.6521473102200471,1.4654738673706593,-1.0078798371055828,null,5.698586703257716,2.650248842670511,null,null,null,null,null,-0.659567609167249,null,-7.7069959744892,null,-11.865939323892917,null,-15.258918814349261,null,-20.525838695340912,null,-26.925316950778367,-29.330330654421264,-29.692217545633117,null,-31.716527454398264,-32.98304697209391,-33.142714915695166,-33.27866184449188,-31.56526431193064,-29.310045545731505,-31.736491633235236,-27.051979539130947,-33.389146731476494,-32.165987263090614,-29.123058439875734,-24.461725447890366
0.37513877846535454,1.8319359038320369,-0.12539176996429063,-0.44415846412645577,-0.05951297330145978,-0.3424581153426377,2.1777194353422282,2.692971001536921,2.1822916876166016,3.4751934715485167,2.660301952011205,4.474537231284679,-0.2443481527238316,-1.6633579286063502,0.11191785077926973,-0.7854032208511216,1.7224604652594078,3.99932559600878,null,null,null,null,null,null,-3.186980319556027,-3.816360665787693,-8.70720275245641,-11.149290605691675,null,null,null,-15.455465899972452,-19.279156176409174,-24.679259158556878,-24.84889844577618,-28.57232075674142,-27.378432350317688,-27.43900969515728,null,-35.04613405458953,-35.80999825060524,-36.375554763507495,-32.892258842471314,-28.461495557539955,-29.185875919458567,-36.80551393066382,-33.04744404903167,-29.092938531557643,-26.88023183292797,-25.32199838284815
0.569754272591641,1.649528706161525,0.3375315206596514,-1.421024265021107,-1.1582741770917415,0.2143426913356593,1.349032881941736,1.9434159005505536,1.6594598820501514,2.689626071892489,2.857400751574331,2.121524109526863,null,0.14940922552760855,-0.5408194400060922,1.0523314824854229,1.3992653456461965,1.3699948651876785,0.3290766814966161,0.09860371046309124,null,0.03362426082816815,null,null,-4.414216332595893,-4.744378166286768,-9.63831028697169,-12.175442328009726,-12.290743546261144,null,null,null,-17.562063188034713,-18.6846276359536,null,-27.488149412775847,-28.28897158342799,-26.45969765635315,-30.63803524930728,-33.30895915104158,-33.38191182169597,-30.811705667316176,-35.13336552347816,-33.573053039011285,-33.67080672466609,-32.83318327596494,-32.716603214299404,-28.655193986508557,-29.144582205668087,-29.08835154806187
0.600383278713443,1.0494922262037325,-1.0782698310885142,-2.577342599415401,-1.208627980349621,0.2987526405263587,-0.6498363076512212,1.0126841503485715,1.2141233229707744,0.4908303292655542,0.26228250238423345,0.4304926738209652,null,null,null,7.301974861537193,0.6281877873127244,null,-0.10899299997305224,-1.724111321370375,-1.941144342361437,-2.5150249234605084,-5.523901613966851,-4.987354392618184,null,null,-8.097142307419343,-10.093501555528277,-10.125922142562565,-12.140656368936522,null,null,-20.967254940666532,-22.150193793142385,-23.1738400624624,-22.985684940556183,-24.257243225857636,-28.950583145742016,-27.141299968938714,-29.901578739518346,-29.073540380602047,-30.558579915902854,-32.13229023333946,-31.14796247214653,-31.27057495991395,-30.862417164437495,-31.16523410678372,-29.694996685734278,-28.64386799626222,-28.03239335778258
0.5856253551967397,0.5032160394383484,-1.2864710948689073,null,0.24861797737186855,-1.0509570277412905,-0.9050847568938136,-0.01756865963492823,0.6937226207386105,-0.8141322386329667,-0.726144126449028,-0.6279941374102367,0.794832159994664,null,2.003133204502511,null,0.08431795070289123,-1.803163502141747,-0.5260977478734125,-0.5177524269570495,-1.001354747303629,null,null,null,null,null,null,-8.401316674428617,-7.818063829127398,null,null,-16.9758446028558,-16.505890967096374,-20.158712525559636,-22.63610198283643,-22.373371668550444,-26.304338099152915,-24.652337423577684,-22.01144073051183,-29.24997837145208,-31.228849721163964,-33.712698492712406,-33.74130719662347,-33.99543084030333,-32.61536803449658,-31.774750982694986,-30.800766868030067,-30.315677781866434,-29.707813298100184,-28.418510567436613
0.1453696887737605,-1.016860265033349,null,null,-0.4576868524589951,-3.2331768256639064,-0.8696892816826295,-0.045136246276848625,-0.18152393209912876,-0.04140678848168876,-2.0369068978885325,-2.1761387492477544,-1.2954122875717224,-1.099443651491312,-0.4982127215656088,-1.669303972116675,-0.16004605417042503,-3.063932715439665,-0.8148580052644632,-0.46676331941080007,-2.542506182897818,null,null,-5.252093233789077,-7.925590572456379,null,-5.5190077705392095,null,-13.348014220100364,null,-17.397398976050596,-17.798016097469812,-17.6279650854955,null,-18.84043631832197,-22.904511158539425,null,-22.158611068113,-32.136939214714886,-28.64628844012968,-30.359124525108733,-33.76016949884166,-31.453303430477728,-30.431053337086777,-34.97182251101169,-32.83185015994211,-31.174144587284154,-30.495870368248653,-27.850352086352025,-27.055396464578113
-0.8735134247421725,-2.0042750545600914,-3.533983950283716,-2.7122784733509553,-2.9803128858467782,null,0.5497705615247657,-0.16724400660027813,0.5243634454526611,0.7247438908751919,-4.412374442184749,-4.976866157006713,-1.4844555197290572,-2.370825970466316,-1.692169873169166,-2.035535749953554,-1.2087506584940124,-1.2836418822132418,-2.0632205946227686,-1.7591094828733969,-2.3428154288756837,-3.7363501668092622,-4.978808324820996,-5.732855417608851,null,-9.092579347448211,-12.285227968882918,-12.044281623618517,-15.036074273114473,-16.436506367746965,null,-17.950739004837313,-17.111159868357824,-18.537741662921434,-21.371542652925207,null,-29.84786531316776,-31.923257478784866,-33.37815759147907,-34.62645677166748,-32.596895350379626,-31.34456409759307,-35.36793868900021,-34.3431907682118,-35.01386673349184,-31.66786432704191,-30.374181750967114,-29.010037433302195,-27.688087621728165,-24.845743648936377
-1.7541441409235867,-2.123000304188252,-4.199328468275618,-4.333583919172086,-3.5771201459358113,-2.700668696257396,-1.1968488212472128,1.3352881198169277,0.1877052867747419,-1.3922330543252737,-6.267246473397605,-6.189553457308614,-3.416076106538802,-3.444622410974057,-2.4960783427350766,-3.160539006644588,-3.0276894203945477,-1.6859728220929384,-2.2209898043967815,-4.394064784061829,-5.252395721191938,-5.631825003576015,-7.192853047171096,-8.237462402777167,-8.43834563196133,-9.22557198204677,-12.117947412406977,-10.561814506330943,-13.48974621056847,-18.43811078857861,null,-13.417506488411409,-21.16139390554653,-17.26031583553763,-22.00879966765106,null,null,-30.39416999959701,-33.374858422363026,-33.202839540815674,-32.10996119304451,-32.23810587754934,-32.20818505800179,-31.30440401433291,-29.309635634826055,-30.829683219690082,-33.924284525374084,-33.18310833460923,-28.037035923669162,-26.368550408267602
-1.9213218588331429,-3.191824009234916,-4.07845691308963,-5.175587482437945,-4.075424807206498,-1.8206770494259383,-2.481845179911879,-0.3667340938337132,3.6634773539517598,null,null,-4.113644984871884,-5.060679543648139,-4.0565256069219995,-4.147290723587939,-4.764583966690417,-4.326380340397695,-3.962315195796743,-4.306853203715694,-5.972598638089311,-7.279821134361774,-6.162404632293291,-7.862511011305988,-9.327573962429408,-6.854942302465926,-9.064075520969,-11.899669291566882,-11.49283883410206,null,null,null,-13.994355412201495,null,-20.765524314703974,-22.2610458246889,-31.166111278234553,-29.32187080514782,-28.36903228339821,-24.980715950367227,-27.084395528779908,-26.819821734423535,-29.143647294932222,-31.415587839305992,-31.07437268584791,-32.22712757089185,-31.695308089093643,-26.713432675831207,-23.569625842946916,-24.794908032982757,-24.99459838749887
-1.5219596376614688,-3.0779937202420147,-4.091373617443035,-5.168374316518814,-4.528979474582549,-2.833005361872967,-2.9122517452662673,-1.9528933038200431,0.3446024796020345,null,null,-3.101636369710765,-7.429502492966392,-6.324215755062681,-5.407850698831667,-5.949636940769384,-4.65414653827435,-5.533409003517245,-7.242229410093614,-6.677445645299404,-7.14940186093946,-3.758526532578293,-6.823560417365663,-10.002365785952477,-9.712386407830223,-9.799731846735819,-13.580934012808019,null,-11.97829487725696,null,null,-12.754075237495769,null,null,null,-28.15425803588546,-25.94575195788395,-27.76940425752495,-27.27452736642229,-26.899344777200437,-29.71217900182494,-29.879488911000845,-29.024629873183695,-30.510949933295404,-26.14928312782394,-27.170051162580986,-28.035282717475344,-28.649854613461898,-28.50843114323654,-21.699610189645725
-2.4746668289422455,-2.872515665110804,-3.606401784315379,-6.458042981307777,-6.038163153072867,-3.549971244725223,-2.9008867726379557,-2.8581936109727586,-4.340438521396118,null,null,-5.800632826272204,-10.906663258578847,-8.116414988781854,-7.064246024512897,-3.2049229715955976,-2.8540170207064484,-4.769954166284284,-6.972877537755041,null,-6.811199150329027,-4.064590146086151,-7.055994720292416,-9.358643709813455,-11.456118804605737,null,-7.625488279429767,-13.436775450546548,-14.294368493344265,null,-12.248603401556041,-15.687615901851677,null,null,-25.940834416242765,null,-18.77836096287015,-24.19264222357785,-26.426592156807388,-25.072184330161328,-28.429807482201184,-25.192330650899873,-25.20065758575318,-24.475674696035973,-27.171878562478724,-25.951453004412688,-25.60414613363222,-31.22611761800648,null,null
-4.270373935233325,-3.568983078824324,-4.184839687046343,-7.7548137385951605,-7.04171527220047,-4.955557561808565,-3.5181843150600915,-6.290312288835182,null,null,1.2162871045130137,null,null,-7.576005397391814,null,-2.539190334597423,-2.4580182321541852,-5.160902990896741,-5.971258585571823,null,-4.903911384037324,-5.79626755122511,null,null,-7.848466101523296,-8.57889457094448,-10.443496333997281,-10.694424657039734,-14.666480483581697,-14.608323375725828,-13.589405545280865,-15.425291733211411,-16.851943366541928,-20.5914968761017,null,-23.997486955697006,-18.11960362287518,null,null,-29.552356486413153,-27.2792636725186,-26.24331873884814,-24.991199071454144,-24.818566613369963,-28.393300326057542,-21.93580620514429,-20.89472831439245,-27.400278998946934,null,null
-4.47412682278426,-2.3786196258263415,-4.7494254206629964,-7.659490304579275,-7.552343671140024,-6.003110619783147,-5.333613336064885,-5.103575112456069,null,null,null,null,-6.311640677977789,null,-3.615986943258679,-3.49632188669991,-3.705834607189459,null,-7.161159447577089,null,-8.435007088936931,-6.653681750668087,null,null,-9.66605298612794,-10.165831952817495,-11.134183600279194,-10.097437293898672,-15.957742969946011,-17.77015591716377,null,-13.954912165660454,-16.489473116203534,-20.933953839992984,-25.96170887541547,null,null,-19.031283347763463,null,-21.330613238711415,null,-16.181135557491046,-23.59880739970934,-28.063788192323088,-22.980619895736847,-24.279323421091995,null,null,-22.62246711744436,-22.99753295106506
-3.0560496378800073,-3.468415221861638,-3.0998162955431594,-6.336212577408307,-7.645508388536901,-6.80484381072152,-6.706612537952779,-5.297584274828302,-4.469954658366108,-3.730215011229219,null,null,null,-5.466494969544227,-4.868702444603586,null,null,-4.021074607898623,null,-6.406677797797158,-9.263134087959472,-7.473614703849762,null,null,-4.86624608908221,-8.240115182566726,-8.912193813961078,-9.193082579957732,-17.67063141758276,-16.607461077376083,-12.563793952285126,-23.261848994740692,-22.712106015668216,-20.12153635560798,null,null,null,null,-19.79521900536942,-24.333970470211316,-25.142645099659656,-20.23165406895356,-18.465118750574508,-19.15942544678541,-23.96258321696,-27.10098343637218,-21.819039957859133,-22.63523132670554,null,null
-2.77715184579139,-3.792244645246549,-2.2813592524919,-4.080447095466071,-7.809227643934344,-7.637637255603821,-5.8093505188443855,-6.936792295951228,-6.07016238455922,-3.9307823055653683,null,null,null,null,null,null,-1.8909098306359122,-3.431728901413334,null,-7.890146294258198,null,-7.699731967734951,null,null,-9.183474443534791,-10.31971829923831,-14.631524800025746,-10.843006898916059,-12.920841398117897,-18.9303419953846,-18.82246746926542,-21.11075878115011,-23.477978431686427,-19.659797550873435,-22.310702609504403,null,null,null,null,-22.257302446843013,-17.765229950619847,-17.969693938237047,-18.33811146536307,-22.59377124597165,-21.726219696474736,null,-17.26663220896098,-21.52737284520049,-20.722919261553397,-19.625878939252956
-3.0311312268401274,-4.2798692450343045,-1.5661176274963768,-2.5020030889008593,-7.780542641219043,-8.324034041808115,-6.174904771221289,-8.152154199876021,-7.002837049359588,-5.816293372799196,-8.002066137083977,null,null,null,null,0.43217943426236066,-3.8831713297786834,-1.7377731330957247,-3.476588749726613,null,-2.7911297655168665,-7.594175965201196,null,null,null,null,null,-2.965293449739038,-9.967733254440136,null,-15.703897258192505,-16.188323406191767,-17.665118564931554,-15.467732506738775,null,null,null,null,-23.218419622552723,-23.865381629911024,-21.851016278508542,-21.105497786379985,-23.726618939409317,-21.708533267393392,-19.79077357764599,-19.76529783703426,null,-20.192814008403104,-21.890089504706047,null
null,-2.5984132692473576,-2.321263204324523,-2.47117259602831,-7.535684729135032,-8.141871804136548,-7.131262608826826,-7.054660704869603,-8.186854268475798,-7.434896663702373,-9.097543154499677,null,null,null,null,-1.5955782087345978,null,null,null,-6.584574206284282,null,null,-3.9327570356927697,-6.50912127897575,null,null,null,-6.276911795688354,null,null,null,null,-15.868423276233806,null,null,null,null,null,null,-20.64216122238208,null,-24.540759327748383,-20.809909299779097,null,-21.241980013139088,null,null,-21.137479127407307,-22.458146946204458,-18.594376534228115
-3.008811443680793,null,-1.362725327804283,-2.0687134868850467,-7.345537195104991,-9.144391556725754,-8.863336411151808,-7.082146680173866,-8.9924202842681,-8.24501449927738,-6.999685592606941,-10.701898781405502,null,null,0.8216645856888642,null,null,null,null,null,null,null,-3.3888109648600766,null,null,null,null,-10.454799136036765,null,null,null,null,null,null,null,null,-16.738594485006253,null,null,null,-23.30119432862758,-26.898915699149207,-22.995974479266298,-24.231819203404697,-18.05438881641193,-22.19276235252227,null,-21.40301028490413,-24.55835269521639,null
null,-2.3458770417557373,-2.909735887401572,-2.901483693443921,-6.375081939332302,-9.291682159060564,-10.48825600634037,-7.622930255754428,-9.10606112549657,-9.414858486518035,null,null,null,-4.779061322280628,-3.401389201321597,null,null,-1.4640226948590762,null,null,7.674288705376634,-8.001840721724507,-8.607730711970435,-8.044623618826945,null,-10.048729052150723,-11.01239026046773,-15.955690765045471,null,null,null,-10.730048041771497,null,null,null,null,null,-19.745290360477384,null,-20.661906576811756,-21.47351108214255,-20.21878990635018,null,null,-24.846335232603057,-15.665628275996996,null,null,-23.331561916138998,null
