public/json/wind_2018-09-1516_950.json
{"header": { "discipline": 10, "disciplineName": "Oceanographic_products", "center": 0, "centerName": "Ocean Modeling and Observation Laboratory", "refTime": "2018-09-15T16:00:00.000Z", "significanceOfRT": 0, "significanceOfRTName": "Analysis", "parameterCategory": 0, "parameterCategoryName": "Currents", "parameterNumber": 3, "parameterNumberName": "V-component_of_wind", "parameterUnit": "m.s-1", "forecastTime": 0, "surface1Type": 160, "surface1TypeName": "Depth below sea level", "surface1Value": 15, "numberPoints": 4800, "shape": 0, "shapeName": "Earth spherical with radius = 6,367,470 m", "scanMode": 0, "nx": 80, "ny": 60, "lo1": 109.0, "la1": 20.0, "lo2": 116.89999999999955, "la2": 14.520000000000117, "dx": 0.09999999999999432, "dy": -0.10000000000000142 }, "data":
[rows 0 to 21 of 60, columns 0 to 47 of 80]
null,null,null,null,null,null,null,null,null,null,null,null,null,null,null,null,null,null,null,null,null,null,null,null,null,null,null,null,null,null,null,null,null,null,null,null,null,null,null,null,null,null,null,null,null,null,null,null
null,null,null,null,null,null,null,null,null,null,null,null,null,null,null,null,null,null,null,null,null,null,null,null,null,null,null,null,null,null,null,null,null,null,null,null,null,null,null,null,null,null,null,null,null,null,null,null
-8.532470225143024,-8.589175340573549,-9.210929351629986,-9.57339155405707,-10.099096885792134,-10.59397551143304,-10.440378859789302,-9.445203195359532,-8.694892140341482,-8.434289589125118,-8.648227639156609,-9.398321466092284,-12.78227413848541,-13.101796961091912,-13.094918800960961,-12.116862060141756,-10.69988541710332,-9.813650501589239,-8.603330246698272,-8.248951320322863,-8.159715845968298,-7.980676297732948,-7.696194794171373,-7.7396616314579,-7.6467431195565645,-7.733847445660808,-7.916659125223464,-8.498146015008704,-9.269531921041587,-9.67984324613413,-11.699493299421148,-10.967374816928173,-10.756264074828081,-11.391183953439945,-11.392892524379098,-11.419848639125892,-12.042687141487493,-12.829490794856191,-13.787260461444287,-14.293095625828455,-14.399632311232722,-14.517924409138615,-15.034189788408007,-15.354137790327362,-15.307385523987392,-15.252181424593132,-15.122152291421454,-15.030594425976725
-8.434388647114762,-8.253968634640998,-8.977554686762844,-9.681766725975319,-10.549522897596614,-10.507004014395193,-10.897951606872764,-10.929468755340341,-9.455545674490518,-8.912140122873204,-7.921384510358335,-8.953317810538376,-13.023846815219256,-12.83324534633148,-13.036264716224904,-13.122398681953,-12.33563846120939,-11.532981676294362,-10.65912004224422,-10.217869563592794,-10.3710325191669,-9.799346448886563,-8.628110186059391,-7.92235588931222,-7.904730534039633,-7.177428488737771,-7.137729168597663,-7.850709552017079,-8.382605898673779,-8.366901189734929,-5.678494047841409,-12.072453766929462,-10.621001769309597,-11.315319473544456,-12.398179544676728,-10.653312556006632,-12.143957443881236,-10.98201071168219,-12.133780684129317,-15.76755528507407,-16.8865895413822,-16.63294741856441,-15.383309907152238,-14.643283864981598,-15.375691280785624,-14.500198479224151,-14.617912210776591,-14.596812379628158
-8.785510190146553,-9.144637413880456,-9.760935468077298,-10.454594228452361,-11.01698312673993,-10.917364556237109,-10.802485150837946,-11.250979013871207,-10.509010095653062,-9.435674251461492,-8.725361940532519,-9.481678910639308,-11.390276160426009,-13.073671820856031,-13.55074817516093,-12.579485383103187,-12.640947277357082,-12.169168634546445,-11.727904892300643,-10.977671608731768,-10.137384366263799,-9.262424191943436,-9.302517686431738,-8.995826846068862,-8.63212926206263,-8.252340404940544,-7.838766831687412,-7.78083083325897,-8.212703939867957,-9.489543496114193,-9.66778959074773,-10.002874857766459,-12.101616448583481,-11.792909204479008,-11.220441326035589,-11.096445007131774,-14.218387606635432,-14.234972964437521,-15.314796442557837,-15.984216433016604,-15.988808979573122,-15.95369757718733,-14.707581932317627,-13.554112889757386,-14.771492389346824,-13.81755544328951,-14.142582685505324,-11.08164953763155
-9.091366651299841,-9.730603303865788,-10.837764745004984,-11.450753814425816,-11.557157226101886,-11.644216254778666,-11.380155327163887,-11.682912960475056,-11.82361640934076,-9.786049818610516,-9.158741383125392,-9.616674017177926,-11.679469985975958,-13.032928175185521,-13.057673848855089,-12.649652058006058,-12.930491063634761,-12.62347975544946,-11.829399431000711,-10.757787405890323,-10.215053280389304,-9.703578577913841,-9.40335411974721,-9.750144332312107,-9.86595859858792,-9.09004852813163,-9.14418317353653,-8.97280590741423,-9.440127737440482,-10.271342508044302,-12.108649838951004,-10.408693304172699,-10.529677829454922,-11.281136460715324,-12.044987782250251,-13.563839009389682,-13.778976462277155,-14.897209898365707,-15.542587676602178,-16.144815889714305,-15.06918660734187,-16.066149948689404,-13.775839557224314,-13.696723048593205,-13.89440476071459,-13.298172729318644,-13.281464854594649,-12.189995428909823
-10.09900042161819,-10.821530367106853,-11.284334795912567,-11.599987555689871,-11.798652970099855,-11.66401262701569,-12.01003524733397,-12.378053401729918,-12.693705567876963,-11.979272204581875,-10.330222316617622,-9.80151404085573,-11.63023802515583,-12.8708902835899,-12.350073961637666,-13.050498141868152,-13.0728198843607,-13.073104406429618,-12.004483317118831,-11.441630798826305,-10.560146787400964,-9.94719273977436,-9.646833356713206,-9.985603927830617,-10.318695802301988,-10.4501935383706,-10.5558665222755,-10.875529613735754,-10.726323956405299,-11.452435948952811,-11.469719843602732,-10.833563370320263,-9.66602750810645,-10.353507269504881,-13.325784897438517,-14.532587305190432,-13.984927732952317,-13.50526034991754,-14.403347634101284,-15.149745456900114,-15.867216734424403,-17.12945043017834,-16.883969444455538,-15.227898506146833,-14.526437307238444,-13.177018192842418,-12.069891309002651,-14.41648191884225
-11.15909645973855,-11.665321338671143,-11.814479236086143,-11.981998779352214,-12.117795787576636,-11.854910530701986,-11.916088716739557,-12.96545780861154,-12.764298500152362,-13.104198549947,-12.228434851690194,-10.451716336825767,-11.741072433118966,-12.28739921008476,-12.778258750498846,-12.191580587483552,-12.940240761614195,-13.002533580500284,-12.304426246338165,-11.683374262401458,-11.100628007227314,-10.767417657068147,-9.963745738023023,-10.543268686236983,-10.830309566409738,-11.075964909432095,-11.171019606118731,-11.698085396310418,-12.259159059898117,-12.456977716581655,-12.446549555175777,-11.29484913708866,-10.719720341218826,-11.87297524812695,-13.563701858671505,-14.767435879121205,-13.460842029776458,-13.938026180736436,-14.06141968323036,-14.365758227982631,-16.30217505164366,-18.060815260804546,-18.238349286583205,-17.58313004203891,-14.163799282052267,-13.438057868348514,-10.426291180294838,-14.933300603589512
-12.209660026355627,-12.86517501181029,-12.725352834527117,-12.62707259546107,-12.496343210821037,-12.042668367692588,-11.747444050828726,-13.086195790611871,-13.457148414930767,-14.185932586784222,-13.459428656302826,-11.41907381923211,-10.872884296328637,-13.49896141476195,-12.17377739996023,-11.289154880667581,-12.206652916465288,-12.765658893934617,-12.440387664651382,-11.774057882962012,-11.232429449620778,-11.027989998971876,-10.813531912086566,-10.878904322909255,-11.372899879104269,-11.58546118582408,-12.214959934122316,-12.741816561644615,-13.371170878936532,-13.410869187238724,-13.623507784579257,-12.874379155341755,-11.372966544981782,-12.682494141853008,-13.055292445328163,-14.18541248511726,-15.009445756017453,-14.24686409068241,-16.02161987558864,-15.892189067075526,-15.17669211501839,-16.456182748697046,-18.128804637723096,-18.31355212669923,-17.616600454145757,-12.600186315781631,-10.362085600063436,-12.87149699027895
-13.002838474321127,-13.724319085865917,-13.436509908626634,-13.344274888126803,-13.01428361436676,-12.389909206566877,-11.757613024501872,-12.698536610642595,-13.324573751226144,-16.255610561038164,-16.851773938422035,-13.496467210826976,-11.26683246547493,-13.86103898167715,-14.29668190964324,-13.112811231169886,-11.0617551894252,-12.417868573830827,-12.480442585387493,-11.982163023804823,-11.2200453068331,-10.829802037923091,-11.197772200345272,-11.097066535668498,-11.901587914922859,-12.260347028808066,-12.904949300735968,-13.382317375220996,-13.6195609257537,-13.817747115359985,-13.77102559423373,-13.318681047814104,-13.504246813154195,-12.164542856100779,-12.161185839152298,-13.319132640961426,-15.428876150740647,-14.53761228459982,-17.47737234839164,-17.134209702208956,-17.77690815540865,-17.664303473331458,-16.96621010241352,-17.197274393189723,-17.09110313952863,-13.581508610109822,-11.178787696388005,-13.319007350753932
-13.892192032797013,-14.110628163385748,-14.21795174863428,-14.060081030816786,-13.720534049951054,-12.758187368978419,-11.954098377987982,-11.951919968499078,-12.206422406285508,-14.195526531735101,-19.11860011889746,-18.336086957581244,-15.388869036886582,-13.293906947827429,-14.968005311812822,-15.260292219845276,-13.014391131090683,-11.846136387493086,-11.966850904314436,-11.62328149339289,-11.946650912208522,-10.708968038095364,-11.364869616743725,-11.255444254619706,-12.517677801577552,-13.844247163663548,-14.009085185833886,-14.65857656059718,-15.172139223809216,-14.705787405331174,-14.63047628187827,-15.061434003335593,-13.665152762879593,-12.99569098699251,-13.313523523591797,-13.679738065369047,-14.576751183481356,-16.041422855675794,-16.121400457373454,-16.768291641164403,-16.964300725524737,-16.811317875750376,-17.26854484734049,-17.233983376106515,-17.294925264911196,-17.00410580977018,-12.105398610289903,-13.598121015160745
-14.595391284625117,-14.928624874981864,-15.034169229839598,-14.672997133098823,-14.354441743236425,-13.748548168324664,-13.153643077781794,-12.414096248554243,-12.327733474357728,-13.042262840135322,-15.720353778508072,-18.563168909560126,-17.728765638920954,-16.077850669186624,-13.58338570303959,-15.101286443182845,-14.043312447976962,-12.756284520094304,-11.321758808754211,-10.210296611400002,-11.58172764875432,-11.508560293847975,-11.454540624726611,-11.403709963380697,-11.359647818902861,-14.147692120539356,-14.27080795809906,-15.067403325402998,-16.2821532830745,-17.078649879391044,-17.445839706506515,-16.245702762375572,-18.2772259276715,-16.094185646424634,-13.65029420630453,-12.149516587296114,-13.270449255284605,-17.047511125144368,-15.833848959054128,-16.424588513288185,-16.080539328013437,-15.980478448385087,-16.966462359117276,-17.16858179202188,-16.65501661184536,-17.852390708448063,-11.589396183209274,-14.281230788250852
-15.243341192968554,-15.765873059251634,-15.631484956034457,-14.80187344381631,-14.958558441133102,-14.526068183689427,-14.13512151478103,-13.336284294499057,-12.708106792744477,-13.853993725836093,-16.922616452167226,-17.424804656888544,-16.824626578883496,-15.85084065380597,-14.30895540126268,-14.350126629769854,-13.821650486678774,-12.183171900250395,-10.859706743768378,-9.130679651645798,-9.725900741154506,-12.347651246449141,-12.355144438621476,-12.88683399922526,-10.182902223730036,-13.327001485087758,-14.635550200727444,-14.515967328099912,-16.03506226959924,-14.907537478385649,-13.92053835766472,-15.99458980222289,-19.6552360035028,-17.78701807628893,-16.786273318277285,-14.52283943598228,-10.11880261740875,-15.577874540825002,-14.984321516332072,-15.599734134877497,-15.459604619096888,-15.697830676211904,-16.57530011771327,-17.357862358805534,-17.296085494795534,-17.545039792536823,-14.790931296806523,-13.52372317155855
-15.732707852559408,-15.811863499701445,-15.91764455168328,-14.90361674084616,-15.051121936705131,-16.07727910715459,-15.960088097925745,-15.220729888382198,-14.019046728624115,-13.134673958619913,-17.035745539068557,-18.26672830488836,-16.93298236846121,-15.701673657745102,-15.952278713100043,-15.489625341045333,-14.023640087941379,-12.185694899995356,-10.633842906540414,-8.96804678599063,-8.047085487439302,-11.556318346826105,-13.341440119369636,-14.01002523992578,-10.776479302780407,-12.777667063286387,-14.471270545572876,-14.553412557523318,-15.096998310884775,-16.75950433687147,-14.160213734815272,-13.368692878832947,-17.709590789360554,-17.774677652397532,-15.708267379256192,-11.814735317121666,-9.471894961703132,-13.304959251719755,-13.500290138548253,-15.143608310341492,-16.666600151367376,-16.351103288858546,-16.387991513220026,-17.83615666193059,-19.227473756773524,-18.37043380122085,-17.49050681899627,-12.74222276197623
-16.48240935147206,-16.085452332290096,-15.874616386128409,-15.292542551333108,-13.984573543060062,-16.24084806809919,-17.4757770474949,-16.768200227628054,-15.202187193126388,-12.27820366594192,-16.89990029388726,-17.717419998644235,-18.391236569089706,-17.20243372925127,-16.520487575772417,-15.721703990716987,-13.497520841303546,-11.327091149826142,-10.575830102701502,-9.612500955641861,-7.63723826589476,-9.425506765603497,-13.271706526609766,-14.815025591176582,-13.080373521793806,-14.16098912268551,-16.053176821819658,-17.540221055968413,-16.35845437963972,-17.35745964813231,-15.656749015884962,-12.415572619390026,-16.979466862557523,-19.41065477238246,-13.973215594457525,-11.119213133478667,-10.781877796880234,-13.942879111130589,-12.070544039590665,-15.743170875894531,-16.932303453221976,-18.625398489512936,-17.802699638883276,-17.778537429084672,-18.158715744443214,-18.52807662160307,-16.58821817560068,-12.195531375285
-16.66151330196269,-16.805329431029676,-16.060154312115316,-15.510939036227281,-13.910693618904286,-14.318218001511692,-18.431475090836496,-17.221376096885283,-14.210798338577794,-11.338331759773684,-16.678327723358652,-18.49643781452736,-19.133342076176344,-18.11409320575476,-16.82706254602948,-15.980640412076799,-14.025328349936444,-11.00211756871626,-10.324346547876795,-9.86608194256723,-7.856656747082548,-9.496501020506164,-10.914223045390312,-15.61799035625461,-12.232437278923332,-14.20955438308439,-15.229796860861224,-18.891318592414798,-18.359266778156783,-18.507570649955166,-16.826671724172233,-14.8958448357304,-14.256454021020275,-15.247202805016471,-12.094559062727338,-10.637012317467777,-12.6916313191964,-13.658058317600435,-14.239997260619711,-15.12233525635281,-16.142143922156958,-19.065741222647368,-19.032973370169653,-18.08401894016631,-17.377838326503348,-17.2090838664136,-16.32028131627287,-15.614599173550152
-16.379681052579798,-16.643231860963297,-15.758956282542783,-15.343449043981357,-14.05383645189606,-13.935137754431507,-17.570717383160673,-18.976032383794053,-15.189111914114676,-11.387790547558998,-16.20555133771326,-18.816057831707948,-19.860144445784325,-17.90672074773963,-16.58382184023775,-16.217808849092858,-15.017021804390357,-12.764132635484401,-10.879527189532558,-9.570934210840544,-7.0257039920233275,-9.385566103249753,-8.128252400485124,-12.676928325673527,-13.947172625128207,-14.946509247180538,-16.336646621288033,-17.08419952697595,-17.89100560284593,-17.772855882421922,-15.464995320010338,-15.12106534291591,-13.834891481037895,-13.584637691239337,-12.787547531503275,-14.086429359411735,-12.701881079735,-13.724165936642413,-15.932442800757658,-14.848833286333312,-16.221992078610175,-17.932839934591826,-18.15837226433236,-17.067932320469517,-15.869534040947832,-15.772558227536415,-15.237010036729515,-14.063140457282087
-16.14330448096667,-16.40420888233608,-15.952847781651556,-14.97273416342078,-13.63462950578086,-12.97610093174557,-17.24652887831677,-18.951647403646852,-17.141119140063722,-14.249712448764349,-13.562142011827996,-17.920445052136106,-19.237830227775007,-17.449724873274885,-16.433904856708843,-16.075316884121573,-15.160064830992471,-14.38525962858398,-12.769585592402375,-10.689929366624645,-8.194454435536718,null,-9.091312094361724,-9.499996726130483,null,-16.84516541524828,-14.454325591551063,-15.706125495102116,-17.79602287179262,-17.79057019355581,-16.000991785994064,-14.484178549280923,-14.612895278824844,-12.98218555189393,-12.257547799872807,-14.325107201615324,-15.169370136532025,-14.265200087980038,-15.316827243334858,-16.422273518934205,-17.677001291192912,-18.568191455278363,-17.700067251038988,-16.755903395595123,-15.639823325801068,-15.177071936741928,-15.485582915287546,-12.865934266253955
-15.978228003905222,-16.043431395331037,-16.187182605552465,-15.288157770930532,-14.47452914094883,-12.912638636023546,-14.11034423028733,-17.988003542006595,-15.811529690609593,-16.549501726450803,-15.321376877322255,-15.656795204245707,-17.13298758733179,-16.910811777616235,-16.34619348665955,-15.65420262535381,-15.584633655366268,-15.35033157043402,-13.966453133790138,-10.228923549799127,-10.50830877140564,-7.143030869517056,-14.673673914974152,-12.321789508772456,null,null,-11.815931287566936,-15.43223010847284,-18.100521589205464,-18.292762085732914,-17.826423758692144,-15.566490001175854,-13.840845742498885,-13.913736177099414,-11.400291084986243,-11.90446942422925,-13.905913620429871,-17.414149427496724,-17.571543915943177,-16.95932856356406,-18.939090131884164,-19.982626859350308,-19.414669279474737,-17.45393151367127,-16.03259582057993,-14.08525216857071,-14.70537855222356,-13.563423049409504
-15.457732612175842,-15.935328655129496,-16.31067718123382,-15.547174902882588,-15.606517301232008,-13.54974072127331,-16.665811702701482,-15.971912375767479,-14.518710079901737,-15.360854800398338,-15.766413732616375,-15.488302779842954,-15.93146366718567,-16.25166925220438,-16.54193547845253,-16.86995019616323,-15.833768479376337,-15.527626643658145,-15.185446199058509,-11.750387981203142,-12.023763508644755,null,null,null,-14.617381711254708,-10.043065849976848,-7.541225338413085,-14.25192291433251,-15.697990592311085,-17.128930694960392,-13.324887511392935,-16.452621914064455,-16.316018733593936,-15.057145830404599,-15.415634589990212,-12.895498736284607,-13.732694061783599,-14.679226211273475,-17.349769412031357,-18.757926637394124,-18.913374496833057,-19.214553249929363,-19.013063707275553,-18.21001311632755,-16.554129568093042,-15.126708860413006,-14.569570453510899,-14.619031915985024
-15.37120409093166,-15.250223071723548,-15.629608640260965,-15.923674804767515,-14.031492018768521,-15.3430806574121,-16.367564903495573,-16.555249494728113,-15.245676620821573,-14.98941109162283,-15.110801742342042,-16.238284979111455,-15.416680463908326,-17.139554600645376,-16.1498370479699,-18.09917891225483,-17.021091789192752,-16.319812712679912,-15.650173183737255,-14.013252526282331,-9.562550330938866,-4.343232968109688,-3.5765424422712955,-12.802129645551705,-15.521313247429791,-15.212460791179545,-11.040765454522282,-13.07672838803278,-15.681433433462356,-17.004757663618086,-16.467954966731728,-18.495291982821204,-18.743080746531454,-17.371906851915767,-16.0490822012562,-13.920542572218492,-13.895193096842023,-16.809236693500353,-17.077618789014124,-20.01995769884116,-21.47464290003972,-20.47633242288481,-20.302918770404684,-18.683995836865876,-16.611348287619624,-15.496450683817047,-15.128663346049933,-15.081056557716702
-15.28064859813071,-14.855835179334928,-14.38436072379324,-13.420794239281818,-11.598668234404718,-15.46586205357044,-16.411850637037965,null,-16.99855078830282,-14.926650124273767,-15.080601515318087,-15.869394686923247,-15.872727718220807,-15.775502704376143,-18.015335008281433,-15.664945435598893,-17.918531047599107,-16.60135838575175,-14.620375551419412,-13.7108189040385,-12.590545780808789,-6.585477666541246,null,null,null,null,null,-15.001025931341056,-14.211397456500865,-12.78226651230873,-14.091767528519185,-14.918347408084317,-14.953313223148887,-18.01614890342628,-16.377693143019133,-16.17775198279204,-15.335759824493001,-17.43503123910729,-17.731424800259486,-17.472339070214364,null,-21.279371007673415,-21.29530753484634,-19.56544118472089,-17.56835761629012,-15.353376004314171,-14.927345010110855,-15.943305824401829
