public/json/wind_2018-09-1601_950.json
{"header": { "discipline": 10, "disciplineName": "Oceanographic_products", "center": 0, "centerName": "Ocean Modeling and Observation Laboratory", "refTime": "2018-09-16T01:00:00.000Z", "significanceOfRT": 0, "significanceOfRTName": "Analysis", "parameterCategory": 0, "parameterCategoryName": "Currents", "parameterNumber": 3, "parameterNumberName": "V-component_of_wind", "parameterUnit": "m.s-1", "forecastTime": 0, "surface1Type": 160, "surface1TypeName": "Depth below sea level", "surface1Value": 15, "numberPoints": 4800, "shape": 0, "shapeName": "Earth spherical with radius = 6,367,470 m", "scanMode": 0, "nx": 80, "ny": 60, "lo1": 109.0, "la1": 20.0, "lo2": 116.89999999999955, "la2": 14.520000000000117, "dx": 0.09999999999999432, "dy": -0.10000000000000142 }, "data":
[rows 0 to 21 of 60, columns 0 to 48 of 80]
null,null,null,null,null,null,null,null,null,null,null,null,null,null,null,null,null,null,null,null,null,null,null,null,null,null,null,null,null,null,null,null,null,null,null,null,null,null,null,null,null,null,null,null,null,null,null,null,null
null,null,null,null,null,null,null,null,null,null,null,null,null,null,null,null,null,null,null,null,null,null,null,null,null,null,null,null,null,null,null,null,null,null,null,null,null,null,null,null,null,null,null,null,null,null,null,null,null
-15.188984907307155,-15.294681797001896,-14.174830153123207,-13.85307812698911,-14.040282507344726,-14.392442430809865,-15.267194107161735,-16.69791091542569,-15.83442293487526,-15.901161475839432,-15.972665482233896,-15.829364922191639,-15.472876152171308,-14.23872000718121,-13.794267956823436,-13.256126277777714,-13.532040321639847,-13.3912907889848,-11.67598484234303,-11.361821571777543,-10.492175421490193,-9.668843335983574,-9.683236173525538,-9.771509629494815,-11.081216519369388,-12.43903189701942,-13.196264887316037,-14.746563184574114,-15.68818751104496,-16.226920374138924,-16.770685574230473,-16.98379442205622,-17.640028004012716,-17.906002780050414,-17.552614551272065,-16.90014420212213,-17.334683805228558,-17.90949368239321,-18.369341701703448,-18.684306551050824,-18.619763272753758,-18.25766785243878,-18.59227875826275,-19.013616816913835,-18.870076578751437,-18.905148903051934,-18.498230356536276,-18.20062905004799,-17.987718749122674
-15.565159946550558,-14.92073328591716,-14.74981895895127,-14.76962495914086,-14.96433157647193,-15.369140893602445,-16.59237837291283,-16.103157706273443,-15.457012262314294,-15.559776197637909,-16.194278274747873,-15.614257749983194,-15.828659060850233,-15.035415586267055,-14.218913744912266,-14.286393371669266,-15.278270546042105,-13.712570189513531,-13.650611599318873,-12.529554225259647,-10.827285536758827,-10.019110929878552,-10.207568913652743,-11.326768490872245,-12.613323444467339,-12.264355891632341,-12.053695534688737,-12.864792467533928,-14.176068527789068,-15.385214664218873,-16.307434271346647,-17.95657007904348,-18.758433280591117,-18.85024264123776,-18.00975923567516,-17.923476956391912,-16.84570637966642,-16.235157918677352,-16.13475963324899,-17.06671888675745,-17.66935670349644,-17.85940781230982,-18.23461943853116,-19.07752412993324,-20.91738131107417,-18.117849399369597,-18.61186582748623,-19.531461022895332,-19.453000689040802
-15.598489675481328,-15.494522530401387,-15.226219876405846,-15.523825870784428,-15.730266360298184,-15.885558612561542,-16.665723123198532,-16.635874169012503,-15.008453547687653,-15.523422885152554,-16.513039007972854,-16.06308758842234,-14.686765066367096,-14.692876437763719,-15.294868697203512,-15.72301487841233,-14.890887272975874,-15.045078511259735,-14.470708126204064,-12.320888606177135,-11.40443442851028,-11.308312770608122,-12.311679246559134,-12.830356876293367,-13.567902043477147,-12.81594006984588,-12.815771862004967,-13.930236531322095,-15.37536043380487,-15.800090947454844,-16.88629467537629,-18.262962320048445,-18.26762633046935,-18.957399366878903,-18.282832366196406,-17.558281358773513,-17.32335957824626,-17.55570838899583,-18.769503167989846,-18.76300845359274,-20.463357461266543,-20.874753963481833,-22.6773432316566,-24.713522142629312,-24.818988509223733,-24.846623225036307,-25.012806376220958,-21.57371729397142,-25.244426248040515
-15.498273867698817,-15.670781884403223,-15.240822044716472,-15.78687268831686,-16.299467535864043,-16.512055651415785,-17.028066327218998,-15.213591137897748,-13.788892493547833,-14.533195292070323,-14.685347016078483,-13.49885359393322,-14.02961088266796,-15.414885996404244,-16.295006850380542,-17.376475059969025,-15.993163506505914,-16.051979382422328,-14.563262470638893,-12.157906058532834,-12.185097600127811,-12.04381101855155,-13.345934586388172,-13.710228371227828,-13.968776722911471,-13.858591952159866,-15.132568897336354,-15.933411353392046,-15.746998282495014,-17.023092835911346,-18.29305460045454,-18.912135862636,-19.90712464723935,-19.709957826077783,-18.953732709736883,-18.798918751118844,-18.89088874741707,-19.357207285020486,-19.897457396896556,-19.719288695697077,-21.845352666845105,-21.975716902428648,-22.009239977122416,-22.920160950609183,-25.92899537411081,-27.623500226073258,-26.57987993869871,-23.365145613108044,-24.329383994744408
-15.549183150029831,-15.692400336638515,-15.918039476220335,-16.392517452380506,-16.68365591602894,-16.624643177505767,-17.912449309848657,-14.647749275209708,-13.394289494387927,-14.700414964711385,-15.55335555990143,-14.487267429896592,-15.672558678588734,-17.58752125776799,-18.92463386289773,-18.442296240375683,-16.990741293718987,-16.354133556224255,-14.619278616148158,-12.503377974890151,-12.126139513559664,-13.60476023480462,-14.944914475935105,-14.168324946241203,-15.018683593737506,-15.561353620866612,-16.31892096418164,-16.939388589676803,-17.43171584057214,-17.605949539633997,-19.479045451367124,-19.964050670767076,-20.49286265202158,-20.02462306803072,-20.165308476313594,-21.228485661640992,-21.629932042733078,-20.419819705608887,-19.76348667684536,-21.161069176226484,-21.15181860445574,-22.226176416343733,-23.089498847738945,-24.4963881386236,-27.728947511785055,-29.235830232575733,-29.075856402883563,-27.933302253105577,-27.562938984571424
-15.505081791593604,-15.95911243083799,-16.78252896115749,-16.953265828693922,-16.967215138412932,-16.842786738275738,-17.908630022781544,-14.333872325909216,-12.565532252142766,-12.490188037195631,-14.891905428372038,-15.041016034733502,-16.11669708034112,-17.66825157292704,-18.985261065085304,-19.19096834515063,-17.37346182302672,-16.963249528395043,-14.669763833448005,-12.50019749806562,-11.563504759878972,-14.054557232989513,-15.759483084939511,-15.997010806815652,-16.12964333673435,-18.552635036160446,-18.94357498427172,-18.530338144295484,-18.731531086423526,-20.86964700430942,-20.471004149478233,-21.994503334909947,-21.68072314428606,-21.109616479975493,-22.32039844704299,-22.34642048532811,-22.268408124508298,-22.114828200672463,-23.372936724273888,-24.17494453633137,-23.9894280636809,-24.485137919388524,-25.103786887273326,-30.372702235730856,-30.1979332946228,-28.363808429704243,-30.293735217169317,-27.974478048689534,-31.026375500641237
-15.919555005324476,-16.324465920597824,-17.58899382716819,-17.719643507770783,-17.810811999942597,-17.045533021218905,-17.64506640195877,-14.315261685179406,-12.824961771581904,-12.731211607958063,-14.87760309413105,-14.765216484347086,-16.936672147160902,-17.90750208156526,-19.08059009229742,-19.473288770752077,-17.794493595449204,-17.277414879856547,-14.551033104580238,-13.099364410599389,-10.583550609918818,-14.059240436963794,-16.229872776754323,-17.585313087541312,-17.843046649403874,-19.09847819112074,-20.350563869811175,-20.057600118224503,-20.03721365057279,-21.48545019846075,-22.193288100875392,-22.015988806930316,-23.390610046372547,-25.298240191531793,-26.05206360790118,-23.606837767098288,-23.46974174334513,-24.920255678334904,-24.887373712993078,-24.767958729303192,-25.86832275069708,-25.562139117709048,-26.44308225250586,-30.791639172584617,-31.453926197953233,-30.477564769265562,-32.60170529752787,-33.16610793498689,-34.08356582401264
-16.025801711663682,-17.062343196574503,-17.801070660573373,-18.14296165399385,-18.174730827596118,-17.667941204970116,-17.504910569517065,-14.609255770381933,-12.37717325780072,-12.925843933280238,-13.841423008534736,-14.44870176977015,-16.453012226295122,-17.714193279158177,-18.180911370869172,-18.368563625794266,-19.163974374624097,-17.470736618382908,-14.490580659205186,-12.155923596687888,-11.884545757899922,-14.74860615822699,-17.490166440213876,-18.825532408577978,-18.609732438774916,-19.389620421602405,-20.539613668730027,-20.598088711882525,-21.182211297868143,-21.684927906472847,-21.652994467755434,-22.950697655263692,-24.955003876831825,-26.823653387223423,-25.583069193719123,-25.779273187755166,-24.748203326040198,-25.78305029005908,-25.88772308798172,-25.857264721879766,-26.216641863427018,-27.553689164980756,-29.362857207807338,-30.630534141767534,-31.487524831493946,-30.34939307480096,-31.117956658464347,-35.199467884046015,-36.13865138537538
-16.015969041804976,-17.245399809009655,-18.111113942713338,-18.61496140466449,-18.628072087764256,-18.013414858175516,-17.627256087303767,-14.351089993223697,-11.855532135952707,-12.45374194641629,-12.940915474544289,-14.256721415135543,-15.630719932701734,-17.49108846441007,-16.822584523294825,-19.052312150633814,-18.987505319366566,-17.94096810438555,-14.599472514463548,-11.082276720007695,-11.259757252514355,-17.156067433725948,-18.490212495653655,-18.869132018103038,-18.782551825941507,-19.221352273169394,-20.45557972959446,-20.684299061148266,-21.196007158993762,-21.519875678487228,-21.528234190301458,-22.96226507953525,-25.954066431663026,-27.173122646898463,-26.313048349645417,-26.120927041896067,-26.885549352855367,-26.129456036357368,-24.47091069673499,-26.218192810708032,-27.562991320972714,-29.779984823502602,-31.0366237370525,-32.45797952427088,-33.588942786861246,-31.313204018473147,-30.51993311961138,-35.1374500738526,-36.23935831624132
-15.759670704988476,-17.25154866428113,-18.27927214338152,-18.656693656103783,-19.132816396711732,-18.6310278581348,-18.01343257499174,-15.660657270018017,-11.986663087574753,-12.158295441533086,-13.969831635343239,-14.682686474665006,-16.607811167201483,-16.800222895170428,-17.857940797972685,-18.65776315521466,-17.38903616443488,-17.080999499428138,-15.19387679595892,-11.232992072794048,-9.311938313247104,-17.732459724808223,-20.055852888863484,-19.312535668599825,-18.635543725811395,-19.41892616531537,-19.78472000684328,-20.403305304823128,-21.1471609601639,-22.450539092649322,-23.311333483739062,-24.11731303134265,-27.15663392269434,-25.585352527376624,-27.06924342212307,-27.19426156471515,-26.902990886295736,-27.33925287958153,-25.573826278533566,-25.770181507048243,-27.996606911883767,-29.506308703981375,-32.142949327282025,-33.224529630367385,-32.53768809488659,-33.032510109412115,-29.687849202649836,-39.038490462907106,-41.042920301571435
-15.775255354299507,-17.082466053070796,-17.87231869233174,-18.764657339117242,-19.38215213876104,-18.67172809164883,-17.94945660733175,-15.021164758480191,-12.347832903750751,-12.535033411901434,-14.534176097615095,-13.70855872388214,-15.08782004277551,-16.49527140605021,-17.876438011542007,-17.073632943665334,-16.996132432807165,-17.248498184877427,-16.392546441800118,-11.916317606949207,-9.37940919243227,-14.608063034633123,-19.30798063768288,-19.474090124490623,-19.01486282532215,-19.72058195776428,-20.33100441283096,-20.790949333069975,-21.503615526931913,-22.75858129055235,-22.933109769294813,-23.65172812934209,-23.53605703111706,-26.50352811141466,-28.282474404376828,-28.11081506468493,-27.35366711150749,-24.50475659052922,-27.065366781925494,-26.542130805621717,-27.06035398443406,-30.44390252713861,-31.887001345704782,-33.42336084418953,-32.46640558147178,-31.77077128164074,-34.59565563190711,-40.52918490263271,-40.044413547354296
-16.06125783025719,-16.71361083469685,-17.444903409462576,-18.42687359172597,-18.41680153985121,-18.61613817263187,-17.961623688291933,-14.744586852089842,-14.051721049323069,-13.865352720862273,-15.050894296253446,-13.564973885841855,-15.272965200251361,-16.78833955576784,-17.53796430766535,-16.028720006366328,-15.959527875666373,-17.003424642584466,-17.529894483055553,-14.699875336725695,-10.924106462048858,-14.332086975013318,-17.92301042717838,-19.214831906943154,-20.87871388004391,-21.079485646651225,-20.729286503313652,-22.31623633309961,-21.074561162670573,-22.59179683266385,-22.59678153149999,-22.765065779369333,-24.451801156442677,-26.096369627109453,-28.55072341070627,-27.282742543747986,-24.91732726330427,-24.809560840656857,-24.20104435712718,-26.92284996578356,-27.625417914421142,-30.192450279305504,-31.292082793767012,-33.09542074873768,-31.54732206873658,-33.92750012330871,-35.2890429790609,-39.77952679064535,-40.1665979303571
-16.91943070766068,-16.53927053696375,-16.688653188451514,-17.563009081929618,-16.911422032545723,-17.608152604541246,-17.218882215141825,-14.478020939295781,-15.445847776302525,-16.207252501598745,-14.903139381070478,-13.44412033520275,-15.19931673165331,-15.739563842355302,-16.810025582242464,-15.551219887237682,-14.774044879169265,-16.07472026478046,-17.685958477847294,-16.727557068202415,-12.967292770934117,-16.192562933911383,-18.02264391971291,-18.90386210993035,-19.873054151390363,-20.913333503628962,-24.33732978425327,-25.08030932033513,-24.739115977397553,-24.193432785502136,-22.737360795290556,-23.18605448959189,-24.760198847202016,-25.711557734282803,-28.423211817172195,-29.19831650457533,-24.499087249511447,-26.711864589266344,-26.33062577057855,-30.272104581527262,-24.622631458861107,-30.040022938788177,-32.12567379438764,-32.620966413295506,-31.640344365444157,-31.179232470262512,-33.78975277349049,-40.16560062234733,-40.885051066069636
-17.79429648513524,-17.23543230214349,-16.298319016736873,-17.769280318280707,-16.788169979867213,-18.216642466109086,-16.49688986290146,-14.205578083004736,-17.08444611310444,-16.91029373949609,-16.176810844679327,-15.148509892170033,-14.751779028445325,-13.810454767918971,-16.667612486838557,-15.190231140382469,-14.29106855611765,-15.234215184436646,-16.550468084107646,-17.773515592772817,-16.121901725983694,-16.21227255352758,-15.095779794452467,-13.599869646619355,-18.97608976024739,-23.948948039695928,-25.166240287383424,-25.532255671262437,-25.255345959693653,-24.76952297862315,-24.21765821235283,-24.11648867223429,-26.918866525183372,-26.960069081093668,-29.634116444852683,-28.118137413466883,-26.480901130360614,-25.755636457162716,-27.29690040731079,-29.234505173673472,-28.65274019068449,-29.628123332928027,-33.248572277343975,-33.538308291576435,-34.85812052045543,-30.811839545277447,-34.333281740153225,-38.447275251523706,-39.6623908834672
-17.95678987718035,-17.71065550055087,-16.540788873944365,-16.31363058793377,-17.682743536024386,-18.689687138301892,-16.621161695706334,-14.862933948765992,-17.033242139193252,-16.98728321521818,-16.93929773861005,-15.692909241107234,-15.416540494898488,-15.063783103689037,-17.19583557032797,-13.868119330152055,-14.430024138127195,-14.591400008002404,-16.98174175400597,-17.738414536846726,-15.900052723219881,-17.74779104522345,-14.244867437242462,-19.34046099840442,-17.112884047394626,-24.861035067190233,-23.473351358278876,-21.784019552281986,-25.42864890568001,-24.63426986334825,-22.27006692581784,-24.902289944083616,-26.702467710537984,-28.474989708501408,-30.303452260047848,-28.2823431103516,-26.273551301127075,-27.554653527886845,-26.272612062168218,-28.614849128778232,-29.076447433392786,-30.806141603507214,-32.89091642120417,-34.049227402897856,-33.8667500416689,-36.333258626414306,-34.3922595840796,-36.24454607659388,-38.542401113051035
-18.039807033221315,-17.10022604970317,-17.028761498407157,-17.231413015390306,-16.263329155277262,-16.974459535945158,-17.5755240708889,-16.157259158000535,-17.51992597673774,-18.448647102026154,-17.73660665344982,-16.72805814732326,-15.78912359399416,-16.334837888754034,-17.58776656654857,-12.47169184066297,-13.792092468174445,-14.270154041884524,-17.053616095141027,-18.127047063435324,-16.754889935265904,null,-17.54886952292108,-19.464078880565047,null,-24.182717489644542,-24.314239214978404,-23.539362343990636,-24.387416095490583,-25.300582681921764,-23.487075669962895,-25.875382258972465,-25.160997288144966,-23.082391090593134,-29.323398125584497,-29.12492150838974,-29.085935855821273,-32.5311359612525,-24.411790870118644,-28.404347267078748,-31.909819876767603,-30.622069645270535,-31.335610239606822,-33.32333481090471,-32.64039937193136,-33.32769739331012,-36.024931482796646,-34.56507754690442,-37.38003150258875
-17.77617484073626,-17.009838579587782,-15.981270801471421,-16.712695007797038,-15.109729442698267,-16.422072138964758,-14.33497135971856,-14.642290230279547,-16.08970970867172,-16.953720965746236,-18.9286760510631,-16.84137677832399,-16.187026349348145,-16.004155576044635,-17.86012620654814,-12.120395094787442,-14.620634045333404,-12.734610093721543,-17.4533846762743,-17.130792651886637,-16.16301056943778,null,-23.022545451709217,-21.66364018611344,null,null,-23.11485046543723,-23.1251319311568,-24.736571301264725,-25.885487460291316,-23.393555238468597,-27.71035283828629,-27.07433208748587,-26.31784644342075,-28.305667662178962,-29.16010151067774,-28.102890068875393,-28.858958689761874,-28.080238536680497,-23.041215858710785,-32.46611012193976,-31.835266809214865,-30.399345929958013,-31.74779423396958,-32.297843765829754,-30.21210359773623,-35.886444306267265,-31.600954156557723,-35.60810628038909
-16.51376755077342,-16.722814621087224,-15.086821398861105,-16.766571551463443,-16.358526426536038,-16.65870339361716,-16.181529549019707,-13.076724346559015,-15.940847072764498,-17.51463978476607,-16.212912102479045,-14.409502345034989,-18.133345402616257,-17.356123546180186,-17.273849484834905,-12.20920112102772,-15.45178500167469,-12.700008189107661,-15.536620791875308,-16.86727498215318,-15.489574875752474,null,null,null,-16.97479669102226,-16.993779921158033,-19.120437106066067,-22.07105719790048,-24.292011465385645,-22.270029060892114,-12.587471230850522,-29.808539221201123,-28.26042043205023,-26.466085270675947,-30.188144586586045,-30.543600423010584,-26.791752966981228,-23.761149119773677,-29.752007599314435,-26.55522738815236,-30.093344612287098,-26.653278918234797,-29.618160316372638,-29.396234272714025,-32.264845225694955,-30.04177523493895,-34.49734796133719,-32.708046528089895,-34.00253488429588
-17.03060611771065,-16.231324072868,-15.596656290334124,-18.00745482026634,-17.460993581302056,-18.13968524476841,-16.20103647308664,-14.160523315430169,-18.248036616552227,-19.991170576280364,-16.317813427833855,-14.6582013489965,-17.522526681418046,-18.571277867870172,-16.924381519561674,-17.18023286804118,-17.50368537884477,-14.663655394939305,-14.117542667517531,-15.857909320266895,-14.429310430460685,-10.756827266498053,-0.3491540631577629,-15.6927755982768,-22.99994708248704,-21.69242683830764,-25.04713501000846,-25.82894745443737,-23.379774392856014,-26.38478972677636,-20.364667492957512,-28.229536216679552,-30.387298674700936,-28.803180731229904,-29.491644137284936,-24.677705550967083,-30.199801320470794,-27.1091531875982,-29.288276502196837,-23.003385913631956,-35.605473624171424,-26.481482730698744,-29.832204650379083,-28.327171863505654,-28.13271238996036,-27.20294097967141,-32.85882143377464,-29.538889388682655,-28.346438565746567
-16.648956216189315,-15.25496627573812,-14.726414319162036,-15.20562134389107,-13.06101348775898,-17.569560565973248,-16.871642159622255,null,-17.77664701911563,-18.01574503237409,-16.742127309214606,-14.364021029206988,-15.705772093616588,-18.555294834509617,-20.436836180426813,-16.15136067902108,-18.076693449976744,-17.018555069552328,-14.030156450051598,-14.827886170462065,-14.302390730605708,-12.014084683009736,null,null,null,null,null,-24.912962536968845,-29.2469701715757,-22.487433754452233,-19.213409834708596,-25.889794307166557,null,-29.594390152733503,-30.52048772631165,-26.361060107229097,-28.921728198388823,-28.916698649087753,-27.999391157029812,-22.08426968922639,null,-25.0049117014988,-26.847891537952577,-29.671778626051093,-29.354445510224732,-26.44076950218997,-34.22027134232135,-29.424592149830158,-30.094127814688356
