public/json/wind_2018-09-1523_700.json
{"header": { "discipline": 10, "disciplineName": "Oceanographic_products", "center": 0, "centerName": "Ocean Modeling and Observation Laboratory", "refTime": "2018-09-15T23:00:00.000Z", "significanceOfRT": 0, "significanceOfRTName": "Analysis", "parameterCategory": 0, "parameterCategoryName": "Currents", "parameterNumber": 2, "parameterNumberName": "U-component_of_wind", "parameterUnit": "m.s-1", "forecastTime": 0, "surface1Type": 160, "surface1TypeName": "Depth below sea level", "surface1Value": 15, "numberPoints": 4800, "shape": 0, "shapeName": "Earth spherical with radius = 6,367,470 m", "scanMode": 0, "nx": 80, "ny": 60, "lo1": 109.0, "la1": 20.0, "lo2": 116.89999999999955, "la2": 14.520000000000117, "dx": 0.09999999999999432, "dy": -0.10000000000000142 }, "data":
[rows 0 to 18 of 60, columns 0 to 41 of 80]
null,null,null,null,null,null,null,null,null,null,null,null,null,null,null,null,null,null,null,null,null,null,null,null,null,null,null,null,null,null,null,null,null,null,null,null,null,null,null,null,null,null
null,null,null,null,null,null,null,null,null,null,null,null,null,null,null,null,null,null,null,null,null,null,null,null,null,null,null,null,null,null,null,null,null,null,null,null,null,null,null,null,null,null
-3.151896730759675,-4.2175466968499045,-4.564926962679987,-5.005450464635298,-4.62167513888623,-4.262356262077425,-4.3075324975604525,-4.712370964288156,-4.419563992222181,-4.219053708731522,-4.139527985020858,-3.8012133323317787,-3.747599431360142,-3.711958638189544,-3.9494162596838045,-4.120779053950495,-3.8867382614892287,-3.9640127147318753,-4.0861309355025,-4.078568571381009,-3.833064622232231,-3.827117050884755,-4.129170874732649,-4.625002671601004,-8.182315678064445,-7.857219802387138,-7.979845898988743,-7.956617262538995,-7.291163403024701,-6.400649238858982,-6.290668908485876,-6.226676461198868,-5.490859373546428,-4.528498338623957,-3.6114805817060933,-2.1522658096342884,-0.9480000584179507,-0.32940897570010896,-1.0632955307989695,-2.5773340905147606,-1.6783998135961802,-1.6065016497218574
-3.043087642194038,-4.391943543114192,-4.704946035264121,-5.103347348186722,-4.938484294676601,-4.633609084510571,-4.529694190150137,-5.098099184929227,-4.93248044706222,-4.3873350130315485,-4.429156674718605,-3.4981440825815313,-3.508689097972136,-3.603104577951963,-3.2357689861900893,-3.3125363753345685,-3.669914867744878,-3.3742773467860956,-3.7313007928519037,-3.548830726705232,-3.284043422874415,-3.88530437649711,-4.960537889079939,-13.593098286578625,-11.211673975077142,-10.580548107703237,-9.603635672525517,-9.187063428447642,-8.515785004205599,-8.585783833893176,-8.439203082423115,-7.873564587060097,-7.909561356543784,-6.767060440188379,-5.11536253514202,-4.026845114644656,-3.072358063573978,-2.45436707693485,-1.7726366218406422,-1.4006060936069478,-2.6672249648597357,-5.236924382311951
-3.2568290806389415,-4.611870533102566,-5.051269951756702,-5.058337514872425,-4.990711753112289,-4.747660414584648,-4.878623551399788,-5.198106872276105,-5.082258421429317,-4.695810888363839,-4.88244543561084,-4.235398129884434,-4.030212363530628,-4.287046712808357,-3.91490430590952,-3.861086707306713,-4.411246073681081,-4.1307409756877504,-4.309641846772469,-4.446771718098077,-4.539800245506418,-5.007366069382153,-9.454436983427758,-13.076189583694037,-11.529932284257288,-11.069093240189297,-10.626428607261792,-10.225952072538696,-9.86043184646304,-9.750632071499645,-9.559418821367398,-9.531993006463583,-8.868844841587086,-7.818851796661818,-6.400734842731522,-5.603520097815719,-4.138904724008235,-2.660630186841118,-3.656605377835776,-4.2268518321054405,-5.469954342164117,-7.409575532691474
-3.6787454375386943,-4.973230126353133,-5.392146961315023,-5.365391911243539,-5.335657848518037,-4.8515711580263785,-5.146021231640114,-5.12699685762674,-4.947027151018406,-4.9050961131360635,-5.086164023192577,-4.965577003412245,-4.456114610988486,-4.407752806887714,-4.488750364374275,-4.68876080783864,-4.911110986734221,-5.008999918768936,-4.981183033018659,-5.021004710528227,-5.773494558343831,-6.001512814541078,-7.598177228001669,-13.181218677968596,-12.718288091197218,-11.80955191886788,-11.082951726980097,-10.526755660058345,-10.426279302988366,-11.017048179108627,-10.760087764757431,-10.234805410197138,-9.39648747564716,-8.340008805422523,-7.437760987577332,-5.781439928822008,-3.989094515022848,-4.424987618648056,-5.927871518619112,-6.185527127647975,-7.480174845102619,-10.299165522245573
-4.0214091154273,-5.338185346534696,-5.723168498359874,-5.508068448591963,-5.40657392844871,-5.009330668157427,-5.2695146680591805,-5.127953964696978,-5.215468899605899,-5.45927855622398,-5.393368203314097,-4.618548145887974,-4.644806849575257,-5.084872983228314,-4.983860261017893,-5.046716713414645,-5.755459855786116,-5.509837561852591,-5.939764363367036,-6.261515937613724,-6.606381468162246,-6.93083980921356,-8.398044038415728,-11.569979811660367,-11.72433633650462,-11.88814786998271,-11.576195438835919,-11.220745273836128,-11.364075850942474,-11.415245665961804,-11.241322255508504,-10.770949629595378,-9.843978239504864,-8.833900538867649,-8.180680855905143,-6.339986745891984,-5.734898338178499,-7.2502948207279685,-7.498461005672183,-7.393213379128348,-8.329595403516478,-11.761197238132148
-4.472543943578257,-5.76612030216954,-6.099570683808805,-5.657235369448191,-5.509117619426632,-5.202039290979143,-5.6875280408544935,-5.694075635130169,-5.645950888899633,-5.830193204258907,-5.886099596371271,-5.062599836805924,-5.118676161576002,-5.282423365045172,-5.378670440667665,-5.871507703081608,-6.659423665572611,-6.37601672136227,-6.700019393748397,-7.191323258349193,-7.587372093489283,-7.751385893596604,-9.158391481587055,-11.418165670133648,-11.530957539557578,-11.542954544888952,-11.260243542470496,-11.092873079195872,-10.895273209524468,-11.153293283158352,-11.103733529935202,-10.693339692761569,-9.679225096048876,-9.528573847612758,-7.622178818536999,-6.618249805195679,-7.508854025246199,-8.771324998291384,-8.686613105958944,-8.488521491506086,-10.054929494636916,-13.631448360566724
-4.871719337950753,-6.172841593805278,-6.552767323404831,-6.071431727304839,-5.76998786852117,-5.732520623501134,-6.358137794616227,-6.437984060819003,-5.9043906245768465,-6.140096644178989,-5.882511846665759,-5.46699697578054,-5.857183960643336,-5.7812493346051435,-5.804948925186646,-6.657634923899306,-7.116704000256216,-7.506817022138844,-7.437795942441383,-8.25936155798177,-9.048731158064948,-9.528059960684097,-11.280030763428767,-11.810061534115913,-11.675249300434928,-11.309683151329757,-10.765216064472863,-10.464929890207813,-11.296157259957555,-11.702381567221476,-11.3613201615007,-10.540989347548614,-9.230134205238418,-9.350715232782935,-7.611091005349643,-7.690420928964933,-9.209100744872027,-9.97594573654823,-9.634298380194533,-10.582616949022283,-12.284972949490303,-15.138130486670667
-5.179333246914677,-6.565924725680551,-6.887998900149862,-6.471348140354418,-6.135865771319824,-6.359922792750602,-7.074490178536427,-7.100944447885979,-6.396110865976759,-6.2113357815209875,-6.163614142568252,-6.369785149738835,-6.300190196551667,-6.34943711190051,-6.397378412541833,-7.501169474071883,-7.9427882782939,-8.20589652731749,-8.22010246426797,-9.570768872908772,-10.418027234033445,-11.099676390604126,-12.17863618330695,-12.242556161025474,-12.427995484321482,-12.200125643594003,-11.557719918237353,-10.95063902162693,-11.834580083294599,-11.940477463896816,-11.704099882779715,-10.722553681815356,-9.822364658204995,-9.590283130393418,-8.07007935000895,-8.230334008859735,-10.189660728687304,-11.286828395605745,-11.340067814272924,-13.002266119535449,-15.492157734610604,-17.259595797991768
-5.666898125821573,-6.909918913572463,-7.235520088484561,-6.640993335237768,-6.6768896436710135,-6.914763276270944,-7.424353054575384,-7.588874829302549,-7.2164710930006155,-6.225921859290179,-6.507702915047992,-6.968858130531914,-6.535666334183871,-6.453897883499787,-7.274105759761177,-8.041382871189553,-8.826239539309398,-8.949219800824192,-9.558004336974388,-10.788488056334087,-11.728526666700427,-11.955389310019033,-12.877117891347078,-13.260075272823572,-13.308839840234556,-13.028173270752596,-12.407552244169857,-11.788291810911222,-12.182504815469283,-12.175914462451315,-11.481094321987506,-11.153715210399076,-10.076872962661401,-9.937094259591566,-9.757319936389358,-9.97207618441865,-11.717726369919601,-12.700391133748559,-13.592892509935279,-14.788173550742982,-17.522275091738404,-17.819439192247454
-5.997479204411027,-7.2153243882399325,-7.3999312333797445,-7.0967571597496795,-6.9284262849548055,-7.138178505513353,-7.788831251984941,-7.9775470328482045,-7.330605548448463,-6.835551645691913,-6.805117064685536,-7.1382909496359375,-7.1292044250498865,-7.0698605540143085,-7.859645666463131,-8.395145969431844,-8.767902068997385,-9.454635589101219,-10.404750780585143,-11.348522324822232,-12.389965285136034,-12.534936062670472,-12.869389160010982,-13.081333892709717,-12.96164931326575,-13.000476351973344,-13.100368341245481,-12.78695401126274,-12.437679354607528,-12.377967748090176,-11.907056138982052,-11.85161891819331,-11.319688791921948,-11.561524497988735,-12.504439991131711,-13.120903309830172,-13.528008362815124,-14.393979675573313,-15.0434136541075,-16.733666906648452,-18.2867504488972,-19.395835373609465
-6.3705344408509905,-7.431423521864877,-7.546363233150208,-7.488835456772982,-7.4691458706430875,-7.367320023467107,-7.795322532478105,-8.1229530075895,-7.293401088743787,-6.91054442996109,-6.895918236894988,-7.1780422775600465,-7.841409295416419,-7.814099376582973,-8.282910291899265,-9.143459888843077,-9.77964909266047,-9.977956400158085,-10.630181007065337,-11.279368305424658,-12.335545024977502,-12.35397002732333,-12.818056265729773,-13.307454985425462,-12.911375579573996,-13.101823085328444,-13.443726435699942,-13.67477606300133,-12.952975370966422,-12.974517253151506,-12.93561645546402,-12.76879164890639,-12.440540747700657,-13.796510783768435,-15.051314831079099,-15.467156303845009,-15.536152367013944,-17.009076859624795,-16.24404624531049,-18.392812065954175,-19.73903230202886,-22.4761032169334
-6.936133840471312,-7.647518476874765,-7.724478794850707,-7.889146551279137,-7.89540557619403,-7.732537483299653,-8.027057971588647,-7.813199515922483,-7.29148889278959,-7.510964959965284,-7.280561298843522,-7.229203477306906,-7.898093947944648,-8.315536752232877,-8.615788826108579,-9.072492629027138,-10.067313723941723,-10.150430093227277,-10.741513297441513,-11.37546215791307,-12.400316531043112,-12.097414876295835,-12.937140574604694,-13.484340092287947,-13.701373337069507,-13.668435432723257,-14.428789505905018,-14.72546183433228,-14.599053224937904,-13.974752234355634,-13.811189288533118,-14.28123064251785,-14.519976554992397,-16.075972176274284,-16.377633256218548,-16.093623989816752,-17.278245373341264,-17.3415434761283,-17.91563686395129,-20.272944974410038,-21.304255995780785,-24.8638838859956
-7.569974906210958,-7.895640254105567,-7.8621517390741085,-8.236554670107727,-8.249971421789875,-8.215061962396991,-8.629112788728255,-7.931245208884007,-7.271146152435314,-7.459178283098317,-7.941673369651735,-7.586788274935677,-8.252316691611025,-8.466640509560987,-8.605202904102343,-8.01637842889747,-8.325390012865046,-9.603356757069792,-11.197996213885105,-12.02701511871817,-13.272068575248708,-12.300328350287252,-12.614730542389818,-13.558827144459972,-14.179777160066607,-14.801960423222503,-15.200680621138826,-15.532522734771536,-16.017843141488974,-15.667748454365885,-15.381621308660737,-16.0320157034785,-16.046594405830078,-16.09908126687216,-15.440994705887398,-15.854923926360799,-17.352591711953675,-17.651448345766898,-20.30698608065603,-21.216883836644982,-23.409533780256584,-25.820207948025477
-8.210969436779493,-8.32531329903223,-8.317934383300223,-8.370621878396257,-8.59076801779706,-8.447300973618617,-8.641453928552409,-8.150467881631254,-8.114318238104275,-7.939951664335588,-8.148079161693692,-8.401839706831941,-8.590467748608285,-8.51710437959483,-8.663195189867896,-8.437898284475946,-8.094039467109802,-8.777079944819178,-10.714309003222546,-13.192703615358248,-14.53302677738343,-12.975253026710815,-12.932291895316546,-13.189264199338789,-14.94185553256299,-14.747490772541552,-15.301420399956518,-16.227905586322073,-16.317304560969554,-16.163131709361558,-16.778387392072442,-17.24013306434299,-17.128651119251764,-15.974166564358933,-15.90974902118457,-17.66813100711088,-18.975524531206364,-19.844588755781757,-22.566077326217908,-22.793427668115832,-24.78513617553556,-26.762106326126037
-8.31520979082909,-8.830973684850346,-8.885878324377618,-8.749016007463949,-8.81593635052625,-8.40562944757095,-8.557465107536057,-8.50579819238977,-8.307846115239022,-8.750281512812533,-8.667755987219625,-9.158276230896462,-9.155988993054464,-9.074186856430767,-9.086970951751878,-9.067338722318677,-8.778785789452606,-9.678893517029122,-10.994252908611205,-12.131938570779166,-13.4629924593903,-12.477126044318917,-13.880305781214721,-14.411361105100278,-15.775843452741329,-16.34300047267822,-16.23168889367362,-16.213757405597196,-16.264914760187303,-15.844841688398507,-16.32927974099803,-16.749072752545775,-16.77032947119624,-16.925186299931504,-18.095926716381236,-18.433545179709814,-20.25677739006718,-21.28831806852781,-21.726832687709525,-23.875829915564857,-26.635325106420535,-27.99224003793624
-8.711022376117752,-8.96589725961044,-9.002095512499944,-9.0840822934243,-9.018459470677634,-8.826014397507851,-8.522497203147498,-8.379195903263046,-8.854790816993109,-8.940801709249037,-9.509412632248392,-9.866851532584239,-10.07749692266912,-9.824150077037219,-9.68575289353074,-9.150189331426574,-9.424361037043628,-10.595198540882457,-12.193117255660317,-12.538119640869777,-12.859580164786276,-12.610230214774493,-12.459419111541015,-13.442715821042011,-16.75901481316318,-17.24804706792147,-16.44148059204062,-16.030608655120147,-15.946592452513409,-15.328463156490711,-15.25211090465444,-15.11932360698507,-14.964272150366453,-16.275396202607517,-19.055033592120925,-18.393004749119996,-18.568086560088343,-20.091441751978312,-21.793594009565503,-24.45175363653364,-27.077750365702112,-27.43649384023837
-8.757854865664344,-9.283530169662148,-9.17239335261367,-9.039949611750721,-9.249646626579034,-9.091892312487566,-8.742835637169494,-8.869409027637213,-8.62327161991216,-9.325502283849453,-9.547678512359507,-10.339999517169195,-10.742215618703275,-10.60704139775128,-10.329158780297675,-10.13035754633869,-9.855746070894153,-10.662128885453338,-11.708707629543035,-12.595732382371915,-11.333899384455266,-13.31042168837162,-13.982082137743348,-15.636069413544755,-17.15138911280233,-17.85343150218614,-16.479938119625146,-16.540633467800625,-15.85701925172512,-15.020143930443435,-14.594159378888659,-14.123941241933405,-13.981843604625258,-15.132890240554786,-17.6191841360624,-17.525437585967683,-18.365944415454344,-19.896380707866726,-22.567220260207637,-24.920317703395234,-25.60021889410131,-26.58281701044422
