public/json/wind_2018-09-1608_700.json
{"header": { "discipline": 10, "disciplineName": "Oceanographic_products", "center": 0, "centerName": "Ocean Modeling and Observation Laboratory", "refTime": "2018-09-16T08:00:00.000Z", "significanceOfRT": 0, "significanceOfRTName": "Analysis", "parameterCategory": 0, "parameterCategoryName": "Currents", "parameterNumber": 3, "parameterNumberName": "V-component_of_wind", "parameterUnit": "m.s-1", "forecastTime": 0, "surface1Type": 160, "surface1TypeName": "Depth below sea level", "surface1Value": 15, "numberPoints": 4800, "shape": 0, "shapeName": "Earth spherical with radius = 6,367,470 m", "scanMode": 0, "nx": 80, "ny": 60, "lo1": 109.0, "la1": 20.0, "lo2": 116.89999999999955, "la2": 14.520000000000117, "dx": 0.09999999999999432, "dy": -0.10000000000000142 }, "data":
[rows 38 to 56 of 60, columns 0 to 42 of 80]
-13.901054482213176,-13.918965506253357,-13.547534603133133,-13.11654334823548,-13.29519855260793,-13.614057207881315,-13.928793663550984,-13.575634170877848,-13.405273800722773,-11.72918280164328,-12.19801682783034,-11.595291442941887,-10.945424100185136,-11.052972373468075,-11.785470504922566,-13.322886656515012,-13.252470433291084,-12.670202863409543,-12.062873371308683,-8.476666308880791,-7.16600698724066,-8.280290675924359,-9.517226817889668,-8.2972273867543,-8.047938322486502,-7.933987604764978,-7.933433253368188,-6.056024122303878,-5.048828667001695,-4.353808431945407,-2.093839689569635,-1.0348249797110018,1.5902291822823909,2.29565055126166,2.0393880390514676,1.1594734540378215,3.98024897393526,7.18766190064732,7.709337037339994,8.1388283536889,9.489005510389209,12.80550630987649,14.23697924687923
-13.090530577624863,-13.392921458641766,-12.928147381699102,-12.698907445878845,-13.17905586714164,-13.40190896986318,-12.919546690135341,-12.660617656380957,-11.8068222221898,-11.17374318394295,-11.244034190726207,-10.947776223242819,-9.846947918032836,-11.173343660965202,-12.688126334406535,-12.823875087887856,-12.095409556000222,-11.98401888790665,-9.430451641321739,-6.502836217795764,-7.9244537656183205,-6.829662934356101,-6.8824303029424465,-5.117507538252746,-5.12043385040091,-5.395869148545124,-3.859272977850024,-4.564467587371594,-4.0740444446294966,-3.855653143958258,-2.3695464714935675,-0.7724696675114111,1.5687507222315689,2.086419035571338,2.097712528674526,1.011777197561508,3.237018810203627,5.999714569301827,8.974695084032145,7.48322048854971,9.03380068663918,10.716748682483267,13.009220213179239
-12.98989255677313,-12.945025021124177,-12.536136351608858,-12.497921666340092,-13.67264585756602,-13.884010765124865,-13.074493728886456,-12.706242955054663,-11.512896055001617,-11.208665833773606,-11.143211284094154,-10.898786527240013,-12.706167704899022,-14.322477733368503,-13.92132388654297,-14.48203267050379,-10.788921373472078,-9.434805228063817,-7.12341210680886,-7.426975231297032,-7.162493686870154,-5.629736018546845,-5.215556614096284,-3.320499293647029,-2.837126371922957,-3.582115418737147,-5.256240430416545,-4.82005777833205,-3.7667275512697778,-4.079779711208217,-3.722005490799034,-2.5547123981165982,0.46866539795246476,0.8290068497593175,1.2059325639225165,0.725821315780677,3.6102504503324875,6.7998417508290485,9.878391291240764,9.830931250580056,9.12146393635777,10.22965818835879,13.170244800034272
-11.837659781536555,-11.386012389656045,-11.08766721126584,-11.39874283379247,-13.43956001362211,-13.437554647526335,-12.952391406381228,-12.302190702287774,-12.08279436681147,-11.697682548093574,-11.86893714149234,-11.660178434434677,-11.966573733280741,-12.313549940671546,-13.35739443829658,-10.773192539904368,-10.076584744369683,-11.425413094918637,-9.700391402074857,-5.624189806133471,-7.1093011768533145,-8.193447349844405,-4.928999264306934,-1.8614404686717705,-2.295118015775494,-2.7282815832092364,-4.029456120815615,-1.7266564446880999,-2.752749783874733,-5.718933589867408,-7.964688915224148,-5.560735962222843,0.12167379046769097,-0.49659404329149526,1.0764654686103217,0.4870783682910432,4.985911913574153,9.600761045088793,8.81185702559532,9.16450466093917,7.846988193194004,11.13597732993753,10.518496692676052
-10.899648786085763,-10.77155199024146,-10.011051430941713,-10.375277855686297,-13.20810462073575,-12.881279743454577,-11.542477480862331,-11.036309743879258,-12.059963421752665,-12.594694653053564,-13.052775978932829,-12.106326925916678,-14.216463296062834,-13.037252037217431,-10.014850479029661,-10.805117633249615,-10.753096097698373,-10.089294360821578,-7.4262729765128626,-7.054720941230441,-7.485139788709798,-5.4826412901448816,-5.404849074733553,-4.6051966645620865,-3.418681085049096,-3.0751526777256055,-2.1203081569085453,-0.3880288055138514,-0.3581492447608273,-13.557730168857788,-16.300177850476906,-4.3338466801423,-2.3312279423022773,-1.8261736676054328,-8.86424586451189,-0.021805909885097896,7.317935845842259,9.929852751360823,9.146159573770795,7.553234439692186,10.89946272248396,9.076210908180128,7.06859809878358
-10.02314741188685,-8.444564665077134,-7.975867100677304,-8.776985758623582,-11.790486347427926,-11.478646309114046,-10.538054593773385,-10.521648637319663,-10.915218037100672,-11.09104947759693,-11.573039512437287,-11.75958932600864,-11.665667186640448,-10.081271726941191,-10.363842822844882,-10.8846036042719,-11.178076530620466,-9.582361493380324,-9.801330117594627,-8.752453008039998,-8.271924324014975,-5.595176033150097,-4.967243726726897,-3.2409471451908205,-3.8907402125481365,-2.8826353758549494,-2.7233125708345143,-0.06052247608913255,-0.44030449266373084,-11.669059368533805,-3.4238754467303254,-5.055480875338331,-5.786263139671696,-3.387884547879994,-6.709111460552262,2.7299207462310084,5.084033606420228,9.213734686611541,9.038635082088518,10.563023026612655,11.400574796321285,10.954215227995261,8.443411811308529
-7.860041007095059,-7.091201650895461,-6.468253401859887,-7.6048238161959105,-10.375345481213136,-9.283099923381988,-8.77574951170831,-8.87478029892589,-8.935519555302205,-9.705415140935216,-10.613719491941591,-10.492188824627252,-10.76174729706623,-9.29657310188234,-7.958156786207853,-9.676145948068754,-8.762408694726314,-9.08099472731517,-5.5307168273261125,-6.474832307452303,-5.043851373687431,-4.422333772828756,-4.372627980495347,-2.3916827521115653,-0.8882519106254464,0.39371582831822194,-1.2796068603170692,-1.3675243153105843,-7.557962351984703,-6.53748125307465,-14.817589556940172,-8.13608159120492,-2.772545169789116,0.46791176427479664,-0.8141737254344678,5.747541611041072,7.982744581309393,10.4855269174202,11.196683264668792,11.6951086087145,11.383513197665502,10.562484034163365,9.589009684280128
-7.63831298708844,-6.97248589054248,-6.504385294757173,-7.18630159941651,-9.299258469332022,-8.854813770560853,-7.777925626372475,-7.506571509058688,-7.62447260864424,-7.984832763868275,-9.897152869198962,-10.982424519219002,-10.469213784891704,-8.854451421297025,-7.385861395330399,-7.3517755189582905,-7.758225485169599,-7.109070624088744,-5.338839907680598,-1.4430977722987888,-4.711971996164366,-3.37163435331333,-2.5503204903813423,-2.1657385003083496,-2.721341299715497,-4.706903398258573,-2.6850183363796987,-3.5114807786651427,-6.244950786217255,-0.06043282893817141,-14.0768746522258,-0.474704163384598,1.5895308952746305,-3.0058604951340673,-0.38043230275070156,6.724617178947116,9.049326921334892,12.187943351820294,10.550805676437568,9.908432084375992,-3.37305558271905,7.502288007973805,9.77383935027839
-7.646802688266929,-6.611847145274989,-6.497766794190349,-6.769977266108081,-8.42652651664946,-8.169613469965535,-7.43548371722347,-8.049586825073943,-7.574516077653789,-8.286608733165195,-9.960334949137422,-10.467444644929328,-9.904412452809886,-10.442822848224086,-8.809166937478397,-6.088131400102223,-6.315771166818911,-8.52596278999164,-5.6113372907464125,-3.222424908493942,-6.365400636708841,-5.176741784354246,-8.005594023791334,-7.981889174109744,-6.0730870238628984,-5.543767848991894,-3.956097205972366,-3.9576065010271986,-1.6691377555926172,0.5047540882115377,-5.389428974220552,1.0187479576676957,-9.053157299087188,-3.0214333318170294,-0.20671955941240144,4.680109865584407,7.273966867191555,9.378587620771425,8.454346714206238,7.4234295203168505,-4.360478482622646,8.506542362188199,8.88713653807132
-7.836062882768578,-6.886714888354112,-6.268652370896206,-6.511562741029428,-7.81107533129368,-8.520683706825416,-8.008551974187652,-8.178169640721396,-8.111724148319373,-7.95869483329164,-9.197768142243067,-8.638971236775102,-9.912873116026486,-9.130220960594094,-8.147379804931656,-4.407353709205194,-3.96167185991911,-4.784548372571178,-4.908948496836468,-3.8642108581973615,-4.979225303717976,-6.741118625757291,-7.991802153367029,-6.449662778208882,-4.322749694945198,-4.65612953228627,-3.3887117150608677,-3.2994157844296232,-7.700459724750083,-5.372920004694521,-4.463260202413408,-3.0169615162275703,-5.860049600906113,0.2953281338537221,1.240666250824362,2.1727251635070197,8.156816181410672,4.306968898511149,6.672948131196618,8.231114662380344,1.7187955781885234,3.679351523274972,12.127350608064326
-6.353705441988382,-6.519532713496308,-6.061980566194558,-5.572402287595252,-7.0160917601177095,-8.501412939612015,-7.945933351632552,-6.985972349600046,-6.951033647955999,-8.562907922542,-8.274456295583231,-9.095600519833058,-9.167032633522144,-8.330004336491442,-6.825590699638893,-7.031743344501127,-2.4248509613691396,-5.443530575454757,-6.051654463580677,-5.586125130847929,-9.441055861225633,-10.137244253939333,-10.458271642954728,-5.959155839486131,-4.142387396007071,-5.28801841381656,-5.077340486029498,-4.460700564975351,-8.018918407514949,-6.202117726661328,-1.3719117210747693,-3.0220228038554415,0.6601193155371579,2.8262972224859624,4.085769244036977,4.144631740467522,6.744751740612715,0.22936955114821655,4.236397959099021,7.4429854361014876,1.9563426842316223,7.796749528644054,7.177801347401084
-6.680685304689972,-6.719208674610358,-6.315537907389944,-5.992508928084637,-7.1901546225922965,-8.606089740864777,-8.911743573232918,-7.5862876736612215,-7.8092263548556105,-8.729914095561263,-6.368722686895026,-6.427089493711683,-6.452273565853772,-6.950393604504245,-7.036061706944672,-7.964291688608105,-7.7594835331398855,-6.229033321733455,-5.704331335434892,-7.039390750819693,-7.0913521532512425,-8.426489094306296,-4.898484893093914,-3.734605029609437,-4.403346678400602,-2.789298366726338,-4.030033825679517,-3.1662595332699284,-5.55395929327097,-1.0899902086427289,-0.8024396338769304,-0.5632503275583879,1.958390977918943,3.560209926513554,3.2730986804126085,2.4389888137074585,4.711845020720525,-0.35638411461755193,-1.5833544858668134,2.855102029651497,10.159490134402882,16.72516389580263,12.796658359179784
-5.507888538515524,-7.7931037454766345,-7.011300617704945,-6.630948582554821,-6.708035799931374,-7.671348089486666,-8.414274616718227,-8.7499140562538,-7.629046215366638,-7.466124635752966,-6.936639459820816,-6.083199276571557,-6.963226811160606,-8.164166893520807,-7.259335278008686,-7.451298060057134,-6.257922906234802,-4.798584501084398,-4.162510586257139,-1.7388689459514342,-3.8724422229042186,-5.356249377621086,-2.0462605010065826,-6.35012016691857,-4.155265503673104,-1.9455415695293883,-2.559960612393343,-0.5795744833814572,-3.4572968031594122,-0.6693443597042232,1.3077025473632333,0.14054931701242085,1.7736961329265188,0.410096788439995,0.6097434929164511,0.8198988221066017,1.9225633510424582,2.2897653816222907,0.32677558738671386,4.899886280273563,10.536512132712401,14.036497236734482,10.033881153539646
-7.735681445133452,-6.47562546420727,-5.4840030957840025,-6.052699800470642,-6.395550077680474,-7.02189533751781,-8.6920085888803,-7.587480059662979,-6.21134967637752,-6.185916183445099,-6.100842433781021,-5.347936859828865,-6.429261229164723,-7.6219028081938,-6.911587631651647,-5.157842632914347,-4.016630560077875,-2.319427116296729,-2.062035187773895,0.08171877097300789,-7.037589384604715,-9.566019693197061,-4.596785933900015,-8.404535547086631,-1.7016645360987956,-3.791764331250437,-0.7873207761125374,-0.776183250900967,-5.700865929059165,-1.3064139643021082,-6.3432402901253,-3.530887542632861,-4.197013154935687,-2.6303197429259537,-1.8259841592677533,-0.041727306198768896,3.313798466325032,5.1359024440122045,4.940125109404958,6.74256851347957,9.789078425008162,9.860955954678325,10.544762690267685
-3.0968935615866346,-4.287682975339226,-6.659391330175357,-7.524729981940367,-6.784023408954473,-6.565741497641584,-7.042526325157626,-7.9149770324151145,-6.573750470919023,-6.314213568399748,-6.0614038098434415,-6.054367729152595,-5.871811110897354,-5.895297674661809,-6.106821586524246,-1.648599330350331,-3.0221894429977643,-2.4319295280156465,-0.5153852487728684,-4.9160506648410145,-10.181722644096679,-9.711237434665243,-6.014573562734172,-3.8921860102385164,-2.813226346748277,-5.073633127744622,-9.491087858868074,-5.825558327010056,-1.9391985582961515,-6.1123859377728,0.822768700628259,-10.128550813441858,-2.227320277212389,-0.9211108548392862,0.1320913349382115,3.483836061411192,4.348800124855871,6.357724206199025,7.925608701856743,8.177974542131675,9.611783862884552,8.387091580317584,10.471143327153552
-6.54166761152865,-6.912465530199941,-7.723586193863703,-6.617260490769692,-5.996853899795622,-5.335496685117173,-5.373045116187156,-6.677353841858556,-5.716842519279569,-5.1265554379258464,-5.493949409656218,-5.161010252828299,-5.7735637812278044,-5.9349499637628504,-5.554106041425849,-4.295023396832484,-3.248951151830759,-3.8293457769961945,-4.330131775810223,-3.863527510776247,-9.576365627754559,-10.524289217225881,-9.2699127683128,-7.425674037529676,-7.435225169956552,-4.500080593575958,-6.100516013375327,-2.623471569275187,0.043102461508390796,-2.277972007974862,1.2274827720181387,1.7202539294285868,0.9489606629210955,2.0737447323706757,3.220340064840995,4.042329016051351,3.7418944093323696,6.136274492492524,7.39319031750981,8.867608479355415,10.858552887477368,8.45496637926105,9.70499170362964
-7.0418355214159565,-6.902889853868294,-6.669424028768265,-6.507587945818571,-4.6028416979925275,-5.056994927562364,-4.091286340937135,-4.488345376129756,-7.948930353348555,-7.1644691180087205,-6.685950630170529,-6.335915401388467,-5.409316379215082,-4.391537063607687,-4.814684834834203,-5.292807944448392,-5.618982274613135,-4.827476151309065,-4.207105846489153,-5.7979477686778615,-10.1436456563631,-8.799116550866906,-7.660431863645851,-8.791238054031634,-6.692198598074949,-3.93034939537992,-1.0741941479603794,2.5522259665358114,1.5842884566464175,1.5797329772888369,1.8434048491487354,1.2706843533635948,2.4289420721204933,3.312666983737751,1.0609279104547684,3.6362097961508155,6.325734424870555,6.934404446942939,6.619069453014996,8.18423653006113,9.710421802472203,8.490236403098422,9.99691981421408
-5.913009425232919,-5.331280907924136,-5.562991086888609,-6.465634073613898,-7.313956473387265,-6.120601593124523,-6.63051040153146,-6.815431792250938,-8.008975402909506,-6.8191844373162045,-6.096051335052075,-5.763061803484186,-6.442545232437749,-7.1213818996210465,-7.00085433243569,-5.943112799776237,-5.374179353552807,-4.999361198390283,-5.688768516057384,-7.303118460476679,-7.84466040706556,-7.212680752762758,-6.654053130339619,-4.37447959906625,-2.4281142892959524,-1.7194255414889255,0.18438319389800475,1.3705630977986645,2.2470995057135723,4.007178369850508,4.434412610612448,3.3455207135744676,2.79129096014971,1.7659651325667065,2.1142757671856396,3.8070689213186353,5.309168068003059,6.120408636334995,6.310011047183023,9.166672817939187,11.414448792836826,1.555275639981381,10.940491426023186
-5.083057519652081,-5.483948924357684,-5.273175114532529,-4.850446847818307,-5.402001366016782,-5.904333792475979,-5.828626593797811,-5.521907240930304,-5.431012644364176,-6.03358341355845,-6.561581909316035,-6.748590400481574,-6.855779195952444,-7.284363757172277,-5.656243164488153,-5.45206229162668,-5.319269529295419,-5.380877100612149,-4.518125851415574,-3.4564868822288988,-1.7385550893577135,-0.4750251484953507,0.017453666723521468,0.5246283523512238,0.8493901943941154,0.5960164801541864,0.16027772989939387,1.3064104974666007,1.4533526902756317,2.348641093024926,2.9780754940772365,2.7021838753241254,2.6125958920942023,3.8115768040760543,3.18587128376344,3.831305164087108,6.046124486189336,6.709136204322696,8.640280228649479,10.869963817135687,10.91413853780163,9.359525128962877,12.641494868472435
