public/json/wind_2018-09-1607_925.json
{"header": { "discipline": 10, "disciplineName": "Oceanographic_products", "center": 0, "centerName": "Ocean Modeling and Observation Laboratory", "refTime": "2018-09-16T07:00:00.000Z", "significanceOfRT": 0, "significanceOfRTName": "Analysis", "parameterCategory": 0, "parameterCategoryName": "Currents", "parameterNumber": 3, "parameterNumberName": "V-component_of_wind", "parameterUnit": "m.s-1", "forecastTime": 0, "surface1Type": 160, "surface1TypeName": "Depth below sea level", "surface1Value": 15, "numberPoints": 4800, "shape": 0, "shapeName": "Earth spherical with radius = 6,367,470 m", "scanMode": 0, "nx": 80, "ny": 60, "lo1": 109.0, "la1": 20.0, "lo2": 116.89999999999955, "la2": 14.520000000000117, "dx": 0.09999999999999432, "dy": -0.10000000000000142 }, "data":
[rows 40 to 59 of 60, columns 0 to 44 of 80]
-18.558010598224428,-17.574898010001576,-17.462128480918192,-16.258437234802074,-17.669798630959264,-19.747558548013494,-18.157372322518903,-20.049048760497634,-18.38698971358628,-18.315076545545715,-17.25136306678584,null,null,null,-24.654038971232612,-19.74016897304029,-24.287065557037444,-25.40631736837411,-18.463980084777162,null,-24.88313775466894,-26.47215890622856,-26.760158073844323,null,-19.182896985386417,-23.306669175774886,null,-23.985642059948496,-22.21456118324819,-24.166485448597186,-25.598406837601964,-27.026272671345538,-23.2090514754495,-23.24371736079286,-17.86250134075822,null,null,-21.20001436168809,-20.049354895582773,-18.922534158386824,-18.010387685078637,-18.36643561661264,-16.545300971627437,-16.9500572520628,-14.168420436562124
-18.445807886671464,-18.81805392624294,-17.848729640709966,-14.714021833926036,-15.214615443135367,-16.668131408996487,-19.265185541119894,-16.59070372925221,-18.64111928423421,-17.255994378185736,-18.416522126299846,null,null,null,-19.80088508284296,-22.088405261311056,-22.82211982595057,-22.56664493328402,-19.645264501785146,-18.587283394139416,-19.10578302404348,null,-26.432633635786335,-23.65750502240736,null,null,null,-20.09357730668222,-20.68464196466044,null,null,-19.876218859107517,-21.384346471648435,null,-20.970850340237313,-18.30178145324915,-16.750280866469094,-18.855456990918903,-19.80582050337624,-18.26873502697788,-15.113947017026543,-15.904019142354468,-18.07994815038015,-15.472752813324464,-13.748874087140264
-16.543248066490072,-18.805701012432767,-18.183373544115973,-16.04973976539193,-15.507443272134594,-15.371274779980697,-19.56778070105432,-16.814629874018113,-19.85035448066992,-17.607968491460703,-15.428859183573149,-16.108638366051366,null,null,-22.778965730526846,-22.097585343324408,null,-22.398935012006874,-21.175528607748205,null,-19.29599075696604,-20.479733501083427,-26.497116805966286,-24.331865521996217,-20.345372673061053,-12.282980136829902,-12.338308913462994,-19.144405656695564,-18.759245856642178,null,null,null,-16.899880790655455,null,null,-16.68883188420307,-16.35585157641642,-13.443394282964276,-14.316696680201488,-15.943723206011324,-14.723659674084674,-17.43122006724944,-16.175454227323062,-15.942328311305044,-14.753723687151338
-13.191691715053132,-17.01696635143689,-16.312965007661514,-16.262490617196313,-15.466505907480167,-14.100017649486725,-17.435469651768862,-17.70815007488686,-16.49254092179978,-17.286082835336575,-15.366981638673723,-16.27285299294985,-15.707302134513622,-9.795687463449111,-17.747849555617215,-17.470337682099156,null,-18.65894849965405,null,-16.532971471566697,-12.8284886678405,-20.91919463666814,-24.46169860883687,-25.669777300144197,-23.141364504120496,-16.919486174779152,-14.33124860238124,-22.08032919909053,-19.038543362737332,-14.386442615556074,-18.132382487301783,-17.769396666932426,null,null,null,null,-15.24477103547583,-15.376661593198405,-12.809662455883016,-16.484603385261394,-17.550128212696023,-18.27693501502831,-16.86604888656123,-20.093108484747155,-14.10291926279215
-13.823968542841031,-17.807381990947043,-17.178567400704218,-16.400356584372382,-13.394402284703746,-13.939298680430205,-16.182059866786577,-18.607689964377577,-16.43840238635909,-19.898914236026858,-17.880066673697815,-13.755318110972306,-16.05457438830514,-14.92823409394835,-12.245202722410177,-18.134551511894397,null,-19.032745080359707,-19.983052413930203,-15.542541560760622,-15.907477483828618,-23.322640679084873,-24.698659232783363,-27.024624022926137,-24.027709107381582,-19.311338463988836,-22.802180563631513,null,-21.98254054450028,-16.922753143658543,null,null,null,-24.723273109785517,-18.69994671499596,-15.605528735277174,-19.576588347485558,-13.087500654307991,-14.033859371036586,-18.289910339687886,-17.816117514435483,null,null,null,null
-18.258611076927544,-16.231563708359932,-17.95055830069026,-16.648327009483552,-15.277357777937205,-14.546332020324803,-14.490013579645318,-16.89558452497163,-18.244600121479994,-18.72656361669341,-19.700215953440956,-14.44851633248916,-15.328954750945513,-17.402501554476576,-15.79407687041359,-18.192985964068665,-18.604329973703994,-18.308171283041045,-20.67049423015242,-18.415113188227387,null,-19.017520742261446,-20.91586219631437,-27.48803422298977,-25.596192360516923,null,null,null,-16.829634234763457,-19.434111688070658,null,-18.041418356321635,null,null,-25.34819861016846,-20.071613475548276,-10.917678386147596,-17.62192333756368,null,-13.793049161601738,-16.47835972795979,null,-11.972003353063606,-11.450953475592073,-10.75127087757824
-17.529071937835976,-16.439132134768414,-18.621157936046476,-16.596381247060307,-16.033598853820575,-13.757815649581527,-14.709358868522479,-16.572819105554004,-17.764899626463986,-17.046433104425915,-19.45210003780761,-12.76494919535424,-16.110632725898583,-19.613970109107008,-14.583842359678027,-12.81198548366119,-20.18026571692806,-18.438042053415664,-22.329662653279378,-13.716098013049429,null,null,null,-22.22025810905177,-22.123131179829965,null,null,null,-19.23518842921831,-18.92487030730699,-19.95244953623634,null,-19.099678601306245,-13.937050994771699,-20.01605845290465,-20.12378069265519,-16.375099045941226,-17.51450904548054,null,null,null,-15.880789932186968,null,-13.58796844860569,-13.076362774280923
-14.660352500520613,-16.166207407361515,-17.88261396726757,-17.261596639899967,-16.525401869427757,-14.086298779187825,-15.531088051661936,-15.125768950167947,-15.240670098054458,-17.60058736432544,-15.79650213003357,-15.914289243523255,null,-18.467128965170204,-15.079809365580582,-18.117623901725413,-10.82833151198276,-21.446282290347334,-18.547805395724836,-17.04738936315721,null,null,null,-21.427277527244208,-22.70273278961575,-18.32676371309937,null,null,null,null,-10.74441298427976,null,null,-14.977159488010582,-16.03634423195118,-15.619453930374123,-16.722768194534375,null,null,null,null,null,-12.919200653687007,-18.540407400660833,-14.450769371739739
-13.982553361199038,-16.552892378624783,-15.784982781465795,-18.456386277601286,-17.579377683198235,-16.54453713421036,-13.669002494084893,-13.625803098419969,-14.411339504026493,-16.733274333139246,-15.245905693138216,-16.552608116966354,null,-16.593549230007397,-19.001000571924706,-13.432578460037663,-16.621552770571153,-17.889603648200936,-18.25400197111181,-18.223990732928076,null,null,null,-18.10249317795102,-22.673606701992686,-22.73448120324922,null,-14.09569571652445,null,null,null,-9.969240753599566,-13.344724574744005,-12.828312382809116,-17.477209644714,-11.71978275139704,-17.702630342823163,null,null,null,null,null,-11.22811830814827,null,-13.467387081925713
-16.214071034051035,-16.906132910156302,-16.732830969112392,-18.550647675441034,-18.691659608089658,-17.328477090891884,-11.754072421426446,-13.73159092034753,-13.436503857570044,-13.082698612937932,-15.613074065685227,-13.725687554186655,-14.607081559406584,-14.573550253911982,-20.08123662365765,-18.495867398191756,null,-14.854898996527218,-19.404793320808444,-12.116082129336801,null,-11.00216565685479,-14.009661462254417,-17.334812931972728,-18.983391030321567,-21.586067388047777,null,null,-13.868045419148512,null,null,-18.398133091190953,-20.11956758976171,-20.176161595120313,-18.140518836924777,-22.868484901687733,-14.982213115695485,null,null,null,null,null,null,null,-9.548761809122556
-20.699455680596213,-15.146082348995177,-18.24912136110546,-16.866998066637255,-17.288300487332947,-16.5445655713213,-13.855933257796572,-11.307642807685072,-10.674238808114698,-12.114708713737441,-14.44537776428435,-14.310125515424295,-13.815870711946392,-16.12657859934949,-14.822405922063048,-17.11920913423413,null,null,null,-17.92894666221607,-13.616543836639508,-17.26823840460314,-16.184846304122843,-18.089451732814982,-16.795090118125042,-20.653283858760318,-16.34459551130626,-14.350169059464585,null,null,null,null,null,null,null,null,-18.425684689402342,-14.560287404736387,-14.359265897699913,-15.632563872494162,-14.09828002647579,null,null,null,-9.385869722928799
-15.564703526557512,-13.458077593651547,-16.023686935287625,-20.177909594081445,-19.134298386983872,-17.025074408076268,-14.548991443939203,-8.872706814555407,-9.981082179740847,null,-13.980813473289249,-13.969117775728437,-14.073277411345996,-14.60743295218052,-14.904634113972575,-15.970066696798762,-14.728378488688982,null,null,-19.430964978407175,null,null,-19.185067740854954,-14.436093576311906,-17.196171240047207,null,-19.164671476983056,null,null,null,null,null,null,null,null,null,-18.023261202288776,-16.098249019742823,-14.740008554932835,-15.203280526901443,-13.28268038187673,-10.636265263599965,null,-6.5427423542275625,null
-18.393132315934288,-20.044107504768057,-23.03852178543207,-18.821146561286817,-18.288441468772998,-16.674577308286242,-15.359289394827414,-12.72812213415104,-9.119054233432717,null,-11.286832708236732,-12.899940474068135,-13.230023376498416,-14.14766022437096,-15.147734257204716,-16.589220950364407,null,null,null,null,-16.276736304037257,null,null,-19.83926813745719,-18.294420543788757,-15.385616051797966,-15.573079464274098,null,null,null,null,null,null,-13.01481556814055,-12.502380586197885,-15.159936376362891,-17.631276407589834,-14.270568686438017,-16.024927452942514,-14.623273416063462,-13.95845675354585,-9.733175457531448,-8.953280299174965,null,null
null,-16.93168535087058,null,-17.588439267499176,-17.20263463689858,-17.002723864478575,-16.385604388625797,-12.86008960467093,-9.466515276970762,null,-12.13166409036849,-12.031912622853842,-13.647451839918283,-13.053033275548929,-15.664324526671274,-16.231580633674252,-16.15510973376348,-15.952615078176445,null,null,null,-16.229292657626587,null,null,null,-16.524354784331088,-13.980944346477079,-13.964448164701652,-15.016249709154897,-12.965846425000322,-15.030123194542732,null,-10.540172216736316,-12.165313404816228,-14.500023261118914,null,null,-17.80911192756965,null,-17.026045205465604,-13.042321453774719,-10.827496566984912,-9.703734063357782,null,null
-14.02794371061572,null,-10.858049274028351,-14.156603176729863,-13.95612215810525,-16.478618551110664,-16.46128095359634,-13.98157032046242,null,null,null,-10.775072337287313,-11.745890944783143,-13.489236567865035,-15.16480770905763,null,-15.900562704312787,-13.904196263806417,-15.049180432884153,null,null,-17.038532121275345,-13.205957098165866,null,-19.0216195031441,-16.68246085440966,-16.340939585771004,-10.97108976605081,-13.38032401300981,-13.84724263322281,-14.318086215014429,-15.384241381613732,-17.780039437244824,-18.020690475847978,-13.450051800617334,-12.381806613098822,null,-13.87756218695834,null,null,-14.1449471732694,-10.596910725767604,-10.372510435916015,null,null
-12.797363593765319,-12.273156387040125,-13.327114567888074,null,null,-15.19431896845478,-15.476472378935323,null,-10.09438183768027,null,null,null,-10.340419836316487,-12.713838984941452,-13.803028974969148,-12.083589033743717,-13.651118036498964,-15.752863801272362,null,null,null,-11.957751183831393,-7.969663192630957,null,-16.922232304670885,-18.605895533723483,-18.096810341460756,-16.16694597293206,-15.777953562525573,-16.650051864855953,-16.152547886624394,-15.739252171940873,-16.518733411635992,-14.429953900397077,-14.756239224407619,-14.34084711666166,-12.383186682107208,-11.808125468572227,null,null,-11.665885843038538,null,null,-10.901809142341072,null
-11.514328114272834,-12.031660589034393,-12.289630693542136,-12.133635653251329,-12.901047423288391,-13.399513702713561,-14.282692877386637,-13.426016947228234,-10.549379305026905,null,null,null,null,null,-15.805048939309133,-15.385905291995924,-11.555293355036543,-14.560403378089198,-12.971928323978684,-14.400742689085826,-10.889798754071505,-15.185766065968322,-18.886074461425174,-19.720150313741485,-20.599543543948247,-20.57817857666801,-22.068753028089755,-19.137372439729205,-12.098707616751293,-13.860325017026646,-16.970582726369855,-15.04199576686911,-15.078218623323611,-15.510804458018598,-14.042527154813435,-13.972253682668025,-14.63936905698342,-14.210105511108885,-14.565246656832683,-12.598537040981556,-12.23437551500877,null,null,null,-7.218584160287555
-11.83533493841268,-12.318669251585442,-12.482310626564825,-12.672382704394868,-14.261534746988337,-13.98567334530987,-14.036003251098247,-13.826582126355373,-12.195741648666566,null,-9.537068732975744,null,null,-14.736952235318702,null,-15.575753625407334,null,-10.708230366284248,-14.69147911563588,-14.61931630243818,-17.15927601959239,-17.73133041524389,-17.315725771755908,null,null,null,null,-17.69718255729061,-12.534061063857592,null,-16.34550189663144,-16.654615867136208,-15.19136539031354,-16.021859449745904,-13.155913312630082,-13.629296782690451,-14.95095310400719,-15.965894203357271,-15.258054628065668,-15.13759527640657,-14.112569157133438,-9.886393370457268,null,null,-5.360585889669581
-9.651251914329764,-12.801696166135372,-10.780931664034597,-13.46647140757712,-12.806347951822922,-13.345358960372064,-14.423226051260954,-15.14590279250189,-14.127144814660543,-9.484592547075861,null,null,null,null,null,null,-15.050352108327068,null,-13.933684950973387,-15.739640781296124,-14.837216635924635,-15.502511046400322,-15.155447282787248,-13.262533630684064,null,-12.199224189700107,-15.085183825207721,-15.749808356130128,-11.950382183826424,-16.672948521945514,-20.237368334767496,-19.068393933291958,-17.336766394538486,-15.631757527206606,-16.025107490964338,-12.444716968391695,-14.175278856284361,-14.990397746282017,-14.882744734397821,-14.769706556140271,-14.73811088917839,-13.552316477780973,-7.280454620182483,-5.629021486221902,-8.267232340872669
null,null,null,null,null,null,null,null,null,-13.024421332794615,null,null,null,null,null,null,-13.963357002814728,null,null,-16.599610052578246,-16.53234464941712,-16.047387589377422,-14.90506563666081,-14.71407317975785,-12.680049942807575,-10.854159389856193,-12.858924431255005,-15.064059040810609,-14.716959194867389,null,null,-16.36468722976281,-18.54860045792017,-18.714953790768046,-18.936729488592405,-16.85134419342019,-16.070554454154784,-15.404089856219752,-14.251295542785744,-12.993634974300644,-13.062379778180155,-13.181407015923964,-12.757498130566184,-9.579538445126335,-10.391917081122202
