public/json/wind_2018-09-1607_850.json
{"header": { "discipline": 10, "disciplineName": "Oceanographic_products", "center": 0, "centerName": "Ocean Modeling and Observation Laboratory", "refTime": "2018-09-16T07:00:00.000Z", "significanceOfRT": 0, "significanceOfRTName": "Analysis", "parameterCategory": 0, "parameterCategoryName": "Currents", "parameterNumber": 2, "parameterNumberName": "U-component_of_wind", "parameterUnit": "m.s-1", "forecastTime": 0, "surface1Type": 160, "surface1TypeName": "Depth below sea level", "surface1Value": 15, "numberPoints": 4800, "shape": 0, "shapeName": "Earth spherical with radius = 6,367,470 m", "scanMode": 0, "nx": 80, "ny": 60, "lo1": 109.0, "la1": 20.0, "lo2": 116.89999999999955, "la2": 14.520000000000117, "dx": 0.09999999999999432, "dy": -0.10000000000000142 }, "data":
[rows 0 to 18 of 60, columns 0 to 42 of 80]
null,null,null,null,null,null,null,null,null,null,null,null,null,null,null,null,null,null,null,null,null,null,null,null,null,null,null,null,null,null,null,null,null,null,null,null,null,null,null,null,null,null,null
null,null,null,null,null,null,null,null,null,null,null,null,null,null,null,null,null,null,null,null,null,null,null,null,null,null,null,null,null,null,null,null,null,null,null,null,null,null,null,null,null,null,null
0.16872495381091018,1.4066909020050635,1.5913527567271588,1.2264518692325914,3.0723646228609525,3.4956369046766587,4.073842294763386,3.323360135047505,4.632377058053722,5.977349672441736,5.037668713361745,6.133889105480192,5.797566009325986,4.8167530472716615,5.328264167123868,5.839465759264431,6.820911186871444,8.049602022157407,9.151656789926669,10.25988940551726,11.3190582249184,12.261151376077393,12.398331257227692,13.121368868560022,14.288497506129147,15.390880635323127,16.03239243924074,16.64199795119795,17.500300798800588,18.909593225192022,20.3083404529976,22.17309951730795,24.3343932616225,26.146960989044153,27.98298824109738,30.0595213874613,31.210620513720965,30.86813101184467,30.58661339064374,30.99432869935324,28.882911665442798,25.17091630796267,22.72438927582763
0.020179294352828954,0.263827350421326,0.03628481774323828,0.7445165516532124,1.5377068275378851,2.583991960122285,2.1508060530931505,3.9017334840031532,2.760235089010199,2.918170082443992,3.4800735547230537,4.526302600194031,4.921698055701685,5.220865904645732,5.5604511326663895,6.072057341165981,7.490094853076778,9.038676667210426,10.064910889811177,11.296875170704602,11.031515937353294,12.404898000818037,14.038563131468605,15.296136009024965,16.42870403060099,17.490490356889755,18.408737827029952,19.363256834916502,20.509653627523356,22.534129754809427,23.337518243689132,24.583596470430336,27.819061793029462,26.517306762078118,29.678680112285274,30.159055335436957,32.8699859200999,33.2136547669856,36.65777234065381,36.597474272820456,31.644975539819647,35.32351245596529,34.03960771414828
0.30835554272961874,-0.3448232926880203,-0.8131843468040499,-0.08260085045067352,1.29018234717477,1.0143617104703224,2.2461325663133653,2.2980620329110035,2.712339562710514,3.077107216697817,3.650506430791496,4.720988778971281,5.912677021772443,5.247010681158932,4.996485624821334,6.172422222178319,7.734713215314326,9.07512014522135,8.974123366069295,9.873209494503396,11.282072851010504,11.469896301699071,12.981461344524492,13.563285356992429,13.935449643454145,15.857470746803816,17.483060334000758,18.82315175022157,19.51724330690595,22.626332684015676,19.972875580047788,20.72353151473404,21.508974728016923,17.663183497239572,21.783159125881305,23.580365236861518,26.444094099293096,27.852513279051962,28.775961681725356,35.89420217771189,34.863294913841685,38.24056713887765,37.173706397522864
-1.124502369023523,-1.8161259711252593,-1.4551121880769133,-0.620962244244514,0.214865271510914,1.1520873957899307,0.7208161886247013,1.4684044168942951,2.55699170891854,3.4416034005077325,4.156203211988776,5.224820308721347,5.612716043891228,4.369522845927674,5.558553216089097,6.383068943386556,7.345321942276626,8.412099467449494,8.751300400055445,9.051121174962164,10.04474722235086,9.743450350319016,10.268334073910099,11.112134677058776,12.928354612466201,14.156444084165203,14.974500812077707,16.10062469644829,19.258902092625192,18.5664303631605,19.992837910038716,19.440004949700356,18.97944559605017,22.332380890307608,21.606069091125555,25.50881447544586,29.397983633164536,30.04200699992333,29.813999978013427,29.79224975650467,28.24534853650108,35.6003080662471,31.689856403285436
-3.1369631110496554,-2.879491656654394,-1.95270178245348,-0.9955523124054397,-0.3214103567958681,-0.08105148013817466,0.8383705877441411,1.4382510679462284,1.9526878228460982,2.374775396795194,2.8641699548511275,3.681002133270505,4.588312325102006,4.662025505692638,6.270347313844532,6.659546742195152,8.00834362279802,6.9057689259935,7.553797261563011,7.779456022466282,8.471184517901664,8.780816912915036,9.770348894185258,10.539288112120639,11.454136421797875,12.283629546052392,12.947768652768275,13.757822876282145,14.036680657904581,15.618351724414703,17.15046509111623,18.32665292250548,19.86087386998519,23.40271096619356,26.132424692224166,30.432276329631925,28.850274491630174,30.666061022791794,32.90166792860979,33.95867051526979,32.93062828972066,32.138547373714026,32.32774598475242
-3.63052274351352,-3.1652255603436874,-2.770432739314159,-1.9705392222067668,-0.7523653699609357,-0.29284236561613547,0.25216790569103037,0.34465432065155094,0.8128469902392144,1.4467316991763643,2.8277482037370856,3.6584871089403928,4.841484802560663,5.276692281566241,6.456313270564056,6.799939741629361,6.648098294271335,7.0073493575893675,6.83686859558937,7.006818152777837,7.496954497683675,8.001616903954307,8.746278693862546,9.687413531697825,10.11245807315302,10.15945160722634,10.828038040577667,12.076979044978735,13.080482842063617,14.62994245009762,18.382227915648194,18.79382061954324,21.60786698194986,23.9440141690588,25.278075906876907,27.01168504152271,26.23604547376138,27.683206909891208,31.224426276038166,33.92710879957717,36.612326289349376,36.430444128412915,34.890754936164356
-4.295683994320487,-3.523677044560612,-3.1544024919063,-2.146615103809007,-1.618947742662139,-0.7735425365708771,-1.060708369450177,-0.1666768275019358,0.3740876717481129,1.8988992107613207,2.6947427689653063,3.614380929346238,4.721909003011112,5.672778425511441,5.949377912623051,5.650050641938803,7.018907432512097,5.518925857648309,6.6018249533557585,6.657787818761398,6.998438131384338,7.11406402598265,7.421278778167089,7.720544791138849,7.395299390251588,8.319817929099818,10.120784747444777,11.647370123303837,15.556696621373288,15.53322676180062,18.563260070544107,20.20456142318135,21.748148085335004,21.182495575279127,22.580419059982113,25.108002394301018,24.070408319435778,28.911027483895737,28.405042115439578,31.494275489585526,30.67950018041926,29.824498816072683,33.15964762185016
-5.245691302964188,-4.461585228192355,-4.064891042897783,-3.3706280018460726,-2.427414576550534,-2.074521140734791,-1.6831391060813885,-0.36995175295470434,0.5667581621733382,0.5927906697400706,1.5043881077134487,2.3673841655527834,3.3855281318603403,4.58122642443895,4.76230521323154,4.784277654254637,4.0496576521967285,5.264764680352733,4.888475054000846,5.5767345766641725,5.273559822951578,4.900572822237663,5.034992685804164,4.53570308057391,5.022628045065711,5.396891693951965,7.124385471380762,10.602186084070492,13.64417455394181,15.195150981802758,17.940030049397787,19.990266313691247,21.567884745038945,22.62170034871498,22.082753238544786,18.77547035273217,20.55272299804527,22.3427178797705,16.66452260082398,18.287535748571162,20.820059268907087,17.31254837672986,15.000699656188367
-6.436747976177115,-6.522557608554101,-5.047093804163909,-4.3211874659063,-3.4077896798559624,-2.4273665168326253,-1.9999344499099125,-1.3799935074100635,-0.2612413916891254,0.4330991533957206,1.021347788749574,1.9435202602543191,2.113610995935298,2.866916289480738,4.30452250489653,3.9793135275224203,4.029804508273485,3.787226113644819,4.540520873761116,4.530257765235791,4.809398820743955,3.378823878382732,3.4237607440168505,2.739569826256503,2.750759235601768,5.1560793843349515,6.276856900971727,8.552208391251039,9.594911338079214,10.33262136330823,12.895284547223158,17.0321058133396,20.396054674788655,20.61373054076094,16.71015345912971,15.331137872329446,15.084428278192561,12.808927104605072,8.312718491529102,3.955198621198198,1.112309476400458,5.176315384596807,8.69317202188729
-7.212489019319832,-7.129165212480635,-6.211697054804735,-4.966987373807923,-4.602996368998376,-4.724381006101041,-3.848911356533324,-2.691488064274878,-1.0911898249106178,-1.2346030342317218,-0.2371144990053118,0.9102450953147574,2.138047419603656,2.4162681527609173,2.8602356754060594,2.0633343360569114,1.5742942369519044,1.7490758683794019,2.492542769048769,2.8485106633299626,2.6970713840842615,1.3762568636575354,1.600737157295978,2.127117676215825,2.749310474045093,3.2468931513209114,5.281575046302785,5.45724399015436,6.330557932135306,9.869252026011868,13.66222059727697,12.174051279228905,9.040282718767072,11.104981548108302,7.285425958762628,9.979084158490359,11.14468387699964,6.515238243721287,-2.3985158284045545,-1.0970207196263897,-2.306334928979363,-0.6677209843278864,1.9479007890782327
-7.894619947738981,-7.365179856095534,-6.482343381714044,-6.932431640211217,-6.074534182693848,-5.556955465320593,-4.896392336441835,-3.5476328178250176,-2.7930846784768333,-2.3563376475283246,-1.5146584241645402,0.4408157180983362,2.3471971303176167,1.842529154070466,1.5737489851604847,-0.03232212625006252,0.27749750541326984,-0.10734594276968817,0.9960101174768733,0.6876765046286,0.5396486168599569,-0.01958112494785197,0.8132724639168317,1.7000426403279227,2.2471436096411512,4.258698348144141,3.081398796040045,4.446556706457041,6.488474309163079,7.347261119895367,5.393367992214983,3.66894411575286,2.2278854057606896,1.6547847707756993,0.24536862055055322,0.41640500012447057,1.2145676655972126,0.825300085545849,0.2548001851240256,-4.727018415534814,-2.854363379364465,-3.1815688053671085,-2.550199078030121
-8.693700041227736,-7.341974705197499,-6.815103221439073,-5.940539699177091,-6.142718698095058,-5.99995274666345,-5.317283488553798,-4.509551990376534,-3.2939172134067576,-3.3804886348884193,-2.069588356650706,-0.9070828255499155,0.4641737166393485,0.4894832996545703,-1.0361180103526613,-0.8265721587979362,-0.6669845334111213,-1.242240486940339,-1.5199467230320929,-1.6335543760359437,-1.1464789648573888,-1.9947392652263074,-0.19018554440117863,1.02057644500697,1.135587342765013,-0.36993409492023444,3.1013157670814513,3.5570566611928607,3.7611735418322825,1.1527002955576262,-0.9943496142812953,-1.6632520604455932,0.7665810362449745,1.237136000465774,1.1194065878601875,-1.4457502253195282,-2.7740205843226637,0.20363835104539274,-3.48624911369988,-4.836041408195629,-2.217865796280901,-4.309342788123605,-5.483524258729516
-7.682925572381205,-5.409971914714012,-4.47030633665878,-4.504167894684347,-5.052849647363429,-5.345446268838378,-5.1224706792768515,-3.29207178774931,-3.22778931244539,-3.5084744113579553,-3.595397695996424,-2.1947333126540594,-1.680349177900617,-0.9799782802059518,-2.932151890232855,-2.727747727935527,-3.227815551221098,-3.4774454853889996,-3.689544850193769,-2.501408687001785,-1.787049186041442,-4.063299889806385,-2.1494723057866785,-0.15432655743850202,-2.1207718454497604,0.04552408080191846,0.1569235280815534,-2.654830904852853,-1.3329431089855324,-0.2971882188043067,-3.9164193882966574,-2.427629215679059,1.792610025497336,1.867565441372146,-0.540421839145477,-2.452517452599552,-6.369459115449769,-2.5153366977267178,-5.077905774045959,-7.185472293913175,-5.850099731317931,-5.550289860537844,-6.55104037714202
-7.4155026898888,-6.9404343970885325,-5.7593184177462176,-4.440369463476085,-4.108029681045867,-4.205602016591357,-5.265183529680558,-4.7348224595423085,-3.9793103593304364,-3.0005261470388547,-3.295323207286018,-3.399252582507256,-4.283183629703872,-4.445541355510585,-5.554499227495171,-6.237983037559463,-5.871134720635993,-5.709369104971907,-5.0135080342607825,-3.2072256096910152,-2.311047756426465,-3.7278030337945185,-0.33813559762018053,-0.7020947120809334,0.6250547901675743,-4.667569608493324,-7.089090720822526,-7.642344223640802,-2.7134160273295347,-1.2674831302727245,-2.8229217521636474,-0.9113879887639689,-0.0976890693823147,-1.657114640975731,-4.26117890906512,-6.742055034860252,-7.443931580933317,-6.2583931152744645,-5.619378249502335,-6.710631164673812,-7.075866981314521,-8.55365192593376,-8.469651870427667
-7.204093723151436,-6.642605574498615,-6.496086831941534,-4.519471949517496,-3.1997683380572983,-4.244143287777109,-4.00360807795287,-5.520482169374218,-3.7175169035484643,-4.1181953245545495,-5.504985844585809,-5.923085739735935,-7.462417946867984,-6.72748520012316,-7.124517799661391,-7.409550179304249,-8.060136761346044,-7.865265638019277,-7.2634247477905,-5.441714382029707,-3.0048980653507513,-8.399841587634999,-4.904674342260962,-2.4342937080788256,-10.79253409863957,-16.0069125517172,-9.86702268590506,-3.2580662825051574,-4.5334081720439325,-5.604063190378247,-3.247718690620953,-3.8340641347598305,-3.3424744293860664,-3.486076933357994,-7.7649430497045735,-9.61791092880963,-8.742765891923824,-3.9223808732902197,-5.81290577644696,-6.894250661214076,-8.371304659508818,-9.457046473502485,-11.20467470528089
-6.376778543323987,-5.392503140835649,-5.499246664786378,-6.027953600525578,-5.355350089568629,-4.0239919169596465,-6.295436042897336,-7.259079065190541,-6.857554640228323,-5.54835645714707,-6.5465725383588165,-7.2318054771347215,-8.276667653865207,-8.59131076595115,-10.06074171024072,-9.682091501603336,-8.825912528124842,-9.004055938168943,-8.81046525991734,-7.110795131018175,-5.285636190939009,-1.5671792154412736,-9.21909212780351,-7.765084448210576,-4.323907925231851,-12.776711883342536,-9.172888515773277,-9.192556396781791,-5.65883876533379,-3.784092702527582,-5.422325601313813,-4.5965181208266666,-6.490804646049655,-3.876702591387889,-10.235773982622465,-11.965697848790793,-6.9218613913082825,-10.21908280085306,-9.614744591723543,-8.807161934292651,-11.119024667244007,-11.670388638121118,-13.569914890513292
-5.886305600544239,-6.03042156971684,-6.024520938210771,-6.10991203580269,-5.124170107083825,-6.166634230431476,-6.409461791085607,-6.4838515028650745,-6.0192419173227325,-5.297293754708241,-7.5442260012693625,-8.173335730819147,-8.999507599378756,-10.269497115841778,-11.047690722597343,-10.210758161810466,-10.122799066607216,-9.660150473628644,-8.015542741786716,-6.424893229073805,-5.664004324585312,-5.443190123959405,-13.719799102929082,-9.404024462847252,-1.6580430431570876,-2.6798500073688154,-10.75881793754164,-9.82165987846448,-7.916203327341782,-6.042848924245979,-4.863885324290733,-9.263442826566191,-9.759756969640728,-11.640859897233138,-12.811484944675648,-9.399165845604347,-9.683651194781465,-13.730288988989166,-14.270437505692998,-12.545190127833132,-14.008047826063944,-14.609834852796695,-16.44721199890377
