public/json/wind_2018-09-1519_850.json
{"header": { "discipline": 10, "disciplineName": "Oceanographic_products", "center": 0, "centerName": "Ocean Modeling and Observation Laboratory", "refTime": "2018-09-15T19:00:00.000Z", "significanceOfRT": 0, "significanceOfRTName": "Analysis", "parameterCategory": 0, "parameterCategoryName": "Currents", "parameterNumber": 3, "parameterNumberName": "V-component_of_wind", "parameterUnit": "m.s-1", "forecastTime": 0, "surface1Type": 160, "surface1TypeName": "Depth below sea level", "surface1Value": 15, "numberPoints": 4800, "shape": 0, "shapeName": "Earth spherical with radius = 6,367,470 m", "scanMode": 0, "nx": 80, "ny": 60, "lo1": 109.0, "la1": 20.0, "lo2": 116.89999999999955, "la2": 14.520000000000117, "dx": 0.09999999999999432, "dy": -0.10000000000000142 }, "data":
[rows 19 to 37 of 60, columns 0 to 41 of 80]
-9.942060790140456,-9.217257351323905,-8.829214011873697,-9.22688612168877,-9.86415722019233,-10.102935809153143,-11.607674235413047,-12.523290003104817,-12.739628545269,-12.624157437050918,-11.889287024588988,-11.531251978047244,-11.300077653305229,-11.96889230711356,-11.323761482710438,-11.909959611971239,-13.226930621283953,-14.194202191554393,-14.495632974159914,-14.66725917834238,-13.000639152324997,-16.218078313267196,-16.46957386753228,-17.304628584570583,-17.379535530193372,-18.805299821044592,-19.060285138252283,-18.986182984446863,-17.45125161796309,-16.789994914973235,-17.625380261307544,-16.375153057401775,-15.929344714436635,-16.387455570707633,-16.142192153207958,-17.432038071885845,-17.12980071510113,-17.333729787221365,-15.116661957038792,-17.744789995449505,-16.28417763236563,-19.11661635657122
-9.820720614297061,-10.122174520551448,-10.131456009152448,-8.320832120501537,-9.46008435729026,-10.898209106073597,-11.580552745588172,-11.665547351513705,-13.110092549059456,-12.928546531909447,-12.543754476394325,-12.466370457152534,-12.102709746946246,-11.428428671881255,-12.01868623706291,-11.625618891134074,-12.708213574895161,-13.802048255698558,-14.238653388892216,-14.764260830577875,-14.939728386950794,-14.477418969469886,-16.3107452098637,-16.226872205144772,-17.083266965321965,-18.303306413959618,-18.4646057277024,-17.97443240313423,-19.93061076893724,-17.65426117957057,-18.698777092590863,-17.236486256785955,-15.54107259526428,-15.215485969490647,-17.661209002540584,-19.910379793768758,-16.988076610673446,-16.11181897720855,-17.243252154120295,-14.791645039728426,-16.270339568226476,-19.120387474160452
-11.371142103855277,-10.732025594527538,-10.573960187836835,-11.918617381854737,-11.487383084142774,-10.365016820741653,-11.054910093267406,-13.537667365505587,-13.449306582663242,-12.278078320668914,-12.85306437642128,-13.06889617787191,-13.055290608643162,-11.44221921577438,-11.526306271675534,-11.930823162914162,-12.106404608091523,-12.651323679262642,-13.761310276126526,-14.991042173929452,-16.204494001172986,-16.38541818963159,-17.407851356909827,-20.009805108064512,-19.57402137464011,-19.74144659159695,-21.27636711086969,-18.884638147611728,-17.568265722313498,-17.998405088992925,-17.574452480809484,-17.935834165906293,-17.017353645551776,-15.847633533371189,-16.48355818693468,-18.930772600804502,-17.554822553140053,-15.400184176706242,-16.302474862743008,-16.555031534731054,-19.275199434543083,-19.241400730239793
-10.286357956352692,-11.646611724838372,-12.544853028801224,-10.941069510308296,-12.56805007317116,-12.330123175871904,-11.426765658850845,-11.874928799884282,-11.849423085177035,-12.011685644772346,-12.716670554731326,-13.031479009368596,-14.25723419646106,-14.82779239245437,-13.06074568082161,-12.129142029166923,-12.897466979339587,-12.385596664351759,-12.695452556927624,-14.218010194396303,-14.773067248089589,-16.44945489188416,-16.38332191079267,-19.34160346371551,-18.20693543744188,-18.323310507821606,-17.952243326238026,-19.254100490206376,-18.12477385342718,-18.251722579964323,-18.00675920231876,-18.660043035730812,-16.822679526395227,-15.99758579823414,-16.719008177172945,-17.16238220439479,-17.55028685943863,-14.645249175948548,-14.376775409188046,-17.20226048485963,-17.492848759173828,-17.852632922689008
-11.61360158476454,-11.584785769475346,-11.7423267519886,-12.818745427099287,-12.825568659402197,-12.459276961124708,-12.725246145810944,-12.42660136500453,-11.37215722449789,-12.459126078673945,-13.013656629519549,-12.947683275389382,-13.101781904145039,-13.149504501569517,-13.041222681339683,-13.308073081307803,-12.440181513337173,-12.700555206471714,-15.620049609497629,-14.790068419620784,-15.210372543263746,-16.0882489992178,-16.217256278725152,-15.253710418595784,-17.048475175273772,-16.357830085926125,-17.760372618728475,-17.52143146954381,-17.996426671069738,-17.502876645067442,-18.80004979279915,-18.155897720741166,-18.401512917658287,-17.553002074533833,-16.928659941308524,-17.693157666851945,-16.490836379833564,-14.876565516817424,-13.52012248415417,-15.620284471297644,-16.269656096023994,-16.83510976367506
-10.659596382107408,-11.81109416912665,-12.261531826812151,-12.480889962775128,-12.704063102366646,-13.276954328753355,-12.810738630901863,-12.299285565876314,-11.631338038636931,-12.916407922302383,-12.28514692895387,-12.425318516146767,-12.640426667418458,-13.20128687924942,-14.148413998775446,-13.355445990676417,-15.03783763177711,-16.01285760885368,-13.470203065947171,-13.65058530852388,-14.932448007252841,-13.914841118901851,-14.649462893983868,-14.980355830730124,-14.179104521381344,-15.727057117573134,-16.051435011962646,-17.60082445279374,-17.557306133042008,-17.392613391001444,-16.555868451072584,-18.79663444844606,-19.74525239177002,-18.872848896891945,-17.129061078038905,-16.444134416090538,-15.049913324583216,-15.589859457635146,-14.33995219932076,-15.669341262271782,-15.613701652862737,-16.354440443701687
-9.932490513397894,-10.914817671132054,-12.514957542393805,-12.388959091752,-13.007336229287102,-11.823365265315612,-10.420224096618739,-11.097810015483628,-12.673130197347678,-10.97797630557345,-10.739146958988439,-11.524114882093858,-12.441480619026791,-11.882528315208331,-12.528807900319187,-14.878225307258045,-15.720852190431753,-14.18809324801548,-12.93696877286643,-16.956108657072125,-13.460193420452008,-14.960694031772356,-15.837406516726626,-15.35568772613235,-14.620122508500451,-14.575805755296606,-15.258009309662452,-15.399196217707544,-16.92178806473024,-17.92024780197276,-16.857491034588413,-17.8985928658243,-16.943756683950163,-17.73023692505385,-16.104826000900545,-15.298258805069247,-15.676499456784219,-18.41722469665813,-15.680441452276447,-15.875147635307929,-15.73842373646084,-16.406424930693525
-9.364675889789888,-10.209986729853672,-11.069127860825816,-11.764317352280408,-11.485242181637854,-11.592811628842849,-11.814272126333199,-11.973707274224418,-11.069613388967728,-11.90531445807218,-11.278479965349822,-10.693480724260013,-10.466108428554708,-11.727373238875135,-12.69932212502114,-12.264464844483879,-13.746082322951242,-15.361188403430353,-17.12521065781955,-15.765055369220846,-14.05773063430909,-14.970577516437022,-12.254391894977228,-13.14478119373193,-13.078612403577882,-14.043440317108717,-14.707087971443231,-15.606932495212105,-16.489948143975308,-17.26860644280048,-18.099131898500172,-17.551681017229157,-17.54343021235113,-16.145426374825597,-15.869429811107167,-14.867576946288956,-16.65451176780618,-18.28696860708967,-18.143254645117025,-15.839903395818038,-14.456763957575472,-15.087844286008837
-7.93257599707822,-9.09989486745923,-10.378302826712037,-11.123844689349138,-11.71448219271107,-11.423861969421248,-11.263042804380943,-11.514767704944624,-12.140043533495863,-12.560869451458778,-12.989029367296538,-14.552025708700773,-12.500832301886248,-11.26541692094086,-11.127896658750371,-13.352581280897848,-13.354098253038998,-13.544781891736562,-13.693835934232027,-13.824921082434871,-15.021666744941855,-13.434727377643737,-13.773722060974343,-12.843486945974991,-13.844549745241455,-13.906218811602898,-14.595748644478963,-15.67078280497236,-16.959878754101084,-17.124131238969458,-16.822576490501856,-18.00349045802783,-18.104317311257574,-17.107773032554437,-16.637627147648903,-14.710324515305594,-14.83259296578494,-16.317668521864228,-16.74676138539261,-16.105319131133456,-14.54960859119419,-14.688783662356329
-7.762482051871078,-8.154460189392239,-8.246211281688757,-9.869493574197383,-11.4713232408928,-11.494103056920778,-11.864477205358552,-11.567153420585143,-11.505397812240393,-12.051994719704352,-11.171070096648235,-12.064366983013436,-13.11831247460591,-15.980132232772942,-15.641190049160077,-13.303916919821702,-13.280301912720791,-14.692890835299888,-12.546082246990697,-12.965881460742892,-11.684415553741967,-13.068291429628744,-13.387131369003507,-12.816377857501365,-13.39020756464808,-14.006184624148291,-14.469833639280957,-15.069797597844715,-16.60552306999086,-17.440148848692075,-17.604584612649425,-18.52506266197267,-18.113713531975247,-16.629517312552977,-14.663230402254285,-15.465793258828622,-14.12546300625725,-15.44304145032774,-16.655749635636134,-16.69964251880485,-15.07829693684715,-15.144808524546848
-9.058509895283443,-8.268665744706581,-9.23978483279104,-10.202926047526702,-10.578577821778936,-11.425598784464826,-10.915362710330477,-10.71511575131245,-10.882905509731295,-10.781693986113638,-11.051762777927339,-10.851387923112082,-10.295697165511804,-10.580252758365896,-11.389869611642437,-12.08186680850622,-12.963475428844895,-12.420329958767017,-12.203780818765898,-13.051261446806848,-14.518144329926244,-15.442686469282016,-14.514033205147143,-14.45843243286855,-14.18584930909563,-14.179300682552947,-15.317042278336302,-15.100062043411704,-16.828962642771216,-17.713051874216458,-17.337024427042103,-17.557824030459106,-18.090803568868367,-16.625770214166394,-15.606390919287572,-12.269232172593288,-12.285083809354502,-15.751531536015639,-15.817759636170742,-15.299062973726357,-14.123934974840925,-14.216474253146588
-9.428869736809924,-10.76649943944436,-9.67829359325042,-10.636160378000394,-8.989534289196433,-8.524687312480559,-11.14234290418187,-10.796684696372452,-10.775962172716294,-10.78964466515733,-10.327706169209197,-9.61778281939727,-9.225258549168949,-8.868778950826066,-9.79619863717976,-10.863145818464371,-11.683152816896968,-12.41006584748432,-13.028130899956626,-12.97642518287456,-12.954902725429783,-14.763812406944496,-15.2712542084526,-13.83956615389558,-13.416816628145984,-13.253239684346719,-13.878097693785811,-14.686425258062256,-14.070001635746264,-17.22156529532832,-16.6102024389638,-17.486117835806546,-16.98873223544031,-18.45614264401107,-14.785484815881006,-16.10226284412012,-19.255302464361158,-16.28623386608363,-14.985722755210823,-15.48849368471304,-14.286654725653934,-13.678007781290788
-7.9266474930660955,-8.42885069602201,-8.082057105790836,-9.647240092438873,-10.143487881898153,-11.207895339640295,-11.101777486304648,-10.75726098296645,-10.952490157080359,-11.232909021658962,-10.343284336555534,-10.078217370069718,-9.393144883354502,-9.946575708533382,-9.687869965521413,-10.094763163471631,-10.728657688010426,-11.379525707210707,-12.22251558458759,-13.316244249779357,-13.027369280216531,-13.196469550728331,-14.08831532009708,-14.336071407134485,-13.91030898023297,-13.370154014027069,-13.598586264035204,-13.864173344986309,-14.061284307470311,-15.184493264346184,-16.836851078566013,-17.397532266414057,-16.692218130924925,-16.57037125959109,-15.201879813991441,-17.088907416265346,-14.457314199393934,-14.094008058329756,-15.142080323236499,-13.414708807910149,-13.297733512713148,-12.30012739036142
-7.890944284091701,-7.5223301872488,-7.5786952500115765,-8.282240324406958,-9.082257362493653,-10.107733744826657,-10.580873682238277,-10.63165707014093,-10.518383258359009,-10.217827009027763,-9.0937545085967,-10.453450718780235,-10.439704041405859,-10.20790058524967,-10.390975802844206,-10.624483050302544,-10.49834937723344,-10.300602442767605,-11.528293140708126,-11.406684511225164,-12.478999305173778,-12.546762730518466,-13.13122386042844,-13.885802810700447,-12.988841018915974,-13.811667945359561,-14.68865294023182,-14.697610850760427,-13.429208651003352,-14.566614670527498,-16.880147724593517,-16.291075953159627,-16.60084065109327,-16.055657417198226,-17.66422531766215,-17.89435141172015,-16.53690763593105,-13.880564526737716,-13.93892843423427,-13.676634628054387,-12.15969547095592,-11.772975430010181
-8.970669153730316,-7.578184969931622,-7.78047217420762,-7.458630769676866,-8.371201879044003,-9.628450911072923,-11.015908723545712,-10.967003045426711,-11.137509254506234,-12.668602115072805,-13.68138688729741,-11.012638613855595,-10.509937710048368,-10.328046981116632,-10.143207550654672,-10.380281492131479,-9.909446833728566,-10.30635864379526,-10.65272197739342,-10.897565865572142,-11.77605395024181,-12.624600393010875,-12.825382476049892,-13.488780611647762,-14.475968157901681,-14.414365371767172,-14.45770881530798,-15.738640692599324,-17.069235100209934,-16.4665473083868,-16.441511289348064,-16.61529453550076,-17.128512994106863,-16.762244644534768,-16.250680276713425,-16.25244419568587,-16.093011268878783,-14.905833712455026,-14.962996186216962,-13.086005925800654,-12.144044401396647,-12.130650771783186
-9.810738220439159,-9.709381394487977,-10.09446758177114,-9.390730350761812,-8.983318762202066,-8.69642488804838,-9.0069468809394,-10.62509256408823,-10.500594480584907,-10.006176613967261,-11.36418169279098,-11.109824890876393,-10.439919575963863,-10.230814201867952,-10.257278140201565,-10.36379618313375,-10.156349438781989,-10.693776216194802,-10.514584967640069,-10.898314093047057,-12.52225582964514,-13.330831855127242,-13.566263074725814,-13.754281636107947,-13.526101707526244,-14.306045455102565,-15.338812730222902,-15.854952571454959,-15.634845615417102,-15.58923599212949,-15.960574977566495,-16.30485311870237,-15.868250846785163,-16.836929361323758,-16.844933893159315,-15.397934328750264,-15.292149381002893,-14.860728651658075,-13.967979726928968,-14.274195614935278,-12.955545994530942,-12.828805970646851
-10.094857683024667,-10.203213927605965,-10.518358839675384,-9.893289127512148,-9.239057931987006,-9.784929879892726,-9.688070001245213,-7.96082128418686,-9.13803767499028,-10.55158465869986,-11.255359797368916,-10.02700960890397,-10.469645338909128,-10.610436556087235,-10.360664145471556,-13.10650181111562,-12.58377754537688,-12.279213576014044,-12.927434520511259,-12.6604896726681,-13.96805794691496,-12.808092626246825,-12.642108982838227,-12.659813646235452,-12.79790044754423,-14.083635703248058,-15.263106560977885,-15.891793860496957,-15.837729680463823,-15.66910549282536,-14.997943885097646,-14.478693750222922,-15.24110781471027,-15.16817458738368,-16.256339368229412,-15.590367172282141,-14.586804526652385,-13.715348125597068,-14.420351895705476,-14.268922387501732,-13.107725940406734,-13.932982586027068
-9.724444362731425,-10.372132267883295,-10.257725137707345,-10.039693943074305,-10.656913605977119,-10.404635458048643,-10.580584565898308,-10.268863883817728,-10.385988307912532,-10.265506971595983,-10.659144618125461,-13.162386335691878,-13.046010947232814,-11.507396970407274,-14.971516474338596,-13.984670373455964,-13.406100565309275,-13.428192323964367,-13.492451152538143,-14.459876534547968,-14.348847355564603,-14.973503716309931,-14.396580268845284,-14.64992281767642,-13.197097318064909,-13.17492194070573,-13.584918477182288,-15.182396925499821,-16.020810701384065,-15.49427106433187,-15.383039339626599,-14.590152511209205,-13.865608884080105,-16.094140005580496,-15.019794160862851,-15.889371202138669,-16.152141190916186,-14.49583671604544,-17.665904269209058,-14.380118392908166,-13.160826958584453,-14.18569110016783
-11.376179555843002,-11.488597658917556,-10.674170380703119,-11.30441244918274,-11.391018705479791,-11.659426234450892,-11.648498442011702,-11.814942118254907,-11.153975503466244,-10.414406499393854,-12.646023815519092,-11.766345631072442,-12.937235105462976,-14.665634123498435,-14.075167383048676,-13.865948907249566,-13.859644783370012,-14.786929295779993,-14.512974188944094,-14.550692867149122,-14.533417388074916,-13.078908778433684,-13.949112979148609,-14.903821681477657,-14.327841754660618,-13.623770033870041,-12.853928828250046,-14.173770899068495,-15.66664729282898,-14.553072353922975,-15.769301347418093,-15.484682726307685,-14.634894981801661,-14.511699997837855,-14.32477397077055,-14.756460632548006,-14.729099289014906,-15.640868301592636,-17.268087763916093,-18.050151400592895,-17.613245123157366,-16.899396913240125
