public/json/wind_2018-09-1611_925.json
{"header": { "discipline": 10, "disciplineName": "Oceanographic_products", "center": 0, "centerName": "Ocean Modeling and Observation Laboratory", "refTime": "2018-09-16T11:00:00.000Z", "significanceOfRT": 0, "significanceOfRTName": "Analysis", "parameterCategory": 0, "parameterCategoryName": "Currents", "parameterNumber": 2, "parameterNumberName": "U-component_of_wind", "parameterUnit": "m.s-1", "forecastTime": 0, "surface1Type": 160, "surface1TypeName": "Depth below sea level", "surface1Value": 15, "numberPoints": 4800, "shape": 0, "shapeName": "Earth spherical with radius = 6,367,470 m", "scanMode": 0, "nx": 80, "ny": 60, "lo1": 109.0, "la1": 20.0, "lo2": 116.89999999999955, "la2": 14.520000000000117, "dx": 0.09999999999999432, "dy": -0.10000000000000142 }, "data":
[rows 20 to 39 of 60, columns 0 to 44 of 80]
1.0293924012788138,0.8748761973132305,1.0416868230099348,1.3761677008692192,2.6888844261018034,3.2767004715460724,4.564009831836036,3.959643028799193,3.940860166202666,6.812291070613933,8.727816994958413,8.990042573341047,9.120879557132309,9.880334486121782,9.944161540549253,9.727923591342368,10.008135495553786,7.830621283928815,7.864981143311142,4.602566992484382,5.6888722255434105,3.4497554289601524,-1.467339369380349,-8.326596404728907,-8.394310670187553,-11.660576428493723,-13.52724450818556,-13.210966779649032,-14.995219863114572,-17.612902661450054,-20.622396955182275,-19.85869253731036,-19.918168712244423,-20.248577026488185,-20.42430592441307,-20.383991084811083,-17.180814427403774,-15.896946969648212,-14.721904128681288,-16.089115092038952,-10.041910509150748,-10.511873618459784,-14.933354519810685,-15.991746490915002,-14.602604608254657
1.4435213014058605,0.49814918937535546,0.6809650054493971,0.29373364138812774,3.7220769198316654,2.478826204415691,3.003888819466243,3.7745660796164104,6.546099874392162,7.65827943739202,6.818515141647126,8.456957806825272,9.016208835248806,9.721138433292747,10.062977597559527,8.493747895840956,8.289487900071803,5.14233447683931,3.686522127897052,0.7847117145531295,1.8065458577781306,-0.7554776767060736,null,null,null,null,null,-20.77450020733174,-21.11131629867908,-26.52682134979421,-25.235733227009035,-26.02672296239898,-23.07086973755138,-28.261512065940366,-27.759471821578277,-26.36882446961854,-22.8864701204362,-20.875389686797558,-19.621459290479418,-18.838412318172363,-16.63252007226948,-18.612961936516243,-20.258191993501615,-19.134953752035564,-16.803260298677085
-1.0647809160982076,-0.6278547623263983,1.1707028631752698,0.9913054745273123,0.7843014216852252,1.6799450921787784,2.500252947266784,4.279237963425818,6.068352238563007,6.70413004329662,5.450053528884304,8.719780797783045,9.719187819253275,9.136157187939107,11.673939920797306,6.947001445451299,5.889625753645574,1.0343219527390786,0.8938610054636436,-2.4461098043424325,-2.567626282749522,null,null,null,null,null,-21.152363475070405,-24.61927238440028,-21.768643846744876,-31.107150664542328,-27.630321125862746,null,-32.42360681264327,-32.1171539345953,-32.0868759330745,-28.04341992106111,-26.185813240964762,-24.61501261093507,-22.070818544228555,-22.528631192156965,-23.266037186009726,-23.24477178097118,-22.445899241242763,-21.392493098321744,-19.1715137748474
1.279642914603839,-0.9008268789840401,-1.125758177058282,-1.5655503838847995,1.1793820085472986,-0.12078674678668617,2.04823954686779,5.3849916899951715,7.148476242057776,5.108202362619339,6.6290573281758585,8.357818080692034,8.737412007439236,6.8013176394128365,5.759258839149467,4.3205679989032895,3.130258695438219,-1.5316791853115372,-0.24528090347210768,-2.2808207612557156,-4.6907656646048395,-1.3994793825844645,null,null,null,null,null,-25.26696936612633,-26.006119734097883,-31.129808593453834,-34.53574745497385,null,-27.914722429258187,-29.585059564001813,-30.35029227646593,-28.925286086998742,-26.298410832757313,-25.726998465464934,-23.488498086218467,-24.87866638846758,-27.75795425764112,-27.483545089609247,-25.45777182211201,-20.91300738456782,-22.30253235525857
-2.344585176723703,-2.0813862084008656,-1.86508816764888,-1.0172139661025796,-0.3122437070677776,3.197211592693223,2.6991601888701306,4.184480221844147,5.3307827356048785,7.696157119150702,6.628183807381516,6.168730500426315,6.485947102538529,3.4613559721060656,2.832632677629919,0.8835025872097757,null,null,-1.8107164396981816,-4.9936341120356875,-4.541272835966607,null,null,null,null,-22.922305709879367,-26.924071269466413,null,-26.72415844719816,-31.8518544134981,-34.95419478977692,-31.217469717785182,null,null,-29.645976016029376,-28.824552882127925,-29.541451722465066,-27.10649416918293,-29.47928578182215,-33.617940638924125,-30.224348544408155,-27.58912718693216,-24.951282543895353,-24.367675574239836,-24.754088559754464
-4.288588205324112,-3.7063591251185177,-3.261475673084615,-1.2037581416297267,0.39762678666825185,-0.07243202440144544,1.7847552837636143,0.979306689664386,3.4740640981385082,8.402867166958895,2.896763097929608,4.174524718146978,3.324379938665155,-1.63707844033255,-1.4894678285001053,-1.536610950860787,null,-0.11848925510044896,-6.012300017013945,null,-5.614646255167378,null,null,null,-18.838399052564796,-23.063082360190045,-26.391358540978167,-26.522440809603662,-28.16848292182906,-30.75886727815267,-31.669620940799618,-33.88559973627163,-33.661231399668715,-32.59767114391249,-31.660099251417012,-31.852981404598072,-29.670189937850036,null,-33.55065660482705,-34.24147343265684,-30.647422028105744,-28.39332865967276,-23.75887121996001,-27.287151287993595,-24.055573473912165
-4.866381730980494,-4.498435488898093,-3.8582388902617373,-3.050708205970667,-2.9575858895111775,-1.2563893042127792,-0.17357203186613074,2.083429500153928,0.9731426596594668,2.5210797143547516,1.0996613334549992,2.4600931668841604,-3.0951200163407573,-5.392387730583893,-4.008569178797559,-3.9732527039298047,-3.501810270161542,-3.140690199092419,null,null,-7.659465101036637,null,-12.671571333892855,-15.508765675523485,-21.67451324877553,-21.948170659960077,-21.48538285055989,-26.91407389551176,-29.50624822728492,-25.95420653295778,-31.821995557085224,-35.88378639574836,-35.65944181680206,-33.21919575407601,-33.903790260074445,-36.816469196541306,-36.73396988362106,-33.69732841449411,-29.86947281750001,-29.79126625641955,-28.94542731927158,-25.560931651208808,-31.160482583572104,-26.971435036360226,-25.651139261650098
-5.5410157621523535,-5.0545266581623665,-4.169346981981436,-4.9672945759994995,-3.9723694820129865,-1.7512766173745726,-1.258823755407726,-1.1252378456967047,-0.6896934691367929,-0.12186327312671351,0.7432227487274808,1.4140696176168146,-2.784977016099793,-3.7801151308816143,-5.770668350726424,-5.534038083400927,-2.6419985803734343,-5.195305842514319,-6.465289146137183,-5.964854117210583,null,-14.0025293650614,-13.136102438785871,-14.567974798431104,-20.154461555345037,-25.18098762860914,-29.70749978229842,-32.32985278040234,-36.495176765831474,-35.00564553694736,-32.579499305103305,-33.77206990850164,-33.374137872887815,-30.33573670814327,-34.1532639090671,-37.75874968821453,-36.672688637423825,-33.10398564778805,-33.07960119363217,-34.20856040722396,-28.80910852024953,-32.66913453192939,-28.72979751797482,-28.72206759415772,-26.70376669210423
-5.43033535483986,-5.546194199385059,-6.443913678538282,-6.588274701821018,-3.8788723576217845,-3.582614264753664,-3.3570451898021174,-3.5988151261741583,-4.961621942498484,-4.789956394984528,-1.964993748815699,-1.136773845061136,null,null,null,-1.2119849109784195,-5.228911322745315,-4.062092971796353,-8.027376533660108,-8.639861956924257,-11.30913161497394,-16.027006207664638,-17.088926184960695,-19.185942157047755,-18.356391083452007,-25.86766334135521,-31.841896668627868,-33.418037966112,-34.90971260861718,-35.114518375155335,-32.36171294323755,-28.424344655568785,-34.057654279725945,-37.16835139202941,-38.801745450232076,-35.81742444013737,-35.66094830464295,-35.91760886584472,-34.63589575199001,-32.97846547244678,-30.342853664033054,-28.110746059793264,-31.688681034285437,-29.167280673986294,-28.078367436481102
-4.868344586505186,-5.922818839944131,-6.219130062625524,-2.846794529959413,-3.7129756387688637,-6.069519450919882,-5.8891578349925116,-5.787389024825334,-6.4563478012881195,-6.219146517790335,-5.513334523774123,-3.6369488287439866,-4.054029336222408,-2.249127418056094,-4.202862561637129,-3.966980435984361,-7.638096211822361,-7.436106143050577,-8.492507585842006,-8.46052648519175,-12.204217554899278,-12.16831545230918,-15.66854212351911,-17.76596081171665,null,-22.142894572097006,-21.11897275328223,-28.17567643217133,-31.712840902994778,-27.968305480085412,-30.122826599610818,-35.46672589560852,-39.322190050653106,-38.172688334243155,-35.841116427360284,-35.444104075447896,-39.01982340097614,-35.01317618294231,-31.28045538498533,-29.202999264698224,-32.02417778346808,-34.366166678557015,-31.5814768088536,-30.451119160477198,-27.154666013578655
-4.845063356854852,-6.312070087959126,-4.413362823917906,-3.120543625081738,-5.068252890439066,-8.738202587982922,-5.519441104797768,-6.867875066213509,-6.0823939638331,-7.010719270894464,-9.252886756558178,-7.621138823049116,-8.368420765010445,-8.14905955741585,-8.044687345218708,-8.918931098281142,-7.802073355511753,-10.777202198464838,-9.829892281813335,-10.481466461039536,-12.181978389661559,-13.946916324869926,-13.529104211215884,-18.5545595978187,-20.781659812556086,-19.86773837559771,-23.134276896542854,-23.90923569414225,-27.486278368974133,-27.382944331539736,-31.859738231722822,-34.902993266327655,-33.00752625692549,-31.097028644008343,-32.033711948274984,-36.74197532792958,null,-30.64999406218771,-30.195594356258823,-28.44412199673328,-32.5344810738651,-31.106658523101192,-30.75410474048619,-31.130563885660916,-30.212021721097017
-5.909489386487708,-7.49393638863998,-8.311236457589343,-6.226956341431045,-6.902854314004012,null,-1.8831331184624456,-6.216418909846043,-4.927050979555508,-8.609475483417423,-12.344057963024149,-10.829281441433647,-8.197718027777576,-10.084944676741163,-9.44057946453428,-9.817274198442215,-9.1660925788349,-10.735527955113632,-13.457766460786091,-11.94689048077136,-12.969378829897014,-15.945401170988106,-17.06022099739101,-20.224536430055565,-20.0221979140481,-23.65966999058425,-26.823675796730477,-32.13793149197382,-32.41839069216486,-34.480120136514834,-34.24647529733211,-33.57744843710928,-32.40539030733487,-39.02902031567858,-40.17594284588628,-33.12610986861803,-34.18030167647633,-35.03097133358157,-32.31762907001805,-33.22889105095213,-31.937159556142134,-32.601599408942846,-31.954240923179377,-31.967440515807958,-30.173079470271382
-6.494044190375199,-7.019038665213468,-8.860880268517867,-7.310511858019138,-7.469722952594076,-5.730277842173225,-4.429435612274046,-1.6168214528072358,-5.6356170013442535,-12.678240521575274,-14.946234987263239,-11.114206572986866,-9.73817198504669,-10.013762801481167,-10.417653064131821,-10.821868591171961,-11.509174964067443,-11.070680889656298,-14.60453075487464,-16.985690688491523,-16.24953097951227,-19.01316640984957,-19.82252424207486,-22.3061006368369,-24.38512168117095,-25.365052854670193,-25.495238725898435,-27.79804530478505,-33.30036198681516,-34.2982581520389,-32.26723931371363,-36.21655616706171,-36.707302150057295,-34.139984596356264,-32.18849375922507,-25.22360360825508,-30.640149695414134,-33.90884902035542,-33.898555758137846,-32.63845578872247,-33.89200486046295,-33.27382066700962,-32.67565948186432,-32.16687058198673,-29.324789141645223
-6.544596079813264,-7.276660313458364,-8.527426706100128,-7.805935309826884,-7.514722063187426,-6.629919033072813,-5.465717390961844,-4.119043645901263,-1.8994205332121163,-6.0079942031045155,null,-9.655977809936989,-11.388362215933197,-10.713156420457558,-11.332404975722376,-13.860605022423545,-13.359757528656937,-12.98050120682069,-15.619461143279011,-17.60172761142252,-17.93358309123143,-20.766270202091285,-21.208930675493434,-21.73110536788079,-22.061395440439004,-23.20635612318444,-25.53691336680524,-24.293277647592628,null,null,-25.198787718376213,-31.21595808845248,-33.396484356326454,-33.781669607088325,-30.234147201307525,-29.502850470455424,-31.19056730436136,-32.02639425246129,-32.24829592103633,-35.346013699924974,-34.00239948899704,-31.748445844536416,-30.815437852566742,-30.605256557695416,-30.166139544955623
-6.770579234753009,-7.193708380330209,-8.267737079488986,-7.924132338428285,-7.848953087687722,-8.491505801743067,-6.073651200033018,-5.1864576058884095,-5.722373862491969,-7.161097295200498,-6.803118393883153,-10.492256284411049,-14.312711242248266,-12.703953311572018,-13.402854445154931,-15.81789503571923,-14.814894301728392,-16.490209811633953,-17.045345279835168,-17.226340497164333,-15.327276953932577,-17.478378187097878,-20.97130151721089,-21.568463826735247,-22.501496635581375,-26.094696216724774,-25.73606550463066,null,-27.03616731100718,-30.468224383836368,null,-26.924211373011453,-24.443186743738636,-22.9863661181261,-32.73211973691769,-34.03563181870571,-33.929101708148295,-36.20461824510396,-36.71150593445609,-36.00684871169101,-36.993678397127944,-33.184633109761606,-31.295325428553436,-31.540833664863186,-28.165928258565852
-7.105748199524364,-7.183940755269587,-7.382845588471357,-9.521084325748266,-9.061165666059816,-8.767693809807982,-6.672098117784546,-6.782075971103765,-8.503481110849014,-7.836482232856511,-2.4744229826716513,-13.02240537390206,-17.735275504550067,-15.131724437064769,-15.188331401530839,-11.898109769281387,-14.383102707165097,-14.444034440231398,-18.039494043575313,-14.018197266830217,-13.756286218877566,-18.925700705668824,-23.159822547683,-25.25759607356884,-20.554986338020864,-18.391582663873635,-23.933795790564403,-24.10507640682608,-26.191613101581133,-23.971518364912125,-24.905594847546745,-28.79224840942733,-30.488411488987758,-30.25617262204483,-31.92264135567892,-33.6918718438307,-32.85463293157093,-31.59071932541769,-30.595724474194466,-32.388451866073346,-31.103623406146813,-30.75030500521682,-31.26235380855076,-28.80592138593913,-28.609327484165814
-8.151931530764136,-7.678913647730399,-7.433449716268756,-9.83192334686342,-9.885233415207887,-9.537087834378571,-8.535832969796362,-9.632171010919347,-7.98231552975917,null,-5.283601075641254,-13.250883450421398,-10.79969047260296,-14.760874894175974,-8.709863928981116,-10.853305553537473,-11.205191425952924,-15.743103756227196,-14.63143363881749,-14.380372523276506,-13.252829264344461,-18.512513428531687,-21.068148105307884,-18.72206674564058,-18.94274517678821,-19.802589173999326,-25.41944301582013,-25.520043924848668,-27.89693121987687,-28.554548642569276,-26.059558657090996,-27.79038346573805,-30.049472509873542,-31.703823922180078,-31.142564938683016,-32.4153827172267,-28.54129131496933,-32.8305164937033,-29.013785836074355,-34.62996832290113,-33.9903541687444,-33.63476077227227,-29.39821576276261,-27.183631625742674,-27.354763853867084
-7.885418744751855,-6.785300774359809,-7.79340960894472,-8.62400423217228,-10.239080119462288,-10.89784651344014,-11.096300639726902,-8.43162037272608,-6.773894029604515,-3.991263784482946,null,null,-13.665722341784635,-7.543464304409707,-9.428514206141646,-13.761527266170342,-12.135593718989892,-12.07290537383967,-13.996593006744332,-12.77718942370825,-15.092406896290067,-17.915886774284896,-18.4763707310306,-15.835419224178757,-17.636959088269684,-19.939055744675088,-24.734243483114767,-23.715847901624105,-28.171060206651042,-34.197334801251266,-25.43507348502695,-25.61376304220824,-28.226547495842752,-34.49472101306971,-34.4686631998053,-32.02839652220565,-28.97772311879998,-27.4311463763352,-27.17750337833263,-30.531781087799985,-25.9488801594149,-25.060116078490317,-28.49965272237537,-29.220784784215578,-28.494327046746868
-5.942669348682278,-7.605713477478003,-6.296372435135319,-6.821839966554349,-10.291536771180557,-11.66094960613255,-11.835148365588527,-10.524195473690304,-8.320090783185568,-8.245568578297707,null,null,null,-11.635492901817697,-11.762380567767202,-10.76968497580267,-8.045728200109163,-14.256199936467754,-10.565759216001382,-14.874580045463443,-17.105699605739268,-12.365620211482224,null,-14.599033507364092,-16.324592858319946,-18.571693886868132,-17.907818001162404,-23.413896089816085,-30.12040024368307,-28.606209594257344,-25.509694785427246,-31.55685377116292,-31.78332308737471,-31.808661847930804,-33.76153268647719,null,-29.562523524779017,null,-26.542969732983128,-34.42944533919251,-31.742633152813468,-24.797804497337925,-25.218334875253984,-29.959284578222054,-28.32674367886891
-6.34171129651349,-7.273273450783437,-5.873458738581986,-5.2605657342029675,-9.195650294893616,-11.217911932590383,-10.715173978631569,-12.07526075134172,-11.599542284639345,-8.877120658527536,-7.085096384720891,null,null,-8.717189693882208,-8.457563698291427,-6.783694319295802,-7.800795075221599,-13.403211632994141,-11.168397624817946,-18.163243437904235,-14.870052020214334,-17.480727569260814,-9.138402370723348,-13.908111942517063,-19.119283302907434,-20.905753705379745,-27.21475321762866,-27.196426259561015,-30.488668065967268,-31.324254586605107,-30.060673485724237,-30.707758969254115,-32.36037737566607,-32.90877785450703,-32.514336471087844,null,null,null,-24.78484527738713,-29.460334908638032,-25.46147795640656,-23.7871009315159,-25.106919100063088,-30.097703620944948,-29.09361075697445
