public/json/wind_2018-09-1601_700.json
{"header": { "discipline": 10, "disciplineName": "Oceanographic_products", "center": 0, "centerName": "Ocean Modeling and Observation Laboratory", "refTime": "2018-09-16T01:00:00.000Z", "significanceOfRT": 0, "significanceOfRTName": "Analysis", "parameterCategory": 0, "parameterCategoryName": "Currents", "parameterNumber": 2, "parameterNumberName": "U-component_of_wind", "parameterUnit": "m.s-1", "forecastTime": 0, "surface1Type": 160, "surface1TypeName": "Depth below sea level", "surface1Value": 15, "numberPoints": 4800, "shape": 0, "shapeName": "Earth spherical with radius = 6,367,470 m", "scanMode": 0, "nx": 80, "ny": 60, "lo1": 109.0, "la1": 20.0, "lo2": 116.89999999999955, "la2": 14.520000000000117, "dx": 0.09999999999999432, "dy": -0.10000000000000142 }, "data":
[rows 38 to 56 of 60, columns 0 to 41 of 80]
-11.141416484546527,-11.203344563740014,-10.346403344908184,-10.811565984137044,-10.91014788683398,-10.840817350703746,-10.836333453261549,-11.303629535316878,-11.789528101771753,-13.12700399418029,-12.491742317577472,-13.456949678476763,-14.590927535765893,-13.953020676476525,-13.615381253477375,-15.040045823712518,-15.526344407332685,-16.02376733285174,-15.239277931706793,-15.361605460240654,-15.221759536403928,-16.928293076688547,-18.711242262656988,-19.54358012062669,-20.08502153773071,-19.7611184939338,-19.668332061290005,-21.88759973507453,-21.869318427873512,-22.38123117582569,-22.931213577333903,-24.46089240851795,-26.14466638256072,-26.701359876943787,-26.68916678114576,-30.15126951051166,-32.330254754907024,-32.51694296104147,-32.2120612234402,-31.384287107307877,-31.65740081090702,-33.12484054834224
-10.916728285297934,-10.757007566282338,-10.838921120822285,-11.107825369937252,-11.712795149366439,-11.63429000623045,-11.982315535138614,-12.264370751695903,-12.668941903581551,-14.047169575008656,-14.470250260111113,-13.79607174033429,-13.448308428818171,-14.08574387224629,-15.8423076897135,-15.52908560549787,-14.85892579546662,-15.591184890149272,-15.908127887833622,-13.6254775478092,-17.005202730855217,-17.114594819181953,-18.986796201097082,-18.488898276967273,-18.803410265743395,-18.812513324022547,-19.88290501114849,-21.273201575693555,-22.429088866577374,-22.254312072553546,-22.332976514886923,-22.89239756991101,-24.513812878860975,-26.336427704667727,-26.443896587234125,-30.778061440893623,-31.60259392099292,-31.50999290087132,-30.258236613836026,-29.57326286247416,-30.273673872639208,-33.0327581137006
-11.215812068529894,-11.091646178811356,-10.585371549585691,-11.324855730129343,-11.764272667246566,-11.635584238635627,-12.341062000669767,-12.322631115860782,-12.503243593756197,-12.572819700906301,-12.904256138042406,-12.576627721716726,-13.811968881447788,-16.314305348216195,-16.331530103009115,-15.856825362876773,-16.97872667425714,-15.106798796528539,-15.821141649763621,-16.854578217020997,-17.463417323973864,-16.066013521548985,-18.726210384567707,-19.196493147672868,-19.136811667256673,-19.72030478023177,-21.63041696853914,-22.304346745924658,-22.85616500474658,-21.946909041020078,-21.995908895145785,-22.190510616086698,-23.161447704012982,-26.28872465076809,-27.991326268525885,-30.757637187837897,-32.49293164344758,-32.45622131067079,-30.67281619893337,-30.472480225164514,-31.450483004124617,-33.02790333752873
-11.087893579475102,-11.68030148382741,-10.584157540737914,-11.106723482371319,-11.633866849992957,-11.17597037861008,-11.776142186040254,-11.954203041461266,-11.453655082442662,-11.843471269972834,-13.339136593816306,-13.16257169657811,-14.618585669505027,-14.669491241807076,-15.405735129203789,-15.608922262261641,-15.133224948277183,-15.921927200363337,-16.61369079578282,-16.52583084421249,-17.026446620217857,-17.97983441295406,-17.6209691161518,-18.540605748508543,-19.978337810638063,-19.832219739909288,-21.18371639610031,-21.919350676901455,-22.896485420565256,-23.22063518367552,-23.467306417513555,-23.09028539185811,-22.260663643463886,-26.17176514586457,-28.084870888065833,-30.51089205496166,-31.428565970772507,-31.883055136525627,-31.141684800270028,-31.307980850380737,-30.989627336323746,-31.873104309717604
-11.296064624519193,-11.632766245085765,-11.22136243225654,-11.254619323562356,-11.860492026794414,-11.431667050963208,-11.696126592481217,-11.775051574308737,-11.402125819909365,-11.782968757143557,-12.725778109515446,-12.876416045405628,-14.4848613007844,-14.160704882530492,-14.629341294332384,-15.109416189862085,-15.551357661993656,-15.311652874899575,-16.1714643679241,-17.42199979254875,-17.81943058552587,-17.41554709673191,-17.891982259352364,-18.632164724119303,-19.115025148241745,-19.02289879976876,-20.215038941180147,-21.340937667595966,-23.169256107768906,-26.227984856729183,-23.277296473078106,-22.64261795263189,-23.209313435254504,-25.901620886845162,-27.34756421318781,-27.633070802259745,-28.30008566385432,-28.788772224655435,-29.429070558342282,-30.8358258780275,-30.97808867500016,-32.14563125244511
-11.523727985830718,-11.568033037994859,-10.86633019927438,-11.193665418091268,-11.847962122208683,-12.145193814710893,-12.018797604366906,-12.425042556067796,-11.875319447909316,-12.314614526971784,-12.214808524834536,-13.946571333975736,-14.478605133843898,-13.391373722065069,-14.358476816444885,-15.171377014141036,-14.826862628683852,-15.238583929333466,-16.121976567984337,-16.988023271986776,-16.744582783324503,-15.861239940871934,-17.801190678785098,-18.131340434442734,-19.312357036913674,-19.11999923688784,-19.53463431484259,-20.935455317581347,-23.36704193506533,-23.815741979627497,-24.10810922914199,-22.501333885689064,-25.786926184185802,-25.836558864635446,-25.213201672000487,-25.980464754602682,-26.859924987323687,-26.50174565319368,-27.22955758976128,-27.776953257746843,-30.624393207337135,-31.280349706152172
-10.757103529622695,-10.708089909364206,-10.618286789008419,-11.035486725374568,-11.394759479766375,-12.006573823690667,-12.15735755701691,-12.465665819106505,-12.632331827790365,-13.291807065935188,-13.142255372545042,-14.699527748771985,-15.219249742803171,-13.940097432698629,-14.162838907583442,-15.209233779814076,-14.405688024059211,-14.401453693517007,-14.051816659121982,-15.579302531162625,-15.198212105653095,-15.330845950275766,-17.077537288581063,-18.7955640738584,-18.507623293842318,-19.032063660049513,-19.282235249313466,-22.457668434501606,-22.943324824813526,-22.552279609787234,-24.38572705184192,-24.261652340867094,-25.23811921157122,-24.563291078825095,-24.69972359124344,-24.838957335777224,-25.66526763410321,-25.720830102347588,-25.554083546356452,-25.255547583940093,-28.28651951360368,-31.559259520036086
-10.617623232279827,-10.759393477224393,-10.63844310403313,-10.612928354214068,-10.967850589319209,-11.541629601283951,-12.472229450562203,-12.367710755176226,-12.365538820403174,-12.467890113992004,-12.335224532693328,-14.232550309114817,-15.693741503860693,-13.95589303125328,-14.155092687522316,-15.157892160646268,-13.741892791862488,-12.617976366387463,-12.510106338007585,-13.321476268384515,-14.966518206104812,-16.634560137471013,-16.539319225617696,-16.788803320293724,-17.642009231239534,-20.063379827023205,-19.41467817315204,-22.157517307101138,-22.0585217741408,-20.828467448979275,-24.084750398961283,-24.00885532330639,-25.550534957665743,-24.015930376851394,-23.492839241479125,-23.26435244742611,-24.57539623594329,-24.255200409001993,-25.61724844762483,-26.521124182965778,-29.129739110242,-31.56752716475281
-11.386178818856274,-11.616186813637185,-10.671469800097581,-10.503944631789695,-10.703638934274306,-11.067649959846987,-11.606563141058036,-11.604526865647069,-11.066169973810144,-12.059208620024991,-13.309371147262171,-15.199105980140494,-13.541730642944092,-15.053744826379294,-13.077097325118936,-13.669254008792935,-13.573297423481142,-12.352319350884294,-12.395076656279038,-12.745811131851331,-16.430215067916546,-16.301470152641137,-19.095561545585056,-18.130525761194235,-18.434562819243013,-18.99969453213474,-20.312764235085783,-21.481775889148764,-19.8596914659454,-19.598005771636007,-22.83006588220724,-23.31997206107977,-24.24296660995835,-23.970981575763616,-23.421937374262093,-24.07517225306367,-23.75320495012388,-22.866030027735665,-25.62425666874011,-27.254724538066938,-27.15945551704944,-30.014971499954306
-12.504393379056575,-12.404949179097692,-11.611977719796048,-11.366211642996156,-10.840647082676346,-10.901121635231998,-11.196446108140144,-11.109027832667318,-10.540824866215106,-12.292386793351643,-12.127960703528366,-12.136701119642781,-14.216955249898302,-13.740168107825658,-12.930194356830436,-11.935357743213412,-13.127177810311089,-11.775742233672206,-11.261218753735283,-10.408824679597707,-17.59437821830855,-16.75551075954578,-18.648664895408245,-16.972771163316956,-17.33635148297092,-18.030397732712803,-19.58198442045555,-19.7332785675269,-20.914978845992703,-19.672823135142888,-21.442439499583486,-21.78290573600677,-23.492906911428676,-22.437820357135287,-22.05277659956871,-22.466456039653142,-22.86298401799015,-24.996067756490444,-25.870296972496213,-27.19944126985574,-28.24592129096174,-28.565413662349954
-12.776335372995485,-12.667068935167112,-11.983865364455562,-11.70640716443574,-11.57597294515857,-12.015951917638157,-11.758881636009928,-11.879998850962378,-11.240335565030763,-12.08495141854055,-11.582527009606894,-11.409914442280865,-14.08702759111035,-11.80605818847819,-10.432317077049635,-8.557823759468917,-12.975861231149468,-11.013802113781441,-11.171469977643648,-11.838008640489502,-19.99943638324061,-17.480099729852192,-17.013058284492033,-15.440211276330068,-15.435501927516732,-16.94669851719986,-18.30594776731159,-18.821160659897945,-19.705173082369647,-18.88568473510591,-20.027549461189267,-21.979771413780114,-21.53116758059532,-21.592185090915216,-20.681216076595607,-20.649410955247152,-22.048805499788486,-24.26975891178252,-25.353496604131006,-26.725929507147587,-27.073413461936394,-28.444232683154592
-12.761476018407919,-13.497194932409627,-12.413398263902813,-12.074333107931814,-11.868947928819214,-13.172698504820175,-12.873768636066801,-12.10421363614959,-11.39086218861338,-13.61014187758259,-13.157613583669491,-12.035300060006218,-13.076888467239561,-12.649665603418468,-11.105185803361348,-7.199542970551886,-8.86570033851821,-10.625411961806726,-12.004181301806852,-15.818649963723017,-17.967432951056583,-16.671895774797303,-14.491833139258173,-13.663177203573245,-14.821295790753991,-15.455237285220015,-16.842800492952293,-17.65942730311812,-16.968441431957984,-17.164572559502478,-20.194935369577447,-20.51479168190127,-21.197564270823637,-19.697390232232166,-20.157131778970136,-21.224994426236808,-22.00795576735129,-23.40170919545045,-22.353235814730624,-22.63239680814197,-23.764183099278206,-25.826249932021607
-12.117043290312958,-13.689167043330187,-13.461525722780381,-12.598539134811126,-13.388938134733944,-13.628591157382669,-13.611448232640534,-13.39304735655805,-13.627325211947717,-13.35107412054384,-14.300568405806882,-12.950569199862297,-12.058300398648244,-12.525480639787922,-10.88723259133656,-12.288128807158088,-12.305701140045294,-12.811207644659863,-15.934195603015604,-16.685941154882897,-15.48644930592917,-16.45594814989416,-14.406027769360508,-14.026191736522886,-14.471673492254208,-14.92337871353266,-17.159499569167,-17.40591980550545,-17.044495302686745,-17.951740350167814,-19.652793618641056,-19.16440777639595,-18.992698502559858,-19.940916489755843,-21.1848904036244,-22.720341092972557,-22.636116462448065,-22.5717216551977,-21.217420169208932,-21.21482512720326,-21.667741658393343,-22.781361662419233
-12.8388093974895,-13.557014946336112,-13.07117325584017,-13.400870614430263,-14.025736643875067,-13.735140545542091,-13.940801836015147,-14.387982119667466,-14.11653593064592,-13.293006173532653,-14.156276817296664,-13.610368710118227,-12.168304632080028,-12.497361328342986,-13.557345209542596,-12.998985383063376,-12.660360460062195,-12.900868860575308,-15.559939907384997,-15.535377386724,-14.42843160148008,-16.82700108025901,-16.61337318341859,-16.035041506218842,-15.000699536829027,-16.733100863545378,-17.5071826686748,-15.73092077131865,-18.439499625133436,-18.09096486492272,-19.920564844705787,-18.535295827083594,-18.57709829012674,-18.83189861017349,-19.850855636820945,-20.161423455331576,-20.6906678866302,-21.105108930412747,-21.31626807027361,-20.702387313134352,-20.890185046931094,-20.77832848704002
-12.391799813372282,-13.245763389110875,-12.025726991725517,-14.689262123470291,-14.705374553651845,-14.021005335214284,-13.982260668834169,-14.34322212035088,-14.632051338478965,-14.230272586555065,-13.206724264573648,-13.494425896408961,-13.35604046218811,-12.049804706752145,-14.10388236028736,-10.680569759728188,-13.816755377552976,-12.909556800105044,-14.141380956666811,-14.654166823712174,-16.147901874654075,-16.62205468898643,-16.538084637679997,-16.22168708729425,-15.981563604966391,-16.88874684352085,-17.25458177662464,-18.06196310500912,-17.559430070709098,-19.46126260853134,-16.913516775642496,-17.246585593144857,-17.357222302647667,-16.843599306255122,-17.736331571339665,-17.599307098129035,-18.333831271387222,-20.302607181226314,-20.53317214396073,-20.780098866304,-21.06335340217901,-22.499382572098135
-13.693947920539541,-13.620071170797633,-14.81901703576835,-14.146323061466903,-13.997953332776138,-14.266306951055768,-14.229152593426432,-14.891009814095554,-13.874192831509854,-13.719908216109447,-13.242460737644569,-13.111238334133523,-13.111407962728126,-12.609501180611293,-13.001960152953398,-12.917963630887474,-13.458856050704748,-13.343896142322748,-14.209496362269768,-16.062140339970423,-15.55516561037794,-15.968239600155652,-15.97884195998504,-16.035476154384927,-16.697131183275385,-16.21349289767845,-16.37027647002383,-17.16241368475244,-17.354703318679004,-17.579562749352196,-17.392156851928128,-17.929091016103804,-16.486977471730444,-16.129932384246974,-15.308678307098535,-15.64133693387039,-18.149096101891633,-18.75184933349719,-18.60707159376612,-20.120057607943725,-21.70765156383188,-22.972571531096452
-13.886805408021015,-13.890946874268867,-13.599811087547819,-13.515702681430293,-13.389621694498699,-13.642675074388409,-13.645144522019521,-13.612243991093575,-14.532545117482117,-14.318721146967455,-13.752072028493934,-13.747308496456549,-13.605141391786638,-12.589832163325068,-12.222522298343574,-13.215996848502773,-14.266284433567556,-13.117890923072988,-13.594451179544448,-14.700624884654243,-17.21522846570784,-15.498140340789526,-15.240835989665438,-17.771160696409964,-15.051616337318361,-14.887861646637505,-14.798100566975824,-15.947067384183134,-16.87605410925983,-16.600830831705935,-17.20382589632828,-17.317801553835878,-16.93400744913596,-17.0100528680016,-17.43240239811952,-17.484854320639023,-16.79684206699655,-16.378246652460252,-17.951589056686334,-18.758870526728327,-19.674798339537713,-21.12395576421592
-12.995339288470465,-12.879747706381895,-13.115182417327233,-13.314122678078114,-13.699370068252678,-13.556020103849324,-13.94822014791372,-13.880001255115708,-14.293608099365851,-14.94814971141898,-13.119777541780037,-13.325449565470093,-13.718735197613194,-14.155170340115685,-14.176669403339986,-14.245748302042422,-14.834945155010393,-13.058713921909295,-13.917145759969053,-15.816051212031915,-16.603060699584773,-14.964797821588702,-15.042859235298128,-16.186866273855856,-13.870594349376379,-12.688690112987992,-13.365962825044782,-14.116082584894201,-15.998604572956369,-15.852197086426273,-16.30619938682001,-17.184571283300784,-17.05434263379617,-17.661661309609578,-16.87010093991914,-17.27052949456711,-17.17153280954675,-17.120757652876527,-17.106403456038095,-17.517248618346187,-17.12790175126956,-17.73268857849435
-12.257409844392114,-12.76389590512737,-13.106115861381799,-12.712171709346116,-13.04841737573394,-13.58481049410637,-14.583125514666843,-14.328372316769336,-13.514654844871083,-13.421616660601007,-13.231430342889254,-13.997453129596517,-15.354772656455074,-15.583180773564125,-14.240565598560513,-14.381174575292073,-15.968129805145361,-15.224101382921653,-15.10877272318351,-15.785653997270046,-14.806278933346135,-14.249161810544619,-15.191606885227591,-13.430191978859177,-13.412015212367614,-10.923978250345801,-12.998709590452279,-13.874458781865638,-15.27930845965569,-14.387289806698913,-15.05040396952954,-14.761922009029195,-15.688917234599483,-16.348595576474203,-16.62629060933528,-17.448978029106904,-16.73616977291951,-16.462701680559302,-16.49588282555159,-16.677178323128864,-16.932506927798343,-17.937503260575845
