public/json/wind_2018-09-1609_950.json
{"header": { "discipline": 10, "disciplineName": "Oceanographic_products", "center": 0, "centerName": "Ocean Modeling and Observation Laboratory", "refTime": "2018-09-16T09:00:00.000Z", "significanceOfRT": 0, "significanceOfRTName": "Analysis", "parameterCategory": 0, "parameterCategoryName": "Currents", "parameterNumber": 3, "parameterNumberName": "V-component_of_wind", "parameterUnit": "m.s-1", "forecastTime": 0, "surface1Type": 160, "surface1TypeName": "Depth below sea level", "surface1Value": 15, "numberPoints": 4800, "shape": 0, "shapeName": "Earth spherical with radius = 6,367,470 m", "scanMode": 0, "nx": 80, "ny": 60, "lo1": 109.0, "la1": 20.0, "lo2": 116.89999999999955, "la2": 14.520000000000117, "dx": 0.09999999999999432, "dy": -0.10000000000000142 }, "data":
[rows 0 to 21 of 60, columns 0 to 49 of 80]
null,null,null,null,null,null,null,null,null,null,null,null,null,null,null,null,null,null,null,null,null,null,null,null,null,null,null,null,null,null,null,null,null,null,null,null,null,null,null,null,null,null,null,null,null,null,null,null,null,null
null,null,null,null,null,null,null,null,null,null,null,null,null,null,null,null,null,null,null,null,null,null,null,null,null,null,null,null,null,null,null,null,null,null,null,null,null,null,null,null,null,null,null,null,null,null,null,null,null,null
-14.070611289388097,-12.880293733769076,-14.005146858247873,-14.339252703060012,-12.187093638725896,-11.21690520994234,-9.750258482531471,-8.056499458019179,-9.382325128718923,-8.96565886675565,-8.530253156863948,-9.210092490069353,-8.617159658671884,-7.654798152373987,-7.9589958481947365,-7.289931209967171,-6.232000133867087,-5.804449475221785,-5.4494668909480035,-4.5889933632294655,-3.593369561229575,-3.1737415943230274,-2.1275815614246953,-0.8429443893634051,0.8120497653534905,2.6416329750684886,4.822591391393478,5.730731592587469,6.80702448104282,7.441977269275972,8.468624143140115,10.367316304563968,12.588033265176612,14.239675156648978,15.426061796035247,16.65028787897513,18.5910731933443,20.875118543227003,21.693150936021162,21.00398276838976,21.19505624293215,21.845975929574628,22.2503204883264,23.282660242583766,24.036488095514493,24.313916463608653,24.25629033489506,24.217387146816108,23.10514527612702,21.856436654727926
-14.843381267022338,-15.060299922914892,-15.835331000164437,-14.876088890888628,-14.09673568298666,-13.01747710175354,-11.63837654668966,-9.859109710311248,-11.063430557929392,-11.383383728815556,-10.740283155959803,-10.590297498826217,-9.984379655201653,-8.667302558988698,-9.325620745543736,-9.78364841528864,-9.13251640104649,-7.882118430016362,-5.423307551964236,-5.191619932189008,-5.110162659672044,-3.9420928505512824,-4.513362387118881,-4.306120071333266,-0.8178854522292714,0.372051071348428,2.2250440761966788,3.8212100150285133,6.609202676156209,8.874253044639032,10.53352695818036,13.599794763849694,13.091409811161753,14.014034991158557,16.223275867143514,17.78125238213153,19.59436944595132,20.805190110373644,23.28955842278899,24.394881906526635,24.948795238161438,23.856428010278613,23.297616790516827,23.240377210137858,24.54582700469963,25.524621546934192,25.906586730394693,25.751977221459427,25.47638074303024,24.327577851523984
-15.384563651980642,-16.236251368539264,-16.42864763916324,-15.998426977465387,-15.50633449356231,-15.300830961690625,-13.34804234898828,-11.865248753418994,-13.072113672866099,-14.147799181210578,-13.298078060803169,-11.648795862178083,-10.068259987396166,-11.150355433462705,-12.643991001428166,-12.956820553944045,-12.301024188066862,-10.446620174100643,-9.150877470516015,-8.274900743572118,-8.222086806283626,-7.621559380667907,-8.106986403683415,-7.337716911387611,-5.3152863377919575,-4.08742591808405,-3.0855802942216966,-1.5462869311031613,4.62055799099265,6.161294471166942,6.017381001065884,5.362077263069601,8.46342792512755,10.626255018044613,13.19415905973411,13.704984068032404,15.939355499475239,18.190132944292642,21.460691686466763,23.451291763509513,27.569137330381317,27.575436991971902,26.457829855610317,26.235216934880924,25.337724975958288,25.950273427382896,26.813683802611283,27.286930522921647,26.725586995508372,26.005448243407372
-15.95344113637308,-16.236874232714662,-16.94584123942689,-16.650546284102802,-16.622110478959616,-17.114889329115826,-14.875406382006641,-12.930292213484726,-14.70087901717945,-14.574465274661486,-13.417080710057451,-12.287869564130801,-12.213374527379809,-13.126446404376598,-13.379170487716259,-13.850660652212525,-13.81475570960127,-11.977357040558683,-10.740023504209182,-9.933981805051996,-10.419617401545157,-11.16673664255361,-10.833824124575983,-9.676365653995918,-8.564513050219016,-6.595321934381352,-5.059051665799525,-5.72306995872759,-1.9096257026108114,2.1188537049544567,2.0095637896092606,1.8964585794112703,4.848183024743114,2.7220840520542477,5.821596044798425,9.190575308625823,12.749684517261349,13.185582743053887,14.91224484225786,17.20650698570421,21.85140051664151,28.208538078856776,29.02101841438336,27.98169036355095,28.229818513313006,27.752178237236652,28.006272041348776,28.35100088018065,28.518591984561155,27.537852360749206
-16.53181388278208,-16.6233159733561,-17.61590371438238,-17.635356446718088,-17.807626758510313,-17.062660204114707,-16.097348963974614,-13.379935045774365,-15.185743515532746,-15.264022147858546,-14.86706410093887,-14.37522125140506,-14.45802256064223,-14.72528024415592,-15.02761433539122,-14.782953887818378,-14.437973630040629,-11.35928261867065,-11.233688810587482,-12.236557893364143,-13.700923723469355,-14.134061379864786,-14.393701949764395,-11.711339320242086,-9.569799531568941,-8.138201881673911,-6.6587491279268125,-5.3688028001670185,-3.6615397339731723,-2.2778389026162795,-1.2057932667435338,-0.5437527866015192,1.1173845471676547,1.1609721169358376,5.19164973186919,6.102981579337858,11.89642388321544,14.697050233739825,17.053827222209218,17.967680893588863,21.897997461282046,25.16990449757694,31.53988875245415,29.86213297596683,29.231823026778017,29.256816569748985,29.333132721856593,29.711847755719408,29.74902000698433,29.260491239151
-16.846387978098473,-17.579007285444348,-17.958095049691636,-18.50028520294249,-18.0243686585042,-17.337976828425102,-16.105519591446985,-15.743993020760495,-15.66483104234953,-15.453181475818237,-16.09243360958436,-16.844257595745795,-16.04908068249607,-15.204368176796061,-14.503979219413626,-14.797841300445118,-14.612770618843658,-13.1763866468213,-12.471812887141404,-12.186405807903556,-14.967715747056971,-15.970860406196941,-14.527871091520257,-12.503092968673222,-10.691973263718463,-9.101848611038829,-10.005355922063025,-7.000212206302148,-3.920457213939639,-2.0670910890232963,-1.4537351445693196,-0.8219278904224381,0.6664209145983654,2.1514878948978247,2.6640296371688486,4.767026470102445,7.134947691512588,11.264440548850995,13.47499166705369,19.730384795193366,18.914626529329603,22.980472074038182,28.22954244573647,30.861389414129828,31.147111074017293,30.575842201393804,29.92105125069171,30.929243495579435,30.674717920371485,30.594742516399272
-17.287583158518363,-18.495647302487445,-18.343743288774693,-19.141309097882626,-18.99712248607006,-18.058398854896435,-17.58855263227072,-16.54445987720814,-16.307692552078194,-16.654617119147105,-16.98156989045966,-18.450454819577974,-18.23009696152442,-17.1530754468828,-15.627793395604094,-16.39900257338965,-14.091610259751697,-14.14352127319992,-13.506214355928387,-15.126801585854485,-15.69135002650312,-15.272731399564861,-14.574418106865702,-13.397288408025261,-12.431656253683755,-11.808447226053302,-11.297174119807213,-10.270742822652329,-8.288538119272726,-6.34365218993761,-4.662643084936646,-3.2882568092786695,-0.32043522286945647,1.5799958359387523,2.5146666166928537,4.48635347625033,6.736935779472867,11.334356036180303,13.261277459256322,11.527431805427923,18.198412164137707,22.19068980391334,31.182509390099543,28.524077474136863,34.00388025454146,32.86789080772257,31.71313496683304,31.11791522416099,32.306883167079825,31.358461290214823
-18.294385835443947,-18.58784269237992,-19.148708183273968,-19.118963330176147,-19.502478894613226,-19.089733547030303,-18.574011200023513,-17.661497974111747,-17.713790791591496,-17.64001427587593,-17.925091052895432,-18.830357797117856,-18.19057633832415,-17.46394211732827,-16.625400726005807,-15.904807487191864,-15.490172431923853,-15.632812098037364,-14.395664162561758,-14.704235424225516,-15.245678292314956,-15.001251960574082,-14.454102451743761,-14.910859284660061,-13.951526022667633,-13.981700380832333,-14.455447149459445,-13.34107364893668,-10.618127517425474,-9.614774028832127,-7.934793201124814,-6.1007666370857265,-4.159308779469948,0.1038008136823695,4.27840050767327,4.8665635265677185,8.11927686692844,9.70190456219966,13.03337779027661,15.237939136485904,16.500113591994708,18.170144188866747,21.44538239811537,27.332351244337282,35.05756314630872,34.996350657160114,33.1432117382422,32.55198275024965,32.769624698162175,32.40235000153285
-19.389333369619134,-19.476349070901865,-19.59018113786231,-19.438538097389937,-20.856996364031648,-20.89080255041836,-19.481049345976853,-17.818262085232625,-17.698784557289404,-18.209225591402465,-18.423346443814694,-18.275992044923598,-17.931888629262843,-18.179916168457492,-18.218232087934446,-16.7824552845573,-17.3704679581093,-16.243511682975537,-15.730544490174935,-16.562721481006026,-16.10736980158202,-15.692346178147709,-15.487448975622106,-15.000106646339768,-15.371460439620094,-15.986076419879941,-15.373176778044193,-14.997365203834745,-14.153802183270919,-13.433551017792901,-12.083902799700658,-8.698988832395825,-4.813745924054178,-2.3725572587985138,0.6438242596335553,4.475446589127986,7.743459496747853,11.497802272148261,14.074682097254115,16.118054627649265,18.05056146175908,17.75396806675896,21.974281002681167,26.13825445773053,31.482914689288375,37.5081103860723,35.67943855525405,34.375183385081954,33.21182334907228,33.611560127894975
-20.071517873712708,-19.503748800059462,-19.939164348106296,-19.24405839946767,-21.800832012179676,-21.674791946631448,-20.359547189857533,-18.82012140048217,-18.550854942263115,-17.937131416395985,-18.301923462906952,-17.973302656388306,-17.931969956037626,-17.895158637157696,-18.38755128117177,-18.748158931919182,-18.206887206433127,-17.709811774660064,-18.176118566970402,-17.875780503876967,-17.707848605901404,-16.67485458158577,-16.59114693957874,-16.10710037348234,-17.29872905245578,-17.10122256878836,-16.826536494864314,-15.681727830823297,-15.71494822457693,-14.774016489605144,-13.254148739552548,-10.922811571510815,-8.703610232362243,-5.093016135882795,-1.4572083493241463,1.645520553923702,7.113380971013451,12.404299636704067,15.112423786272684,15.832232822885198,17.425891897219508,19.781275858903136,22.179708984040563,23.063826697570377,31.118664791528058,39.00470088205724,37.376540828396855,35.02096836490641,34.51238970368805,34.61041388560352
-21.062933501367798,-20.310003112976247,-20.288644267199803,-19.706632357526054,-22.908775723894784,-22.367647670721905,-20.8936357925794,-20.692087040468373,-18.82313070842323,-18.371547936068918,-18.354761622643583,-17.661433548069883,-16.904618949654235,-17.87768598218317,-19.55730203950872,-19.52388327684219,-18.37884269632981,-19.040084259300656,-19.11423465305728,-19.224451482658147,-17.813402389568225,-18.438463813356762,-18.154364774469585,-18.514822857247356,-18.350608188405143,-16.69268316981042,-14.592036722290434,-16.70811153668115,-16.76536107342548,-14.819075128738787,-16.942547631262663,-15.712002063228145,-13.654665765532839,-11.37149219877978,-8.094133692487524,-3.450199689412729,3.5233809472925177,11.596428843315195,15.817852218787923,17.313518903431202,18.268704190782778,21.105601984967425,21.634775282724085,20.208474641030104,35.55062584343852,36.496759773196416,36.67725607317129,35.60941669299602,35.564292501506145,33.95219396495034
-20.861804816745092,-20.9262412320933,-20.39759648222257,-21.081980052795213,-23.491975174464834,-23.18276338657504,-21.696871434954332,-20.59454092962706,-20.744398574660302,-19.920863450267106,-18.602657032751278,-18.789177718684552,-19.49549634423473,-19.725054245372387,-21.279250971320167,-19.317265526566725,-19.429307165850076,-19.733361400950756,-19.9640691853492,-19.68194009665051,-19.967732917539216,-20.19617918482719,-19.546616427736474,-19.18977792246416,-17.054724963869198,-17.084054442299824,-17.7104291594921,-15.442638452991782,-16.11086334790095,-20.65902627196845,-22.51579831569771,-22.88950358768352,-20.186773527783135,-15.917065881054986,-9.831300090302385,-1.7661438743821583,5.455055249528918,11.380262065910282,15.67636636200318,16.564205811243145,17.720042255986257,19.663209261109706,21.216671236435932,24.530265799748594,32.07137597997026,37.82325398602313,36.91079164217294,36.465535376502515,36.20390250228876,34.6398374264371
-20.7000018734638,-20.851384778058247,-20.318435459472113,-21.33025904580941,-22.887237771830414,-22.254281511917092,-22.04270393481618,-20.640860351372293,-20.33869343774954,-20.155933915346516,-19.710484983841077,-19.429783353429805,-19.853052293234327,-20.98622003103528,-22.392873489457283,-21.022842986118796,-21.509883899642297,-21.469491232187995,-20.44970122504251,-20.976668226441667,-21.68455556706519,-21.74751965533536,-22.987471316713638,-19.714818795690828,-22.609138937048755,-17.157155189548558,-14.012111895875842,-18.1814349608404,-23.001920904061024,-22.50488520604729,-24.203355796915375,-23.767500965606366,-23.51630981411085,-14.322594742525627,-2.6231487388676507,4.272718608942409,7.712735847099854,10.699515069599359,14.266556994824068,16.83203199620835,17.03402631615239,17.961570352437526,22.734490053727647,26.23446818915862,31.044700805072228,31.968295515986497,40.32736430584691,37.30313862160335,36.212894062650236,35.18877026176861
-19.99940983814509,-20.802269412804993,-20.33280456061424,-23.29376312855414,-22.68485461914063,-21.994595722060556,-21.98087329052192,-20.811801822710656,-20.737300610808017,-19.83173882612189,-20.219925457553007,-21.10678714714282,-23.04854149143992,-24.40191092230612,-23.67669582711089,-23.796477741863086,-22.46601234226658,-22.296853684056764,-22.689614976354886,-24.046574035667334,-23.29842433262314,-20.462781661803792,-16.01439544762235,-21.81526425463937,-17.8721110230566,-13.058427096939749,-20.630017517892462,-25.046073709150907,-23.475606222095465,-24.30095635692893,-24.186322706726834,-22.53890780598475,-21.084500059833992,-12.397327804737971,-3.356999113613855,1.8637999793578484,5.565467143746853,10.237839907837214,13.176384820156105,16.243322659130133,17.459392116256165,18.845788818052785,22.66650062283271,27.933371864979783,30.135896714225563,32.65263471696656,39.30837486867854,37.59543992090624,35.22902208260477,34.79593735444871
-19.23567741510707,-21.265711538278158,-23.52788422355572,-23.26065212719555,-23.57208567287432,-23.613906185996655,-22.362601204169074,-21.903313651050468,-19.478998268832857,-19.563628859366926,-23.042813432509845,-21.559295585237514,-25.924396550981886,-25.082869217440223,-24.040887545776634,-24.441782341320838,-24.746133147102917,-24.076846877593574,-25.463501454012945,-23.73873523056738,-23.897015245680514,-24.208474487608964,-22.137667017593785,-15.920795272738248,-23.788121345036586,-29.015931300409335,-29.458385682183774,null,-27.77563738595365,-26.869350569323736,-26.159408986356674,-18.25522859577574,-18.220020954942505,-8.844880958530712,-4.1049434926111275,0.2988649397979021,4.815855469092646,8.354449689301203,11.951687409371653,15.432777983909558,16.957738787445212,19.330117261081533,25.162907422360398,27.36292398774416,29.776936201603426,31.04807189005097,37.234193652141144,38.58488926575243,36.20717788547103,34.80213285101724
-18.360938085470732,-21.93117765268393,-24.768078748994213,-24.884397932934455,-23.24309903905395,-23.550373890017426,-25.36483509965319,-22.49222007671796,-24.77365217119312,-25.354337342927295,-24.047967826911364,-22.18030029353433,-24.421049462090597,-26.76921200475806,-25.88527272027382,-26.120533301964684,-23.895364567681803,-27.043985434141167,-26.253939703777643,-27.107218741399997,-24.151046991032434,null,-27.778979846183532,null,null,null,-30.965783107640597,-31.480645525313406,-28.62577010143194,-29.97693902845655,-24.427829099599137,-22.311536298297973,-14.909990670389842,null,-3.200998760323022,2.8645627666439313,5.623212485449709,9.023133668746592,12.504762629599352,15.102653943594097,17.377985124644972,18.858568764676086,22.286299616042903,29.10321015967581,31.276717722645984,33.75198372593565,38.61083010876453,37.41465099576806,36.21065644305787,34.83372995867285
-18.509799462733632,-22.900607589358195,-24.992727122641053,-25.285678112101596,-23.485984127813328,-24.457125383248165,-22.202365865144213,-20.85138443116984,-19.82742925435434,-22.729868629409566,-24.435458477279813,-21.804487052518304,-26.043159115811,-26.829643227595035,-26.02893285221282,-24.394413946744734,-26.603770083990412,-26.670840230025995,-28.288520203389396,-25.10303431997213,-23.17110973495732,null,-29.497826574513027,-19.216329795375025,null,null,-29.261522019398456,-33.96512144237595,-31.08581628767462,-31.0871683317175,-24.933471026643122,-21.834341332644033,-13.957217133194067,-6.581665005593998,-1.9554812056209119,null,null,7.507007266185055,12.122264318553876,null,17.139733921924332,20.14885468471699,23.78005394168455,28.79550453811985,32.378466398252144,32.26382918554259,34.303579191686424,35.28081468723537,34.39725200423519,34.169972958630254
-17.47880878350759,-24.34323299230885,-25.299623198630133,-24.509648633787766,-27.510791224363032,-26.291116632634782,-24.657537729844528,-19.98759300388229,-24.735154465880687,-24.23895339720616,-25.367022877311488,-23.356480101581596,-30.438550279833922,-28.523794904573755,-25.228022131033196,-25.26234964168869,-27.835829106107127,-26.535066606952523,-27.040308967119998,-28.054852916356406,-23.827530084560898,null,null,null,-22.892679844414676,-29.239607226951293,-29.544782839567453,-35.323407136808726,-33.70336208290794,-30.343109948188705,null,-23.553730305510797,-14.507378483953394,null,1.1801650362979068,1.5357547323052037,3.7208227048334535,null,8.679812719705687,9.911778374716285,17.017587424118858,21.377665110344907,25.089319021826082,30.49351599055451,32.693960929240866,32.91246444817286,34.186693952759065,33.80567524719748,31.260183651113888,31.7596414998743
-17.591686508546776,-22.870519889905772,-26.297202553431795,-25.776371089155624,-25.195139514906685,-26.376052749527126,-24.8650917982944,-25.849946550364773,-28.718319540496747,-27.714684887776734,-23.570572354550862,-23.257054273279994,-30.90039072822131,-26.419749411303428,-28.368855197401896,-29.97730417552171,-28.253895166756493,-26.900530616679493,-29.619209228284014,-28.69880615021637,-29.521349132539914,-23.62498338024473,null,null,-35.15249481381223,-31.868546426521455,-34.22749047492897,-33.744905743218155,null,null,null,null,-17.055121855943888,-6.094214213655976,null,null,3.120591286236712,6.221996411453645,9.150075148138255,null,14.900807269794479,17.755303734655726,23.488336983328402,27.78500075925128,30.653617932479005,27.515816667666126,32.72396392756355,30.935623373798073,30.91410288707268,30.534274576950015
-16.753913538731254,-23.6478833115603,-26.392642389805452,-24.267482579234567,-21.014309598096105,-25.987996255808454,-24.21930995883531,null,-26.548918303148078,-27.270428752546792,-26.256902174588106,null,-29.820674603416602,-26.61019332835164,-28.514324236232113,-24.74293009984477,-30.76209108098174,-31.72553644361885,-31.5890255117939,-31.837911105783064,null,null,null,null,null,null,null,null,-33.63256375927751,-25.4171159357525,null,null,null,-9.07962105310736,-5.173738366465022,-0.815781692945763,2.17053219542963,5.235589537162248,8.636697113847271,null,null,16.97589017636785,20.309451409039287,26.25899611150297,27.165827314406904,23.548644124338395,28.394549360943937,30.562259754336498,24.852851737823975,27.474978241325502
