public/json/wind_2018-09-1612_925.json
{"header": { "discipline": 10, "disciplineName": "Oceanographic_products", "center": 0, "centerName": "Ocean Modeling and Observation Laboratory", "refTime": "2018-09-16T12:00:00.000Z", "significanceOfRT": 0, "significanceOfRTName": "Analysis", "parameterCategory": 0, "parameterCategoryName": "Currents", "parameterNumber": 3, "parameterNumberName": "V-component_of_wind", "parameterUnit": "m.s-1", "forecastTime": 0, "surface1Type": 160, "surface1TypeName": "Depth below sea level", "surface1Value": 15, "numberPoints": 4800, "shape": 0, "shapeName": "Earth spherical with radius = 6,367,470 m", "scanMode": 0, "nx": 80, "ny": 60, "lo1": 109.0, "la1": 20.0, "lo2": 116.89999999999955, "la2": 14.520000000000117, "dx": 0.09999999999999432, "dy": -0.10000000000000142 }, "data":
[rows 0 to 19 of 60, columns 0 to 45 of 80]
null,null,null,null,null,null,null,null,null,null,null,null,null,null,null,null,null,null,null,null,null,null,null,null,null,null,null,null,null,null,null,null,null,null,null,null,null,null,null,null,null,null,null,null,null,null
null,null,null,null,null,null,null,null,null,null,null,null,null,null,null,null,null,null,null,null,null,null,null,null,null,null,null,null,null,null,null,null,null,null,null,null,null,null,null,null,null,null,null,null,null,null
-15.877477176576441,-14.068295303545472,-13.879028775228,-15.547136654295624,-15.740791248820404,-15.556739545840333,-16.438832700221194,-13.534142765816993,-12.618953156739197,-11.276932875577407,-13.878695158301351,-12.982090648768306,-11.446241915943885,-8.927133736575135,-8.6420314131622,-7.712074937038328,-6.415694836687397,-5.628473241981522,-4.009376675774407,-3.128210537914554,-1.929351453574609,-0.3542842058212715,1.6764371036010188,3.272146465875238,4.726503508662316,5.746403863753438,6.676008359990948,7.711480894970154,8.886462555791447,9.476364647379159,9.652326802083378,10.618193299705474,12.228034379948898,13.988650242390232,15.444040928351994,16.158661658484235,16.893259209956867,17.963744043422217,18.52590158038984,18.92563196053664,19.642124482535973,20.352766612096495,21.20869104813789,22.885451056904486,22.768346733676864,21.899105311996962
-16.316434655540732,-15.39664754395694,-15.737545949647078,-18.29563540885059,-17.42412195535405,-15.586854640542704,-15.569220486058896,-16.069657675173158,-12.584921361320513,-12.322833494915203,-12.066618547398203,-13.121305280126029,-12.554327128334519,-10.896696886056086,-10.422902514232383,-10.899725464207851,-10.444835051482384,-9.06867134082756,-7.655072100118421,-5.016918226681733,-2.579523038588545,-0.7644638898629992,1.5448398622981947,3.333335178874348,4.275890174838627,6.533840206838583,7.250860653754572,7.699928409780828,9.52382908620417,11.470955935539667,12.520284983225995,13.183694471658283,13.358302405794507,14.84641574205355,16.46403834880276,17.638038393608447,17.853865863319655,18.68892388358932,18.833070103208534,19.109191242706373,19.76282945656305,20.76838833040511,21.712198771556878,23.101169691726422,23.715721796413845,23.115485572298322
-17.202645609043905,-18.239379457086006,-18.080387663837897,-18.767044260994172,-18.4605899354317,-17.37816718177527,-17.37211245333606,-15.495252918030527,-14.074614330884714,-12.982120240847111,-13.993629733109277,-12.542875218866268,-11.089870528126092,-12.789471688301276,-14.207908494549272,-14.016155338787817,-12.175386408013654,-11.172149587585567,-8.077336340986918,-1.8394521138859952,-2.7557354855835476,-1.7547130908075204,1.0129089109359,3.428171713202256,3.9790819759933456,5.994371413731209,8.65825134413421,11.632190372512545,11.83863485562004,12.194522458993651,12.252073299833738,18.426963448909927,14.591551926393723,17.018962233457987,17.80770660593305,19.177536766168682,19.713873094808154,20.298852561807223,20.556841479446284,20.660478778587777,20.910627840892033,21.149046543934865,21.940897121101493,23.463126427344562,24.725479541620878,24.53313702305276
-20.396111449364344,-19.93688510549391,-20.14468289434508,-20.265701506101056,-20.242302496185108,-19.13347435913564,-19.650794093685768,-17.577019025000084,-16.520548656906968,-15.893423235061986,-14.950091457357567,-13.785202610990204,-13.319834665630157,-15.287417810147277,-16.173748971287534,-15.164594004540778,-15.114889648966095,-13.428305072111353,-10.630667151265285,-7.132668274578767,-3.9195588455835466,-1.2891664168060661,1.6458987653438382,4.027025567080245,4.892264742291383,6.111689816288974,8.342145825457717,11.174713061359935,12.904964264100961,13.211754957636915,13.830371952734037,13.589088273469882,13.480186579083785,15.296696048953285,17.753625994261217,20.318878080499605,20.581245807002023,21.411599920631403,22.462429743652386,22.242283734349165,21.962486392322894,22.422494208997335,22.539957214946565,23.906064553038572,25.951057345746488,25.37061251295562
-21.719025061461373,-21.745587959024704,-21.451167227161903,-21.13317988738222,-21.800607337606003,-21.450398847093666,-19.89885469306635,-18.656085162253262,-18.480666092817742,-19.25432376073166,-17.513259837364515,-15.867746204177449,-16.37238002429417,-17.866011376633484,-17.178483680974416,-17.098190918106503,-17.15700937522929,-13.754921455312454,-10.366302863748619,-7.1372817486787445,-5.132794397533363,-2.205202088133559,0.8716255675589794,2.0502209548517953,4.084474611349918,8.0567730267271,7.504508919369107,11.372234239425103,12.195369744268284,14.211558697647993,15.39866861596126,15.523649016258947,17.639892541812586,16.382609232304443,17.175717425598037,18.1685628726823,20.501876192751084,22.491672697113245,23.008799803588143,23.561088042762744,23.846391118315342,23.335671712647894,24.000197543638077,23.65424557225396,25.78478892298941,25.88420214924077
-22.36995029794663,-22.29808899408306,-22.394396577791266,-23.54001216930656,-22.8551768432325,-22.0017260883066,-21.834417987587383,-21.683846599352815,-21.129404038874565,-20.111765630656613,-19.301885230273598,-19.100616220605914,-18.284947539450844,-18.4641416718765,-18.767960090835857,-16.64729239028482,-13.666680672064146,-11.70959646020815,-10.08272170396151,-9.358488103585543,-6.3867387631322465,-2.9237509939650463,-0.867284350881883,1.1341810243343178,3.061649378027587,5.661179585689776,7.4634736472212735,9.785569467031118,13.589546191925084,13.549576484029487,14.36339659557273,17.06081828120922,18.897744462482436,17.38026794757887,19.377862231579865,19.80782953591281,20.700379258275596,22.952258824106465,24.068918070336,24.55410746310282,24.974178480129595,25.395429617571413,24.298602875513698,25.141309459860427,26.64222151176616,27.457506633148835
-22.575340404920965,-23.94112021107341,-23.828188378675456,-23.138664664418975,-22.97300433382112,-23.445379216271434,-24.36920805742107,-23.542710964177026,-21.93877915934074,-21.439987464338444,-21.14017509766672,-21.594124915817584,-21.536404257952608,-20.675192298623138,-18.924349495853786,-19.01785777797181,-16.71282228496454,-16.40000042680795,-14.479412555220229,-11.121914301687761,-6.4225336268169375,-4.268653099304705,-2.256187760625391,-1.7698438466779598,1.5121059674366968,4.046015091858471,6.5652590259203905,8.798315573429212,11.298101425763587,13.867485226984137,16.645491955864266,17.20398216860508,18.013836864404013,17.367918817933493,21.672199363175523,23.433675480703993,23.211927997609344,24.322478583475974,24.666025622222005,25.932952039712045,26.597384971155755,25.7287457605438,25.57325860499164,25.746288302802217,25.769775564706745,28.094895661719775
-24.503149990703026,-25.764121209825973,-24.166668749845538,-24.93839882380298,-26.773951326222104,-26.181158025029312,-25.682224311722813,-24.776514304801832,-23.22741110771592,-22.948673939784516,-22.948346942748586,-23.15904055780476,-22.440331970550037,-20.497994878932516,-20.092518920440565,-17.538586904257357,-17.295328323551143,-15.433817607762617,-12.482459198666072,-10.23805316485581,-7.313019336474829,-5.7757556143534465,-2.4364777778599587,0.6149330439013594,0.8194812556040524,2.3295589674602915,4.874144019943688,6.63361915645422,9.628526888881181,13.808744309974927,17.192621549122386,20.37619322793918,20.10026395371794,17.507648561957264,16.15142205330101,18.85398949124204,25.979025294648466,25.611517864548638,25.16026897938086,26.851353279207864,27.346123545453853,27.629196172142976,28.145611859155352,26.776920461378722,26.898927678731283,28.994358505024564
-26.806642802459823,-26.492417326178092,-25.680452786287972,-27.30711894091052,-28.578245772063045,-27.957024748010703,-27.621650047112006,-26.540664247222153,-24.052745985946068,-24.730849317096297,-24.601689994192636,-23.792785808913113,-22.51898197227961,-21.955000056688398,-22.528469278530352,-21.85379035194537,-19.976884406894627,-18.802930097315055,-16.180018806453905,-11.727129543117156,-9.024593808821722,-6.835870564621242,-4.454521528012339,-2.084720737088228,0.19380154821162424,0.7994273064334425,2.402029336365311,4.70293880500664,8.35376744262582,11.183208308136692,14.898451112049882,19.952027129869503,21.58443658456482,20.238582945323934,17.9897987586144,18.178774630387995,19.755772816311453,26.857720322621628,26.05630556158428,25.7254422060309,27.347120061849736,28.34601050286084,29.48943183113041,27.564259040946368,27.30499623254211,27.241585434985208
-28.17733623011278,-27.141212439904677,-27.960370819826302,-29.451268095867,-29.791524611537895,-29.098390888071666,-28.915991523573165,-27.131783072682435,-26.28812276797028,-26.49649706052316,-25.813908551430895,-25.304119756620103,-24.686825806702053,-23.39833193625691,-22.07525442047849,-20.366571267577616,-19.330026228865506,-18.673080625636487,-18.953420872750446,-15.850610470400575,-11.848157169506498,-8.906629527477774,-4.975076080587194,-3.2180337062220032,-1.9790401770289492,1.195218867980309,3.3084819150340357,3.9889775335914104,6.756799158493244,10.527333056343764,13.126443320328534,18.847157767701386,23.274586938942363,22.706928762243916,19.978266997487687,19.55279282769903,18.52182380288827,20.102284919485864,27.56831685894757,25.522226222948134,29.852400428500953,29.315008954640614,28.410761494726167,28.108924671331852,27.92447141802872,27.620238072993487
-29.3917542095808,-28.234248977380748,-29.250297166203616,-30.34638216396649,-30.647083114471737,-30.237087739427363,-30.10995847170069,-28.838439394581396,-28.55119747226368,-27.722335045028167,-27.047143711770616,-24.984003807385037,-22.421254546101537,-22.999037528996595,-22.416062077877804,-20.80300129257222,-18.34885408773892,-19.544221768513967,-18.4886767302406,-16.3620512163802,-13.008869579155135,-9.436489854165153,-9.350720854978949,-5.273256899629773,-2.4781963049814064,0.3313534024100069,2.828225185293353,4.47888273979995,4.799857664982287,9.812454673947805,14.430136800143814,17.414372747990704,21.69521933667553,23.19624091518054,21.444829958610487,20.473152793462905,19.966596142516796,20.653738297196828,22.60222998288328,27.846914539896044,28.176047530661165,29.80813596656104,28.8440357016949,28.696359322190833,28.618414005595895,27.50333008038636
-30.315741692654736,-29.05828028905568,-30.7502919252767,-31.139153357954566,-31.162742437696295,-31.230778338898315,-30.75775436642317,-30.2666887331157,-30.933797997849812,-30.080213439404588,-28.095122015990754,-26.848300267871323,-25.472207922897372,-24.26156750315709,-20.648013672608606,-21.671611150733185,-20.96859071500872,-20.143239559532322,-19.396847289371905,-17.475706091274873,-15.058640056328645,-12.107334172032463,-12.24609267243374,-9.562616194324473,-6.404901020727625,-3.338672413353643,0.6022271579393695,4.6992245863830355,5.230564424683706,7.209085558344583,13.589636265847858,16.29315930322912,20.515399132716553,24.8181122273277,23.269279329318092,21.960205262435842,21.72178362400286,20.311624197184216,25.02261093818182,26.55066143040118,26.870876175939113,29.20017754893143,29.53705183986486,29.247760653707616,28.690007381974965,28.71925783704171
-30.842989965929462,-29.637001598393546,-30.804626840469975,-31.5413335594669,-31.56564779916407,-31.764450513679353,-31.087356775712934,-30.531419603277897,-30.66060770338192,-29.91343480034888,-28.837874676797988,-26.925255442166566,-26.915257173446456,-24.986115591040907,-25.812894933864747,-23.78341283622853,-23.055631699832023,-22.936232313048986,-21.46001216055786,-20.886425737849656,-20.238710705721154,-15.686357034624978,-12.070682100625259,-10.346170930473631,-8.839513304405356,-7.835068178592985,-4.863807243633771,1.4983183084337945,4.807809498624115,7.308682674616134,11.513381806054507,17.1398076062438,18.601811459749868,23.026880083532852,25.031009093901904,23.18931886198049,21.774440461686275,21.838968429730944,23.28145221136711,24.646097372040373,28.776421365711474,30.33955400174684,30.613210233185647,29.93567440731281,29.68240384333164,29.081921308244887
-31.176463567848636,-30.5619400744946,-30.59636467769091,-30.482974421513724,-31.559536547359993,-31.623679796437493,-31.94403209954249,-30.521548143166097,-30.53810727239238,-28.801248190264783,-29.81431558285859,-30.75622182517333,-29.64868812888108,-28.963639160660406,-28.770776442024903,-26.951098410569884,-26.22703433791793,-26.196074216727705,-25.781706773723027,-26.23670792990108,-24.764848661878272,-22.948679961532005,-13.161013492469765,-12.796657892324587,-9.83844094646157,-5.039694619804775,-0.15085748518876063,2.4468208638144957,5.873754525032433,9.854938060431543,13.89897263380037,17.459070931238674,19.458574294263983,22.379797975208625,25.915558263540674,23.786117703883388,20.716555710364904,22.35630377681418,22.432830424743738,21.98952120905123,27.71267517357406,31.317436348212304,30.757805693550633,30.125257886253962,30.113200709782447,30.463304106248657
-29.581849717080942,-31.625618806374465,-31.317939944291577,-31.128249254980375,-31.35688151213154,-32.588924945405196,-31.610941201900648,-32.24771472410294,-31.7438404162628,-32.096737161108535,-32.974204178325174,-32.18591730785719,-33.320363995054635,-32.812149587505,-29.853881156094005,-29.73942187319175,-29.460538999242758,-30.053174684127786,-29.831112960314847,-27.93358485490454,-29.320206802218337,-22.627549431862953,-13.549597353834317,-10.190724740045745,-3.2072358748532546,-1.5935746829444901,0.04516980721028902,0.775757761350971,6.446596440338414,13.970299051658058,16.364547033895782,17.848731428207653,19.323757276050888,22.54156125322602,25.08943724500809,24.70562949341309,24.548880758995402,23.335044590406465,22.250603821045438,22.98600161285401,30.657379655840902,31.268518026766934,30.916162731967823,29.66756621514976,29.766639966129084,30.59485690461929
-29.183491783911865,-31.34028855614237,-32.05259808362425,-33.06569075691597,-32.786935931232165,-31.021798201838898,-32.9562121352321,-32.17340050665156,-33.71499066590121,-33.033459603639386,-33.15326678080419,-35.030748829349285,-33.487377992862754,-32.84309591535382,-31.86877879396124,-32.79283121355343,-33.04509380819916,-31.742244495830256,-29.11124313406134,-29.00257718793156,-29.915879860518874,null,-10.616245275672052,-8.869131161792868,null,-5.229138665532235,-0.3296630069287198,-0.17839068836703725,5.050788311236027,11.91954443153434,16.477230971528094,18.978053542489718,21.26526925245226,24.136249441241716,24.74002712442567,24.43821435723846,25.199224133242407,23.143142875476656,22.707548501134557,23.86191364712493,28.788425041804548,30.184274548371718,30.383678041886984,30.000970505792807,30.52140213636998,30.690322891744632
-29.705480820482673,-31.723304580741242,-31.858665767754935,-32.6237000057401,-32.92782419903216,-32.836080500009345,-29.89019230068979,-28.11371132030349,-27.23761506974013,-32.43399424276465,-35.25998186597515,-33.804095165616964,-33.74546476892415,-33.769588456149364,-33.82684708690463,-32.6657784492386,-34.4102780828876,-32.47464756963883,-34.593850126490466,-31.21183339152224,-26.30161003888883,null,-11.736271975278514,-9.56940306594612,null,null,0.038414410445171354,0.4258340563410252,6.23464270718053,12.901056250611797,15.56454688073357,18.648671791268054,21.077791329776982,23.534359418473663,25.08127934900231,22.51498992532768,23.55666245131936,21.906539203780106,19.84254444536321,25.47556062730488,24.666439496343326,27.714578964808076,30.883673026903615,29.673530799684755,29.126994841321938,28.985289656820775
-30.343784213219358,-32.36335825801559,-33.336048478830484,-31.97706882948844,-33.852815176338616,-33.77668742495723,-32.43511793903755,-29.658287753642085,-35.113372474341446,-33.08498382371136,-34.241384699649394,-35.51306671029299,-37.60807961319149,-36.617741244482616,-35.51858089955917,-34.4354898403873,-36.10240254695165,-35.26485508406534,-33.11177741564774,-34.6670324950175,-27.479637159896956,null,null,null,-7.116543869688628,-0.055189813354694535,2.5578829390579454,4.015154028184693,7.686632041473664,11.81850380424981,11.266231463077913,16.425285194565134,19.35440797227566,20.151282787860858,21.85558313863745,22.727670185590306,22.571352422173327,21.946843802063476,21.84352034663209,25.178711575523845,27.28697826249672,29.642024158213435,30.398831944088165,30.21865209441349,32.28062166940662,29.200319244519715
