public/json/wind_2018-09-1605_925.json
{"header": { "discipline": 10, "disciplineName": "Oceanographic_products", "center": 0, "centerName": "Ocean Modeling and Observation Laboratory", "refTime": "2018-09-16T05:00:00.000Z", "significanceOfRT": 0, "significanceOfRTName": "Analysis", "parameterCategory": 0, "parameterCategoryName": "Currents", "parameterNumber": 3, "parameterNumberName": "V-component_of_wind", "parameterUnit": "m.s-1", "forecastTime": 0, "surface1Type": 160, "surface1TypeName": "Depth below sea level", "surface1Value": 15, "numberPoints": 4800, "shape": 0, "shapeName": "Earth spherical with radius = 6,367,470 m", "scanMode": 0, "nx": 80, "ny": 60, "lo1": 109.0, "la1": 20.0, "lo2": 116.89999999999955, "la2": 14.520000000000117, "dx": 0.09999999999999432, "dy": -0.10000000000000142 }, "data":
[rows 0 to 19 of 60, columns 0 to 44 of 80]
null,null,null,null,null,null,null,null,null,null,null,null,null,null,null,null,null,null,null,null,null,null,null,null,null,null,null,null,null,null,null,null,null,null,null,null,null,null,null,null,null,null,null,null,null
null,null,null,null,null,null,null,null,null,null,null,null,null,null,null,null,null,null,null,null,null,null,null,null,null,null,null,null,null,null,null,null,null,null,null,null,null,null,null,null,null,null,null,null,null
-17.189054467205075,-17.577629022882526,-17.992464829209556,-17.976231500309694,-18.133267481926573,-18.15664531873942,-16.91443860185758,-15.341389220765985,-13.93398863632071,-14.820665157647287,-17.03210167294055,-17.633293005142885,-17.557599491202378,-16.85856650602634,-16.988426889629565,-17.115174471733678,-16.456575189914737,-15.374216747012866,-15.247540457759783,-15.650479641951371,-15.991990692903332,-16.457872363900094,-17.147896810294416,-17.121520232446418,-17.53567406918603,-17.453623873800776,-17.48043630691166,-17.075531874814818,-16.580568709872402,-15.79707930397761,-14.827188674245333,-13.755013861284047,-11.779889535644365,-10.41586380464308,-8.652334740829664,-7.245544501852896,-6.708931125103676,-5.852536034414588,-5.233892645932045,-4.985356648857178,-5.7194267164666535,-5.13672917264399,-4.495899685765469,-2.9446855548193205,-0.7054718575135559
-17.020436968277316,-17.474217198339232,-18.178570711328803,-18.29093794804556,-18.260936806544382,-18.0458923488708,-17.701374010070296,-16.100516979980966,-14.908056878631953,-13.816364117332279,-17.67448913770186,-18.04165465258107,-17.836872865532463,-17.85464125019476,-16.792048591959016,-16.722764901416312,-15.399206587300732,-15.337034396208965,-15.71650003690771,-16.453870324887518,-16.894777832666918,-17.23802881151382,-17.51519893748498,-17.746246848520666,-18.25065603490185,-18.482633057259278,-17.561243321072666,-16.497526143153344,-15.232090242331127,-13.695717712036512,-12.311582058108396,-11.63867407971156,-9.805926057447724,-6.69240011860297,-6.747321212794677,-4.693622217450755,-3.8238750715617797,-1.6426112439216696,-3.7021509160624513,-2.649866975252185,-4.740290567074316,-4.26733453519696,-0.4515019070185282,1.1632945922240403,2.6455138436997228
-16.92509216446033,-17.97930124058428,-18.655423053163677,-18.845421569841225,-18.520403072994654,-18.094027637175074,-16.815995172772553,-16.16974012783943,-14.655532528990335,-17.715536618086226,-18.483075088582865,-19.084317289852212,-18.097773793427944,-16.744831226847236,-16.166001093605335,-16.350018265908236,-16.282757963847526,-16.649440628921848,-17.371868499012884,-17.97322376621162,-18.615849821177793,-19.003429328763552,-18.522596600219824,-18.36294573734809,-18.032220250888436,-17.548060445241287,-17.179669416268855,-16.18376709882974,-16.97000221137437,-14.969935771545064,-14.791736482320877,-11.838910877338563,-14.08798962860694,-10.478702409002882,-8.770081422771732,-9.323505540812818,-8.918002296806804,-6.862469121419183,-8.762207677708226,-7.528156547119444,-5.664914248973664,-4.1111602501639375,0.08687948616389674,1.7188435293157596,3.680606578358454
-16.79802567032658,-17.808471359753835,-18.55303539547395,-18.588785539887713,-18.74826209524147,-18.59950054445092,-17.19928172387094,-15.658153494942592,-17.980319779887523,-18.631215014128273,-19.022175318885257,-18.44676442269626,-17.273996102784047,-16.824361043523506,-15.971480111334937,-16.584504646806785,-17.332750828634563,-18.22034637434254,-19.215620186010796,-20.02238301317754,-20.414206039719915,-20.548618775038264,-19.639873311668964,-18.79692413689135,-17.899003479761333,-17.419255762500775,-17.542553596558655,-17.266424301728147,-15.643530656285014,-17.437305172715728,-15.648680147012517,-15.509697937855163,-14.648681329178228,-16.631803505854627,-11.188626258067648,-13.164582358459493,-11.417981568037186,-9.79304410090532,-10.374879945183118,-13.050560720118419,-10.479119051030292,-9.06398156273633,-6.317254806396058,-4.788119079575038,-0.9938511763830027
-16.8243556275853,-17.38199928994145,-18.194119172889565,-18.30899522318078,-18.528382144428182,-18.47691500832822,-17.44807565313972,-15.980881256367477,-18.88469728819934,-18.920845547265202,-17.748060138821977,-18.068943330366466,-17.816121262342282,-17.5422860749998,-16.37845464014769,-17.644431112813603,-18.298388733772683,-19.479251945116204,-20.38405373158637,-20.996285570947006,-21.319851087677918,-20.474293273676857,-20.082588062674223,-19.206652400013805,-18.4753739974941,-17.74486109142454,-15.679726272761407,-17.252543302062954,-16.546597765646318,-16.93676414856208,-17.23048125585912,-15.401467680134711,-13.972243840643952,-15.274506163642778,-16.880336127561787,-14.52073994444153,-13.956813253296795,-13.760116241377768,-14.367566932412544,-17.65748874484398,-18.401153709702506,-16.649189511142943,-14.886026335595783,-12.084489583073934,-6.305992727949639
-16.724594025445327,-16.849851304383773,-18.04978441582886,-17.8846037195055,-18.113905531283553,-18.221767196300004,-18.572099861163093,-18.618035574190767,-18.202807797878087,-18.053260080038587,-18.118206200512937,-18.358002024444094,-17.791903935584514,-18.010397063307636,-17.708055413018933,-18.581036651896508,-19.606080857440574,-20.728422230308635,-21.279557785301847,-21.407151594520176,-21.322084819898155,-20.56547614082131,-20.389832708773213,-20.223992323530865,-20.831764249049893,-19.294940615358342,-18.178526235930743,-15.986618726982254,-16.120540070543765,-16.803584722485663,-19.266320622256007,-19.56333844710855,-19.43785518032825,-18.237563159008257,-17.6425595702913,-17.611487208888814,-17.375150962816342,-19.260580612973545,-16.948464059907508,-16.483516050587195,-16.949895106292804,-19.414724195464874,-19.0726304878271,-18.275794280166185,-16.19141759139172
-16.379220482007064,-15.621410525498824,-17.64648861908168,-17.660413614513093,-17.236206799890287,-18.202550147386678,-18.55149202044876,-17.73057874023119,-16.995759958718374,-17.965058741876394,-18.02052115985753,-18.481865197909663,-18.39022852519118,-18.43911813033671,-18.370255186600282,-18.811850381793906,-19.486485912011478,-21.089781825063643,-21.847344703553365,-21.644443778276944,-21.7968596285474,-22.318260377677902,-21.392929209030722,-20.755998015566597,-20.162317478116773,-20.619797524703124,-20.13576834613861,-19.768084281284494,-18.834615875959557,-19.7060250638876,-20.359029389068045,-20.454671223766262,-20.781655255662105,-20.271115798686317,-21.814638080053623,-21.52557011708795,-21.37537890768548,-25.685428764192405,-23.91754309409481,-23.945564500050168,-23.93256766756319,-20.823593142955016,-18.933539393422343,-18.65929211616443,-15.750498870861424
-16.49750287317797,-15.706103902162019,-17.371617647279116,-17.081964045421397,-17.58348178722171,-17.87588211356929,-18.06053847399828,-16.997610361640792,-17.308903622021763,-18.290102361068982,-18.996214266332174,-19.501183416905686,-19.4444224910091,-18.93222269742353,-19.200840008849436,-18.914312050127013,-21.168848310406386,-22.055275318572214,-22.368228570571617,-22.305826885149834,-22.631645490993222,-22.909358154990723,-22.202767929094644,-22.77256268414527,-22.726451072665295,-21.340055181485244,-22.886832057132477,-21.82907162873909,-20.935457384489304,-20.763373068841645,-21.63459887810488,-21.414446998112815,-21.83338503681164,-26.306930532559832,-24.064179540654546,-21.567492007931165,-21.273777693753622,-25.791988397988277,-25.04709729126745,-25.062202796031045,-24.592953486410508,-23.819426123360557,-22.777929423018172,-24.32463245506563,-24.294004915238503
-16.04332190648587,-15.492345991089321,-16.733988424002412,-17.158773495363707,-17.90571986324543,-17.95355647326754,-18.025237088040587,-17.139609125668624,-17.820079329260214,-19.48721935382721,-19.446719146440344,-19.78304377234595,-20.40212712848981,-20.778297570412477,-19.969709414659125,-20.967664272421885,-22.150782740666664,-22.542716006891755,-22.810623189154267,-23.1943028117572,-23.877890959841963,-23.671996702937054,-23.647575414610042,-24.88339451395725,-23.087471701832975,-24.22215268764883,-22.94100927877449,-25.326431594924433,-23.73716039219445,-21.748675127463024,-22.98053037629143,-22.78911234641519,-27.08942536434925,-26.8583480650031,-26.855522067312386,-27.509940631021355,-27.50783975689576,-28.545357638597178,-29.02269929920089,-26.20924036576025,-25.94978611229169,-24.625113749562818,-27.909991316829743,-28.9538554265448,-19.42063121973193
-16.086100277646846,-15.384856472254732,-16.41364055198033,-16.7478523751848,-18.074136082100207,-18.090860207525196,-18.010854873585746,-18.182978386777968,-18.489374859857875,-19.397790914200765,-20.162753723758684,-20.507550632838573,-20.96695174471549,-21.435874304396915,-20.37279997777995,-22.29016546849227,-23.158754160221577,-23.220453334471934,-23.212619778028397,-23.598490503011654,-24.20128013242309,-24.39562411378861,-25.020794529082988,-25.36192458053197,-25.965825496741367,-24.91606685529853,-25.117139351922503,-24.60797182191591,-22.164226941758642,-23.088394044967792,-25.32896067311869,-28.373576378739383,-28.518468629403074,-27.78147289074057,-29.32349373650957,-30.639128299457145,-29.815167155659736,-31.42410842078707,-29.88290485793649,-27.290252985818107,-27.07042229811261,-25.524023297147203,-28.571288610152656,-25.615225084928625,-15.735914544379387
-16.6691680949113,-15.542597640360958,-15.816949351286219,-15.699787973002937,-17.119176902065888,-17.725114121521624,-17.784419141334315,-19.42614754792023,-19.21012031383212,-20.044901164099148,-20.25633270682211,-20.600150952552912,-19.92452977291324,-21.437159589544557,-22.21566221269356,-22.59027144947587,-23.84286470526786,-24.222740137091872,-24.127985205056973,-24.245209039014206,-25.0836804472193,-25.36577888665976,-25.907612868292986,-26.43038446073284,-25.566384277415256,-25.574262380865903,-24.31326566963075,-26.703122471909854,-26.193165589398877,-27.535748319961904,-30.41442281165922,-32.72416546768839,-29.9556551000014,-30.63962872885732,-33.58609306330773,-33.4051451650526,-29.362162567412426,-31.00139871147862,-28.50640957837096,-32.6649048453241,-35.44292651323172,-36.828543475520064,-36.82919157471512,-29.023578673292263,-12.9886552141444
-16.57275330580275,-15.87908462274168,-15.432719353787544,-15.14551675454125,-17.09923743746564,-17.564298737283103,-17.94186269302741,-19.60506328954856,-20.313107876123556,-19.817269571379903,-20.945213636843796,-21.509905919037365,-20.651875976435363,-21.68292594131268,-22.171204857300022,-22.999804364538367,-24.351217168005324,-24.634248389049397,-24.785783500328556,-24.95215984948155,-26.264304546129825,-26.142556634906246,-24.794633920497375,-25.51073112767099,-26.86394752669132,-26.23021618524801,-26.013644278272814,-29.356690612265822,-26.143118769915823,-29.98441904937326,-34.16446018185525,-33.781505600468094,-31.278083521898775,-32.51095200217344,-33.74049643800768,-34.481548584562134,-38.67294660707597,-39.154650241911014,-38.48734688109389,-43.853198845674065,-43.536803208794524,-38.863369062354835,-37.13372782804784,-25.911552534011836,-10.72849385580473
-15.985785554420708,-15.503887612379408,-15.301678120190358,-15.608414996977798,-15.961977657224823,-17.514993285009474,-17.485671859030504,-18.88911129245646,-20.07463867542282,-20.1527166354958,-21.7984792366804,-21.870929895019593,-21.12646331494304,-20.957979466892652,-22.638171889013414,-23.58772580329131,-24.32966700286096,-24.881646015989787,-24.80802114552626,-24.751334723818793,-26.484654105323862,-28.73684987312157,-26.917822451513004,-27.0339145833559,-25.248297752729275,-28.820028636956536,-30.30311053712372,-33.7766599207336,-30.967583282297074,-32.618494600361565,-35.62420947138554,-34.723564836847046,-34.74926128054695,-34.512626430533714,-35.82575162131177,-41.39038289916864,-39.85500033583321,-41.21294104886229,-43.353100129209444,-39.87080325556647,-45.12243174775575,-43.29853663554064,-34.05759591519464,-21.082133319439087,-5.125664714788396
-15.312217415701642,-15.117537730668044,-14.959939667705545,-15.040475444937709,-15.925572562653251,-17.099132148865476,-17.212837596267384,-18.398201794984747,-20.12431082906864,-20.593592707171663,-21.629065910997348,-22.1796946650089,-22.53413083933153,-21.40279209196964,-23.536005861827228,-24.60957269903779,-24.96456779876062,-25.20192813547095,-25.444576199473865,-26.041377674255216,-25.338155674616363,-25.752439630564943,-24.367604053812354,-26.798897893582797,-26.191008781449465,-28.499986557202444,-35.68326964622867,-38.86720281464157,-34.177372368609575,-34.103865518664605,-36.176804654173736,-35.13832612031702,-36.55346786135841,-37.23077952800109,-40.620595664799154,-42.23735082677092,-40.50530577939399,-42.653233201946534,-41.500860875258965,-40.498911561229136,-42.34384650003566,-41.302771172653344,-39.199613385515775,-8.112789831042603,-0.8006865925151262
-15.761584363292691,-15.603076148603432,-15.083286358406438,-14.247760589221343,-16.02408785496763,-17.745847715836312,-17.424317923603123,-18.674811648958304,-19.57849865807928,-20.265759479249397,-22.62689208552043,-22.635110951896884,-22.692661118856712,-21.856263038556882,-23.391989303886145,-25.112425121980806,-25.382260096037804,-24.884731707088214,-25.4268426153865,-23.38868655830911,-25.244816595445734,-28.688648903094297,-27.269634999601532,-27.621798301738004,-29.313511057833505,-37.57907534989262,-37.45893015764317,-33.87936390171651,-34.26828190428108,-35.28136889535425,-36.56722056261192,-37.179007883846296,-39.168289843723684,-39.8265089315615,-42.95949115967445,-42.73345939109765,-41.52539044482633,-41.588313709405845,-40.37937079334825,-37.746121238997226,-42.819088923631796,-38.423973363464484,-39.00397868634506,-12.688925382138633,-2.0074977975548807
-15.311299253358305,-15.635899206004863,-16.20413783326017,-15.538892664356613,-16.46533430440576,-17.259010525656244,-17.68816995675918,-17.7625751800205,-20.07892816684402,-21.62604112502089,-22.9986479256911,-23.117637733587685,-22.179746185134228,-21.92317155441244,-23.287386004330987,-25.847651990561697,-25.446310288860914,-24.69713574856467,-25.461391048030666,-24.9501612760874,-26.56952614266494,-22.785972864442815,-31.234126338997143,-25.25246191170504,-23.060954405248793,-38.408506373845654,-37.50851844673624,-38.036674832848576,-33.919862844342276,-36.215045841544935,-35.85270356349557,-38.1851300968661,-38.981431318086535,-35.666783626710014,-40.88109799375404,-41.156256229445795,-42.530744690169314,-43.275601425198005,-43.70906834269642,-39.36772537831952,-43.06554348409135,-38.46017115469145,-39.36503992936452,-25.82463936319782,-2.918675059264954
-15.891447523770488,-16.0243441975652,-15.766514479384934,-16.346728632979527,-16.636406910930173,-17.31582240338806,-17.68772613857061,-18.049935316119722,-17.604620076372488,-20.622980943002535,-23.696475617512114,-23.018233020874597,-22.588300058060618,-22.04102202443779,-25.098839997909636,-26.287191302625967,-25.905927492598742,-24.97244125090507,-24.669718791279596,-22.356172074352926,-27.279578763360067,-24.31371707386775,-34.6507067730883,-28.063909275713947,null,-25.670910281729313,-34.12170683558684,-38.04060399202494,-34.728857246943974,-37.38693756451941,-36.8976145708504,-38.81835160537398,-39.8333955636633,-39.247754382076494,-41.15611507398066,-39.265418824535566,-38.13294406442844,-40.53587351350791,-42.80597324119657,-35.54837137247652,-46.70277878617563,-41.47269375901727,-38.20790290330786,-29.699641420470837,-4.222243200947133
-15.748823374283985,-16.826859214206948,-16.769260554478116,-16.03763426121855,-16.003863918589822,-17.629216385388048,-17.483317745955137,-15.633756725521703,-15.99177086482235,-19.551484500445493,-23.603018606571947,-22.339851240484574,-23.13986788387094,-21.840561827573318,-22.143095670559237,-27.4797357933574,-25.65918893747261,-24.703052253888835,-23.822027524599175,-22.310778390724295,-25.93121670811969,null,null,-15.921120824351068,-28.66225093285778,-28.83151380287382,-35.03722723874188,-39.744157157335465,-38.485035809770075,-37.54340164617416,-32.51977285293201,-40.37438473002245,-39.065345589039005,-38.74522954230031,-42.45330945482916,-42.44303051337218,-38.61547615773965,-37.69605067076568,-41.2705399464896,-41.819695832716036,-44.35275572305852,-41.00218237402142,-39.66260358547468,-29.409951292644514,-10.458937830058781
