public/json/wind_2018-09-1604_850.json
{"header": { "discipline": 10, "disciplineName": "Oceanographic_products", "center": 0, "centerName": "Ocean Modeling and Observation Laboratory", "refTime": "2018-09-16T04:00:00.000Z", "significanceOfRT": 0, "significanceOfRTName": "Analysis", "parameterCategory": 0, "parameterCategoryName": "Currents", "parameterNumber": 3, "parameterNumberName": "V-component_of_wind", "parameterUnit": "m.s-1", "forecastTime": 0, "surface1Type": 160, "surface1TypeName": "Depth below sea level", "surface1Value": 15, "numberPoints": 4800, "shape": 0, "shapeName": "Earth spherical with radius = 6,367,470 m", "scanMode": 0, "nx": 80, "ny": 60, "lo1": 109.0, "la1": 20.0, "lo2": 116.89999999999955, "la2": 14.520000000000117, "dx": 0.09999999999999432, "dy": -0.10000000000000142 }, "data":
[rows 19 to 37 of 60, columns 0 to 42 of 80]
-16.440569212504986,-17.66185380883705,-17.804896517091127,-17.87277197751674,-17.435883538116798,-16.9504411327839,-16.594880504662136,-17.402636231023617,-18.038458221010146,-19.668464771524707,-20.72882992991478,-21.201918320803625,-20.743452850857295,-21.206701989021116,-22.443828025457037,-22.696650828032595,-24.0150746863394,-25.25538746273133,-26.995701073772256,-28.449250131274013,-28.99266953223484,-29.07427031944256,-31.60856770162078,-34.49455392836608,-33.68719612329819,-35.15362599947516,-37.339277510661496,-38.04591842433436,-38.32340612577456,-39.051414799144474,-40.93197758121825,-44.99674432105814,-44.81185586741456,-44.83840875265941,-44.15455075273396,-45.35751641087938,-44.37589632878975,-44.804498924523415,-42.103568575052016,-42.41499940604352,-40.196892232093845,-41.67332805742164,-38.44557068547822
-16.688471435398004,-17.20616150956427,-18.05505995414554,-17.182561826088204,-18.07847708000563,-16.773122938668102,-16.530779356693266,-16.63662114718297,-17.559518068350275,-19.584410825005833,-21.82938803275882,-22.24071139521501,-22.298499152091523,-21.921860817062033,-23.210472429310478,-23.522430428794465,-24.07808961868946,-24.893027636246682,-26.123499174744115,-28.475281407862994,-29.59231601635198,-29.184794161487385,-29.47237914526763,-33.18876263535836,-33.134671608295875,-34.84978211845369,-35.356763321836084,-37.69004435627147,-40.11266153535224,-40.35166350773508,-40.77137657920241,-44.72747761774613,-42.41939074761858,-43.276751366016974,-43.758499899704184,-43.118780055756716,-43.44066330124744,-42.31003647937585,-40.62804846492239,-42.70807989206862,-38.196915758224435,-39.28550045955761,-46.57412372070738
-16.954909692464064,-17.354030210572194,-17.99218741423112,-17.82243918012635,-18.67867752714593,-16.777762386236667,-16.41939552658477,-18.591700326584068,-18.478368007198437,-19.667138590848733,-20.542397014583717,-22.05265719748767,-22.709339828962772,-23.67399300411811,-23.897214868441104,-23.449370724336777,-24.0364697387769,-25.582336745059024,-26.25797322980503,-27.500591202835913,-30.094232696537425,-32.22292325306497,-33.50805054785015,-34.66251868692487,-35.70674524675883,-36.013677510036544,-38.0651783653216,-38.514205122864375,-39.66427648738317,-37.50376568419841,-39.91761884033756,-40.7582218804125,-41.73796244429663,-40.901145170066556,-40.74667261524237,-41.88855155802853,-40.47333773062731,-37.11136756238709,-42.646517728493144,-38.701141004045496,-40.936113792810545,-41.035596564505475,-39.48694227288384
-16.275519964758324,-17.00707132256828,-18.165442782250786,-17.851373703278806,-17.39372330673362,-18.326219333746266,-17.79024885891624,-17.24886295803712,-18.410771132369838,-19.28880121367804,-20.25722270605264,-21.841520113723654,-23.15549058459891,-23.847593262546567,-24.884640269099677,-25.169661218474566,-25.573628731976303,-26.324823381648798,-26.947689581793547,-27.92160172301346,-28.137676392351125,-28.899387634331656,-25.5514941952474,-32.22542293140613,-32.54995414866915,-32.707843543985085,-36.2047442329315,-37.681694444302714,-40.067371237679275,-40.027848009719996,-38.77262300202347,-37.117728926238364,-39.37774661589758,-38.83338966368736,-40.24403414756538,-39.4577333635724,-37.774750341054954,-39.363064599612194,-41.03240006846668,-41.65968794638423,-38.91747133612754,-38.449857471406276,-36.03509850850824
-18.01210693813708,-17.22953606926521,-16.831757666482247,-17.053901599849304,-18.326393212405012,-17.871962021216227,-19.025864093503365,-18.48277552717998,-19.315293338626738,-18.893396008746453,-19.952715008740793,-20.925662248947674,-21.54769119386679,-21.598448909775367,-22.641472317019883,-24.022493653110107,-25.53356237724765,-26.579313630346217,-29.28684147263518,-28.671736278226486,-28.35521565897267,-27.746828127818993,-28.96604638555045,-27.9451714229292,-30.375543851330757,-30.254874482784224,-29.4439118972746,-37.374721543363265,-38.360886222672136,-39.23623402810537,-38.37247650364998,-38.448637188892754,-36.718285357333485,-40.13718112547163,-40.378012899649725,-38.2312040282748,-35.58223414972108,-38.34524793845381,-38.729436993364324,-38.073535430186844,-36.53194240334681,-29.91268568658114,-29.681821534827108
-16.20487910192625,-16.568725862000182,-16.355335273091182,-17.4785135280716,-17.388891944725017,-17.962613528602073,-17.495379335073835,-19.138971948656923,-19.40160462896849,-20.433451875676436,-19.377394305266414,-19.511073469422275,-20.046489503951367,-20.64184022863102,-20.980306219915583,-23.68833762108985,-26.411065074471175,-27.444645730299115,-27.65629803208695,-26.717603466884817,-28.064324564649336,-27.440917723632868,-27.31452480951996,-29.759917344851306,-28.576062411234346,-29.772003320119275,-29.473942280768956,-33.15173548997723,-37.388204990984406,-36.85111388063827,-34.55931749386039,-36.55950493813901,-36.54289119777772,-38.314181975778325,-37.943141835417975,-35.092608631180255,-36.82076978310843,-35.891932291236614,-36.43146290305443,-38.01369569702027,-25.55140988571288,-37.733776533562114,-37.481999121502966
-15.641726899038613,-15.978789590636971,-15.811327811931449,-15.844849825108993,-16.486587520618002,-16.464517330892082,-17.170947582077936,-17.233469827085234,-18.383785293150627,-19.81918519423026,-17.434655652597932,-18.556493392849955,-18.941139812506314,-19.87548328761429,-20.592716449464163,-21.588927758426056,-22.177070429225076,-25.08896425601197,-23.823125731167792,-27.515312120631425,-27.784142528061967,-26.626452492690134,-27.67948119657176,-27.952422300823518,-28.875445156505563,-29.274160300973566,-30.30452526639303,-31.39326434092437,-34.23413980724187,-34.33677171844697,-31.749152644685097,-34.86072927681922,-34.06796334379429,-34.587499804325006,-36.054948028709056,-35.519346434298654,-33.62010070321513,-36.79924789269642,-37.021622276841704,-34.5109241603216,-35.57080745825799,-34.653432846603145,-32.075408101539736
-15.688066900117597,-15.6512632752753,-15.140856243104746,-14.746187249041135,-14.97033305413757,-15.675685657681905,-16.44493947186454,-17.726760990912297,-18.124525352060683,-18.949267577167127,-19.773605691348074,-19.51015451636692,-17.216580801155263,-17.834363808509746,-20.656396788632062,-22.44378519291015,-21.809632038329173,-22.898496061099443,-25.273435199478758,-27.15310358339551,-25.149856178369188,-26.83468407893318,-25.963182872342784,-25.14971699307425,-27.42642843259262,-28.119380678143198,-29.76840511569958,-30.547240108284786,-32.10070833866669,-32.296846318134385,-33.52900598642717,-32.63378102963331,-32.77661003632294,-33.00005525901983,-32.765579698976445,-34.12164814259526,-33.05286135586515,-34.34100880807084,-36.125463520201606,-33.949076133465695,-35.36244097582746,-31.972985449351352,-29.961390315569005
-16.15954568417106,-15.816065368693486,-14.929262416564493,-15.239509269063657,-15.101354648507796,-15.177140933425584,-16.658847417044388,-17.36880776118886,-17.670493063488454,-18.88217959803764,-19.30030601855149,-21.760038934245323,-19.709742204786448,-19.423391572236646,-20.58915111708351,-21.215354375344937,-22.996903963623236,-22.67413109901826,-22.80642387104585,-24.053842585682037,-26.4093046519762,-23.716206396653856,-24.816554637743643,-27.497309310928916,-28.018216580937207,-28.7356203297826,-28.475021655212196,-28.92075778466109,-29.54557689500316,-30.138888942533264,-31.79720327197185,-30.300898953634515,-30.853426000491346,-32.22824807304904,-33.783714418837434,-29.06957607588486,-32.01871839002002,-33.20759249196141,-31.55265973746657,-33.503018406445875,-32.049194887793874,-32.42705020393052,-25.505427995346164
-17.154588560067182,-16.166844470289863,-13.170629819687122,-14.143864953510455,-15.537437467684098,-14.999254535802068,-15.569128557686666,-16.78571910212129,-17.380965447757283,-18.630098451171403,-18.672556938096605,-18.06516983065743,-17.565811152096664,-19.886594341163022,-23.706892729125375,-21.081975887219876,-21.41529852766612,-23.41113101683696,-21.409006030958068,-21.849573569860233,-22.981733270875317,-22.908251843722333,-23.774746086543566,-25.595233534492028,-27.120915000097543,-29.337327821270538,-28.483250248934397,-28.539524153675263,-28.09053200837528,-29.324462729517528,-28.05264827859238,-30.86739563180633,-28.231781576515303,-29.28581287944084,-30.454763753098568,-30.157619739829144,-31.270755991853857,-28.610066713560418,-29.57608451410112,-30.74417698438392,-29.95248306056098,-29.475586335725932,-25.91733281815688
-18.24183145246925,-17.21545354730799,-16.635944772039338,-16.999053520360558,-14.602394799596121,-14.334777857416316,-14.29083745191349,-15.830801523284972,-17.23704952301606,-17.940978060346495,-17.987112692386724,-17.990589389325095,-17.649028707016488,-19.260353405253493,-19.704481728078818,-21.058305217860326,-20.478370412584393,-20.859845254361925,-20.302739079070317,-21.68682656406411,-22.01173609849814,-24.99831839697097,-25.562368090244615,-25.09118435418792,-26.45576449111337,-26.321532400487094,-29.39317718479446,-27.850419840496215,-28.387544361217877,-28.24243281923933,-27.426156649750244,-27.531777873320404,-28.638960226549713,-27.038412904914484,-24.422793278233094,-28.243239260606234,-28.84920549447172,-28.064079391630948,-29.65136109202608,-26.40094068990428,-26.86428125557319,-25.813847295175734,-26.459953581709755
-17.796470716513333,-18.933275664300304,-17.77631481987403,-17.81962022806443,-14.362797039413678,-11.984877509871474,-13.964413907834302,-14.182879280030827,-15.725069100916294,-17.587017450723245,-17.26713174779751,-17.761265536022755,-18.222732356854507,-18.445755201249472,-19.01043688529088,-20.00140772490152,-18.89784988285995,-19.014147991404435,-20.527962121236808,-21.447939063160856,-22.277957784408837,-23.324846404948772,-24.696892100282284,-24.324120130005753,-23.339471130526036,-24.8706754971742,-25.122907339503808,-25.965724040223535,-25.813160034719612,-25.12972073008217,-23.84421242286262,-26.47584771210137,-26.509677543774746,-29.110535378254617,-28.711142223013155,-27.251086264173217,-30.39038938568813,-29.414290738527278,-25.12131178249185,-26.486563770996103,-23.516766356620472,-22.309498496855504,-26.183064303402702
-17.19088052790066,-16.504508011575535,-15.778552360436024,-13.46420951349495,-15.159781322066795,-15.961942078842533,-15.799244197130765,-13.930500453436142,-13.316941479991907,-17.34485703982252,-16.25789950546943,-17.139072208271863,-18.07066225685615,-17.722992961082973,-19.909429273613906,-19.49822014807271,-17.834505493950864,-18.23272871242564,-18.397574390738537,-20.13900567447161,-20.88477027151907,-21.495234528728677,-22.24707773706574,-22.943300951277983,-23.996538834238144,-23.460777728082576,-23.689437629155293,-23.3322075131402,-23.48067042176961,-25.73525730439058,-25.283885607922194,-25.99640317404451,-23.666056897729227,-24.228453938161913,-25.572893239133002,-27.244309628039094,-23.369066786761092,-22.779256469157367,-24.2481862997002,-23.18428234066301,-20.224514141621245,-20.900027432042663,-28.287054078761145
-17.25136150497482,-16.765798215233453,-15.812283434333382,-15.037580875189208,-13.210195268953061,-14.8351258601911,-14.449911370125221,-13.969612752052605,-13.21240797077769,-16.1668928763751,-14.7826165490464,-16.294189829263168,-16.829241569073286,-17.20828542194831,-18.00752538127013,-19.101069902988282,-17.469301015895216,-17.28332559028258,-18.05222465606591,-18.7522418133059,-19.28383327024297,-21.24415222022034,-22.107818719077546,-22.695550796865,-22.756542185239116,-23.28427651737317,-23.93165665340544,-25.063262371327784,-24.258423654924822,-23.38635168180602,-25.299723089332094,-25.286095227643155,-21.558261140128465,-24.266685502222604,-24.24955914851419,-26.076480585276407,-23.609526079838915,-22.550310185327127,-23.177633095441976,-21.68112908577967,-16.168716881931235,-23.391435571068044,-23.21122848808551
-17.054174650254254,-16.99090218581384,-17.434214133661275,-14.201277236057287,-15.408584576054084,-14.67565069105261,-14.618493705850195,-13.698176912714182,-13.442219259044,-12.76467438807131,-18.337517937669926,-16.489067319840135,-16.427066371611787,-16.879660388880737,-16.849916020826793,-17.057898984178074,-16.415210517336273,-16.322991472639924,-17.164585550600254,-17.37071808953208,-18.68507292684707,-18.886154605185368,-21.43355161211573,-22.340364188503628,-22.303717536090772,-22.42855811458105,-23.15205675794994,-23.93441477665405,-26.66877313054668,-27.063267930062988,-26.72637741685548,-25.79952522580169,-25.61972953298276,-22.81640849000335,-23.868812564503898,-19.048112727153754,-19.38660762238264,-19.92693154183253,-23.378832531491323,-20.912225728610583,-20.616621704921723,-23.003373475089617,-20.509397300118618
-17.568348237147216,-17.256243730165398,-18.161041714210228,-17.89194181756699,-16.394119250684536,-15.338879601954854,-13.75049856130133,-13.10625461841858,-12.861368530947018,-14.168420819487524,-15.359079781710982,-16.30045602635729,-15.028872565518018,-16.814499895814002,-16.714170658025033,-16.83911698517706,-15.89569283480337,-17.229282493411514,-17.906411353023437,-16.657544830899983,-17.02346306029676,-19.871734232318254,-21.68601293770073,-21.177312978005837,-20.77855701300645,-20.90339671399239,-21.719070383210887,-23.278275689917052,-23.867679182048803,-23.208394096779987,-26.08149070460869,-25.530028648019886,-24.97193817474139,-23.33441724182747,-21.806936741356996,-18.763443278073296,-17.443097789815653,-18.984223196938927,-21.32119064609676,-22.301225135454533,-23.175390476087628,-24.747926493050972,-19.66397361249816
-17.184667977762352,-17.29422603124805,-17.42647864082722,-18.030630253126354,-16.96943623791794,-15.7097259464318,-14.420145036595645,-13.99594524041816,-10.292537671974682,-11.268072913374773,-13.912383388419974,-15.16200757256702,-14.616669651700358,-16.341182729753257,-15.990790002332469,-18.042912060759008,-17.70558844139651,-18.456215746172788,-18.71700345037862,-18.425727246434267,-18.894347672683825,-20.043686850759627,-19.24276999787506,-17.764040853077894,-20.125322924242596,-22.429712985371914,-22.019629243324562,-22.681101893399607,-22.47166340735851,-22.98067882062939,-22.91943955441707,-22.7953985691726,-21.26527772963447,-19.426892061740535,-20.2510292527318,-21.39653810385327,-21.021545480238263,-17.6763356792354,-18.456617347178273,-20.858940041881294,-19.892290218370565,-22.05717822541299,-21.566152553532458
-16.415858283493037,-16.49859423723526,-17.224498282533254,-17.544414185806577,-17.32666136425113,-16.692269004176417,-15.693086058940663,-14.97158534520369,-15.552808142882155,-15.892203602267072,-13.61295215341945,-17.21809308245122,-18.27877300715833,-16.93360070700463,-19.132666005171707,-16.94242247368691,-17.27987625580256,-18.40287445851936,-19.01855871962936,-19.998869653468596,-18.6709594916629,-19.61768718597736,-18.045515553370542,-20.387307425739234,-20.76665294395729,-21.04254340116576,-20.616674106334354,-21.538680906777103,-21.91635362306019,-22.02154710891338,-21.34004820156461,-21.208641167776026,-18.54388537877651,-19.850694657835913,-21.163441581110042,-20.499728490548357,-21.067245724772,-22.57377944946772,-26.290166649318564,-19.749963583662307,-18.15706054700481,-21.200311758706587,-19.795750166477962
-16.539504056650834,-16.639960479633316,-17.131692611630413,-18.10925848210716,-17.04630978465873,-16.835164995860136,-16.465386062327,-16.318417189413932,-16.172100791017254,-15.646660598997485,-14.329520287765025,-14.359640176234265,-16.34521501973626,-17.973323048283962,-15.861023236226,-14.639015207831642,-17.636656848037468,-19.19665094243748,-19.14336334760749,-19.463938171122642,-19.95424672802125,-17.44179584104026,-17.577695311013272,-19.25987131542096,-20.455171166693077,-20.221050731627518,-19.388499292010916,-22.01328934017171,-21.830298847715778,-19.5364273425377,-21.969422127177225,-20.10216080795714,-19.03717133139992,-18.326390774884402,-18.358945618002778,-21.385368292041377,-22.10757815093365,-23.740576055666562,-22.899160677165355,-23.83530872451014,-23.913997266142047,-18.180393543797535,-16.95185965823958
