public/json/wind_2018-09-1513_700.json
{"header": { "discipline": 10, "disciplineName": "Oceanographic_products", "center": 0, "centerName": "Ocean Modeling and Observation Laboratory", "refTime": "2018-09-15T13:00:00.000Z", "significanceOfRT": 0, "significanceOfRTName": "Analysis", "parameterCategory": 0, "parameterCategoryName": "Currents", "parameterNumber": 3, "parameterNumberName": "V-component_of_wind", "parameterUnit": "m.s-1", "forecastTime": 0, "surface1Type": 160, "surface1TypeName": "Depth below sea level", "surface1Value": 15, "numberPoints": 4800, "shape": 0, "shapeName": "Earth spherical with radius = 6,367,470 m", "scanMode": 0, "nx": 80, "ny": 60, "lo1": 109.0, "la1": 20.0, "lo2": 116.89999999999955, "la2": 14.520000000000117, "dx": 0.09999999999999432, "dy": -0.10000000000000142 }, "data":
[rows 19 to 37 of 60, columns 0 to 42 of 80]
-7.67615510518272,-8.577978598124213,-8.440421902725067,-7.986972827032761,-8.320464085853061,-8.63508150139251,-8.679274660621042,-8.962642359145653,-9.089864720935214,-9.252634405767857,-10.382496755963237,-10.821355062634245,-10.541406505540854,-10.832566587077642,-11.207939809447872,-11.067419320061184,-10.62814654167711,-10.715938519098094,-10.381391156422254,-11.296971894855284,-11.59248310331177,-12.915777152498801,-13.523524046764852,-13.353838516816436,-13.667661429282862,-13.780949758926218,-13.647455705570636,-13.295044237234931,-13.694342516961191,-13.468294033050297,-13.795554056594181,-13.300147757121614,-12.679070890818593,-12.59011478874897,-13.099354559749056,-14.327140804867987,-14.143238074331078,-13.555778422905455,-13.053876035535337,-12.915864856813185,-11.952279106951087,-10.507800353283747,-11.218614049480912
-8.037590494498087,-7.677498088237565,-7.899086781931048,-8.177951315462321,-8.16049191497157,-7.756493527090955,-8.306458514586645,-8.477070391718309,-8.64159569627218,-8.806231206730674,-9.79611893570069,-10.040239933979503,-10.705044567924935,-10.774585090697494,-10.586688075117536,-11.132510299209134,-11.227681983513483,-11.699554418514394,-11.142380557146437,-11.274388380795676,-11.638215369570698,-11.957587337608592,-11.637955172589688,-12.14349214887073,-12.544626949555045,-13.28942809983917,-13.71740755032995,-13.63781248495742,-13.121828715186398,-13.651997009178464,-13.115120229630001,-13.44033192635962,-12.974208567697898,-12.833583830705349,-13.852790581751336,-13.709309211587643,-12.28560228453753,-13.54747900179366,-12.801540349302867,-10.732372623228004,-10.28441435018786,-10.377982285402943,-10.99351278614148
-7.303367316884959,-8.365897005587696,-8.095746795035677,-8.366952278381294,-8.54103433023505,-8.819047419418506,-8.77775769097474,-8.17616242620666,-8.804870616245672,-9.135477079165181,-8.86958518524767,-9.499741573016275,-9.512132446982548,-9.946402659478329,-10.70285803217386,-11.140635588417608,-11.723481154323256,-12.135968891090775,-12.591950731293295,-12.412011795077124,-11.473744562631747,-11.118849135159227,-11.221826805837075,-11.655044284056798,-12.51645142394236,-13.824397745576741,-14.533080490958543,-13.889669916930206,-13.45164043611937,-12.4647406950166,-12.995375866478637,-14.099673155816584,-14.102269899633852,-13.248209006511226,-12.172347936065247,-12.587158744627445,-12.35872582873663,-11.637812887352828,-12.90899174273741,-10.984363471080645,-11.60051397266269,-11.391919935379123,-12.702065630971674
-8.03036266011631,-7.674348365713097,-7.566258567499671,-8.36651702612173,-7.738637316763156,-7.583979173758164,-8.399566701127949,-9.201896340679005,-8.932581855623194,-9.32040279373367,-9.439877965915727,-10.010036413195936,-10.191249550303798,-10.278141123879642,-10.300417987057784,-10.899176090734155,-11.2105059545176,-11.44212005007947,-12.20797649191285,-12.61539226153721,-13.120966425337821,-13.545740725634863,-13.74757006864261,-14.559993365947195,-14.57832817475654,-13.00973471771246,-13.71008729803286,-13.890367955643313,-13.694982767757411,-13.454800117948446,-13.270077677523943,-13.357762538399516,-12.815535556521217,-13.129405748436957,-12.292202323872004,-12.576640440434511,-12.652136965064464,-11.977883735609936,-13.669137553209215,-13.17651530537476,-12.921578792467455,-11.754400085588815,-12.870927183746435
-7.5645094666507156,-7.712427003498395,-8.312024505371365,-8.239282794259118,-7.913614640784772,-8.011924352685739,-8.786136789413383,-9.000394944080611,-9.00438317521142,-9.005825110658584,-9.420161293563217,-9.99399192387085,-9.785621918471229,-9.382007850835723,-10.156643032819176,-10.354871758749228,-10.225278004641146,-11.188237756710716,-11.734652234439398,-12.445606037639628,-13.283805782352974,-13.374273775786353,-13.912822824577146,-13.737547590286674,-13.404653634721122,-14.452666179209972,-14.482295214529358,-14.294808077342825,-13.894646272383127,-13.805616208173495,-13.988900228149989,-13.646655217850391,-13.331382419119214,-12.62589517653062,-12.594866267407117,-12.196670814659772,-12.089932733737065,-11.65532193503919,-13.251048908460662,-11.890653673697168,-11.4593363586358,-11.199860071449784,-11.49219300256472
-7.87168792803766,-8.013777288924892,-8.433473814477765,-8.404971871674658,-8.934254824400352,-9.365902312925483,-9.39493196942006,-9.577798500130593,-9.934631747129602,-10.545668839672231,-10.131103107079483,-10.045767711471731,-10.539238025292338,-10.188514476586194,-9.223658036419408,-8.998178559331931,-10.212087913614727,-11.7640968181803,-12.063097809511508,-12.36386545304747,-12.296127416918683,-12.291263761709178,-12.130172315400285,-13.644320075730551,-14.234882734172023,-14.195293528147658,-13.977046277985874,-14.450227049290843,-13.68913678444707,-14.70963175736191,-14.7543398458304,-14.100103773520654,-14.35506382370896,-13.858439279438326,-13.26776865296679,-13.014904538267409,-11.88080823019053,-10.09919199143838,-10.615481486634877,-11.535147490089365,-11.752612953351388,-11.340186522330804,-10.351888522091377
-8.323384231729422,-8.364703352222689,-8.442789276241363,-8.512867607603699,-8.375542298827256,-8.280050922959404,-8.932388581366116,-8.924337493246053,-9.679735945704282,-10.409257021881086,-10.176080485517794,-9.970720225626094,-9.861764391942721,-9.807678116007583,-10.087264791154709,-10.844048290259884,-10.791347533051137,-10.21953428749355,-10.58339871203466,-11.713766367673198,-12.338635368464034,-12.276092588258317,-13.065912052545873,-13.067584426332262,-13.05503671025668,-13.347047889104577,-12.980773850726656,-12.911748686231558,-13.490179750965403,-13.654093087169063,-14.114412109104457,-14.528897726762398,-14.496985491032715,-14.382634356313089,-13.652737695766367,-13.071683786516903,-12.009546298536034,-11.112139680898952,-9.439216379110725,-12.283320801473039,-11.858232187959729,-10.055771216875431,-9.689417919647443
-7.98958418591851,-8.442052771780823,-8.354557056566627,-8.380852025297507,-8.306997153307714,-8.180390280259472,-8.099911999534452,-7.505183823813565,-8.0047421925572,-7.712860146588417,-8.15085630726867,-9.525095137969934,-10.26238738473341,-10.157746292447507,-10.141162870398901,-11.157846184009962,-10.994702517807719,-10.195779229242008,-11.446922924599857,-12.29559481037362,-10.388957971767594,-10.968041132368805,-11.885589416865962,-12.285017821641915,-12.525372965451865,-12.930621718045067,-12.887718354533796,-12.07896227642065,-12.861202541995395,-13.38637976223896,-13.799316658846926,-14.139765238285092,-13.855388564046944,-13.325511552003798,-13.93848901170508,-13.14311255537999,-13.119873960926578,-12.111940155106065,-11.063083602289339,-9.88157185404902,-11.388816781970753,-11.105120052230678,-10.57761493465182
-8.475351198843349,-8.00581143151993,-8.254842401297445,-8.364963548544424,-8.420926982792988,-8.725954439210298,-8.902494770833345,-9.069667566758998,-9.14926571782691,-9.481937083341135,-8.545882870356106,-5.938394018124953,-6.509467464400231,-8.718549580249862,-9.61833184354673,-9.368482253288477,-10.474466616537633,-11.375694539512935,-11.36112821882999,-11.328272989979528,-11.049674865085649,-10.694488436247966,-10.416860908300507,-11.389882314477402,-12.089842441178876,-13.04766817384122,-13.179183430058316,-12.442624281243045,-11.426729640531262,-12.594327667393333,-13.33326344393163,-14.022056248545276,-14.084436904523434,-13.839846766747103,-13.496605689474118,-13.132727174149158,-12.738537071911022,-12.39494360981699,-11.53138046818472,-10.912354414376622,-11.243202042531944,-11.160104146499934,-11.05266541350709
-7.970220804119152,-8.146866540312311,-8.171242573626389,-8.111020247954002,-8.215638742249787,-8.843922320695395,-9.131897053968881,-9.271053007582893,-9.741918559094316,-9.952025468154662,-10.067049087677724,-10.991601546129301,-10.840465079396896,-10.86935423659479,-10.804665800848932,-10.423804658718762,-10.32565000287193,-9.980851330640911,-9.776970485847318,-10.534205331232066,-10.70900208437649,-10.74387243056136,-10.464456595455307,-10.54749765596447,-11.224122953581848,-13.301069355421104,-13.633453091378733,-13.307842817772869,-14.122779872946001,-12.498277763641545,-13.608413765837089,-13.088700106154235,-13.241549426611844,-13.129640785227709,-12.264291117720717,-12.948673531974077,-12.193516852459457,-11.76489570926001,-11.687520273164534,-11.453117166172376,-11.312085056209732,-11.122254236994696,-10.582354754057087
-6.598613198309406,-7.02148574299566,-8.275379853563003,-8.74278214318209,-8.487335590321543,-8.491250754293358,-8.910146295089323,-9.151438314383203,-9.696735793524368,-9.962539761147546,-10.373594736266599,-10.578829125413781,-11.012270644582072,-10.65456632118183,-10.61295846363278,-10.117110214181317,-9.522990473417536,-9.695735371455934,-10.362351399408979,-10.040559554572859,-9.571439259224807,-10.141891311335824,-10.556997035416678,-11.350103191859088,-12.380814523137902,-12.931983188909086,-13.513541607073549,-14.312641413241268,-13.858361318495694,-11.301662265232466,-12.725746855711659,-12.378411108690264,-11.974259050987678,-12.6022225556161,-11.83027720670781,-11.363173156075666,-11.638436969449963,-11.936018006675098,-11.598624316873055,-11.594900883642843,-11.618942694458003,-11.114431963504849,-10.372842284753872
-8.164356200591017,-7.3254627801908745,-6.575194784642175,-7.985688721486481,-8.0030027947196,-7.780047312604765,-8.730800898605137,-8.893826884193306,-9.2298264831832,-9.361646106763674,-9.59803961309595,-9.879846559228307,-9.52689437492132,-9.438898958688473,-10.09768008810062,-10.05844913304627,-9.786850114726532,-9.349459285950138,-9.421390244438381,-8.816440443720953,-7.841502123309235,-8.82728253120383,-9.53550645474708,-10.749172402582296,-11.920543674132066,-13.11903938092475,-13.115098622172894,-13.736974596545029,-13.521111778852283,-13.040771416162329,-12.409683292383669,-12.266617273872304,-11.909094521369646,-11.951201763225797,-11.87939987596979,-11.67603862076737,-12.049167783632988,-11.634151611542226,-11.682432034091203,-11.990810851852068,-11.648204577398296,-11.239331176599276,-10.724768125861848
-8.712249396579026,-8.452442276162628,-7.723081644567884,-7.343818267526196,-8.146213673022253,-9.02207424903554,-8.655325497281135,-8.894444120965222,-9.174445707133648,-9.021751336071333,-9.322845165474575,-9.265703889135372,-9.020592375867778,-9.509691370949152,-10.019250170823225,-9.966213702687451,-9.462429062339258,-9.073690327865553,-8.859510393642875,-8.40659325750208,-8.324378792410188,-8.611860057288062,-8.381501136511455,-9.180797196740372,-10.645679979686472,-11.143290296354165,-11.88932996737844,-12.751253175446529,-12.744367502122032,-12.873003687012476,-12.796925455089525,-12.067807999157461,-12.14660005909345,-10.721761511254307,-10.664079278433086,-10.86571015448175,-11.02733507275635,-12.673742218932878,-11.132965072090533,-11.314890002808571,-11.689433587871106,-11.864781488717453,-11.551786277242936
-7.789166641714745,-7.638702724261774,-7.176970331436617,-7.447873843041247,-7.385763926071203,-7.888209261986606,-8.18181520277792,-7.719267353110989,-8.482441231350165,-8.667292205314356,-8.319081444193769,-8.996365457767,-9.196561661102827,-9.306502352137015,-9.633693566797275,-9.48781528369654,-8.750513207946076,-8.770147596242271,-9.120155451236133,-8.164460842413774,-7.54005475984544,-7.424277784074858,-8.014597531390615,-9.264134949928977,-10.587986759418603,-10.853187171822489,-10.772556526568804,-10.889233779751825,-11.501691868900911,-12.219357155887316,-11.789272697318715,-12.517306351884837,-11.876289336473816,-11.41873930516941,-11.411752955235645,-11.412976129690087,-10.611397861060563,-11.359553949133417,-12.418028577247165,-11.054917482752836,-11.566892716839654,-12.449591730833381,-11.74333549665716
-7.025527855279613,-6.532081179457018,-6.959494714312006,-7.229700344504309,-7.351752554160896,-7.847628262682247,-8.156127746933148,-8.316443999922045,-8.436735626400665,-8.385101201046863,-8.849948631825114,-8.723413726807644,-8.44416164774505,-8.55400785031132,-8.861808652279853,-8.83234002958984,-9.077702216573355,-8.81062062868503,-8.490542864271784,-8.05021337590133,-7.697008858027356,-8.039832180917077,-8.532238339350679,-9.205218931100342,-10.575231064356796,-10.469300310582536,-12.286644502924265,-12.01378440154783,-13.200326839379523,-13.308722061155496,-12.530787335426163,-11.995302133536315,-11.67661722763633,-10.988173549573009,-11.306334813234205,-11.282249537383121,-10.723402966752516,-10.244169907988155,-10.491332105872754,-10.284293250939598,-10.739661872267453,-11.4699226419582,-11.655382575298141
-6.683048411323945,-5.99385328337911,-6.642281157973793,-7.519307922709604,-7.4999025995261706,-7.921939690352515,-7.73007523112427,-7.252370141378133,-6.701411434923348,-7.410958830252046,-7.614470076330906,-8.09552248927194,-7.520578986792304,-7.481878420419469,-7.59617894777607,-7.6105329004520375,-7.8170840556378325,-8.23536192914723,-7.8550567651901275,-7.848396270861824,-7.393391835537569,-7.519490771900065,-8.48566197472076,-9.021077358727513,-10.221015570468245,-11.177119944782504,-12.061320803185177,-12.440913214250525,-12.554132518002518,-12.295173808288116,-13.623181691172526,-12.934933918177123,-12.334573356379975,-11.721810377043314,-10.214802901969978,-11.807503712621223,-11.15791308538672,-10.880187123779079,-10.736705266063781,-11.509670279849136,-11.262881864292051,-11.091894787421872,-10.843794232165477
-7.355626825777739,-6.391524971226413,-6.063003002064946,-6.121074834169406,-6.310269665101472,-6.573595759741199,-7.202584102630118,-7.875643959411674,-7.9544271030659015,-6.982083607098618,-7.530599969995029,-8.085224053790025,-6.946768692437564,-6.479778721798083,-6.171308708430118,-7.349509455282281,-8.270449292470438,-7.536030450821645,-6.8593606445111766,-7.074811301790572,-7.548535783926673,-8.287255604676648,-8.096394258896854,-8.7117079698637,-9.75595981458534,-10.784622267105032,-10.83643914478943,-11.772139772678571,-12.427491696771703,-13.282491700489862,-13.30267776880971,-12.670134068534809,-11.986419406018817,-11.656054201631166,-10.710215226455272,-9.53378446289536,-9.390826644957258,-10.817789356824328,-10.431946110957712,-10.763290282162679,-11.114333145904343,-11.281576914233316,-11.285475131269102
-6.752933257342952,-6.087250713701344,-5.727925739807798,-5.459907527520746,-5.783030656916932,-5.625690956485032,-5.743018660179554,-5.209874659093277,-5.224638732243479,-6.316945105039397,-6.524914751115589,-6.673282389712919,-6.96811125930612,-5.95833870682567,-7.0359173809357305,-7.479711834661879,-7.81260730909467,-7.418928835925726,-7.459940196855371,-7.878582768964327,-7.438989145375722,-7.067957548445485,-7.105679926020439,-8.170736947028319,-9.780016083479753,-10.229556567860648,-10.348423662704977,-11.158787548012938,-11.597257118127592,-11.770453782383875,-11.945650624397182,-11.665770668681363,-11.72404602306979,-12.228695517337066,-11.348957423180085,-11.041626034522903,-10.503513897751386,-9.307423309054842,-9.609243681205772,-9.586020995119132,-10.563624912967818,-10.904061889888297,-10.632545366149662
-6.277374876252586,-6.332870667199108,-5.675431213816574,-6.058543520381907,-6.140460790163026,-5.95491487167707,-6.300334028000028,-7.269993387256648,-7.326817393676706,-6.413777461711301,-7.178175395453291,-7.301723816486184,-6.629164183281717,-7.31481589680098,-7.125882979086231,-6.969303108253492,-6.464291307483251,-6.6788810824222775,-6.793057705936671,-7.054675157797635,-6.98699468659129,-7.18415544779827,-7.648539954367344,-8.611917738117027,-8.94362105135717,-9.847437659288712,-9.894326589271735,-10.360794126642405,-10.345510825609802,-10.762007721203114,-11.36785158974618,-10.747774476761034,-10.0491519841595,-10.87815406557595,-11.576054238598413,-11.419977261563856,-11.773430485361125,-11.887225754318433,-12.089822023259572,-11.838945564659696,-11.060868873623962,-11.946441768995083,-9.634768306190265
