public/json/wind_2018-09-1607_850.json
{"header": { "discipline": 10, "disciplineName": "Oceanographic_products", "center": 0, "centerName": "Ocean Modeling and Observation Laboratory", "refTime": "2018-09-16T07:00:00.000Z", "significanceOfRT": 0, "significanceOfRTName": "Analysis", "parameterCategory": 0, "parameterCategoryName": "Currents", "parameterNumber": 3, "parameterNumberName": "V-component_of_wind", "parameterUnit": "m.s-1", "forecastTime": 0, "surface1Type": 160, "surface1TypeName": "Depth below sea level", "surface1Value": 15, "numberPoints": 4800, "shape": 0, "shapeName": "Earth spherical with radius = 6,367,470 m", "scanMode": 0, "nx": 80, "ny": 60, "lo1": 109.0, "la1": 20.0, "lo2": 116.89999999999955, "la2": 14.520000000000117, "dx": 0.09999999999999432, "dy": -0.10000000000000142 }, "data":
[rows 19 to 37 of 60, columns 0 to 42 of 80]
-20.981950110678895,-22.30895873237743,-23.387226656520784,-24.648606809589413,-25.57124066084279,-26.440273696373826,-26.981571439556763,-26.66531531324621,-27.64691434248337,-28.878868307030267,-30.416923465773266,-30.82025085841898,-31.660508850955008,-32.1991204164699,-33.06622883710801,-32.79830926947309,-34.03971165388448,-35.670263382713124,-37.49020603348511,-38.61295402107042,-37.70383354234085,-34.85936355710889,-35.340614729810724,-40.163657463327155,-39.21898508341096,-40.41980277057215,-44.80174424871629,-46.89332824593748,-46.59674181795635,-46.10739561257239,-45.462560976266865,-48.87141322365617,-49.53617509829246,-47.62839971123577,-44.01611497839025,-43.19212825375917,-41.84389136303735,-34.76972432683338,-4.590395414007526,2.3879183957555843,6.8987755881931445,8.615165060220626,7.870416342770401
-21.054537576628352,-22.65907169700915,-23.593190905121578,-25.165159030697218,-26.11672372937656,-27.171617657555547,-27.615083163267833,-26.613736196135658,-27.686675067707473,-28.942363972939948,-30.616031691255664,-31.365972584411804,-31.350428070655063,-33.15165211995185,-33.194796887189014,-33.88001043531056,-34.489923566983975,-35.73376946492096,-37.51248964563864,-38.90765232249723,-38.96469021521433,-38.283330894368085,-38.71700198311591,-39.78073732123128,-42.25906907544855,-44.6960388277828,-46.19331305452029,-47.016803331983475,-46.95943571921339,-46.44163837278225,-45.54587035937688,-48.53865135230724,-47.76568520142967,-47.83085808952664,-42.06251858492904,-43.794584964258135,-42.21823766127077,-34.034506444251946,-8.527175644122009,2.1624351319394277,6.061862160841445,8.081892493490503,8.83609299966815
-21.98158070259418,-22.4845434651532,-23.21489204414965,-24.725909583560817,-26.442817141381752,-26.418953806418223,-26.97440431935035,-27.56088909193009,-29.07566556732213,-28.919931446481204,-29.184409061550287,-31.71865739842354,-32.280099200271664,-33.266209387139526,-33.75473315800365,-33.61098839612318,-34.73092138414437,-35.79454791745784,-36.88253159080103,-38.09296796903429,-40.81578890826762,-42.370168729594496,-42.05198342948003,-43.92650587890606,-45.543341667565606,-43.00907814909591,-44.02957016450304,-45.441178121475374,-47.0645758010321,-43.05602776284241,-44.58368528584015,-46.056310490788476,-48.900253723615634,-46.01451581366384,-40.28602541035908,-45.07835494191875,-41.56118130309247,-36.17350240977242,-23.139920506696907,-4.473971443378005,2.3212080123965677,7.019138687735019,8.983636468820887
-21.202083995000162,-21.630280724591035,-23.50349535706998,-24.67660274976962,-25.121337342518185,-25.85679234060202,-27.234489616624998,-28.892741347012656,-28.482266297136192,-28.466258947923897,-28.418795263151978,-29.52391206796318,-31.337902971686606,-31.27408393981208,-32.91711286028168,-34.72049771802834,-34.72899886482209,-35.18626150486059,-36.14943065199157,-36.61706253567865,-37.294795583603666,-36.65336444392254,-28.932432408909968,-38.203604726777,-39.45044212544289,-36.06659626638906,-41.518702012823695,-45.380823643422225,-48.02303177221762,-44.99142535526482,-43.78892187339235,-42.07998218248503,-43.39748476379445,-40.48709754099399,-45.38347016174508,-44.48389291028027,-37.761346552877946,-37.19364593724589,-31.425565266738456,-18.273049888833047,2.0267782339233182,7.099799772385577,9.005665237056972
-23.020948233717455,-21.79722745660984,-22.534629823577287,-23.411362999622913,-25.257507477184614,-25.091776304494605,-26.050224271499673,-25.86198668079868,-28.95810775575187,-28.395206120900745,-29.042084899946115,-29.465719960386302,-30.173146454005234,-30.821864928739785,-31.30635132427588,-32.90821096971948,-33.742061936639296,-34.903935506344766,-36.53782834915324,-36.21183286787847,-36.82858638733076,-35.457749642067206,-36.341594438105105,-35.727357990156904,-36.07195001503206,-38.16808518931028,-35.32764530348618,-46.26506307606567,-46.99775533813866,-47.621657597781585,-45.05153696262005,-44.01896893781345,-39.23070471518858,-43.310187985546904,-43.549861848598894,-42.70057141608832,-36.57444320793375,-36.04931061161449,-27.92598884326282,-22.99978805365587,-12.303201819533376,1.8923520814070471,7.928603325282161
-20.18637245384913,-21.02634802930609,-22.621700540354617,-23.611439884632308,-23.948835555461,-24.855750785494063,-24.200602007554124,-24.37796375823564,-25.97205161951487,-29.513373437936508,-28.97101544792963,-28.1368625000515,-28.691650278958246,-29.484222266159293,-30.553763137645127,-32.19523072212593,-33.35358969610029,-33.89945581358634,-33.67740052038334,-34.01169458868806,-36.17314458281659,-35.5600235749051,-35.35043332464994,-37.44003100875184,-36.50864944045619,-37.820592834792336,-37.69358212189205,-40.40047861025514,-45.15397798220189,-45.01599066954108,-44.259989778619875,-43.356956151247616,-42.26561368171571,-40.150252725458515,-41.32259197726812,-41.1728774170879,-36.89698179414208,-35.502677580390674,-31.515078930377655,-19.3841307267171,-17.353845263967905,-8.520819265565205,2.774568328771132
-18.650180619306994,-20.402370308613797,-22.11147118544456,-23.154121674252195,-23.13476021131291,-22.997251830428013,-24.114167132283725,-23.993011806162563,-22.42227851954741,-26.354235075489086,-28.271216819661902,-26.940402167612227,-27.385513399760633,-27.378178919315857,-29.200888572170136,-30.61398761645233,-30.919144732026062,-32.33794277856411,-32.077031331180535,-34.83003206594746,-35.05785945752697,-34.63018842995827,-34.373439738251825,-33.73485067109439,-35.63497849452828,-39.06423792722687,-39.85753837911551,-39.35041381200233,-41.38424443285591,-41.79356074955428,-40.79833850349607,-41.55209084372781,-37.686330879479385,-37.55543129424384,-39.07663215543633,-38.70141163844576,-37.452736159093476,-34.32541802357963,-32.01246569678319,-25.24224520492847,-11.934167663345034,-11.650280773792922,-7.418500173375952
-20.03315471614402,-21.922146407239353,-21.665267753517238,-22.2652812007381,-21.558272896647804,-22.809130534023627,-22.652270483930778,-22.05412804334399,-25.78789169168683,-28.26687273973337,-28.075287058255526,-27.613379589890968,-25.96664104118577,-26.08707408408244,-28.0766561685075,-29.736921065827232,-30.14709186586901,-31.19889496018548,-32.76381827902921,-34.187687339222414,-32.74402153399959,-35.33951485724407,-34.68814971488624,-33.385934781021604,-35.7679715211148,-38.4946915492849,-39.32771428117758,-39.004642683314835,-40.174541268037686,-39.33728278863312,-41.10945183540606,-38.68112676463912,-38.27476755829842,-37.29331203942292,-38.17258084910891,-38.51530783297497,-36.70078639856941,-34.7191697911995,-28.777743594030618,-26.75704529213632,-13.603721184063733,-7.029907763300486,-4.953150062974089
-22.11902879234436,-22.45727911058616,-21.82130219579556,-21.28557326007007,-21.745146410403482,-22.69423785938394,-22.1227513959508,-21.410038943227384,-21.58388670496772,-27.45015979225502,-27.47390892135905,-29.05616578248425,-29.622479800946017,-28.73470622843203,-28.075981121453903,-29.29106941770734,-30.760259459394657,-29.771050493744056,-29.172828497043525,-30.819898861830914,-33.04587851405242,-31.511762652957756,-32.79021450713071,-34.48683565688404,-37.05113975020625,-35.64693572828625,-38.67734814482439,-40.190367353485655,-37.395427762278516,-38.502828482827894,-37.77403635174019,-38.235164299513656,-37.26106050770943,-37.002468135068455,-35.03874562046332,-34.755440452648934,-32.11815677405478,-27.833045422630878,-21.540595865570445,-14.995160206651406,-12.624983173619842,-9.826994751460846,-4.115553205591668
-23.765503760446727,-22.746544034641413,-21.24158825010761,-19.728134497453226,-22.017882585974437,-22.109215523440458,-21.318420395752288,-21.954572323271226,-22.295260514115782,-25.792121031231908,-26.707901026661293,-27.09093581749079,-26.657076440282005,-28.17395359917468,-30.04298026792005,-29.311045539650443,-29.204045524233678,-31.45095201146339,-29.89912531992352,-30.013596988737664,-30.518483126462286,-29.436533799924675,-30.0332345456667,-33.38237027749448,-34.37375750253965,-37.74150754350066,-38.90037130218978,-39.34442277791204,-36.97383835204559,-36.29635593502681,-38.546986598301686,-38.39099478065361,-35.946994763339205,-32.305970846680204,-33.735370127665,-34.01347802477573,-31.3606607129435,-29.193852967173143,-16.768850553787704,-11.285934200543572,-9.87373065235531,-8.158954509179772,-2.7565345188125168
-23.102883060865057,-24.160350982355887,-22.468791783424866,-23.937187962518035,-21.853716610075736,-20.780044478012627,-21.106305847882123,-22.132817518657493,-22.294590809534167,-24.646408946215693,-25.713817697294026,-26.19073718593565,-26.376208792328747,-26.382612623494424,-26.715953173336583,-28.095133390807245,-27.215953697468287,-28.132105187603006,-28.04307155246375,-29.373596119528454,-29.53245235386086,-31.245180206764303,-31.29278530936451,-31.09451134510356,-33.08956771474399,-33.34838017769084,-35.80517168204693,-36.794553752874066,-36.575885557802685,-38.04727529504186,-36.50446758077978,-36.425787585611296,-31.67735154732969,-34.30260122661194,-32.89061562495572,-31.263918215886978,-29.535075851689346,-26.94691978221683,-16.265158878627823,-9.764461518123088,-7.856940156348365,-4.030784601421223,-1.631499688636791
-20.83107779357785,-23.60177459486622,-22.71180482214645,-23.538103358740305,-21.25302641066815,-19.598377068153905,-20.551581750095178,-21.844088038635828,-22.91589146066933,-23.779443938426766,-25.302300302264506,-26.226526971276513,-25.408058254596142,-26.657702412003626,-26.029345188131124,-26.63424059430021,-26.35998756167822,-25.681327382933574,-27.93316610365322,-27.694221212413588,-28.34484436578021,-29.665597142169748,-29.461857127942118,-29.736992894349278,-31.720164148633902,-33.50867328685017,-33.68612921129744,-32.8782126115149,-33.89265696067043,-34.669739598266595,-31.529786950876353,-33.33813685266034,-33.6404875919324,-32.82362699339394,-31.799819710643142,-27.98732947156917,-31.700225944871367,-27.349966823812693,-9.420993759461254,-10.083270629075487,-6.628213749126266,-2.8965407817478805,-6.545320737683154
-18.394253305822545,-23.122172294696703,-20.75793584372503,-20.52265931256086,-21.06053280967312,-22.69823388381997,-22.918482846386137,-21.332615365527126,-22.016021938778096,-23.31710512343554,-25.264264815608332,-25.04642528628206,-25.920538974653667,-25.718063655636303,-26.991083258538705,-26.23793663575411,-25.67927323981057,-25.659800381413998,-25.599630353027862,-26.848976419308965,-26.76620366953992,-26.93453724165681,-26.476758112352375,-28.669718372799668,-31.21688593991366,-32.689509770893444,-32.82797170520894,-30.417407509025256,-31.699229985282372,-33.39870111754566,-33.08038411445635,-33.020305006383246,-31.749806923898504,-32.96137787679442,-29.543597976119358,-28.66785196385003,-24.589814978218012,-22.789902699423752,-15.978473606750867,-12.327672336157391,-9.67116664153891,-10.32725869017211,-7.458218609435556
-16.504302284227474,-23.722140285821727,-21.96180714956884,-21.529016104632426,-20.28563057051164,-21.53175101070911,-20.61296687005275,-22.37488443232649,-21.857766864595657,-23.53079776324484,-24.119395645035695,-25.06172143165089,-25.234786372143088,-25.22332925217407,-26.079872577728562,-26.00546625974838,-25.185794418897075,-24.7129296835695,-25.622795424295948,-24.475840704146446,-24.395477153163128,-24.62651356792425,-26.546645610753806,-29.162514384508334,-30.98524013547634,-31.427359532598402,-32.3988942982264,-33.70264964354084,-33.532703481059,-31.205485620462152,-31.970902847266334,-32.32643176131399,-30.762003683130168,-32.142955234993984,-30.642531504809728,-30.346372673575605,-25.478593062908086,-13.295285952437565,-16.657492162426532,-10.956281513733517,-13.97031949217898,-15.036915987537077,-8.554933051072217
-17.609373457453483,-20.55061701822669,-23.723866123917023,-21.33601272556459,-21.62507103688602,-21.55396157696929,-21.81281990170465,-21.155378024945822,-22.702205057436906,-23.112610291258278,-26.071068589898335,-25.133016327899117,-24.707598749524468,-24.854021291932366,-24.025696857818446,-23.884528535281255,-23.932775156155966,-25.131887250957238,-24.42652227215785,-22.186228042188,-23.04039406296054,-22.11502592281368,-25.687434134130644,-28.609433604511775,-28.94823588674426,-29.50274473047818,-31.9159350515487,-32.18520963102009,-34.874675974044614,-32.63542685667529,-34.36417569405897,-32.168758400051495,-29.71342101516209,-28.449589393361542,-26.383462935385964,-21.26502694742008,-19.693290044271876,-18.85799623713998,-18.163498058631724,-14.311513020697673,-16.548523433274063,-11.098871699083874,-6.597739823014771
-18.425791692251643,-18.342588603834326,-23.73621764445224,-22.556134455600148,-21.60778773055971,-21.8021706535399,-22.15797765053719,-21.714681375741513,-21.105578079219203,-23.03799367750142,-24.769574121535634,-24.15029867041565,-23.17111663851593,-23.090132008777097,-22.98424517720134,-23.19201471197838,-23.80353563589079,-24.249205021143574,-23.29511053892093,-21.26081870338374,-21.993390521254142,-24.580944929060138,-26.123253164304707,-27.904149393056652,-27.999793688788007,-27.686772374632895,-30.572792936082983,-31.764331262834364,-31.640190711196265,-30.053702882766085,-30.80738998131868,-31.299816195260888,-29.136570943676357,-25.554672264649483,-22.577932359035938,-18.7073545080534,-17.309852401594686,-14.383659856042538,-17.52052003536883,-16.561077547731493,-15.317890435136256,-10.569154443200501,-9.34668978986969
-17.75240583342922,-16.980834185471604,-21.964645635152273,-23.041408337546983,-21.433001511383132,-21.68254332976383,-22.04355590056734,-22.613010627460064,-20.841565374504388,-19.748711512612832,-22.01870858939501,-24.408566633076756,-20.887904836960892,-22.375224005348933,-22.99327468449946,-25.79512268960498,-25.035392535223636,-24.0766711824187,-23.045362110941372,-23.870578050847033,-24.053153654890952,-23.511123521251776,-23.702652956330436,-24.06901174030134,-25.44328505624643,-28.50285255537786,-30.183114661294457,-29.7301893391341,-28.437452155159562,-28.65214823820455,-27.00498192206026,-27.44270525316792,-24.552030060218048,-19.945159618451925,-19.58793736017115,-18.297299032772244,-17.382714153191333,-15.177581197657487,-15.332511594428762,-13.67988716755695,-15.670215535694842,-15.479268822841176,-11.670958417689889
-17.905311428225154,-18.08444320043761,-19.910624581776723,-22.87696918445599,-22.37576358506833,-21.779517699840206,-22.589489247764355,-23.31118494468668,-24.427254688672033,-24.51473767330831,-21.413788168942386,-23.368536013572385,-25.005618961750994,-22.080684434981098,-26.031278445065773,-24.747676100693408,-24.20042505151498,-22.935471851145586,-23.00374204958797,-25.346321622942675,-23.085901654725056,-22.586021512234684,-24.371149387751508,-25.443847838728264,-25.347778910973965,-27.57155523376823,-26.507879379975847,-26.567210791341015,-25.732418343875445,-25.05450995144921,-27.047524344143454,-25.2283739556152,-20.294892461552944,-19.56663876874599,-21.02166628388675,-19.4090215002124,-20.207668324463334,-19.208415365479567,-19.638548854155104,-12.018807593615758,-12.540556603034657,-12.343937311443826,-11.095950518875386
-17.916961662588978,-18.01010569327101,-18.679114178399892,-23.024165769139707,-22.421892798339293,-20.48905029527209,-21.575950322340166,-21.202213768022755,-22.626190687264742,-22.097401590186664,-21.25876523007539,-22.298788850250496,-21.837439703484982,-25.41853437027453,-23.382476457896303,-22.506979811973153,-23.62116557527264,-23.60237739152096,-23.154895552411066,-23.897894655105304,-23.531204944535883,-21.20436314012784,-24.71362743052909,-24.758234635207593,-25.34605192723908,-25.886906908475673,-22.224793640670363,-25.547017241643918,-24.594000809750217,-23.866664594759268,-26.13138644083397,-21.441565383524047,-18.79564915512489,-18.323975463416023,-16.753333355550275,-19.949142569716386,-17.89501284429846,-21.08076194294652,-17.606722343472203,-16.374106407287602,-16.744556788718008,-13.036087869462797,-9.176487251141682
