public/json/wind_2018-09-1601_925.json
{"header": { "discipline": 10, "disciplineName": "Oceanographic_products", "center": 0, "centerName": "Ocean Modeling and Observation Laboratory", "refTime": "2018-09-16T01:00:00.000Z", "significanceOfRT": 0, "significanceOfRTName": "Analysis", "parameterCategory": 0, "parameterCategoryName": "Currents", "parameterNumber": 2, "parameterNumberName": "U-component_of_wind", "parameterUnit": "m.s-1", "forecastTime": 0, "surface1Type": 160, "surface1TypeName": "Depth below sea level", "surface1Value": 15, "numberPoints": 4800, "shape": 0, "shapeName": "Earth spherical with radius = 6,367,470 m", "scanMode": 0, "nx": 80, "ny": 60, "lo1": 109.0, "la1": 20.0, "lo2": 116.89999999999955, "la2": 14.520000000000117, "dx": 0.09999999999999432, "dy": -0.10000000000000142 }, "data":
[rows 40 to 59 of 60, columns 0 to 44 of 80]
-4.105929594853013,-5.007671135234718,-4.378138898261713,-5.353018210647406,-6.4507118547785645,-7.864160363580109,-7.519432149873532,-8.327252890817507,-6.740911231647462,-5.554874803206139,-5.11662426653896,null,null,null,-3.002035062382326,-5.541386582653596,-1.7531378653526586,-6.53205275819998,-8.994715224790463,null,-3.5551907819526924,-10.38120530021374,-3.780523169297988,null,-2.382638083852618,-7.641063026968236,null,-6.154329394251213,-4.940459987197274,-8.333612208835408,-8.77473758910423,-13.086937542049187,-10.211469919383088,-8.157076336369013,-8.84236968036241,-4.624419067407581,0.1268752900250686,-2.219371543606619,-9.53067919640144,-9.328590612632514,-10.753120538889512,-10.550135917870943,-12.384370638250877,-12.228169218150438,-8.746486769637695
-4.550202458832496,-3.3487017029477903,-5.355377181065214,-5.883186312736029,-6.009080638004776,-5.6777721401317605,-7.363074802685957,-7.220465419954298,-8.107118815260165,-6.94960787184368,-5.714248841376612,null,null,null,-1.9891070757702822,-0.1914024210710005,-9.493833996052729,-4.809607562768126,-4.920190381744829,-8.598701682509532,-9.858865470316339,null,-4.759032107616381,-5.215999537386844,null,null,-3.1186159706797283,-3.6216057479037085,-6.1377529266116655,null,null,-7.201315983595988,-10.188883013585441,null,-6.510064281571008,-3.6209206096224236,-1.0901439237036286,-1.5609673009258043,-8.767111713094597,-9.86154203863373,-8.356724477275046,-10.512174472035838,-13.148698470577505,-9.864168084107977,-11.455008634759722
-3.3318185184122098,-3.9644967694939712,-2.6130468898686683,-4.405042718573648,-5.0160778002717485,-6.512822871680329,-6.4654929329758835,-8.082174274909622,-8.603680095504506,-7.947633986642406,-7.180757465015979,-6.3502056978320525,null,null,0.46632570669265744,-2.5509589822578276,-3.52759795323013,-8.07136259718111,-0.2790156793256194,null,-8.12016421595458,-8.087807028274073,-5.610346620538242,-6.462771559614452,-4.421840707955599,-3.8915837082347284,-0.17507570096696362,-6.5768366337732775,-6.547655270723623,null,null,null,-10.742632558475778,null,null,2.3596913641472756,-1.9817495076474807,-0.7661360171881839,-3.1599217017834054,-6.390773816669587,-11.665793220050197,-13.798013204177227,-15.62766680123779,-14.74726724373807,-15.255842413461728
-3.1817372143171845,-3.4551707755849455,-3.917572044791355,-4.236873079452498,-5.426389402189527,-6.552118865787564,-6.315163353989347,-9.039326739837838,-8.927162815950025,-7.9273016392126365,-7.760045305196964,-9.37165685960927,-7.28594657981666,-4.72315656880636,-4.6442353922653465,-4.05330335303334,null,-1.635059177687567,null,-1.7117032578105753,-4.833994193260894,-10.260136424443973,-8.894234017879093,-7.512153451816278,-3.728446375389537,-5.8085915002984825,-5.947181467159245,-12.219767912534653,-7.799677557694571,-4.557344264407029,-10.418200497563166,-5.926371742912774,null,null,null,5.433716768763157,1.4029791127126723,-1.947805227181953,1.1405416907540642,-8.699416839721984,-12.521947924591322,-13.490641510348642,-13.551316464046597,-11.003256092587357,-14.373504977640454
-4.578624005368547,-4.599680204912557,-4.540032970624431,-4.255848898984368,-5.852798019244478,-5.004538015800189,-7.67172055823603,-9.112529135810172,-10.01253150366407,-8.955645900995249,-9.106194757258407,-6.432104309404545,-6.370246509875876,-5.980346393313751,-4.586959652584062,-8.653427566874445,-3.6906989207486305,-2.5486191112980627,-6.2893100734213165,-2.860503734986218,-5.379156025438558,-10.48689739976924,-13.019038986231607,-6.726960414011495,-7.068335145229467,-4.415193704325567,-9.277180260312559,null,-6.278938853665011,-8.833374237332539,null,null,null,-5.222509435127527,-2.394162786083025,-0.8089016740288859,-0.5733341770426867,-0.48757230004121777,-2.18992123800344,-9.271722384701516,-8.975777974258458,-11.955457539879376,null,null,null
-4.620742251764141,-4.437477868515508,-3.9318914980513426,-4.853673494456087,-4.7316417785526745,-6.357156434778405,-6.903309437892519,-7.392831363626983,-10.60717058779067,-9.362021606967922,-10.364072007574482,-9.833397510792256,-3.162027357012435,-5.514189224532752,-4.323966967840067,-5.24541182652338,-8.923073374573294,-7.186378041231712,-5.210930156084823,-7.612983062439566,null,-6.330693058181428,-12.464623419272064,-11.088583112118506,-5.992920948121541,null,null,null,-4.868410632575447,-9.902861415186306,-5.166783926899964,-10.286774608483565,null,-3.1258037255020454,-2.2748199965121603,-3.2929916775535646,-3.7747738124753365,-4.425645753480992,null,-9.493426508576412,-9.23584868730622,null,-10.775567114962723,-5.780601863972835,-4.466868792237266
-6.2643216145633644,-3.4463166656455257,-4.1534602564052125,-4.611493807644866,-3.882174387271404,-4.4694568892791295,-5.5065408319384535,-7.7881823374496895,-10.285133952897425,-10.706756489110042,-7.931121070882096,-6.61913558064736,-7.658351706985568,-3.278053283255967,-2.8164040143906997,-1.4805334430242063,-10.04325560308242,-9.7622166622318,-8.857825418280793,-4.807177886402327,null,null,null,-5.672900712146971,-6.073901810210068,null,null,null,-3.2901258791516774,-10.740611856696818,-8.092488875610465,null,-8.189580217367832,-3.2214060994620213,-4.5363012714874005,-4.6538644076128435,3.4492428901728314,-6.640265471330265,null,null,null,-4.702186839059574,null,-7.36362831060029,-10.261360589011726
-3.4271316152038183,-2.7051389976879454,-3.528727733733286,-3.8624215103243915,-3.34320795628163,-3.1931337367214794,-3.9553452391507444,-7.488590132273979,-7.64637488942948,-10.320833259751165,-10.926723509631962,-7.45354266583289,-9.16751970176679,-2.914234127465624,-3.5395573788626553,-1.1112220742366599,-3.113373529114584,-11.198675529677265,-9.168119975325334,-8.944235671191052,null,null,null,-3.166779755656193,-5.073808382371922,-5.884714351558438,null,1.9009592325007114,null,-6.9619657700289785,-6.822471709621135,null,null,-1.7960263321061143,-5.07394852221802,-5.81212847405694,-3.007217690870611,null,null,null,null,null,-0.8399641886570155,-10.715998160782824,-6.852878167860392
-3.903935320734772,-4.2682133507302,-3.796515919916093,-3.37221607970984,-4.921908797765631,-3.5850371494252573,-4.269280209443473,-4.040474625497592,-6.969877196719266,-11.241923230486979,-9.04457246525981,-8.363958373087979,null,-5.926291280541384,-6.981751849306482,-4.599125281926784,1.2728073383689733,-10.771112803204296,-8.24393699709396,-8.260874343280435,null,null,null,-2.2035235907523374,-5.669983008786211,-7.608717863037613,null,-2.3521702146484045,-2.356160891605696,null,null,-9.179949848547668,-0.08625544423259433,-0.8808779927217782,-4.735878487135137,-6.746888154414152,-8.041064607115302,null,null,null,null,null,0.7117706684601316,null,-7.327850481462553
-4.113896200322555,-4.868026995074853,-4.8052669660845035,-4.780595145026893,-6.380737538258713,-3.081887993499114,0.0631012136717366,-2.6040795890308357,-9.291355245617181,-6.233055787345252,-9.021214021402002,-9.316707426621592,-7.724688957472052,-7.855723566177677,-9.938933704978558,-8.356414221876875,null,-4.237502435203388,-10.961722935969735,-8.156859689010181,null,-9.175776949939998,-4.256550316741778,-5.977150381267859,-7.703384504359165,-9.347836337255227,null,null,-4.532448812845703,-6.374842765318439,null,-2.210878221852155,-4.536969467606346,-6.583772966927906,-6.112551418340631,-6.251577023885681,-6.9638235092882,null,null,null,null,null,null,null,-3.3391765086906906
-5.928325612944217,-2.683409494048267,-4.897407049867619,-5.796917692890352,-4.398030487014139,-2.887640837427276,-1.8424980233817534,-1.2087602241727107,-5.914240636669713,-6.285822456394033,-7.728105406767721,-8.93778904580267,-7.449731480814302,-10.352664589979636,-11.75074614233935,-10.040963148842588,null,null,null,-7.4456409648199795,-7.693302131880844,-4.191926752498512,-8.355939434184256,-8.3758109658638,-5.862790217714631,-9.13874865119806,-8.678870310416798,1.5991855426207335,null,null,null,null,null,null,null,-2.4876738037774007,-1.0333590561346853,-2.2303155594062742,-3.4006803794775813,-3.5148434205625025,-0.5521862589247768,null,null,null,-5.8209859392515675
-1.650209630062677,0.11253666114527623,-4.213053042419689,-6.097620011335173,-4.674462078125778,-3.4589740385970345,-3.7876140973962262,2.491985423185066,-2.5165073340422746,null,-4.719110512620753,-6.847225613501203,-8.93361428393065,-7.0197475250281745,-10.464680115443679,-12.93687736464124,-10.60603163861064,null,null,-6.595401050492551,null,null,-9.377690247583686,-7.793819015871604,-7.600298264660381,null,-4.695449289177975,null,null,null,null,null,null,null,null,null,-1.5716582773809011,-1.4824915487982095,-1.9768207392871255,-4.669425336657218,-3.417426382256994,-1.7444575994217373,null,1.6339265259666451,null
-1.832347775665796,0.47211221726344343,-8.535423774998383,-1.0425909125817467,-2.254130834587439,-3.3984527376961338,-3.212825140100337,-1.5426753440796541,-0.03421798595815497,null,-5.91938495063745,-5.618412198194439,-7.947784631819743,-7.218045172864439,-8.376942202379457,-11.861613107014362,-12.755440940289066,null,null,null,-10.176490714103249,null,null,-6.704992582301344,-9.887328462049945,-5.841898759574738,-6.392957780578561,-9.84481821655539,-6.410073185544164,null,null,null,null,-2.4130079833058637,-0.22236036038246615,-0.18929939724440173,-6.230360129520965,-4.496264151779774,-3.6128502194489105,-5.697776121841609,-5.94172730007312,-3.798397207657678,-1.6318120921002288,null,null
null,-1.0737047425038775,null,2.3585766791748597,-1.761740825564298,-2.012060254522569,-3.097782496516613,-2.096056996984545,-3.325282811447291,null,-6.549986740534641,-6.506354520837038,-6.511692196633723,-7.56938136987314,-7.5153831690117485,-13.760063538933608,-9.252787935850435,-11.439893787073393,null,null,null,-6.244623158506899,null,null,null,-5.614454612847374,-5.856856399542766,-7.324041235796815,-10.47797038623591,-6.785968118424063,-5.293166743052294,null,-5.7540880765123035,-6.412328751213369,-6.719981180309659,null,null,-0.9015377380372983,null,-7.716091877249513,-2.9807094272251904,-2.1714546578600364,-5.1052126492183145,null,null
0.15589531140135982,-0.27073070527820753,2.9121678753822384,1.2666104212755611,-1.528875754822522,-2.3348352751355934,-2.228008298938267,-3.0490902851764443,null,null,null,-3.453385361822797,-5.088626882352749,-8.616981255792346,-9.678486278549283,null,-12.349314053534215,-9.58086692883543,-8.814810061988965,null,null,-1.9460027869934338,-2.9848411425966117,null,-2.8264949762011216,-4.944689876218662,-6.768776678843563,-6.059205720681819,-7.165304699024067,-8.232687931699399,-6.3509662486620195,-6.038998905725674,-7.168483313516588,-8.223270521501195,-7.606473183038131,-7.029118393205007,-3.3112360614448324,-2.6864323169706186,null,null,1.707393213412817,0.8654888254168354,-6.088216526865118,null,null
3.3761591206503447,-1.06287964778533,1.2973173052246478,0.7897828113881649,null,-1.337016723101488,-2.148886059666163,-2.007231733133929,-4.230014521750012,null,null,null,-5.37293554571614,-8.702065666697065,-9.72758541789836,-7.815433661239872,-11.721243150991457,-11.861386730858875,-9.514302761513678,null,null,-1.1573570269957527,-3.1716891120120323,null,-2.682926648191487,-8.09233281929474,-9.985548771756287,-9.106660610046072,-6.259792448871626,-7.625301225507723,-7.214767016046346,-7.162426704538184,-8.451460020859692,-5.320788921842832,-6.560551006536099,-6.061679614769169,-6.515178638238632,-5.3951957119097305,null,null,0.47361739510524375,null,null,-4.552194899196468,null
-0.906888789372287,-0.3710260783495461,-0.7202236066929123,-2.406388689885943,-1.3281357530532074,-2.1422019624289548,-2.3281751738446617,-2.8755711032956337,-3.729870452191456,null,null,null,null,null,-9.863535942485592,-7.398100823512575,-8.103035321805786,-12.10939426594316,-12.206947490604035,-10.0264306112087,-7.618102664488927,-5.33877328087218,-4.114895243232365,-8.7222126925417,-7.77563479714392,-9.406759656215176,-6.484884389517307,-4.210573993034091,-1.702379052643627,-5.643237226077762,-7.8042305257660445,-8.626249109930779,-7.030147260304684,-7.816038940264663,-7.333457471431515,-6.415017196254006,-7.023656845600316,-6.9875637265294515,-6.0041163322766335,-3.997285464390005,-3.053689879966413,null,null,null,0.9274310647061409
-1.8191137924930965,-1.410500160899896,-1.7345710604510673,-2.123823687692439,-2.2080815889131484,-1.480004000881013,-3.9168938154104254,-3.9015705296707233,-2.692157599942713,-1.9091705417936966,-6.394366299862716,null,null,-3.2063538247095402,null,-7.818414007684868,null,-9.826353414375397,-10.791142539448536,-9.36972750041678,-8.793880911936764,-8.70521167563208,-13.566782284638137,null,null,null,null,-0.9838340685710981,-0.37965178919994347,-6.237124609673794,-6.971091026037492,-8.595905056168206,-6.114629127053931,-7.115787325200802,-8.474106033366217,-8.646030074621589,-9.510899343160158,-8.362992212950195,-7.2612065801867365,-6.889676155309617,-5.188119697921676,-3.0293000572982813,null,null,0.8439630073337322
-0.8131292754393835,-2.7506481609218985,-1.9617592203869019,-2.275152300759386,-1.317353303574543,-1.893661516556293,-2.2707580560701563,-3.8508298071906255,-3.167828561583331,-2.982490169335879,null,null,null,null,null,null,-2.9727204128484637,null,-10.02241535078522,-9.597399267377922,-9.059408497204494,-11.122150201736021,-10.142220898626856,-7.165752460009602,null,-3.3167850647902064,-1.926816040414347,-0.6712929955324635,-1.2449997717737171,-2.6634197904838013,-9.74690844783506,-7.43252909344781,-6.456799423241529,-6.729532706894028,-8.448307320097282,-7.99780941270968,-11.371129599891145,-10.550777803472934,-9.01308670559887,-7.398891738921999,-5.822685301146112,-6.938742192984128,-3.571523377289757,0.9274754355787598,-1.7162848244660291
null,null,null,null,null,null,null,null,null,-1.9166546858532465,null,null,null,null,null,null,-3.964143684427493,null,null,-10.444824438268359,-9.379469242752634,-10.146012471624784,-8.368836870394038,-6.679670276662199,-7.5657478022229965,-4.101521376225416,-2.0404500162187382,-2.1971095297134364,-1.4146288607064048,null,null,-3.1513482868004106,-3.7977344870783973,-5.250875713049342,-7.559092402561646,-6.0740245371928,-6.457815574282439,-7.929937457762779,-7.837441193981073,-7.059156335744133,-7.781712853076081,-9.124913086525014,-9.19818323110118,-5.674950688951825,-4.834235763888174
