public/json/wind_2018-09-1604_950.json
{"header": { "discipline": 10, "disciplineName": "Oceanographic_products", "center": 0, "centerName": "Ocean Modeling and Observation Laboratory", "refTime": "2018-09-16T04:00:00.000Z", "significanceOfRT": 0, "significanceOfRTName": "Analysis", "parameterCategory": 0, "parameterCategoryName": "Currents", "parameterNumber": 3, "parameterNumberName": "V-component_of_wind", "parameterUnit": "m.s-1", "forecastTime": 0, "surface1Type": 160, "surface1TypeName": "Depth below sea level", "surface1Value": 15, "numberPoints": 4800, "shape": 0, "shapeName": "Earth spherical with radius = 6,367,470 m", "scanMode": 0, "nx": 80, "ny": 60, "lo1": 109.0, "la1": 20.0, "lo2": 116.89999999999955, "la2": 14.520000000000117, "dx": 0.09999999999999432, "dy": -0.10000000000000142 }, "data":
[rows 0 to 21 of 60, columns 0 to 48 of 80]
null,null,null,null,null,null,null,null,null,null,null,null,null,null,null,null,null,null,null,null,null,null,null,null,null,null,null,null,null,null,null,null,null,null,null,null,null,null,null,null,null,null,null,null,null,null,null,null,null
null,null,null,null,null,null,null,null,null,null,null,null,null,null,null,null,null,null,null,null,null,null,null,null,null,null,null,null,null,null,null,null,null,null,null,null,null,null,null,null,null,null,null,null,null,null,null,null,null
-16.990072384898482,-16.64372645271007,-16.229750718735545,-16.721998796863666,-15.915356225226898,-15.84738249299534,-18.113762585158703,-16.22431060661694,-14.746269972316057,-14.919317841416962,-17.166091173404062,-16.269867592765806,-16.015488559721213,-16.572539972352608,-15.149327277404954,-14.278143680478747,-15.213466028685293,-15.8020757850177,-16.398650342411212,-14.90957730997923,-14.113740978017713,-13.768063983219132,-13.489588984255064,-14.014475665174054,-14.083940183504835,-14.226409120565172,-13.837969171458589,-12.676837915910971,-11.688878368263238,-10.728952274660255,-9.703328687554563,-8.955258942765358,-9.00632388891941,-9.025638864771558,-7.906096079929497,-7.23124569362686,-6.8946472834366945,-6.552086449040004,-6.491788726788016,-7.791839146550211,-9.319135257922406,-10.854202497378791,-11.12640846143278,-10.363686392514484,-8.69537037353172,-5.28600957566003,-2.405260443966351,-1.1815581802541137,3.1833518999117927
-16.88820197697684,-16.33237729000417,-16.543030738330636,-16.27343322021044,-16.026615355798846,-16.687420345913022,-16.46688687876179,-16.979331453127568,-14.359495870104135,-15.747274230841175,-17.04269022521921,-15.740833662425674,-16.03755468603512,-15.9419943804777,-15.062097451618428,-14.817248822977426,-16.086930905425707,-15.442147334496761,-14.249925551172055,-12.591350975308828,-12.664373433240588,-12.530094981513926,-13.352578042859466,-14.179841350121382,-15.052275595631336,-15.585873880668629,-15.15483379144545,-14.212617474833609,-14.353483395848599,-14.682722742610574,-12.675789218079995,-12.470803930478151,-10.574172224784684,-9.773287420182445,-8.43620848407478,-7.972758341368252,-6.746178081711558,-6.486547810114884,-5.458966522070787,-6.154715905235578,-6.212154757265665,-7.020399814575478,-8.07912918317115,-9.49368873789365,-9.68179475065201,-10.16368413945749,-8.032889426284072,-7.188344832011914,-6.807246477940334
-17.02224381455627,-15.950043716067551,-16.236509054037704,-16.135439184335787,-16.384447700394716,-18.176078479650542,-16.914673229319142,-16.891021216072286,-13.730895010243916,-14.761060718167416,-15.475377492460282,-15.188539587186133,-15.139758446078037,-14.063717543164346,-14.151187636533916,-15.188565248568842,-15.993162180970652,-15.653952769845969,-14.266707857365908,-13.657109919191884,-12.606252829358993,-13.14140551127873,-13.287845220913418,-13.193865835629172,-13.209327269982108,-13.684247433349139,-13.858799380294792,-13.575695304952186,-12.292506794683995,-12.217536911751766,-11.957581977803205,-10.965286052186933,-10.984549314438713,-10.400743897716307,-10.464998421474117,-9.406192962786667,-8.239940757303723,-8.412649230234896,-10.382096182600709,-12.1964245515298,-14.985172300922105,-16.01804098261001,-13.009839822346354,-10.02587729778129,-9.96501463376885,-11.329971253002821,-11.535737347291652,-11.601521187483106,-7.588836368029847
-16.803019896047815,-16.17766213681587,-16.52509914084197,-17.16394463608772,-18.006318633201996,-17.82505831685542,-19.247013098453557,-16.205225707487934,-13.632406480220924,-13.23916839476735,-13.824086127236985,-14.154303003889428,-14.068984126853078,-13.312001409843454,-14.216499385845095,-15.261961716258403,-17.45694457343385,-15.145719173244016,-13.308269865077893,-13.358694720468064,-13.1149373185506,-13.073924174765242,-12.878639896046291,-13.628186591746244,-13.425029578395904,-13.628585237680264,-14.135566586501017,-13.64434035363174,-12.595846180139127,-12.177046593890147,-11.371038510646018,-11.177255126723965,-10.702341525721877,-11.315565714090265,-13.190975318965595,-12.872143438691275,-14.955374674845118,-15.91769342442958,-18.94252333843145,-19.627161073569688,-17.97127782580491,-18.624006066846324,-18.16733142057697,-14.92738628515481,-12.282713936463061,-12.77208078748285,-13.489959780917092,-13.144926572372674,-12.791739777253607
-16.414450500531085,-15.679871994596173,-16.126808888157086,-16.862187689639843,-17.254267001697855,-17.025098228685764,-15.841434507455386,-16.74070359920212,-13.502245362499362,-14.58009173312092,-14.827273657833416,-14.04616754277527,-13.26914598112305,-13.9194267308802,-14.560916315736273,-16.47438987835368,-16.970729714614084,-15.464633374766569,-13.242259854617174,-13.762068648628114,-13.139033230649353,-13.312920113898691,-13.01761000983292,-13.14665142182297,-14.022263407086577,-13.910289232771499,-13.513362227499401,-13.668236123554708,-12.671407681284524,-12.863022052400233,-11.926674738773837,-12.45253256601755,-11.864539343933469,-13.830450102260562,-15.483607339361111,-16.264299774505698,-19.74444915499717,-18.42647049691549,-18.92906986483696,-20.869238917974513,-22.759514511428854,-20.47516338749027,-20.027763935713516,-20.183761960792904,-17.78409884308741,-14.284292114609704,-11.597085336773048,-11.957940052030098,-14.266762342962405
-16.09009958475649,-14.734651520029981,-16.442126283535966,-17.16416334414388,-15.800376329469726,-15.80184581849059,-14.922934986121097,-15.304133933228627,-13.51171890025534,-15.098019546269779,-15.567862634485174,-14.772341100368878,-13.596512110331407,-12.915216983068596,-14.261776716646024,-16.99869895214891,-17.528224797425246,-16.990504592354227,-15.279888313601676,-15.043204364622984,-14.576958896081052,-13.1327609229078,-12.76310328951326,-12.713608868339035,-13.602534876717273,-14.505758807741307,-16.506872199329273,-15.769811977450345,-14.781743118587015,-15.407931898300424,-14.313488516618584,-13.280771465187094,-15.813118043629618,-16.320932359499412,-17.199406519557616,-20.40748232379052,-21.515707759739687,-23.20334088398402,-23.733802247842817,-24.279700608381575,-22.939242012627066,-22.317093971833266,-22.02954019271502,-23.65451597681164,-20.04007166813743,-16.450770044191618,-17.988194780778922,-15.479627370869975,-18.12022701053801
-16.005094280003703,-14.542024984382975,-16.15476120815318,-16.959441759598107,-16.851375961594435,-16.03354096881572,-15.324112625894275,-14.870725245106692,-14.26765985098855,-16.047099117405363,-16.95816935847758,-16.988563199050784,-15.05711834103044,-13.975371256072085,-14.070685986181177,-16.962367094826547,-18.11834350578675,-17.55450281570203,-16.750872077602292,-15.882441905259231,-16.805659587547083,-16.243275330188002,-15.06973661919952,-14.721101275602983,-15.24250962740976,-16.018946753470416,-16.894702120832417,-15.958501096042532,-16.07415130904547,-15.744768861073464,-15.609051997254285,-16.64553346468759,-19.360771427823035,-18.678318283808565,-20.24284079117848,-24.377027339455182,-23.544441252544082,-23.58981720941762,-25.347651381760095,-24.238023490093415,-25.225256021567244,-26.752252321181235,-24.350545972821383,-21.92211103359318,-23.568558722768696,-26.411924498424394,-26.95725336367382,-28.473449584117787,-9.930325370893067
-15.941002125493142,-14.602648851209674,-16.15361577962135,-16.460450848803823,-16.232426308312085,-15.65175523496082,-16.064714041912506,-14.488609707615565,-15.509092419077271,-15.154698466632485,-17.52159347892085,-17.96075900658394,-15.012890117963256,-15.125527890331654,-13.688491812113032,-16.618509972939673,-17.634277257089703,-17.642053417715303,-18.12676669563252,-18.521811409291786,-18.287429907407844,-18.673280091060054,-18.52374583565816,-17.941427574908538,-18.400074697582674,-17.32841970147844,-17.96887927789007,-17.813139252262236,-16.5726394295206,-16.849474011398648,-16.951926454921264,-19.872841355453485,-20.896861701047914,-21.52843949326323,-24.731199510849958,-26.44258892789193,-25.205729128403306,-26.821761449022816,-27.34675802675138,-26.100845927120613,-24.69416191779116,-22.288030933553244,-21.12869168120898,-24.78387853086712,-26.38219204401169,-26.40806164168348,-28.48167608784664,-16.682178009803103,-8.666224698948612
-15.923369167705914,-14.915539199380852,-16.020305130116206,-16.00970183297722,-15.532331403367088,-15.615904628950599,-16.009281781121235,-14.416227998002203,-15.770796950954594,-16.461434855083308,-17.093326290199254,-17.310821086481265,-14.715104071115643,-16.5194321650893,-14.502119966646443,-16.854945511797407,-17.32662386414166,-17.67273220180187,-18.18421192711436,-18.944216576633032,-19.609418861208614,-19.670911518303694,-19.156183389273384,-19.34631717287765,-18.198114801586524,-19.086865991410654,-16.998122800736184,-19.488523469317997,-17.050300105440932,-17.52364216064225,-20.75902066416013,-23.2624364558027,-24.59566470592303,-25.92443613484537,-27.26193733995687,-27.26591282772406,-28.632932909612535,-29.236345290652533,-28.386772295400778,-29.013879174805247,-30.211932046145797,-29.576245238321064,-27.944555801166704,-30.648512693880317,-33.55922502066405,-31.060804422855515,-21.05944787574964,-11.910971153728894,-8.457732028362505
-16.173728317432627,-15.017003039483985,-15.618588184899822,-15.672759373105457,-15.834246996714127,-15.490544314983985,-15.702077269170037,-14.444977446658802,-15.908079385189913,-16.701659508328202,-17.721539709846354,-18.47235568933168,-16.829240211411967,-16.505483038655633,-15.076384131513693,-16.782435802397945,-17.33080557040281,-18.084398908073098,-19.022469100064352,-19.110250538699628,-19.30296005169309,-18.627651461636738,-19.6847369128539,-19.227448411810663,-18.737476762193715,-16.407983118391563,-20.908244581290027,-16.76828342255306,-19.13172276743424,-19.853385550164028,-21.749584776330106,-24.134050961068635,-26.93225755100575,-28.190782197451668,-30.39352822794399,-28.892991872025902,-30.307289544448054,-31.917106950850958,-30.31954542927159,-30.12547208996712,-30.39946145577707,-35.643855886425534,-38.77185010909368,-34.82962335324385,-35.279529524581875,-28.902897440000686,-19.69702204067835,-13.403805968735835,-6.789878577539996
-15.739554615313674,-15.023077914653754,-15.602757535379894,-15.274209819195185,-15.257007917665845,-15.391841042301156,-15.10629843827106,-14.892644496485712,-16.12632034309491,-17.088696737301756,-17.96946003744868,-17.749906181020528,-16.31105935329836,-16.003741241686512,-16.28067361060044,-17.764231684000727,-18.385574821230506,-17.640846484060756,-18.096551913573574,-18.913304680854363,-18.610943790379764,-17.811112714349765,-18.356909294611732,-18.22291114084249,-18.07430323177505,-20.229348424533544,-18.66555966010455,-23.401908178517434,-17.55173768189107,-19.203691393294847,-21.41076033937877,-25.671687440577188,-28.152953959562097,-29.788552927199376,-31.63902616162099,-30.174587949841364,-32.00813148112359,-31.192100814139202,-32.169823456372484,-34.56933608475548,-36.80394547114295,-38.68760356140795,-41.41919705265342,-39.541373543965946,-37.564494371714616,-34.50240549921265,-22.72351138053944,-10.67405828630326,-5.481353455798875
-15.139122800436855,-14.969060000599043,-15.11314122368527,-14.965081506536782,-14.939048908837577,-15.336725966729297,-14.91956137385789,-14.478007208587067,-17.022073072769217,-18.573966015161638,-18.783271722456814,-17.4853874287055,-16.691724395575452,-16.341559617521835,-17.30638925050635,-17.871867709236724,-18.620461145486267,-18.72822397118463,-19.026768316695883,-19.813411287627872,-18.576049758847105,-19.852945469134067,-18.188004334942676,-17.902565000600433,-17.487548659912783,-17.24148335367169,-20.325633302436405,-18.609975813237376,-18.962061666512724,-22.41409414680056,-25.369325583707845,-25.893091591631748,-27.55687905733039,-31.0714582178188,-30.806788694802215,-32.04617295128019,-33.24130301384153,-31.413496017682654,-32.33170309923574,-36.24991650819982,-35.54871058650698,-38.690881659810955,-35.1576757090317,-32.23639914813111,-29.891436129014412,-25.83803752090183,-18.51623515445555,-9.75608005254779,-3.7974199981140195
-14.926719456645728,-14.781876248848409,-14.644054914804467,-14.532384844458948,-14.458989734443504,-15.007823529537283,-14.251771235201417,-15.014749300884699,-16.72959827268725,-19.717190354042078,-19.303788319890657,-16.828508301857955,-17.12787385402315,-16.198187240145984,-17.48980813443373,-18.080487952108705,-19.130783007099062,-19.020938892714003,-18.029531702591896,-16.627117067954337,-18.766693773136517,-18.70938687884197,-19.69961546633506,-17.855827813861055,-20.875974524449713,-23.244608778359986,-20.651314906645666,-21.596152019593887,-25.65040884350329,-24.11703711287413,-26.81824327117917,-27.771438270872892,-29.035681260808726,-30.021811802037206,-32.477872555916875,-33.673357873182624,-32.04740772601096,-33.521074966011525,-32.75892142616901,-37.60430299102677,-34.228773908801074,-40.13525775516298,-41.318532843988386,-41.5122275368597,-37.90167923013395,-29.813285552044107,-13.319892315067142,-6.611441527387918,-3.751596749906122
-14.833808243258657,-14.719061449512397,-15.052016106938645,-14.375620270724554,-14.296254155754482,-15.26838345201822,-14.30100143330326,-14.23885185645758,-16.141758785413757,-17.621045404571507,-19.39900121468709,-18.05631107398379,-17.43018351723205,-16.753135893614306,-18.4053354385696,-18.990467170519537,-19.194133174880953,-18.72740684652915,-19.835273557596174,-18.39863538985858,-20.09681825686045,-20.65386379229303,-17.200738645114406,-19.157179860918074,-16.214855120710098,-14.927569082674752,-21.739289807601228,-28.99561069477125,-24.97789128731877,-26.869123590933015,-27.731752841300043,-28.81114085252642,-29.69812199044879,-29.191844075030033,-31.470710049730826,-33.947416229123846,-33.054873451073554,-33.66228356508677,-33.16145239884174,-33.867286035096,-36.972552813177174,-38.963952927052546,-44.15903026999661,-37.854249668463495,-37.525473338273116,-38.27360575549626,-12.256264596291949,-5.896130258357021,-2.912705339013672
-14.907315756523486,-15.009429686111627,-15.117533260163771,-14.397601121335885,-14.3171606847159,-15.030693365552192,-14.302292787127923,-15.111669064804522,-15.50863544381283,-18.393906604171097,-19.282954079329745,-18.33525281116313,-17.9507940412362,-18.501518160056694,-17.748680543624616,-19.64729058887233,-19.849038694207714,-18.51472413161613,-18.7059191425072,-16.520257470023143,-17.90526956120131,-19.954910290541505,-20.44871201747539,-14.320849344243573,-20.716165457163573,-28.59737545004942,-27.989404109400528,-25.136107578124367,-28.10567487641132,-27.294571824221684,-28.561028681716415,-28.623046461688403,-30.68061019354294,-30.60110808736783,-35.23766660105274,-31.422441804957362,-32.152943532164244,-34.38241834637849,-32.38698190144379,-34.83418933009391,-38.856551608006335,-42.167659786493104,-37.87348841572168,-38.92560684011994,-39.00536210322022,-39.43434146704724,-17.390099289334763,-12.670689877923536,-9.030202686812052
-15.184767443608095,-15.111235767902315,-15.114672353550375,-14.437691360978498,-14.231427632026739,-14.600739356493046,-13.51635590128857,-15.03484918793961,-17.59380873724786,-18.136361512398217,-18.882674863445473,-18.538800769638346,-17.39112375807666,-18.29573864267302,-16.851920779253266,-19.618819994908584,-18.704573082109377,-17.97042570725322,-18.952190263586964,-17.132879099770985,-21.347367884292748,null,-22.518556125848978,-16.60623896409132,null,-29.237473293895547,-34.28527709223989,-24.859219661948565,-27.145229133849316,-27.235264453257127,-29.519426783693813,-29.70156866770384,-30.57101448653131,-24.273789509606992,-33.93852189564335,-33.55182212249302,-34.25767390446653,-36.09723768501552,-36.86379186088109,-33.85042923967737,-38.15819157971895,-41.412519042925304,-38.463301932197375,-37.3142393281585,-35.52718784204622,-31.022276400042006,-17.81817613372115,-17.02316663592267,-15.001081965283795
-15.1919362850325,-15.177802826239772,-15.096233465247364,-15.372560570524893,-14.48469885818051,-14.579696752519482,-13.97078729861431,-16.046462662525897,-14.814921238197051,-16.5450623756991,-18.499865701907837,-16.86481842189886,-17.73301951542466,-19.387007106237352,-20.512051804236762,-19.633228153654034,-19.38480265174901,-18.163709589598515,-19.731182209070937,-16.35018567905492,-20.450569403723993,null,-26.77526320458709,-14.288939477657369,null,null,-26.8823273970959,-26.721731334906565,-27.37448973093835,-26.295016651215487,-29.62244355101032,-31.793096016919407,-31.62940720608558,-31.417783484965206,-32.83158270849975,-32.808490392544236,-31.993442361516674,-32.49635601545931,-37.17387672247753,-25.0664436905944,-38.361057034508136,-38.09357965436371,-36.206883436258096,-36.204773664006424,-39.157611002865785,-36.565510804074734,-19.480732449624842,-18.787024589951038,-19.67568916848716
-15.486587164010139,-14.987949612213377,-15.168700076468486,-14.822058556190889,-14.049972843526865,-15.235918354902036,-14.083143034111087,-11.78201222868785,-14.268422356955082,-15.72163876104442,-18.192617938745542,-15.703539273451334,-19.918186214897283,-18.285352698943615,-18.059808452311064,-20.130220634893263,-18.934495600963853,-18.513788529827305,-19.59410623239971,-18.96702416069726,-22.41963209062023,null,null,null,-13.153680251068531,-10.61978245735019,-17.898659077316115,-31.163681367652675,-30.04650475606039,-28.676288513989377,-19.38708689371585,-33.69893891049952,-31.751303307519233,-32.43029504679064,-36.2724323688865,-34.18159802708764,-33.285957640807716,-29.03446335128862,-33.578888189696116,-32.848163815146506,-38.443811229845394,-35.05504898697844,-32.79785736055213,-35.67281010406862,-36.340042656589816,-28.28428487165478,-21.71451664547389,-21.125169769122195,-18.766530882866064
-16.127767618541867,-16.064260353104856,-15.395341322245194,-16.574300254054574,-15.361004058630382,-15.560863372705704,-15.356259827554329,-12.218130750243365,-16.440674930793925,-16.11811484027257,-16.97918532765533,-16.526762669381203,-19.83165230907992,-18.464388266285617,-19.569978576096826,-21.792946349329416,-19.849280496367356,-18.17399150510547,-18.989317135953968,-16.504299209912393,-21.125128482817328,-16.572777514951124,null,-9.709036365770984,-28.405256401842898,-30.73093353623061,-34.032957353632426,-33.69406010044546,-27.57187718265817,-28.782458329888357,null,null,-33.11109202849329,-32.24801674409167,-33.83682384750247,-28.74450269236601,-36.55025263331383,-35.66561494742942,-33.152938105423424,-29.171564968746665,-38.33579946156374,-37.87230168998279,-37.67795777641542,-38.95687127070225,-36.90048731058493,-35.69191397817005,-31.909221523390535,-21.52614907109956,-15.892705421272002
-16.27071470462777,-14.705803325231269,-15.90057148344081,-15.607669100369453,-14.937701765683514,-16.54541845468145,-14.640129597397223,null,-16.835141085063846,-15.223963461530476,-17.249253079086863,-17.00716882099402,-16.773230426142952,-17.126354774829196,-21.134277446614554,-18.8886327321096,-21.70942628604005,-19.44974211275183,-19.515767453714833,-15.187276559744017,-17.725761727191994,null,null,null,null,null,null,-31.56417777544813,-32.09665611159632,-24.930810141939016,-20.449507917852884,-26.523454157566036,null,-35.684534286190285,-33.776702608496905,-35.21095632161354,-35.3944678642446,-34.20529364479022,-35.29673168808405,null,null,-37.64302441714924,-33.89012828480997,-35.9860956917945,-41.394958840346256,-31.80693788941682,-37.24936668700584,-29.495042152206878,-17.77815674496216
