public/json/wind_2018-09-1517_700.json
{"header": { "discipline": 10, "disciplineName": "Oceanographic_products", "center": 0, "centerName": "Ocean Modeling and Observation Laboratory", "refTime": "2018-09-15T17:00:00.000Z", "significanceOfRT": 0, "significanceOfRTName": "Analysis", "parameterCategory": 0, "parameterCategoryName": "Currents", "parameterNumber": 2, "parameterNumberName": "U-component_of_wind", "parameterUnit": "m.s-1", "forecastTime": 0, "surface1Type": 160, "surface1TypeName": "Depth below sea level", "surface1Value": 15, "numberPoints": 4800, "shape": 0, "shapeName": "Earth spherical with radius = 6,367,470 m", "scanMode": 0, "nx": 80, "ny": 60, "lo1": 109.0, "la1": 20.0, "lo2": 116.89999999999955, "la2": 14.520000000000117, "dx": 0.09999999999999432, "dy": -0.10000000000000142 }, "data":
[rows 38 to 56 of 60, columns 0 to 41 of 80]
-10.30590931314734,-7.780052221651783,-9.918296347133817,-9.214752079346734,-9.176153068526748,-8.397990992767998,-8.054694120056785,-8.916402348577645,-8.494151637616348,-8.952251229780265,-8.86174432581632,-8.407052242734235,-12.598095911699543,-12.767467198047271,-11.377045228189528,-13.515855430108205,-14.040428040464935,-14.262528636322301,-15.063183649435622,-13.901620277133029,-13.276663630062362,-14.002364676335942,-15.900985728354023,-15.697282504732973,-15.92568708489196,-15.438752251981908,-15.284456816840123,-16.042169692736003,-15.926875994432859,-15.594191860095016,-15.895079335027472,-15.08033020853895,-15.744384519147777,-15.39812737640219,-15.084441833041716,-15.936776855378849,-17.621614302542955,-18.158092882586402,-16.291525347621715,-16.69350299314946,-15.700345238932666,-15.782364320441006
-9.630614272424207,-9.00503276072824,-9.743576967996134,-8.96268992231072,-8.549742111891998,-8.935637851115159,-8.36706771429618,-9.287748177418935,-9.520394968055607,-8.98901346768876,-7.628881727530058,-11.063256519571587,-12.762726605811682,-11.620571890914839,-13.405030329790497,-13.934164502895051,-13.4019526581861,-14.838250750732598,-15.474160919556953,-13.960174690709037,-15.277497286972057,-15.369916408960753,-16.43413036126801,-16.065296158437967,-16.244445877525994,-15.316425404285614,-15.109245838476143,-15.94945376449702,-16.420938653364264,-16.01058027223165,-15.862679063114168,-15.392144326263692,-16.087143403249964,-16.27282420931282,-14.809340233805933,-17.927978880668647,-18.201764141747436,-18.04754485535132,-16.51746843030912,-16.320593435553928,-16.36493357650027,-16.468973272979795
-9.279669692914002,-10.11319081227049,-9.536760878770247,-8.568862688615283,-8.649826417750408,-8.40825677554078,-9.379432294474082,-9.078157637352962,-9.535646334772963,-9.182064364414376,-8.068805408854852,-8.239511889622001,-9.581836015354307,-12.549809290259875,-13.032681781197871,-13.206300541591503,-13.534783453174393,-14.607817180348592,-13.56715494052832,-14.31986674118533,-15.976508036865846,-14.677505901620757,-16.36969010472708,-15.981147431154282,-15.597665399175282,-15.372470901480751,-15.392599994126517,-15.618051712765734,-16.30303046674977,-16.185546038033078,-16.026257277821134,-15.61589618020637,-15.628969210363888,-16.646747010638684,-15.773450764675307,-18.588833494054644,-18.308431027058834,-17.08995502267883,-15.892230491817557,-15.864152295958245,-16.686836005837314,-16.680707933031893
-10.041474550670593,-10.307899967786007,-9.219642836598489,-8.503415156257642,-8.212617621098843,-7.372631578007917,-9.018934566965383,-9.894317055457332,-9.644147431798114,-9.359248624284161,-10.007781917721395,-8.827898084795027,-11.81897356257096,-13.06741212694106,-13.661381840437691,-13.257297961028108,-12.642794310870707,-14.170806733644378,-14.469991650660353,-15.22708707911997,-14.662890435239337,-15.538872963752047,-16.029107354937228,-16.26889119692982,-16.16939128059568,-15.020440333102925,-16.008006724473123,-15.516939425138274,-15.669584490760966,-14.950451937877231,-17.05042260254059,-16.261477123145497,-14.203164454590476,-18.164908612587972,-17.240770543213763,-18.561401308635983,-17.399235118585263,-15.762318715134723,-15.983586135747787,-15.553068803231703,-17.435295860947424,-16.884215627730125
-10.440038246432445,-10.628378716136615,-8.828920792502142,-8.29718204928904,-7.937886395932886,-7.588538647259168,-8.487355031034639,-9.608506849047565,-10.386276646326017,-9.797356898498585,-8.621592279671322,-8.711452413162368,-11.857746976720588,-14.065189980686519,-12.85422081651622,-12.926021179687332,-13.967678280561273,-14.07963261423146,-15.080589246655347,-15.274500955058569,-15.591867108781901,-15.728460603070914,-15.691511499597539,-16.352370122235477,-16.64911374093874,-16.60474511563858,-15.06980421340288,-15.47843926711334,-16.10192415054451,-18.543028606051138,-17.09886439169373,-15.030618578197037,-14.259760422090654,-17.62280928678703,-19.604737763601,-16.364134144849967,-15.654317651394837,-16.360857285817122,-16.314510038205775,-16.454898330788232,-16.235109352729157,-17.126367076192327
-11.048019895064579,-11.213473106265308,-9.163550676202268,-8.068685892248489,-7.4030883143038455,-7.738303555885042,-8.01527527322665,-9.09079474629337,-10.12266100744475,-10.707398821161306,-8.998205783962337,-10.270099934789165,-11.832961489456693,-12.717587495749655,-13.195524337777524,-12.59041602833771,-14.175331238187642,-13.662939539397426,-15.830275984787384,-15.648106660496921,-15.026104951015093,-15.763892394182388,-15.798411321720426,-16.594492571466155,-16.483044244193568,-16.67389184227533,-15.247708284168475,-16.814718392854868,-18.409773143178725,-17.426816118078452,-18.207233425691438,-13.701531053583608,-19.775024991004113,-19.284262188097287,-17.62107734699244,-15.752478430290827,-15.755091462628618,-14.100588776419205,-16.6001695241083,-14.562456720934508,-15.372407395687834,-16.764414898919895
-10.865284645578544,-10.919072507823259,-9.896990471089818,-8.450745115928164,-7.322784650307488,-7.349585761346479,-8.002549628587,-8.507850681207643,-9.866861201656164,-10.466605047205361,-10.534752710597058,-11.142741493566914,-12.140678002933747,-12.294995260490841,-13.621957987245532,-13.785537508430114,-14.370195996633704,-14.128090618912008,-15.779982608478091,-15.246525712651753,-15.561515822612485,-15.445291076049735,-15.36663068085213,-16.45601797748268,-15.442270504802218,-16.08939003535441,-14.722830696353368,-17.896847514891586,-19.085164567378488,-16.911790131331912,-18.19614923867332,-15.704426547503287,-19.57039095553943,-18.57536089972829,-17.820526402430488,-16.14049184466114,-15.467126906015643,-14.320117805210785,-16.27467639652238,-13.054733173052732,-15.182507080866213,-15.126509129137364
-10.23321301167694,-10.721760666736362,-10.32950471063759,-8.973867748124032,-7.686726010354322,-7.725515366658163,-7.834285856710589,-7.66621633654501,-10.11574019704972,-9.257776110400936,-10.491184109672119,-10.602688311851079,-14.368214793035037,-10.113512390672785,-11.811315868890533,-14.287094635067302,-13.880982667994452,-13.756207939917697,-14.46456568833554,-13.133075590031623,-15.4748751696984,-16.62360922155917,-16.2848195850606,-16.001177519450863,-14.5817219575538,-16.853298928997518,-16.471439642685333,-19.423056567876927,-18.50986672582893,-16.197274389053277,-18.14944192783974,-16.765170394520815,-18.96156108843265,-18.038357639400367,-16.850190098427998,-16.47608929224021,-15.952525980094094,-16.404249346141626,-16.548551720186282,-16.946104312889542,-17.07135716766489,-19.173839961246408
-10.314953713112937,-10.257786695556469,-10.114395839639522,-10.183260097915884,-8.149535553096994,-7.011216718546405,-7.505120496807255,-8.249722468090514,-9.007905005930187,-9.629383506199012,-10.404386766448425,-12.485854792771514,-12.179519592112559,-13.610402397749631,-11.869315019255456,-8.697724488545417,-8.407104087523994,-13.235046537446971,-12.737410099332465,-12.70043520891716,-15.706674492560499,-14.594525569665656,-17.32724177579687,-15.531699522244017,-16.266409827608822,-17.470278161440863,-17.78982600272197,-18.633274403113973,-16.949602851005075,-17.463058762895148,-17.169781439919074,-18.77473240800782,-17.992532880497446,-17.265930385493032,-16.85770222199229,-16.12867468199753,-16.079253129846947,-15.877085236728384,-16.174207930977666,-18.56731692975705,-17.46328298869204,-17.862176612596325
-10.334423578508002,-9.504692026439814,-9.662571101745508,-10.285882786159906,-9.367082048678895,-7.111240479466138,-8.979871121643633,-8.323208712501343,-7.569792488029239,-10.922140474731112,-10.912570702097577,-11.608036296562837,-13.21379015936603,-13.036192710548699,-12.88036502229883,-13.350379991897343,-12.765305539100224,-10.9431537498174,-11.355527262082214,-9.995132994265074,-14.754206965933788,-15.342628267887717,-17.950392886506343,-15.595780569058066,-16.016188902982194,-16.7716569067286,-18.125381836446913,-16.836827540980444,-18.233304953438356,-17.414110910952253,-18.70402704839979,-17.47214884893787,-18.85890438149046,-16.99882040543931,-16.29682201117914,-16.494472823825312,-15.173102787499511,-17.292111083788093,-18.683550592001456,-17.45829794086317,-17.800698139211626,-18.329776709484857
-9.452499375899642,-8.751384309327992,-9.212255924725074,-9.790801312499108,-10.167728275788972,-9.202662325803885,-8.472183239240948,-8.10503358294914,-7.390243250222677,-12.263825856013433,-11.286747394951256,-11.566049763494297,-13.920421979651788,-12.148694700584851,-12.17147092290917,-10.979707413577694,-14.298423112507853,-14.490428997098732,-13.170620803311051,-2.497259836064545,-17.24170934429817,-16.488431847509368,-16.206957610564665,-15.462917213175214,-15.955350375631387,-16.523007334265806,-17.811855497496648,-17.155624839240474,-17.81037908879814,-18.30936394156239,-18.024498884135234,-19.472435803848896,-17.19640181341073,-16.81293873115114,-16.72703374167163,-15.621315934342254,-14.040353093415629,-18.227594944015078,-18.507642769585587,-18.00973835952057,-19.888790116914837,-16.312628076487126
-9.457430744481739,-8.537542625602548,-8.355633220233509,-9.801493740768237,-10.614088570051443,-10.198521415713875,-7.914121728694361,-8.614408071575314,-6.92713220581981,-12.660215781483027,-10.929889053889767,-11.421043971086853,-12.538376201000972,-12.08949375203914,-12.186027650310262,-9.878223821467136,-13.739478644943706,-14.132929389146389,-14.091663102862107,-15.770203258259077,-17.96396831284118,-15.925226130992204,-14.487800724481742,-15.477877270076222,-16.19458457332034,-16.390046740330508,-17.619470126548606,-17.82541030910341,-18.174711667801688,-17.208966713416004,-19.108314782679468,-18.725557114051462,-17.005835560134212,-16.292300800903938,-16.994129740528955,-17.06382007653934,-16.77480890439994,-18.57282919015627,-16.984033963903325,-18.070516714962867,-17.682661397476352,-16.32236861764297
-8.504372215193891,-9.149807071639856,-8.838016456768498,-9.747017669723709,-11.139219684875757,-9.900942679520396,-8.076976788999408,-9.990591956245504,-8.127550348130214,-10.856415246444755,-10.667414292550664,-10.380063729863748,-12.016587244395321,-11.482490771176654,-10.152946079591509,-11.071981441434847,-12.381406187961021,-13.209512468633505,-16.29807410192364,-16.560075537614892,-17.437492934626285,-16.718395924088526,-15.287115053987044,-15.327397570662532,-15.666742304813626,-15.516345612601052,-16.770161552730855,-17.305715068547947,-18.089751003944563,-18.659036195532952,-19.25347196715877,-17.962811414539026,-16.652029400106382,-17.524072972781006,-18.28417411896389,-18.71295274603327,-17.52830200522698,-17.067456041963723,-15.969786640142342,-16.13205987775849,-16.5106296445771,-16.678680002165905
-9.557916033531082,-8.675167572431207,-9.171622261082089,-9.560815470016333,-10.651659036765011,-9.966274544776324,-9.774801719391954,-9.111281370231524,-8.290675477355029,-10.324070326515987,-10.44995475029281,-9.844840773949029,-10.63061301706301,-12.151860658608483,-10.105170658171557,-12.378357047024455,-11.0775786411712,-12.748876961381091,-16.104891764889118,-15.117682769506997,-15.941729047232341,-17.41974846057323,-16.21212561483646,-16.309669151324588,-15.385156085379844,-16.620126362481578,-15.28981770326706,-14.762524761779119,-18.000473557251752,-18.188031404698744,-19.744797752821505,-17.175011916365545,-18.183986502378524,-18.079175504198087,-19.10465050020407,-16.659074305648627,-16.418825391057386,-15.607218759738478,-15.425368837434204,-15.125327592492514,-16.211665220665708,-17.144359357938118
-8.995104154220638,-7.325696010182617,-8.803574546081395,-10.534761515104712,-9.88052458022836,-10.509337928896867,-8.887910079451387,-8.431594742036143,-8.518864284137509,-11.251745983239765,-10.15702877627232,-9.97994771228524,-9.331421757292329,-10.501347499949077,-10.37730970669126,-10.847590189885114,-12.969020393841271,-12.962791667663806,-14.078381142028855,-15.87576314184211,-16.462062913600096,-16.64428980314515,-15.80894890918113,-15.288478975455554,-16.854065360355406,-16.536272887897518,-16.733761401005587,-17.487497234206757,-17.69171899822775,-19.89796205325196,-16.729572950416177,-16.847544284772017,-17.21972764096349,-16.504736736756346,-17.366329953065446,-15.646277073607271,-15.14861911119974,-16.43891960329197,-14.765697441119386,-15.106889770254025,-15.213040472042888,-15.80833034122139
-7.775025131432079,-7.84584292911108,-11.554999542192139,-9.454708158587046,-9.466770199648046,-9.643296056970613,-9.685712814436108,-7.872323108905211,-6.89938741748909,-10.27109816387973,-10.157923532270347,-9.888018664909788,-9.947243965121121,-9.03909369487225,-11.225221033350582,-12.225426474251506,-13.594185715802533,-14.242757649801494,-14.865432847935482,-16.890334713144593,-16.376484037140166,-15.676548579394527,-15.312900950563812,-14.672548983979004,-17.017879459878817,-15.800296604974424,-16.04991813548186,-16.486916851025335,-17.309637990243946,-17.230524902839424,-16.953890546305836,-17.28490841404362,-15.746533724091535,-15.855471920763044,-15.24509963011919,-14.837550727638725,-15.904129183897084,-16.598614429361145,-13.068362076151498,-15.063184870825438,-15.32522784823864,-15.345957688368951
-6.615322425413767,-7.784971548891308,-9.600076742541306,-9.347452940735737,-9.198163982651973,-9.284763199492502,-9.110203881774401,-7.471398072807727,-7.877401997836366,-10.185344586832336,-10.26330847599078,-9.363046587481296,-9.887532056003105,-8.887966565761277,-11.157871301861528,-11.686040400957793,-13.902892873345413,-13.566026850354405,-14.690149259993825,-15.516538089986803,-17.899012973224117,-15.197099704701355,-14.092879474638131,-17.334819831470305,-15.435230265876966,-14.687460353794304,-14.348380898316957,-15.37981530472282,-16.376655505491915,-16.348912106953808,-16.35345781257853,-17.069637067882187,-16.19378824933358,-15.824450354477337,-15.606556791843515,-15.844353017146142,-15.583693381549281,-14.781886620430761,-15.803732135076363,-16.52656682055006,-15.236563528172256,-14.88083408811005
-7.405849274120542,-7.446072884208171,-6.57800157756357,-7.31411744932022,-9.337718729828758,-8.665087867104127,-8.330707301887777,-9.516247875860998,-8.975893789548136,-10.963591555093124,-10.141474677157143,-6.701182177416453,-10.271474972154742,-10.247245431837962,-13.566944302003455,-13.010313690787006,-13.414884416292217,-13.812381096828728,-14.772075519299612,-16.151453367860313,-17.353877186823876,-14.870684347034423,-14.424473828885468,-15.69385468479597,-13.97170235440607,-13.816725659163023,-13.320963130556024,-14.229295735726737,-15.050799152336854,-15.492445716756968,-15.811847305900926,-17.202521572222793,-17.219864905770464,-16.769918178059555,-16.571614486728176,-16.401936403154814,-16.207310807666985,-15.960835636180718,-16.251811502719594,-16.237988391427326,-14.629220485928132,-15.171779043076247
-7.443264692903595,-8.167384284516139,-7.506343589779473,-6.230355156228838,-7.885752012099962,-7.764652208583707,-8.630318526068447,-8.607186233199663,-10.477641253162325,-9.169823163213412,-10.523569854497671,-7.916295818012721,-11.603404523360744,-10.406163447111808,-13.45137104401178,-12.900725431165583,-14.155593762511721,-14.958795706752246,-14.803672120357923,-15.81725468550112,-14.90570332137933,-14.568171106528872,-14.239602036593302,-13.766235450347304,-14.451003863694442,-13.382457803918742,-14.368485116101011,-14.314200081907615,-15.134738844256065,-15.647508738423214,-15.729992209465244,-16.635299639446114,-17.030507385010726,-16.696023023974668,-16.685682450371058,-16.98923414732657,-17.08942949767392,-16.866230413506287,-16.55485333271967,-16.178935382247857,-15.255117032815733,-15.736987932723219
