public/json/wind_2018-09-1523_925.json
{"header": { "discipline": 10, "disciplineName": "Oceanographic_products", "center": 0, "centerName": "Ocean Modeling and Observation Laboratory", "refTime": "2018-09-15T23:00:00.000Z", "significanceOfRT": 0, "significanceOfRTName": "Analysis", "parameterCategory": 0, "parameterCategoryName": "Currents", "parameterNumber": 2, "parameterNumberName": "U-component_of_wind", "parameterUnit": "m.s-1", "forecastTime": 0, "surface1Type": 160, "surface1TypeName": "Depth below sea level", "surface1Value": 15, "numberPoints": 4800, "shape": 0, "shapeName": "Earth spherical with radius = 6,367,470 m", "scanMode": 0, "nx": 80, "ny": 60, "lo1": 109.0, "la1": 20.0, "lo2": 116.89999999999955, "la2": 14.520000000000117, "dx": 0.09999999999999432, "dy": -0.10000000000000142 }, "data":
[rows 20 to 39 of 60, columns 0 to 44 of 80]
-4.7643375365996,-4.669197610233091,-5.227088579045652,-7.477039547847967,-9.239936432083624,-8.787938834601931,-8.402391550304129,-10.022854706163645,-9.51655668664872,-8.56439806802144,-8.37043737888915,-7.717650135668407,-8.287595667462975,-7.623702804209766,-7.982870979060859,-8.917884811799507,-8.920909780679349,-8.273274002490949,-8.398067156454813,-7.901588361344913,-8.407173518953016,-8.278978516159812,-6.459720334814694,-7.398062346098778,-8.718877896863523,-5.9104169568470475,-11.741363599650192,-10.4846352492608,-6.546935817438582,-8.218478655883963,-8.025147821153295,-8.237437239566814,-11.904881648088367,-10.372249690824422,-9.884304922141904,-5.951655877702387,-7.572459559911902,-7.480126692714097,-7.381650513785157,-4.7936235794623,-9.554429416495118,-6.251433902271948,-6.190537457224804,-6.553628092445316,-8.292342971734096
-4.949448705038934,-4.517242771028619,-4.886443827912314,-5.708960424742637,-5.687602746775311,-7.981226050475632,-8.859344962010454,-7.121414699497603,-8.297203892132766,-8.665468121710413,-8.576161560826439,-6.311792982168518,-8.152154776318545,-7.43075754987067,-9.063440122192022,-7.063607360277603,-8.61934414689883,-8.780006887281145,-8.766355144253858,-6.720901450449098,-6.339746196442098,-7.175840034129879,-7.931157349904802,-4.958631578898727,-4.243754730002659,-1.4904614040364164,0.48641606721932146,-8.080288302596408,-10.190271264888938,-6.846365720760241,-7.607507597196722,-8.321819374546893,-6.59789413673244,-11.236053193238796,-11.206282369033932,-9.40584986688048,-8.461987240072286,-8.278225681940452,-7.691838014095483,-7.015176827830977,-3.0188675625995596,-7.828275492622707,-7.09143727703406,-6.410803845428587,-9.697711117505817
-5.5662796391666385,-5.213197556933184,-4.308409377666376,-4.2670145791422005,-6.8647303563884,-7.28384596477252,-8.539910349904579,-3.2948102921713156,-7.737663193248457,-8.791727311376466,-9.523509996615259,-7.368929793006442,-5.670381959336583,-7.131506386383645,-5.221714860755113,-7.471770555401682,-8.00113215746299,-9.579053513244837,-8.78825476821042,-7.972300080695082,-7.06265912709978,-5.606644752022851,null,null,null,1.7568038039635852,-2.554420322536164,-7.9957218904404606,-7.885606242477434,-6.083527167120742,-3.3712993651783005,-6.304597014411901,-9.636743930475761,-13.072468622599223,-12.200469135542384,-10.227923132422125,-9.768993121410103,-9.194555955841075,-10.03756889962829,-8.657350234273254,-6.477460384126468,-8.389258984961682,-8.195651665282135,-8.332130834187938,-8.276147505900552
-4.636291544187514,-4.645747424628176,-4.928628391104278,-4.688803444752417,-3.484352203275047,-10.34057189009781,-7.606410057827111,-3.185729214944913,-6.267388959082859,-9.851951009269051,-8.922034662324073,-7.2302706382143045,-6.861058285386285,-8.092113771799843,-7.210503123481672,-6.779789548268352,-10.2565749624912,-8.931911674325749,-3.283669241273558,-5.322227546416842,-6.975963588125039,-4.552590379488125,null,null,-0.1633133509320878,-0.4391268340620174,null,-4.372410020359485,-7.16048340806479,-8.0103661820485,-5.054570791752447,-4.176301964002508,-5.913521831962875,-9.764385707260589,-11.834031576984648,-9.896449222295079,-10.921147014288318,-10.625235892426415,-11.434210508389292,-9.718619490482824,-8.71981174351401,-9.339204168630918,-8.820959922365077,-8.896140363386145,-7.481569775155755
-5.313821201194994,-5.247425349025564,-4.710063510773345,-4.884311826535124,-4.84405000998116,-3.5532098702057553,-6.143819362021623,-5.799722253117521,-3.0393437530772283,-3.768394649926809,-6.361571474757074,-7.102042642887696,-8.245547053817006,-9.092079560608486,-7.696952531089064,-10.645584168741522,-9.08750420724354,-0.787867443282076,-4.630266796942203,-6.278270431825891,-5.346954403631218,-6.363099656882504,-5.8056855810182615,-0.4695974239515623,-2.2921769304542203,-2.218304261605179,-1.1980447206920946,2.890045043146195,-3.986850306389642,-7.991967485768434,-8.350828344833152,-6.046405108573442,-4.977195244051321,-5.586828203404249,-9.586428448329091,-10.817187153751734,-9.463347902735915,-13.30194581887171,-12.038858636487653,-10.571102502786937,-9.758399343815475,-9.091840218355731,-9.344776925020364,-8.61987943183466,-10.573153301082776
-5.935563464254611,-5.727390132269845,-5.711749290459413,-5.406242282780083,-4.363543508158933,-5.573807468681425,-5.865526304804389,-6.9951361888001315,-4.931941727412197,-3.8964730886945427,-5.906188703371209,-7.597295524395381,-8.837346594108503,-9.56167930101233,-10.59606531481996,-9.593369893644311,-2.6726583328227793,-5.060074027732024,-7.271846527989263,-1.3686570271733431,-3.444580193044336,-4.9166099048238525,null,null,-4.19768805713815,-4.737268182943498,-5.566747574580147,-2.4064973997027055,-4.160389115762248,-3.1555111946061203,-12.916862495874547,-8.399888684148626,-6.398690682335615,-6.3198163514002665,-10.715888954342562,-10.98593744758233,-11.635369894338028,-7.236256187015653,-11.488065015907733,-8.8717154437589,-9.293950923774743,-8.754183938736507,-10.116281437845732,-10.133704010221255,-10.16915051435856
-6.803377927676553,-5.79341663862652,-6.191949830601522,-5.633090569865136,-5.113089332286739,-5.806564345681231,-6.817051693277779,-6.463598888596942,-8.407878648161878,-7.267802608118875,-8.375114517176984,-7.958215036887094,-9.942875606728272,-10.656481328312298,-11.386945173567804,-9.246597402967591,-6.387629670645249,-6.774756766756037,null,2.1317103076081168,-5.528534024160535,null,-2.593347905703683,-2.5986006967072925,-4.97464190834064,-7.060722003353123,-7.683182791481204,-6.187917786310901,-6.746345194297721,-4.603218803743391,-6.11083770857695,-11.794895943601418,-10.167709487305393,-11.323461326857796,-12.7786115912733,-11.861356050575518,-11.289157467828234,-11.229022787203789,-6.467173756966015,-8.23854546186704,-9.326414607398544,-9.236389494986174,-10.48803902988212,-10.539005985412254,-11.579882882892264
-7.249408917890581,-6.696037914426587,-6.199184953809273,-5.972226088400557,-5.824053879470566,-5.87031970082311,-5.770686696008217,-8.17509991883385,-6.6599698267606495,-4.619442497192588,-8.205285889236828,-7.154787374497814,-9.338036443744468,-10.472967713544934,-11.738810546819051,-10.671003559278951,-6.259996160216186,-5.752510562013745,-6.111653749414383,-6.367188262088122,-3.271247128684778,-7.186964601727813,-3.9186688938956973,-4.514656791647787,-4.566586040397625,-10.017659679919348,-10.00086072529157,-9.00099748183283,-8.118368464971805,-9.40842064935714,-8.397404447051844,-8.875518609785765,-10.762235384454028,-8.86912285206213,-10.028661333451241,-12.329066854196327,-12.779112398348275,-11.416303081826852,-9.643642601097653,-9.052037725352012,-8.783521747114007,-9.169525203491865,-10.679360583071972,-11.285607938405278,-12.554392015632498
-7.453191182760292,-7.185668095256206,-6.88729070510187,-7.291756594204347,-6.795810568946056,-5.743746886190237,-4.924649904134112,-5.999608127387347,-9.108401997436472,-6.2774702378776865,-6.41099911317305,-7.335603893408881,-6.392637269306751,null,null,-7.88618355912309,-7.891636622616487,-3.7653303531091105,-9.450318551304564,-8.019740337703555,-6.557148622799881,-6.184377032051804,-6.6226830515962956,-5.6600393285518695,-6.410507779943051,-4.593545429373205,-11.62351522703327,-9.950383517314721,-10.02926423063248,-10.364427492488955,-12.481880376466714,-5.634698837883166,-12.419231547383745,-12.317435070837854,-11.949746558179363,-11.401031984745742,-12.935443330602268,-12.758063648239474,-11.03708560655927,-9.261313607504093,-9.134475261194007,-9.456425895157064,-11.234879297734954,-11.077315168169104,-13.097716773430164
-7.9206232371949366,-7.242511934473633,-6.894170542293023,-5.177717620349617,-5.585347466880842,-5.1119247138706445,-6.037073274310372,-5.220533844868797,-9.35124645780203,-8.853786802521444,-7.036745421860158,-8.450018003122901,-7.88183130784776,-4.660055400747332,-5.5279786650530625,-5.537307260383212,-9.529217625572322,-8.531484296971222,-7.284248043036795,-7.487834239735028,-8.232183844239465,-6.4215608600769265,-7.657797489409423,-7.412036757313764,-2.7994503121143786,-3.85743879543653,-4.101887578746749,-10.02147505958167,-9.426704734667432,-9.318278602797093,-7.659980428097681,-11.862515594336807,-10.585987806508488,-13.599815890756226,-12.746067797531007,-12.394855475627093,-14.371290108165521,-12.342892843142572,-10.81730461824301,-10.874119643367395,-9.45857334263265,-9.487361519389685,-11.370395292012352,-12.512565066009111,-13.251849403667443
-7.50444357053202,-7.0842927354786065,-6.560096897363703,-4.504295373227049,-5.0786018157470245,-7.651051873336827,-7.018615140476642,-5.907196308175534,-7.896882404661853,-9.73010613654731,-9.421530081645933,-8.750021173716066,-9.101947681603617,-8.507469057923117,-9.528495446912046,-8.688665578630623,-8.347329331673253,-8.852350919974585,-8.516846429974157,-8.382183235436942,-10.799884913461817,-9.146344609054294,-5.619620926858647,-6.035035507649143,-6.876436121631414,-6.424671471724055,-4.334980971739288,-5.398403472092053,-9.706743944308444,-8.842693826838387,-11.222723189493195,-10.611502778140931,-12.377575087832527,-9.152855569584187,-12.511420264560794,-14.954938887078724,-7.996519241447581,-9.969039504022312,-11.344080281465121,-11.788731356323071,-10.856337128951044,-9.908802492191068,-10.665247363608175,-12.227982878698642,-15.454161057935236
-8.716314417983169,-8.569454975274127,-7.506330687888361,-6.2691042592055926,-5.90124194829135,null,-3.27567443166647,-7.121527004141816,-7.029338493320102,-9.523133937919628,-9.932888297159401,-9.333834709983304,-8.613892747919692,-10.607422675971126,-9.124778562161822,-10.754887481506653,-8.855264109778886,-9.821884477871091,-10.172836774165836,-8.640908957559958,-6.819019150460367,-8.40214443740276,-8.576958615106093,-7.451592983628632,-4.834868821166701,-6.835487686526035,-7.0299715185635705,-10.301046740405003,-10.781955037951555,-10.758331017292686,-11.453495714940528,-10.15538446231401,-13.000770694825858,-12.48390740417797,-13.564815323667322,-10.91049046514129,-13.606395298511444,-12.657175505474287,-12.140893663794198,-12.218323735115394,-12.034362163733052,-11.228014937320618,-11.992052726915775,-11.21834547165295,-13.80440871969014
-9.355780669086158,-8.96725963534698,-9.173665693029065,-7.612725259539932,-7.223019449831586,-5.958566202565771,-4.5857539001801,-2.7129404792620213,-5.840164633401189,-9.693550828689116,-11.340518447335528,-9.660681744759646,-10.246282637595199,-10.380071886440529,-11.278377348921547,-9.469120530282412,-10.79269068819485,-9.707984839350182,-9.801223226438584,-10.268018078151128,-8.36227192284147,-10.542345534158127,-9.618468671675716,-8.256752940152985,-7.433509735796758,-6.767424153488052,-11.27698372024048,-10.536777026860802,-14.4222143936947,-15.101664238988478,-13.350817527711001,-12.326557611368006,-13.792554133864254,-11.952522304672225,-11.084105088506714,-5.7301454600368045,-10.705602100323205,-11.158477974003318,-12.847603314314924,-12.453475580065646,-12.57227673927294,-12.974740136591073,-13.019449541351802,-13.97123221953093,-11.976909955213175
-9.671686143677592,-10.51791634916683,-9.900461514689976,-7.804696083003195,-7.585549891854419,-5.543391337928136,-4.568028864810922,-4.47240879351175,-2.143499927661566,-3.3999092942545435,-6.6043945613236374,-9.372086504727717,-10.488083622441355,-10.385734443885315,-11.052389766396768,-11.30578546411292,-10.324925067415077,-9.308165461626938,-9.092747403970279,-11.019076795839583,-10.700626950900267,-11.91916164514325,-10.898006426492573,-10.605718645312761,-7.790152598019481,-7.01107868399409,-6.822392263569702,-10.123459404372255,-3.9055709123860156,null,-9.264632924124616,-12.36058002935744,-8.980090993222932,-13.23798777130563,-10.887779750796694,-11.652039807381755,-12.297607130909233,-13.265986686005538,-11.320829915465067,-12.191036694642484,-12.726084297378595,-13.323338697132842,-13.61120045112633,-14.899231188909921,-14.598163756393221
-9.83668771951314,-10.511436319605854,-10.230019609472428,-8.408725068591242,-6.7258804929564935,-6.347036773934111,-4.588107026359484,-4.91389674324885,-3.7481066043682096,-3.905693849421665,-9.149161761439608,-9.61207271946095,-10.643419566088095,-10.85354237512228,-11.354574604805167,-11.293246298387741,-11.850429517831003,-11.314485842631942,-10.378432190605068,-12.07133572644614,-11.097679917228103,-11.534537787038536,-11.813671254004941,-11.015727799914297,-10.199912544657177,-8.474946527613266,-5.485594891015884,-5.755574710554274,-7.147659569790911,-9.95127389786315,-6.05879583093595,-8.794709435425283,-8.341084179858935,-7.6602787939413535,-9.967846848324792,-12.700150872851793,-11.797751191375683,-13.00925076770459,-13.87292887194631,-11.080653333130456,-12.212820489044718,-12.424295064658804,-13.777186867637782,-14.557618242562993,-14.318412257888404
-10.068779363882998,-11.044788874821853,-10.272500169681685,-10.043560605475765,-8.825204669962098,-6.582523890215629,-5.495903836753208,-4.426096319392572,-5.61237789680895,-2.961697323677705,-2.8534132286928293,-8.803912891306599,-10.986670987389111,-12.307518089448335,-12.706004140525788,-10.030968967989494,-11.77787853497203,-10.879658684098038,-10.964095225481548,-10.008331228002401,-9.799048167106314,-10.958134025306958,-12.033482162597611,-13.543098776698884,-11.452462254894854,-7.045283797535167,-7.03522417398101,-4.489165339922609,-9.020070645460027,-7.468038552624627,-10.643567030027294,-8.722913656354734,-11.17717681664807,-9.981594893237178,-12.964045145000387,-12.083515426300819,-12.059853488604771,-12.762935515445703,-14.15782336638285,-12.069323055548677,-12.376379126783778,-13.463048251929397,-11.689747632826103,-12.263391018138371,-12.812683117454087
-11.355776658313273,-13.180447874567951,-10.534988956714159,-11.713941616623877,-10.046028912803491,-8.075471921359735,-6.522901545320869,-4.936619765968186,-6.520392998130546,null,-7.966866577094712,-5.6630609055535075,-9.536507838919132,-13.261710022043886,-8.117949644337331,-8.872354213174676,-8.894809796867625,-12.050768324001439,-10.434989654347977,-9.736652340126723,-6.186906877870538,-9.4488486734583,-12.46423727415867,-10.621527825498315,-8.690602087860125,-8.145907041962413,-8.311107550617463,-4.282320943149321,-6.917263538475616,-10.344367659816704,-10.430441933655967,-11.52209862291824,-9.84565223160437,-11.129909240351232,-11.555971254780765,-11.99548346695769,-12.63763602192017,-9.922324784279354,-5.4041355337840695,-12.435250328926571,-12.879484052899171,-13.529156705211737,-12.261281290337324,-12.716793917146006,-13.986293349907259
-11.089059750354217,-10.779421418416316,-14.436634707954877,-11.608358968583685,-11.0395562419261,-9.624931458209476,-8.242657824184016,-7.781094725037182,-4.856134327530819,-1.3529295136573376,null,null,-10.161865993162719,-6.933493841899194,-8.027939138036356,-8.774370155914124,-11.461471877287298,-8.68559941122055,-12.1699588045037,-9.65712774274733,-8.95891093512738,-9.137339599031499,-10.85192619663557,-4.977016193639005,-8.757604263024824,-8.48360252318881,-8.563937781957003,-7.1990951001120935,-5.325618293222481,-11.96712231526626,-10.817154590006988,-10.341925653041974,-9.708454315087232,-10.06104573701915,-13.350803015155044,-13.375426912272127,-10.560218634017655,-11.6879323945266,-7.9289653136294955,-8.110002525258732,-8.193268550377663,-9.922339575679036,-11.54689306095157,-13.910936594043937,-14.722151351896645
-7.913301149959034,-11.498878057181704,-10.864564707571008,-12.397923198459077,-11.8149049074851,-10.740313865024246,-10.186610888613995,-8.221014003111716,-5.5904898377793115,-2.2498569290999493,null,null,null,-8.418973576664408,-10.164270082019462,-6.659349398298745,-6.513701945680551,-5.539793107561934,-9.195650559098251,-10.149685069754186,-12.002844992789603,-8.433434440518326,null,-7.110479631715631,-5.096156568124232,-6.677319554341168,-10.13539286590905,-7.594270688375479,-6.1869570259522355,-10.210810056998245,-9.295027575795713,-12.201280145952193,-12.292297488425348,-10.67923276593877,-12.29517818176994,-13.508148747722874,-9.906108028826813,null,-12.439689347074962,-8.048652418761872,-13.391787099032504,-12.21940237572656,-10.454087730911345,-10.969200570166397,-11.350805270161114
-7.48554738686256,-11.935298506207328,-10.067551501637457,-10.841087149828791,-12.805108065325753,-11.693090293008265,-11.172659936362217,-9.786561289980915,-7.662136645491124,-3.4879565518119713,-1.6503977753108698,null,null,-9.128379440305395,-7.677259430796112,-6.077479348198484,-5.568562350569071,-7.8106509187816195,-7.186131791187075,-13.042383420990557,-9.015439144255831,-8.731472593598863,-6.4408158070764765,0.015588402568490034,-3.3329352637623537,-10.164795609054202,-13.693001207457552,-10.197946555104693,-7.198616148455601,-7.612609860551094,-11.16378573219366,-12.125457632560154,-13.478675946184921,-12.942839130307428,-14.022749209246,null,-3.887178461362268,null,-6.2309004201474725,-10.74988881988214,-8.253924312157547,-10.93624942382821,-10.909569202665981,-11.770662086214735,-11.648284290592827
