public/json/wind_2018-09-1512_925.json
{"header": { "discipline": 10, "disciplineName": "Oceanographic_products", "center": 0, "centerName": "Ocean Modeling and Observation Laboratory", "refTime": "2018-09-15T12:00:00.000Z", "significanceOfRT": 0, "significanceOfRTName": "Analysis", "parameterCategory": 0, "parameterCategoryName": "Currents", "parameterNumber": 2, "parameterNumberName": "U-component_of_wind", "parameterUnit": "m.s-1", "forecastTime": 0, "surface1Type": 160, "surface1TypeName": "Depth below sea level", "surface1Value": 15, "numberPoints": 4800, "shape": 0, "shapeName": "Earth spherical with radius = 6,367,470 m", "scanMode": 0, "nx": 80, "ny": 60, "lo1": 109.0, "la1": 20.0, "lo2": 116.89999999999955, "la2": 14.520000000000117, "dx": 0.09999999999999432, "dy": -0.10000000000000142 }, "data":
[rows 20 to 39 of 60, columns 0 to 44 of 80]
-3.178493411627707,-2.4935123205704066,-1.0988632838696335,-0.8048876384613602,-2.7302739577668156,-2.6222195722520487,-1.9845480760713912,-4.148944867172203,-3.728988185366719,-3.180483607190072,-2.43327270461781,-2.8942853108101945,-2.949170679265678,-2.632901025803095,-3.415439842231085,-4.620911600447575,-3.7944671963801593,-2.653956935845875,-2.9667378634168093,-1.0920319799325962,-1.0791423506665185,-1.226657805340941,0.185182135784895,-1.479847897091426,-3.0788476023309816,-1.6763289560680943,-4.016970072245981,0.05106983087060603,-1.7039509629390057,-2.9933074434090194,-2.8763277210509903,-3.0338601532709752,-3.9295345379089213,-5.856748109649059,-4.701291800544785,-4.456928224284066,-5.196691240035435,-6.8431189239958075,-7.370737959869923,-6.127516868991853,-4.729141950010981,-5.220349577133954,-6.4616263082413035,-5.397652070311587,-3.3856424890060497
-3.6027833556974125,-2.618421072116022,-1.9965216388008573,-1.8504967536875427,-0.4310939014780569,-2.2314852878864953,-2.211058551904649,-1.8232572782970897,-3.0862671647716424,-2.9942071550014897,-1.852890477761938,-1.878260869205066,-2.7491882337795808,-1.525135678963414,-2.793339255973486,-2.424870722892306,-3.6647266963770133,-3.67690468434211,-4.354279077027573,-1.2622093572557376,-0.8921652607080601,-0.948854625687287,-0.18675976072780698,-0.6751671662635431,-1.8160264287866097,-1.682008624474201,0.856521718781851,-1.521859974663461,-1.1944785009746908,-1.8016053456579941,-3.287579828579206,-2.637553878761701,-3.568039241607737,-3.685023893951857,-5.242834907914473,-5.844257584405478,-5.815443359395822,-6.316732379392933,-7.181315983256657,-7.131288076516754,-6.784790873177567,-4.275996675279625,-5.576089252177409,-5.870941814298777,-4.226896113660132
-3.228261830666961,-2.4541580736772497,-2.10671774499801,-2.158497596146895,-1.7059818620385345,-1.8283006879754324,-1.2911214967867302,-0.7233911513855664,-1.946502210919051,-2.5543505316896877,-2.0530326248405366,-0.5606101526987727,-0.46782451047063023,-2.392975097099906,-0.3361381953372176,-0.7456801487119171,-1.9412918295630284,-3.391458221795637,-4.071650587972927,-3.2368982836185793,-1.7286346863844217,-1.298493368277878,null,null,null,0.5146370147990709,-0.19274405076997966,-0.8963583613227712,-2.3438711129647993,-2.174936238484131,-1.965367438392512,-2.1994129708315584,-5.48163728791235,-6.15173171147314,-6.698385413513364,-7.157510370384871,-6.862459367465384,-5.431561988576043,-5.794270382726875,-8.597539363548023,-6.37517513704304,-6.156415828343956,-3.8629263875693205,-5.148854509978243,-5.040355512445927
-3.0668848720195907,-2.4482799582274852,-2.682884972851083,-2.689479618425108,-2.20615070499769,-2.1485776949032274,-1.4777685002689458,-0.9552670187583694,-0.19009771091368555,-2.4478221398267412,-1.9820715235029331,-0.930782327327676,-0.5057243925278565,-2.954629770524659,-2.8728756402046995,0.30927184304751526,-0.25460630100803494,-2.036209189826781,-1.9515817611505573,-3.294569250591962,-3.03137656811574,-1.2138922576363336,null,null,1.1343625899132854,-0.7823661605951662,null,0.9392038899089166,-1.2749908371865362,-1.6453776131424562,-2.3391867940913986,-2.1335336738899655,-2.0010749049732377,-5.735313329043491,-9.638173743860927,-8.816319383261314,-8.092514088022797,-7.233970268379349,-4.439338589233743,-6.820222854591623,-6.545956997765784,-6.050719525261165,-8.128399972669712,-8.062841372336575,-3.5238560341841114
-2.2109661088340267,-2.9476386610168874,-2.8348911047893997,-2.570533190775131,-3.0109507925012466,-1.2243846316898486,-1.8051109135773817,-0.5007445005148411,-0.06607512666010089,0.33544666498610903,-0.6847369161469323,-1.3778277316802272,-1.66190831476599,-2.382574826155746,-2.6140419125529695,-2.24940124112627,-2.404949758659205,0.2784345078550133,0.7368390088123604,-1.9982142329679045,-2.794532220499601,-2.597023481593417,-3.265019740915951,-0.14079101978914565,-1.1864606175340806,-0.5202794531137207,0.11449325128527801,1.7234350881631082,0.39851545034450975,-1.5456131109890119,-2.2894958968709833,-2.7879794787190244,-3.3630724218364896,-4.6277495691760056,-6.147038704539277,-6.7512200454999665,-6.55206704357195,-7.927915259437034,-5.5433838138625005,-4.536833430661245,-5.9116995104433165,-6.427266856306755,-4.223432162455461,-6.845900972721539,-7.099371850037951
-2.673637725207135,-3.183028654086672,-3.7475247123823876,-3.1176655390884256,-1.9567411515454949,-2.237937063259528,-1.6426874367518043,-0.7362327785778042,-0.6726972201935416,1.9556061237430917,-0.43087716068575055,-1.3865949251014535,-1.1379887262388089,-1.6005070960518668,-3.5169662938588866,-3.0468082400449674,-1.7061248330130323,-0.7018002914972563,-0.1964394961229299,-0.6534839942187912,-1.5733811974204432,-1.9944248020802036,null,-1.0951584881647163,-1.7305229713210823,-0.6204518377371623,-2.3158024024847794,-0.9651908053870706,-1.0341159075283017,-1.0197862343934703,-2.5899222054725466,-3.8288690185736147,-2.412122471556044,-2.176258412923639,-6.173921520449879,-5.869558691428835,-5.889099571201522,-4.898042417999432,-6.676994748718828,-6.117663778617938,-4.961064974294998,-5.08952873992139,-6.5087427037078,-3.8806072052997864,-5.358491066220716
-3.846358123449014,-3.0668074025494514,-3.900211763460975,-3.6574960037876347,-3.099052244742979,-2.2492207908952797,-1.8319658456481993,0.4193031562227139,0.1660329886534917,1.224497281924489,-0.3481734218734323,-1.5156617202934082,-1.5278428073218673,-1.6344170459060436,-1.4929633408672351,-2.9375838876049314,-2.181951487386645,-2.547159509392066,null,1.6279051190856106,-0.49711084602142375,-0.2843669118285943,-0.5671608369514898,-1.8551455882568197,-1.1394027619559275,-0.5445064880003035,-3.0056574969476815,-1.6513628938815519,-2.448218038964446,-2.551519227510402,-2.58017803785085,-2.924027382224496,-0.9130170335310988,-1.8823635982661564,-4.904979409114051,-7.192880789151486,-8.197185211590437,-6.628018096720727,-6.69652292749071,-7.370913785767261,-7.189563629020299,-7.0563572078349415,-7.620740886975174,-5.824565686410905,-3.435153782017993
-3.663974228603204,-3.1798983747813425,-3.6829721406052363,-3.936716186850285,-3.503668398635192,-3.340947504196432,-2.3194813928956117,-1.6311745758251646,-0.05604150791962097,0.7108210497951737,1.0343372991437627,0.11321754050171993,-2.083732740803488,-1.8844854382149212,-2.2109867479515892,-2.8468919210487544,-1.6078257630572441,-1.756675916894328,-3.2800368808935794,-1.94379025918326,-1.3712120453194856,-0.7724688535360245,-0.3129990506486276,0.2460227185732811,-1.5879759648969158,-1.4843202465933334,-2.830814443427797,-2.4726195921012915,-2.4796491341362312,-2.9770784433311763,-3.5292769393549204,-3.31530518351017,-2.9562665869664517,-1.5239608052710132,-4.779391765542376,-6.4454371761247575,-7.77369274437414,-8.161872045930302,-7.748910373207792,-9.754122707845893,-9.604333633527641,-9.00340514381437,-7.998033034572707,-8.04850078427074,-8.170468476381021
-2.372286124002622,-3.0436220102631037,-3.7760922053682586,-4.24464090883783,-4.030174208976775,-3.685502389701632,-3.572130938230793,-2.6350072191825267,-1.30749581370118,0.1385138499135959,1.4334759391887735,0.1573414519619208,-0.5273326675680481,null,null,0.4258753366328061,-2.6668261756602822,-1.4738139888442519,-2.903784058944349,-2.4364146236786524,-2.09857421909528,-1.1607417213199245,-2.555728787937608,0.5744799843524153,-0.7091375651895568,-0.9138436794381954,-1.8945387034000292,-3.0532365510025943,-2.7441010212877224,-2.872093569596012,-2.755205145574941,-2.728505675126978,-3.197487330673288,-4.859361846915984,-4.1209959108396,-5.516780333362918,-8.221919671979345,-8.669942400694008,-8.76325021634841,-10.436763593241718,-11.622362586966682,-10.801066342071877,-9.313634525661229,-9.321688157840928,-10.6327056627449
-2.434100775981136,-1.4849758100108235,-3.4355141164589558,-2.219386889855278,-3.1603779822511795,-3.4701252235915114,-2.9130344216786797,-3.1479661030531756,-2.4275926441699074,-1.4593414969918077,-1.1146523835630227,0.5011718403622056,-0.27434528766320077,0.4703640487205921,-0.8645296658503703,0.15407207452054172,-1.0287980071664644,-2.1375157507920237,-1.401090536966444,-2.8683088695392924,-3.062089591203908,-1.0305901692021069,-1.9670139050832363,-1.8306682791375748,0.8430718440915935,-0.671383795411556,-1.810322997191927,-0.5908564320962655,-2.9622711693875,-3.760362750550414,-0.5554036557086031,-1.7575253339925896,-2.1933348535200183,-5.041911427640903,-6.079180237611059,-6.1058516887983645,-7.107695088340085,-8.87943118729175,-8.446929472220383,-11.245867719143297,-12.211842175051649,-11.192277291660368,-8.581481272642693,-8.91955864387484,-11.128184040912696
-1.956734045764099,-2.678939409061666,-0.9626852280906502,-1.5978645797774607,-2.0100549179110447,-5.02395436983562,-3.8062341739369923,-3.0682978535349417,-3.4235101109616526,-3.152896046050871,-3.366304692033001,-4.012882357214676,-1.0208243614356995,0.6027151801024139,1.2633401868445746,-5.028543380462109,-4.8759049089174535,-2.734303817824073,-2.350245233769938,-1.3252775345994598,-2.355425276611016,-2.4693264432594892,-0.8200441830775888,-0.32940379021422816,-2.7531174936412492,-3.180849861482436,-2.1413828117637257,-0.8570130007062751,-1.8751822845424677,-2.4855124080206736,-2.3587971100996703,-2.6294222460147836,-3.7582051604424107,-4.70612380256132,-5.63262444714595,-7.310533718777213,-6.566517653630977,-9.013620170375301,-9.417340900251082,-9.415769710320438,-9.688112335288764,-10.786591960949005,-10.909499799279168,-9.635885417121177,-9.922444662489836
-3.064830653418242,-4.080648393034167,-3.1441167410027546,-2.3508460941759095,-2.7668796323736373,null,-1.725483637689228,-3.7680035669154734,-2.977476298817033,-2.1518162613365384,-1.3336681305771105,-4.591115276639373,-4.459522942645405,-2.9195686296495977,-0.6329998745690462,-0.5264964376280045,-6.3518765257946646,-5.759186764540974,-3.1026146192176958,-2.0843153977890028,-2.7161867487430458,-4.433512676665726,-0.5139292637758511,-1.1548194828018812,-2.1201704980777314,-2.347472247506146,-1.6441767752089191,-1.3192666815990601,-2.306335101241747,-2.9903291725102665,-3.9460719625672436,-5.561415942908068,-4.491159607690512,-2.4809210181584063,-6.20202055212415,-6.755422376051085,-9.377433138353933,-8.927267720546604,-9.200435168536007,-8.619588932992107,-8.802771378833311,-11.059827594080247,-12.144483561955461,-11.182180280768707,-10.063635990524855
-2.333655218419463,-3.000295091437301,-3.721465031945236,-3.2422127662198763,-3.004164042293218,-2.4046031597256237,-3.271948398071147,-1.8458224284166813,-2.9232797974399274,-3.7667618415961535,-2.2503588505409144,-2.7065728330041905,-3.96248481104576,-3.663007933304975,-3.100027056465825,-1.831097176497882,-4.417725575794423,-5.300800404339745,-5.254434515486098,-4.456505123260044,-3.7079366477793965,-4.003632225552699,-3.6061245293496182,-2.527557720700777,-4.024418616111244,-3.28436531901151,-2.8275744262356466,-2.0259607886359006,-3.0374277471653244,-4.155410973996183,-4.963167640253256,-2.5948734515707446,-4.557387593876179,-8.996497337729636,-6.1116044677519294,-3.70510229265515,-6.037894254322342,-8.21659987877233,-10.52197572076579,-9.483160394462955,-9.425651437285634,-10.00915032806182,-11.132718791767418,-13.370998528243963,-13.002042552439065
-3.007682569654694,-3.2071167289558375,-3.600816951130106,-3.866597617157739,-4.0347206150078065,-2.812064958364198,-1.959486168046491,-2.436287500708059,-1.9255053596104243,-3.2488844171275555,-3.4121145045125463,-2.165081129096321,-4.72399162493684,-5.660791046959527,-4.67047168460233,-2.969005184026755,-3.940619275890562,-5.943050375265874,-5.4657944497682855,-5.081850182949928,-4.656681267810865,-4.3465400592904375,-4.369466507211439,-3.397593562915577,-2.5592779781194617,-3.0222563960796114,-4.3114468222638855,-5.4477966035409375,-1.927206898606189,null,-4.917248107549611,-4.247213760266289,-1.7375590779936643,-5.351181175128126,-4.798531519716253,-6.26741308977172,-9.142974251939282,-10.220998611431181,-11.551560701868524,-12.202780906739637,-11.939481837788769,-10.342866507071482,-10.118839230389408,-11.126477659850824,-12.421462049779144
-3.5681552824788523,-3.491283274492641,-2.5618643624292434,-2.4274842863423705,-2.3139927683514294,-3.9359754026493396,-3.577545788352184,-2.0481712773953427,-3.2377624962059612,-3.6093734810944005,-5.702472027245135,-4.955537053623391,-6.142530554602396,-5.910864947342236,-5.401197599097639,-5.38388284993928,-4.287138301358661,-5.480744705959271,-6.989209839351528,-6.95049427813217,-5.856255011940281,-4.745090177746441,-3.0451056318686915,-3.675238872667003,-6.11101088730977,-4.486076947218743,-4.327864566559896,-4.904014690720143,-5.322604050985521,-4.056780948001651,-4.681506380157547,-4.228153978082146,-3.4339214600393486,-2.5932051575522532,-3.005154775225695,-4.80205749027971,-7.429198568959038,-10.192705397088902,-11.172841948125727,-9.790579954281444,-9.10590342119563,-11.821187274761503,-9.80391128599495,-9.929503340055767,-11.296623157058509
-3.594163285706453,-3.3412148239199704,-4.026696067439191,-4.169449395207394,-2.747961051837426,-1.6821397637202606,-3.695791850845951,-3.042822431145198,-4.083137599847125,-3.261579261784455,-2.7631555688516687,-4.718061214552431,-6.7989699184912125,-6.715174689140234,-7.00913595027514,-5.653090467880274,-4.715187455535403,-2.1750981660991098,-5.98842150336166,-6.5196788604821885,-6.02868394180449,-3.8686047664576435,-3.709157848136318,-3.42954495464677,-4.212855128456527,-4.528809513329865,-2.440834359305877,-2.340619608541455,-5.429911861142372,-4.7866741482872746,-4.868856411960723,-6.2111914027847055,-5.1049496568300405,-3.3879399867962006,-5.4408406473143875,-5.420284383223996,-6.721574947356942,-10.59551027514301,-11.494434089962303,-10.22349723145611,-10.063865272472704,-10.38104737893438,-10.757584322629477,-10.334710744329525,-10.611358281750915
-4.21136053869756,-4.103500723702908,-3.8661415372827306,-5.322650076149159,-4.794150549988419,-3.699359639496907,-3.456988611727251,-3.038520491249379,-3.9165732707574783,null,-4.796477638720289,-6.541398204112854,-6.052132392523859,-7.145678263654542,-5.42761189554728,-4.746495465189856,-4.0238986990791785,-3.079021217392152,-3.0840957514266547,-6.460055193209106,-4.6634346087429694,-3.699404915474028,-2.848125987457296,-5.1251610968952495,-3.7167549762307153,-3.368026179890337,-3.1777513098994508,-3.1069025821142384,-2.270837957554004,-5.935475591477458,-4.8095704952949845,-7.705681392455796,-5.712093511533807,-5.102751737346736,-4.0940502866468895,-6.5631713414820965,-6.445951955383044,-6.208945250431157,-6.130008524761337,-10.993243860346976,-11.16426921482605,-12.441671952029791,-12.290373834091854,-10.233957660605666,-11.208597659156354
-4.304577286835135,-3.8972230059472563,-4.478577731266563,-3.393894532223568,-4.937143609809894,-4.7043159346837005,-4.552929823627507,-4.792600721057592,-2.790368228769116,-2.520894072917992,null,null,-7.483347238452684,-4.965753254111871,-4.760435158915711,-4.614639531002275,-5.078739033282174,-4.564858899221322,-3.8342101899704213,-4.887791660021198,-5.913177786329676,-4.6357371789904,-5.5431566605412055,-2.878427271257416,-5.724615517577934,-5.544131551672383,-4.556526045243043,-3.6338550539014554,-6.037965790210003,-5.828030868151234,-6.299413828881958,-5.196164039416324,-6.87639312768026,-6.963744051716871,-6.323952330673912,-4.942863764050867,-5.432453509578564,-6.331395973913383,-7.3236799020963,-11.7432459274384,-10.004794430215531,-9.871262286493842,-11.297906321930673,-13.423967957194755,-13.526227585431277
-4.38108131985013,-4.24125030368466,-4.174947869370969,-3.5235995527204085,-3.3586016088754245,-3.922163837795403,-6.323445987164913,-5.448356282237945,-3.8600239051577345,-3.3139475759061554,null,null,null,-4.806528364105855,-5.757065685524742,-5.812039942468062,-5.448463529135893,-5.157296991260084,-5.328882603905303,-5.807145009004072,-7.933355558243021,-7.094459376470078,null,-4.363679492883779,-4.534270519748491,-6.319264418716411,-6.338067067018508,-3.983657377442383,-6.497601631335574,-6.768136635643768,-7.2042324351131475,-6.993269869509197,-7.069209245592963,-7.093920148809737,-6.374450663949895,-6.262311458773682,-4.662517404430406,null,-5.807410771763723,-8.757917190727369,-9.965918421910454,-10.172103968574381,-8.771013371237519,-9.325645560712484,-11.211917348502936
-3.0279239672731744,-3.2520812759549136,-4.192178426470711,-4.523942839621398,-4.150425193956917,-5.1356927008055075,-7.021189780517933,-6.411318000906863,-4.423642526626833,-2.462976481363024,-4.673957952069971,null,null,-4.540136635940323,-6.844226659756823,-6.637984629123654,-5.796307350351202,-7.455308291725271,-6.000541265844801,-8.146634152349547,-8.787052897680088,-8.637271302202201,-6.104620170061676,-2.6214789884598444,-5.504499512344122,-6.819613934540865,-8.931772732943259,-7.923591516048586,-5.520042833345424,-7.277804800547267,-6.066772876536957,-7.534172150440153,-6.325418154317635,-7.67894107434621,-7.659407587260471,null,-3.007266389227835,-2.874706052637076,-3.9164494376210697,-8.405236388515654,-8.781231469595488,-10.857150284690995,-10.180740497475771,-10.137212419913686,-10.080172020394489
