public/json/wind_2018-09-1521_700.json
{"header": { "discipline": 10, "disciplineName": "Oceanographic_products", "center": 0, "centerName": "Ocean Modeling and Observation Laboratory", "refTime": "2018-09-15T21:00:00.000Z", "significanceOfRT": 0, "significanceOfRTName": "Analysis", "parameterCategory": 0, "parameterCategoryName": "Currents", "parameterNumber": 2, "parameterNumberName": "U-component_of_wind", "parameterUnit": "m.s-1", "forecastTime": 0, "surface1Type": 160, "surface1TypeName": "Depth below sea level", "surface1Value": 15, "numberPoints": 4800, "shape": 0, "shapeName": "Earth spherical with radius = 6,367,470 m", "scanMode": 0, "nx": 80, "ny": 60, "lo1": 109.0, "la1": 20.0, "lo2": 116.89999999999955, "la2": 14.520000000000117, "dx": 0.09999999999999432, "dy": -0.10000000000000142 }, "data":
[rows 19 to 37 of 60, columns 0 to 41 of 80]
-8.162591879229819,-8.060876436980424,-8.090324290969281,-7.800629850867181,-7.3806198062075765,-7.317155685696731,-7.674307223590474,-7.622420494223858,-7.629011276696353,-7.427429946378574,-7.548914753304528,-8.86250137500229,-9.179025892963706,-9.793930525724452,-10.370001043737673,-11.00169749197827,-11.415783446041313,-11.349180888078033,-11.338425274265681,-11.852375070672897,-12.299956367727091,-13.900689693098546,-13.548609293632929,-16.233981458497304,-17.300345786209242,-18.415002562704714,-18.507029321118722,-18.553922463968604,-20.635988378279148,-22.165208832704682,-23.04675778174844,-24.303928892383073,-24.67528565268454,-24.20431258917883,-23.19891825055797,-23.62455916944234,-24.251761249794466,-24.22493967758975,-24.19982702450501,-24.94802068499014,-24.479036533099205,-25.949937024371835
-7.949073113298338,-8.500260455785316,-8.390386521250033,-7.518887873312438,-7.276440582233388,-7.66877514222174,-7.611749466609829,-6.840512208350298,-8.424873913840436,-7.889798631302722,-7.385046351917104,-8.443509161386388,-9.162571541077321,-9.73835022979096,-10.396127894058774,-11.05348029085335,-11.982171876821253,-12.061176444655693,-11.891698370736957,-12.596067525467042,-12.640085560254109,-15.264510173200089,-14.281199790938157,-15.539641723227732,-15.978034210031517,-17.842429935854327,-18.596333746803552,-19.353080999448313,-20.429169462353094,-22.208495898068996,-23.353727239675592,-25.02121578155755,-25.138707478697718,-24.515380123136335,-24.105905266580873,-23.79984778778759,-22.90973195158739,-22.29650812543986,-23.12498002196645,-23.30604828137182,-24.191681106792792,-25.757881575976604
-8.86043420183065,-8.436728360529706,-8.393560870531854,-7.952700743912033,-7.499551521883307,-7.369990729271543,-7.116320623292429,-7.153350160270293,-8.86336053875868,-8.25647945303866,-7.747267070204556,-9.19050487249092,-9.619738741108032,-10.070030978064125,-10.757240610866893,-10.927267834932026,-11.886509714373322,-12.13948063112276,-12.969893333960608,-13.77458293276749,-13.42425527153112,-14.124730819594795,-14.524979428753836,-16.03637264526526,-15.465188648973985,-17.012137794742756,-17.9285467560071,-19.251024059213062,-20.134846013690574,-23.200556276275673,-24.526009136172934,-24.062298926751822,-24.948529363357274,-23.955785267154912,-23.585488874665117,-23.70627034766514,-23.543782311724634,-23.523893141769175,-23.902642412446397,-24.47938745745687,-24.934599497605333,-25.153394177353903
-8.72028714739676,-8.758633034860795,-8.970297476528557,-8.280612455098066,-7.6658540490000595,-7.732356396034203,-6.326564358255147,-8.990649081589938,-8.320481103922242,-8.4230708885721,-8.24001577281538,-8.887130585751704,-9.565366677174765,-10.130797491282745,-11.039423315229927,-10.676545499934397,-11.943246179982957,-12.005923636521473,-12.75970590045624,-13.206295616291234,-13.464189906551166,-14.727352093200224,-15.900588311780076,-17.00015550684501,-16.893940763867,-15.229864237931865,-16.769931265440896,-18.985613418327485,-20.12154259149249,-22.518893155969607,-23.293456500418895,-23.19052125005259,-23.30342620312834,-22.90237224549849,-23.345209638841137,-23.49696968825064,-23.096579352152503,-23.33914577345333,-24.094646664003555,-25.5345465200723,-25.39024768299742,-25.76599413895145
-9.069828128694319,-9.180978140789605,-8.95697733013348,-8.496805047710529,-8.22899983023924,-7.762841542196201,-8.272662898285388,-8.664862559695544,-7.998385329178851,-8.514362609784321,-8.629175228043357,-9.276717586820196,-9.444196522378352,-10.116841258052322,-10.98808182453789,-10.035193762761185,-12.166870297370117,-12.354748130003202,-13.439609447544473,-13.716436764533789,-14.521989897645646,-15.054426145192245,-16.739571123755784,-17.310441495003367,-15.726095973764943,-16.215212564986356,-16.609171546193256,-18.190128128243128,-20.192428398863466,-21.396641357260084,-22.648216402438983,-22.591396499576987,-22.796110228174825,-23.14398736425973,-22.992634135074006,-23.046488894039296,-22.122314613750973,-22.290086473727225,-23.699658819400426,-24.78466115113514,-25.451958889666688,-26.036937097068247
-8.974648816226605,-8.771409430840551,-8.781894886194356,-8.843788895305941,-8.458855896212775,-9.156580659277695,-9.057354578563052,-8.418376606470352,-7.690715137463746,-9.66692848665102,-8.568899122404353,-9.189389404372413,-8.758887466290595,-9.711744522820519,-10.154621558564362,-9.824452115275001,-11.823438179464597,-14.360062478341174,-13.118762570204801,-13.301560662956865,-15.342474945963627,-14.634794241050681,-16.277897318973,-17.005878857739976,-16.608591710565236,-16.317959491522615,-17.5013250871575,-18.23120702127114,-18.618550520971226,-20.953627324600316,-22.249559071164192,-22.491657054642904,-22.908480558204698,-22.524883268872188,-22.546473875764597,-22.675353208419995,-21.905537447203454,-21.12296133754132,-22.704821862972164,-24.675497555176932,-25.29667494808823,-26.052632605826833
-8.71401604994048,-8.645542916757634,-8.637159824417184,-8.674843866449702,-9.26660123045078,-9.271421287995128,-9.822951197609413,-9.274439315471025,-8.93555436756723,-8.844668619737682,-8.813716786238555,-9.563199430199845,-8.717112759099926,-9.274074560538782,-9.507905156015074,-10.505283432894462,-14.110106237124654,-13.006985990052089,-11.545552965530186,-14.038416963875951,-15.091236613555706,-15.377290093781655,-17.60862795980629,-17.154612971425493,-16.6003386158511,-16.97302637595285,-18.284491527240302,-18.13317394708316,-18.617442285339976,-20.544154057803006,-21.13825591719325,-20.9496502249468,-20.3710549983222,-20.892651307298383,-21.519381928862142,-21.867120753268523,-21.548259202504145,-22.050455686546233,-22.371906304271082,-23.495382457272143,-25.164588748665707,-26.851683732019968
-8.695989659396538,-8.6966790176048,-8.449577514023687,-8.657794678130418,-8.658916215068224,-8.420875559788826,-9.458371975131227,-10.590352471290744,-10.188534287425169,-9.329707478735333,-8.699770372743163,-9.708738217890561,-8.675739086855337,-9.649453362095512,-10.006080174721802,-11.640892623637669,-12.829922560878357,-11.968004385677672,-13.314295366815125,-14.959908677855593,-13.587628305672599,-16.130052543661513,-16.806682825580403,-16.558094196714805,-16.481285836633475,-16.824576880224317,-17.362373362248366,-17.694967633548504,-18.486741305318585,-20.17898155689251,-20.742305819310495,-19.95213692203488,-18.972464699986222,-19.16604435138771,-21.21175300910472,-21.603415048258817,-21.77251697090759,-22.54787084644358,-22.574839889008743,-22.48515221163157,-23.186379409879834,-24.760173823638645
-8.755688977995689,-8.673657287064808,-8.405847594008023,-8.254156067414746,-8.288896858107325,-8.685010694890732,-8.779275381218739,-9.786919516629384,-9.573278932878178,-9.752482349220143,-9.834901762495369,-9.142528409978937,-9.032182404895128,-10.452193418368,-11.106414090213043,-11.70756561383752,-12.02838377243689,-13.198182191369602,-13.625206823001145,-13.591512944640396,-14.54918930203275,-15.487649302544863,-16.18522484132465,-16.14848138589597,-16.596239591978875,-16.68245223988471,-16.560648499934356,-17.166967583633756,-17.369691119568568,-18.322027791398405,-18.457273672190055,-19.124931776787477,-18.512221222500624,-19.85602352570793,-21.010798446908947,-21.440929543778488,-21.7899157767474,-22.485053479398704,-22.510131294307254,-22.895193558445175,-22.993159755286797,-24.033935025484062
-9.178039358888823,-8.475251902582794,-8.103457758956573,-7.615198978032035,-8.536861101525021,-9.005419257715511,-8.796561725545743,-9.50355858640146,-9.817458215499713,-9.575474479149998,-9.465722359263316,-9.56610543360736,-9.554630695370754,-10.176536417118488,-11.457981758804646,-12.067194050873859,-12.595019251617815,-13.528407713152548,-13.038197314861728,-13.972568128173878,-14.601064320846486,-15.09245625111309,-15.640786677598545,-15.44895621038216,-16.068167667105286,-16.883947211233703,-16.407025616732263,-16.963685148205336,-17.167742577212046,-17.4234492113746,-18.63525236107727,-18.97553785286069,-18.177060718883137,-19.28935139346257,-21.042756696537815,-21.806141527508583,-21.695731778856445,-22.45400412596975,-23.39098472121612,-23.2148426248107,-23.795702626003635,-23.906928581655635
-9.513850056658956,-8.123102105999639,-8.510264308019929,-8.349219675599622,-8.919006344919737,-8.976319284487902,-8.972664763272181,-9.223256348066734,-9.829557547208312,-9.90650212237842,-9.902523382402808,-10.136141162414061,-10.829107054177225,-11.439315244456237,-11.858237788006477,-11.910541422095443,-12.58302239944447,-12.832992736219353,-13.29322440695744,-13.67392974006588,-14.540296348225706,-14.349839077611506,-15.254322388098918,-15.55835007470358,-16.556819834609357,-16.233215821190896,-16.96272224863347,-16.219888943224674,-17.68542315441215,-18.540278635179796,-18.449671332090432,-18.8142173822379,-18.20448364336559,-19.2298255337796,-20.802609528290226,-21.75530845103725,-21.495860837812934,-22.879233052973532,-23.807507587217458,-24.25857783706059,-24.431157815750293,-24.59062593881216
-8.891863092924337,-8.361532659752605,-8.197599738773626,-9.512241254703161,-8.826153460151767,-8.262692403651581,-9.14401395819764,-8.891294294599339,-9.764789369938303,-10.230630331042839,-10.191697288128324,-10.404746154396786,-10.838306265270788,-11.23592710556549,-11.77985525643549,-12.3939713726696,-12.6923553626678,-13.111685975053756,-12.92831744001425,-13.448282040597626,-13.261104825830477,-14.737293743091323,-15.62840442288499,-15.681110628758455,-15.845301876616162,-16.724290956007504,-17.22309225499707,-16.690666596970637,-17.86972712761499,-17.86544927087018,-18.301195849752744,-18.504334586300494,-18.110996242174785,-18.35118487761381,-19.897522254583173,-21.402067313921023,-22.76759661920729,-22.595645337568094,-23.999338913231234,-24.648654518117034,-25.41321551202028,-25.319231178949895
-8.863036263489919,-8.447073717779038,-8.202894166933321,-8.426054322501072,-8.268871681521397,-9.711760539485876,-8.919064788907143,-8.99072142829849,-9.683619753874554,-10.170958360864276,-10.140027144171391,-10.47074220383338,-10.735554071168526,-11.14506529665816,-11.4062231714176,-12.480810684005407,-13.12177474591757,-13.307275171181157,-13.167222666978423,-13.394907813758596,-14.451208268858693,-14.586938904138835,-15.131366254511747,-15.287231018592442,-15.860136569158154,-16.786299615197557,-16.97650894435781,-17.2943490120673,-18.363038541440723,-18.81425459246343,-20.13948864289913,-19.372935028275265,-19.438132764148758,-19.04315537393143,-20.216206490360833,-22.334850961874366,-22.21406736013335,-22.237762120932974,-23.821356995544242,-24.443934899789724,-25.26368713643583,-25.592306225718016
-9.124494849699284,-9.194404739430668,-8.11077388256516,-8.92621828951702,-8.653426365198392,-9.204301043081133,-9.867509755366113,-9.258069418219048,-9.497998197079626,-9.873602098710844,-9.639150388257171,-10.27409417437478,-10.628660387806915,-11.236557587862748,-11.699553696404953,-12.804242173328234,-13.376858279692097,-13.975277852231034,-14.0481659652383,-14.07414312968404,-14.532774329421544,-14.571793627595207,-15.292923342600124,-15.231681500010763,-15.347840733429392,-15.723714985072725,-16.093237547267638,-17.228738819809156,-18.60991218183029,-19.189059123226226,-20.26523863876911,-20.077555069796446,-19.855260895613306,-19.71594215562026,-21.185586593984613,-22.357730875597177,-22.717063265270944,-22.779906460226044,-23.742341744167465,-24.222236717740614,-24.847712955178068,-25.13145396392767
-9.526107910206882,-8.610616028152787,-9.000091468768792,-8.819065187721858,-9.546178804900178,-9.53755760025737,-9.542717776120115,-9.442306226954228,-9.37822432307967,-9.52904961105964,-10.477124475119936,-10.635482196696014,-10.43089347626318,-11.075812044144618,-11.64517461539439,-13.062534935761065,-13.488209262840982,-14.412592593274638,-13.968717390027795,-14.855441196681612,-14.862068524336225,-14.661222332862788,-14.67074514639216,-14.993603777090604,-15.437819044711311,-15.531960474001133,-17.0455861865779,-17.13672383487058,-19.3107464072275,-19.78471316143868,-21.666976518729356,-20.63296926359199,-20.445041189463872,-20.671817913342792,-22.57094927669006,-22.82242988038733,-23.311631116901285,-22.961002170603948,-24.223867338421282,-24.392585900437297,-24.592243619450766,-24.902042710266375
-10.211444374234635,-8.078384339102753,-9.738501933232623,-9.603252025641911,-9.664371595855387,-9.624976598453289,-10.062429243350234,-10.060111651259206,-9.969496499726949,-10.057818381484077,-10.517060441542815,-10.629245986067179,-10.380183983479276,-10.949545424897991,-11.392438770400982,-12.704408932181853,-13.5241611446992,-14.21127235108939,-14.17941974285412,-14.186596170267933,-15.354456857870773,-14.998333827990297,-15.296246902841688,-15.4072849926485,-15.585389179887386,-16.275403356835266,-17.11523188323835,-18.223891615065646,-18.548465513462386,-19.408310846728636,-19.77767063161428,-20.73634660101664,-21.123975005832413,-20.54357384287432,-22.820389900169857,-23.27573744587899,-23.16844394181231,-23.463803061254463,-24.415252397389562,-25.300764362092206,-24.285335027888415,-24.427866209894354
-10.973295969291017,-9.569100727298872,-8.323052389296887,-9.927730130306461,-9.560301889824581,-9.787778163660331,-10.076927187601093,-9.902160443560819,-9.652463253345427,-10.134544261337936,-10.289653681687174,-10.893966449843047,-10.62034118188408,-9.872123934008814,-10.693984036752157,-12.485191260016455,-13.756857172502365,-14.341789031505375,-14.186744694157188,-14.494619899937621,-15.820744956546124,-15.707047749427412,-15.336249291604757,-15.363835388794925,-16.524865378345016,-17.863321016390273,-17.546106879455035,-18.656216786825397,-19.28468104840874,-20.288486797027822,-19.653977195150762,-20.968126015681843,-21.34720897514341,-21.266140806430588,-21.968261094652327,-23.71923212483638,-23.537835808088683,-23.789342464181352,-24.456206027194213,-24.73111364808458,-23.82405421512356,-24.47565184009425
-10.583379375624343,-10.972577629033138,-9.908894251111358,-9.014055702796734,-10.136701819575805,-10.208726296562965,-10.165603171793858,-10.306910432586063,-9.232358306165352,-9.62971643403743,-10.105853781756895,-10.891598309200077,-9.818877042110518,-9.148643539283311,-11.576230625400424,-12.681882087525633,-13.465914258820405,-14.15740262108473,-14.528194745625859,-15.644604038386074,-16.114022888371167,-15.186226567352577,-14.257685831423112,-17.058943143047333,-17.873235723133742,-17.987213558611433,-17.675453672640923,-18.756207039313832,-19.749910544710566,-19.477992207998085,-19.208029056398065,-20.370644261168422,-22.037810318113753,-22.267461813912835,-23.379502643708772,-24.31778104541435,-22.913559526190223,-22.80917468958836,-23.519953583086828,-23.708675544850784,-23.481374294041057,-24.188176642040684
-11.775192617416893,-11.884555762718765,-9.941129094965111,-10.458311887660845,-10.590856677701225,-10.61980193697396,-10.329836094151592,-10.251547138421092,-9.940574068396934,-10.652836535550708,-10.880982370577316,-11.544136733562064,-11.030326303372066,-10.800117198189703,-11.470043109874442,-12.372427363813465,-12.849884500659577,-14.089643627574302,-14.598332775749393,-15.284911006508098,-15.239377733899762,-15.12489004810068,-16.0007323594553,-17.6479077806266,-17.425260139231614,-17.460567958323406,-16.998519841973078,-17.648761426086033,-19.022131540116284,-18.587590320031907,-19.573993886624002,-19.895083283307255,-21.871852226352182,-22.616087841906424,-22.840801954177675,-23.00181937718043,-23.16861838259414,-22.79703730177588,-22.039824381548044,-22.891756414104382,-23.442581548981853,-23.908510084279246
