public/json/wind_2018-09-1523_850.json
{"header": { "discipline": 10, "disciplineName": "Oceanographic_products", "center": 0, "centerName": "Ocean Modeling and Observation Laboratory", "refTime": "2018-09-15T23:00:00.000Z", "significanceOfRT": 0, "significanceOfRTName": "Analysis", "parameterCategory": 0, "parameterCategoryName": "Currents", "parameterNumber": 2, "parameterNumberName": "U-component_of_wind", "parameterUnit": "m.s-1", "forecastTime": 0, "surface1Type": 160, "surface1TypeName": "Depth below sea level", "surface1Value": 15, "numberPoints": 4800, "shape": 0, "shapeName": "Earth spherical with radius = 6,367,470 m", "scanMode": 0, "nx": 80, "ny": 60, "lo1": 109.0, "la1": 20.0, "lo2": 116.89999999999955, "la2": 14.520000000000117, "dx": 0.09999999999999432, "dy": -0.10000000000000142 }, "data":
[rows 0 to 18 of 60, columns 0 to 41 of 80]
null,null,null,null,null,null,null,null,null,null,null,null,null,null,null,null,null,null,null,null,null,null,null,null,null,null,null,null,null,null,null,null,null,null,null,null,null,null,null,null,null,null
null,null,null,null,null,null,null,null,null,null,null,null,null,null,null,null,null,null,null,null,null,null,null,null,null,null,null,null,null,null,null,null,null,null,null,null,null,null,null,null,null,null
-5.763438222494967,-4.327162066180816,-3.752530948155413,-3.2962405861166717,-2.9924965406236383,-2.4409021211340063,-2.6827169531962474,-2.961117074732572,-3.264284836693287,-3.8160829203684585,-4.655280142280577,-4.908652351259814,-5.193510547087073,-5.188948561039114,-5.262358743793472,-5.724188286723181,-6.04370551893321,-6.020577778425263,-6.5501384432104945,-6.540344950410805,-6.707486350437855,-6.2136316619196865,-6.898317766723787,-6.390380296914069,-6.645301853747036,-6.603820638988585,-5.733601485194429,-4.776666874537517,-3.634438051153364,-2.882825161209488,-2.3533270124495456,-1.7826491486547051,-1.7595455189314433,-1.4058594294843252,-1.929252869973098,-4.841577828672056,-6.473352709724736,-5.978373361519378,-4.781704653401504,-3.858192274941522,-4.596438860330648,-4.22888356398981
-5.716379164502838,-4.45077872925936,-4.207207247238766,-4.143537022263339,-4.0840233306386065,-3.325689771694153,-3.8011207060420658,-3.5207659892221,-3.293067013481637,-3.2226074660598174,-3.1971953856049,-4.164813982942541,-5.504000563450707,-6.095508988051057,-6.012962994324026,-7.293098415042433,-7.582190858906679,-7.731417876577992,-7.62196262630558,-6.795000586328406,-6.9143806730501005,-6.346396004333293,-7.330704086983095,-12.186732019148984,-12.136300140911437,-10.054209052939985,-8.313468774384877,-6.888345344836072,-5.377927176733475,-4.026649081497811,-3.1209907799338366,-2.482406599328023,-2.131652419414977,-2.37754496666585,-2.216771637228659,-4.489455017019769,-6.196349051195847,-5.116850683070314,-5.210569076488637,-4.0373164064156315,-3.188601891195143,-2.808119887072273
-6.030293717344107,-4.918753099953155,-5.147285344632119,-5.129261519386257,-4.818795997148977,-4.714534296642484,-4.398190538846059,-3.863528972704542,-3.6215842414884243,-2.9952978286160543,-2.596671184598239,-3.8435266622739066,-4.447809873272679,-4.978183977701924,-6.621155276312031,-7.6763365909739045,-7.680473120551762,-8.207155715599264,-8.224985455323854,-7.363503280132172,-7.017904621300119,-6.22734007624512,-6.002340171997897,-6.650409753311392,-5.870745300817342,-6.073201404205156,-5.535068845911841,-5.091820614599678,-4.913854443736344,-4.11131656135618,-3.6792988008959684,-3.3413273246236255,-3.437875564576709,-2.7308358860502397,-6.168690942568447,-6.458240296891904,-4.850247583113035,-4.331371324432957,-3.1422999062480534,-3.130548686064933,-5.106547575193616,-5.096642428656654
-6.319754354641619,-5.613732491075351,-5.7473734039286635,-5.877268202330885,-5.935415926962923,-6.126887557188841,-4.837543544881077,-3.9756612406110787,-2.7775697524666976,-3.351514459380454,-3.8041587210366448,-4.789418158441608,-5.957005763454024,-7.802509453543964,-8.4279909393493,-8.246613337296237,-8.336727908253067,-8.89717168570363,-8.888305697837115,-8.738303373117631,-7.5783717628909075,-6.606730655850507,-4.920712704374861,-2.719528788951574,-4.411785828186391,-4.503345876532656,-3.981639632092868,-4.448531129541036,-4.255690047367877,-4.863371129288516,-4.5330078718970155,-4.871968282154589,-5.268029604870202,-7.000156834544188,-6.372014622426718,-5.156214526357875,-2.5716279986022688,-1.32344654767789,-2.3734896735131477,-5.119197368079267,-5.072132994428894,-4.180403332995145
-6.532924121962615,-6.036710763114947,-6.283607496595087,-6.574094551542687,-6.511692213850668,-6.519832152172274,-5.743840975940932,-5.188636291092516,-4.198489768249817,-4.333476418791291,-5.326960010005802,-6.553761900756812,-7.704271867595174,-8.441101038844725,-8.8743939665873,-8.627634396286702,-8.981345216697433,-9.495636279166927,-8.987350994640424,-8.687444943477503,-7.746297303580891,-7.0350678110551605,-5.353807194816609,-3.6682569082237757,-3.952796644357779,-4.029012452923146,-3.7501951659220434,-4.125245793205291,-4.908961114051874,-5.358907700427628,-5.463747408671823,-5.489143523326591,-5.525152660600633,-5.026226699588174,-4.117937337307451,-1.8305750445108153,-1.6576438353240415,-2.4756639526605726,-5.177819688331554,-5.7726252737710855,-7.097766436903651,-6.533586861746883
-6.751372179685395,-6.456470570905962,-6.954221841792712,-7.1361165512636235,-7.48255662031756,-7.446017985376654,-6.752619004311222,-6.348653982266784,-6.0678406799149744,-5.662033597207859,-6.680077396767519,-7.249641727777907,-7.836586647999638,-8.752062647127687,-8.844086405135837,-8.77290015461187,-8.988954870456535,-9.69015559827804,-9.892616653510254,-9.63967851178007,-8.89590808646851,-7.746185689846847,-6.409323817496446,-4.990925038134062,-4.975077435022546,-5.131215002003686,-4.586622976925314,-5.03411240900637,-5.514506541492597,-6.0125089589619565,-5.379655144681207,-5.136857079512092,-5.50426437263108,-5.0814101078812195,-2.4411153513935258,-2.735422340195139,-3.2226060595865356,-5.114583511392107,-5.799686571713632,-6.7824927442662615,-7.350208633685235,-5.515429298779374
-7.156021783676349,-6.726143248133835,-7.416505731475974,-7.831546150665264,-7.9531696911633984,-8.17432490472535,-7.902167386553268,-7.2990752193995965,-7.43353662068524,-7.273174952728567,-7.126997048407103,-7.307819529690707,-7.685033399951919,-8.344977734392465,-8.933336768848271,-8.832649125308995,-9.425811566742734,-10.070734282013333,-10.725868134959718,-9.971852221790279,-9.182722076099594,-8.227683536829737,-7.210848409582517,-7.027996774436775,-6.354995290068241,-5.8897190286742696,-5.651575615309998,-6.458640921455606,-6.575037652557296,-6.4497109202350185,-6.671344012854396,-6.1983406711280296,-6.357503497061325,-4.617862254393797,-4.100724888087784,-5.6876225624585945,-6.113143689612574,-5.989328255527511,-7.116484565545237,-6.245461806549575,-5.8532118444474674,-3.8500725266725153
-7.231901557464284,-7.465001117219015,-7.499870854345568,-8.235856287618349,-8.477016715053711,-8.591790961733835,-8.482276368513599,-8.21232248959132,-8.79488549132713,-8.426904630823511,-7.415853217189331,-6.249587391252275,-7.3410893594101925,-7.970647293665376,-8.72376740501822,-9.138593970573083,-9.982278579286959,-10.569137959368518,-11.013419993841383,-10.290033527791424,-9.619184952162938,-8.45308874143839,-8.665022428718265,-8.393529486394744,-7.08904354342976,-6.872558546037705,-6.665774674625094,-7.005828023162625,-7.320404167313967,-7.4499217132702285,-7.423724041614317,-7.324401652433877,-7.216031211998106,-5.5124612855113835,-6.309190790146813,-6.447915680295507,-6.291776453382843,-6.226923466583058,-6.060263848085863,-5.709392239712368,-5.746032613351501,-5.083779212369876
-7.586792278348279,-7.805375566162597,-7.928671093976101,-8.40871563425722,-8.668691860483381,-8.943922721926349,-8.558572127177673,-8.291253787374472,-8.66133876701609,-8.213413457633216,-7.765476938916917,-7.401353020470609,-7.604773676237331,-7.943230739607554,-8.620938529205057,-9.407915246279588,-10.526568458433385,-11.202675136552886,-11.137236606701233,-10.803207312708025,-9.792755755976714,-9.082697109451061,-9.772119527530784,-8.74030035209197,-8.05472585699818,-7.853290809782166,-7.838187738012668,-7.799121412649718,-8.097197709892953,-8.354793342880058,-9.180943141277245,-8.782049737861461,-7.873855289904549,-6.231669976078209,-7.100397297110567,-7.63145718831029,-7.589469827659998,-7.577656630836845,-7.366406374700405,-6.569919814093591,-6.8814699901091965,-7.075509757591335
-8.012902488679163,-8.091958928308728,-8.222302424531062,-8.515947180567137,-8.849366815410251,-8.85558059320173,-8.616833283689505,-8.41873564339834,-8.635547979781496,-8.00273050525178,-7.601773995783619,-7.911412129346925,-8.26322061078569,-8.203272302339693,-8.654304499488406,-9.78176133438598,-11.229431841068518,-11.94647096472617,-11.585393034274924,-11.20941198880594,-10.467955594166297,-10.189552342238681,-9.893443189018154,-9.737997367885908,-8.746372120971344,-9.018207079372129,-8.573596548926757,-8.800310599857383,-8.781550699940624,-10.123610526768115,-9.998412746362803,-9.288568993551847,-8.326065117714855,-7.205797732743321,-7.865198893674856,-8.343682678232035,-8.49108270536309,-7.994410093136719,-8.40994516855073,-8.534936259174382,-8.861491399076863,-10.698646654663076
-8.50482680490954,-8.540477736495783,-8.414407412641992,-8.607582581984692,-8.630277094074318,-8.848812501908608,-8.644567110253695,-8.665641024758335,-8.747768203395399,-8.466941036259591,-8.96160024967781,-9.245559616160916,-8.871980842973457,-8.689102652100058,-8.899928478288981,-10.633867495449266,-11.315051466535083,-12.503493989090465,-12.086481529657048,-11.384211151190716,-11.422280867696678,-10.800239922651697,-10.670280402179891,-9.850474207879836,-9.895425037236448,-9.472862789192302,-9.48498431230308,-9.843619150482139,-10.33768860468651,-10.755245836485557,-10.519994562832187,-9.811191689092043,-8.649025925789742,-9.058546481246154,-9.171405248134453,-8.859833277391584,-8.979142767187971,-9.454888987790973,-9.651703947078921,-9.992318998214737,-10.806922752125026,-8.172115708600797
-8.456615108076798,-8.803621367900863,-8.714995072999706,-8.740452104883556,-8.650079145116498,-8.993868244889072,-8.888311845957254,-8.857930243926148,-8.885266694493252,-8.917002165613031,-9.508889828791931,-10.042697902506182,-10.013221275671539,-9.55636324801052,-9.685667392922005,-10.442490140064557,-11.224166622753863,-12.074993431681541,-12.223844263831243,-12.19411912880928,-11.555020397959193,-10.564294033329277,-10.947433680646116,-10.043181246151999,-9.547424161120773,-10.222540617061444,-10.874750547138113,-11.448116569493298,-11.795285088811477,-11.661090836019781,-11.579756949047667,-10.818426215389096,-10.287912631240102,-9.975374281140036,-10.272449011623722,-10.551290056118722,-10.498263168596303,-11.014812556945532,-11.19843704949183,-11.027790832054517,-10.095975415705613,-8.790226697596635
-8.944727123102401,-8.754175774462627,-8.858529042683541,-8.638167965501395,-8.9328862498801,-8.970443487103033,-8.94319309207698,-9.089456801069376,-9.363241939855925,-9.481182435886579,-10.235698354666205,-10.770385603584794,-10.637899271630541,-10.74059071940557,-10.84109011627842,-10.79789482755372,-10.724370172518315,-11.42178733601726,-11.739001417244555,-12.028671910776147,-11.911499810162056,-10.46767204602153,-11.092462894148996,-10.08053915907638,-9.725981668161849,-10.660035073031978,-13.05839415511483,-13.111113908396838,-13.124723036862186,-12.955305012475032,-12.537340883368806,-11.93186890324426,-11.527776816902012,-10.840451657730588,-11.655456764501027,-11.855632247768797,-11.919258239085982,-11.898718471001787,-11.972851139376658,-11.849027571776258,-11.658985920610421,-12.26572884328342
-9.137100116256725,-9.15144135200424,-8.858684322170838,-9.115126544120514,-9.036126423897436,-9.252532602373169,-9.029741375513549,-9.202671030285073,-9.157776036542998,-9.82117822373267,-10.621417819732885,-11.172363000792378,-11.35896689008014,-11.387126871722785,-11.785920540626785,-11.619399727286854,-11.010150167900962,-10.72350470588783,-11.383695479076385,-12.32896546373777,-12.145141636041169,-10.265510276869625,-10.334816842999741,-10.659509868780946,-11.229562120608191,-11.352013423656448,-13.007591531601062,-14.689228740804623,-14.372453967689335,-14.297690072832383,-14.042509486794366,-12.635572475162475,-12.432383564856465,-12.169161118237831,-12.85065294664063,-13.747327099098126,-13.276783970262443,-13.192235712618464,-13.048264636610469,-13.248738315383823,-12.571664245786344,-11.236027868793286
-9.609424291335039,-9.465921819948818,-9.417430278228231,-8.738289057714086,-9.180412281092323,-9.43648039217181,-9.452092899805292,-9.79774982097502,-9.233840362677533,-9.950166075460464,-10.748017639517144,-11.207157329226826,-11.496231013820772,-12.097415652018533,-12.18003995190766,-12.083487242974867,-11.963449917579764,-11.611837277144897,-10.98281528801743,-11.751903014763295,-11.982528245739672,-11.0984114048277,-10.875789346814946,-11.00473376902925,-13.09141780711207,-13.932721004926142,-13.742309565104808,-14.191443250450508,-15.328814520672328,-15.866372181735565,-14.738454988302362,-13.31543975447877,-13.385968985323169,-14.35992294022998,-13.722734363135604,-14.708859385781397,-14.346487975258796,-14.432113509022795,-14.278770722259823,-13.542958974642053,-11.64199160267088,-10.410939097092992
-9.859536864621365,-9.645919551439288,-9.572823528336892,-9.540081374237685,-9.705373661537056,-9.095091322204505,-9.78126495517282,-9.627659381533133,-9.813469294223955,-10.764195327847027,-10.618624381973202,-11.14900177635697,-11.534343704844801,-11.917515455119885,-12.435035168150389,-13.016331063522294,-12.559623518888689,-12.448042224363924,-11.768877772789677,-11.598146199675123,-12.170481825949084,-11.696317936898101,-12.832363599061319,-11.899903806460127,-14.546110632389848,-12.99200244227318,-14.487603905588607,-15.626356535439534,-16.057710968024384,-16.415763498238675,-15.60324785516807,-14.89345598353394,-15.127986257300444,-13.780170723181554,-13.626953481664176,-15.4745458729764,-16.047915690225974,-15.761040241833367,-14.992290217214254,-14.410470040098918,-13.408515518338865,-13.327664925424402
-10.504928436486388,-9.734944314543688,-9.955742215762166,-9.73837846791544,-10.11095056706029,-10.396751023254065,-10.31625754207603,-9.675314612747949,-10.912717133926815,-10.58307136855211,-10.597324710598912,-11.031598347122415,-11.238840090839297,-11.700963932840539,-12.732161486956404,-13.206393084056181,-13.088037540433978,-13.405596915041455,-12.623597347467209,-12.60461812452031,-12.702589109623505,-12.244505365192396,-13.628067774287542,-15.183829815297631,-14.221355414988983,-11.98076979350903,-13.712612987561405,-15.642638286052728,-16.231493484050603,-16.27378305817288,-16.55753939062588,-16.04676735256408,-15.899853218329039,-15.902506134149078,-14.75657231915642,-15.397010576191997,-16.169721682394893,-16.594494500022158,-16.921428358223103,-14.382922053668151,-15.959479270428243,-17.871448230671163
