public/json/wind_2018-09-1609_850.json
{"header": { "discipline": 10, "disciplineName": "Oceanographic_products", "center": 0, "centerName": "Ocean Modeling and Observation Laboratory", "refTime": "2018-09-16T09:00:00.000Z", "significanceOfRT": 0, "significanceOfRTName": "Analysis", "parameterCategory": 0, "parameterCategoryName": "Currents", "parameterNumber": 2, "parameterNumberName": "U-component_of_wind", "parameterUnit": "m.s-1", "forecastTime": 0, "surface1Type": 160, "surface1TypeName": "Depth below sea level", "surface1Value": 15, "numberPoints": 4800, "shape": 0, "shapeName": "Earth spherical with radius = 6,367,470 m", "scanMode": 0, "nx": 80, "ny": 60, "lo1": 109.0, "la1": 20.0, "lo2": 116.89999999999955, "la2": 14.520000000000117, "dx": 0.09999999999999432, "dy": -0.10000000000000142 }, "data":
[rows 0 to 18 of 60, columns 0 to 41 of 80]
null,null,null,null,null,null,null,null,null,null,null,null,null,null,null,null,null,null,null,null,null,null,null,null,null,null,null,null,null,null,null,null,null,null,null,null,null,null,null,null,null,null
null,null,null,null,null,null,null,null,null,null,null,null,null,null,null,null,null,null,null,null,null,null,null,null,null,null,null,null,null,null,null,null,null,null,null,null,null,null,null,null,null,null
2.109138264838205,0.9157713530566636,3.5010550036868633,5.459457154901509,6.86190095143745,8.261787483908428,9.656872985894127,10.91421060164526,11.054593758964767,12.459003562858474,12.822621032746195,14.13563522105769,13.550538165671847,14.920696824158671,13.12088707840551,13.445743775515778,14.462072778082575,15.663918555500334,15.857190726686545,17.159721173980202,18.77706476443577,19.796821269445385,20.33378752491359,21.06254479705433,22.354718065398437,23.76599541016452,25.089249393038244,26.25951509693718,27.18613360956504,28.14852170289489,28.152887611541676,29.013383597018667,29.549939250663563,30.0628155085739,30.742588829213453,31.73388112465472,32.56162246930856,32.491983127495196,30.92882598344344,28.939609893112067,26.61016709492506,22.260831948594298
2.244418456395123,3.4709602915840736,4.459241081858975,5.814281366669477,6.887013520587617,7.375613725941772,7.820279190963072,7.951317732350377,8.775518593384973,10.084324253941652,10.040338822832844,10.901799913871443,12.162890362234796,12.195581754531371,12.208646815070896,13.530111319072553,14.972387202862746,15.69724909442823,17.65844780330487,18.676655399410336,19.614555041027668,20.743464182095053,21.70976553093273,23.01599774868299,24.76279927132246,25.01550985696121,27.88181812471907,29.026818209994605,29.774072625704598,28.950404785010072,28.827945883455797,32.16642387549188,30.731003131665155,31.74055596634099,31.47988371143285,30.08896583743185,31.970234362740666,32.151894291593926,30.418820549120205,28.265809501266155,25.981748502781585,25.307200163043433
3.052428803886794,3.632003630984162,4.276437408178191,4.9000187809681375,5.427592919328758,5.7631382661268615,6.05899748349251,6.935507798316365,7.543671158312307,7.357185209655897,8.21225797953199,8.91405867291801,10.98259301432149,11.621985409280914,10.899071765015016,11.624912934859335,13.549520984763358,14.537728953030335,16.279372497295288,17.981575904635513,18.72003144521161,19.348922854250862,21.140676037027553,21.83677807863498,23.236287058972636,23.920094503096855,24.80996927073593,28.840526107021233,31.249983693937565,28.49249834551702,30.134771592212143,30.288863256548012,32.70600557200619,33.98746362450238,30.62987325861479,33.666808395232906,33.02326572294297,32.047567258370044,30.943047274686364,28.7338289354024,31.52491455144589,25.325327638245327
2.053736776517775,2.395442151357029,3.274801013848214,4.050917823269966,4.275323488019006,4.347482377997284,4.638584282681834,4.749125036091106,5.775020074271997,6.802350009984831,7.035654851485362,8.152925916059452,9.70124160640558,9.817698595002014,10.362692749347076,11.552346873474356,12.633290966779956,14.009563750716653,14.991702508332265,16.803734304306094,18.486284109503845,19.128213820048,20.780180954361,21.409435156285603,22.470419090338194,24.004713829146578,25.320694872205994,26.124657456286783,26.24540627426083,29.631135005324644,30.959760853697095,30.43550068619485,30.133338017164014,29.539940730401494,28.90317093997635,31.404881241294003,33.22029248477581,25.739448083226872,23.649042629707875,27.957411560703026,27.056923439506825,30.42372447693049
1.0944223585507498,1.814612688697727,2.2589364619666172,2.327849370639602,2.725266952420328,3.184679842490075,2.9198953800079344,4.7140006449169665,5.541032744486008,5.243747974702298,5.777407623686093,7.65135348479866,9.023271965978072,8.381834014442855,9.514198297043759,11.077165485991586,12.038548451052996,13.107600105406565,14.478138247501278,15.565458300160556,16.352024778740734,18.268527351758635,19.555123301252234,21.502448894133494,22.03189812315013,23.52199336027432,24.443296039096197,26.04030359554891,25.530935881961135,25.290235654353033,25.971808160342242,27.24085951518811,27.81350587590114,24.489215381262092,23.526334721170933,28.255253424476496,31.037671247138093,30.175637111796057,28.79914141494861,25.696811362795316,29.556101732144924,28.138181969671784
0.48748125831524014,1.0685331768906667,1.114318401059017,1.5042799180823947,1.998854392343571,2.201692485569489,2.948420555342914,4.2797496628544565,4.865356872703808,5.224928910337504,5.731731297381439,6.486224151547864,6.560312074443299,8.404079990128897,9.543619788322554,10.03601261037603,10.787370725007264,12.222092555256022,12.848632395432478,14.412883752517061,14.67769345403973,16.157276744442434,18.23648391393129,19.61380748120889,21.499477841459758,23.108868716161794,23.575434689849672,25.413030180025643,26.145328123371208,26.82114686307118,28.62991404823414,28.247844922297098,28.08008560021704,27.540071486598656,26.037079554318133,24.370020077181607,21.13566817588999,21.135408442971052,25.199252664821095,32.66817355894709,24.7076657106416,26.795966620852347
-0.38351141076921363,-0.04562532871744829,0.1193284946111967,0.57305334871795,1.0942940350085921,1.8298185037174404,2.547256038717263,4.079865448503752,4.522373870807282,4.816283163968573,4.742899439434578,5.773571807949905,6.096836345606615,6.873160272904695,7.616859833057381,8.074874207603045,9.92995346716066,9.464587193133042,11.479513368802017,13.060041781205438,15.56007976245092,16.603979663230454,17.531816651042746,18.285766636607672,18.96457864114212,19.848404794911637,22.148576126859975,22.911509228094463,25.05040454307427,24.947320439806667,27.13331611752674,27.444894586177135,27.313220846518224,29.172885268976597,28.150022145158793,26.8452162680395,24.95454841603117,25.628597112551354,22.11219885321075,18.597735663378366,25.792821376109096,26.49877728451055
-0.9106246988920791,-0.5321264550685123,-0.437423157214297,0.059350958166463984,0.8768248278292539,1.6308287766587588,2.279598791944664,3.2281862847841345,3.899690130782851,3.617403514949685,4.5788551329948035,5.036202559816564,4.9645144157958345,5.421970421463431,5.956167307932918,7.50136201530491,7.243939476420467,8.461408109666925,10.434615851666827,13.04143830147905,14.147223909541717,14.906749404649037,16.222931411934827,16.664094213705447,16.97468720432194,17.43905923221778,17.20599401147889,17.43652744979186,20.094073129302615,20.90977788812569,23.214386379700347,24.61176073445927,25.554083828079065,26.141969347190525,28.307666572537237,28.025585771441975,26.309075028575563,26.596380669973925,24.682690672307096,24.736278540229073,20.145464873317806,22.75473908528756
-1.788981225595877,-1.3434112861794216,-1.320656433960469,-0.7188386449237866,-0.07560822074923002,0.7749198051402927,1.3699233905288204,2.6376686986394837,3.448510346567647,3.0945681151891944,3.7864905273629788,3.6250525672517417,3.936555569412378,3.7376909983463813,4.614693592568962,5.097366469745296,5.414534964028431,7.31776114586389,9.83377146951889,11.716324669423656,12.603026616491132,14.036404190070982,15.165158024398615,15.275618629230493,15.736786970572135,16.0495414247843,17.306366542652498,17.349796290764544,18.10496812643599,21.39780196715911,21.24689600515519,22.692121436546753,22.858295181656736,27.446598796332694,27.62319652831794,27.10892993670671,26.320132358783297,25.08040155174378,23.57705933572567,21.44084951819565,19.29481195810813,17.40883044030105
-2.7007477807235496,-2.063955574610691,-2.0553546879705227,-1.475340424775605,-0.44632674175669285,-0.17827376857644803,0.603506458960801,1.5158741038218386,2.2961265751629374,2.492114003911051,2.315089025869441,2.048897700282336,2.2180611206089607,2.392212362578885,3.160205840096582,3.6071102761571714,4.599407089512354,6.166156900179616,8.025828256853437,9.651878920168373,11.501254584135323,12.84450423798398,13.154220194172492,13.539900826831044,13.968624429253806,14.476039347984887,14.813231583522454,16.057579523379257,17.16665416560651,17.700900806038412,18.48913170683305,21.636798644083097,23.611389771811268,24.391698999185593,23.861946189527444,25.13179217935331,24.572962890908336,24.109076451292037,22.311220277319855,16.81274355526843,17.491911992685754,16.076352432716668
-3.732235573523143,-3.000565146996369,-2.5625519411390307,-2.044801318786905,-0.9315659077494867,-0.6554076396983789,0.08163672703792318,0.5456573253513854,1.3138052845972887,1.2566350956087908,0.0040618069467478896,0.22212020629146917,1.3231422649853806,1.3689812897974347,2.05897425002184,1.708779322632103,2.7262605244114733,4.298119087693229,5.791573646861596,7.610130626437666,9.409766565092836,9.836419903096017,9.471072417560123,11.084320490433036,11.745242857880354,13.53559136094858,14.846199702040863,13.982850856891767,12.93597014066403,15.40126667230141,18.95317337813654,16.872145115538558,13.28966977102176,12.058412913947908,13.881547324431095,15.201121913862888,14.545303740005348,14.483503635281362,12.47115101919138,10.063798466639994,11.795263291796825,12.645935760443201
-4.667643274448455,-3.6227066368909657,-2.8190700197829313,-2.8260343028638713,-1.8392478672684789,-1.8547980317342576,-0.9223176221986136,-0.6828026879697336,-0.7959473676556927,-1.480928098498472,-2.131228181550453,-1.7634033360007058,-0.7744257443337527,0.3574651312699353,0.13643016032920485,0.3323810771087602,1.8446675972501856,3.891575011213534,4.945819347784165,6.110712100066105,7.476669649864102,7.572299836467945,7.7431593780244885,8.576788336183622,12.473178207878737,10.597807215595164,9.099857778560967,13.207296667559442,13.55800278997876,10.678532429748469,7.897735206145092,3.3897229041367094,4.297262289566247,4.4940804944606265,9.375950604625,10.341290941428465,8.032608823004505,5.875636288231326,2.6463975240844904,3.4091634346718793,4.07541853163358,3.5282056430756437
-5.405052633120892,-3.8159926778049353,-2.8356455316374554,-2.427378018455426,-2.211205523055167,-2.4212996754278304,-1.8668431106242211,-2.5713982967814983,-2.7599380281823773,-3.587739635666921,-3.837985985956159,-2.6005980368723383,-1.7215438883931327,-0.6783671866312908,-1.1316192812074293,-0.45254784185705144,0.6233094557886122,1.9398019968228004,2.398866495403335,4.291662254808668,5.3023787431063845,4.942863211097971,4.337139812171972,7.326396795233379,7.569068168463443,9.420344262768015,9.618182600002163,7.15640558595278,5.791700686275922,5.366613646393636,2.3550470949290365,-0.16153766530747687,-4.9916288642837365,-4.1121572421779815,0.12590656232483588,-1.1483565457337566,1.206158357945098,0.8838593288067723,-1.8798252437251668,-1.7229281874388378,-1.4430793033990634,1.8895841433892075
-5.445422276465369,-4.1544622495259595,-2.9373755708619504,-3.232145112149988,-3.089721482046138,-3.47535806019253,-3.6437446872626755,-4.358211422592717,-4.706629085877628,-4.4428231707648225,-3.9209758623025706,-3.818601597121222,-3.816590516543108,-3.159594454421347,-2.8530204955130354,-3.0024821282084737,-1.5007106755127317,-1.469895137613634,0.23954460984762965,2.6396424136469174,3.776125131059103,4.33492320527712,5.906834120475192,8.331099963627604,7.741514732816766,5.9961377866648204,2.9994329311658188,1.0142304331427834,1.2430998258162356,1.653931055584181,-2.927704030127953,-4.6257734139713955,-6.522344979923437,-7.047694713365016,-8.938498205289036,-11.861135051744753,-10.919632805342017,-9.630947767804514,-10.375600776132245,-7.232301361310538,-4.922895929472805,-2.5563811575463897
-5.937115808576639,-4.7844022405024464,-3.487815756427301,-3.7277794260638855,-4.33531436713816,-5.33034698876499,-5.492073388697517,-6.700682146847726,-5.107885699658021,-5.1284149678604996,-6.320831603252071,-6.451923868919694,-5.924310857371447,-4.469253022073515,-4.241480858961004,-4.880448951162317,-4.920474531070697,-4.141261570096642,-2.3444974832464993,0.45528971352149805,1.2578380998560539,-0.9600570729650573,2.3469480561113034,4.9462534682868435,-0.3472804002769518,-7.211110249386514,-3.987879799050332,-0.8398246497847728,-3.3247920879396817,-3.249780555432488,-5.9869431304401015,-4.990568265722673,-7.138366615016064,-7.209847412336624,-9.830083871247762,-12.493325838927781,-13.525459689859227,-11.811815952431079,-11.260138204439016,-9.075076503109575,-7.222635927491832,-5.152549604952949
-6.136129378977152,-4.649056295940292,-3.99299278294585,-5.797467406463931,-6.228651596514688,-6.460714514124427,-7.9589347482582955,-8.039938411702519,-7.810086237171799,-8.161427837930948,-7.96533628992595,-7.434975791194228,-5.345632674842473,-6.265059984126139,-7.061675628885429,-8.133902416524759,-5.129276599423354,-5.108340931077692,-3.522717126674873,-1.566327759821788,0.29384492929927336,3.491495197187959,-3.9719522160543557,-2.771136682529544,1.8589193800428738,-7.226487659697321,-6.901316946897826,-4.755711235854491,-5.448956200134179,-6.008007579862871,-9.172499327647083,-8.193754614050249,-6.576257223498255,-9.609087668027868,-7.055240234828078,-9.303934301483823,-9.700021882250773,-9.501459754273446,-9.539453695630458,-9.233414756737647,-7.296564728461639,-6.504144118417418
-6.651949620645612,-5.044435850008267,-5.47121681895087,-7.166002157761931,-7.507543962760618,-8.447936372675091,-7.94092140528294,-7.818256303722726,-8.050064122745203,-7.118327107900634,-8.56936675033413,-7.82574931168744,-6.774826558948444,-8.890673838681273,-7.860894860007094,-8.128777264551383,-6.590960936005983,-5.325234307221637,-5.195989029898248,-1.8042741620186025,-1.6760368548495563,-0.25950982757398144,-7.265973298410846,-4.661208884993937,0.7183170886208385,-0.9357423950933723,-7.551275210409219,-10.018146374813014,-7.288389290561588,-8.943389867514233,-11.74728702934545,-9.912175927792179,-8.485330789002305,-7.9399000369697905,-8.370140417407633,-8.727442806848282,-10.530911346764983,-10.077070404312904,-10.508626463639924,-12.677665728794127,-8.647763362935523,-7.628713719076719
