public/json/wind_2018-09-1600_925.json
{"header": { "discipline": 10, "disciplineName": "Oceanographic_products", "center": 0, "centerName": "Ocean Modeling and Observation Laboratory", "refTime": "2018-09-16T00:00:00.000Z", "significanceOfRT": 0, "significanceOfRTName": "Analysis", "parameterCategory": 0, "parameterCategoryName": "Currents", "parameterNumber": 2, "parameterNumberName": "U-component_of_wind", "parameterUnit": "m.s-1", "forecastTime": 0, "surface1Type": 160, "surface1TypeName": "Depth below sea level", "surface1Value": 15, "numberPoints": 4800, "shape": 0, "shapeName": "Earth spherical with radius = 6,367,470 m", "scanMode": 0, "nx": 80, "ny": 60, "lo1": 109.0, "la1": 20.0, "lo2": 116.89999999999955, "la2": 14.520000000000117, "dx": 0.09999999999999432, "dy": -0.10000000000000142 }, "data":
[rows 40 to 59 of 60, columns 0 to 44 of 80]
-4.812399532426457,-7.477530853186855,-6.266986183074346,-6.7723714279414695,-10.396131139213457,-11.354427116223716,-8.682862456054524,-9.613771736223834,-7.60228204723766,-6.525847260121347,-5.861864727852391,null,null,null,-3.8818744000810033,-5.659605757847234,-3.4754572148104312,-6.91208429989938,-9.409986945962828,null,-3.845841023363825,-12.006001385148672,-4.752171795095672,null,-3.3173377256393675,-8.49453387631207,null,-6.5237893355214345,-6.319458788072552,-8.338966122865958,-8.301949109119075,-11.488329870552029,-8.849696360863321,-10.452366164174432,-11.067641454220944,-6.496066534117208,-2.6974012525724147,-5.834306353160439,-11.960504867290602,-9.340717826695936,-10.426859703222718,-9.396855312318456,-13.369180560783523,-12.222744117330919,-8.561437453023808
-5.789304974807181,-3.9761224812409774,-7.8209497726104695,-8.051520130051372,-9.319995599982565,-9.239649194008242,-9.534050726034588,-8.498726224458027,-9.080904042683603,-7.6744998747857816,-7.242535556037681,null,null,null,-2.704655878527836,-1.654919328218457,-11.06557245851003,-4.646502017925005,-4.6765593289537035,-8.746624821309975,-9.448564171464618,null,-5.296899880486903,-4.906368118805527,null,null,-4.586207581972957,-5.5329313240468245,-8.367947683754608,null,null,-6.773380695544905,-8.4258658947172,null,-10.200819943661548,-6.528518630292657,-3.9069811755105883,-8.524858776872549,-11.025254717661275,-11.303991353189875,-7.430534768849427,-10.490244963163883,-12.79778942145058,-8.327152636028533,-11.878482763151162
-5.067839930567588,-4.508887381825543,-4.341970153084781,-6.772429092129524,-7.368566622641658,-9.65699741078462,-9.798754648534333,-9.204115572918106,-9.982960545464744,-8.73535019434858,-7.806482311188209,-7.529146741977332,null,null,0.9376565446512448,-3.8963617927807297,-4.084664275256511,-6.552883111596244,-0.2796529951420824,null,-9.389669740510229,-6.1372651661770705,-5.966756386229976,-7.667571775935126,-4.301184322989317,-2.9399108666818656,-6.484216930755334,-8.15856652157631,-8.435876463557427,null,null,null,-9.49410562397916,null,null,-1.7928552068651915,-8.452194874624269,-3.9959115906475233,-10.11349820671117,-8.097582855159821,-12.943765097572859,-14.66614479018504,-16.000816975648995,-12.348454578584816,-14.191154369540552
-6.010755938672535,-5.193560946807317,-4.205280453944077,-6.277188065487744,-7.706759160342875,-9.096693348489195,-10.163399583095725,-9.966155527280938,-9.910020564094946,-9.679454134854803,-7.769569843295861,-9.883272471483084,-6.758970130829246,-4.193198308859074,-2.3052260842037025,-1.0968897395576238,null,-0.8675333225369006,null,-2.3975368258412093,-5.313668469078088,-8.511975244648918,-9.60834971746463,-7.843285069510059,-4.244158697795238,-7.008028004290729,-5.8854509299511655,-12.307593581042587,-6.658665931630206,-3.6629469844797975,-11.298108600702282,-6.236634639782718,null,null,null,1.8941975963553777,-4.223339675207422,-7.023945612166251,-8.90693065906215,-14.154542058092765,-15.041453549099183,-14.843870420398757,-13.858441769027703,-9.086782021509265,-13.14607248776115
-6.55368814728045,-6.2858596107448035,-5.094404617929763,-5.457453373086038,-7.785721636030965,-8.371770588826774,-10.18150253071633,-10.561918973078427,-10.637455629630463,-10.044742455017733,-10.34010130525666,-7.5886076192412295,-6.8895542983198474,-5.251289668067147,-3.634716599606155,-3.9168067365503205,-2.8568111131541034,-1.190187359550551,-6.680704246561781,-1.700612802738195,-4.909516578873374,-12.006302707889791,-14.718654400052886,-7.673435738597397,-8.853620471116232,-4.9918789800689805,-10.112459050384237,null,-4.878590118442249,-7.701033786269192,null,null,null,-4.6131003386643705,-2.0782955248135484,-0.1795632318777723,-4.857431353651819,-3.6853056211080357,-9.003388921166994,-13.349448720819098,-9.136827923979087,-12.92153088213491,null,null,null
-6.73600934933385,-6.739344496183412,-4.9284516810398316,-5.101025625177972,-7.263075204614651,-9.27994809812419,-9.172688588037424,-8.543194430052075,-11.180558225313332,-10.785775526190656,-10.271313649647034,-11.598240525058937,-3.500032723785227,-5.676059475190819,-4.765264112531503,-3.3934874494383305,-7.352775404118755,-6.536353063026864,-5.7573399528244575,-8.162865173456906,null,-7.697383710899765,-14.802949461283802,-10.961567711867316,-7.016800191319799,null,null,null,-6.000121278706117,-10.644019173606429,-6.5143060324518185,-12.104513909816683,null,-0.12222070813115483,-3.5314981239755463,-3.5978089387181695,-5.781869664827884,-7.973108171562523,null,-9.931572612949962,-10.171096259002294,null,-11.917218748712042,-7.362182376409173,-4.425047480369983
-8.033576762073045,-5.209460487041423,-5.468877523903198,-5.064564274514324,-5.133539047436961,-6.715053655231139,-10.410960936100665,-9.123320611181823,-11.17148270075987,-11.893349955064322,-8.311387560042022,-6.863988285660405,-8.185178256028683,-3.5037672796844173,-3.559360969061722,-1.4878758810667978,-5.833418898752993,-9.156033887486887,-11.708217927403453,-7.143960874683071,null,null,null,-6.3010563376791175,-7.1321026071488145,null,null,null,-4.953430095868715,-13.294166749127776,-10.447750516780424,null,-10.065265120917932,-4.493480427253627,-2.4025858834273293,-4.579800359281424,1.4511568471038685,-8.214365585932455,null,null,null,-6.489592335948931,null,-8.443650269082141,-12.47948798108694
-4.706334434030873,-4.977494650978336,-5.579964978681759,-4.691159084213907,-4.1462602363206305,-4.850483933058427,-7.316490359630693,-7.219776487388355,-8.754703773599513,-11.2194138151445,-10.243522509708475,-8.278646481969213,-9.233189475575426,-3.7480206365705846,-4.0081049800413195,-2.9979218614253957,-2.9808874496771756,-11.257605452320929,-10.1780549702267,-13.055985396921301,null,null,null,-6.34450720587647,-7.133421721198166,-6.891367424099256,null,0.5119925239519085,null,-8.490753514466974,-8.0776724143273,null,null,-3.7178505347353736,-4.8409249527944445,-6.148098211505195,-3.21697497430962,null,null,null,null,null,-3.996648342720862,-12.25838897856457,-10.795262989604772
-6.293254834109568,-6.218169312124497,-5.975972449242606,-5.340907912833378,-5.9586553159229645,-4.238756721918457,-5.5679529974905915,-6.076438545078463,-6.526914448625196,-11.292764460107742,-9.083594334563962,-6.392364370886795,null,-5.678223177111594,-5.548245474984624,-5.192359151858006,2.0734698968745477,-12.279647458092665,-9.87816678885139,-9.488992302525787,null,null,null,-5.832779607632619,-8.642649438271294,-9.78822880018713,null,-5.586774030367007,-3.9289035569965423,null,null,-11.151463669606512,-3.3622586696104975,-4.134158251714333,-7.79714350595955,-7.3287730258051695,-8.174206118032252,null,null,null,null,null,-3.3753953630256217,null,-9.810915866532916
-6.037022452630154,-7.059339950004787,-6.1250358203225215,-6.148529967372689,-6.226221348651183,-3.1718411648418274,-1.0627959081800993,-4.889864363874194,-7.894913143702441,-4.133040129360133,-8.30849063783901,-8.789430750869283,-6.869915957970049,-7.3354151504287035,-9.466283064219413,-9.212663559661902,null,-4.996226316812283,-10.73563170610699,-7.779690158639501,null,-9.983496875833534,-5.925271728929088,-8.306495339287524,-9.14044272899427,-12.045711665845822,null,null,-8.07028160803087,-8.464664737373957,null,-4.0018520091490855,-7.893798588594377,-5.940478518352095,-7.981314979547188,-6.61688809528465,-5.7527778798442455,null,null,null,null,null,null,null,-5.992522865011784
-7.313591317665418,-4.551827551925348,-6.194340039264448,-6.453091109498204,-5.82953410730461,-3.1175412679953247,-2.1243204674828897,-3.9015953139170163,-7.433971081219381,-4.761140567300634,-7.129765620173163,-8.620065437275874,-8.185384371371411,-10.929713292309643,-12.159374533352842,-9.911750890109605,null,null,null,-8.178946506543841,-6.262873266753049,-6.399993984853637,-10.286189697571142,-9.609657048344518,-7.039890456560974,-10.929417572076991,-9.483241724386081,-1.9113502461390501,null,null,null,null,null,null,null,-3.4380925068514236,-0.9341381312680006,-1.969092405108839,-4.45618403715647,-2.9891408699673487,0.12380513525172249,null,null,null,-5.238227875853305
-2.1727753766564115,-1.4904735648530867,-5.701927419131313,-6.208721017654252,-5.514815052901085,-3.706749165826711,-3.4705852961708787,2.277227808684683,-4.2627325839088765,null,-5.691157754007644,-8.543221609299376,-8.715448882118853,-9.642381894589032,-11.266651450672818,-13.626639432769231,-12.174872854595417,null,null,-9.670390843738954,null,null,-9.537232966185094,-8.979769800068784,-8.602334605136178,null,-5.744816964419576,null,null,null,null,null,null,null,null,null,-2.080191654554692,-1.3262204459050633,-2.438373849229126,-5.746095857523451,-2.646082092271542,0.494823701280088,null,2.282401646157439,null
-2.147544803582856,0.09091987076482949,-8.673967546875378,-0.8185228237494516,-3.5000000209089945,-3.934726465175085,-2.8539034317147896,-1.2862228600534498,1.0340465953368714,null,-6.229423471359327,-7.838863197754279,-8.17187130511616,-9.203460682273954,-11.910793248514185,-14.988743779349493,-14.32224587981446,null,null,null,-11.373352803187869,null,null,-8.197540922633053,-11.122481175627396,-6.445816096506902,-5.787516919228353,-9.814046078435332,-5.624565671142917,null,null,null,null,-0.452140004560507,0.31488270832645915,0.17355055276706643,-6.058705180792185,-4.94987730296863,-3.0704501769224675,-6.0564304356089576,-5.526494880415498,-3.8481461523967133,-3.047464955066604,null,null
null,-0.742790023193493,null,2.962478694090777,-2.977241465079884,-3.1612590019241145,-2.611836939306262,-1.5660389926547247,-2.0172347507582433,null,-6.8295703990360055,-6.528449551907733,-9.57128575042279,-8.368278762438457,-10.953997954600514,-17.437034822022685,-11.49464261978368,-13.084705856557836,null,null,null,-6.298378084383346,null,null,null,-5.885622488917609,-6.2814795189926365,-4.853176129646508,-11.140938323291675,-7.090323258028189,-5.552276594078873,null,-4.550485434978848,-6.0860731081837915,-4.746784521251406,null,null,-2.6928243211912797,null,-7.92981403156784,-3.8014656353400067,-4.599473100904621,-6.2089881076241715,null,null
-0.6787108446022772,-0.5560892625761744,2.50725570754922,1.4011128481272814,-2.32095631947735,-2.945741348779037,-2.4722337299653407,-1.588539767853061,null,null,null,-3.4784945234288864,-5.745944843861586,-9.276366132459357,-10.51840630881593,null,-14.295688236163361,-11.085868761498036,-9.832519816507263,null,null,-1.3940961120970863,-2.353713261404088,null,-3.0844442945427764,-5.893929080358168,-6.457548646232764,-6.8171709524200566,-7.008908227842166,-9.718280003712291,-7.920836711230471,-6.708968210940619,-7.791213012410341,-8.818922711994,-6.63298455360276,-5.9376896529228755,-1.038776530009868,-2.530002735099529,null,null,-0.3162549398542094,-0.8336466710295153,-6.116738680791427,null,null
2.3255729219644254,-2.1128285327376077,0.31038861617954366,1.7439381286766564,null,-1.7708156495913383,-2.3657544294112838,-1.8330885463771076,-2.3082386577004987,null,null,null,-4.465705624925908,-8.75893440793427,-10.224323142403456,-7.614843255804342,-12.760133631237963,-12.744703796827944,null,null,null,-1.4519711417677408,-3.840549279973321,null,-3.3990200159718693,-8.128654335877485,-9.564836060770293,-9.07443289813266,-7.64757952932655,-9.123840245921564,-8.920127906719614,-7.866363820234739,-9.274120012023246,-5.3043093951447355,-6.573028621141681,-7.555034364600485,-6.570787426075349,-4.786140718439883,null,null,-2.073295265515096,null,null,-4.5411596006428425,null
-1.4607205136004335,-1.366724525784579,-1.0578425682629375,-2.90850666066048,-1.2997271421757353,-2.405887133022098,-3.1461989234480345,-4.021629156623809,-3.043413595324545,null,null,null,null,null,-10.560926849366549,-7.57451323563695,-7.812291729457165,-12.430096263207526,-12.638407160351232,-9.501317059706286,-7.412551034024211,-4.95164877514023,-5.853930429814407,-7.565862051772127,-8.026294534694518,-9.211364734478009,-5.647021525304774,-4.470459773783808,-1.5789227025768005,-6.049455638022636,-9.28512400395698,-8.90449924502865,-7.2817390254686165,-8.573001061433215,-8.316467062787044,-9.013854458922289,-8.463754570248366,-8.269890028540901,-7.112259236807182,-4.984942344881845,-3.0201496805821724,null,null,null,1.1984171459700148
-1.8110392518437888,-1.828872033140552,-2.2371794345197378,-2.769162434415459,-2.427595533930339,-1.301994287964823,-5.843301288020312,-5.156013642534528,-3.1730174804899205,0.1661115012427347,-4.926582116058624,null,null,-2.404106554887684,null,-7.036772984579292,null,-9.561542360647087,-11.355843204070858,-9.620898966911408,-9.008901860258513,-9.971115240004147,-12.759729031291554,null,null,null,null,-1.1749162196985197,0.5867825659936374,-6.42809048909101,-8.11862580313237,-9.04882531832094,-6.68833120957495,-7.754860297994229,-9.50128128216527,-10.580605629615219,-10.512543833594828,-9.710610214620653,-9.449742315717156,-8.289136778101746,-5.753333673259029,-3.669705361869455,null,null,0.5558437242601434
-0.46438660008596433,-2.815326563578869,-1.620318161130311,-2.311089393486336,-1.09547977046671,-1.364614748285944,-3.089046878563272,-5.233230251566613,-3.958461626686456,-1.8669503893387827,null,null,null,null,null,null,-2.9746393246910117,null,-10.458868785311175,-10.134651099917464,-9.529686955474025,-11.289572424983646,-10.073474961497,-7.186931659436946,null,-3.244917644439941,-2.2976773224301947,-0.6432437019335576,-0.45280947329553783,-4.184450435918944,-10.124063358419722,-7.460793428542903,-7.019392429221025,-7.774261389196342,-9.878061830605269,-9.652317823611089,-11.937904143315777,-12.08765195688326,-9.803150227741444,-9.09594208092958,-8.809539898712837,-7.886339998923046,-4.589365619958225,-1.5456796459825635,-3.0327559721844164
null,null,null,null,null,null,null,null,null,-1.64080671899284,null,null,null,null,null,null,-4.26423166190438,null,null,-10.957982736388452,-10.112604571409758,-10.789032686428506,-9.20438266277301,-7.733243137094786,-8.093222808432811,-4.737541869623419,-3.583562669574457,-3.591300504404672,-2.7807292836447646,null,null,-2.600664174117699,-3.175218447312131,-4.959033344513226,-8.046907541288173,-6.351837657803169,-6.465555175529401,-9.405425291221471,-8.724040780794033,-8.843125413918512,-11.021407965725967,-11.263495992624986,-9.610586995058721,-6.306514444909637,-5.7015110208771596
