public/json/wind_2018-09-1514_700.json
{"header": { "discipline": 10, "disciplineName": "Oceanographic_products", "center": 0, "centerName": "Ocean Modeling and Observation Laboratory", "refTime": "2018-09-15T14:00:00.000Z", "significanceOfRT": 0, "significanceOfRTName": "Analysis", "parameterCategory": 0, "parameterCategoryName": "Currents", "parameterNumber": 3, "parameterNumberName": "V-component_of_wind", "parameterUnit": "m.s-1", "forecastTime": 0, "surface1Type": 160, "surface1TypeName": "Depth below sea level", "surface1Value": 15, "numberPoints": 4800, "shape": 0, "shapeName": "Earth spherical with radius = 6,367,470 m", "scanMode": 0, "nx": 80, "ny": 60, "lo1": 109.0, "la1": 20.0, "lo2": 116.89999999999955, "la2": 14.520000000000117, "dx": 0.09999999999999432, "dy": -0.10000000000000142 }, "data":
[rows 0 to 18 of 60, columns 0 to 42 of 80]
null,null,null,null,null,null,null,null,null,null,null,null,null,null,null,null,null,null,null,null,null,null,null,null,null,null,null,null,null,null,null,null,null,null,null,null,null,null,null,null,null,null,null
null,null,null,null,null,null,null,null,null,null,null,null,null,null,null,null,null,null,null,null,null,null,null,null,null,null,null,null,null,null,null,null,null,null,null,null,null,null,null,null,null,null,null
-12.022375594949118,-11.67099699331142,-11.207016326124611,-10.908060537255885,-10.96462387367226,-10.984822629465086,-10.985123781394158,-11.268462889172469,-11.827995694293763,-12.290189398914464,-12.428745481083245,-12.5028053986245,-12.888199490037662,-12.885281821827029,-13.362809165912509,-13.785352715651477,-13.851514635458184,-14.120822045061129,-14.216254261623629,-14.255402188531567,-14.167389389302114,-14.3069528428999,-13.830445566301897,-13.8510319976345,-13.583121690307312,-13.224453534383862,-13.094868004649175,-13.242253182085005,-13.52529786123739,-13.756010030904484,-13.812101369008692,-13.965806307089611,-14.046359781073217,-14.172892382540928,-14.236846985679067,-14.119292021426473,-14.126094897944757,-14.68309373584269,-14.924982532759424,-15.426951973558575,-16.331923452359376,-17.255364676897536,-18.086437810886377
-11.68930537705431,-11.20187164704393,-11.038348425383823,-10.878353484256792,-10.699675671294136,-10.885943590954835,-10.939517726453627,-11.33862484164289,-11.889290093352344,-12.332027183922087,-12.474112021111562,-12.450214840826574,-12.25309350042507,-12.666489710096194,-13.114298106680483,-13.64523466919022,-13.985632578982653,-14.186492280830619,-14.235019493666123,-14.474697681697593,-14.14739709570803,-14.120151381179797,-13.251657640363092,-12.916689588245575,-14.709350117802789,-13.980287847491804,-13.130216387664037,-13.162553098687644,-13.562474325399744,-13.996772555265844,-13.867560609866235,-13.746741377786103,-13.869548551552802,-13.57674310803679,-12.712556402466356,-12.293093225814118,-12.361028820410759,-14.01005882875405,-13.935463202957285,-15.506556147030839,-16.684718969901873,-17.73651961688428,-18.158276147287065
-11.11159383807031,-10.761329341267114,-10.47262778296797,-10.547362313424598,-10.64499198872145,-10.782487126308892,-11.036707644842073,-11.286025325432009,-11.54860049808092,-11.858188311478813,-12.07570515896083,-12.114866029701863,-12.054090948594828,-12.537095627988185,-13.149784094760989,-13.457030672368113,-13.817665643701098,-14.208874002305953,-14.448276132210577,-14.41056405591786,-14.368753479614014,-14.24295176562416,-12.031668916244557,-14.092890594558497,-14.050139188876525,-14.127498369697905,-13.758880148581879,-13.177592582696805,-13.436480438384114,-13.853176099402756,-13.946225352743923,-13.468386752491984,-13.072181236517627,-12.934339719962576,-12.686093624148766,-13.247419250661586,-15.492892499198915,-12.076752299116958,-11.982185254809906,-16.556613186590443,-17.835834711715023,-17.743077765845626,-17.92456251663191
-10.955084987111727,-10.527231750865766,-10.38913827047611,-10.532679079436853,-10.8186100172808,-10.90645309761669,-11.332529368020197,-11.446435365018038,-11.600714750639026,-11.628244782963314,-11.887662831405175,-12.409613329426914,-12.599393432641982,-12.770848185206203,-13.357514050257972,-13.526274657268505,-13.666389034520867,-13.908484915261216,-14.311839968014848,-14.363389628250175,-14.392287242791625,-14.044391167452028,-13.971956817700544,-13.665611158969554,-13.03490717957031,-13.65566576949502,-13.697485996017047,-13.75419955050538,-13.379663829655001,-13.498552880711355,-13.696604435243454,-13.63229876362081,-13.56847483952611,-13.402171058963333,-13.107759397245248,-13.011662878769416,-15.544770161551874,-13.632226653789093,-16.3376591159741,-14.096449934617844,-17.318398878440494,-17.327640143359368,-17.917166274220197
-10.598995570251041,-10.317423870506788,-10.392865057667851,-10.60401630335542,-10.89316685037546,-11.241033996061475,-11.407395718927402,-11.513822160807141,-11.433922859576857,-11.632138379030868,-11.756256761819895,-12.257054893169645,-12.83685637389649,-13.299135831233516,-13.653846963619943,-14.036355470595291,-13.865836935825598,-13.810562398447944,-14.015205674037716,-14.376334142604493,-14.100068814912092,-13.760928301499288,-13.975229511140396,-14.236385366221242,-13.74333264204713,-13.722886202849885,-13.715646160914947,-13.880688347747617,-13.698428817905336,-13.517529319843858,-13.49212055786747,-13.409994935867994,-13.396283056734541,-13.447210405682124,-14.262450031113191,-15.27356137462012,-14.871696769602748,-19.694705629692074,-18.849041935536054,-14.576206392185414,-15.288060217244697,-15.967829162449334,-17.01039279030775
-10.256819631224385,-10.068110769904433,-10.239303263964798,-10.28589532712612,-10.444969941485242,-10.65717270537528,-11.07335708057596,-11.453575622175046,-11.345752528980414,-11.473338577785288,-11.66073938199381,-12.241756950541035,-13.19449353640784,-13.738439160875688,-13.97649146779911,-14.079257665197789,-14.021819291399694,-13.728491077886858,-13.915735041748103,-14.070462487159684,-14.084130247569536,-13.777834947897645,-13.602368291225792,-13.950701873626537,-14.02008914816974,-13.547194407627094,-13.62554995776434,-13.505171530763764,-13.544164027432624,-13.852679037408862,-13.654611633893882,-13.295831843952657,-12.722033238509363,-12.858334899465492,-13.173024428171942,-13.502112638808855,-12.575498632013364,-20.196811301335458,-17.877910772503675,-12.251648810516475,-13.825477460891411,-15.738125408841904,-16.608070406902247
-10.08763163887599,-9.934457521954592,-9.960858772180128,-9.948634338981943,-10.288721466438421,-10.237373508254807,-10.556008681786254,-10.918363386530668,-11.095774445753063,-11.268065757424916,-11.708980632167954,-11.992654652973181,-12.782144804126885,-13.293294141115794,-13.40444297250691,-13.800529782284833,-13.99619147189861,-13.8622124944882,-13.959158852267985,-13.907102913888403,-14.137848572996095,-13.853140297923295,-14.094314734086375,-14.128120294333035,-13.979072219360862,-13.873454527136529,-13.354826014393087,-12.78902768182212,-13.130412455918792,-13.083582405215898,-13.292180029192807,-13.328041015640407,-13.242948267463639,-12.79318305452724,-13.405068321283869,-13.81710727879442,-16.24846777391799,-13.527183014600867,-18.902199324768105,-14.51284051597566,-14.61221811121873,-15.786197975431158,-16.801675887885494
-9.883361812433192,-9.783608600312176,-9.760029849354623,-9.904057445315466,-10.103786782890378,-10.195467101419927,-10.45078944505944,-10.833405479411972,-11.139929344011037,-11.473710276500839,-11.813531322575473,-12.144817073848593,-12.237754462937303,-12.705782167665385,-13.316158110670706,-13.507868657047288,-13.682037592758434,-14.138294218154464,-13.983103445000712,-13.822295194664907,-13.715438306586238,-14.085615351799191,-13.924471361150411,-13.857367542918677,-14.083095898166563,-13.674337913843207,-13.154982948974535,-12.814106780900072,-12.502604085304498,-12.598993132181835,-13.257484585266539,-14.131570375085323,-15.493344957690597,-13.565578887221001,-13.083789892957236,-13.602044698477517,-14.851054387822018,-14.180312790983072,-14.197493872673382,-15.075516948769517,-15.047567855107372,-16.217572399646716,-16.84011133848731
-9.560905664514936,-9.697451857084612,-9.571141334945349,-9.911766270277116,-10.04557173529982,-10.235261792281324,-10.442581570318886,-10.730300586216615,-11.006079381481918,-11.08556629029951,-11.51163094786046,-11.992465501209361,-12.17066115577204,-12.400430870227066,-12.790493636134787,-13.365480153796627,-13.820299706917217,-14.18466836036933,-14.086698100612399,-14.233564187272998,-14.166919671154837,-14.179440936001198,-14.06974720030318,-13.819335774125562,-13.837249024654867,-13.60472255662436,-12.914365333833981,-12.358978121358357,-12.312326109285415,-12.404541494567404,-12.841902927671853,-13.437311223479895,-14.310923751058024,-14.18991062387616,-13.683201606161623,-13.257757351539222,-13.635433979870346,-13.418324737349687,-13.426486014053411,-14.6524959460334,-15.178573161211471,-16.230716839033434,-16.735256812331066
-9.234463892332887,-9.526348802001522,-9.807835093836013,-9.907560852764707,-9.968688504277969,-10.232642636239117,-10.506641505410412,-10.77209901634632,-10.923737980926049,-11.154411701655214,-11.290477363417953,-11.415104923288919,-11.905149435534115,-12.358725280445762,-12.606160438881261,-13.00182883391983,-13.565881070511956,-14.14617399302882,-14.466224068820337,-14.231228885985317,-14.425130255000902,-14.262927488406214,-14.002671278742556,-14.103573711696708,-13.687602633123419,-13.632591809953116,-13.078045241354086,-12.670743388569473,-12.482168234910086,-12.314181539397726,-12.448526641558084,-13.095169651988332,-13.325733787355052,-14.528256928950807,-16.617982053780533,-14.442095672847397,-17.59061518186619,-12.763641638177225,-14.59690252684251,-15.036639168394704,-15.597537408705737,-15.760457094613201,-16.257493218934293
-9.081783471448663,-9.561103176157214,-9.863711387544951,-9.874165976487117,-10.007136489309506,-10.113487123915073,-10.283462512137879,-10.513527619788555,-10.689030719630937,-10.85149063828833,-10.980535134848282,-11.323235159435505,-11.803919192356506,-12.155487084664886,-12.398365451778247,-12.487255500453514,-13.135246194493394,-13.603599043278292,-14.179994441705643,-14.215530388780401,-14.092931207894182,-14.33679261039893,-13.925571361278346,-13.874543293318823,-13.82296814690546,-13.601175740077347,-13.702084231743186,-13.271833926970535,-12.726110628425062,-12.712598891268408,-13.92339525794209,-13.091515048743405,-14.427525829179789,-14.311434559447097,-14.044586374591153,-13.665453872718203,-16.18880575257927,-14.00630816426397,-13.939288602614138,-15.134079474605977,-15.129221240429082,-14.888786693960114,-15.507300272875824
-8.772225094936545,-9.14205999499841,-9.71128345793609,-9.912522860024255,-10.128983432385775,-10.30159075334318,-10.157565548219287,-10.1585906356672,-10.52259697349708,-10.748126008644885,-10.480308335551367,-10.69069735317095,-11.328958736240503,-11.581117843749423,-12.012731121065288,-12.577299501714723,-12.638681465986995,-12.75065691854862,-12.962293479514708,-13.479347976450239,-13.708638937987189,-13.843739950887855,-14.042710815665718,-13.662586811618054,-13.616473476862215,-13.799617466879143,-13.507313456340654,-13.837732528074467,-13.269423852753327,-12.486479998173063,-12.41582737423308,-13.945144221005473,-14.849092173035602,-14.574648081461309,-14.84624197639993,-12.200410109707986,-12.975877331019822,-13.621090376812436,-12.85107165491528,-13.680784890853605,-14.421100900849627,-14.295842610400058,-14.757618285786503
-8.364047721024354,-9.180940855933343,-9.502764347800525,-9.822389407833573,-10.125532763254295,-10.303552390806205,-10.238128440786376,-10.1623990506714,-10.042626760440449,-10.350880877673937,-10.532715999285214,-10.784481506475917,-11.016191199593028,-11.083491115224254,-11.562564056430592,-11.91104355238553,-12.283285594367692,-12.219848363445207,-12.266831937311611,-12.388768940678798,-12.964203328098208,-13.320440506858382,-13.713317744282303,-13.772115562224455,-13.678501481084314,-13.354795094074579,-13.50541672272051,-13.456952488375286,-13.38773252605844,-12.855324525405166,-12.538261981078222,-14.457515492807609,-13.809015897981247,-13.649675082455795,-13.919912667758528,-13.7771039049171,-12.881743646277489,-13.582689755802576,-12.528853492900007,-13.104235371118339,-13.7985389548749,-13.81357542680967,-14.336131826258761
-8.021841879109738,-8.522364065876046,-9.264033292688024,-9.869569532186635,-10.217634284635462,-10.333176304137075,-10.298764392079695,-10.414608788079383,-10.414649728102948,-10.591886228872536,-10.886174774913503,-10.867218970809425,-10.745761044761851,-10.668526652414283,-11.118397933197713,-11.241890519253296,-11.588254542043835,-11.880833108793254,-11.913007899359165,-12.384549474963517,-12.396505075002862,-12.748864813515675,-13.748758712774379,-14.082585323444908,-13.87656351181442,-13.604726945188384,-13.082296962357741,-12.978020798015162,-13.418435149775014,-12.796182313626643,-11.711025063398328,-12.606848687916536,-12.729640446690986,-13.679882072384657,-12.73340466350151,-14.814032191610718,-13.606950285793605,-12.706460771315157,-12.089304457424545,-13.345741092277894,-13.728782291420792,-13.113681831355679,-13.534340629845032
-7.950851812699215,-8.58439275863555,-8.77139962801719,-9.121139278339612,-9.72785951866084,-9.986044080493231,-10.45209669270385,-10.592867506165128,-10.35615578941582,-10.489512531193968,-10.985058821334551,-10.961826233600139,-10.780664979373672,-10.643887792215578,-10.819040239503678,-10.621368111938647,-10.84453262037993,-11.298823759875019,-11.915221763749317,-12.753025823821623,-12.765377345747162,-12.628704955323657,-12.645429492043972,-13.669092090687442,-13.905516866391592,-13.897309682670157,-14.204735637399157,-13.330909845712679,-13.346991719650212,-13.091759036807108,-12.41450763210814,-12.401419541863067,-11.350087213695424,-12.242256256801124,-13.433759034943382,-15.568654072912524,-15.082369442450842,-12.762246656493051,-11.882147901435731,-12.199987304360494,-13.241972189255106,-13.472192997588891,-13.124016356485601
-7.892569063119771,-8.30182163861721,-8.856368889846639,-8.857770551079176,-8.802052132934387,-9.38436925408959,-9.784826905224474,-9.786402567820451,-10.167457236112657,-10.417487596224023,-10.536381205738675,-10.779924015858786,-10.526501732136147,-10.44811154096822,-10.62303056094051,-10.911288722313653,-10.967440890196496,-11.06072841193027,-11.356127595045336,-11.416135363180638,-12.917249056495262,-14.002021099025812,-13.50827514261356,-12.577213072989938,-12.619391742971304,-14.407640132533576,-14.027457094049346,-13.533750785063239,-13.497150834621674,-13.496174395532957,-12.931905088913762,-12.765772710858954,-13.286900385589606,-12.532722546589472,-12.912257786011448,-12.482241994781576,-11.880558753166168,-12.648503414690046,-12.95319657289273,-13.170781833237296,-12.893879053263294,-12.550130708201277,-12.718371914181214
-8.211130979596883,-8.366637097602313,-8.630408862176195,-9.278739382209562,-9.464575981973601,-9.376684613022933,-9.696379001072993,-9.87768912809295,-10.38315109122,-10.437944872365364,-10.421221897106971,-10.453694442729851,-10.367404058110527,-9.988123337943767,-10.398356103980921,-10.653400939186358,-10.835033540649803,-11.054370876527932,-11.812505205925879,-11.698005602956016,-12.01434034437669,-12.584904026716497,-13.78455263090666,-14.722471981870946,-14.49524757567875,-14.12076237273186,-13.793851690498744,-13.363398061067052,-13.653762418244455,-13.271716761101324,-13.231106592335696,-12.788506416910238,-12.603236069256258,-12.07949901948378,-13.515214927870103,-13.81565471286638,-13.621281556703204,-14.625309389466189,-12.666541380445766,-12.821278436305061,-12.633008286058892,-12.610199741654895,-12.718438819605467
