public/json/wind_2018-09-1514_850.json
{"header": { "discipline": 10, "disciplineName": "Oceanographic_products", "center": 0, "centerName": "Ocean Modeling and Observation Laboratory", "refTime": "2018-09-15T14:00:00.000Z", "significanceOfRT": 0, "significanceOfRTName": "Analysis", "parameterCategory": 0, "parameterCategoryName": "Currents", "parameterNumber": 2, "parameterNumberName": "U-component_of_wind", "parameterUnit": "m.s-1", "forecastTime": 0, "surface1Type": 160, "surface1TypeName": "Depth below sea level", "surface1Value": 15, "numberPoints": 4800, "shape": 0, "shapeName": "Earth spherical with radius = 6,367,470 m", "scanMode": 0, "nx": 80, "ny": 60, "lo1": 109.0, "la1": 20.0, "lo2": 116.89999999999955, "la2": 14.520000000000117, "dx": 0.09999999999999432, "dy": -0.10000000000000142 }, "data":
[rows 19 to 37 of 60, columns 0 to 41 of 80]
-6.821041623777601,-7.078651194195385,-7.702829143552046,-7.985829330677646,-8.946924057477757,-9.397439190853442,-9.844858134156375,-9.18068253983494,-9.454918423500263,-9.918669935772432,-10.144267795925735,-9.55361227678469,-9.47139829179664,-8.975714347087383,-9.468450879082468,-9.126456197099413,-8.282894861489135,-7.813463476672839,-8.339866008098278,-7.359743023991381,-6.703189613542154,-7.744939144522158,-9.502570156866383,-11.34952159169637,-10.595745595423587,-9.467117004044473,-9.823122353254927,-9.68330519879109,-9.318255704537874,-8.594059747081394,-8.423598510167896,-9.33308490246209,-9.046429728781465,-10.261531494963497,-8.704202468716154,-10.405551595043878,-11.14426548326669,-9.82430654459246,-9.805324732123093,-8.667471915819164,-7.970945267920986,-7.035122707254658
-6.859916917731383,-7.228983361568615,-7.1569072371912235,-8.762644197436842,-8.821278051317902,-9.252651471769296,-9.135993544950912,-10.129366702075634,-9.932577503351535,-10.148014298327558,-10.423230245829423,-10.004708764432799,-9.43248837967168,-9.124287301405719,-8.603467417024245,-10.10578726985852,-8.655007615795224,-8.518085703164907,-8.461602570024057,-9.587941606831894,-7.813680084318717,-8.594605034591421,-9.695656744789472,-11.281375942366333,-12.500115853460706,-11.950633375878098,-11.453899304810765,-9.49843436683778,-8.539720765259844,-10.367451235482656,-9.163852137344914,-9.990332780331743,-9.837002056991276,-10.234458798360604,-11.584052855115887,-10.170557213262983,-10.955978395539248,-11.47173686683397,-10.087589983305282,-10.664007781167262,-12.507139178171876,-6.439141120527411
-6.70725028284879,-6.587136676465651,-7.233963816988712,-7.464884885347796,-7.787042855163012,-8.604216587314255,-10.09228532742145,-9.597574810954152,-10.572143671696656,-9.412639303881495,-9.151471912238922,-9.877797362641964,-7.954023846061369,-8.285577807150311,-9.603286401380254,-8.301629536926413,-8.913565059230265,-9.45443526787266,-8.692096866703555,-8.931524428517466,-9.39292304723833,-7.879678997483726,-9.818848386311304,-9.40170859299827,-10.510474584098075,-12.12321186428549,-10.480169136907064,-10.148357630362966,-8.012396914457641,-9.115861918614474,-10.591795236262136,-9.23074805516275,-8.817258434243614,-8.994569341996975,-9.062923255942023,-10.236436949933825,-9.196175854198815,-12.535542944819326,-10.761342893005894,-11.310617523750635,-9.786348566116835,-8.029343388536837
-7.131678370500836,-7.215671710623471,-6.837495687256607,-7.679867617937068,-7.87598246773624,-8.78155202441255,-9.18782890227995,-10.82259840642913,-9.842934411489736,-10.08532663533676,-9.701237206367109,-8.728666913729516,-8.27495668834143,-7.375639640948725,-6.720414395457247,-9.840830657170315,-9.929520884199388,-9.985577389974573,-10.25554710848126,-9.293820900094264,-8.372464500782064,-8.663174941422675,-8.849029082138525,-7.662140940534988,-6.1568389136987705,-7.3701276369476405,-8.311899754858548,-9.41216494082578,-7.430566813092294,-4.447869915480436,-5.072251659739318,-8.768700259407735,-9.636824220233038,-11.299935710479305,-11.825852387548752,-11.37003070234124,-12.665766140755641,-12.763797438837646,-11.695634485199344,-13.035521085053247,-11.359767474841933,-8.709304383841138
-7.4541050637773525,-7.631530758104587,-8.127141897021417,-7.808442116913929,-7.259307231412709,-8.575845301775585,-8.929531660419915,-8.048663913884967,-10.172267471538957,-10.500196339814936,-9.80053653152061,-8.863417602628084,-9.100212178937358,-6.669021623433096,-7.804665426437744,-8.089663669852653,-9.417146512353968,-11.01513000841797,-9.945834999228099,-10.353238196265165,-9.7147369592677,-8.930560438664546,-9.546102215379065,-7.385028933581728,-6.731471440275408,-6.411392132749308,-8.703138077022754,-12.898362156038125,-13.374887219861968,-9.763621563878875,-7.710315594068535,-7.93201579370377,-9.47038887805294,-11.882626259315122,-11.685483262117238,-11.451967957889456,-11.50357222489821,-12.38693679562351,-11.759764781281097,-10.3654822375937,-11.289409516222381,-9.697195274847115
-8.153317744688483,-8.079997766034131,-8.305077667587867,-8.014721370157941,-8.010101290051363,-7.12235141427219,-7.65448200784741,-7.950086619167716,-8.761500158397473,-9.537375401338139,-9.953866068522384,-10.0812381079234,-9.299893120479314,-7.453876192963714,-8.562173438857721,-8.546194087602746,-11.163380448327729,-8.686514963253693,-9.952619308227678,-9.945262930618423,-10.474233181535006,-10.44155740573686,-11.119495087015288,-8.682830615511536,-6.783376312884629,-6.083196052929075,-8.690374732429909,-9.250614841238427,-9.731957929737654,-12.267709835950495,-11.129889922844834,-10.356082548071543,-10.936130238615734,-12.794593197345812,-12.939661651099462,-12.595632240779674,-11.492795722025203,-11.84643605324571,-12.361789019822968,-12.222637596905516,-12.6511377407664,-12.999050822127517
-9.242380003270736,-9.039392297110473,-9.03026651645129,-8.72178697375485,-8.469892889987511,-7.9468163863954455,-8.006860397690042,-9.046524988618891,-9.011225283938327,-8.298750287237878,-9.682212624957952,-10.05285807653421,-9.751978134947072,-9.858647666274665,-10.309226179187743,-10.265543461825565,-8.512328889612206,-8.78840322998638,-11.800257014761476,-8.750682791960935,-9.865195122407625,-10.004931111262357,-10.0671356864141,-10.154379456145001,-9.480493018037292,-7.608870806079697,-9.845414184626152,-11.152645710267691,-11.462591929085859,-11.996707068576836,-12.1613066887748,-11.882120468831953,-10.525807265228815,-9.947395859611161,-10.889105338342446,-12.90565298145333,-12.061400990870794,-12.825196132497444,-11.75507720734257,-12.203757367797554,-13.206864499887692,-13.153463583925145
-9.608238308292684,-9.655905029690581,-10.186812021551678,-10.025871477964948,-9.703029043510792,-9.89937356683851,-9.383177429706928,-8.999093614882677,-9.526242427489098,-8.719408734988335,-8.062554082053053,-10.03482110619087,-10.529159668769001,-10.465827629164355,-9.397375143943986,-10.134510418431807,-9.433517425583396,-8.267115346047428,-9.421990650924768,-8.205488466502876,-8.269051076879698,-8.315600486525629,-10.296559510178305,-10.172623599700817,-10.986450128467986,-8.897178468592694,-9.902406566001645,-11.120782782664248,-11.498990772506447,-13.331336133085165,-13.364358756715772,-12.023422286578988,-12.473196486758585,-11.709698529119333,-12.47730827347154,-11.811144401242519,-12.795968750566765,-13.631091940333889,-13.11274851249988,-12.36189408899957,-12.750414396985018,-12.647053878858177
-9.878853249775503,-10.132133728674722,-10.795286787601329,-10.910088860971454,-10.591076502594705,-10.497588224847425,-9.91928490668884,-9.633676808007854,-9.602306468379577,-9.190642228938525,-7.1575015819707914,-7.8233308378413176,-11.463569569797992,-11.391327400306734,-10.643457311086644,-8.792826687653532,-7.474410787391982,-9.420302327674925,-8.467687014749465,-8.182666969062192,-8.103477348501333,-7.001119941198427,-6.849433728910716,-8.999542331190447,-10.64141721021679,-10.86469511857927,-9.426957780308355,-10.849778448657055,-10.194858666769987,-12.042729649964642,-13.704889630202334,-13.300570599787712,-11.818858757597823,-12.858663284102617,-12.18206911045175,-10.963395039662412,-12.1978129504354,-12.518914800221857,-12.44797728371104,-12.303836737662547,-12.450883353237346,-11.795131386372109
-9.67539456457451,-9.720199717910312,-11.122545023492343,-11.292011185881414,-11.119436155730003,-11.248086652388755,-10.752734362670635,-10.202524637840005,-10.361106619683646,-9.497257614841534,-9.166240447665807,-9.592377586026705,-9.621455837046382,-5.848198404262452,-3.584336053007174,-5.575786969642579,-7.1452355485526775,-8.216238631583137,-10.808487064508398,-9.087793823824818,-8.893670308225829,-7.872639450866824,-6.848654991391469,-6.448499581761408,-7.7913209960623355,-10.309047855788227,-10.340236571454593,-9.922456245476436,-9.079558218906987,-9.139643685836155,-10.433323215488956,-11.44456286787636,-11.503338888969228,-10.619642490111506,-11.278997237003962,-12.285685221699667,-12.802122910452855,-12.841643128083485,-13.430661893188923,-12.212230972465196,-12.468830220656875,-12.54364446976358
-9.50668198757953,-9.436094477696905,-10.382553245672677,-10.663083952077532,-10.94288882187412,-11.006253945822133,-10.790616810891063,-10.754560018522207,-10.938578344812498,-10.399808751153724,-10.888702620174488,-10.830314944200238,-9.929068796120093,-8.670379498733197,-7.315279077249063,-8.209185328552865,-8.31911935568947,-10.067003724479203,-9.606806743263189,-10.337702362385794,-8.835966272788928,-9.067430263559363,-10.913275234410918,-9.3064740696006,-7.375425327543084,-8.532207343251391,-10.203121920578635,-10.424544526668734,-9.87830672028995,-8.384733602669964,-7.194042754939913,-8.986234049062306,-8.90632581572461,-10.241257427390382,-10.774077778094046,-11.711198079254842,-12.52620584616098,-13.795187083335193,-13.557359833414159,-12.74230069560862,-13.964962060579744,-14.060076933474974
-9.386060961500071,-9.389954441095583,-9.468898698111758,-8.52333426752007,-9.42882493880619,-11.16801598716592,-11.477906436259065,-12.158201332683811,-12.16072693718936,-12.388659965902633,-12.259714739465116,-12.008050498286018,-11.094225982350505,-10.650256371076518,-10.422293239434335,-10.397712152331525,-10.639191775444132,-11.972011667114224,-11.51261776569451,-10.806934056377324,-11.268044134448838,-10.767181424736458,-9.977970904523401,-10.700811493577994,-10.204977989859778,-11.210667725885136,-11.212400578361137,-9.434353838335795,-11.444703186869031,-10.492479875485733,-8.037406607010116,-7.672179516259199,-9.346879689714815,-9.208646866054329,-10.779733446619089,-12.809092743342319,-12.38705905576121,-13.325033072026546,-13.289549414617504,-14.181988202953379,-15.187601689169806,-14.986187020704735
-9.661383816794483,-9.628370069370593,-9.149764642382765,-8.444648548446079,-8.86625154680934,-9.362204998654242,-11.434709753666528,-12.061177198004422,-12.552533860945074,-13.107493602188052,-13.68784378687146,-12.444218593232668,-12.334589073936181,-12.16971260069116,-11.832664440017556,-12.277224318915819,-12.803158898467004,-12.82478607138572,-13.074822381800487,-13.111962807096255,-11.81628867969886,-10.494723029627862,-11.096158440660727,-11.64586279638653,-10.683890961743236,-11.897856514633666,-12.541375992043172,-12.740504295524879,-11.356893766946307,-10.279150543295424,-12.709404434582382,-10.1697059964244,-9.919469549495433,-10.804640037664655,-11.751118553484261,-11.982638579814115,-13.478270228988052,-12.816775576400833,-13.131651438856082,-13.974166921795224,-14.024950808166853,-12.859506406386089
-9.875335729194056,-9.350906782700683,-9.350636398815436,-8.633863896017944,-9.636540530329206,-10.275733660691111,-10.465511348982066,-10.744205671814843,-10.968871789417783,-11.643479083176235,-13.838426207361499,-12.999641700986983,-12.55508422129863,-12.86602937041974,-12.96125663200701,-12.118592355955426,-12.843439184814235,-14.035414082808128,-13.131923661628036,-13.322149205952456,-13.282309843361677,-11.566515289378682,-11.524142499842652,-11.44299015699857,-11.719037195815357,-10.533385962664237,-10.502499946621777,-12.443571975631952,-15.597032648578065,-14.80979762474712,-12.48672513519973,-12.505022076438479,-11.662670732665841,-12.398214674913532,-13.819516695574206,-12.621352733344812,-12.778718412928976,-13.456632196749643,-15.20061476280594,-13.15272721269178,-14.690685795815563,-15.347792339989281
-10.454029278083572,-9.853679633794943,-9.347460545900335,-8.694190530425828,-9.176762803163783,-9.462687447899567,-9.943933123899605,-9.75383063815076,-10.446546457998378,-12.236871859080246,-13.62983931396796,-12.64467755798689,-13.082227433426743,-13.406769912970786,-13.211412110985984,-12.908858819350183,-12.681336595924943,-11.936641341777253,-12.259633914090426,-13.061536362962263,-13.629487139128383,-13.007961077450688,-12.330926691251786,-12.797169517138633,-12.035113844330452,-11.553249023496875,-11.240630157461377,-9.386534187888454,-9.71586660856008,-10.781228261477311,-13.105036332017903,-10.489970665000508,-10.332542049800038,-11.688880060788684,-14.306115217243487,-15.217355468005286,-14.454127101051693,-14.446070290663739,-15.659573899657076,-15.72920092603812,-15.045207583469875,-16.15342033552527
-10.258661033967766,-11.063930734348347,-9.4872899956442,-8.690597058091532,-8.151193832729902,-8.881495274347476,-9.61373386983309,-9.971430538443723,-10.577076953672998,-13.37944548314584,-13.651171407336346,-12.880733806081683,-13.153526038429415,-13.08746945882044,-13.756061194775063,-13.432409772189738,-13.346346763930322,-12.618122222672849,-12.896677046158253,-14.275620441163193,-13.950493511984286,-13.935046275011324,-13.198742474329132,-14.063267150704903,-14.286809004200663,-13.584644409454791,-11.80557331922758,-10.602478612450245,-10.019568473326453,-10.968171446326211,-13.050892646911176,-13.775227675617115,-10.895889157400195,-9.521800531444663,-9.797041822701988,-14.312553382913416,-16.13300761175229,-15.436237058988585,-16.34975987189229,-15.934120319306459,-15.649773179148164,-16.372609511179608
-10.533061339185313,-10.017744605942665,-9.723346848612952,-9.077087390846572,-8.120608415742556,-8.855708371716542,-9.485146874653516,-9.902670900551977,-12.169296848426148,-13.571582710192665,-11.84461623804022,-13.252778683097379,-13.475877054404972,-13.282382095962221,-13.615145604960489,-13.889007561361966,-12.9555980606281,-13.091819477422558,-13.622433424157059,-15.566330215462168,-15.127872898763284,-14.41293986540557,-14.249303546859677,-14.664391795156686,-15.131542989103062,-14.133536237277811,-14.423814616457667,-13.723422101284172,-12.88432028147513,-13.137768415607013,-14.090549242227489,-17.178938489151683,-16.47618270960796,-15.483904333989944,-15.738813331230936,-16.147765086767105,-16.279663299919815,-16.920297517412962,-17.193497475546327,-16.639515029836343,-15.509068353764228,-16.624355908742604
-10.827812580281108,-10.492028928925833,-10.320189084643019,-9.558742938468935,-7.985296567135183,-8.676954842045154,-9.384495346486947,-10.305110108708,-11.058885340443759,-12.240492262316959,-12.40909891906564,-12.757783698178654,-12.888357695246935,-14.081366330262043,-14.368430099483522,-13.626084631104305,-12.946118312255335,-12.93996919280198,-14.243080740714309,-14.275640249378192,-13.367789879590728,-13.359664217995164,-15.280913099505051,-15.938948649740807,-14.91663999095962,-14.836979602661469,-15.101566937753137,-16.357137095502054,-15.225237649315378,-14.827025660661366,-16.28568363594633,-17.658204587269534,-18.067857216822553,-17.048069435439277,-17.013769980276187,-17.66634445728079,-17.22373614773827,-16.034092678798206,-14.611652317345845,-16.09164955956114,-16.37329939649667,-15.867986863024981
-10.523364714433315,-9.744054041743912,-10.989930409452935,-10.452414034975083,-8.904764418770624,-8.16840794915593,-8.979293153299977,-11.171291446381526,-10.094662004037877,-10.36611713184178,-10.960628047249557,-14.517370769398804,-13.968424866782168,-13.170484409664375,-13.740718164005225,-13.446549034440768,-14.31534181874125,-13.31417063491016,-13.897187075123608,-13.05272285926053,-13.113399515913592,-14.678122924652946,-15.977985729513392,-14.899759269645987,-14.394490748192831,-14.675331287089548,-14.72073526041525,-14.755361587722115,-15.521208032201283,-14.959643913421473,-16.11869842189614,-16.31395180834543,-16.092365664987366,-16.766794368962653,-16.78730461655097,-16.65557984768507,-17.405831426586943,-17.844222033730265,-16.74105981923055,-12.38768435119177,-14.259693377417667,-15.091416509590143
