public/json/wind_2018-09-1522_925.json
{"header": { "discipline": 10, "disciplineName": "Oceanographic_products", "center": 0, "centerName": "Ocean Modeling and Observation Laboratory", "refTime": "2018-09-15T22:00:00.000Z", "significanceOfRT": 0, "significanceOfRTName": "Analysis", "parameterCategory": 0, "parameterCategoryName": "Currents", "parameterNumber": 3, "parameterNumberName": "V-component_of_wind", "parameterUnit": "m.s-1", "forecastTime": 0, "surface1Type": 160, "surface1TypeName": "Depth below sea level", "surface1Value": 15, "numberPoints": 4800, "shape": 0, "shapeName": "Earth spherical with radius = 6,367,470 m", "scanMode": 0, "nx": 80, "ny": 60, "lo1": 109.0, "la1": 20.0, "lo2": 116.89999999999955, "la2": 14.520000000000117, "dx": 0.09999999999999432, "dy": -0.10000000000000142 }, "data":
[rows 0 to 19 of 60, columns 0 to 44 of 80]
null,null,null,null,null,null,null,null,null,null,null,null,null,null,null,null,null,null,null,null,null,null,null,null,null,null,null,null,null,null,null,null,null,null,null,null,null,null,null,null,null,null,null,null,null
null,null,null,null,null,null,null,null,null,null,null,null,null,null,null,null,null,null,null,null,null,null,null,null,null,null,null,null,null,null,null,null,null,null,null,null,null,null,null,null,null,null,null,null,null
-12.181525874602768,-12.322244992582533,-12.417790741950617,-12.673189675328011,-13.199662004001125,-13.768192929298628,-13.757236943755982,-13.100999007832394,-12.555597961329333,-12.233315539994642,-12.079032023608542,-11.878482839904763,-12.482300151118896,-13.543055480111862,-14.1446456597675,-14.533339847359287,-14.698131958509842,-15.183888558089187,-15.658529883327548,-16.340242609950327,-16.384021952237976,-16.572225030364603,-16.322111969580945,-16.899296089390333,-18.52767920212436,-19.363242466773407,-18.881467526379538,-19.138392723541664,-19.20479046606448,-19.13037179044847,-19.285101087303246,-19.32540832705937,-20.08344840624565,-20.317060074245525,-20.541166942403734,-21.01320736192855,-21.83123962163145,-22.383218482794277,-22.574192880891054,-23.427581588719995,-23.427475386921707,-23.251190660434865,-23.060533780252857,-24.582233081080563,-25.471210591528344
-12.527249116398615,-12.65977868774981,-12.680740458977228,-13.209436380097705,-13.711525246441253,-14.162231618881389,-14.09922143026295,-13.584362452397805,-13.137274839082579,-13.302181170740567,-12.481364652600467,-12.59411191994977,-13.499383396366945,-14.69270540264311,-15.012016842627698,-14.804113477176875,-14.634804072907247,-14.260103887948109,-14.80934237232404,-15.8067243795584,-16.312805776247735,-16.077792458773683,-14.165169028612905,-15.841651609766446,-18.362880749262835,-20.12707606352347,-19.753036381345936,-21.289060318123497,-21.525096610633845,-22.19047983183947,-21.055729101738066,-21.104707517960755,-19.868025399274117,-18.7815126233996,-19.429608400457113,-20.591709504329526,-22.01278272946169,-23.439255564375898,-23.636095917611556,-24.235297540507275,-24.623951163641486,-23.631289555068737,-23.236791333455947,-26.037772505628194,-25.986351818771908
-13.022316674288703,-12.905312284118054,-13.312306451129267,-13.83574721602793,-14.218667991853494,-14.703396011195212,-14.810565514034263,-14.042918449278373,-13.48192962005041,-13.196958304063115,-12.812634837206005,-13.243118013361702,-13.929677124308698,-13.973596359156566,-14.694916030812088,-14.731222808147471,-14.220489977183654,-14.37237933153974,-14.521349890151743,-15.308481767792987,-16.497794611604068,-15.50801922623755,-17.084272671123102,-17.345052242550743,-18.33693781938588,-18.531819453208055,-20.606878183681584,-20.1332204614718,-20.244991112563547,-19.750486503975292,-18.53493743258941,-19.12599038627093,-18.46496823337294,-19.57447641967783,-19.368757939583368,-21.551186208106976,-22.185473669616258,-23.673103783236623,-25.79389412000473,-24.204288293645995,-25.869291684927376,-24.48080629880038,-22.457078059111204,-19.553451779650054,-26.37909549047206
-13.001159829025903,-13.186799267238177,-13.708533379780985,-13.897425028249142,-14.715979127576864,-14.957129262771897,-15.594443153092547,-15.102737355337926,-13.650834407145625,-14.566182298689013,-14.999397234810269,-14.9034187636905,-14.259162285436032,-14.274885267622471,-13.879600495144423,-14.070835034789853,-14.11861008401087,-14.645098145227788,-14.343101409151098,-14.171677552600311,-15.89204616771482,-16.99704067933622,-17.44251438481088,-17.708273470183315,-18.254489447027407,-19.753397119794535,-18.062226231898485,-17.237093111488527,-17.482608975674985,-17.020757530682257,-17.402921450522612,-18.394253356696208,-19.42532778342569,-21.40638729127043,-21.034597919558976,-20.464454870660905,-22.438710168735604,-23.08419302900962,-25.261849898765362,-26.01072917946797,-26.09353039744833,-26.171101084459472,-23.722033942076937,-20.704709253662067,-27.58820099037002
-12.962344013627957,-13.069937659355794,-13.907852975278878,-14.13623536091103,-14.772319364602447,-15.177316046986991,-15.828361144172613,-15.544752808837195,-14.001096052125527,-14.441136469905231,-14.717863656181033,-15.45315200299827,-15.277141827917749,-14.69129013912655,-14.002642980675912,-13.201666166003813,-13.397721837663404,-14.852344716049883,-14.849505218236335,-14.355609944975653,-14.746830430818747,-16.359730537003774,-16.880491610252662,-17.377260746420923,-16.995580457452277,-16.407518750349706,-16.648305811378094,-17.41063684933271,-16.7900608389035,-17.64547459841227,-18.556645070804187,-18.366736528517457,-19.992790149512395,-20.775305131653674,-22.608602896792377,-21.88881509376608,-23.290764794843888,-21.979962641625388,-24.199340439986738,-26.97375255690136,-27.73464516247205,-28.212587451841358,-25.745832372714272,-23.35380853423651,-24.264792061481582
-13.024425149368582,-13.24442552929957,-13.757283399420345,-14.36400912297279,-14.702077283596145,-15.236190243997326,-15.790235270921965,-15.995691947477962,-15.502384969747707,-15.509626504967814,-15.273679813589776,-15.559328017410499,-16.25184963174197,-15.850664225204053,-14.847672743884981,-13.529336950017555,-13.693747093912837,-13.471301438793875,-14.652243650868186,-14.443536814371871,-14.583084806210511,-15.48050418824397,-16.4739417424198,-14.907146798739507,-14.589389871054589,-16.2804209863136,-17.516611611631028,-18.264226160383718,-18.290621732749223,-18.657606679054574,-18.514460453259126,-19.10786134916106,-18.209103400905256,-21.526365887894887,-21.65444229482139,-22.68437942099663,-23.747917064012462,-21.98310323446795,-24.66996946561263,-28.464904200706904,-28.838890662841276,-28.839256070128677,-27.381998948765506,-25.782633805691425,-27.217926854312456
-13.371381531091611,-13.408805214170307,-13.930903037962636,-14.520165638927814,-14.804797539912691,-15.142383235146152,-15.562884950306321,-16.773738443545277,-15.66259022651257,-15.556537526344735,-15.339274828158736,-15.647321466883351,-16.131475339518023,-15.664262502961096,-15.687937685156973,-14.012254012256545,-14.59115532673346,-12.498221990178429,-13.740155549357974,-13.417659253677122,-14.23545383099811,-14.830499967763702,-14.432769779417528,-14.312853608389913,-14.94132240815851,-15.84629648365643,-17.323283370384388,-17.766663981250513,-17.349358839784692,-17.327181196052713,-18.757160239188885,-20.29106878069186,-20.82718816841299,-21.35859278016602,-22.127947109070437,-22.297787965402197,-23.103735216275624,-22.46666584329691,-24.60567732704112,-27.926949104061116,-27.846873027883888,-29.223800443254287,-28.489190776887177,-28.123622147096512,-28.62076980915999
-13.28738546299964,-13.825024866313381,-14.056468073130695,-14.445897125105226,-15.052512256644459,-15.220438034216542,-15.212658322162646,-16.313662781011946,-15.71782204989534,-15.547526185987302,-15.734249928436803,-16.27972099161451,-16.798956591065103,-16.732471111105966,-15.494322967457354,-15.02717411152638,-13.260836104844014,-12.3844651451648,-12.83833199220025,-12.610709926766786,-13.484689271527593,-14.210476306601018,-13.869169430210885,-15.432244585222312,-14.696958096625469,-15.327688841285564,-14.7764150705743,-17.020751838379258,-18.11281871060662,-18.756768514093345,-19.19667487412255,-20.79955067213748,-21.82640409415814,-21.73630722347969,-22.78310200564508,-21.86207488483433,-23.504219174776402,-22.663195425590747,-23.771053775635025,-28.478300439396378,-29.866662611525424,-30.92972222876322,-28.59677559955241,-29.77184739219925,-29.35883561945751
-13.436398195354013,-13.928913824913877,-14.070018072831502,-14.543140019950613,-15.073473264443843,-15.400449811688105,-15.066620974697276,-16.063375959408287,-16.388496732159147,-15.910692908605235,-15.98102877710195,-17.025668398008126,-17.235808023411202,-16.561505237592133,-17.084267749675533,-14.071996666736919,-13.51563605693449,-11.987936638405712,-12.16632481621779,-11.991562461037308,-13.270113121479154,-14.098756521789433,-15.239438454004,-16.444138947142275,-16.179614171743747,-17.03155163203951,-17.0509669572979,-16.49168599068045,-17.580501630853988,-18.96625524923764,-20.02690817024894,-21.48348281941729,-23.371050466267548,-23.02984047194308,-23.437398800252815,-22.85858495750307,-23.596865570200432,-23.219246769619573,-23.12742862302584,-25.7846608060098,-26.583317736280573,-26.805531717341907,-28.131655568145092,-29.67412330957958,-28.841909777912278
-13.475488749253458,-13.820840237910705,-14.406782145895855,-14.81420248787934,-15.121387588008407,-15.63093457735382,-15.720314504657125,-15.589193392879936,-16.569228371812084,-16.264046527202044,-16.42285281049707,-17.268855506086197,-17.627383536187946,-18.08883099788178,-18.058565397912666,-15.877556400663963,-14.183920838142443,-11.803087093954108,-11.519098955383345,-11.627313743944658,-15.108058912667449,-14.507228029417112,-14.873004450809901,-17.58122293359407,-17.699028380991308,-17.698990802171927,-17.999953590081663,-18.446536075639145,-18.888224120900468,-19.148651346191652,-20.545835382135774,-23.421492215458464,-24.719658798848567,-24.161979366555975,-23.754086780792328,-22.73787304714312,-23.303144241755543,-23.36583822514789,-23.793098709241626,-24.01320301121848,-23.557264422513363,-28.076188699756678,-27.751235696136106,-28.955669501929727,-29.826493504651225
-13.85354398039718,-14.175722480915107,-14.660906206752141,-15.2458010047478,-15.571179200013074,-15.824731556559131,-16.371035636122116,-16.22696614645421,-16.544072185501822,-17.14077730436252,-16.588715004346124,-17.550583373323327,-17.768111816249192,-17.526504966843124,-18.02370260444119,-18.437096326903994,-15.630698796565943,-13.394154052025792,-11.445144638792087,-11.416078915948887,-14.390049389707137,-17.01136251915986,-16.476319153286,-17.467808389559647,-18.846966017368686,-18.192059268399987,-18.18618635475659,-18.75882558792221,-19.40910039746162,-20.02680581815734,-20.83667973435553,-23.505637313354036,-24.163352483026237,-23.6327458853408,-23.906651459591295,-23.647996825056566,-23.6326109423076,-23.398354747863774,-24.038315170029144,-24.741327297919746,-24.93934039945897,-27.58079523117049,-28.98577562725688,-28.988600213906853,-30.22125035237839
-14.391819886762908,-14.835900000852721,-15.267818744310683,-15.736944804897346,-16.182433956832465,-16.38308692223101,-16.57709616048644,-16.801307045690912,-16.887779010863298,-17.19175466582564,-17.41393415074679,-17.660762241393712,-17.3050881545307,-17.5706186280943,-18.138354479539025,-18.73501229063542,-18.189501923685835,-15.015472889712308,-11.34443354289891,-10.41417430175396,-13.813103496794888,-18.45304961785689,-17.6909485139932,-19.54260473696541,-19.971510235459064,-19.780735964405658,-19.511327727733867,-19.569642439874134,-20.18482623100451,-20.7233492902964,-20.886331816349898,-23.327417731704834,-23.9608832253486,-23.01788994230289,-22.89930380845702,-23.25848891050225,-23.73272010419402,-24.229856805005948,-23.791101110579017,-24.41210962034663,-24.989443803016933,-25.612291886920012,-28.769035358317996,-28.075830215928068,-29.00551160748468
-14.872109765592178,-15.69400772800278,-15.842265809880068,-16.281715102296857,-16.688865226213203,-17.212831944257097,-17.03375387556067,-17.716826147706197,-17.975435545395996,-18.068074671640435,-17.978923601927214,-18.098593514498347,-17.533440221828066,-17.800019432950464,-18.264939457501974,-18.7945443406445,-19.093285180798986,-17.947159031376493,-13.252321752196217,-9.931991239203994,-13.052321456191898,-19.72933432216212,-19.808762158935302,-20.264547854954433,-21.775130466910834,-21.313275443622512,-21.541446586266318,-20.664127574275867,-20.91838317265327,-21.53306652447733,-21.371522417601216,-22.54504464085509,-23.595053604773405,-23.88239359783364,-23.843616382334197,-24.064332144111265,-24.049930881946022,-23.491696696672044,-24.48932246673966,-24.700042188107965,-26.479190664155603,-25.169394432564726,-24.525731422994006,-28.172549348993567,-28.336738451345994
-15.567513760229712,-16.86660444354798,-17.149036948679118,-16.783767887654875,-16.678436329616698,-16.700697851559394,-17.669437520399164,-17.868148360797687,-18.14698514735006,-18.454889525526003,-19.202295815420115,-18.96422783926071,-17.5307676040048,-17.680753650799538,-18.01280895979132,-18.419626841179902,-19.388674680755944,-19.133141349244028,-15.510340902529162,-9.551442006054156,-10.088798428924495,-18.465573328631006,-20.893878517366915,-20.56679726386586,-21.905251787705346,-22.752058538833005,-22.9468755281515,-23.003159567831872,-21.88547681861514,-22.4931686354702,-22.320971569526833,-22.877056245893765,-23.779722191395884,-24.61793434227495,-24.43750318808351,-24.370628882685878,-25.417293397287942,-25.172758741094498,-25.55089879296291,-24.380777262480144,-25.713183441439526,-26.171094288990727,-24.169568563522233,-27.688780351575854,-27.597287002303432
-17.015399746712326,-17.346736169472592,-17.8285558175605,-17.444058175920944,-17.03389125787331,-16.689511539262565,-17.846826600924576,-18.0490211726686,-18.51323042691037,-18.9065892774562,-19.46431563426512,-19.446998259409717,-17.95662945034419,-17.795379244336743,-17.888449119387516,-18.28516225934156,-18.6364382200812,-19.420939407709945,-18.177389187344513,-10.891733550587924,-8.884823142551342,-17.637562476389974,-18.72702375663974,-21.67527246723539,-22.097505838410818,-23.490044452115818,-23.34269660763386,-22.90087991246592,-22.826763449350565,-22.577366945616486,-22.683072912407162,-23.645029911887384,-25.29525830644351,-26.45764621162234,-25.573716762207848,-26.126847092219762,-25.85739310716985,-24.98980617958698,-25.384522172397514,-24.275623399790405,-25.153002942762974,-26.22307656798957,-25.48229397576373,-26.526259772983863,-27.443532200290846
-17.49540644902207,-17.848806945954554,-18.399075985439882,-18.28108213352815,-17.16028978612782,-17.041795613443213,-17.506135084476583,-18.509920878551565,-18.588487331707523,-19.518540410192642,-19.82777131752157,-20.630547946768893,-19.18391756401925,-18.21535998039446,-17.728608855873752,-17.895766174908147,-18.049556224638295,-19.03307788379162,-19.375383168433434,-12.836329336652888,-6.633837192942743,-10.402023287293941,-18.988349506907987,-21.54372671505418,-21.788553289107767,-25.23656812485696,-23.9904492314087,-23.561112594003795,-23.5134238427396,-22.567979219266203,-23.279881014583758,-24.257447113375118,-25.499795047462467,-24.243791341576735,-26.67957979260341,-26.72390279573422,-26.95624083084083,-26.457090612045775,-25.024000590852978,-24.621845793731097,-24.620354868780467,-24.795608631070532,-26.044686682671475,-26.037040769572375,-26.907841987524094
-14.9300507988491,-18.301132215694167,-18.632477118784163,-18.97488150560376,-18.390804617809504,-17.156530085877012,-17.015650394692813,-19.262832988437292,-19.150983403147467,-20.025936493054218,-20.380174433796025,-20.38437697710964,-19.627721339138468,-19.157775281550045,-17.993659663957555,-18.744755434752108,-17.972553521344345,-18.144791979313258,-18.890587282207424,-17.913375204220372,-7.478906098562932,-15.452521866780563,-19.294033414780976,-19.842786062422757,-10.764160743468693,-19.69679250561808,-24.30493180934313,-23.595690502681357,-22.97654984494119,-22.224377685041148,-23.357603507612044,-23.621153419127868,-25.583175408643392,-25.49302950516277,-26.407287605070806,-25.75597780233682,-26.976582508252758,-28.014261472058386,-26.315116196202034,-23.182203127394487,-25.644854604340555,-24.82683740252095,-25.70167689071658,-26.58316820072104,-26.81867329440537
-13.763236227835105,-15.89165630750297,-18.878776170175794,-18.921630505793768,-18.988401591263127,-18.391029153493857,-17.70413738615895,-18.141131268143276,-18.495135495574523,-19.254323717818387,-19.53587126715011,-20.042265464698545,-20.3891466952909,-19.63368046366923,-18.46253575394973,-18.30252673663289,-17.882226971223574,-17.59726354764914,-18.763195916867815,-18.869665814034487,-13.980151150231702,null,null,-16.677762775117625,-20.121159837590458,-20.671109184771158,-22.586636236066504,-23.505147771371227,-23.071618679693245,-22.94927467943324,-19.99686151474556,-24.093780043813126,-25.309918996869115,-25.772269307523977,-26.50980312870699,-27.345325870591132,-26.472666937402362,-26.898304967595422,-26.072096995557935,-24.880702668532955,-24.69766486304732,-25.8697362593705,-26.23087300852945,-26.03267879700841,-26.943800658260695
