public/json/wind_2018-09-1601_850.json
{"header": { "discipline": 10, "disciplineName": "Oceanographic_products", "center": 0, "centerName": "Ocean Modeling and Observation Laboratory", "refTime": "2018-09-16T01:00:00.000Z", "significanceOfRT": 0, "significanceOfRTName": "Analysis", "parameterCategory": 0, "parameterCategoryName": "Currents", "parameterNumber": 3, "parameterNumberName": "V-component_of_wind", "parameterUnit": "m.s-1", "forecastTime": 0, "surface1Type": 160, "surface1TypeName": "Depth below sea level", "surface1Value": 15, "numberPoints": 4800, "shape": 0, "shapeName": "Earth spherical with radius = 6,367,470 m", "scanMode": 0, "nx": 80, "ny": 60, "lo1": 109.0, "la1": 20.0, "lo2": 116.89999999999955, "la2": 14.520000000000117, "dx": 0.09999999999999432, "dy": -0.10000000000000142 }, "data":
[rows 38 to 56 of 60, columns 0 to 42 of 80]
-16.99820438312269,-16.756974064886123,-15.99158917453615,-16.010463941113997,-15.488373976192335,-15.091757349963277,-14.90682808486541,-14.650185833919164,-15.33602697968103,-15.75623218931396,-14.228144410841695,-14.648145520918236,-17.756030697601407,-15.92705417249213,-14.41071233308983,-17.393426663995022,-17.45333531707013,-17.82784481219197,-16.002731303930986,-14.670800600959396,-11.8971511768471,-15.349473449560769,-16.33894418550084,-13.32162547647446,-16.408908750393138,-15.209750965952523,-13.83670324719138,-14.353966869042157,-14.52761648908142,-14.485216200981265,-14.355685634420116,-13.748820291812248,-14.27046346351166,-14.88094595653773,-14.738578964910033,-14.726101230703172,-18.435414803788312,-18.710258473740666,-17.19357064374251,-18.93052508778911,-18.026485923025174,-17.601682085225463,-19.518946636568604
-17.38718102354257,-16.357191052146707,-16.59540589321811,-16.39036498668248,-16.614537345095034,-15.028236730239414,-14.795545408531186,-14.524875021543616,-14.22194110760914,-14.912373242344557,-13.565421204628608,-11.896456026262575,-14.088961581017672,-15.938521199284164,-17.222773481910657,-16.45765137094594,-16.917145207572634,-17.89704666844783,-18.87237811700374,-10.969213093538558,-15.08815756318507,-14.060166201630345,-16.2858285252317,-15.543104585231582,-17.3134886977481,-10.879548011709794,-10.445525686538799,-12.088783314418832,-14.32074734265526,-13.137095578266191,-13.333143555083119,-12.984398405700404,-13.303249816129837,-12.527185696274008,-12.511073862525503,-16.313127361925627,-18.693828678475242,-19.709034186671786,-17.764709467136804,-17.099992334689667,-17.42579187726394,-18.44732479476645,-18.807441093924343
-15.854796459394306,-17.19658308287297,-17.630000680217663,-17.875293586609782,-17.26819851983196,-15.93499069488561,-14.850446626092497,-13.583146872575199,-13.916677078729748,-14.643324905449902,-15.403590282529596,-15.330848550174743,-17.191272327237545,-18.850860005601533,-16.35637982082753,-15.18055783698761,-16.809152186254146,-16.269482677571887,-17.624076654810434,-16.442757466195324,-16.210677668182626,-14.431793320751796,-17.769929612446834,-18.367149462458556,-17.284778119894302,-17.09656533721853,-19.493364396832934,-15.506148286788221,-14.846714687833845,-13.287669334330062,-13.48955624577481,-12.167451510849018,-12.661141112774791,-14.139763072370446,-16.03765569196525,-16.925594294029313,-17.956317640584153,-18.3011120500354,-14.296402932448576,-15.102243070879648,-16.455551938451904,-17.016072121298087,-14.97078946269062
-16.19300798952583,-16.790675452064356,-16.154935338712765,-16.84556335660123,-17.151841961079615,-17.343867345396987,-15.335120717497318,-14.357618548550805,-13.015870186611338,-13.766121824404241,-14.852764739344419,-15.202463083775065,-15.606472618669027,-18.094472124718273,-17.88858806946633,-16.42690542788204,-13.780914727818987,-15.409778576118894,-16.206921197191853,-17.071331766417963,-15.907860701473128,-16.24550638724864,-14.559511126611103,-15.992615758309826,-18.607567246897172,-17.620396083175653,-20.099101659616807,-17.1418731116341,-18.368671229534783,-13.853387576903966,-17.71855675532321,-15.351834349145062,-12.062860868671578,-16.25192077869568,-14.527809809501068,-16.770147128039866,-17.590839342428414,-14.852859842433435,-15.435781403381144,-15.794407339038166,-17.133679274208433,-15.425766548563415,-14.812794143973463
-15.4767685185961,-16.37799749688927,-17.046189325341807,-17.076783134940225,-17.220489124775472,-17.453123621710503,-16.20313659428755,-14.022806195403142,-12.424774341222582,-11.895970945035756,-13.165644804760994,-13.185778066316608,-14.181057982148175,-16.670885611722042,-18.56828131781544,-16.821540375611225,-17.41371298188419,-14.837804222265246,-16.244908092992116,-18.446572891659496,-17.35882344178232,-15.792942039104293,-14.713889984120627,-15.059422314714975,-15.102427810179348,-15.130301286211376,-17.61848098131463,-16.842275859208428,-17.702831290343504,-18.952543077255754,-17.079627917388816,-16.233743097349116,-13.99183065842757,-18.727007418412498,-20.594020509236454,-14.996354601318135,-14.629220614092745,-17.43295926982787,-16.789262570433,-19.68627839305707,-11.280149998274844,-12.787006179927182,-11.043028701732172
-13.986732418794555,-14.530376567169963,-14.720033945370135,-15.647971868821756,-16.278204755123404,-17.371695252462732,-17.03255393933271,-14.640401502540975,-12.740287736386703,-11.675834093984498,-12.312590382880286,-12.298782560824472,-11.245404991454869,-13.95711664315491,-17.05801069231199,-17.649848537512774,-16.099271443803215,-16.551888811444318,-16.437013413776015,-16.02470150292827,-16.928121066453933,-13.049475631403839,-12.852880904144387,-11.878159859667255,-13.374668140320978,-13.759334861161223,-14.25889515735081,-14.146343099506977,-16.03460279080524,-15.758711207071864,-12.864025244252941,-12.480998664907185,-16.554236965265215,-17.663674026543774,-15.395290253602909,-17.208085734402232,-16.775310692634577,-14.166240742687823,-16.52177240643351,-15.996605095168722,-17.550625893807016,-15.591025229556681,-14.852046270065948
-12.276104857448862,-13.194031758138301,-14.33154721323161,-15.666011380132318,-15.91822416712872,-17.033788263200126,-17.501289898214452,-16.17072852113952,-13.685777264850799,-12.751348639982062,-10.588496756509848,-9.5158604809212,-10.701727312455226,-13.479646723897345,-15.782979696839696,-16.53049327616467,-14.684695257744314,-14.971471234265868,-13.946478511219496,-12.15639664682546,-16.100928205335368,-12.928627176298562,-12.008036047750672,-15.664440079275913,-10.887030435368796,-13.036736038097619,-15.138377153808333,-17.133821757891546,-16.600485931654944,-14.541887893125343,-17.447624606099712,-15.421629983277231,-15.05446856467638,-11.387006110636559,-12.568001066655883,-12.224350939605626,-13.047778767286239,-14.092852014998929,-15.600596420858432,-16.636282971178833,-18.84808049557777,-19.163081634999816,-21.03943633529248
-12.051850904931808,-13.42790585228798,-14.447508585529361,-15.171474457810925,-15.694104259715065,-16.526436146801558,-17.91169841575821,-18.782355624264465,-17.037830574564374,-15.222462447807516,-12.702115722760617,-13.339890142264224,-11.44742955944267,-10.508498722430849,-13.367145362261608,-16.39449794142958,-15.418505938821662,-14.959921003468981,-14.97485545544589,-14.849879482731918,-15.373536631086285,-17.665970024225953,-15.663187599660576,-15.63872345661912,-17.211602415952314,-15.538681375746151,-15.933741047811083,-15.621057523172107,-17.75774059771546,-12.82873934272874,-15.048662713914768,-14.710640708954315,-15.16836639240603,-16.69481056620836,-10.874353194140836,-8.02475084639929,-12.160300222755472,-13.887329474115976,-13.42350651801143,-14.319545865768356,-14.96581147924666,-16.09146293899565,-15.640018364233498
-13.16366609305514,-13.424705248466264,-13.994162461065534,-14.77950279177486,-15.211872898586142,-16.228739147081313,-17.61707295050505,-17.70789876833465,-18.566604066402945,-18.976675214069743,-17.937275575567767,-18.010830420642826,-14.041504536436936,-13.985366174273409,-10.207295561096636,-14.837281959294542,-16.376980442485767,-15.26957006040961,-14.83293363083254,-16.126149929750632,-16.991026208985545,-19.496630864922544,-21.843589179726173,-19.758052038576835,-17.565527236915067,-13.36280701252989,-13.421984182107256,-16.53256492848807,-16.114882869195846,-15.227371904722068,-15.665693448805834,-15.0433124966597,-12.76224068436996,-16.144005479530815,-16.467205220525972,-12.849181217974472,-10.555956786632162,-12.59323833859791,-16.143780990649546,null,-14.349157037786469,-14.66573705727014,-14.481492945842156
-14.251560880471164,-14.129941436232247,-13.87428574370802,-14.379176259082577,-15.565173499593222,-16.188607238253226,-17.340056365081406,-18.735691906931446,-19.665899092810786,-20.278178966924884,-19.097395048421042,-16.514485969896956,-16.081383149362004,-13.551668126783639,-10.566669157178634,-9.574646514753237,-16.04793321264069,-15.917271440285893,-16.104176567829885,-15.60573821240765,-20.596317895346935,-18.729428400318593,-18.958708849812727,-18.873540957584844,-18.016194649397352,-15.164920123603835,-13.290472290095693,-16.938466035092027,-17.35090634866786,-14.798104828201486,-17.49202206635783,-15.206877684478181,-16.980138719796198,-14.935089074760578,-15.18228006259205,-14.13968289669866,-12.844715895057053,-11.764979936048643,-13.328638699180027,-12.562375010995757,-14.5915278008501,-15.422566331234039,-14.885579360571008
-11.251553660948122,-13.777615878704985,-14.120301057213315,-14.423330973272922,-14.956677681551293,-15.51240019193133,-15.929022298430787,-18.278141745987018,-17.754716365645415,-20.402511089968215,-19.74018562198475,-19.696101852730166,-19.467164282044088,-14.413137769445393,-11.487619662926935,-10.373836923617255,-10.057361797260828,-18.742716010285797,-17.54555863016505,-17.536131816652812,-16.123357906795714,-20.143426189887293,-17.284119432644175,-17.342377008139458,-17.700119294984393,-16.735705347732114,-14.186460373386742,-16.71099747370545,-16.9442244364267,-16.50828225240073,-12.116954132720895,-16.48265596741617,-14.477622409921095,-13.500149026506222,-12.036739907858065,-12.572662281904043,-14.0162937438065,-13.718915842802694,-16.923099436658713,-17.81681471059395,null,-13.96980056346349,-14.057474786531827
-11.855071507138026,-11.137437960333848,-13.905881536056016,-14.534553314051482,-15.33448344350424,-15.465136523311276,-14.35080536169843,-15.048070732317596,-19.292044520014734,-17.79711468990601,-18.952867685699932,-18.954885162408992,-18.46440983329631,-17.14298253098993,-14.338611327392789,-12.27770152287016,-13.936310783992326,-12.390766340575016,-14.452101264479136,-15.001791687192977,-10.527853250795953,-16.139520390876232,-16.110443531955372,-16.837104172611088,-17.31609397557479,-17.842922531279754,-17.02273746136646,-16.310712324004275,-16.162974446235058,-16.799013441919552,-19.116973944275912,-13.332728151519309,-13.14234311223941,-9.036724485779228,-12.35553047004434,-12.124231055137184,-11.767662550062811,-12.220392434123415,-12.37451440215866,-11.65386927850339,-9.559454043976263,-12.034254733556448,-9.727831146914252
-12.75012347937921,-16.10112256472238,-12.389536505785593,-13.246748566748451,-13.117018971088374,-14.629331159464734,-14.121496535135137,-13.406011669757355,-14.823126667427022,-15.469896651454503,-18.054467421548676,-17.871558770979426,-17.15259347185203,-18.275474082792808,-16.704755464718364,-15.612472358725721,-13.296361524419234,-15.623500169789626,-16.36109988288368,-12.147106944012084,-10.209044815508209,-14.858172722917434,-17.927998041155355,-18.61676458974458,-17.981101608592677,-17.569252171109405,-19.24075977515684,-18.669218619337627,-16.517194294163602,-18.761313327497298,-20.61191534855748,-21.71761904868082,-21.41907371428094,-17.24890827393754,-15.418947016682953,-16.39066354036208,-14.978126359189403,-10.630463853296492,-10.361081946676586,-9.459256970584022,-8.941345583599848,-10.952346846182756,-10.937831941596603
-13.496377458784231,-13.35461467820065,-13.532686005528262,-12.256279407605486,-13.390150143937692,-12.984203711415297,-13.36587758989773,-12.631209377352796,-12.551119731974609,-14.97261309149864,-15.35280725930454,-17.45741080480396,-16.90358107777802,-17.16537454834445,-16.839972542335207,-14.959262009823581,-12.171113963840808,-10.721355587393482,-14.709708376237492,-16.648700401220463,-10.553607618045325,-14.760033242123999,-16.5749031454477,-16.84995959126139,-17.088485674204573,-17.24936765776639,-18.34077973309252,-20.15883896804861,-17.188710287146534,-19.81785816116399,null,-20.98312199932131,-19.76700418486263,-19.364212601069013,-16.894100617225014,-14.988978621120996,-10.288148161036439,-10.104439661110112,-10.251238213436206,-9.112593202960415,-9.343730428814988,-8.902626254683199,-8.937234194079435
-14.858772271002515,-14.147932409150483,-12.634424536557665,-16.500934628615443,-14.676968823815582,-13.26099011100973,-11.183957743242324,-11.402060447112985,-11.533468585286323,-12.706695380831508,-13.243473471534585,-15.458170586963748,-16.71537301019748,-16.190128498536062,-18.603269001947194,-15.863820371175947,-17.734675384225717,-16.110473035800062,-13.325072090432379,-16.95482553348763,-15.303820213256035,-14.069253969480114,-15.190743360873036,-14.28330348397788,-15.597761249111057,-16.1525211545412,-16.700553356247465,-16.471457269070193,-15.539127021023337,-13.354564907922255,-12.981211342283245,-17.198132510731785,-16.434274268695663,-16.66273786884253,-12.61431588271166,-8.032448837053344,-6.151710530945698,-7.282533754324846,-8.372513436680066,-8.28169656645867,-8.128215906609825,-9.258271649356892,-9.54798449646017
-19.61974909205506,-18.479805547521394,-18.317730487082585,-17.066281616529462,-16.29709964166384,-13.840870390941523,-14.12655410695929,-12.457673521352499,-10.579039688339702,-12.542981590742594,-13.257299110982924,-13.896720675392906,-15.14414160046437,-16.19821277352096,-16.652247786584795,-18.261021869975387,-16.932556190840195,-16.714677137679107,-15.803785365122183,-14.023999530076292,-15.690388093534894,-15.664920106719666,-14.0742929777705,-16.3116182827238,-17.009142557533252,-14.68917780090457,-13.89858706190595,-14.487368120395022,-14.490937062257233,-13.569583934265562,-13.681467126003149,-14.639423524592914,-14.362258822056893,-14.255531943327076,-13.928740900170853,-11.590981631585215,-16.119038140886705,-10.27894048071159,-4.2994299633197794,-7.963889483111163,-9.569371680702849,-10.339405472600424,-8.814217966377676
-12.742281220909366,-13.629805238927975,-13.054563993870483,-14.59091795655672,-14.210813810011505,-16.170817715475383,-15.493306799521939,-14.896373584719713,-16.356931900559808,-16.34367910711838,-14.2948147380779,-13.00095852761282,-13.432875868439348,-14.676481595783038,-16.506215495765563,-20.058052645115787,-19.76525571298522,-17.181571745152105,-16.87948115642452,-16.84585639068143,-18.320524509689495,-16.079869878168342,-14.569794457565504,null,-13.976353618313722,-12.337866316457077,-12.01329449356462,-12.985131107377175,-13.426753486715931,-12.784844619403016,-13.301360948372169,-13.658184959360069,-13.051309886446855,-13.351241417985573,-14.049048529988418,-13.49303270455018,-14.803710453455414,-15.788619752862623,-16.081719918528165,-15.170024869726511,-10.832630114984179,-9.565093493380353,-8.769862597847304
-12.285385854787078,-12.087463754330418,-12.359950838051157,-15.410112483144086,-16.278867204788067,-14.666566317324932,-14.218181898837127,-13.214928535620185,-13.15262870312781,-10.744083328593904,-13.830121300517158,-11.166991899642476,-11.227562439115257,-14.435914039054587,-12.432324587067274,-12.416720704749263,-16.091889072801077,-16.702625544572488,-17.37779059234053,-16.97851447088435,-15.216376302237943,-15.38099173371056,-14.32599848783046,-14.716752407108793,-11.031106566201323,-9.734587129754814,-10.40603125259837,-10.390508821262523,-12.033305626999702,-12.597508294479992,-13.004691034996291,-13.489567079236487,-14.180426134057644,-14.539124041074844,-13.368894433965604,-13.464775206782322,-13.157375482853183,-13.16312249698953,-13.793108183464273,-12.50808376636258,-11.508201384114011,-8.053217793243416,-7.053417870848879
-10.838616003785955,-11.844368252222338,-11.777500394787312,-10.029749947180878,-11.312542809899945,-13.359695223022793,-13.11763270483442,-11.726184508829748,-10.496895137887183,-13.215716912785647,-13.630954301695652,-12.475119731629215,-14.875886903332729,-11.755521815935117,-12.440842092311666,-12.381880578831911,-14.741248294207622,-16.766608610566465,-15.909742788062404,-15.189451498532081,-13.652540204795788,-15.28756934180193,-13.56538665557669,-10.35000768630998,-14.30939087796514,-11.305821398542367,-13.197092472155887,-13.724479327166147,-14.119831107683114,-13.14332047743936,-12.35820444803893,-11.863228280571503,-12.552036571861185,-12.473595045651816,-12.676536585810306,-13.051506033037503,-12.071162211280138,-10.814873595101787,-10.744960850357163,-10.664229251544494,-10.341031540538415,-10.546789505889581,-7.422725324985917
