public/json/wind_2018-09-1610_925.json
{"header": { "discipline": 10, "disciplineName": "Oceanographic_products", "center": 0, "centerName": "Ocean Modeling and Observation Laboratory", "refTime": "2018-09-16T10:00:00.000Z", "significanceOfRT": 0, "significanceOfRTName": "Analysis", "parameterCategory": 0, "parameterCategoryName": "Currents", "parameterNumber": 2, "parameterNumberName": "U-component_of_wind", "parameterUnit": "m.s-1", "forecastTime": 0, "surface1Type": 160, "surface1TypeName": "Depth below sea level", "surface1Value": 15, "numberPoints": 4800, "shape": 0, "shapeName": "Earth spherical with radius = 6,367,470 m", "scanMode": 0, "nx": 80, "ny": 60, "lo1": 109.0, "la1": 20.0, "lo2": 116.89999999999955, "la2": 14.520000000000117, "dx": 0.09999999999999432, "dy": -0.10000000000000142 }, "data":
[rows 0 to 19 of 60, columns 0 to 44 of 80]
null,null,null,null,null,null,null,null,null,null,null,null,null,null,null,null,null,null,null,null,null,null,null,null,null,null,null,null,null,null,null,null,null,null,null,null,null,null,null,null,null,null,null,null,null
null,null,null,null,null,null,null,null,null,null,null,null,null,null,null,null,null,null,null,null,null,null,null,null,null,null,null,null,null,null,null,null,null,null,null,null,null,null,null,null,null,null,null,null,null
10.02419416222436,10.630353207985593,11.333906347399315,12.332397588125941,12.791150766247632,13.339965889028168,14.050680500764509,14.716479778010282,15.011839234987237,14.784614555251645,15.019580234987707,16.58943293129054,18.408613158430075,19.94967426527889,21.75457889933081,23.282553419668517,24.568743998872492,25.302398072262484,25.67071954077,26.132510243367314,26.884085254912108,27.761531708774974,29.106093973463103,30.636399816971934,31.94633692758048,32.30569113605599,32.55946466541852,32.45231686429281,32.773117334988854,31.24700767880334,30.7270544846382,31.34962031352532,31.672642216379067,31.4330838454998,30.412510131607142,29.713199416353657,29.124723418892255,27.414562564221093,26.03170164397701,25.544770125892565,24.65768294486722,22.57908900634955,20.29319274959574,18.60926787969494,16.389990983286406
9.802297718960345,10.145999965000417,11.162095284513981,11.831897497422204,12.67659887451813,13.180869049244446,13.532349506153082,13.579392880656805,13.394422163547421,13.315485530010935,14.614187876624179,16.296326837724042,18.631877892885335,20.415027973680505,22.33702147308289,23.7527563642188,24.714272051576028,25.2133430553317,25.747682315826232,25.047181053223746,26.03664616636266,28.19220112018896,29.01617604953439,29.38938741035525,31.472471580995936,31.721932255845836,32.11971635391355,32.84334000527819,33.207363030220336,30.947413123745985,27.028273045903333,28.15518369725087,31.97784890149818,27.63943444400515,28.620995556986557,29.365374188775917,29.07034219353107,28.804969563628173,26.77832060980063,25.290784149871357,25.061647739056365,23.74506586018874,20.254507804324994,18.11100694237129,16.466941292177342
9.598525552281846,10.11518595047949,10.589699487272156,11.541060521968573,12.01798108538135,12.430480176856545,12.544342170514934,12.54743552291117,12.155373453772382,13.341842019606322,14.562911007078153,16.807561300973234,18.824101999656776,20.935701523504676,22.6582466122915,23.421231444580208,23.708615516345965,24.3594511834393,25.024219020445194,25.367851577949057,25.68971803221874,26.86916770836261,27.93580901580269,29.600361707518836,30.857248252744597,31.0999972063776,32.55559832065236,31.894145814737804,29.05420699971295,31.318807388894914,31.368153721516148,32.536774320900335,30.822123170334898,31.323901153887416,32.050480800660395,30.344807517296026,24.700855359777695,26.689956171444898,27.090360016881636,25.836044366384268,24.993157184973686,24.645514638725942,21.971673470898256,18.140999916535765,16.241355669250808
9.440628463953018,9.913813550868658,10.613773762248945,11.346451006989827,11.3011730794863,11.336911827699423,12.110393543927817,12.185927900078518,12.223998112702562,14.002523581609582,16.236492665554934,17.907029714542645,19.899043612607066,21.55593245693977,22.37682733801256,22.841948829705373,23.19945990209153,23.62585393609291,24.30839406013928,25.086450055283933,26.61362183329921,28.53671459527155,29.62068957055656,30.322836568318653,31.261034973042268,31.17220199349596,31.98695717900108,34.16245631229108,33.592954508223855,32.414968231818634,32.29820293965407,32.52788622112423,31.93452326940195,32.560944122052405,31.305410788064403,30.594945150565184,27.658129690377645,26.98880749669749,26.357691867785483,26.213038915191742,25.14987512181138,23.161347044499344,23.68937267383513,18.900427548447094,16.238235958080285
9.078860608769743,9.507520828612146,10.156986083025725,10.483232425258581,10.68227278659693,11.100980723582236,11.662761200797435,11.417125484395958,12.747529283501,14.585565475109226,16.482161318411027,18.39122593864871,19.84721883402461,21.353660768803874,21.616590994387504,21.568010489440205,21.440428089221136,23.042284320281475,23.577101142236693,25.07923261720443,26.748825068139126,27.306516479763275,29.04914291614007,30.28480481903929,30.356747841717024,31.09418880943508,32.46629085073567,33.08991623354199,33.61662857262652,33.12487068376196,32.947791136404206,33.097565480422155,32.53975645441169,32.624142402568836,30.39641755177243,30.961312297780655,30.15040712470544,28.44060212720653,28.825709643796507,26.782323458035037,25.38755348865204,22.912777168718442,21.083374461425098,19.97891283121557,17.077642241741785
8.665641397479327,8.733845751450751,9.311005951911614,9.647746379128279,10.13263554095658,10.564270969023575,11.306885235323865,11.50224389886997,12.784761937872611,14.493980832772756,16.102402680268145,17.321758637707028,19.38933056761887,20.228005373016874,19.748020360629525,20.305795967269194,21.527200806077353,22.586471716804827,24.687920757459395,25.554035321688914,25.989283840103575,28.151599452136875,29.861852287704085,29.421985312324082,30.439684829437233,31.165560094858023,31.98837101146386,32.285179576925685,33.082855838383566,33.171554269236196,32.83762754943412,33.20328957773132,33.43520865897569,31.880844531468504,31.4447298405184,30.785766831000448,29.82821915735639,28.745837597200275,19.560600481568628,24.14287261312731,24.55357539500139,24.370442292528608,20.71747365852345,18.68650724213999,15.733224464926721
8.157340026750818,8.379794230479872,8.276013198786327,8.712922323975825,9.330897591614594,10.067723516613853,10.969717805150855,11.442142878404379,13.06319156860317,13.805556613032381,14.839525882639471,16.092177145809156,18.088088908982378,18.7334835062253,19.63076234895864,19.37291143388304,20.198697516433928,21.912119765743174,23.283399949551544,25.346315904246175,26.769738406917092,27.659902647570807,28.522723886918456,29.454869726967146,28.69361622752823,30.924884649821323,32.11233937421887,33.478504314814984,33.83980030858067,34.01515160121354,33.085068854379486,33.14118893052605,32.38555620764933,32.20343171537819,32.10715677503816,29.54943562453463,28.637810521291986,27.99676781236242,18.851600219042023,21.383479735402414,22.28903959292191,17.088143212092458,18.454479699907633,18.512737490968103,17.16308313794561
7.4931625256379855,7.542406166091074,8.044734428241103,7.929014659433703,8.433346340341293,9.310609707863033,10.060036179448716,10.807434368960724,11.828667618537803,13.032939975700675,13.958318455394316,15.615480717150756,16.296955585470002,17.42478616781207,18.286076337514785,19.34427258228637,20.20937292661123,22.139692173074607,23.593315188457215,24.359149905252824,25.670760708293948,26.4134357685115,27.716050692509278,28.242977453687132,28.901039768328342,31.646524827077933,33.92309133617124,32.730283065817304,34.04634991125556,34.01808830712331,33.17930319375829,32.6503949869491,32.87339275184463,31.388613793664756,31.269050200990335,30.475578763991724,28.58528100070952,26.77478662085595,25.28383972568873,21.826628475293234,21.7342685423284,15.361969857381489,18.98427630377386,17.1964266439019,15.248555396166706
6.497328330156954,6.656884681862882,7.1216144227525024,7.177140325029823,7.9532956485918715,8.627481637159379,9.217548385232199,9.599906302945115,10.821689649263925,12.125260370534361,13.94852949912307,15.14055466519308,15.50223850426173,16.761927896756376,16.813288990144734,17.64960414429083,20.69657691664704,22.05444686669864,22.76963956824516,23.829090320501678,24.971756483830926,26.07642521771224,27.030653559686343,27.50831352069161,29.265381893027367,30.595215684908986,32.064004048292006,32.48093253628098,32.335374538020105,33.01955726940635,32.68526314904839,32.82428721069631,32.410283871189264,31.96736743073466,31.911534615011263,29.386817581493354,28.12975864404499,26.047850300667257,22.3987282251479,24.565545022240517,20.4724478334094,19.295408286638093,18.444388533761117,16.09840000256904,12.128436487508733
5.348811674238514,5.594391777439253,6.255705578474944,6.713805886307651,7.205237346476976,7.883717282138981,8.117373154373583,8.413625419085012,9.77201332201389,11.12248487120123,12.576910238030898,13.313042345505718,15.12177499925444,16.070146143886557,16.79298308887724,18.646045843336044,19.940947994496376,21.437180352576767,22.13534791302777,23.162791139298676,23.984855656419953,24.644668551498878,25.577666762632393,26.58985581851141,27.774948136462484,29.062417500417087,29.896305006298746,30.01106854347267,29.878396632968553,29.765437061352966,29.59452704193924,29.951258351803126,30.74220464102077,30.45787811765292,29.32876136315427,28.054157745483913,26.341947844946283,23.514683622552297,23.851733537803675,23.59740025907964,22.50602325766902,19.618453897833362,17.25298910105165,14.520771763125158,10.433250553913552
4.679433274394448,5.21664067888581,5.951640869274161,6.467304689376738,7.043260051853418,7.394921424143423,7.5184036113865655,8.180859626285482,9.620214289660293,9.695988696025175,10.755035254803005,11.855182503184711,14.316554084009468,14.866540336334328,16.646186594923606,17.533183468341385,19.209570581787467,20.832653165893706,21.332464532575216,22.33334204722646,22.037366908573773,23.006678098512182,24.193331984932023,25.46394961444682,25.80561990128998,25.699029709914335,26.199043129972335,26.651672490381642,26.055510417474355,25.624047258790327,24.948454387389212,25.838339521799647,26.66510093789819,27.359798880794774,26.599551044816028,26.354837482592604,25.41567734160636,22.208780863482822,21.71440644616086,23.12613212004889,19.171159923799102,18.156946344142177,12.51109631302075,8.186223954450789,8.83332193947847
4.170994328021312,5.025343891223314,5.285112333449879,5.674409007075185,6.526916483821404,6.801774252725913,6.999531512276956,8.087874061609892,7.794544396529253,8.410387193146622,9.52930961528763,11.20258089388392,13.077244357739934,14.315021277614216,15.492382780512811,16.89664400944077,19.078490380698405,19.234918503006952,19.86632639109397,20.149288716792842,20.159967012186296,21.688815447407038,23.586456482464342,23.324768939102707,23.78097749195723,24.209176386857845,23.292273980450467,22.07852235608987,22.22207385132128,22.13185398113518,21.630492725587214,21.089786789073337,20.870723309258814,20.224606544975522,20.95798623136504,21.002671449940124,20.95980312340638,20.465527402326387,17.796655677314387,18.4143466154485,14.8030303101387,16.552010880140955,10.198747814038448,7.841484434045579,0.10827684632958423
3.834813183239797,4.563210620186445,5.011221931367527,5.493576562690445,5.875565804631184,6.361306665179086,6.50815305989331,7.587964430792592,7.358298373954339,7.490573239053262,8.596895689161173,10.581334701567727,12.601712032390305,13.799058360412213,14.426251021827696,16.42423781950565,16.857576480576178,17.30380219652104,17.73008310383556,18.876034341695167,19.22568424319089,21.430241439730633,21.064614159713095,20.769051814042836,20.981561890387106,21.11562500000162,20.02203122760118,17.07365546165227,15.797202735377988,13.55886509368695,11.217398944263175,11.373636541204903,10.771014146367422,10.290857865339362,5.83497497330184,6.051115164538794,7.98308095468281,9.341823794842972,11.900614871658973,12.046034149122264,11.808390365923804,7.690626058521861,7.02347045068163,8.764065415747613,7.477573705956027
3.696951153235693,4.363371045853743,4.694058764245826,5.140663127899163,5.744336900129868,5.563582643797006,6.03862278438154,7.236971212036099,7.291177229616993,8.269328007495748,9.012046507749794,10.106745988478206,10.727016704558537,11.701202359144409,13.641001474862417,15.084089666977341,15.289921436967266,15.440137677090679,15.872290300723515,16.980822712940853,17.11245624209265,18.312759444707467,17.019252109996373,19.67093908191145,18.09943479159585,20.270375272761708,11.531564437378663,11.393660696452956,11.96784984104109,10.497838937834057,4.058778268806349,2.053244453753203,1.4659349681046452,0.06986521197028814,1.9830662416926765,1.2398029041824832,0.7209147242768539,1.3180507033044941,4.278237355217556,6.205882155519353,5.2027478476674185,4.5648373898691155,6.2193996837273176,0.38541493907603414,-5.32325825163719
3.63943755996796,4.187485378212574,4.390560610305522,4.65871861047339,4.894352416409701,5.328101382941715,5.5370059205604285,6.957694209834704,7.0242228080686795,7.8763250963193485,8.037742983177397,8.790095919370028,9.6111715596656,10.925441082485168,13.215766897497025,14.014101552455177,12.725747067192177,12.967253272433851,14.021688722709882,14.966887634300416,14.378453974039068,15.506876972332751,15.710682618758108,15.594829528951108,13.445165548890808,7.384940734474103,6.8609857521410476,9.038207535730654,7.347652165498992,3.3942201000487104,-3.6190509085293816,-5.42239011063414,-5.57007076099199,-6.3830888334511275,-4.4616403435581535,-5.353708542543715,-5.527095409570446,-2.9740009779919423,-1.435908518568432,0.764171860833744,0.7643594245840334,0.049974801138502264,1.2005565130644698,-0.7675436509001331,-6.146234467111848
3.1926725158133937,3.6873803283171456,4.591376767129707,3.6158520649972576,3.774844749792649,4.708929983945726,4.633022158385443,5.6583946203150415,4.850043976239876,6.814777297887991,7.07888274446993,8.101539245474115,9.758808235214875,10.784704210327629,12.15795912264988,11.261190739453564,11.463147308772138,11.61657924127382,12.359549772944725,12.74304696781685,11.177915792764285,null,11.538723193656327,10.62872573403951,null,7.254988350517906,5.257177509322449,3.1899174697920714,0.24669583534486803,-5.830952224737656,-10.792639586494868,-9.238842234955943,-10.700194649958842,-12.369718410214109,-11.933978275391258,-10.948125805290008,-10.50789759211767,-8.349517969333705,-6.869313219090484,-5.087888222367322,-3.5815975631576715,-1.1890203403806063,-1.5741016128857943,-1.6318092517299307,-4.886207020557379
2.6757333100687304,2.9445701816469447,3.483898020918124,3.1736354555037423,3.066731673886727,2.862507375923946,4.089174304410251,5.779262669144016,6.022975596798219,7.418960113750098,7.123188511685988,8.440123423655905,9.33534592910444,9.767152126129705,10.225993543405218,10.74101954750014,10.351391086654244,10.332580800332243,11.000596181349586,10.438768448733759,7.685617184876037,10.932491569428882,7.905049505327874,4.180921459709976,null,null,1.9537316329967631,-2.4071837258615183,-5.220202263727222,-12.523872984394337,-13.498417626383723,-13.4127088083161,-14.895842799792657,-14.745189578220554,-17.632326931562474,-20.0507724680908,-19.422485117311297,-16.338978110614338,-12.465968954400246,-12.234543895812743,-5.657574344248275,-4.825414761145547,-4.847056830338788,-10.431671172397195,-11.469583273529565
1.8864156447808447,1.9777956121147944,2.2803561625807554,2.5380259635544107,1.5825564595622368,1.9862847623329811,3.1928650751639247,4.0271266862868265,4.396303994094658,6.103229893222101,6.532956119211073,8.257879738891132,6.8450503854899605,8.219724328953355,9.53269806653073,8.623631119997551,9.423737520339609,8.965965101363206,9.901869200434891,8.155390355172079,6.76116766338351,null,null,null,-0.05823339799236479,-0.18585134607755155,-2.443089975125529,-2.408310630191915,-2.409325526868014,-11.013414449884904,-11.845679471518793,-14.284542508313507,-15.967422318100416,-17.429809693942218,-20.87857966252749,-19.90561182627017,-21.374560956834358,-21.32114751971114,-17.454843459949505,-17.144661234660703,-10.920133421946424,-10.244467606359226,-10.426646223312225,-16.071908287592713,-14.767775551405522
