public/json/wind_2018-09-1609_950.json
{"header": { "discipline": 10, "disciplineName": "Oceanographic_products", "center": 0, "centerName": "Ocean Modeling and Observation Laboratory", "refTime": "2018-09-16T09:00:00.000Z", "significanceOfRT": 0, "significanceOfRTName": "Analysis", "parameterCategory": 0, "parameterCategoryName": "Currents", "parameterNumber": 3, "parameterNumberName": "V-component_of_wind", "parameterUnit": "m.s-1", "forecastTime": 0, "surface1Type": 160, "surface1TypeName": "Depth below sea level", "surface1Value": 15, "numberPoints": 4800, "shape": 0, "shapeName": "Earth spherical with radius = 6,367,470 m", "scanMode": 0, "nx": 80, "ny": 60, "lo1": 109.0, "la1": 20.0, "lo2": 116.89999999999955, "la2": 14.520000000000117, "dx": 0.09999999999999432, "dy": -0.10000000000000142 }, "data":
[rows 22 to 43 of 60, columns 0 to 49 of 80]
-18.814219312006593,-24.831385977070333,-24.53435520114019,-24.207805892055717,-23.974646865903555,-23.363453424126302,null,null,-25.38235559037915,-27.17876372396907,-27.492643553816862,-19.367159654023343,-21.725718762157005,null,null,-26.0298325210157,-24.356281125377194,-32.99194918266031,-31.990196128667492,-32.62866088617762,-27.376082002664944,null,null,null,null,null,null,-31.118163901875885,-27.894354853787494,-28.82264387474185,null,null,null,-14.427277977113983,-9.655421426654934,-4.854486087288122,-0.9461865505281601,2.4301193500223617,5.098167387405175,null,null,15.12133331725121,18.260919353661716,20.720442267432276,20.02056824004343,23.516077014893362,25.93969964316969,26.237326178617565,27.542306635930426,25.363437595127003
-16.309419286738148,-24.797382114206894,-26.744888414444954,-24.758161175795994,-18.603961554583,-24.658475174705,null,null,-23.333751031337794,-24.490617447621098,-25.990456464093732,-21.13889496657529,-24.447720095422294,-22.301465796980345,-23.679004194993816,-23.98420736605402,-21.781870554789062,-31.52639720008048,null,null,null,null,null,null,null,null,null,-23.6353717483097,-27.97556540514661,-30.106577075924694,null,null,null,null,-9.92626079277213,-4.036824090184535,-3.0802636647690322,-0.2560981851384399,3.2107576678442946,6.011119705467813,10.922715175989515,14.699854460474699,16.738450474426262,19.29503162049454,18.503507657061736,20.30343466693039,22.274538856277708,23.210059152560895,25.066746698792425,24.23853738767043
-20.38804559107166,-21.831286160258585,-24.4843317772447,-23.42022241299354,-23.556168193218017,null,-18.244843297696182,-18.531915343007874,-16.363408012778116,null,-23.62186618888192,-21.87767524969534,-24.709206855935218,-21.171922785974285,-23.912382212206964,-26.048706777944567,null,null,-23.783414901800576,-23.202876535583474,null,null,null,null,null,null,null,null,null,-33.68023227908123,null,null,null,null,-13.225288218826392,-8.591829796131686,-4.770189119056257,-1.9957124617502402,3.674110809280875,7.906056632394768,9.68877421645315,12.962108431162887,14.275008125349332,16.40375941296465,17.05590253743413,19.733579262282742,19.900106150624868,20.166630117379942,21.616654821711425,21.648898707381377
-21.735643926651214,-20.274329902073372,-23.258620652550615,-22.99101861073256,-19.502755447086724,-23.939640928031565,-21.8215753181866,-22.5409896228135,null,-16.41687679831024,-22.654610609424676,-21.6663502735391,-22.117743267468107,-26.139345508956943,-28.570308594356625,-23.319159150634384,null,-22.790313889285546,-20.688637940832937,null,null,null,null,null,-26.401627238270805,null,-31.429569394394015,null,-29.20373886057363,null,-36.08250705949574,null,-26.07312009154629,null,-17.750384470135355,-11.470242025256608,-6.594541713436072,null,1.3005360124677385,4.24774773700957,7.829180537772442,11.133254121754529,13.095175747284006,14.53040247123267,17.618570557555643,16.79116527579826,15.111940851407018,18.54251038578132,19.473414035525046,19.39266452278549
-21.60662776484827,-19.594228271242123,-23.342015549820612,-23.511019791710346,-25.20735111791116,-23.543658957024814,-21.716551635357707,-18.499292720344368,-23.609448454849108,-22.883335221971663,-23.901195165039873,-23.902415870760624,-26.915574394878465,-29.262091507569988,-28.486000616291,-29.937379487531434,-24.932608568382925,-23.29505409661744,null,null,null,null,null,null,-31.995212159923444,-32.672141514879876,-32.54124054425571,-27.559211111859863,null,null,null,-35.085665489433154,-25.73945907985082,-23.720691357573692,-20.877951084220598,-19.045515871049,-12.110366588930074,-8.739974020418499,null,-0.21273199140739835,2.8217772457646446,8.850900050157058,10.864889160049293,12.921398819520128,11.060460528566807,12.11836524079218,14.564778416172322,15.344107871274339,16.36956026830309,15.46957548356212
-21.74562575859735,-19.222804203121935,-22.37231135951531,-24.959828396361853,-25.975222338120584,-22.35551898957655,-22.086866148901347,-22.77782228306557,-20.285772229743866,-19.217029821180255,-18.489667332934744,-18.83747779516073,null,-29.761199129465787,-31.416151907850146,-32.868824082971855,-20.931789195072582,-23.433368809760903,-23.658091037110424,-21.46263295735928,null,-24.76099865998912,null,null,-29.086190707375795,-30.57716889588074,-29.786118832522533,-31.361675896623815,-27.175721596842166,null,null,null,-32.62529048125851,-23.990712685447143,null,-22.396077785365488,-19.357707967123062,-14.525684296910267,-8.71950173983997,-2.9086105826786453,-0.029365040470780358,1.6909854466818772,7.683475108688114,7.8224559634004205,7.331218670497979,10.32475660380856,13.065172609386975,13.681354495132698,14.236881426016028,13.155800993668375
-21.473873048704398,-18.880405213031576,-23.790262393911004,-27.53680698073326,-26.276501159709397,-22.558851610620685,-23.40507646064947,-24.358839005247695,-24.87476833807623,-21.248563536297553,-18.783373112068382,-18.58285949380308,null,null,null,-24.448372241977843,-26.486772998775074,null,-28.672301750346676,-27.119568142204038,-22.824171953354664,-25.389473780276795,-30.406728751080088,-22.43283779056481,null,null,-31.724313223030723,-28.555199754520423,-28.217772974966255,-24.651890553578895,null,null,-30.035459822374797,-29.276553027072055,-23.80216869292154,-21.530799079730116,-23.621759120119137,-18.237152073716555,-10.798218198281148,-8.793506687805024,-3.858809220781718,-2.6321229731602904,1.038462606641207,1.8449803121024135,4.609888934785512,6.521618488816354,9.604718458140129,10.553605034514822,12.480921944282718,13.460738967529396
-20.48601886642309,-17.96482347777711,-19.305294305381164,null,-26.041975511518928,-23.456051889993958,-27.96552501800689,-26.43053454379286,-25.144946101429674,-21.832632524066057,-17.65452238101463,-19.238579114502468,-15.781086582975924,null,-16.46746258082439,null,-27.476857644192812,-24.827162554364772,-24.616429577477938,-26.048718981723056,-23.31282992528122,null,null,null,null,null,null,-28.206132519251405,-23.2004922215966,null,null,-26.727045455780605,-25.790288066156933,-24.23832962398481,-23.54283130424884,-23.67219099077971,-20.86434103090003,-17.08236947835077,-14.307391542205986,-11.8257002718345,-11.382343658681403,-8.185279997713144,-4.538675669828961,0.7085732859877233,3.6529502546029575,6.851468712570934,8.50446967592229,9.960898882368689,12.007168969578029,12.270619334057464
-18.490207939700014,-14.967681620832844,null,null,-24.40370151762026,-29.393499500682402,-28.18234841335621,-27.423121190975916,-25.251690916379,-21.224048734293728,-17.764706344308877,-22.433609202753143,-22.002673530624094,-21.786845739620965,-24.406833059669236,-24.575759640037322,-24.028394716304494,-28.446157054905065,-21.973020689976398,-26.62132677606186,-23.86277629346269,null,null,-24.413219775237415,-28.480708841831515,null,-24.53050823555086,null,-27.471372619851152,null,-27.318953251147207,-24.97232280156608,-22.86254606436141,null,-22.233484450043385,-22.706204772897486,null,-15.981648301622837,-17.546394238946576,-14.505508869011472,-11.083020740296517,-7.983425075136102,-2.8106123377079304,-0.6475974431402799,1.9787945002143748,3.7545919996480186,5.988780375211568,9.164056487613111,9.310898789374852,10.133937600203728
-19.028477345710293,-16.418197713217477,-17.51747103347839,-23.455372389783108,-22.56169178973869,null,-21.923899012308915,-28.066283122653587,-24.836626171423095,-18.954603163224526,-21.333391399152447,-26.121098041533664,-17.912776171906188,-25.168611306082752,-21.625827394645842,-24.572468508493067,-22.46446339580166,-25.001797965340224,-24.78102139204661,-21.054723134900016,-20.179906278063406,-20.87123035964506,-23.69460641852578,-26.28801270121771,null,-25.827046026478406,-30.62314428464517,-29.339818090631212,-29.794724470795167,-24.56477724624684,null,-27.776289496308138,-26.519241539007133,-24.450001036528608,-22.126744079998083,null,-20.852995737255082,-17.572665456525364,-16.104738137031752,-16.07801239799072,-14.529455508414019,-11.08534057372995,-6.5833889576676565,-4.613626993371201,-1.4982266626489025,-0.6530159239928646,3.0793734060707068,4.899604244214945,5.176351949071227,6.072938881723099
-18.816585391417718,-17.928224670839338,-19.597601779849594,-23.058483326065407,-24.294631223243083,-19.01354995313947,-26.464108334609673,-20.679368414203555,-26.011537152671494,-18.510448997947826,-24.442096624135957,-27.054188780756697,-21.257368243904192,-24.45527554452594,-24.81487888782184,-21.647732103912443,-23.060253440624862,-24.102842080865948,-23.85252622000077,-26.55523236550596,-25.13745550770209,-23.565422255479245,-25.952255561119646,-28.273207304793008,-30.018464250003447,-27.877993285597533,-28.170745615642243,-26.187066965449144,-29.089050357161458,-30.966237935074723,null,-26.22887846167994,-27.111484560265684,-23.513755096765863,-19.704027916837703,null,null,-15.592974349050861,-15.012564515313175,-14.276588902808953,-12.59581740517755,-10.511421735312085,-6.928567006211779,-5.365933027154084,-4.136553420693288,-1.1246808650208315,2.069249042461443,3.3471037908166617,3.3175959685466414,7.827188163891601
-18.49062220587937,-18.264564448756914,-17.407174345041202,-23.656470143859778,-23.58686320432175,-19.958697088920378,-22.891656882174754,-22.87208174357115,-17.94431646388238,null,null,-24.96790923561438,-23.117780903626738,-24.64409472513755,-25.793854879359102,-25.564398346805014,-23.274395443465018,-23.854795409369242,-24.62462339219479,-27.990093413988696,-29.396387710979827,-28.33445887624844,-27.055568286171823,-29.4750983046589,-23.738495423707544,-27.12795744479057,-28.514312012555852,-26.36792569449848,null,null,null,-25.692430374113197,null,-28.233354965810378,-21.083464804935826,-23.519796857233864,-20.110695367774145,-17.441047093073944,-14.287458841378196,-12.76257431331481,-10.323816187843903,-8.710436098969684,-8.470301211987978,-7.060230107136973,-3.9493281089976096,0.5385263250749242,0.0038756937003093118,-0.1416582149618323,0.4118940425479773,5.092006556261723
-17.86768595282153,-17.024169709199708,-15.539001380787369,-18.5989756714097,-23.41111714571081,-20.707376968323583,-24.736195415692748,-22.909059519816406,-18.49934898858538,null,null,-19.088628483523816,-24.94206250911762,-26.241338590653005,-26.86196203835755,-27.876656933344357,-26.237900635606156,-26.89411687808884,-25.75666725849769,-27.564097716480504,-30.341958224448348,-25.183355862805477,-27.274890666851526,-27.654644156829562,-27.101083096088672,-30.44777456409149,-27.88726051495457,null,-24.552429505590432,null,null,-19.774329422164953,null,null,null,-19.29858982226578,-16.915485656241927,-18.387677885232264,-17.641330493328525,-16.98461738262579,-13.319186216797464,-10.61745586382451,-9.677686844052928,-7.669238717013271,-5.422040577610103,-3.386121688386075,-1.5137203892816007,-0.7835351471184191,0.9616389536909743,0.7309793608818659
-18.150131851686563,-16.67562168154946,-15.24380806754625,-20.982883237508233,-23.658738326317447,-22.45170578965449,-22.644780564979612,-21.138062863786917,-22.262921374188473,null,null,-21.055926616655135,-28.20403322891766,-27.977728644257112,-28.06768591598955,-21.72579120347568,-25.01065995496235,-23.724481794723296,-24.529964020300927,null,-26.812441207719463,-28.794027512196294,-28.613895889806663,-29.013401849485376,-29.987183328321283,null,-21.555312178894926,-27.135966806743053,-26.847297713962334,null,-18.15036735712962,-19.402856984384087,null,null,-19.661451409784895,null,-15.15856738717282,-20.33284908201429,-19.552616879199437,-17.493584080042083,-14.500947177252119,-11.371117085898401,-9.219474568874393,-7.6858014052619925,-6.067969028185798,-4.112019695798652,-2.4454508550710226,0.682725259152116,null,null
-20.15097994812045,-19.003960068318754,-17.44229364933751,-22.7537389397225,-23.93675548063031,-23.95406148504681,-22.20028092046975,-24.673088292533826,null,null,-24.660374869273866,null,null,-28.263636403465565,null,-23.451848226670712,-24.04416247079807,-25.205415199222024,-21.69996351702804,null,-21.571864947265354,-27.55477955355952,null,null,-26.181902919636077,-24.994932542694237,-23.86288677756888,-23.554484733765953,-25.69092868599557,-22.05204280272349,-19.272772303093394,-22.875329973902222,-18.69971793680082,-18.265148525013807,null,-15.553753889926604,-11.97430564686164,null,null,-18.05990430803259,-17.01672637982388,-15.364485901622553,-13.634656209542904,-11.091628996028959,-8.81191846439755,-6.041049075859147,-4.353914255642639,-4.139480197900888,null,null
-17.41181665130413,-19.03941553410829,-20.4517065685024,-21.837754415397974,-23.488056398764417,-24.033687781757976,-21.87382290267905,-19.597409015470856,null,null,null,null,-22.072107516041218,null,-24.772357835913184,-26.073674597190042,-25.01654936056972,null,-23.648747564967792,null,-23.56722015416318,-28.68059776184603,null,null,-25.196697313477916,-26.956008492322788,-25.185325677807135,-22.12552951188251,-24.58971458501578,-21.551457700711367,null,-19.491427459213376,-20.921385042547396,-20.181230702495988,-19.487802284659967,null,null,-17.28340083033865,null,-13.859945248740784,null,-13.74155089352935,-13.24092522654997,-12.536840700034936,-12.757554539367117,-9.623492911949498,null,null,-5.423116709396132,-2.9110075733200627
-16.353833201119393,-19.45918894582243,-18.709042206090302,-18.58556302238229,-21.731452326466545,-23.685460816148503,-21.51612851251337,-20.59508401808623,-15.29102142502409,-16.81984880280394,null,null,null,-23.974594025597153,-26.905302842689924,null,null,-18.330306832690784,null,-20.66904808607427,-24.536120710628435,-20.371409583778735,null,null,-21.47415583442096,-23.658823063871527,-21.667169246026347,-19.352856773853368,-20.860369617050377,-21.117939994097437,-16.59052775633699,-23.305802508874713,-22.745793818344385,-21.32781443882867,null,null,null,null,-16.941844543487235,-17.07654938362959,-15.689778329960467,-12.561111058134262,-12.304689941241651,-11.622429327352895,-10.292329854175726,-12.000117202349536,-10.145560040821849,-6.383969287391773,null,null
-18.4342423857985,-16.83468527726438,-20.208208049676625,-16.19001940323032,-21.414081497695427,-23.321574411784674,-19.816534366515825,-21.683854453250163,-19.84684995955329,-13.31269463911584,null,null,null,null,null,null,-23.631636427416524,-20.645266629008177,null,-26.58490447096962,null,-25.871729382097236,null,null,-20.946953875417385,-26.5126304415841,-27.357011078238294,-21.233887506296277,-16.91688619289456,-21.023015724731714,-19.86524623105091,-23.15423972138964,-22.639825795442526,-21.6813260394284,-18.882137931950144,null,null,null,null,-15.247157345674664,-10.312476390307467,-11.545470738605966,-12.575518492221324,-13.268787618891976,-10.721462939896968,null,-6.803530719899167,-5.741763093536576,-3.955500097353689,-2.0835123521952568
-17.613382333163205,-15.273946498867833,-18.282974298914738,-16.716392608026624,-20.732495924039974,-21.619947196469447,-19.142989880181098,-21.97645096801183,-21.321215690767115,-16.466327322154022,-17.458939969243914,null,null,null,null,-18.10716778082672,-23.726727096150775,-18.851914856421377,-19.50592116589656,null,-17.176365756350148,-21.41684191840721,null,null,null,null,null,-20.295592905202987,-17.672490242395497,null,-19.444817886082514,-19.697871035292685,-17.061591540992882,-17.414384566581383,null,null,null,null,-15.064822326916374,-15.811717981677024,-16.06758919705739,-15.056290654213013,-13.61108191486871,-13.509630869784536,-10.521422675040158,-8.901344338346895,null,-8.15468869703658,-7.844240597274113,null
null,-14.262606022368107,-19.527782666160412,-16.49638329980374,-17.7980688508589,-19.6123357903962,-19.035138199543226,-18.50862070715598,-22.023932299044745,-19.12498812716838,-17.47976747745462,null,null,null,null,-20.839843462023417,null,null,null,-16.737188218181355,null,null,-21.497266256369233,-21.612184940616434,null,null,null,-16.24242143486319,null,null,null,null,-15.043262716917985,null,null,null,null,null,null,-13.625379895961299,null,-15.874396210547292,-13.555359291402983,null,-12.502191561534982,null,null,-9.134598242502758,-6.549442117854421,-6.322971109041206
-12.139942274411997,null,-18.076781517190348,-16.54393928179594,-16.49947904848389,-18.871817284734405,-20.247154648068793,-16.186630038486708,-20.928569764240404,-19.524474302030853,-16.214569735034566,-15.449185343089399,null,null,-13.750048905024128,null,null,null,null,null,null,null,-17.57402099139717,null,null,null,null,-12.15420867955037,null,null,null,null,null,null,null,null,-15.142726069003025,null,null,null,-12.982306391598271,-15.152525667346152,-15.633234249294992,-17.1761386407091,-14.905276100099217,-10.754026879892105,null,-10.771034224935224,-6.939756892669728,null
null,-13.234082182330866,-18.355413847981943,-16.18025430318801,-13.27586686046356,-17.491500477276993,-19.240773992290066,-16.345693531124475,-19.648404207577595,-20.258987285002966,null,null,null,-18.146190900403667,-12.426456278470678,null,null,-17.417131586505718,null,null,-9.116823193887075,-20.124089797237183,-20.424739410416286,-22.52772338824174,null,-14.47894382288776,-13.250417531293603,-17.218667243210387,null,null,null,-12.589243448391688,null,null,null,null,null,-10.147571277021372,null,-14.733324131323055,-15.945776597009925,-14.746413667235183,null,null,-13.417958730319665,-13.69702613083794,null,null,-6.873988315612622,null
