public/json/wind_2018-09-1520_700.json
{"header": { "discipline": 10, "disciplineName": "Oceanographic_products", "center": 0, "centerName": "Ocean Modeling and Observation Laboratory", "refTime": "2018-09-15T20:00:00.000Z", "significanceOfRT": 0, "significanceOfRTName": "Analysis", "parameterCategory": 0, "parameterCategoryName": "Currents", "parameterNumber": 2, "parameterNumberName": "U-component_of_wind", "parameterUnit": "m.s-1", "forecastTime": 0, "surface1Type": 160, "surface1TypeName": "Depth below sea level", "surface1Value": 15, "numberPoints": 4800, "shape": 0, "shapeName": "Earth spherical with radius = 6,367,470 m", "scanMode": 0, "nx": 80, "ny": 60, "lo1": 109.0, "la1": 20.0, "lo2": 116.89999999999955, "la2": 14.520000000000117, "dx": 0.09999999999999432, "dy": -0.10000000000000142 }, "data":
[rows 38 to 56 of 60, columns 0 to 41 of 80]
-11.52991671300858,-8.578772969668405,-10.609216446248091,-10.536619840029418,-9.678300357401596,-7.4784407703984055,-10.390596579757329,-11.132403482201708,-10.64832827678278,-10.935095350148273,-10.722429131122379,-10.039852870718438,-12.465389552360842,-11.217627622655364,-11.160555524666515,-12.360271008323542,-12.372993024245861,-12.674793555253466,-13.032077814772869,-12.50273263771884,-12.954742565410186,-12.638044172099654,-15.580808727396315,-15.628171422564636,-16.851061394276545,-16.63046735832682,-16.846815520716895,-17.933329552190823,-17.878017596197708,-18.37568526484765,-18.16766034013225,-17.341383342785477,-18.19968759074956,-19.374258439303464,-18.868357099743346,-21.187005323194576,-22.807005758838265,-22.823839689251532,-22.21156341034215,-23.1197410795439,-23.024970101694617,-24.218106039546548
-11.226240347194317,-10.060231037260841,-10.508089589579393,-9.956767381563546,-10.14502553574618,-9.998207874057682,-8.563645353377764,-11.102094062371783,-11.250319112335411,-11.271256229931,-10.594554511183448,-12.327959980356937,-13.284877176111031,-11.961885905214102,-12.53698652770506,-12.605884847125697,-12.777257420358577,-12.749391119723922,-13.359967901169593,-12.056383762549622,-13.381281468112034,-13.196039481267,-15.203010811305013,-15.958874525801145,-16.43516333644056,-16.299115646312963,-16.254884274967896,-17.50012482357373,-17.83803403749497,-18.45191500246799,-18.766723134851585,-18.37523649210253,-18.49710728577051,-20.233349254396614,-19.478446813016753,-22.853535130619605,-22.788803883420563,-22.963135749217486,-22.032287354652894,-22.50440264263529,-24.030800362856937,-25.088783530960455
-10.438775540624238,-11.345262185821426,-10.532816322486653,-9.581386918054804,-9.994105799511757,-10.782003828140324,-10.295139031354697,-11.022372693394193,-11.620732142993363,-11.405568551345382,-10.61575968591607,-10.703181607389903,-10.757539617739354,-12.450781436953893,-12.920434352877862,-13.479946396578999,-13.670039877404609,-13.36158050282711,-12.192435363747439,-12.494306189708265,-13.86288371975507,-12.031470497533048,-14.356235428033495,-14.990600210478597,-15.02215515435281,-15.309561210844524,-16.248487884546,-16.690152938578038,-17.316585079932906,-17.536078027643864,-18.5173820929973,-17.482065551708153,-17.75384694475766,-19.781302770176975,-20.038121610174898,-23.10687911511688,-22.35194168013422,-22.072992836764698,-21.160074369123958,-21.795389668337737,-23.269494549889487,-23.33416610654418
-10.503234735786334,-11.370862367784238,-10.424522221681931,-9.35824727629831,-9.44706351224379,-9.807907898781068,-11.072353024778637,-10.211085380002906,-11.67321192960601,-11.404794409791863,-12.207159379726708,-12.64206677860916,-12.24617913044227,-13.955744176682465,-13.440979413716668,-13.037411258543603,-12.578733231851423,-14.117917368644225,-13.725723551976188,-13.70976345469835,-12.532232849045526,-13.65787870366346,-14.022128861083164,-14.138387320588023,-14.260183645300573,-14.194929141827508,-16.037836911781696,-15.63970968784481,-15.203063068401143,-14.998904133251296,-17.973818131610056,-16.7279227401622,-16.441709220088725,-20.93615465680424,-21.072529260259437,-21.53331865090646,-21.50736847120073,-20.96753619513344,-21.500241905348517,-21.42582150051416,-22.291616208498084,-22.51933759469243
-10.296436662506613,-10.839208219327231,-10.536210411180491,-9.45903169973617,-9.44008169173831,-9.398774696233287,-10.965334419586899,-10.740717422668848,-9.582288708428992,-11.103116796812458,-12.003425630087866,-11.32601988553801,-13.023037181062458,-14.773894510010967,-13.482712617484456,-12.966386794832694,-13.651189865365088,-13.578850556080202,-14.237395112301877,-14.752366793632747,-14.78299134720961,-14.416415677494383,-14.078677239535498,-14.224657954653706,-14.655818764400365,-14.988303193438231,-13.982171256184131,-14.340276772876585,-14.342829693506307,-17.482593050926713,-16.27271008219078,-13.150038429377101,-15.817761786826571,-20.2067392839932,-21.642465060141575,-19.851188177451217,-19.81318714480164,-20.72515993108749,-21.398724270976455,-21.58018113039391,-19.95581010786369,-21.665447685409042
-9.868152596101396,-10.16540992184008,-10.493272463603354,-9.941862410681445,-9.026116212872104,-9.489339790096665,-9.8655203223589,-11.548615708200705,-10.003028174931204,-9.3562848753746,-10.963155360625784,-13.101330262746817,-13.432599938310005,-13.08365181303964,-13.650752570290804,-13.375947359436006,-13.299577076550854,-13.144318388577453,-14.022980643220865,-14.424847100975965,-14.771423246931299,-15.011398936955429,-15.0760320212799,-15.242045106945477,-15.155997201126349,-15.435152443734033,-13.915927468396001,-14.354830583461187,-16.159379493636415,-16.168817508044143,-14.794830923232414,-10.912730297030867,-18.17852635355678,-19.16037686600545,-18.057382344182958,-17.9326864496514,-17.86390225114145,-17.997774971209118,-18.52174154260786,-17.86517261992379,-17.572989310033343,-20.629181179892118
-9.395580359084796,-8.994677517926513,-9.591713113608098,-10.10887432833423,-9.593081263501459,-9.564380188221175,-9.532729900387979,-11.003896804724315,-11.582009603532764,-11.648478735967664,-10.171478065595368,-12.39139724357796,-14.017982589733135,-13.513100572798052,-14.116174463204802,-14.385745910338668,-14.499173784025011,-13.961016573250063,-13.902950560454885,-14.237565347509266,-14.455124622508825,-14.844929758801026,-14.483085007372626,-15.3278142109815,-14.683241035687994,-15.432949495792398,-12.78503318747681,-16.316777774183933,-16.847874624245108,-15.140107319312897,-15.034475211466324,-12.087326196301541,-18.32947164890823,-16.972362035968562,-17.70891490490304,-15.854717003644769,-15.813501047015396,-15.257462804638001,-16.565213183823555,-16.850197634992423,-18.367193534435806,-20.98811336477739
-9.52324359381103,-8.98373334881442,-9.396906169326495,-9.900571357857089,-10.240186049347303,-9.350876089243684,-9.99614806953312,-9.994062572813814,-11.818573714325414,-11.399519366130944,-12.545046974427995,-8.817901191558592,-14.259416374811835,-13.076399988780178,-14.36685785714209,-14.424784063974606,-13.99962478046356,-13.407440403638184,-12.92337124866831,-12.483903380201513,-14.138313038614406,-15.562321694684382,-15.030004913027023,-14.492014302258582,-12.791689841056517,-14.554544741599738,-14.642319592219295,-17.618263705655888,-16.075774587305993,-13.605241831845989,-16.199961388831838,-13.77786131698845,-17.838402633138703,-17.17226200710406,-16.260173538154447,-16.12032648500012,-16.242266153026033,-17.3520657376571,-17.36808071429374,-19.1684798702893,-18.955997401088016,-21.374283968791115
-9.809965600679497,-9.75462599692276,-8.947371782945789,-9.209511157184753,-10.143562854436297,-10.551615252614019,-9.205196326001323,-9.545184773479571,-11.847945381050684,-10.84439419296308,-11.666796803013717,-14.55598740278896,-13.417474596613637,-13.689921785547147,-12.706236178418115,-13.434327282086231,-14.068825502494708,-13.863251515818913,-12.709956624321972,-12.144880594119183,-14.568673629962852,-13.198178607922877,-15.586028066194476,-13.72638525759051,-15.010833735385607,-15.455406963178085,-15.097686151993162,-16.853213054674228,-14.271628608205834,-14.550426448320763,-14.164521690228725,-17.161411156280785,-16.518426824946985,-16.77230686815226,-17.453546089137777,-15.432326988305867,-16.008135789850083,-16.006014446603356,-17.08917531198147,-19.715165899791675,-19.0449686774553,-19.77604367206778
-10.059320417690362,-9.85825407796587,-9.132273670624523,-9.444325722971785,-9.871910822816814,-10.783463612113792,-10.512515805002899,-9.900016878389518,-10.930135039629247,-11.824263406970706,-11.385913381906535,-13.039830918212122,-14.071602923137728,-13.613073181236633,-13.655835499460622,-12.10099446273961,-13.937091243919998,-13.773447938352064,-13.68851213021522,-10.830787513050723,-15.855495411895749,-14.408567722190739,-17.227808602042536,-14.473184687153186,-15.430921659689194,-15.181728541313564,-16.400772263284544,-14.682905170818252,-15.49355589798665,-14.487209323031266,-16.139941998451455,-13.85653055686976,-17.691851522977725,-16.185274076829398,-16.221625676750406,-16.009505688746604,-14.709657125200785,-16.4807440899059,-19.133295965969097,-17.891146339302722,-18.654199318192724,-19.562977928670627
-9.540375126606296,-9.559174594114133,-9.502913451931473,-9.609029346328544,-10.010134864216775,-10.94454325804355,-11.590743999310227,-9.585707040045234,-11.350321272972586,-12.226452005473192,-11.871328689838345,-13.01335282182312,-14.792959062614024,-12.795495769296434,-12.517338715581642,-11.314267271101118,-15.032890191830214,-14.169313789185631,-11.648973712182464,-9.535297395797443,-19.91265578475526,-15.575437264144554,-15.685791002453904,-14.606113549228755,-15.020575264851445,-14.93668500666054,-16.53970311022343,-15.404200613112408,-15.758908790099857,-16.343463192102618,-15.778600263090393,-17.391117445998145,-16.680671311857417,-16.208848072042596,-15.705234822965936,-14.48757442452425,-15.065353673725967,-18.270764628489033,-19.142471936883517,-18.46674007925461,-20.645019668223476,-18.097631790797745
-9.959533598805331,-9.655759746723866,-9.315090208542564,-9.71403655430382,-10.663300831255198,-11.260577894077631,-11.22033242657537,-10.934524711644634,-10.302052602529802,-13.124177844399298,-12.011149734078884,-12.535195574904643,-13.689423376991298,-13.562350041419695,-12.455858160384429,-9.880328795191826,-13.723574445777992,-14.23751080512871,-13.968837532238734,-16.51658499815815,-18.650447087859188,-15.539975297076777,-14.487175424866322,-15.158704901387367,-15.375392719340512,-15.493211906706238,-16.38308895652622,-16.64167028859418,-16.32067416961667,-15.378380609701793,-17.261874054289635,-17.230110636038525,-15.51341409979971,-15.173988354560553,-15.16548316059447,-15.272645479342449,-16.93728218217383,-18.738226859072707,-18.65574039461135,-19.336403704651737,-19.236742278852837,-17.991216357757537
-9.507816178141624,-10.565967371218298,-10.099967167066328,-9.720592963696888,-11.117582440995472,-12.050406458710356,-11.475207339453597,-11.274578081555422,-11.528281038381214,-12.706008838285138,-12.534022375179735,-11.970919670822772,-12.72432651651404,-12.687522230589336,-12.431058246045609,-12.114289136870404,-14.324645170129584,-14.69701034738478,-17.544032726558886,-17.262314253879392,-17.721606854531203,-16.710319427119536,-15.162503306434303,-15.304782405842108,-14.952107250036805,-15.637841728733891,-15.777766954729627,-15.476385257980734,-16.291061178918284,-16.173132790994476,-17.47630525135785,-16.20570552580639,-15.821702755383118,-15.513206216989692,-15.435785351495687,-16.598151715677552,-16.95710986344162,-17.703285320496406,-17.35622877181319,-18.28541804206318,-18.660608745988732,-18.48996762838972
-10.616655330563834,-10.574890225912847,-10.099689117276961,-10.484311602885658,-10.671599101774545,-11.841738561679668,-11.852408830652731,-11.751756238212547,-11.76421857273725,-12.51685825396642,-13.238758724537275,-12.193218639890416,-12.20799895398626,-13.21273961320652,-12.541273614769182,-13.633290372748377,-13.390601738961692,-14.27997923844848,-17.289411212175658,-16.353960573519764,-16.70517673977395,-18.294303277984856,-17.070501439834384,-16.677899801727893,-14.561041164552215,-16.321687299558565,-14.189035907938985,-12.741218373781631,-16.713481661578676,-15.73707342586501,-17.932770341383986,-15.951560744744926,-15.733532266436878,-15.904447742092822,-16.77622251543562,-15.900402276996589,-15.956498659742216,-15.542309300607545,-15.757601943768037,-16.742053660646658,-17.86457316919106,-18.289037489380764
-9.468538885210764,-9.728221160777426,-10.385953705859025,-12.035180027500271,-10.642783949759494,-10.41970903693131,-12.090453836157579,-11.559171662874805,-12.216249074528715,-13.743774328698969,-12.385184392209885,-12.59214515492054,-12.32255884245029,-12.45860418699988,-13.18911239739937,-11.464110102901525,-13.799286862947989,-13.441860280847328,-15.794775430219854,-17.268031252300805,-17.20792005421601,-17.90025540018108,-17.209250780375793,-16.948511255001925,-16.6142692800918,-16.368096620637655,-16.24687775164193,-17.287731401371083,-17.21050160963507,-19.01105967576953,-16.23298210689015,-16.528927799437504,-16.449549182362816,-15.357388685277094,-16.3238117514217,-14.742298874534036,-14.359109615469837,-15.01327767096862,-14.997747578040977,-15.983760361042696,-16.666115199104503,-17.91326454988134
-7.497031122558099,-9.120140887030647,-13.412383831558204,-11.768994985839978,-10.548141635919935,-10.262556310540187,-10.805689092370109,-11.235933573343384,-11.383209600963855,-13.414868690662832,-12.888953551027905,-12.718523988844938,-12.006901689473427,-12.216212584640314,-13.475423730942829,-13.363319848606343,-14.224730273078272,-14.943068792714378,-15.67440670695462,-17.626965936197347,-16.964166063926605,-16.89733370910718,-17.187315190885382,-17.255871991290675,-17.923089023358997,-16.904238034170938,-16.54834603978252,-17.061999371986523,-16.89372243743231,-17.282823957488542,-16.75840967621143,-17.248346869782495,-15.864279012837567,-15.82790195253018,-14.194001258765276,-13.092107961209788,-14.75139896082739,-15.021430995211182,-12.61778151501571,-14.864106683691872,-15.977449894249919,-16.693727320195833
-7.3180314717511274,-8.66161307322529,-10.959252438928237,-11.660290647938655,-10.973421074188145,-10.504924313711644,-10.246231163399651,-10.009847460867052,-10.780486493131383,-13.122516306492487,-12.897117190750134,-13.165895326100511,-12.10971376321648,-12.492425748881393,-12.749765461485014,-13.810595617067264,-15.478417240739901,-14.308664168051223,-14.331964756977511,-16.69622432002989,-17.959783408223956,-15.865039002627658,-15.783382707528054,-19.609760644195728,-16.526284202917726,-16.732393102920415,-16.308553943427054,-16.815105459489263,-16.878821727352612,-16.65464700149989,-16.27872445775652,-16.646078649244973,-15.666771964568577,-14.642219374725428,-14.541531091761344,-14.846592588490457,-14.01942741002506,-12.905699948739374,-14.244122670843879,-14.943827789783915,-14.851836940979851,-14.41629222075663
-7.973316516300931,-8.648304145636754,-7.463524038776686,-8.521406391055223,-10.95019749263105,-10.987323544712114,-10.728848615939164,-11.071305415507641,-11.566409821455041,-12.848941687567015,-11.554402571805708,-11.878547309543672,-12.44547486041191,-13.544608271262518,-14.749228130860878,-14.970249069348323,-15.186705445717937,-14.327787979027272,-15.381719820331579,-16.46790905616346,-17.184515337653462,-15.225892525506742,-15.893806005856074,-16.755118782278743,-14.670536023858723,-14.80931037540184,-15.153763791122241,-16.20061673045116,-16.90123089390097,-16.15157049925838,-15.63795540660175,-15.590114599149043,-15.717746646878155,-16.101814663353508,-14.881781304412817,-14.775522149882413,-14.327224639042889,-14.452796690412319,-14.522649591312367,-14.899250574727224,-14.38509263217468,-14.60168726410988
-9.223081272656012,-9.927719425777747,-8.87946984127916,-7.708658868977942,-9.131855809680527,-9.547837012678226,-10.974390125790308,-11.322844867486857,-11.222858345842116,-10.920689768194546,-11.867598746362392,-12.049784996153365,-14.106296243886042,-12.752717347299026,-14.960108324932126,-14.040861278459813,-15.577274364050345,-15.662259711185365,-15.165592972303365,-15.987309382329872,-14.685807027709238,-14.59160932578683,-14.667549509093664,-13.880698205628144,-14.721033893790892,-13.413316161802973,-14.746817632933588,-15.2510444908466,-16.13409521321473,-15.814552907939392,-16.23544838256588,-16.014545021809397,-16.672905911905413,-15.619831411264672,-14.830929617548009,-14.67308325334253,-14.60154065448588,-14.798840779814974,-14.627042947981806,-14.024489579806815,-13.318386508833022,-14.000064653672135
