public/json/wind_2018-09-1512_950.json
{"header": { "discipline": 10, "disciplineName": "Oceanographic_products", "center": 0, "centerName": "Ocean Modeling and Observation Laboratory", "refTime": "2018-09-15T12:00:00.000Z", "significanceOfRT": 0, "significanceOfRTName": "Analysis", "parameterCategory": 0, "parameterCategoryName": "Currents", "parameterNumber": 2, "parameterNumberName": "U-component_of_wind", "parameterUnit": "m.s-1", "forecastTime": 0, "surface1Type": 160, "surface1TypeName": "Depth below sea level", "surface1Value": 15, "numberPoints": 4800, "shape": 0, "shapeName": "Earth spherical with radius = 6,367,470 m", "scanMode": 0, "nx": 80, "ny": 60, "lo1": 109.0, "la1": 20.0, "lo2": 116.89999999999955, "la2": 14.520000000000117, "dx": 0.09999999999999432, "dy": -0.10000000000000142 }, "data":
[rows 21 to 41 of 60, columns 0 to 48 of 80]
-2.878191167159254,-3.019832979592727,-1.4505076241455848,-1.2215795266942266,-0.13505964938919623,-1.4463656536825482,-0.3271082127778674,null,-0.9221907602161208,-1.9241651906519905,-1.6920861308002615,-1.3977982399712299,-1.7816330139560013,-1.2130547682362842,-1.7349082334351866,-1.2247526052150894,-2.023519886793288,-2.454240938053685,-2.391370656452146,-0.6673007471312458,0.21033975922639706,-0.5011240497889018,null,null,null,null,null,0.3554699882258059,0.6099756693865802,-1.3633144319202743,-2.3654931534387575,-1.2796673481527026,-1.8333463013453462,-4.212909642824739,-4.906335538216989,-3.566123909610696,-4.810134613772711,-4.71642515164571,-3.704652639104978,-4.5951256837916326,null,-3.0751243296464477,-4.7462613313048365,-4.829599875216508,-3.2802344827187877,-2.8062952124479508,-5.143706595567464,-7.147927961487535,-8.55860540598384
-2.1442791212148125,-2.140114981395601,-0.9096312767721906,-1.7633184715024046,-1.393706995839428,-0.7686267291944526,-0.21350948949660467,null,-0.2274726663058146,-0.9534024876975412,-1.4461715928112095,-1.3620570979619868,-0.4859382438432186,-1.5226827122116708,0.3439876811472223,-0.17095211447529052,-0.29528598808301315,-2.3495749126055374,-2.3640624157918015,-1.664568649175234,-0.3812625655100901,null,null,null,null,null,0.663697996967576,0.748943582776849,1.0741802127653879,-0.3067729151403429,-1.148707362317905,null,-2.4963171798556263,-3.8428879404640424,-5.343472913582932,-5.428268829143683,-5.448418525893498,-4.456195056110841,-4.365925504136537,-6.036261957667991,-5.269374869692703,-4.95746397537264,-3.222566037374654,-3.0493823099664383,-4.729172254080471,-4.360811530689604,-8.21912159953718,-8.501102400663893,-7.606755017837329
-2.1654258705111062,-1.7056669004543157,-1.2232841390114164,-1.3923239998387875,-0.8243292382507527,-1.7111770158112523,null,0.2848098128712079,0.693237763761154,-0.9479435665744662,-0.8147210617481536,0.3717498005736853,0.9186421732903832,-0.8752149785439753,-1.6273215174294886,0.1294780902428707,1.2882234175262997,-1.0788457877515103,null,-1.1318532226335352,-0.9266003559694846,-1.7476674635022018,null,null,null,null,null,2.1876285067147943,1.2259508500156542,1.0289444618409973,-1.7393429845630914,null,-0.06763402916161344,-3.127515378760709,-6.139395020422545,-6.487342467205476,-6.194912045868209,-6.539459660075884,-4.24055494255455,-6.250232563346713,-5.925287171064426,-5.251304876072354,-4.971919188868666,-4.793033021009828,-2.1474897889728646,-4.53262242670156,-5.933590277306736,-7.733411769926438,-7.996822823041329
-1.9896882900776618,-2.1720408796517874,-2.2161368726863135,-0.6938804236717865,-1.4181122575902978,0.054478179822244815,-0.4221665805310733,-0.47827511656676097,0.3460696745072015,null,0.403926209317038,0.6055254176530747,0.2896368962510091,0.14639531010350756,-1.33400880478385,-1.4458506222096243,null,null,1.076985061684414,-0.0905894370430696,-1.4541638681783375,null,null,null,null,0.11902391096072758,0.816329076361417,null,2.5581711053454566,0.6640150880462865,-1.551776065117046,-1.2117992632593373,null,null,-2.7554422792751634,-5.51748317069657,-6.298480929343513,-7.152578071855854,-4.614952478119856,-3.886406749425702,-6.725902453154996,-5.012296037021194,-4.473890252126632,-3.882310071204647,-5.261256918405799,-4.31497735197251,-6.244176970371393,-6.272594964662796,-6.640065014194643
-1.6457560363360457,-1.9669133472907059,-2.7207789269676312,-2.422818357562299,-0.5676341778965587,-0.8287943506595625,-0.2920955569764754,-0.06445994678590869,-0.4379712311203313,2.2256081782501176,0.8638388826844611,0.2586787100287631,0.4479327545551791,-0.02312275811610687,-1.8115285352623984,-2.3665663982260194,null,0.7148718244423198,0.6232236793503094,null,-0.18557708209796694,null,null,null,-1.8734456143938163,-0.2190358239909438,-0.8626682978688471,0.34677177342168297,0.100669926076436,0.9420452100724411,-2.7707010606307403,-2.517253229580704,-2.1775979582551317,-1.5036850765978933,-4.970673515161037,-4.60026317580669,-4.9052453233378355,null,-6.517600537629713,-5.08472032640334,-3.3730588040187017,-5.664142785754368,-4.927185312613938,-4.474834064337392,-2.695256505827947,-4.622902817688677,-6.99210812350997,-8.837529553509903,-7.5871517335382705
-2.991105810727447,-1.7596397806504906,-2.3879020454673947,-2.9148648187047836,-2.0130199220414884,-1.4202901441869353,-0.5652982434402107,1.3306211133657875,0.6853394298625706,1.459581509484368,0.2957169829343503,-0.48897154450186964,0.21967245971179641,-0.05529406691369616,-0.06622462082872309,-1.691061829635591,-1.4229533186097112,0.30617545746671243,null,null,0.34797575306483486,null,-0.4139941100941328,-1.1690894659496336,-1.6461029676810646,-0.22053372423487916,-1.28571597502231,-1.0941599535221593,-0.5515146310736528,-0.3203914179606525,-0.3035657782171286,-1.5967851950396441,-0.8141353987309411,-1.284985829650717,-4.7225186739159035,-5.2062421165674735,-5.534162731345388,-4.220366667157912,-3.7379958869473926,-6.713158688898183,-5.698658358949562,-5.77956835340268,-6.0941904465627275,-4.900703995806947,-2.696879609025719,-5.308486373362943,-6.14068956389036,-8.341423950710054,-11.820403843311786
-3.978510296397696,-2.3719038556948284,-1.926463874027535,-2.6898076323804765,-1.6887113470691,-1.3927650275431676,-1.3801433218030614,-0.22096438264955495,1.1805774249193008,1.3505407606437663,1.6302857445250263,0.30170030763196276,null,-0.45532813621521817,-0.10100916120976741,-1.5876952364343317,-1.174582885041522,-0.5089733882288107,-0.8658511814792405,-0.7187070803834892,null,-0.2593578925467102,-0.30822105896033697,0.9801601452340928,-1.326813920707251,-1.0244014708942377,-1.7150377261678824,-2.216844540858254,-2.1031540994397524,-1.5428604085096098,-1.7170483951063362,-1.8227976796745273,-0.7541971900620643,-0.8524373904550309,-3.7335577756287748,-5.488733891486558,-5.873146478774292,-6.884762748151285,-7.018024317953211,-7.5414586044549,-9.39763087895671,-9.117621431780213,-6.273342494955951,-5.615551484970174,-4.793943458431415,-7.027172598279945,-7.534094840593575,-7.431715687682849,-10.549921379532265
-2.711442083754505,-2.547655532119717,-2.0989549698426777,-2.5088040173740724,-1.7497210384924977,-1.542425912166514,-1.391524974110175,-2.142422187061661,-0.43056074958405366,0.5099373763170546,1.3014577547509916,-0.3481655774500511,null,null,null,2.3848598316382508,-0.45978136395728036,null,-1.7212188042314946,-1.790559195336744,-1.2199980953238434,-0.7061499768562494,-0.6512913930913273,0.8152676015705791,0.5448639090156151,-0.10307500195375352,-0.8680160921830805,-2.671017732671606,-2.335733041108968,-2.064470705182425,-1.136838616124108,-0.9307151838044523,-1.7243091078677524,-3.01945021998744,-2.7396325073215193,-4.985783447425526,-6.710814613508564,-7.570464363157045,-8.856426311536087,-8.756970564214939,-8.823194699875033,-9.288887107875725,-8.343373090991367,-7.598321842646845,-6.683680387910186,-8.363426147571142,-11.442729768212045,-8.173076517698378,-8.438193761691103
-2.547627394345538,-1.3965999002808576,-1.808834694284272,-0.014399504333969516,-0.9957187901393219,-1.0312740918679792,-0.8853766798329201,-0.7882732309153144,-1.5724724324710446,-0.34912362100513744,1.3428977383923761,0.4138246221180842,-0.02681804707843924,null,0.23399359304050574,1.7774642310844513,-0.09350321680707036,-1.4860472134130407,-1.1431226185158074,-1.029496834714676,-1.9458195895816246,null,-0.7217706587985755,-1.2719827856259822,null,0.07426479878067109,-0.5143327462270054,-0.4410463666352173,-2.426522682680162,-2.83153408785865,-0.14689378368941225,-0.41342322247542296,-1.7345468996438451,-3.381761846921785,-4.7021598748337565,-4.031476642069795,-6.453037237964516,-9.442933291122225,-9.433119575426979,-10.140380361678755,-10.591924399053928,-9.608437069122974,-8.557405757521233,-7.907728483526334,-8.211649865071601,-9.924905252985694,-10.739454900787468,-10.408449714354347,-9.625375333317315
-2.163886681452261,-2.4387333047365867,-0.22275130120021122,0.07226274640635184,-0.3211669610324514,-2.3386820155353116,-1.3478671295112807,-1.1035526895363879,-2.5214403728143537,-1.86981045390832,-3.6719081654230235,-3.7226429093271323,-0.8929638025113324,0.5644978389749704,0.7323517935627946,-1.561341587519641,-0.11297588403043524,-2.760313168271095,-1.5415835675005254,-2.2292743757433326,-1.6416524602218283,-1.1916026499670371,null,-1.2918045337738442,-2.503249759908557,-1.5743307191570513,-2.647863798567032,-0.23802833425464548,-1.3347327921073797,-2.3742954201096005,-2.9611332608769407,-1.118862542915933,-3.137742199359103,-2.2252291202196455,-4.210770289786751,-5.855816895302804,null,-6.359341655650196,-9.487236791155826,-8.282183864911573,-8.642539928197307,-9.470721781386457,-9.922590050379586,-9.796050520543123,-9.197212420217491,-8.156822604755373,-8.882475544710447,-11.219925233758243,-10.236700813773258
-3.44250839959249,-3.771519516122402,-2.40124745201812,-0.7093923672535855,-0.770761709996086,null,0.26676660572772803,-1.186565709229976,-1.1462942164771341,-1.9338675676665424,-1.7548288099624303,-3.517023437463073,-4.860969244976096,-3.5389861760415013,-2.9491665664692155,0.5362212656661121,-3.7396167856502993,-5.319898346007122,-4.386936275522325,-2.5139989359121753,-0.8719733840121655,-2.0283146049099217,-0.5024217610855682,-1.63213203558199,-1.6669446113748063,-2.212626000553274,-2.4431282205794815,-1.573606867751265,-2.0259212795386023,-2.8611968461985002,null,-3.7223447823258535,-4.929765682679747,-2.3010038056915456,-4.0946388399847,null,-7.070633308099087,-9.274233967472917,-10.683460938718266,-8.311886816496429,-6.311929241425908,-8.887635582278326,-10.368043276890855,-9.342433708715202,-8.687026182264793,-9.00982680130992,-8.342050506092349,-9.079624887375111,-10.369135621058359
-2.7146492218371683,-2.3006822089776997,-2.6308163488998644,-1.7900535343389956,-1.530397140261214,-0.9959897546476523,-1.05600325296112,0.2541543726830684,-0.8188618554576036,-1.891702342581171,-2.4095925482902616,-1.9443853500949841,-4.1165856653347825,-4.112624100506792,-3.7040227054279824,-2.812362346862172,-3.9792261886906215,-4.7675788462730235,-5.263057092262852,-4.842633669661539,-3.035814162004802,-3.524925718842893,-3.0293238032890306,-1.7401898795907862,-2.325761320042671,-1.9742839145104916,-3.4150977134492835,-3.0819774275096377,-2.2017726771577086,-4.462083296117934,-3.350250851754065,-1.1846464005325927,-3.285020207099016,-10.210485657443998,-4.4428116497545656,null,-2.2717134388437015,-5.134379215576575,-10.89400201584394,-9.610079903197894,-8.270883828326392,-8.291888012824723,-8.683257778332056,-11.19733508076283,-8.983043119665908,-7.6141633191760505,-10.40447257765547,-9.935408383243665,-8.66041474673909
-3.2033324038397373,-2.5674412507488444,-1.6361884256424748,-1.2928688202463967,-1.5998158348647453,-0.8980355110090619,-0.5232653045562697,-2.5530718873623823,-0.048159193862911065,0.42188962357653226,null,-1.4312751928807455,-4.320820376743531,-5.063928962251435,-5.181119418574561,-3.703431635554106,-4.434069380945529,-5.555675654629397,-4.525416463806365,-4.380652839479383,-4.225804294209335,-3.4853328891791815,-3.042378180838974,-2.6032832399277637,-0.4966350530694616,-1.1655356965002017,-4.667468749423262,-4.262660147431273,null,null,-0.9048894271845951,-4.441193373583609,null,-3.1105567129903293,-3.3673897404930124,-4.748760145757719,-6.1611664455230155,-7.189688927355893,-7.1229239662172565,-11.52991488944769,-11.276699446442867,-10.90961260911919,-9.918318854362113,-8.823606433596495,-10.191745443674304,-9.663145925887875,-9.267499781734045,-10.312243548773408,-12.990340937339107
-3.6424262530423404,-2.866155678353259,-1.9985897704296647,-0.657741384900254,-0.35978877529904546,-2.7189225299113025,-1.9137251919622837,-2.5135623624752217,-2.1219286081361055,null,null,-2.417042475422608,-4.576303690965727,-5.8498639080600645,-5.730385646816342,-4.861541282140134,-2.8997585540688533,-5.3936738710231085,-6.344078200088985,-5.398461801607342,-4.7639121807648355,-4.041118506469701,-2.268920532322878,-1.8534633885126433,-2.332527911238147,-4.032581176059406,-2.4611621272561797,null,-3.105819222022852,null,null,-2.698024656464549,null,null,-0.16138767019339778,-3.700504530787095,-4.384815016860765,-7.745138089479085,-9.909781044634931,-8.865379569009614,-9.900031778460038,-10.44519147864419,-9.480066113765291,-8.943913147369228,-7.440474741055899,-9.05356387056269,-8.438523867031172,-7.543680341989201,-10.88970523719961
-3.8171115264010327,-2.5166666512365583,-2.695396747842854,-2.6424590887728288,-1.5714275004051554,-0.3170307769351633,-3.1797000895148098,-2.7846490381250404,-3.527646480292213,null,-1.3920137164776272,-2.7131589257476687,-4.549561432348817,-5.007727026618117,-6.341488339609084,-4.953261700181311,-5.135688584583006,-3.7256134969085037,-5.69352686812202,-4.444873911165075,-4.474169351769747,-3.2089620241035544,-2.4667596384097177,-3.0064402054077335,-2.3878135297664325,-1.3404846929144056,-1.5508512524211215,-1.6415766066156532,-3.2137869783867234,-1.6557143237996064,-2.551736620764394,-4.726565486395412,-2.922751892255554,-2.310124197643106,-2.090874170734586,-1.520086540697303,-2.396538767585433,-6.194601100986394,-9.098140546971246,-8.540159822600215,-8.952794441235953,-10.688902195286254,-10.119820997664483,-9.123920425455687,-8.529427215432786,-8.553906156915508,-9.290336996331709,-8.808445659899865,null
-3.4313640453380807,-3.3932911731435156,-2.5809123790362563,-3.233574904102869,-4.393652306910264,-3.4274115691810523,-2.8855710247736477,-3.8361338365109128,-4.701505421737462,null,-1.235647162558788,-1.9296380597895268,-2.4048432856831674,-5.6341550138602905,null,-3.704685017542885,-3.6999490006940525,-3.295910250146778,-4.440254066439138,null,-1.9656159481619122,-2.674195877024644,null,-3.0632634072049516,-1.2670319413739377,-0.8530550631357814,-1.7553947502888083,-1.2894941035819976,-0.3136767628366822,-3.981761354880016,-2.9266744962040985,-4.683675321273126,-3.846968240060953,-2.938956112947218,-1.4508708161237787,-2.8116633123840242,-1.3694281990019368,-3.026573971727614,null,-10.563630947488813,-10.075782609294906,-10.627183162243124,-11.94723101860183,-9.939024906368696,-9.011592688603981,-7.839246540033237,-6.174484451352743,-7.378830064969756,null
-2.937415536182954,-2.8222496705094096,-3.2283572041509756,-2.586818852539424,-4.697088850390449,-4.565382402413462,-5.120839136442236,-4.239205503845536,null,null,null,null,-4.43255213224579,null,-2.772344134532533,-3.3320312516577215,-3.8926143927814394,-3.484849620562018,-4.4777777464983455,-3.219368521342844,-4.240183144716038,-3.6804600790677986,-3.5247142469954458,null,-2.910008621106641,-3.30888449486793,-2.8061538585051204,-1.9910055473535007,-3.5148709065908803,-3.2045675661440036,-4.10684826467834,-2.727079360582045,-4.493449263432202,-5.776769992325426,-4.675580437891028,-2.1880693411399683,-1.7074567325146852,-2.693844358212645,-3.6997143296886126,-7.355484350615847,null,-6.791245069548844,-9.737395877446,-12.43382347575518,-12.11641960643772,-10.53129550077274,null,-3.538430750368305,-5.476800248497502
-2.5435140855241607,-2.718418172340664,-2.593890434485373,-3.149650324941088,-3.3479368266426732,-3.9790666958545247,-5.780713291297978,-5.146916218207079,-2.9356909701750333,-2.628306405315629,null,null,null,-2.7552935951148783,-3.229210479247155,-2.4333767181829673,-2.917401793743575,-3.362949372889889,-3.9709591915141784,-4.109366063848886,-5.707127206880359,-4.6865183176183125,null,-1.594620125842487,-1.6096810517308904,-2.9426629004291853,-3.6720642917600546,-2.5258166513352416,-4.122816601893675,-4.2668396628998195,-4.934609724469956,-4.173134536783957,-4.198979020648712,-4.928209955142346,-4.11480030740642,null,-2.819534608458115,null,-3.5467391302491116,-7.6333787292245106,-9.794081463604837,-9.538962086725252,-6.80911817647111,-8.811962520537715,-9.394304753777256,-10.70979553990788,-7.778320372365517,-6.459418658987703,null
-3.0435515004138876,-2.0213803266695445,-2.9769085133522797,-3.798675060511022,-3.650302506333526,-4.76844169104622,-6.528791344459169,-6.322519570694913,-5.478639827994691,-2.489870475113569,-4.5345218116684185,null,null,-0.985303715439065,-3.5290669321132384,-3.283996270453299,-4.091229379413312,-4.3750567198459605,-3.714511823069564,-5.337465947442181,-5.157672939989482,-5.429826797316377,null,null,-1.8520878271764376,-6.070962512283208,-6.924529740241658,-6.195062969319587,-2.2463145068962884,-5.846648070111767,-4.281485819665827,-5.644797846002141,-2.482094392224201,-5.394313822372483,-5.626670827808922,null,null,null,1.5107276035406823,-4.653845491795235,-7.629876537939356,-8.305130065994284,-8.485436038575566,-8.827080508950308,-8.516772246101425,-7.2761458025778225,-6.8432227009049695,-5.784052234712908,-5.455569041820176
-3.8869964620615503,-2.6433756551081586,-1.5654640328641678,-3.649648225636997,-4.405386813809493,-5.073834418285523,-5.293126645228773,-6.349800524679619,-4.682750307983449,-3.8693750225837737,-5.089801049364048,null,null,null,null,-5.167593159689589,-3.7245565533340796,-4.1657014938437245,-3.9202076967537756,null,-3.716691344347507,-4.554836304147773,-2.8707382964546126,null,null,null,null,-4.974398051951107,-2.3066942162190327,null,-4.656634121691013,-6.267297737086253,-2.1671754999880735,-2.774043868006389,null,null,null,-1.2718489603575212,-4.314181669073329,-5.602203884505034,-7.406991542490658,-7.911626317201841,-10.019315979947793,-10.191751357692485,-8.233980360398666,-7.828855138954394,-5.753351882446198,-5.103756670179751,-4.5477673359977535
-1.88745200370741,-1.7519605817537252,-2.630004294373674,-3.3757043645258196,-3.3572707219656155,-2.881699909533435,-3.9626887603928718,-4.441749855479656,-5.945567260213129,-4.877635489744097,-4.636511593648389,null,null,null,null,-2.2850268057701144,null,-2.631295317168432,-2.275275558952018,-4.600823237119997,null,null,-4.543136601832019,-5.16805919717282,null,null,null,-5.831014812431943,null,null,null,null,1.0467257430221244,null,-2.2941221050778635,null,null,-1.0309732435541634,-4.399615553078513,-4.597740598163416,-0.8844662129512453,-8.731471158198554,-7.4224429718441325,-7.436085946371888,-7.497412734145888,-5.474675235849352,-6.816601876494771,-7.7920596248256,-5.9782654250256115
