public/json/wind_2018-09-1609_925.json
{"header": { "discipline": 10, "disciplineName": "Oceanographic_products", "center": 0, "centerName": "Ocean Modeling and Observation Laboratory", "refTime": "2018-09-16T09:00:00.000Z", "significanceOfRT": 0, "significanceOfRTName": "Analysis", "parameterCategory": 0, "parameterCategoryName": "Currents", "parameterNumber": 2, "parameterNumberName": "U-component_of_wind", "parameterUnit": "m.s-1", "forecastTime": 0, "surface1Type": 160, "surface1TypeName": "Depth below sea level", "surface1Value": 15, "numberPoints": 4800, "shape": 0, "shapeName": "Earth spherical with radius = 6,367,470 m", "scanMode": 0, "nx": 80, "ny": 60, "lo1": 109.0, "la1": 20.0, "lo2": 116.89999999999955, "la2": 14.520000000000117, "dx": 0.09999999999999432, "dy": -0.10000000000000142 }, "data":
[rows 0 to 19 of 60, columns 0 to 44 of 80]
null,null,null,null,null,null,null,null,null,null,null,null,null,null,null,null,null,null,null,null,null,null,null,null,null,null,null,null,null,null,null,null,null,null,null,null,null,null,null,null,null,null,null,null,null
null,null,null,null,null,null,null,null,null,null,null,null,null,null,null,null,null,null,null,null,null,null,null,null,null,null,null,null,null,null,null,null,null,null,null,null,null,null,null,null,null,null,null,null,null
6.510893427143672,7.6101276566833524,8.817222107902504,9.732981610040545,10.467391665301154,11.184834330264811,11.810840081737568,13.652747752106059,15.223304101686704,14.676935811662041,16.14647945782133,17.392058011733585,19.395110283925842,19.701758620886444,20.949632447623312,21.746974516616298,22.002111259570253,22.621514568867603,22.88731349852906,23.8936102104616,24.624711952019815,25.387019583466063,26.23947965516748,27.23291914165422,28.265226381949507,28.398690100131603,28.723867651160877,29.385629224818967,30.04882805380842,30.495328649400463,31.46739512358927,32.243569752735766,32.1235752742554,31.562029139866006,31.556316012438906,32.359098488919024,32.74664373333274,33.231824067505435,32.835212130708015,31.349666754866877,29.66258603774876,27.420887097487714,24.477126185051755,22.365316534263748,20.601645271754933
7.7752657348615895,8.719582178811836,9.803500896452746,10.175653070368767,11.08529080802132,12.03125564859375,12.63914029859152,13.320981494271262,12.716964561336328,13.694384985067543,16.47575804028793,18.228470279687734,19.42052116920287,20.168631839160355,21.635944800586962,22.23491730107274,22.575473823798465,23.382035743154752,24.18372423309428,25.304800849068258,26.438534971904588,26.39630807287658,26.596132942569348,28.46895344225542,30.409278767605063,31.547748105469285,34.727863598894466,33.432652249719055,30.361757487804113,32.34990190897095,34.34533252257455,34.98299403996148,30.900946356889683,32.44374250348748,29.511661354288222,33.00403491892691,33.60850876046776,32.45685632257224,30.540287079047417,30.365546330238917,29.77047460193796,28.465538312989032,26.223977682709688,22.810765626196478,20.70828714810535
7.611090679308943,8.133249310697671,9.00771992636624,9.525455039130906,10.249013348624082,11.05108369805038,11.866728514697488,12.200995687170543,12.279900668091324,14.7353756383277,15.471129646511415,17.216037689158647,18.977689577594795,19.984977841457717,21.109689997351857,21.697971522578783,22.761366333216344,23.92703133977312,24.542375946454783,25.025199262673713,25.15232815538695,25.980104412708922,26.976765366643896,27.740836331817707,28.295439544481212,28.54055014389643,30.56095708402376,30.69705126729035,32.70808530339123,32.42770198945903,32.68827031030971,30.938940999565695,30.744867184427765,31.341504900156234,31.089842830623265,29.224806435022177,30.2339574513384,29.117741752569156,28.21545962126651,27.47673697036483,28.094560911738945,26.812745935011506,26.10859943075065,24.852396297852124,21.38301584237384
7.8813737769247,8.396193308087708,8.39583192202963,8.613862004722243,9.465210451654258,10.348460728081974,10.978853349234067,11.041820585027235,12.72992133024825,13.848027626138945,14.843507472317562,16.215152972977013,18.032379049142676,19.336344511687045,19.787299365885133,21.216959884466085,22.50593834046524,23.393956464159206,24.072992593705308,24.48172106608798,25.33129996457588,26.193391295797195,26.727146456067686,27.193902990221662,28.23814075862366,28.87247541657565,30.300099811819308,30.856193269410166,31.039212284140092,33.815077918721,35.27988901163961,30.174818476418473,32.73961177604248,31.641347610299075,34.81935137715964,28.361559132804597,30.71525976197939,24.344288956846547,28.66562034996484,29.45820987323867,22.709360365039387,22.35578953221067,23.936087916055087,23.878398070917157,22.780125751616776
7.65806470962556,8.109303910332171,8.166640414051502,8.649086806305752,9.251976304592901,9.75468494942722,10.649746211913476,11.90868387901368,12.13885100709416,13.273150453008824,14.313271828082339,15.696494859854251,17.151932385089776,18.21280236885034,19.08439468307832,20.332910981339605,21.38651673591607,22.086824564405408,23.2489188456475,23.752042925967523,24.522208969107698,25.89321137383948,27.423793323064498,27.806616745137415,28.471115536652693,29.509228834137957,29.763086135012607,30.820007870990466,30.07630088292013,30.844302176720966,32.814123924945676,32.65245093387469,33.68600998811398,33.37982623829163,34.02570829265412,29.85614830479081,31.93433138768877,27.176574610289652,28.150981412949918,29.42804181826067,23.56068084328537,26.839795696452068,17.36686710059178,21.050990091935603,21.001198856814412
7.353792797377958,7.525381341319404,7.773530001510431,8.379306489656086,9.02578419716161,9.701418345436512,10.747896990186554,10.999140431375764,11.747229759116072,13.17334458364564,14.250367080177728,14.774480500649275,16.061570924917117,17.867453077044487,18.806943906307684,19.731217814436043,20.80659793428322,20.721029942037834,21.97175613899851,22.884838724388175,24.24252950546977,25.686467548931837,27.45115650685771,27.679382237699595,27.966091275569447,29.35778032056916,29.627883911990047,32.57361345958438,30.78665840358277,32.29979020091045,33.03184792277555,33.18875260833018,33.89129665625832,33.24612985018772,32.30157792375341,30.589893586629433,29.196166714910873,25.26642455965399,30.562366550548195,27.381698417443523,26.487700797451197,22.952296190829973,21.664518287949722,19.890028206020492,18.172544890495068
7.102993122120636,7.222697890469662,7.1940971336642034,7.603278892237708,8.392831635789765,9.457254991935056,10.385361350587784,10.674682355012912,11.639346642778635,12.952246804725682,14.086032181356156,14.62721105452714,16.180010849012426,16.82828402541346,17.791507592761565,18.66113994089188,19.398001655922435,20.67242815505952,21.188726449257782,22.973474286463965,24.41216682595543,24.950076385446547,26.023262230358508,26.547550298634487,27.516597825858433,28.604515739319798,29.875399337499182,30.774523150107097,31.697799006047454,32.34971503504052,33.543420621503,33.919841533517506,34.127347404007374,33.62738197918246,32.30173410359573,31.484482302855803,28.819231338541222,26.97370490919546,26.939068942269095,24.384648516531694,26.271850576773925,27.15389956280161,19.812946025104512,20.729443011741797,15.045694480007949
6.586246818499662,6.682640436406841,6.9662663617081995,7.209911409245039,7.880386634313974,9.017111946230292,9.992651123815682,10.135242740574451,11.39080074484708,12.789273676645662,14.174936805199966,15.282320062826045,15.886783894544145,16.342321507468,17.03130482614421,18.018631987771947,18.57437956512694,20.327298002458164,20.915153243896498,23.606666778110096,24.92216196055682,25.599621575251106,26.243984345606464,26.748079242109505,27.208997622060938,28.478472672798166,29.11534302563218,29.82715594210872,31.130712796105726,30.506367259243262,31.177626945504564,31.671186581121166,32.44309439686401,33.59061901049032,33.00186863043804,30.084890378495786,29.688844000186158,26.77590567235733,25.832202751782766,24.729818177033106,26.336758768405787,27.770376898920475,18.519171513498048,18.39890056437627,17.12763871324869
5.976973754038482,5.749732979589854,6.523070598851863,6.835618095582582,7.507776690142165,8.445754887870736,9.19851750383759,9.955406652095224,10.991660085147142,12.845222724203218,13.899565986624202,15.061487445294585,15.31037974764287,15.462796048129178,15.895250519369798,16.740587424248016,18.56529284673347,19.320861478306213,21.457554496242434,23.318687157151377,24.25518349907875,24.98156177511188,25.595368191680723,26.045861505996466,26.4411757838455,27.67572821036906,28.23733072799617,28.817189093152543,29.079031912227986,28.391554224155872,29.855636317391003,28.767179285305115,30.06614160586951,30.062461462675977,31.008450651382738,30.95973733245495,30.332373108592286,28.221807318237826,25.812985114438582,24.37563004082228,25.173581892786295,23.70327364683598,20.864687792944153,21.943466236252785,17.334114703890098
5.274893834790214,5.15426378490841,6.057799603566529,6.580422813127669,7.227554162119416,7.941805879048502,8.745491502963416,9.665609759252485,10.480016852140729,12.293974710662788,13.084017881496337,13.71338924220824,14.259763949431754,14.403695692748688,15.168929714202068,16.199297551524694,17.62097111192381,19.109450273725407,20.823491878320784,22.362605370888474,23.15710162980659,23.677988195957653,24.254313521013216,24.580688205683195,25.258014334847108,26.41107981635808,26.96046785957088,26.87753528956518,27.845179299558264,28.359333071583634,28.20617866113673,26.92671810585186,27.26015805566088,28.718154593069244,30.047557822100288,29.785462967621676,29.143836678738175,27.29575501189743,25.41767051335536,25.382699020080853,23.143839997818354,20.588230366503275,21.499829874529446,23.48455253029318,13.244151663303635
4.443143878424758,4.716917377480848,5.14805205280337,6.040196771009201,6.734056670770972,7.667316727896671,8.666132164768836,9.538206215177194,10.62016864589025,11.024724519644915,11.670475225491073,12.231365370684623,13.181023768453215,13.337333200396206,14.4349410000724,15.41305974321569,16.855438691663906,18.472479067116065,19.947405870899065,20.96382452779737,21.275692725647843,22.13718744969098,22.348596469701526,22.640444559646898,24.02440639495454,24.96282138452615,25.3836732319092,24.765539082147804,23.213706715222195,25.560291494239316,24.392272510129843,25.808114799986605,26.487572018280396,26.264161115102283,26.268518295929066,25.08236417550959,22.94027811619308,23.03524069953498,23.51449702996064,24.23990585640097,20.257579076257606,17.573881011395805,19.42892170736904,15.509015662980229,3.3650686650899146
3.9572321206179626,4.517609964756549,4.4393584242959845,5.229234774667852,6.1134219220351635,7.1099434011435925,8.010749158274072,9.339645924468197,9.418853705634138,9.357531425167053,10.011645051380803,10.315900551986694,11.172149514743552,12.32650186649054,13.49421930738437,14.726141309257661,16.336963659647708,17.78447497099828,18.29705492079023,19.2207263868143,19.616857702613725,20.37485160043705,21.34435366453172,21.48279467691157,22.814298712563684,23.23923773522803,22.22059025096749,22.35645737476105,20.542430305123087,20.317217964878083,18.883193129317736,18.968360704171154,19.26003749643124,17.004507656906362,13.724121423492115,9.321158542475626,10.268056290840175,9.322412680116534,13.668947511456706,14.877455188297025,13.43289893648192,12.325845852726033,13.503937704812978,11.052613764660055,6.766031235831754
3.0527947121753414,3.276974352486433,4.0604325441894105,5.144021388130062,6.074152890764361,6.78661100060838,7.684951033837212,8.756563998430762,8.678111893941931,8.51549008694928,8.47090261050347,9.217890383600173,10.633166652853813,11.49993895934128,12.480494565757416,13.500217799789008,14.776294314314345,15.560512403129687,16.30387762413032,17.379500462462126,17.03393998613221,18.516055012508833,19.278150169891944,19.477318959814255,19.95552711504814,20.85800938650302,18.223171303845767,17.48172672617369,15.215861576786663,14.297700744963251,14.419093080634397,12.858035462323851,7.219836030301557,0.9164450665721751,-0.3072290771224074,1.2503421542093545,0.9010052256240436,1.8525307034137009,4.126425418116851,8.830347163327806,5.6307030148264205,5.8492089309334085,5.176192158098095,5.973218207288459,6.007038801935716
2.527699106584105,2.5098367108364843,3.3490439533118135,4.780161774688979,5.721377045458833,6.507639298864934,6.73424385363378,7.621225736229395,7.165772745005048,7.359076027187109,7.960154611983833,8.670473053335131,9.06206820385716,9.701927576275006,11.194800674946272,12.089529998739302,12.982247334590827,13.506187447520215,14.589250940398122,14.326453399529322,15.364067252898176,16.23271023881692,16.97160473662679,20.655260493477883,18.785848337049934,14.749769671307966,12.364872721595242,10.160825848214943,10.052144073932988,10.71557093993083,10.943585840752485,8.542566757389881,5.724046988394231,-4.716163934881468,-9.528359158821349,-9.999287907136209,-9.2666728427088,-7.617709480842927,-3.560074154476412,-1.5759745855593565,-1.4731347280612257,-1.3710268737354947,-0.6893699767029884,0.6249564946491417,2.614327785228317
2.3052785577604524,1.4640923510350636,2.735808929553655,4.089776782716418,4.8783972769817,5.6110488711264015,5.829744609137325,6.212748950911582,6.227094981549719,6.572343789982405,6.892200496857224,7.804074234039172,7.966560484894228,8.843637022116532,10.31384148369554,10.845944204208271,10.862722964947533,12.163663055603793,12.290612133051617,12.95936297455875,12.56004484601613,14.358073375585917,16.982629242552846,15.855951321521381,9.890209962300721,8.05373794661153,7.958604235176175,8.152775576578765,8.079974264786527,7.695404976501882,6.800590205191806,5.252939643651587,1.4385799236258214,-3.962547000618139,-10.211924935462399,-10.669694706082407,-12.352233189792413,-9.850107358648541,-7.926282983631448,-6.53533981014482,-5.948325537947943,-5.063319446304611,-2.210967112266296,-1.6573898307478259,-1.3437488074967328
1.9916870375532756,1.358088363703617,2.382003287344342,2.9144829426713486,3.39855923295711,4.586781415901735,4.241242558094457,5.012042210429938,3.5711883544107463,5.047448705092186,7.12197281753379,7.033081662301148,7.651991983046203,7.99325723529018,8.623017327055326,8.644135159859268,9.808604632031109,9.843940205706161,10.021280723351989,10.650560529829493,10.02607881925146,null,10.850206997922845,9.526990578251185,null,8.261369053312185,6.31549330791172,5.591525552099402,5.513382317679929,4.819110740460895,5.254360867753429,2.322729197929907,0.3481064132660844,1.6488576637559187,-9.347133411964588,-10.836932390554429,-10.489798917552354,-11.046891609901042,-11.027427573351392,-10.317174725044227,-9.131713547559508,-8.40481590487836,-8.34430350840929,-5.621450421489656,-6.500236017023327
1.8313462207169104,1.3819182291169227,1.7119854749887538,2.521603798354659,3.0079002535897144,2.5893347600626573,3.6531365599428804,4.445804403447422,4.2530943383797,6.508004766840649,6.853665160965239,6.980629448659018,6.754437986341252,6.681655246860609,7.378954723534118,8.346823153157448,7.977118246874548,8.043879984707221,8.99598867021333,9.221653928084757,7.1958827158249346,9.097032451678572,7.300605605121861,4.924979834802351,null,null,5.386600080028838,3.1486989798695992,4.0815611131969955,3.652796647562936,4.048579891189631,0.29701200805813155,-1.9481411478595017,-4.749953975406261,-6.677549359475814,-11.158105794236944,-11.557557937765448,-11.947196993407612,-11.859506054984765,-12.361221157067728,-9.305992865510671,-9.844597604281043,-10.328731246806386,-9.882424780837688,-11.416310823905233
0.938259493475813,1.286887307056672,1.0980112022945003,1.4075730538003384,0.9149226340994552,1.691442856045827,2.2984053653010346,2.849466340813158,2.7499458904414094,4.9169499910564465,5.641263351501772,5.18468103045829,4.592615005610707,5.859014607127616,5.917891992289659,7.158075327962163,6.194001671498702,6.470949844622345,7.846437857415223,6.511665627470041,6.200444550614721,null,null,null,1.2540683767244751,-0.24747540653208475,3.1662085793868076,1.776835683615951,1.329859747090133,1.9337307562928765,3.752509133873355,-8.194611959272093,-15.093734884347418,-11.170812903462615,-8.629377479809893,-9.202749922037839,-10.958946108623909,-13.205205860048302,-11.735283886623122,-13.876934327239285,-14.537307064732937,-15.731046346165158,-15.880902686936807,-15.232024950415939,-16.220847166736952
