public/json/wind_2018-09-1609_850.json
{"header": { "discipline": 10, "disciplineName": "Oceanographic_products", "center": 0, "centerName": "Ocean Modeling and Observation Laboratory", "refTime": "2018-09-16T09:00:00.000Z", "significanceOfRT": 0, "significanceOfRTName": "Analysis", "parameterCategory": 0, "parameterCategoryName": "Currents", "parameterNumber": 3, "parameterNumberName": "V-component_of_wind", "parameterUnit": "m.s-1", "forecastTime": 0, "surface1Type": 160, "surface1TypeName": "Depth below sea level", "surface1Value": 15, "numberPoints": 4800, "shape": 0, "shapeName": "Earth spherical with radius = 6,367,470 m", "scanMode": 0, "nx": 80, "ny": 60, "lo1": 109.0, "la1": 20.0, "lo2": 116.89999999999955, "la2": 14.520000000000117, "dx": 0.09999999999999432, "dy": -0.10000000000000142 }, "data":
[rows 38 to 56 of 60, columns 0 to 42 of 80]
-21.466738332485235,-20.57920197044023,-21.0118101768453,-25.798551082511672,-24.84067896769408,-25.25971093555421,-24.39581378896855,-23.4911675058391,-23.485165105519254,-22.237293402630428,-21.637522171516604,-22.64654158132373,-24.623765669551133,-22.357720721368036,-24.168441545155027,-27.670853023013166,-26.15283893575183,-27.642087408929836,-27.492924808717305,-28.441104065734784,-26.968337424418323,-29.389893088138674,-30.77325304147298,-30.78212341787659,-28.15241524362075,-24.183900215318765,-21.940422377839077,-20.649561757504962,-21.32217988142164,-22.58053000116809,-22.877910174208047,-16.91424654355741,-13.18084551760273,-13.435507522896271,-11.360642436249314,-13.668333922861871,-8.904282112902306,-12.103833915137153,-6.301991934989132,-1.8892241890203894,-1.3898849664706154,-3.5315968400136457,-2.324293220114902
-20.225872126099116,-20.999484867032223,-19.626263763486754,-23.506922114839654,-25.449988151488924,-24.7099606240727,-24.480470577694106,-22.433715422410348,-21.60505902195596,-21.26808616173034,-19.042807319451057,-18.969283406258008,-21.499763930969053,-22.94118219065769,-27.35258351854919,-27.793827262056293,-24.539270843463335,-26.340952853954168,-29.211603595600067,-25.211732138643463,-29.404543642610662,-27.36654545667863,-28.69126590991636,-28.913405667095624,-25.10178915669516,-18.769988950313888,-17.522324292290957,-18.964059532341274,-19.037834722385263,-17.528201409843344,-23.341105064485117,-16.92117518518762,-11.69067936983193,-11.208465011082076,-11.555990523258668,-14.358299651909496,-13.139065969279024,-13.616285457424636,-7.607397463639091,-5.428612967492536,-8.169960019351679,-4.971793371034392,-2.461312237134636
-20.120424088456048,-19.748919614357796,-18.849324808247353,-20.027664405512905,-25.503644033986646,-23.80850909266596,-23.91194711133948,-21.43955970092224,-20.624613668994694,-20.69658756994108,-20.73263370841932,-20.985701590451395,-20.543261822198904,-26.106032479766487,-26.86119363330631,-25.667073273564085,-23.96499477509719,-23.534425418010255,-26.704598320598798,-29.42192484078242,-27.8020725859742,-28.199528324922138,-27.491023103496858,-26.385008382175933,-26.692426360891876,-22.92396232443815,-24.877478262036284,-20.97673659191789,-17.653961975714466,-17.679490780390676,-22.913190648480665,-18.353010831125054,-12.591693049702778,-12.791628272395416,-14.50144363086505,-13.222814228430721,-10.981610671510623,-8.89780965754913,-3.6226064032768175,-5.002861545520182,-4.1145524899223185,-2.10276902414738,0.35376335360434036
-20.750163184644556,-20.27632963760732,-17.639433641386795,-17.75951217498646,-23.52860194420995,-23.64764268030379,-22.60739160376955,-22.66184703402308,-19.70901717645481,-19.073700493840484,-19.696780850679747,-19.92084155377313,-20.511773215394022,-22.181527886950327,-24.616531722292056,-24.677480473256033,-23.14171932583246,-24.61306177683419,-24.63053240498423,-24.85742265322221,-27.62868523227892,-29.292889980111116,-26.416121478872437,-22.95807182067348,-24.00896716160901,-23.27168337441107,-23.401892160830116,-21.419267516170073,-19.838129471952364,-21.556747328038448,-24.730983556232317,-18.121174177216318,-11.26327013873728,-14.378812498225848,-11.078357575574278,-12.736213083597987,-7.309055356505855,-5.189909719867711,-9.333088523470671,-8.180904163761456,-7.5561154793361185,-1.728654509702637,-2.95955063735239
-20.41292776698542,-19.876189033776818,-17.800433432269642,-17.52806091229339,-21.998259431031105,-23.90913852898104,-22.117268458836442,-22.235034512635952,-20.147315669566254,-17.835555484829364,-17.976301019814436,-18.567502969141387,-21.09232363820738,-19.180703390095086,-24.794079316379964,-25.220299360523544,-26.894779020750814,-27.073459178928807,-24.620235822193735,-27.442895490377204,-26.907402042874985,-26.440666445771107,-25.195904846017157,-23.41280781536409,-21.478550029406076,-19.004535043915396,-19.41094692234011,-20.671000258157573,-22.34732547649945,-21.923625497124046,-22.66464155782149,-16.467117872599136,-12.48263806513421,-14.561879540085028,-19.04100112040825,-11.032431049081517,-6.928214296753416,-6.793912617659165,-9.0823533652063,-9.665713544690366,-1.1978158407150818,-0.25644785109542634,-0.04388235642493134
-19.99481822017647,-18.371746639856248,-16.46931114624317,-15.07259948125697,-20.33005154494429,-22.228697681103718,-22.389022737562982,-21.320286426255638,-20.329368484569976,-18.224168394571464,-18.810872664824444,-17.727777994603624,-18.00746520819282,-17.331574665381602,-20.03906821868762,-24.317856825921673,-25.779152310441102,-23.993199318351245,-23.545546465044886,-23.37166377299886,-24.639158609908087,-21.218717153888697,-20.126264700703835,-20.161601260416557,-19.57861062424535,-14.423602424997913,-16.157636311137317,-19.312835794650102,-24.022609355805347,-21.178331506921115,-20.30648602042583,-10.779902235725304,-20.793447434796175,-14.544603083725924,-12.151928354083442,-8.850152562389884,-8.340628575377048,-4.90659463542021,-10.82781853737866,-4.256797015371649,-0.9162535954145679,-1.952711162936077,-2.05601326743236
-18.73530394006779,-17.87021939059063,-17.182763483962045,-15.684645822597222,-17.74274375802321,-20.860808982628427,-22.67252857935807,-21.03473504219753,-20.273014371758407,-18.467050577163885,-16.746955721893634,-17.90396955520075,-20.677345454796466,-20.26607934485565,-19.517567419692554,-21.51649567000199,-22.04178849153726,-22.65927602564372,-19.08486235497777,-20.198618374565424,-19.176160209637004,-19.89716840313973,-19.616230987718716,-18.919454310656057,-15.849623773955004,-11.811490401113467,-17.527040911760142,-23.21184191111799,-22.216514462265636,-18.75173013371833,-21.671075847579253,-17.69232972092241,-15.268396978439183,-14.06645434059401,-10.643462822589672,-5.451607111848428,-3.216554333726302,-6.539360790169498,-12.257109641225004,-10.526834240381277,-12.037509124061133,-11.984292519179677,-15.049061526711245
-19.07513542105099,-19.83517290608477,-18.288175825540247,-16.284263821254694,-16.081006010995115,-20.5008378050633,-21.17343960048797,-22.28615316256886,-21.729496186315526,-20.181280990425066,-19.364108169335854,-20.22039342019962,-20.22298235727319,-20.106282054926698,-21.24274696289419,-21.591606567483115,-22.594985929043627,-20.540137822508363,-21.66745723097678,-17.79245098449979,-22.36849355366457,-21.387686927365028,-22.205223079568523,-19.693569005740482,-19.459598766629163,-21.47245176830301,-22.390683341250355,-23.090224935308022,-19.879000499219938,-17.704456759387952,-21.096331511076052,-15.514583936847814,-17.05955269401405,-13.921736699796444,-7.833452905864954,-4.063062796249968,-6.410074175215521,-5.54295665765093,-10.844774034994867,-12.005026277259041,-15.162703457471363,-11.712533814923091,-10.22890807687002
-19.719742626178576,-20.793920447266444,-18.470178275306345,-17.3354036478628,-15.101737140428277,-19.196744689562248,-20.736163658080166,-21.19105701458541,-21.364338419767442,-22.241029125805326,-23.2635780673198,-24.346709575985393,-21.512487989813422,-21.442615577127228,-20.768797205195856,-19.744116165949546,-21.365985738632634,-20.098935849724967,-18.559345215424607,-17.443099512281858,-19.784517884169755,-20.638800105264096,-24.58133444484387,-21.650123556385992,-19.95796358034056,-18.166698864845927,null,-22.566844605324135,-13.923834314799338,-21.760409039634336,-18.034848016146427,-17.093251794948788,-16.77966319833039,-18.143237334253293,-9.714940676315853,-8.007490967724216,-8.033215694460193,-6.975167642430332,-11.092528367979504,null,-11.803870031259656,-11.757660870467484,-11.20496611444533
-20.0264547189907,-20.15851830638245,-18.860224046686287,-18.100775748461125,-17.062222156342646,-15.86166145562957,-19.52833312461637,-20.023487470389348,-21.524024794514244,-22.365566749570824,-22.146615241315846,-21.304553419646926,-23.216793320987914,-20.799891740008945,-18.159710902189385,-17.218774222495895,-19.14819940367187,-19.347504500052054,-19.51268314158673,-18.493766359736306,-21.376175840612472,-20.79244301991044,-21.435969682639197,-21.440813953631306,-16.61342083433704,-18.341240932833557,-18.4725919955226,-18.978127974974186,-21.434068852888753,-17.748600353417057,-19.823980306994546,-17.19336796401855,-18.773544304863606,-14.761595131237183,-12.394352157720249,-7.44916996867935,-6.028093456613137,-11.208981557363565,-10.730172126699012,-8.335804401104074,-6.750213504827619,-10.396399609612992,0.2393449354498252
-17.18381768488237,-18.645421775590364,-18.80374999686571,-18.359287302413954,-18.13366183299801,-14.645820718401888,-17.800144256448686,-18.79083769241043,-19.410716184249246,-21.861994091104805,-21.389112106920866,-22.243291936446074,-23.431510992679897,-21.971727932027825,-15.916999320526891,-18.66107648682846,-15.31628731162942,-20.921813085804782,-19.79014151274662,-21.44144411750675,-14.77540514558926,-20.29780218745318,-19.294840667394276,-18.51036745835791,-14.990252845736482,-16.678398688372724,-19.13609778429577,-17.588004682949173,-16.064177006760406,-19.279885739914402,-16.31974254820468,-18.359272538483353,-15.696684620870059,-11.492575828617158,-12.893051850497892,-15.0652996431452,-12.09001261708473,-10.106542098844177,-11.228108298380658,-7.638517060338939,null,-9.748199170934221,-4.4295212196337514
-17.480907921052736,-15.553034151620157,-18.822566097154706,-18.065732769727713,-19.734541129986866,-17.387098364485734,-14.31221216740438,-17.83572484532831,-18.139583163592985,-19.15365284695288,-19.983890382428303,-20.436123047607403,-21.195270548554685,-21.475657098459013,-19.569818234195996,-20.095589569315074,-20.692166040666834,-17.98773662341542,-17.370141378563126,-21.970709912206942,-18.884313295224363,-18.828642306556507,-15.259157304064674,-17.335513998662837,-12.815782483717838,-19.321365495883356,-16.970050252368857,-18.207187787198876,-12.70226039182112,-15.513935230183973,-21.453763963446146,-17.843092350445584,-7.800137172874921,-8.056759311542478,-16.127040674140098,-16.890785846299316,-16.60722458274509,-14.519056164623269,-9.646629251650317,-8.303698252563319,-10.283128714481265,-6.596691088530565,-4.109669743751999
-18.088742872763724,-21.258581619121752,-17.536652937936296,-17.17129498791633,-17.218568131069553,-17.122290053858425,-14.044590874649806,-15.45282823026443,-16.085110483343264,-16.647461368347734,-19.292651648021163,-19.11817240841993,-19.824312498599973,-21.031443692200725,-20.672217281888287,-19.788926895691453,-17.256431701442946,-19.583716214769858,-22.61968610443267,-18.335974202358095,-14.429013717503755,-14.52363075196013,-17.938357801379304,-19.228849010811278,-15.888285394935478,-20.082445613709673,-17.356502917774424,-12.682384716957324,-16.978869781423434,-16.261745598495757,-20.08175117625773,-20.394819178854664,-14.637411546003523,-18.340924688209306,-19.23400023239293,-19.58982841197032,-12.63167766468393,-6.225650664410144,-5.252782566459456,-8.621746757206488,-6.331741572390605,-2.483503192187583,-7.904525589089358
-20.693758115595678,-16.94071881592753,-18.976446948559104,-17.090875495864456,-16.99949907909216,-16.759564104835142,-14.553807615706543,-12.925656381592061,-15.62446824191049,-17.01670400225547,-17.948377942342827,-18.348440925680837,-18.528376740379816,-20.232936780395075,-19.414584404978243,-18.995687544731215,-17.16782442030156,-16.330655071685154,-18.868617482564268,-17.21819502228666,-15.13599375827013,-19.916640097186082,-18.613369846464554,-19.365078835565594,-18.25238952029863,-20.4009519529728,-21.362943522880226,-17.804593074235072,-15.095295814005121,-14.187654861488003,null,-20.098273068031347,-18.952322359728107,-17.300025192963943,-15.525604364228688,-15.497112180939197,-4.500553139808727,-3.882340253310941,-4.0183297754151965,-8.683909757720707,-3.965406245201965,-1.6315026209329808,1.7130036987319917
-21.103235050591724,-20.196152017642646,-17.81527435050689,-20.779688463761957,-17.088082710661922,-16.22110420805602,-15.012873747240006,-11.701169469960492,-13.854148105089045,-14.923854818863665,-16.250309952423112,-17.030980269003795,-17.27202880925404,-18.88146450008498,-20.1636847449091,-17.960776607950265,-21.36647325558493,-20.494414449617363,-19.09835181349353,-19.189602218746252,-17.785013589482652,-18.087777697934683,-21.553168463757366,-19.050279185025474,-20.806621426573766,-17.95702951153079,-22.151171788961594,-16.825778275350196,-11.628684436346543,-14.617409098199627,-13.198360291331998,-11.02350405020441,-15.563511346602304,-11.190757433323448,-12.49089074235914,-4.228747536311412,-3.62701177615472,-1.8257471505493421,-2.438456010633866,-8.283045163973211,-3.2289883428457022,-0.9291189043053397,1.7925501816059386
-21.49525806641926,-21.696066773494753,-20.324264841359287,-19.93805080080964,-18.5955888124737,-15.843195394308973,-15.581906588848268,-13.254551220206025,-12.559320948339085,-14.963765633078864,-15.796527529801272,-16.557958796030988,-16.83057752503989,-17.170026211895205,-19.64224298919158,-19.18957113241223,-19.319441568138718,-20.693086509089913,-16.99305914935054,-17.168735704695337,-19.99527590374414,-19.071768141796753,-17.881628645304282,-20.003561201278693,-22.6170824901037,-20.137685297251014,-19.825804079214247,-19.738610145666794,-5.890573119199285,-11.666939799170642,-12.38581881690894,-13.53791540773894,-10.681107311400213,-10.749847513648106,-15.561956437802955,-7.571258641893995,-7.3193990840443846,-2.7009916434393384,-5.264378661687514,-6.528724967517254,-7.991313991438981,-2.2701215602794376,2.724311363635938
-16.018516360460243,-18.040322052432067,-15.207750834101827,-18.157057018761073,-17.01894069911874,-18.27600234296969,-16.327752604519674,-16.898728084170234,-18.118178498983916,-16.457345471957836,-15.559090453241676,-16.059990338622637,-15.936843846771591,-15.955256537331605,-17.506093577666473,-21.55255164518445,-20.726864865372246,-18.540825589768687,-20.510594485050902,-17.19910776239373,-20.792852021493314,-19.90532040210591,-18.176463319311107,null,-19.45270604665921,-18.54140586899753,-18.093770326660742,-20.625211181618333,-20.134354957482905,-15.638801149732073,-14.793110186069978,-11.343349777325933,-11.760577561897538,-18.5053984965188,-14.77980952189334,-7.481074496582192,-8.25116101729656,-7.153647666842296,-10.066350676261626,-9.41874351490692,-6.912139524131508,-1.1048484889197097,-1.0550521157814854
-15.876796099797994,-16.027136636757113,-16.906422391004135,-18.410432829616973,-18.10534758370743,-18.123434593840337,-16.067583834575785,-13.322758168815927,-16.228885668621054,-11.962896918695286,-15.016919775418755,-13.060598196975509,-14.130922320331536,-17.047565633681725,-15.496420146705244,-14.934800330972283,-16.87733723657197,-18.80693316243205,-19.16029941376297,-19.735425153132972,-17.44828798511755,-18.925422396751692,-16.585255042659412,-17.162033206095003,-15.349887722891584,-14.565412804649682,-17.229768180723635,-17.59589572550722,-17.022103776827482,-16.506803762725884,-17.376036680240862,-16.108480694210495,-16.896267077205763,-17.97210499255101,-14.68699755243555,-6.747315631668917,-9.502779817156425,-8.88774800877105,-10.577461067172221,-7.367370648436677,-3.354713018222014,-1.6216966537233226,-0.1946159556772069
-15.74437836310124,-16.323987855400237,-16.997177984129923,-15.42378372660971,-16.440406934598016,-17.27309449067111,-16.196795505186,-14.001311825819833,-11.476236686099776,-14.459013959259021,-14.770559169919537,-13.991151170457506,-15.40222475510099,-15.015109340558055,-13.642060687083,-16.784997496587692,-17.19779258196116,-17.47788017889703,-17.728283148331233,-18.257695350438116,-16.089230778089107,-16.717601082139463,-14.60420918456502,-14.710350943251404,-18.71083174328549,-18.476572412624222,-18.25936154675193,-18.782801475057745,-19.119227845509457,-18.045643139434336,-15.146751776426118,-15.121747960349358,-14.233759631469386,-13.912973646868295,-14.802223573618805,-6.590814070551522,-5.294153200042277,-4.28600888614451,-4.554014229680345,-4.407229529599826,-3.5276008927146316,-4.3781014088323404,-3.144312536300139
