public/json/wind_2018-09-1611_700.json
{"header": { "discipline": 10, "disciplineName": "Oceanographic_products", "center": 0, "centerName": "Ocean Modeling and Observation Laboratory", "refTime": "2018-09-16T11:00:00.000Z", "significanceOfRT": 0, "significanceOfRTName": "Analysis", "parameterCategory": 0, "parameterCategoryName": "Currents", "parameterNumber": 3, "parameterNumberName": "V-component_of_wind", "parameterUnit": "m.s-1", "forecastTime": 0, "surface1Type": 160, "surface1TypeName": "Depth below sea level", "surface1Value": 15, "numberPoints": 4800, "shape": 0, "shapeName": "Earth spherical with radius = 6,367,470 m", "scanMode": 0, "nx": 80, "ny": 60, "lo1": 109.0, "la1": 20.0, "lo2": 116.89999999999955, "la2": 14.520000000000117, "dx": 0.09999999999999432, "dy": -0.10000000000000142 }, "data":
[rows 38 to 56 of 60, columns 0 to 42 of 80]
-14.295936889473072,-13.306247440768534,-13.543443765148613,-11.777043240799104,-11.639193107993897,-12.15329949383245,-13.286735613628828,-14.293605070161457,-13.464903210034642,-13.065980447156122,-14.145891816101173,-13.249738001532785,-12.643071967850103,-11.25613424281864,-10.902193902925992,-12.871577892183033,-12.97954748105698,-9.796791975756271,-10.460351538490016,-5.455551314826632,-4.164751968216301,-4.273518924108446,-6.583171541617389,-6.417963277768976,-3.8278364128241638,0.146188524479764,0.40138897652502414,3.7009725682028884,4.636341707995311,4.415226710983001,6.830844358864967,7.372130545438974,9.359840080835266,10.370156884986821,12.224830698547784,11.651552218042273,12.845359259243862,14.462466369424671,18.24138206574056,19.366699081047273,19.80252857925492,19.881604267329152,20.592575219439787
-13.854026218212253,-13.351884834019447,-12.827846351005766,-10.851592672588094,-11.002844602540101,-11.384454626244791,-11.603819275516834,-12.409356604013203,-10.572683623460614,-11.720471181724418,-12.048914001201602,-11.150035377673467,-9.954089483934144,-10.64460905389672,-11.458547809972789,-10.431823112462572,-8.900407401531195,-8.485342340498416,-8.422150778711165,-5.0591318545017385,-4.300745116232622,-1.6847335763868339,-4.159433184808387,-1.743122379374165,-1.965891306585527,1.4134246081570248,3.5780652018401353,3.884999970880048,6.363084157100661,4.067808278942115,6.277703639381031,5.57163764303681,10.812170989255497,13.275960362375628,15.137878494416945,13.984872467351929,14.404501407261256,13.788046870795453,17.203211230515166,18.074154057007114,18.69688746308464,19.237959406007775,21.02321391916834
-13.617860758282712,-13.31158415736551,-13.092122545016238,-11.645031672180714,-11.215322113172316,-11.454380504042504,-11.383565667564127,-12.211491522936889,-10.783775123241561,-10.528816655472717,-11.041798882687392,-10.748837956131144,-12.290749864353202,-13.01940583527232,-12.699046955333522,-10.331437327705972,-5.985011646512149,-6.84366742590251,-7.311841563407302,-9.227801128668503,-3.942158156826033,-1.8211120090908672,-2.1576547820967975,0.27575802158502527,-0.07263364533538683,1.832549652846484,2.7219414034676266,3.012551227560105,5.803400633497352,7.268051360686181,5.960294974794944,6.251124913759484,10.241760598258525,11.135790418428618,13.436435158929761,14.306561523329568,13.506389904144049,15.21758172310858,17.24933171586229,18.179272526440634,17.140259355888563,18.985394006352962,19.343446407193426
-12.701047459259351,-12.00425505915827,-11.658314577481422,-11.56805512139315,-11.1834513504804,-12.009806483083622,-12.425811368224515,-12.991837833986537,-10.469601501422789,-10.160441494896702,-11.390208949306478,-10.195827843518579,-10.460802471767131,-11.74665281188402,-12.279487781560393,-7.830956826997294,-6.9730604419518984,-7.441451133418692,-7.792977214656933,-7.975436016238248,-3.894335255610088,-4.191311002112911,-1.2482201959352508,1.2943517349887874,0.06918492605480722,1.674751144231753,2.409654072231855,5.783359928063904,6.532634918415846,7.261649411843375,-0.9855471365721389,4.633433097584138,8.185860659741412,6.932824343594794,8.417981448365541,12.815165115673555,14.703694372286211,17.444085580645105,17.528586192694835,18.510488243618862,15.786415984983664,17.295013145880436,16.94637646111789
-11.553289242280671,-11.071170663704027,-11.739701728105223,-12.201382039663581,-10.011594086904426,-11.26863100698584,-10.828669407960117,-11.994784268444974,-10.405150965931306,-10.011799837731987,-11.272093063022233,-9.322454245950981,-10.514823714581471,-12.028412795129011,-9.480299321201716,-8.994626511889072,-7.531176620817326,-6.294771503365859,-6.26989820687261,-8.513880965074012,-5.719829524587788,-1.9315468296879013,-2.0120239020755037,-0.014063421068241003,1.981829870468124,3.178872949650818,2.6441593859449037,3.8891167642651894,1.9011806975673768,1.941130725428965,-0.9194105437919337,4.087809504192322,6.259318435095449,5.863965974939023,6.217481494113219,12.340049705096712,16.782362692075548,15.5171021513506,15.441480334655212,15.292948710896628,16.067384432834537,16.227402066815184,15.898274735861637
-10.249242340733517,-8.446393162954623,-9.625246803462192,-11.542997274645353,-8.401232924387912,-10.088344942349773,-9.939949475528795,-11.36541686604165,-9.598781288663824,-8.291217196341904,-9.78715459071393,-9.540581533310988,-7.8843241147674314,-8.201241121952354,-9.429862027281397,-9.87981399540303,-8.607602506696024,-6.758296246290794,-8.899494407512377,-7.949532356884629,-5.160013655776815,-1.4864224525555696,-1.3988238309868017,0.03465551492595388,0.9862749062897266,4.9443047461234695,4.893576950842762,5.101632823051703,1.183767357548761,6.667566449118752,2.8287164765151505,7.398023451424622,4.880633191920695,-0.19529244561345838,9.754287180382342,12.58913625019191,14.290904770501637,15.77870919828146,13.131061527125693,12.992357895044753,12.207925320534397,14.021381451805539,13.483847688304788
-7.079263227113768,-6.158496232799247,-7.567612352642068,-11.159807592470782,-6.764572517636462,-8.703805405477098,-8.135053869303041,-9.185308054531612,-7.6055412203465655,-6.615607094621624,-7.1659583053984255,-7.948568687474293,-6.978666223926934,-6.843349853131514,-7.31621254406217,-8.09140026638684,-6.02602399711977,-3.5666151066084453,-3.073001201281466,-2.1433718122138417,-2.186061717378895,-0.5245176985034763,0.06572271459545177,3.4321960207594175,4.3380004891060775,5.917725702626353,5.8827600390981125,2.0729312074546153,3.5668349319851593,6.90678132668901,5.30416426029343,6.513034930643654,10.895492271638865,0.1820112745201371,12.877901368518023,10.506699417865242,14.054010729213184,14.772479493663528,15.126510832303271,15.420972284941994,15.268318926573546,14.857059730779278,12.496603336511962
-6.735890453115148,-7.4271994850704655,-6.386878401808991,-8.930336346416626,-6.916340254168252,-8.632958564471004,-7.808452179930282,-7.530278617259414,-6.725976858973122,-5.993180561763843,-6.2094584360011496,-7.2704265991037715,-6.709277475979184,-5.468852543642283,-4.920406196989809,-5.235983867563292,-2.9611345926441737,-1.218230797393744,-1.7002853254945212,-0.11224067541150948,-3.1816006989899916,-0.044973354088061926,1.633713893899041,1.8779735006525327,3.071140818058846,1.006757219641561,3.439467021855991,3.4280673659914607,3.4802342095987386,4.322281444147629,3.409184232322853,7.64236588332273,7.9149411664850495,2.0780629348948687,12.767332396300558,9.29053963536885,16.131531198955916,17.601094182613085,18.95160311083964,17.720496352136553,17.05587721838521,12.257711356428736,16.123679153444634
-7.021331619127681,-7.558719333131022,-6.026879921975543,-6.886984169533726,-8.175882985736338,-7.3539391033976775,-7.23511912311535,-6.733248131528524,-6.231085366347454,-7.336575803198042,-6.65979766267708,-6.847641510487657,-6.401320617430136,-6.929153072233563,-5.285579587467323,-7.324860438373018,-3.467405573960477,-2.3473062730226313,-3.317196970020098,-2.80368989943177,-5.034345465232027,-2.320193526979253,-2.5340788223874164,-1.525044936438352,0.7205349839434524,1.9890547544147548,2.9132701211201333,4.17789481770371,5.658368443219848,6.067869297010094,4.8142257785811955,5.5422139370051475,9.223620441967373,6.8576238060194585,14.376626722970675,8.675484344681099,16.106141306270302,18.74668017578049,15.481602842660308,14.61809919708636,13.942187906165696,15.087287844908778,15.033122071226686
-8.68641463999349,-6.780627183882449,-7.230092005516847,-7.766211070986167,-8.608488184195846,-7.677369257033465,-5.817661703443159,-6.429090497293691,-6.565518085160622,-6.575199925916179,-6.882719877225694,-4.85109826000674,-6.201863763015969,-4.544035870638163,-0.05068093012484583,-10.88914645854512,0.7951894480996344,-0.35765616498177516,-4.091172917606597,-4.211496769149621,-4.7630949925487815,-4.11956076160268,-1.733787466635026,0.4820824385077041,1.8041716010945654,2.703517711723521,5.5074966950145114,9.441016626672596,4.130046203648092,3.710337467886576,3.1046686208107377,3.180786337816683,5.5413416864610525,12.743992886780354,6.797079422616863,9.39039596666311,14.169735557199388,16.01250122302377,14.065820721493855,15.772976505602946,11.107593771819058,15.363696251243683,19.445084223750545
-9.161269241009323,-6.50945090426068,-5.046354312898732,-6.826713867442228,-8.884109450592456,-6.5094424684375625,-3.995554367373533,-5.1268425847153924,-6.121422933837039,-7.0580275030917825,-6.164929971613545,-4.3850449811292185,-4.381268350271485,-2.189426046971092,-0.25263517544352077,-9.79639313926528,3.993720312643353,-1.1682205170319038,-5.008398215456086,-9.734019001575739,-9.67926854127134,-4.920766697879348,-3.2007493158625158,1.3644916716076678,2.2784754132077327,2.546236379233603,2.834980415945046,5.805597894247921,3.9680252312878,0.34613870283429304,3.293604946658431,0.8412648256928812,5.4039717834125645,10.545725327093372,10.174493128543956,7.523621267022303,13.09000439746915,14.042312101012286,11.490527659424105,12.500061869096964,11.18317941414022,20.67680308831208,19.27173803296231
-9.230870016129488,-7.7274712436287825,-5.915459786404181,-5.821816184365701,-8.062742313930281,-5.615908308180814,-4.6895892345409695,-4.920111652503404,-6.243463989045515,-8.876796807663846,-4.584926561336669,-3.440333577851257,-1.575582103753873,-1.2590623270134653,-6.560886692442467,-3.994585012313893,-2.5124206864500653,-2.638041442715295,-7.625319574944192,-5.8910028657693445,-2.655634040644738,0.6561988668712734,2.0311259871221483,1.1407545857803711,1.5019279708528879,1.807004990727398,0.3477043574208282,3.4589359387735783,6.246135566026737,4.162756287632198,3.9067021183008115,3.063594501528373,7.460577543777721,10.6409328804596,11.149786475297919,10.5086202424581,10.758726538329254,13.552419645324111,15.018963709897402,11.705498004833427,10.944043928129835,21.354947964337633,21.331242654359578
-8.527250331885362,-9.341011591177587,-7.848428860312804,-7.461296332176703,-6.704685322827439,-5.083446641813614,-5.207339345696344,-8.210717111239367,-6.78854507931195,-7.162006170965673,-4.14671868148724,-3.039068647096969,0.11370548791987098,-3.1046702817088057,-7.519296229275416,-4.394248936678381,-2.395575058416656,-4.298664057649364,-6.587184471613684,-1.9492387600887497,1.4068997018095972,3.7859878722689673,2.348103476034082,0.4175473774703229,1.9378562247650613,2.7336750396381575,1.1239392398647574,4.8118489771926996,3.560682871371555,4.2108051819266645,3.9481146078202793,3.9910308712404827,5.660035187994544,5.574727080830366,7.229490387836959,6.9163818480988715,8.913465158934136,10.987708002251125,12.429911978477648,10.743147078398035,11.366086413849994,14.227804303556514,15.35336308749849
-8.55169362366075,-7.354036611815244,-6.400731564279153,-6.629537701183062,-6.8054298132456434,-5.344066605390475,-6.4775927815291094,-7.598494957718826,-5.512761635357942,-4.9712040354319615,-2.235313296812925,-2.6572976171705944,-0.8206629616094028,-6.023153057123338,-5.622736193391202,-3.701990218616853,-0.7335841914886773,-2.9233839016046343,-2.6744764264278063,-1.1351693148475037,1.9954452224055113,0.08958143324534559,2.451377567400633,-2.4105344825969293,1.9459940645164175,4.550510309948811,6.634050813617835,4.307927440954021,-1.1049051031948023,1.13619514159218,0.5355068236554017,5.077258481602757,3.2908140725724095,4.246262572203314,5.36029828504272,6.585162759851819,9.56276683236316,10.78139796590696,10.45911556408603,11.634811357743118,13.284229177407237,12.56221254067972,16.034474674716467
-4.8483944422601155,-5.9686427733466445,-7.625207602925501,-8.000259474269434,-7.227008077303947,-5.950796339819972,-4.379413989687508,-6.360905799207478,-4.702893891504521,-3.6535932028262286,-2.3288534090478947,-3.994956452323532,-0.4596495051790773,-3.8687412800975016,-3.874717337233942,-1.2279010326252096,-1.2964612097326078,-2.4156425680909814,-0.37153514719813274,-3.4056880357480313,-1.4597103866789733,-2.414450718039512,2.2300581498524523,4.044182648861923,6.487544465353572,6.009615034111739,5.129193585314567,6.21458001851747,-1.1829022629670038,-3.557206460111158,2.5513473947956795,1.7857159374767209,2.6949427221165685,3.9602441667450274,7.023767024373509,10.295546059160483,9.877997651580134,10.750895450451278,12.44284081169542,11.03792350406097,12.722612922932992,11.44901009590712,13.83795575240231
-7.191090974464351,-7.0415603820287505,-8.057782561118685,-6.622479510718235,-5.674012277339898,-5.218658381080399,-3.9930820277652,-3.4089587791831373,-1.7051097282783445,-2.6021288123609967,-3.682180818090183,-5.190454851253996,-2.8717403968444133,-2.6566184590618924,-2.316233182718126,-1.5596203878416262,-0.8681757989374768,-2.0425323196956584,-3.5259973550785015,-2.526747856114553,0.5238190629196053,-1.7277036273809983,1.5619454691060732,3.72403247322837,2.30280345462702,5.355382424399037,5.321525920916472,5.3781497188932175,4.7792402331410395,4.690485068888353,5.470452131304796,6.019388187994078,7.734249639178005,7.133650245466848,9.316006799074561,10.297946470522652,10.239829030348794,10.166848402776939,11.948405678465472,11.12644534488874,12.264131171417558,12.900251960275884,12.384474137189521
-6.696411621599537,-6.336213992940984,-5.659308409306136,-6.3806538581665055,-4.458301160780474,-5.708904883387483,-4.077469093714252,-1.8183770365454621,-4.973410208747227,-6.433884662948123,-6.914727778105032,-4.302122719461438,-1.4684227455029386,-2.0891493634435414,-1.319475578678481,-3.386305600749923,-2.621442727948158,-2.883408076184701,-4.625419044980798,-4.770693301209831,-0.47968204796435,1.7958407221726174,3.7897408872874525,-0.1350042563307818,2.2422988257148893,3.5396819204367294,3.905718454183611,5.348036141503305,6.492043231218715,7.146943609048701,6.896459660815534,7.1532867724510165,7.40728313846382,9.115710639468757,10.007567796654104,10.750783231587452,12.755488138355712,13.535830478455946,10.886524367684578,11.322417692231216,13.037595358503571,12.85021009681438,11.381648476165484
-5.746876734913551,-5.5649160931040615,-4.234208874026492,-5.779538375341778,-7.774749794625581,-6.9276906316843885,-7.249127959455221,-6.394079622853616,-6.2735085546113085,-6.472133429571626,-5.685185452055451,-3.0107720733898313,-1.6854319371536817,-5.185485211465186,-6.116949891160801,-4.183929962836969,-2.378668021249304,-3.4534680315057327,-3.5242001970518597,-4.562847277134674,0.09164195864928751,1.8094272996366656,1.7932607751051162,2.7057808497945275,4.098554863946,4.706988715006211,4.842067102942418,4.384984153097173,5.654639768919273,7.648861449730305,8.164865511987596,7.957821362274381,7.334956843703239,7.725776723806243,10.673284556683113,14.771723570098608,14.936041981420695,14.32612228362794,12.150856609090265,12.733080735711976,14.050379324924995,11.359568036705822,10.25559196605612
-4.396289911964074,-4.995705467114392,-4.9804077802125315,-4.506228164017969,-5.11767766268035,-5.767370417021267,-6.372320356524297,-5.438463920352836,-5.468135979706985,-6.292479702220479,-6.392507332238374,-2.9778156421028177,-2.5775966707943434,-3.9217438620873395,-5.129874456326281,-4.20022920885842,-2.900657200333089,-3.56038420592221,-2.52408480253524,-0.37299435395391645,2.6938718262984445,3.0070976264801192,3.6861262319119845,3.724210855183027,5.208372882045229,4.642917296429306,4.385929060650019,6.485922836504972,6.531933207215486,6.878489702574611,7.32228451486962,7.738613340746842,8.038180063264413,9.58523345771319,10.187446921997903,11.734511089749258,12.528568290289925,13.327992106168121,13.125882918748104,13.863322646060116,14.38827998316332,11.649299223654648,12.961670198221167
