public/json/wind_2018-09-1607_925.json
{"header": { "discipline": 10, "disciplineName": "Oceanographic_products", "center": 0, "centerName": "Ocean Modeling and Observation Laboratory", "refTime": "2018-09-16T07:00:00.000Z", "significanceOfRT": 0, "significanceOfRTName": "Analysis", "parameterCategory": 0, "parameterCategoryName": "Currents", "parameterNumber": 2, "parameterNumberName": "U-component_of_wind", "parameterUnit": "m.s-1", "forecastTime": 0, "surface1Type": 160, "surface1TypeName": "Depth below sea level", "surface1Value": 15, "numberPoints": 4800, "shape": 0, "shapeName": "Earth spherical with radius = 6,367,470 m", "scanMode": 0, "nx": 80, "ny": 60, "lo1": 109.0, "la1": 20.0, "lo2": 116.89999999999955, "la2": 14.520000000000117, "dx": 0.09999999999999432, "dy": -0.10000000000000142 }, "data":
[rows 40 to 59 of 60, columns 0 to 44 of 80]
-4.38761587407881,-4.554596408527341,-1.9573489112738138,-5.05126508998546,-6.034796993813355,-8.271580341119913,-6.53483491047483,-9.156653734260065,-7.848938230018241,-7.855886484198233,-8.142889436084104,null,null,null,-4.474142562162225,-4.8802544981969715,-6.829019982605339,-6.8405003739478545,-6.324985720825516,null,-6.836350496941459,-9.360686051749816,-5.0719301478871,null,-6.48726648916011,-9.441918254510329,null,-7.547162551000611,-13.31652879981936,-16.142176340898025,-18.105734781871057,-17.11077773686724,-17.554444956406755,-17.30999049877576,-14.076328143511914,null,null,-16.192905024174912,-21.032154801201706,-24.22941779504765,-23.38321310572909,-22.58970516745691,-24.296058519299393,-24.796065885258823,-22.648386574843876
-5.211822018970336,-3.497400361472538,-2.597196444623748,-4.352454946189958,-5.886747688578414,-8.164877710718056,-7.835398755080025,-7.18828428510306,-8.79630670502991,-8.12860038835923,-10.21643703852116,null,null,null,-4.367763702192317,-4.363324232915601,-8.6523358443678,-5.493718259335641,-3.036198033765893,-8.920485936358247,-7.3587905743764255,null,-7.02706251550119,-9.69955013268083,null,null,null,-9.176064634608787,-11.416698811285256,null,null,-11.048884542480192,-17.299525295131843,null,-15.191130096310243,-11.91280816605851,-12.209389431975012,-21.40393415428798,-20.723297424805637,-21.901787281760527,-17.330298334619165,-23.261880878740556,-21.088976462816206,-18.459833624635493,-22.078709542723914
-5.279625302704495,-4.236962527234379,-1.7607723759091152,-3.459217212046746,-6.153249743770151,-7.772518515538803,-9.12301058401523,-7.515176773943116,-9.903996008299933,-8.279717853987465,-8.391827599420413,-13.099267384649352,null,null,-6.565838443723985,-4.482521748624937,null,-4.293072665933817,-5.606201217732281,null,-6.124968625876079,-7.620973437806421,-8.373086726985136,-7.20659725750478,-3.7290258952192135,-3.238848740790373,-5.390487604366687,-11.920669234287352,-12.260698997549614,null,null,null,-12.598659690149955,null,null,-9.471659825126112,-14.501917940395392,-12.879793901702268,-13.464360501087786,-16.91221365995683,-21.196164805899237,-22.34870486192712,-24.687376646763823,-23.92732666730843,-16.623341771789093
-4.292543344085073,-4.86199374899057,-3.357228002973758,-3.850544016600165,-7.007258638636522,-7.309712709785577,-8.774036439847826,-8.591987773429421,-8.430174402741045,-9.044381836768556,-8.17510833665482,-12.920386701408813,-11.431376051637173,-7.12699453185557,-9.032418285404711,-5.912712523822602,null,-5.253601638159548,null,-1.82631099346981,-3.6651240301742822,-9.201641970926135,-9.263617312978834,-9.17346253612974,-3.2876528367810383,-9.846726162640259,-11.802420403681381,-14.926546502769101,-10.973967594108998,-10.906909381430482,-13.689316612275707,-10.265650783002505,null,null,null,null,-9.485732190060634,-13.887270374817131,-14.10352189582789,-18.955757895710857,-18.27643784786789,-19.339586157574782,-19.310892056290456,-18.391895275523964,-25.16129605984132
-5.420506366839586,-6.099165671015618,-4.704030909720081,-4.273644008185489,-5.864212591066512,-7.390146974394471,-8.90199951928701,-9.769002130653291,-8.08776356803549,-10.677402621326204,-10.22734282195543,-11.993072876439838,-10.517803650024371,-10.458625082229222,-6.014787070376256,-10.044298428786687,null,-5.779024614399788,-9.312677063751947,-3.3496794378206034,-9.090310531065978,-11.501718582496492,-10.216577190597228,-10.146587128676188,-3.8690775015585097,-13.627991137240137,-14.65689508397243,null,-10.091099446979266,-14.192229910678167,null,null,null,-14.577272906492565,-10.68228508510718,-8.119772115640124,-11.935403002492741,-11.048819692115675,-17.309478015857167,-16.346229638069644,-13.759319536554537,null,null,null,null
-7.859454601125596,-6.882377246396082,-4.503330777176713,-4.838387171090522,-4.459933846804569,-8.222257474139791,-9.418277276878248,-10.106563684130313,-9.102278314627796,-10.567504229986296,-10.731595611841344,-9.45247072388457,-8.81187569885718,-8.224068664719104,-9.154653766574167,-9.264331193695853,-8.50782110496934,-9.337240287891444,-7.485740469584111,-8.10179915917218,null,-7.4266828260448055,-10.177791638899592,-10.642406811227902,-6.2416140555865045,null,null,null,-8.249910334834968,-14.592142475519841,null,-14.346987023973973,null,null,-13.541024805686675,-10.57078283512255,-7.252561024501633,-13.999561217047589,null,-14.764356340005996,-13.84119082050302,null,-14.632714179469016,-14.084228996804587,-10.040456979660437
-8.694405649748004,-5.792532452206844,-5.40577546287928,-4.886036496250153,-4.461451300346205,-8.15369567059471,-8.926365854422956,-10.51268207418323,-10.989015814660297,-10.702292128863911,-11.832833814234107,-6.246599317171131,-10.125179444354927,-6.796581300774991,-7.062793649830756,-6.350345021777656,-10.659391983533279,-8.54480338268949,-10.667836184003095,-5.650200629929934,null,null,null,-8.646422072522576,-7.78219001679444,null,null,null,-15.471213889650922,-13.901512637376761,-12.520377977936704,null,-9.138538407094039,-9.253478641836972,-12.464691897471665,-10.472841864365849,-0.7485303943773169,-15.389800968215209,null,null,null,-10.555891293150397,null,-15.033700739383518,-17.99451013141361
-6.758009603422441,-5.368314003037514,-6.475969927313692,-4.699874019653738,-5.017852447195662,-5.488455945681576,-9.149767254410309,-10.411967732747453,-10.836687641107357,-10.560391490371131,-11.830252375698304,-10.65131013802544,null,-6.858957756618203,-4.617802225610064,-10.228392324355704,-5.913119981947001,-11.28233087778675,-10.727512846381622,-6.455714235194901,null,null,null,-6.816656375205491,-10.078831412489375,-6.915201544732572,null,null,null,null,-8.92676387489295,null,null,-8.78812620311534,-9.889596140488385,-11.567803528388735,-9.053022494085663,null,null,null,null,null,-17.219835805643825,-20.019582574540507,-13.16284654085745
-4.706124641107898,-6.2761411597132595,-6.634350939608293,-5.702265946024796,-6.076018992025142,-4.768424064581682,-9.21174068042074,-8.906693294311921,-10.992377083089444,-11.34618535523783,-8.937977869593794,-14.044393860454102,null,-7.321395746103125,-8.745958797156472,-4.773048965806118,-9.962133950130248,-9.785144591134571,-9.374288138111666,-11.235474561792763,null,null,null,-5.986780259354132,-11.262283995181026,-9.031808586445669,null,-7.993455267426562,null,null,null,-7.46249594048971,-1.279254173325586,-4.521659144453827,-9.197800379106821,-9.715818872167139,-12.802503271631457,null,null,null,null,null,-12.098198120795331,null,-14.293578696128304
-5.421118272393403,-5.978608281456988,-7.2018004488349145,-7.463183091954816,-6.482475537691236,-4.102569521591233,-5.14141718476583,-8.638189179789755,-11.33798019164133,-9.645132590869471,-9.486861257235745,-11.117007764089522,-11.445104553655792,-7.95644836332035,-11.404094825919781,-5.678891234367562,null,-5.514381534506273,-10.062282176860272,-8.637331627981327,null,-8.780778864126427,-8.514652060752482,-8.18717329116979,-9.787509064477243,-10.443132099025178,null,null,-8.205612653065499,null,null,-3.0071865403931666,-6.299699824758954,-7.428024021134174,-10.701897026955663,-8.341529622036251,-10.060744408113768,null,null,null,null,null,null,null,-14.023618225939453
-4.7653713859237845,-6.855451914362047,-5.120637392492511,-7.459917085312414,-5.79609108436115,-3.6952772804822005,-4.3757418756614594,-8.419075964457015,-9.173074388195982,-11.837520815073463,-10.002873024911317,-9.315685613933478,-11.14870806836291,-11.361103704312175,-10.873091313374005,-9.674341012858793,null,null,null,-8.540484217259941,-9.54810494078356,-13.686422393118672,-10.20157374679271,-9.429938719788513,-7.956342213262203,-10.4003574307304,-7.542000777968401,-7.413069520536624,null,null,null,null,null,null,null,null,-4.777472729697436,-9.489265247629401,-11.393086894807833,-10.810880980489632,-10.999401596815641,null,null,null,-17.128280236177297
-3.6273711592426583,-2.1561506031554103,-5.530774497280783,-6.246784603476659,-5.458558776885784,-4.2058678233012845,-4.133022530533944,-3.785315939235886,-7.806016817222252,null,-11.860195824170692,-9.90671722290216,-9.103330867407102,-11.208123046233563,-11.043449047794205,-11.84098728785371,-12.281151500610857,null,null,-10.033954112637108,null,null,-10.922579039240272,-8.661680532802249,-9.784706019139591,null,-6.931502226528381,null,null,null,null,null,null,null,null,null,-8.853495524608352,-13.572404502408128,-14.117037594947798,-12.709287589489893,-11.328558109818932,-10.21936138556602,null,-13.445165593829335,null
-4.496338076318208,-1.4444818258907675,-8.135910909653575,-3.5518005728213584,-3.096167607233382,-4.0013985502068055,-3.9920462925839284,-4.919957896124424,-6.209823621913214,null,-10.438171792316487,-11.309530043836048,-9.377268924980259,-9.511831788219377,-12.340607913231878,-13.445776793797423,null,null,null,null,-11.240378227853782,null,null,-10.334432982319644,-9.709847824311261,-6.35157467567735,-8.18283048427252,null,null,null,null,null,null,-5.429691473873914,-1.3789411721519198,-9.518495388872571,-10.854886035493767,-8.021239161180286,-14.49732228138339,-14.27265701448167,-13.31284818987313,-12.962579483589531,-13.182548960148853,null,null
null,-4.2714535719725415,null,-0.004372278846291551,-2.6265167691927003,-3.404508442480264,-3.6473349357004454,-4.062355775151901,-4.337036505927022,null,-6.549599863595844,-11.281309834536863,-10.248850101521148,-7.8451036554214895,-13.070211263075105,-15.235784003049368,-11.589191204313433,-12.595693764144693,null,null,null,-6.607591886227547,null,null,null,-4.921320510035986,-5.797171980177857,-7.892281350334138,-9.593457136027787,-6.357261157369589,-8.048265162178502,null,-8.398722829930053,-10.069151658572482,-12.428763065001187,null,null,-6.41687180079248,null,-13.249943212592552,-11.983554226567968,-12.424644891726071,-14.319955933051045,null,null
-2.6420536548237603,null,-0.766235389331171,-1.4654367244335016,-3.0752221511762583,-3.962740454891102,-2.591962054296067,-4.6630511553109955,null,null,null,-7.32683020670726,-11.064939900680713,-10.290227581190647,-12.713878892086992,null,-11.382004558828116,-10.37698803213422,-9.549145483145212,null,null,-3.397472459690407,-6.80427377148032,null,-1.9339808364601747,-4.88468333272028,-6.340250893301311,-5.704675629832557,-8.109686838278348,-8.012775152880485,-8.425773105001005,-9.186687566803323,-7.0625054313473825,-15.254079787692465,-13.800411173185612,-12.972937102228137,null,-6.700154967930928,null,null,-3.295105583309365,-11.174582034867539,-12.971263389933712,null,null
-0.3292128383021902,-3.8216339291672,-2.34624996247231,null,null,-3.178918269555254,-4.055361624340488,null,-7.469712404181281,null,null,null,-5.7887535797342515,-12.080187464535957,-11.523857638971466,-12.15869446995183,-13.841035428355232,-11.263792934405364,null,null,null,-4.266315747205152,-3.2621333385183746,null,-4.431526826738658,-7.743345735864789,-9.928285022272549,-5.433032884868787,-7.105781687623562,-9.42412666666798,-8.297241534343948,-8.755215999166168,-8.325024691498175,-9.196751214009856,-12.39828031291496,-12.27148494365752,-11.363527286397453,-9.879480943572823,null,null,-2.0811405432547065,null,null,-6.284632721951356,null
-3.679137952138997,-2.34062404084678,-3.9526982565650455,-2.90752141725765,-3.8379340008886413,-4.810823538001705,-4.670035825995863,-4.041631975119742,-4.55121022673493,null,null,null,null,null,-11.676870031355792,-8.271404236459045,-13.48133631836457,-12.222794835333499,-11.314818277394085,-11.09309560852349,-8.931682156272585,-9.676957259646306,-11.927743446509998,-9.109657898612678,-9.189073527965217,-7.542292529311915,-5.736830288404993,-4.0962892861174875,-1.664472311556091,-6.527885271499372,-7.243300798530781,-8.183847980878996,-7.840935631891111,-9.461533325985227,-10.928466124617692,-11.80121363563715,-11.910610788511168,-11.225990832504024,-11.944458579505293,-10.87453614053697,-8.111632165876582,null,null,null,-0.36315513589351023
-3.841506850694281,-2.721828820215161,-3.414878329999878,-3.969422365692386,-3.906343104033497,-4.634538739995262,-5.203762137597609,-5.489406752685528,-4.35234928082598,null,-8.721711110693299,null,null,-6.941822587329922,null,-7.965595398847455,null,-12.059625095138601,-11.50783878027994,-11.195770103317946,-12.143560643581381,-11.8974573257157,-11.061493491786578,null,null,null,null,-1.4833179416339226,-2.380684664257666,null,-7.653287539857555,-7.4943727450018285,-6.137832347962232,-8.271998799763487,-8.922722148305883,-10.889745969585974,-12.749278604743076,-13.255991652048724,-12.701967870411332,-11.55732890012732,-9.081619709651758,-6.271758764960393,null,null,-2.3039091377599834
-2.2584343342824797,-3.4428272138783527,-2.838467711343893,-3.511395729957542,-3.0033978137680744,-4.175178667737857,-4.890291306953113,-5.5254327624410395,-5.456901370057279,-4.279906203413839,null,null,null,null,null,null,-4.0399512607526304,null,-11.388865251646813,-11.774703154696983,-11.78765287408919,-11.038358497864596,-9.864894800985025,-8.087844345173703,null,-5.146832979817635,-4.48884988829743,-4.48974434359603,-3.9919902644617196,-10.254196727341316,-8.96284577900506,-6.455049777730188,-6.027353499468615,-6.801581713025638,-7.834634719807423,-8.225766382072038,-11.382997343527457,-11.838695903475198,-11.855598862653414,-10.589325907939797,-10.2270931042037,-9.001273233820836,-4.170795487960568,-5.8792598673936105,-6.200606537282219
null,null,null,null,null,null,null,null,null,-3.540486134258413,null,null,null,null,null,null,-5.264450651313433,null,null,-11.513826606616295,-10.752950808013505,-10.617634532403075,-8.892098490004692,-7.426889060804213,-8.19826457273693,-7.2073416843383376,-6.410817999679425,-7.531813877351957,-8.18702613075673,null,null,-3.8070923700526555,-4.280424131053505,-6.359988983168867,-7.003064095415247,-6.969975870885477,-7.26842530120451,-8.602380461089854,-10.390597305581483,-10.400593090778164,-11.33443138718554,-11.125936515634676,-9.666814019487566,-7.189639615610987,-7.247169348962336
