public/json/wind_2018-09-1519_850.json
{"header": { "discipline": 10, "disciplineName": "Oceanographic_products", "center": 0, "centerName": "Ocean Modeling and Observation Laboratory", "refTime": "2018-09-15T19:00:00.000Z", "significanceOfRT": 0, "significanceOfRTName": "Analysis", "parameterCategory": 0, "parameterCategoryName": "Currents", "parameterNumber": 3, "parameterNumberName": "V-component_of_wind", "parameterUnit": "m.s-1", "forecastTime": 0, "surface1Type": 160, "surface1TypeName": "Depth below sea level", "surface1Value": 15, "numberPoints": 4800, "shape": 0, "shapeName": "Earth spherical with radius = 6,367,470 m", "scanMode": 0, "nx": 80, "ny": 60, "lo1": 109.0, "la1": 20.0, "lo2": 116.89999999999955, "la2": 14.520000000000117, "dx": 0.09999999999999432, "dy": -0.10000000000000142 }, "data":
[rows 38 to 56 of 60, columns 0 to 41 of 80]
-12.18687263447976,-10.969325571526864,-12.512398199349317,-11.522291911640611,-11.615263768550648,-11.729131852155174,-11.827275170582928,-11.782649800806988,-11.669844056449906,-11.375650943148957,-12.020751026165659,-12.614170183903424,-13.511999727148112,-12.487384877940826,-13.456730854890147,-16.347035910791092,-16.34769772839236,-16.1421770519431,-16.19701463158671,-14.385897078602884,-14.412428177443537,-16.873985181370397,-17.881968963954364,-14.332786134491057,-15.25580996735879,-15.85002982906896,-14.349251580751355,-14.012649928003103,-14.359624369286415,-14.288401127194994,-13.857529195604478,-14.506469241135155,-14.09719275610655,-14.048765500271848,-15.32402143437985,-15.32414429137544,-17.05826047025502,-16.885174621479873,-16.690766843585394,-18.190203824872018,-15.169549352621768,-15.446788971072476
-12.251823979690398,-11.508404468593191,-11.79204070482933,-11.854857467454215,-11.557072463010673,-11.771403865441512,-12.2346536443271,-11.616399652268138,-11.3742320419596,-11.140395747838689,-10.293720670727566,-8.77528501785558,-12.59810399841564,-13.898339535283268,-15.043309578678024,-15.364954264011162,-16.094537965442626,-17.29798350067606,-16.75953403119549,-14.374953766879788,-15.612237129459094,-15.055648015616633,-17.250584017082343,-16.064728364664866,-16.390445648434874,-12.499649457936208,-12.264004438811352,-13.247955306272113,-14.09705623909693,-13.530404456191842,-13.824104946979542,-13.620962162490262,-14.191908704061586,-13.189043529450672,-12.541046908497147,-16.728317520142,-17.979460433255582,-16.135960604699406,-14.952233562803135,-15.784515133247918,-16.48498422797143,-15.44092453509686
-12.348402653600047,-12.84355221209775,-12.710865387501507,-12.12568878467811,-11.85636773664913,-11.88273324226775,-11.899490145306345,-11.980808873521468,-11.67009948556321,-11.644235406268852,-11.518743158724085,-12.26335007604932,-14.90387150968199,-16.048546728692507,-13.776243975543466,-13.848969734986246,-15.767158493401938,-16.208248566360524,-17.57158724885738,-17.916920477527285,-16.162791510532305,-15.210893417329352,-17.621183536426393,-18.533628999976607,-18.30360208571962,-17.865186909610685,-18.85237964880516,-15.549616317513806,-14.640198031924527,-13.955685517158079,-14.6604938909327,-13.1810371394895,-13.258663501718637,-15.591743023155354,-15.749159285286183,-16.328043127050066,-17.884685240956543,-17.112039618216546,-14.881706546221864,-13.490699453200065,-15.9651627734491,-14.78856347828983
-15.006582594499434,-13.33972266735613,-11.806430766214003,-11.528037889841709,-11.092193888985648,-10.40326754067462,-11.570777027559538,-11.96230589212104,-11.819720791724158,-11.766773519417146,-12.546023440730565,-13.415386597757939,-12.719744321373032,-14.26322722621643,-13.997495175911041,-13.831502012057332,-14.225542892412989,-16.297178861763186,-15.487790024165726,-16.220090869089326,-17.075885733465014,-16.878051204365924,-14.764310630967708,-15.878303024364083,-18.646915754926706,-18.379233216317317,-18.572607520404027,-16.436850067699485,-17.318458868723962,-12.788374347652782,-17.072992850941333,-15.199695913019628,-12.212568562723149,-17.87756311554709,-16.259050569869846,-16.58265771995782,-16.85108894816795,-16.712136472606673,-15.878090264201477,-13.674807717585706,-15.304067846728858,-14.978556615939066
-15.057462359183894,-15.182420901794526,-13.638753266108715,-12.203914162712982,-11.45812793417493,-10.66975763330596,-10.788691896402469,-11.507335292633694,-11.47162605399259,-11.924454191369563,-11.815832492667084,-11.71740191348762,-12.996055676905238,-13.497163864512054,-13.976673250830274,-14.172807898370912,-15.342715090797519,-14.966231515443784,-17.46747540871194,-18.04599415655263,-17.10361812739161,-16.533594482954975,-15.393825393069164,-15.546354179845844,-15.463039701314656,-15.32865160818427,-15.935779246801486,-16.25670123727483,-16.738549140396806,-17.964998131130283,-17.116870604945916,-14.459904813725785,-13.89310715203481,-17.60011703442873,-18.25009822125842,-15.607282869912225,-15.185857703600321,-18.501192177053934,-17.27480988035297,-17.793005656534646,-14.29553314308191,-13.997474917769264
-11.449035553472028,-14.897845332492432,-13.779244901627196,-12.749125172779262,-11.378048900364458,-11.024063334269368,-10.385763546891269,-10.393056652555433,-10.608302819634309,-11.697162628907778,-11.90922341092495,-11.70327774957998,-11.073255564510433,-12.347320118908588,-13.482165213882547,-13.964714336968548,-12.810110850793862,-15.439786977768751,-17.173439466087036,-17.04290837145553,-16.912622560982385,-16.64272405822282,-15.342132366173175,-13.23813474550767,-14.95366735251165,-14.026835631381429,-14.226671057927756,-14.447062509020554,-15.79826975742876,-14.655602249331483,-14.54518775973104,-12.413682154808725,-17.525479322584452,-15.143971298054367,-13.135812106775816,-16.51119244278709,-16.618916304669025,-15.355254175027985,-17.99584645645233,-17.649265160237128,-9.778141948922222,-8.274952278059953
-8.718104570876637,-11.372207758285363,-14.528821670466446,-13.425626843785071,-12.626771229960813,-11.745179899521549,-10.851268412651423,-10.16406638075643,-10.07614042207732,-10.644805854061657,-10.515963676955288,-10.489141781753096,-12.027163140744594,-11.993824342365453,-12.861732342343645,-13.444367481091726,-10.637738116249283,-12.101273798736354,-14.904632927710246,-14.43909841395191,-16.907550823061527,-15.358012401281039,-15.320947625485204,-16.357434290687863,-12.722517017397053,-14.624271871819007,-15.334759265145097,-17.24017898047899,-15.858006788623678,-14.585189708823208,-17.024698176878466,-14.12873083556659,-15.283455542255247,-11.054897615878685,-11.589642239914483,-13.170277226366725,-13.500613840978993,-15.152975425836532,-15.414058866233596,-16.306253983404716,-19.40372233622167,-19.240093314106822
-9.175904533598205,-9.752293358546941,-12.88423852570873,-14.019394692325234,-13.178358503352381,-12.678773880704664,-13.192368377450588,-11.780995863846208,-12.120895263524135,-10.874173103697956,-11.6487876935715,-12.926437782064795,-11.57246315985064,-12.023522138329424,-12.107199969715799,-12.686688882877514,-13.740589367037272,-11.744745763629652,-13.530491046105691,-15.471592851116469,-17.485461483092063,-18.24050413755593,-17.329964161329368,-18.0673156092071,-17.18129514829816,-17.7428339883702,-16.75732622449722,-17.70275017911483,-17.510421900747037,-13.947672800445492,-14.924371155269611,-14.157362588772127,-16.31369932712327,-16.01805853117107,-11.909853620097191,-11.073070023363481,-12.848339974231067,-12.84462916545756,-14.746811644408265,-14.572691164879974,-15.233126224621028,-16.30070699036969
-9.865084021003852,-9.440301060336164,-10.381947029729865,-13.922255648308521,-13.369675809949861,-13.49661373405409,-13.035407125810037,-12.814827107787703,-13.502079516176707,-13.111259262519887,-13.346123249014122,-12.985207491624356,-12.108482246413496,-12.995009164342123,-12.85229154011357,-13.13568800488293,-13.853542260143763,-14.638716792647491,-12.49556610337036,-16.41431705669854,-17.878297077416747,-19.617553343225353,-23.265757265965085,-19.31138592699491,-17.94200757119429,-17.303073254219974,-15.264894725697308,-18.716181180861327,-15.15738870683352,-16.233484023731933,-15.210978871293852,-15.119687777668323,-13.09306134496073,-15.373129094865003,-16.097322269953743,-12.942871998151672,-12.862678935309539,-13.95755941013346,-15.807455676916938,null,-14.484043832566883,-13.301887634699854
-10.339392993658564,-9.789819570947955,-9.483336312713234,-11.18414600050645,-14.377121476018427,-13.866752388684723,-14.01631625283472,-14.41866994841264,-14.906839438867815,-13.898926827084118,-13.207406697641222,-12.086390828569133,-11.842836601803395,-10.697585750072152,-11.023105368286382,-11.800102193886577,-14.048777638266632,-14.087209006921803,-15.400723444025008,-13.625445322761895,-20.17797347650369,-19.556749251178996,-19.96696195815432,-18.83391153448605,-18.02016209580729,-16.360744248346336,-17.151120558632783,-16.88250387494224,-18.180188723781058,-15.068884578697109,-16.183798322733526,-15.314559666032942,-16.594853122750514,-13.946018125044922,-14.491897914770988,-14.026811137569785,-13.680044153105008,-14.194916855252828,-13.840523243177836,-13.035032071655994,-14.558777959661082,-14.20006151548169
-9.251305130633956,-9.439783945254444,-9.48304586167557,-9.688302758558345,-11.9171140936737,-14.444987684772869,-14.012337286095587,-13.480282557942052,-13.771057755373711,-15.696759374416267,-14.459411011923144,-14.894721725174383,-14.146990757878658,-10.763203271791145,-10.455026691166172,-10.762855621758685,-11.327999302000535,-15.458212255952064,-16.545947934304813,-16.495128621682735,-17.012686474914,-20.127793679397406,-17.531964159495388,-18.140435119244614,-18.253452002414967,-16.950531178953273,-15.642815535979178,-16.382188863459785,-17.36575155916598,-17.153802173904268,-13.15927117572075,-14.842225172981477,-11.938862655278948,-12.602236978451542,-11.358391232885062,-13.33572473640881,-14.975797257380842,-13.461952144004723,-16.679640874891476,-15.376724685537603,null,-11.484383247409724
-7.839258575001054,-9.098485622493593,-9.857573850851882,-10.20047944178917,-10.815087847084023,-12.38815388472814,-13.858589415930997,-14.030632826852784,-14.401869940668359,-15.352254111340349,-14.01479316023698,-14.18087323985976,-13.792375548371778,-13.046732157759294,-11.876737206647103,-10.547636139858469,-13.653992314713147,-11.77890968830281,-13.790246920266611,-16.616799218132797,-13.933814411700482,-14.878228393090774,-16.692542445845852,-17.98140440126849,-18.329213351870923,-18.544658440890608,-18.052082014745515,-17.03477633277975,-15.511121912799736,-17.390450908616145,-19.020942430436225,-13.189737456889059,-10.614785409539248,-10.72509762365945,-13.14283065479605,-12.270615276491863,-12.884358996448656,-12.92229162281538,-10.476243722616982,-9.878848326248313,-8.926749821141012,-10.072059897943879
-8.475853025381854,-10.167769746811373,-9.909781274362913,-9.86110522432081,-9.713974381158476,-9.538516244534584,-12.185990039288239,-13.663642765804687,-12.7330887408506,-14.081058276352081,-14.324423937784065,-13.687057579183286,-14.097118822589081,-13.903948536447572,-13.214395293708023,-13.605993182479011,-13.499714978574659,-15.1594332696843,-15.806120198602883,-12.744095539025597,-12.683647359947276,-15.401988484224777,-17.355010979630865,-18.45447639628632,-18.53232134724898,-18.55566028580652,-18.687312117943343,-18.32337259504569,-17.85581416837045,-18.326242654264732,-19.295768320866596,-19.263382319756907,-18.556655903023564,-17.271926282553874,-15.39490997461554,-15.131228311593869,-13.821482307374776,-11.383853504474628,-10.058786938076201,-9.031014520743502,-9.796145456265728,-10.626819800225972
-8.332933839000251,-8.662655794461209,-8.825480727749317,-9.443887808089187,-9.48134025989188,-9.374246659785523,-9.553004836235118,-11.551399668873536,-12.233257665288548,-13.126210938744926,-14.187514929966753,-14.214231246925307,-14.557936075230273,-14.558114637953869,-13.32825974853974,-12.600737633542273,-11.838699780939752,-12.526701769464179,-14.535489589847293,-14.832392038370813,-10.884955979832972,-15.54724404493212,-15.792236155416552,-16.83182257887533,-17.37964144758141,-18.53939895223788,-18.37732118604477,-20.237007628019537,-17.415040653714204,-18.59737710653293,null,-19.482372714130733,-19.365705925075588,-17.88261327857324,-15.114555506959816,-12.838963915592293,-9.401194081663009,-9.567025761805354,-9.63398168628249,-9.588317405043155,-9.977420120248524,-11.54535027365109
-8.837346770853658,-8.948011729256,-8.919022869543378,-10.13705853735597,-9.865427320357709,-9.822018294868005,-8.748248996763934,-9.244354171775301,-11.220789656439083,-11.869335436994394,-12.958617152749913,-14.238859145076031,-14.064004447358386,-15.38399156548499,-15.325595432159446,-13.551061337598378,-16.10932699416136,-15.283948460158179,-13.144163893923217,-16.357691410988068,-15.772450386262488,-14.230262844911275,-15.310822204538233,-14.609338196839065,-16.239110867890812,-16.418190069894692,-16.863360999416678,-15.944561207999376,-15.688894792243286,-14.358090345179662,-13.930516355746148,-16.367289817740748,-16.389556098519108,-15.699467741386943,-13.112874393764377,-8.559301845666253,-7.061525709727731,-7.52975358674831,-8.590481751164926,-9.322396230145339,-9.38485921971494,-10.974811035364493
-14.747797605960965,-12.695689843732243,-12.90867686770967,-10.531353496846524,-9.767321853421189,-9.563789629524848,-10.816283036250416,-8.111792971256866,-9.456501679467742,-10.409464657728279,-12.12761480131641,-13.208651651654653,-13.924102108942733,-14.972677574346612,-15.413513935146977,-16.54499224988161,-15.479084052369485,-15.201764668360745,-15.54847545221458,-14.32265002406545,-15.15302749602814,-15.965804132730812,-13.984190141561598,-16.019680205940862,-17.209850273844825,-15.445494947684345,-14.65925838037627,-13.66402204435236,-14.098586933354849,-13.44644018138136,-13.430594536154256,-13.653126155798903,-14.050414497937311,-14.179584357568778,-13.722042011023191,-13.19539133644463,-14.728593064468265,-11.123683268010653,-6.668245548757503,-9.450931869768887,-10.680754564188735,-9.99197335772449
-10.953143493405248,-9.33518036587681,-6.339065850570171,-7.964737182673776,-8.861043821488447,-10.034313648093175,-10.20630812237822,-10.523032927336857,-11.094102525771591,-12.52276397092007,-11.185441609296626,-11.627366387478403,-12.181671830861571,-13.528535892484197,-15.76028210032462,-18.119783420262987,-17.905412422087018,-15.741780420444323,-15.875481938881066,-15.061806983828356,-17.159402198760958,-14.572529681512504,-15.102595357414168,null,-14.599157261486877,-13.80430876796551,-13.386985367021131,-13.517338265117909,-12.796147770024701,-12.471794033354056,-12.994053777941051,-13.4118576795975,-12.65004164268468,-13.305218513147146,-13.652299876856079,-12.808454643178035,-13.777102704749517,-14.960922946859075,-14.91386372679421,-14.07957509593805,-10.929703855820732,-9.643700663001653
-12.111771878230188,-8.361141036576992,-5.973945829811654,-9.328936730209115,-10.586717070958123,-8.828676126738461,-9.435265150913214,-9.952230566383784,-11.731402654401787,-7.867814409909543,-11.274402824350386,-8.315173333199155,-10.172763853349267,-12.957681873765047,-12.772750516480043,-13.941781763629672,-14.85448833074682,-15.562153747442508,-15.797778778733015,-16.24336458774897,-14.758080527600024,-14.827513737247322,-13.363094915545638,-14.434004348469669,-10.898707852754352,-11.67188236712779,-11.932664712078507,-11.546075935833265,-12.356073879863402,-12.749201973372237,-13.40486492706839,-13.722373810792675,-14.206714590061672,-13.90649672551413,-13.102651462186655,-12.378292640926617,-12.019841262469507,-11.930959298890297,-11.752667200568082,-11.214392076806467,-11.029596131076234,-9.775992912197392
-11.637926983245269,-10.748800891448433,-5.5140409843344065,-2.4620333377399217,-4.159340253920723,-6.362385080949224,-7.131257284608948,-8.27692164064158,-9.66031365892938,-10.52861982398974,-10.443600834152528,-12.978796874724544,-11.889035475288125,-10.899366503960215,-11.092258621948154,-13.124885140837403,-14.263066138410505,-15.580398450409774,-15.213220814560234,-15.09413463615138,-13.679524021624745,-14.424289864381969,-11.085889484518837,-9.640177035497889,-14.539000342748015,-12.244623345533384,-13.896474326532099,-15.208575944267874,-15.57409876677235,-14.233955376908103,-13.074264348163762,-12.82032749779714,-13.128315442748615,-12.744506846634321,-12.705566308182217,-12.616838200741913,-11.787376350727444,-11.142038307717078,-10.885656573449848,-10.416335320331154,-10.700555782721908,-10.795626892666158
