public/json/wind_2018-09-1514_950.json
{"header": { "discipline": 10, "disciplineName": "Oceanographic_products", "center": 0, "centerName": "Ocean Modeling and Observation Laboratory", "refTime": "2018-09-15T14:00:00.000Z", "significanceOfRT": 0, "significanceOfRTName": "Analysis", "parameterCategory": 0, "parameterCategoryName": "Currents", "parameterNumber": 2, "parameterNumberName": "U-component_of_wind", "parameterUnit": "m.s-1", "forecastTime": 0, "surface1Type": 160, "surface1TypeName": "Depth below sea level", "surface1Value": 15, "numberPoints": 4800, "shape": 0, "shapeName": "Earth spherical with radius = 6,367,470 m", "scanMode": 0, "nx": 80, "ny": 60, "lo1": 109.0, "la1": 20.0, "lo2": 116.89999999999955, "la2": 14.520000000000117, "dx": 0.09999999999999432, "dy": -0.10000000000000142 }, "data":
[rows 0 to 20 of 60, columns 0 to 48 of 80]
null,null,null,null,null,null,null,null,null,null,null,null,null,null,null,null,null,null,null,null,null,null,null,null,null,null,null,null,null,null,null,null,null,null,null,null,null,null,null,null,null,null,null,null,null,null,null,null,null
null,null,null,null,null,null,null,null,null,null,null,null,null,null,null,null,null,null,null,null,null,null,null,null,null,null,null,null,null,null,null,null,null,null,null,null,null,null,null,null,null,null,null,null,null,null,null,null,null
-1.2146798607131482,-2.0057392877064744,-1.1614722434745886,-0.4167582608239352,0.3591241863487681,1.5747219795615337,2.6089243166552794,3.425748169990803,4.29300816082391,4.322065616333322,4.040811461738387,2.987149214211987,2.594338589025746,2.7549796609781327,2.822057061092217,3.692658197472098,3.3847025835337794,3.204747244823322,3.4312278664921583,3.5042967588171567,3.577253129429622,3.856795890050569,3.74773808867108,3.3232727883207964,3.200066742474716,3.0921461603364016,3.528914059522792,4.355363856051219,5.054063611720329,5.323038420476964,5.345855105682284,5.376749197077282,5.401032376212799,5.3453649210667304,5.413938266899978,5.361697963629437,5.1634074161067876,4.779456944682237,4.577644989424962,4.086443604444835,3.6616802038552856,3.7063529616461333,4.02250966765132,4.44355048124835,4.753359579023359,4.834035051140407,4.862605896779884,4.741149339272843,4.58777123916945
-1.876765166055005,-2.2753236375259367,-1.3988531807542175,-1.184089402402935,-0.3873918616625736,0.8035210705789537,1.8993191861435248,1.7832404300224631,2.528986457549707,3.3702357494061217,3.763129821046451,2.7269169759208967,2.2209740155426934,3.1443827817987557,2.5490611798157055,3.5303868639022196,4.7994755145175425,4.2834189827676825,5.002915049973069,5.147769140603606,4.83355347114542,4.773544858857036,5.090019512643271,4.964079686309892,4.362987482913264,3.781533864583834,3.4400995880227607,3.4596750709239683,4.348640576722879,4.838303078339626,5.334404965589689,5.641006015622836,6.417338233232019,5.962143745864406,6.0880668914884914,4.328839625930235,4.502072255354748,2.9815120374976103,3.4555066073044287,6.7257381995478,5.412713289694021,4.968863096485228,5.029328488549925,5.302822685958138,5.186673659124406,4.910656618687877,5.143457864174901,5.297265701897519,5.150994152876985
-2.8015259502465004,-2.800542334618493,-2.173651841587854,-1.6846538803107851,-1.3463418981619122,-0.13909965430106963,1.1829928091029835,0.9265037374749532,1.3757135695956306,2.483199433460119,3.1799366772433566,4.2281493246851,3.12071119887701,2.7686555027700335,2.9356294980747126,2.8915705463077854,3.2038818452089552,3.2898055780031665,3.4478856724583595,3.460828757754693,3.206314342708962,3.5671164221959195,4.42398980291449,4.565108101323674,3.896346401487183,4.449492120298732,4.151743292230812,3.5894214517436915,4.270018403960008,4.873779263825434,4.997688536159003,4.190281855919531,5.110163447748732,5.793827774903102,5.11432953764977,4.628499265446275,2.6064553649197855,5.225803458230489,4.592977651126369,3.692195563614792,4.157509795819055,3.265884306064389,2.9166638425452294,2.4870793074480515,2.447577220837326,3.0505902333923456,3.8108969836342688,5.28084427538435,4.241464165463713
-3.9171744366393133,-4.053241199285742,-3.040663863877976,-2.0259168871981843,-1.4156160477434911,-0.8759880528038841,0.49002373369829677,1.0673541413006689,0.5939373887156758,1.308750312446552,2.1095448001925927,2.9483634496431104,3.3525529845106172,2.9613015153827384,2.38542400533501,2.1464951040261235,2.520964958200069,2.0516459232395574,2.2620913746467717,2.8292215864051733,2.494589779776448,2.475911395584258,2.8629833548682404,3.485543869978442,3.250829781754894,0.4745001628064986,2.8538415539940116,3.610212593720827,3.6937275442224218,4.5085911808426875,4.333347754194244,4.088920993634536,2.749310134480301,4.427662989960299,4.4300203027612035,3.585184176367092,6.471914831641591,3.7943319188819524,4.126297967490814,3.385951462558537,3.8448183367412696,1.1924386429918314,1.101936184509676,0.6875163942909005,1.1113807927611996,2.052747889163453,2.981217461886803,3.6601661969881096,3.994265263379982
-3.7761716648548735,-3.3566114813779366,-2.93515442061247,-2.82926677893609,-2.0394273641165377,-1.4130450353294628,0.0017492602662069522,1.0188193196493645,0.7879151537990863,0.7556395485815186,0.4230796829348199,1.0303878602496315,2.180306914398573,2.8705484233510994,2.264558808358049,1.4412930936929251,2.0998279856615287,2.058832781707935,0.9626501086909846,2.0286181345716665,2.136100298734919,1.6720797987374356,1.6471717320718362,2.1901922336881667,2.8567764968503506,3.652817860661284,1.6313082395156822,1.5166086682301263,2.278920459166389,3.5664558719090684,4.297160049725541,4.2399545748794,3.2916340784029607,2.2281988909862394,3.9430814165106787,1.6898568241724656,3.621984581654027,0.6978151085664149,0.957369209434868,2.4684132807281367,4.835505092450852,2.9011653983005687,1.8403643832667755,0.5934808252635303,0.17415245506634008,0.8706406370608336,2.457014808069859,2.982385672190525,2.7150393091975045
-4.4960529704501475,-3.4566716165520033,-2.816413566639325,-3.1075884408521612,-2.5173896358883736,-1.7427241723591966,-0.8567728665383814,0.5084390322181144,1.1991483966129797,0.2840790216095682,-0.850435300268575,-2.336205987259001,-0.3003015642610676,1.4946898261920962,1.8483493551735368,1.1952155950718462,0.9319320599728935,1.9614412508988242,0.7795428085416702,0.8801104033323902,0.8637067174074005,0.966165167518815,0.9354539756288277,1.3715142745126827,1.597556987591445,3.0509177616911227,1.7071465275084865,1.6430808408241855,2.1834470569231264,3.202972037530963,3.5241515109567563,4.302341632581419,3.356129173238536,2.483184238006015,3.2585077116533308,2.8293424907499474,4.001891259225894,-1.3735807478738726,-2.330851264097924,1.9547324863222535,1.9519275050337785,4.7420442828977665,2.8831104065398305,1.8945871766277975,0.23611880992619189,0.34471775921509074,2.055888351046824,2.9154211994970636,2.917205161888248
-3.9306523515028715,-3.894708524822228,-3.3371771771531615,-2.9323248512824978,-2.4323591210251387,-2.2558316773253573,-1.212808633416151,0.030727990619395493,-0.018898328991909547,-0.7342514913374887,-1.0934042150435106,-1.9198457723139122,-1.5046865078515672,-1.1996046091953525,-0.5141706715853464,0.7923804768677327,0.31206412017831664,0.37306298733117244,0.37540758934589047,-0.29778097053254826,-0.2959412802514326,-0.04138054593617417,-0.19371399332041161,0.3409825113896371,1.2265347899929329,1.4735048625235367,1.2640080961579299,2.2155301296756447,2.385980092406876,3.148060700142483,3.1756399857650233,3.67213424804195,2.8597256786071967,1.6999112236714518,1.6374167243015212,0.957139064967667,0.2779095283253517,-0.8247430297277846,0.03255150404333959,0.5430392973322256,-0.5662525307459794,0.32168791940068914,3.968707563914412,1.5716613186019555,0.2219053059135144,-0.0606756090453744,1.485452775824355,2.729660438817832,3.289126353819314
-3.8301394425563373,-2.8743619210528495,-2.5897547742477665,-2.477729263834314,-2.2729032052846825,-2.3275776518518194,-1.482656604655389,-0.07230533170002937,-0.14785917703363968,-1.5721678066401783,-2.1337847839346717,-2.396958172127955,-2.308239157237083,-1.2737216078081788,-1.8924148528542752,-0.29907051207972135,-0.47259012233917747,-0.3537238620430252,-1.2816018234729554,-1.0669273350341164,-0.9225974260844926,-0.35822327707520246,-0.10551058177683302,-0.2878746421269639,-0.4075199744051303,1.950664906907756,1.718873186901341,1.8433293812888254,1.7844572825638974,2.9717627002421736,3.182425595287926,3.0120123925318607,2.6206209597151,1.0434421399170042,0.012885101418712065,0.3118723032578542,0.6503015808216703,0.39140671753127965,-1.7639314399972572,-0.6567765932681919,-1.1673937686323161,-0.831821177052804,1.0228023543416294,0.9312896578093062,-0.15001563714906452,-0.6573538509935595,0.24701743609139476,1.878707221083967,3.3937904900291285
-3.290575426953259,-3.3886401382769,-2.465936813400178,-1.6325974178849205,-1.8756807212616358,-1.8119887553132072,-1.6860085632585984,-0.3440883626923829,0.697445213452025,-1.2162467170719276,-2.1018468762657663,-1.385094191727753,-1.3234489388254729,-1.5694093657240518,-1.7152274588107157,-1.7651098831277139,-0.5230750109861169,-0.5802918072072145,0.021751703948182356,-0.36518579780433136,-1.12010474190746,-2.0484391796602086,-2.1677553029618055,-2.9891905293694467,-1.494850299292012,-0.35085183694158734,0.676542460538387,0.8776529776103662,1.808737787033523,2.1473246105493606,3.7269914699670332,3.138053848012672,2.489091136804521,1.1640581994191872,-1.5019246072917394,-1.0256107791379083,-3.908991271163371,-0.9948002081803524,0.48055972372187755,-1.7950708223947087,-1.9671638053742466,-1.2046676404588432,-1.8943291709626642,0.32086545722356163,-1.4213999022638926,-1.8942606768134689,-0.8681378866483132,-0.21417210297475608,2.242030208327068
-2.945303453149517,-3.071225572503274,-2.535035094927444,-1.7440371662470722,-1.8264307501458998,-1.5685517185949776,-1.5548006789173363,-1.0051316985795453,0.16220843002845306,0.6374018555948078,0.3063984769658288,0.1024448640889215,-0.40249765394898246,-1.2933455016103512,-1.2871218744696922,-1.111154274158583,-1.203711732804083,-1.8014112122999908,-0.04541052397150953,0.5527041282944511,-0.7312800121236018,-1.2805858346455783,-2.4764149748274504,-3.7431796047588515,-3.444259159712204,-1.8498478124904962,-0.8711203457671275,0.3026263614436792,1.2168061411797013,1.907225389055767,3.011675860574395,2.4519275030554977,-0.04292259609083786,1.406765648199975,-0.7335709549197498,-2.3236014899360935,-6.619476174801191,-4.76045719309315,-2.416920453641325,-2.49148843615665,-2.3633345556375165,-2.0725700019285678,-2.754380419675495,-2.175099227203036,-3.1323493289110447,-2.5826409389892993,-1.6470483770388107,-2.356723048593064,-0.29298068552045176
-2.489047213936621,-2.4094270564302462,-1.818894784206495,-1.569352463579028,-1.5014830485741242,-1.4512402275892622,-1.2678257928148662,-1.1900336457621723,-0.8596486870142082,0.8365899328513866,1.6540886019263448,1.5390244028913385,0.8970667093918907,-0.33814169746620704,-1.3701271902030419,-1.2623390591608268,-0.550323957861593,-0.6241193998919043,-1.0453078397577837,-0.6289179176646174,-0.7287503238713703,-0.19328982344031115,-1.5926734325042258,-1.8490832324887572,-1.9816906661928841,-1.5753021403317549,-0.4884879393990667,-0.34774955003322405,0.017971408429592266,0.9819786228824593,1.88953135726122,3.204467856235541,2.409008461184563,2.1750547040998596,0.058878026846174214,-0.03598696847168828,-1.2221548728969933,-1.950173331252657,-4.5058106086550875,-2.9318412300932795,-1.626957948062683,-3.311419551789733,-2.3382210707840336,-1.6757490289737749,-3.3137720007851144,-5.500479177572371,-4.7596251840125205,-1.6349295656315341,-2.4116014419242773
-3.572707451100111,-2.008721707189944,-2.660299181961094,-2.0147898270962825,-1.484686214283792,-1.9330086318326298,-1.585960433351905,-1.4428445773930259,-1.2218584154518033,-0.9243308164989001,1.0980125284690443,1.1827039900130611,1.1865804718574071,-0.41049867228782294,-0.9467555071044422,-1.8393706789360378,-1.2540876154622562,-0.2646094846553087,-0.7291564001206312,-1.3094857355078475,-1.4028477812555833,-1.7291348759081355,-0.6438479760408984,-1.2767645039485322,-2.141737597225503,-2.1751791515290346,-1.078377377543963,-0.4776615229786308,-0.7189861014395437,-0.10553138115113564,0.004227648925998365,0.1349599305160978,1.3977226096120323,-5.348811842516338,-0.9124568201785823,-5.833576415299379,-4.432537873288319,-0.9167720316939517,-5.434287256085495,-5.218457266010237,-3.269257492206875,-1.0171822519565543,-3.1656035060298455,-6.531022023253257,-5.3806662162860555,-3.829689726130554,-3.17584206113591,-3.491138965303941,-2.8223641409573794
-2.7434317109094697,-2.076541237462286,-2.2106729935163574,-2.5901786544186707,-1.8806936244899528,-1.6050573503774743,-1.687116113626797,-1.5245027389166954,-1.7443656897603232,-1.715832732083951,-0.506260581558681,0.5793776274176333,-0.5650844618801231,0.43125168850425655,-1.5206997676517147,-1.0329668316938656,-1.3296655537966229,-1.0998372562073477,-1.271094854013758,-0.885003308272562,-1.3208293679721534,-1.2192843623393337,-1.9158283914443286,-1.2112798717863487,-2.1894954725343827,-2.6265410922902768,-4.147481294910723,-2.0268941879031286,-0.6595844269723828,-0.4609066585605637,-1.0333074365239203,-5.247497886387776,-4.311352354536294,-0.8887005993626559,-0.5926064183204907,1.2913033466187929,0.7562202951377868,-0.31194022830936263,-5.138065740656151,-5.393415004736241,-5.807535092540552,-3.406145374655665,-3.6660418914526205,-5.2521155740138195,-7.593589962293939,-7.839061797765552,-4.717655397483952,-4.643610778377417,-3.3836882572675853
-3.410032761712852,-3.1747366156487278,-2.573072859461659,-2.463748927926037,-2.3242507280129914,-1.6507429087434549,-1.2545944222423833,-1.842214718117482,-1.3663561909739979,-1.4767584513915768,-1.4223166559101745,-0.3524140561233917,-0.3081336404926043,-0.570289479437713,-0.9742172221831799,-0.6628132315123763,-0.9863931403559495,-0.5986411003451853,-0.90576947090687,-0.7340841945739118,-0.7897639995307965,-1.3794514838728043,-1.9956486321908586,-2.298266648725272,-1.6788801458449054,-1.6914731904569935,-2.261825130581543,-3.8659446451033173,-2.060751650920402,-0.46563162016249027,-0.352842517232131,-1.3682373659251934,-1.7873166313231583,-4.02848318871588,-2.533521962540161,1.1785875709713443,-0.5063472570258478,0.2876680161044887,-0.4224861810500903,-4.166218357990763,-4.379192040147129,-4.075689080337281,-4.71798566527588,-6.66985775473571,-5.967244162409688,-5.921337246210998,-8.109300459622741,-4.304508970390151,-4.37930234878517
-3.602164246841994,-3.8148255454782967,-3.45195365638194,-2.984492036470665,-2.6445119652252482,-2.12032493375738,-1.4315438244449794,-2.1227887102891074,-1.106500442661086,-0.8532178098129517,-1.4584298728347689,-1.4166195383415934,-0.6525821375627683,-1.596536190237498,-1.7604984543087554,-0.7666522996001318,0.07496077725938993,0.22465010768469781,-0.18945512022291944,-0.6594770312818033,-0.6109444649521062,-1.6816290985249942,-1.5193225199420595,-1.3365635734905932,-2.4373368459915876,-2.2996952252091285,-0.8549127428548763,-0.6449796213852941,-1.0829239811587885,-0.08101993670201663,-1.1929964630207528,-0.061603897753905915,1.271904646458406,0.266426208509877,-2.503220732693036,-3.013348990709007,-3.027173295495498,-3.2381710306774076,0.23150069819344526,-2.1283063805249967,-2.764142952730017,-2.936087459461429,-3.8134524744721867,-6.814095735004814,-6.46186402568512,-5.436188425173692,-4.298072331469317,-2.6484570661156646,-4.636733441632055
-3.7516949075906014,-3.8529667722106637,-3.4951228683606734,-3.6769628802428587,-3.1548450380854764,-2.2849940165058857,-1.8685794315792583,-2.258009136967252,-1.4634357266960896,-0.5212759455156506,-0.978249478089007,-1.5417127774947887,-0.9018546037955699,-1.9371325596064581,-2.313372854385694,-2.1879593676964966,-0.28774067825192595,0.40090527313762375,0.9732379199615534,-1.0219532331445476,-0.366472598901457,null,-1.1725702857738618,-0.5677612685966721,null,-3.0814847506490186,-0.6077595235793724,0.006901563344304828,-0.4036080535158093,-0.11525502528239782,-0.036009950433899665,-1.0806442662232212,-0.1759393294217939,2.3528778959816883,-0.36431828455329696,-2.2744547181338426,-2.0798083707652446,-5.880330703689612,-2.6954832983182575,-2.254994792624632,-6.5169336378009035,-3.3678833398748713,-3.774890345147261,-5.749539507749105,-8.286151139906648,-6.9922725562605805,-5.423869974243625,-5.011202638179419,-3.829346453668646
-4.068880790788681,-3.7206545405195697,-3.618830290011526,-3.638696936935744,-3.705683795064985,-2.7752735684657934,-1.3753885473350311,-0.9100541672230333,-1.4792552910808965,-0.39867406147649737,0.09775252711950275,-0.7981723931775733,-0.7517811738689268,-1.290363757200641,-1.4566573341044513,-1.9231825965165361,-1.5897659145440464,-0.3984429882352458,0.6358878399143412,-0.24748739724240681,-0.510292717497422,0.8106692012005029,-3.6510735079766183,-3.2277826310278748,null,null,-1.3625251316524443,-0.3548604472293325,-0.23792289874085007,-0.33481833003737155,-0.7925641971057887,-1.2401935944829978,-4.124231462342702,-2.7950834555169473,-3.814032460846607,-1.353047460095926,-1.4385433382041404,-3.43815353059954,-6.084581992663862,-2.7036935972181135,-7.350623187945693,-6.294432630523594,-4.598026992861689,-7.570255377863641,-5.1436734941934406,-6.630751143720533,-8.472656444656256,-7.463228622243536,-4.23356110166262
-4.365279614102115,-3.861159287887355,-3.5757297977086813,-3.3331751530164144,-4.219522075875338,-3.3375135254354875,-2.436678621854908,-1.539213696198293,-1.113172859595917,-0.44304597938169,0.12910365648756555,-0.9071623119449055,-1.8233561052894651,-0.9956002557865824,-0.026034920127740162,-1.3405247228324646,-2.0453631055356207,-1.4817519706084308,-1.301637885185263,0.1588114948401793,-1.020787180149965,null,null,null,-2.6762843549123794,-0.7185834531955311,-0.5020068794835223,-0.8735899226619842,-0.5372606162060968,-0.39007014535512297,2.309596092142767,-0.9509176676433317,-2.073947550619369,-2.781839453981907,-3.325448580370002,-3.430686455486161,-5.631429987518278,-3.4616555652385874,-1.6207173482540487,-4.2495000541782675,-5.774488177452466,-10.870938959788038,-8.56765268358633,-8.43848576047673,-8.781533385415754,-8.52207976633807,-5.694814374992075,-5.768773853554968,-4.7147939940245465
-3.3892453551655857,-3.6244766930041075,-3.4585842723879403,-3.3082003215648372,-3.4787182875634053,-3.0971115311711013,-2.4365124910427967,-3.1535047569312167,-1.94693056730025,-0.6745386544406964,-0.021909268530745166,-0.13573341208065048,-3.4764824078586956,-3.113660284640509,-0.32711621753917536,0.28297650049543627,-1.512590139420268,-0.7761791150724922,-3.4481121816438,-1.2204955316011648,-1.2500850385223212,-2.0405389300574543,0.5730723644864161,-1.7024248422856918,-3.3851182296522366,-2.485037117050794,-2.5541439070657104,-1.017363729182353,0.17807141038853605,0.4008124701620299,1.2559868292683545,-0.7805169282296464,-2.7900841193337844,-2.536728665402861,-3.7519771153738595,-0.5306906749600617,-4.284075570698806,-6.235343266049537,-6.088644825828885,-2.0607164608968644,-6.305188247453805,-10.930233128888476,-9.202762585322528,-9.107407198948543,-8.099111298426205,-6.337595005550484,-4.77335763538578,-3.345257710117769,-3.1721921293440576
