public/json/wind_2018-09-1612_700.json
{"header": { "discipline": 10, "disciplineName": "Oceanographic_products", "center": 0, "centerName": "Ocean Modeling and Observation Laboratory", "refTime": "2018-09-16T12:00:00.000Z", "significanceOfRT": 0, "significanceOfRTName": "Analysis", "parameterCategory": 0, "parameterCategoryName": "Currents", "parameterNumber": 3, "parameterNumberName": "V-component_of_wind", "parameterUnit": "m.s-1", "forecastTime": 0, "surface1Type": 160, "surface1TypeName": "Depth below sea level", "surface1Value": 15, "numberPoints": 4800, "shape": 0, "shapeName": "Earth spherical with radius = 6,367,470 m", "scanMode": 0, "nx": 80, "ny": 60, "lo1": 109.0, "la1": 20.0, "lo2": 116.89999999999955, "la2": 14.520000000000117, "dx": 0.09999999999999432, "dy": -0.10000000000000142 }, "data":
[rows 0 to 18 of 60, columns 0 to 42 of 80]
null,null,null,null,null,null,null,null,null,null,null,null,null,null,null,null,null,null,null,null,null,null,null,null,null,null,null,null,null,null,null,null,null,null,null,null,null,null,null,null,null,null,null
null,null,null,null,null,null,null,null,null,null,null,null,null,null,null,null,null,null,null,null,null,null,null,null,null,null,null,null,null,null,null,null,null,null,null,null,null,null,null,null,null,null,null
-16.70870856618746,-16.619919028704945,-16.37178759952462,-17.412771491346014,-17.50022684946262,-17.167379841894718,-17.27010983751318,-17.30664136304208,-16.441151621503295,-16.225807869905502,-17.799925170040748,-15.66400478837625,-15.071446624474913,-13.5385068626535,-10.519399983958163,-8.95098375571021,-8.200910960816595,-8.61481923374404,-9.739115642538422,-7.482702014104644,-6.331490340397545,-5.139963562266084,-3.634568352017999,-1.8465116778805313,-0.38327560199054334,1.6622972681053603,4.151114349942807,6.650970087779701,9.014427497337646,11.0664516916374,12.413516801739352,13.342745230746711,14.853197105004664,16.966189351011728,19.214639183769787,20.044745978060565,20.04496810714492,20.194799874094304,20.48333662685049,20.746728341972453,21.262083148593778,21.35013016330658,21.027774561686236
-17.27044424076201,-17.73622064254765,-17.81085019304024,-18.240354538547333,-17.941029149777403,-19.870026122202606,-18.616419967518773,-18.828533914967753,-18.992669407559603,-19.566739888979686,-18.172624613737383,-16.60199807596492,-14.775421815585128,-12.723239350266276,-10.146736627548712,-8.350677476862641,-11.221797342956588,-12.254129963009245,-11.846525746986638,-11.989989475003517,-8.584448279680633,-8.273640304187623,-9.696715162307072,-5.5222251124412685,-4.551886558704719,-4.763859589100884,-4.196438194301979,0.32941759943176957,3.9986022605610634,7.805098210122345,11.193767818896417,13.978268154773847,14.800554170842434,15.672589793054957,18.36422852226398,20.062296584273504,20.225254347687095,20.117170071581043,20.794921316131536,21.987108425906793,22.49354477264336,22.925634170255023,22.530222984040808
-18.182600447851883,-18.77547235316622,-19.613466470195554,-18.39014189531366,-18.246806714606763,-18.67816573229684,-17.694811970713033,-19.053324454441896,-19.2208619544401,-19.634444946116123,-18.180535123162315,-16.586240211528764,-14.748219511239189,-11.903825774470885,-12.491409675140037,-14.327320523693036,-13.293663595274786,-11.102515680694736,-10.037817530984492,-10.23077962671623,-8.780175283631843,-5.610222440822133,-4.934289063211624,-2.097914960023685,-1.4154212277329359,-1.315556798929666,-1.9906089072647628,-0.9222564690359653,1.1263050107799597,3.620412805754281,7.841487275870398,7.8501294300327995,16.58212789536025,14.909566406683739,17.357811855688325,21.046119350003814,22.22553237137711,22.181313793521188,21.670688458279635,22.65408310109863,23.90730962553447,24.468511076064285,24.13120696510822
-19.019572327169453,-18.105174420460383,-18.4686851772447,-19.371566799467743,-18.484758136868905,-18.645408335851105,-19.664217929621163,-19.048875086305017,-18.970791848533676,-18.446796986678258,-17.345014862536868,-16.21724399199199,-14.383635967428901,-14.590306053035789,-15.726715927975746,-13.03069567562304,-12.429666924701458,-10.094842905500053,-8.616499150734544,-6.9707883526784435,-6.089346912952881,-4.742994588194682,-4.696846536536023,-2.711822625641427,-2.707332695841484,-1.8385835435304063,-2.5755759427306364,-0.3790386324916718,1.866954260488538,4.8201562504836275,7.506817521964615,10.133829951921696,13.862595325151837,13.728578792273696,20.403721295798775,17.776002537831378,24.15938623864188,23.767368164895657,23.502698049167336,23.280681422280235,25.206960515474425,25.510035083227613,25.958924533334766
-19.65911068424557,-19.232213261837103,-19.773389555711613,-18.94896530037488,-19.971047957453774,-20.139458596775945,-20.378965050334763,-19.8325331521847,-18.647569493291776,-17.247235401945286,-17.348975778441456,-17.690173261102455,-17.328450722674905,-17.865197872799314,-15.544714739825972,-15.391813703271847,-11.64741806681464,-10.641459212189273,-9.883482197859731,-9.399992763834284,-6.425391820050937,-6.717823138553248,-6.361676649763248,-5.852926116153618,-2.1135885924440707,-4.774538625598857,0.17076256197244966,1.9206030888671135,4.0816474600312125,4.882660451979972,6.111496312383718,11.917952610454858,14.803343781242495,15.406747905660104,15.997991599820764,12.872531351809531,23.230338951531884,25.78132317359079,24.71536100707704,24.338223511270268,27.107247597563827,27.353645286430083,27.271197177770166
-21.710236487528938,-21.339365042477056,-20.793726255351178,-20.20332468370152,-20.642900269960077,-20.971856066553595,-20.567726817529515,-19.134641915192972,-17.747127094071253,-20.10689282634823,-19.58859803237802,-19.637376736242437,-18.683322015836183,-19.366343030753534,-17.086333616208872,-15.427058343275023,-14.614854964506671,-15.409871326878623,-15.876102076898144,-16.044251248049854,-11.231762978993942,-9.061917176239387,-6.893509045311115,-3.8651247751746056,-2.2920013124323426,-2.9504095643263644,-0.6779593194884409,-0.13564517622147557,3.8314788967621443,8.136915936656457,6.662074224914711,12.184693563734331,12.011516281303434,15.362428046197394,13.753394595826862,19.295041511505374,21.38388792515311,25.75093453325985,26.204645052928257,25.128404492528368,26.448305896780635,29.214667523106918,29.081598439770154
-22.675531197777882,-22.64752531003649,-21.311432928616625,-20.83479868527044,-20.900601712801546,-20.68150518205735,-19.55344050632294,-19.646993275078856,-23.519560589656443,-22.34592541573234,-20.66496245853231,-20.03581896752506,-19.965780401034824,-19.250617313424446,-21.852231839767693,-23.07423012857177,-21.769459188816427,-20.257997699190437,-19.477741266532348,-15.040576572655189,-14.396626737949232,-14.588307913141398,-11.5720596434084,-5.442020088487774,-0.9090687707652318,-1.5345395338203829,2.1230457887529455,3.9667892204905963,2.857537414969774,7.474834961507947,12.401217208710827,11.583154328664662,17.485183133173575,18.045667801812037,14.763669839746896,20.175317271903456,23.475959554483047,24.337032086114327,27.54906280694268,25.887761717609717,25.79078239957476,28.56008434692589,29.3688392824026
-22.30956291993041,-21.735420232760386,-21.463481318169706,-21.15493567591862,-20.320564063529403,-19.90402980903479,-20.676073142993815,-25.134427744849432,-24.02928633548975,-22.434775345208077,-22.216961873827543,-21.628041339794276,-19.70539917955947,-23.35667261099114,-25.28897008642433,-23.842937709598445,-21.217326224143886,-20.828063534147464,-17.40360946032957,-15.775243515420568,-10.195065061753578,-9.65969513751036,-6.204340790001286,-5.1898659241455265,1.1500102585729246,1.550984613424387,6.768379373953955,8.505647032469978,12.449068977385217,11.984555012494244,12.88756741013784,13.904386077090933,17.562156171569733,18.9377831960632,24.13066219905977,24.292012204231227,20.410365584641994,26.281077259759734,26.765414024825436,26.089575155200976,24.192879633576002,25.00164274052633,30.524391447773166
-21.707675488032685,-21.86242282222326,-22.05825212005372,-20.747186356242672,-20.69396591675806,-20.517719178611415,-25.29486949422718,-24.78563630338145,-24.166146134821652,-23.736594958377083,-22.854713495044088,-21.27197852019674,-22.79327997623715,-26.246411372278242,-26.27642503807641,-21.90239612184036,-20.35371887290348,-19.136505536179307,-16.617042224352062,-14.731597895099828,-11.850451522679148,-9.62621700872175,-6.301317237956402,-1.7134258682458001,0.9488122519124516,5.514581478941575,6.929773352814331,10.429926666319247,15.37404126165446,17.144599545575236,16.160106092793026,14.488258347080809,20.054728748925644,22.113103310740094,24.541555277551637,25.54387676044404,26.404220625993695,27.59032835800147,27.432585244808255,25.03711941818227,22.830265435469684,27.60866386423953,26.34660802262849
-21.988614976129277,-22.641123043612886,-22.901982628286216,-22.173631550861977,-21.32778965749555,-24.61449062034543,-25.095234248212883,-25.352086729010125,-24.798482615580976,-23.328153437843177,-22.327314734106803,-24.27780596358656,-26.1669458078377,-26.904307147313165,-24.699073201161394,-22.371707321713536,-21.431210729746525,-21.359458438185733,-19.376149801282974,-19.111273471125802,-14.739014852096304,-10.380789933245675,-6.287470244981772,-2.3739863790405096,4.099987323192129,7.100023051029767,8.64691845360274,13.32820159631104,18.791277904067375,20.52008725043655,22.281425983558186,23.052798553139873,21.43908701794926,24.958133221686353,25.055224908457447,28.93834154603943,31.80311353237369,28.023764509022588,25.50121804281051,29.08391648088485,24.202533750093956,28.81870629763007,34.44899958005028
-22.884979597968336,-23.825364805860836,-23.936760102831286,-24.125161683100153,-23.923901139201636,-26.17549499408706,-24.89593280176122,-24.719275347208594,-24.023811316072468,-23.6059643274431,-27.065258248993036,-27.661875952811904,-27.15380103526272,-26.6295014282487,-26.081924630754987,-23.336118853284805,-26.2524892391596,-28.50251388492633,-27.023034380513916,-22.56829718162181,-17.138052490216868,-12.5885223555925,-6.959015112992857,-1.688550224994949,4.011728580527817,9.122980908159478,11.251769378053643,12.758551461334335,19.266373260373197,22.722128900874477,26.25633861345756,25.94144874599908,25.777000314912215,27.02894303903947,26.648048958655693,30.783284605536387,30.872173846051403,26.99333423848229,32.18731280997931,27.670086213041337,27.446295527197314,30.75387776530724,35.569524388613196
-23.628837734606094,-24.535586931478228,-25.440407570446983,-26.371633228231286,-26.55601777284504,-25.821686710474836,-25.04411995422093,-25.063463287664053,-23.431817295325455,-28.167147514626976,-29.02944930781105,-26.767205691732833,-27.872882838808028,-27.087327952792545,-28.299107808614213,-30.425599172449555,-32.92044829373394,-30.49550929870051,-26.38262629162942,-20.995218482904797,-12.318436191056472,-7.704051824647665,-3.4837831146390243,-0.3530487024295646,4.291703270441033,8.001812151429462,11.589067314859372,13.058869208423875,18.06135053671626,23.21852585993985,26.163263352760445,28.92339793171672,30.83560566108859,29.397502186114707,28.45942305254369,29.824755823268614,29.84618754746337,29.2049682340905,30.959554670680294,25.67773352698896,29.936684023724727,32.08323456611316,35.62001838269121
-24.041382783286572,-25.0923178821411,-26.677319653404034,-27.10949309297738,-26.89399545875435,-25.240032967101566,-25.70629746845367,-26.049241028616905,-28.229634128366683,-29.351262888284012,-27.728383967432126,-29.648494522323425,-27.662341822488287,-30.172359737063253,-30.90287002557275,-32.58086076904264,-31.860771520571646,-29.80173883933544,-26.220244064578836,-20.225655968147215,-10.319247613565972,-4.29137310848879,-3.9818595277724684,-0.33065290136524483,0.5599501895150528,2.911882702801017,7.219699995366442,10.593437229003209,17.26921450034844,22.348697855490123,23.42892203391773,27.142054366257916,31.00903866755344,33.724339556665754,29.170038602229035,29.287048750454026,30.935150537034083,34.401800504041965,33.963812770258826,24.836681236049355,30.89083037958311,32.210844694804365,35.544657331322064
-24.46287328729964,-25.703487603884756,-27.014423866233642,-27.188099999794353,-25.841728549605477,-25.67658088287301,-26.4199065894258,-29.123980206753018,-28.620637301828438,-29.412778288349386,-28.345529813188918,-28.457930667826886,-27.509466164459415,-31.117926778832963,-34.414698109449134,-31.222002492862455,-28.398157230005435,-27.534612784185484,-25.647476102682703,-18.924245385843964,-10.345005404480208,-7.284088238670865,-6.458968549297586,-3.1067036053438333,-0.10820667063510542,1.1613635755797462,5.585308170731891,9.814903746843793,15.75209878279047,23.61139934910932,21.017428233406964,20.148897586700908,28.115457549970067,33.32359668442986,28.946850598341076,32.627782165660726,35.54717142715604,32.02456269067827,30.616396212400584,33.239772226520415,26.1579064614125,32.92204941849571,35.259762072482914
-25.473857496247938,-26.312037166690843,-27.314568739501908,-26.238733862348507,-25.623719970568313,-25.822462328232774,-28.435030568637274,-29.980424661655984,-28.708458279470534,-27.796385098699957,-28.301979696278643,-28.307450587046166,-27.361287435909812,-32.529375622893085,-32.00490033884519,-30.53050586550058,-28.338601423153598,-25.65767387922717,-23.015958666233466,-17.525048824987035,-9.425187140882727,-9.381878904652893,-8.74109157609186,-4.892993399811896,-1.4653870360959886,-0.07525164705828737,4.035563357573309,6.400600865975021,15.138256268116915,22.337967431537056,19.653368847736893,20.787599063445974,25.838923547354494,33.145016823640475,29.262267634287902,35.76992301231933,34.70861208088287,34.67441945236644,35.18157250618096,27.597422688956108,26.309781868203515,35.032184376825185,36.31669558236568
-25.948797217502005,-26.65509356551083,-27.322085869300352,-25.997339822450854,-25.828994109032774,-26.62311882749054,-29.93952914118838,-29.214955291804095,-27.248116044653706,-28.27251089580826,-29.898294647172442,-27.335727044245907,-29.79701806251004,-32.19761916098233,-31.255612454774294,-30.382842109205182,-28.08825366159673,-25.72702697693484,-22.602804038653453,-16.859891481450298,-12.351576660830727,-11.119502714926329,-8.928906840684256,-5.699224097285601,-2.175684940371482,-1.511556099426689,0.17447028647091575,2.806555176329212,13.857701190792577,20.098294956954934,20.730552482677343,21.779322557365795,27.939373973513575,34.567187286547096,30.705794643553816,36.25862895750316,34.684117271922126,38.127945588079356,33.47168682769853,27.893429143741958,30.970261133700394,35.29807778229397,36.6218417846054
-26.717967835651258,-26.44508207249585,-27.829849427222264,-27.687358196948153,-27.340857732489038,-28.87954285604845,-29.722596225265857,-29.951764504190717,-29.17495427090701,-29.29039042582501,-28.751664638014883,-28.617892160557666,-31.0058946283988,-33.11124863243968,-32.639797034012474,-32.670146806989756,-28.981505499307865,-23.087992435779864,-19.943054604102976,-18.20737509586584,-15.211204448833332,-10.631739846863237,-6.240155463515544,-5.526068336481934,-1.5800851781307406,-0.5595297696212322,3.550288732528042,5.679848685864139,11.686351479726447,15.327060289354538,20.087142516512145,24.849836262234653,31.21272629952818,34.20983657472976,33.37125981397986,37.27453469163708,36.534520370148805,37.49621743604692,29.540641489321974,35.250909990333284,34.481545418020495,36.15233298671451,36.44292702423573
