public/json/wind_2018-09-1603_700.json
{"header": { "discipline": 10, "disciplineName": "Oceanographic_products", "center": 0, "centerName": "Ocean Modeling and Observation Laboratory", "refTime": "2018-09-16T03:00:00.000Z", "significanceOfRT": 0, "significanceOfRTName": "Analysis", "parameterCategory": 0, "parameterCategoryName": "Currents", "parameterNumber": 3, "parameterNumberName": "V-component_of_wind", "parameterUnit": "m.s-1", "forecastTime": 0, "surface1Type": 160, "surface1TypeName": "Depth below sea level", "surface1Value": 15, "numberPoints": 4800, "shape": 0, "shapeName": "Earth spherical with radius = 6,367,470 m", "scanMode": 0, "nx": 80, "ny": 60, "lo1": 109.0, "la1": 20.0, "lo2": 116.89999999999955, "la2": 14.520000000000117, "dx": 0.09999999999999432, "dy": -0.10000000000000142 }, "data":
[rows 19 to 37 of 60, columns 0 to 42 of 80]
-10.908045404846433,-10.64010291509878,-12.25519318578942,-12.422049906522176,-12.913543375528965,-13.2469203444618,-15.505588341052647,-15.818717242827084,-15.874908121792059,-15.937390675743872,-16.593173121772622,-19.072499043074906,-20.36862888931173,-19.704916883394493,-19.288739224298386,-19.179755241237437,-18.814836000490946,-19.20633308039714,-19.380980908304235,-17.72232095017938,-19.35953367958477,-22.320561731855815,-23.21711532663901,-23.85064042809147,-22.60831724746006,-23.928890468001345,-24.34339142451816,-23.941685799501943,-24.66554973372511,-25.233601336420122,-25.71570420466443,-24.899280317978864,-23.57622648460627,-23.248417959053214,-21.646013025780693,-22.29471589027493,-23.430161919234347,-22.349923910623087,-30.757884391316008,-24.659720135238135,-22.908229485333482,-21.68667803679686,-24.11732557067349
-10.992561691639583,-11.897639139543179,-11.209205049437521,-11.024876868171308,-12.501935505128518,-13.651951718678706,-13.420821884661677,-15.17288773276224,-14.74669907712154,-15.260095215472008,-17.255466275395754,-18.65041517978442,-19.627420251869783,-19.77069800045372,-19.052703193915807,-17.821453701047076,-19.263047062620117,-20.254772013499753,-20.644973151954744,-18.08426322630918,-17.764449953989036,-19.214931900669043,-20.550401113875264,-20.440337945461366,-21.28270240662054,-21.709628380350072,-22.495482501696138,-24.067974706346526,-24.52679488622874,-25.599698145329036,-26.78613252105117,-25.832476710283203,-22.52327087346841,-22.472753600715166,-21.78992684766247,-21.93492938551068,-21.225941540399425,-26.00739876806079,-28.9703037275092,-20.667770267772386,-20.25981141291025,-21.994438178922508,-27.102750106362183
-11.71944742207079,-11.762195696679004,-12.564066343920246,-13.018905525504195,-12.894504870204516,-12.725169357610756,-14.575115794017611,-14.292920747661466,-15.30130938281566,-16.113084924562436,-17.374573804235702,-19.065964253178535,-20.565313761832407,-20.59543948667296,-19.118025245869514,-17.572540467453386,-17.832090663051186,-20.19191414776279,-21.015310440411056,-20.507775427621272,-20.94402295652739,-19.0366051636531,-19.338039275525794,-21.17425317628112,-23.485074663550364,-25.390706439175446,-25.513594774031468,-24.63528030760763,-24.515260365708357,-23.45685397993657,-24.68661081876654,-25.217953716328786,-22.48596128966488,-22.165740979044593,-22.085576591943664,-20.21638382145072,-20.220447565913396,-25.361095205302057,-19.947602033010014,-25.643968569340526,-24.527001954405087,-22.89262253079724,-21.69153575658235
-12.072837190417,-12.938645276542239,-12.859669190837366,-11.880043290543759,-13.079292225126864,-12.87386140379573,-12.333260791898613,-13.963904255837583,-14.473552827610904,-16.006877470424673,-17.956449293346274,-19.51908622127136,-20.386536271388604,-22.276976026677012,-20.884942914328732,-16.845859599128723,-18.963205261642685,-18.584888154603654,-19.956455432249264,-20.252685768224485,-21.267983553355013,-23.397323559411742,-24.71172747590457,-24.8705096014067,-25.961648837347457,-23.39084377361142,-23.661052273797594,-23.96994374400198,-24.513746813952547,-24.94393068001256,-25.748886448494627,-23.750957601447592,-19.661483476232693,-22.07044546837432,-19.557878045107664,-17.178912382339373,-20.87549447447775,-19.58247248850046,-23.555601105997013,-26.659877277981845,-17.794808582695325,-22.720280467879224,-20.926005217742677
-11.859475623075227,-12.473088052671878,-12.665247535741909,-13.173396957306522,-12.590501367564283,-12.7321640905074,-13.684720502763781,-13.731822867514634,-14.53960669823819,-15.81526489287356,-17.63597380460409,-19.24738596222401,-21.28797383435144,-22.205529219214007,-20.40928110036878,-17.21798237927555,-16.3204357010555,-19.8817963249267,-20.96462370344252,-19.96634312774534,-20.242030480678693,-21.939582629153158,-21.075126705067365,-22.576976883396732,-22.484919114069008,-24.016276691752843,-23.24308048487345,-22.819492573300778,-23.61240851491496,-23.936722763510414,-23.757737864386083,-22.313091866195514,-23.256440547103466,-20.561994640140167,-19.328872123112156,-20.991500097976008,-17.77586570183689,-18.461821257160715,-23.254752316877696,-17.94008178977938,-18.83120301661958,-18.102552643051098,-19.346785878942747
-12.254365866918242,-12.780265906005221,-13.60590807996506,-13.630181624885097,-14.206756026559237,-14.338298131245962,-14.394473618449222,-13.980475447815987,-15.15124628576035,-16.86361370875057,-17.32326840784931,-18.205131685821744,-20.296123574811276,-22.73031842676645,-20.56534557743091,-16.65959283189047,-18.152674783400776,-20.265628066160414,-19.45633576959682,-19.527639695071773,-19.092849312488326,-19.816871066660376,-19.141317327398802,-20.198639696520523,-20.205789472635917,-20.757921142852226,-21.002368334375635,-22.104331038639597,-21.755057002093412,-22.75468281989372,-22.702734837817513,-21.69962987465028,-23.071260488746436,-21.457654082588625,-22.234580663526145,-20.233378768416113,-20.395657618567675,-21.772830717857907,-16.365568649977824,-22.855668919463465,-17.983248726755207,-15.055578332587526,-19.56462686629527
-12.096555412895706,-12.643139103266563,-13.491314587823318,-14.022656049943505,-14.567118718587034,-13.720484930735447,-13.028462306867947,-13.498056145559787,-13.66915782987682,-14.265768130546045,-16.07182693502679,-17.688086083358524,-19.19972221684634,-20.75716260002912,-20.063851953844914,-19.261317561406756,-19.108857324962184,-18.551078801945092,-17.71639086107514,-18.760302493386167,-19.277113099451903,-20.591694145385905,-20.53248898442954,-19.8351056608207,-18.766183422297942,-18.39816595604706,-18.51638432165955,-19.244051935502338,-18.868645074715023,-19.961290259199544,-20.636316926165335,-19.78346860439398,-18.651628063951556,-19.893926004008758,-19.415662033718757,-20.9601065493344,-19.27018416731508,-20.831977404728764,-22.615692069911567,-23.135269348842076,-15.715157136501691,-15.894771115667668,-21.40550770539062
-11.286487419775938,-12.168800320488835,-12.8800040856966,-13.589030742676542,-13.496902718174926,-13.32863341573699,-13.642900957002531,-13.25985365366214,-13.143234193380014,-12.092635652552449,-12.33627305870493,-15.457774586051434,-17.85862364837928,-20.142213008725673,-18.957419012780264,-17.840986222649875,-17.88081079826665,-18.62323380641439,-18.49296050453163,-19.95524999989489,-17.86215536754782,-18.01540563389914,-17.73045696735136,-16.012862801685404,-16.538265120844713,-16.93881397685473,-16.532735789983192,-17.879319914589143,-19.971802267341186,-20.041412231045594,-20.23187706217306,-19.070129205319983,-16.019426246760254,-18.130324512453374,-17.834368031296897,-19.857080963300348,-21.032064868685893,-19.778264538560528,-23.525571442138805,-21.22838028166473,-18.316907040536304,-18.399410860619625,-16.662222103083895
-11.577599614130351,-12.234558370531536,-12.881754658709605,-12.790632696593772,-12.614799708659046,-12.792953806393205,-13.34540887052026,-13.919335980258548,-14.690524213651402,-15.449492094317055,-16.294703785243406,-16.264816920590373,-16.28749696509544,-17.193743938001944,-18.18950729452753,-17.708319029768653,-17.21476551712443,-17.51174521920092,-16.768364515206304,-18.74142980578208,-18.209125513275534,-17.15347293616171,-17.02738206643932,-15.391567836246873,-15.367381633063744,-15.219257279845863,-15.144470386427237,-16.771701344022677,-17.661009268110202,-17.715020168657844,-17.724296276757187,-17.409003785107515,-16.55895650551384,-17.69643647847375,-17.629911358964886,-18.519458290330768,-18.595319653573057,-17.644874731526773,-19.68957894115107,-20.70465598966989,-21.31625624995828,-18.10396586196046,-10.480543763932248
-11.191288441374784,-11.089886524932474,-11.78196081427633,-12.012539142401675,-12.177271918428307,-12.939829368565391,-13.504280363452656,-13.46854807092787,-14.46624796578841,-15.190055995040279,-16.54717237675646,-18.798369138334934,-19.989422713126174,-20.7580554000938,-20.382066627253984,-18.545987008361152,-17.167961213597643,-15.918706456851599,-14.429664538000388,-17.061075877811692,-17.225518670109025,-16.010991308429233,-15.006612027791931,-14.36184041466622,-14.441939536386247,-14.758323927430094,-15.080792825940113,-15.70909165814659,-16.714173374780692,-15.590258512729692,-15.509544894517344,-15.112609696058593,-15.097103973942929,-15.200224752934002,-15.719167960223862,-16.628265730620868,-14.9191815941913,-14.091326843225719,-17.030364173891133,-19.423842082216826,-17.547729791766052,-16.505966635741608,-15.78046608019255
-8.707277827789769,-9.214039051265344,-11.62387423018565,-12.424871382922285,-13.162079799891117,-12.879878901399948,-12.47370591952028,-13.301775763240872,-14.028037903232125,-14.532222316169175,-15.646100534622438,-17.365527248497166,-18.277053115083216,-18.598650034341865,-18.178582610475342,-17.498054922018568,-16.213960755030644,-15.202577330991492,-14.43760081550499,-15.962615487023886,-17.949689745181765,-16.007600942268404,-16.11986043792604,-16.38139224409324,-15.880374516760376,-14.790997240127922,-15.641584572903536,-15.951460305073923,-16.75179778144056,-16.361578399803207,-14.625612481324907,-13.323513177410081,-12.670979378712838,-13.092329573457105,-13.072475357869275,-13.60675932856437,-13.037091664790188,-11.986267180518418,-15.032591511472564,-15.822874755805081,-16.700421169190932,-14.265175450984053,-17.839279644582973
-11.84247228118372,-11.491000322070214,-10.093876005602407,-12.763068222925655,-10.803398385133628,-10.652014075047516,-11.903301847101464,-12.546784261333821,-13.368288686133756,-13.673378996576707,-14.13983568795528,-15.364786430751886,-16.070610793049287,-17.05757067490438,-17.008107686257365,-16.484956777433794,-15.96987536816399,-14.406864386470314,-13.8843100787015,-13.871804237979422,-16.764371306077663,-15.112977359664455,-14.606418785510929,-14.226858863025821,-14.970442062302642,-15.681726452343195,-14.477729027669664,-13.800170429944162,-13.728918799812382,-13.177836665900086,-12.405243669468097,-12.706749885290552,-12.218846479110335,-12.955889680872398,-12.609339903159634,-13.202411018370938,-13.244852209901827,-12.244130647759881,-12.157489475369301,-13.115297691360306,-14.617814831895014,-12.67500694530199,-14.323809851937911
-10.840835035776301,-11.048397056325168,-12.183788468986624,-10.718227849422135,-10.988975373087447,-12.06072967204354,-11.130377301288977,-12.09352586107938,-12.712918132483189,-12.397769063399673,-13.220766241325169,-14.538831130646656,-16.04911943938872,-16.12856727370717,-16.339803104742494,-16.54404683867069,-15.626397161047219,-14.476380074555694,-13.442170878726895,-14.615242715335084,-16.493073248739687,-14.280853508375387,-13.244310001291469,-12.944313702237173,-12.68526156742287,-12.736448506027418,-12.594373406778242,-12.243592307047113,-11.905505582850061,-12.66510451935668,-12.995530103322608,-11.212019801905441,-9.42404955289353,-8.98622488387454,-10.07708310293073,-11.956425480514243,-10.166953087874068,-8.723720074604016,-10.8101039554007,-11.633005975331725,-11.397674401752075,-12.19646164485505,-12.228394448313118
-9.128076842145688,-10.243704756401149,-10.149059536623968,-10.376385869311687,-10.039629257541625,-10.284143501585097,-10.594410076903962,-10.607208391115927,-11.90054497793479,-11.533721393822564,-12.217846636525753,-13.974410973707895,-15.529743772617245,-15.631568236434212,-16.201470687390213,-15.907233431827757,-14.30459869775672,-13.586987976889235,-13.382626828680817,-14.096622476740807,-14.51451046901225,-13.035084706087012,-12.46756150127194,-12.236223340473341,-11.99692368322623,-11.30212299214927,-10.065302435395129,-8.670904298360718,-8.27384748689529,-9.34345587384018,-10.793698234659887,-11.961123871939721,-10.236944073625827,-11.137197853300071,-11.291276548235219,-11.178318433711288,-9.784749813661021,-7.937709113372151,-7.803154328631381,-10.0963207884928,-10.482996402759925,-9.619816258624754,-9.54201662871286
-8.602701197884523,-8.604938034763993,-9.29049559697967,-9.814160571795764,-10.78076532711214,-10.133765669891487,-10.248680632735612,-10.791116270959524,-10.934798974948976,-11.729901090904194,-12.860474599125297,-13.15770158712208,-14.394041089313584,-14.501138657768683,-14.110329405642272,-14.314758392770628,-13.722734358946594,-13.256773529746408,-12.973626928388578,-13.289885702174889,-13.415311257277645,-12.033716444308643,-12.214189623539507,-13.156173418202691,-11.603068359105329,-11.123071712157632,-11.161951702257788,-10.648582356782665,-11.671689496680353,-11.051473907041657,-9.78357548429871,-9.432198277709663,-9.839404647595359,-9.425379136996046,-9.312800575681058,-8.948019330762683,-7.47987502857755,-6.654721698198758,-6.860394265316841,-8.969009050740269,-9.520438421465235,-9.142182682275994,-7.174110180377056
-7.592002026570707,-8.442504467907321,-8.791843956143094,-9.838774030145888,-10.594082679946753,-10.898390704340093,-9.981065683065575,-9.184983465651442,-9.872784102238525,-10.686486162177554,-10.748546983307943,-12.035429518383726,-12.769806557891267,-13.268948896653718,-13.506678348838975,-12.979855255020142,-11.52765885729357,-11.454217623152049,-11.877740944293674,-13.110474597939678,-12.65601478726876,-11.610859508459745,-11.27107979993078,-11.999990665418393,-10.235072050523938,-11.536151290733272,-11.790788025276528,-11.326682527632467,-10.05034499988776,-9.91196807863037,-10.882487205545194,-9.988819317325689,-9.259457597125895,-8.583501700360477,-7.854006433577413,-7.083538234427168,-6.890289845936353,-4.413708547015113,-4.488579763678221,-7.867051421593323,-7.195951937540858,-5.099631754758871,-5.801547992564575
-7.330468706757526,-7.167439885081336,-7.567714124484473,-7.9607143698105665,-8.245960812262318,-8.609518589788518,-9.114372958081201,-9.782118969495453,-10.200609274787972,-10.072888451469991,-10.38686925219725,-10.358278724934703,-10.757139569970867,-11.490449343476847,-12.303068722692283,-13.774252916454554,-13.007500483662135,-11.554814103272847,-10.159345369670373,-11.89679139434879,-12.236467097934586,-12.189675521649814,-10.612941993952298,-10.02711281587322,-10.29233842414343,-10.522920987320916,-11.259837350770827,-11.086577206540506,-10.185891541894513,-9.70998728691595,-8.618142582541896,-8.163600508200982,-7.469298732034794,-5.999611937120366,-5.490157377347005,-5.061112748937531,-5.685634797075095,-6.711828433343422,-5.764617140341764,-7.8528214678244295,-7.857891319019455,-3.1482954147235587,-4.653217012288703
-6.163558587403558,-5.73213500594763,-6.589575376815217,-6.668372438282454,-7.267436872722621,-7.425760938900453,-7.7498428216577,-6.538872524630223,-7.576327540255334,-9.962632117649017,-9.883228978117597,-9.708544492383709,-11.16961414532976,-10.948513780631426,-12.89208998755317,-13.368877191057244,-11.978226023245387,-11.272689160510868,-11.277562633147966,-12.673012623432147,-14.321993111961866,-11.462815986900083,-9.025690712770727,-11.26166712208133,-10.88144979407911,-8.901084891340444,-8.760553476401254,-9.580029069783079,-9.573074323325992,-9.141726679979023,-8.151166777599236,-7.755588886112615,-7.162778492492228,-6.328198713823085,-5.370898489633497,-4.184732544700074,-3.5407181643829135,-4.036809349105289,-6.818012544634978,-6.77206658311121,-6.27970545861149,-3.570507745037834,-2.2871618010206394
-5.609572811859899,-5.954322518597261,-6.148518978845715,-6.799893014762963,-7.521813579795817,-8.2394922317327,-8.050626032564004,-8.849907353210124,-9.05199109634261,-9.42056527452658,-9.951098352015942,-9.483056303238047,-10.774587975730991,-11.992590782996139,-11.40791801743054,-11.859117923956644,-11.909671944500232,-10.903289034663018,-10.06823427902683,-10.576541846335978,-11.697619959117926,-11.902850861621669,-10.050823915671423,-11.024457503238619,-10.696726234683585,-8.560802021528088,-7.230733494143973,-7.849155140288143,-8.184346168693883,-7.462307752670371,-8.540527651660003,-7.717929259688333,-6.820312361182843,-6.075291045599531,-4.190409483346674,-3.9167512413721326,-4.366658143925969,-4.229043921451364,-4.9151182114958205,-5.007096285635929,-5.8237525237582926,-4.580108897770808,-1.0026335145783807
