public/json/wind_2018-09-1513_700.json
{"header": { "discipline": 10, "disciplineName": "Oceanographic_products", "center": 0, "centerName": "Ocean Modeling and Observation Laboratory", "refTime": "2018-09-15T13:00:00.000Z", "significanceOfRT": 0, "significanceOfRTName": "Analysis", "parameterCategory": 0, "parameterCategoryName": "Currents", "parameterNumber": 3, "parameterNumberName": "V-component_of_wind", "parameterUnit": "m.s-1", "forecastTime": 0, "surface1Type": 160, "surface1TypeName": "Depth below sea level", "surface1Value": 15, "numberPoints": 4800, "shape": 0, "shapeName": "Earth spherical with radius = 6,367,470 m", "scanMode": 0, "nx": 80, "ny": 60, "lo1": 109.0, "la1": 20.0, "lo2": 116.89999999999955, "la2": 14.520000000000117, "dx": 0.09999999999999432, "dy": -0.10000000000000142 }, "data":
[rows 38 to 56 of 60, columns 0 to 42 of 80]
-6.536878651523179,-6.219415553983262,-5.87044808669603,-6.4098201305987725,-6.628893487443074,-6.640249459485174,-6.548427112000306,-7.2939389732798885,-7.276276489467698,-6.820744160926171,-6.774082951824728,-5.596821591730903,-7.010499976208452,-6.822286896227694,-6.543171324679625,-7.311946851796179,-7.746294694690187,-6.823727475662356,-7.4723061895467895,-6.846477434181102,-6.2102538250691754,-6.63286825334688,-8.138665514201481,-7.81720200134045,-8.227726037536517,-9.065661119602346,-9.572604746688818,-10.201222609194483,-10.137049762539284,-10.79165206801506,-11.403928875441824,-11.818900444825841,-10.458466411414605,-8.928928821632944,-9.755464364225274,-9.405068529371965,-10.626970735978926,-12.12545386905493,-11.693177864523486,-11.249399892804641,-10.486512492624001,-11.999615431965942,-11.255163098822912
-6.252763985569294,-6.059025229686485,-6.58493390088733,-6.7989979781224905,-7.079863036681209,-6.989596461058586,-6.510174509024396,-7.453663925967435,-7.053013447894281,-7.285371478052875,-6.913239147734283,-7.0827547413089835,-6.147476866252122,-5.166981426694663,-6.045483046147179,-6.247310496469113,-5.717569290087052,-5.75730569057885,-6.68269124634941,-5.949258426680761,-6.808213075780426,-7.261548913161096,-8.013250587380465,-6.755298757036816,-6.286773990036812,-7.139632196016218,-7.432290890021118,-8.375472900715284,-9.43894822820394,-9.722780822574194,-10.298457434971118,-10.951224342776602,-9.303158953629477,-10.201387664988466,-10.672875562814005,-11.394776147630633,-12.439746438843027,-13.059971009092578,-12.338423443672264,-11.754004685219863,-11.87589274036203,-11.902268075801521,-11.764646967999802
-7.038708562256728,-6.926903432216251,-6.948665811822261,-7.005997871390369,-7.514456903059481,-7.355900126024991,-7.369699374398398,-7.3281508013202945,-6.849702605211094,-6.197245010247134,-6.383814232076262,-4.832123289317594,-5.852720884392791,-7.960356722368689,-9.154234492443802,-8.812774085425383,-7.512772856996531,-5.952609768433289,-5.555026475796021,-5.200335946688508,-6.872337252378881,-5.90537832870393,-6.430051434850857,-6.914426776819928,-5.709683493156285,-6.207161667733162,-6.743627320970454,-7.578896359572307,-7.459115640473053,-7.576514260856622,-8.71506705106789,-9.52829808929049,-9.727855600099709,-9.589367993974822,-10.386991840340581,-11.608777476532339,-11.549348853327569,-11.329015632032334,-10.820767039032717,-11.376880506303344,-10.669455340481859,-10.930780875508056,-10.66234566340873
-6.7518459474376,-7.25106263271043,-7.426158322016701,-7.725280181491512,-8.23200134779761,-8.41892053894814,-7.885579774319458,-7.404794706093732,-6.988688971203972,-6.869156012623366,-6.7715872108648325,-7.312540038430132,-7.69394014187544,-7.671340077382714,-8.956187527188629,-8.856342879883034,-6.54060211791406,-7.994930824464391,-7.782862091030651,-7.912574410032728,-7.4813874418319095,-8.055895795782753,-8.248815510443833,-7.487426934697284,-6.964666682565925,-6.246825105752874,-8.301535922909055,-6.386599684657664,-5.4492731938600745,-6.083202881660142,-9.614004280354365,-9.042581982034207,-8.685044162654156,-10.211025894973526,-9.972879873126846,-11.732154976583825,-11.066018285453092,-9.996848036557388,-10.562685367461556,-11.19803752128824,-11.369386285978953,-10.695386438944146,-10.686770411544416
-6.898842666865571,-7.235817977121423,-7.483316034673262,-7.6598615966255545,-7.7845751217472055,-8.054495176511002,-7.606465168463683,-7.280692863794442,-7.7273128198372385,-7.69754282832174,-7.871682198169406,-6.568774247483761,-7.7756354125526155,-7.9982012477124425,-7.5971861946191535,-7.244603812735608,-7.1172979732794825,-7.575661156051501,-7.3284693005407995,-6.730925073096253,-7.926953273890967,-7.64466825671512,-8.373235251730087,-7.956092782196006,-8.632474061469832,-9.086990837195318,-8.943562540461706,-7.76552866750527,-7.694455869366349,-8.834467625382933,-9.196384235938822,-8.502614439163501,-7.705445670900094,-10.315463220613697,-12.7029631355908,-11.399537943817101,-11.027985226680233,-10.187165188569397,-9.87789644865868,-10.8408313925876,-9.667461638590318,-9.646293850098852,-10.145181582102303
-7.192523160148847,-7.523211586260881,-7.1913386172132165,-6.973760752528332,-7.191283141420921,-7.5837693588212005,-7.958616571305258,-7.673009975178583,-7.269571914349945,-6.722413483489094,-7.26777608480452,-7.451253621511334,-8.039510557249034,-8.542724472942627,-8.308100493656383,-8.17408512379912,-8.302054530701263,-7.8763014409826075,-8.367945353249045,-8.661939406614,-8.148539045924275,-8.02249473597106,-7.944479642714036,-7.917551870175221,-8.979477490812156,-9.144293701759247,-8.60382123202729,-8.492789030659658,-9.632118826955299,-9.564185520119048,-9.764534584731143,-10.62084145196188,-12.126538081368839,-12.204725130026072,-11.441112412830034,-9.733785856874768,-10.423129962188886,-10.229201350078094,-10.248678289133485,-9.25676139058164,-9.173424055169026,-7.283989308312227,-7.953593689488559
-6.430518899403716,-6.670530213680944,-6.853464276267152,-6.661784805781348,-5.863172241900394,-5.81123783823954,-6.977094314598436,-6.7330505358192205,-6.381303561968545,-7.286205548928265,-7.047063191612524,-7.2130169910766995,-8.044475856350772,-8.215361911362162,-7.863500487974012,-8.440601452475288,-8.450016404576928,-7.881853816073067,-7.090031722676648,-6.163978839166146,-5.4259556007040315,-6.263321272512613,-6.344284003012312,-7.5256384349390455,-7.745367877702104,-6.106975811199512,-6.312647320532628,-8.299801132341699,-9.879334051847906,-9.731237895264497,-9.169848132316732,-10.083303643743315,-10.522151265843746,-10.080303920211822,-10.052484415585521,-10.365398255995334,-10.32552058456807,-10.84805466243304,-11.785800042752122,-11.216207604296574,-11.362093336833954,-11.766447601853862,-13.387565368641763
-5.694310612022447,-6.169049372139055,-6.465777929545727,-6.222131309231871,-6.070180656798353,-5.540790942745914,-5.950389925030564,-5.928005120388464,-5.247069394522595,-6.099182191239844,-5.801209175774065,-5.849496131157029,-7.36835789138225,-7.477358041430443,-7.75600196906034,-7.071709032479621,-6.46856134232471,-4.980036405993165,-5.573893458396222,-3.717387777600059,-3.724839274881559,-4.126055773648759,-4.548320878708908,-3.318684862685904,-4.023494745344198,-6.763410247515475,-7.70795627506995,-8.070161376341279,-8.394804934739565,-7.766810361901708,-9.307562845083519,-8.52046705030197,-10.004056699380035,-9.715071003704054,-9.572078967778342,-9.973901772395816,-9.987476663821598,-9.762050665022132,-9.836238573664774,-10.817803806804141,-11.578694560775931,-12.638812696921525,-12.930854052172739
-5.818893179629248,-5.789957685226155,-5.619491969839725,-5.8153194958478265,-5.827252016567223,-5.273724945180723,-5.268799557848202,-6.337048937626873,-4.72429268927999,-5.416832119012236,-6.2813701309902825,-6.897106572674508,-5.119024100609835,-6.5995580417939825,-8.04297118699031,-7.804174002705968,-5.4628587228131416,-5.812110113754152,-6.107010635876962,-5.8546455484090325,-5.0437437129960845,-6.902234167152398,-7.330169947345317,-8.497101310520472,-8.653960891629659,-8.584705293753993,-7.584091805664981,-8.023233256629728,-6.379757461037899,-6.021739176530081,-6.338023725989036,-9.168730709089994,-7.93491207870219,-8.647858090165512,-8.76313073941669,-8.504539507082153,-8.673130304934443,-8.585788185993087,-9.634088160943717,-11.904599690126211,-12.711763902062348,-12.727957202974878,-12.551077674073452
-6.242626629474783,-6.113034780946587,-5.61448376493733,-5.580346388273704,-5.387830863680789,-5.446373943820466,-5.669497102837717,-6.025023160687786,-5.5796229608210535,-6.309481902701046,-6.923607582407442,-7.228829242836533,-6.718288148468863,-7.18020130081962,-7.6685712895357225,-7.4840212856025605,-5.552821072443543,-5.007223797680949,-4.50019542043542,-4.3143736032030215,-3.5163200773630927,-7.017144240227449,-7.586308890882657,-7.524004378156979,-7.573009230976607,-8.283816421448645,-7.85978084339199,-8.17314884125775,-9.311914954329062,-9.429819588082074,-9.938884610414036,-8.366445549638232,-10.829704834477155,-9.269871449762345,-8.486689104164814,-7.04071541157616,-6.426344829793919,-8.84776167489564,-6.764985987420805,-10.42578509388651,-11.273563070739922,-12.031941140614139,-10.050219461550185
-5.478140075659618,-5.896802505754845,-5.839580196957016,-5.452769137778975,-5.453666711303131,-5.947116214273564,-6.04070785945998,-6.324221146504265,-6.074584873256674,-6.257776557649474,-6.608060013680178,-7.758377207492481,-7.210106101977932,-6.806631009181465,-6.248294639345873,-6.499089304897832,-4.61837034064268,-5.412478211005265,-6.8054929328443405,-5.78036059111294,-8.342341755230825,-8.288155952928603,-9.543976451039406,-6.977884049921309,-7.698669999280568,-8.290211484176721,-8.133611754481459,-8.14677036771267,-8.667088364514484,-9.84691464908731,-9.312590228225556,-9.838468041275762,-9.47593485341293,-9.420645328913551,-9.160911859202029,-8.606600092690709,-8.932682982595624,-10.615499814979165,-10.886095204606768,-9.496747448426227,-12.153851158681531,-10.843946962951126,-10.638180731866854
-5.446807268185972,-5.621220063008676,-5.5228479690836165,-5.67133701535895,-5.447839231206377,-6.168801993692629,-5.703337297374533,-5.991404004665055,-6.845314833020794,-7.201076150907897,-6.867058236147217,-7.020719095506735,-5.995686483730875,-4.797248229366471,-5.044979954186035,-6.027299085913809,-4.910890038946997,-7.959373131894356,-6.995133139662411,-9.606171097985273,-8.774764660759216,-7.38258560604011,-5.1482087431676735,-5.539562962190765,-5.496833090648864,-5.8741899264827815,-6.017652046460974,-5.304865090295904,-4.942670089103437,-4.729230070794775,-8.026947942612612,-8.261935982362044,-8.288282971658136,-8.26353612797666,-8.85924486104587,-9.630848740802099,-10.399512166817916,-10.444644358803501,-9.544636707096942,-9.826048473079066,-9.529152576714864,-9.600202746657363,-9.536781974619927
-4.089818249821926,-5.563880936954625,-5.63121303990476,-6.388052841952518,-6.380783908804502,-6.680164731492198,-5.720600059236347,-6.972885692494383,-7.378135117097347,-6.760878792855536,-6.864172679875209,-6.548599596670544,-6.323931638661497,-6.382309447013139,-5.565667395615458,-5.359843866561681,-6.5219533354551285,-6.85955087098721,-7.153333346202291,-7.518315153991655,-6.174176140409849,-5.688771948006882,-5.418516059942181,-5.522763812286205,-6.446814323955404,-5.047609134819435,-5.920353062588207,-4.364129716269275,-4.626305163770725,-5.213572022338969,-7.296925074195691,-7.541673943858712,-6.209039776747818,-6.573977640388614,-8.211900296760922,-10.006576649710764,-9.90187240375242,-9.237752363781286,-8.20115055041556,-7.275262393150434,-7.180310718083403,-7.7994836849393465,-8.796152078273934
-6.299000067518295,-6.007273633054759,-5.396986497310142,-5.763468881332509,-6.171456893547656,-6.376680769432992,-6.34864786945606,-6.122857557395335,-5.885172779475627,-5.699899349625161,-6.1074686511903575,-6.41925154284752,-6.457312657503868,-6.838662822812967,-6.518654060423997,-6.447572283810423,-5.664978167243943,-5.674580366253627,-5.818006019858233,-5.314943571603219,-5.509025708432889,-7.422052390498225,-6.986408771431172,-7.928305997888186,-7.387774316986413,-8.155136207069402,-9.209172497805246,-6.39027013707193,-8.170835513536948,-9.13702033678426,-10.725412565969398,-10.69622926972091,-10.782406494417884,-10.386902915646436,-9.96714082796564,-9.671384938984657,-8.746258379043905,-7.732537501016824,-7.59372898824438,-7.215503085516653,-6.5183566977954595,-7.015614585158671,-6.858849596112612
-4.551758241262694,-4.34542131695056,-4.749017255176528,-7.441126453318082,-6.795958236829733,-6.436822015624043,-6.309736996638886,-5.683649948640062,-5.7307813261768,-6.133021996075635,-5.722246451885207,-6.35692783780736,-5.348742450490585,-5.527106268352923,-5.703944855369536,-3.6342473956800996,-4.697765591117264,-5.231412956900236,-5.62710994932567,-5.37623129637217,-7.304406219559221,-7.572663457042003,-7.613447162472857,-8.369951010617575,-8.71007325327906,-9.442182088030144,-9.500781351884468,-9.275606786070004,-9.148506234782973,-9.459601530400757,-8.10781037344158,-7.940702202526818,-7.892169234268344,-7.329618430203562,-7.310837125494473,-7.628973238672166,-6.997724616934622,-7.299932048455054,-7.056677539251339,-6.701767866168693,-6.31105740907641,-5.47722173751701,-5.287016677987262
-4.049290819753029,-4.5037962688994195,-6.075901432115747,-6.520794354682415,-6.14413615478275,-5.881794637182618,-6.020126199883109,-5.926654653905367,-5.48214732634764,-5.261160146712999,-5.2807258413612335,-5.182797490473966,-5.215390746895627,-5.69042534487887,-4.912776691765615,-5.464553614413162,-5.199560635662307,-6.4215787524148915,-6.748002283414317,-5.687518113883749,-6.243011570553463,-8.713764765923184,-8.112859277197888,-7.6474530654191515,-9.089362621411865,-8.66953711545317,-8.273393072811377,-7.853011886449708,-7.539168155884356,-6.644683464752687,-6.232888177728264,-5.721473500679572,-4.455261726564311,-2.897124028025213,-2.389609274294798,-3.457280221770173,-5.8751328056835295,-6.285865298746266,-5.600279896805878,-7.480016157763327,-7.54310986659861,-6.720741537340745,-5.27011419297084
-6.68037432623997,-6.915754348394307,-6.309529834173652,-5.633922858681826,-4.257556175053585,-4.416802390909398,-4.380605699067832,-4.131236258326272,-6.208772326290676,-4.7552716952303085,-5.894265051314398,-5.534039557044743,-5.293639977918202,-4.183364798672949,-3.5364445073447244,-5.098806046760229,-6.279432109817341,-7.014145775281667,-5.601889530001279,-6.544102762265084,-8.184570134752537,-8.60782423166901,-7.909119305371543,-9.288928635861488,-9.084821571979699,-7.658256210592716,-7.403282698715168,-7.109518279514882,-6.981899065232886,-6.4673065468059665,-6.248734801377035,-6.221774925803203,-6.908605252521868,-6.657802248074319,-6.083477762154798,-6.987255116147836,-6.490748648579958,-6.287753006149821,-8.312043649990695,-9.04871122945366,-8.669318884117995,-7.556012127351942,-7.782318067118826
-6.148632374160028,-5.224324013075627,-3.2655997352634145,-3.5683563492802803,-5.045041209443472,-3.9764791878805346,-3.5341347410471826,-5.628636103736174,-6.380622578786515,-7.395506523394997,-5.7645055095973285,-4.407710400028747,-5.3118880583433015,-6.9936979568747795,-6.841781854891743,-7.455261654580883,-7.001373534967482,-6.764900418219057,-6.8990308981024,-8.45501759953894,-7.799883574980633,-7.81941636391055,-8.268512180883368,-7.345599590758255,-6.317263257854478,-6.459752869183218,-6.147967802261445,-6.077593175910122,-6.180175374013186,-5.791072481060431,-5.84456207853908,-6.625242712103411,-7.334792664457488,-7.599364239139013,-7.135993087164513,-7.292195431794567,-7.179183658108443,-7.165883526652928,-7.957993768445387,-7.71682112783616,-6.412035635585897,-6.71668063400586,-7.2390015926721665
-5.4406890308858395,-5.918130523328437,-6.2928541496440396,-5.545802779863352,-4.673811822448815,-4.414043965992612,-4.57795038072715,-4.917308783701268,-5.066477044672789,-5.210311381863102,-5.131065243596396,-4.9432035164611134,-5.206912475782175,-6.749039530488115,-4.764947270059719,-5.48915910068036,-5.418881098781771,-6.453639436078655,-7.2234473758485835,-6.131911608752659,-4.9850089176018475,-4.9075353191007505,-4.61284397686297,-3.4585158928069086,-3.8476363677428314,-3.884425957522078,-5.216154357506834,-6.13308026096592,-6.032112261549578,-6.2857471211571045,-6.331933926633126,-6.038237064728326,-6.1979599036126665,-6.551119937692489,-6.940945641674952,-6.710664624155119,-6.661822436209416,-6.622719782997498,-6.886853112730591,-6.877007128089492,-7.3963663135023605,-7.60414073779218,-8.23856113949604
