public/json/wind_2018-09-1513_925.json
{"header": { "discipline": 10, "disciplineName": "Oceanographic_products", "center": 0, "centerName": "Ocean Modeling and Observation Laboratory", "refTime": "2018-09-15T13:00:00.000Z", "significanceOfRT": 0, "significanceOfRTName": "Analysis", "parameterCategory": 0, "parameterCategoryName": "Currents", "parameterNumber": 2, "parameterNumberName": "U-component_of_wind", "parameterUnit": "m.s-1", "forecastTime": 0, "surface1Type": 160, "surface1TypeName": "Depth below sea level", "surface1Value": 15, "numberPoints": 4800, "shape": 0, "shapeName": "Earth spherical with radius = 6,367,470 m", "scanMode": 0, "nx": 80, "ny": 60, "lo1": 109.0, "la1": 20.0, "lo2": 116.89999999999955, "la2": 14.520000000000117, "dx": 0.09999999999999432, "dy": -0.10000000000000142 }, "data":
[rows 20 to 39 of 60, columns 0 to 44 of 80]
-3.0884844381445817,-3.613608647643353,-3.428025320786843,-2.5309304465962197,-3.147751364141306,-2.5075602000923065,-1.9338895670320433,-2.756051598094657,-2.4257352624276445,-1.9885787534387571,-1.3998201080507469,-2.4498091200492005,-2.377303086730744,-2.8080762405051387,-2.604561521443207,-3.0835904639974645,-2.662733667145911,-1.220933962871031,-1.0453061085718094,-1.9474753838278194,-2.3209712293891025,-2.0991117827074537,-0.5656916927380051,-3.8714803044827315,-4.266022076015226,-4.405170606169077,-2.629975873051191,-1.6348196129184447,-1.1432568687389781,-2.385316188877434,0.06591305842800924,-3.0347916382314364,-4.494028550532312,-4.026252939065357,-6.183278566943865,-4.696845948839552,-4.858950186034705,-5.171533626471203,0.2346029734693143,-5.218160522562776,-8.133183676948065,-5.195304147549397,-7.43882909979904,-5.670333284569372,-6.817877696004285
-3.091951405377115,-3.695306714051291,-3.698872234624502,-3.791594264105836,-2.0765700823469246,-2.689451153056117,-1.7743634146690257,-1.2577159897713608,-1.6403637209779347,-1.6582553081768898,-1.250198152858695,-1.5371544798829453,-1.809781897819518,-2.5502315483878455,-3.496936420890646,-3.0111314997096614,-2.8706155001420406,-1.7477919984567194,-0.9097528173924508,-0.8618206146332872,-1.5747599191425197,-1.4120488900021932,0.17784207175893374,-3.199504338375124,-3.8557299662453803,-4.583326614896909,-2.028356685425053,-2.1013939396181613,-0.6823635765419758,-0.9390680646448374,-1.4988828942505075,-2.603287863794685,-4.746161704525106,-6.414655572709001,-3.6296762520801384,-5.485437673797025,-2.6147643763294255,-3.6341548814935383,-5.952687007529568,-0.10364280476099581,-4.30828443076414,-7.230433326348538,-7.188441797774066,-5.036834074728536,-9.984226640793255
-4.183579708414204,-4.240650794908535,-3.90764859098007,-3.4753571288659932,-3.5487331782278555,-2.8214227872231175,-1.9780679526650047,0.33954698629506036,-0.5581428347042098,-1.3150322671213464,-1.0140450114318098,-1.4679236810213672,-0.7521652027095729,-0.5179781111861371,-0.847468565203577,-2.0839509597388806,-3.416736241137715,-3.223516942362261,-3.1383995459391003,-1.5573557739134354,-1.6199053570517383,-2.730789984936963,null,null,null,-1.9827538222337187,-4.573053773456612,-5.010639017599096,-3.0252451105096543,-1.1972996455618843,-0.6347958417169953,-1.4495710323005888,-2.54988486484459,-6.806974149938771,-5.222479168558553,-7.36767201376132,-7.270311310901583,-6.045723804200405,-5.491950103998531,-8.827742041483368,-8.055607776706214,-4.665510973517419,-6.258012320400642,-6.309443275953694,-6.545150784547696
-3.5439687691478046,-3.926975072929616,-4.613754217553795,-4.365875077566537,-3.161702577819417,-4.458797296520493,-3.1527273733354746,-0.5858038422094435,0.2933876714049757,-1.3228392729045626,-0.742733051631073,-1.5365641512681714,-1.2463233289392415,-1.7487548187734792,-1.1741780329665803,-0.6370334008627878,-1.3905451647064844,-3.432000494131509,-1.9022226740858432,-2.774311543462487,-2.4999729786214995,-2.260387387761117,null,null,-3.244485173403171,-3.1555842934770446,null,-3.1379461744821304,-3.9617965598167437,-3.0273615819321966,-0.9308418213779981,-1.2043526593516798,-0.21330929665197101,-5.902284706242477,-8.638842087762349,-6.1218930201413055,-6.537682303094035,-6.815749480469683,-1.0259859909936087,-4.92429005981612,-6.621629516465738,-8.862717937908608,-8.088680626822972,-4.56139203077269,-5.75727800109808
-3.100342996160369,-3.9920853300325567,-4.391479207796618,-4.165391944004794,-4.571690327679744,-2.1494380447362915,-3.6826104704235547,-2.21083664481475,-0.2032960590962657,1.2838995481613902,0.58890331232532,-0.7927274670913025,-1.9787023790625182,-2.444779719702262,-0.8857036548196451,-0.4104312440845355,-2.469790983884513,-1.3899683892111583,-2.4085908522502892,-3.265529205341384,-2.6939255267063476,-2.992257025434102,-3.275762966981154,-4.131443245599442,-4.497291852677955,-2.5105669368250165,-2.390738360641799,-0.8463140237594541,-1.6007580406059336,-3.025233212292792,-2.809008568002777,-2.2553782750966924,-2.0340868214789873,-2.1478090049506005,-8.01728198336197,-7.638308810782106,-9.320742121513376,-8.941055114885629,-7.511499433506296,-6.0858293625240325,-6.682692165894528,-9.438046413821231,-6.307257805811565,-8.327670193970324,-7.130740716408494
-2.6336736873106084,-2.9202547656461864,-4.469865229431789,-4.3812628780513645,-3.068262863308824,-3.56344253041667,-3.1595936650523533,-2.6343674024934374,-1.5018829378987628,0.562337895581504,0.32224154288455914,0.20830945454375427,-1.1568213650435093,-3.1843021256228807,-5.722651998280503,-1.6049444022152781,-1.6277535296175578,-1.3215758361158014,-2.6860119679395593,-1.8416520507315282,-2.458001274440134,-2.480573341888664,null,-1.2856387591505178,-2.9188175341661604,-2.509343231617548,-1.9964618898066844,-1.8401367759761946,-2.782724150439857,-0.22037503423354238,-3.770930891563824,-4.480596628895694,-4.816031344256613,-3.201076036254647,-5.341625888703855,-9.803741347815688,-8.232818493548601,-4.0935973511407475,-9.825016042467215,-10.23281733003486,-8.658529244491143,-9.847164797361424,-8.734960830406216,-8.960129973304634,-7.343792665843669
-3.3901845624533027,-3.1647116000937636,-4.86803697140911,-4.907665303976497,-4.741526498987611,-3.9356757515502774,-4.25474032572843,-2.6268796288719622,-3.5688530311290214,-2.4135897281754457,-0.8854381668362338,0.3012496116677123,0.7136981995169377,-0.5743104895021848,-4.625180102890534,-6.6558071791979145,-2.6685037639666183,-2.3588052430651714,null,-0.1527562045198694,-1.6839019822415844,-0.5097752434268745,-2.0047556393678274,-3.001983749004296,-2.7071796512594406,-2.681376278581372,-2.1263439423368973,-0.33349992756087904,-1.752830474281229,-1.3331199201969375,0.20000595538625038,-4.596737098683944,-4.7818762722375805,-6.77938498099352,-8.696867705391188,-10.739622475945886,-10.035810316834429,-8.684402454028845,-5.542198177163297,-7.317226467613484,-10.316855597085194,-10.101203831981984,-11.569373051650944,-8.743524328296678,-10.336383889982246
-3.846128738058412,-4.235722611932836,-5.08122872236426,-5.26755536730601,-5.3068324567865215,-4.872376046537354,-4.846317418643616,-4.1454704036608865,-3.0022052181978083,-3.812249256346427,-5.696185988758604,-3.6072265885317205,-2.504946888226955,-1.7770945120549388,-2.8422087285070194,-7.053881519582663,-5.488049319375654,-4.462529973029351,-4.183409265374056,-3.4492822200814675,-1.576967629712413,-3.0167206366130186,-1.354153369308958,-2.5247250325084973,-2.527351145441459,-2.7840752658689416,-2.5137652330994085,-2.0568746547383236,-0.9642781490922797,-2.9128971462326234,-2.7209956331440144,-1.086788999980807,-2.535701557635727,-4.412296277522331,-7.429950885480275,-9.696746954470763,-9.142003730420447,-11.403860723129728,-11.644242280892037,-7.33746270037295,-8.987351000068896,-8.907849677734061,-8.188720720137361,-11.84456659426164,-8.76280904208783
-3.1318368324879615,-4.300453166576479,-5.468490689608405,-5.48712650544171,-4.686507178449814,-4.307929841228327,-4.310940404502388,-4.0084301354886165,-2.244660334883747,-2.603466960218112,-3.8993183455829916,-6.03003084519977,-5.689328177049864,null,null,-5.053481976216721,-5.750802065153245,-4.571261702785739,-4.462951479901584,-4.455808630806494,-4.238987019159688,-4.1665474864786525,-2.8644954188159018,-2.113124728047019,-2.0709235279527958,-2.2501840269495563,-2.119475084490658,-2.455930320607629,-0.41957434024017914,-6.273557273804899,-7.492412970058373,-5.56224198930445,-8.977453160313972,-6.476544319946894,-4.603087549493172,-9.314995730457817,-10.869678675109835,-10.257862485703395,-11.610592320884788,-11.984057812804307,-9.980105663529491,-10.978135745398781,-9.674935733843371,-9.604388126036115,-11.636077467232614
-3.218952387657162,-3.5071508445097725,-4.930195732061531,-3.4594842504241754,-4.601006722743424,-4.292549960709428,-4.505173750378674,-4.9984374675841305,-4.165776739208518,-1.8640769830186283,-2.670663556543711,-6.340442398028783,-6.494003327222881,-3.3654838247875594,-3.442606930172011,-5.146725310031783,-8.457347765710413,-6.9681767867296065,-5.114347183027973,-4.409165079141735,-4.280805046482236,-4.268763442769907,-4.4865271548428804,-3.680330961354164,-1.0179235728102412,-1.3511770994720265,-1.2402200233700769,-2.141348421452295,-2.1301050516104754,-7.065881307002199,-1.9349567473311229,-4.408997952213575,-6.642737709729241,-11.573017377308489,-9.280145101682045,-11.278619338527498,-11.474464991100074,-10.651392058515738,-12.035339319983922,-12.986883277271449,-11.695622774767934,-6.480280942386354,-11.109233052462745,-11.405570868692305,-13.180246432255268
-2.624416361682853,-2.0275828554966244,-2.0904159909439244,-2.218998579863424,-3.024425318321234,-5.796087479591761,-6.203643662184449,-6.344549098264787,-6.269110860397538,-4.476963371013152,-3.6447335194719734,-6.951475116084576,-6.336161465638908,-3.923477294232758,-2.9705846991645912,-3.4912377250153375,-5.560292235841601,-7.09477275867038,-6.061485271373699,-5.300205620163342,-5.195233360165341,-4.3093429427954355,-2.901867156148728,-3.698131078569048,-3.9145007255596087,-4.297474699819011,-4.391136356569133,-2.142242081165174,-4.200919413635483,-5.855432449194538,-5.006137430332728,-4.208257504810529,-6.252770223535986,-8.64902388755906,-11.088064988810459,-11.502449470863777,-8.227539560071207,-9.924234783855434,-10.63994511768004,-10.28818376089165,-11.713138965965356,-12.138681121685316,-11.523006351267302,-12.386037837794003,-13.829829506746833
-3.738549281462041,-4.647257847709085,-4.83317914223528,-4.219310567975552,-3.552438410979407,null,-3.1571873625345175,-6.6231611801792125,-6.928124282856023,-6.718656260950526,-4.925433774087288,-4.96860254157168,-6.818281374631521,-5.672982937208379,-3.273687566115745,-1.8766322811355471,-1.163989064254284,-4.575807414157877,-6.424787366545197,-5.997463174609266,-5.50958536455145,-4.1208009416533775,-1.7152766855244632,-3.2460842537803756,-3.5675934549754627,-3.066008250614133,-3.6569542593008864,-4.920426834492158,-5.199130869092451,-5.167252010003331,-7.01959822218184,-4.402869398858253,-6.326502437049443,-6.5069532751294314,-12.127110853583657,-10.402213939260573,-11.709607609671165,-10.118326549522592,-9.577158986246284,-11.575937967801764,-12.764776501603272,-13.158891492279492,-13.435044587621196,-12.598132597480955,-13.251219845441687
-3.5392897115435336,-3.897898293257521,-6.109626448641828,-6.079804589125421,-5.367646508778713,-4.425745798390895,-3.269795781931465,-3.366309608861646,-7.918681668992212,-8.407094833976162,-8.898480137065123,-6.952030215080978,-6.614358844755714,-5.56456722822547,-5.293645374475362,-4.201248592184931,-1.9836388535206027,-3.806134508680494,-6.245159842922639,-6.7382370575877495,-6.299163765453699,-6.151373935691106,-3.650280489801073,-2.3031590102442947,-3.0144417375875894,-1.723627212618198,-1.5436504625890166,-5.041591163623274,-6.670100345282304,-8.589544018295134,-6.537615070672129,-5.43409300977357,-5.883978398217334,-5.598680034511557,-6.848413121930701,-7.129569605887869,-8.944133412840438,-11.224337759350743,-10.705725235357372,-12.455588299754503,-10.927217413399921,-11.482270887069078,-12.194435659071889,-12.436658048444388,-12.881746861767889
-4.055154827220573,-4.476378662252321,-4.373694115449912,-5.0797182740148745,-5.925606295666315,-5.322943314323815,-3.368942129621395,-2.9085903381728073,-4.0259297617692775,-5.810995860471827,-6.847381007164308,-7.3895717623023325,-7.708795756894433,-7.104730646576427,-6.488141243741666,-7.138062375609087,-6.890980214198249,-6.582841463108601,-7.37380091840523,-7.9411361363617505,-7.658851514972425,-7.177982105674316,-6.114232504686699,-4.847208320102606,-3.9675563611055424,-2.3041601351714114,-3.6209005742361495,-3.3528854497936362,-3.240399321729139,null,-7.0265475469423695,-5.533414449886319,-3.8806657121518495,-6.527165494843991,-5.216792081768838,-5.901259740742971,-7.642402509253724,-8.40445089108045,-9.181432559044664,-9.55369374722045,-10.784935704993341,-10.570162962112875,-12.326597170458598,-11.835283986093325,-11.869341518795965
-4.0214725964384925,-4.73499838633234,-3.625136282098171,-5.245285582615681,-5.809648561131194,-5.947060681269587,-4.486939135139618,-3.999212655882935,-5.494078212902898,-5.6988418386819655,-7.945271344674129,-9.033246374060992,-9.635250473000303,-9.155703491756942,-9.193674381579337,-10.367110980477038,-9.922150649198093,-9.491463964945533,-9.121018442238015,-9.870282142647403,-8.657672985625679,-8.881522516808918,-7.824554100636596,-8.357884859469548,-6.973151828540746,-5.149156692461618,-5.726018560510423,-3.08448016485894,-7.263180029987863,-6.460506004854914,-4.7091218293139185,-5.9266647357936835,-5.6866283019547685,-3.0448795433092664,-3.6305805400328266,-8.531926187037092,-10.70022166668765,-10.90732087365793,-9.348786226135147,-11.000538301300269,-10.072733509336828,-8.924267853932822,-9.920849146101283,-11.925555940464253,-11.1191364084049
-4.990247698473942,-4.986417524857252,-5.089485318430817,-5.845746443189097,-7.433945828077242,-7.129597742519088,-5.692968801765209,-3.9101573327463495,-5.72429003257537,-6.166038923028566,-4.284779167378232,-7.6001674208579235,-10.224137782559488,-10.718088987123814,-10.449354242705551,-9.926844333216078,-11.034373558084416,-10.821479136121138,-11.111145882631934,-9.958091858919426,-9.359182742186986,-7.5831621048445195,-7.6270276919135656,-10.193153675541012,-9.580926254746512,-6.145852015561552,-5.2442178870876965,-6.191665466279493,-7.836979522648787,-7.349362812610065,-6.9476933091379145,-6.315668183086382,-6.977325733275615,-4.093163581372374,-3.7552723009959483,-4.935397755363749,-7.1483449783631645,-8.79764621162949,-9.847340674223938,-9.11527880421757,-10.168044136167408,-9.456609502786339,-11.222330264240561,-10.334394786209682,-9.160484636788118
-3.3883004889185555,-4.9627318316606095,-5.358827237662509,-6.012866540495365,-6.028951674624571,-7.168895499157764,-7.205957764690218,-6.451793572401952,-6.901994170794501,null,-6.843838287480563,-7.205634461669686,-7.1413043626902315,-8.161534575829267,-9.830792877637542,-8.860445407898146,-9.343972242615497,-11.639969433282186,-11.604756119102271,-10.464751201547722,-8.197155598222107,-6.319281275646018,-6.660672230556849,-10.494519803992882,-9.810283224171908,-8.407890297151377,-5.2544550087894795,-5.191776405330991,-4.50391575631252,-7.662937004896399,-6.40725314206232,-7.17793997653539,-6.6775293254898145,-6.925763576236004,-5.464345028108147,-7.145396693598815,-7.828355432931073,-6.992298743239339,-5.095078822958501,-7.944438141075494,-10.11296765321271,-10.52722679346367,-11.674140071122835,-11.856917601368995,-8.455403649530282
-5.163245207628334,-3.807254929192726,-4.925860393246188,-4.177129462945217,-5.258672449377943,-6.072685421040892,-7.7322487298659395,-7.208711513955088,-6.3816353737206155,-4.21848749255149,null,null,-8.56160326367515,-6.517802690371804,-7.101688799974853,-8.195585471986387,-8.521141615326503,-10.783537923512986,-11.707065577971706,-9.533308479802766,-8.614837341376777,-7.5701293589083,-7.193046910618618,-6.242348754549198,-8.534435025293662,-9.541187083569188,-7.67282036890304,-5.639829130125686,-4.6117435893699215,-8.460096612728796,-6.292150264579262,-4.410752334124039,-4.598314536835707,-7.713583026781622,-6.317248976498389,-9.398741875542994,-8.021241640645794,-10.973239737810971,-7.2631279337708925,-4.744884625682211,-7.161579163394744,-9.72121390890626,-9.882267866219241,-14.13230017715428,-14.887894966107714
-5.341287748945914,-4.693902310117949,-5.460767648739324,-5.139015244614584,-6.339163917456271,-7.21242478977965,-8.299735875402593,-8.650280903804898,-7.176983005759534,-6.86406023936343,null,null,null,-7.572933340045719,-7.485533783747065,-8.278519155368093,-8.20185748755762,-8.594996310472835,-9.178151980918607,-9.888484394586987,-9.938480562794055,-7.429567243268441,null,-5.3263010680237,-4.4521236659114365,-8.308741427932219,-9.537773025500687,-5.920898776391617,-6.821022174638366,-9.360619665222107,-8.341168908470953,-5.224388107427141,-4.499436735230797,-4.557637774769032,-7.09036442602981,-9.460084987717343,-9.865084800730259,null,-6.07724751548892,-4.603155779360916,-5.723803704243708,-10.381240720898113,-10.114076982297696,-13.513057272161076,-11.837972191041647
-5.461643217313189,-6.440721559892446,-5.222347585048962,-6.426622983181547,-7.188669806696448,-7.602902737677663,-8.69803820697142,-8.839233401685433,-8.137134943340362,-8.623102264604773,-9.508173503472172,null,null,-7.458959468302147,-8.293634224968606,-6.8100680765848125,-6.963738182965659,-7.559694470551109,-7.834166402485385,-9.820223088931824,-9.29198306633503,-8.693993682026747,-6.374413343591082,-4.302048676958227,-4.389018128874188,-8.551515688447104,-11.904153763609035,-8.682801245096922,-9.067711346898056,-9.079488826297679,-11.902603844140039,-10.336500409639122,-8.928973021564504,-8.707715572821959,-8.343415137640612,null,-6.829980707120091,-7.522005694831212,-3.4200923631198052,-7.485963194208291,-5.854687654146545,-7.792151895978988,-10.461660659570926,-8.512610488289495,-14.130563751261175
