public/json/wind_2018-09-1610_925.json
{"header": { "discipline": 10, "disciplineName": "Oceanographic_products", "center": 0, "centerName": "Ocean Modeling and Observation Laboratory", "refTime": "2018-09-16T10:00:00.000Z", "significanceOfRT": 0, "significanceOfRTName": "Analysis", "parameterCategory": 0, "parameterCategoryName": "Currents", "parameterNumber": 2, "parameterNumberName": "U-component_of_wind", "parameterUnit": "m.s-1", "forecastTime": 0, "surface1Type": 160, "surface1TypeName": "Depth below sea level", "surface1Value": 15, "numberPoints": 4800, "shape": 0, "shapeName": "Earth spherical with radius = 6,367,470 m", "scanMode": 0, "nx": 80, "ny": 60, "lo1": 109.0, "la1": 20.0, "lo2": 116.89999999999955, "la2": 14.520000000000117, "dx": 0.09999999999999432, "dy": -0.10000000000000142 }, "data":
[rows 40 to 59 of 60, columns 0 to 44 of 80]
-5.367797838728237,-7.014002511687393,-5.050426899096686,-5.592657682356595,-9.937367158126065,-11.29623201668918,-11.310891807937509,-11.301590637270536,-11.799961566197886,-11.869842913290297,-11.645083722705403,null,null,null,-2.510247143833966,-6.941185735955809,-10.85983949816674,-7.9197503314941615,-13.714091411315527,null,-11.384906139611335,-15.535189161495088,-13.083570897316187,null,-13.315362923911135,-14.038061743352298,null,-13.211445035052638,-19.683335826017384,-22.46782132688067,-22.41017288374257,-27.21333040788872,-27.521355771649482,-26.385617343874966,-19.68384351415729,null,null,-22.80556575620963,-30.134380479339775,-28.153723884220817,-27.251202497278804,-30.566843744131674,-30.11538320506276,-27.951206545985286,-25.65933510039746
-4.6082448449699775,-5.947690436785235,-5.999921785969041,-5.5473743647099525,-9.009389614703197,-11.175515182104263,-11.603671732775448,-11.10436222358307,-12.344402070807469,-12.166917434260931,-12.576132092855895,null,null,null,-0.5586120885675612,-6.4864531514739765,-12.518023439936568,-5.602373394989362,-10.418567643487723,-16.68002246912605,-9.745873737405308,null,-10.908827969514258,-16.384857570738916,null,null,null,-16.947694705049024,-17.59636307674767,null,null,-14.626904966021609,-24.830471716721405,null,-23.052461943571345,-18.462198998438506,-20.87682793940038,-26.548561952874113,-24.14802912347057,-27.583668301676227,-24.87374232873697,-25.903642852311908,-22.1416104854351,-20.364309815604503,-25.87252935313954
-4.768859226693716,-5.671791069960943,-4.9158931234166126,-5.253065314114024,-7.464556993196702,-11.04418910017892,-11.83177138175967,-11.993315286365842,-12.506851723994044,-13.159186025629259,-12.90662603062497,-15.51562111186146,null,null,-1.0552542518599046,-5.905264917547115,null,-5.708396455755249,-10.64621940071897,null,-8.99695491942201,-11.869532446508583,-12.783868484438507,-10.063185657233934,-11.718661259929506,-16.170542684681546,-13.33547463529171,-20.176554858982552,-15.693399393586269,null,null,null,-18.995567302799394,null,null,-18.44589344263191,-21.813436978606447,-19.06591588401005,-20.968945021050125,-20.427286244118783,-31.037602026418497,-29.382108197067726,-30.89500622449383,-28.493867432650347,-22.3646824706764
-5.688778491412856,-5.658679670704381,-6.548052472179971,-6.184556572900048,-6.0576872258873795,-8.981163623630266,-12.853195097701358,-12.79066428210742,-12.958630658902841,-13.672629131804728,-12.015529141407649,-13.558593243850257,-9.971159798457826,-7.563238806236104,-3.6839579520915535,-5.137883563904473,null,-7.482300951756791,null,-9.107080645232632,-9.671007642177978,-15.264456088155196,-12.677958430053714,-11.521020860341464,-11.255380968515748,-19.488560137578347,-20.828278819242236,-20.73920180979724,-14.895402479257694,-16.465711230770278,-15.793491659639379,-19.579714061178077,null,null,null,null,-19.616298458961733,-25.72893281735415,-21.46794377176878,-26.64515236054948,-28.32217810135139,-27.96409219448755,-27.894964390623016,-24.56943399582443,-28.902361928325263
-9.172547795050946,-7.4538785046273475,-7.03734238256485,-6.442991159820789,-5.607512826644039,-8.302280408848882,-11.851063213634808,-13.858301850573948,-13.945273534895986,-13.69143502587617,-13.990177879559113,-13.335822244453341,-8.705427054808368,-10.644277136509107,-6.931902511671579,-6.552385405660943,null,-6.707142310111806,-11.789827933289427,-8.680405256554327,-18.389958812636355,-16.49406641678793,-14.889766747049668,-11.97975694659781,-14.947821480777112,-24.26548902333265,-19.15049631666578,null,-12.044528317553514,-17.206040038407362,null,null,null,-19.28941474166919,-16.35733938178253,-20.909759086736617,-24.385958466294678,-25.789475773424222,-23.610858394981292,-25.360066262238703,-24.25685617870825,null,null,null,null
-10.38431936217776,-7.489215488524481,-6.299138593411353,-7.511131649597056,-6.897022166672494,-7.139972802353306,-10.294919274118275,-13.087637970649235,-14.584227160312704,-14.15843914891849,-12.650282368812793,-10.37691621079106,-6.525582523174719,-8.702558935581896,-7.919220544874315,-7.533958002646273,-13.429220426273426,-11.558328786155968,-11.366501274064735,-16.878011354390978,null,-11.724026496867069,-14.312598268280324,-14.31658738611988,-10.894621452511707,null,null,null,-12.458895499937949,-20.56662558245403,null,-15.134841248523733,null,null,-23.436430349915163,-23.697475279622356,-16.255740298849442,-27.136879581501724,null,-17.903828971466822,-18.24865188060727,null,-19.422634874080796,-18.473040365637587,-13.312020227518186
-9.083989002206163,-6.924133467803026,-7.124275800538519,-6.7314113237089375,-7.887242151326388,-6.5611821733721865,-8.55895763876239,-11.62768691246723,-15.839626447591463,-14.207260344089795,-11.558621899844924,null,-7.492946280568747,-5.23721309092968,-7.082095753990308,-8.50938960682656,-12.512395321339548,-13.208149541084808,-13.877486778178858,-15.563347775956078,null,null,null,-8.014155670536244,-10.118558583239057,null,null,null,-20.946808263163526,-19.027610127842294,-16.212341896040662,null,-18.7513051831884,-17.727139922196432,-16.195962541196366,-12.067167669380797,-17.2249683401361,-24.79394894685704,null,null,null,-11.286353152127104,null,-15.19804566224381,-20.331969943199063
-5.7405756439153794,-6.962720814134209,-7.972566004758755,-6.805417390311792,-7.376286222884671,-6.924080273849151,-5.600927512026395,-9.681190732846769,-12.998666380359824,-13.467698505352796,-11.582504032209103,-12.414243166993794,null,-4.225408353126714,-11.273009949235691,-9.387330608116073,-14.0290636934175,-16.223959291577742,-14.434965804865435,-13.29745552285218,null,null,null,-7.0067497086966135,-11.80588365667301,-7.914297143757764,null,null,null,null,-11.7291614232627,null,null,-15.85332593225352,-17.653751052783903,-11.069004285687301,-22.573422044186678,null,null,null,null,null,-24.6366227743345,-21.885454572981047,-13.278475712339388
-6.405107947714901,-7.9608434805492525,-8.498167184174246,-7.6780413455092535,-7.7084965864875175,-6.113205780329946,-7.820665232571887,-6.474987520133754,-10.569639138022714,-12.267178026977628,-11.4008330167402,-9.631714565781603,null,-7.758682999500255,-13.748762326746613,-3.653502481147852,-17.929283108206228,-12.638379179349142,-10.504460561607761,-12.41335416171432,null,null,null,-10.806188717627352,-12.848633346111917,-8.787961014103873,null,-16.991859755503846,null,null,null,null,-8.858507078911433,-18.245176649612112,-22.423310258515702,-14.465083108826231,-19.580063362784333,null,null,null,null,null,-16.519929082640516,null,-21.035428497268608
-6.807518651618979,-9.267434591039997,-8.675808542520295,-8.850502769001178,-6.634638696509097,-5.4828349733859145,-4.698648207700927,-6.056829494268099,-8.047512820047244,-6.29890098951464,-12.123582437744062,-10.127904303621222,-11.366106008921482,-12.687991693171337,-13.885189119248501,-7.612021917826423,null,-4.2226940803088455,-13.00701135527238,-11.018378262649371,null,-13.628464544298348,-11.370660849152417,-10.899781041976068,-11.893349407733277,-13.556881040059416,null,null,-19.887543427351968,null,null,-11.69042833204327,-18.643949981064637,-20.664833507232416,-24.462786954648156,-14.742403491959232,-18.417531980910212,null,null,null,null,null,null,null,-21.08983723730603
-6.203308806216247,-5.725351943729766,-6.975330782493178,-8.69712483811469,-6.673086755818018,-5.752836040371612,-6.488116224380462,-4.6485708328411395,-4.496169192443131,-7.459499642095943,-8.022629464210004,-11.464593094744366,-11.564390596214908,-16.18677225980874,-12.006630724547223,-12.239563730333375,null,null,null,-13.227597764004276,-12.081782000587506,-14.345589190537492,-14.74860697801553,-11.886623923716169,-9.653283793759725,-9.960418424681848,-11.148213536739965,-12.346604825698435,null,null,null,null,null,null,null,null,-6.449333264377486,-17.76883377045084,-14.691810695732318,-14.010509379022801,-15.90207563012579,null,null,null,-25.187973592032503
-3.12083197664479,-3.357671777965332,-8.131736225040493,-7.438918201005512,-7.624243258344106,-6.583149109053952,-5.911615544892993,-0.39345015480230894,-4.733202180505783,null,-6.918698186705586,-11.862772782518508,-11.710035285551735,-11.984064930351034,-14.721044452479926,-11.770749145938144,-12.088997660798043,null,null,-12.82722074962438,null,null,-14.252779599080473,-11.883950608742895,-13.278394060954904,null,-12.106394863516378,null,null,null,null,null,null,null,null,null,-14.154164759621134,-12.316094328672147,-15.11968877498347,-15.59238229537564,-13.826836383643993,-15.42054993764705,null,-16.586771299276386,null
-4.755637341576142,-3.7965304189340023,-8.520710809824449,-2.772354516679284,-6.134565857219331,-7.343012942582715,-6.425514926630675,-6.610849201426603,-3.4701818023571547,null,-6.720242689460468,-8.675390824955038,-13.04736787107739,-10.080682451653097,-14.018732599675966,-16.856582876356892,null,null,null,null,-10.600662292160234,null,null,-11.445228669215243,-12.312096537961652,-11.170882935159053,-11.112286342669936,null,null,null,null,null,null,-10.909162733888246,-9.480633439924231,-14.456070309418841,-12.938336083742378,-13.3624023786594,-19.413153289759116,-13.542209991965994,-15.492796715467295,-18.501399930238435,-15.743075380355512,null,null
null,-3.103797020142051,null,-0.5296431511433131,-5.954621686484642,-6.642084827855448,-6.0596628398870775,-9.362664733461697,-6.812740578711757,null,-6.703762542869248,-7.932356551445391,-10.544293184399617,-12.446204214222625,-10.592398749747668,-15.243722933519233,-13.25680811748409,-10.688407003928978,null,null,null,-7.544889140949374,null,null,null,-12.52143507909742,-13.343400673457264,-17.12621124926784,-15.779112090503691,-14.9598672310862,-17.6366880542978,null,-15.203149089026818,-14.098979867711975,-14.171111042168196,null,null,-10.824482425877388,null,-16.864927073211522,-11.824425962967316,-12.366521007002996,-18.04426115318404,null,null
-2.502457167267214,null,0.3140771169136635,-2.227422522577459,-7.571488738885126,-5.859986445845877,-5.574490647887029,-9.45426638778587,null,null,null,-2.5711884749666063,-7.779245772299483,-13.435177562866173,-13.606004718102904,null,-10.648608357195062,-8.807467234372616,-10.774794434788692,null,null,-4.185412236694849,-6.63251255836772,null,-6.736609732770729,-14.201073256961987,-12.65877339949861,-14.333330770962021,-14.541663472564053,-20.139773286698635,-17.426404948510104,-18.25693531355221,-17.94384831953145,-16.73650725188248,-15.549887320484642,-13.195633595711731,null,-9.237724374890536,null,null,-3.2822139244743127,-14.564421102847868,-14.083259977192348,null,null
-0.5300135709071068,-3.792670545016063,-3.7105277486930524,null,null,-7.384443296119622,-6.890406997204446,null,-8.410109719506508,null,null,null,-9.666813181189122,-9.598435580909038,-11.202214176610092,-9.336860450965444,-13.104485572064583,-12.619228579043313,null,null,null,-1.8789251849065438,-5.4193893509162345,null,-10.752730619217495,-15.513552608047107,-13.706799987341272,-12.10895401886797,-18.59195745338677,-18.76349175441289,-18.379644105793172,-17.152634308400174,-16.303980236780895,-14.082729751373394,-16.05913077032111,-15.524761203858152,-14.112404406307265,-12.490289529541549,null,null,-3.7490611041120663,null,null,-9.368859405939878,null
-5.429709061842866,-4.083068933453707,-6.049661749638957,-7.020913600234778,-7.508922783483243,-8.374984549392169,-7.212352876960438,-6.270602282005699,-4.272808876960891,null,null,null,null,null,-12.434158798110596,-8.518168951306567,-8.117973133513392,-12.928671423629517,-12.111520421003545,-10.404836450778,-10.112367555271172,-10.95972837183409,-15.320910700028374,-14.547952753508852,-13.68043927832958,-11.22788595333072,-9.671283135502009,-7.602669584647128,-10.08666073556967,-13.669080928132468,-16.293619097358288,-17.78148277758888,-15.818004297285823,-16.538153963306065,-16.680940913131924,-16.306219472854945,-13.942426646593644,-13.504583815276327,-12.348704957954588,-9.864987859995995,-11.728168932656528,null,null,null,-4.769253851723615
-6.272044963503038,-4.8855612220603435,-7.825048432828079,-7.054105260992799,-7.356746009447721,-6.5769674489481735,-8.2217468911403,-7.395554847334866,-7.403499501347564,null,-12.000010536388219,null,null,-5.450433662701696,null,-9.363292807337885,null,-9.671063022855149,-12.97012312741627,-12.039772919676917,-11.953064851136858,-12.933376638685568,-13.204768938709961,null,null,null,null,-5.417234592052248,-8.090009960152337,null,-14.83963397468804,-14.307511397394041,-15.437971626315804,-16.622632264144663,-17.05220555426436,-16.156680527495535,-15.034028364740351,-13.581309763899228,-13.146849968284055,-12.991137793885917,-13.47181419636179,-12.876859432268173,null,null,-1.6264865717467938
null,-7.594996238958915,-5.969645076970446,-7.0011382598879415,-6.167547570437737,-6.730896753287646,-7.629905978304823,-8.270823700943241,-8.349254284450197,-5.192792855741423,null,null,null,null,null,null,-4.264064158895968,null,-12.202103611059892,-12.624134477036876,-12.618062940866741,-13.033345240428204,-10.87797523077601,-9.621737145062232,null,null,-6.385260499250597,-7.743657088697517,-6.235868413989625,-13.906889080199694,-13.799695539306347,-11.801044069442883,-14.820102094239724,-15.601408347773528,-15.58107928016764,-16.906159539824692,-15.296447283568813,-15.138845851716852,-15.086183024599748,-13.030896297015957,-11.99555042587823,-14.967034886151826,-14.753007242679274,-13.548669398465488,-14.14693665390979
null,null,null,null,null,null,null,null,null,-4.9569981562531735,null,null,null,null,null,null,-5.881240350406496,null,null,-13.15930628005474,-11.073292523960967,-11.314841589167965,-9.85959123905847,-9.629042640129121,-9.559011118765255,-7.219080792609587,-7.406325538151879,-8.838624014417913,-7.888944028737114,null,null,-6.51404991450871,-9.618612215818938,-13.615438141553042,-13.69891752588348,-14.847421661765939,-13.261364511515932,-14.356021566620967,-14.316712988733315,-14.224459145764124,-14.247298231225429,-12.506471650658757,-11.423167252340201,-14.73695081505362,-14.072572810420375
