public/json/wind_2018-09-1515_700.json
{"header": { "discipline": 10, "disciplineName": "Oceanographic_products", "center": 0, "centerName": "Ocean Modeling and Observation Laboratory", "refTime": "2018-09-15T15:00:00.000Z", "significanceOfRT": 0, "significanceOfRTName": "Analysis", "parameterCategory": 0, "parameterCategoryName": "Currents", "parameterNumber": 2, "parameterNumberName": "U-component_of_wind", "parameterUnit": "m.s-1", "forecastTime": 0, "surface1Type": 160, "surface1TypeName": "Depth below sea level", "surface1Value": 15, "numberPoints": 4800, "shape": 0, "shapeName": "Earth spherical with radius = 6,367,470 m", "scanMode": 0, "nx": 80, "ny": 60, "lo1": 109.0, "la1": 20.0, "lo2": 116.89999999999955, "la2": 14.520000000000117, "dx": 0.09999999999999432, "dy": -0.10000000000000142 }, "data":
[rows 19 to 37 of 60, columns 0 to 41 of 80]
-9.939065852070254,-9.403024206214523,-8.643886596790127,-8.462408635605541,-8.329721230532595,-7.930844089611759,-8.091016641528517,-8.473766639986227,-8.547660964618762,-8.204172029250284,-7.74895323408294,-8.30900188163296,-9.260011082467036,-9.190470974290927,-8.989450201883685,-8.957079569246874,-9.689256705928388,-10.090164670917709,-10.679630442794293,-10.31292192358971,-9.830622901867937,-9.573197498979594,-8.360577836092416,-8.787297002569291,-9.59736837026866,-10.827961076279516,-11.436295638120487,-11.634621543448276,-12.55724957856418,-12.062294445642008,-11.444695473955205,-12.541099750630593,-12.046537854401159,-11.061509096832808,-11.053007528623478,-10.969381992544315,-12.660170106174203,-11.560815165916553,-11.279252098423079,-10.32953069420329,-11.572136237361391,-11.969626345274897
-9.839728714235266,-9.473375414199655,-9.028931786385064,-7.982086517774204,-8.034605043119686,-8.320769561276244,-7.798737777052182,-7.52450751023823,-8.332579905169752,-8.543804371724459,-8.153583780590836,-7.485686625144227,-9.194293589640743,-9.092855204007225,-9.143572793974943,-9.215086163815698,-9.409591517669647,-10.417377745488608,-11.412970071539007,-11.131448790650198,-10.848500006140961,-8.43917407394393,-10.227872971570108,-10.310394047125644,-10.775128140194079,-11.587016014437658,-11.798048690884709,-13.028963459080728,-13.091095016876857,-13.553038771474228,-12.431668500311597,-12.238496298619468,-11.363218422906717,-11.93762187745924,-11.853709226564071,-12.739358335015107,-13.557438336272913,-13.908156869049224,-12.93089349054155,-12.70207419294945,-14.301492190830121,-13.059317970021565
-10.26445085406279,-9.479769990747071,-8.692994908745913,-8.860860122273188,-8.184778749508446,-7.724878601949909,-7.335423968737858,-7.09891863351227,-8.483784847617388,-8.49766407849516,-7.928544121929468,-8.426033743041728,-9.472401980157313,-9.262625570307687,-9.60223538583071,-10.040720041187754,-9.799582632484348,-10.766800317083721,-11.346842462155871,-11.503594471306393,-11.605041647880778,-12.487957441374721,-13.090091791171304,-13.034241124504275,-12.134393581711926,-12.589363708304642,-13.145957456447555,-13.45531269786145,-14.154452674889248,-13.21200633518163,-15.80953604230957,-11.897534666893188,-11.304900698336702,-11.681659174216648,-11.967990211565096,-12.88565771840786,-14.29058607751518,-13.426989288775536,-13.177436225866009,-13.215948658541562,-14.388678769512078,-13.105150751613857
-9.883800819117461,-9.244888665589562,-8.889386195508287,-8.447093571457534,-7.92288738147423,-7.821545141833736,-6.534523087426004,-8.55349478798786,-8.121344804565814,-7.894405232640893,-8.102553711873002,-8.645599666187607,-8.687113432331913,-9.07854723174588,-9.5468262811549,-9.804640432747718,-10.260957007634541,-11.158984797845122,-11.868031481362951,-12.325588109962364,-12.157924461857933,-12.820345811193938,-13.620821314572682,-12.707043323816556,-13.154444878872699,-12.507274078051813,-13.598192180741142,-14.732896619335344,-14.193937658325535,-15.817215452210279,-13.265917875104515,-12.103463821031035,-10.996437124706121,-12.020100356031081,-11.56025644137973,-12.813367879007012,-13.331619451728457,-12.581294325842027,-13.59155640878909,-13.691674908766146,-13.170840160552217,-12.530234436585594
-10.181305261917297,-9.482391190917234,-8.498310728739858,-8.255776288694706,-8.160076828540683,-7.885858142228175,-7.933000853217835,-7.938814002155116,-7.957008284614116,-8.10429682613604,-8.511112649981923,-8.283344043427181,-9.039163399265746,-8.938088611050054,-9.608966006132437,-10.21934538754179,-9.806121107427513,-10.88276307098878,-12.09334375761468,-12.755606572975417,-12.473654765622255,-13.496129612336336,-14.010875395706476,-14.174196581341807,-12.778458888160719,-13.62192701991498,-14.137029880364462,-14.19723743579802,-14.990102204711167,-14.292683333705316,-14.764916304246954,-14.563388560387999,-11.40216292156159,-11.94886312595678,-12.291885206673047,-12.847036367640635,-13.59555958107512,-13.249089217880211,-13.698325302160079,-14.018322752208507,-12.784381385902863,-12.961621289196463
-10.167277215385319,-9.264154322747547,-8.429547099682122,-8.358470352207242,-8.087428198889423,-8.6965598936805,-8.702516469418736,-7.4029625015735485,-6.9855032427335395,-9.791279358148465,-8.320629081971214,-7.959126906491475,-8.181192230986731,-8.677610947374482,-9.167383455958953,-9.132614625243683,-10.197380838347657,-12.762237785358293,-11.333744861575154,-12.476242089101401,-13.217567790263574,-13.273799656952296,-13.464552190441072,-14.024321519353649,-13.587990818758392,-13.684547648677462,-13.814222217224378,-14.307487388566136,-14.574904952564411,-14.054158116414415,-14.399709277391022,-15.846240382586018,-11.202638807132479,-10.347244045341844,-11.374817981236678,-12.82894883133861,-13.695449181310002,-13.859829642894294,-14.259454277715655,-13.700616610920678,-13.055989393819303,-13.923763520531466
-10.060067055451059,-9.041170843631948,-8.530975205750167,-8.440960827558774,-8.617132873104048,-8.693798634568525,-8.62018555768575,-7.846837074544204,-9.252753104054422,-8.91205399089986,-7.950711636569146,-7.863232391240545,-8.006908434699778,-8.334683595932015,-8.829395574384451,-9.849023079740729,-12.35799935507334,-11.610532199429935,-11.15324237832937,-14.242479346801082,-13.327759770366004,-13.716283220261536,-14.428991360614939,-13.706444914090453,-14.114937059338416,-13.910567727751731,-13.928614744263886,-13.691973702603278,-13.806950401143583,-13.542429164043106,-13.552166935706307,-13.769936165356764,-13.211396313211376,-9.804232640045731,-11.174219145757064,-12.172818506032282,-13.307430689096416,-14.276376646344971,-14.783320316965874,-14.251772540679985,-13.44390985580891,-13.821130953106096
-9.919158450887947,-9.15210143584865,-8.64013885086435,-8.73220244504691,-8.544475388994364,-8.117167789323444,-8.42611271757334,-8.517541990045308,-9.706988612089566,-9.024977542046276,-7.909238845438093,-8.794275846936516,-7.842137244960206,-8.622478901358829,-9.948414139694997,-10.253667804464342,-10.56110563200504,-10.216164646357043,-13.64864190925206,-13.764756602029893,-13.49037000696428,-14.990916614074015,-14.682644612844669,-14.191633947328476,-13.040849519040387,-13.62199617917128,-12.893912200473428,-13.217067717947915,-12.944389869749486,-13.058547998644364,-14.510554258844092,-15.097698675685987,-10.804045420329198,-12.341910296395962,-11.578287040566305,-12.35168055487052,-12.49254715064727,-13.943250373937826,-14.239072888244179,-13.490044796646373,-14.002789259016318,-14.182579050984124
-9.842306217478493,-9.140585148838742,-8.943071720738558,-8.707862734715139,-8.536132846204888,-8.803968227867557,-8.561082904729297,-8.76709458571155,-7.981792764724071,-7.740797178348984,-8.5347249319813,-8.363268532899783,-8.59327924604387,-9.540338082330774,-10.101173541568828,-10.400764602878617,-10.408266608267713,-11.305074165465705,-13.095488834255045,-12.816342316479933,-14.013093776827802,-14.325349343295665,-14.940457424770104,-15.247016918577181,-14.544462350311978,-13.88004076828234,-13.481375143498003,-13.08177867280203,-12.983979728892095,-13.147069504505325,-12.950078550309739,-12.59445455627228,-12.230113143863267,-11.850390183020544,-12.477408975727748,-12.11176004784609,-12.943189845845314,-12.566069720086642,-13.243116705439569,-13.56705352398591,-14.308056409265038,-14.867918185727534
-10.16675183213703,-9.280065183162007,-8.903087800515744,-9.037612568092058,-9.301518844006038,-9.09532231486708,-9.120730948252579,-8.288476799499419,-7.849732389231915,-7.6507457599282915,-7.671427475575815,-8.11151735097954,-8.418168298193345,-9.85730506924931,-10.660720168997777,-10.109360274512817,-9.659960145804208,-11.101350188937866,-12.766019044677915,-13.757695448216454,-13.139317328146937,-13.502912323840125,-14.742858626914296,-15.197032290682834,-15.531833311150965,-15.189035032658634,-13.965468637586135,-13.115393718353753,-13.173485045293026,-12.947713961751294,-13.246261639543999,-12.9942383372031,-12.661047842889573,-12.29375814153332,-12.768970407277356,-12.897559800342659,-13.242730069025978,-13.118071184626423,-12.34982914247094,-12.312540012979717,-13.87371525505431,-15.22955700689517
-10.232155617349985,-9.32827999133957,-9.413135678681519,-9.76993459253236,-9.720530655592185,-9.12643544682072,-9.007135708482448,-8.426792379571916,-7.651799165943243,-7.525253381710369,-8.112082833671534,-8.202975567064925,-9.717321925632133,-10.311020107781207,-9.765764915555938,-9.652050390059765,-9.93197905448295,-10.93299571660605,-12.490873094987112,-13.729245511367061,-13.948438375386454,-13.25670938224311,-13.994953430552094,-15.458296375514692,-15.338289342346007,-15.158009113359142,-14.743369202265972,-13.689064875915413,-13.240571086701879,-13.974470673299086,-13.814375948882596,-13.8205228856862,-13.357874944335205,-13.062939603715392,-13.737443484271745,-13.534324337427313,-13.612862810744602,-13.802312581604756,-12.569095986600447,-12.559091454774881,-13.416784957205977,-14.789313441041152
-9.630056512979802,-9.619308632839358,-9.013133067008978,-10.580833698181495,-10.022878106122874,-8.725269337426429,-9.147546654826435,-8.48397561842197,-7.395271511459157,-7.627548025760186,-9.03149733856205,-9.215483479595086,-9.96469899977081,-9.706736897549494,-9.629765577226058,-9.765401126867161,-9.865016156542218,-10.54936225445508,-11.86248262706605,-13.913091010040329,-13.470039577027977,-14.276196076837405,-14.586842671330977,-14.385094414353889,-14.98563151008365,-15.389329346277794,-14.973642691616716,-14.185271222587676,-14.332363296707992,-14.446847989393849,-14.185284469580234,-14.81905649631345,-14.39487640406642,-13.916383174986077,-13.868966299226724,-13.942558290320346,-15.113969725046434,-14.221470402755472,-13.005778939486598,-12.813782662153827,-13.377521021024204,-14.373522829003686
-10.02860414119616,-9.502832837342039,-9.338225420011543,-9.523034141359556,-8.700006499820386,-10.124300657695189,-9.149214620238375,-8.620037333429176,-7.640451814602482,-7.799108930700815,-9.43114782946353,-9.657665837162329,-9.878927402849715,-9.929217371615481,-9.724760338690992,-9.563918692925082,-9.7570853551175,-10.180419203587029,-11.56481491397967,-13.944035627821545,-14.789705068073534,-14.639030632871306,-15.098144215185497,-15.331605763253517,-15.485624161856602,-15.769583745053076,-14.916826450768799,-14.82237868733485,-14.821431489565338,-14.489310916276555,-15.288713890473396,-15.459859910608042,-15.195290661423673,-14.989351108007027,-14.999364254613694,-14.946791347821703,-14.781692499745319,-14.144373314418795,-13.232295011067462,-13.298963845375798,-13.638766530789782,-13.980822839030221
-10.273143192198495,-9.726019501202607,-9.317002437415416,-9.119522856190565,-9.145696061397812,-8.970802699240892,-9.65468055974782,-8.671591735700412,-7.484475516428552,-8.421732981353848,-8.070620793393761,-10.057601547954834,-10.47844667535764,-9.925490069698386,-9.706008126338476,-10.051098659385339,-9.621067804187122,-10.23052697263354,-12.120595042273525,-13.388459330102291,-14.396977716046328,-14.649864600250236,-15.366984905074291,-15.144684856351473,-14.892481843799468,-15.616235063546375,-15.081478502477813,-15.453855860463761,-15.605050918583228,-15.726193568997779,-16.021585181520194,-15.944788480344787,-15.641910175011228,-15.754961738414496,-15.592762245080804,-15.574895622081458,-15.079791394995695,-14.317908257179502,-13.656137745871936,-13.666566456492873,-14.272121636865386,-14.72842697951116
-10.37327296263538,-10.012837756680923,-10.15079804141456,-8.700106490446586,-8.863478041392558,-9.146496293192346,-9.250010557990352,-8.655065973681586,-7.4074517844223156,-7.387636868076273,-8.96377854305031,-10.609751971264323,-10.49687449871316,-10.576907591806938,-9.968895174135174,-9.938226984640362,-9.94603680336213,-11.164946512302409,-11.951056560061154,-13.11460880676807,-14.114553714008721,-14.516906094087567,-14.497400122745491,-14.810424560131983,-15.70818527981484,-15.447148247879277,-15.47539405869842,-15.15619856666549,-16.023824382473464,-15.953342334013286,-16.41126588203187,-16.186178433271607,-16.22267264545053,-16.717633611140876,-16.116296091364607,-15.208809020518313,-14.877518156961939,-14.456286860207786,-14.533836629122634,-14.153760302675826,-14.476080714885994,-15.326066880038589
-10.015306791819391,-10.69048274515031,-10.497994513358705,-9.830014153186276,-9.086454571378244,-8.62190945070071,-8.936337028729222,-9.083207661293198,-7.951940703171748,-7.36376359959872,-10.158592495359194,-10.601048495209682,-10.832229923279222,-10.47404667760858,-10.41364912292065,-10.41859672199881,-10.494318908938562,-11.122276774428295,-11.274869655623775,-12.320145354733043,-13.699440010252987,-14.112563815701083,-14.574175527758074,-15.03016459979076,-15.425717198721513,-15.573924213857362,-15.998009289907841,-16.371210092965434,-16.10466330101957,-15.710816239142524,-16.270786598179225,-16.94019168316496,-17.43035266502472,-16.624971582015807,-16.211033859001162,-14.972675822845556,-14.969795673289024,-14.705131693340713,-14.857566456705634,-15.18919163204515,-14.897077211232869,-15.0311430675307
-10.081127753787701,-10.815992747870997,-10.560447453683027,-9.958125381632268,-9.412562223006557,-9.185414256520641,-8.741453807940548,-8.449869212479403,-8.946510421501594,-5.615250879548013,-10.15345457033088,-10.701473801384404,-10.30723235761689,-10.633702852159654,-10.15667231478984,-10.78097911111357,-11.37490753644055,-10.82353079729135,-11.144776203774144,-12.126458890207548,-14.138561746918024,-13.918784862648696,-13.592881092349144,-14.39808545459271,-15.496395958715308,-16.203946586412275,-15.84906950653631,-16.28638558685881,-16.384232729998164,-16.39305067915932,-16.343430346847946,-17.006331581932322,-17.385871805610876,-16.7771362447235,-16.062319639159124,-15.881993486942623,-14.766197259790216,-15.119930462376786,-15.369253505408619,-15.358866634083922,-15.107596303250618,-15.035806547780512
-9.756192748391152,-10.541053159613195,-10.558066147043041,-9.787490850733,-9.431540301822135,-8.970383639136132,-8.990955131048494,-8.201833080092788,-6.699964134673843,-8.250358178640292,-8.758229843468126,-9.91946555675651,-10.73205884499049,-8.297717722205483,-11.277472918078413,-11.562973697465276,-11.53960822470228,-11.92407243667891,-11.000233492072155,-12.860867396385288,-13.821356621984815,-13.567350398561056,-12.586093834701085,-15.104298190739716,-15.592427540816239,-15.977809865357864,-15.798752224268465,-15.925195090346229,-16.58470144694393,-16.74885375259263,-16.15304762297017,-16.618768137751363,-17.457374280106734,-16.724959459101676,-16.28763093767606,-16.335576768778736,-15.513646908200457,-14.8869963901433,-15.753995520089997,-15.289007471668324,-14.852621746584653,-15.486851414384935
-10.128908862544664,-9.853121810065733,-10.590288304012399,-9.884318742152496,-9.171785734252785,-8.827379279025221,-8.463313822886176,-8.51165534489022,-8.07520573158842,-9.002785752130375,-8.976253264256496,-9.544908333448934,-10.062894390109353,-11.150318627451288,-11.0138493731379,-11.888846837807312,-11.36710489862297,-12.774385662646196,-12.30097500019916,-13.376068584176396,-12.76866343231769,-13.214846560944755,-13.971113944662186,-15.40681137842801,-15.001808829935541,-14.858541982091797,-15.446354407521767,-16.508918668475342,-16.336443570632536,-16.322938516270693,-16.68796608626409,-16.52878602153408,-17.306098759723607,-17.14135427090838,-16.40490053748777,-16.498482192395276,-15.891792831254145,-16.042701145199555,-15.489800322506255,-14.630532864506495,-14.890108986666009,-15.926582440098723
