public/json/wind_2018-09-1610_700.json
{"header": { "discipline": 10, "disciplineName": "Oceanographic_products", "center": 0, "centerName": "Ocean Modeling and Observation Laboratory", "refTime": "2018-09-16T10:00:00.000Z", "significanceOfRT": 0, "significanceOfRTName": "Analysis", "parameterCategory": 0, "parameterCategoryName": "Currents", "parameterNumber": 3, "parameterNumberName": "V-component_of_wind", "parameterUnit": "m.s-1", "forecastTime": 0, "surface1Type": 160, "surface1TypeName": "Depth below sea level", "surface1Value": 15, "numberPoints": 4800, "shape": 0, "shapeName": "Earth spherical with radius = 6,367,470 m", "scanMode": 0, "nx": 80, "ny": 60, "lo1": 109.0, "la1": 20.0, "lo2": 116.89999999999955, "la2": 14.520000000000117, "dx": 0.09999999999999432, "dy": -0.10000000000000142 }, "data":
[rows 0 to 18 of 60, columns 0 to 42 of 80]
null,null,null,null,null,null,null,null,null,null,null,null,null,null,null,null,null,null,null,null,null,null,null,null,null,null,null,null,null,null,null,null,null,null,null,null,null,null,null,null,null,null,null
null,null,null,null,null,null,null,null,null,null,null,null,null,null,null,null,null,null,null,null,null,null,null,null,null,null,null,null,null,null,null,null,null,null,null,null,null,null,null,null,null,null,null
-18.195114614811587,-15.847848639284413,-15.218961628345335,-15.33730201598145,-16.09127440112897,-17.257077604089577,-17.682514559084836,-18.184017033377597,-18.304546730565704,-18.181513280247664,-17.752043077729724,-16.777562580456085,-17.238805933709138,-18.798954558497815,-18.301979014573885,-19.207408235188087,-18.6937744396853,-17.065865357865977,-16.085142620535244,-16.7441240635219,-16.316678434294836,-14.527463721591053,-14.684067192779066,-14.573706516696191,-15.283007281706919,-15.718936106401697,-15.754820643899157,-14.481219297772956,-12.68538081391097,-11.57682930170499,-10.391175679819808,-10.522057334212601,-11.785533647399708,-10.316464742597942,-7.279125482235289,-1.0807665446342871,13.819709665580671,18.626910268949906,18.133181250459916,18.484491521298118,19.326962445426297,19.655881478455473,21.040891408131504
-18.78809218381574,-15.997812395368083,-15.725506547257478,-16.41030811425767,-17.41359358802376,-17.439613388884368,-17.257183246046218,-17.609824689265437,-18.37498810035224,-18.865694221690024,-18.763538968151714,-19.072449702636654,-18.792958781491098,-19.989576840203423,-19.54597625236594,-17.6204907081013,-17.45845448977392,-17.468126030065307,-19.569494734476216,-18.30486762358519,-18.203096638793156,-18.57848540895394,-20.130916416199344,-19.60503850491147,-19.418158621095067,-17.389238298780953,-17.044971459427757,-16.922655883453693,-16.40694836918994,-14.357872152146266,-12.224823082462219,-10.623402072882806,-9.101755471298794,-6.617945174661292,-4.1776875890769976,1.5156645478735793,6.367437090420511,16.634675691561963,19.640110801530614,19.24354284912097,19.559984073220487,20.161383425837755,20.8968919280871
-19.00755863905045,-16.572981713837713,-16.93398574300107,-17.246890408163548,-16.91442985602852,-16.997912850198766,-17.320457665251713,-18.337990026326487,-19.341283546784716,-19.469799827410757,-20.009783692775258,-21.673791303508793,-21.067270986916395,-21.04313195081377,-19.04408776118813,-17.767826525026145,-17.257267351673335,-18.02242408008562,-17.969411301513905,-17.71705316083048,-20.466101986064032,-20.63851858381237,-20.864795675081567,-21.655163647750676,-21.792630723777926,-19.37635846835471,-18.571132364958185,-18.586453937944203,-16.454854973259213,-14.02917295431479,-12.383669080962237,-9.468286177292214,-7.311898107924173,-5.320979474600886,-2.7113184885238675,3.081930220495878,2.3692557464620214,10.7944503241132,17.484807574896372,19.92714645778836,20.97374733299092,22.00118482641865,22.29734620816512
-19.071763316618352,-18.00991747898754,-17.930333498098104,-17.477104471166605,-17.474822993469246,-19.006128199174345,-19.904630886418488,-19.322699521590962,-20.20419387942558,-21.375516930233875,-21.47559056884557,-21.390337719292468,-21.708653105599744,-20.92508706428973,-19.43346049255404,-18.964520937674628,-18.637910134093158,-17.079211093877912,-18.591898865536947,-18.539906301048234,-19.436528656134186,-22.335814775329307,-22.204179862006722,-20.992360439961697,-20.74051985593183,-21.155266942600573,-17.073739542220498,-16.151807149882682,-14.618685878780513,-13.78528772396502,-12.062000988665888,-9.594850647149528,-3.94365244196987,-2.496183493424493,-0.919196760179888,4.34393496807189,9.170119779320034,11.55189616001557,11.696279319693737,19.133750013550102,21.915064206001887,21.903433912905367,23.2003841375026
-19.133785978340235,-18.65687546738267,-18.290005401218693,-17.558898871373003,-19.133102745971783,-20.689898894837512,-20.8720192617994,-20.474682476395856,-21.10628124020671,-21.992181299446784,-21.27837183824127,-21.936814040838314,-21.37804595579942,-19.730582951926134,-19.8539129236659,-20.33324820841211,-18.664818427813586,-21.60266751521735,-22.077544579135903,-22.085269553128885,-22.99774280509056,-23.248143388186914,-20.787087342676145,-21.15909675816302,-21.50041166603463,-20.233447128539936,-17.65308480977456,-14.386193668029028,-11.769187458351283,-9.164094704270047,-8.131301572357245,-3.9375935403042317,-0.8026269949379353,-0.1798589760611444,1.1455136937796122,4.663646381925452,10.682874453148422,10.993863905701195,14.105706053254071,15.420610604802185,23.766061553676895,23.572120878973376,21.145666641863983
-19.134240046856476,-18.590735451776514,-18.168959757474592,-18.88903378286344,-20.56130527371622,-21.775663519914357,-21.425396460033728,-20.07990311749062,-21.215549466053275,-21.3384788093,-22.285276724503852,-22.01051564912744,-21.349331584851335,-20.53526163226927,-20.372887990324088,-20.332331639414047,-23.33886909155555,-23.27679129970318,-23.35633478943482,-22.265505415198877,-22.986074193520043,-22.8163349802837,-22.61666231606982,-21.295191908702968,-23.1857371374119,-22.54386624838218,-19.560426066086876,-17.043778334216096,-13.059434657411273,-9.51595785817214,-5.359321732526444,-0.2818032046567289,2.0171553685903327,5.976750680752484,3.6936663290702776,8.796476950653489,7.934016988812948,11.383502558490616,9.57862008891578,19.686857783992124,23.292837814790555,22.762995885398766,21.374099173657207
-18.904797702745636,-18.1688800747833,-18.186196811983013,-19.70409230219823,-21.81715876611448,-21.787079308216207,-21.055100971759565,-21.97063200064175,-22.025059275333412,-24.023162401840366,-23.57821519906719,-20.748377857985655,-20.052740407704608,-19.926359976657253,-20.44916587463284,-23.855117923922727,-25.072913234662302,-26.28939825351747,-24.786717540884062,-24.34281620914633,-22.509393500666434,-22.318015206389525,-23.302256323988782,-22.204965490529265,-21.563831601598576,-23.491540904525493,-21.281871773083953,-18.314182420067553,-12.422025899041232,-7.999219871688457,-5.528790583952147,-0.7816471442054471,4.039863743306213,8.886468379984908,11.394846217206306,12.931705529792303,13.877362505712544,15.727599520264416,12.376267071458697,21.08576657664223,21.768373762003826,19.49335105265634,20.598116790246674
-18.54149399666925,-17.746408272896556,-18.784017788038632,-21.246663714726957,-23.11315828631371,-21.825609102558683,-20.846602676769695,-22.266036941667316,-23.766693858189612,-25.554698841884303,-23.89515165659232,-22.77137470182424,-20.830476727422454,-23.822175190897898,-23.72722393028126,-26.897815286057913,-28.26632474495217,-25.531966586126924,-23.64425005920628,-24.067514219056598,-21.986440823444966,-21.831033938512682,-23.43263025671972,-22.07629768168671,-21.199321328229452,-21.14854846029329,-22.643001291593563,-16.432532380588697,-13.822127877387747,-4.754008105968005,-4.480198957448758,0.2347606625089435,6.994633081444285,11.352800584812812,15.103380682773631,17.176225144890246,20.63278590345319,19.935852302865147,15.150516611449563,23.279996401537396,23.78743617087213,25.845466704892015,22.334855051526507
-18.530129159850745,-18.874080723071643,-19.92175340397597,-22.245094668648573,-23.228904577865475,-22.627074297409067,-22.20257404441373,-23.592326712590076,-24.8366518188907,-24.464791250690276,-24.246877515408134,-22.813134171133918,-25.405033478903263,-25.291507486243983,-27.321057632832414,-28.664429797696762,-27.373437356314202,-24.203875603191197,-24.298795105306148,-24.554570363443766,-24.407319790655393,-25.042448398666373,-24.724206262815613,-22.13294301933895,-23.215542390196266,-21.738841038423654,-19.000036477721682,-15.870967748886391,-11.137808125033144,-6.480972491745517,0.31226582827412397,4.005351929889638,8.821005105362483,13.33807842722041,17.326171954679747,20.94832471133138,23.77441064916236,23.381629466748237,28.22096584299156,28.7125388376052,27.55289368417814,28.933760938958404,28.092959029461575
-19.080675690183522,-19.812611909751983,-21.55345509762747,-23.154784743155084,-22.99668322236096,-22.90679321851283,-23.567042852363542,-23.732008176554668,-23.906691681123846,-23.26637000644485,-23.650670967188567,-25.347259141202613,-25.198557957874954,-26.64518672187425,-28.97106645805118,-28.21585295370739,-25.969273007736675,-25.70622473927543,-25.073118253693462,-24.905085993768633,-26.152007478719337,-26.093868019869607,-25.393849512612864,-22.949614499622662,-23.195832928971257,-21.018112179390446,-18.681758779448863,-12.62082073269411,-10.145437797278326,-1.7563667248776982,1.4171665952968953,5.296450040766888,10.002777844091302,15.913061359455986,18.212759187237957,21.660314098579082,25.66614186351154,25.765031826048634,28.77720893120514,31.32785611906668,29.495562071668964,29.92395854284864,26.98131333010162
-19.43212502724265,-20.988824161299554,-22.86127075778579,-23.474909094031894,-23.15932107561395,-22.67153432144859,-23.21881223139798,-23.30459367483991,-22.37604368605249,-24.204175964936205,-27.016995283195442,-26.833941283902234,-25.623989510310103,-28.291137008890388,-28.055057511828288,-26.982388302017863,-26.545420887671817,-27.064365880633027,-25.215012662813454,-27.786883199555902,-30.843279211555668,-29.34759371325242,-26.29019008892838,-23.109417195256437,-23.10734628151851,-23.614471487676862,-15.781629031557298,-11.761731686516153,-7.817833000974709,-2.6125655977315594,2.7339169012048403,4.723830447123618,9.658122186209942,14.925097674542966,17.883221996972356,21.440028242296666,24.28699148072449,29.065250193405834,29.40898488695552,32.9583412814023,30.091620051762533,30.332338472877176,32.28230400830305
-20.031637703200925,-22.2089566718614,-23.488487461598115,-24.09800196315229,-23.729898779108602,-22.57127741254085,-22.40140010221938,-22.58995121791194,-22.965624254392296,-23.755540881449917,-27.533446494180346,-26.29292963402135,-27.664729252681894,-27.959894442339895,-27.919292952048067,-26.731817704804026,-27.715744592547143,-27.68751674310837,-28.729621694016732,-29.694879770861668,-32.76211706503549,-33.67667426745373,-26.231152073732964,-23.000907070871307,-31.27206584558246,-25.368961004116834,-17.770965790601764,-9.308125011263725,-8.66088739106817,-2.5875240392047525,4.691043253311181,5.642452160248311,6.316467698595188,10.48926941810872,16.54137949256897,21.393037253756894,24.03235722959775,28.295948969643195,29.484008334841587,33.11379915459875,34.99717043071295,34.25615576213052,33.45381916810977
-20.390040029681384,-22.596146217718463,-23.774810702651273,-24.731003309448884,-24.710149148397257,-21.441411626717077,-22.25413203287201,-23.46597808433819,-23.99868806962835,-27.158651045441523,-26.947946770759323,-26.72949281213847,-27.774159767272216,-28.210388227671345,-27.4517421598839,-26.586400605544263,-28.680941992343925,-30.285818151512224,-28.7923895091568,-32.917346040458256,-35.84601772109549,-34.47425957034951,-29.64339011271136,-27.995204996685416,-34.19859314336466,-23.193899026927237,-19.107368998813087,-12.303286836574703,-9.498415661094999,-4.543073333696059,1.064914749659019,4.085149243874239,0.4275514052500555,9.015769833413835,12.583573381376299,18.721419057688326,23.167513229417093,24.26216161923574,30.477985323477164,32.69284985999654,34.48523763568641,36.64497302428359,36.906927164420004
-20.39629719252037,-22.723702244039167,-24.50272793117257,-24.640089154674982,-24.307741539319267,-23.22920607706967,-23.467136469905263,-23.03614895868023,-25.091002816563346,-27.629106656428178,-26.444067133069737,-27.817757467200405,-26.94100446898597,-27.506494527287565,-27.441586865788103,-27.14713314200337,-28.94599622223157,-29.802923253317484,-30.607686992415985,-32.0299535586598,-33.07091065487338,-34.68616705725974,-33.789790451103826,-30.19759948633533,-33.290022325225394,-33.35585318857635,-20.831134318183324,-8.87526784989338,-11.174268460101462,-2.134233261214073,-0.365866470608887,1.2464470296814942,2.0804471636323436,4.915000105436427,12.535474730584475,17.352725096183562,24.15473017232096,25.205710632637956,29.252423084151307,29.911341661662007,36.21775994460821,38.06011643905726,36.931698285594344
-20.855426868916645,-22.572641269991763,-24.264987761771934,-24.17767752668945,-24.505765759590034,-23.647525490803446,-23.592573086573722,-23.843955837674493,-25.796170165393615,-26.476156829732673,-27.4217169350543,-27.063554206224943,-26.47150150673516,-26.89546928542515,-27.65836181295058,-27.27324089735521,-28.1786366866493,-29.706440357659346,-30.66597394081022,-32.305477630007545,-33.827936272312485,-30.70584890784962,-34.118127915975,-34.77793523384716,-29.674355460855413,-21.247594839785492,-17.177814580621458,-10.665644106997222,-9.520627034842658,0.18273837876753823,2.4700713068031925,1.6529975409872368,1.9464278011310587,4.988039977049995,12.30715387793455,17.750899620958368,21.664275159317732,26.467099578155306,28.152599337224316,28.746401448014048,36.58222240056704,35.78283768553494,33.909657696321375
-20.901591350793563,-22.613897581646807,-24.18334974763616,-24.054583720231953,-24.34991576606388,-24.922146906001743,-24.15103691819297,-25.56077208077665,-25.415084210053905,-25.637118810140105,-28.47821132132394,-26.505024189365667,-26.005540482422585,-26.380894424978905,-27.5679059544146,-26.67565201615752,-29.724103756004673,-30.548957837811216,-31.920166453332296,-32.49260419680028,-35.00465231902235,-31.292935129118256,-32.91635906291541,-36.59540543518828,-30.517024847173445,-21.720010815620693,-19.070767311301395,-11.069851491440872,-8.377884580512644,-1.0791856903772359,2.613614566770387,2.9126459354057435,2.7155838541084756,4.313990658248974,8.519428887028656,18.2207508565547,22.293635770708303,26.22767806837908,27.827339689788673,32.11926665985729,35.79874856613264,37.297420607537276,35.09156509594582
-20.984139051425622,-22.172389817699596,-23.966883885884556,-24.395758602520875,-23.72129717086746,-24.527057840297328,-25.96868562375769,-26.917672824882946,-27.566351580823422,-26.536885467596747,-28.936344291046357,-25.663945231840373,-25.201957408391152,-24.539224701637767,-28.015554069260443,-30.439475521775556,-30.244048469186293,-29.886627389790004,-31.5827033081029,-33.544428633318375,-33.70589135748856,-33.62101964096504,-32.047333405201414,-28.48810094332179,-33.81091266507095,-27.4499055050512,-24.210805261632753,-7.943431712851871,-8.408948426183601,-3.0667080335860017,1.8728809253741283,3.4509447083559532,2.620107064569544,3.808851229921777,6.602405254917937,19.335315715255586,24.338079643516743,27.25845862751707,30.62119902250031,35.55291806274249,37.72455224773331,39.610107247776696,35.19551784065514
