public/json/wind_2018-09-1519_950.json
{"header": { "discipline": 10, "disciplineName": "Oceanographic_products", "center": 0, "centerName": "Ocean Modeling and Observation Laboratory", "refTime": "2018-09-15T19:00:00.000Z", "significanceOfRT": 0, "significanceOfRTName": "Analysis", "parameterCategory": 0, "parameterCategoryName": "Currents", "parameterNumber": 2, "parameterNumberName": "U-component_of_wind", "parameterUnit": "m.s-1", "forecastTime": 0, "surface1Type": 160, "surface1TypeName": "Depth below sea level", "surface1Value": 15, "numberPoints": 4800, "shape": 0, "shapeName": "Earth spherical with radius = 6,367,470 m", "scanMode": 0, "nx": 80, "ny": 60, "lo1": 109.0, "la1": 20.0, "lo2": 116.89999999999955, "la2": 14.520000000000117, "dx": 0.09999999999999432, "dy": -0.10000000000000142 }, "data":
[rows 22 to 43 of 60, columns 0 to 48 of 80]
-5.152047175560777,-8.56653241254834,-3.803682341172005,-4.935993269787698,-6.63928391450443,-6.584717682771841,-9.63355740013954,null,-7.809989787346029,-8.028467428513428,-8.029249252563458,-5.180314194460443,-2.215431401498703,-4.55670210563776,-2.5754225273751423,-4.559917077096918,-4.505330179220477,-5.3033698620903404,-4.622463501486028,-5.5842011464150545,-5.003773784196928,null,null,null,null,null,-1.4583964430397438,-3.79945591604865,-6.315488875458351,-0.07632021759607721,1.6108971120663484,null,-6.3749580143728535,-7.352273322322811,-5.219250238858833,-5.898583222304478,-5.584515384652435,-9.255393810293985,-7.313888707701729,-4.83487431652749,-4.5135044819911725,-4.894149113624761,-4.723298335110156,-5.253320161154967,-3.9380960185720495,-4.819795760339423,-3.3468939165468825,-4.946850717477767,-3.47470138533112
-2.0675530801188953,-4.378896102267989,-7.7309994931909,-6.003489730233994,-2.584328606670724,-8.58119796915366,null,-3.2359428816499425,-7.042846577580501,-7.713390726952639,-6.734526480914492,-7.019263042241994,-5.31003555147732,-6.758688114188603,-6.64282494192266,-2.7884254123902874,-4.82292119112398,-5.710989567841039,null,-3.5515336978907333,-4.694156985449913,null,null,null,null,null,null,-0.49551909911981484,-2.679273444854952,-3.466042139054636,0.8287033891904841,null,-0.2817867899133898,-4.939717447711029,-8.053381443140816,-4.509645455394093,-5.273114943506312,-9.775126955020841,-10.015600253997313,-6.046703311516023,-7.749366662528757,-7.820871238488432,-7.531937979577535,-5.726440640789219,-3.3502564018160506,-3.962495271448243,-4.305319109135027,-2.8215764252967346,-5.001765503592633
-5.183027423906965,-5.510487282058323,-4.908981328392647,-4.594566780543943,-8.2418197268911,-1.2166856963275638,-4.571308690983084,-5.25503069482711,-5.7821511875311185,null,-5.828068686721986,-8.085100471102807,-7.408465491845694,-7.119570635137891,-6.257826296880395,-6.315042343549531,null,null,-2.3815407337133836,-4.296168449613882,-3.862759239767183,null,null,null,null,-0.15892924787044888,-0.2700281423053012,null,-1.0035760698596095,-4.405210340273084,-4.251123914190219,null,null,null,-4.22417689658022,-6.3202180090766635,-6.647078006004444,-7.65644226524199,-10.035080570509804,-8.764155552700252,-7.323556710957326,-7.401419665299633,-8.437206256893003,-6.404227012130258,-6.278012756606574,-4.037296770740673,-6.467724750976255,-5.916219574455135,-5.523100356646344
-6.440793167755491,-5.904536311215438,-5.466925755271841,-6.425365892274968,-3.9190845858623673,-7.406000055013502,-5.841445459702609,-7.58628929891331,-4.774118755788819,-2.2540063945682265,-6.186232702362555,-7.586525063776644,-7.90005239105302,-8.858651708722359,-8.950047654970632,-6.376107567314531,null,-2.3477562030293235,-4.275648425076802,null,-0.9090278454313643,null,null,null,-2.8881173599212357,-1.8518662517041449,-1.972432848935896,-1.0318641161801623,-2.932300172826351,0.5469988095853024,-5.685243924325919,-3.381862413835881,-2.739234732535631,-1.7799153821034466,-4.9269864221622,-5.559126657739873,-7.853817017457906,null,-8.898379388504097,-7.468029612174484,-6.633298327771172,-7.170519727893636,-8.327146055046214,-9.442850448509475,-7.273837639912866,-8.660542503638023,-4.9904262198686355,-8.160827417659265,-7.986980857496067
-7.232604206696174,-6.296837877531914,-5.99426765921439,-4.75594914680622,-6.182630920157333,-7.2712319951698525,-6.209024616019059,-5.281728671236795,-7.858679145353136,-4.536313620195207,-6.756441828695808,-8.162869273436266,-10.076177217080488,-9.630869547146675,-9.34706900457871,-7.021134734595119,-4.4593385583584135,-3.46436177545297,null,null,-5.187083884469389,null,-2.325698079055209,-3.7134132329172846,-5.196692891224155,-5.151189978656148,-3.0520540610631777,-3.215821318228487,-4.1628639217745365,-1.2879056039670305,null,-7.913610359306059,-12.758750539838141,-4.980410336644139,-7.721274074909751,-6.017641189711302,-2.399943365685572,-4.861620302345596,null,-5.777452530232068,-5.152600557524757,-7.1370561344765875,-7.825825639970917,-8.428219833117746,-6.956693374858467,-7.6192813115299645,-9.314135401261511,-9.572639881497038,-9.219292696948436
-6.783594917501434,-7.028196837213982,-6.226815762456441,-6.524230616096859,-7.1839140787327675,-5.878609908082707,-7.05759712854835,-8.249872596238117,-6.109403410459643,-3.879991853420507,-4.108310310550373,-4.739373657794525,null,-9.016802246021768,-9.93424328429335,-7.8944708839223035,-4.809672500756377,-5.609934190417068,-4.822208341727469,-3.163861609121411,null,-5.097193091284849,-2.067194490570542,-1.1733440946779337,-3.797660828900791,-6.568185266234007,-4.956217819241322,-4.038876958861886,-3.956346435034474,-5.368501740320478,-3.0913899152230044,-6.523916103512302,-6.034339247468867,-11.17953571907952,-2.6398557512546845,-9.148546886128841,-6.494000932043928,-4.651777864601179,-6.740612187083892,-7.7479648936733065,-5.499172537656571,-6.653744911138627,-9.163585789728394,-10.408695841737096,-13.591808627398127,-11.064977782956174,-8.638121574587565,-11.493957744735955,-11.557371785601468
-5.464884577378369,-6.1647608693166,-7.002744953022252,-7.5714713240627844,-5.1558973411618485,-7.294008613193599,-5.442128200705022,-8.38790562565474,-8.605164174573304,-6.199219813066795,-5.010775167414439,-6.0681178802258655,null,null,null,-3.8547395152530015,-5.680892006789113,null,-7.450308481315186,-6.166939485936698,-4.051443417653857,-3.898164588311605,-4.091085815819192,-2.3435843247908275,-2.3162083127559248,-2.204842415693233,-4.486421312910849,-3.967853543099956,-3.8816301378900357,-4.80203935183217,-9.114782253436305,-0.7763306751231611,-8.801427291906592,-5.974694457928329,-10.435209581347685,-5.613217154578827,-8.29298074315707,-6.5692877088608554,-7.1806803430141155,-6.96583507005108,-7.218668772207691,-7.31287272047644,-8.1695162509671,-13.705371671078296,-12.277306328710722,-13.018402896007357,-13.052738784567152,-7.2807812798477265,-9.720555503435708
-5.967596085103306,-4.709695337547944,-4.282111183209558,null,-5.5276249043838,-4.856245459667415,-7.617811074786989,-9.526048056883266,-10.01481305383879,-8.578682635901824,-7.7298196233885585,-7.8072931963929815,-7.159436305768834,null,-4.432938724046431,-3.090650176320862,-6.133700816030078,-5.82074107448063,-4.72875210244775,-3.5274692980501032,-3.1395695743057286,null,-3.3354100523894346,-2.6076585273458806,null,-0.7306755884192337,-0.40721824950517255,-1.5592564227976373,-1.0083238620348263,-4.536476236139617,-3.9987734800078987,-6.544401054321227,-3.3859388178694876,-11.381469770382697,-9.863962832406171,-8.66029571286541,-10.636825195753138,-8.382228793261277,-5.996711331528573,-8.803334467074226,-6.661447059933418,-5.777838442187362,-8.831588750748072,-9.6752352572511,-16.541235401178163,-16.30789551249411,-14.616627422270568,-12.975976017834835,-11.908531658974411
-6.961528471845293,-3.8264043044180447,null,-1.5642759680145986,-4.999504587311329,-6.165479120610631,-6.47737000404156,-8.4623147291864,-10.42358797294304,-9.945128912604257,-8.531117620960764,-8.334365220168241,-8.862071511095014,-7.727084456985532,-7.17605851754025,-6.18007590080608,-4.938955535900522,-5.872301866552999,-4.254396495446798,-5.040476313675848,-4.691998777546008,-4.161021105782398,null,-2.680151893382395,-2.968808131786515,-1.5396340645080895,-0.2509409019653155,2.3914789863533805,1.6268391820339678,-0.11772677307891191,-4.692770893213408,-6.961032337695713,-5.441806723413878,-5.0830045595385425,-14.01006687214242,-14.485580597585217,null,-4.642900118055304,-9.051710596581282,-5.983667475200495,-10.613833184597372,-8.631795281491387,-9.129366086118905,-9.922114806629612,-10.941336541711852,-15.76826531843412,-15.87184544563761,-15.761896796583013,-11.492101086852848
-7.897066372013612,-7.006970698309333,-5.727673207462823,-4.860549419047107,-5.939403227944149,null,-3.081524034287863,-7.19982126448018,-8.688216786783245,-8.821843267392184,-8.927481057371134,-9.091094054965918,-7.958164810382992,-9.175320704161187,-6.473564078490634,-7.59635364198715,-5.477554573591031,-5.9319109299449755,-5.622280312460138,-4.471066643239537,-3.598462964544461,-2.9432675353727027,-3.1013319427226986,-2.9419074890393313,null,-2.0507999288358247,-1.15073514554275,-2.3335888002534215,-1.6562420757409146,2.259495747675524,null,-2.898551125803375,-6.195330330612879,-5.099921817973021,-8.838044598152331,null,-12.703283596055435,-13.296981451846827,-9.167441865213593,-9.205415506461062,-6.835950692353833,-9.20487199198776,-7.319398883650397,-6.164003527382306,-7.679651953562237,-9.625653000745213,-14.296548435204539,-16.74324749174466,-15.233996173228416
-8.762525838871106,-7.574205070736676,-7.436367377026941,-5.318564265394213,-6.9122416819591015,-6.475456896306303,-3.8696425180332286,-1.8732068341148076,-4.787823855688719,-9.077649695753804,-11.453794450676225,-9.19141582755473,-8.84356231744132,-8.384004623960765,-8.758184370101139,-6.277587963526124,-7.3747753803081055,-6.31488525063088,-6.136579169657551,-7.427397062787344,-4.813094297517737,-4.620606025658663,-5.46071039942446,-4.6413330437852816,-5.457864195615664,-3.769725660550513,-1.796996782557637,-1.842288618782786,-5.181107462259973,-4.276052801033111,-1.5201822275221204,-2.2227983942062224,-6.981955701161934,-4.483345770178412,-6.034638370121489,null,-5.840119569400114,-8.13482180949875,-9.97273470189343,-16.45940419166707,-12.718571385729724,-12.821409218171365,-9.448097885953487,-8.7359161319561,-7.155670915963551,-3.8160947048082163,-6.450281610587621,-17.37505974238846,-15.944353707568007
-8.91989095926974,-10.259491980136254,-6.994983224428598,-5.686201126155389,-5.593734956378837,-5.015259481987439,-4.80299513726664,-3.5237777753319692,0.7548991294807765,0.27471965429843437,null,-8.002724154257384,-9.275456397742364,-8.823026612116625,-8.879464879096657,-8.04268268096656,-7.804109293794536,-6.5869195969483325,-6.246574624526604,-6.84211013168349,-6.028119030521704,-4.943148815488182,-5.664650769716533,-5.960977308377673,-4.258098176567281,-4.448067323790493,-4.193407497943981,-2.6983035934593858,null,null,null,-3.3507492881178695,null,-6.588091554684398,-1.9925400330240153,-5.100883875681021,-10.663330430778009,-11.754075650586044,-10.34297579754817,-9.030308220465383,-13.646560853010673,-14.548470774950575,-12.852885116902126,-9.560277182283228,-10.489474486483177,-8.302164889024297,-11.36528116772879,-8.076135631387771,-13.176812857019542
-10.074595276179709,-9.665480172973842,-7.7113715196026416,-6.227997762327176,-4.871464591941533,-4.562091365679196,-4.998629244860921,-4.276937854223759,-2.0621806758617525,null,null,-8.422483048155689,-9.191282945521012,-9.416759267572608,-9.281254192007083,-8.624426696576398,-9.212036099374341,-7.657037784306909,-6.57998490365277,-6.615300824388071,-4.789694612079018,-3.6437865463547197,-3.4309779539548297,-4.444628715220566,-5.110875199217941,-6.971138146393871,-4.327521215526734,null,-1.135776185470739,null,null,-1.229055224410011,null,null,-0.12853946583526699,-2.038065052729386,-8.493225952178895,-11.77955482890904,-10.939269090871095,-10.730948804260604,-13.412841700081382,-10.603280236302178,-14.00948416679849,-13.03822357394592,-8.55872294344973,-3.952254410216377,-8.286060435435694,-6.554700124486983,-16.926741822539825
-12.024157314908729,-10.17560902896357,-8.17000205496546,-8.287896258831317,-7.474432831330235,-5.253999858875778,-3.806824991681135,-4.778966430881615,-4.28493461561076,null,-0.7273199037772053,-7.3029728628628945,-9.840673011021844,-9.954285786094701,-9.749662104894277,-6.386672610202108,-6.261691532963573,-5.949210787956076,-6.9429871456967005,-3.4067333158649733,-4.914089196080472,-3.5721681891205757,-2.5554029789355157,-6.371037614247584,-5.040302364159791,-2.4939695058071987,-3.9946748849879965,-4.026523419675234,-5.753959570461336,-1.1456923573115743,-2.7264446509880647,-2.9863744216000216,-2.825241138972008,-2.4973923162374745,-6.081050938342968,-0.4054849000907502,-3.5644244518287382,-10.67993361225583,-11.45433968124145,-11.633533618553942,-10.375797783193185,-9.637112533080526,-9.822518651646451,-12.191028208651868,-10.265459661277664,-10.558711836397064,-9.334402849472381,-14.509979256164975,null
-12.771514500305832,-11.983125531946655,-9.692490267786363,-10.722748200358685,-8.688548868339891,-6.691647456937336,-4.335897423639764,-4.393736528905304,-4.79456289108612,null,-1.8659875499876972,-2.0849563498904646,-5.6963254044330665,-10.813621082337505,null,-5.494689860981319,-3.779239912514291,-7.68883014649484,-4.568953953112841,null,-1.7807847878613656,-2.56243898632124,null,null,-2.601388854366814,-2.4730603894608647,-3.777312858329692,-3.3863583442160574,-4.7067634486268055,-5.129638240712654,-3.289792654299502,-3.28519767782318,-3.288890768720106,-3.2867796764910264,-2.8997641647411223,-6.739073539361103,-7.133703610419924,null,null,-7.035584508849329,-12.952659209337229,-11.400194100306337,-7.628521813914289,-10.573068271415302,-14.804942313302963,-9.109467116919815,-8.87290260454318,-8.163437603289035,null
-10.407529824879488,-8.989486522877105,-13.566499580783992,-9.001169524372342,-9.151219960627847,-7.7955970016331255,-6.187421110614822,-5.932273258014349,null,null,null,null,-8.21843434610118,null,-4.629620795760193,-5.117401502766385,-4.9356253704100395,-3.7330488893463314,-6.579083396197108,-5.276258183039013,-3.903174785449029,-3.9951445251847746,-5.158521033528341,null,-3.5179529258045177,-4.768572030275268,-4.286292724730638,-2.5093620082203003,-5.000516060695566,-3.4478494153596384,-4.864934238363487,-3.6943216498221867,-1.7469471515103772,-3.797928670083884,-7.6173326676982125,-7.372946271327769,-3.6216253698008654,-5.205531441671508,-6.385900603850419,-3.642725471080074,null,-6.123443082140235,-7.9541288693067305,-9.639981547185164,-14.728434533923112,-14.914826218642471,null,-4.595302800490035,-4.72059358393296
-6.190418458291735,-12.860380482466518,-7.697553603187463,-9.882253609640415,-9.388843139241011,-9.251250246913521,-8.341861896289057,-5.9139262914616415,-3.9704629134305662,-1.772649963300687,null,null,null,-5.638003998962795,-5.462036404664309,-3.338810085718315,-2.2300311516391655,-1.8992356870950402,null,-6.3955057482743936,-5.9368036376859425,-5.354211612022935,null,-2.9097218774472045,1.5861232840231236,-2.6284027247636215,-4.50892855362121,-2.194270968570406,-1.243316403677371,-10.180993767276812,-3.7669487778715176,-4.524475918967105,-7.001081535083118,-3.2135917987592366,0.7903406159088563,null,-6.17138578747517,null,-5.37896124637508,-2.281718138110275,-6.783305620926793,-4.345075663674044,-5.417540400272985,-6.4235841071546105,-6.867491483181921,-14.736518524834622,-12.91884773550717,-9.446521732861687,null
-9.20430238524624,-11.81623188404448,-8.523966765864,-9.231283082905712,-10.185721321036766,-10.465810683671657,-8.975345857468394,-6.812995386098642,-5.915745385173734,-2.878108632331754,-0.9177744747145975,null,null,-3.153005877311524,-4.572781616563284,-2.4479817207909713,-1.638970615725988,-3.273403926658811,-1.9266164433277262,-4.319023539391422,-6.051565359828106,-4.751656906847776,null,null,1.2754743419463643,-5.89300582031559,-7.95952021628872,-3.875274081159515,-1.9304062185460853,-2.96362590394621,-8.043884720452887,-8.00843725732769,-7.359156890598529,-10.256894544661957,-9.886268599074928,null,null,null,-0.9961222678008206,-4.802666497755568,-1.8391041237764294,-1.7359801949884095,-3.2503193501052365,-5.494617770554951,-12.084607384474525,null,-11.505405698065937,-11.452847264006985,-8.679342694885701
-9.774891764376484,-8.404380197193172,-6.172063268096316,-7.995117679904096,-10.017758036041545,-10.426025178738637,-8.964863370633866,-8.527765580180395,-5.7976003272534955,-6.264603613028553,-1.7593624743597145,null,null,null,null,-2.473132811868997,-0.6556916009823573,-0.2034613714132347,-2.047167196411818,null,-3.062224032302788,-8.07679512645779,-2.254808887066105,null,null,null,null,-0.890617620795497,0.7920088433220311,null,-2.5548288487021926,-9.442943027143258,-10.19436798842262,-8.659947928870125,null,null,null,-3.0689486335265057,-6.751494034996492,-6.257365213183535,-3.494756787133258,-8.36438075728733,-8.690817252850376,-7.050657293199516,-6.4967201151980305,-12.171284784465879,-5.3090631219405084,-10.174050940041571,-11.748661872630223
-8.017668290664561,-6.586154219268186,-9.61513685291083,-8.929839057798013,-10.689991198904568,-7.661744584742439,-9.96921160146427,-7.243776620374134,-7.454317789067348,-5.126530352002397,-6.137099295102866,null,null,null,null,1.1280982413151106,null,-1.8477931434294639,-0.137695392776241,-5.806726162538013,null,null,-2.2056945970082302,-2.206675235918426,null,null,null,-0.26770845444635233,null,null,null,null,-9.355463371038532,null,null,null,null,-0.8253159218863542,-5.437636323785231,-6.138541015848594,null,-4.521475612009293,-10.94341609624962,null,-4.8083930501864725,null,-8.975698417153504,-8.208339110702035,-8.436435129979962
-5.872977397856766,null,-7.325390124463276,-8.237630191458955,-8.83801539681101,-9.853737949599628,-10.115413896929113,-8.488011083890767,-9.220967854209754,-6.3997507823544915,-7.68192925070902,-4.699883785229396,null,null,2.1005420810108166,null,null,null,null,null,-5.793705190087193,null,-2.927173306253173,-3.1873653073417816,-1.398424644918702,0.7248880727770262,null,-2.1870398457749722,null,null,null,null,null,null,null,null,-1.5468904976741833,null,null,null,-1.1078734947602014,-4.571712154611387,-6.447535505763139,-8.0389176713357,-13.37486355612482,-5.120359534286319,null,-11.93436118323485,-6.546243088148355
-3.700994026198808,-7.028202330103056,-9.307824918805741,-8.839273218144184,-10.071488418645734,-10.59333984731597,-10.72499838087764,-10.58430745319949,-9.056689156711379,-8.973493449990137,-5.335245779304397,-7.781749536642456,null,-3.8753220466650697,-1.0261539403564903,null,null,-0.7385748716400168,null,null,-0.9341512471403062,-4.933248158611386,-5.0836449535549235,-4.2961976856605215,-1.6066802486699743,-3.000561911357647,-3.0329383854098593,-7.473933483129539,null,null,null,-2.3453157411735184,null,null,null,null,null,0.07850017415312477,null,0.8296284752273425,-14.018070308287736,-12.052025871846826,-8.136371644987076,null,-9.198113838145902,-12.999727074231114,null,null,-9.027924062087456
