public/json/wind_2018-09-1602_950.json
{"header": { "discipline": 10, "disciplineName": "Oceanographic_products", "center": 0, "centerName": "Ocean Modeling and Observation Laboratory", "refTime": "2018-09-16T02:00:00.000Z", "significanceOfRT": 0, "significanceOfRTName": "Analysis", "parameterCategory": 0, "parameterCategoryName": "Currents", "parameterNumber": 3, "parameterNumberName": "V-component_of_wind", "parameterUnit": "m.s-1", "forecastTime": 0, "surface1Type": 160, "surface1TypeName": "Depth below sea level", "surface1Value": 15, "numberPoints": 4800, "shape": 0, "shapeName": "Earth spherical with radius = 6,367,470 m", "scanMode": 0, "nx": 80, "ny": 60, "lo1": 109.0, "la1": 20.0, "lo2": 116.89999999999955, "la2": 14.520000000000117, "dx": 0.09999999999999432, "dy": -0.10000000000000142 }, "data":
[rows 22 to 43 of 60, columns 0 to 48 of 80]
-16.159164011157,-14.14337896436786,-14.567108327291074,-16.297979214857676,-14.467422296409351,-14.650233941004547,-15.109442836619877,null,-15.59022661259863,-16.835330085047588,-17.985211076920994,-15.884214797869657,-14.278660465253804,null,-15.192968538036377,-18.810890723558003,-16.688335135011055,-18.22258939161279,-17.038029713010797,-16.03189682294836,-13.99947189830819,null,null,null,null,null,-21.148282026825377,-26.053546803900645,-23.691791022892897,-26.057361769027455,null,null,-26.200465250618098,-31.265354900011623,-30.2325964550195,-27.65084362207751,-27.999759380870962,-28.863341813952097,-32.35334093109038,-25.712312150032517,-25.508546108509492,-30.127629445471435,-34.51544329589077,-30.256094694855733,-29.52413876620562,-31.975932464910017,-36.828281181953514,-37.68068892955532,-35.13857255094914
-17.093513743350464,-14.920737699197034,-15.901537801373532,-15.598635319857237,-14.086895712590215,-16.15935283494463,null,null,-17.312130084658108,-17.11200865473175,-17.69456484138974,-16.799424967469406,-12.14819629564359,-14.845819807086343,-14.30207353865037,-16.307551074888252,-12.75750209088694,-21.41867486190971,null,-16.539014408750553,-15.120550703218154,null,null,null,null,null,null,-23.51882501871096,-24.013084374207114,-26.52142487851615,-13.808170096077218,null,null,-30.109771358615763,-31.951734896950327,-26.309717843859637,-28.70306820741102,-28.996127037235656,-31.839071332332864,-30.96714268610032,-30.042751314166182,-28.589346915039375,-30.22007469673069,-30.345008544868616,-28.467976173288925,-29.350569264149957,-33.00845656051529,-34.22934763274018,-33.750600140184154
-16.348565331763968,-15.421901443711398,-14.927524152842427,-15.778659419363697,-16.332697285855666,-11.926118312250761,-12.254481066477451,-12.917009679591283,-12.782860646995385,null,-14.991050014171027,-16.39973411490963,-11.563518902903771,-13.385777043701587,-14.717522256212764,-16.365899298913575,null,null,-12.441121007934203,-15.732926355893689,-14.330038995167612,null,null,null,null,-12.413447500606468,-13.302053099760172,null,-20.111956728651883,-24.02074211574297,-19.656442200520306,null,null,null,-24.84892338965402,-26.684134643949186,-27.014605046961183,-29.330492255916983,-32.27133368301578,-31.60618406706784,-31.664079674015028,-31.072942570380754,-25.811125001179406,-30.805601161981123,-28.582853335856427,-28.70493097520417,-30.106858648941532,-31.425864476758065,-30.454850001145765
-16.9851454629498,-16.056517833066387,-14.852755745825725,-15.459653337433465,-12.847820959365631,-12.491314562654932,-12.139613403236961,-11.967620896471438,-11.189941281498486,-11.215716117544414,-14.82484698595992,-15.703627602312974,-11.303503908205377,-14.97252321416705,-16.708614568989432,-14.691940556760656,null,-11.68052117316363,-16.785027085623,null,-13.892414893063659,null,null,null,-16.309775947764606,-14.405796814443537,-18.80313344341966,-16.713148824507687,-19.131571614556872,-18.685840850933925,-24.9711728722054,-19.366391353458084,-22.379558554193462,-16.174389440093876,-25.0433674978623,-27.486732682740115,-29.43115225122055,null,-30.208713694949953,-31.98195527197047,-30.62401072023029,-30.581551625520852,-30.62548509418734,-26.702993939133155,-28.450035887034502,-29.32582484862276,-29.387891096436025,-28.51098239470342,-29.3438552065242
-17.512545551234663,-15.55322094354277,-15.472873103131828,-15.320456678862183,-14.92864100948195,-12.831067570592005,-12.91921804117254,-10.74861179021244,-13.091721353661265,-13.664345282893851,-17.650962639825917,-18.010249589104014,-7.210128835070391,-16.03739920772498,-15.751402882804937,-15.25744948896223,-13.881300613061565,-13.094159440692032,null,null,-15.12330946520219,null,-9.362121442027778,-12.811355967780539,-15.696381423304352,-16.668958447519863,-18.132146693386602,-19.6500096120716,-18.534954267284174,-16.354599018217655,null,-22.330167383018676,-24.82591723943945,-25.796372874286856,-26.747402723125962,-28.686389421509126,-25.86602831909792,-24.82993493786947,null,-27.555170386123013,-29.881890311000674,-29.717671593867188,-29.65055016462906,-28.529899902421704,-27.593192707829605,-26.644371943786282,-29.43421888143096,-29.02748957317893,-28.119320076530357
-18.086283592139683,-16.10456243864433,-15.320566568897195,-16.166485408915563,-17.61601985195889,-14.027825170883395,-13.988586323292786,-14.151425887591447,-11.889807885412297,-11.509148558050894,-14.607406976215776,-17.160044480960554,null,-21.816654536197397,-21.985560424651368,-17.288436506087695,-14.251163313428426,-12.25276179665762,-12.624345020018378,-14.031445290819942,null,-14.456755872639022,null,-14.560077558626068,-15.822371484859167,-17.894776178055864,-19.182752262472068,-21.237239576027612,-18.794505828923185,-18.191394224025938,-18.49632776526269,-19.431921973666743,-23.920999899362563,-23.071107871569517,-21.242832489650567,-28.1631798367324,-26.794189453336006,-25.40033825604525,-24.588393611171867,-26.000339767349008,-28.054314022564434,-28.274464650708452,-27.623473554578638,-27.740732145243143,-27.906011865104883,-27.10079931456897,-26.108779059555864,-27.53344139798171,-27.712152315321553
-17.39632739678593,-15.94644816081741,-16.160728900709493,-17.859904445566453,-19.547869694830865,-15.388195518837614,-12.702139887423083,-13.226198112457489,-11.664414850513687,-10.994409660530806,-12.802164569366987,-11.323086669100746,null,null,null,-14.634472655180964,-14.089305161219993,null,-15.956811866601367,-13.619703128892285,-8.943174632367935,-13.780159777681455,-17.236437710984365,-14.357914825416808,-15.03256532744717,-16.021927374558878,-19.747201723299643,-21.133164109276283,-20.129071500348815,-18.683537509906714,-23.303926993283902,null,-22.087027490467815,-25.55330359752046,-21.412299867989546,-24.790447276504754,-26.677524037699726,-26.212088352750502,-26.300419672346365,-26.440947032192852,-26.41675310758766,-28.364323461393422,-26.621430666575563,-26.29397136727331,-25.43215422742635,-27.32552904828971,-26.53826936837103,-23.681304585365822,-24.876163968772698
-17.679334483117106,-18.1375761172517,-16.808150390232722,null,-17.717917282347678,-13.50322313647293,-15.90783112109524,-14.150780197257134,-11.716779063244966,-10.805385526227854,-11.292906863833887,-11.537976998930448,-11.2373260385312,null,-10.276768686666415,-13.834257388360193,-13.59313038924537,-12.927902643741648,-11.918848116848427,-12.773436227972386,-10.64706132757168,null,-17.620215131844038,-14.722546605837357,null,-12.949761544244925,null,-19.670110285665842,-17.860464928260672,-17.449998224594367,-11.485897287418215,-22.497302353729076,-19.227630734626317,-25.738087893811336,-25.017448473376557,-24.360669589317457,-29.291929824347815,-26.893298814167295,-26.24831786849704,-27.586305777668148,-24.23454271943313,-26.157104202959186,-27.42151890939109,-29.669241396148934,-26.174544108509266,-23.576220030379023,-25.616795985247656,-26.68402194455447,-24.732191316722606
-15.354129873760987,-13.689046956160567,null,-15.252935705827888,-16.01116796428112,-16.36224220044627,-17.648690204047426,-15.417284613109366,-11.9442759128306,-9.790193995422237,-11.658243994715681,-13.116333866190846,-11.71442769036236,-11.764253773285349,-12.902164823109965,-13.005369440317757,-13.011495674950785,-13.212150578006135,-10.525240481688677,-13.88150606144779,-13.837996537114158,-9.962582708702982,null,-14.75988351205974,-15.404708635575382,-14.261154339119514,-10.100625124725942,-8.122336348945312,-14.417204268955668,-14.897322328125888,-22.00947238462019,-21.55554459836737,-20.999935919532035,-17.661677787873764,-24.1745998930854,-31.95032124102793,null,-23.46342055025923,-26.8762618110393,-27.569252460377584,-25.488920939915758,-25.437439700171698,-26.426613692862887,-28.341952312714692,-27.284915389046226,-27.625744730095008,-22.148481624051904,-25.254222333867613,-25.97624345164013
-14.772558116714034,-14.582099478344366,-11.85254938935295,-14.693901730552657,-16.30149946534071,null,-14.441771385296548,-16.763866276347958,-12.788571317836686,-6.676686935090576,-12.982965658660898,-13.732446259286489,-12.566146663092978,-12.301786959929498,-11.388143620246002,-13.996840730304584,-13.93267283203106,-14.383826751248135,-11.829686371813217,-12.666483744217766,-11.150704858839184,-9.685359728783077,-14.191842709810768,-14.844245879130105,null,-15.155417351454794,-12.223306797258005,-14.268659475430905,-15.782122136777968,-12.131593079058689,null,-21.65416241570766,-20.8020277649697,-25.0707373509373,-23.877409398178497,null,-29.38118386894944,-26.80425907613107,-25.75568804844044,-27.857608909487485,-27.312702477256913,-23.52822003067098,-26.893146750051027,-24.899130086291102,-26.08409422084391,-27.46926116059307,-23.848709677681743,-25.067349196079967,-23.27541176768896
-14.162540995958087,-15.836010228460102,-15.56079904800652,-16.91734855398665,-16.95847941206174,-15.508064868149157,-15.510920239050975,-14.80394493470035,-13.248458081223095,-5.25809209502807,-11.923222868539467,-16.122517809106355,-13.992094850162951,-12.070508208340183,-11.977930095058076,-12.30366585433301,-16.210730982821488,-14.885042465457712,-12.52426406469906,-12.402824955109653,-13.127507404818656,-9.349585645517159,-13.671479596063705,-14.179619796686682,-16.76158655821764,-15.755963277455303,-14.462056130493774,-13.98578126833,-21.379040845547404,-21.544987875035467,-17.656904972628094,-22.886431609221972,-24.30623900918116,-24.622978040883538,-23.22863197742593,null,-17.85302412095107,-25.40816851975814,-27.126389836161536,-26.080570370426553,-27.14098225364711,-24.27639721137333,-26.863004472555136,-27.356489079720674,-23.012607066130617,-24.300124543012625,-26.926251281178473,-26.218718494241976,-23.288769524300967
-14.374223244351406,-14.880454638868033,-15.619298961625185,-17.057931733753957,-18.04556087807711,-16.07331049632084,-15.56351148860735,-16.133501052358753,-13.014076180872387,-6.9670079649914465,null,-17.669580689297977,-16.114625389240594,-13.195042500990814,-12.39727493841758,-12.592285626339503,-16.33207476632616,-13.221421301447043,-13.181762234657633,-16.469571722341144,-15.247062958372387,-12.015866208379336,-12.767033811394413,-13.815270594336752,-16.168282224402727,-17.594192671527452,-15.73674915889786,-15.018588356488353,null,null,null,-21.67298579610316,null,-25.431126441414314,-21.258577435959968,-24.054839710837904,-24.828541046929264,-24.653167205243733,-24.157161726409768,-25.855399093385028,-26.949633874580762,-24.914081029064995,-25.582107921173204,-27.18380539872508,-26.649474125779463,-24.571196352647704,-28.079429883082746,-24.075261549217227,-26.06081264391689
-14.020000792395399,-15.570853424704945,-14.803206473186986,-16.081387984642195,-17.05162395096001,-16.78165521371519,-16.432789021773125,-15.883542972497128,-12.371548741885826,null,null,-15.419780183493415,-13.815314788137037,-13.64162936196754,-12.33049898377181,-13.566014358806056,-16.28427427172385,-15.185882691969967,-16.587011400991454,-16.714034840140872,-17.924435676272804,-14.824654351099925,-12.595728500190198,-13.213484636842397,-19.0601113599254,-19.39547495319073,-14.191986524262246,null,-11.111535735724544,null,null,-16.414631663619843,null,null,-17.36743327495896,-20.46524414886339,-25.45591505897362,-28.070568752590393,-27.615925023049115,-25.759809960501155,-25.079956817851407,-24.13017653199623,-24.700069010336357,-26.445719614912942,-26.772228673716125,-24.94430431787388,-20.80702130202737,-20.411332224181837,-26.347778958231366
-14.561282342296145,-12.79151914244334,-13.55525836711059,-14.461006517516752,-17.287310839523435,-17.09866325209361,-16.677569801794682,-16.678009806549905,-12.291665217874835,null,-6.604787788123133,-7.576697469501534,-17.235598577140006,-13.973234507124092,-17.569394604753846,-16.64670184061832,-14.543683341421648,-17.262078510811115,-14.936399210613956,-16.392795033447275,-17.56353012379606,-15.845728843887272,-11.104358514697788,-15.760792045028243,-19.30969970423106,-14.43258099724667,-15.532278528924621,-14.794945949137203,-11.305587133281975,-7.024946388064278,-14.739230778323646,-14.355483389642067,-11.289976126786458,-14.261459802752125,-17.99196282387563,-16.984253919087276,-20.6128681926448,-27.251834473950815,-28.90575589716096,-25.443587922118628,-24.31396470780778,-24.0469355704112,-19.88366465331091,-22.112767820267827,-21.388786704213423,-25.303710707288936,-24.563899451143023,-20.361589219076805,null
-14.326165199716534,-13.91139358165169,-14.235362772204585,-13.321819765924706,-18.12976460624209,-18.508334810294762,-18.391510981117136,-15.201918121323445,-15.496452683348227,null,-13.876468644303362,-8.78350238859797,null,-20.313772027842347,null,-14.899970575931555,-13.27199554829636,-20.392104402535114,-16.51250135529304,null,-11.729671347584253,-13.121432083889344,null,null,-16.348558571102995,-15.12507894899347,-14.297827048062235,-13.844842703269089,-12.963577846296971,-12.04769435400345,-13.185805282839318,-14.048943135408184,-14.438592535492859,-16.152029192695174,-15.941452785190728,-17.392269787217963,-15.136635068970739,null,null,-26.391093588178382,-25.431806652722578,-25.152147957334922,-23.181292686841772,-21.618973780342092,-21.023859863536142,-20.317831381002264,-22.028623282459243,-21.654346185758186,null
-14.663228604555677,-14.579294900506008,-16.153758812754948,-14.286676263852819,-17.08974035070015,-18.368035211976633,-17.267263954415135,-17.202060360431403,null,null,null,null,-15.55166732456856,null,-11.726448536773782,-14.639699186161838,-14.046401162108989,-14.604575330978617,-16.630691009686693,-16.285914475484557,-16.063785567244928,-17.824734525497448,-11.586840493568316,null,-13.814215067823326,-15.418473980239002,-15.630194957598025,-14.416229894357127,-11.687849311230828,-14.447260541618686,-16.102494191929495,-11.119327778777627,-11.185529136691612,-12.806966336578107,-18.031351334220126,-15.609014791931253,null,-20.252344256565628,-18.482368985197336,-20.193111178082745,null,-20.167722986697175,-23.23826701468115,-20.983514344009162,-24.251435394159586,-19.69965659061587,null,-18.400572566090457,-18.616006033927363
-14.307998576430716,-13.726546825740584,-16.159714258288123,-13.97580517576794,-15.717551754785559,-18.249654963074605,-17.477453994733565,-15.560279455913475,-14.909387939931928,-10.468510847127314,null,null,null,-14.439593657957207,-18.106141955457797,-14.89604239991737,-13.443120094719081,-12.245136402373525,null,-13.829238315677697,-19.181742817458534,-15.501921574034544,null,-13.441333076359456,-12.32752815536512,-16.277836908598818,-15.328465268801818,-15.425597293320326,-12.617012648851986,-12.89958519559141,-14.666176132982638,-19.303692311789632,-11.942040032122867,-13.417083468255143,-15.08355641579359,null,-17.74899978924665,null,-22.8419901671199,-21.578323758729717,-21.221993882554234,-19.575436311476828,-18.9489083164406,-17.634094819579722,-21.56238545008328,-24.84280053886898,-19.340118819941466,-19.732916591886976,null
-14.350894069609494,-15.202734173652471,-15.615789465614228,-13.719307379161258,-15.344418845123432,-17.21233179289121,-17.75730286230955,-18.133568720572253,-15.371071286147643,-9.830618921300207,-10.182141856684275,null,null,-19.568264220534516,-16.685726195246897,-16.80774497537559,-15.200007920872686,-11.69274465464994,-12.216883125223987,-19.911519544521745,-15.62032018214142,-14.831403814565881,null,null,-12.353407632948644,-21.562490277676922,-23.21170074220685,-20.4711051038949,-14.773252739534577,-15.595074622574053,-14.991640374663982,-20.620931735931265,-18.42750824318992,-19.399058032003914,-18.3711437441342,null,null,null,-12.825151346877517,-20.86031346135507,-18.058629896346524,-13.969189022833719,-16.75581030304879,-20.139844523968566,-17.768433878572637,null,-20.374976632537596,-18.770162177090146,-16.83228082743881
-14.359274144343733,-13.75957012138164,-15.015701599468718,-13.724970282277878,-13.378755534909292,-15.71544479711972,-17.265461076634427,-16.962157844641194,-16.258182587721482,-11.786158537987344,-11.449912023370732,null,null,null,null,-14.645247701647566,-10.671182551401003,-13.652945105055963,-14.837496661572342,null,-14.778655106262455,-19.093552302405943,-18.207687863872398,null,null,null,null,-21.59858424073317,-14.169799755586313,null,-16.242515522396925,-24.578567077219333,-19.89330110561115,-20.417937919129905,null,null,null,-12.624596475709753,-16.881680717922162,-20.341417116813734,-19.664428002379914,-17.73755929526644,-20.04924975373902,-21.943101005345518,-19.0041206402306,-16.330175244548585,-15.913069206399307,-16.796896362122965,-17.94683353356589
-13.607459391516205,-13.646561396003362,-15.420442006075943,-13.272886109212074,-10.819412586456968,-13.491220082172575,-16.424717866241135,-16.325636393307605,-16.427316852204846,-13.427437339912284,-11.881499505255444,null,null,null,null,-13.309100056417947,null,-10.99919944395549,-9.921762939581864,-11.389505523699723,null,null,-15.878233193769761,-15.441944611737103,null,null,null,-16.753823538941205,null,null,null,null,-20.027659100016486,null,null,null,null,-15.356500916061002,-15.644141296989611,-19.242101031075467,null,-18.09016408221623,-18.34315702874577,null,-20.621615474813908,null,-16.98956101809264,-20.835454337825034,-14.442871343147212
-11.120549025677189,null,-14.167420538442775,-14.02824640741478,-11.400685700841661,-13.705125623346548,-13.835343006131144,-16.059313931518037,-15.26904948608218,-14.008777818786518,-10.826375433014913,-8.593617545876498,null,null,-12.166984797356468,null,null,null,null,null,-16.027778531811634,null,-16.26476735520243,-17.02769396690187,-13.569270669904423,-8.065470358413616,-7.5118688787750685,-14.999418992574695,null,null,null,null,null,null,null,null,-14.126293014167581,null,null,null,-18.018930188511426,-22.080742166614552,-23.866793568208113,-22.80497512568202,-20.781574228001517,-21.35288860597468,null,-22.456711263388218,-17.382960460541387
-9.338801015397927,-12.214153454547372,-12.417532380125344,-12.889847902906533,-11.890795253630943,-9.44686085017425,-11.868632148011802,-14.537056765609917,-14.355448148533123,-14.156667490931568,-12.145983871756757,-10.578930824427154,null,-9.019927102717133,-8.689778424788567,null,null,-13.12009736754947,null,null,-9.334492368113244,-14.790860699121174,-15.608512861348771,-18.081714313287648,-15.118673120860809,-5.037223342515595,-5.918763286266026,-12.606726855870276,null,null,null,-12.197110133318828,null,null,null,null,null,-12.777148457127744,null,-14.26181619010207,-18.84342847787575,-21.48328519980448,-19.447831382376947,null,-24.608300769575248,-20.03833368553574,null,null,-16.826568679900426
