public/json/wind_2018-09-1600_850.json
{"header": { "discipline": 10, "disciplineName": "Oceanographic_products", "center": 0, "centerName": "Ocean Modeling and Observation Laboratory", "refTime": "2018-09-16T00:00:00.000Z", "significanceOfRT": 0, "significanceOfRTName": "Analysis", "parameterCategory": 0, "parameterCategoryName": "Currents", "parameterNumber": 3, "parameterNumberName": "V-component_of_wind", "parameterUnit": "m.s-1", "forecastTime": 0, "surface1Type": 160, "surface1TypeName": "Depth below sea level", "surface1Value": 15, "numberPoints": 4800, "shape": 0, "shapeName": "Earth spherical with radius = 6,367,470 m", "scanMode": 0, "nx": 80, "ny": 60, "lo1": 109.0, "la1": 20.0, "lo2": 116.89999999999955, "la2": 14.520000000000117, "dx": 0.09999999999999432, "dy": -0.10000000000000142 }, "data":
[rows 19 to 37 of 60, columns 0 to 42 of 80]
-12.29031700407388,-13.173269110752864,-13.0944742625228,-12.628025653194994,-11.289949127929503,-11.1015963972566,-11.707354907206978,-12.423558331739004,-12.798333352110912,-10.861158213202042,-10.536428697376408,-10.849246576572096,-11.119616579172376,-13.47827273461853,-14.060790423868262,-15.12270058863164,-16.481830989158933,-16.410685072457447,-16.065696788144514,-15.437669877219315,-17.40647518933269,-19.77748968126545,-20.465896039917144,-20.266706881116562,-19.95259711653232,-20.470361483835184,-22.629975698373446,-21.980662653524067,-20.35206417757734,-20.38406886189415,-22.827908483069407,-21.989468692615034,-23.851712446462052,-25.863874245978785,-27.691972849494753,-27.861707420683555,-31.02930548571727,-32.36057113171808,-33.48482360102267,-32.45803174075732,-32.606526729989625,-34.28523141100393,-32.94415067896283
-12.171366031191706,-12.541830310943656,-13.928565352834426,-11.682077950833063,-12.481892779067852,-11.1535053948495,-9.989842079529069,-10.789354945273228,-11.623372056126755,-12.44062439590155,-10.832719844583085,-12.836926288909126,-11.768798831279607,-12.078667974710223,-14.200597668451419,-14.282657359728294,-14.733311208244055,-15.213700188065049,-15.28413745442112,-16.89375262947354,-18.596075006088732,-18.439284242272873,-20.34739130136955,-18.619761256582834,-17.874300951448443,-20.3261214710494,-20.129599104946195,-22.03762193728084,-22.95601085127766,-21.412697066867175,-23.232472302533417,-24.54581740661043,-23.81826377234117,-26.004071414006532,-26.211296216500575,-28.478866321135154,-29.45502959306819,-29.820232034120302,-31.555345418362645,-33.978601900678036,-35.486806021891084,-34.91718144607944,-32.67237597183372
-12.77228501317983,-12.972583053974294,-13.227336668533438,-15.366109763331988,-14.37233251066369,-11.60714063333406,-10.08613226514097,-13.551238903570638,-12.975054654958054,-13.533959344087187,-13.401018390978784,-12.586758102306813,-13.51875254930839,-11.865429407768993,-12.544255682093898,-14.461711083684843,-12.546383013851809,-13.343585607745617,-15.074379384447687,-17.788841476962823,-20.103418670889553,-22.031159662450342,-21.59835304804836,-24.07403501718717,-23.225671792269775,-21.86865855117444,-23.28100558792424,-21.893100612244464,-20.933397476330875,-22.05355762810556,-21.28246820250298,-21.84725694550006,-25.422330757075102,-24.445834706216843,-25.262756055876405,-27.538972200940897,-27.526952982013587,-29.103449178406738,-30.700276678898,-33.285753849300484,-35.4303728839442,-34.75930955758465,-34.22888829419355
-11.297995455304296,-12.898814948112225,-14.656194545703425,-13.663522356708546,-15.653793655121241,-13.44944314885085,-12.896081338064977,-11.747335863104666,-12.43217947777424,-12.814590989735734,-13.45249400678378,-14.321869914350007,-14.829525454443408,-15.088667173100102,-15.73387184292902,-12.920672522706127,-13.758769585009933,-12.333468830437337,-13.766785411779715,-16.951226187541344,-18.603019179822894,-20.108874483372187,-17.823973486223725,-22.149092130747142,-21.96299231957625,-21.515816761593946,-20.21097888047902,-20.44027532784577,-20.08860360326933,-20.84594184974502,-22.676852747962617,-22.993771731467746,-23.302431464305915,-23.285714228141487,-25.752607287376918,-26.068685604223823,-26.43529145770993,-26.76727699631354,-29.93932218207303,-32.56211200909313,-34.0163877267617,-33.4322457582738,-31.984779028576508
-14.162545326104999,-12.89682293727537,-12.981341161421863,-14.325136485221627,-15.914588191738908,-14.76210954368799,-15.449846506695433,-15.128001635750937,-11.60977779378666,-11.997302212683284,-13.723140601965978,-14.555199130595453,-14.34580686426153,-13.941599300874666,-14.259954858633357,-12.270465560174996,-12.680265111402761,-13.697664311475567,-16.657834847120498,-17.288344067494627,-18.08812453125658,-19.52299021110997,-18.902697194274857,-17.82409795766052,-20.43048457085298,-20.00001671459006,-20.944278099572564,-19.410763768868538,-18.832739080296115,-20.28441153179443,-20.66988993656078,-21.9104628963009,-22.81805315586491,-25.266224774960623,-25.707252675991946,-26.256986878674162,-24.546612446457917,-26.619844937221444,-28.749679051773334,-29.998352295702457,-31.43151247013473,-30.531864145222947,-31.049659911573837
-11.959024549451172,-12.863523684192659,-13.610084107097602,-15.289454764076567,-15.756277178792264,-17.64056339975926,-17.070676032549258,-15.861090920536554,-16.08608381590333,-14.682438744512243,-13.150764504087697,-13.517553305082199,-13.445384853163173,-14.542903127417683,-14.733811809085196,-13.419532087804765,-15.107009411370367,-17.03147996643515,-15.04768028380052,-15.72022409817329,-17.473026306256187,-17.681614900091308,-17.88668744715451,-19.559743456257387,-18.37043097064681,-19.852184532768817,-19.967174276014084,-20.115357568455043,-20.342402361793567,-18.355839048076447,-18.8369240854913,-20.79899373485375,-22.36414696137211,-24.58123604801004,-24.863220434708985,-24.535514536336287,-26.461448210440643,-26.46852260820322,-28.40193777673593,-29.5181447495508,-28.91401032150818,-30.10050449299228,-32.5945040380134
-10.685843608531474,-12.070418096814805,-13.504741149166474,-14.477028058920588,-15.16708765453582,-15.305934842196386,-14.922241821420442,-14.64099821329949,-16.219150672876804,-14.47491484747642,-12.5194715393688,-11.625429496154535,-12.746313053670448,-12.424521412499214,-12.64484900143833,-15.306756302135984,-16.26690748523973,-14.620013383447336,-12.997119209411599,-17.40678975581266,-16.958374365720374,-18.632076109227363,-18.36990974355855,-18.694764867965482,-18.445355244858042,-19.02685046457164,-17.923793915441298,-17.78708600897363,-17.92846788393838,-19.316575448781332,-17.374700567196044,-18.712459165796403,-19.077717727208345,-21.359260183514472,-23.60057357761346,-25.314508409189344,-25.8679610560854,-29.13491128118605,-29.011160163199975,-29.5562674918794,-28.704145396614578,-30.772521228209683,-32.410264955185156
-10.0366551695264,-10.976619683816624,-12.093387306548053,-12.753132282673656,-13.754733247950082,-13.739803401935273,-16.05403288808473,-16.31987747336922,-13.030598931424786,-12.932004675178549,-8.968396526564257,-9.855855521064457,-8.865669404888061,-11.621915629138341,-13.592078198940046,-12.595414715352469,-14.18466586091163,-14.945455154029698,-16.07557793874116,-15.492498874302278,-16.31112625757463,-18.21387796176344,-16.35858588315549,-16.011248633989027,-16.34948211758644,-16.137101067720227,-16.792316143546998,-16.624480777340832,-17.59027391551368,-18.154787580825108,-18.73381737607849,-17.41520418148145,-18.868582629374533,-20.203740515695642,-22.261952545971752,-23.939171827532434,-25.744776988959572,-27.62349866799956,-29.242826264594264,-28.858004082062834,-29.40636096586786,-30.39081124078395,-29.486064092912542
-10.036812650297804,-10.156365997513912,-11.109359106907126,-12.070070599421427,-13.08353082713347,-14.241143996395204,-14.90972944782463,-15.32856496200507,-15.175025388606889,-15.923301893976575,-15.728110396510292,-13.49759599166087,-9.716815855284631,-10.52700362488089,-12.689431289563496,-14.230872215816573,-14.258373100721608,-13.160623464275899,-13.358970785253431,-13.564415517472337,-15.30912730054135,-15.819791042916385,-17.31230007108494,-16.61351641379895,-14.440751775686339,-14.49908398354876,-14.596395286439968,-15.925965708641932,-17.008665445610475,-17.498531457727562,-16.726620360435348,-16.929220491183894,-18.398893926919072,-20.533896348199793,-22.812659982289045,-22.715361480316105,-23.339804171659807,-25.775732021840604,-27.618368181569572,-28.20921480666668,-29.00294108247285,-28.188731669630414,-28.117408997203526
-10.384878356422444,-10.213370602910814,-8.541567727244693,-10.532037392456434,-12.665123799895394,-13.854385862467765,-14.774262060520812,-15.223468806661383,-14.317336298903607,-14.401058459494509,-14.025951550108395,-14.785156577650504,-13.850388449067642,-17.207483418086788,-17.464754534480118,-16.345825311769655,-14.381829608810724,-15.252508150438638,-11.985856103510098,-12.574844229996355,-11.331201009012055,-12.561201066380328,-15.174124126640855,-15.506809889357166,-17.170248407988193,-15.250231103535707,-14.795508796369484,-15.572325318290618,-16.693325142960823,-17.250456360054724,-17.466315525406063,-18.76674768401973,-17.520789213375245,-19.068222399415752,-21.15637148517485,-21.209197618175562,-21.57385687033536,-24.15747232975232,-26.22423389739673,-27.517512318198595,-28.333547960955094,-27.165540741099296,-26.38439103584128
-12.929596105778238,-10.543631194363432,-11.344482536685474,-11.9602927053861,-11.97969599925307,-12.511065375060536,-13.170720016673421,-14.106244412673313,-14.643191924571166,-13.662501775307886,-13.775291130898859,-14.315942934960024,-12.994931358627257,-14.055888548269273,-14.03565445679453,-13.837745607589929,-14.772667030839226,-13.114042445297802,-12.714878526160057,-11.926727134656595,-12.995747464540568,-14.300075561381,-14.716692366956025,-16.251466222785034,-18.291512170887284,-17.60296851773014,-17.6415559077141,-15.808385468365685,-17.093810094992918,-17.68494794723988,-17.41358213250344,-17.56301740013969,-18.419231160804863,-18.47917229135096,-18.88309895204769,-19.208003605575918,-18.477967157725203,-22.679643650059802,-25.29926773275568,-27.031381492751727,-26.513814079744463,-26.946761804637806,-24.007869350628347
-14.544202938847238,-14.740748739740246,-12.366757300645784,-13.835422254148595,-10.487582024833491,-9.10074508775693,-12.527444112262966,-13.445307818353378,-14.109408023928378,-13.461473561996868,-13.728166487293587,-13.049778004013394,-13.507235694216604,-11.211335657937482,-12.311855065176985,-12.45518339788837,-13.037336220683908,-13.787843143472513,-13.390750690797844,-12.756744658743457,-12.178141192767931,-14.072431162813547,-14.234928953671236,-14.28666123760461,-16.186156484624398,-16.34120477345849,-16.155928438847795,-17.079492450553236,-15.336537797611694,-14.779198891559524,-15.140448878699246,-16.29916862447497,-18.195670321227436,-19.55110164797463,-19.524128829412774,-18.645775432335174,-24.324086709050462,-23.285467448684713,-23.82143264060332,-25.155753912400513,-25.33885347964869,-24.468123176616913,-24.28488983692861
-13.235427598679617,-11.990395562255522,-11.404705036349672,-12.248535023578402,-12.838374259289894,-12.832294352149384,-13.044373271415758,-12.513603442527012,-13.405977933244012,-13.321402928460863,-14.017402969265383,-13.2982101583981,-13.029790849803845,-12.462166968188043,-12.668657793127531,-12.322506642626701,-12.525185923386305,-12.590344181820463,-12.959247414337003,-13.521134919843089,-13.272995816452003,-12.676352957721248,-12.615298990147261,-13.401459091298344,-15.156507886485326,-15.954758119688142,-13.816905746331454,-14.349969264574725,-15.112547105857953,-15.91643802612855,-15.885932148819073,-16.343955852798604,-16.6358945413141,-18.197466167959416,-17.153610535205985,-20.27964713114578,-18.262442017191574,-21.311383691249294,-22.57304295458222,-23.166086649772343,-23.57844138001515,-21.474063052909255,-23.99947107860244
-14.59421379642778,-11.566889479614918,-9.506123692866156,-10.695146994599588,-9.925265596340957,-11.776477278352704,-11.88298612439715,-11.48581252369303,-12.46443080254781,-12.606110172722367,-12.231724851973162,-12.96769801065113,-13.073906364338882,-13.141436424938142,-12.599540233388414,-13.822733486559478,-11.74544040860865,-11.420073581707518,-12.670459658665257,-12.307985900579348,-12.835216732012395,-12.229615510118057,-12.22545187719619,-12.17175027335803,-12.53991154413287,-14.162334070120167,-14.050333782698452,-13.900944796947691,-13.016705446477554,-14.359038832375864,-16.133690398097333,-14.873563629177854,-15.479453073677535,-17.123416512945887,-18.59636295732401,-21.572060839854892,-21.70239596863571,-22.58722316181387,-22.128888124327965,-22.17217634508761,-21.25256929667559,-20.38512586421938,-23.313398260701348
-14.560403966746327,-12.523911129129877,-12.045057394719434,-9.498440009318928,-11.132856175232257,-11.018074962093113,-11.360997250508698,-11.35992574279782,-12.533647307598532,-15.359489772197021,-15.824399861225793,-14.198280950885994,-13.15437299443004,-13.334820976300033,-12.86438470554877,-12.796593283513253,-12.178733296862806,-11.81881068738351,-11.710997401503288,-11.632759728802732,-12.132196715252249,-12.221922264401298,-12.044941860350498,-11.84378535871606,-13.12281671581136,-13.084722084987714,-15.259280898880416,-14.592732541047353,-18.215163694226447,-17.89577380764897,-17.21588873579938,-17.75466726555178,-17.666948928603123,-17.952310418891905,-17.825027682843196,-17.65156176316177,-20.15800684941238,-21.276313285526367,-21.561208464189527,-22.07663439473895,-19.97544920165677,-19.133890978337032,-21.087382238425455
-16.311411893342317,-14.224261685867077,-13.97990692125401,-13.603605350077217,-12.196506714391337,-11.168886069950155,-9.874328755224525,-10.201946380074023,-11.570970142977338,-12.291538324871228,-12.51219563639128,-13.824957424650261,-13.233854349385444,-12.934772227945096,-12.214805567875572,-13.095919007074922,-11.128751271709392,-12.05441449758646,-10.953339279320485,-10.589655638469788,-12.474211610321927,-12.891860509856073,-12.73205885058612,-11.739892366194002,-11.19136060495239,-12.061553648176371,-14.567487616529741,-16.62257701592326,-14.85196006985091,-14.42307421482786,-18.11594084828227,-16.78720556333996,-18.41742884515841,-19.32843788403624,-19.011303392317863,-16.30451492646042,-17.459022502657344,-20.25366271421346,-20.242713248426416,-20.462176321293846,-19.820411172032426,-19.961663885202874,-18.33992744947467
-16.355135618252003,-14.488067364447696,-13.986072251343248,-13.344550887939246,-12.78488652553644,-12.422097974935095,-10.768685095997194,-8.354848221631974,-8.194615008702343,-12.180076137316071,-14.400624899138576,-11.683503244301614,-10.7151614237495,-13.154630185410962,-10.742188619824706,-14.228640199878598,-13.201999736083359,-13.356376582441717,-13.098046955654658,-12.082930522258218,-12.720802846458394,-11.625447891051826,-10.891277014147537,-10.378979243656559,-12.216049459680441,-13.577800294407037,-13.161940779496382,-15.034252643578592,-14.906031065482864,-15.630395908952238,-15.293105604818603,-15.592544129759318,-16.032342370754144,-16.192359426186048,-18.33796018344707,-19.45695296562651,-19.912326991609255,-18.352213817663394,-17.90982089397111,-18.387646074297727,-17.222869685210753,-17.80766986543824,-17.04771237655704
-14.707955411446886,-13.620800640158311,-14.121338306383763,-13.122680015585576,-13.716425407419203,-12.997391941743748,-12.025179385232946,-10.558606083159686,-9.4678834859832,-10.6760370117964,-11.874896788475755,-16.597081989875843,-14.03825368341405,-11.875351634166295,-16.47856187905614,-15.263412357226848,-14.854069763393674,-13.372631473873614,-13.288316719925092,-14.863737036425183,-13.4829587523043,-12.722794344675297,-10.501255760168648,-12.980520331683701,-13.258154818959666,-12.996041748063572,-12.27791363118332,-13.509641726654852,-14.269189947830593,-14.750813687565781,-13.774124132437402,-14.9189856394433,-15.486318269306599,-17.031941242903976,-17.29986109959496,-17.947191328422118,-20.0131918676336,-19.75433416124127,-21.46751632819113,-16.602596489065732,-14.048286620127874,-14.979897678131568,-15.239596392410212
-15.375554882311397,-15.338480653948254,-12.770974135106638,-14.392293304607824,-13.961035889670667,-13.444666493123082,-13.891304108482354,-13.828699142611594,-13.76334728155378,-13.089909435590172,-14.280038493778292,-13.04787666014443,-14.654460703699572,-16.97446123254283,-15.40395990136949,-13.926953102674638,-13.694006584319764,-15.130372313528252,-14.009374269445383,-14.319029427123514,-12.434011605066129,-10.679575752199247,-10.964655819987085,-12.868074795373078,-12.410874531941994,-11.88136959736661,-11.220179115626564,-12.88105895939098,-13.958990113112769,-10.311999796278483,-15.529728744450058,-16.251976861106254,-16.16088363150785,-15.185373405504468,-16.250575909916204,-17.103725202394134,-17.794047596084752,-18.810072784094995,-17.372594559305853,-17.91862556765262,-17.333577324989015,-16.330704072097653,-13.752413392065197
