public/json/wind_2018-09-1605_700.json
{"header": { "discipline": 10, "disciplineName": "Oceanographic_products", "center": 0, "centerName": "Ocean Modeling and Observation Laboratory", "refTime": "2018-09-16T05:00:00.000Z", "significanceOfRT": 0, "significanceOfRTName": "Analysis", "parameterCategory": 0, "parameterCategoryName": "Currents", "parameterNumber": 3, "parameterNumberName": "V-component_of_wind", "parameterUnit": "m.s-1", "forecastTime": 0, "surface1Type": 160, "surface1TypeName": "Depth below sea level", "surface1Value": 15, "numberPoints": 4800, "shape": 0, "shapeName": "Earth spherical with radius = 6,367,470 m", "scanMode": 0, "nx": 80, "ny": 60, "lo1": 109.0, "la1": 20.0, "lo2": 116.89999999999955, "la2": 14.520000000000117, "dx": 0.09999999999999432, "dy": -0.10000000000000142 }, "data":
[rows 38 to 56 of 60, columns 0 to 42 of 80]
-9.936820071269773,-11.086139047722614,-12.138396488879595,-12.317671386936079,-11.894076128539773,-11.881697902716283,-12.330967080690076,-13.048995978604488,-12.404099879870532,-10.153701155328353,-8.493998516381282,-9.869143905452852,-10.624502721689113,-8.890297968377512,-9.155641750221875,-11.163880037832788,-11.446970319154932,-11.902962961485823,-11.303036541560804,-9.318273837124217,-9.38985248828482,-10.296581197947877,-11.43281871724463,-11.080765903431413,-11.220893066407406,-10.426855864094282,-9.779452990132329,-8.744597810543889,-7.2919615902592145,-5.581816776630144,-3.270976033846825,-1.6932328114643536,-3.345156597829288,-2.94597533871278,-2.826389809468276,-2.826026432109078,-2.2268340344989603,-6.327675663950557,-4.305662485460207,-2.5158318073849366,-5.234354706855392,-2.688166370771334,-2.4026912245071617
-9.605637674459802,-10.109378405854834,-11.229123925582623,-12.46749684773854,-12.276834240407918,-11.254186807951408,-11.15967909541121,-11.438062268232013,-10.962372750470985,-9.287245416675356,-9.633578081100563,-10.14727518076157,-10.04335436193601,-8.778164006300523,-9.002454636639666,-9.963111815855004,-9.769175983070296,-10.82105635374609,-9.537441409252736,-7.398195050512919,-8.180514026172506,-8.613139654951262,-10.002553567737927,-7.840100011071384,-7.517240432031278,-8.025440464516745,-6.587460778615606,-6.736436208533246,-5.312701406519233,-2.8340817141632675,-2.5089153909430895,-1.9170995700989595,-2.702530473887382,-5.094185015428825,-7.528792955513354,-4.8927833453028216,-2.4806225566290516,-6.880744442546701,-6.285650070915255,-5.835733676065857,-5.7744961612783134,-2.181003019314386,-0.22384697354213315
-10.372109518739052,-10.274290473384255,-10.700262043149019,-11.668685614918186,-12.281838525564316,-11.615736211730908,-10.910758851163243,-10.832623800793407,-10.743049055190156,-10.433947713400451,-10.479102903462644,-10.084574362666158,-11.260087792749948,-12.21433635854127,-11.868172231398638,-12.419806957590492,-10.639416577294705,-7.611098138626128,-9.74860073715453,-9.860797791943861,-8.064817581934964,-7.404772703446622,-9.406022903732493,-8.560291494966304,-7.826698507268984,-8.945407599139452,-8.706350617112705,-7.375348994348616,-4.958102717824712,-2.9005831907588373,-1.6691082817672593,-2.731096914829097,-3.22365015454382,-5.4242575192173,-6.1382060317882905,-5.673825310043011,-3.462913048797769,-2.8007302837350982,-5.346362824751993,-5.897067786216992,-4.126076662662955,-1.111149134084663,3.485450868647774
-10.037835274543509,-10.162614727105593,-9.895490336894287,-10.711823882330316,-11.574992210732828,-12.016888014722499,-10.842132378338228,-9.999554432000185,-10.043376629263276,-10.017123559407322,-9.863854954004188,-9.603608418778652,-9.71154304450162,-10.807314741394162,-12.08784068109983,-10.46805745389037,-10.120600357363468,-11.159068657025946,-11.562574144430249,-9.110660353222809,-9.188723180793588,-10.182932387779072,-8.997115905768391,-7.42032381388247,-8.366730385642903,-8.77864616207589,-9.414394485932965,-6.571866139942249,-5.589912733430246,-5.370816646537476,-5.307820250458873,-4.4442922586262,-2.7855192421385384,-4.090218329004149,-5.674619989754373,-5.758739101080102,-3.2302768413706007,-1.4814881689105257,-3.880419461098125,-4.0056710899400105,-3.584314865461786,2.125738941903531,3.5315377929844325
-9.512971595061554,-9.786485349280973,-9.571088205603646,-9.914543753629651,-10.724320292962952,-11.148005186457738,-10.227520745452692,-9.921850952723831,-10.55577903461015,-10.226938497764964,-9.85501163919039,-9.513899789122675,-9.862590768862404,-10.115639766773104,-10.273582943663254,-10.753509837518184,-10.34920054386006,-10.243123845124805,-9.102993475596167,-8.246981069119457,-8.807476248883647,-9.020441592294164,-9.08164459645149,-9.516507914046421,-10.48178775804362,-11.355075469064559,-11.021673168399028,-8.327802276468642,-7.58387220261149,-8.62977070751749,-5.585114530519699,-3.7281508003107215,-4.158148738281464,-6.90331205007684,-8.426834885718606,-4.997928753906092,-3.1828872423549317,-3.4240754034786067,-2.9073835963733385,-2.7205640356009084,-1.128722586538873,2.9949858596320444,5.452669272132281
-9.117166992540731,-8.901496593279086,-8.660850979517411,-8.959282672353867,-9.452023013379549,-9.857962782170143,-10.347315906187395,-9.797336809384783,-9.731313633335352,-9.32560486322429,-9.360220111130484,-9.800552205833721,-9.18565674719607,-9.682287108129932,-11.032395784494907,-11.126572335074485,-11.04263197145894,-9.11598067225217,-9.444865498373842,-7.6796169413578355,-9.036239559304725,-7.105519934600742,-6.934878162181431,-7.5652863811146505,-8.787140014813126,-9.112762762822895,-9.95792959116548,-8.742771942720976,-8.761710335734511,-7.012957840041716,-6.870035086261089,-6.008173952683713,-7.4887234161066125,-6.752102225433115,-5.437012210914416,-4.152322706748357,-3.189114609592794,-1.1079788696330217,0.6259716384447677,1.9095608643601283,2.6619391254329776,3.9229695871917896,5.1728228744078315
-7.9224720817386975,-7.776542567272064,-7.2932992610578555,-7.583213581743029,-7.791129887004518,-7.8586873148466525,-8.746523461427714,-8.980577677479616,-8.919456054933638,-8.718381208292783,-7.5282975969858645,-7.0025373455401185,-7.163815162620242,-7.534988395944164,-8.715696149461571,-9.085689044006127,-9.105783650138864,-7.269004899258902,-5.066691016174527,-4.43551881515157,-5.917634214912607,-4.330898591071147,-5.189674973886011,-8.581070783734669,-8.21615927001769,-7.191725623756943,-8.597535359397408,-9.178118474953852,-9.023395192108802,-6.418667265626472,-5.60278841578442,-5.850988425042658,-4.995509319813765,-3.413902026980749,-1.7056366732494865,0.604944223363888,0.5691382097772107,1.4550643625452602,4.099479929620607,3.398188187034885,2.378647564916014,3.7066810048385523,2.128270084958209
-7.50812073168041,-7.27778393856545,-6.935727719574891,-7.038109162142451,-7.424792990667295,-7.812390392283863,-7.96903727121784,-7.650840049192466,-7.9687143554782125,-7.2817833447272,-7.58635370190523,-8.779289366823727,-7.7366586304058345,-7.645233587241027,-8.28633107915702,-7.6303304985058,-7.1431008067916295,-5.033416391898031,-4.481728688558357,-1.2175441479514961,-4.560854244256582,-3.4546357906570058,-3.705965992301685,-6.100890197324877,-7.9224633849451385,-9.323431563184329,-8.255738428743127,-7.573766504181698,-7.252466598632669,-4.524906481483421,-3.6266897721590343,-2.4672213895634796,-4.640747605312043,-4.345378232049363,-2.2325215768175557,-1.0542518727887786,-0.847954279867551,-0.32023882760165856,-0.4568798429907139,0.637781819848993,1.2609127098558688,0.8237700027698538,0.854445965176314
-6.94804502203216,-7.51619985422943,-6.994622592113985,-6.6190066541318835,-6.8571835183035255,-7.427353317459964,-7.388603918572798,-8.578881822042804,-7.489056299833843,-6.960616552464316,-6.944639525054193,-7.391307888631868,-6.778565090841566,-7.85014826279245,-7.5841045685040775,-7.580557037627441,-6.860454266893457,-6.41081242731821,-5.8817953034233375,-6.054715802923579,-5.5479350520434245,-4.961189927903859,-9.91119991746618,-13.102185858486749,-12.151235594639514,-10.427936108967435,-8.110199297726199,-5.49505328654285,-2.7034507954765084,-3.060972705508816,-2.806146461686599,-2.4916940526321496,-1.672217662323941,-2.9269170553272197,-1.3733989209495172,-2.1640308164616444,-0.8428924368631059,1.1224720722047954,-0.5442013532303328,-2.6420890676205624,-0.9623416253189507,-1.3155421563677723,-1.5678856485696302
-7.7185766872061885,-8.143224520339299,-7.482634327054827,-6.56030725234856,-6.706294204317346,-7.061728046699906,-7.785206320571991,-8.215858276417938,-8.444009521579545,-8.66967107815902,-8.256585491224492,-7.2995275041176235,-8.386091550749098,-7.943522479894909,-7.539170202139881,-5.32151108688514,-4.641366954094515,-3.879572743121475,-3.8216033575853166,-4.926082946303738,-5.315432805669313,-6.8986580165306695,-10.661461275682617,-11.453792861479627,-10.261616753373563,-8.895719863407521,-7.268097152603692,-5.3713263858447675,-5.960171289152618,-4.494565352778648,-3.610402550204432,-3.2646650802059614,-4.97229318230652,-2.206647396408639,-1.3152076369117771,-1.218040323812341,-1.3099618661653998,-2.795380264862633,-0.4687137310012205,-2.580038906338197,-1.8104992514602607,-2.2410647507801453,2.620447681539943
-7.605825244801865,-7.557124094486977,-7.488509720122484,-6.645182738616487,-6.381793191802428,-7.129100801525912,-7.880114114215864,-7.520813319321483,-8.034068114393236,-8.447174036056309,-7.920173747284435,-8.268961260784678,-8.18771621413424,-6.823020507665534,-6.117673899050651,-4.643228290594043,-2.0778514222579636,-5.247064271957271,-5.034707463615293,-7.039298824836845,-9.789281344493016,-9.74550730939097,-10.25473483380775,-8.790702641332054,-9.501915952004673,-8.121818801648445,-6.722825051976694,-5.274872574973271,-4.988301502913158,-4.361193190546972,-3.2192191429299863,-3.4595865049598955,-3.0280774022482366,-0.7961298526146601,0.5570112757290289,-0.31909994726129376,-1.2495757243441572,-2.5232500147851082,-2.639724553982315,-4.780618954678065,-4.28839554281687,0.725082417074574,2.297146188499164
-7.439299002173728,-7.753398687536452,-7.44228703754078,-7.304470040011475,-7.07762971599614,-7.63129581639657,-8.33208638149929,-8.62468315744135,-8.353978601669462,-8.69362990874197,-7.687852201605139,-6.654982982436499,-6.08323745575977,-5.480093744091631,-5.75711071240284,-6.3709101469344365,-5.966122242847842,-5.504892570959633,-6.645566396722377,-9.768644654012538,-8.743805112621402,-6.8834821207847865,-5.169381566807309,-6.808795223951337,-6.851235736287931,-5.905735367964258,-4.587309093555885,-3.426300405932118,-1.7320615980836238,-2.1554352044825285,-3.818047136279667,-3.5924093267267376,-2.410757911255573,-1.7287619424078413,-1.7371492114980753,-2.5092074297775526,-3.3523164693277425,-2.826784162049444,-3.286375428866047,-4.321934114652455,-1.3201593499303979,1.1134501038183773,2.4854385701028567
-6.225672962072826,-7.991652597991867,-7.705353284252887,-8.032302768757612,-7.629702597798796,-7.952246942304715,-7.62369287304232,-8.650002024872947,-7.669628874561706,-7.44535219598663,-7.7346602099199915,-6.928478914808479,-6.200719115860641,-6.1851862912519024,-5.2126709728034415,-5.481759086709142,-5.488873843631956,-5.2192293842978374,-7.236989998559457,-6.668279497008804,-3.798747838895366,-2.7931887183023063,-2.9701173518803428,-4.748424156468417,-4.684873309836554,-4.1998465913033165,-3.178222466567167,-1.0465154860099664,-0.7514705588035588,-1.9621462535377534,-3.2127517654833646,-3.9022361052009416,-2.730546707607655,-2.6263697627799654,-2.7330104147953147,-3.1264224249330477,-3.2939797349211952,-2.497896040658474,-1.4762856305710024,-0.8085573627630165,-0.0359444425869231,1.5677600948463926,1.1242141999876845
-9.285097030243183,-8.209105438879424,-7.051260500314967,-7.220576904216947,-7.409402773194351,-7.533468225077364,-8.073125673253834,-8.173120431885927,-6.896277640508405,-5.853841087994194,-6.625575846798569,-6.5572314620064684,-5.985597388667441,-6.020632300053251,-6.7039897066448475,-6.347830464371643,-4.735538833339726,-3.5662690418115894,-4.939788749752266,-1.80468404030558,-3.923272675651548,-6.429627416924861,-6.6529991410379985,-6.178249635581506,-4.2858333152055295,-5.8545491796562406,-0.3580031130603943,-1.391803484753539,-5.538515657598207,-8.297594242005701,-10.018256183648342,-7.803399725216035,-6.8213917686080086,-5.5769878128678005,-4.215167343373363,-2.637032412415186,-1.1667026232793092,-0.5255774642659771,-1.4976967623003992,-1.841901595915727,-0.5847992553152997,1.735558738965743,4.026394904632094
-5.240118533969975,-5.826128085749048,-6.289384932928062,-8.263541191071297,-7.519732267889453,-7.370681908315358,-7.488102719995295,-7.515886769829003,-6.623991490515044,-5.821387460884602,-5.66195342134902,-6.829986921254635,-5.825702004907583,-5.357478683007551,-6.369723876352831,-3.9207431872563925,-3.7260963022233797,-3.6898287424047878,-2.2758208505000663,-5.636529183523166,-7.618638514489233,-7.9466497518491845,-7.598799363833523,-5.497855588755812,-4.427396777226727,-3.9058195407718355,-3.5926490352783333,-4.730828059078732,-4.9686158126378235,-10.551742159759193,-8.220142472613633,-5.454607854708751,-3.9908174270576966,-2.5541962035752337,-0.8551625621922739,0.5607141694215954,1.1757710612503742,1.287130038971519,0.9916507407395284,-0.2496880561592971,3.0965557231821528,4.264964066060189,6.500828708590067
-8.967007421109988,-7.853290523989617,-8.740706392238462,-7.759423017316399,-6.650513768059253,-5.982395164561535,-6.282665045223908,-6.970732862235418,-5.822226497491762,-5.432971390654375,-5.324301393124136,-5.81475724437143,-5.798207198198411,-6.2222540910867945,-5.104719422731996,-5.677322829634895,-4.385851242619143,-4.959264750905192,-5.001681017849657,-4.175192563581194,-5.693449308060905,-7.1843809529980085,-6.38308437538961,-5.140846574743152,-5.132531074801805,-2.892483618744162,-2.3863250732873333,-2.8443054809220865,-4.028772052921488,-7.5212079575712405,-7.232836057885765,-1.8259399880457328,-0.474484281854661,1.6827332207506354,3.1964813384256305,1.3637290327274856,1.0389672956268454,3.61274082747627,2.538333607117332,-0.6280316193299427,3.3770334556945496,4.4100860976206695,5.801761656159557
-9.700059312722313,-9.448720978206076,-8.537529992956268,-7.741020049877382,-5.788438475331667,-5.267723271658092,-4.247169235325986,-4.651134928472128,-8.180158675120378,-5.585151650039344,-6.658011613719829,-7.0111212551093125,-6.157544304668422,-4.0452923425628775,-2.8580587214300897,-4.3786281432197,-5.391961414247252,-5.035799022048415,-4.381463709472004,-5.17716197657262,-6.295486335900061,-5.849204060089052,-5.776052195172978,-6.636312855621913,-4.710949241049761,-2.9725370383603975,-1.8793556734102828,-2.28814054317297,-3.355322539814875,-4.911256566468141,-6.042934473647101,1.1409030231456119,2.6203864955275975,2.5746389242175147,2.0278471986654543,2.564399901658829,4.101103754192992,4.674032241170021,1.3713431823909783,-0.20882380405064555,1.7882781202407294,3.480695986661277,4.4135022308337195
-9.598609907438806,-8.740626809336145,-8.03852246697311,-8.158567440290465,-8.308048476628318,-7.376731572625829,-7.2885025307716,-7.69230360122461,-8.368915175210494,-8.126508209577718,-6.937962088375984,-6.302363896408294,-6.84977987951978,-6.999236238495003,-6.532569937627814,-6.0981732914902524,-6.020551061465666,-5.447467102782408,-6.260887031752556,-6.857522779148489,-6.51089162786755,-6.313525941591843,-6.061434148528662,-4.924142574040282,-3.2751903876853903,-1.9341583573346102,-0.5180744430626419,-0.90189408578726,-2.1365209449242473,-2.8323931623263343,-2.8529173363266462,0.27715026941634247,1.8790828105397117,2.0037758202851874,3.1389949741565455,2.1893934770539594,2.6838656055624406,3.7210081610222043,2.480885728072761,1.1715983861676522,1.273404164749358,3.2450218337018066,5.122889995026934
-8.535264559906663,-8.476355966421115,-8.02834861114701,-7.423557310140451,-7.520069726140285,-7.613108163705553,-7.3204659261282155,-7.036709387177332,-7.09677145582253,-7.151528223462917,-6.898132423852641,-6.380310215426414,-6.18345081519683,-5.972069739297097,-4.1882494679656705,-4.674958681406581,-4.758595689068281,-6.668110767783928,-6.461585003859549,-5.681849649948674,-3.902365834423367,-4.205465950647107,-2.0757112955614208,-0.13258680709006715,0.3464190751816608,1.3675580797067086,0.11881061428167841,-0.5168653391045426,-2.092205785475085,-0.9669820699809833,-2.2925866766240106,-3.6620100689094275,0.48080300303838525,2.4176246213943373,0.6724232293192964,1.6308351444236537,2.313379527257974,3.769672682900394,3.878830014890684,2.6497651855879463,3.3133944556084685,4.916017785732565,5.871862010507823
