public/json/wind_2018-09-1612_925.json
{"header": { "discipline": 10, "disciplineName": "Oceanographic_products", "center": 0, "centerName": "Ocean Modeling and Observation Laboratory", "refTime": "2018-09-16T12:00:00.000Z", "significanceOfRT": 0, "significanceOfRTName": "Analysis", "parameterCategory": 0, "parameterCategoryName": "Currents", "parameterNumber": 2, "parameterNumberName": "U-component_of_wind", "parameterUnit": "m.s-1", "forecastTime": 0, "surface1Type": 160, "surface1TypeName": "Depth below sea level", "surface1Value": 15, "numberPoints": 4800, "shape": 0, "shapeName": "Earth spherical with radius = 6,367,470 m", "scanMode": 0, "nx": 80, "ny": 60, "lo1": 109.0, "la1": 20.0, "lo2": 116.89999999999955, "la2": 14.520000000000117, "dx": 0.09999999999999432, "dy": -0.10000000000000142 }, "data":
[rows 0 to 19 of 60, columns 0 to 44 of 80]
null,null,null,null,null,null,null,null,null,null,null,null,null,null,null,null,null,null,null,null,null,null,null,null,null,null,null,null,null,null,null,null,null,null,null,null,null,null,null,null,null,null,null,null,null
null,null,null,null,null,null,null,null,null,null,null,null,null,null,null,null,null,null,null,null,null,null,null,null,null,null,null,null,null,null,null,null,null,null,null,null,null,null,null,null,null,null,null,null,null
13.610050794464515,14.013279434511363,14.215683795566418,15.700035399218715,17.172886442153676,17.60347012227811,18.428719768185932,19.108342738974496,18.84289899021103,19.371873242294072,19.392113001231632,19.908388931662216,20.579131383218904,21.79499431378507,23.738244479040738,24.78572823817634,25.365342237971085,26.169842900587305,27.033523429589938,28.057072935989257,28.83560592958771,29.50809851216109,29.995403905915346,30.108686707244782,30.487033283721495,30.81150739849667,30.91349651789165,30.65078389556148,30.038625895192922,29.32864610680943,28.76486752160131,27.953051406942926,26.686010187989652,25.169056075235826,23.560416871963525,21.8658982878185,19.80431279174855,17.241757835092404,15.794623381520022,14.77065688222767,13.518193839987067,12.6860189034851,11.677392069072175,9.156017951308122,10.114864684054412
13.294135563940582,13.585144461149742,14.400309380579206,16.974826163893805,17.30132065204697,17.725792106871197,18.657236178344625,18.370757730993837,18.182505972229162,17.19884071329369,20.816806434528356,22.190890776775785,21.63098184474369,21.230693920715588,22.59093555253473,22.966894452032506,24.131672466663225,25.3403114685766,26.33938250408107,26.752208041881723,28.07954631677141,27.534389793691076,26.46354241490838,27.343766808119867,28.035524268713,28.112462966940456,28.198123964170804,28.568998634284423,27.96819733176379,28.121966584332156,28.61517155134444,28.097285221864396,27.334099079758005,26.250164903884123,24.77145134498624,23.178401018369996,21.58908037737685,19.18987631364257,16.722251680725055,15.313522857435885,14.06627732843577,12.790186717895109,11.748611963959632,9.361385300362567,8.997532832853159
13.09208184445059,14.566329269864365,15.631418244061267,16.56991512911341,16.830094826725254,16.659766820843583,16.984346956261778,18.067918276047003,18.30195886561519,18.297853221351676,18.867017353052116,20.524720573424307,21.377505468019734,22.55844513450138,23.142171216624405,24.827842770665825,25.23073756573551,26.914347525286324,27.776262714638637,26.41694325820296,26.512063908509134,28.348958197331548,27.801656393782014,28.34214880559658,28.445662702188073,28.752000263763172,28.49614891879364,27.6824445415309,26.988768046473055,27.226785092096616,28.25545632458905,24.853979787305732,25.78183432812974,27.892620627258466,24.46693057085024,23.78165702272913,22.5091715261548,20.855052643399464,18.837437398671657,16.83609690371991,14.885702455144761,13.315684933169347,12.092297527229992,9.760016600015422,7.722816544982699
13.990050692836574,14.446685313582634,15.097461826711001,15.041327811931213,14.88082605128185,15.42539156203431,16.708088814643837,16.54341197575303,15.971003435226248,17.361072316194992,20.133686312232747,20.772378082861653,21.281521773220184,23.084284298507484,24.51134997117216,24.870182617455757,26.348925197533944,27.255256377451108,27.547192823622858,27.591701774402388,27.74603401664841,26.779114692527916,27.26586008051169,27.257266331047106,28.09977296698574,27.07352151013998,28.20521895943439,27.05499374088624,27.24363914843485,27.384113113660444,27.49301359049084,25.88346774377746,25.755097380691346,24.01648987885276,23.295047731092986,25.084776860236197,22.159070328811755,20.66052063996544,19.718604064383385,18.09529257604506,16.26946130657629,13.87610282144904,12.382574024204763,10.137506165632642,6.415971055432289
13.506826490245668,13.545435970323629,13.201549702250137,13.32369777990674,13.70408976829814,14.334707950254284,15.068951836576996,15.251015973679264,15.743016153247144,17.158923102692626,18.34291449086677,20.078140850688452,22.07576391105242,24.096383026957024,24.337831589703104,25.0645352605815,26.232263697935625,26.60829746182143,26.433372377290215,26.57517702338818,28.001605403274116,28.294304367975027,27.897567378905038,28.85788324986732,29.17866697333446,27.454193137077688,28.5752792799438,28.764865827240293,27.874745394017445,26.305110289142053,27.64958528207454,25.956259547864303,26.299065045438688,25.196077881376766,23.15080242724276,16.944663528254303,20.520273977558432,20.149432003163263,19.242945175433,17.46488591083548,16.789342502757325,14.949677996054628,12.833990101903185,11.670713868481874,7.2816997357201245
11.74938180067555,11.449256995008877,11.986706848635176,12.5077652748538,12.818046277979613,13.163794832507095,13.801220113866567,14.238560499078819,15.089959623610746,16.549032969435302,18.69256925933462,20.606634542002347,22.161708631985213,23.158662365779186,23.954403591442386,25.203786721341636,26.02971946157217,26.868537447116285,27.790959069886377,29.494924311157,29.97140775819136,29.700658821189585,28.854549750908156,28.868197029621076,28.885542809712987,30.559645464966472,30.136248421348334,28.772342095118304,27.178935575152018,27.563934241762965,24.924963242429754,26.222008323620074,24.94995149741619,24.927906238419258,23.5886271333817,22.296833240332777,20.792853434983478,20.055784533639553,19.194671703485206,17.59289623999378,17.193409672126784,15.172405006041021,13.002644075646238,11.501260300076883,7.525789505935713
10.709089501283174,11.317046237233102,11.39345697343145,11.914382820149475,12.633718429690065,13.308533690596196,13.225249855978738,13.491396132592177,15.27198183819041,17.466900775367364,18.864973710864344,20.578184474190664,22.04535723490195,23.130515986302512,23.67599416161203,24.973607399861255,25.957493980045452,26.789818039839528,28.481616161255804,28.451813757642046,28.615216630892007,30.945291291668124,29.836426455909333,29.471841649464217,30.128895922791806,29.699420710441395,29.675035788582825,28.656349419501986,28.12951873666025,27.75835258488034,25.638511792016864,25.618980073149295,23.526522392418567,25.53117300593609,20.777287802959844,21.43388298195438,20.96508086792086,19.627441714838405,18.847143307242384,17.627938255000338,15.549358778214728,16.029034759892806,13.957279318525648,11.632794921994707,10.342884304706434
9.579159553836396,9.90427510472503,10.603633238817356,11.058471924028115,11.357349752218898,11.817676214305575,12.485791514101532,14.407329521771532,15.524663387542038,17.0328557193869,19.377345597320133,21.174076165161267,22.45597651331053,23.417697245056573,24.574054744321554,26.52022752356728,26.875448003883257,28.594814366125576,29.600965748104404,30.722999643764965,30.589327692693033,30.124717825538394,30.612468142269552,29.40898823471493,29.34806192312405,30.239135126937555,30.580284892103975,29.807752802302716,28.78817408494575,27.86771204011118,26.727852557131097,23.162357086349424,23.861267499315893,24.032393863079836,22.615067029034687,22.61587211848988,19.220842197616555,20.23739713760628,18.736907640463162,16.414575635479917,16.157374867833557,15.109243502868377,13.877432628614486,10.96417872587395,11.096076982878795
8.334132643777181,8.927834490333566,9.839356291563476,10.26591112220154,10.44202861811835,11.024809114590843,13.103617987688171,14.11583393329644,15.262501749322979,17.513541173337583,19.39565677059418,21.082198657841953,22.370409613040607,23.04101922512691,25.293714599609515,26.151377141694653,27.538365560000866,28.828411988023785,28.807809474881555,29.2256628027165,30.055844804337568,30.734692491629815,30.334188142528347,30.387621454805352,31.01853720807084,31.449880325177958,31.367588387533146,29.020614904127708,29.20572102695219,28.05299133025618,26.517048054265317,23.07336496537798,22.127159988666037,22.019397432364023,22.556365536690627,22.72691831827627,21.06847412164468,19.023731912782164,17.031129740614787,15.908814225639137,11.966403003888166,13.704634079342258,11.26371626416334,9.328670465083698,10.276253476340907
7.340585472139393,8.366711881375847,8.960258908604699,9.360584255519042,9.929683274098434,11.155705379631652,12.864017705072962,13.52741831709392,14.996595232270723,17.24600071987735,18.549410643853676,19.395079014519414,21.3205733623875,24.306106512422794,26.385144122632486,26.483067887116174,27.242427439360917,27.45637213825804,28.935026382532158,29.060621062103056,28.55189984013564,30.162918362780836,29.85334934807609,29.586573873969748,31.07837881133152,30.785957076553245,30.049166834360832,28.953543834395525,28.74443167719155,27.254392684496764,25.63759384229336,25.244826198181514,22.144969188317656,21.024345383996895,21.471496945516446,21.015275364018184,20.356663681105246,19.367196846018626,16.30180724098643,14.775409554509505,13.391332459926419,11.830512306421602,8.645255182573889,6.709342494481888,7.647467417503334
6.894690651942162,7.913129067568942,8.033316801232093,8.613681408230299,9.62345602376579,11.021899057310192,11.975750042706705,12.861861306552662,14.489115707684002,15.9205329690151,17.32474605312038,19.849178367725752,22.936803634802345,24.978194332607018,25.16778000653763,25.9988257429931,24.675517097971724,26.856605943891445,26.83524207686679,28.14881377718807,28.473687017365403,28.466256628971784,29.387485281268578,30.10542879787813,30.800615816453742,30.40088654063696,29.32166360218055,27.858359412144914,27.8568607692723,26.12197305302671,25.66970750195144,22.865906197370773,21.53904637233176,20.401790071435276,20.75042677307868,19.993450971491978,19.928587810562348,18.055025918942505,14.484816383363846,13.22918097972973,9.022112669755915,8.674815421697243,6.627648590413628,4.507082569671585,4.6218307076950325
6.127725554388682,7.082764888392747,7.325266918391419,8.344803130424408,9.202303974548432,10.3263152688244,11.28641253904494,12.050401397726148,13.011235007157389,14.255047514485286,16.96368704418764,19.410850727234887,21.89878133936989,22.686436816859217,23.34076532244971,24.409107496997056,25.125341779418292,25.09557885755861,26.010249153573177,26.56765070470923,27.164626334334827,26.408011066718824,27.043562999479537,27.50169633307825,28.30959173202428,27.248247070160467,26.94424992212589,25.85251379048251,26.13144614594565,24.75858875568982,22.563876811133383,22.446452001314803,21.208457081180658,17.777464181294903,19.473866329268628,20.018784368290483,19.352442565848868,9.74714037589928,12.388214871062367,10.546265566924845,8.243800738292329,6.125697901056926,4.922147065572391,2.9466579991970794,2.780016975439674
5.466201039832943,5.960916496602426,7.118863738613126,7.922073946009746,9.047170338486202,10.097549643945577,10.069597091862956,11.494140056237608,12.64254542149472,14.56417917692702,16.309039016441766,18.604900091776873,20.364275458692845,21.696703233013814,21.189941269709372,21.17722856155254,23.79659535953966,23.507912772163643,23.253919362507773,23.823251849405203,24.666853082120404,25.77362398302802,24.146645524357567,23.841088119114808,21.764850705451522,21.01001288300415,19.663528633086003,20.707253332423655,21.353043871079286,20.447097366536262,19.367663857859,19.279638370659576,17.639343853902858,17.89097239315585,16.602560634875495,17.72425560278733,14.598333201464614,11.565547665523528,11.87327769214745,8.358774342864182,6.042741812595768,7.533525619292947,3.210130710515421,3.0677618627027154,0.4533422613573945
4.75392202311084,5.526216082977474,6.4953419640330585,7.348800485277112,8.51261056196877,9.141256990227594,9.137977146799088,11.180743843100286,12.803096565885191,14.176556519119007,15.105137497806671,16.740152508743893,18.16275866816318,18.003362634190452,19.050617398548894,20.98105636020654,20.954935284311855,20.283148633686856,20.067909127382716,19.830640377433262,19.024768110145523,17.62493296710761,17.585986090373957,17.80412223064477,13.150924074687538,6.33805935203095,3.2900494978138153,6.373605755397211,9.994454735698167,11.925977996306896,12.407894693134839,14.139767739353884,13.606233076666111,14.061106029178685,12.621881570701431,14.069681538551057,8.209956066365642,10.990095379347876,11.508654542561493,7.177765686142072,4.545466331745578,2.877136006043956,0.9562887855212493,-0.2180555665632401,-0.4309772495946832
5.14503752816979,5.065329900722322,5.587890172503382,6.22117358545835,7.40092093969896,7.431873322533701,8.698735010916053,10.2557226139862,11.30078013279725,11.860639218390014,13.429803150304295,15.427018242439557,16.293369916534576,16.30203648478069,17.973624114842583,18.24060991819475,18.03917209541023,16.954575994806568,16.095909580174244,14.423748904291218,12.037322784956642,5.708291957730132,-0.8153755459333636,5.092157163716749,-3.256967010813769,-1.8031427335778842,0.9258971393554137,4.3662268135453,4.229558818250021,4.86087151012041,5.210838211000627,5.688909425722306,6.098075245574945,5.9157240037371,8.502569826923535,9.105892177870778,7.014028083708521,8.434218627109823,8.496541782254438,7.930909409360897,0.1409289677115736,-2.210356195616362,-1.9696074247088475,-3.0122555063449123,-5.191160428378414
4.4898749383659435,4.544837059712995,4.8530316405276315,4.409547158977748,5.30676468500668,7.387351537631555,7.125190691234135,9.15392608444359,8.86407790224817,11.122516221553028,11.870227264653952,12.6721137022209,14.561548268275121,15.02771392446457,15.699442754785787,14.920581816223843,13.857356791153464,12.783703181178625,10.800435305590545,6.709670267309368,3.445618607403935,null,-10.795781126890653,-6.314816980125639,null,-6.5442241998158455,-5.906694325678197,-4.154763686433864,-1.9717321648149462,-0.5481880374258759,-2.0807281358681955,-3.007885141328992,-0.4497974190257506,-0.68935117470139,4.288168010555843,4.307161429231361,4.660463059444261,5.190397384334101,5.471977654754499,-6.65044631763209,-6.940734997664361,-5.941827361907026,-4.029434483923624,-3.6505907260037693,-4.881046619392518
3.599740848467887,3.7509760776332226,3.53697022823432,3.8435072877940613,5.016301779005916,5.296685264178571,7.282495376147747,10.040922940119716,9.126419601915847,10.619711489572255,10.196425774086245,11.927422755353401,12.925883729819578,13.155909763869357,12.810217181047577,11.630887010988133,10.228125835369388,7.300771942287723,3.695594882658311,2.008189508900476,0.9005467955562458,null,-9.254566436148396,-9.856545918446637,null,null,-9.567155303053319,-9.12389955427929,-11.829614451511784,-13.297079893122106,-12.398970197693089,-10.324661632190136,-6.71462613857819,-4.344380708372039,-1.9364277346175502,-3.5312688403773747,-1.1407668036418697,0.33511059722455694,-0.6760640117155969,-6.888208940724158,-3.6117850145966606,-4.626828763734388,-7.489485285906941,-6.015497356680272,-10.732901445347347
2.26154418030027,2.165755035878625,2.4796400386947206,2.995891520557738,3.415227710889214,4.965024686311448,6.459767982260806,7.157263691829398,7.235479264120224,8.848217819999018,9.796078301915106,10.455158463416943,10.288963144765457,11.208320576371495,10.79954076924384,9.703708051282769,7.726412048587141,4.858588559682475,3.1455167568885476,1.010096521517051,-0.23618522658702906,null,null,null,-11.707141010940354,-11.695164864695311,-13.572791591324641,-15.282467719869082,-19.341761988730468,-20.496463341984267,-18.851028867657597,-15.677978599877047,-10.62592779813961,-10.898058176278532,-8.7684168834871,-7.349053717162312,-6.6403079662036895,-7.060601869586898,-4.344615425003399,-5.75303232265708,-3.8976800905961597,-10.722694734773308,-10.391376502741892,-7.632849025462631,-13.700124717266117
