public/json/wind_2018-09-1603_700.json
{"header": { "discipline": 10, "disciplineName": "Oceanographic_products", "center": 0, "centerName": "Ocean Modeling and Observation Laboratory", "refTime": "2018-09-16T03:00:00.000Z", "significanceOfRT": 0, "significanceOfRTName": "Analysis", "parameterCategory": 0, "parameterCategoryName": "Currents", "parameterNumber": 2, "parameterNumberName": "U-component_of_wind", "parameterUnit": "m.s-1", "forecastTime": 0, "surface1Type": 160, "surface1TypeName": "Depth below sea level", "surface1Value": 15, "numberPoints": 4800, "shape": 0, "shapeName": "Earth spherical with radius = 6,367,470 m", "scanMode": 0, "nx": 80, "ny": 60, "lo1": 109.0, "la1": 20.0, "lo2": 116.89999999999955, "la2": 14.520000000000117, "dx": 0.09999999999999432, "dy": -0.10000000000000142 }, "data":
[rows 0 to 18 of 60, columns 0 to 41 of 80]
null,null,null,null,null,null,null,null,null,null,null,null,null,null,null,null,null,null,null,null,null,null,null,null,null,null,null,null,null,null,null,null,null,null,null,null,null,null,null,null,null,null
null,null,null,null,null,null,null,null,null,null,null,null,null,null,null,null,null,null,null,null,null,null,null,null,null,null,null,null,null,null,null,null,null,null,null,null,null,null,null,null,null,null
-2.1718080147914884,-2.373698995487031,-2.108776763548007,-1.9553341593047242,-1.6911540246227035,-1.44190741626487,-0.8852740005050068,-0.9479718914327612,-0.7521251035140966,-0.6281551556177947,0.241088168688545,1.1411832414450025,2.0891663509988927,1.1245411811999324,1.65838962620447,1.6482961940516574,2.1694128368156056,3.4222805260235107,3.925243838835592,4.496049381321228,5.060936444194837,5.429553084895627,5.89278139563193,5.094851670670546,2.769976991192402,0.12453328608676048,-2.2360767877910197,-3.45109856647732,-1.5483283673385164,-0.032322929950890214,-1.05431299200364,0.300709381231199,1.2879641584384842,1.429455934502585,2.042777754072191,3.51762355669087,4.716848567700428,4.508456941033856,4.160498320625389,4.470067282042526,5.118317090250103,6.08489986175433
-2.128239126034141,-2.5663070112839366,-2.679965037756916,-2.8883598883844486,-2.3476067591379683,-2.128129602580673,-2.051649304694872,-1.2407895654601124,-0.5818698914112158,0.9342394628231562,2.0504921305917168,2.500162118085651,1.5554052982598956,0.29954316048881846,0.7148568720226172,1.2811965473320317,1.7331802296329148,2.387537450853927,2.857761762832796,3.0643577060312697,3.2696787579250737,4.5804443914075526,4.857934096789977,3.9576790691626362,-1.5795252965491822,-4.447545405665155,-4.785817916106089,-2.82771103567729,-2.361124848584564,-3.3865807934965826,-0.5026430569784619,-0.8686720935143604,-1.1647095250262016,-0.6662339441194951,-1.09829213627314,1.1031070392485995,1.5177271162620154,2.567870923391937,2.607882707037448,1.8260512203905328,-0.23585534126346852,1.4172019276017527
-2.5414162787979637,-2.9374449472406363,-3.0933951431798303,-3.7971566849894907,-3.17187784037551,-3.05929788441284,-2.7840728917419506,-1.8685329761073952,-0.02262956676643929,1.726006845634101,2.366406259560057,1.9352478116899072,0.13036199868093842,0.16962737171141,0.8766322318857787,0.8973128148881916,1.6138667559936946,1.902984770601509,1.9316581136561086,2.7743345936345625,3.948338563526747,4.83223587323418,3.7635257241440305,-2.9159958086002353,-4.5019735701852035,-5.2825960377321675,-2.8934644250401536,-4.890464481261733,-4.402496144837225,-2.5174218032747113,-4.457627357457572,-2.9674444620009823,-2.959915866933665,-2.2657821555561943,-0.43185131142967825,-1.844280277758311,-1.7099148076905826,-1.2025827286419835,-3.0361883786104054,-2.7978063557852035,0.09391109908642888,3.069324740639857
-3.1393147320270374,-3.4378408451008546,-4.123701344126487,-4.433728061120703,-4.535114519984828,-4.3736623146464275,-3.2462461299050682,-1.8698884776844862,0.2375591872271765,1.845599671556004,2.148900382604256,0.41413278729240965,-0.9401209178635805,0.3078125971344983,0.8789517166420138,1.104711586431452,1.4063942339332547,1.556462812616352,2.2654086212591515,2.6313228731210696,4.217135207245483,4.020753173016895,-0.8127462795921095,-5.271262341733279,-4.36852597920215,-5.291866628706367,-7.689400635475502,-5.8928463237527655,-5.475626503614135,-6.789044164529886,-5.545880690435047,-5.843335313044742,-3.8302788780109527,-3.447107803658967,-4.350657548641513,-5.872382755587614,-5.919140636972841,-5.191239211310819,-4.949216248754791,-1.9308285984791127,1.102819380389794,1.2931595046475826
-3.585548843674972,-4.296760315946239,-4.537259770877572,-5.081493836651569,-5.683554656876825,-5.0522737449071915,-3.3111262233727037,-1.5638615729738063,0.039707763259172246,1.1112570104315018,0.08572838411489002,-1.2379494155927933,-0.5653643470205324,0.2034895278242197,1.3710519808190846,0.6993100297520293,0.6976208752543385,1.2840905546812582,1.5945806678983723,2.535481553359371,3.3622637558635846,0.28760195400623273,-7.006512339796874,-3.9488627586363063,-9.557266316385535,-9.07873371543201,-8.682446654517298,-8.13246526184388,-7.565093823204572,-8.190946128227164,-8.637273494905763,-6.721464117380656,-5.721642660493286,-6.461277249938899,-8.542070641544905,-8.443113431787886,-7.012266763517416,-7.068739778233396,-3.8811264604402913,-4.69274351459053,0.37613316407957464,3.465760625455022
-3.8590735776118272,-4.5323264976626625,-4.860474837976791,-5.7628085954571695,-6.380149739426824,-4.748347814267688,-3.5515583593084274,-2.0335856041997458,-0.8148274453819934,-1.1374805888821626,-2.2173579208063057,-1.7020488397373743,-0.6921299561646674,0.563533946802828,1.0442421140055604,0.23314400884399236,0.463085668659437,0.702830676331134,0.8688706608316774,1.7678798294515674,0.22390286569376547,-4.564189196663802,-6.858325618014854,-10.684178341461099,-9.888484505033585,-10.438040330461003,-10.094663819570421,-9.074620716798158,-9.406985941171937,-9.42332634710546,-8.571075756525532,-8.289533382088852,-8.435901165279985,-9.159779116468348,-10.480669758647787,-10.021427261895926,-10.780340726503042,-9.25410348478987,-7.794777490472036,-3.623515403124406,0.45265763965627737,-1.6425143191894729
-4.097370985854084,-4.710502987988061,-4.713004574828099,-6.214122134880839,-5.631297770070947,-5.426304686244484,-3.990973945522514,-3.2625803982053077,-3.325324729662034,-3.2908293115739444,-3.0316478571814516,-2.179111752336976,-1.0305095881500288,-0.2603141613392221,-0.26738389163416026,-0.3499559519484029,-0.40979050966571884,-0.517978284801044,-0.10838253225920703,-0.6850807614212547,-6.47549247011934,-9.737095351398423,-11.541233073540546,-11.369648555537074,-10.656840473068721,-10.060785214476288,-9.869910259107623,-11.237752204138605,-11.129003568270345,-10.391466419718594,-10.324592679988694,-10.33842099002143,-10.911980432305247,-11.610606921868426,-11.724158036206584,-13.941148803499036,-13.72063759433915,-12.243459473795546,-5.539836484396302,-7.5954898986028905,-7.872698719360112,-6.90655265825651
-4.387258316975691,-4.661791671928686,-5.379906464047423,-5.115086006777144,-5.507288368337734,-5.391520242551191,-4.756456829435144,-4.515992151607364,-4.446950612310143,-3.882827359703251,-3.2831340134752707,-2.3704836932895392,-1.829765993820943,-1.7387082388328914,-1.9768385543937939,-2.1887630331948933,-1.732818316033636,-1.836191847670793,-2.6062023020526945,-4.933711451051002,-10.930286647357997,-12.641594404132883,-12.544327832666397,-11.81774473589921,-11.541116963744178,-11.34773188179734,-13.279315465621075,-13.305636785449417,-13.614046436448792,-12.629231138104114,-13.009282773413444,-14.099758293176276,-13.461951625929606,-12.641531791906667,-14.693085840001826,-15.480019782398692,-13.939235044957343,-12.750442792598022,-13.318812277206737,-12.221870573675385,-11.721611477160812,-8.030825579190532
-4.681285170031849,-4.467326882022852,-4.790512272551191,-5.993120628245179,-5.497055299287545,-5.219208301611284,-5.516632263542744,-5.11833276476797,-4.667522988089642,-4.128849805550351,-3.077398435080407,-2.758537140174703,-3.480687401610699,-3.80832878002051,-4.700790728088879,-3.8836547193036837,-3.406622050571595,-3.9274948596273886,-6.6632628460970595,-11.075752382578425,-12.457806845211744,-13.171142230015288,-13.455049544107169,-12.86292970706702,-12.669671966821868,-13.972826008464985,-16.02822674049262,-16.247786817932532,-16.033368284881863,-16.403195622724475,-16.791783437711246,-16.719177231340165,-15.660459000182298,-16.5473759961465,-17.649221251127102,-17.959396125242243,-16.279287070409936,-15.671519793653065,-16.8971020249067,-9.854664701002237,-5.638729143395383,-8.05571218883004
-5.131967262286185,-5.1557852386949445,-5.217723020151236,-4.961199961548335,-5.46512574547009,-5.76118845191804,-5.43474425452304,-5.246572321834756,-5.050778178402306,-4.110380321541478,-3.612117586081447,-4.595778334079657,-5.28500891556134,-5.502286082023847,-5.2139473234772264,-5.042182102954405,-5.267112443644558,-6.836135226441276,-10.512133921070344,-11.071818018747939,-10.190501355792664,-14.4714093360615,-15.575800090760671,-14.480010400313988,-15.868297422848666,-16.158604505087403,-17.83288851619019,-18.710506567072848,-19.08230861284391,-19.438293546211483,-18.774288259808344,-18.819875430420925,-18.65423960370586,-18.659342386073686,-21.381203973138195,-20.027317085261263,-22.17291329030524,-19.31925093458316,-14.243547188537967,-11.007923691498442,-11.436180714785557,-12.653337186368903
-5.515579028664806,-5.470028370672631,-5.442015760805036,-5.160766659320154,-4.986017122387993,-5.425908751136035,-5.847511486949821,-5.694850709938236,-5.2165108539948575,-3.977161033110102,-4.904560069234428,-5.962548137133795,-6.592089687095386,-6.453727449721093,-5.776971351545226,-5.48975774509858,-6.563440378782507,-8.429624630972347,-9.422124030244323,-10.123210637953127,-10.491242335676862,-17.10147430403637,-16.56653966831317,-16.49764798054369,-17.53777196837465,-18.275630585461798,-19.385039506906068,-21.055407852396527,-21.093965311976326,-20.512769976972162,-20.369291382925727,-20.993129364526816,-21.285451357384233,-22.271081513187617,-23.17396047010528,-23.926653585472945,-24.1958725375798,-22.34638672644173,-22.220647018240918,-22.084817267994836,-17.92872503697495,-15.3631145817881
-6.462347396222647,-6.372142300382783,-6.338444928855567,-5.85194547226882,-5.184284215266275,-5.242441357056355,-5.987525650641353,-6.032487299762921,-5.061927103851705,-4.215538286997605,-5.540724977724621,-6.89052910291732,-6.7310665251880675,-6.950783166008167,-6.464082733231303,-5.443420879032293,-7.450001915549762,-8.327874881877694,-8.743023082542882,-12.810825031448408,-18.7477005157656,-19.05293662151436,-18.567794590844446,-17.927487553977105,-19.063666749713207,-19.84160393245181,-20.416160624977433,-21.981530364078495,-22.099411724395114,-21.519506352398594,-22.99407331602759,-22.868352976447337,-24.793315322797774,-25.08558886345011,-24.90098363924718,-26.770555298807306,-27.573865494439147,-25.064967472537646,-21.509019488611433,-18.752541114732157,-14.824677233032748,-14.835056964181902
-7.133491369623823,-7.0250704441692475,-6.785898942503729,-6.242351593304072,-5.952041928155601,-5.755837935625822,-5.951026998947441,-5.990534582801393,-4.788665818593767,-5.976012346474556,-6.243895375355287,-6.97082115820352,-7.211498297043034,-7.594039983662082,-7.03253000384957,-5.892399767517754,-7.993929014964502,-7.433307186832229,-8.355053228510886,-11.044867131036298,-18.740736598426267,-20.26886947148079,-19.97972824617222,-19.816514065561815,-20.030086301822188,-20.82992807314965,-21.506589399747725,-21.71404545562879,-22.158055370920867,-23.224105150066194,-23.94127133428522,-25.125358506802925,-26.94134875964473,-26.179864128451726,-27.76245755460095,-30.04038188566555,-27.110845328298293,-29.70424551151459,-28.161021898926563,-24.99590624611525,-24.366277368188552,-19.96381088684086
-7.2913860717404075,-7.044030446545138,-7.393538147111649,-7.166701091196575,-6.544091203750801,-6.537063701491933,-6.260981957046267,-6.07955877414962,-5.901137074801465,-6.309596342989971,-6.688850171451066,-6.939241892679536,-7.953435993941107,-8.05087181506644,-7.6191852081259945,-6.81500086188928,-7.654168570295114,-7.318211547575251,-8.353429272625032,-13.108859331208501,-16.841281780268748,-18.982119722573483,-21.875724419629833,-21.18795724820566,-21.598933690282813,-20.46062215627174,-20.134744439489666,-21.512969772156495,-23.649660963585525,-24.165473076919085,-23.544247734258896,-26.136695958054617,-27.57060075761949,-27.41716115166428,-28.42892516848709,-28.83726025205077,-34.073987926236185,-32.19912162371586,-30.476285355281604,-28.900038790376115,-25.001484966266947,-25.712972594054726
-7.4282015878710155,-6.872744896877335,-7.148941063357521,-7.646134115240949,-7.70639864967111,-7.000384191448891,-7.104268168384072,-6.617717280686373,-7.102294157160633,-6.714736876490251,-7.5205717348193115,-7.704969533544983,-8.192665320866118,-9.511214898978961,-9.564066917627006,-8.607399966297745,-8.255803076852775,-8.42425542079105,-10.236774256114018,-14.460206748105163,-17.077768422762666,-17.954665397201712,-18.654338368847753,-21.94202844981434,-22.325005036633637,-20.625044663005728,-21.75720138179549,-22.665065775144946,-24.574434518413817,-24.744397737919236,-25.22959768930508,-27.332939741915112,-27.859403240735983,-28.646158850261564,-29.283416694487595,-30.40060286615134,-34.11970911464176,-35.31363078033176,-32.312782265817894,-30.842542475876737,-32.51922415393276,-32.62250391284907
-7.2358990166996495,-6.9407149449305345,-7.143203122500239,-7.389767558341001,-7.242365304662369,-7.667312620244539,-7.463806169397012,-8.387774211887365,-8.405362450945757,-8.193296405705453,-8.472058130650973,-9.498318969009642,-9.497663637773627,-10.987798662275898,-11.574607937634312,-10.985726835917035,-10.74464895688195,-10.925063984387103,-12.050056915244891,-15.738970637089798,-19.164568118482972,-19.905721420338427,-19.819446071603366,-19.770658861821083,-21.588938510808553,-21.314133753552277,-21.86319406131079,-23.67293982424452,-25.682827342810867,-26.55286348736746,-27.339970634673428,-28.699380945314573,-28.852030697209813,-28.889494289375342,-31.23061255331488,-34.05235067932444,-36.515431331717814,-38.27236733482696,-35.95357454694336,-35.01260537850829,-34.24122584477629,-27.515719388336283
-6.859982885382494,-6.390613802524927,-7.016057751846623,-7.490240978012341,-7.273012010397925,-6.819027949717988,-7.637598001043099,-9.244321044520982,-10.178078219762302,-10.047164756022434,-10.288210706762712,-10.39938487199582,-11.849500527270344,-11.987962379426925,-12.423571916622254,-12.395400177700104,-12.958842586197958,-13.211228415092963,-14.376759286889353,-16.49724786537209,-19.789890928534483,-20.92984972597439,-22.530139634393525,-23.699675473215066,-22.239842605190532,-21.707084870257347,-21.780428502753345,-24.184913156568875,-25.71419755248489,-26.872337164908842,-28.03559449165249,-28.13702840939459,-31.230231883241025,-31.824818268213576,-33.05035627112951,-35.77734363893066,-38.33833987024642,-39.54251891370776,-39.3048062555257,-34.83439674994238,-39.47399245043839,-37.76856679476563
