public/json/wind_2018-09-1514_950.json
{"header": { "discipline": 10, "disciplineName": "Oceanographic_products", "center": 0, "centerName": "Ocean Modeling and Observation Laboratory", "refTime": "2018-09-15T14:00:00.000Z", "significanceOfRT": 0, "significanceOfRTName": "Analysis", "parameterCategory": 0, "parameterCategoryName": "Currents", "parameterNumber": 3, "parameterNumberName": "V-component_of_wind", "parameterUnit": "m.s-1", "forecastTime": 0, "surface1Type": 160, "surface1TypeName": "Depth below sea level", "surface1Value": 15, "numberPoints": 4800, "shape": 0, "shapeName": "Earth spherical with radius = 6,367,470 m", "scanMode": 0, "nx": 80, "ny": 60, "lo1": 109.0, "la1": 20.0, "lo2": 116.89999999999955, "la2": 14.520000000000117, "dx": 0.09999999999999432, "dy": -0.10000000000000142 }, "data":
[rows 0 to 21 of 60, columns 0 to 47 of 80]
null,null,null,null,null,null,null,null,null,null,null,null,null,null,null,null,null,null,null,null,null,null,null,null,null,null,null,null,null,null,null,null,null,null,null,null,null,null,null,null,null,null,null,null,null,null,null,null
null,null,null,null,null,null,null,null,null,null,null,null,null,null,null,null,null,null,null,null,null,null,null,null,null,null,null,null,null,null,null,null,null,null,null,null,null,null,null,null,null,null,null,null,null,null,null,null
-10.552161022283867,-9.784954123506354,-10.33987730157885,-10.37981540332482,-10.138158988958407,-9.606478856698535,-9.552220266219956,-6.912918164500576,-5.1093124514365655,-6.032269985397527,-7.155824001419823,-8.906895829194466,-11.08771589668889,-10.947495538430715,-10.521161748154892,-9.547766163754027,-8.607684070544455,-8.58850542896497,-8.518420938732422,-8.313705790523446,-7.615133979283264,-6.861149663919186,-6.47392243550194,-6.355458355297454,-6.178583192317487,-6.2866014806661905,-6.651694740702321,-6.7035565232269345,-6.516411510800223,-6.550136246756321,-7.051187161422367,-7.642462444428052,-8.024345908366143,-8.425415324659415,-8.595969362754818,-8.596417713938296,-9.018025131656936,-9.186122086480614,-8.832797719834232,-8.213336386864714,-8.139121100501487,-8.184197856246273,-8.470618756191396,-9.110591064233326,-9.8884820353387,-10.581502541049721,-11.291933355104423,-11.818474556690479
-10.633596435961573,-10.346671197623834,-11.009886949540324,-11.13281752693743,-10.824880897960831,-10.478515075641049,-9.794527429519635,-7.376711291856136,-5.552309004667909,-6.281841386036818,-6.7192285091127815,-8.521138173978814,-12.230640628037573,-11.472944238767965,-12.052205724783299,-10.317948774111406,-8.929554942001532,-9.194730737717617,-8.952548910237912,-8.822311144927287,-8.225298573785397,-8.302576878669004,-6.902495798802486,-5.561536592648677,-5.675964169600367,-5.040413792626628,-5.1715512082976955,-5.998426574604831,-6.326790972333926,-6.568745657680475,-6.8413538336488555,-7.873147531091364,-7.326111791331884,-8.674519037599918,-8.35937716985411,-8.585586460865262,-8.080517926670755,-7.719962862655743,-8.064808463159103,-5.538687990785622,-5.079681732146074,-5.950278603600786,-6.100045704320916,-6.173164028397217,-5.653356420133086,-6.183102258367738,-7.754171468951571,-9.288196417761167
-10.861584038245486,-10.938262923216648,-11.025690343485156,-11.553572340361736,-11.162595673272126,-11.551039980443015,-10.146840935321146,-8.138511778037614,-7.278982769111898,-8.185743707107068,-8.116306156168529,-9.137549890487426,-10.993704006419023,-12.271830996883919,-11.708518428740527,-10.948441581684454,-9.661416822715202,-9.740820977818519,-9.590570925374921,-9.302885964622059,-9.239640705985428,-9.439882547068583,-8.408221504978084,-7.324880207096358,-7.6184734143611506,-6.595879655498711,-5.356295005054158,-6.621021194372045,-7.002670785643271,-7.4886493793520525,-7.935595134119743,-9.090572477136652,-8.611904181287223,-8.021397588181218,-8.390808598815559,-8.217680736381658,-8.376702581791829,-8.401715464565097,-8.599347514146558,-4.162983266034949,-4.058944680812351,-6.5447312661400225,-6.788163681835825,-7.156058990439111,-6.172889916676189,-6.815113361068132,-8.53437119852684,-9.26393129320294
-11.44599177831833,-12.121255749465563,-12.477080522420538,-11.653054040460622,-11.375960795754674,-11.45879837420377,-10.949210142419027,-9.218685609865533,-8.790735169678745,-9.472984029427966,-9.076317829044157,-9.766813145882121,-10.472374890930144,-11.712950803541997,-11.033060797454114,-12.621952342603489,-9.576233782547403,-10.116815520136935,-10.318438196366571,-9.29459217832901,-10.206101945649596,-9.748578384491942,-9.438167544486955,-8.466840004010232,-4.907308604322778,-7.04494160405489,-5.3021456235189985,-5.943031959403396,-8.434863768217816,-7.92199569137794,-8.795100930255666,-8.954751331669275,-9.165500449322305,-8.4436759802249,-8.697830556708219,-9.469804240270994,-11.398472928395915,-10.478685297313318,-10.359220939814318,-12.558181822332458,-5.647060242960171,-8.097588157426191,-7.899825877502382,-8.99469480472702,-8.056799676343307,-8.1112780294017,-9.754953117927036,-10.590290368571276
-11.663679541579123,-12.287507164806721,-13.070002412928165,-12.874015198200059,-11.635420870899875,-11.652743622856276,-11.100459651055312,-9.778536043000383,-9.130747889465331,-10.92111751215759,-10.917711055152502,-11.808973891958289,-12.211925408157292,-11.985442275994185,-10.635324056338103,-11.96642782219672,-9.984558876112299,-9.823824346612675,-11.090365446048947,-9.984669166886802,-10.782740823826826,-9.660318756549824,-9.437653917854732,-8.474130621286243,-6.66138990496787,-6.084962483138607,-6.532535625623922,-8.035037093663034,-9.943448519883267,-9.082671575544202,-8.982108608046424,-9.640321933353746,-9.899458088028542,-9.345485794096057,-8.969605397157256,-9.868661438745377,-12.012113149305149,-13.656930879013572,-14.339724286975853,-12.634619410653249,-11.576741810121773,-9.10817129836674,-9.271791303011055,-10.091034985021444,-9.473361760989642,-9.359475826845348,-10.523891435358568,-11.623197879673201
-12.296163261010834,-12.491566373893507,-12.951717499639777,-13.414703775840945,-13.143766827643603,-12.305556241538639,-11.673667867495581,-9.999865960948846,-9.50485544134624,-10.966532314719855,-11.017461398268875,-13.53633610434401,-12.952341772955702,-12.30273297164879,-10.793302590041828,-11.602297224118272,-11.297073257396102,-10.17956308010579,-11.173801664222328,-11.510737502747709,-11.267430291122643,-10.260937780048721,-9.509719671090286,-8.714828880149966,-7.291877382048818,-6.600749772601013,-7.095349020842686,-9.018437429064743,-10.947075507692887,-9.328970056162637,-9.237104212714192,-9.978285711743759,-10.935259487836644,-10.675745333376007,-10.276943887427414,-7.474256070329804,-12.608385345782771,-18.941567314915353,-11.527410622336234,-17.83434341418792,-12.80529774169108,-9.358146906381739,-11.278944781424654,-10.746987242179285,-10.129357471615586,-10.11814095533378,-11.164043202007832,-12.056473471327278
-12.556447709300528,-13.107828378059803,-13.20114339508947,-13.56807171266154,-13.679978808153187,-13.143145762071715,-11.631768441132662,-10.321709551281595,-9.778307699317601,-11.044070890160523,-10.696291553134046,-13.019026042481176,-13.248585253141913,-12.65032814459319,-12.674896905397764,-10.711098842851817,-11.94359369643514,-11.234264293714931,-11.100314106000331,-12.217182783634748,-11.65085952110606,-10.492362438808206,-9.253813375462029,-8.436554603716496,-7.031143945548075,-6.170293409045112,-7.254575058675416,-8.851085064942914,-10.726056920896417,-8.839554406702621,-9.62274291726975,-10.39752136811741,-10.950503039446398,-11.446910928634784,-11.245827310487043,-10.204647900671135,-11.486197692759204,-15.005005573254873,-8.808388570039966,-12.853335764996467,-13.186058309281425,-12.017869906377836,-10.832170139492094,-11.979430139585888,-11.143757182574472,-10.825763740182085,-11.841898747600808,-12.916920853516103
-12.166091906721878,-12.9663048393043,-13.420023368504983,-13.777085460922615,-13.713416918738446,-13.938280176237992,-12.574735715999253,-10.322558431559731,-9.369476106652057,-10.712630796659981,-11.399875172587903,-12.418602380043055,-13.122483277985271,-11.830266096258008,-12.382914722551009,-12.64289644244218,-11.353125717940618,-10.870346838098548,-11.783156232568448,-12.372903845021048,-12.128133526274137,-10.76448660801542,-9.258951844077489,-9.088869543115589,-8.058522592667106,-5.485699039926158,-7.811303127256229,-8.574319797947695,-9.478033938450558,-9.222504403467237,-9.042379717456857,-10.63539880577703,-11.896006805728009,-11.451122433714046,-11.978350488993613,-11.771416606455196,-14.801653377523223,-14.981192386798192,-8.923830092569597,-15.36508498582142,-14.65782633799984,-13.974147342794796,-13.662529469358201,-13.858589548516358,-12.339548385264909,-12.172577096025345,-13.275978831173926,-14.156019330262852
-11.747894799250059,-13.016065086758449,-13.731400585621113,-13.604501758264862,-13.857524476816334,-13.420779850499464,-13.423966617847428,-11.49353118071395,-9.271442981799439,-11.0592416728501,-11.261885226032621,-12.258922987943981,-12.970739798577634,-12.170059550652192,-12.112061776785213,-12.67759283990817,-10.239430909465476,-12.296325151851297,-10.939596765045293,-12.648840883641707,-11.951300540264567,-9.19292261183583,-7.979959149447665,-8.198797126541779,-7.725054024013197,-6.224715915881631,-8.113071323857262,-9.075701770863544,-9.096620626439895,-9.534676127823513,-8.82240902241787,-10.583655853898016,-11.059507991146209,-11.756623175139683,-12.60632831746748,-13.494323114338071,-19.3184149773222,-19.63213467447349,-18.411437531368747,-15.169752593681723,-13.695825106441292,-13.620653506473067,-14.030776501353365,-13.291539605809067,-13.151650768545222,-13.474685307253864,-12.904403540101773,-15.493194171605456
-11.521935476652773,-13.041029506052435,-14.436313895711237,-14.20528653132086,-13.581121249784356,-13.500548203118154,-13.292062488277683,-12.335618731426385,-10.82236627461062,-9.951364269492942,-10.3390790877329,-12.139262571906155,-12.691338357785703,-12.493517669467417,-12.039721368689744,-11.193536408095136,-9.898477908942187,-12.141161892626569,-10.587407147265337,-11.573708503688477,-11.039961809523225,-7.616533398972681,-7.85933595982046,-7.899514061541467,-8.596971837170168,-8.615430144248236,-9.933644346423879,-10.617048884308552,-10.078383832949928,-9.458544737584544,-9.629828092653835,-10.387524513287044,-12.768246812808215,-11.60235238878469,-10.93922098770668,-13.499036050754574,-17.212992252151246,-16.395685412526355,-15.212102871811437,-12.777978948126451,-13.368011653651347,-13.674469432413257,-13.445908307461803,-13.371345868727607,-14.274440578341402,-14.28007802216574,-13.083606775085435,-15.452398674980374
-11.063683909214374,-12.499616824578833,-14.769910196039316,-14.276858617295291,-13.940067342746731,-13.327148105053885,-13.443752260021988,-12.6026247109253,-12.505338968887019,-10.55759384972362,-9.665902158806878,-10.747646368129002,-12.136867881403035,-11.833350776045577,-11.474985444096188,-11.514249155265006,-10.22414373697434,-10.748405380596537,-12.382360581250511,-11.251135665415319,-10.965032344678198,-7.9942294647114664,-7.896733254680818,-7.073833702414589,-9.06956057564311,-10.028462071071816,-10.156104269110791,-11.082207427090522,-11.69494128098517,-10.309266380014444,-11.373993533888807,-10.899080910932682,-11.350795034489497,-11.743817734745104,-12.404522298647766,-14.801289465683695,-11.74638256224211,-14.675674750159235,-12.877352203876013,-12.17152965096461,-12.166620142016557,-14.219524799090369,-13.810658467193033,-12.84378143535541,-12.409046794916001,-14.107289036657221,-15.13474827210326,-13.741761222875631
-12.445991960872785,-14.021318232410469,-14.9786414083533,-14.773600608147365,-13.766161626210502,-13.708122776448624,-13.605545349946187,-12.838079441005581,-12.757276304557694,-12.405092429254088,-9.89897134863623,-10.79296131388329,-11.316500881127144,-11.763285407531699,-10.535674824590318,-11.533372519341789,-10.422921094199932,-10.743179774390818,-12.324539945742886,-12.025408161774605,-10.888163550741867,-8.341194775186445,-6.809723329867565,-7.46673309532007,-8.35733666231374,-10.172541356063308,-10.44088019199563,-10.771049920502989,-11.538337842651073,-10.767596797498062,-9.68156509241384,-12.429489784767952,-13.082084518891442,-17.354739568196653,-11.910997826791032,-13.181796829598104,-11.782760674026166,-12.151543665079084,-12.17694916410825,-14.106133415108344,-13.203490580188156,-11.950655067357623,-13.40912656700611,-14.017589984318548,-12.96915483640044,-13.325189609771323,-13.105154479692311,-15.021017503628777
-14.011069118487253,-14.017554885733253,-14.641928350556467,-15.282063711794631,-14.057902254485137,-13.82125003817182,-13.941717907955747,-12.891157331480674,-12.648676710731085,-12.819869589855603,-11.678364017320206,-10.09152157718176,-12.859377586397635,-10.97051848106613,-11.402567506716563,-10.219895021905286,-10.659631122989715,-10.864360899557047,-12.255010022379071,-11.753162977886658,-10.118282295628898,-7.7641611212573896,-9.939000600703388,-8.060425865710467,-8.219140847787816,-8.577385701529511,-12.132436684011662,-11.969023210264801,-11.764339165171853,-11.437222403351466,-10.159716619165094,-12.4442675170056,-15.867798579370058,-13.674627978117988,-12.231312186739935,-11.989948522797668,-12.443863224095566,-11.063453223243428,-12.083551468579502,-13.914061771034374,-15.082993747378168,-13.380038713861783,-12.448660406597403,-12.486353969650125,-13.361344642001376,-15.010625247912104,-13.196652590259827,-13.44209451396299
-15.179087954576858,-14.921669584631813,-14.616067741613522,-15.11771602130176,-14.699307719986589,-13.940992919500502,-13.631201963152744,-13.257917114354498,-12.64905505583997,-12.424549659895181,-12.06711092484469,-10.758839333179157,-11.586884921121129,-11.769971920925471,-12.149968137116263,-10.651578184499087,-10.397331599166401,-11.007028606749321,-12.1687572851827,-11.749165799859943,-9.528320948887092,-7.985590998881317,-9.463853524610725,-11.019221378749268,-7.42594706889607,-8.21955509604069,-9.603265802155901,-13.119958859119397,-12.828901617891397,-12.5341342686512,-11.41931400245725,-9.582188160356209,-14.496541376179447,-15.439648261564539,-13.907038524596075,-12.784656465134336,-15.586338679976711,-14.820056537136248,-10.717501280888088,-13.07657936407813,-12.92875463963811,-13.219881732331244,-12.804305688966306,-12.907200479441837,-14.13023672314629,-13.705661479131663,-14.50264577892078,-13.780390784408024
-15.325333187850601,-15.338394404826518,-14.928389131685954,-14.89931232911511,-15.07278104579493,-14.314970422047313,-13.548738109851966,-13.379669747761989,-13.496990036864783,-12.146489488546367,-12.536403087982542,-11.530677068596157,-11.755681064094462,-12.225401599430812,-12.897425990160169,-11.749016834997889,-10.245304561605474,-10.623489937594815,-10.87858048369274,-11.044608094938102,-9.3079076238683,-7.236142967308979,-6.778145811617242,-9.319507783270154,-8.932586849352543,-8.07179734770944,-9.441143172195165,-10.348201461211877,-12.919850244685701,-12.610216437507404,-12.415125543207052,-10.81560534609036,-9.218503692896524,-14.024292321556807,-16.200089726834943,-13.226347744040089,-13.898843792276157,-13.585931909755494,-11.173889399082082,-10.811565464339433,-12.747212395659341,-12.606663098218416,-12.423071027785042,-12.337166002016255,-15.074825257433769,-15.623673063364745,-15.897063278589476,-14.842046465225184
-14.912294052078378,-15.12220731475255,-15.343483053512166,-14.828151531159396,-14.82801418792495,-14.72333157379624,-13.611629093758554,-13.40307816842694,-13.881638939994241,-12.588757944941445,-12.557749847940492,-12.432332370434878,-11.948236883988455,-12.959998440865906,-12.8254607021771,-12.921666076304273,-10.190266740045097,-10.955149845533468,-10.003475439363127,-10.876206641130233,-9.303882543253362,null,-7.311743968902097,-7.239606894554343,null,-14.247567794059238,-10.547228304479496,-10.064645445419517,-12.796843185767578,-12.909913577048282,-12.392830272978665,-12.573744809392968,-11.443445171153687,-9.99676213680839,-15.880746197284711,-17.875013375774447,-14.794983277653785,-15.2959770322914,-11.113074700135119,-10.317604475089698,-14.284467612496533,-13.129718762967975,-12.441680893562229,-10.460690371422146,-14.481865646398935,-16.33256989631088,-16.63815726193608,-15.059045917430605
-15.0443199551379,-14.986085143011746,-15.38466354717474,-15.115310184058194,-15.220329383113725,-15.01133225457188,-13.699240802976423,-13.187709774591948,-13.352769928959773,-13.367048693800308,-13.045104492941732,-12.54981476797446,-12.429247301808699,-12.730410792618418,-13.04640526556186,-13.905865918182439,-12.610319285131528,-11.811767121811236,-10.78327148529574,-9.051756990086174,-8.546298980867089,-6.395270839233218,-10.814063934946807,-7.909874905700313,null,null,-12.584032770849038,-11.133598145622603,-12.024812335794625,-12.451641351616008,-12.154815705733878,-12.617568047646651,-14.26215412391008,-12.648036869394574,-15.18614059674596,-15.46753526324122,-16.17348477678019,-14.970191404059488,-12.107348469457822,-9.466853492009202,-13.550803194164176,-14.096220226683155,-13.988162283519753,-16.705958717594864,-15.803875204396356,-15.771088485969866,-17.280892354158752,-18.35246658607969
-15.174637705888923,-15.250438114777332,-15.320687534860049,-15.137943014164657,-15.271903221648483,-15.392703315720695,-15.080943839234218,-13.033427793472331,-13.046054155462173,-12.366451901426982,-12.540570814915025,-12.360041798231473,-13.26726036551495,-14.813854741581544,-11.775505154382504,-14.283862721805153,-13.508952735806615,-12.608896747578829,-13.410537131319987,-8.183362971238068,-7.493190291117902,null,null,null,-10.444375300309858,-9.140028383671101,-9.649401238297372,-11.784889250020614,-12.662478171653161,-11.726240823516196,-11.392070119068233,-13.468799030656498,-11.773543978654708,-12.258529585526025,-15.686702857333252,-16.63156999068628,-15.383456161518424,-13.725650336205394,-14.465857389800108,-8.610034953466371,-10.673766109013146,-13.557420940593644,-15.233188194929346,-14.881910572541631,-14.34965693590034,-15.320027335966703,-16.674617549422784,-14.761470029135602
-14.874825437402928,-15.062145911727946,-14.995786729042633,-15.919755066340672,-15.691525701936188,-15.54982851321434,-14.911232987542384,-14.268701546069888,-14.025093042410951,-12.274108046744127,-12.684688082843849,-11.129503769160127,-12.636628016199847,-17.407015182028065,-12.900596081604252,-13.966600909243896,-14.812813849991086,-13.321464112788219,-13.922473536670518,-9.753095217237803,-7.039869874183397,-7.250144682277377,-0.6064952532800775,-7.412026790896326,-12.803456284789064,-12.887503011302805,-13.199866061942558,-11.893527868632845,-11.543231227626833,-12.792343184982043,-10.227036956291155,-12.713518166640675,-12.184632400093246,-11.81473005348933,-17.67652640662074,-13.937869225000208,-15.449183716689074,-14.715568878394905,-15.805629988363549,-11.227853809393357,-11.961641921652134,-11.73776397990041,-13.598843135829092,-13.662201636488557,-14.572300601103148,-16.410536791199625,-18.978524741153976,-14.674836203242544
-15.108222245154488,-14.882429360429196,-15.142256200363809,-14.957206630696255,-15.207479895194112,-15.678868181228495,-14.381656377089948,null,-15.438408966477933,-13.027564614547327,-12.444181398337008,-11.737508553526983,-11.05421692585172,-17.216335930235626,-16.673287181856317,-12.889711490194916,-14.295578402339121,-14.247034175615738,-12.495167285012416,-10.276871680847133,-9.91897034991971,-5.753820367045929,null,null,null,null,null,-14.247825308371404,-13.174997552290662,-11.813238248758418,-10.427802667441698,-11.561470465730515,-12.704906308346025,-12.945208387171688,-12.36748417734428,-17.435140305480697,-15.632719211922494,-14.160454781865033,-15.947841648039082,-12.700331891924707,null,-11.025508382918492,-15.671303341107375,-14.10902523557971,-15.532464165637368,-17.227462004086266,-20.10972373706054,-13.672675330928032
