public/json/wind_2018-09-1523_925.json
{"header": { "discipline": 10, "disciplineName": "Oceanographic_products", "center": 0, "centerName": "Ocean Modeling and Observation Laboratory", "refTime": "2018-09-15T23:00:00.000Z", "significanceOfRT": 0, "significanceOfRTName": "Analysis", "parameterCategory": 0, "parameterCategoryName": "Currents", "parameterNumber": 3, "parameterNumberName": "V-component_of_wind", "parameterUnit": "m.s-1", "forecastTime": 0, "surface1Type": 160, "surface1TypeName": "Depth below sea level", "surface1Value": 15, "numberPoints": 4800, "shape": 0, "shapeName": "Earth spherical with radius = 6,367,470 m", "scanMode": 0, "nx": 80, "ny": 60, "lo1": 109.0, "la1": 20.0, "lo2": 116.89999999999955, "la2": 14.520000000000117, "dx": 0.09999999999999432, "dy": -0.10000000000000142 }, "data":
[rows 20 to 39 of 60, columns 0 to 44 of 80]
-14.873035465828188,-14.666962143644167,-16.09518050369834,-19.917151698753507,-20.974379875404637,-20.628623969511622,-19.954526846911133,-18.54847195777366,-19.947867097203826,-20.267459242422294,-21.05285138081647,-20.715776648624544,-21.213965486608334,-20.91359820357108,-19.34691397098894,-17.833290065413294,-18.361838715933896,-18.113218310188795,-18.680635823443904,-18.37411660246596,-17.475547745721286,-12.758905169927306,-11.604057734879024,-19.502956650141204,-20.52842754678055,-20.68449047208118,-23.647554460975556,-24.054532235367546,-24.275034672530047,-26.66375431190584,-25.303792150028954,-27.00912925377986,-28.190682020771828,-28.812400858295764,-29.395668064679526,-28.100211104679442,-27.381840556655824,-27.767029075836504,-27.96523883650143,-26.636305954454272,-29.294148941453532,-28.48184125298998,-28.893899215913947,-28.50662677158457,-28.03283999472327
-16.578441044267997,-15.895602549596342,-15.917950285067707,-16.02422184260033,-19.632961806399734,-20.588002839186228,-20.59586474991105,-18.966714089359044,-21.618608193322096,-19.59684105056153,-19.586587847900464,-21.380617269693065,-20.798512138439765,-21.21040651079675,-19.819708509962012,-16.993007799699797,-18.759639496475486,-18.960148631345756,-19.29820459956235,-18.96544524610959,-19.67007984816515,-19.31187488466893,-16.65654311676754,-19.868614144483047,-23.2468479847059,-21.36184112235974,-17.107555979036096,-24.539894630587117,-24.212461763007926,-22.681908742206765,-24.897461760138132,-24.701184714287496,-24.00547678330513,-28.06998296852125,-28.685518964826766,-28.714203074807514,-26.978649972958326,-27.496556908542846,-27.097906731944523,-24.99452376577932,-26.383883641408154,-28.151872081231897,-27.23953266001579,-27.448767828803696,-27.515296530558704
-13.793831755379419,-15.487548984814527,-17.44611026442332,-16.502005223678708,-17.128656379004646,-19.908798761045745,-20.873712603728627,-20.683933012980546,-20.481527620116022,-19.993633500415413,-19.80971301037824,-19.677145279792562,-19.8757882759984,-19.8297640006197,-20.581578286709654,-20.646567531890227,-19.47222631679071,-18.769380293290247,-19.33324809578761,-19.337375582037033,-17.91929865073807,-15.410959426684283,null,null,null,-16.958861706687983,-21.290281530671727,-23.237013562198552,-24.131280987108994,-20.29517054804124,-18.14554746439785,-24.099021392740145,-25.208721499241566,-27.777883428803115,-28.216800838202104,-28.463305319046647,-27.291745840490186,-26.687400071434162,-27.195693196787268,-26.270920745811082,-25.39046680083134,-25.85915000889931,-26.685253289969154,-27.269349305779585,-29.51479422426288
-19.543096082794307,-16.452957914156926,-15.895751189114915,-15.323474214228359,-16.383605969787414,-19.306014708916656,-19.48381037979768,-16.83175981896624,-21.133399960044258,-21.197327834824648,-20.87077703905228,-19.262792492323854,-18.902967951366676,-20.0724038756018,-20.338234831162236,-19.671711843643923,-19.345933428098114,-20.501033632008216,-17.420930245757738,-19.880790696593483,-17.53954837831962,-14.160796549548827,null,null,-14.89131423830413,-12.667459148513862,null,-22.31095530510733,-22.564009916194703,-22.53036907421125,-20.54907915093213,-18.74530918285152,-23.315115308365442,-27.539282136616645,-28.28128697186553,-27.366298673305756,-27.143028111576264,-26.478827668582305,-26.46645255021119,-24.961545518828835,-24.18659774292272,-25.660588155511284,-26.547478536688143,-27.416116281814055,-26.38354402489524
-17.21398796932938,-16.90306537240925,-16.823245171932033,-18.120381433521448,-15.704804726881388,-16.28900117749202,-17.090417123483817,-18.557728297125376,-15.589462035834611,-20.466972353525904,-19.62843671343118,-18.136754946219185,-18.635100333901406,-19.12614727902932,-20.66710114168615,-20.762127467875004,-19.151081314938494,-16.581485029328206,-17.039207740113437,-18.05151009452876,-16.583801285778055,-17.350119258322817,-15.099380770683757,-13.654724991282867,-14.817632440372938,-15.144199225085606,-14.496223372357822,-12.035756448648794,-21.086885389824587,-22.701906290102016,-21.85274266386681,-21.34708791001043,-18.89850853573241,-25.193533804241778,-26.309849631114506,-26.645077246300943,-26.356709061536193,-25.18550658887297,-25.818987074415038,-25.88954222970971,-25.024314370714286,-25.424518182093852,-26.75393032855618,-27.256580749660117,-27.193838826869097
-16.909646618874586,-16.359128490499117,-17.69376124604306,-18.11316590734743,-17.071689970127682,-13.97811205079719,-16.556740030390223,-19.238812864873317,-17.3457824459284,-18.648350788764255,-19.268310896620072,-18.17266154287726,-19.135816916194145,-18.75218978296381,-20.50311375366437,-19.724024544502054,-10.143521109980323,-18.50753168543007,-18.06854236113746,-12.070936002810125,-15.531929851481674,-13.539165072879733,null,null,-16.698425615044428,-17.68598322789241,-16.939204517739633,-13.612697463008008,-17.688679740563444,-16.827479556405983,-23.380060192147152,-21.72664017684457,-19.447974360254896,-21.200444963700456,-25.541623300890762,-25.803564818750747,-25.452158094531026,-22.630393260739726,-25.538152599580325,-25.21110874967945,-24.516720900770313,-24.44319856370536,-25.960298916551423,-26.73763546976066,-26.30820315423948
-19.147723337327175,-17.468061968146024,-17.30763793174153,-16.453733010343072,-14.589088115367588,-15.201165498904682,-14.862659533601061,-19.303703610557932,-19.59721837565431,-20.173945470181867,-21.943514945733668,-21.553690050006885,-20.597219748840512,-18.845894223103517,-19.5402888364903,-19.707127722721914,-18.062301501156476,-17.969843485634957,null,-13.574439830742275,-16.201069602106465,null,-13.962175280226878,-14.033688545403079,-16.52057023667936,-17.47881138176019,-17.929469791767943,-16.212304037077928,-18.505967676184902,-16.983491148982484,-20.045361015352942,-23.164949759182868,-21.57362140362587,-23.149113212504254,-24.570594833226778,-24.685111923722772,-24.594642980538985,-23.849170944833023,-22.92233287967534,-23.449963171850058,-24.095069605783827,-24.091665601457343,-25.435914848794557,-26.173544845089612,-27.062524552970174
-20.42115878530813,-18.879569286021916,-17.759524043119377,-16.221694626562936,-14.957451620123908,-16.835924520309252,-11.479803041623025,-17.29378593474461,-16.53558595602545,-15.00854271348914,-21.016184039471064,-21.65233222344044,-24.337631394368096,-21.35762472332329,-19.61743356992538,-20.156986558955687,-18.666460686716203,-17.42536053224668,-16.921324200037766,-17.462445362448708,-15.740077346173688,-15.679846451674601,-14.72393352442306,-17.38036145205368,-16.189381935586503,-18.90134584442751,-18.74781908213775,-16.755495312015206,-17.452453882597155,-19.408013355183527,-20.84708471786344,-20.613466340109312,-22.180223976527934,-19.793159457874758,-23.060721030971777,-23.000849269714433,-23.853339701803502,-23.31707882252339,-21.79092750140125,-23.070932278789428,-22.578891068062777,-23.694755244124718,-25.264594329803305,-25.63561553025481,-26.555512164808455
-21.64557684210055,-19.209793895346607,-16.79647560937251,-14.853902506046122,-16.546614589505243,-15.592871571830813,-14.054483810688065,-12.936688756209186,-17.733401171049444,-14.672937489911433,-16.594115878409262,-16.903556488305103,-12.663141343795163,null,null,-20.907621673237443,-18.97781105406385,-15.271878611457804,-17.57781340727692,-16.256523916266445,-16.234880967702452,-15.664138152576783,-15.823474531306758,-15.313048255086752,-17.043952763135543,-17.5428325576843,-19.969870496550858,-18.45378117743503,-18.18436089104819,-19.158641952028482,-20.419359879163828,-19.107817409717374,-21.135197002815225,-20.534749603889694,-21.74737025327285,-22.568906231873726,-22.625275923052612,-23.260406295951597,-22.980026211090426,-20.952005092925702,-22.405817004916415,-23.462445367617462,-24.91068763711428,-25.39177488797831,-25.528626181049084
-22.415859302030814,-21.596976136678588,-19.974871198873476,-21.047465933375456,-17.871415434816896,-15.992177865617744,-11.163764105449065,-11.18451585185668,-17.734667149642394,-16.671010827514497,-15.530885666455216,-17.494244230588173,-16.840253820261182,-15.629206560679885,-15.526821374071964,-19.344874674554852,-18.896362992716757,-18.65220965775252,-17.345683337144614,-17.012134898310173,-16.504389450045537,-16.89052719093239,-18.013463429657705,-15.279553342486095,-14.247276566177977,-12.613800706178061,-15.847404472437137,-19.87318283845088,-18.12590683971286,-18.776069924545624,-16.25346464717141,-19.903378124494065,-20.298919898016166,-20.858694553038525,-19.495906678969433,-22.246478134042004,-21.673556631437698,-23.728408009752577,-23.524227333358013,-22.53234745903153,-21.35909779813087,-22.709150068947825,-24.862076621063586,-25.367751353544683,-24.86115647536478
-21.311562555244148,-20.637385148569614,-20.653512984633327,-20.220941312339235,-19.392429414998425,-14.298633636975655,-12.303763779010122,-11.965483311909962,-15.930481429113538,-17.114374271633444,-17.336189975423668,-17.909009917392325,-17.879189147866033,-17.99040770770253,-19.130178321235675,-18.981498042292124,-19.769335171017957,-17.859717391220887,-18.64758174067714,-16.87794263740583,-17.93531961692615,-17.351406543167876,-16.804353517892412,-14.889878520068667,-12.326222461475375,-13.743714251916517,-11.240736038886714,-16.289349693399643,-17.163320991441473,-17.701122751466578,-18.34195972017636,-18.527112596974767,-19.426363535037794,-17.868807184576717,-20.20987287344491,-21.121005305572847,-19.05481031797564,-23.132870273452035,-22.944945581548254,-23.14474449643447,-21.940547311283805,-22.2377940617471,-24.497203712434064,-25.378599159454286,-24.533423555745017
-21.81572645137803,-20.91784520186382,-19.519737717900618,-19.59749398143482,-19.01790415800629,null,-18.482406846263665,-11.43343653624475,-13.673892859970136,-17.3510756487654,-17.637130000242493,-17.876377303964034,-17.900110701778555,-19.034099143833103,-18.535834116512838,-20.357366107982042,-19.86806880143,-18.65196104605713,-18.133693150141124,-17.49620962819795,-14.109812736990337,-16.147898021384368,-18.08094206864501,-15.206814971400966,-14.514137527821221,-12.579805663779076,-14.300634911095692,-17.513856758034024,-17.120726835596628,-17.67494458581648,-19.986413162184927,-17.766215822897873,-20.334097681649023,-18.57818047756368,-19.144651629017027,-18.860454341576638,-20.55590652112426,-21.405286699181936,-22.519004557918024,-22.238476919119293,-22.184554850066206,-23.19510409708885,-23.928344824377156,-25.158748311724096,-24.998053742686714
-22.189009020818105,-21.9365966942955,-20.802117444261864,-20.295060871764928,-18.445448035881498,-18.23763761047324,-18.010690531244798,-16.246778572675325,-12.485189922329626,-17.061865971058587,-17.54157070896245,-18.184289368501513,-18.596993847274508,-18.32308488161765,-19.843325405964926,-19.17926059996357,-20.552058616893383,-20.047576070671337,-18.44415023743548,-17.69846409091963,-14.793361150391341,-17.379326154552132,-17.840507833206313,-16.245114090291434,-13.336121502237061,-11.902197276166515,-16.440730984513362,-19.0671760250674,-20.729335137463803,-19.61648371395804,-19.497819399991485,-21.11695723078771,-19.40559583068481,-20.128684732077563,-17.927377886376558,-14.148560964711628,-19.136561892254896,-21.8465957398213,-21.587862818504792,-22.248938865634663,-22.826548729588964,-23.29172766032152,-24.21415083137319,-23.78139428766372,-23.503143937695526
-22.38075607504763,-21.063119540654057,-22.12807806578564,-20.27552764053762,-19.715851646399805,-18.88280363982802,-17.241578908875542,-16.367570934152347,-13.618763379531803,-12.44893816991514,-15.576778545573024,-18.621820974715988,-18.696225601083658,-19.217481087012153,-18.794104775033848,-19.883746832404054,-19.861929542196524,-19.326624966034444,-18.509753722608984,-19.11878237409172,-17.01751962338744,-17.306525410521466,-17.965851544805115,-17.148021565708362,-15.894468432085574,-11.380301579152531,-10.922868763320832,-16.464414021060033,-12.631569088344364,null,-18.56003386928894,-18.502111363206836,-18.864781959141926,-21.83766440341428,-18.815558396190777,-18.516407621908744,-19.67675946577384,-21.533681960003747,-20.992002878679585,-22.33273876675077,-22.612214844206147,-23.260051046350394,-23.4772054853426,-22.3925789748967,-22.461695914929116
-21.920603825361688,-22.66566515621452,-21.758927311449117,-21.554402442389176,-20.535359667256834,-18.71739708561705,-17.195379154096443,-16.927430822031777,-13.262002617704695,-12.091433361923466,-18.15332357731723,-19.794213573268383,-18.521014996006294,-19.05661042123214,-19.21001438943844,-19.840694128442536,-21.29224558301234,-21.15135394000765,-20.44519834331297,-19.43517127236965,-19.657859852504156,-17.902638265496684,-19.260438573813843,-18.525230141819577,-17.100757962621504,-11.603195354766402,-9.510439885969188,-9.654001372585808,-14.68293099607903,-15.816585508569872,-14.173195379761133,-16.79886611508658,-15.811129182926804,-16.62373757669622,-19.044055591384343,-19.719764272264154,-19.833730518844217,-20.792760873445754,-21.05881233662633,-21.44702535102252,-21.635407084534265,-21.278222834848965,-23.962668842041193,-23.866800172098976,-25.054451258623338
-20.81514588606384,-21.8417091373652,-21.71333609733975,-21.576411663029177,-20.553822960541794,-19.281062769673476,-17.394205018483316,-16.720139323915323,-15.342156430408838,-4.132810355808633,-13.987369304029762,-19.77397975631568,-18.420361905731973,-19.807176002144146,-20.01407778803844,-21.2108516247841,-21.532994193375604,-21.68653721049855,-20.452481916916057,-21.03646745437052,-21.62573064649641,-18.46952534225786,-18.51994411022348,-18.26016501276897,-18.405965151405038,-17.697128856231124,-11.686371065482424,-7.454529368573902,-15.749965464605083,-12.709033314599111,-16.717134772272342,-14.77560448004443,-18.057707526657673,-15.392908654020363,-18.432041427548437,-18.759925174329844,-19.403915159322775,-21.858985369845474,-21.79476580118461,-21.62395205707368,-21.5661822522352,-20.941892728916713,-19.522485930102018,-22.408542139530816,-22.296369059059543
-21.71690367953712,-21.614789637385027,-21.993783205594607,-21.458719175582953,-21.1207234607619,-19.56598209712314,-18.5631110436187,-16.70476033829992,-18.117186485347034,null,-18.16329312534639,-15.552481096970634,-20.871029194224505,-20.172737523931282,-20.28323220379381,-19.29927003667024,-19.138100382335303,-22.049911472506935,-21.6572658923551,-20.834370378793505,-19.183646250865866,-18.392755982874743,-19.576924568714514,-21.166698822283983,-20.18281012021952,-17.896957875582068,-12.896402354228185,-5.624957265876292,-12.864766129924035,-15.42384722310365,-15.715857520828468,-16.556068484946984,-15.21329496485758,-16.52893233815328,-17.712345831038583,-17.7183640281946,-17.870338644347314,-17.27628013971272,-17.729755510482754,-23.55182395213223,-20.398620233370984,-21.108409940738365,-20.446513835749403,-21.422062359386583,-21.309244903653074
-20.96929734713298,-21.485978143336308,-22.17762174524277,-22.28458057255676,-21.900249015059202,-19.608122370283038,-18.69510513646398,-18.70896934102904,-14.798930223377722,-9.219515527074938,null,null,-20.772830543583133,-17.2776947841476,-19.539343721746448,-19.1433783490882,-19.739459603011706,-20.691974103151058,-21.18037767216761,-21.220039775349555,-19.737708403156795,-21.25839115771907,-18.29852085701532,-17.66309862129675,-19.340941250024926,-17.555748674606104,-16.25182387257918,-10.361888649606593,-7.928786258558364,-15.563788527318952,-16.13569612232886,-16.302684505525107,-15.430430690376982,-17.356652155482855,-16.418644018721295,-18.797265538659293,-17.407648220482095,-18.694971277935032,-14.755950781654418,-16.60538248063646,-19.26792230491245,-22.422167438728387,-21.324760919668183,-20.464207675060504,-21.728581432905354
-18.806113594741472,-20.83939448512236,-22.268518565061946,-22.4943083351835,-22.335030457590314,-20.47782152587113,-18.63559125740527,-16.510500260478636,-14.97849886236657,-11.177294906773982,null,null,null,-21.469176165075634,-21.404319918799064,-20.30358316560092,-18.094367377493192,-14.897315711982152,-21.376841900758915,-20.847797905523365,-20.22281213082207,-20.381396589531466,null,-19.37809909057408,-17.233893354778566,-19.46335809107655,-19.350168151655726,-14.786185204504555,-8.972111946487434,-14.825815129209094,-15.420141912722652,-17.007805801905143,-17.051106786507074,-16.619576849691313,-18.025128062550102,-19.67889260140541,-18.19230594329566,null,-18.748746732293164,-14.63894748345009,-21.186134888275326,-20.83765806072928,-21.12470401781476,-19.4862077534521,-21.53223203647199
-16.76245846257883,-20.88454457026167,-20.69609691229943,-21.77137448738288,-21.71673483439035,-21.571172739272487,-20.552993092396207,-17.08047283778091,-13.237470782000734,-10.668235901938441,-9.744153876723818,null,null,-23.705228848545705,-23.764144430248255,-21.68307607146657,-18.982173510270457,-17.33648703840945,-20.04477296838414,-20.94581751757886,-21.84082099376251,-18.613322601709164,-12.334147456818187,-14.085033474326938,-14.782491799185577,-23.578211123462445,-17.13068916847744,-18.751437070183357,-10.149484227029346,-12.037472892228143,-17.5916356351373,-17.065954488509334,-17.920001780022517,-19.121306947543765,-17.460643830254597,null,-13.589676982546123,null,-15.178581065177859,-16.599457350880858,-15.237438380783837,-18.239842283568958,-20.994232914609643,-20.147703412647267,-16.655924705405113
