public/json/wind_2018-09-1608_925.json
{"header": { "discipline": 10, "disciplineName": "Oceanographic_products", "center": 0, "centerName": "Ocean Modeling and Observation Laboratory", "refTime": "2018-09-16T08:00:00.000Z", "significanceOfRT": 0, "significanceOfRTName": "Analysis", "parameterCategory": 0, "parameterCategoryName": "Currents", "parameterNumber": 2, "parameterNumberName": "U-component_of_wind", "parameterUnit": "m.s-1", "forecastTime": 0, "surface1Type": 160, "surface1TypeName": "Depth below sea level", "surface1Value": 15, "numberPoints": 4800, "shape": 0, "shapeName": "Earth spherical with radius = 6,367,470 m", "scanMode": 0, "nx": 80, "ny": 60, "lo1": 109.0, "la1": 20.0, "lo2": 116.89999999999955, "la2": 14.520000000000117, "dx": 0.09999999999999432, "dy": -0.10000000000000142 }, "data":
[rows 40 to 59 of 60, columns 0 to 44 of 80]
-5.290100471552778,-5.077486326899925,-3.153562768561463,-6.520899374220379,-7.564076533307755,-8.148470218192406,-6.337160849271621,-8.31566483548058,-7.6547843273501455,-9.959286902696967,-9.03114717803678,null,null,null,-5.639170404169186,-5.437041049008386,-9.84896951363551,-8.302985648503235,-9.192192585467733,null,-8.675082094171506,-10.727953781636904,-7.080794664449798,null,-3.7914802931822216,-9.534682815157375,null,-6.8202745019344615,-14.968695431859413,-16.42958005321384,-19.99168514226773,-20.91892575802259,-22.09510950532767,-19.978216629130404,-16.533822104863496,null,null,-18.1446244272716,-24.893458892590836,-27.226889655161855,-25.681818192654497,-26.440615255280044,-30.337599227664267,-28.626599366729796,-25.879818730493025
-5.768321707972623,-4.347698719114719,-3.906710948660869,-4.8869403777879254,-7.478468382633316,-7.7699052710642444,-7.266396460795269,-6.554587008854099,-8.871959233358078,-8.547065460837546,-11.818502995646643,null,null,null,-3.469926679258751,-6.917252736278151,-12.059367621995868,-5.150565769610301,-6.202751415160726,-12.672546898905358,-7.748592692700239,null,-7.148989021868887,-8.442979532617453,null,null,null,-8.983531976980645,-12.186581917415571,null,null,-12.118288975665273,-19.287269432508573,null,-16.79416311902326,-14.861397001098481,-14.994443624912037,-23.13172417971977,-23.795253271671267,-30.76835078004681,-23.66283741714976,-30.898269284345737,-26.892992948079876,-20.95636105523871,-28.631690771101226
-6.178294374358678,-4.786116568235345,-2.811617965962621,-3.4648997273394704,-6.955954529312497,-8.908765303822378,-8.578144327325468,-6.556241913734672,-9.14545087025405,-8.713863368714442,-9.466890779710369,-13.73210562604691,null,null,-3.7422290603481327,-7.232696733074065,null,-3.348783559565164,-8.195322951777207,null,-6.230245878982607,-7.7196768033680225,-8.822748205107091,-6.524181348566481,-4.3389491521532255,-4.340135081439062,-5.787172434438758,-11.794304539761749,-11.019749995045233,null,null,null,-15.068479322656849,null,null,-11.164596782541892,-15.438921070163882,-14.309302816000635,-18.481431674143614,-19.554711795707583,-24.487646799295327,-31.045842051461936,-28.755457834907894,-29.738693733040115,-22.411272068429433
-6.360235343726,-5.007209821095118,-4.046976475416523,-3.9408068351949237,-6.7964722635635,-9.090328395558766,-9.463619854667055,-7.449842001969313,-8.763113292232434,-9.594199946891951,-9.740670161563807,-12.58391922223645,-9.843587696658137,-7.364169817223779,-5.245327134824963,-9.173921303312792,null,-6.269344953146039,null,-3.060074071796262,-3.816692804090768,-9.82505560244395,-10.725992704213832,-8.592592137410158,-2.7704079779923143,-10.53579379508929,-7.330583802790475,-13.287530669458892,-9.462968590288863,-11.453955474848378,-12.14761078759166,-13.774498101639958,null,null,null,null,-8.62014396656841,-21.374050146183016,-18.534241665750688,-21.91788489897103,-25.152809136288766,-24.811543700430406,-26.120574815474534,-23.510589443061377,-30.129989384230754
-7.003427291212843,-5.917443156002379,-4.821000202943141,-4.1063419109750035,-5.955613225412172,-8.741047018374328,-10.070403995581112,-8.863383285275889,-8.541375624393996,-11.335333175126404,-10.88110068358287,-11.709830169803915,-8.921965927156247,-8.831512374108247,-7.133671902474449,-6.148842421318411,null,-6.659214710112299,-7.743942394415944,-2.950200767927934,-9.320773980701407,-12.556797691035658,-10.320623431986565,-9.371501930791634,-4.418886066413359,-14.63508222989056,-12.42951044349172,null,-9.419760893225119,-11.853728848608068,null,null,null,-14.477761567241519,-11.845435453851334,-15.699059037816774,-15.81465957919001,-20.122666260340388,-19.90268888094194,-19.54339057678459,-17.705332411813664,null,null,null,null
-8.418994407058381,-6.831260073739697,-4.358068938368495,-4.640042077747317,-5.10268660190893,-8.396098207214905,-10.602808406113551,-9.92810933668957,-8.690646139575026,-12.401813051129714,-11.261357315569308,-9.345062735898697,-6.551012683096435,-7.920637007498686,-9.584623425205601,-6.985881534273538,-9.83332803711841,-8.52320463871716,-7.154148893372905,-13.487592712697568,null,-8.465272334561044,-10.676888904146818,-8.89018563837013,-7.512089729929642,null,null,null,-7.5464760927835055,-12.978099622944669,null,-12.413459103125318,null,null,-14.242121666503907,-11.890516468507512,-14.377365237255308,-19.226907739727075,null,null,-16.612930350886263,null,-16.7146049000885,-16.982799821943882,-11.205530383050714
-9.856690815550733,-6.289921891724451,-5.385033029789307,-4.825800409893712,-5.182090216584131,-8.728692467141164,-10.137231577270263,-10.876957127476945,-10.988866188164602,-12.315700793317424,-12.618447873219282,null,-7.319606023833946,-6.29272435962956,-6.7215039574362425,-7.654680748585197,-7.433880312405044,-9.152256763014837,-13.32663285475778,-7.6452114655808145,null,null,null,-5.646525032031089,-7.730563649635984,null,null,null,-13.041273390563457,-13.70133264240376,-11.710448478106642,null,-13.871851478665503,-13.80673266623969,-14.058351593182202,-9.054185090857338,-8.850386079829686,-18.506688230368646,null,null,null,-14.592773992633756,null,-17.513898495028062,-21.084988882192935
-8.394475970687456,-5.868004258508169,-6.348119394434112,-4.730204656516727,-5.0041215282957126,-7.47981462416292,-9.045240011909112,-10.561635925995319,-10.76659029147849,-11.02267086223371,-13.334687544454024,-11.597193498754056,null,-5.625600763901078,-7.330950920910617,-10.879785541791806,-5.293021602596294,-12.780004853476393,-11.808022971091956,-7.599061368332597,null,null,null,-4.343384442142625,-6.283848661399144,-5.909177463697706,null,null,null,null,-9.779037772284651,null,null,-9.436207553455194,-16.628074995925253,-11.318285549392519,-14.194954782237971,null,null,null,null,null,-21.331587841328915,-21.61921867706632,-18.736750833433305
-5.146933750315741,-6.9777816034768625,-6.4602714514113035,-5.9561929711266774,-6.375224913645297,-5.225226019432285,-8.997188915307863,-10.053533755568715,-10.848899973100393,-11.82949634091893,-9.671558083343596,-13.049087778958453,null,-5.206083247764162,-11.435913009495003,-4.355443533846136,-10.59879948176424,-10.975440070527451,-10.549283797780792,-10.375082160594854,null,null,null,-4.4124195738700225,-6.489555452615601,-6.099696741358086,null,-3.910592057655976,null,null,null,null,-7.490284353706314,-14.5747521224197,-20.79253878552441,-16.659137921991224,-16.929692330753387,null,null,null,null,null,-9.180773632357543,null,-15.410091059998898
-5.840686371492032,-6.583313729015863,-7.3221638302875816,-7.5701940718230585,-6.326556841008356,-4.285360897621721,-4.82064796373065,-8.491950369430636,-10.353951246082765,-9.69890017988437,-9.811827730265367,-10.185667842136803,-12.343395959030328,-10.344791864862987,-11.629041696539531,-5.694664476274225,null,-4.136501022731641,-11.43526264533218,-10.546613282003806,null,-10.793867922590307,-7.195754835116886,-7.632023156257763,-7.066972934814552,-6.494402465051666,null,null,-8.072822630712572,null,null,null,-14.30727444280783,-16.658427652836316,-15.82252023853039,-14.789895755850019,-18.027401616949927,null,null,null,null,null,null,null,-15.682345194522401
-4.6082371757162495,-7.236743800738186,-5.185891178994707,-7.9755638007510115,-6.605278031837445,-3.8203737477257658,-3.2900661842304633,-7.104856639141323,-8.453418949992551,-11.643116040346355,-10.813849457799282,-9.532956023100228,-10.11441229400202,-12.705259196036826,-9.460541483419775,-11.52065103777365,null,null,null,-11.132132255915241,-9.928130756341599,-10.368565535569928,-11.773014864818448,-8.563678650776097,-7.302544993225914,-4.924686881381592,-4.820573348326952,-7.634616947102096,null,null,null,null,null,null,null,null,-10.047741206620124,-13.372025766167827,-14.790854418067703,-14.413973323340752,-10.859963019508628,null,null,null,-19.642677434865803
-3.140345969909654,-2.4655581732789313,-6.47202160183993,-6.956048679492622,-6.340450236037542,-4.185129571609288,-3.435816170940551,-2.6745763227853647,-6.426984792773828,null,-11.79988752362769,-10.606869615569964,-9.702729068843494,-10.463516461734633,-12.127045647791768,-11.284839865225655,-11.702840059135424,null,null,-12.024281774874378,null,null,-9.182205024485498,-8.20851992749172,-7.6864544685860245,null,-5.555435987686029,null,null,null,null,null,null,null,null,null,-8.225403060079651,-11.247096073378794,-11.55267619190812,-11.209059581681188,-12.229403317239539,-14.151334848420696,null,-9.526420189059507,null
-4.341714370959362,-1.782045778425288,-8.18956831634074,-3.875755327406457,-3.8859353576107614,-4.056358732002233,-3.8911769415428,-4.384736230320428,-4.428802647073056,null,-8.697593407771532,-11.791662904356382,-10.172428640002627,-10.154206931257344,-12.543416567955061,-14.07788691448276,null,null,null,null,-11.628406383956131,null,null,-12.228435996555463,-11.042658157970008,-5.371244745296457,-6.410501710507487,null,null,null,null,null,null,-9.999894871018853,-7.233637301493783,-13.311526333169198,-12.679774017914545,-10.938504207068881,-15.415653553974602,-10.370501203988606,-10.919901672099202,-13.580431413181849,-14.577330074643289,null,null
null,-3.953348084667933,null,-0.843257128724874,-3.3920974898577327,-3.5689696935231123,-3.4846232465467915,-5.973316500089107,-3.6120135937948232,null,-5.875957511694316,-9.54072833610562,-11.804581195888137,-10.136261336561741,-13.088576121792851,-14.787492957879675,-11.416667492370982,-12.077372832743043,null,null,null,-6.671439208684486,null,null,null,-5.92079216805355,-3.1315134158188838,-12.598178637354046,-11.801458729738949,-8.973321550999813,-12.459693064029215,null,-12.827404038289,-14.059667387324733,-14.315488975614583,null,null,-9.708565973869453,null,-14.7898108908842,-7.315764398231779,-10.799601431683927,-13.802686559648421,null,null
-2.9742647493069727,null,-0.8595059161156046,-2.089046914109387,-4.272129814688056,-3.889879342938683,-3.2212984395343276,-7.718981623195598,null,null,null,-5.771362333550635,-9.269269384493178,-11.575980305448748,-11.503743969942816,null,-9.65027180640963,-8.152815257117199,-10.364263156482991,null,null,-3.163461382111975,-4.924856032563467,null,-2.406561819158578,-7.786851964998101,-6.857988709064312,-12.021384122434117,-13.44490471096396,-11.965722656072069,-11.391572957949549,-12.511597549217457,-10.708013553736148,-12.792126007372799,-12.987437367166818,-12.970907549901884,null,-8.239681269033019,null,null,1.3035227566004497,-9.327379687595542,-12.012148928265972,null,null
-0.7690072238290304,-4.140385948263394,-2.783205623219965,null,null,-4.101057021430065,-4.148879620656309,null,-8.632229772578714,null,null,null,-6.787559187120473,-10.280753686810716,-10.647028909653944,-10.689266396227607,-13.567731113857274,-10.951505466346257,null,null,null,-3.166498630014865,-3.6354455475909946,null,-6.8322870265307625,-11.393953567292382,-11.32226282823063,-11.402539920494197,-12.775608611697502,-12.45778024063434,-12.056034476010307,-11.867440821332988,-10.495987188839194,-6.814285675277615,-10.168870630608136,-13.138756748538563,-11.880160527015798,-10.098246422280244,null,null,-0.14962297470298005,null,null,-9.30698382181765,null
-4.277849555149464,-3.1391547977316065,-4.958643970956631,-4.188742405033084,-4.692787258019845,-5.7780136550189845,-5.470798324546934,-4.36596642335277,-6.55843931639893,null,null,null,null,null,-10.19431073084535,-7.4638997471364785,-11.515739102773349,-12.357033347697934,-11.33827609710355,-10.682172932803482,-9.19868839750056,-8.641620761717439,-10.993523861312905,-9.970683116699119,-9.682469552353133,-7.624661627929937,-6.382732739709828,-6.415991523766019,-7.625889808822025,-9.512170483051484,-10.884597104004003,-10.792278217547397,-9.197341978049922,-8.447567193008853,-8.619120905665438,-10.702557123701432,-11.926183848200136,-11.091115194531731,-11.576754382243083,-10.26080304450177,-7.0030155381204775,null,null,null,-8.700592742498953
-4.775630721128234,-3.7397594487562564,-4.798194081031243,-5.061897402943565,-5.177062025685305,-5.692384608561925,-6.2344444523735145,-5.870378573147116,-4.808891856563809,null,-10.508286030601518,null,null,-6.6100067205281166,null,-8.15786094049702,null,-10.52819121379657,-11.823561990222395,-11.28429056936119,-11.385176406782222,-10.159507705216864,-9.498991592627581,null,null,null,null,-4.40281522253469,-6.711095825247195,null,-10.296793083644037,-9.27536887679051,-7.833043738803261,-8.945356083627923,-8.192283163014885,-9.164712103244906,-10.982966808774934,-11.787339823709688,-13.371608549829098,-12.52897767067837,-10.563881640739197,-8.881457610200405,null,null,-5.942359732830852
null,-4.769081408868774,-4.2316598584863705,-5.187703113094315,-4.487979571624602,-5.510021301977267,-5.870783581806943,-6.138182822493105,-5.937479148048155,-5.2814333098588655,null,null,null,null,null,null,-3.962328881684659,null,-10.94141093313766,-10.764183250974087,-10.131244369111979,-9.830432099319033,-9.31391721201472,-7.223354854003061,null,null,-5.161879790721892,-5.511524040221589,-5.633352238265221,-8.72004931077458,-8.599977512889298,-7.945671580088476,-9.928971305593752,-10.343815121818709,-9.690363523679508,-9.341560939403106,-10.858831472536172,-11.949106544651322,-12.605522228020707,-12.545081510524502,-11.787770000729239,-12.135169216938571,-9.666747129449607,-12.115868596260801,-10.812578563259313
null,null,null,null,null,null,null,null,null,-4.692493505419585,null,null,null,null,null,null,-5.262797324983751,null,null,-10.790545567705209,-9.269777871637293,-9.131135683082238,-8.208906369039576,-8.56629261610047,-8.666523758749701,-6.349484993483886,-5.877647524790606,-6.551813337236533,-5.548588591809498,null,null,-2.9310329803899102,-4.418367337262999,-8.533278486624617,-10.467251811512588,-9.90770302309632,-10.185035821178676,-10.390414120257105,-10.617234304393339,-11.61186375217449,-13.323092654062508,-13.357348943362217,-12.014008562357278,-11.581697067082303,-12.034965076508236
