public/json/wind_2018-09-1521_925.json
{"header": { "discipline": 10, "disciplineName": "Oceanographic_products", "center": 0, "centerName": "Ocean Modeling and Observation Laboratory", "refTime": "2018-09-15T21:00:00.000Z", "significanceOfRT": 0, "significanceOfRTName": "Analysis", "parameterCategory": 0, "parameterCategoryName": "Currents", "parameterNumber": 2, "parameterNumberName": "U-component_of_wind", "parameterUnit": "m.s-1", "forecastTime": 0, "surface1Type": 160, "surface1TypeName": "Depth below sea level", "surface1Value": 15, "numberPoints": 4800, "shape": 0, "shapeName": "Earth spherical with radius = 6,367,470 m", "scanMode": 0, "nx": 80, "ny": 60, "lo1": 109.0, "la1": 20.0, "lo2": 116.89999999999955, "la2": 14.520000000000117, "dx": 0.09999999999999432, "dy": -0.10000000000000142 }, "data":
[rows 20 to 39 of 60, columns 0 to 44 of 80]
-8.096606218835076,-9.535592664609851,-9.97964493980253,-10.110199440356544,-10.816432954802048,-10.411183365161097,-9.616989126232589,-10.838440022897721,-9.881805144494665,-8.977146891331092,-9.16968228541358,-8.487465087997224,-8.724480444127936,-8.056015565509533,-7.146651537976686,-9.850893638468655,-8.722562786380278,-8.55881441924084,-8.43831154266035,-8.643110760498885,-8.50281497392083,-0.9315654811599231,-3.8355763733653805,-4.180299697149919,-6.494711188044102,-4.7949550783495045,-10.56815865755318,-7.966072499761067,-2.9435084731532526,-2.386213586128507,-3.671136630768695,-5.305527841663977,-8.906558390336778,-8.794696743585657,-8.998285454604854,-6.269837822883595,-10.199233408884721,-11.280014169406384,-9.75581602928512,-7.270115502858416,-10.548260169282313,-5.352776043946271,-4.377466061390162,-8.640708939995864,-8.242386256602906
-7.250285965405086,-7.539905237432222,-9.744472061192027,-10.23451921499397,-8.418719487075817,-10.684879066694116,-10.225293003542067,-8.686705749813417,-9.26541306670003,-9.24947865589065,-9.486271209975238,-7.628057158197804,-8.162019353005379,-7.443835920271513,-7.982545642207557,-6.701868840009089,-6.926851597466551,-7.720057182685921,-9.310427554351872,-8.306157968480981,-9.508558160477213,-9.688043646977832,null,-4.666558495983528,-1.805314629615667,0.2570928871931499,1.2377909511908356,-5.383201145003729,-8.624713349554908,-0.3154118259566887,-3.5843122640567535,-4.375252597583158,-3.5855129394973195,-9.30104883829529,-10.08535547662958,-8.959477712705013,-9.56230167490069,-9.478460800365491,-9.582587278688534,-9.84063270437507,-6.621927249320603,-11.441619481920512,-4.459329978655588,-5.749368354948106,-8.678876504190876
-7.333280321462054,-7.238618590084823,-6.71171680948122,-9.817109310783248,-10.324539720255943,-9.806596362665168,-10.998898312398758,-7.428532848531646,-8.860142562984029,-9.521427035902072,-9.609707314297307,-7.620028678418564,-5.913593341596253,-6.2945024943290315,-4.038605814102352,-8.050383097198058,-7.12449562006371,-8.638442226835473,-10.046333517188494,-10.28711971993862,-10.179984690974372,-8.863194085477685,null,null,null,-0.25387380695857065,-3.650354297308137,-7.140146348722982,-6.7129959409386455,-1.832503542279905,0.9932518614399236,-3.003084323735125,-7.469038129198922,-10.83698057277851,-11.901832237436503,-10.404596002295081,-9.797612636730284,-9.65068053430188,-9.232245751344765,-7.715929570681855,-7.628599041205126,-9.670791057244454,-11.351565149016263,-7.2837020676261055,-9.72364480982425
-6.310872700008414,-6.967888186512263,-6.54488920827063,-8.160764148413033,-7.718389902109726,-11.528314575956184,-10.511369407002457,-7.511643097527489,-8.805116220151113,-9.84694846393597,-9.509910050765228,-8.567488400697421,-7.27408499360467,-8.071929902124873,-7.597444038895411,-7.193807245850061,-5.492991027456339,-10.490792547564489,-5.098584820418385,-7.040422923250743,-8.233328621993348,-7.15616996647055,null,null,-1.0702425012690038,-0.08590605814368033,null,-2.4537169961863814,-6.965193066599235,-7.811483722196557,-1.7555248243773198,-0.11715305505311194,-2.587431841217081,-8.68226612556069,-11.49191876748266,-10.12434218758536,-10.971249526421788,-11.503842241384536,-11.988873075917903,-11.027823641799543,-10.618848341438733,-10.18200178625994,-11.535385609645875,-10.606343627481968,-8.26113671207986
-6.849105646448215,-7.185191071346381,-7.12310704484249,-5.3733562998047475,-9.530126181528841,-6.154703856605122,-9.001643790503174,-9.171730182534331,-6.492531605279513,-5.601627509513424,-8.94091346654157,-8.791313248232997,-8.463079056579087,-7.887219018352546,-7.833619980255927,-7.313231677867581,-9.31124618647895,-2.303230894719681,-5.656031377008244,-6.822583696415659,-5.268912993799212,-7.507295719613688,-6.207337844059894,-0.723566371573405,-3.4382798764915385,-3.4128327167803585,-1.0747612173257448,3.7455198931567035,-3.3896126702819003,-7.348524252215229,-4.532256062647182,-3.280946077902063,-3.629905220949689,-3.685802486416449,-8.722806665316494,-10.632885544172417,-10.033608582502598,-12.095541475379132,-11.474659693166767,-11.068558776317253,-11.748240391692518,-11.576618624659144,-11.562179871152527,-11.746170981097979,-10.680583348513082
-7.22893578943347,-7.322721949985699,-7.056976267670952,-6.962448040481156,-5.529986503797672,-10.601109003050125,-9.838138316319615,-10.223509796392618,-7.760731787949894,-6.504630514724681,-9.07074521988018,-7.786249476219637,-9.194994974369573,-9.577753152037113,-9.515805541955512,-9.456570669272864,-3.3355567294364734,-5.099877026575149,-7.995628341106149,-1.9494919419760492,-3.0332487471178293,-4.516849064742802,null,null,-4.082223778120324,-3.7060862670410955,-3.79431715706177,-2.1766262926421613,-3.702918583678481,-0.948197103048349,-9.059424934418102,-5.7547318315775975,-6.881174019029471,-4.077194083998576,-6.985037143756014,-9.216722762627967,-11.707690334441901,-6.477467463388519,-11.942176201028522,-9.817469720075456,-10.43491025126518,-10.59938149772225,-11.443274116390501,-12.730935630108293,-12.327248030677747
-7.426790178351718,-7.335933281013142,-7.536991187143233,-6.8342520515452705,-6.547999124127919,-6.780295829827766,-10.126579486822147,-8.829500173048675,-10.616615992613582,-8.27982823253777,-9.839902201996784,-9.5881066700923,-10.6884726382811,-10.65325867442083,-10.864555242305254,-8.928780239637275,-6.633663125444824,-5.779627090617363,null,2.3353194714130514,-4.546330529722097,null,-1.130698573142311,-1.2836570083226992,-3.761775229130418,-4.728318307752235,-5.218791052731087,-4.329069306062041,-5.551923877547848,-3.1732830084801007,-3.1094784322030855,-7.233061924802662,-7.3853643628671195,-7.195151889274928,-7.931850692766501,-8.912872105803034,-8.427549023513144,-10.07525389352924,-8.719548857964197,-10.616680071902623,-10.286524956983397,-11.14795910221965,-11.889247491640521,-12.606894514547594,-13.55616718228363
-7.437874365189281,-7.407479132278541,-7.593909659433263,-7.16020479622448,-7.443172597540372,-6.7266596642430345,-8.871353251658133,-10.21247346200502,-8.44627014516626,-7.8851434560546965,-9.40352034118172,-7.908286439593361,-10.620666070377437,-10.769872984063612,-12.270261331008667,-10.713007570438796,-7.327706856962363,-6.59160890596212,-6.4396768800259006,-5.755221972714264,-2.3413672442700078,-4.976252782652684,-2.089310560883859,-1.1908199744860315,-2.9927414399713954,-5.915289213127344,-6.807708884809486,-5.791555670810224,-5.934662645024515,-5.830619549282359,-5.666453579780803,-5.155467734095279,-8.037608116486872,-5.195204137723017,-3.489765752834454,-7.881182185997997,-9.470818655116092,-11.291281491679229,-9.621040090984462,-11.564487002228663,-10.913548176631704,-11.179162908842606,-12.389787112377249,-13.055498378218218,-13.765661741199231
-7.694484351868974,-7.500423815167748,-8.240786401091885,-8.738808810292253,-7.746824176921396,-7.202754543897951,-5.910708760858281,-10.070966012057704,-10.655184977147092,-8.977742611218451,-9.135142350782296,-8.878147037345709,-7.760668093649572,null,null,-8.405394701051474,-8.375037735486206,-4.044515030962282,-9.473698708064719,-7.443014507789564,-5.0154963681526725,-4.333595943015599,-4.109956991315465,-2.7176507923252684,-3.3752057986699913,-2.660944158452855,-8.374689288464895,-6.509395024163421,-8.018268091582117,-6.566550666046403,-10.69949802300989,-2.8964549967280897,-8.909837244606809,-9.207039451670664,-9.139544094481106,-7.501003242866294,-10.097621304335686,-11.115449248790656,-10.692137003813682,-9.764784380179483,-9.849635911250266,-11.209433540644438,-11.887518350379343,-12.78432744016837,-13.821919908424984
-8.76597706941099,-7.574322369254231,-7.702433097357403,-6.252750361973056,-6.678785240443743,-6.328208927716343,-7.307686939070366,-8.909899891168934,-11.549420823781215,-10.791938453022007,-9.522811779768654,-10.480785244658964,-10.961313516575796,-8.108964798635196,-7.744105694730698,-7.658923890255663,-9.795910509236464,-8.809132075400182,-7.854826707446149,-6.772723565107048,-6.511964532475066,-3.74530100079548,-5.584156587616788,-5.08180142939546,-0.8859215652197346,-2.7990851038546363,-1.4442795571977107,-7.881366161820498,-4.818557591349212,-6.941675306578169,-5.3710007320962045,-10.867040657604795,-9.546477226148953,-11.88545072147028,-10.99965850154334,-11.22555625221779,-13.281802882143614,-10.879989742766888,-9.923762427239991,-10.464476661503802,-10.305776673326143,-9.562426583705475,-11.362553901846422,-11.972845736808932,-12.97356818643941
-9.18004973888663,-8.548282249577078,-7.726509965338263,-5.670153835468697,-5.303632747173948,-8.24575380278155,-8.544385680791057,-7.65164936273282,-11.634744574146042,-11.71256188542313,-11.410366339296322,-11.40565450359582,-12.517872103011452,-11.153841345795122,-10.963106428584654,-9.609600862749236,-9.13281965368095,-8.95496287154634,-8.181150396009153,-8.419563004923912,-9.185539805605998,-8.090520143387911,-4.221471768066643,-5.132467554955445,-5.383570387822726,-3.707311098331048,-2.5792812258018625,-1.8654146107250054,-5.1343038000704215,-5.773882519157015,-7.513825273624013,-10.138385932635561,-12.155816486703024,-8.195282772228445,-11.652838703905529,-13.859898009969719,-6.80197575864662,-9.325217407576217,-10.749316928411845,-10.736363923265563,-11.4780873765478,-11.379122133530501,-10.71734012540381,-12.001482893401583,-12.767384092472899
-10.125490704773714,-9.842936909539388,-9.0100193322133,-7.559052149956074,-6.026987384984563,null,-3.5720954607995665,-8.517382148768608,-8.987956976608192,-11.150286275738058,-11.313143368427053,-11.857195546601947,-11.191920030232337,-12.667876219386093,-10.518287479299506,-11.397328464615732,-9.40653062670664,-9.614773273288684,-10.135350561869984,-8.457393612387023,-7.230626899492881,-8.837421048675989,-7.674121707316912,-6.506796447922712,-4.132407542525838,-3.538638655096688,-4.135661461749246,-7.2113902858328505,-8.77541327030252,-8.194011222098412,-9.129974399373982,-10.48886605828263,-11.542632646874935,-13.459885459457187,-13.710800839689913,-10.75868069594115,-13.765660201449544,-14.156841903272774,-12.236569244354538,-12.069113231237123,-12.62076537226863,-12.589511036945517,-12.819984023881815,-10.842955888048493,-12.55963079787155
-10.851281785522076,-9.817613549460539,-10.615225954749747,-8.38944643585622,-7.393569123339378,-6.0274000571786495,-4.717244276644729,-3.6406212280979866,-6.562053068727406,-11.023811181644204,-12.910738134335002,-11.666199521230137,-11.917133800043167,-11.383381114824267,-12.094928470600673,-9.929135374216804,-10.858311856303327,-9.902004800741043,-10.228512653227076,-10.206536708670336,-9.078126139929473,-10.5717740517647,-9.475127493116116,-7.734542129136621,-7.127811011843574,-5.695166135680394,-3.7103955684383916,-3.1043475978326445,-7.778349764893573,-9.619929588824892,-8.766414349556003,-8.009270401240668,-11.712250483183706,-11.768853481380027,-12.109644866036156,-4.2397837346141625,-9.593860060076466,-12.20992400762401,-14.191313850587669,-13.761827311087282,-13.500189659722533,-13.592832572285186,-13.953594429177825,-13.906763108159218,-11.42185448391657
-10.639981418348892,-12.221557075469406,-10.588694260297014,-9.349686785431935,-8.544600662025148,-5.870076010680664,-4.429315732292216,-3.601475559730938,-1.5378193376205016,-4.0238144186837,-7.70796575059588,-10.001350208015587,-11.02742433587081,-11.183528789691655,-11.712756011617204,-10.872706241345625,-10.612072372578425,-9.221625132579854,-9.362911773950518,-9.890587441144168,-10.04814133575167,-11.143451593274065,-10.658717460408699,-9.730864436413816,-7.8701452348745615,-7.139797162961027,-7.766060078219722,-6.831688338544053,-1.2255045675952898,null,-3.6769986611780396,-8.620565861792006,-6.511978801571632,-12.036163587929765,-9.409417105041891,-10.685682792877264,-12.080172677672264,-14.985005097021016,-12.394775322758596,-14.901387702629465,-14.697468911615093,-13.908330192637846,-14.521486344189304,-15.096222491862362,-14.545973520646006
-11.173856173989371,-12.264861075900845,-11.479628140177741,-9.465954897367437,-7.560660491376347,-7.583736053608666,-5.0444811202394435,-4.370435339295024,-3.4228709156729034,-3.5672575656125973,-10.392532777095466,-9.948079253913736,-10.755737050219807,-11.710737182569526,-12.484617053315326,-12.092591879729902,-12.449697229309285,-10.853240257450912,-9.056006004983594,-11.150196226284482,-8.792650657490416,-9.829752392914438,-10.593146345604753,-10.130421616532837,-9.628364993490496,-8.823220007030532,-7.165628375569861,-5.126102017507276,-6.031259841426207,-4.710955556400023,-3.162413968844766,-1.73317153215037,-4.61224298430933,-4.970655945160458,-6.052147289394499,-10.530644582927662,-12.360312705631033,-14.999213164562203,-16.02282149159943,-13.30667660043791,-15.14440018690819,-14.84223089145451,-15.211570361337895,-15.018915165793464,-13.355334852989818
-12.207151883925823,-12.25535219564882,-11.527412199041652,-10.519106258504761,-9.33813111360018,-7.51051764477327,-6.149980541761678,-5.110717361822475,-6.026294286073531,-5.059082966675433,-2.9155681625914176,-8.728489675394105,-11.273505872006266,-13.382231831938869,-13.396587249735958,-10.772094646058578,-11.391858695896282,-9.728242507525469,-10.27847641511891,-8.16502246063489,-8.742841082064546,-9.034605955232776,-10.584088409001199,-13.065447637658409,-11.867525044789838,-6.919722831996866,-6.8710187948461,-5.406011743000567,-8.223988733397201,-4.957651858246264,-8.275948286618295,-6.043745806798757,-2.54445615466926,-6.378727808134992,-9.87636567505291,-8.043378585511483,-10.825532430424298,-13.938521349364713,-16.806108631604072,-12.356708772995658,-14.812358422506984,-15.367897699464846,-13.511847377399425,-13.560183827135157,-13.819389928310919
-13.114093734935437,-12.857375415358032,-11.63331330404144,-12.099790928291222,-10.153151557594917,-8.343354406321122,-6.997703053215719,-5.9028813819682195,-5.425274870074771,null,-8.824558885993454,-6.511153190286256,-8.283186156895304,-12.72550701082169,-9.311904529571724,-9.487657031835333,-8.268158035757734,-11.27536485586225,-9.662920777677996,-8.765036372910586,-4.98954018120298,-7.337084317208182,-11.219333592916566,-10.806645043294315,-9.041260688022028,-8.022349803875455,-7.5463755842872215,-5.021568816472551,-5.394438074699766,-9.054424800087375,-8.975106448838506,-9.752605613503052,-6.051803018740447,-6.241204847783182,-7.929180555824244,-8.07366158896383,-9.725360969892824,-11.86568859121994,-5.142691833341561,-13.47371201911308,-14.782910165754181,-15.67029005132868,-13.287331106649427,-13.629411051421476,-15.089586733964422
-12.09831587675711,-10.62437172398909,-14.587081284239598,-12.003578700415716,-10.8856120005046,-9.502895542698228,-6.954465237490262,-7.804161146116279,-5.415827554187047,-1.2159308564663451,null,null,-8.580009784115234,-7.132836204555602,-8.608458907957825,-9.611326229695013,-10.7663357842196,-8.723133842982872,-10.61246843936282,-8.455081830619868,-8.042468813009782,-8.106339883160937,-11.205185726945107,-5.009052747145592,-8.782956310123934,-8.268185266276525,-8.535359024488153,-7.277571100022461,-6.5986106760309795,-8.722739244576562,-9.30036399553332,-10.45356311438547,-8.255829680369377,-5.639810581156778,-9.456966551846447,-10.220338618067265,-7.779808119492081,-9.473180810197157,-8.302650772616728,-8.383789842440649,-8.216479779659178,-11.260132144475278,-12.426420708664681,-14.60214994449461,-14.727168538227136
-9.023524094049698,-13.283013382996508,-11.320856500435237,-12.055499701357206,-11.776918276515834,-10.694614580497298,-8.993202632302896,-7.729686956502776,-7.601501143699948,-2.5754927430617163,null,null,null,-8.885880833210107,-7.997165147666471,-7.445809081476673,-6.7032818024052325,-5.55695776188407,-8.423411301597824,-9.37466548062422,-9.91859060008056,-8.647867761803804,null,-7.404058046228403,-4.032722862455476,-6.839301902188248,-9.984734352417956,-6.053366678716923,-6.408554154344522,-8.963302454821633,-6.867545762567351,-12.326623891439237,-11.047944614347385,-8.41387088805369,-7.610221070708472,-11.113122327559056,-7.4026915996947835,null,-9.739103993312023,-6.812406361806595,-13.10818398695715,-12.989539354229457,-11.381114680034289,-11.128252377407719,-12.493012953204861
-8.034249109770755,-12.87049444602561,-11.342068424563909,-12.232010855125248,-12.760396033206911,-11.579715962094186,-10.529513675375338,-7.759255838211596,-7.9590938873450225,-5.523384731113232,-1.6406389754385113,null,null,-8.052002392347582,-7.933984463659715,-6.027217162142063,-6.492400880269829,-8.853292131233134,-6.583510822070268,-11.347660134164109,-9.46233734589459,-8.817935150926008,-7.136026841078109,-0.9028632442987137,-4.506885160747982,-9.707837859200518,-12.716606329555818,-9.726851528363362,-6.698133536867861,-5.817894321573937,-8.40762906673244,-11.87878365352028,-12.03528077969479,-12.608097147072643,-10.311842104210225,null,-1.7915635939529875,null,-2.035754107533224,-8.243491786389907,-7.756815570381807,-10.312730464507867,-11.128214590564834,-12.29737916129346,-11.335794567434528
