public/json/wind_2018-09-1519_925.json
{"header": { "discipline": 10, "disciplineName": "Oceanographic_products", "center": 0, "centerName": "Ocean Modeling and Observation Laboratory", "refTime": "2018-09-15T19:00:00.000Z", "significanceOfRT": 0, "significanceOfRTName": "Analysis", "parameterCategory": 0, "parameterCategoryName": "Currents", "parameterNumber": 2, "parameterNumberName": "U-component_of_wind", "parameterUnit": "m.s-1", "forecastTime": 0, "surface1Type": 160, "surface1TypeName": "Depth below sea level", "surface1Value": 15, "numberPoints": 4800, "shape": 0, "shapeName": "Earth spherical with radius = 6,367,470 m", "scanMode": 0, "nx": 80, "ny": 60, "lo1": 109.0, "la1": 20.0, "lo2": 116.89999999999955, "la2": 14.520000000000117, "dx": 0.09999999999999432, "dy": -0.10000000000000142 }, "data":
[rows 40 to 59 of 60, columns 0 to 44 of 80]
-13.87229926634651,-13.720016454904624,-12.525837101630579,-14.062563439596111,-13.663089200949432,-13.677377672216137,-11.472837893047977,-11.254087679371764,-9.640332060708435,-8.475890365846361,-5.317383342465904,null,null,null,-4.92844971148877,-5.586776626845964,-6.39176314602976,-5.041724910712176,-7.248261302503117,null,-8.371826855176943,-11.31754750854797,-6.611742500697551,null,0.5115077289889444,-5.510626662683556,null,-7.712609414820238,-5.8969167266315905,-7.939024755551152,-8.781887110240305,-14.010231910872612,-14.85481345763307,-13.452882492191536,-11.711408542650366,-5.435188344073085,-2.467301649513149,-8.79874022022059,-10.955248959208625,-11.296383187763645,-6.922891413194133,-12.635329502935042,-12.636804535503563,-9.637754899970938,-8.237891177417941
-12.878769262532318,-12.196701338387223,-14.444541967290265,-13.845193993440692,-14.376134812204969,-13.164859014429867,-12.83444320487353,-11.139577273012337,-10.925481894814746,-10.543312291528038,-8.271295922927093,null,null,null,-2.5610357960461374,-2.5046255272998255,-7.273104215642648,-6.070477820640427,-6.470195877673922,-10.64195984761378,-8.642035740638576,null,-6.989456787768538,-5.4753634844187244,null,null,-3.9102834415049426,-6.95986425000935,-6.022616328314927,null,null,-9.156975737569987,-14.771008799541875,null,-12.139303442534725,-6.170482299004977,-0.8374877923217785,-6.5293147294462885,-10.854125506890762,-10.325259010530404,-9.199787861977107,-9.281308020182307,-14.98588560602769,-11.802868750162325,-7.494010043407734
-12.204894137342963,-11.915090298289408,-12.303848750603798,-13.655401801169036,-13.640385885687937,-14.748007230920859,-13.857106780458524,-12.49256292791599,-12.233205021683904,-11.043869056219112,-11.656140798122514,-11.276124806283214,null,null,-1.7329805005501937,-4.123862191787852,-3.337007401937224,-6.322291467471076,-2.391842574583614,null,-11.077819055563848,-7.939297516445706,-7.840131812762671,-7.036043121725317,-5.926712766278064,-3.8385063995744737,-5.492262864013188,-9.277990932955115,-7.417803751929459,null,null,null,-14.400559567840963,null,null,-4.718190046084776,-5.485553128640797,-0.9579503414135059,-9.368112262646,-9.9843986404038,-8.137456084950673,-8.032190780741884,-10.809606859057007,-11.274629216153958,-14.915107155132837
-9.05981185609762,-11.198591433433032,-12.184469935766176,-13.107234780011227,-14.349763822713125,-14.851099742718468,-14.876489061870043,-14.066797305486357,-13.404160814724797,-12.22695561788128,-11.449544500671273,-12.76212206875353,-9.079372873110115,-4.836226683081179,-3.8013082946871033,-1.7415927740108783,null,-1.0978678393119374,null,-4.008664763468214,-7.416870749046076,-9.9480331077871,-9.093652619992874,-8.015832821983823,-5.656606487813111,-7.9513899589762875,-8.75394405541907,-13.288629915641705,-8.32498389666078,-5.304483460649852,-7.610997522964543,-11.177248271440796,null,null,null,3.110717769128848,-2.9427117481036746,-4.932144967481796,-2.5331643956559957,-8.023372939053306,-17.183280634475942,-16.427208772591097,-13.603184382863981,-9.553038106568303,-14.358331327116566
-6.524680161428178,-5.678560976678757,-10.303639264368421,-12.222323780189964,-14.036500498716496,-15.08197643433654,-15.373437709049654,-15.341430919158874,-14.502062667565893,-13.501232329259196,-13.156651315030633,-12.873129206922622,-8.70166339197163,-5.804455415058418,-4.27004231620386,-7.579247956217147,null,-3.353718978162137,-4.011069124853326,-3.0595956649412956,-5.3683803215211725,-12.340715443765536,-12.299622317013482,-9.737549539410592,-8.475751974805782,-6.620021512882007,-11.589616018999104,null,-8.587255746504736,-7.781745903532857,null,null,null,-6.39284957574088,-4.36363225588814,0.44894887018749335,-3.067219791625393,-1.0601295472585925,1.055565092946053,-12.441033809878276,-14.545730893519586,-13.303165403878236,null,null,null
-4.280226596672332,-8.453670967496294,-4.010582237049276,-10.233454018192255,-12.247817595766156,-14.913757066575009,-14.618715837888942,-15.795044038041077,-14.693070978174704,-14.083405535867742,-13.315642519170293,-14.795878433230998,-4.983895720892629,-7.239855400238817,-5.464564146863751,-7.524878908536649,-9.560275567474184,-7.4456785147136,-0.7705084701985382,-9.184003490979265,null,-7.729229895764563,-13.750399943621304,-10.592111885352203,-9.68237056157346,null,null,null,-6.285755518011952,-10.603232322195606,-6.075669780528159,-12.948987682350555,null,-1.334562269453162,-4.097077886706958,-3.67147053508352,-3.0408412282303052,-1.6080232651797604,null,-12.715713264923949,-9.476759753376353,null,-11.162152574214662,-5.709442337638124,-3.9651968096016543
-5.776287150819179,-3.341280378159017,-6.4517449880399,-4.348393257109024,-10.924504134640651,-9.988434513490883,-15.281918556017759,-15.615279669196198,-13.621791816273593,-15.846560217165141,-14.857526588513918,-4.389155067380028,-9.567763926957207,-5.831909694965367,-4.949867876166435,-4.14549309765953,-9.12223996863226,-10.564555452642896,-4.920200652730334,-3.463332481249018,null,null,null,-8.300079262109382,-7.552646020274416,null,null,null,-8.66045107670993,-11.911768773687395,-11.549446313643731,null,-9.55670157465732,-4.082754772604466,-3.0767868777609486,-4.1787028438142375,1.0263649652188633,-7.567458243105561,null,null,null,-5.353925990602616,null,-10.673735608817596,-12.689192296037456
-4.595125397439438,-3.7194062142834032,-3.1756064837116513,-6.3954360589598975,-6.888450311875052,-10.648331569473408,-7.455729763910057,-11.761617623369872,-13.83802809080807,-15.109649303951649,-15.262816818390053,-10.701573507325692,-10.177555308899635,-6.5919921225232185,-5.908356563059499,-5.279941865333431,-4.292937001985802,-10.48012500177311,-8.924293920790038,-8.393375809321599,null,null,null,-8.934665525151686,-8.31296155905382,-7.7647043313753406,null,1.076001619678746,null,null,-6.11544494004897,null,null,-5.979924439188193,-2.617018472857919,-4.550049079140737,-0.48927015598666695,null,null,null,null,null,1.4244625389211392,-10.540648883352102,-10.304068176058834
-5.641367807319646,-4.715890156267227,-4.341596372862266,-5.144849181208322,-5.729039259636504,-7.754506840372963,-8.20292555487458,-9.395444891284392,-12.471005364032216,-13.556792138907173,-12.647275810759782,-11.727550273563871,null,-9.619986048030713,-7.1475540266910045,-7.521367254758681,-0.21710441032824537,-11.605986227855297,-10.150156495522701,-11.915655357561025,null,null,null,-9.161949357688226,-9.168032599839679,-8.539784215475908,null,-6.747438703345425,-2.947408597906639,null,null,-9.430432744345769,-1.3605966832069007,-5.100718203188317,-8.103249623509871,-6.801048897162544,-6.879373920658461,null,null,null,null,null,-2.002094409195628,null,-7.854700588886739
-5.406549245368488,-6.5515823804352395,-5.704482656226312,-5.178820378437465,-7.568439107392161,-3.9760097968097377,-5.824994341692219,-6.842196469686086,-11.640524095062139,-7.874527085202509,-12.84510286913371,-13.332654415216723,-10.418868346165484,-12.059720778032984,-9.882455600862198,-9.226343828932915,null,-5.4705902110551605,-13.370587697410189,-10.495478256754371,null,-10.446813161194447,-7.835404727372735,-8.17769853014896,-8.833519570800128,-11.769532999469007,null,null,-7.634598242373634,-4.70646599684019,null,-3.9838114774449704,-8.526832821487961,-8.182353694054042,-8.206040816421128,-8.269470689181308,-7.859759633509828,null,null,null,null,null,null,null,-1.3870262881686393
-6.950873031475213,-4.53753278079701,-6.106731298524391,-6.376314737583799,-4.9748928805612636,-5.192934434835053,-3.3779517652564635,-8.92791706128228,-7.497596128931379,-7.104830151279234,-10.707890068504238,-12.235099127619254,-12.900673606968224,-13.08512401876051,-13.70135462645881,-10.338632295165903,null,null,null,-10.316449255790966,-7.176270285436513,-10.503820234045564,-9.3941335179257,-10.033265556523546,-7.523524373541922,-10.310571843087262,-9.81115113369719,-3.60889469539926,null,null,null,null,null,null,null,null,-2.128223010009808,-4.279592910755045,-4.547660438414063,-5.458462558266079,-2.6771867134063205,null,null,null,-3.3653180365171966
-2.6857881742875707,-2.4697360056449766,-5.465983858428493,-5.498105389601204,-3.858468859808514,-6.04064140858782,-2.9567202475889047,-2.5799348569732112,-9.93046626500957,null,-7.642247687819454,-10.778671804165786,-12.567803838000524,-13.817626286380358,-14.333897788511306,-14.824863208119279,-13.438438849350288,null,null,-9.287326819963898,null,null,-12.710491121331827,-9.484843645138799,-9.753402673225333,null,-9.0438798362817,null,null,null,null,null,null,null,null,null,-5.306212251187612,-5.172260314995224,-6.180655973323465,-6.754889202612123,-3.1881172157796422,-1.7984987334616198,null,3.21480380924072,null
-5.603290073168433,-1.1702616570483326,-6.373415868317782,-2.1162816109492084,-3.078267560505773,-0.9862841065640098,-5.120269797237565,-0.2882768206305618,-2.7883683757491986,null,-7.310835679158705,-10.267534005254705,-11.262975074188592,-12.643314196528266,-15.626145088510562,-15.265496597397673,-14.02021254599464,null,null,null,-9.92822942202278,null,null,-10.096652702495748,-12.99729425101556,-8.428952589445393,-8.595623900439675,-9.188213377347884,null,null,null,null,null,-3.3836971087041063,-1.3841627774163623,-3.6926801566368184,-8.381814314577875,-7.14103859951586,-7.261068548213757,-7.848562049130114,-6.281751030359015,-2.515048378707955,-6.269409244248618,null,null
null,-1.1517751165757768,null,-2.4077437232204346,-4.4432674631409155,-2.3585759282196253,-4.625049352182022,-4.730149572787554,0.03973822534387958,null,-8.798315029972162,-7.487577323680766,-11.818423262182524,-10.805083225025546,-13.963264182143268,-17.01869374122619,-11.578074519832708,-11.970776835215137,null,null,null,-6.144353275167042,null,null,null,-8.405933611252948,-10.361881766846118,-11.76936603240565,-12.13027109475046,-9.378928652785293,-8.972519121541247,null,-8.617742109216222,-8.438181190284546,-8.858103441287216,null,null,-3.2376054560155003,null,-9.60973637662543,-5.036815985679595,-3.7954858561375397,-3.9961782192179327,null,null
-4.432235739506057,-1.5042195824473787,0.5571771117992383,-4.027294505984365,-5.103296672619141,-5.3657187141832985,-0.611225294096769,-8.813458973141465,null,null,null,-5.243916001826919,-8.857942449681175,-11.158938313019314,-11.921312691715139,null,-12.648070316152864,-10.624893282049849,-10.049978276074656,null,null,-3.6998716887099965,-4.546446042123241,null,-5.537266375312632,-8.67812107904263,-9.557609920754977,-11.924943309605158,-13.133521016661936,-11.941510002452546,-10.438755849517598,-9.650131865749946,-11.422067323464375,-11.653663304645766,-9.193918995408483,-7.107961307699197,null,-2.8675871627230896,null,null,-0.9046735417928806,-1.270200981852133,-6.0518661388345585,null,null
-0.8223585941611211,-7.759876464836943,-6.24722986294463,-3.1156807447071473,null,-5.222897798763615,-4.529341766081288,-3.696869079895344,-8.66979960337209,null,null,null,-6.8796127612269515,-10.377186941606935,-10.449059188056918,-9.104482487077352,-14.053422293788518,-13.59967108917726,null,null,null,-5.231940487861439,-3.337982321127842,null,-6.944319314174566,-9.813144125349568,-11.30543155477103,-13.448654579200008,-13.148212494986144,-12.705948836852729,-11.559090226509593,-10.736784046856387,-11.005874226063153,-7.518951464906979,-10.582813489280365,-9.430303789301702,-7.5225307503231456,-6.539872055936173,null,null,-1.8612426011134136,null,null,-7.13585196560166,null
-6.003609373310281,-8.353827543531168,-8.6197311036766,-10.946680694535926,-7.925109849974225,-7.538390785225742,-5.628112790388768,-1.7412073179057734,-3.1280873949036225,null,null,null,null,null,-10.504749243579749,-8.288352090298016,-8.917267930007325,-14.471853627234069,-14.162163959738875,-11.056850325995198,-10.358686700112163,-9.094499588239849,-10.414095677542575,-11.848244754178086,-9.501926829581333,-9.57278036291408,-8.984213265291222,-6.390998346444415,-5.303067853963923,-9.259389992488705,-11.886403095149696,-10.614496779392551,-9.730788984900904,-11.90892145676926,-12.418200575567893,-11.212495710470552,-10.096172686936848,-9.473993476699786,-6.8026887326238565,-5.57182994744432,-4.756688875371493,null,null,null,1.080905896908913
-8.92366760903338,-7.642545267118412,-11.197373325584344,-7.665999812485498,-10.13949312774478,-7.273990474327555,-6.8691894279050505,-3.3262995822260653,0.3119185994508289,null,-8.114888868822131,null,null,-6.473252934375578,null,-9.584342987846215,null,-11.408358682484453,-14.574639462921336,-12.437265420109412,-14.046034238800742,-11.023649860948227,-13.299908789156056,null,null,null,null,-4.772608999665769,-1.8373941607141626,-8.303329296347044,-11.36551044990254,-9.973572573302436,-9.311380124191743,-11.931027137701472,-13.20838197636019,-12.8567101494071,-12.823691518869374,-10.780323470606351,-10.780381976735391,-10.052804110388298,-8.85316964223508,-6.483456378806059,null,null,0.25506966156300215
-2.6544953027501976,-7.44602601858352,-6.052917830844015,-6.879393902637106,-6.002091159111734,-6.85329854702854,-8.426812373968296,-6.507503762721183,-1.584396133537617,2.2155893718152155,null,null,null,null,null,null,-2.4564437588382173,null,-11.932815107334633,-13.916615625749415,-12.459919227588209,-12.301516600638054,-11.327222857039017,-7.241537708710472,null,-5.525026899791632,-5.654390216510717,-5.363415235352546,-2.9318978033155423,-10.703200072661055,-11.181925118521042,-10.052646958437995,-10.810993517134477,-11.545312355046388,-13.088706019967443,-12.040922815057588,-14.087858569417772,-13.739480089342548,-11.619274716267332,-10.79840197652201,-9.612202164712402,-9.858671162371067,-6.422734786976534,-4.574983889669554,-6.627843108536769
null,null,null,null,null,null,null,null,null,4.033352273089147,null,null,null,null,null,null,-3.14652487160326,null,null,-12.521738413354294,-12.377646261070488,-12.524377541328498,-9.884968773534645,-9.775656303106194,-9.619600363083618,-6.631712727425248,-6.792611403172549,-7.995533731677654,-6.263235373097633,null,null,-5.069799195667592,-6.5238883791882625,-10.318460561903848,-11.66034919559513,-10.445343755017294,-9.017088775716127,-11.371808346999133,-10.473809379891353,-10.526690144929523,-12.462410409820869,-11.99871369768795,-10.633702226785458,-8.044683675791653,-8.404930426893689
