public/json/wind_2018-09-1606_700.json
{"header": { "discipline": 10, "disciplineName": "Oceanographic_products", "center": 0, "centerName": "Ocean Modeling and Observation Laboratory", "refTime": "2018-09-16T06:00:00.000Z", "significanceOfRT": 0, "significanceOfRTName": "Analysis", "parameterCategory": 0, "parameterCategoryName": "Currents", "parameterNumber": 2, "parameterNumberName": "U-component_of_wind", "parameterUnit": "m.s-1", "forecastTime": 0, "surface1Type": 160, "surface1TypeName": "Depth below sea level", "surface1Value": 15, "numberPoints": 4800, "shape": 0, "shapeName": "Earth spherical with radius = 6,367,470 m", "scanMode": 0, "nx": 80, "ny": 60, "lo1": 109.0, "la1": 20.0, "lo2": 116.89999999999955, "la2": 14.520000000000117, "dx": 0.09999999999999432, "dy": -0.10000000000000142 }, "data":
[rows 0 to 18 of 60, columns 0 to 41 of 80]
null,null,null,null,null,null,null,null,null,null,null,null,null,null,null,null,null,null,null,null,null,null,null,null,null,null,null,null,null,null,null,null,null,null,null,null,null,null,null,null,null,null
null,null,null,null,null,null,null,null,null,null,null,null,null,null,null,null,null,null,null,null,null,null,null,null,null,null,null,null,null,null,null,null,null,null,null,null,null,null,null,null,null,null
1.8925694671919797,3.017088346399419,3.6928615796893562,4.381294854137959,4.9693887232437,5.052848306085245,5.395596895772939,5.404388071311134,2.5863556290776595,1.282556798136838,3.6551109941872006,3.158687038660317,-0.5183300361304946,-0.12381356425667288,-0.11123902023992502,0.3383666738718346,1.6010380178985484,3.016698407663604,4.103592817798214,-0.16621583476437146,-0.8370134981044646,-2.224849727803286,-1.569027872494523,-0.33433259877181964,-0.09870659596846823,-0.04901311003242295,0.9996637697449214,1.6748352396373039,3.299854343103654,4.781712005472125,6.879647882020483,9.22241915352723,11.006546815499672,12.212254660146513,13.327519653061477,13.88017929169314,13.910497951951271,14.33278070838281,15.758151180771044,16.465496733181098,16.40187185081542,16.860480107522626
1.702194788640937,2.803902620432412,3.322710882995077,3.634407498311213,3.6426064202847166,3.4678474667046277,2.886503842108277,-0.6259747740188488,-0.8076695708181284,1.6278297342982146,3.2985485541121875,-0.3810230744217644,-0.43132731506057975,0.38433863126118295,0.010938977483181952,0.7822810208730597,2.9184633090320173,5.5988450771411005,-1.6625187553075471,-4.956766150370492,-5.113991416905318,-4.878403839147056,-2.772510752778426,-3.65164035936443,-3.7166549489868475,-2.9619483011766645,-1.0651337579427347,-0.759427315468341,-0.21381504928151662,1.1199378840436103,2.8450753061466054,4.956709392451662,6.408738431549223,6.661087645835765,7.869601061781514,8.827843206992814,10.052284124448992,11.281877982860212,13.430445095695918,16.85684670740331,17.94742405129016,18.849024651377036
1.4566490650930917,2.789441749129311,3.3333800660815993,3.3998714559391647,2.86056895945806,1.6065072847586246,-0.6192752137556576,-1.512825124941785,0.08633406472829566,1.4264255680672417,0.04618931019095855,-0.6737196155045524,-0.4346127607370391,-0.760988598076657,-0.3112217570243428,0.8797567299528783,3.342637386015894,-2.4233219043236343,-8.023929199543902,-8.003991467572249,-7.013535583485149,-6.229624573658766,-6.252053127941812,-5.062219051135859,-4.835511123496122,-2.859836886400843,-2.9707599118811965,-1.8885143700221219,-1.4129302441653648,-0.20126118248465175,1.9963929449971196,2.160321090616816,4.607955220889953,7.936991956113967,8.576411888020996,9.673703660981266,11.600470103771633,12.494416257314125,10.746254322432168,9.995297043562493,12.228548366357675,16.96290841044766
1.2806206421410538,2.9827522734882574,3.187594321837066,2.799839001305924,1.8112718131801862,-0.24497331852275808,-2.542089353911245,-0.817055504365605,0.29953818687199757,-0.42140011134081884,-1.4862126853787263,-2.2664504259344986,-2.3496732358754686,-1.612668556697279,-0.7296204841104363,0.488601710762011,-2.0748751017138027,-7.753374263658445,-10.145793506788968,-9.882109250122518,-9.767611319613604,-9.005067704603263,-7.357622169984163,-5.9810016093196285,-6.025241655765681,-4.329018069054386,-3.5957488669228934,-4.032273276569128,-2.810845979306168,-1.6783506593595774,0.4244048119873056,2.337779162088032,3.161483813346569,6.6977105836611495,4.832897169492336,8.128763440781333,8.32925313735134,13.796474249773933,10.533420218870992,9.877154708145023,9.371411600179252,11.940272231199533
0.9478332509587973,2.3282626140134424,2.2081528279484366,1.737036649459189,0.18268116944503981,-3.45964750870603,-3.214289990682938,-1.3537145801091206,-0.6897426934969978,-2.60123120912709,-2.093502590384754,-3.5354202128359717,-3.2443979953680704,-2.4421778926497817,-1.854845133843685,-0.7903890177347228,-6.602247536060766,-9.786689956838512,-10.421723450869337,-11.616421648389643,-11.05863724232988,-9.857830838213776,-8.959064347079767,-7.79604721780117,-6.6256595049794305,-5.820070724114852,-5.788243155975577,-5.135666361588777,-4.2139583615227565,-2.469497421519936,-1.2717185952578354,0.5905203448532956,0.708091291984557,1.7241995461928494,4.174498898409234,6.1582660699937986,5.784506689911672,8.121442586896716,7.726258977812341,10.169718207767392,11.415221856949971,11.277259262793923
0.9262222306698938,1.2647107642832285,1.025412392090692,0.7565385711138738,-3.5558961902333497,-3.9498231557021573,-2.7755949800399957,-0.8443319913963945,-2.58020439597236,-2.6919841567248937,-3.5571798916317,-3.710187674563504,-4.181354454578522,-3.495219689508618,-3.27341042958062,-3.276280979779701,-7.8226712995366725,-10.867747486680816,-11.053297079352518,-11.64325421536758,-10.836472483345494,-11.503121187747709,-10.146426182893542,-8.344516817569685,-7.643247337581992,-6.965658365585442,-6.997101741605048,-6.627743489646976,-5.498598272184978,-4.97437166479149,-3.1831158119623235,-1.5900997221517783,-0.33088907979963306,-0.053621482221532804,2.417539400123181,3.53768204423849,7.496663973206095,9.438688086625074,7.76796635724984,7.366155451891316,8.363500642424416,11.464919014015969
0.547501334757431,-0.2712501742942045,0.3983730083138734,-1.0564146694120418,-4.927851974838252,-3.751801833646195,-3.1459869073286297,-3.803969109253196,-3.789301568061026,-3.4854980311940604,-4.2793311745556615,-4.595146167430503,-5.235297648599713,-5.529668519775512,-4.704734132297187,-5.7107835641675715,-7.414712826724754,-10.635769183213942,-11.945948429939143,-11.062085634713132,-11.986412470512718,-12.494301746740842,-10.71685808624244,-10.11611734861185,-9.127113966163055,-8.2469347777328,-8.528851976563233,-7.789291531966754,-7.541395692357048,-7.213726630078028,-5.59628752138682,-3.546639897952842,-2.373702781668337,-1.5406393181282874,-0.7505342793899248,0.8919316314910462,5.097975025036366,5.836891163489012,7.092210038689735,10.223794169919266,9.25658262691549,7.191068771877172
-0.21964152622363026,-0.7991882082649099,-1.1368847878093113,-2.6034044099010605,-4.595604984760486,-3.736075332851062,-5.033127274585083,-4.555961760391042,-4.242804012295401,-3.956912564690814,-4.549070779831184,-5.425488152499164,-5.799730613136341,-6.482621406388715,-6.936288437745613,-7.458339835327375,-7.8322544230536275,-9.431498892549524,-11.741027373272438,-11.77109902828185,-12.776406001638636,-12.230096179475598,-12.486965121004593,-11.492029731752082,-10.149910863484406,-10.303345098513317,-10.182239805660917,-10.168919054050248,-10.189304415654178,-8.70366955912499,-7.006368486181197,-5.719956262837907,-3.57806422390358,-2.9949768658683533,-1.4285155540865568,-1.8792732219383583,-0.9154606090267006,1.4673408077478658,6.2083270744476575,11.185363171876965,12.165104791550547,14.461929860743817
-0.9178903182318803,-1.0833096711107237,-1.750865779393771,-2.8959229535059867,-3.5325221367194395,-3.2014876276349047,-5.3822071691858335,-4.799147520847512,-4.3682928429982955,-4.260488017341359,-4.534119698550183,-5.951212149134683,-6.204174580366916,-6.303905900408401,-8.219906138959914,-9.377274347033136,-8.982125502010067,-9.94778979027631,-11.348576307644132,-13.423122573011309,-12.61045108059528,-12.232946191012001,-13.292942950978418,-12.696738589336764,-12.34739308898267,-11.117966789308733,-11.6900987293713,-12.195295077003083,-11.182588460044924,-9.856909573745094,-8.814304826103871,-7.378519984378354,-6.233269839538312,-7.325386046834193,-7.53359940031599,-5.733644115156026,-2.9662736573832755,0.37405917493781904,4.1879490005093665,8.196809740462081,10.905494309025775,12.37350444719031
-1.7596633468118044,-1.8777968260747975,-2.2418497619294726,-2.987365144997474,-3.2704368728631894,-3.7349994607434183,-6.160928041531232,-5.5183907963023,-5.000642263691254,-5.14801526140242,-5.644470176043917,-6.141609118314765,-6.724132070349995,-7.240563965775181,-9.094538740625657,-10.60226501796176,-10.877711104997012,-10.746926559693335,-11.742819901361987,-13.927068632670235,-13.15298113480213,-13.342855528952118,-14.215838234289295,-15.115467357060336,-13.453966297287351,-12.612357362075892,-12.995109694508685,-13.452542123030415,-12.406838780799767,-11.694316092539179,-10.119895178622038,-8.938405686739337,-10.676543721046562,-11.042542625337951,-11.830114319799716,-9.954647035319734,-5.868082307100217,-0.055115681196916566,5.6826734549352516,6.46107976456177,6.586827719368149,8.783087160190592
-2.618298664642241,-2.2223371318584153,-2.5482275130780563,-2.9056548976551033,-3.5550038754364746,-4.374554027139657,-6.492842452458001,-6.429511805104022,-6.475626356005736,-6.942000058909939,-7.62410083108753,-7.930805151780912,-7.968852237380513,-8.931101244928136,-9.874741887331043,-11.412094301936367,-14.155265427338719,-11.546134279329692,-12.175953215531923,-13.77226195002523,-14.947159557094771,-15.275816116752054,-16.050499085155856,-15.649903906245783,-14.731953888632448,-14.124947607603959,-14.190488355282033,-14.284807568672475,-14.26559352210346,-12.450339074211644,-11.32172736466018,-9.829080927574282,-10.560270433897399,-16.475594560758413,-14.586278221946623,-12.727578399547562,-7.613955751095454,-1.7703233468641462,3.658024575193956,3.190502178970752,4.546390781136158,6.331265139858804
-2.7805872154672464,-2.963297953874867,-2.962116130999171,-3.3148893128980568,-3.7474516141938397,-4.238573162086777,-7.134049939603444,-7.590035290125438,-8.079831821716617,-8.365273583303036,-8.502083734429695,-8.750481299417272,-8.956548767302152,-9.513185423642236,-11.182136806526426,-12.1803792013311,-14.13586671376382,-14.15646102053573,-13.414237514934147,-14.015253407760392,-16.663174995752197,-17.13743588882254,-17.510142170802027,-16.133610220289775,-15.90344082442329,-14.88300905181929,-15.267769407448375,-16.241272090973318,-15.297873588280899,-13.557234262399751,-12.895707823970431,-12.846818778542373,-15.132413907016165,-17.75332525379053,-19.938469762966605,-15.92458403779482,-10.270258098312162,-4.171377948446142,0.9570154395576618,0.33588694119798856,-0.9336004988874411,-1.6377032753623297
-3.228600437989348,-3.2598568373185794,-3.265029575414351,-3.3601272386429204,-3.8270870322853434,-4.135276121036341,-7.957118171477121,-8.48031666938011,-8.774058333356237,-9.584458730930704,-9.805003919849948,-9.995747373517649,-9.291060431961638,-9.596580612318615,-11.441750959674494,-12.45114341325862,-13.72083517134892,-14.574873822048497,-15.265757958486905,-14.957609324871747,-14.060954378801332,-16.824319259120145,-18.26205021928115,-17.342311916977817,-15.94475069719555,-15.454865391813042,-18.156030178119444,-16.864233311297497,-16.166094782286763,-16.327412632208677,-16.776586230582115,-16.281155386170788,-20.440111082446297,-25.00919862833113,-22.540124965932094,-18.325045693342002,-14.822776899004403,-9.89078023687319,-8.054861262003488,-5.001233572842444,-9.422707465649752,-9.354189946994786
-4.410028074005942,-4.084548994370909,-3.405149590567162,-3.574671839031163,-3.9855142182133876,-5.290321245218992,-9.28541530009321,-9.691634306426241,-9.74726791602483,-10.23071690829863,-10.77803835678676,-10.641869561255309,-10.172648133747762,-9.63177955168143,-10.312575259642358,-12.210016076133277,-13.718969263502363,-14.471454931972893,-15.576704342899507,-17.97120113789362,-15.618442007585443,-14.955982806992232,-16.792741344444163,-18.749174757515465,-18.578279742139458,-18.301219089506652,-17.468349013072352,-18.726837676881026,-19.55769524120991,-19.37511036400392,-18.487309762558098,-21.654256146814056,-23.47427239906098,-25.91083890264161,-23.845980678326995,-20.268136350307394,-16.87708171069829,-21.15389220518252,-18.10099970078955,-15.040419905984344,-13.707978641492579,-11.225772705552956
-5.170463185672128,-5.354624152658905,-4.497885150663318,-4.9160606852048385,-9.127868580573166,-10.065502947709703,-10.487416851887666,-11.300569608528729,-11.082906709760767,-11.156495964568913,-10.849215448963815,-11.187497565615987,-11.292374538689693,-11.575819209726513,-11.624301350884243,-11.908385600550131,-12.978610734147187,-13.990025387049103,-13.92066687907985,-15.203734498179593,-17.489687697846573,-16.01325460231147,-15.652253437022583,-17.374521805440082,-20.16930544375191,-20.134915181778272,-21.39844848675508,-24.133122986645972,-23.604170787045874,-22.572952714978122,-20.811994652282287,-24.679091167795775,-25.497021217905925,-26.56885663808892,-28.180139389441415,-26.812692008183344,-20.520892394322807,-18.45488809522737,-17.61118854184064,-15.095380078477842,-14.374637994321429,-13.265506017068418
-5.6837735315122515,-6.000388962862543,-6.193796670304466,-7.225853638490012,-10.861674284694002,-10.464166280438986,-11.4934118899391,-11.021856783434206,-11.271486802809822,-11.359973095741534,-11.716414137381856,-12.005026222863762,-12.797442608588705,-13.838841621604297,-12.241137347961528,-12.16276654583032,-13.627886465198323,-14.048243285115472,-14.273896397700755,-14.414281054232758,-17.06328051961834,-18.557586122386365,-16.768458686047897,-16.29121436402493,-20.813584218400873,-23.148932982540668,-25.460566796220622,-27.523388282359296,-27.17977900120443,-25.662213273353874,-24.873964245331695,-28.823771085176965,-30.306355661474246,-32.52512644960888,-33.20865079881094,-32.97942946451618,-27.2009859475824,-26.81956677846758,-18.96289610457461,-16.435195410562983,-15.750051930251061,-14.217841576498596
-6.108168477891949,-7.195800532771392,-7.522309286010498,-7.712986472898208,-12.16795997643472,-11.111632790524396,-10.592718022103332,-10.677068252958719,-11.11901067902875,-11.614456100874799,-12.674147770209535,-13.658035149084528,-14.077845394897299,-14.126756358174553,-14.642731718951218,-12.976434609082068,-12.61299697026095,-14.60533732481069,-15.800683034544598,-15.897731603951808,-16.846694113115444,-17.08180682443857,-19.551978456138983,-23.967728912040606,-24.250149487912953,-23.169966441574033,-27.829668125897292,-28.459830700873766,-29.49461612849789,-28.81643704846686,-28.905871787500836,-31.293586628771298,-32.91647827223829,-37.801938918478214,-37.722634576267026,-37.24738279016426,-35.21142301766052,-26.076452230858738,-20.645273676554382,-18.508803353325707,-16.68716309890642,-13.145828870098374
