public/json/wind_2018-09-1521_950.json
{"header": { "discipline": 10, "disciplineName": "Oceanographic_products", "center": 0, "centerName": "Ocean Modeling and Observation Laboratory", "refTime": "2018-09-15T21:00:00.000Z", "significanceOfRT": 0, "significanceOfRTName": "Analysis", "parameterCategory": 0, "parameterCategoryName": "Currents", "parameterNumber": 2, "parameterNumberName": "U-component_of_wind", "parameterUnit": "m.s-1", "forecastTime": 0, "surface1Type": 160, "surface1TypeName": "Depth below sea level", "surface1Value": 15, "numberPoints": 4800, "shape": 0, "shapeName": "Earth spherical with radius = 6,367,470 m", "scanMode": 0, "nx": 80, "ny": 60, "lo1": 109.0, "la1": 20.0, "lo2": 116.89999999999955, "la2": 14.520000000000117, "dx": 0.09999999999999432, "dy": -0.10000000000000142 }, "data":
[rows 0 to 21 of 60, columns 0 to 48 of 80]
null,null,null,null,null,null,null,null,null,null,null,null,null,null,null,null,null,null,null,null,null,null,null,null,null,null,null,null,null,null,null,null,null,null,null,null,null,null,null,null,null,null,null,null,null,null,null,null,null
null,null,null,null,null,null,null,null,null,null,null,null,null,null,null,null,null,null,null,null,null,null,null,null,null,null,null,null,null,null,null,null,null,null,null,null,null,null,null,null,null,null,null,null,null,null,null,null,null
-2.012591867865078,-2.044364294529762,-1.8805865107021804,-1.4084321100884267,-1.011695523971795,-0.7403844332993021,-1.0336455141886596,-1.372302040826784,-1.9781149783893661,-3.11470962349678,-4.118979787565614,-3.462696949422325,-2.5668418404999436,-1.610485776383997,-0.7571059140134546,0.31017482736681967,1.6501807159249449,1.2166848238179528,1.2815037410160366,1.0431450989938038,0.9256772259080285,0.9637608244785131,1.3213469057350404,1.5394147670432246,0.7366174350251995,1.6609635683366708,2.224882394430831,2.333554377085886,2.735110851029967,3.4933619371173075,3.496616943702088,3.5306239635158123,3.4274092654750614,3.411130008007184,4.282629804628552,5.001707611156626,5.5041355336341,5.5890897664899954,5.5126341950677435,5.986176942551351,6.828090274096764,7.56332358534097,8.116275430623475,8.690431581063898,9.14051962574422,9.794546611388807,10.458135599833568,11.538335981549835,12.093421831211643
-2.9684518792661696,-2.7148213339590574,-2.628912171168973,-2.3861031307512683,-2.0905113961770967,-2.3340257129053854,-2.1938545182502445,-2.2360297000400435,-3.308299945348204,-4.619423628394531,-4.769506338411329,-3.839110311381627,-2.637142696051277,-0.9619299406734869,-0.0427209716784346,0.5183346974380618,1.8953226266661718,1.790423482591627,1.4988909446383079,0.3763059162548134,1.0577594300872355,1.8916831143764419,1.9293252960375193,1.407415946483489,0.5612820188400127,2.9602621882743803,1.3147174846076335,0.391195640436325,0.014012315273369639,1.9594128536277378,2.2011518064567355,2.3623015233515314,3.241947159989184,3.5644931732815888,3.2275314342554493,3.7942091107661007,2.786930374117519,2.8044070363252467,3.2777884576121608,3.370169002341953,4.296323908035112,4.705040146284138,5.740205509483913,6.925994262424544,8.562481321657291,10.467126947552007,12.30653128492423,13.463825148138518,14.471255997123528
-3.3914628879095643,-3.589331302027617,-3.4363533545261182,-3.1844752217151293,-2.36345743598783,-1.7157237388587077,-1.4813003787140415,-1.711758001914598,-2.3194981286048653,-4.895389447215996,-4.2755329402165465,-3.3125371958689036,-1.738793379611753,-0.8480016804356956,0.15421250464222555,1.4381427533780853,2.055519185948054,1.3112495164816411,1.451990650822614,0.4066204429165047,-0.35188920558390846,-0.27733994582476257,-0.003964069599385708,-0.7090361702476964,-0.18663521417668788,0.3251214181696621,-0.3192805828342279,-1.3427947598352699,-0.3310797810077419,-0.4047268110967673,0.5003684994436158,2.5948647215474425,0.8339093236199622,1.8205286362861832,1.5720576093117709,4.611361470631939,3.7981949724252715,3.518323008147925,3.272423104537758,3.572253750060895,4.347619354672116,5.411501257131689,7.193101830729572,7.834602727721682,8.68161817094078,10.550021200646047,12.172294489261162,13.37915911651632,13.564730940752655
-3.9760881882136374,-4.485878774328604,-4.295991744770545,-3.912268538170425,-3.2480098702743607,-2.7132950487225003,-2.4355491591074743,-2.0722196113781783,-3.534189999691848,-3.635855170165355,-2.170401538288232,-1.2654632515539284,-0.7078403412721616,-0.9585974317943764,0.19728008448554665,1.6015591592337173,2.3654479979370326,1.8125216981149808,1.3744759017571866,0.7650960116340955,0.7026038250585374,0.47331066710554537,-0.9140940183674277,-1.3302964866342135,-1.8842650684433677,0.44814482730855326,-1.5965408647611374,-2.0733905646047104,-1.5977625605474097,-2.083128706603857,-1.6955487436213352,-0.9644949424643974,1.7331702322536844,2.242479506266467,0.7798039771505842,2.773553175605149,2.1946735216775317,2.092832874094062,2.6186717023780304,3.386598568631062,3.3455119162255236,4.425577856611058,6.7967415570727185,8.271550969072567,8.52888448964828,10.640239571079318,11.710321886935649,12.191869416090306,13.339153502902066
-4.484199442894996,-4.656243082063194,-4.493652552227028,-4.128042537711742,-3.806087667092964,-3.4369970602482933,-4.235996609642434,-4.044484016105095,-5.03305846690533,-4.195567515107654,-3.32607772658153,-1.2452664154816016,-0.4145891844557318,-0.12305180366893513,0.5591946841507,1.050717309590752,1.853748815435114,2.232996476854002,1.5335400601707776,0.43636305641257594,-0.41334822908164204,0.17639588625999025,0.07282758521463756,-0.7065833058108939,-0.9414491373524377,-3.422085453065711,-2.0132010064658195,-0.06855261135442614,0.8499655124790491,1.1449636223615887,1.0041066498664244,-0.6118131652232517,-0.5799025421893707,-0.1221709957195896,1.3809330089624674,3.203746371195452,2.0290948785458784,2.7308699099698086,2.324605790861448,3.935777320420196,5.072080363122148,4.624306670074361,5.792938326553688,7.108198160750422,5.82713417792826,6.546813729486975,4.21291297783593,5.928875783534476,9.765287302195219
-4.806863467513574,-4.607147302081657,-4.491913009942262,-4.078446680337312,-3.7896656235665094,-3.528456871832141,-4.384956883146116,-5.334700761565856,-5.793776756093591,-5.1427169296205255,-3.8530295271763118,-2.654319222565728,-1.1459786398809484,0.5290021031634143,1.0655720201957304,1.4131989451623588,1.4188648024029358,1.9075750450245696,2.04303478405249,1.3396092370177493,0.22964965325957643,-0.46567382458162343,-1.0594677782321642,-0.917396999880667,-1.7830890435568418,-2.664110997061793,-2.9410389915236417,-2.3783755137080846,-1.1049111815545742,0.2605406181759729,1.1896140782768216,1.325706833215842,0.5051502079905904,-1.5957386159962192,-0.7228320745814467,0.8329059981722915,3.235627566613697,2.458855593798744,2.2744675449255904,3.8595584358183235,4.314668619896488,5.9597902843746144,6.7089150510188365,6.608844875102162,7.519981547302304,6.443538678814855,4.909695392190449,5.122413915918488,7.708512154897278
-5.094438236348259,-4.757502803502894,-4.675941476235008,-4.218112057334525,-3.704643453368522,-3.7855079893625545,-3.827848631446871,-5.0492934464601635,-6.162152131596141,-6.071817216274959,-5.439552874319768,-4.3332121384835744,-2.371376899919987,-0.9384507826830086,0.11453468094612451,0.802544157028924,1.6286773619512889,1.4523499377765992,1.3093942485450558,0.48016977157450136,-0.4377371340481025,-0.6300656359613159,-0.6858786887476457,-1.4897097218880717,-1.8301677256301383,-3.0970619279464584,-3.5497100122292222,-3.13801297380181,-2.5646639315817628,-2.896212893140122,-0.9899101405714577,1.6466827925958434,0.35108659413777954,-1.5285530435650245,-0.446167967265226,-0.802111391114122,0.9586168594048274,1.736243747295174,2.6607186703522743,4.79278089087741,4.532095214853276,4.251060072872592,4.494388761779068,4.86468182342577,5.24814973695378,3.9687728066486163,4.924543756522248,4.97905103333711,4.478673362401389
-5.50857917450537,-5.198777276335897,-5.12538635363177,-4.755980037868219,-3.8337247962820302,-3.9464098552192057,-4.138426218901998,-5.532850720567029,-6.711257145340806,-6.608076244937163,-5.818514856554053,-4.860929049732851,-3.7219371759415365,-2.1299536093528344,-0.7437537712253435,0.594526830963261,1.3435505481379084,1.3132225108984783,0.9688627214248875,0.014032902831578684,-0.5205583123629133,-1.7430362332886946,-1.7500403768375916,-1.8554757277363483,-2.325427384191339,-0.9453182417487864,-1.437037523032103,-1.6773676616770294,-2.9362120401197584,-3.0380629722190857,-1.8471910593353096,-0.6113317703747042,-0.9837307180064735,0.29899256197463314,-0.5666557418164511,1.2486927687459533,-0.34849764945306094,2.0173940888305824,2.3815705002623857,4.646995479322774,4.479862804832064,4.326346122397413,3.4496597405011804,4.806970894686825,5.166388784802927,2.521007303406865,1.8498045575139934,1.3025633121834768,2.7343688925025367
-6.125708552092955,-5.971035246256417,-5.717380594297642,-5.369432074395384,-4.362717044067992,-4.043486583883743,-4.8353278854614645,-5.639924505385555,-6.8027536357526515,-7.0670984366349,-6.1328449194304975,-5.111238476804692,-4.543727143043074,-3.355212997246836,-1.4549922819443994,-0.8273265632680522,0.44298358751550737,1.793906523844862,1.8463814801765877,0.6698452710912529,-0.02810537578246077,-1.6222113393179551,-2.3122504331831797,-2.811508665484526,-2.9852213535512426,-3.308439609554526,-2.1273730805667563,-1.291253168618014,-1.9433746835274837,-2.1099899942579596,-2.5926694125380765,-2.1557581227233253,-2.2988437676911584,-1.310283515858381,-0.22455767884643052,0.313014928687436,-0.904719460913868,1.1555920504870332,2.3122067474902046,2.5975852283984655,2.5009241109955913,2.8417900490669035,2.809144342529271,3.758715082565893,4.3951300890681555,4.13488532226982,3.191312786195775,5.458737743787042,3.173586604837576
-6.429921737876311,-6.579278291680333,-6.292128075786523,-5.986182201967983,-5.416382625718899,-4.727157933324888,-5.6057529875084775,-6.528635249418323,-6.734487011119367,-7.252438819331579,-6.598488689348375,-5.991749745611983,-5.414587111911337,-3.7671799211241406,-1.97781083567271,-1.8037016846762244,-1.0544700365701432,1.0502285411960677,1.6769782225095957,0.4827715979407241,0.02749013688106082,-1.6184772866753923,-2.831330919425875,-3.2539037962069375,-3.9218055149870406,-3.602911078523574,-3.501072774208858,-2.9076987588270886,-3.914599398111565,-5.031286723494095,-3.749080377977408,-2.0390097236987623,-1.840768835545677,-2.3021381695870677,-0.45121648034286643,0.5641688763186823,0.17999569992699188,-0.19542499201329847,2.2427594183531854,2.2165062227916463,1.885446453495243,0.8399650912896746,1.0690631364808938,3.996164394864021,4.752496399812014,2.776285938004282,1.7649941603237185,3.2056572581371614,3.3826841822640343
-6.14819721255653,-7.112807030277249,-6.8893272828799175,-6.33390315253429,-6.255492068475054,-5.609894500200467,-6.32173231811735,-7.062304831265226,-6.955573815051352,-7.7583633661268046,-7.2542773973655725,-5.936921250859871,-4.573937852772102,-4.478128234155884,-3.8540381448066174,-2.9887434795463417,-1.8619156255554736,0.430177323780876,1.2799561027183022,0.8036735872387837,-0.29870590524062707,-0.3007766861921679,-2.6695334743481625,-4.126544279615722,-5.6634679213716685,-4.10906525541142,-4.9033552787944,-2.9650678499032264,-2.599993747860034,-2.296873719210983,-1.9477963104902738,-1.4560358174551205,-0.12445103795575868,-0.5264639444856924,-0.4508951978370741,0.05030662177932845,0.5920127175018622,-0.2648568817892609,1.3307583546711044,2.125693203827706,3.442813161416257,2.2467619026194656,0.3535834168516284,0.3603587255380983,2.8596749199431746,3.0794073749989743,-1.1087306797882746,-0.4933186657244467,2.149805157438427
-6.783251732869931,-6.808824609575105,-7.259283553013853,-6.798142752947455,-6.896559804467936,-6.417486533552831,-6.424147202303082,-7.677712228283258,-7.989622149242204,-8.184610737192816,-7.668662598135247,-6.713987827668117,-6.0050066959404145,-5.367539675329986,-4.721862082207653,-4.075338140606045,-2.967983913619262,-1.5235864008639106,0.2487474723123344,1.7664456793870467,-0.017214481163172646,-0.6185744839664855,-3.0937563637238696,-6.303745342266125,-6.611190335355672,-7.441708847731707,-5.7976943388682844,-4.980030563715647,-2.6573749799129898,-0.7198214956127894,-0.14029610409655274,-0.1007828475743483,-0.6398321185598026,-0.8597980293107014,0.6681357582912953,0.17808209265430522,-0.4944082208368209,0.0005585772163997811,0.19209900387850198,0.5801571919544646,1.0534707352732675,2.4259241390247634,3.1653045600697576,-0.2155424465074276,-0.0369140349264455,2.0447176433113827,0.2941145265219475,-0.62981765970277,0.5818307950374092
-7.463495867377982,-7.345608315905349,-7.017497573883425,-6.687841413169559,-6.41105109034606,-6.9959251004475735,-6.660600150366986,-8.046426956569869,-8.05128432489112,-8.308739235412983,-8.223013325363842,-6.600445446643867,-5.760609552483334,-5.0764292578849455,-5.196884065858801,-4.368488592359171,-3.6880563376213154,-2.6423628458171127,-1.5534423018524928,0.5999161502758004,-0.22275296682668283,-2.2383263756924117,-3.1372778028169175,-9.505446920004273,-8.22873127687644,-7.739629730744047,-5.440344623348111,-6.356059988880862,-4.212557837105325,-2.4139117768003486,-1.5863825242933625,-0.597748896149554,0.5280317616757301,-0.006439516178133993,0.3434543837856773,0.39069215950705016,-0.6872623238012399,-0.22703916264476856,-0.6539037786092771,-1.335050924248041,0.7916600740382649,-0.37006582901903756,0.6153401185978971,0.6662918021532998,-1.7656488180744572,-0.49609215137523105,-2.9170694360857317,-2.9405155472363687,-1.9576251363344892
-7.900603331091474,-7.8176644905465285,-7.322772730763359,-6.695327150021459,-6.288389722679874,-6.2468709456724785,-7.655792145196714,-7.556005950214249,-7.770787925424837,-8.165428785257488,-7.766679464902027,-7.190691853154887,-6.314963566559962,-5.077273849511571,-4.885513261220918,-4.588393812571894,-4.1040900465812875,-3.792380348991511,-3.0138573847109504,-1.0087659643265372,1.0346848920185825,-4.42212389011088,-3.910872636584005,-6.4760968595434285,-10.154953179248274,-9.060369849366092,-7.480164274941336,-7.1171762599055395,-4.19126819249145,-3.6148734576491908,-3.597588377227202,-2.2009229930200944,-0.1636028982356309,-0.7937974656697884,-1.8832844435363736,-0.06564427721353057,0.36548131990808497,-0.04858084390512937,-0.8018340442378573,-2.893293219088343,-1.5513744805635141,-0.5906548708602442,-2.4761039829406766,-0.6507947412464549,-1.0054748278002006,-1.5765371576621492,-1.6587447968503914,-1.20146139490491,-1.3886633685586578
-7.843560944294033,-7.198913216518724,-7.472789049076754,-6.47071678408757,-6.305990942211704,-7.105069407435089,-7.5882859536629415,-7.68226246008963,-6.891120791558906,-7.301132068611469,-8.242480184255008,-7.207227073830999,-6.459901205721639,-4.732819534185016,-4.023068455444161,-4.321174305846733,-4.550276091679059,-3.9888109220228305,-3.9456696755629714,-2.3648459876142685,0.5836946095653676,-4.892115858324965,-2.4011301029295056,-5.013866778451391,-10.315060843398404,-7.53510110141285,-6.436986435199145,-4.577187596579623,-5.044109516558526,-4.079095907717348,-4.840981984686515,-4.299869237402229,-3.672101505162617,-2.875256074444825,-3.8751380058677207,-1.5022903065592064,-1.2718696101702254,-1.9084182945315067,-1.0348708880733772,-4.541672461532779,-4.873376291339828,-4.041103464987744,-3.738022316971432,-2.565929249702931,-2.056286358631662,-2.778210139348202,-3.2210869824893003,-3.400046602185613,-4.889098864113799
-7.0671020176485495,-5.961603641522322,-5.905755025154518,-7.262284467330758,-6.6266181273843845,-6.5133071539127485,-7.8012792166642715,-7.325345983682332,-7.414401395102532,-6.226816319245636,-7.344396875449679,-6.722166806329481,-6.113130048799695,-4.5909153444156665,-3.8250274417184853,-3.796379999582782,-4.094678316339297,-3.851714112281829,-4.340918693216517,-3.551906769349161,0.21160370944442294,null,-6.705034543997843,-7.808065753877982,null,-3.792359729305004,-5.016611958344428,-3.658800512781875,-3.685027141971121,-4.09183422696556,-5.527339066004891,-5.955623953181902,-4.434259450410108,-0.5218876685479583,-2.3146467475598325,-1.9807740855229325,-1.6191456344316117,-1.8683288368978284,-1.4066715896946151,-4.069721689719448,-5.669967372666194,-5.1295873365614995,-4.675982769846328,-4.673806404161914,-3.4264009931077144,-3.434688452447401,-3.684461469392031,-4.88879046273781,-6.333167300825954
-6.6494881132137085,-6.426611260171852,-5.358737530823754,-6.294456108406765,-5.958633809169754,-6.673480784217098,-5.759748143840987,-6.666882770400978,-5.52227458717056,-4.523384455956437,-6.626340447848467,-6.509912297025155,-5.716511177688295,-4.739708124227496,-3.576740305713334,-2.7733671086012754,-3.990662104844002,-4.031485381965182,-5.2264030818199885,-4.801065787522575,-0.7116007259941067,null,-7.7756506175800215,-5.163271492295568,null,null,-0.7451282756897266,-1.0841671111017648,-1.6607804453592339,-1.6278067266568668,-4.207398888088801,-5.272771390511512,-5.369111052387838,-4.449655494271693,-3.387721901278539,-0.9812462323426913,0.15054809638013952,0.32014395123121103,-2.2780061840988055,0.07722636635504969,-2.636291814183455,-3.8808331547562345,-5.436161658408763,-5.439810743784431,-4.9608240098218985,-4.741846526922317,-4.408272145733193,-5.112391420623914,-6.020217668011416
-6.413992323155819,-6.081789199637351,-5.134075641943685,-6.163049327634632,-5.943497976837893,-6.651846727877409,-7.428810866274446,-7.089269876107956,-6.428350054019742,-4.579067281897151,-5.562295008847148,-5.714172530738412,-6.145161421142293,-4.666084785871389,-3.3890023575160386,-3.592984912600819,-4.2696722028524325,-3.7800728065118223,-5.2710622256915105,-5.024468884627175,-4.44457154954063,null,null,null,-1.7847902488092013,-1.128140353049613,0.641429853120049,-1.3290407913638596,0.07201435647901128,-1.2368350341804002,0.6988867809727626,-4.260890119910053,-3.8744021659629975,-2.918412090649491,-4.671045550015307,-4.3853509480123805,-2.2964924349037004,-1.3510730939689037,-1.7209504161000744,-2.8536092468765286,-3.95293107089606,-2.090945931702824,-5.469606260204754,-4.918412697892726,-6.233600755614939,-5.3229496067311475,-6.0578027853504475,-7.8219586725965105,-9.327870436452542
-6.137114022508406,-5.798259851871569,-5.693190467082227,-6.4084317467942356,-6.262941621526838,-6.4334078056699795,-6.758912437254727,-8.177057260592674,-7.092395721432794,-5.152133953856631,-4.531113722427149,-4.238276371892396,-5.281935009819131,-4.33810591395726,-3.854807338960339,-4.294791135043245,-5.175030769828533,-3.608791473827088,-4.987929302550992,-5.496425979831228,-5.729581093214066,0.8215094134942296,1.150698180655982,-1.3585125387547103,-3.3245522707180752,-1.0152937671008604,-4.820962881123469,-1.1702526686890171,2.2590122805142663,1.5870241931007683,-0.17525449123611228,0.35984696185682336,-3.6499130606191312,-4.4805719947045874,-4.268916646386852,-1.3183094044923862,-4.341354534794588,-6.963416976182096,-5.051648744961931,-2.5475184372676214,-7.12125327450217,-1.68596744558631,-1.8482665364282669,-5.348207227550719,-5.065449222165812,-4.695039668124158,-5.625520410437357,-6.252875152132867,-5.8060278674425705
-5.122721768530258,-5.282651849618062,-5.328555825654929,-5.814715202744706,-2.955393083877312,-6.859630779920937,-6.957703345862925,null,-5.520273953497353,-6.079789071093823,-5.187735636085478,-2.645089638767047,-4.6652039710263224,-4.516346443140497,-4.096816568962415,-1.8824761697057184,-2.910084713176959,-3.326649527095656,-5.200785471778376,-5.14752898087456,-5.596110889690924,-4.876200263583241,null,null,null,null,null,0.24129707415219823,-2.048806463713695,2.1894323962795914,1.1186573515249634,-0.014169859984697882,0.6366718421457446,-4.928709396032158,-5.690421813790243,-3.751695688034229,-4.598783042750176,-5.893645380015907,-5.779791997529332,-5.7044944594727305,null,-6.6252764543792475,-0.5304374296281892,-2.237263293296085,-5.207812634521836,-5.642764671961847,-5.5067409538737415,-6.661156826351972,-7.696118594053544
