public/json/wind_2018-09-1523_950.json
{"header": { "discipline": 10, "disciplineName": "Oceanographic_products", "center": 0, "centerName": "Ocean Modeling and Observation Laboratory", "refTime": "2018-09-15T23:00:00.000Z", "significanceOfRT": 0, "significanceOfRTName": "Analysis", "parameterCategory": 0, "parameterCategoryName": "Currents", "parameterNumber": 2, "parameterNumberName": "U-component_of_wind", "parameterUnit": "m.s-1", "forecastTime": 0, "surface1Type": 160, "surface1TypeName": "Depth below sea level", "surface1Value": 15, "numberPoints": 4800, "shape": 0, "shapeName": "Earth spherical with radius = 6,367,470 m", "scanMode": 0, "nx": 80, "ny": 60, "lo1": 109.0, "la1": 20.0, "lo2": 116.89999999999955, "la2": 14.520000000000117, "dx": 0.09999999999999432, "dy": -0.10000000000000142 }, "data":
[rows 22 to 43 of 60, columns 0 to 48 of 80]
-3.7231596121510773,-4.010474709459469,-2.105194921139827,-2.643681855040412,-2.9293146944320143,-2.7512674514401914,-4.250066902016401,null,-2.6580083825002294,-4.351376916049738,-5.236258124526337,-2.3316958188346932,0.2869887043429245,null,0.5723984305337969,-2.054229859280114,-4.196087681350953,-6.385187490248564,-4.351705622056482,-4.974106194384936,-4.748358909029562,null,null,null,null,null,1.5890970993580427,-0.7117934787102349,-0.4419854617024895,-1.294850124285791,-0.2212634640787476,null,-3.4065333975025194,-8.542450318438641,-7.724905014354818,-5.416901469844618,-4.7854452387661075,-5.28774866929158,-6.019563393162379,-4.994217339512645,-2.855767180885226,-4.853889937316632,-5.373770160371029,-4.292123336517845,-3.8564263100216936,-7.791971530785627,-9.420161808945483,-9.700072532732435,-7.941285130469103
-1.8889350058296634,-3.339405917763963,-3.423770526408234,-3.5808580525751545,-2.1170555733347363,-5.641376838400959,null,null,-0.44810911758559313,-6.199367183978461,-3.8389281459941405,-1.788104943622455,-2.2782944217749828,-3.188275393985006,-3.5239500765475107,-2.514373827017535,-7.768018695963998,-4.789440842109587,null,-0.8047881485053174,-3.9438659112411454,null,null,null,null,null,null,3.0642542095158065,-0.1621715923543535,-1.1556233799689568,-1.5265012090243633,null,null,-4.817951630030746,-7.056590243362695,-4.8538393939415805,-6.020013650397627,-6.5431033915082235,-7.501240351059906,-6.411040799535139,-6.063812124703207,-6.345264586668787,-5.811961435385569,-5.2827463340167835,-3.5755668414241875,-7.578001431457043,-9.27953923526096,-11.751299656334538,-9.035020550823788
-3.5246015026565916,-3.154287929567162,-2.6044665853116387,-3.138541468049571,-3.1942881268566827,-0.35604382536858153,-2.1820847495598885,-1.4799342220004592,0.7971967625716354,null,-0.9242165876726057,-2.109155728932722,-4.676125268186992,-5.002295738550563,-4.353771522128207,-8.14392385861729,null,null,0.941607534230406,-2.8194585978802844,-1.9108816818846608,null,null,null,null,2.516500978390384,2.7364567913031648,null,3.85283351569647,0.1743136174845079,-2.6887843545873267,null,null,null,-3.772017582652106,-5.720088724793858,-5.623038389349288,-8.127208397925031,-8.110190711625211,-6.979119447078169,-6.772053861858204,-6.014481332094519,-5.277680673990016,-4.498211872821198,-4.794391483010662,-8.197063514645794,-8.424819260450379,-11.216239018085684,-8.613818856667258
-4.379581153643044,-3.4571311668298645,-3.1380739152041697,-3.483904804349084,-2.444525100055532,-2.8121264122189134,-1.747880998886655,-2.6266906762237934,-1.4347213422599443,1.8068425609051233,-0.9405964454347471,-3.2326372113081403,-5.674364416202841,-6.180433901725921,-8.211574771263797,-6.204272137909037,null,-0.522486467856821,-3.9408252384286446,null,1.0862261612029451,null,null,null,0.7309978019491379,0.769215592099722,-1.0980276747513642,0.5521746710607501,2.028576018617304,1.775172536503488,-6.392138219876041,-2.8643900527599078,-1.8906927750428422,-0.3424327592976843,-5.248942922863503,-6.330536499970541,-7.738529778136498,null,-7.748333747735091,-5.57841513969394,-6.1336460126670165,-5.834168992656764,-6.108481491255263,-3.9851421092404578,-5.033188962374539,-8.170493582055249,-9.102526743015241,-9.326819658210034,-9.742113550838031
-4.511498547613778,-3.338990213749396,-3.8060356699453926,-4.286421642433432,-4.238440919155897,-3.292112109622537,-3.6641527509355987,-1.8297738798404954,-3.162611307709391,-1.6066949528435304,-3.0173939690786065,-3.4024369994517683,-6.929168261679374,-7.19163184123352,-7.68840727777299,-5.550074557697853,-2.057957531296928,-2.7782650080089244,null,null,-1.3745826103489864,null,0.8813309995854026,1.139115377363395,-0.7928827695818956,-1.7133427806466952,-2.8118536029880876,-1.8455462648910061,-0.1838634443039009,0.9261154399298243,null,-4.820319316345082,-4.563758606681198,-4.975476360213603,-7.518348893500036,-7.141990377040803,-6.595648789655208,-8.260518689644336,null,-5.472960020340507,-6.126581751275957,-6.1666853012784335,-5.5699085724853985,-3.862564010762397,-6.113236406273697,-6.077636364159826,-9.965425323649505,-6.663640386078635,-10.436053962283701
-4.817493060502695,-3.658992868224319,-3.6065833948181405,-4.444871341866429,-4.858022142111948,-3.6202871457423487,-3.0822117413508696,-4.653513509680214,-1.9494620954282023,-0.7642826792496086,-2.6038341253461534,-2.852904091039351,null,-6.749768296390686,-7.976898950597881,-7.27029317168796,-1.4129114688047566,-1.208318812619921,-2.599736285438007,-1.625482761986273,null,-2.7987922089622232,null,1.2283557610466815,-1.1095939174349976,-4.092823827010114,-4.7918427432285915,-4.616594847092726,-1.4989932868787976,-2.4969115612063106,-2.746733203960873,-2.863840236452007,-4.258092086846151,-3.4378404215342853,-3.8035401848233286,-7.916782520483928,-8.588194865446178,-8.360657930187445,-7.460904230380029,-6.225102510788483,-6.4231678765098685,-6.325966240701632,-5.084381391386586,-4.266642405382074,-6.0299138459918655,-5.2547034754930255,-9.055727252825506,-6.709877699991397,-11.045251649442145
-4.790411592209036,-4.546110237980403,-5.269864058455573,-5.350797024562094,-4.854572935662865,-3.341569052236811,-2.4579612037921974,-3.4654990030306965,-4.684161884115875,-2.1579633853210556,-2.344629856709072,-3.421239445234201,null,null,null,-1.3987493180875814,-2.48938826161416,null,-5.777700792880974,-3.610756206399865,-1.741305291852211,-1.0993879567447191,-3.5837768316481577,-2.396837443153928,-2.445584402620792,0.12737708508407616,-5.6167700351217125,-5.395543014430947,-3.319654944996259,-5.622419278353193,-7.087269068266596,-0.031903063284628566,-6.0988365798334545,-6.3007261377015045,-7.190750245984032,-7.014600729523104,-9.107845923321701,-9.39196651572942,-8.468710377718917,-6.183888525656006,-7.066086689413572,-6.609514129551123,-4.6640995048667895,-4.065651872717498,-6.321824182982805,-7.123652564374743,-8.447304336675396,-6.520143899854352,-9.034235512957123
-4.536844399621289,-4.352985235275156,-3.9984780137669946,null,-3.235964708254489,-3.1124154453652144,-2.9886561612662685,-2.7623079286997494,-5.329547935124814,-4.5856673784009,-3.3112356721900995,-3.803709118581409,-2.9771514355285134,null,0.9507408835972037,1.710585331822684,-4.376524846430376,-3.7657448768801403,-2.6888579729242776,-2.5415879184588497,-2.9431522821800695,null,-3.7343791481268576,-3.0638752746164224,null,-1.4680614070838747,null,-3.7537634699620863,-2.3897302057784477,-2.4932801233295567,-2.4191997485162515,-6.60814287808561,-5.493146314305239,-7.786834210656396,-7.721238526170686,-9.006432974548112,-10.920774725787425,-8.70133830415866,-8.093938643732564,-8.275189927359122,-6.521327053354362,-7.184032039682843,-5.661140245502201,-5.825837299863693,-6.501752478864284,-7.578733720559049,-8.43604516389293,-9.314909700649343,-9.440951081673244
-3.352174777689063,-3.0934463872035165,null,-0.46595114117310504,-2.9557281147428833,-5.573928334890571,-3.3724862785117073,-2.813569340755458,-4.267058561559017,-5.077157548350453,-5.181645899224298,-4.065509488895986,-3.9656050205314335,-3.318865632931179,-3.3489062659333086,-3.546957285160495,-2.2983826610409133,-4.550521910722401,-4.308135804622459,-3.803712166469648,-5.906732928187701,-3.954735524990144,null,-1.371726519105998,-4.421603862684734,-2.6402398917529846,-1.222701034782464,1.96426469959185,-4.426970747988933,-1.788565498348669,-6.218961256011318,-4.996849971698355,-8.914771369861814,-4.008958785743847,-6.966838672511542,-11.656634684015273,null,-4.743906000128522,-8.708018161200673,-8.669384541673551,-7.54331892986845,-7.719592144160808,-7.272127931415293,-7.216616710178784,-8.721277802310636,-8.37394306466217,-9.097958854373857,-9.548655325718594,-10.905990505432397
-4.6867635673192085,-4.454699516321196,-4.540269047646087,-3.1605817022761364,-3.9057347676631844,null,-0.8530788355577374,-3.670848103878161,-2.819103221439056,-4.9415616099188675,-6.085765475556933,-5.144737209343791,-3.4510896726582168,-5.40293566084178,-4.017378782588745,-5.574539943417529,-3.5514122750224946,-5.815705447094421,-6.108365778756264,-4.745256053855706,-2.1142622066236996,-2.1806882806185057,-3.3885765253566635,-4.057495968395352,null,-3.2747413984255,-2.9486616840976927,-4.381249681160222,-5.7447395220103346,-6.087437458043628,null,-4.243764232711955,-9.076031153870067,-8.183780276779732,-8.043170849891657,null,-10.928871206460743,-8.606772797769395,-9.294545577209062,-9.317422119837648,-8.899016036426032,-7.280176160623239,-7.953748368952725,-6.350636616374257,-8.010180842938706,-7.9085319578290605,-8.357620518257459,-10.829682851331487,-10.897132612157051
-5.181574186195555,-4.627163369091637,-6.5065164956338615,-4.668254609758483,-5.659488283496662,-3.912044967449482,-1.214415104938869,-0.010059706350799932,-1.808183753126136,-5.233283780635902,-7.074117039087633,-5.817198341716415,-5.367766265166304,-5.958817413862392,-5.8980697837604,-4.217719468286707,-6.6840716052407805,-5.6788259570544835,-5.326771208184601,-6.868773115956215,-3.6529158555551446,-4.634506023968377,-5.64647095836778,-5.220491223139321,-5.633288509605985,-3.8710502517408933,-6.655072672011457,-5.4024584627376555,-8.49473352400794,-10.119334796697867,-8.096221988857456,-4.32280794867625,-9.603159889717078,-7.237252376401017,-5.671152946585724,null,-5.17303334135945,-7.342739239204267,-9.200254985791677,-9.876958416836619,-9.047895787669129,-9.480141910277277,-8.770829577452531,-9.711773253292588,-8.51775957811911,-5.057628275342606,-8.19712301793137,-10.15806398254584,-14.309179141337733
-5.536344941970812,-6.898443384426573,-5.799801376015506,-5.018198485330456,-4.793087424527705,-3.057083637491464,-2.626163903504979,-2.0209851455264984,2.571915191746041,3.3081857859993113,null,-5.1944184099105275,-6.1564412124594075,-6.14593920452103,-5.9198559514535205,-6.105999813757201,-6.0021661878179735,-5.421660530046188,-4.980839168926635,-6.995719826997738,-5.9667555526674825,-6.547920540351298,-7.146922108175254,-7.918376139758638,-4.321139438137852,-5.520232994894657,-4.113331380865691,-6.90463584314382,null,null,null,-7.448644219193595,null,-8.721253437716424,-4.7633148664981135,-6.890572380752069,-7.809606898996051,-10.21475401704084,-7.090146712588015,-9.351278814054897,-9.58435686688233,-8.79700148753273,-10.200854291946948,-10.353054639846034,-10.725218199331062,-8.226019134035145,-8.72890256138505,-8.552841543740549,-15.858883517219509
-5.2730273104857375,-5.732241389859437,-5.742341396107391,-3.6861268616957994,-2.643445903588317,-4.4053910892437464,-2.817147798016559,-2.2338166889340814,0.09369968040170493,null,null,-5.15912467924188,-6.956796252024253,-6.65206209544159,-6.705183708831573,-6.2741790582308665,-7.507039007809087,-7.491951532263168,-7.172403476914656,-8.226156949165674,-5.909822263868081,-6.152907793007801,-6.880218426608219,-7.153850682960525,-6.952448465777269,-6.69132326014016,-3.665635931144964,null,-3.7497939834652327,null,null,-1.61506633407499,null,null,-2.258600069412598,-8.613606658967106,-6.658288963492563,-8.665437661005507,-10.703242108233542,-7.171298775657591,-9.570910757502372,-9.099949996857148,-9.633543608481313,-10.734653455218906,-8.180415073120775,-8.832637443272453,-9.825435479721477,-4.798634699238697,-15.381756048757007
-5.391428850410017,-5.9179780355786535,-5.5132286738703575,-5.123470734230258,-4.935136629565294,-4.035376815667726,-3.9344913152180467,-2.7198078857720596,-2.38246481455667,null,-1.000464180404365,-4.069219799735278,-6.808311227123601,-8.361308616413403,-8.400967409104243,-4.984806087254442,-5.861595111514646,-7.103983194453444,-7.687279898978653,-5.6819497644498185,-5.600709963945512,-5.860389090515612,-7.05455121589036,-10.119298807233626,-7.861417322028937,-2.6703866667370635,-4.426180115211469,-3.22724453770548,-5.75395852943714,-2.626264474433549,-4.479765245232554,-3.594029281972662,-5.709444854375407,-3.5008786486868324,-8.836991092515557,-6.111190143238004,-8.039758749482143,-7.928457650045916,-11.409040159007606,-8.146405409639904,-9.842758993873433,-10.334995951986498,-7.29849793695733,-8.386852767418835,-8.779947352814155,-11.414733713774638,-11.701852365960013,-8.819436217163595,null
-6.681466808731798,-9.574607589543877,-5.682417755825635,-7.959034082226066,-6.347854515422498,-5.434613220333556,-5.119113027461787,-4.169843107639069,-4.534092108017124,null,1.033428249034523,-0.3897791633671608,null,-9.383961016951567,null,-4.883015698637723,-4.100146602434807,-8.695887435637356,-5.897038224472121,null,-2.371720636612703,-5.553732397339705,null,null,-2.565895470401204,-3.912276365645465,-4.709057567608539,-3.513331757850141,-4.755085707168732,-5.7786579684575585,-3.6563923343402243,-6.772522903414331,-5.600548425085569,-6.468970095831055,-2.9307202003050863,-7.964882110623279,-8.354183109520333,null,null,-8.963133073983297,-10.316187273495153,-10.642260132336496,-8.518228231756211,-8.924794588078857,-11.69743661000002,-7.741570346392322,-8.145126762440727,-10.575078677597272,null
-6.131489312449275,-5.708102273917678,-10.560670608324843,-6.034396777571346,-6.412118585715386,-6.691771597649398,-5.892744816080155,-5.182141656202823,null,null,null,null,-5.573047342790353,null,-3.6705025076949798,-4.721976259453646,-6.545046516263758,-3.7890510010405847,-8.295876651568642,null,-5.635587452615113,-6.026099628962555,-7.058280616826806,null,-2.384294957662489,-4.256468283272075,-4.2071616107909104,-4.0471988298902986,-3.5323916370819344,-6.772228061300101,-7.055861610144482,-5.801182511970721,-5.125943197534909,-6.561474362117508,-7.805520348356982,-8.860565057070769,-5.14785841840371,-7.26591948905076,-4.501471922543328,-2.084345793979194,null,-5.236768166769263,-8.70102574672252,-9.261735593116452,-11.661333700953952,-11.195406963356747,null,-5.6543185859801035,-8.85416384694204
-2.683956032298399,-6.718316758791992,-5.035024279668407,-6.549177317989741,-5.8921562948809765,-7.851285095349423,-7.199730860344463,-5.3658409966077585,-3.275119847212457,-1.736290858358705,null,null,null,-4.71229820703468,-6.612908914499361,null,-2.122584203349881,-2.0976008022747763,null,-6.9634194163898115,-8.71733068245545,-6.8852008275712375,null,-1.7571052901481599,1.895774458344521,-2.2434269319242715,-6.313209744534647,-3.340343226381134,-3.2733604856445275,-7.26902705876984,-6.580489051031727,-7.9228261990031195,-7.820913778592654,-7.126046827195426,-8.227284016897622,null,-6.59811904747958,null,-8.086197017198074,-4.65235108471039,-9.918083481694303,-7.847048970370679,-6.783482252998561,-8.204752080632286,-5.644258468871704,-12.539837172463427,-8.825901990505672,-10.08494532551478,null
-3.2508970921454132,-7.606438450388445,-4.231090449486803,-4.2622140608088745,-6.288846641922898,-8.627057945660267,-7.120068547107213,-6.624411150330191,-5.169448406250307,-1.6526086826297466,-0.30238034456997054,null,null,-5.077179592561564,-3.8204139259728005,null,-0.5897026943519387,-2.8920478320900784,-2.6056065808574695,-10.074325582120288,-4.553177311225607,-4.453182072406734,null,null,3.176836603610758,-6.059500885589611,-9.968011590623968,-4.237538472374819,-1.574511582221277,-3.6714175105013167,-7.414732648579745,-9.149985612634083,-9.134444593130102,-8.557518109331689,-10.166789331006026,null,null,null,0.7514854029562233,-7.954159760833298,-3.929785673909597,-6.778688471086013,-5.794695187361974,-8.945394887930064,-7.514718606769924,null,-10.193086859867185,-7.665250540123411,-9.301168287708407
-4.446967884383675,-5.126612016729316,-2.4118555382441813,-4.287384769190123,-6.257926317314754,-8.636046319764233,-6.231870116068704,-7.3688286994035614,-5.64095567957315,-3.8726591173722484,-1.958061438986318,null,null,null,null,-1.2901253325383788,-0.40348306043151777,-1.7276956672279606,-3.1231351858122642,null,0.4601047110171525,-9.560696217929973,-0.934262080971773,null,null,null,null,-1.8147422245980291,0.7015363676174808,null,-6.940896799379,-10.19537492171779,-8.080122741835666,-5.631232418875013,null,null,null,-0.4796651071399546,-7.087282917854196,-5.725941264937916,-8.05293712924587,-8.250022105600193,-10.954193310888932,-10.9933811100009,-7.479791433187013,-8.003719658350835,-9.189640567998774,-7.78608025923298,-10.851883849151584
-4.900150268660104,-3.1034386692731677,-5.050458973112233,-4.1840086930629905,-5.780123643959561,-5.4777114114648935,-8.211782986366828,-6.13636760512372,-7.661361688474089,-4.982275128614863,-4.7477664059227145,null,null,null,null,2.129079505678411,null,-0.9846373724805038,1.5124887506753328,-4.282968474133887,null,null,-2.3705620862352963,-1.8862375243495806,null,null,null,-1.1359395801960008,null,null,null,null,-4.953092028852447,null,null,null,null,-0.5520194898538638,-5.152158600614913,-9.066623534968748,null,-6.079998360506375,-10.494575528593431,null,-10.175565897028138,null,-7.801537243689735,-11.377220535859951,-5.911330472474345
-3.9931367707064274,null,-3.0492992063718054,-3.1746592912183225,-4.0179909019866304,-7.1290280580811825,-8.880694943605253,-6.79229134472377,-8.334395137732173,-6.530269915402183,-3.6204554312142676,-3.0028253684531636,null,null,1.9018448997468869,null,null,null,null,null,-4.073254073896395,null,-2.789529214767126,-4.163348225889756,-0.8482823001884316,0.12986740615380882,null,-7.153842801655398,null,null,null,null,null,null,null,null,-4.097819571031976,null,null,null,-9.214132391013411,-11.625271526265275,-13.019695174067433,-10.067238945972239,-12.760993067329197,-7.936816350649145,null,-11.66020887424635,-8.909842634602663
-3.5031418711243285,-5.008585731245491,-4.65416504786926,-3.81328606824337,-4.976845744864345,-7.338496729015342,-8.783986461058529,-8.163954713156839,-8.150359713071916,-7.403374801168612,-3.9872498734680404,-6.454565517909856,null,-4.110844779195364,-2.041745120697613,null,null,1.770836727980715,null,null,3.6130680361847025,-3.0252956701350477,-5.707104380350862,-4.426581943131444,-1.1850856708793993,-2.0544004623206806,-2.800747889343749,-8.672701599716769,null,null,null,-2.0977015865593147,null,null,null,null,null,-0.5630906265760625,null,-10.800271654930981,-13.03598444327794,-11.289185446135845,-8.793617651599519,null,-9.945928369847973,-8.74270970315808,null,null,-9.637176466526132
