public/json/wind_2018-09-1522_850.json
{"header": { "discipline": 10, "disciplineName": "Oceanographic_products", "center": 0, "centerName": "Ocean Modeling and Observation Laboratory", "refTime": "2018-09-15T22:00:00.000Z", "significanceOfRT": 0, "significanceOfRTName": "Analysis", "parameterCategory": 0, "parameterCategoryName": "Currents", "parameterNumber": 3, "parameterNumberName": "V-component_of_wind", "parameterUnit": "m.s-1", "forecastTime": 0, "surface1Type": 160, "surface1TypeName": "Depth below sea level", "surface1Value": 15, "numberPoints": 4800, "shape": 0, "shapeName": "Earth spherical with radius = 6,367,470 m", "scanMode": 0, "nx": 80, "ny": 60, "lo1": 109.0, "la1": 20.0, "lo2": 116.89999999999955, "la2": 14.520000000000117, "dx": 0.09999999999999432, "dy": -0.10000000000000142 }, "data":
[rows 0 to 18 of 60, columns 0 to 41 of 80]
null,null,null,null,null,null,null,null,null,null,null,null,null,null,null,null,null,null,null,null,null,null,null,null,null,null,null,null,null,null,null,null,null,null,null,null,null,null,null,null,null,null
null,null,null,null,null,null,null,null,null,null,null,null,null,null,null,null,null,null,null,null,null,null,null,null,null,null,null,null,null,null,null,null,null,null,null,null,null,null,null,null,null,null
-10.636035892671106,-9.755077277920797,-9.216394273636029,-8.724907426600748,-8.495218399376029,-8.557887096077941,-7.5768532515449305,-7.928889035836436,-9.28103216164661,-9.9521483242828,-10.293648248899103,-10.598189985251953,-10.97853540821265,-11.942987166109301,-11.824921580725302,-11.735394099212115,-11.961149322696002,-12.393461846245955,-12.550523672620184,-13.35647482641267,-13.467972811301358,-13.87788160875819,-13.395099219141873,-14.154024955889064,-15.552288790737759,-16.310785353354625,-17.00546726191382,-17.34022223561667,-16.855197436377058,-17.177964287907077,-17.811927723101377,-18.181751731397235,-18.947828294143292,-20.542355274668985,-21.206459361621743,-21.951522697625848,-22.78895034174519,-23.329059097212504,-23.85343185747341,-24.523131619976176,-25.03623640109301,-25.295808575181702
-10.742560829374082,-9.99090715382033,-9.407826813812491,-9.126099885583452,-8.809865988612213,-8.483223166062698,-7.600196380736725,-7.815550786500977,-9.491354758605967,-9.590891251463077,-9.991381643155888,-10.261014562081302,-11.053616514349034,-11.738539257643946,-11.91235063370803,-11.242583929132866,-11.47034242445347,-11.88893041723745,-12.569238726269553,-13.022482325178835,-13.16582059946915,-12.892190119861931,-12.297782477974598,-15.228805107735681,-16.541425836316527,-16.416051607702876,-16.504163730246585,-16.66927569808901,-16.52603439325459,-16.780428876920645,-16.645035499401942,-18.558671643311374,-20.28837007188627,-20.990498930884634,-21.099272028153777,-22.651708490467538,-23.81413861821424,-25.25638233952729,-26.338674155688338,-27.15376286090821,-27.189968540283548,-26.953288763125528
-10.864465962960669,-10.33427307911842,-9.848580946954904,-9.357013356140204,-9.358530533214632,-9.045085939963167,-8.57709336096121,-8.463562086596145,-8.960035102388485,-8.974208603878669,-9.660799944591663,-10.265976532853106,-11.699102515462124,-11.760114103335054,-12.153255610955558,-11.578602802753082,-11.528719695020953,-12.074782962330541,-12.81840849204262,-13.012641674307401,-13.746136391694971,-13.179456430868242,-14.461164337128423,-16.016603725259166,-17.337477388927326,-16.64016592455423,-16.427725909703316,-15.70550606639381,-15.797723578905037,-16.348008687468294,-18.292247376664513,-20.10660130594741,-21.382858006647616,-20.718797497007497,-21.400450723482027,-22.80600005432955,-24.592738587566725,-25.694243457717832,-27.181870728028134,-27.49378516220615,-28.035076896872546,-25.93853840523629
-10.992054691521869,-10.578455741079118,-10.410099983534085,-10.081394592781143,-9.575234907893797,-9.494187377284279,-9.273962762760839,-8.637803862413877,-8.018932473824531,-8.93986114254943,-9.576074329834285,-10.688849309118105,-11.704928004395805,-11.689280068144646,-12.322506485949177,-11.634151265875788,-11.784424479243572,-12.354016643104798,-13.05179653514605,-13.52335748321055,-13.736965167240516,-13.687409247307723,-14.977747392605975,-17.011986491955287,-16.258476149563368,-16.63843805560214,-15.131909572468935,-15.508981963714849,-16.117895828488045,-17.70883411596119,-19.892592810529447,-20.65681350563952,-21.6210198390774,-20.93410323909365,-21.774900765806958,-23.79764005000832,-25.439088086400258,-27.40076479485311,-28.423270069176375,-27.624960733880066,-27.23530800111221,-28.25222348551656
-10.873674785955847,-10.853537407296026,-10.735494190739834,-10.191665672728389,-9.78170805563045,-9.354488453383787,-9.499016363450023,-7.81100345896676,-6.781742314494307,-8.375590862450851,-8.900532053345,-9.692579940034058,-10.674454187954282,-11.141624315366307,-11.481852524323731,-11.710682959042906,-12.014917493615323,-13.004272146429381,-13.380283310582556,-13.349103268880976,-13.654707949416263,-14.17706226872902,-15.528786958844005,-15.056002008758309,-17.067878684025743,-14.894887872235659,-16.718541481766547,-16.95603887755913,-17.82649629333159,-19.330108349434788,-20.14172615340519,-20.773530241020083,-20.505014767406802,-21.34777460318492,-22.520026072286676,-24.639695257998305,-26.0951719403174,-28.44127890018358,-28.44046994881017,-26.556103507750308,-28.918940800415704,-28.537060271959135
-11.066609937536496,-10.740068867759241,-10.398181250740421,-9.890990833091086,-9.324686703637022,-9.574637355217758,-9.634091611164948,-7.601942180768964,-6.5916967234480515,-7.344296677975854,-8.672422586321034,-9.18695623443092,-9.830087173659358,-10.000223508720191,-10.613916833479824,-10.720330704279036,-12.72472611635785,-13.177266424422228,-12.958300400202353,-13.476705364892968,-13.676106368821316,-14.415973247568772,-14.819099341229965,-14.646343230775683,-16.2497310595057,-17.431517174086345,-18.83589115662597,-19.150622488558984,-19.36316909217859,-19.596554107730984,-20.307034966929262,-20.189286385275594,-19.91086391702769,-21.509529266939595,-23.77381598726767,-25.93448548673939,-27.07204745060845,-28.198533385709624,-26.980598783013736,-28.293054059477633,-28.05033225399891,-29.0871784415412
-11.341260498904955,-10.49890136127948,-9.648378343911155,-9.3646997812317,-9.15962383139977,-9.841748344377645,-9.632819747715752,-8.349054841973228,-7.76023377845396,-7.896489574748069,-7.918543210584585,-8.977999532451092,-9.48196048432291,-9.402352308689235,-9.863704587640513,-10.898865299188468,-12.134189241916348,-12.929375884051392,-12.819620495798093,-13.411194557403945,-13.869552737887734,-14.533228586186825,-14.474557884308885,-14.796639808059325,-15.767927666491925,-17.62069460483644,-19.846392304764876,-20.34472968898277,-19.438648915860476,-19.889255157119354,-20.644272818922357,-20.492363666035946,-21.08114926490701,-22.089861365524516,-23.852478729507524,-25.76700912408088,-26.987533613357492,-26.369507794729433,-26.708073795798725,-26.73469252338917,-30.831749945749202,-32.75364353034961
-11.198582810403604,-10.073398261721994,-9.064840230448798,-8.797621394528546,-9.260244705613477,-9.459384170676048,-9.346858571074762,-9.02602484229059,-8.825099339355999,-8.78823597877255,-8.799670727061384,-9.035004586145098,-9.069059497661886,-9.29376799184599,-10.392307341600421,-11.289767360151545,-11.885812318616324,-12.44795750119605,-12.794122663433733,-13.291475896305577,-14.114619125231915,-14.531139138571882,-14.577082881593448,-14.373674210605554,-14.996021008471395,-16.351540569598722,-18.759908307225484,-20.336216240561683,-20.923120185934373,-21.13510187331041,-21.636800639588092,-21.092622029624103,-21.977420949415816,-23.74318828182056,-25.275470473523125,-25.652252388460596,-25.922918960535142,-26.225520388405116,-24.472032533581398,-27.799038721132398,-30.863848282280408,-30.670378769060996
-10.9381194898476,-9.632969711655116,-8.956825838804976,-8.692337173990335,-8.918190114236971,-9.329133421461929,-9.772243799455957,-9.678386450925101,-9.813244332541895,-9.647090810063995,-9.326175163965539,-9.054493063903848,-9.01834257085546,-8.956570530092966,-10.400181466004787,-10.967846151725633,-11.553894433041014,-12.146419637943708,-12.38314884650894,-13.117316707632751,-14.048749330897355,-14.260231487703063,-14.132350126104132,-13.930859118556857,-14.297710206908938,-15.3106368782755,-16.50868642346844,-17.77408423308033,-20.67684375298895,-22.213110423959634,-22.37338593332316,-22.759619574479522,-23.13441362733854,-23.937237782739462,-24.89329450609017,-25.123150912615024,-24.58889918748818,-24.812545365607516,-26.4830877719168,-26.211113325332136,-27.807190876157424,-31.188532802469556
-10.810857040896568,-9.475880676304323,-8.918239115404564,-8.675688561093434,-8.677236266260232,-9.241197952235849,-9.669615133426081,-9.786063864919118,-9.807340674703529,-10.059072655248224,-9.970470809031813,-9.041803660991174,-8.846706382894183,-9.857478245899642,-10.340498291762557,-11.162794100642245,-11.586549391536332,-11.834448420748311,-11.805155017622802,-13.038213177607275,-13.982031796966522,-14.213137322366297,-13.883948456952238,-13.387150092011229,-14.397264852887954,-15.27117207890004,-16.520190411662426,-17.74362924016387,-19.697828242845148,-21.540926120960467,-23.033085104032907,-22.60463302504406,-22.81316536758163,-23.398089875958462,-23.9537814504443,-24.665558574380427,-24.098218759043995,-24.60096883993903,-22.35066242146587,-25.299318244192847,-28.54547581254254,-30.637959811030694
-10.56270490835815,-9.565296650444132,-8.640110795391745,-8.826833891585004,-8.773449699387402,-9.040988523389109,-9.177091172772881,-9.347782372423698,-10.28733908656147,-10.416405280549418,-10.03245909395612,-10.517784105594867,-10.172678387283113,-9.545635865798763,-10.061603657580783,-10.833083763817537,-11.774364314078245,-11.430014283422569,-11.727635131050132,-12.577373853459473,-13.567267943175432,-13.367910277072895,-12.949665238913056,-13.829481698466916,-14.425145951491286,-15.3231799295135,-16.732344875575095,-18.33867155047322,-19.857183753926563,-21.745841851184892,-22.520549374143513,-21.76818346433503,-22.40161028292723,-22.862263739634923,-23.902659869169813,-23.958698956691833,-22.355472304140175,-21.728518196387363,-24.141441057316396,-25.375438085571005,-25.928927701604888,-27.733168518345952
-10.756346068381612,-9.859286832104493,-8.774990391961628,-8.668545346351598,-8.753710967674971,-8.745365775341373,-8.711485281927853,-9.247198791249463,-9.743979973637437,-10.281554438149445,-10.505732906518627,-10.379180829449986,-10.628912296682131,-10.864112817943619,-10.558838818371553,-10.847612263091957,-11.145621481386007,-11.787438479940883,-11.95616259416939,-12.362877594941612,-12.192964782005182,-12.097365024336439,-12.701739716157167,-13.638249970775547,-15.03346786751825,-15.515261977203899,-16.805386397690732,-18.42702011427969,-20.737682624757696,-22.12680407227773,-21.828698989077054,-21.512559346702176,-22.058340388664238,-22.998423927129615,-23.582138542582925,-22.96011045203408,-21.475274908131965,-21.983413888247284,-22.84151376171781,-24.967093303525058,-26.769341126966175,-29.98065719353659
-10.47678511171658,-10.010677009391344,-9.542569940276831,-9.191591353414793,-8.951799709332194,-8.708399580534955,-8.902244281381694,-9.369326021175992,-9.83663018544176,-9.995533345106898,-10.619358167485842,-11.545190053040848,-11.68871221742954,-11.601877710575138,-11.398626879634005,-11.285126818204283,-10.745885646650901,-11.0985890279764,-11.901286105793954,-12.557211251134152,-11.699048441151525,-10.972962940269781,-12.454179929570689,-13.71769002310289,-15.087594658502526,-16.330530290839828,-16.5088089811372,-18.496350026866956,-21.260456046976,-21.50759066587156,-21.29359517405511,-21.34919177220736,-21.82048657033555,-22.747367435502525,-23.07720893471876,-21.704428018470225,-21.77839729571313,-23.43226408257111,-22.62924274225675,-24.8328063894282,-27.54206460015211,-27.799391283341915
-9.561939865112523,-10.156141325171012,-10.03273737824822,-9.634810020525377,-9.27433680032755,-9.23341253665178,-9.108523472579826,-9.566814141831138,-9.872599798048157,-10.060026115412509,-11.034589316616069,-11.872154892627432,-12.193265716576722,-12.524220851566108,-12.588436103576292,-12.30421604356293,-11.210463961380597,-10.572213358690174,-10.914869480174172,-12.132308213413463,-13.63475068050244,-14.330220734045977,-11.735308885625075,-14.783373515508478,-14.790377940409245,-16.35243211563573,-18.44411499393295,-18.964399216861676,-20.856238030901373,-21.105081909387778,-20.113383502535076,-20.753293569386486,-21.733837211332776,-22.64642749912082,-22.613929582539697,-21.137655683815446,-22.114575008890778,-23.317182874614165,-24.159533247822484,-25.09098869174113,-26.435997180053988,-28.135470908224057
-9.193027858042626,-9.28842481019152,-10.098419388100925,-10.733955665897899,-9.775168255671119,-9.278341273107786,-9.041882706775871,-9.947664386388281,-10.237396142503632,-10.447787985403123,-11.2071785628391,-11.759873210888273,-12.291149225574113,-13.138242670667049,-13.143953693841425,-12.756934220078636,-11.983873309144471,-11.006659354650644,-10.351016513694185,-11.045006675952692,-12.30447159741026,-14.280189343781885,-15.124334258564353,-11.396353834835876,-13.146111346784595,-15.747387486191824,-17.60244188206289,-19.699317772291717,-20.536789109829,-20.512125639038988,-19.66451549816629,-20.417176103292864,-21.885089403596147,-23.035357458884228,-21.983792766144003,-21.364157216814476,-22.599455281657544,-23.931079241258235,-24.00017553787366,-24.22450931671342,-26.384774111946317,-27.120191176002443
-9.33075676812549,-9.3506400041457,-9.686945255130475,-10.103305198771684,-11.06613093541162,-10.61665742291318,-10.291651862782915,-10.338396153732562,-10.05011569033805,-10.548545492641477,-11.685973041256306,-12.248175815679742,-12.12135307926005,-12.978012653098236,-13.092001613094638,-13.33213067591728,-12.717448696124992,-12.446144808319865,-10.714830967224938,-10.14866658813828,-12.161544898606293,-15.053973006110121,-14.935666751187291,-16.137755446504883,-17.77990045572818,-18.287072898629123,-17.827815806497387,-19.544750709331712,-20.229509008529085,-19.672656003891163,-19.467372532427877,-19.919377972408476,-21.951860338153054,-23.995388359358643,-21.776200271740162,-21.52487687140911,-21.599566413693818,-21.93133046835759,-23.792819861938966,-24.794741715997418,-25.81571125612644,-26.57348067682026
-10.07269973127108,-9.538676185666521,-9.946488669816338,-10.342595758660218,-10.547447706681126,-11.529177794117276,-12.55709662473256,-12.56911888449731,-12.71489214764046,-12.397540287535817,-11.593654111857967,-11.360073637472285,-12.21214577987196,-12.652250548761437,-12.979473885928503,-13.74369593963994,-12.574998075691298,-12.98796309863587,-11.747867572351208,-11.811670225472227,-12.723026982505921,-10.63400524898613,-13.335126083732872,-16.953189043714065,-18.870203456457673,-20.86581882801618,-19.64485644747102,-19.77074164661886,-19.938926001032765,-19.451400769377443,-18.54954784185007,-19.996916820885865,-21.882802049035508,-21.563270912537856,-20.930271091337154,-23.78894844846176,-24.45353610260585,-23.069518982167374,-23.576037979136363,-26.19075718007929,-26.093743810708357,-26.549561816220077
