public/json/wind_2018-09-1523_925.json
{"header": { "discipline": 10, "disciplineName": "Oceanographic_products", "center": 0, "centerName": "Ocean Modeling and Observation Laboratory", "refTime": "2018-09-15T23:00:00.000Z", "significanceOfRT": 0, "significanceOfRTName": "Analysis", "parameterCategory": 0, "parameterCategoryName": "Currents", "parameterNumber": 3, "parameterNumberName": "V-component_of_wind", "parameterUnit": "m.s-1", "forecastTime": 0, "surface1Type": 160, "surface1TypeName": "Depth below sea level", "surface1Value": 15, "numberPoints": 4800, "shape": 0, "shapeName": "Earth spherical with radius = 6,367,470 m", "scanMode": 0, "nx": 80, "ny": 60, "lo1": 109.0, "la1": 20.0, "lo2": 116.89999999999955, "la2": 14.520000000000117, "dx": 0.09999999999999432, "dy": -0.10000000000000142 }, "data":
[rows 40 to 59 of 60, columns 0 to 44 of 80]
-16.347011434965015,-17.41487218390379,-18.55268529925038,-19.896235772159958,-21.873471095735226,-22.574664061311463,-21.52140947410294,-18.914782339702576,-15.602578115766985,-11.907283318106558,-10.825155834252623,null,null,null,-19.849314095443987,-16.944282112144837,-18.13491114101093,-17.80125291746308,-16.12728261116306,null,-19.368106055458888,-21.288877225255444,-22.135796233685856,null,-12.629457990404365,-17.65900747692919,null,-21.546803772736027,-14.948078165319615,-15.47612550427365,-18.927046533798467,-18.724173606953215,-18.53250542371942,-18.55095889371601,-17.57712745676314,-16.794718638493922,-12.746063784629769,-15.62567053959617,-17.899639196986648,-17.28151373189443,-16.24809703495755,-19.268410555161037,-19.720057600681272,-20.11344011570463,-18.842604301500597
-18.536211337282342,-16.50415853684256,-18.674381919505475,-17.987614433160644,-20.06120400952957,-21.43782953849584,-21.78221470296769,-21.22237382575301,-17.878772791466172,-14.280481491911655,-11.915499669075963,null,null,null,-16.993123699475973,-17.96571057225925,-20.05139699259085,-16.042573030154607,-12.649188366064235,-17.24383803773316,-20.209978309218442,null,-21.309305405922256,-17.230825140951183,null,null,-16.894377308504282,-17.57957245421804,-20.26057635464612,null,null,-16.84247420674163,-19.35381782915844,null,-19.206421263860737,-18.763010748289727,-11.398570839786684,-16.990612609132096,-17.748585747727574,-18.726371722762483,-16.9904746234598,-16.126506947317324,-18.62973965298944,-18.39146082040493,-19.30995483341613
-17.611765246237724,-17.399284147885446,-16.646179022472253,-17.725636511548956,-17.368865110590647,-19.994674300988542,-21.91146461937284,-21.399499988085466,-19.410703952284198,-16.28701270142558,-12.807010856417946,-9.302519728373452,null,null,-16.751569424597058,-19.552798117676506,-16.252740841074512,-19.481908105645843,-10.273394592659345,null,-20.910517917358785,-16.5533061100444,-21.698925232583992,-20.25652794878147,-9.16431578393051,-6.505160949084342,-13.978282491020492,-18.874118234427424,-16.611381594630124,null,null,null,-20.104617157436245,null,null,-16.313552431081213,-12.55994194201231,-11.767673116053679,-17.13874997930263,-16.02123805418693,-19.320961457114013,-18.661667542116177,-17.842818720197393,-20.310811764349506,-20.01554776519429
-17.102500026850606,-17.589673359448966,-12.879258259427885,-15.84353507726632,-16.33232065170143,-19.016431480283217,-20.75985150533549,-21.385515937293892,-20.287547674677604,-18.80140198408066,-14.330832916842429,-13.463020701747944,-13.919813729645433,-9.433825639631753,-10.238699376484309,-12.834603274121648,null,-14.855368284455,null,-9.256566333411449,-13.028023535402223,-17.42041211265268,-20.154973643657826,-20.14886278727757,-15.813641506048286,-9.29098253352016,-9.544121282695794,-18.0340854990718,-13.662987514742719,-8.853534138567653,-17.42277963197339,-15.084127718705268,null,null,null,-14.528757828118767,-16.547488700048998,-10.519039146405692,-11.942356028173192,-17.710026183423004,-21.98110911573789,-21.929596621412465,-22.05595069444871,-24.045710494887828,-21.813006044047583
-16.838614797214717,-17.719406270036693,-13.644795254699115,-15.352647947814054,-16.387381444434222,-18.11378885982525,-20.590963882570424,-21.332228671230443,-21.14871540013603,-20.14776864866778,-18.215276562751495,-10.67645957471178,-16.08862184578774,-7.265480895606559,-6.721460366655695,-13.321891127124502,null,-15.646074007836534,-11.82352985924372,-8.470834495703656,-5.697722824775374,-21.708381080278365,-22.21612194221925,-21.697888887611736,-16.94207488755888,-3.3179508731615024,-17.42000980313139,null,-14.580599156277476,-10.728921864934106,null,null,null,-14.8662324034422,-16.169581013050692,-12.248721583080162,-14.28160522495298,-11.666922706689839,-12.282586582203225,-17.230057473124162,-16.69599937071929,-16.082016323387354,null,null,null
-17.3511502496276,-19.121730755027052,-16.642436385006054,-13.138260105866046,-16.445682282631605,-17.273875697349403,-18.197907065372597,-19.31666139424419,-21.57856897056813,-21.049123080725707,-20.042126914204687,-17.046693672029896,-15.012725502440478,-13.931283226950187,-6.187104245298958,-6.968450852662573,-18.427750012893327,-15.96098291718524,-13.629727288069594,-16.877807456376217,null,-18.01945120076225,-22.906611447402536,-23.73515585069094,-22.68403435018016,null,null,null,-10.691709696634714,-15.852589807021358,-10.438473111191911,-17.305053272866584,null,-12.368723804844254,-19.856140373173574,-15.986833861787668,-8.170632599933601,-12.582284880295544,null,-12.25712328739111,-12.712176796326862,null,-16.590016665516256,-14.548850855002463,-13.545430108499737
-17.802402913442002,-18.484110625144115,-17.87800045971396,-15.09456513209282,-13.62928127901003,-16.01672915149764,-18.958687581709732,-18.81350772315031,-19.600240890433998,-20.783188962663285,-19.841962428992023,-13.054961472404614,-17.155683470295173,-19.422215600285472,-13.132627261752807,-5.912675664510788,-14.727447696625038,-17.50264989013811,-17.34250650331601,-11.775861404388678,null,null,null,-17.48146055735791,-19.315068977216875,null,null,null,-11.758655010793255,-20.135348106452884,-21.773340905979836,null,-19.185922300974937,-14.790207408168596,-12.201718776098634,-16.66795317896495,-15.520859523636055,-14.128403504055546,null,null,null,-14.075016175177543,null,-15.836634127781489,-14.868002239503435
-16.24872299772637,-17.654579932054475,-19.698569962978997,-17.424076702460248,-15.176826694487652,-13.924186278379526,-15.527946644362236,-17.1384882489726,-15.916879595980673,-20.299704834460826,-19.795069877526288,-17.266510359134458,-15.4194290264296,-18.748177887642996,-13.772283745784492,-7.150322281831338,-4.657906186109322,-18.743217809482136,-16.789828057472825,-17.623769826338517,null,null,null,-17.8832440221316,-17.784680494972903,-16.721626265317703,null,-10.291288619075203,null,null,-10.579027164252777,null,null,-15.15728344203776,-8.776139602133474,-15.137726001783975,-12.503133786896715,null,null,null,null,null,-9.031588156021254,-17.303741688675267,-15.536389723388133
-17.441298379068215,-17.62704695366686,-18.794632017371523,-19.16416110526215,-16.09850448447953,-15.62195706931912,-13.440252523416799,-15.348257561390932,-13.801892649230679,-18.518925483594344,-18.422324214101245,-15.288337906088794,null,-19.53597810078711,-16.37318632495777,-10.142283338841832,-2.4532185194665743,-19.991757650623814,-18.386509063716304,-15.923551753221767,null,null,null,-17.75531018375823,-17.192903768554817,-18.52983565174645,null,-8.122740094727076,null,null,null,-10.314225817188879,-14.369473350676108,-15.152513590054312,-16.06031508516598,-16.870691453700847,-16.1028640837271,null,null,null,null,null,-10.691094849285527,null,-15.118726643452916
-15.62091593523517,-17.530000267036506,-18.050794735095472,-20.751495222636997,-18.2987943340846,-16.2532398933577,-11.298792059736018,-13.856671166316614,-14.857826739560558,-11.506360352520979,-18.281695894897936,-16.15023755433544,-15.172442261899135,-18.251356224259034,-18.768310400073805,-16.201468846387847,null,-11.12672221367794,-16.890816206132865,-11.553291257257497,null,-13.873694984340492,-14.567971162706833,-17.6124063633507,-17.844085981109856,-20.33847027973563,null,null,-12.201863235463906,null,null,-19.93007101919984,-19.952505670774876,-19.04704829362052,-13.395374648668158,-18.632983404639536,-15.264710046996747,null,null,null,null,null,null,null,-9.001593273182436
-17.596888326739144,-14.667679901072631,-17.863531470183663,-20.698854302220695,-18.236696410717695,-15.243017610019509,-12.539645054889178,-9.274399245100454,-12.935103339207904,-11.484371441201006,-15.4178140038341,-16.945251515873434,-15.57734233217756,-18.852075827798146,-18.04841994551694,-16.24447777352397,null,null,null,-11.719073444728437,-9.344758359029203,-14.979722653151228,-18.55073264054582,-19.659537810385473,-17.728947162005273,-20.330502599662637,-19.571970094074373,-8.57115792827611,null,null,null,null,null,null,null,null,-15.18780227314551,-12.955458904032099,-10.278694945021162,-10.849996542879989,-8.765836454337345,null,null,null,-11.658898193721345
-15.947012585565414,-13.008885067685473,-18.37076828010324,-20.928217273407128,-19.22578615733406,-14.666460013494058,-14.017272815811804,-9.334850498359343,-10.046104546188097,null,-12.24113056881028,-17.08004569405833,-14.767711025872213,-16.076961267663247,-15.874989626248258,-16.792646578353285,-11.614915077136079,null,null,-17.193844248925114,null,null,-19.658550658285872,-16.400907143552107,-18.864729177038445,null,-17.79970642915699,null,null,null,null,null,null,null,null,null,-14.656060882791367,-7.850129580010429,-4.537485468732111,-11.491637333860833,-8.374414047868383,-10.275382861325888,null,-3.9469301836445636,null
-18.648541484528728,-18.170470821415883,-22.091619360145902,-17.787916739203055,-20.75935494867207,-15.731285309285573,-13.286822911706459,-10.976234551369854,-4.640201068459605,null,-12.774315202024969,-14.271011694317075,-15.202344235200037,-15.202063076610486,-16.89085256817211,-16.51464853587077,-17.478326405177228,null,null,null,-14.169937847502156,null,null,-18.304822219884993,-18.916585884998455,-16.745385311404085,-15.401933283479355,-8.6863258199227,-8.203423612952099,null,null,null,null,-12.546194233971065,-11.288299916115868,-7.09111122466096,-16.234122090663472,-14.49541603604488,-2.345228512107557,-13.698071423001082,-9.285719032526732,-7.7110974819603095,-10.652236108931596,null,null
null,-14.786462728093797,null,-16.48238707208935,-20.334531473580967,-16.387893777825397,-12.87222504155316,-13.611164721880876,-7.696137145983417,null,-15.723568155389517,-13.329868661296777,-16.70871712460431,-14.924469926399855,-16.03376739948268,-17.96328697833273,-17.255270585443892,-16.97220235207436,null,null,null,-13.877372898366936,null,null,null,-17.987690306871073,-15.805205600534194,-9.497651920152077,-15.70595788494788,-10.347692618230576,-6.697218722809008,null,-12.30621622008568,-14.038850959206634,-14.034452359207386,null,null,-17.76866346348921,null,-13.781150243153252,-14.89350761890617,-10.156595401482415,-10.445325094219116,null,null
-13.645723786243892,-9.59597206433771,-10.10135057546451,-13.201113356842644,-17.260993070655577,-18.451532244352315,-16.28571271277026,-11.975011495714986,null,null,null,-12.102841814472892,-11.412341831749465,-15.018461621062446,-15.093480669914724,null,-18.38145646219498,-14.483711668725126,-15.794427177828425,null,null,-17.252455175870118,-7.650311835156709,null,-19.015682811116392,-17.025007812132518,-15.608014400183794,-12.226063452438492,-11.222490803909833,-15.597851611654596,-13.431643982585545,-12.248166918029344,-15.267163561328912,-15.439711924971004,-12.185591893147738,-11.577082799592787,null,-12.32518103325548,null,null,-16.555684091841705,-9.986061614828662,-10.863129472880146,null,null
-12.857887847309568,-10.795891553328316,-13.524204686340003,-10.341929119719873,null,-19.168708840143413,-16.232044139688643,-8.981633022325916,-7.150500640017509,null,null,null,-14.40694484874711,-11.427712236545187,-16.273285569836446,-9.957106874240925,-13.447139063431468,-17.15094172036328,null,null,null,-13.76655635364327,-8.489631039628097,null,-16.726716384904368,-16.610177004503836,-15.645307383639366,-15.238355896361664,-13.450930848743248,-16.984503563374027,-16.07782740555214,-15.818588649420894,-16.517650421444948,-16.49679779496988,-14.428513238292478,-14.62215043252014,-12.614616051946781,-12.347857274246651,null,null,-11.928755459213678,null,null,-8.859556327610399,null
-10.065786294336485,-12.440760741065185,-12.464865808915429,-12.281311246278593,-13.684811881396103,-17.56563409635946,-17.012397590116112,-12.729880959426954,-9.064903958735522,null,null,null,null,null,-17.14782357398455,-15.928404498610286,-10.64495158070833,-17.21560544712178,-15.619556785398775,-15.076238483609934,-12.18019905648543,-14.056065180487927,-9.793013839577734,-12.161005625363433,-18.577205939116745,-19.170665541505983,-20.75471211864245,-17.252321585466298,-13.08262548193767,-11.251252630341778,-18.175864473603845,-16.741902351462123,-15.361837350376172,-16.969708759155292,-15.678431902835822,-15.584206811667265,-14.826944339877414,-14.346922262757495,-13.358535852399699,-12.534565180703225,-10.974314423814869,null,null,null,-5.14606932350509
-10.25325685283071,-12.266605821754833,-12.98294387807486,-11.833495147532282,-13.545338919679395,-15.881358065824752,-17.85375854681759,-15.058971348911278,-10.402539454912757,-2.8307558151232852,-8.198296206494797,null,null,-14.652185147423316,null,-17.52672232921314,null,-12.293423283700896,-16.79146774204248,-15.595678212215237,-16.865465819782948,-16.89974417241272,-17.813430214238284,null,null,null,null,-17.26796267899013,-11.34542108544609,-11.423402892872673,-17.063200619634706,-18.54767188379436,-16.82094465736281,-17.13685572496218,-16.339388526503377,-16.001798086604325,-15.646344421462318,-15.605415486354651,-15.186487943923556,-14.638485337465731,-13.735951752584809,-11.96336600054895,null,null,-4.7441598686794055
-7.9772606577828995,-13.136312220059729,-11.087860938648562,-13.155137885077085,-10.876137601076357,-12.085908105920668,-16.831912205982327,-16.716523044965214,-13.86749842161527,-8.12042069783634,null,null,null,null,null,null,-15.144840469872214,null,-16.297215279843076,-17.661644521100335,-16.786232009114638,-17.412997274280357,-14.634908725487364,-13.373770388127623,null,-13.335115288817963,-14.830568773849713,-14.675004948858374,-12.220630696346705,-10.294775742174515,-20.26120129540112,-19.557726396021856,-17.73631225851013,-17.136729233895426,-17.95320580051228,-16.650792677276318,-16.51578691556353,-16.28708780573,-16.215721191770037,-15.855163541476074,-14.913465450678151,-12.728741925819643,-10.740745321685775,-7.035237346365509,-6.788784938953588
null,null,null,null,null,null,null,null,null,-12.527063376913722,null,null,null,null,null,null,-13.180167826114886,null,null,-17.712539789857686,-18.602238518124224,-18.653191361884783,-15.89050243696535,-16.693816497104795,-14.035469595083342,-12.57898402362356,-14.592649263522727,-14.362747490898773,-12.858093313197305,null,null,-18.245814483456858,-18.851258755306226,-17.92072647792806,-18.479278572906686,-17.492549737084204,-17.762364880789992,-17.022854093631175,-16.64093766994462,-15.361309576970704,-14.384205004338574,-13.32622308642235,-11.351943693373912,-9.529174793456988,-9.209011618043856
