public/json/wind_2018-09-1600_700.json
{"header": { "discipline": 10, "disciplineName": "Oceanographic_products", "center": 0, "centerName": "Ocean Modeling and Observation Laboratory", "refTime": "2018-09-16T00:00:00.000Z", "significanceOfRT": 0, "significanceOfRTName": "Analysis", "parameterCategory": 0, "parameterCategoryName": "Currents", "parameterNumber": 2, "parameterNumberName": "U-component_of_wind", "parameterUnit": "m.s-1", "forecastTime": 0, "surface1Type": 160, "surface1TypeName": "Depth below sea level", "surface1Value": 15, "numberPoints": 4800, "shape": 0, "shapeName": "Earth spherical with radius = 6,367,470 m", "scanMode": 0, "nx": 80, "ny": 60, "lo1": 109.0, "la1": 20.0, "lo2": 116.89999999999955, "la2": 14.520000000000117, "dx": 0.09999999999999432, "dy": -0.10000000000000142 }, "data":
[rows 38 to 56 of 60, columns 0 to 41 of 80]
-13.888276114661924,-12.488319392097898,-12.70598399069891,-12.249465156694564,-12.052951428527832,-11.28961478935569,-11.34156592345898,-10.697328834353781,-10.267052452183002,-10.706767810043067,-9.602395144923419,-9.110465657271325,-11.551251694251578,-10.625311499914622,-10.986639933274404,-13.167162412965338,-13.733442904597563,-14.511839325392843,-15.163464064850976,-14.801940632287838,-14.395369423025615,-16.036347706136002,-17.424838705299877,-18.365262909670435,-18.873387046140515,-18.95341596238632,-19.5589845331591,-21.22843960093703,-22.386384008801592,-22.254607346592834,-23.173328622307857,-23.495449977679844,-24.48818713855833,-24.63494819797055,-24.549629770434027,-26.424061647240446,-26.780402074626373,-26.81733856287924,-27.222925923859794,-28.38616631696936,-29.142617906063425,-30.868495972313497
-14.082630869747826,-12.735314577565976,-12.983388209447618,-12.87817472241755,-12.549516869601064,-11.817126634911595,-11.682630508181905,-11.29400092170728,-11.563164595665562,-11.701858452153875,-10.893932483450149,-10.277590397053716,-9.727818657670706,-9.992943606799507,-13.121132008825587,-13.73700275358109,-13.10326517896635,-14.607867007156019,-15.666509181607655,-12.640513390125973,-15.308517904958212,-15.880309360726045,-17.190630708290445,-16.499111719946626,-17.006429633861355,-17.12972180979794,-18.233009492587012,-20.350520916944895,-21.124189832573446,-21.716293675727695,-22.1976598689155,-22.891636827767524,-23.356197931077865,-24.378676045222527,-24.900063036430566,-27.16407974492481,-26.520615358839507,-26.258684811096117,-26.326796154551126,-27.534096326278842,-29.110355462077834,-30.521292026917532
-13.483419623119707,-14.179830812365683,-13.67118373530736,-12.749022002560302,-13.134874172025667,-12.68901469357273,-12.624188031043097,-12.323561232074038,-12.464732551601877,-11.63447998254054,-10.659173049349597,-9.731218154518483,-11.65091725067107,-14.525219662146968,-14.762876823449254,-14.587006474942255,-15.229239875838156,-15.248792675077052,-15.665103879326637,-16.431943125250722,-16.645435031543233,-14.286402823636598,-16.63645819144654,-16.662250239642,-15.297233384476758,-15.869232909185634,-17.489638382529876,-18.834827410069654,-19.399269696566947,-20.314580367177456,-21.65833085139505,-22.801889025078058,-23.63890596914953,-24.565000155238543,-25.40412245668994,-27.46461439774878,-26.451612882668456,-25.940936070747107,-25.455537898970537,-27.436840819875705,-28.331203130812266,-29.341159335772204
-12.483164592205883,-14.468026056977532,-13.878760660795226,-13.022947128177382,-12.840281059217062,-13.229171009845727,-12.378737564681476,-12.464970665927531,-12.02611220836932,-11.74718527061432,-12.218983743648405,-12.215541229070087,-13.363978327356518,-13.831426926696654,-14.410661321350945,-13.540269083388267,-14.630875645803567,-16.354496542851347,-16.65595728359519,-17.490937049091723,-17.197295532096103,-18.048312379040375,-17.05851587775481,-16.446288381578913,-16.317098481696416,-16.17439590442353,-17.11623378843616,-16.941665822217058,-18.102983889262326,-20.587224705836512,-22.091294500493845,-22.968328959999628,-23.20986418118842,-24.865727113006606,-25.64820064678717,-26.0249588919988,-24.901192131557625,-25.220160513966132,-25.70917847012384,-27.045516511092806,-27.326868981307584,-28.20609155229453
-12.347180743033869,-13.701956781356186,-14.441999443089992,-13.023483318319185,-13.272453701596875,-13.542728188504318,-12.278883850840566,-11.871491018341093,-11.7908183895339,-11.511107333489882,-11.946855830961546,-11.883297101134008,-13.221546275904625,-13.399739193725772,-12.548178217857462,-13.57818270917258,-14.630984048790667,-15.053104193996566,-15.901877950852063,-17.469278792891444,-18.06048132357968,-17.94716930753967,-17.89563865300983,-17.2043272410874,-18.48584921350818,-17.534535082118474,-16.39969185231872,-16.678759185499146,-19.27016357289773,-22.84563206427832,-21.527427482076106,-21.823006309195808,-24.469204264632577,-26.024693526292722,-25.916315054203125,-24.80864780975139,-24.342545848378215,-25.46670353191893,-26.13712869060553,-25.779130147905896,-25.16152856370632,-26.215260905864465
-12.507700394770051,-13.422908516231205,-13.58119522478323,-13.193777464803631,-12.837766704775404,-13.438000763447086,-12.738163628043548,-12.208920444003029,-11.938368712467877,-11.773943617085521,-11.544880077758771,-12.727063163924985,-13.35838543584645,-12.031553497876917,-12.307708733999426,-13.796073256132303,-14.24125859038422,-14.8074170285907,-15.672384355168184,-16.551737805858732,-17.91753144926283,-16.584546620095534,-16.751041554723738,-17.205766951909307,-17.82747880386001,-17.15079249201197,-16.175402755883137,-17.37370746557035,-20.396667510511143,-20.53607762936732,-20.798340303811614,-21.13432147242396,-25.804842931286707,-25.016335000822238,-24.98946969460093,-25.389652455736826,-25.259864360261936,-25.911975004555607,-25.39730828176027,-24.183875504667643,-24.832601465130928,-25.741799886699294
-12.489040072707494,-12.916982080336327,-12.991696853224038,-13.155639370475619,-12.840226356394046,-12.98070877078284,-12.98316438521909,-12.892535222781888,-12.461574207064123,-12.69304765790555,-12.311916617615646,-13.174038507610154,-13.91471666224957,-12.234701906237781,-11.639215697532697,-13.64839170811565,-13.70364283303251,-14.285326528021127,-13.07354829643748,-15.015183268096512,-16.204411251004704,-15.535747020753405,-15.796117093737468,-17.986554286317205,-16.86027425209761,-17.45409397724569,-16.338473278632303,-20.03979937209843,-20.563508157649867,-19.490781468733587,-21.109074954910366,-21.812549750182868,-23.915445986434072,-23.16922659451542,-23.551436586165465,-23.628794840301907,-24.77661274799049,-26.203137646414532,-26.1592154993314,-25.742050544298813,-26.302583009573198,-26.457761529903117
-11.734015365520932,-12.983979153262823,-13.486499660784132,-12.89496181314644,-12.738403255844055,-12.656297077719035,-13.110765499948243,-13.249063178105061,-12.567916795645912,-11.91364158939377,-11.758676349848253,-12.639973666522883,-14.773463981758015,-13.331839557755218,-12.138571381537336,-13.69930239838201,-13.103761428306788,-12.465337980197084,-12.24299496101139,-12.986887150728435,-15.83945059141775,-16.870809482881207,-15.854122367496199,-16.324353721062046,-16.500498691737654,-18.26424715670585,-17.0998209052495,-20.58887226442129,-19.401190501549063,-17.838456521097893,-20.845631067087623,-21.280571706425725,-23.780967803903142,-22.634417170142754,-22.782238045420446,-22.755132492252365,-24.404738315850814,-25.048014581666692,-26.858786744688025,-27.796079077196232,-27.35282347976853,-28.930349049538137
-12.137335819063464,-13.06760464177171,-12.953343161951707,-13.126598295055786,-13.16424746674227,-12.657613790175558,-11.740948412104885,-12.902284936954427,-12.38639526616345,-12.19956902315014,-13.711442815672493,-14.65051267641268,-12.771689382205933,-13.961131727506523,-13.095916056691822,-12.833822773115388,-14.610751547869745,-12.582512474781272,-11.673914838596938,-13.420458518886045,-17.11843516443684,-15.983664658892007,-18.5430099506628,-17.680618005525353,-18.188283018494047,-18.10136191702557,-18.587591715533243,-19.988410761679393,-17.978134758864595,-17.622901855169804,-20.49894872558537,-21.267140223066065,-22.971968606165998,-22.526656759314314,-22.22437263904615,-22.196127138667336,-23.257055515232395,-23.831864924363483,-27.62396571833605,-29.233307908636476,-28.570181200233776,-28.485946779602866
-13.132047410341642,-13.101568942200606,-12.630216303434771,-13.48003615478288,-13.286274717985348,-13.268385275792268,-12.962152220893874,-12.478848594126058,-12.009231277724762,-12.981631406511532,-12.910276169850778,-12.63978665082117,-13.766259734916263,-12.593135572690517,-12.392665169151293,-11.287838498864096,-14.029824156441626,-11.849486749255082,-11.39474631402291,-10.42985231375777,-18.40767788256891,-16.710402925214645,-18.842530860865566,-16.736817505967,-17.29237235812004,-17.322245037534856,-19.423510091013277,-19.065675067624003,-19.68894373756191,-18.823026917337845,-20.482751877773076,-20.760658873547122,-22.822711372176716,-21.809492843384955,-21.4819620772839,-20.461334132880545,-21.224818790127582,-24.05195983395325,-25.911382415399466,-26.880142671103307,-27.470582908028508,-27.42272941031593
-13.310443096598235,-12.869096442390596,-12.282111096217946,-12.739754882511285,-12.927495600614181,-13.996872480862068,-14.18253447281583,-13.355847113577411,-12.705648129138641,-13.090988264846633,-12.933059631928291,-12.608656050893861,-13.313337458585046,-11.181123228196522,-10.365387948244534,-9.01948643894447,-12.710287605133042,-11.13558112928028,-9.678561257626763,-10.812884102384059,-21.370707093628077,-17.262307799453293,-16.12648972946092,-15.554931379944147,-15.698609126565634,-16.30595376027457,-18.3421606884782,-18.164876738787598,-18.745720740723876,-18.97300180190811,-19.06436710597019,-21.35354177294014,-20.28870828607745,-20.472379114119096,-20.081312303969515,-19.04718521194503,-20.38445728873225,-23.49392218373673,-24.747229984169973,-25.476315657940713,-25.805327327321304,-25.783241287417606
-13.266691416809287,-13.535562280500747,-12.499072099791835,-12.557697879961669,-12.472282158259791,-13.978887344630929,-13.942863159849223,-14.11578143182427,-12.621174848273842,-14.621522610670695,-13.920373817819398,-12.573217378887588,-12.71159724119055,-11.993623471031816,-10.490062278354316,-6.695950709111592,-8.663953889112484,-9.696745472268585,-11.90719669387998,-15.66944216712494,-18.370713634558506,-15.878091506077988,-13.98650136557061,-13.582428807158301,-14.89708976596868,-14.710628064498955,-16.55102743174319,-17.278434216731966,-16.724458702154344,-16.754349494985934,-19.673581534267655,-19.530731109898266,-19.303432120669743,-19.322069217181184,-19.247328528950923,-19.92743521294144,-21.039084552003946,-22.29082351583115,-21.626733579720042,-22.224423402802504,-22.468869151497866,-23.5045396020401
-11.814235934939113,-13.390202337811056,-13.569846987789905,-12.660407678714186,-13.363543855890368,-13.794523242791877,-13.315875339643991,-14.219862181048468,-13.927955629017426,-14.31888901332117,-14.698126330715688,-13.753499715487404,-13.42138879633927,-12.715833204124195,-11.246563129673213,-11.341898953089846,-11.522416370043599,-11.719703073560655,-15.186596810546183,-15.171321596411897,-14.924225795335337,-14.695158379774465,-12.713505642568748,-13.45282226390033,-13.033456559928526,-14.022441060213419,-15.635846653571285,-16.034842357585926,-15.509082313662155,-16.923108452631404,-19.049232856619636,-18.402916455096662,-18.667873923998577,-18.5298657989912,-18.86649320779357,-19.879795670312966,-20.49489191542129,-21.498568338025166,-20.403393809685873,-20.214826646829927,-20.23599321183167,-20.96393713947659
-12.647511300525666,-13.062207532459661,-12.15337482924733,-12.973680937013953,-13.876134653888757,-13.742948278808182,-13.20497002792695,-14.213580491752396,-14.077949994986863,-13.920806424072797,-14.091705843192505,-13.778574737800916,-13.96194294522724,-14.461221361064938,-14.541489827042586,-13.54092823966544,-12.539268782003116,-12.364757938723194,-14.809274109242338,-13.831506335293588,-13.328986132170424,-14.957576396056094,-15.310697362167264,-14.053751493127026,-12.27310217496669,-14.635511393194301,-13.77264930827783,-12.531848293995921,-16.394118700683485,-16.65254606387793,-19.170677469164065,-17.557422431700562,-18.47119672943255,-17.85322450037318,-18.698127877827144,-18.04843436011841,-18.096769634051174,-18.83878703280141,-19.742160037237117,-19.08738166778414,-19.109450348045996,-19.967193088224946
-12.81183608139877,-12.887010498022521,-11.36328476166935,-13.907341007604197,-13.530435401348193,-13.325809858489423,-13.25483438301185,-13.721307114379654,-14.507105557966657,-14.888566989372096,-14.434051205620587,-14.832979334487774,-15.234578467254952,-15.232733426597857,-16.145515177173223,-11.808731775546125,-14.041773626184131,-13.085282566274847,-13.091052840035934,-12.978965018746702,-14.671350517072582,-15.108508189943953,-15.75692068655482,-14.41689600214781,-14.371631205367056,-14.897920396535632,-15.313874300624441,-16.4428801846239,-16.275670807484108,-17.752587678896766,-16.294408921196275,-16.217791759440132,-17.317719925057588,-16.547801997734986,-17.501530634652052,-16.49479086390691,-16.140249959908115,-16.954611026391778,-17.259732955494425,-17.727315041537796,-18.048812377600612,-18.908025850170887
-13.684173952948566,-13.702648902954174,-14.786390744481455,-13.553981408257776,-12.805786249426278,-12.344579559435553,-13.024696374849569,-14.095171533623297,-13.977937686252762,-15.253217234942886,-14.425575884332794,-15.441665717177349,-15.266964575271754,-15.906767778984175,-16.187165737823825,-14.040727235576613,-14.464251673301863,-13.761157945000129,-13.252294727041402,-14.968409510953801,-13.343293606226492,-14.546554900625727,-15.48643363845907,-14.61759712517205,-15.666620393076714,-14.618166161890041,-15.051075369166872,-15.991284527900794,-16.00019386186509,-15.78793802470423,-15.943220236068775,-16.105904727381485,-16.008880963818292,-15.344043758446546,-15.299778397784406,-14.627047781829118,-16.809847258441152,-16.96597770351729,-14.867504183866583,-16.286060908885112,-17.204420646507423,-16.918575643038253
-13.663370598583267,-13.746487819483118,-13.785443099030608,-13.442460614243844,-12.879956713102132,-12.814447260499357,-12.27162132902778,-13.066649289528366,-14.394246557788053,-15.496848687524619,-15.788583126922575,-15.698755526163149,-15.969200459084302,-15.322355607943377,-15.592324938478354,-14.330067582570036,-15.388005626473223,-13.62939794283064,-12.956540910723344,-12.370954255386517,-15.694538530266264,-14.608067448617609,-13.89780670127653,-16.5046019034699,-14.61132618865813,-14.262814288121024,-14.117360205260592,-15.173474717703245,-15.584876524571603,-15.255751454539341,-15.447645242076543,-15.949768028630096,-15.982735698602408,-15.152457601190992,-16.119686827390694,-16.644746981293693,-16.284658095043582,-16.039446648920826,-16.312391342729754,-16.265484414134317,-16.74824440844035,-15.777365335984326
-12.74504773204049,-12.195143175787374,-12.518493513747462,-13.095989643749204,-13.655542342947179,-13.676073411809089,-13.779009108200544,-13.841371044364639,-14.709805297370146,-15.487723908598369,-14.598998433590808,-15.699115691718923,-16.453239589101457,-16.292119446913823,-16.724555749847557,-16.990374057252843,-16.068499960319702,-13.978779467945277,-13.831932191392411,-15.026543095635537,-15.580857331550732,-14.243696749176458,-14.465309186424873,-15.942013569786116,-13.315889673070995,-12.710922815922778,-12.957080773112542,-13.6849756920897,-14.941522784507711,-14.764052159047651,-14.099247471545615,-15.105036328242461,-15.172237073688267,-16.33042711709454,-16.00222935687033,-16.397647809538896,-16.793386424533015,-16.762935566921875,-16.44517227762614,-16.18915577753251,-15.66683610999385,-15.642500969159563
-11.713514371669012,-12.166375657659966,-12.481708859434576,-11.989840269422913,-12.822299266986562,-13.630324063221916,-14.479561248734408,-14.266920160668217,-13.548424327909508,-14.392133679420187,-14.459454997557279,-16.171951211890907,-17.101367771225302,-17.47589025285166,-16.28456740280814,-16.475300887936616,-17.47334417706239,-16.426412720201256,-15.8101035725597,-15.862963967684244,-14.361017036827946,-13.85684839656068,-13.761078672090283,-13.666585780228734,-12.903258211926339,-11.137651462012954,-13.438493815269597,-13.736542430411397,-14.768277130329182,-13.671438085600649,-14.095679069830625,-14.047768581863917,-15.317352969291312,-15.744907222026466,-15.662790238864725,-16.146020260125546,-16.54122136746818,-16.45196885695541,-15.658309151035835,-15.087457412554766,-15.208435700952586,-15.754781041581076
