public/json/wind_2018-09-1607_950.json
{"header": { "discipline": 10, "disciplineName": "Oceanographic_products", "center": 0, "centerName": "Ocean Modeling and Observation Laboratory", "refTime": "2018-09-16T07:00:00.000Z", "significanceOfRT": 0, "significanceOfRTName": "Analysis", "parameterCategory": 0, "parameterCategoryName": "Currents", "parameterNumber": 2, "parameterNumberName": "U-component_of_wind", "parameterUnit": "m.s-1", "forecastTime": 0, "surface1Type": 160, "surface1TypeName": "Depth below sea level", "surface1Value": 15, "numberPoints": 4800, "shape": 0, "shapeName": "Earth spherical with radius = 6,367,470 m", "scanMode": 0, "nx": 80, "ny": 60, "lo1": 109.0, "la1": 20.0, "lo2": 116.89999999999955, "la2": 14.520000000000117, "dx": 0.09999999999999432, "dy": -0.10000000000000142 }, "data":
[rows 0 to 21 of 60, columns 0 to 49 of 80]
null,null,null,null,null,null,null,null,null,null,null,null,null,null,null,null,null,null,null,null,null,null,null,null,null,null,null,null,null,null,null,null,null,null,null,null,null,null,null,null,null,null,null,null,null,null,null,null,null,null
null,null,null,null,null,null,null,null,null,null,null,null,null,null,null,null,null,null,null,null,null,null,null,null,null,null,null,null,null,null,null,null,null,null,null,null,null,null,null,null,null,null,null,null,null,null,null,null,null,null
2.774956983904445,3.7572383311144195,5.238465395036653,5.736325976086082,5.48455866068557,6.432513850221253,6.27943415191567,6.480320378519151,7.633847036089019,7.793378697136664,10.017293819424157,11.190754298305032,12.159985232497126,12.81327958697842,13.90551247267524,15.131243535971755,16.373149014457955,17.869846464265837,19.901150732574685,21.216632027838383,22.52095215326648,23.26175197327109,23.3455711077756,23.723047440827553,23.90073759195068,24.48707433082423,25.323857909039592,26.27812433299544,27.034285665826104,27.860538252959525,28.56661726678027,29.39294694152685,29.878841478091037,30.234828232007768,30.498162928366114,30.699106037945192,30.620631228129124,30.528878761322815,29.964685897997633,29.057828918963114,28.55052378091329,28.271184031854226,27.6358057697403,27.09454671833359,26.35364018501857,24.97248620928606,23.509937458571784,22.454505784446894,21.49245640972178,20.447023120702063
3.2798641346316817,4.139216121263042,5.220844035756,5.924696900918293,5.143729120958643,5.879480709635759,6.381635477189171,7.025231610163683,8.18148680276554,8.712992815299987,10.953089325722473,12.178909654590196,13.063475807089526,12.658191077585297,13.960976198488254,15.37116440842853,16.20133938534871,17.49468188493433,20.30680249280001,22.27159227592899,21.994422894841936,22.814344099736346,23.370469572658475,25.188443495119408,25.195778566877394,27.04331686566832,26.288010193939527,27.472550487533482,27.95231481341674,29.034250281337314,27.61386172688655,30.0080396606725,30.881178979737165,31.937793657569102,31.08194642035979,33.90733541677652,31.30245919436363,32.91337826166814,31.330336716043284,31.220264312368666,29.63528749155392,28.47771657674986,28.068941284771242,27.05570796315467,26.669559656474167,25.432933207548828,24.072850603899184,22.591705484828324,21.13308606963739,20.07502357078888
3.4041774636793223,3.8285985358034083,4.1232430672511935,4.13116570840858,4.601480737718944,5.487495327153262,6.841584727163876,8.201187646765435,8.898159198646137,9.922699372095265,10.848088274625594,11.929864099079566,12.30656650063892,14.420602974191134,14.88421707505531,14.905940676199393,16.192154626090762,18.164867888402522,19.60398460532567,20.06735184249027,20.103497868555266,22.971871283008717,24.3516994007146,25.092920458469028,25.612073457941,26.364435756658374,26.51880735913161,27.470539197108742,27.97018006568699,28.835179163947707,28.202308442604238,29.112700255821903,33.03586533644065,32.6414352721584,30.769115645233626,33.50803482933563,30.690701179204204,33.8249558939282,36.02382551099315,31.09275294267907,30.819290320966218,32.01104401654991,29.56698158700992,27.678603979144686,26.440809172240535,25.182795903977347,24.201510723414312,23.35991602731895,21.378548866974107,19.455856642614076
3.6629514424996317,3.8112745989228176,3.3319497837826573,4.185508196401652,4.582434467733382,5.920551911430677,7.281608728306752,8.338960988252797,8.878961555391092,10.391870046731185,11.086318139511562,11.904549994853575,13.723110277647464,15.026979377087219,14.951961464014666,15.727291946154695,16.525856674782727,16.268296125601854,19.146062498962156,20.576150806641834,21.925735131017255,22.808715712209594,23.226981215559583,23.746866722212612,24.427224764876872,25.803425738848336,26.59772769383838,27.28760232076232,27.71047007854604,28.980596853546515,27.72732792470157,29.99698889235672,30.227863598994904,30.257304515947872,31.45849696680849,32.94403983947248,32.795263380151894,35.12997951328903,35.05759159322101,32.69800789875515,32.989947840252604,33.09850790750916,35.855221769975095,26.183039466123383,26.23776725259124,23.44163086697727,25.803611026014764,23.819937046601034,21.728822463951456,20.186684656555055
3.5715793213100646,3.339665700779727,3.443773035486319,5.130174832635976,5.500658915954043,6.858556063973124,7.999375271071024,8.297981031649547,9.209744527761998,9.969344171392356,11.184764979082509,12.192855814089105,13.803342763201638,15.239065092336755,15.356586177653718,16.06968307297884,15.285467504275138,16.765693589359458,18.30678549696194,19.47170199792397,19.521414188531068,20.941362099891325,22.2324609230185,23.30825634929944,24.132951192156064,24.631279764152357,25.631469672527633,26.47782892449284,27.4298293192373,26.32239311143888,28.867190972312432,29.966108355281598,29.398911449097646,30.196800988668386,30.90310690534087,31.732153330814715,32.817402803421174,35.290907481866086,34.15223958854638,32.5458525046995,32.56671334038728,33.370448649519936,29.04555695672585,27.642387599451286,28.971068530621736,24.04624089946265,22.822902323772883,24.032482759402356,21.60125454696445,19.774558727981415
3.180710307325421,3.202115865895231,4.659133729558702,5.5539680952324675,6.513548500504686,8.191404607697121,9.512126184788686,9.999568381943476,9.711311473071468,10.819893099854971,12.129569033492864,12.947490215401793,13.474892334939106,15.14690722538479,15.37191039347416,15.239951374710435,15.955559074831115,17.31689463771399,18.662147706881818,17.801988034913464,18.69263884020027,19.892642222159495,20.54295981194757,21.761235696084807,22.913049795010583,24.26217870479318,25.22293155606131,25.12749063677965,25.471403721098643,26.56564262310733,28.95965760985264,28.51514061695734,29.325161848470707,30.815303665219645,31.51995112791278,31.317909267779573,32.74163761072953,33.96682619687081,33.36432081560188,34.96799023989435,33.93207731365471,33.11954838594144,31.216333389932686,27.625818378715074,28.604363590806685,26.773736828724452,22.564159656598722,21.387508481177335,20.877048822667028,19.56513634410376
3.0456965744225486,3.4771034892366433,4.893529741119841,6.02143097985765,7.46661423915854,9.48487058449986,9.974755375449375,10.19239925065489,11.030744961562927,11.746890037669512,12.997593035056742,13.811931143052183,14.45766904426474,15.06992183070557,15.054092745713938,14.896393818025842,15.36117254032423,18.223248724722545,16.63794328231667,17.908552013697353,17.992188264575823,18.915612081195093,19.9014424935462,21.14736010648424,22.511911163682832,23.02108626556666,23.193715503196138,23.43434022208158,26.303896069382223,25.527688205259686,27.86804050038806,27.064951066036517,28.822876474842996,29.9637796303158,29.81212948442953,30.846425669693776,32.247372566211496,31.436262689964014,32.61293130181633,34.16064095346173,35.13167231350132,34.78587879767771,32.22783319386691,29.508805936061083,25.957013353006566,27.328295986716835,23.660644853048616,20.427147851372883,18.218499202665893,18.921562301608795
2.5580563909171903,3.3343006332507583,4.390112678730753,6.640233764832987,8.898216542949445,10.542728224810169,10.413924762698308,10.548840294447574,10.533893240162126,11.860867799987629,13.089775548109639,14.398994339852193,14.787389650249649,14.766061776540894,14.663738190059302,14.409394064219654,16.995690306092907,15.960570233465436,16.61706459278029,16.662203514359142,17.490552893662056,18.408009817903007,19.569036379714817,20.609068677309942,20.630703170496325,20.836748395902458,21.82505872539955,23.62311180741317,25.75154628062215,24.593567768600263,26.690410624079114,26.225672661608595,27.838985850553854,27.00186415311795,29.023823776718245,29.257610469740435,28.527762472679015,29.32739476231654,29.204927788094288,27.98722643553174,29.55192326383864,31.587441518768202,32.77887640868433,30.305378726293576,27.516042995894587,25.43630350470577,23.268287206973316,22.51502260314304,18.437947715802068,16.099258493191947
2.6152321984324516,3.5569060544380973,5.024667361546916,7.083228555301744,8.394748387334044,9.568699818468584,10.692437511659136,9.961842447950396,10.27993363988696,11.976873917943704,13.060264995915423,14.097586879978115,14.124972233860065,14.222455561480835,13.773254183143251,15.24412537161666,15.995432365624136,15.592115310462855,15.47788007368136,16.114678227867508,16.896261945861998,18.403941351718437,19.098549284307765,19.469600895426822,19.397394226830112,20.2883618132971,21.19479416353039,23.051114468806205,22.24230263928881,21.983603076296987,23.658856939392955,25.288576932823744,25.080941661956217,24.480051224179633,24.309548143057352,25.04795184987383,25.39826715663653,25.878452183178545,23.059502122438797,18.661709329463378,9.833185256219744,9.357521430986631,15.55115675026322,22.877522060374602,23.235261749174988,22.490582190713738,21.493182792219883,15.498213809929073,16.046574328870822,14.288023890369656
2.642687958024439,3.7548811857433284,6.223070651236755,7.8475899495503505,9.001700927020565,10.230257747070656,10.722902535960092,9.614696814482265,10.278411839758762,11.299176670698834,12.277991093816503,13.30684439230192,13.280497162091322,13.174182717788618,12.766175942644404,14.956896072069618,15.311512233435334,15.14242713311002,15.418283177758791,16.14048979074191,16.673849285538168,17.684987674573282,18.33970878362551,18.09134119512816,18.27251959765113,19.137017520906063,21.04010154841382,21.25363258448165,18.076660457227426,21.62318655522024,23.452441966942985,22.20679713683542,21.341442193363257,18.39664999996105,18.72020055817693,18.524410300526327,19.53484066386772,20.036415701334,13.136991404045034,7.4495943657693715,1.1790917320393899,0.3260645899219179,1.3444648854312795,2.973398824540922,7.347048788962838,12.088166110229277,11.921358701328813,12.827978461096988,14.767597476765026,9.828691982843097
2.2676063278276946,4.370482519110956,6.543582344362584,8.53143617404896,9.47669610116013,10.479362453279407,10.830201185794657,10.459798658641692,9.74776774496541,10.164274802207736,11.101153469947512,11.43383355954848,11.70878567821688,12.304745484195639,14.039645991482816,14.72657691334224,13.805024317066353,14.543450982207354,15.317177983686417,16.10917242604151,16.490400721318792,16.352493348288203,16.361263077319062,17.21291991359711,17.571980976476542,18.83463335259943,18.41083577579994,18.316790660133897,18.428099775217138,19.474542585237693,18.545237832385418,18.642169760977772,17.67459050743792,15.109815687136539,15.795839000529014,13.768379314774645,12.17253209359264,12.435969673389545,11.289365943241137,6.380937147412624,-3.696118727551822,-4.470737491591798,-3.3656025585099356,-2.8860490069928684,-3.6715101728036226,-0.4990415398512123,4.35125437406421,7.674153430609792,10.625282009568188,4.0715037589117475
2.426624826341369,4.756905122829649,6.531154781165811,7.778356416278152,8.70055062944813,9.761105282895805,10.410229735948684,9.836925570884693,8.603437454152932,9.12419355437742,9.280770910363868,9.18066412042639,10.783136378915309,11.481937654185247,13.022479155783468,12.506271780500416,13.185636173156889,13.753868989991405,14.851108264085065,15.437990251348086,15.21132782468289,15.275779956093928,15.129993959913591,16.086011042218765,16.21554102209751,16.622689512108987,18.191661412683576,15.792066884308642,15.012927677508596,14.785625474656207,16.261368364405122,15.368744619792484,13.427829894717151,13.634702498507625,12.344132310358225,11.12999049835857,10.07108344059599,8.583415714159207,8.436723550713575,2.5729924459853395,-7.179677483927776,-7.284846472876657,-6.883744692798728,-6.346663122009838,-4.810348371779007,-2.5340474048893604,-1.7166225511517244,-0.32099560149656114,3.8538243712326854,2.7869529791632672
3.529405368768974,5.321395660627301,6.245113755628267,7.367311493335481,8.251215984285635,8.824446448261476,9.285191459725667,8.688916851469049,8.70687009101328,8.180418753440039,5.946959514858195,6.520244619967942,9.34849626667869,10.438508720312829,11.128520801784013,11.765342496576064,12.009693930206769,12.45900067015626,13.108912688626326,13.37782570855866,13.398185264040627,14.555502047943477,14.44650436783092,13.691164161175937,13.505235226980185,16.623223633034808,13.357300272832617,13.153896374114327,10.984458799770852,12.629930710026475,14.143192624772933,13.914305028446137,12.360825494115183,11.344953615192669,9.825932080314729,9.022286920724936,6.9224579694684545,4.019420269188348,2.4909944946623215,-1.9672405926826984,-6.757410663786863,-7.384888120773818,-8.381296803860435,-8.841899447587686,-7.86877398250987,-5.478873140104368,-4.496576563014066,-3.723302680827823,-2.0877696293602432,-4.2583824546077995
4.246293621536529,5.41549574734419,6.618038684822949,6.8695696061221945,7.896658201828783,8.429458908018187,8.437006006646953,9.039881118448655,8.420034129945801,6.543251006201335,5.4684638453935035,5.514003946846825,7.477028213120328,8.041372854159437,9.40838031495102,9.981398266322534,10.17698380235106,11.196014208455683,11.3689551568783,10.9957569050784,11.701722558891253,12.785141972335738,11.921338242468341,13.73551036530373,13.416921181787696,10.720713850599699,8.847289576374463,10.030053377178628,10.127956154161156,11.008952867165696,12.193117176275399,12.013711771090762,10.603434344907509,10.25218163430954,8.495629241057223,7.268823887529433,5.444813383111862,3.78395106128366,3.9629886150965734,-2.4475273355087253,-7.947946618565506,-8.800515677916978,-9.479760319720079,-9.755192896363065,-11.593631029237624,-10.871287026389163,-11.869901045260455,-11.642232936813189,-12.601011156477139,-12.99360690908907
4.301258214232197,5.365902394017134,6.453163498068105,6.903524587980723,7.317443978355162,7.927719808330161,8.047569893465548,8.42976234364153,7.29983126401345,5.426980567610395,5.646715567449544,5.878842569257666,6.312740526289181,6.584839645479306,8.06333132768553,8.407734812590345,8.859626766963249,9.248953348258906,9.26957796912413,9.726264385657474,9.878262524811888,11.370458802750175,10.79164135157176,10.90754008909795,6.849392956584863,5.8826510113052075,7.090699985872551,9.411102948585745,8.942182668002129,9.3163555446832,10.944836833992687,11.83767290040951,7.971929107675583,6.439107721821916,5.944072931337,4.8401628244616814,2.897741911010729,4.304660807565705,5.2009083799806195,-0.2852189363955413,-10.776611943527248,-11.708364920097663,-14.2795845978778,-13.82602437524142,-14.332896123764858,-15.269917744209309,-17.002033948447842,-15.856074154072461,-16.70423184081001,-14.877379927277378
4.152279309099919,5.019479607463528,6.091539911187017,6.285068664571904,6.9598665537653925,7.09129660585393,6.608667196916361,6.7929770573807655,5.510634704760242,5.715779667951995,5.399505970175172,5.697877626446177,6.435511031759263,5.649807914896401,6.39950036067726,7.164696440195584,7.6431260560988985,6.818839777333293,7.134703033765554,7.509430872055033,7.42388807204688,null,8.286449771157308,5.3419309221234546,null,9.066312972089948,7.663225317581523,7.488919776847801,6.93705937227124,7.806559614264467,9.557851859761008,8.401201505862083,6.285851143025052,null,3.2940453950698076,1.2459038596930214,1.8260869834905478,4.5053777359137825,1.4661656805723773,-4.609220251456881,-12.141556589428255,-14.447098861783203,-16.252898362259575,-15.185981361228412,-15.980256959120505,-17.536101525313942,-18.964229481080242,-17.63793634751182,-17.50789755774802,-16.75895746206457
3.857415957799411,4.392250720550394,4.807426157218925,5.481893518010023,5.192839841679391,4.854843988280815,5.267720808594374,6.0652618769253515,5.210720498143233,5.5870355476035085,4.642276854374515,6.015906064301675,5.417239770654982,4.843100098273443,5.249187361202724,5.985451087112885,5.530506871953519,5.624458007473241,6.14541075930574,5.649734606162878,5.450399414178767,null,7.002413440312936,6.049717836705348,null,null,8.588974645098316,6.526848926916813,6.391511638636764,6.804959931086419,7.991624775733506,6.020293949348548,4.560614076557884,1.417416432147339,0.3003316426086982,null,null,0.4457600798152764,-1.9600020639657498,null,-13.408538280089047,-16.101824966768365,-17.99293104473725,-17.97565410009231,-18.525677473674563,-19.547997830631722,-21.595645097084862,-20.29961234570169,-18.121709845524908,-18.841849676725445
3.4970724550945342,3.5524921963222447,3.99295240458074,4.193656957538993,3.4122923256777513,3.8229271534451725,4.169177763040534,4.978059508939821,4.507139070864241,4.664928400412041,4.723006453154989,5.379753420512417,4.6590685334290995,4.89899985650194,4.4895001444571765,4.183870960985036,4.673574715918819,4.285426425383797,4.910679823362005,4.412414297214029,4.648309451754308,null,null,null,2.076467449709201,3.628987579863725,5.717539002689419,6.666887774324547,6.439246358779641,4.397943821292862,null,2.04104004698185,-0.562226990164649,-1.6257500661864315,-3.0881305067774045,-1.126618710215288,-2.7388639927523935,null,-3.3413621648429888,-12.157940075098507,-14.962884468361889,-19.313947522196777,-21.09030415030721,-19.56623743986793,-20.73631719648941,-23.57338208540906,-23.41119690330241,-23.96257099127054,-22.59768850542156,-20.759195850868192
2.9748270229866134,2.732991266480247,2.654027879440315,2.5781477853849593,3.663355594934261,3.46130568018482,3.229554994814499,3.5029700252731177,2.632119937157977,4.0767034104100235,4.725782125340521,4.285660285786136,5.569624518297727,5.314028004748679,3.5289841739397994,3.7573110092863846,4.509573311523577,1.9521481356930739,2.8758035439455787,3.405539032098371,5.147202131305759,4.847638059397633,null,-0.8647649186062797,1.817784012386813,2.9541943333135943,5.294440746176479,6.106265284919221,null,3.1380136003318566,null,null,-2.0494682773009036,-3.088285552755037,-4.130366349345113,null,-4.740329896151006,-13.254357765139023,-12.375759638581401,null,-20.30668280952166,-19.092655557490502,-19.955215425950897,-19.45523341647936,-24.452867519741,-21.43453763109686,-26.824925121426112,-29.425481984966662,-30.09684475358157,-27.21267667831858
2.798396180685184,1.4176613575244155,1.8946536994595822,1.8457857093149879,3.772072740693449,2.6259703451939984,2.8009889029524473,null,3.315859310547069,3.734337196865589,2.788293339871684,3.9548813863615666,5.879564223128062,4.115645221704289,3.2803350591248717,2.746044887478018,3.1363526453143127,-0.13774519100144259,2.2260482944266737,1.8024168860246927,2.623282880759813,null,null,null,null,null,null,null,4.745034641109443,1.652388353436312,null,null,null,-5.745258855934765,-4.347145283162488,-4.034078729560861,-12.47837794047473,-17.411645402166727,-17.353662252699536,null,null,-21.079083647136244,-19.663052639510354,-22.854602684051432,-27.2510933255574,-26.403356693276987,-36.08084818516574,-36.342168354533065,-35.07356881506981,-33.294818937214025
