public/json/wind_2018-09-1520_950.json
{"header": { "discipline": 10, "disciplineName": "Oceanographic_products", "center": 0, "centerName": "Ocean Modeling and Observation Laboratory", "refTime": "2018-09-15T20:00:00.000Z", "significanceOfRT": 0, "significanceOfRTName": "Analysis", "parameterCategory": 0, "parameterCategoryName": "Currents", "parameterNumber": 3, "parameterNumberName": "V-component_of_wind", "parameterUnit": "m.s-1", "forecastTime": 0, "surface1Type": 160, "surface1TypeName": "Depth below sea level", "surface1Value": 15, "numberPoints": 4800, "shape": 0, "shapeName": "Earth spherical with radius = 6,367,470 m", "scanMode": 0, "nx": 80, "ny": 60, "lo1": 109.0, "la1": 20.0, "lo2": 116.89999999999955, "la2": 14.520000000000117, "dx": 0.09999999999999432, "dy": -0.10000000000000142 }, "data":
[rows 0 to 21 of 60, columns 0 to 48 of 80]
null,null,null,null,null,null,null,null,null,null,null,null,null,null,null,null,null,null,null,null,null,null,null,null,null,null,null,null,null,null,null,null,null,null,null,null,null,null,null,null,null,null,null,null,null,null,null,null,null
null,null,null,null,null,null,null,null,null,null,null,null,null,null,null,null,null,null,null,null,null,null,null,null,null,null,null,null,null,null,null,null,null,null,null,null,null,null,null,null,null,null,null,null,null,null,null,null,null
-12.695671339127632,-12.290837128577454,-11.874734277108777,-12.498356873655421,-12.416387324794755,-12.223737411584722,-12.547884594217656,-12.83216533787942,-12.872471860629746,-13.651598565587193,-14.32952617037504,-15.880318837608467,-16.26869259355443,-16.124225970375544,-16.2350918468113,-16.226477213509412,-15.913575873804866,-15.06862638873899,-14.060522341416537,-13.638518779154394,-13.671273143080438,-13.388804042417425,-13.52777334438268,-14.162710169850293,-14.582453215733,-14.451426384448549,-14.835309885283941,-13.747097201963967,-15.38707275901544,-16.00244163321914,-15.912388932545305,-16.12726546395602,-16.62130351215481,-16.145327622665402,-16.510094055466862,-16.813364318127487,-16.680766993639565,-17.411533925094727,-17.40402854894836,-17.32870369377652,-18.029436065913636,-18.550709498591004,-18.943281635516097,-18.79767491622387,-19.874856144308506,-20.927853533003322,-22.016000624737227,-22.725431386313357,-22.3874168585998
-12.9798951303904,-12.87534160138928,-13.29257563206155,-13.987605503003998,-13.460452047620992,-13.359095168327173,-12.896625763604732,-13.244969299537159,-13.72257439652914,-14.791387906011277,-15.464445198255932,-15.84444091161688,-16.266137982313673,-16.262939891020668,-16.26287416048341,-16.11266857827721,-14.842775371622222,-13.047609334481422,-12.667450683178396,-12.751193964850861,-12.730569581185584,-13.314575889909602,-13.054830120461517,-13.230738774010062,-13.753368495657844,-16.349741289531835,-15.488427292850918,-15.152367317120511,-16.0699923666672,-15.104457158892455,-17.02758507069067,-14.574216083769226,-13.587663126350536,-14.664786397131914,-15.87987591636814,-15.767598796671436,-16.278498970028068,-17.121563956539564,-17.74519576009665,-18.404913605903488,-16.80368930724018,-17.762354717722374,-17.863198530175374,-18.03727090016796,-21.186178087114236,-22.4993816356643,-22.773741550657316,-23.98019412364544,-24.67606951508833
-13.85047816844575,-13.85573882641159,-14.49955073983688,-14.429706517706821,-14.378014746341497,-13.522647059531218,-13.227180789801862,-13.618720462066204,-14.389390362025837,-16.501808103503656,-16.06363372403263,-15.585881080727244,-15.073376638528682,-15.296811592651878,-15.686670880915873,-15.513308424996225,-13.564053096657414,-12.996616740915517,-13.168970292123646,-12.84478425201879,-13.081508007654655,-13.839723520057671,-13.510812331267967,-13.629821864364128,-15.492290808361684,-16.7451153055921,-14.683407200546235,-15.51502818993579,-16.263423953706184,-16.044219433823407,-16.515887682164337,-16.254450998550723,-17.339867881344297,-17.426540897586417,-17.567612435840484,-17.223639132974554,-17.351227269278468,-17.89061892175504,-20.028699876325824,-20.281048042818657,-18.159751781976883,-16.765742460253612,-16.186371459067587,-18.928881014273767,-22.01137561477868,-24.448993679810776,-25.16539337528401,-24.548501494633072,-25.41294055911437
-14.002477966580207,-14.322575090031577,-14.660752296653165,-14.47379441822989,-14.220575096001442,-13.84502946968253,-13.734046469304076,-14.08173985255964,-15.45385738809779,-16.200495438221427,-15.740648385206605,-14.754786063837749,-14.81594909963523,-15.293656998375493,-15.268116244182073,-14.5278322221757,-13.935067612273809,-13.288790190444455,-13.20618536534825,-13.365663895339937,-13.845939357459994,-14.254888045065872,-14.265601773715376,-13.869891501662668,-16.789769155246262,-14.645811429974621,-16.26275910924041,-15.600617786290693,-16.039382221828756,-16.218161587393286,-17.250270110249062,-17.32303117262626,-18.24611649247971,-18.725755484069214,-18.62872315690444,-18.995730340175804,-19.281880274043374,-19.788968045036327,-20.09273470048678,-22.186692451357057,-24.446979841880715,-15.589767439849627,-17.335455572983612,-19.34750956050551,-20.987767505352938,-25.863438541845206,-27.09148421130648,-27.136774810169584,-25.697795811128312
-13.904308757134617,-14.22091523593799,-14.397105410507738,-14.12573484087202,-13.977412351119073,-13.885856117805606,-13.962067559592725,-14.597433057760501,-15.46771769862381,-15.988724502143276,-15.564945839487454,-13.907979063730847,-14.394893773734307,-15.239565427703809,-15.61150317984881,-14.68429783029064,-13.989087579460659,-14.579853642574196,-14.333083725164464,-14.546817762441004,-15.01078136683189,-14.957088029266156,-14.949334873833783,-15.076997344984193,-15.71876104105177,-14.87355579598514,-16.29042828350846,-15.705967103091407,-16.63077015313267,-17.745260574140435,-19.015964271173175,-19.577896218462506,-20.054464038566387,-19.834588395153567,-19.570392256185613,-19.980275821542527,-19.882309881327227,-19.623918155172507,-20.961732081828956,-21.824499375627497,-22.53592587516961,-22.46935479320387,-22.32588390559396,-19.487656084974272,-19.63619884541593,-24.481339049083786,-26.31955561749472,-26.505334660651894,-26.397955239189294
-13.991481023557746,-14.154139791201285,-14.218113521844206,-14.103179831674176,-14.006434724913584,-14.202542765206571,-14.223166101436961,-14.951724818059645,-15.131948496269947,-15.61517071318673,-15.68431455459848,-15.354893530867582,-15.245017551126086,-15.800250730389944,-15.631574663788559,-15.205522690752982,-14.570940420811862,-13.76067408221899,-14.164662243511902,-15.191057410737645,-15.567564064425905,-15.365450699010587,-14.724025107988993,-14.31594956474773,-14.708169818912495,-15.290788667327263,-16.013786466091453,-16.472554286502746,-17.950857372809864,-19.54004164532659,-19.889501022954125,-19.887530413844235,-20.06112882558254,-19.56395065507846,-20.384245182179747,-20.137013663540372,-20.40633974143401,-20.784442813150974,-21.424924694274583,-21.323743590108414,-22.219044913844343,-23.668578707083746,-24.594757766231265,-24.571810215929023,-19.223442997429746,-22.73884035195629,-24.71306562922581,-24.358422187891783,-25.325830728894054
-13.901685695949482,-14.275124832125364,-14.364256201272497,-14.479307774014563,-14.313940770786681,-14.104662563907846,-13.976212562369138,-14.559584222257334,-15.115130972211563,-15.458526241710029,-15.939635109610016,-16.25856911751603,-16.227433896727277,-16.187905682939924,-15.333467375592257,-14.230993033621642,-14.050238907407211,-13.328760823274955,-14.245217646902397,-15.545279988639335,-16.558565803674377,-15.831929886971807,-15.3473643818667,-14.63805700345302,-14.612328483289348,-16.0002949661896,-16.840577901893887,-18.801077861401602,-17.581330673646505,-19.278586616537318,-21.29671317854974,-20.362992782226243,-19.27109895938061,-19.732660738228066,-20.29147164466011,-19.807830910062577,-20.60024078478897,-21.358021458411844,-22.393489275433865,-21.841603145163,-22.744154889172314,-24.33613636798616,-24.91836285618515,-25.16378866589952,-23.52214313980248,-20.055321536292613,-23.49760736064869,-24.300314473057103,-25.529830560460226
-13.97301463894335,-14.636196443648828,-14.546781043355466,-14.840750481614801,-14.54327828084146,-14.504361427866893,-14.116685404315099,-14.400899941094309,-15.356057023150065,-15.049457120222645,-15.423348607460856,-16.292961309562425,-16.55037725222565,-16.587860291100938,-15.893168761774568,-13.914272438992702,-12.776950155467606,-12.324954761811131,-13.627914901501995,-15.253816220855388,-16.341342468736023,-16.517053168314156,-16.545308732559565,-14.993741369948943,-13.94055623756368,-15.413649365686542,-18.002574883791596,-17.960567537528647,-19.881948027058453,-18.608586779284074,-20.00485880167716,-21.03810192256023,-21.878786138767275,-19.691990228479305,-21.117478773296508,-19.84890195126649,-19.886449685598357,-21.009046396254185,-22.323652620582962,-22.415693893446477,-23.699646643639383,-24.473702874971032,-24.285478717836618,-22.700915129505308,-22.061734115307402,-19.6143577033044,-22.050449845417816,-23.429326864695142,-25.024201913042024
-14.222925501304395,-14.24228982109135,-14.380179269605536,-15.004979210090195,-14.801545109085012,-14.893202966589683,-15.069227685802913,-14.805024937700948,-15.090988557743957,-15.375430190628546,-15.31068783017753,-15.486279013417553,-15.81523608490597,-15.73587615111878,-16.084599319228417,-14.748932216944947,-13.060128995161625,-12.305528028478191,-12.518285426959608,-14.81207904957499,-16.12623684983873,-15.223291867798144,-16.64646954563285,-15.50648754407211,-13.145429947598195,-14.712096478986034,-16.977306445992955,-18.688902889433248,-20.4888424188288,-19.46587162127555,-19.462675701752055,-22.19163604649189,-20.865623565505416,-22.491684852445914,-21.260758359023992,-19.446853364839214,-19.525146690727038,-20.82786501514046,-21.695610805900998,-21.664507465523673,-23.643414040714383,-23.11981984268002,-22.66138326703057,-22.327962471042717,-22.78271657387793,-20.39257277998677,-20.175450705358287,-23.278025890017112,-26.47054640657026
-14.378489793858922,-14.711382968323296,-14.873661603871037,-14.996288530626702,-15.140063409558826,-15.063533023146043,-16.069137505171476,-15.522275798335034,-15.620237825359181,-15.90911165903352,-14.874627666299602,-15.05518109223979,-15.340499169041424,-15.192056388408393,-15.50302443787645,-15.84984298251342,-14.592453681494051,-12.364573719083669,-11.74459458802546,-14.393609751111615,-15.825258986924188,-15.147605076012917,-16.78207247328687,-14.84309830112928,-14.141919247596764,-15.69555997573061,-15.515956634596723,-16.950248956804952,-20.68027028329128,-21.0835161517367,-19.018834682206265,-22.862357213367513,-19.863941481245643,-23.143088653578722,-22.98075827312543,-19.402361837125703,-19.79358021787405,-19.832038297676668,-21.550539639238867,-21.228930802775505,-22.877603484210027,-22.014753965188316,-21.823467674449358,-22.535654495836642,-22.94390941410768,-21.548060963923522,-21.73520048401351,-23.252376367279126,-20.796980249074455
-14.796650282022863,-15.40013114536455,-15.36157396817934,-15.50292981346789,-15.656943661561767,-15.150572506404313,-16.66711237370727,-16.6484680745152,-15.761508230732323,-16.878136667495706,-16.29661880211306,-14.963316752160495,-14.703616249709192,-15.029257838100719,-15.420761006273542,-14.886886771163981,-15.244673629756397,-13.386723186850979,-11.063484022006902,-11.638307856678193,-15.370440975577672,-15.203347563158456,-16.711625260344398,-15.786257130010217,-13.459501844490969,-15.696341063320375,-16.986040686062847,-18.64824752110025,-17.645621052593757,-19.667680655287086,-20.53985734894809,-21.961761337048948,-21.840824603165863,-22.89544192058373,-22.919753286652647,-20.421377781655124,-18.584336361542157,-18.24056170679775,-20.889924178555578,-20.46434182178951,-21.453175434265113,-21.94814277283597,-21.926861505870477,-21.46336756968965,-22.273671383156568,-22.28489699379663,-22.813979560313932,-25.31220599777965,-24.974694672047598
-15.32153503538544,-16.226529809389337,-16.11406089009996,-16.154531642138437,-16.370069678432202,-15.809717950792301,-16.573303849482194,-17.121238432502924,-17.49862813340453,-17.55280371176044,-17.445176811480977,-16.887184425731157,-16.283797012104475,-16.586670307809875,-16.003852684474733,-15.417046440214785,-14.462082827083888,-13.093191999701284,-11.969551389695232,-10.712608849736611,-13.445088620886283,-15.99823551841932,-15.02657802101743,-18.20189656322342,-16.195203917018272,-15.52244489502047,-16.751252939630824,-17.180708922778166,-19.65554401865141,-19.202597711120063,-20.693678465588253,-21.23042846018983,-22.229162891941378,-24.684759599363204,-24.052857314017498,-20.66842352315315,-19.315142944621165,-16.569372527920557,-20.300992181917486,-21.492039828898683,-20.21169436314994,-21.151748982315397,-20.875020739699373,-22.23223279870934,-23.03948457811614,-22.288077264799135,-22.5867806324966,-26.622484755718478,-31.27147499854318
-15.931985017956913,-16.59725960086223,-16.813888548496227,-16.22707413559957,-16.070160986616326,-17.092165007055577,-16.51451246369136,-17.623484805217924,-17.792744299981326,-18.43547435748578,-18.175350799883688,-17.386971311591445,-17.177893979056623,-17.4143076880395,-17.203243505601883,-16.480923407697162,-14.820994683963146,-13.285817252000347,-10.641755546334558,-11.012665020051896,-10.724694933933613,-15.38138888457311,-16.961557422394282,-17.062107976207592,-18.9434190214566,-18.621563713268234,-14.619893811771476,-17.746727945402384,-18.61216527518242,-20.356773944290456,-19.844431788890144,-22.42861979261226,-21.613762639878352,-21.967414233841097,-24.326393703548792,-22.57835757608681,-16.027038578618757,-16.556315174455996,-20.377216234668847,-21.35035338588511,-21.71412924974651,-19.748994959700514,-20.542391693734157,-22.59112441981096,-23.253529317127317,-23.78459442414495,-22.45504550404477,-24.749842603446744,-29.083190316740506
-15.982006514565292,-16.926516066800662,-17.45344579060035,-16.35559969728972,-15.578298417841506,-16.32395055318126,-17.12360539959415,-17.387125486950396,-17.727947719970953,-18.20642920648305,-18.540485204565215,-17.948995520377437,-17.324277433501205,-17.27275680148115,-17.509680064298923,-17.00036664750183,-16.279720054843757,-13.820456182256144,-11.94220986979802,-9.315804130048663,-13.017038811597343,-13.791120779433374,-17.31367301178294,-16.006214439646193,-20.847732179113528,-21.05653338315383,-17.4683967064171,-19.340597249475138,-16.67473957210627,-18.52202599189465,-21.077318880765223,-21.721796238129098,-21.92113001269057,-20.76695749052154,-24.045625764716657,-22.777276191855037,-18.33422148095375,-19.204703111505637,-19.88698732297221,-20.88672186669575,-21.61075344558818,-20.733334524331354,-19.983246590245184,-20.25914131544728,-23.9857026369762,-25.660897421282094,-26.368929031326008,-21.66984709106017,-23.15035924213393
-16.071169910816558,-16.269229163583052,-17.02091341978201,-16.736999238971848,-16.058559760671912,-15.936449218806791,-17.103174208017613,-17.464986960236356,-17.607571377535688,-17.636330233677565,-18.86928596569812,-18.59588051632452,-17.93872962528828,-17.13492433217926,-17.606256898751568,-17.11461805032179,-16.491367061445672,-15.024051092434753,-12.313600039924887,-8.27349491103117,-10.35127215669555,-16.283742433426276,-14.727503726882794,-13.473823470237031,-19.61264557358882,-21.017733243984765,-20.053046278819885,-18.41836389516755,-16.488906864312334,-16.20408892370604,-20.18749081467854,-20.976492703063336,-22.20928248822142,-22.100760986903666,-21.916501275237124,-21.130307720448908,-20.213358409341534,-19.622192456145235,-18.814075866920223,-19.785624898581673,-22.473655123548333,-21.46172049302718,-20.025608807191915,-20.34695274409568,-23.33546664343099,-24.287743684456537,-23.21713738322697,-24.293671191177513,-23.10685174823091
-16.276357374166853,-15.337097802522766,-16.56367513815833,-17.272980573008205,-15.689140772502443,-14.59315967203807,-17.14116436684065,-17.178129545019168,-17.664430889397917,-17.81396295012827,-17.997926117434126,-19.09119660521703,-18.225356310116474,-17.70317381713899,-17.237113334989125,-17.152025705546514,-16.607786210771202,-15.296767853478205,-13.020359094291692,-8.288704613888072,-5.552570559668091,null,-15.190673461641127,-17.23536007678478,null,-21.1181237961082,-22.65548863842616,-20.821909695894284,-18.180216155440018,-17.779700409830664,-16.691948044516916,-21.776715019594384,-20.81860103599859,-17.903597045980312,-20.0373144163914,-20.859237048392178,-23.080684074503274,-20.58280437741326,-16.818780906692734,-19.62772031928999,-23.46923056138858,-22.112055784878194,-19.968324907246892,-19.780036785743317,-22.583871142907924,-23.982683538922736,-20.050711144755965,-22.856621301382365,-21.357840014458773
-16.00558888956118,-16.36600916776378,-15.497899924144551,-16.790501972434985,-16.692699294072312,-15.419597797018593,-13.649932975141763,-16.94289344684654,-16.392393113381733,-16.71596008478582,-18.289537589009605,-18.68889593653708,-18.579878063879896,-18.184565951739422,-17.38442331300259,-17.306599294404396,-17.202707045301786,-16.185769829110363,-14.583033412377324,-11.569527084826856,-5.940477665203664,null,-17.124108365956797,-15.45251297828151,null,null,-20.26257690574066,-22.482575557182347,-18.222094938907652,-17.082712335061643,-17.79598634380453,-17.35925815772697,-21.527792862065397,-19.67031601051063,-19.32653190580292,-20.1931480357615,-19.73531676179034,-22.210829320116126,-19.102176313086748,-14.603723973348963,-24.289115487044715,-22.16992613329839,-21.686854832056298,-18.092499326359054,-20.49861525133338,-22.693770371370356,-21.72481096115534,-22.07560285158748,-21.646246188921886
-14.466539022628082,-15.79461103479987,-15.945592406653912,-16.437726844518675,-16.583342690862203,-15.867113101624156,-16.011579604539694,-16.434854035935327,-16.25587978881961,-16.226791922709914,-16.062929772625264,-18.10669233625764,-18.57656809954985,-17.90467890551777,-17.387337762325373,-17.567917073554543,-17.216538198862914,-16.455141080726936,-16.011390869306904,-14.455979826262162,-8.766240907966385,null,null,null,-14.683335623127295,-13.881894952470759,-18.323430730779833,-22.14207444333988,-19.588264782351747,-18.413866335862327,-10.606931579203565,-18.251714200422327,-21.96865137084463,-20.034339112066817,-19.484877121480622,-20.025785748246157,-17.88795165615095,-16.861078328036896,-20.541642401230245,-16.176633037798624,-22.46954402781242,-22.188494180256225,-20.829204417552152,-20.28061909059858,-18.271970189287483,-22.456943766860885,-21.289918942364096,-22.074407812266088,-20.79184363058018
-13.91910245321645,-14.162368342421157,-15.854823757655732,-17.19512044698682,-16.737903300939017,-16.018466777270497,-15.981753139976664,-16.839038499619946,-17.147070582598154,-15.57260227334423,-15.231974437779645,-16.22421832014406,-17.85897985728148,-17.994808080972767,-17.929110278665,-18.12526702265277,-17.81866093328765,-16.33702919435513,-16.270047223423802,-15.165912255548688,-9.817460530378206,-0.12141714025150988,-0.9531585467335767,-7.510428545772726,-17.189260317394115,-17.498201267257734,-21.38914463818494,-19.133157713154617,-18.25312211400096,-18.669762839006786,-17.62927348291097,-17.84437644094631,-19.21990933465068,-21.824478522243403,-20.928372776409073,-16.32604951765339,-18.066907803248384,-20.243420261442004,-20.781901829278787,-20.373481465816376,-24.455117822848205,-23.299541819776834,-22.026164180490355,-18.17255868880278,-20.47079058623036,-19.175226324561265,-22.09594150826929,-22.202617015420845,-21.073296119325867
-15.204331868259718,-14.158074037390115,-14.566387542712729,-14.394770475357596,-14.26782684408147,-16.678540849666014,-16.896633927847112,null,-18.27039158675286,-15.902827839353604,-13.923080582529762,-15.65295527944411,-15.86860946882162,-17.63134734423332,-19.157863558711856,-14.509289903989668,-16.779855212241223,-15.36178378020605,-16.038259321882258,-15.474316682024083,-13.177106988130612,-2.436059214626289,null,null,null,null,null,-19.584876285826603,-20.60706787498111,-17.540062159419254,-18.32160900445189,-12.984183449076095,-13.516667063706066,-21.487247075469476,-20.775076200582387,-19.4780346200389,-17.606700942677637,-19.521126574156895,-20.684667769989755,-17.719987419159878,null,-21.816555629019582,-22.065227123969063,-20.359845900061174,-17.54537693180493,-20.118643724585542,-21.933725647200692,-21.95301301152751,-19.69999502119044
