public/json/wind_2018-09-1604_925.json
{"header": { "discipline": 10, "disciplineName": "Oceanographic_products", "center": 0, "centerName": "Ocean Modeling and Observation Laboratory", "refTime": "2018-09-16T04:00:00.000Z", "significanceOfRT": 0, "significanceOfRTName": "Analysis", "parameterCategory": 0, "parameterCategoryName": "Currents", "parameterNumber": 2, "parameterNumberName": "U-component_of_wind", "parameterUnit": "m.s-1", "forecastTime": 0, "surface1Type": 160, "surface1TypeName": "Depth below sea level", "surface1Value": 15, "numberPoints": 4800, "shape": 0, "shapeName": "Earth spherical with radius = 6,367,470 m", "scanMode": 0, "nx": 80, "ny": 60, "lo1": 109.0, "la1": 20.0, "lo2": 116.89999999999955, "la2": 14.520000000000117, "dx": 0.09999999999999432, "dy": -0.10000000000000142 }, "data":
[rows 0 to 19 of 60, columns 0 to 44 of 80]
null,null,null,null,null,null,null,null,null,null,null,null,null,null,null,null,null,null,null,null,null,null,null,null,null,null,null,null,null,null,null,null,null,null,null,null,null,null,null,null,null,null,null,null,null
null,null,null,null,null,null,null,null,null,null,null,null,null,null,null,null,null,null,null,null,null,null,null,null,null,null,null,null,null,null,null,null,null,null,null,null,null,null,null,null,null,null,null,null,null
-3.3175758636041257,-4.262599968396317,-4.631808794689741,-5.056184507473157,-4.345361164627409,-3.0790138323917193,-2.53701174996809,-2.4362588000112733,-2.7699755736591563,-2.2741738356701457,-1.9626728976460703,-1.582329872279325,-1.1005448980547088,0.06277072058056435,1.9535976755910216,3.671635110307484,4.939215220503556,5.225788507127121,5.531777245895474,7.834842388377327,10.475220691563957,11.855159561587085,12.861573580555843,13.670972949659857,15.075776982719994,16.426846491066183,17.75660417600431,18.969448388011592,20.02929738757828,20.911299199881494,21.776308020287377,22.51783897747969,23.071930865284067,24.280070120642065,25.492782987511823,26.59716385756625,27.80235925662484,29.03679595937108,30.060442975371327,30.812354984300036,31.20444322984217,31.48563476267315,32.51218670172405,34.01505041739601,34.678890623792626
-3.7806582684613685,-4.726240335300448,-5.0898947145732985,-5.2190507646326605,-3.799658064127715,-3.2980826959301544,-2.4111731069726696,-2.3902169929285404,-2.8140094151327535,-2.3725466701051348,-2.153233498919118,-1.1856550561060544,0.1192809150007888,0.8862419418898648,2.3862757217365442,4.569463555274601,5.297863978963617,5.402486898571805,6.813335417705316,8.668658871193328,10.158136134309869,11.711361511957541,12.730171015395541,13.454400193608887,13.656136898786874,14.930701768840425,16.28672295481869,17.456014549444717,18.523689251194664,19.277381060431445,20.765512480096664,21.621964847562023,23.354189742036876,25.178875980781825,27.530444653791562,27.91913083954449,29.235110180513786,30.522765128870216,31.25360495998087,31.800932327343553,32.34793235225857,32.98472160475946,33.793757858660925,35.41149960292496,37.07337192969359
-4.521530469640089,-4.628126938927082,-4.759356039695236,-4.139918607713909,-3.8149134965871787,-3.40816859210881,-2.30871440468938,-2.253717860231056,-1.5718004443400697,-0.5303149293921389,-0.5432012424626987,0.26803885210800077,1.5342314849686707,2.7229498317016336,3.6724856146338682,4.857769409587002,5.731079494768597,5.365222584100318,7.80811886075045,9.043079079178117,10.923843830111629,11.479294930067335,12.748438545706776,13.776663624927057,14.939043162502317,16.02934115513734,17.063618850871368,18.24716666636964,19.839461190388413,21.116096667417306,21.49902263746419,22.918224036208297,24.33000244220581,25.78576858938613,27.76494602812716,28.195125467318523,30.920225323811877,31.168652388145038,30.56111054654331,30.39979553334736,28.21486889535821,27.973449386291733,30.067413389531538,33.82585453117797,34.521270951830616
-4.905848467265332,-4.757547456115244,-4.477473690461996,-3.8722180429058453,-3.941360141514282,-4.221830200132841,-3.288763443416816,-1.3576729381061592,-1.147195428093178,0.03923072862774159,0.9483749165853563,0.9559991964840073,1.4742054185651163,2.3409101080724217,3.1024153651523725,3.962855252412238,5.166725739650847,6.72865806810769,9.11867736728091,9.593849843867304,10.173786368426804,11.340984583018969,12.504505462363651,13.02092549906541,14.411649155349341,16.13055802784051,17.54994872741804,17.88367609271359,19.24926558918021,20.941989397128324,22.27926298741365,24.335594327653958,24.542802625332634,26.82990050552814,26.71271209917163,27.771681712082614,27.392384825200605,27.692434651138782,26.82427461586152,26.536048543395538,27.136910886213293,26.752048348731527,28.62566204638353,29.685453520912187,31.830220403975076
-4.80301413818657,-4.457469706218375,-4.160601600459824,-4.3385617257573745,-4.4491488577804565,-3.3382109171012884,-2.374728358919553,-1.8345465272535046,0.1323386027384901,0.6278128270350425,0.7553912273343149,0.7822089120042504,0.9889433209409342,1.5064430558358857,2.2267861743056243,2.818711259580387,4.471253846288185,6.4682528504885255,9.093994509025272,10.381395473340534,10.255618180805698,11.07241270495177,11.950071518414155,12.970025668747638,13.704556505895791,14.814173092917345,17.11874767099025,18.863931150448305,20.161831481836888,20.401129147297972,21.411510841067216,23.020286948832712,26.641549843513978,26.313876538392467,25.876458588432662,25.10973605050433,26.47680942505989,26.03490315980087,24.478711014941993,23.21212195950511,27.012281857953973,26.73235227672234,27.507316972375225,28.67449253140007,29.765491020495
-4.666892292923291,-4.2515158834197795,-4.25642719889375,-4.252844722606535,-3.550494625467469,-2.704715848661711,-1.5268904753319068,-0.6313243331813961,0.18237481217127507,0.7125058650332711,0.7393714790658952,0.5645271947003686,0.8539595445251844,1.6539490258700624,2.0104567844714847,2.7785529570028618,4.301006195642353,6.461540930933289,8.745540547679159,10.22377280753005,11.117363584727226,11.942373208431384,12.731751725902182,13.372454689095747,13.839378239899522,15.082672299288252,16.01883841832991,17.288768747848334,19.456800653306768,20.22141804296566,20.897105986734125,23.62532046305637,21.608525686561574,24.149720876639797,24.014029581224015,24.983160667050107,23.368545023475182,20.439771178586078,20.331846140607404,22.543029912765444,24.760540260156326,24.834973960432876,26.44615933057371,27.904015168971046,32.37216935836075
-4.4395980115141365,-3.851690960189875,-4.11877622719088,-4.144758239318989,-3.8307337488283273,-2.2295611702409524,-1.4153450270463557,-1.0412669449354044,0.5107634856776329,0.6376874930410117,-0.31792805661468104,-0.18688928589873388,0.5231971575263212,1.3708285360313757,2.0608876784660506,2.4509408272757454,4.307339028426391,6.328822670499579,8.431867613544142,9.707634206892303,11.00872284687469,11.956567417759572,13.090166563254094,14.418728177753502,15.479768666563501,16.891445088863485,17.152200702245928,18.74708347061682,18.69094983028422,19.723097973572784,21.238683318512592,20.728102916462582,20.69120055698372,21.786335493521385,23.179530319989887,19.867038981502056,19.58856175397283,19.901664994559535,22.000078410482654,22.688155965275296,22.275427235796016,22.945709599659345,25.73363716278853,27.4315819865284,29.23170825765392
-4.337479961187502,-3.766601951975071,-3.8707451936307837,-3.611115296689961,-3.0074376190034724,-1.8388276848604996,-1.463407697762731,-1.1361470857210099,-0.2860640766490301,0.24593222030490175,-0.7543328906801114,-0.04929690644928354,0.18922462070149756,1.3439706074214306,2.5553423523157863,2.7599199224384146,4.384562429082823,6.487753573482047,7.615205684095516,8.918595380709924,10.197856455576273,11.23459361962496,12.643254449617043,13.699461912983827,15.240166278950833,16.215907694432016,17.731698947775758,17.89722019973407,18.57932541961497,19.276734179600368,18.24819071567667,18.208685591893104,19.909053052586664,20.400999001938388,18.27773600872463,17.054695518126415,17.90833553900893,19.45756824744589,20.711631502938673,20.870262359321583,22.54957658627404,25.477536358024476,28.503292809745304,26.593898863551136,26.312383411145753
-4.474362182659848,-4.231179497975715,-3.4434447714069085,-3.228979796808745,-2.1041376202548183,-1.7996822946171642,-1.9022785829011444,-0.7986846736877952,0.10985236356219691,-0.3096780105012165,-0.8251746087061093,-0.23904826078246524,0.5443180875609029,1.3111321090419317,2.1714592862580755,2.565796840625266,4.148067610769786,6.999501186209638,8.573165903719637,9.28112574536963,10.113910431830586,10.98791802309122,12.334279520521784,13.370791727583645,14.182378627948248,15.757121374771675,16.194691784008302,15.600416188718276,18.74793097612246,17.347552963970294,17.010504893019526,16.341813225202014,17.375799929320845,16.431599044532206,14.978886150770554,16.722057822876472,16.9493897335937,17.810910419649623,17.877820964166112,18.700814935934154,21.765650252050477,24.033000250041436,19.906247773119436,17.591530536005028,15.036139673336669
-4.820507179929887,-4.114989985839829,-2.7908701698996365,-2.8858730873470506,-2.5225769080883387,-1.625615513402285,-1.532230295017838,-0.054603355292744765,-0.6394543440677708,-0.6207095153961555,-1.0753704462207412,-1.1636356911437171,-0.4745757276403627,0.8029350901692163,1.74223692858159,2.275245946503896,3.812438256937309,5.933213753566842,7.195227184989252,8.485216703295983,9.560846234858777,10.630256366865225,11.088218218103771,12.250664438801603,13.372620930168068,14.46375066325884,13.99434686493656,16.813809796161486,14.583958731700951,15.283495365144587,14.936017629440796,14.538126210512804,14.311477508244689,12.74751334012696,15.702404094717586,14.069290560383504,14.612400744531495,15.79109035032931,16.216412940038435,17.968841016587625,20.07859816090909,19.11695822545367,14.581850939161495,14.392569949087864,11.257467179166452
-4.497567265659534,-4.024737320160982,-2.8933748876336765,-2.7470503714164884,-1.8815803068079273,-1.0057412624392308,-1.4558156586147715,-0.5109643712533766,-1.2550496649928624,-1.046024922427886,-1.2878024687605885,-0.7614896959585231,0.3689106249408761,1.4937484177754339,2.075271422610799,2.4824939283584433,3.731029109914226,5.335912372577046,6.4725828806776615,7.505952240950275,8.617046551524005,9.45228576437506,10.845426466120543,10.85103343899055,11.462678890313981,12.157024900029267,13.484465905435414,10.732266584294416,14.318793158724851,12.941529237142548,12.788861731454778,12.348650975007558,11.748705334741333,11.92676008370465,12.533617642035148,13.521609984385718,12.731802526404326,12.406783727265843,12.621514323693187,13.732709471741993,14.605193446111572,13.539398597840302,12.543872503618063,8.042747602802912,12.663910100268716
-4.104843029465365,-3.4504486008706765,-2.8155428153027544,-2.404945809770058,-1.549971956663381,-1.2313412536599277,-2.3080748236682402,-0.9206604737520947,-2.441974230672117,-1.7949048808102759,-0.9663013789816098,-0.2670638784396517,0.6431157859316349,1.705708450831945,2.25969685508957,2.600877528754419,3.5458288262934334,3.976045376795891,4.762348681735561,5.626161561618813,7.849043691790717,8.425921977550844,9.419032810196265,9.838111295650668,11.397589266485465,11.66302723631342,10.228728180168835,11.34859800153881,10.840775696429404,10.669493715877367,10.807663396870037,10.035900988127606,9.383158072541805,10.866285497209349,10.645838422850403,11.5804939646682,10.368167527427712,10.359011302822868,10.734084559566432,11.01676794024598,11.277984778968563,9.777205171658638,12.109824997073291,14.84408702667505,12.458295493078449
-3.867344426062825,-3.3443127211025625,-2.6538738756380607,-1.8830771229944747,-1.300073983426414,-1.5283169410500015,-1.4307085812174003,-1.5660539881477393,-2.3298914362399104,-3.1350160053451144,-1.661784407859359,0.13102244389569398,0.9400792865232241,1.9709894016120033,2.182566187995284,2.5392249991984572,2.543768768363237,3.629255761824093,5.208952642769901,6.571297081586655,6.886812527267326,9.257267800032364,8.11448032320611,8.207929838606493,7.791336985897931,5.704773380209278,6.60432107287441,9.188897796240658,7.244758406892293,7.578664926225394,8.750237117915272,8.227311555484302,8.269609580228956,9.03670196031307,7.575750984626139,8.60821223619436,8.239204703469497,8.507739030711155,7.94579124729263,8.458359327361404,9.16342933028988,11.271095174924172,10.054920421577485,6.512900060250484,-0.9149652564289571
-3.5842373809812726,-3.191718805305117,-2.5796362978384537,-1.7115169747083656,-1.0715995702704304,-1.1571994970325479,-1.4781710319142287,-1.289562392887223,-2.227623427861679,-2.0870508300819806,-2.0480819673983253,-1.3132963177804415,-0.6315101222113159,1.006527906054856,1.6358730871457259,1.6967053933259832,1.9456944717560398,2.516596974110787,3.2467955590703834,4.359891425171148,5.768549717577937,7.461063677602418,8.812168673772959,7.373097360423498,6.782210110252254,6.946059573625313,7.081598531498078,5.083977351143066,5.646894200546646,6.254666655596289,7.812949885520203,6.754120732993749,6.824857958334723,6.559464118942675,7.417556448163894,6.539117447216255,6.068587711295187,6.977958104039187,6.883901726727354,9.275758551812089,6.514115737165768,5.839153870334718,3.7559162794879395,-1.7907351557271094,-6.029235318589948
-3.439277117130321,-3.091969675132789,-2.673952201332864,-1.6686182599583714,-1.038094379231905,-1.013957085614246,-1.9233042380152707,-2.0170695431537955,-2.233561106903123,-2.5329721505337464,-1.6325205872432575,-0.7549593883026788,0.03393355090517171,0.6869785352856267,1.5923106568983079,1.0284013367542795,0.571093545007334,1.3692153274745738,2.771536160744046,4.1812390187359,6.33157923988073,6.39798940168496,4.65207649037413,8.935377505513214,3.1747350629168376,-0.6579479316692132,3.3247429802412984,5.9705514756917415,5.826551737038167,5.383675937266989,6.651119321955247,5.855795416573148,5.30158180552703,5.04254260756486,5.2622787650136535,4.569073081175298,4.072411778616834,5.7936244471076535,6.97566190980321,5.6463630992194815,2.7604177212571748,1.6423834312338008,-2.2576469562530637,-4.553459792651877,-7.763557982558562
-3.615767848782726,-2.9379393027186915,-2.0981335206214466,-1.8458495258277217,-1.2842722382867602,-1.4239913151499362,-1.227098673243976,-2.280224851822148,-4.359356154288479,-2.665000550867036,-1.3075314745580386,-0.4875187051412687,0.6351357196660463,1.4788614144241352,2.0903774311991596,0.8995653285574647,1.160156012912648,1.2504742503373385,2.215966169377351,3.1479023288037156,4.31605845708524,9.271067670875013,1.9486300760160773,3.353717486271531,3.926648528353818,3.526637184592824,1.097077934180764,4.945807520340969,5.587698279158495,4.541212164848412,5.453890512175679,4.0976920560915815,3.804624759670469,5.543924280283205,4.592521234703802,3.1003507267250696,2.605058222563999,2.2723399618044855,3.9907528665692142,2.1773140572277274,-1.4156203895437887,-1.7327502865841455,-3.7567892144693613,-4.83731636765702,-6.795981026819601
-3.549406569311956,-2.577257612515373,-2.0799535686629973,-1.710079957634448,-1.1350651441628181,-1.4053115569244725,-1.5647974898145058,-3.9245598827384534,-2.501216303257352,-0.7160214527006955,-0.23162897360628776,0.1114382333787441,0.8277385663809542,0.7617369749187417,0.4416185696737997,0.8120822608546442,0.3106968361314241,0.755771648161239,1.463212960722787,2.964282048891818,3.4473450510523507,3.957493027213994,-0.47807291366979215,-1.4581316097302968,6.232313133235637,8.563720090614604,5.8254152519262705,6.697598003383254,5.612024366677314,3.818915097657575,3.8389525634495807,2.694887510304946,2.0302514119116015,2.603280661704824,3.4356254676768043,2.4549064713463293,1.8130995996752277,1.4093196447805176,0.9040023857803082,0.3393709617146963,-6.217107769196968,-2.290599121632125,-6.863370841054607,-7.779041672507775,-11.612533852948166
-3.5888256189829306,-2.907614109000743,-1.9507009695708777,-1.5504777797127778,-1.7674476864537367,-1.6800136194285575,-1.3063852754770953,-3.3372708373793865,-2.3459984101417715,-1.3067941770513438,-0.06700618174848488,0.32932275000946043,-0.8637215150233407,0.6542352567588391,1.0802194047811078,-0.15646607462442708,-0.024927881711739465,1.2337886249862735,1.7038548332538608,1.8509336804518126,1.8102746578111333,null,null,7.69777315239023,2.3181193634672472,3.7057073615567893,5.59129331822345,3.472592253664919,4.104096860140807,2.6205594307862357,3.727439244226254,2.0200373164276075,1.954360943785853,0.7378145740862305,0.4835702081569938,-1.0975906051846573,-0.5019021166340885,-0.9600057278494641,-2.2261729968445665,-8.261990372097596,-9.920908232419999,-6.907459020293405,-8.797309095818196,-10.240997707529461,-12.457968917050442
