public/json/wind_2018-09-1513_925.json
{"header": { "discipline": 10, "disciplineName": "Oceanographic_products", "center": 0, "centerName": "Ocean Modeling and Observation Laboratory", "refTime": "2018-09-15T13:00:00.000Z", "significanceOfRT": 0, "significanceOfRTName": "Analysis", "parameterCategory": 0, "parameterCategoryName": "Currents", "parameterNumber": 3, "parameterNumberName": "V-component_of_wind", "parameterUnit": "m.s-1", "forecastTime": 0, "surface1Type": 160, "surface1TypeName": "Depth below sea level", "surface1Value": 15, "numberPoints": 4800, "shape": 0, "shapeName": "Earth spherical with radius = 6,367,470 m", "scanMode": 0, "nx": 80, "ny": 60, "lo1": 109.0, "la1": 20.0, "lo2": 116.89999999999955, "la2": 14.520000000000117, "dx": 0.09999999999999432, "dy": -0.10000000000000142 }, "data":
[rows 0 to 19 of 60, columns 0 to 44 of 80]
null,null,null,null,null,null,null,null,null,null,null,null,null,null,null,null,null,null,null,null,null,null,null,null,null,null,null,null,null,null,null,null,null,null,null,null,null,null,null,null,null,null,null,null,null
null,null,null,null,null,null,null,null,null,null,null,null,null,null,null,null,null,null,null,null,null,null,null,null,null,null,null,null,null,null,null,null,null,null,null,null,null,null,null,null,null,null,null,null,null
-8.762490308366644,-8.674465724418678,-8.99898665931799,-9.403210781342139,-9.546617043163202,-9.153630775201435,-8.380463972357092,-6.5952626287846785,-6.983265823359769,-9.445146304283508,-10.793055097385356,-11.116072348006975,-10.694811682333693,-10.561123533572955,-10.598221811833742,-10.155614588228802,-10.526636063711017,-10.393925519330837,-9.74950362941604,-9.180864138940814,-8.739001543038096,-7.929411790016312,-7.426666944364533,-6.9141105732005865,-6.842286826124632,-7.167491475514449,-7.352370468431145,-7.627336885951419,-8.059804857889656,-8.235393461592334,-8.50548622661136,-8.719449909302476,-8.72865254535455,-8.810783812929248,-9.095785657748724,-9.050109594177949,-9.003799867151814,-8.89035414113664,-8.864080211968066,-8.832070781931856,-8.819791709814549,-9.02207467091228,-9.48428278277182,-10.166544101851366,-11.038097427140883
-8.300962729800386,-8.560936984710914,-9.128975133971208,-9.751995561037129,-10.087110907579053,-10.180588519908182,-9.187690122845822,-7.103867850885393,-7.984661573717342,-9.41974408111009,-11.915487277782846,-11.384664111554024,-11.128205837770293,-11.318810596070808,-10.80254495164414,-10.414548905183604,-11.035287728815756,-11.048361510479756,-10.546428463434014,-10.204689850395566,-8.796054162221568,-8.963649474255917,-7.934157361409176,-6.912974121040444,-6.94711186220959,-7.100786376777204,-7.535796066423471,-7.768729396545975,-8.647931127699401,-8.577425413520404,-8.343880119431349,-8.590674789130738,-8.5455464456049,-8.035871557802029,-9.212131535548066,-9.697723699302864,-9.453693856602186,-9.460708684624395,-9.11862417068285,-8.891902694415966,-8.432526599902104,-8.695036502680384,-9.673455967712275,-10.56241872729091,-10.673672000822732
-8.678956177535719,-9.130634506365777,-9.784043620768859,-10.097644519253642,-10.749028386591078,-11.022208400328461,-10.39719135151153,-7.483037413274936,-8.680743827515025,-9.9953405448723,-12.320181370654867,-11.845000075611647,-11.9266372230155,-12.19126773457364,-10.541207195206226,-10.916546092326561,-11.138875327428858,-11.050109010266961,-10.355531500260478,-10.226091862484715,-8.945181632088671,-8.776985576689336,-8.165681909334078,-6.6933257395530505,-6.730479596136384,-7.058273189404593,-7.556154019677446,-8.195805635534448,-9.241311480161947,-9.583169993629836,-9.089656208040093,-9.432590313814188,-11.358458317381238,-10.725336068734501,-11.522953048151859,-11.05492235347445,-10.424398051669352,-10.10223124841444,-10.101924274534799,-9.835873677942669,-9.2217203124711,-9.711740787704526,-10.769377909532706,-12.547038032889528,-11.949490533036771
-9.09494167565207,-9.503180541185278,-10.310675528331586,-10.65511224297588,-11.270360169280073,-11.858390194483896,-10.664483373209663,-9.005685862695799,-8.300887161321995,-11.051995638494725,-12.25788248766209,-12.705358176482845,-12.885900455235134,-12.064531223260417,-11.21099047092369,-10.61970187721456,-12.257360458652645,-10.816819051056257,-10.5596046216312,-10.70616032231716,-9.774014133303115,-8.505465252916274,-7.834394914768301,-7.080943852081322,-7.219708950007061,-7.304987301852063,-7.346948687056047,-8.539702121816713,-9.33955344439286,-10.211884388874395,-10.170992433487553,-11.38529457885202,-11.643972495844924,-12.278413758934798,-12.668817845075322,-10.531113562613047,-10.570442846114217,-10.517572600106151,-10.139379487028966,-10.254536498755419,-10.597611923287927,-10.184950289862538,-11.500773693649656,-12.919102113184696,-12.951700170202448
-9.578790976769978,-10.160018925355724,-10.171402981155886,-10.56211295253394,-11.148272027502951,-11.538229938966943,-11.415980346264828,-10.819985135561586,-9.847412266144872,-11.252129909840672,-11.461360717318584,-12.654633547690446,-12.926521084517736,-12.484650634057822,-11.068512573117685,-10.613914662667066,-12.881692203234083,-10.477406393934606,-10.602707167607663,-10.67610913758094,-9.914940645178623,-8.320787094336977,-6.918097968543801,-7.071469997042016,-6.793151125320293,-7.041714590130374,-7.65268651076088,-8.664666713844614,-9.988428847106347,-10.395277583385687,-10.244331222452729,-10.980292672559493,-10.850042228221797,-11.461733010593289,-13.231603488861197,-10.721789522748105,-11.639371806396088,-11.297080267066768,-10.00179547859826,-10.033868532603078,-11.254213340148315,-11.21840590824782,-11.864689311185225,-12.588940567517808,-13.261445360846665
-10.232642981900458,-10.317016950274002,-10.593773201950423,-10.549834951579781,-11.560446792762763,-11.52358393652272,-10.826657239777091,-11.06328411734279,-11.614451389713647,-11.47974972819427,-10.670168244796514,-12.057165665699294,-12.049947546956382,-12.121085630025233,-11.575412168456973,-9.705323901984576,-12.790669126614352,-9.922089624385821,-10.913423689466464,-11.209526061120684,-10.038582146872228,-8.541572921184002,-7.121631424617452,-7.150623488049388,-6.958383377604794,-7.735704001485145,-8.817680373079869,-8.951330389515691,-9.520890321031679,-10.737523609461215,-11.448988508014077,-11.502900111284461,-10.42475880674345,-10.553604535272965,-12.277593130910411,-10.931925744208641,-11.71682105374736,-12.484019471058293,-10.796781927481423,-9.972124722781416,-11.128384017927665,-11.974787353055392,-12.155257341779793,-12.901722251598901,-13.195534131956885
-10.917068303594625,-10.892484641984248,-10.98711231618237,-10.847107642560582,-11.589936933174345,-11.548163864502959,-10.938363151257096,-10.490279066214962,-12.49688647300287,-11.2336240637906,-11.057104319632378,-11.144496368074478,-11.750046862732704,-12.126586579519218,-12.950288778878821,-10.20407467802931,-11.8889638103534,-10.990477349504385,-10.907122666159527,-12.383068282295328,-10.37758815577254,-8.885205437294413,-7.5375884567279625,-6.654556580544371,-6.780578041352413,-8.546126246504988,-10.095962897371257,-9.82069290828721,-8.341858899961698,-9.407878356769151,-12.552026020456205,-12.129270965353857,-10.57971267859794,-9.78487289540642,-11.76470773265882,-10.870997598942497,-11.605928461422476,-12.835317510876763,-11.49018680098195,-12.330315697678998,-10.846101328547798,-11.052062652303803,-12.709287542357353,-13.416715996070964,-13.69404856614078
-10.939900611118869,-11.567539157884571,-11.676752174247373,-11.678885975417774,-11.453929582614013,-12.03630707950164,-10.491136263867572,-9.300428745629679,-12.211395336092739,-12.177230031965504,-11.806647033755661,-12.02206183136559,-11.649233373488325,-11.07281113786258,-12.979322500526202,-11.256110348436653,-11.249764453756736,-11.418974894939632,-11.250153895354213,-12.94068055550724,-10.420963532638979,-9.247025773377853,-7.437489359933183,-6.462430604566691,-5.820272536440864,-8.82931221806192,-9.904309702404941,-12.51414114318693,-7.9674262182901225,-8.323971588836397,-11.34712368421669,-13.156441883160008,-11.65362818311353,-10.265535374693183,-10.94429477459231,-11.697978687469103,-11.541194255206563,-12.961056094379353,-13.246015369696757,-12.913857978727815,-11.537517402339702,-10.706638565081713,-12.693243137505622,-13.370872415194883,-13.761781972332427
-11.783154025318344,-11.932684974624019,-12.634170345261818,-12.838892720036426,-12.086225501703147,-11.909954704446896,-10.562382305042778,-9.108414205442166,-11.718076481914203,-12.091626748091864,-11.917635557339597,-12.455337477510202,-11.418499287040419,-11.269777799581908,-12.95134879977186,-12.39379395123489,-11.275529065391485,-11.21058538825708,-12.182131861796519,-13.089606167050553,-9.98039621541692,-9.538057953678337,-8.647420389380951,-7.052769925092224,-4.6675715068824415,-7.027669220288063,-10.019028435425206,-11.934524838743533,-9.326429089268316,-9.587835614336047,-10.961933124885384,-13.355087160316877,-12.108398313730222,-10.826539345116947,-10.756263513680754,-12.175458808846106,-11.586033676754147,-10.874416176905104,-13.34755772148311,-12.30582114090278,-12.310923147055771,-10.684634490413528,-12.608452824582674,-14.166777165040207,-13.85970605018375
-12.04995306692063,-12.700585423244306,-12.69970406045904,-12.67315610307796,-12.901593990564534,-12.270193579839697,-10.886859871235085,-8.650488793229764,-10.984740769694206,-11.760828416716294,-11.526974630637092,-13.661031028806883,-12.223045698273932,-11.706455004001969,-12.468971274363932,-11.856665236387673,-11.889358521383903,-10.522012023396487,-12.74091098875573,-12.713979296147508,-9.833728513192833,-9.555006845749464,-8.217382240951288,-7.941693405814451,-9.979464504457223,-5.58710030374035,-9.364543933559258,-10.235509291528285,-10.332880484268633,-8.959203192041379,-11.123248976613738,-13.245624995772713,-13.429587531416423,-11.4666779332138,-10.959625909131844,-13.63216546842774,-13.83036508973246,-14.821529952392389,-13.328509370721282,-13.13261169781503,-12.321469958971003,-12.183773516208669,-12.769180754346529,-14.806573465293221,-14.364933482478829
-12.037596730111385,-13.074381827637662,-13.083101261647254,-12.981509762238542,-12.936078390132383,-13.05740778356956,-10.906718912687566,-8.862824426227744,-10.180304459871802,-12.205004208102004,-12.125865679848186,-12.111146865623422,-12.665476555322549,-11.833190146663448,-12.263566133432853,-11.330371169918312,-12.034940865375134,-10.985115526153425,-12.571321227222075,-13.097146657733482,-9.760967297841033,-9.712241478451471,-7.890930701105338,-7.168638770343703,-8.778834929111515,-5.180212197146222,-9.565009559325688,-9.789372967124555,-10.15115926936198,-9.92814156788849,-9.875257710182908,-11.636372224851721,-13.743701681388057,-12.820484856176495,-12.093520386166052,-12.910168534526932,-14.04191313226858,-14.639109113496794,-14.08353953907557,-13.094767375846407,-13.162710850594515,-11.686928151608493,-13.969353050036029,-15.301597703804614,-14.92525378937464
-11.559893085151979,-13.05751918927065,-12.949056491962374,-13.407364216266313,-12.859869669880124,-13.235717522617033,-11.686888103250928,-10.122312435988995,-9.121309346670792,-10.749440036178598,-11.556344145047621,-12.408865393989547,-12.744038417987477,-10.415834458689577,-12.069147803568145,-12.571482749032809,-11.291942586787751,-11.26392432209314,-11.575991788425881,-13.56727747822378,-12.197253831446062,-9.400327350420156,-7.650716438434353,-8.982823934162681,-8.350744095927523,-9.766347135885049,-9.627796056788721,-9.745954595710643,-9.812695571641306,-9.440503534421843,-9.062229169319936,-10.717316457541392,-12.166093258163745,-13.805211650180176,-12.441868601975408,-13.108964318963794,-14.41025916353053,-16.13193528918082,-15.824681608775556,-14.332421845178214,-16.336956675694818,-16.072584732001076,-14.661481458721191,-14.98225182075451,-14.69918638229624
-10.981084869234174,-12.481817589627639,-13.346336407481344,-12.782076427933413,-13.404283660102971,-12.762257275168594,-12.369591095500324,-11.916097716308988,-8.984096095984597,-10.689704872037888,-9.84964137087035,-12.081404020391187,-12.383932363320485,-11.840207036668605,-12.043790071022261,-11.389210199054206,-11.272298942582122,-12.978139432157556,-10.706653031829022,-12.911559517830824,-12.35587074748814,-8.196356861687457,-12.134070219486755,-8.900684081401568,-9.291711845973957,-10.498344309860364,-10.409883126332037,-10.448680610982922,-11.605219341127654,-9.522086277391157,-10.563549478985362,-9.622793215659785,-12.001313762674187,-12.182383245439802,-12.747776831689139,-14.41547562659223,-14.99486593080572,-15.969071077132643,-14.812642839495929,-15.384304669639649,-14.879898715201254,-14.10412711147642,-14.41469647844286,-13.734064490116175,-15.599560011193217
-11.017568010689015,-11.705039246846816,-13.350312461608276,-13.047844414478405,-12.93802691676802,-13.097435369438756,-12.294043883976542,-12.357174103477178,-11.405576063196103,-10.180901922076101,-10.45291820033662,-11.073212549395084,-12.19135919154318,-12.32643045224266,-11.993948023341247,-11.81874905996731,-10.026640045982884,-11.420399347597286,-12.850702416058004,-12.317975499045126,-11.770870295932438,-8.336359604267999,-11.238363423085605,-12.290789066264304,-10.649556063119011,-10.347945166297837,-11.004228040354768,-11.057742988114228,-11.545787281679637,-11.175890672741197,-10.69235635157195,-9.815180131370411,-9.679289530638446,-14.095853903894199,-12.501455920796293,-15.634466065323021,-15.912605171833983,-14.344123443459713,-14.867176890969372,-13.524133712944908,-14.884022728140991,-14.2093300962097,-14.177782714551975,-13.987338330377051,-14.34636780191327
-11.874097113886414,-11.389458875474592,-13.426889157631617,-12.663548138055283,-13.032737787107816,-13.066734387707543,-12.743443785039727,-12.25132662204975,-12.13179055764968,-11.366821500500343,-10.180627006438506,-10.91817576063378,-11.71838694399021,-12.061739229859539,-12.131750958518953,-12.183080822853793,-11.498534287632035,-10.360759188740722,-12.83525768357675,-12.491664587766227,-11.525578576323458,-7.2026742490362,-6.504598201542326,-11.225939373676214,-10.573216165861105,-10.660563558834447,-11.164065350622915,-10.674273393557135,-12.690364957534602,-10.401237760790414,-10.672956884512988,-11.80544311095452,-10.936940842414385,-13.411148475650698,-12.15115604242332,-14.059826309450138,-15.302324900374565,-14.826034691449449,-16.21541088078972,-16.22588644153363,-14.77438485627157,-13.308899326367454,-12.906092674318149,-12.976653902444252,-13.606511804394518
-12.97571802426811,-12.869082279981164,-13.568908964737904,-12.787012800797111,-12.244105497286622,-12.822928170105405,-12.759108676647546,-12.64341139401597,-12.259111486429836,-11.772368767069235,-10.365085438473809,-11.752411179324126,-12.442367183937298,-11.685200701583668,-12.18420868470281,-11.873141899886974,-12.676838925663137,-11.004784010869827,-12.939708162974382,-11.97196300634378,-11.690893754039848,-8.6244918613418,-7.32109752918618,-9.471668859423898,-11.486902497924422,-10.977557831935798,-10.246093729563494,-9.929356837724686,-12.34783396230791,-10.777285552652616,-10.81598673391267,-9.838213400568275,-14.007384224027804,-10.078957890839677,-12.600410743158292,-13.994481011862499,-14.430597866320303,-14.808188954908552,-13.434021039507428,-14.002233126596746,-12.049200241460767,-13.045092864265008,-13.356345400237057,-13.062843627084101,-13.948608192082743
-13.638131996940304,-13.730455720929625,-13.69782603100252,-13.460943620536346,-12.399077752874094,-12.836833819454215,-12.89622288355201,-12.964631071394077,-12.871908277524383,-12.791209031235718,-11.7405220667743,-11.265391577572869,-13.713748809312584,-12.536592420179513,-12.552139082847077,-11.948942734128142,-13.587593071280585,-11.305381255773154,-13.976096807736653,-13.108591550353069,-10.256983559992735,-9.187630390820145,-11.845084575788752,-10.869474864487495,-7.776537125169083,-12.222440258742465,-10.21692845275111,-10.532670512198802,-11.21376476629683,-11.335840402579649,-10.981486363345336,-9.776117462997007,-11.686474064116963,-12.116301128505114,-12.807512808127447,-12.410332241049876,-16.572229212046125,-15.21101731546413,-12.676049830180261,-13.433546534691965,-14.240994236479883,-12.588584248246146,-13.760712575016106,-14.328348525575048,-13.919449196393776
-14.408783999834908,-13.803417684021861,-13.611363711933514,-13.607600243594096,-12.863767619922555,-12.870485035789377,-12.905236008448146,-12.013917088536445,-12.132652750340803,-12.52532278451186,-12.438993573428206,-11.543503404344474,-12.281158104505518,-13.317641716553233,-12.89878326744818,-12.349512872817554,-11.14402189885602,-13.464403297868332,-12.918917576950971,-14.049445816554579,-11.2813136305424,null,null,-10.534352972273549,-11.047749030540093,-11.470415612162558,-10.571099480954446,-9.94050933447118,-11.483471965660854,-10.137690466181924,-11.007698262232807,-9.668470899042145,-11.44459052984766,-14.104573967234316,-14.597538322972325,-18.84162662197582,-15.120394718781853,-15.217941678888357,-12.244632088025035,-13.391233918760156,-12.111618631324738,-13.185634449999133,-11.728775098434612,-16.32480538337985,-12.49891047624365
