public/json/wind_2018-09-1613_850.json
{"header": { "discipline": 10, "disciplineName": "Oceanographic_products", "center": 0, "centerName": "Ocean Modeling and Observation Laboratory", "refTime": "2018-09-16T13:00:00.000Z", "significanceOfRT": 0, "significanceOfRTName": "Analysis", "parameterCategory": 0, "parameterCategoryName": "Currents", "parameterNumber": 3, "parameterNumberName": "V-component_of_wind", "parameterUnit": "m.s-1", "forecastTime": 0, "surface1Type": 160, "surface1TypeName": "Depth below sea level", "surface1Value": 15, "numberPoints": 4800, "shape": 0, "shapeName": "Earth spherical with radius = 6,367,470 m", "scanMode": 0, "nx": 80, "ny": 60, "lo1": 109.0, "la1": 20.0, "lo2": 116.89999999999955, "la2": 14.520000000000117, "dx": 0.09999999999999432, "dy": -0.10000000000000142 }, "data":
[rows 38 to 56 of 60, columns 0 to 42 of 80]
-27.40175461255789,-25.463854236199776,-29.00684267607309,-27.570946062959557,-26.718861193038894,-26.511396960958216,-27.16522429176427,-26.917182117229693,-26.93382318430222,-25.485544586208917,-23.57075140023329,-26.394434560183846,-30.496872834348025,-28.14544195793448,-25.14996674400578,-26.519007095531514,-23.727235770564675,-19.980347954574828,-21.338246166046993,-17.7070580817815,-16.211592444780138,-16.267730878203892,-16.636396879501945,-13.455605484437543,-9.169821292992982,-10.486493686459049,-8.745380479738152,-7.122778554060103,-3.981822968482862,-4.699578622937827,0.46704193697256874,3.9313883168012644,6.495833429241566,7.6388432630712755,7.002047262228567,3.8420626793173844,8.257469699036195,4.350892672039541,4.197639982995821,16.61938839043531,16.94658339570364,12.110621737085271,14.298248371331693
-25.96599028248484,-26.823807240761802,-28.079852455133704,-27.194110342953042,-26.931407176203304,-25.866058682637,-26.885300250372893,-26.183711461727178,-25.741486307256594,-23.646539395050638,-22.22783575926205,-23.88568171008618,-29.68351912529147,-26.71826888073023,-26.4775644879216,-23.852994272039208,-20.3492400446361,-20.360583123582543,-21.102648932507652,-19.97533844993535,-19.445845729106857,-13.519317419532761,-16.96783831283919,-8.641613489224587,-8.61021048287104,-5.870948736136915,-6.492457277263229,-3.744946072937842,-4.7730123071447546,-1.8967681959463771,1.162749368954163,2.957624494671485,4.312996820326377,2.032708580835549,2.172074798026277,-0.23236831959059878,2.4767661155112863,-0.250878825453355,4.949512116416018,13.944147725378429,11.101957289947123,7.723184287882452,12.222579747402085
-24.848169327143594,-26.37622489282458,-26.979500192110727,-28.109615483223923,-26.79213187500747,-26.512630542500837,-26.23095501369845,-24.790675844251584,-25.84482857032109,-25.248730562066665,-22.499822626676334,-24.639360879573566,-23.73544359660309,-28.69746859722749,-25.307953509882758,-21.407145991403773,-17.95949928352075,-18.55738151687026,-20.20287546531851,-22.63070933968128,-18.810232524128043,-15.37261445737345,-16.282030473895116,-12.112713724425404,-10.566552783087943,-10.478094015584087,-11.311298134001118,-4.54385637417447,-1.554550818489827,-5.102925521996408,-0.35557625386631264,2.1838335391765704,2.2791199249567486,2.7772943490929656,-0.27774437178483485,-0.7110154787838296,-0.3317435561084271,4.739153381615921,10.389784285781161,9.318414661486246,11.07750856755101,13.687520300658214,15.981904229480921
-25.70182242962389,-26.661478776164493,-24.92800773862073,-25.716350513236836,-26.699383538337514,-26.49270287319067,-25.193022508998993,-24.59744176815909,-24.611655161721664,-24.126897866286413,-25.571845768924963,-21.173983371327722,-22.952021917936293,-25.81626705600823,-25.857839390748204,-17.947090448359052,-18.745390403943027,-19.895613043668327,-17.615679218584514,-16.647768476652175,-18.472989062450225,-18.398393355301394,-14.384621535785154,-13.549391478460082,-13.360564899741881,-10.549460168084991,-10.903757864530322,-3.469340629569796,-4.82203772195504,-6.8404102014750965,-9.279762394705036,-1.9683300504598447,3.025733409541912,-1.3448279585787868,2.2582103825087896,1.3827961092097554,6.785129759978169,8.6554473311226,8.481617323547948,11.752042327585077,9.002979832041351,15.504912311708997,15.124645715627691
-24.691304590688496,-25.713686507635185,-25.35190156842482,-25.18119019499695,-25.852783858078606,-26.322119113009236,-24.01217525873315,-23.223081948124005,-23.353379100467254,-23.07892205014921,-24.39714185291627,-25.675244298780996,-20.197485548577816,-23.737100868931265,-21.50641958423104,-20.070924669930484,-21.061878602145466,-19.954974611272903,-17.585115465086155,-20.09983412561174,-18.337582918263674,-16.104490827786833,-14.188716914341075,-11.911128987440383,-10.440679904553082,-11.13255137115048,-9.875145439524303,-3.6739378416093924,-7.72621361584496,-11.040654327112271,-5.533183569962069,-2.041935308240877,-0.00044542863088348206,-1.8870388032779528,-5.802948397548257,2.6689982897085613,8.434238096911814,5.301332008373941,6.025799271525342,9.130711417273982,13.752683427102642,15.031897530367852,15.308655492263494
-23.358226175724035,-23.605310054507694,-22.537432574440608,-23.233881763872997,-24.21781476066632,-24.34514338809668,-23.375574226596743,-21.699552470660475,-22.044849752992064,-22.65913359636459,-24.42250623657098,-24.21562926196078,-25.288683049311064,-23.7281879398881,-21.618703589094046,-19.005875790315393,-21.059163648972802,-17.313092953957586,-19.737290900542952,-17.42468757273958,-14.431224702408324,-12.75611455620104,-12.322916695775332,-9.614473538565216,-9.448599070318572,-5.805379321506379,-5.011370896514046,-5.604007241288608,-10.817224365701506,-7.988768812024983,-5.027450453476968,-1.4682735751229217,-8.985107165635224,-3.9129317778550785,-1.3102028267855355,3.7636850530426527,2.6172054063809123,5.576161694724931,3.6257494008061557,10.845383369925052,14.674499186676421,14.645334230304464,13.52782793780761
-21.848276134702434,-21.656006812877507,-22.201700377890717,-22.198111872058753,-22.987744477627835,-23.731257742862255,-24.070915382871124,-21.37747344743689,-21.216571013402337,-21.43386214605462,-22.787228055370615,-22.583594232997733,-23.72717414901972,-21.96819871010626,-19.35491206828538,-18.905085415014977,-19.32626864620577,-15.34149208867147,-15.6637448643622,-14.587805315281706,-10.958335082127121,-12.324056967551007,-12.35695283778971,-11.227523334451288,-2.4669194590221033,-3.6324743622749938,-6.728033083307423,-11.896710349745018,-9.198875959214535,-4.160707040563612,-8.6897737916883,-2.0414735241334516,-4.730532084124268,1.0569584816210253,3.572954311717794,7.9422372299986135,7.321144280004931,7.401298991864747,4.090926068660896,7.901192702596904,8.069339817673736,6.383006419973106,4.554752814521533
-21.72826608253085,-22.442842671323334,-22.228587467572883,-21.287726335110186,-22.07671420495337,-23.046208414774306,-23.477244711909037,-24.37724163246188,-22.870327783355574,-21.746683197931702,-23.34305553957709,-23.35422670113153,-22.333165430291213,-19.36110169800475,-18.87182848353786,-17.652636721202096,-17.023040999456054,-15.675337546025993,-18.938771423642507,-13.114454111009401,-18.202093171497683,-14.629638775744427,-17.02948474950117,-9.993665631299583,-5.4325821140853385,-8.511487575856105,-11.210500419526173,-11.96789484241172,-6.955901094531403,-0.5622452797131603,-7.84636256931369,-3.1625187476341385,-4.230128481309984,0.6102244832571406,4.970921397115984,5.173459508451791,7.317530299583653,11.14664003493464,0.04678854150696443,0.07694511518485767,3.8564182874227395,2.3122679609003316,7.577974272543374
-22.727353600191975,-21.754325599836147,-20.678487794764656,-21.964226422763396,-20.790030842489777,-22.037012467438284,-23.137656431956124,-22.84081565722869,-22.692816814491263,-24.54281626684617,-23.81781150912219,-24.6854208126889,-21.826344348772828,-19.463480487606084,-18.419747291123336,-18.908013094215647,-17.312478318266614,-16.6959600229256,-16.229755956487534,-15.00204604390961,-16.651011562963426,-18.639225790438324,-20.757482907316984,-13.36208206127236,-8.781967785631167,-5.029619796963411,null,-7.990400824776988,-3.743191383327555,-4.4455706741794545,-3.4118837086612497,-4.300041033094161,0.11245916763035702,2.5521841914731165,3.2105978266985455,3.0777343865744857,4.089606416134949,7.888901917132149,0.7867655288883092,null,-0.9760560360616362,3.4821012758364094,1.071182720111586
-22.32529578271098,-21.37065938361627,-19.879760338362026,-21.33299601416074,-22.327544260714603,-22.996838541027294,-23.412850085220843,-23.99437230402046,-23.69043074286096,-24.569304052301813,-23.474456666084638,-20.957817398506762,-22.674144295545656,-18.555742919872227,-15.837960499467615,-18.332674757657614,-13.738775838337324,-17.661417093747307,-17.115639588764637,-13.944924792414088,-16.72028140589598,-16.070025079512472,-16.141608089103283,-11.964725573789407,-5.066883570010495,-3.941965463580286,-9.043018830547537,-5.687576049181811,-8.201479498760126,-7.1348132333058665,-6.92904413070762,-4.703317970154103,-7.987429217462821,0.9812308194050644,3.0450610974132686,2.559502295719642,10.259357447469121,1.8599247106111338,-0.2722438628773304,5.27426318414647,1.9474832480571926,0.26267725634827216,12.165552927404663
-18.823260927851678,-18.87583175714547,-19.82482432482744,-20.076531263013557,-21.492186401219538,-22.992636015702434,-22.355987347799015,-22.869441061272386,-22.038333212193347,-25.029541842947914,-22.50729445722991,-23.36895022707866,-24.029115745233018,-16.70322911583669,-15.317101882118003,-18.278641762181227,-14.163995874900559,-20.010596114297414,-21.92690542432189,-14.758847495505734,null,-16.513352002080858,-15.926618975556915,-9.63752737829442,-6.6743035060899985,-3.5163098422521246,-6.7171653982028685,-4.195412653558895,-5.805469847002805,-6.691713845177567,-5.501554214030577,-4.316466179152817,-0.48702848810278565,2.891421498151287,2.8535134141506417,0.3046444037732074,8.005900286837257,4.786752218520218,2.643469854958281,2.4203396611867807,null,4.255630448019266,7.92615289433006
-18.42939104202842,-16.917713482603883,-19.364255451884976,-20.361286990676835,-21.9738929138857,-21.959168872541667,-22.330625831655706,-21.80665754570561,-22.76968802126045,-23.827390485469007,-21.796153808209354,-22.186937756382854,-20.7624515696475,-18.096150508649497,-17.048470159305907,-17.16680404181148,-19.604829954258946,-15.93865003502614,-17.84981154877524,-17.675545158184573,-16.899580526071,-14.456829359139135,-9.65108473177758,-10.040743508884256,-7.631724371705708,-4.654741668064485,-3.5558681655685227,-4.236787396512163,-2.3825669979599082,-4.871710993110891,-7.485665236149107,-3.3215889062256014,2.986779875629242,3.6587243087408616,0.6474113132087218,-2.2806630249805124,2.8347064501036976,0.013115993776079957,4.6619699719360606,1.6568884156322095,3.87063649621777,3.248097966712346,2.344751921035193
-18.72505786899902,-22.348619966347,-17.378668123469954,-18.701111910209054,-19.86841530666232,-20.255746036645576,-20.107159476526512,-20.885028280228152,-20.48652828023311,-21.635391482604316,-21.208419813101905,-21.594878625153406,-19.28102151482381,-17.802566595695065,-17.54795493781669,-18.128336282775365,-16.426093447822094,-17.986256790200063,-19.67150058107657,-15.15592483170396,-10.890082044327238,-12.514239865484694,-14.26836517533655,-13.32637296143315,-9.29209138341384,-5.828032498198682,-2.2384811414251944,-0.6783074499625921,-6.102421144907413,-6.134143304972967,-8.278747995587416,-5.182072707369054,-0.09286890693606026,-0.8243290352626176,-0.9624198741513699,-2.3101356724271276,1.6574179441799943,5.742395237908411,6.4981325232666896,7.629617895687756,8.742453902018308,3.4851472306709983,0.17539988200242723
-19.485753510230758,-18.78739931545779,-17.326286535829468,-17.744695943061334,-18.736335491286606,-19.142781263839325,-18.58292938237166,-19.64691159658429,-19.04555439986235,-21.047919756531073,-21.655175315758353,-20.813637138615096,-19.837253196462314,-17.588261738338176,-17.87683740719475,-16.740717941600717,-15.350746950165354,-15.270659668067292,-16.937300225942774,-12.964556573320124,-10.692733034426512,-14.194412958545971,-13.893946618342945,-14.591614648454733,-10.845476674637624,-10.961722991114575,-0.6016637179773838,-6.855230709702449,-6.595650316670945,-5.973646884814855,null,-7.438475725450395,-4.64576059313858,-2.715392407690552,-1.2001649022139462,0.942259549261458,5.725113467737392,5.989894248016263,8.447037786592702,7.120476417005688,8.797420437098708,5.747231546621647,6.677776836740431
-18.73691025306908,-19.550715919678883,-18.075343030397466,-21.790253285264935,-19.057278051489916,-18.42484127984898,-16.614980243685885,-17.278804694509684,-17.693692329041035,-19.773447242017845,-20.09091161953259,-19.80285472088807,-19.343520730703638,-19.80534050171551,-18.62655067824463,-17.39431345667048,-18.743143337038756,-17.404327228955307,-12.899421433197471,-16.26426414095215,-14.05403201723432,-12.918574347304075,-9.438157731159787,-13.910628303465225,-12.46489848108916,-8.872759628377004,-3.517737974521897,-5.856525170924735,-6.431069369954317,-6.02438235920255,-3.4317234140718123,-4.4475163828135065,-1.6914043644815404,2.4441749836675806,4.2237578854542726,6.254086693457252,6.350863199085792,6.549474424521371,7.105525785349721,7.24476513334862,8.729662860408627,9.57328513683098,10.386800654988711
-24.885578551411736,-23.074232887178635,-22.95756605924012,-21.489231608901093,-20.087411628008415,-17.779163374156987,-18.769355145188918,-15.838343371148925,-16.3651125323254,-19.26654011458002,-18.895819584737943,-18.02266785660397,-18.646151820830625,-19.90155377335581,-18.53829668309872,-18.625468312000393,-18.14943646665169,-16.44804910755381,-14.43561195389749,-15.446522116574291,-16.233962045553046,-13.560862870920358,-11.510725700248305,-14.266364861220298,-11.521362909762914,-7.5874864909555075,-2.329031463591851,2.135517774748974,-3.739815941476366,-2.1770687887423223,-1.056825506118146,-1.9679801630996006,1.895239279840773,3.0485548827676228,4.8659756609481075,4.097777418327252,4.6891717037489125,7.241149873574365,7.9521903399038685,5.707210671908483,6.536363331941291,6.004349108673997,8.246524908172555
-19.471300334440272,-20.21966757608243,-19.27270397352514,-21.368903564142745,-17.08967702608459,-20.093188248495544,-18.986635946191907,-17.162146690634586,-20.721009742128984,-21.192940785543048,-19.123895036822397,-16.990466229265337,-17.61629345126221,-16.233096980562504,-20.183207895937723,-20.34674591525161,-19.10030850638439,-16.752300274927805,-15.757598936347422,-12.425611925557286,-17.112026499003964,-13.800478214210823,-12.831937727002174,null,-12.075722862868195,-11.357706655581387,-9.510828151366802,1.0896087080025911,1.2689704290788093,-3.8055449390301823,0.34310455003033713,2.446466829922798,1.6740515646334182,1.511289077040989,1.8620512047696256,2.9867784264781005,4.109742663503546,5.9359700149449806,2.7844533183951867,1.0592864078578017,5.669993393127674,4.029800556608244,3.468974486044167
-18.612360939050333,-20.43444889420381,-18.606137960617726,-21.971422533248393,-22.503028289728764,-18.149234471029224,-17.331149191220547,-16.996278605262958,-18.722210698806162,-13.369873833206098,-19.34874267384215,-13.4952833819457,-15.698316512808757,-18.110800302157244,-18.0528450443207,-16.14525543053396,-17.14094361857203,-18.886380856714275,-16.697336312741935,-16.854057620519892,-16.41011902461349,-11.334910685179945,-9.747397338111515,-12.671536026283874,-6.128942935184945,-7.9969267179755645,-6.160175246478668,-9.065073418847952,-0.7925517620872989,4.5952081289310875,-8.81164165727491,-3.598944125132796,-3.2113628987509006,-2.01245910712879,2.1584164713817304,3.486374794293618,3.0933148063342486,4.061022338499007,3.36638033298501,3.0217506826210876,8.069969207545531,1.5176848747175735,3.8057377294892745
-18.2435308996533,-18.917019823084214,-17.565273091070356,-14.995421848966496,-16.553909826606407,-17.967709107115564,-17.229056635467014,-15.684788353938634,-15.000687950259321,-17.057355735583812,-14.798297861498085,-16.962807253229105,-16.310348660967083,-15.949601473255418,-15.82431805414895,-17.343217760611594,-15.08918769637878,-17.123981487455662,-15.940601100316623,-15.579100141475568,-14.05679073250104,-10.425898583097228,-5.818415668355627,-7.106041886444328,-8.765161094442856,-9.187293073352105,-6.295006115419003,-6.340220344762697,-2.909529748541198,-7.963344943823331,-0.7693720060211285,-5.161334926101962,0.3974132489074137,2.9825884592751013,4.953522600565873,6.109976009612847,3.7011831554303907,4.010342574264712,4.677026411509283,5.763286172974491,5.152660418464425,3.9850311921575625,3.730478884007937
