public/json/wind_2018-09-1613_700.json
{"header": { "discipline": 10, "disciplineName": "Oceanographic_products", "center": 0, "centerName": "Ocean Modeling and Observation Laboratory", "refTime": "2018-09-16T13:00:00.000Z", "significanceOfRT": 0, "significanceOfRTName": "Analysis", "parameterCategory": 0, "parameterCategoryName": "Currents", "parameterNumber": 3, "parameterNumberName": "V-component_of_wind", "parameterUnit": "m.s-1", "forecastTime": 0, "surface1Type": 160, "surface1TypeName": "Depth below sea level", "surface1Value": 15, "numberPoints": 4800, "shape": 0, "shapeName": "Earth spherical with radius = 6,367,470 m", "scanMode": 0, "nx": 80, "ny": 60, "lo1": 109.0, "la1": 20.0, "lo2": 116.89999999999955, "la2": 14.520000000000117, "dx": 0.09999999999999432, "dy": -0.10000000000000142 }, "data":
[rows 38 to 56 of 60, columns 0 to 42 of 80]
-14.040697906384345,-12.113518609195435,-12.869839086700209,-14.316649677931109,-13.611504993644662,-12.223581103798162,-13.249193968029749,-16.220044417846808,-13.9495751678308,-11.735193677872646,-10.039068338886896,-9.485769829161649,-7.0500269282463455,-4.565014388810928,-3.4069170235537305,-3.603839216266856,-2.3032076383614615,-0.4329153829269978,-0.1611936599333502,-1.1164405849185757,2.019218714293614,2.8600880473857417,4.630876288671153,5.369319177573759,6.519771292670112,6.3545730281880815,4.98634166773909,9.358510972789873,12.381043445098243,10.235613276322042,13.061571260220585,15.33241225026767,17.504684279462438,18.155820594762776,17.873816333714785,15.97704563731572,17.507031660491684,17.517133960413567,19.472253806098355,20.311704761337154,21.48452557447197,21.875361935858344,24.141593984776918
-12.790925902455733,-12.349210121374542,-11.101588156817964,-12.917571469572461,-12.686051615302198,-10.420196203923803,-11.530101020076788,-15.274474782054572,-11.453607216459122,-9.315167020102258,-10.070692233267208,-6.934033427029765,-4.112848952051488,-3.8704522545348743,-4.752730880384867,-3.2291814807690873,-0.5012196888908813,0.08465611446042205,0.46908051214959706,1.0373706814105506,-1.2497357911290101,3.9950655384886895,5.116789529606031,6.220298641752002,6.709390524828956,5.0789552973183785,2.5477379185990494,9.93528649256311,11.795198062723202,13.672769753250135,14.471644363796045,17.558489860346633,18.01898619925098,17.158498810612947,17.006307020047135,15.566948277112633,15.456703354017227,18.403800360482276,18.455460654500126,21.8585498128788,21.247997959071995,23.364342560264234,24.974495544243954
-12.87285132818249,-12.605165783957421,-11.642952669755726,-11.154432241520363,-11.975185622563824,-9.625792431372034,-10.055866202795148,-13.911413136903146,-11.332481177740693,-7.405021815904449,-7.810773431176049,-7.978151838412995,-8.81680426649264,-5.9169072508713985,-3.862899819051995,-1.1313328145012156,1.0141672310475065,1.937262757555081,2.767372562660041,-1.3404104388981601,0.3088080236865204,4.178141757433678,5.082948569726048,7.138958710255337,7.3901335988751695,5.531524443130443,5.727114376729045,11.273579145998085,14.190301650919661,14.407645413559788,15.366248988925282,17.682842857097427,17.809612198408924,16.551937309165236,15.077992311560344,17.71983924291738,19.79527658762171,20.304970339197247,21.766322208953465,22.16323530681095,26.60143416422849,23.112960926626116,23.279055920553994
-12.073087457715891,-10.953439509907303,-10.794321499894208,-10.48414104181071,-10.575180098084777,-10.081890197116275,-9.012117625023087,-11.842341008203768,-11.368321497613765,-5.967020404199047,-9.002939228165555,-10.106531045055352,-9.08368758782293,-5.500609469675487,-3.8029898530569017,-0.516146693850992,-0.36674249111585755,-0.14083188612127356,2.3533486491074873,2.1058699140765365,0.02517193106396199,2.9770168372771693,6.615266198853411,9.14911781477728,8.127281201618786,5.973733698673344,7.671171517933698,9.767781502373762,12.394610008038212,14.632449879931208,13.870497441746103,14.407514193417786,16.562800813288412,15.64943903904135,16.376603421739947,17.534360954954774,21.337759841885205,21.907640648751936,17.44323902897267,21.15776135113733,22.942472861442276,22.088173488646287,21.96964045155795
-11.22856123714087,-10.831587970444183,-10.728625785526933,-9.392424717630206,-9.323146088377143,-9.500292676710938,-8.750304510387048,-10.140030054709442,-11.209898514419022,-5.173908439946283,-6.64127698018731,-9.210771275021138,-11.907060457633245,-6.123331330874306,-1.3393068517366056,-0.7378340428884147,-0.6867241108766937,0.8276561680680702,3.244553096466348,1.0050206785222573,1.3239640962978367,3.861364077690663,5.355261601994094,7.131093744426822,9.283710572208179,6.933853262425399,8.004889212104418,11.773424341287406,9.431192889427498,11.767505066768315,13.268651394083795,15.237905254570359,13.946235786666273,14.772515414505198,16.233799364625995,13.656100610991984,22.97654885637771,21.754702592132336,18.39906278145663,13.366375260372248,22.158148586095958,24.561740298664326,21.631700342016284
-9.925828330275337,-8.208397152128816,-8.429322845548349,-7.906874131957828,-7.744131070291942,-8.00574803769698,-8.336448250024318,-9.347291522614583,-9.766738670954517,-5.996058593779848,-7.365420179965524,-8.209497293107411,-4.619428353677308,-1.913235554974609,-2.264276529912545,-1.4566405053869265,-1.9378481754289758,0.6113749611875341,-0.7685036949501648,1.4813927731097711,4.456276865793303,3.980559538561356,5.389672574633703,6.643086430966759,8.58517863581065,9.84118464977283,11.842565583688375,10.092128398948061,11.20477748845691,12.078193070557338,15.106034493505273,15.931878377142208,13.314258654816392,14.747820245598275,15.44587903264975,17.74366188861351,19.8552963600434,21.375812952939565,13.478853426989911,14.242765067617796,15.549217159898404,20.276541120851245,16.308367922573538
-7.263945306267087,-6.734993473200417,-6.891533593968751,-6.014495820520969,-5.075374199802036,-5.4582696955670595,-5.932941368657971,-8.054653284389518,-7.5785850698198605,-5.900242140593449,-5.442586590194055,-7.7383740868126525,-5.464502267056039,-2.517283914971807,-1.5511875495300678,-0.5717557801861144,-0.5505246084822235,-0.07948823434168589,2.8167596917474684,4.684558759092106,5.121029995963126,3.140498091215167,5.073353958082419,5.610604658194431,8.259593162634722,11.742398765144326,9.644965506377371,9.64200973473756,10.537248447729333,12.70831004237024,12.422278092549039,15.14284973704368,11.009316097123083,14.696028689204983,16.34814197683758,18.472860406248508,17.60007032710068,20.68578034985053,16.08623519729277,14.454958075525315,15.472319292032257,16.55450944773346,17.095471079563502
-7.537850396259809,-7.210847183955238,-6.206669347226451,-4.9369896865073795,-3.6490142930067266,-4.410703556556299,-5.154815749853249,-7.512056530969565,-7.2351816415542665,-5.21857196234599,-4.6094252617017215,-7.21626241046277,-7.39933940250921,-1.9632923207884356,2.1497523790888593,2.689905665589335,3.224489422803562,1.43374924570343,3.829468822556068,7.668988817594596,2.765445809242059,3.613230063336387,4.381169272903967,6.224195498316688,9.927202252383665,8.007989296599334,8.933696784162,6.739357947949721,10.445457146454924,13.732354577642187,11.914729676758752,14.167758165478277,13.438503806764182,14.342307698133586,17.047323642694767,17.29728507523062,13.966490647409579,15.81283157068164,18.846840712395547,16.220262200188177,15.656701260583116,15.287548518038713,16.079552342713118
-7.997908168138867,-6.756341529455117,-5.467073449887866,-4.304220402314465,-2.487515805390099,-2.8779417078431537,-5.070433104966929,-7.826931865851822,-7.818126378714358,-6.661121821223623,-6.942666801749877,-7.559561521563413,-7.142990483265768,-0.2925377823471254,2.035593367293742,3.549277593545559,5.528949081749876,1.9501504076058696,2.1843793347957376,5.915328351473217,1.8552594633497963,5.0833540256618095,1.4296889931137702,3.2408931019141693,4.499112192466306,7.463497843254789,7.185054053259659,7.376033611952253,9.869741613127532,9.629698011725727,13.402472632792641,11.09197161005636,14.214806167790098,15.753901628204968,12.331851121239028,14.004478828973607,15.210500272557008,14.907379849562624,15.045225118979406,14.72011069918987,14.28793427437964,15.035449887253373,17.252041071540464
-8.933109980887476,-6.186536697043243,-5.6439531867573995,-4.720356885095389,-3.903258287972013,-4.060649050049212,-5.1772122101428915,-7.002465170839639,-7.482397674789629,-7.260671513554016,-6.124744845181052,-6.376307407525654,-6.48201746853853,1.1188014847044827,2.4927752956903984,6.487331104135148,6.230872597623669,4.322578419997695,0.8006146394624551,2.397716097059974,-2.0983914473833862,0.7271331107000498,-1.7667383020824368,3.0885514952550746,4.372917122342908,5.611785978419861,8.54676981631399,10.732984771215463,9.974609039158079,9.605360703463893,10.45673335799565,13.116003666557065,11.341107657947797,14.746769607300259,13.941349259211297,13.152903626066937,17.206247469765078,14.62089064988728,13.491442519557632,15.00804520866953,14.846719820209021,15.626846168734037,16.3057439928017
-7.600089746636625,-5.511827748816872,-4.368634109022463,-4.557326052283861,-4.389328151082339,-4.722524799613193,-4.856598141369204,-5.196820862479497,-5.601494994459975,-7.126475228268395,-6.082388470000927,-7.008579814270183,-5.106252008802269,2.8107938339874945,3.8355256857103734,6.710475587574494,8.421274855690607,4.170220391725406,-0.2894218314887561,1.6135468397956962,-5.3054648865827305,-3.981085015867518,-2.486314619887442,4.291750667399749,5.07306088777465,6.034799906891469,6.89498607442817,9.52802642949587,9.969465153289697,9.771270841161272,10.550269147614383,11.309400643893241,13.757852357417196,15.259580275790496,14.343038504866438,15.04222955945516,15.883272942169018,14.98983550489676,13.758280415926626,14.051285710040345,14.594394545814186,17.414329543865666,17.86701200958238
-7.196151776084408,-6.571691507194874,-5.201830098139246,-5.757676986173834,-5.373777830137791,-4.807725291669047,-4.338595549789828,-5.166004072557019,-6.497458883217902,-6.213367821443445,-4.2638320865088835,-4.885024198380918,-2.975804766377383,2.840541191785227,4.106342772210548,4.380640845465547,3.3297383495236046,4.433504280081834,-0.14623625064374549,-1.272492112005312,-1.3238883752499797,-0.3432108070873967,2.5777259871390754,1.5307273288151304,4.484624765458074,6.168307685955728,6.845235235162668,8.165354618176593,10.812358197874403,11.424478274107697,9.069182848315853,9.951250902908813,13.095377435375243,14.985942370172438,16.090645778109856,13.260631882634215,15.20662890567597,15.198338771574683,16.208434246034326,15.786275111811154,18.790575355597714,19.634147378196282,18.271158134513325
-7.283423223164275,-8.869845435607777,-7.997212100937312,-6.377722516549474,-4.947142995571859,-4.273904871028363,-3.5488663372178197,-5.734610296421619,-6.45976665683799,-4.135596689229705,-2.7591244205770273,-1.6855994228644704,-3.072855500908336,0.4799808311235471,1.8852695401873754,1.7843036114112985,2.679032231169403,3.242015873457915,0.7264852513239825,2.237304573758681,4.328707101024738,3.3058305882953363,1.7234749642160454,0.8395728423458757,3.7070631447432776,4.749174249286846,6.129687208072294,9.35046619559187,9.142559739372707,9.647735113508542,9.194307973233856,10.641689468643072,12.443899544337237,13.83649683194351,14.032285946546718,13.416528325489164,12.004017086248988,12.703946376752079,13.849516344241032,15.044605490089143,15.207433010782465,16.716559894990358,17.649659986522813
-8.658389948054074,-6.967366237550722,-5.324972292385879,-5.927059178828717,-4.410157154164137,-3.212192100350812,-3.8350774910225267,-3.7540882860264007,-4.8121809682966745,-2.006849083657064,-1.7373646505904956,-1.259288488312977,-1.834984337818631,-0.5702069198257019,-0.14408066469755038,4.104224661060588,4.781102454833729,5.619698932204279,3.353985035757762,3.7548643021068266,4.0126444244388635,5.307894311495016,-0.2773987818951734,2.644213802107677,2.713450256235669,4.9826217974474005,7.860563107430552,7.1791607506381245,7.906659215551066,9.115258813217242,8.594920484006412,11.097962249631024,11.05521134073666,10.805159509955732,11.651693849388755,11.520138877955178,13.152733664254374,13.804597639047255,13.927422453500094,15.544926549703906,15.123423565258317,12.538005957911897,18.137539574464885
-5.832441558732226,-5.470929941594781,-5.646471604845319,-5.829071065889101,-3.843435191049843,-2.2198573342125676,-1.579354085333433,-2.594949266999861,-3.9418885865089988,-1.379108756883595,-0.01843272456483552,0.25624408682466215,1.4663790333724052,-0.13670845228511008,-0.3967269657617022,6.048045898769469,3.8942216209336236,4.099156808427722,5.274941576069987,-0.2032045759708319,1.2371334044660842,4.909342313543554,3.0449997461532003,0.06412714029750761,1.469450584258899,3.3716603236592104,5.177211187682018,7.443678679986467,7.774203580025734,5.295856721639293,8.408784380653655,7.842403693785911,7.6777112975981,8.571493485199696,9.956907647940142,12.235084505219074,12.72844531160861,13.22471975019058,14.663399966324297,14.546284068366655,15.053933824621419,14.047337320343743,15.227547037678544
-7.820742407187976,-5.694831415735794,-6.091813814274154,-3.868524194882159,-2.9036281119045313,-1.5512775482492878,-1.5983846796461234,-0.9527486973090963,-1.9738139272329782,-0.5591322045072973,-0.34444622994319574,0.26611915030610256,0.35324251911645366,0.4450015564306147,0.9160664527180147,1.4821264566438008,3.381367253857343,2.586223473255856,3.2013463128946076,2.74999110638768,-2.177746032964057,4.974597947900618,5.183436508939817,2.4118153998796177,3.290151327045619,0.6940147341102354,2.188018118288887,5.166416922306601,9.303431498942533,9.421215966984567,10.163271246566767,9.5770443486573,9.634778099730088,9.888975974736802,11.081490464052122,12.986590650423881,12.078325120414728,12.836182572636178,14.726337745628877,13.703189899436671,14.665773204168612,14.572395805470265,16.992791369269646
-6.995333284893872,-5.637124206019138,-3.8713670127585638,-4.306204782445642,-0.8727650104728483,-1.6251991363448781,-0.17209818364785523,-1.4461577734586122,-4.670257375293862,-2.538637809485606,-2.9889050139970617,-0.953560389956662,-0.24557158869682405,2.6645249086410496,2.3004720305839865,-2.726562388967044,-0.4095854370004547,3.5523900777755855,3.552312480618368,-0.7915549875915463,-1.7067829356016333,4.446557723816539,6.262023737630553,-0.2663110529347956,4.380845991548392,6.070580766083856,4.252707092245521,4.06626864536958,7.916225376459494,11.139365884496435,7.892279898540119,8.948905703302415,12.182572028264701,13.181424685133507,14.070963596739555,12.798178106366699,13.052914040453253,14.395598735615541,14.774005454081909,14.103962900379662,15.141185954067524,18.295228595815697,17.596962088697094
-5.834530869168722,-5.315523703030221,-1.8628271839811608,-3.502248688690803,-4.675116592055334,-3.68883023368891,-4.489845046792206,-5.210679948910409,-4.775522506955548,-3.131685923295917,-1.6223578525592168,-1.021310504717362,-2.618056194380827,-2.161205818450462,-1.3107165457069603,0.6657942316657743,5.696610984366664,3.205482859618156,0.8013205927550999,0.4318574717329247,-0.6730634996981445,3.841732969969394,5.5619931628728985,3.645193967919332,8.424787877133452,6.305202451680613,8.275016174517063,11.36407162072989,12.165892126918147,11.175168031824128,7.309604717993785,9.54816283711064,12.84844204188788,11.094119379751548,11.779150917757066,13.477078897270117,14.26479101432532,13.724474870262606,13.861570453442999,16.012918364959592,15.88492455684942,18.325600931538954,19.088019250736803
-5.505213717088021,-5.515203980572892,-4.596538456489878,-3.9725978880519435,-3.850957692709216,-3.5191571187191966,-3.888561801875603,-2.9776664277647806,-2.4144410258197757,-1.363314763122339,-2.6478148080291275,-1.6292080671389986,-2.6116437952536993,-1.947114283022155,0.16742487353585644,0.6322168600739135,2.8531240273308303,1.47954093895325,2.862830962256533,2.947168745023662,3.4240959744569475,4.171184172262183,7.13865759904938,6.82269503423667,9.320878613464997,3.8882076992267653,2.7446321557944917,7.289457573665999,10.616305946741459,13.059604834289273,6.690712215337546,13.296452335457666,11.323180685234949,11.402561182159527,12.297275385579718,13.307625347860288,14.593702953647103,14.406396084232835,14.468845803354192,16.63273504000823,17.741029468554235,16.51994086212256,19.171874023619658
