public/json/wind_2018-09-1608_925.json
{"header": { "discipline": 10, "disciplineName": "Oceanographic_products", "center": 0, "centerName": "Ocean Modeling and Observation Laboratory", "refTime": "2018-09-16T08:00:00.000Z", "significanceOfRT": 0, "significanceOfRTName": "Analysis", "parameterCategory": 0, "parameterCategoryName": "Currents", "parameterNumber": 3, "parameterNumberName": "V-component_of_wind", "parameterUnit": "m.s-1", "forecastTime": 0, "surface1Type": 160, "surface1TypeName": "Depth below sea level", "surface1Value": 15, "numberPoints": 4800, "shape": 0, "shapeName": "Earth spherical with radius = 6,367,470 m", "scanMode": 0, "nx": 80, "ny": 60, "lo1": 109.0, "la1": 20.0, "lo2": 116.89999999999955, "la2": 14.520000000000117, "dx": 0.09999999999999432, "dy": -0.10000000000000142 }, "data":
[rows 40 to 59 of 60, columns 0 to 45 of 80]
-20.43065822559981,-19.013974887811045,-20.287029118276177,-16.514717849249685,-21.325761713936245,-21.198998331836965,-19.9896646577627,-22.035860770512034,-20.546678861342286,-20.180954647673328,-17.837289135053915,null,null,null,-25.320638516550336,-19.140910514084325,-25.932441307479127,-25.17699157377693,-22.04885704807812,null,-24.941891199334105,-25.842690180696103,-26.221830741642574,null,-15.279956101876609,-21.768410214768572,null,-22.120385553000563,-20.664621094815935,-21.075888136955992,-25.346905783275915,-26.94133452122784,-24.349846151226004,-24.0467618684987,-19.36925482659612,null,null,-19.408010897660745,-19.712405598084942,-18.99990172727134,-17.439121362359806,-15.782019688090259,-15.69332388743451,-15.871746549795724,-14.461771903965632,-11.837386902259615
-19.082604123431672,-19.70834196476256,-19.6287550255021,-16.316391572981196,-18.300248219237478,-18.86978693673162,-20.634457610315074,-19.146644736611286,-21.532835055782165,-18.098745773558598,-20.29966865976886,null,null,null,-17.439587813478568,-22.734577972403507,-24.501539105856196,-22.052835530200873,-19.47110425493746,-22.68024056644096,-18.905289746610734,null,-24.968634891882367,-22.544880682191636,null,null,null,-17.68367322736381,-19.18704530433112,null,null,-19.27789320828483,-24.193525530830616,null,-23.009003194220178,-19.520431326730353,-17.320790980705034,-17.778580303279497,-18.53935381870872,-16.35506017279838,-15.110657210515965,-15.026424486127974,-14.742159042738702,-12.827165797000129,-13.198375019824159,-9.910366801005447
-17.438115796490816,-18.607809755042098,-19.144707706296963,-18.047159527067745,-16.087396383066014,-18.628726341157353,-20.758126431861346,-18.67288101594345,-21.400048894650777,-18.796775534796904,-17.696776831299154,-18.797076942156068,null,null,-18.40222164345636,-23.248576465050505,null,-21.95933771277097,-19.166830310542405,null,-19.716584427164083,-20.138575611841528,-26.033990930419193,-23.454824438523584,-17.457683830427385,-10.98094975609662,-13.586700205166695,-17.617993657999968,-17.34507406987029,null,null,null,-17.709383779877047,null,null,-19.66780493031994,-17.251541815807837,-12.811230037824707,-14.53294371073055,-14.338508614692241,-12.76048752785146,-14.63789534235983,-14.428224856114705,-12.820909998004588,-11.948431255547026,-9.081061724016354
-14.8927712037677,-17.592738308342014,-18.277836244901074,-17.509034976640283,-14.00766175884542,-18.314706893558338,-19.409852302965465,-18.71061114805092,-19.82123277736877,-19.994252499804656,-19.353124085089167,-20.634667554422485,-19.255171514985598,-17.726456003727932,-14.68878221458043,-18.908450585315542,null,-20.179548559647014,null,-13.519346750896702,-13.472473510315194,-21.024104212838495,-24.914676860508933,-24.507317411739724,-20.55797808000056,-19.713893584130034,-14.533870855567992,-22.066908691976465,-15.600288485462977,-13.69247128616796,-18.401737448468452,-16.38048734032772,null,null,null,null,-15.785810166085941,-13.83134505007904,-11.1373910571142,-16.12222853390301,-16.630572820461506,-16.590076236577193,-14.937941248187876,-16.117891010539772,-10.920002560991602,-11.634509917734675
-14.014049314561213,-18.282264863756527,-19.178823410143366,-17.83417131277271,-13.149673950800898,-16.520024565301984,-19.431494414292448,-20.23574424496049,-17.742304759308414,-21.603929367376175,-20.85635520059074,-17.782586018786848,-19.532215615057453,-21.21069345031604,-17.662027112708067,-11.379692312573255,null,-18.53772776333929,-17.443209915932382,-9.877983020956968,-15.520506546087603,-22.812370774683906,-24.03257360712996,-26.739727866073245,-22.823564663928305,-21.565659945635133,-22.195995026984317,null,-22.474523207959596,-18.647774598856415,null,null,null,-22.072272006703294,-14.966017313512706,-16.55256503011548,-15.540721823474978,-11.765718356293522,-12.435514479690884,-15.53994454153776,-14.683902683930329,null,null,null,null,-7.994717028605057
-17.088410628005743,-18.04531688439387,-19.45453101761379,-18.01611419905852,-15.430615330181125,-14.390695388279093,-18.024566034633914,-19.42627762003582,-17.96768084911305,-21.646428022338966,-22.048363844814887,-16.58462467341566,-18.493367395626247,-24.251306651177323,-19.559083666276287,-11.982936659571127,-21.0092218198627,-16.408683086612026,-18.826933075098133,-19.03597871157377,null,-18.071683550966643,-22.0408944620683,-27.02425033391973,-27.349897365681898,null,null,null,-19.099831295505517,-23.635142527361136,null,-19.138792381051957,null,null,-17.54905197732935,-10.778480285246069,-14.099427901954039,-13.296255237313645,null,null,-12.531734489607896,null,-11.842705453543592,-9.393431094000654,-7.94497972291822,-9.337894130040675
-18.41574530056143,-17.520985646471075,-19.57376025079185,-18.545683820400427,-17.485497988902452,-14.69057272485362,-17.021523324545864,-19.305393592233784,-19.38349254343536,-18.346733753193327,-21.568582067193518,null,-17.464141916486962,-24.698877258542147,-20.86326312739165,-14.561375063479431,-15.108794571047017,-18.28418153511712,-21.215699102991564,-13.253596041453896,null,null,null,-20.694869767766022,-23.069410842902975,null,null,null,-24.177720824311173,-22.703121881908196,-20.525083342536355,null,-18.298098801047203,-16.618119879425624,-19.130210647234062,-16.026626892657738,-9.322859396664278,-14.308538261488849,null,null,null,-11.870652633460939,null,-11.894873665539384,-12.391747863246183,-7.923906197298643
-14.846260882957859,-15.981559313432916,-18.567505034156987,-18.580979544407157,-17.645689057268,-13.324627538343078,-14.282385356507527,-16.179002411377898,-15.990682096618485,-17.623066405078408,-17.93895646747212,-19.705307394748914,null,-20.643305258744455,-20.82513415161081,-18.24928883285361,-10.7703042379252,-22.621820511823852,-18.65705107061269,-15.009795999075275,null,null,null,-19.13273739329212,-20.110153080862297,-20.817724960994838,null,null,null,null,-16.032443840545533,null,null,-13.987254617672392,-17.429711562708658,-15.482319112442946,-12.013587444846936,null,null,null,null,null,-8.547756839998469,-13.105917946859087,-11.491015629697978,-7.582573061666107
-13.445356152757729,-17.626227284490472,-16.407638665396494,-19.597184325476395,-18.807915288738613,-17.2009824841505,-14.471944215800825,-14.942962824477467,-14.619714205676383,-16.853270922356607,-15.832580910349705,-17.46468549909347,null,-17.928525338853603,-23.739998505848355,-19.687848330867226,-14.973327208533556,-18.906750434800212,-19.755704726114345,-15.317829942495852,null,null,null,-18.33742979325836,-20.07653435392938,-19.99502886797883,null,-13.285189619792721,null,null,null,null,-14.345620740168746,-18.67455378852201,-18.85162781564428,-18.20642159114609,-15.557671119376362,null,null,null,null,null,-0.6766776555620097,null,-10.259402203634565,-9.355922998301212
-17.364550802107548,-19.46196214253226,-17.355180417502588,-19.7178970265918,-18.437490243295777,-17.951939628730305,-10.167560036273738,-12.86722231244765,-13.101550029518176,-12.313380459966616,-16.20240832295387,-15.166897047054778,-18.036104632075133,-19.890551438317235,-22.417831976933616,-21.604180106185787,null,-14.543324709078595,-21.888093933382386,-14.22277066393591,null,-12.362418706859945,-13.17974274191283,-19.182795756971366,-20.377986654423765,-20.332982910725875,null,null,-11.294623468518044,null,null,null,-21.7953772102254,-19.625973681349294,-18.48244632384259,-18.69670857934068,-18.707569364603085,null,null,null,null,null,null,null,-10.885370071054608,-11.5007917967956
-21.500478901889334,-14.866566002597079,-18.73082011833726,-18.07671182904173,-17.75931683304065,-17.470315588501258,-13.5482010020242,-11.573472980595485,-9.116268218170335,-11.455246877862608,-15.00718697788927,-15.473276182459022,-15.633957465986866,-19.947012274565978,-15.877277997379398,-20.106693627626704,null,null,null,-22.34180613170202,-17.755680440964063,-15.70473104061596,-20.65586420994255,-18.899010945533018,-19.234320641596288,-20.85632502468796,-16.50561959698711,-13.740340430927667,null,null,null,null,null,null,null,null,-14.722901839254897,-16.144699034463244,-15.58619219928575,-15.401909935160761,-12.253541990522786,null,null,null,-10.673426163753367,-13.37886487484731
-15.306833864488437,-12.33995757037104,-17.00565729943573,-20.615856878530998,-19.794066245141664,-17.609043623646073,-14.726717718459602,-7.663674718525375,-10.195052454644081,null,-13.995604521525596,-14.935047754560962,-15.455224569813069,-17.109158850630312,-19.441901435628345,-17.310984425730503,-16.130675956305726,null,null,-21.923525832797573,null,null,-20.152461288018603,-17.40199158983985,-19.03164827978967,null,-18.11672141211235,null,null,null,null,null,null,null,null,null,-13.587382400926966,-13.816938301773884,-14.926374344696676,-15.119094907401212,-13.420375638207396,-10.731731512207316,null,-5.644660579161985,null,-13.809123744372334
-18.90722852585511,-20.29630498906928,-23.491089577717574,-18.294757741684567,-19.161920615286654,-17.526484257606405,-14.97712373867002,-11.091789366691854,-8.937411893623853,null,-11.62373444385997,-14.579473644479929,-15.543373666391787,-16.688799329144945,-19.230347741050462,-21.01352529430308,null,null,null,null,-17.346145597483183,null,null,-23.666563035323865,-23.94214027247822,-19.85825022174719,-17.611290403891335,null,null,null,null,null,null,-13.5714262098531,-11.240499815826336,-15.822505782509491,-16.123218353852042,-14.623545199875595,-14.967205946941885,-14.388872108038472,-12.755940898168202,-11.06159656495343,-11.33078573665444,null,null,-12.456015960666832
null,-16.65344570687417,null,-17.352675066815262,-17.770381887152308,-17.88560754168461,-16.074948704967426,-13.983233072461273,-10.480987453727685,null,-13.372359880574775,-12.496017869813578,-17.208486466919204,-16.869736572348422,-19.1339130548234,-18.857680046160425,-19.597111898308743,-17.006251000881875,null,null,null,-18.869025341005653,null,null,null,-21.508769620523772,-19.096959358832102,-1.6749468429092103,-11.012526031179164,-12.318673245170373,-17.09853990276204,null,-13.456631217437845,-15.044476766524586,-15.90206310014766,null,null,-16.21189451002124,null,-15.460206557428794,-14.951761944842591,-10.462129492899356,-10.269858464077256,null,null,null
-14.703638842797119,null,-11.105369452869926,-14.27949232354647,-14.446504720499348,-17.095217553104135,-16.786216323115493,-13.793536523047067,null,null,null,-11.10860333483151,-13.591795496166737,-17.044489010557367,-16.72080796222313,null,-16.846908209997412,-14.083487450336314,-16.45619627710862,null,null,-19.61048105026255,-11.51365066747995,null,-21.629241913580053,-20.00904775933006,-23.511798430520557,-16.9967956884479,-14.210379722075713,-13.895058951146591,-12.166975094797957,-13.520126336350053,-13.22246097995509,-14.802664590560356,-13.249137674940117,-11.343980381620714,null,-13.186244236894638,null,null,-15.253834422530964,-10.802020885497559,-12.785830071795273,null,null,null
-13.507664724021069,-12.637268078737089,-13.767908020059549,null,null,-16.130136642650726,-15.881789779314678,null,-10.860697584322484,null,null,null,-15.449298888833514,-13.260307647047437,-15.519174868737217,-12.43019339568529,-15.200384292107314,-16.925012156691913,null,null,null,-13.296556926229513,-11.886236409426157,null,-19.50353361772221,-20.261561297924718,-22.50648883375684,-20.76934831969424,-18.971973194522803,-16.245524835556903,-15.652179104075827,-14.936315405631905,-15.382268967248983,-12.551868983361619,-14.22302845101065,-14.25639215028935,-11.06282826037823,-10.353452908699264,null,null,-9.139560625685588,null,null,-11.619273459122436,null,-4.181668887323248
-12.360306472761588,-12.650276546478256,-13.084440170994773,-12.515833278443054,-13.15448340493157,-14.097414230235728,-15.154648855518165,-13.652869361337007,-9.139282711764428,null,null,null,null,null,-17.36561276471523,-15.941867496948525,-13.330404739237935,-16.708186619659074,-14.96924006468172,-15.405359493332103,-12.59700125553347,-16.525053915542635,-19.89111034319704,-19.743104703067242,-20.548271434815476,-20.341739247776562,-24.19862326294664,-20.291333244249852,-14.77998451628519,-14.857047238378907,-18.479782032856868,-15.15692421424379,-14.392110929015804,-15.202670242914092,-12.365467881565936,-13.734727879691123,-14.17495848888364,-12.454448164432375,-12.328842972027168,-10.11904141365591,-10.40784167468322,null,null,null,-4.824799699347058,-2.390754140894095
-13.329321104042386,-13.01163294823711,-13.68386705206206,-12.906771526129688,-14.68667712533514,-14.415167468665153,-14.983366864224964,-13.85013595370745,-11.908368195777175,null,-11.412110327947907,null,null,-14.849289832757183,null,-17.98460027828968,null,-13.42659488977693,-17.49153397532437,-17.11755740470501,-18.473205305948778,-17.41229490776506,-16.569834989841606,null,null,null,null,-18.720208346659703,-15.978696527614732,null,-19.171479992648006,-18.37949952317199,-15.509490440660375,-16.32173978495792,-12.82008206937974,-13.454432921740608,-13.902663188047926,-14.898083486699912,-15.562674293580628,-15.617317171589617,-14.303966601341564,-10.65537735660251,null,null,-3.681819904632326,-3.7204445111297106
null,-14.593669623328903,-12.141276624023295,-14.886320655571321,-13.595956585332118,-14.205800863923269,-15.322674458485686,-15.442138947620533,-13.600356482107298,-8.579321813850381,null,null,null,null,null,null,-16.346988477128804,null,-16.741920607609114,-17.6648793202459,-16.304405919907165,-15.888166672620995,-14.048282445509582,-13.084839014076358,null,null,-15.858280056600716,-16.839378201010472,-16.126996000482183,-17.53897796323143,-20.82717967082462,-20.2831612350133,-19.08394287427331,-18.39189886512858,-18.377068678076252,-16.56497778543864,-17.431414153119952,-17.415566059332658,-16.455509650932584,-16.174132850906595,-15.483571979191426,-12.762734176195853,-8.531702259308355,-6.376805016177249,-4.825079435030629,-4.0281741573181655
null,null,null,null,null,null,null,null,null,-13.10922956988637,null,null,null,null,null,null,-14.176537910738157,null,null,-18.125876076613142,-17.783683166905117,-17.36300853394609,-15.266507178370958,-14.343145366329182,-13.618267879024648,-12.00820071986343,-13.325545490358639,-14.928591764271141,-13.64493797240866,null,null,-12.949265690852696,-14.988886948243186,-16.091423779725357,-17.33677025824748,-15.64869151196556,-16.70052572546932,-17.39094740086975,-16.670002929256377,-15.178459055340626,-15.194333979920986,-13.841742022163556,-10.691115107865246,-6.953004964524411,-7.973683057532654,-7.107036655505496
