public/json/wind_2018-09-1602_850.json
{"header": { "discipline": 10, "disciplineName": "Oceanographic_products", "center": 0, "centerName": "Ocean Modeling and Observation Laboratory", "refTime": "2018-09-16T02:00:00.000Z", "significanceOfRT": 0, "significanceOfRTName": "Analysis", "parameterCategory": 0, "parameterCategoryName": "Currents", "parameterNumber": 3, "parameterNumberName": "V-component_of_wind", "parameterUnit": "m.s-1", "forecastTime": 0, "surface1Type": 160, "surface1TypeName": "Depth below sea level", "surface1Value": 15, "numberPoints": 4800, "shape": 0, "shapeName": "Earth spherical with radius = 6,367,470 m", "scanMode": 0, "nx": 80, "ny": 60, "lo1": 109.0, "la1": 20.0, "lo2": 116.89999999999955, "la2": 14.520000000000117, "dx": 0.09999999999999432, "dy": -0.10000000000000142 }, "data":
[rows 19 to 37 of 60, columns 0 to 42 of 80]
-14.235899082076928,-14.372183701963515,-14.613156452376582,-14.308412891718199,-13.14302687933494,-13.233900647855842,-14.301918440951335,-15.67225793327834,-16.551594664890608,-16.379836300489274,-15.91148806932341,-16.494154070333767,-15.60812088924232,-16.195945981976426,-15.709947120787152,-16.631708502176195,-17.17923818247299,-18.15062226476311,-19.146972798276913,-20.29321596586702,-21.353511498250604,-22.069547723721172,-24.025332453535597,-27.11649408533103,-27.373804334148993,-28.90978262072033,-32.25700630424548,-29.854325941589327,-29.140561341708125,-30.79833356481392,-32.5624172636636,-33.474650096680676,-33.03910999984898,-34.03044995780158,-35.322544622730206,-37.87074983079612,-39.59370913108877,-40.74146951669088,-40.55615695996594,-40.10064750503682,-38.08797790918264,-40.30293239757585,-41.41016923901946
-14.39301209466824,-14.194953796863476,-15.702062623267159,-12.700851969287609,-13.768116715257337,-13.917748256528903,-15.404807284878913,-15.347168783783847,-15.800276139675745,-16.590355160878367,-16.831255181243982,-17.604994856501065,-17.345202864880164,-16.397277107274107,-16.76558143602848,-16.468986411966608,-16.816554605019153,-17.48087420359787,-18.810089329384983,-20.264896556907416,-21.8149550319091,-22.32292931011824,-23.56253636642641,-27.45040763401487,-27.87758957312981,-29.852629300085304,-29.17112692918237,-29.679854345971982,-33.187113413913046,-32.57786740990083,-33.18070292599692,-34.39022040481172,-32.06768554421832,-32.68032360959353,-35.29476101460501,-37.171781154270505,-37.92472117331276,-38.43590198680976,-39.201145525704746,-39.497874912240455,-40.77307488552801,-39.95817826815916,-38.50870222413682
-14.837296795290948,-15.298775459930408,-15.319116352560705,-15.11457936245221,-15.601027338619161,-15.369360857216599,-14.048651398762148,-16.30019609782654,-16.19923995859577,-16.175309472460814,-17.4138106812271,-18.07419357532961,-18.515714160669543,-17.092376546644328,-15.906301188097993,-16.126941330238516,-16.8682961924637,-17.710637172123672,-19.170725795212658,-20.58891092725702,-22.8756669462055,-25.63569592867388,-27.854777489976293,-28.965646233344366,-31.02680814873511,-31.4196473419682,-31.942129239649365,-32.4991401485749,-30.595521369890253,-31.5495136109771,-31.22848324116544,-31.444575366082475,-33.273242839265535,-33.319426839595586,-34.17436929686045,-35.297355256766224,-36.7406655583245,-38.70443757738619,-40.03576410424266,-36.73223589053243,-39.478355593705054,-38.40271311368581,-38.10823633407797
-13.90673937378708,-14.913796584885835,-16.39170860518979,-14.463415398953417,-15.257551217014768,-15.761819569620831,-16.929662578777908,-15.489031654569974,-15.040717390523604,-15.714701648027232,-17.167581168110427,-18.190703165722017,-18.706463110121412,-19.43765315437735,-18.567994285612983,-17.74977749422868,-17.534874265520422,-18.171088458892946,-18.473649251588245,-20.316864368205387,-21.049430447603584,-22.315953822061818,-21.077039841809547,-27.992625887739614,-28.221376858824925,-30.172145493573595,-31.290315178463764,-29.23491526238178,-29.3893058571136,-28.19007997457832,-29.487221049313373,-32.23477585650765,-33.163659191557684,-32.529033781923395,-33.69342041542369,-34.925742515404046,-35.26572933821938,-36.12665326749509,-36.88089362130455,-39.515006160246614,-36.9842647753129,-36.42474375370405,-37.60379627435352
-16.040326814376755,-14.748281696551285,-14.016948816565803,-14.941267310114652,-16.28631321480873,-15.507085193536026,-17.303423443173898,-18.087704078120055,-13.785423157229157,-15.598162058194777,-17.154267244317456,-17.609575054440192,-18.02930909188173,-16.994512698345034,-17.64296705423732,-16.33395664035747,-18.28215693133682,-18.90814675768656,-21.160041795842492,-20.772289830268186,-21.180858581738892,-21.7260880316513,-22.279428901336747,-23.807453348764415,-27.097908198644063,-27.004389779129482,-27.263502972144423,-27.992071587978472,-27.86298064581901,-27.65202228830879,-28.75485580221253,-29.900819653366888,-34.02011953953362,-34.094867691959614,-33.64781752686086,-33.52217025339806,-34.340689608706356,-36.001819044247476,-36.64085949058468,-37.32310352771867,-36.70997203238301,-34.607341073222116,-34.79704626589687
-13.863710089817893,-14.295843113374383,-14.25420252451728,-15.224740352107927,-15.864807478295944,-17.474065374073746,-17.30545737381665,-17.250639792621506,-17.701903786986602,-18.615357645858644,-16.250577664583577,-16.12309376181031,-16.3338845814103,-16.004989626738176,-16.808825091085367,-17.75892301767289,-18.30998495968327,-19.462035636652367,-19.2218663609549,-19.61258307641141,-21.309351298109064,-21.801775249849957,-23.21645398594546,-24.778589402114516,-23.79998240228862,-24.89344480469893,-24.880922581550244,-26.14720202291703,-28.564255403166854,-28.614613665046708,-29.1061608025169,-29.7455413126014,-28.865719361748027,-32.78012568158302,-32.972452313892404,-33.59679252139432,-34.654439873761746,-34.79930800824607,-36.55516705401073,-35.90372970493492,-36.184492860576285,-35.102199942560915,-30.999251852093636
-12.350629715160345,-13.244025173165358,-14.33936129248428,-14.468289405122853,-15.510760425928764,-15.75604313504086,-16.018337770859716,-15.652186750759633,-17.91603672290098,-17.497783612902936,-14.730839418722598,-14.871460893939828,-14.719170212120517,-15.628547071697602,-14.812655398475895,-16.31837429667567,-17.81627283241322,-18.40831532743541,-16.88995232529466,-21.704478740549547,-21.768778959931982,-21.761434757911857,-22.75400167151639,-23.726508818173887,-23.21030560830092,-23.58701684195196,-22.100439241999723,-24.231667098390066,-26.702293732949826,-27.653106232113945,-25.793791009060115,-26.384282829320647,-26.95750565432646,-29.616985042896196,-32.73224089341179,-34.91958486376795,-35.28687384424879,-35.49762443133134,-34.24386347618105,-34.97324055943061,-34.3022132977411,-32.22865686465959,-32.53994734219597
-11.569770693976325,-12.524723951534686,-12.919646935153642,-13.195397787449465,-13.921917308468828,-14.885504645846336,-16.631600281789122,-18.16021406570385,-16.153099914529275,-16.7454225562645,-16.968108890515158,-14.762410328009429,-14.68535309647569,-13.608161388136462,-15.591792836144805,-15.099578936824026,-15.920068963526779,-18.344692654369698,-20.881522513091674,-21.221109413565703,-20.0913309275918,-21.85737543386005,-20.707063745289272,-20.04907733899461,-20.6478335046932,-20.643534103495654,-21.62574870982316,-22.958187827628286,-24.26700107036929,-23.915398220419714,-26.475101966168975,-27.925969577172026,-28.664667714958227,-31.677368205335945,-33.41608294057393,-33.83920238509964,-33.33070456172123,-33.509324564967145,-32.88213917689784,-32.76706299063634,-32.02304408425351,-31.530224160429672,-30.061492076588202
-11.704054115019966,-11.639657084067535,-12.25960044642887,-12.80408307119335,-13.235925525013906,-14.605465241382976,-15.567462492539008,-16.58598982671445,-17.28280406454747,-18.188603591838376,-18.475798637452076,-19.27566677518946,-14.952996607548327,-13.00083228763241,-13.917671975599514,-16.124230709137173,-17.03859010945772,-15.605014256299295,-16.628062378383664,-17.4938582459596,-19.77070928880175,-18.66693904962046,-20.054853715436842,-21.830392926493786,-20.33666062335141,-20.259116555606262,-21.140242593425945,-20.3792175114827,-21.327305896159874,-24.0760123326124,-25.301219628765505,-26.736193846521033,-29.533158630910286,-31.154040098171812,-32.868774394274645,-30.53944547381107,-31.044607192885028,-31.347896896721668,-30.84410075072052,-31.479155099450487,-30.574435512847966,-28.78744753640968,-29.232277867934506
-13.269339972418825,-12.283845359073746,-9.759913821600744,-11.185511831141708,-13.119661766822322,-13.860607852272956,-14.516932340820361,-15.708548112304278,-16.766348351478573,-17.434344273225896,-17.01640705461076,-17.64769277550758,-17.84355779439028,-20.365575728793296,-20.864336203015835,-18.024311089139708,-16.539163888553194,-17.775904368021685,-15.76175736938115,-16.96416172407908,-17.319565916611168,-17.52283808848323,-18.777592894006073,-20.099226525280358,-20.979987651503762,-19.946784225161014,-20.425102116636744,-21.247539997853934,-20.998618459564405,-22.844238333872603,-24.088844372830852,-27.154447553509105,-29.517289821860878,-30.33879225923901,-29.13577515220394,-29.350146512420068,-29.593157708243474,-29.91394300901819,-30.19727070895118,-29.429015316030096,-29.6940437000602,-27.909978613441687,-27.100641226754266
-15.979222214223647,-12.445354915488888,-13.336335792420515,-13.323346368326249,-12.808663779445373,-12.84147917807012,-12.972933551063894,-14.549158593971928,-16.49838813564637,-17.641861014654044,-16.555064616861646,-16.835386180821025,-16.84095010504355,-16.91984454902597,-16.62818566398056,-15.591245693904074,-15.978002488172642,-15.505375966461827,-14.719509687620368,-15.795127791760873,-16.487490353772337,-19.02386862605593,-19.35823415095919,-19.696050525902592,-20.411564789821604,-20.14993204819836,-21.902854865376053,-20.94654274202804,-20.520854309408236,-20.2431012813839,-22.709143620715555,-26.825234631021353,-29.041126362400455,-28.021152656483583,-26.313972354698095,-26.964821515755688,-26.870178730992016,-29.538000295767688,-29.55809076411508,-28.815866482347715,-27.77558228217566,-27.67861527353027,-27.192469237809128
-16.75625340256167,-17.21538469110424,-14.351957747123008,-16.16539308912764,-12.441308062475562,-9.753342671116476,-13.117722420908905,-13.519601285134936,-15.27422595582771,-17.366389784715846,-16.663600255766696,-15.901373034040112,-15.755045895709221,-14.786839732787005,-13.792849893035822,-14.182246655513458,-14.670172450610448,-14.50182247879093,-15.716163111540379,-15.033950145696283,-15.434487417556596,-16.62149142509741,-17.71437119744313,-18.706880565097258,-18.380089923121425,-19.22791523877408,-19.125686785322426,-19.01843971830299,-18.701469163391053,-19.749844808361644,-23.04223872783113,-25.91754400881215,-26.851507094653762,-27.76052893632654,-26.51342538303467,-25.773724986707528,-30.452819625764164,-29.12596775995256,-28.50124701348312,-28.01250152381472,-27.52399575680261,-26.52237648582938,-25.444379941021978
-15.810562445338443,-14.180080321532731,-14.165948932046941,-13.190990118237869,-13.665158582742272,-13.999151761133621,-13.87788173773933,-13.42622669914299,-14.174105915639824,-16.283679329325455,-16.54200252759689,-15.343656077936204,-16.060305416216224,-15.32918578279664,-15.728067146988362,-14.386932466464305,-14.864636705308222,-13.878112012672457,-14.049728016226897,-14.613739085986701,-13.990209255709757,-14.956311359633006,-16.41803665442736,-17.266256841162733,-18.037133390374954,-18.15704165351203,-18.215453422311167,-16.10866883592507,-17.2128896052047,-21.374873071176587,-25.559212324106646,-24.075090502340096,-25.939694423811574,-25.157930555707335,-24.762694282409193,-26.942489329142717,-24.099316491258154,-26.710334067858977,-27.446317382779615,-27.5334339333776,-25.59433144389716,-25.321677764672927,-24.917619566447048
-16.56813620748892,-15.059510245632621,-13.003218321116512,-13.165140287743204,-11.408093311721819,-12.51333104470435,-12.199936109011992,-12.597588774123656,-13.617993744390091,-15.2045383217042,-14.50329702096951,-15.399006169288791,-15.338530438483636,-15.39036723163109,-15.411326135930127,-16.191507104227863,-13.729097503915355,-12.96993789690331,-13.939786205706834,-13.95801454956871,-15.033521282174275,-14.835791914163433,-15.57922071989963,-15.898623220645273,-15.726428273245899,-16.788408839454153,-17.989763906900954,-19.350463760372463,-19.487217128556836,-21.021006887178324,-22.094874099697012,-23.85057271836156,-23.368431357324603,-25.35551626212037,-24.14816824363073,-25.833605972249824,-25.268599633009103,-27.137716068282412,-25.274094739747593,-25.29240295230379,-24.083994637527336,-24.92187787605738,-23.2001499714764
-16.524583821394675,-16.329626402911423,-14.864162530527404,-13.08595752381255,-13.039629819901837,-12.455352500321563,-12.191744391622295,-12.185267768781944,-13.77267299669428,-15.659531802714362,-17.60419039077522,-16.00530834920221,-14.848685770163518,-15.216346799742878,-15.287666626814405,-14.783353807882886,-13.193793811398987,-12.706065922100924,-13.574633413764204,-12.567674186282023,-13.957040775369409,-14.784528131241357,-15.312719214160094,-15.032772729711784,-16.15858084533174,-16.750334480514535,-16.245629198650068,-18.1957725069448,-21.678505091489008,-22.12401011548958,-23.00796267669853,-23.533545386902905,-25.14684403974736,-23.178736968449936,-23.602664958459496,-22.561812379676674,-23.588580873422604,-23.74108915800847,-24.352915346300776,-23.64453472090525,-23.534988759105865,-23.435396511483546,-23.475609839625168
-17.678100327293023,-16.195739431099263,-16.75003551302606,-16.131275501830547,-14.925018209432869,-13.27626232187296,-11.647005392578642,-11.047777033312329,-12.114994041728407,-14.261332359655693,-15.172232821185716,-15.231414894825445,-15.943982079560678,-14.264458506301235,-14.939005047062782,-14.212481377888185,-12.815132314645236,-13.026237234610083,-12.626787403457332,-12.393610683946775,-13.907640767282416,-14.49659040650278,-15.110080470225352,-15.11077842968279,-14.488212245245544,-14.856130635449736,-15.620677522989805,-17.32254610081353,-17.55232520453415,-18.344508238564764,-20.856929013639423,-22.727310031678737,-23.7229947123046,-24.08716450428495,-24.271586138743885,-23.435155367667807,-21.680522945382013,-22.26401043586296,-21.10349370426577,-22.105357952676066,-23.22422587858118,-24.588985094977772,-22.353424423768494
-17.382191732026403,-17.094514481989517,-16.372351788367073,-16.5425426806966,-15.402405534190017,-14.626035888009,-13.16842809884359,-11.064321491748377,-9.695248096853614,-11.12111245620439,-15.131932679188097,-16.684407029075288,-13.334810550951124,-15.019005256727038,-11.787350343552921,-15.88954425428305,-16.136597264582107,-14.248836290975376,-15.10716966302657,-14.133057413378532,-14.172212037629997,-13.87944146981204,-14.535115519074816,-12.899738418150527,-14.391448162971994,-16.339587266619787,-14.91670831443372,-15.584288167757009,-16.639444744273764,-17.697487735699404,-17.52615686871571,-19.720674562090476,-21.750340074512852,-22.077722532600518,-22.264286548239912,-23.866186145472238,-24.45135991322577,-21.70790283820785,-18.541976492776296,-21.648653686271132,-22.332690601511253,-21.602479681563153,-23.111731622280708
-16.34473991818532,-16.213429022326864,-16.115460891251626,-16.19148690200067,-16.543500075310142,-15.425664817968096,-14.187753753743063,-14.83605642568741,-14.147614753462207,-13.390137627234187,-12.887271462737464,-17.632140471384535,-16.45266499923605,-13.275753338262867,-17.048543492319144,-16.73212403134204,-16.484030079708596,-15.27130118447711,-14.82472733777443,-16.188084657590228,-15.408401395258178,-14.630375973371228,-13.721279587257715,-14.884230724161123,-14.965118148560965,-15.47907899933841,-13.498548262218513,-15.236626492230066,-16.26421192037876,-16.511539736603293,-17.939563435618236,-19.77443703457796,-19.805070370275754,-21.071754836654556,-22.41393912393398,-20.95664746380716,-21.84540411087526,-21.232380792737132,-24.248043476372487,-23.359245880494193,-20.630323471411263,-20.673215647703607,-21.173349252761483
-16.255433787271187,-16.201600308067988,-15.36923478184988,-16.606314356221542,-16.44280184074877,-16.184263450127382,-16.098204931361774,-16.296636023418106,-15.777327697476538,-15.400952870786735,-15.188380706914149,-15.628447362768256,-16.022049040237786,-17.656640900750627,-16.938972183229794,-15.167906528476495,-15.842992901888113,-18.014685276273095,-15.382360444933044,-16.816982392164565,-14.77763007166786,-12.706217094079648,-13.598266822760529,-15.156400410345075,-14.945254986745097,-15.223433291628169,-12.526209928156604,-14.822151803991527,-16.968491458894285,-16.00563150521064,-19.048178022074616,-19.732471445882922,-19.009937819157166,-20.458890493960354,-19.23125876709552,-20.079046403794315,-20.607718708576243,-19.296400955896303,-22.39121963895299,-23.688846622292793,-23.90651599619373,-23.3506403485899,-20.73384591505286
