public/json/wind_2018-09-1613_925.json
{"header": { "discipline": 10, "disciplineName": "Oceanographic_products", "center": 0, "centerName": "Ocean Modeling and Observation Laboratory", "refTime": "2018-09-16T13:00:00.000Z", "significanceOfRT": 0, "significanceOfRTName": "Analysis", "parameterCategory": 0, "parameterCategoryName": "Currents", "parameterNumber": 2, "parameterNumberName": "U-component_of_wind", "parameterUnit": "m.s-1", "forecastTime": 0, "surface1Type": 160, "surface1TypeName": "Depth below sea level", "surface1Value": 15, "numberPoints": 4800, "shape": 0, "shapeName": "Earth spherical with radius = 6,367,470 m", "scanMode": 0, "nx": 80, "ny": 60, "lo1": 109.0, "la1": 20.0, "lo2": 116.89999999999955, "la2": 14.520000000000117, "dx": 0.09999999999999432, "dy": -0.10000000000000142 }, "data":
[rows 40 to 59 of 60, columns 0 to 44 of 80]
-8.674081166246028,-8.096855886102821,-6.1877240344095386,-6.616245471136267,-10.10321790960964,-12.314804150784168,-12.38488919713725,-13.50472836764517,-12.022919957610522,-14.177932273743378,-14.156282735366306,null,null,null,-9.539810820599184,-14.94173909925575,-18.126360993347827,-19.492860217132627,-20.37652265603349,null,-16.893566051066884,-21.072391138521944,-18.53110045985636,null,-18.774502263167424,-20.907855209075183,null,-27.457958272062726,-29.885232549543133,-26.14249256270963,-30.36963590778872,-33.47777069558572,-32.316801517046805,-28.85431281441081,-26.877995238640562,null,null,-25.470511661238668,-30.387371695058878,-27.183804591849974,-28.552074323864904,-28.483427362414922,-29.776634493162927,-29.012594565061747,-25.61431141940877
-7.749508981488033,-6.53141907468939,-8.778804734892969,-8.689341458625057,-8.733362151880655,-10.346806910745956,-13.013967989142277,-12.996555800298644,-14.10890380517538,-16.39609050948506,-16.88817219383368,null,null,null,null,-17.412022895003258,-17.436218965073518,-14.969667534552991,-20.779692843267348,-23.0776594007952,-17.521388890976667,null,-18.83073605349562,-22.397957457773103,null,null,null,-23.88893547108739,-22.777529864142995,null,null,-22.216414674811002,-33.06313282680887,null,-30.464657193641685,-21.71699846932868,-29.090208327921466,-31.25801318901069,-28.335795524384153,-26.852419175547308,-22.3244220669602,-28.691217218923867,-28.836226201239132,-23.571678947453666,-29.028917857583313
-8.025100741122253,-5.388569885328537,-5.653729495400475,-7.74719525511056,-8.510225555813761,-11.019022379780699,-14.302602500078178,-14.690609120924153,-15.399007647189997,-14.59586580993886,-16.244677031555426,-16.876112939711962,null,null,-11.024820457178674,-14.617519685348633,null,-11.618251729052709,-19.905397276430097,null,-19.087120623836768,-17.947278172790202,-17.906664978269898,-19.282390028943126,-19.60900424088333,-17.865834363829247,-19.36395697886822,-24.718500344282806,-20.684364970919155,null,null,null,-29.845592260394078,null,null,-18.824878552190157,-30.03286463473637,-26.14839480639662,-26.370378334444933,-25.89902522156287,-31.285459730888867,-32.01398131099029,-28.616975768329603,-22.87377655254174,-26.401512680260485
-7.781779062598815,-7.12781501935838,-8.60449385555921,-10.177525397794764,-10.925165659947751,-13.712149880348576,-15.683833355180061,-16.38497649375768,-15.870564624845985,-16.328695897834272,-15.383853299360192,-16.652305651726937,-14.211702399191763,-11.117087029423498,-11.142250216815981,-9.818072437808903,null,-14.444907228310768,null,-17.072862229517597,-20.458157652686193,-21.322563394894857,-17.45754607047009,-20.875470141741662,-19.904888163543546,-22.68307831653327,-27.62908269357976,-26.419033230221526,-17.877947457354768,-15.997974385463788,-21.690750874277704,-25.261187338943095,null,null,null,null,-20.194461222165515,-25.419495374425466,-22.44155187064843,-28.391057067588584,-33.83578294140072,-33.252885110045675,-29.088267613184136,-26.095394113589016,-28.57221414010953
-11.972597395979395,-11.266263326150375,-9.324408238252529,-10.114539922310806,-12.905088349870214,-13.533931027392665,-15.368956022447895,-17.730596496599418,-17.192662881843685,-18.835282581808357,-17.565948194529366,-17.011871188116846,-12.809130422230705,-12.556504997612038,-13.683545099986087,-16.827333294462143,null,-16.196960116212335,-15.230047924274658,-23.33123954616135,-28.465748099302058,-20.283183443644823,-22.145673343417084,-12.557957744256191,-26.770488105201593,-29.798262567264842,-28.824956276402045,null,-16.697209734663225,-21.934618471497025,null,null,null,-21.783946807969897,-24.222896348176064,-28.553052627844437,-27.031497216925622,-25.220099532057176,-23.021652152129185,-25.78047349238305,-23.64979237175124,null,null,null,null
-11.93334305274464,-9.97399561708809,-9.414148575006584,-11.732806785979925,-12.977908521900435,-12.517249956823619,-15.333389753372625,-16.155537428606795,-17.05994629660581,-19.43751271960165,-16.682967961801232,null,-9.946558232223031,-12.309248941094319,-13.762850638276474,-19.32707159538389,-19.124572293468844,-17.80991528547448,-13.784550244028335,-27.33560908519047,null,-20.227298833523452,-14.029506692422604,-20.872013535336965,-22.54934501727555,null,null,null,-16.11930187892717,-29.18840316040625,null,-20.182808394528713,null,null,-26.608566428857326,-21.967350561506077,-24.602268980167928,-30.10467201054553,null,-19.942443886371002,-21.049781072153554,null,-16.869931530144388,-15.588265016783934,-12.640823722552737
-10.81141744889069,-9.384215446107966,-11.777326099855626,-10.418213640806085,-13.160865759113937,-13.641538816290684,-13.378286317612703,-16.15301940521426,-18.879283375568512,-16.733876672576997,-16.56430684876136,null,-8.929390415126214,-8.773497755392448,-11.026504543791857,-16.159394118665947,-20.567605139840325,-20.422433237393278,-19.47626826836912,-23.3161092916885,null,null,null,-12.752891313992414,-20.213622015438638,null,null,null,-23.891002643403446,-21.33550576072705,-19.483683516866027,null,-22.283556338320512,-13.298502607671162,-20.38607631024512,-15.98040434242251,-18.066197900428556,-27.065935432594184,null,null,null,-16.81693436300707,null,-17.32719886118705,-17.763254479608083
-6.768707742256604,-10.151953245646254,-12.303405345071681,-10.15826607516682,-10.897924658350409,-10.795414181465679,-9.69969227075075,-12.599098027563635,-17.163768102153945,-15.610490890254319,-16.30299043308495,-14.806810581936901,null,-9.755638518135726,-12.408697590468634,-16.249808921362124,-22.370478696706133,-17.43009782496463,-17.44455427132275,-22.03198674820952,null,null,null,-15.190931058310344,-22.899607953084697,-22.57071599552271,null,null,null,null,-13.571762294204085,null,null,-14.86188719637157,-18.070690459584632,-6.567475939605841,-27.98184622369878,null,null,null,null,null,-26.51669614114118,-24.02824516470913,-18.88340849878492
-9.45324558618502,-13.46434300841942,-13.041738509860934,-11.605580092224718,-10.82200767890448,-7.695864493055994,-12.050307950467621,-9.88168257474657,-16.474417147717404,-15.44292688431927,-14.662919205208562,-14.581938181006702,null,-13.154538052311686,-13.192392082188052,-14.396345955858482,-20.990005499271366,-18.27810935230585,-16.03265284387208,-20.080755834904988,null,null,null,-17.007558374545816,-17.94851327843076,-22.835144694776893,null,-23.08600817006069,null,null,null,-14.959369462654422,-13.30796221138301,-21.16861675077241,-21.34857417377368,-13.469028448221128,-25.575514831366746,null,null,null,null,null,-18.580522552369274,null,-19.059339131641277
-10.842853161400134,-15.51235040366003,-13.193641618720964,-12.558557800866279,-8.430329344346738,-6.329564615600866,-7.578785085679092,-9.191033623194489,-11.219594173250016,-9.287243678796354,-15.451781939738444,-14.171541479720087,-15.621763150676559,-16.03636438159524,-14.782836089253223,-13.951977379371339,null,-12.460201743616983,-16.83386531919365,-18.912891384743496,null,-17.77371050372261,-21.776395113294956,-19.687140790507932,-19.23584562125038,-14.184562599839921,null,null,-21.273971712977044,null,null,-16.358447560235952,-24.261057917614764,-27.26183438305676,-23.030666498429213,-20.030328755076937,-20.55457514029662,null,null,null,null,null,null,null,-22.834667492625293
-11.669066135427286,-9.251379957396294,-11.731450073900136,-12.700861001796167,-9.029393944932364,-6.265820048874217,-6.912790992529622,-8.622565987225002,-7.280725256840381,-11.906978936143702,-15.844330794798008,-14.488190592052916,-17.864960761728806,-17.80380941439222,-15.44987433737791,-13.055112349728399,null,null,null,-16.097453159930442,-22.141363403538076,-22.115601835435402,-21.204063585689344,-18.97211079801081,-17.984566862680456,-15.765964122135697,-17.03547885823008,-22.736465783230365,null,null,null,null,null,null,null,null,-16.562772786279524,-22.380318513848778,-23.308804418899353,-26.831590480043587,-24.681675287506728,null,null,null,-25.44058330717723
-6.039107894125172,-8.092513733993494,-13.056935904068315,-11.805064131279739,-10.054235254388043,-7.478855581669164,-5.5942478188164655,-0.7454436969475247,-11.303131950743747,null,-13.392883789196489,-14.842714976156934,-18.867454963368985,-17.87161916693989,-17.926647766514524,-17.722119315654936,-14.133292021056175,null,null,-17.49946211418326,null,null,-14.696083166537026,-16.706499757852825,-20.23126777198447,null,-22.350051319172607,null,null,null,null,null,null,null,null,null,-22.280220543700388,-19.49535332298505,-24.40451321734578,-19.905194646708537,-26.082833280933585,-23.319348310699628,null,-19.181912154628918,null
-10.769119096692863,-6.09263435748842,-12.508647795536449,-3.769945034194579,-7.982123028578328,-8.685584976569038,-10.149413250654927,-7.510631197547315,-9.931241254151372,null,-11.84025185997609,-16.79015333165338,-15.491991846678397,-18.96250100528514,-18.1674413637542,-18.73418225017161,null,null,null,null,-15.248273858325366,null,null,-16.46774701707575,-16.91735103231803,-19.24621297033513,-21.538795713172174,null,null,null,null,null,null,-18.990169214468402,-14.211213278026548,-21.156824280102523,-22.528017860498142,-22.158280917929318,-21.0962521297325,-21.23647780726396,-23.21286141532228,-22.715804272900797,-20.75772848909299,null,null
null,-3.6553903981932723,null,-3.4993871467192657,-8.37998541934414,-9.153678278256887,-8.196545077463755,-11.092919762696004,-12.569905139470162,null,-10.338083705264125,-14.646385327389481,-16.15097458307571,-15.262384556943978,-18.670278779013938,-19.53152902146626,-14.051449380503481,-15.673773329429265,null,null,null,-13.517063522888058,null,null,null,-16.960181440038017,-25.030855259800017,-26.02228459045086,-19.81336487325363,-18.971448710046634,-19.56048959554338,null,-15.9655769834124,-15.14346815321333,-17.923218960764377,null,null,-21.390197567486595,null,-14.5583024503474,-15.298126442211126,-17.417121863603832,-18.606902913256747,null,null
-5.216414526425887,null,-0.8902672835506582,-0.9615267357001597,-11.48896278911393,-8.233536769403898,-8.075986262622159,-11.456095138162251,null,null,null,-10.733844734908597,-14.624188387119444,-18.36133888083288,-15.90787361624753,null,-13.805515576974685,-14.16630973494498,-15.976956154730024,null,null,-11.28270729099768,-14.463635779477102,null,-10.089521583708793,-15.613382349989608,-19.071918294305082,-19.23600355429093,-22.066417781694838,-18.61816022296803,-23.034429318241763,-22.04301022936686,-18.58681550576945,-15.198740429114238,-13.644376626675315,-12.82548781551133,null,-10.90956173315126,null,null,-15.499782500575561,-18.00302994147612,-13.959488570830915,null,null
-2.130282917071425,-5.502232247692306,-7.850099364881942,null,null,-9.04718531932431,-8.64346553561666,null,-5.0861085522425835,null,null,null,-11.178195549024466,-15.348872677875628,-11.89141561068746,-16.865600433250357,-19.34153193714411,-16.366429441904504,null,null,null,-10.73717498173883,-15.269550549050354,null,-16.229811637105307,-21.81480344565389,-16.564680167954517,-21.220203348230974,-22.58190475673942,-19.004253729543144,-15.888520511364673,-16.582723684497058,-12.093947787740877,-12.575628993902631,-14.496045849446109,-13.49957991108779,-12.282248811087825,-11.890127964479854,null,null,-8.199611639732789,null,null,-14.57320680362784,null
-7.534108575832125,-7.273155126108773,-9.266864726024597,-11.428022980210754,-9.404298507457849,-10.188325959219389,-9.295426450665788,-9.284062657380932,-6.164668533726571,null,null,null,null,null,-14.587171984415527,-9.752246953718657,-17.199504518607327,-16.95851516340823,-17.341400976598912,-15.865862494576989,-16.911285326138724,-15.612970869627908,-19.7724901956112,-17.482277075455954,-14.961543679394124,-15.421678951659947,-15.41861517799764,-15.316861592139679,-15.924556917779043,-14.452202068145281,-20.58402281510399,-18.228562532321035,-16.22973079130732,-16.069738969920913,-16.413863480741856,-16.16471531811711,-14.85931237458745,-13.685584376021483,-11.585558104992007,-9.897140021045278,-7.581378172221238,null,null,null,-16.314314815706126
-10.047704762005504,-8.11982263858422,-11.035919944996166,-9.720865821109697,-11.185802652701005,-8.726321098164163,-11.416476060677349,-9.18024128609045,-8.345410376476648,null,-12.563777769000083,null,null,-9.063521009923711,null,-11.735419573320097,null,-15.988475148466279,-16.926403873811523,-15.654787655540193,-16.590648879874525,-17.3085886028376,-15.200015427732858,null,null,null,null,-11.206425128406048,-16.50441233835203,null,-16.616650520597737,-16.223600140293584,-17.47182426618795,-20.227461827422957,-17.716103317405796,-17.90173460079323,-15.98094410142543,-16.790495627097318,-14.255052444887053,-11.618033655855935,-15.634757439568878,-15.62786205079344,null,null,-13.46812277202698
null,-9.39749583996375,-7.108360743232952,-8.08116725579702,-7.683540530394809,-8.23319747952845,-9.471908416234987,-9.714275331811967,-9.907154811949814,-7.282205002057275,null,null,null,null,null,null,-4.639261171606947,null,-14.65140892617869,-13.57928451975682,-14.097143201745157,-17.66553660266772,-14.977895765232672,-9.609883647539867,null,-10.781541370631956,-10.885363032044415,-11.386218097819686,-14.413613340053661,-17.587169123804706,-16.788127430943742,-15.371702281483724,-16.885611904458056,-17.422757913541417,-15.203558464876785,-16.20253827062943,-16.28898425382345,-15.350471207612408,-14.734353065263486,-11.639357935758495,-11.660441361715812,-12.979053385277046,-8.457363296388854,-7.8885594114157715,-11.639896697816424
null,null,null,null,null,null,null,null,null,-5.530581817731292,null,null,null,null,null,null,-7.483997899664619,null,null,-14.181548584875564,-12.702099756646946,-10.929607295118636,-13.203502186433706,-13.84818577040033,-13.284315421544518,-11.313182606239609,-12.129633026044534,-12.964635659097643,-12.533907900743213,null,null,-9.303917511193866,-12.947769928216562,-16.59286285686778,-14.714164541345628,-14.460011972345246,-13.295221495500877,-14.08671667698167,-12.620191322357364,-11.736694222661738,-12.128032639638832,-12.083080011030692,-14.14972560694126,-15.676971940079088,-13.468890786886885
