public/json/wind_2018-09-1520_700.json
{"header": { "discipline": 10, "disciplineName": "Oceanographic_products", "center": 0, "centerName": "Ocean Modeling and Observation Laboratory", "refTime": "2018-09-15T20:00:00.000Z", "significanceOfRT": 0, "significanceOfRTName": "Analysis", "parameterCategory": 0, "parameterCategoryName": "Currents", "parameterNumber": 3, "parameterNumberName": "V-component_of_wind", "parameterUnit": "m.s-1", "forecastTime": 0, "surface1Type": 160, "surface1TypeName": "Depth below sea level", "surface1Value": 15, "numberPoints": 4800, "shape": 0, "shapeName": "Earth spherical with radius = 6,367,470 m", "scanMode": 0, "nx": 80, "ny": 60, "lo1": 109.0, "la1": 20.0, "lo2": 116.89999999999955, "la2": 14.520000000000117, "dx": 0.09999999999999432, "dy": -0.10000000000000142 }, "data":
[rows 19 to 37 of 60, columns 0 to 42 of 80]
-11.878105937052679,-12.511539886890317,-12.480205620906926,-11.918236031896498,-11.685617920693243,-12.085111569684237,-12.287795815951043,-12.408936558952732,-12.234626084251303,-11.540658036072205,-11.147667030003412,-10.090913893401641,-9.550933168965168,-9.775067009541662,-8.859903205646098,-7.903033770404187,-8.026175024477912,-7.919570813534119,-8.645588085267821,-9.035706731373871,-9.223538004642903,-9.890288223685793,-11.196936852351728,-11.495802008403443,-11.257293765558764,-11.927143205964441,-11.992689788769944,-11.784730651901707,-11.425356019800345,-12.718538491249841,-12.752211932237671,-13.513425349655247,-15.390595734874582,-15.735428605388977,-15.872780986118778,-14.875123071639695,-14.580151979222297,-14.974521882489897,-15.242999497101632,-15.673400783461885,-15.673499912651602,-15.587731989619105,-15.01883594853859
-12.458155909890106,-11.892734216145405,-11.52788461630745,-11.54850486370692,-11.814903732843156,-10.91908611415706,-11.391927567903029,-11.517438724453449,-11.265070881699963,-11.231909589990359,-10.667289288099786,-10.089475038008581,-9.67829468884436,-9.10249146768519,-8.24529535476217,-7.944147978802304,-7.515684301778878,-7.380115806094332,-7.9696777985515865,-8.754081371183911,-9.285483165112574,-9.03913962029797,-8.464986130436946,-8.794975983521931,-9.510945264554866,-10.214645934634799,-10.943989830985021,-11.638425323086656,-11.957751181721925,-10.83966203833646,-11.046065789272674,-13.973145370693508,-14.621731368447742,-15.265286608823068,-15.250993491901589,-14.71289109192465,-14.10857940215675,-15.080606822018972,-14.651420355563523,-14.30981597085701,-15.02599809177968,-14.773129159258612,-13.324374404445745
-11.731925189037284,-12.528462568759362,-12.477188176539867,-12.142905380356916,-11.740699283524176,-11.722862348547437,-11.85532627218244,-11.106305347105176,-12.234979415532775,-11.43275460932188,-10.025170696233975,-9.665661989131134,-9.055817096954001,-9.041436902141754,-9.285261085699204,-9.377054640392739,-9.258629816535187,-9.182934498982231,-8.850094999547776,-7.548140567856671,-5.968046446005811,-5.376993454480347,-5.917129599306335,-9.057420900191099,-10.917869785836658,-12.103492886355566,-11.700035417186,-11.24860483139501,-10.426224280784094,-10.046108880658245,-11.85832537951033,-14.811336707243871,-15.280220706769454,-14.673524349183268,-14.178042040556305,-13.825683875288368,-13.687109708715013,-14.87950469569556,-15.747984722611342,-15.949525133233603,-16.529218387181814,-14.306107386330671,-13.100010512812233
-12.545006018972655,-12.11566090918402,-12.006404042197525,-12.475099736456293,-11.704532992636748,-10.981742255474094,-10.963990225415332,-12.21624302356672,-11.975965371477152,-11.109902340791724,-10.54407843478421,-10.643435582261873,-10.051550302247785,-9.377406495703593,-8.794696984182346,-8.8588927842765,-9.42585007924544,-9.311845738969168,-9.001391429979437,-9.694784621137341,-9.858158772506197,-10.154295363949831,-11.893755326237892,-12.001647433614018,-11.449693817413648,-10.42719245553059,-10.45852030353082,-11.002640058086147,-9.7307519507293,-9.75510850111565,-9.708039198862824,-13.174473943925413,-13.876241332885458,-13.51746463296457,-13.509133876864642,-13.270489663836745,-13.250621127183098,-14.233016188065086,-14.822732771472218,-14.900697131625378,-13.999572930003925,-12.888786845949022,-12.388836719008205
-12.635915472630744,-12.467854020607152,-12.569526288213126,-12.532259524823274,-11.406754494574354,-11.243543040707635,-12.632119951064041,-12.710996801801903,-11.92547962453935,-10.907377616344789,-10.904473837113942,-9.767391028716233,-9.209323580374338,-9.241109253451182,-8.739484688999836,-8.772843862269639,-7.883271940579423,-8.058226399708827,-9.89544955674037,-10.09414038353303,-10.441050614389574,-10.841158886016471,-10.804878878658462,-10.25884348891738,-10.503928059914188,-11.3584461237609,-10.996810689322489,-9.883606589859136,-8.974941269412284,-8.714269470098113,-8.597974945646369,-11.481867730653754,-13.16838735490287,-14.052008021952737,-13.249387245485046,-12.222504569477188,-12.198609668737427,-13.54064476955255,-13.529312691296868,-13.079969333888025,-12.560548122230472,-12.15861002193251,-11.9921424671853
-12.91992614956063,-13.364952787675088,-13.040038762664988,-12.467612395474134,-12.601913725268412,-12.314018162592367,-12.447218523439346,-13.310690954161412,-12.855719070689638,-12.462865758443652,-11.272208965130801,-10.517755087606595,-9.273262835986397,-8.425751146027055,-8.195517425639682,-7.61497563261273,-9.423262673001998,-11.680792976725165,-10.58816702763326,-9.123607470238387,-9.584591860402666,-9.599827167799951,-10.290054623931715,-10.956780987951692,-10.78748558287262,-10.390688498539818,-10.140868528820368,-10.134004138546267,-9.881067469090679,-8.877644226872397,-7.94464839489902,-9.963862427610797,-13.94710522804016,-13.594193724737336,-12.240010788119477,-11.209771514137799,-11.353982082633708,-11.83875724418666,-11.596354989065308,-11.627312269974102,-11.588958075475112,-12.104218430936466,-12.438392570651434
-13.032885663943116,-13.377961956706855,-13.589168680878888,-13.487515921983476,-12.79512911455657,-11.56099793122564,-11.330551857409358,-11.200661748876282,-12.571530878889131,-12.07852900430665,-11.528934457093916,-10.352935116992638,-9.805499144131872,-8.620507257635655,-8.294969116326406,-9.983561072126705,-10.426432474964727,-10.322629948974084,-9.910949913867402,-11.052616233941421,-10.580858937619675,-10.198113091100746,-10.595836527567792,-9.617036624424362,-9.49504977058761,-9.294561803470035,-8.853171800771028,-8.721388794485005,-8.911665076758334,-8.055880699686169,-9.194785761006997,-10.144401342384569,-11.131894125511224,-11.79930322016615,-11.258253897375264,-10.335940067685364,-10.877701373789655,-11.9176199974706,-11.425194701464662,-10.793269066445154,-11.722422319967826,-12.009775247366573,-11.9852563079057
-12.51210303213967,-13.260979598427772,-13.631185984735751,-13.739166690026131,-13.149723510758703,-12.235901591228949,-11.32325321118267,-10.701534769219336,-9.669765232663746,-8.497780653106254,-9.527926906113791,-9.740898414498483,-8.858618797610292,-8.65265611007005,-8.589367402127762,-9.005859531018839,-9.301841011818434,-8.577834175488977,-11.214890498129808,-10.402935467666738,-9.553557025679817,-10.012503856526518,-9.577287242665895,-8.982066972517572,-9.212564079870775,-9.309036114857529,-8.99899106013872,-8.762791756706656,-8.023093833131416,-8.437897919233157,-9.280726215693482,-9.657875464039016,-9.055269153529157,-9.50398084925828,-10.376376306011394,-10.42344271097917,-11.057542794440069,-11.77085730233413,-12.158323014521836,-11.191789003311365,-10.223998264506644,-10.91608459753947,-11.45924361261259
-12.831453845299093,-13.296336777990948,-13.606416557566652,-13.518680824091415,-12.982374410600384,-12.831830540097464,-12.492075259113339,-11.894276835071501,-11.568848198579133,-10.230164165291857,-7.431126961409799,-3.653710992256507,-6.409519354115748,-7.164304312122325,-8.036589152947192,-9.070551662682114,-9.089227897267696,-9.202260645202301,-8.701617867537369,-7.82324879947324,-8.745468887116093,-8.282445319916917,-8.137648270494328,-8.040867159160664,-8.146336007377373,-8.664098166845463,-8.158557526109625,-7.793730230370332,-8.443184349004802,-8.90886979135392,-10.058281281884065,-10.131557162148091,-9.14992506731,-8.900486628916404,-9.752457044334623,-9.436154374316628,-9.276697050500902,-9.65913849095284,-10.261786646811789,-11.44603571975378,-11.69240501452909,-11.641976940020587,-11.652305313254118
-12.592300643568878,-12.970513650595171,-13.101764390544048,-12.826942418460098,-13.150602073583618,-13.123726856918987,-13.066410249691906,-12.007613929040017,-11.249499220726188,-10.565834563487558,-10.501970092278565,-9.968392023975804,-9.59656828140232,-9.784358980330158,-9.51494183271221,-8.811057174449578,-7.560752677600057,-7.940199297353086,-7.9826917238932635,-8.449576070387094,-7.8247546242365456,-7.334786786363,-6.819987265686976,-6.458999535779357,-6.873806236486807,-7.85637423588569,-8.103202084788672,-8.07557144466493,-8.391649558727693,-8.748245468452971,-9.622546999531659,-9.686288060620281,-8.637394802905957,-7.827642957195158,-8.337569118950784,-8.479154962312675,-8.062692247513624,-8.00914164346008,-8.871703576787947,-10.032428254387726,-11.665325804863244,-11.581339419558411,-11.404317006878099
-11.506512450459724,-11.74994144434713,-13.453565699524685,-13.838677243662246,-12.933763824873596,-12.721911064089824,-12.127727511307912,-11.480975858125438,-10.735717306326782,-10.56031780821298,-10.193730882005138,-9.800751254370129,-9.10336910051968,-8.420113577688806,-7.596725597800619,-7.697992638810321,-8.230055620123903,-8.468230207996214,-7.842769802145652,-7.26918002688196,-6.957702090809007,-6.453431022717199,-6.551066126995147,-6.9479246875192295,-6.800356033835811,-6.6603963672664745,-7.379198949173071,-7.308278367395239,-7.677220048700711,-8.376068834199154,-8.334148982572382,-8.039185462704564,-6.557408805914411,-5.939703340445017,-6.895879988397452,-7.401592578647724,-6.4880651217727685,-6.8432545175780515,-7.564098143605414,-8.643897103329197,-10.222816552554335,-11.503132690411247,-10.803638634391628
-12.414908782550205,-12.441042254212615,-11.63650447054205,-12.7224284709702,-12.32275045319119,-11.700987200980915,-11.531180650136287,-11.062608555084912,-9.844524742511311,-9.35546736521373,-9.238418036863585,-8.935334282050473,-8.421156840770088,-8.04031979538491,-7.883177401549578,-7.662263959618665,-7.2426146544264185,-7.15254589845646,-7.224761935142848,-6.946601648103547,-6.692917409456479,-7.717572322056547,-7.8487539885081485,-6.956156863697705,-6.612968767109386,-6.866613229035921,-7.198187398586384,-7.652713719947752,-7.694030560979041,-7.617371921344063,-8.35399854003849,-7.917620291730415,-6.52506420739517,-5.363039168591426,-5.814589413290867,-6.343401413795139,-7.6991333184733985,-6.396615585111823,-6.8257713304763765,-7.290017135161136,-7.83308998804803,-9.438210019333173,-9.760088387557143
-12.06459426156529,-12.258369330350128,-12.371906610277872,-11.84761720697994,-12.17911930698369,-12.455824505542687,-11.52815122593998,-11.021819166028244,-9.975343826963346,-9.257006336544304,-8.534205561190962,-8.139011571769494,-7.96213660330424,-7.6361251551588545,-7.026205831034092,-6.86193921806923,-7.000404012359846,-7.082247413198225,-7.253578936296975,-7.726508130832837,-7.715068310064741,-6.95909591374931,-7.128229135696078,-7.209704550403769,-6.920893856436032,-6.241763431315554,-5.828728055371821,-5.669203874412332,-6.332061746875958,-6.077089942328738,-6.485754596338224,-6.61410769757602,-5.909696957084597,-5.264367183656952,-5.8373055358904296,-6.559771600168683,-5.967131228051414,-5.762143602082364,-6.556705631254755,-7.103602683690642,-6.84022608221383,-7.2238647728966825,-8.77695033386321
-11.238318218970353,-11.481760990645931,-10.820329580083397,-11.390534550606962,-11.638079545458375,-11.246832460665296,-10.837912027599916,-9.926367512983674,-9.514543913691083,-8.936740606908225,-8.027030395665879,-7.822159990662181,-7.4954330715023705,-6.53190362478286,-6.103427516889944,-6.066401969203617,-6.37530609635782,-6.610421360186906,-6.8610985772213695,-6.412332722190138,-6.133138551628736,-6.030524786147249,-5.635940746177058,-5.189690228885041,-5.342868293216643,-5.664978331964863,-5.499489812099708,-5.416254451202245,-6.186321905122411,-6.4121143801530405,-6.469006212063624,-7.584433727123287,-7.3793936578641866,-6.881027899649013,-6.344707199171297,-6.972086910486537,-7.248216006329233,-6.595447048322998,-6.637370116131596,-6.896843607073129,-6.528079360895377,-6.387174077802734,-7.982217554855626
-10.903057599456076,-10.971003437497956,-11.420047090918947,-10.997057241369726,-11.034251693966553,-11.42963887585725,-10.943272353976528,-10.399573267523596,-9.674622823054726,-8.47452038464371,-8.348047223819869,-7.5127078372268015,-7.374507464941902,-7.018466603258694,-6.604675052947733,-6.57344118764387,-6.269410158095633,-6.10696448675901,-6.221951099690491,-6.145776188052366,-6.159960763179921,-5.6566889733572925,-4.962791938630549,-4.571641198877139,-4.8369829493429295,-5.051376499904175,-4.2874147934071125,-3.8456726330583724,-5.230073855459257,-5.4086692083455405,-5.575055528003181,-5.492587792148396,-5.892486659161023,-6.868405882759181,-6.1195934309749465,-5.434705004354862,-5.576906413567422,-5.694566363517452,-6.2517818614617005,-6.470810035988655,-6.251483789433512,-5.520933313344664,-5.81012453371685
-10.23801989916247,-10.866423815438216,-10.880992995610384,-11.23302107217492,-11.359190811771157,-10.770320012411759,-9.822125715264937,-8.934562275275022,-8.18212078751905,-7.562550782791781,-6.716767490514269,-6.821224874628222,-6.2506244029838856,-5.88588918643543,-5.098245842501143,-4.997079883088681,-5.165375180735444,-5.314302861283344,-5.37756373301506,-5.189369066315518,-4.988835491831528,-5.663567647833077,-5.735569118358429,-5.1916429533444095,-4.475769677352086,-4.519330073410466,-4.723245394638514,-5.058200934028441,-5.021920350785519,-4.412705660017656,-5.129504063758753,-6.014172451733039,-6.338805840945425,-5.832997154362304,-5.307249080683835,-4.501162819771345,-4.396387309079118,-4.530028922943494,-4.854126935265279,-5.288378568685012,-4.989077173743809,-3.8355268235532174,-3.534017612759074
-11.085310276360909,-10.478238481359789,-9.891263468124333,-9.91767585851681,-9.510812258696387,-9.974699849509314,-10.188062299205946,-8.904031617177278,-8.327447621986188,-7.830413076766945,-6.72027488529226,-5.850168134705991,-4.911713528819267,-3.9036052069322755,-2.8229186379776245,-3.858919611773752,-4.285040375835451,-4.742085351035841,-4.889703230986421,-5.254030965557423,-5.718618883804095,-5.843084243024556,-5.37457040195733,-4.652202135644762,-4.3249180470455535,-4.9283185126968165,-4.531867812143346,-4.669639513552018,-4.773958139508047,-4.814310963113883,-4.830551554810829,-4.610791260945037,-4.568303171836353,-4.1092098495668425,-4.3590490894963105,-4.226241590075955,-4.518527392783318,-5.535822350818216,-4.926326495682883,-5.32445975641799,-5.690880214179647,-4.74352615810273,-3.6259701768259003
-8.971999904659453,-10.46311524903756,-10.309804066570052,-8.423043497363736,-9.256575831728895,-8.644185534188797,-8.206566452029023,-7.620567225806638,-6.5760748812420315,-6.674133081788485,-5.674345759820573,-4.679508958896987,-4.64784017473194,-3.397637118113922,-4.564848567733565,-4.883263518318848,-4.712083115957347,-4.696321954821487,-5.080620364318386,-5.623798565448565,-5.146582914646144,-4.5361167120369625,-3.170121105612563,-5.119638134660439,-5.473227213278353,-4.927910985777032,-4.504138176961408,-4.119567402856596,-4.197683921353553,-3.9704150782307495,-3.266738420667978,-3.067562565891811,-3.0175170219891556,-3.0959564590770055,-3.2594199915906503,-4.032294276647755,-4.749025848128251,-6.801819349107714,-7.582125066835994,-6.602712640776047,-5.262350418512373,-3.0635332775414628,-1.4606398583150595
-9.065923439735755,-10.738246497682859,-10.206135723217148,-10.506244720404569,-8.55761944260427,-9.61211645626411,-8.59248911479582,-8.636454400090344,-8.201826984616003,-7.057254214529278,-6.814952575667894,-5.842429760279267,-4.824377480659675,-5.41963423746534,-4.424156172907335,-3.8211974779775506,-3.3935088160672935,-4.264280501626304,-4.735551118695802,-5.048285679018233,-5.1250347180389015,-5.316322060173887,-5.552368568998277,-5.490805326208676,-4.569503098481017,-4.241326136634397,-4.180491427687637,-3.976856329204309,-3.5450869820125184,-2.684121588043264,-2.3439559266598495,-2.1724022833228243,-2.3919244036068417,-2.491534061017689,-2.3928994196884896,-3.1098237649344345,-5.804766461879112,-7.679332229785112,-6.947242836385751,-5.608965074465418,-5.945394197803822,-3.5252812383015084,-0.26503015470746905
