public/json/wind_2018-09-1516_700.json
{"header": { "discipline": 10, "disciplineName": "Oceanographic_products", "center": 0, "centerName": "Ocean Modeling and Observation Laboratory", "refTime": "2018-09-15T16:00:00.000Z", "significanceOfRT": 0, "significanceOfRTName": "Analysis", "parameterCategory": 0, "parameterCategoryName": "Currents", "parameterNumber": 2, "parameterNumberName": "U-component_of_wind", "parameterUnit": "m.s-1", "forecastTime": 0, "surface1Type": 160, "surface1TypeName": "Depth below sea level", "surface1Value": 15, "numberPoints": 4800, "shape": 0, "shapeName": "Earth spherical with radius = 6,367,470 m", "scanMode": 0, "nx": 80, "ny": 60, "lo1": 109.0, "la1": 20.0, "lo2": 116.89999999999955, "la2": 14.520000000000117, "dx": 0.09999999999999432, "dy": -0.10000000000000142 }, "data":
[rows 38 to 56 of 60, columns 0 to 41 of 80]
-10.358416101542508,-8.439764776946172,-10.591390624371211,-9.232818139246309,-9.441065939828619,-8.819155759190668,-7.93060039916161,-8.806419380000005,-8.188058894089126,-9.177386608433434,-8.132570013437613,-7.547487433792947,-11.769461447312738,-11.842541631342641,-10.874368299348076,-12.933610116646758,-13.523235142985222,-14.285659333428285,-15.050871754712002,-14.161126927083604,-13.132088017446753,-13.690792539703963,-16.10589422859681,-15.898901852630457,-15.824064822241581,-15.10339279176356,-15.232981725822498,-16.416527948787255,-16.43081827524441,-16.582649361924393,-16.439592951260238,-15.523894083689054,-16.578112166319126,-16.11473179031942,-15.334172379971875,-15.429890035224847,-16.922181950937073,-17.50230793280408,-15.990140805343863,-16.026786427709332,-15.97464923973633,-16.490697313490422
-9.480935038012847,-9.502529381393853,-10.550403792367284,-9.005021805086063,-8.511033956468644,-9.032535477314074,-8.701210190985616,-8.916495061952723,-9.182658868990316,-8.994054950993773,-7.011998413029215,-11.062805590032115,-12.386122207398877,-10.848270390508297,-12.328595997237056,-13.390094972883292,-13.004283844534909,-14.65323957607206,-15.525550114179486,-13.791249561544387,-15.294337721972845,-15.02858465699642,-16.690441791728503,-15.976846259402194,-15.64289315627855,-15.097955270465444,-14.845014335480128,-16.066622197757233,-16.927331861375315,-17.153752844327254,-16.761423242601975,-15.67386809534706,-16.793135453193962,-16.446482598130636,-15.263050024592905,-16.858812800518958,-17.29976507589482,-17.274714998282022,-16.028053840714918,-15.503022609139176,-16.081437546793058,-15.731479527396084
-8.978389007756787,-10.483410612757103,-10.369898976593788,-9.123249141497473,-8.570157625894502,-8.057523144800049,-8.901163365020508,-9.11905183562924,-9.080781001099142,-8.919543383336942,-8.052075968622846,-7.262854776918584,-9.394112953493277,-11.812180081474496,-12.039286258767367,-12.408333402573927,-12.945188694027648,-14.202477703845485,-13.63888020930425,-14.06567560475236,-15.445921236956396,-14.561678162487377,-16.678650416957016,-16.631253613473817,-15.398849666128378,-15.036226138061966,-15.680650629598905,-16.31416404653352,-16.763667919040245,-17.236408173149304,-16.959808085835572,-16.181932715624626,-16.472285477707874,-17.35399575679664,-16.073925141035843,-17.799997035010335,-17.22255900141318,-16.500051205738487,-15.022517026605165,-15.150773719793976,-15.384214374286222,-16.161581667770086
-9.38937404603905,-10.92555355414804,-10.330908856875844,-9.126877076126169,-7.724159033574647,-7.208497342360971,-8.042434589505852,-9.251054546570343,-9.216465548358432,-9.066852213268392,-9.715795729454186,-8.184378030662423,-11.420259250590089,-12.403857495685752,-12.766666974558477,-12.288038411892085,-11.964344398021547,-13.527629441114367,-14.181171015251905,-14.884358210731538,-14.123471376468782,-15.338931595567983,-15.975804461729858,-16.31054531236877,-16.627142755174173,-15.470862807712027,-16.113512255196852,-15.918258293398148,-16.466263760517478,-16.683210813554766,-18.308001489894586,-16.72421662017804,-16.13607503096681,-18.996827386636113,-17.249292741047906,-18.068528115222556,-16.776449567206217,-15.058357659250907,-15.334171533251686,-14.63090834069199,-16.258184765493503,-15.709384499413563
-9.889706504976743,-11.124072447153743,-10.294452400539747,-9.152450478546923,-7.137416855917481,-7.355853387834079,-7.798033675455528,-8.588923598546435,-9.401955989481039,-9.492247885022998,-8.64128095108283,-8.253526117906464,-12.046869543354422,-13.543212274818462,-11.588808890385256,-11.738221276420553,-13.101296017113082,-13.050574892458746,-14.34694109313189,-14.979828525362425,-15.380522401418933,-15.553023430621064,-15.64352137722679,-16.38989231879111,-16.860653556628204,-16.80848009545274,-15.236622706544638,-15.826087921484591,-16.286630284352007,-19.241913238300228,-18.18957753905494,-16.22106180928097,-16.973098130073815,-18.810205991000704,-19.87543732545492,-16.435372862295658,-15.140199530246907,-15.392568598369177,-15.37413296146924,-15.6996211234775,-15.833464421228264,-15.537313649370255
-10.502332448581058,-11.3916858856089,-10.746026148152925,-8.492322233800312,-6.800139640163669,-7.174306811038323,-7.565881495854665,-8.603413632574785,-8.998992068305697,-10.129407997182517,-8.938090055258973,-10.00990543365691,-11.854336127840064,-12.074702901659286,-12.01792888178127,-11.194628587619283,-13.775330759874242,-12.332478594959642,-14.714310556192892,-15.31138925035426,-14.916327720488379,-15.719612066035712,-15.758902999526686,-16.940102690522494,-16.769155329231538,-16.325635228577028,-15.372155629465306,-17.193367089200965,-19.270327344387308,-18.061462807409452,-18.541252370332998,-15.306982764007365,-20.9929801296785,-20.13464082120951,-18.428343048787916,-16.32700793861076,-16.42773998910786,-14.062224645921614,-15.18349918770526,-13.68951879587996,-14.69138767878707,-15.755348595335814
-10.243155847572218,-10.765535545559299,-10.77574670854099,-9.064057338902611,-7.098218155658305,-6.9547921854934875,-7.667779308635253,-8.240696471956056,-9.050567299239262,-9.705328202243773,-10.217159194634007,-11.572654157064488,-12.406171655074873,-11.636342274857464,-12.143917261177183,-12.18842917724768,-13.860113464341389,-13.165574747213139,-14.880397942234753,-14.615905532394661,-15.299826286943002,-15.507195979819219,-15.294493265158454,-16.746438679157297,-15.382126442992192,-16.234414776614937,-15.371619301649218,-18.162526410472672,-19.38966895187746,-17.779469772585458,-18.622156203657532,-17.233831131338075,-20.322760695147323,-18.931794523655494,-17.95806557083946,-16.576422760621092,-16.10927014826195,-15.517005774825119,-15.963735322680698,-13.137441576047406,-15.493146894182381,-15.236299382965903
-9.184915351087533,-10.431806100592539,-10.907723113589967,-9.35929503039819,-7.698547734869615,-7.335888209364245,-7.763919377141776,-7.39029539738718,-9.260196137477537,-9.23925457137101,-10.074759246758175,-10.170113717956298,-14.253760253403328,-11.012309762004623,-11.726325745149682,-12.249025607239515,-12.990126621193602,-12.753608344947025,-14.138420622997952,-12.162964570138062,-14.3784155455259,-15.80129998824858,-15.974338129220076,-16.264306886685798,-15.104038014120299,-17.39019877561487,-16.871226497135538,-19.50843889243831,-18.698881337231214,-17.113116968055213,-18.92755691523669,-18.409382877965932,-19.670085074025373,-18.51558269494242,-17.15110872255621,-16.89178077458243,-16.203978629407008,-16.361235123830326,-16.81357091064059,-16.809614400784753,-17.057093455302486,-18.717803291301422
-8.885235827787806,-9.799245660099976,-9.797405908292246,-10.622682452065899,-8.86523424223484,-6.789491853574345,-7.4606969284710924,-7.759949744860667,-7.843617716890519,-9.764040127057811,-10.443900546215922,-12.305986309701973,-11.385222407696393,-12.323655598455375,-11.588085827655249,-12.571364824803311,-11.561811690785987,-13.14263017097275,-12.540310199619045,-11.996580784128566,-14.91177299176498,-13.69881493822459,-16.710033734880767,-15.328750254759376,-15.929728198281406,-17.57325586579348,-18.312218933289017,-19.048603270634956,-17.523300551861478,-18.10489187012633,-18.082227253234976,-19.83531336131522,-18.925251282930564,-17.676858573998693,-17.062519112596217,-17.403516993002995,-16.27093042320531,-15.821565812211126,-17.252730628025752,-18.847246021471847,-17.477068045470222,-17.76523354445432
-8.828714331898793,-8.973926175621804,-9.496277701733383,-9.978794631509878,-9.922764008748093,-6.8556557866577785,-8.970463225426219,-8.047414072367923,-6.343980256460571,-10.785400072697488,-10.857534508069548,-11.029646951413827,-12.404885004942273,-11.53375148700832,-11.234208610210976,-12.877461672651773,-12.118100170554499,-10.532124631384374,-10.87367308978177,-10.466464424549775,-13.424714605192449,-14.013591625807475,-17.174985220362473,-14.93849067597928,-15.618823952776463,-16.733068125131158,-18.514790141007328,-17.468442265961226,-18.598998008856626,-17.640833190019315,-18.972701524743908,-18.602978414364973,-19.31626979468339,-17.195031774503587,-16.934140355240512,-17.570432088342187,-15.43489098153505,-17.91004487203735,-19.341290044243223,-18.15627135497427,-17.84846442182517,-18.232708874118657
-8.608626731868231,-8.195517190146862,-9.081509789398535,-9.486820482901598,-10.434608449637551,-9.508076016435359,-8.86472449690719,-7.883126605292904,-6.799348816533955,-12.235613950689704,-11.194160982620081,-11.117615678281046,-13.461254392623136,-11.180297440731945,-10.926199494257721,-10.512958141285342,-12.031775590722066,-14.29384308955975,-13.475890893698361,-1.457428425032381,-16.468103606370686,-15.013018751443719,-15.735937632918949,-14.529004149355542,-15.57883567783733,-16.454930869442226,-18.06324134188793,-17.699763917539432,-18.108549735661846,-18.52551062578604,-18.133237256186945,-20.105137315084765,-17.596601333821212,-17.08442901788775,-16.96190128493306,-16.682691080739936,-15.988483455090567,-18.880326669480944,-19.06917926466421,-19.188600529465436,-19.3267280094844,-16.00701047073887
-8.768623846950474,-7.818465001021236,-8.186669657984476,-9.396121608119955,-10.946162174793082,-10.664846327661037,-7.674070505725457,-8.709816775064361,-6.548604613489096,-12.722523046920983,-11.16386689411658,-11.41080710918565,-12.08033554180801,-11.379866004796453,-12.121136718385003,-9.358302494201265,-11.409904717379698,-13.915995383466685,-13.50434938090189,-14.922208397830554,-17.610050524501812,-15.463088350372475,-14.097811717659749,-14.577574452757155,-15.625663304445302,-15.824242460661486,-17.482409794953956,-17.96786038890759,-18.502547480853327,-17.69875842582771,-19.216849448273802,-19.424692914858166,-17.825508081632496,-16.80958734892209,-17.174382508886293,-17.839866959405942,-18.446439358930803,-19.489849588685598,-17.889605333624257,-18.79576277915401,-17.483170781313724,-15.91941059979902
-8.20194642138911,-8.33792130768873,-8.354979878004595,-9.189313894146718,-11.135471693470016,-10.60013921392433,-8.144898306618266,-9.937984531466064,-8.341070223076857,-11.175366089727095,-10.960395180399196,-10.79023838374898,-11.46267028326545,-11.482359575854929,-9.967062078651082,-10.069489777628487,-11.254304442254567,-12.799487227240437,-15.479822331122513,-15.427626755612058,-16.35517069410013,-15.97663754702345,-15.397988400180768,-15.39202169244191,-15.698797704074956,-15.233880367877237,-16.254599113623808,-17.236263358050564,-17.84453010179172,-19.190623950408956,-19.541011411324355,-18.602389187932644,-17.723336247635423,-18.650216931165694,-18.893259823515308,-18.971326883791555,-18.448213223421146,-18.149786807072193,-16.665766767965465,-17.0445513325644,-17.012644607057638,-16.46156087182019
-9.050255672332737,-8.250075964343017,-8.831171322461712,-9.59598568815732,-10.09298997191175,-10.261809118259677,-10.173259424994427,-8.538260842038444,-8.413917297899012,-10.271101047397542,-10.55781529057185,-9.995346651851774,-10.402252870069773,-11.872135809886034,-9.567217027994904,-12.250463355064973,-10.49351472230333,-12.295579081382149,-15.230868805781547,-14.461162804149687,-14.70284690705106,-16.432493000962058,-15.426919592100223,-16.028126458817187,-15.754718457199635,-16.701608970715032,-15.411285928637426,-14.460775594408759,-17.980371329761184,-18.83263279666645,-19.843128485463552,-17.99422259937098,-19.126319659266162,-19.42476590708136,-20.288555320873805,-17.43931780171346,-17.546352918595282,-16.234996210606198,-15.951593987264715,-16.273053230727847,-16.92209311994658,-16.930363309604893
-8.50697563705229,-7.04171960803888,-8.516757233034888,-10.60965806461043,-9.744738102965085,-10.601704052165411,-9.500484000520345,-8.459258695221603,-8.291137406905854,-11.011686135696742,-10.056909829326479,-9.872039978769283,-9.293008274410601,-10.053447352487224,-9.656100311288984,-9.892143450869193,-11.97557081216742,-11.976836369529467,-13.230042826265986,-15.210585608165019,-15.509052466758614,-15.868112203366909,-15.415141858243103,-14.829191952413725,-16.90618641447966,-16.564397552418008,-17.030880398743633,-17.7942436919542,-18.319305138137658,-20.258990389883174,-17.819482079892843,-17.58939079720698,-18.318577842501018,-17.987034501823103,-18.812786468368436,-16.93903318679771,-16.576974054070657,-17.373750322534086,-15.083053302433512,-15.958892516495265,-16.072720376674656,-16.146691773914366
-7.8582756980661586,-7.511628140390901,-11.096154030840031,-9.134607738192729,-9.85566546702655,-9.777155021431565,-9.827228481412783,-8.205539707702334,-6.929124648370873,-9.775415941298256,-10.385675340817935,-9.442292296216202,-9.945710418565248,-8.43034911170681,-10.563630951227628,-10.655667646572413,-12.477566637191844,-12.706829442141302,-13.72573021684883,-16.29081945786731,-15.611378328881061,-14.948438460598409,-15.301860647091821,-14.333430633580619,-17.138307107789597,-15.813555333257629,-16.45872925713452,-17.017486848624067,-18.002403356191852,-18.177485307700618,-18.194102421653753,-18.215660341150098,-17.144395921657036,-17.01009026709071,-16.84809755753868,-16.563879903185423,-17.54192143343726,-17.758678232932734,-15.536531235943304,-16.51010968933551,-16.450735657862968,-16.07126266040795
-7.139129905639802,-7.721689983450087,-9.039182738109957,-8.613670397612108,-9.304420626393053,-9.301319424479294,-9.196219612050726,-7.459670645379351,-7.602025199316147,-9.485819676972529,-10.335575970344872,-8.764500275126219,-9.508498824358604,-8.065479945638826,-10.535395247369346,-10.574424290012043,-13.044576541009718,-12.24333027469888,-13.428801998715706,-15.054751556598077,-17.285707766573445,-14.682612063101288,-14.057838980111281,-17.330721230087935,-15.686875010588246,-15.084312594997744,-14.705707497004141,-15.59820088866137,-16.83926271838102,-17.02383307235963,-17.19772215586083,-17.77625724243215,-17.170284920336314,-16.73605068813496,-16.875029293358214,-17.029936663565724,-15.895149354900376,-15.744842630179383,-17.37667431628422,-17.83506718148035,-16.025741863950163,-15.971024884640338
-7.819107125902929,-7.389450474252546,-6.636763205788878,-7.022289341906767,-8.835291847580448,-8.806482285386213,-8.201159107888014,-8.897089551210785,-8.130457132114868,-10.201830537610723,-9.795362371201193,-5.803614862992445,-9.552987008870879,-9.372983547667975,-13.013475120093547,-12.455967512770616,-12.553306242279971,-12.90595401413953,-13.843125598214634,-14.94799003268772,-16.66090808599704,-14.234107073067712,-14.34110182929994,-15.780722478362708,-14.301308103129749,-13.916270530540167,-13.767358000411154,-14.538846538408853,-15.482422210142516,-16.02972208114935,-15.933529896004968,-17.27950089269483,-17.526897278158767,-16.87066337671425,-16.754609534104375,-16.751165212664116,-16.3845624561003,-16.207170220976174,-16.632087507852013,-16.677071289192412,-15.075789466123663,-16.059809398723043
-7.580365981766584,-8.020168830398887,-7.476618156209602,-5.981221184907632,-7.614344527233303,-7.887119471823032,-8.813193475009365,-8.358808066688944,-9.643918705026685,-7.6742179061974625,-9.404251138235278,-7.132613382298948,-10.782002618602045,-9.416628996623595,-12.73087631187072,-11.694945645301438,-12.937413722020928,-14.115360343785998,-14.096853429043925,-14.650650396025602,-13.845689062971605,-13.784287729202497,-14.10567900983466,-13.490820388562458,-14.296802329673621,-12.957253164830771,-14.242194079990185,-14.527970385121279,-15.400499644963812,-15.935070796309253,-16.095096237363077,-16.44167209816281,-16.867635613723625,-16.416239227208536,-16.439195295311396,-16.60823778142122,-16.587112726712064,-16.47559205122394,-16.15215825544358,-16.01047947621099,-15.432715749171859,-16.46648301230035
