public/json/wind_2018-09-1609_700.json
{"header": { "discipline": 10, "disciplineName": "Oceanographic_products", "center": 0, "centerName": "Ocean Modeling and Observation Laboratory", "refTime": "2018-09-16T09:00:00.000Z", "significanceOfRT": 0, "significanceOfRTName": "Analysis", "parameterCategory": 0, "parameterCategoryName": "Currents", "parameterNumber": 3, "parameterNumberName": "V-component_of_wind", "parameterUnit": "m.s-1", "forecastTime": 0, "surface1Type": 160, "surface1TypeName": "Depth below sea level", "surface1Value": 15, "numberPoints": 4800, "shape": 0, "shapeName": "Earth spherical with radius = 6,367,470 m", "scanMode": 0, "nx": 80, "ny": 60, "lo1": 109.0, "la1": 20.0, "lo2": 116.89999999999955, "la2": 14.520000000000117, "dx": 0.09999999999999432, "dy": -0.10000000000000142 }, "data":
[rows 38 to 56 of 60, columns 0 to 42 of 80]
-13.12678358335096,-12.931292449523474,-14.165126666185353,-15.892996133940622,-16.49701162967206,-16.022986085476322,-16.058581754523424,-16.31990874233599,-15.36150928306175,-13.211929166004062,-10.275668410373997,-11.041932960126951,-10.497341014014486,-8.285386581570927,-9.331214162112524,-10.786091779355608,-11.562516736643726,-13.078797973905093,-14.17400667906487,-9.995627337867216,-8.975639212886511,-9.698457193527783,-8.874081660004556,-7.063690204520905,-5.630925803221567,-6.584672441563417,-8.78763245938443,-6.1282732128059845,-3.2806814460703784,-2.6032894785444753,-1.605008057179549,1.1219236877664596,4.536068064812935,8.880729686696554,9.702480705345902,4.860196268676966,4.108112365834192,6.26656158380146,8.766171648930175,10.103841746007573,13.329352744264277,15.530371296158949,17.275856481098472
-12.017051534518117,-12.980865653016147,-14.131681059042151,-15.681588633855752,-16.383537676122163,-16.05727736112907,-15.297786700456317,-15.663754593131594,-13.911497101672818,-11.759643150079171,-9.050096712694163,-9.15378027028658,-9.31451684054356,-7.633451269028893,-8.558147461867225,-8.517081236931489,-7.692305771745819,-11.993427081088885,-12.308224195228357,-5.918297722636881,-7.618808779973578,-6.225874124675743,-7.510611212182131,-5.17412658942224,-3.092439177054212,-3.163773462529393,-4.314769947913781,-3.2714418898309563,-1.5199935116261127,-1.1424239962327432,-0.9612701240579763,0.22915660994062667,3.140088514181924,4.932710060905336,6.669017001350858,4.511043095438711,6.202044507712713,8.166128413240443,11.41321790156961,13.214861153133999,14.83916720985433,15.858863919261992,16.518123095998906
-11.896993761688089,-12.76180675533132,-14.213484105563092,-15.028042518398035,-15.916707003518896,-15.871494255250202,-14.783644326853194,-14.814415813690452,-13.668792079157425,-11.702132081541013,-8.985418373106027,-8.868003624802581,-10.15317731571478,-10.810775186062223,-10.373809713738561,-9.152720505365787,-5.212542917644022,-10.4689080454144,-9.865815455254156,-15.051844008589306,-9.396533793417865,-5.931248498146962,-7.132981049357625,-6.798824082259926,-2.181922155517558,-1.697172486923101,-3.8598812852282713,-2.212528059396589,-0.7615441200577849,-1.0824553334762534,-4.253412272661487,-0.620969719882785,1.1608677733560275,2.633633158430908,2.8159868753889556,3.0505108293805767,5.615232792464619,9.774431562797975,10.827929469390075,12.537270109320934,13.54181022980912,14.883884871890345,15.979490817805662
-11.059205362079151,-11.595695760221426,-13.136045849343734,-13.985391127215681,-14.525927251841198,-14.572069607946023,-14.206895847246468,-14.367456084844294,-13.621372542500058,-11.27220944269484,-9.717669129194803,-8.786410906811483,-9.357182630801429,-9.536842847938342,-10.830343901484714,-7.264205821799035,-6.46757896027835,-9.490728406599404,-11.303823808396466,-15.915676138605782,-9.712517485466869,-9.17287154733895,-6.981074725069823,-4.327785878234343,-2.101128819299442,-1.1720412700636726,-2.999171948396641,0.594674659325218,-0.6818436572436015,-0.7155107900327571,-8.890745393965908,-1.2487175613745334,1.0832697013979384,1.9293123616008645,2.232407411282595,3.6009940415225623,5.734023297473517,8.533968491352978,10.920034020138512,11.278832298825211,11.350561050401755,14.056703123163217,14.702100558022938
-10.36773848909823,-11.407322508172058,-12.245684911875367,-12.537396386263243,-12.949699137177896,-13.497875473603061,-13.025351724603969,-12.143616301693225,-12.999915892122072,-11.695031160907142,-10.470486708003184,-8.067623322634837,-10.805768465623931,-11.008438096561413,-6.976130430825768,-7.857746384598935,-8.66272100688637,-8.078675099498389,-9.352649099362646,-14.965439392418693,-9.589698431618926,-7.3708353781505345,-9.108413536603612,-4.239577273483183,-1.6275786138597899,-0.6913590568950753,0.10523867204379389,1.0470336337665538,0.606671794178993,-15.06456833961751,-3.381160306161615,0.2100629641862533,1.112092554309449,1.3182720209905932,1.243111835965871,4.389078663351814,6.529097791597424,8.651276277543184,8.70061594673081,8.504858957862542,11.205484538511373,11.895518615299022,11.908258104101181
-10.115167757665773,-10.46599535368861,-10.154561192465476,-10.577663941345826,-11.319641862744973,-11.686760777536076,-11.959874734629391,-11.406887929666334,-11.83301551946572,-10.021009448265074,-9.977709345009904,-9.681661157792561,-10.033754251020401,-9.511769885909594,-8.171151543631767,-8.812987809903179,-10.806772700726544,-8.62064590602403,-11.167193509967301,-10.910062446383131,-7.451760522114901,-7.125122969683209,-8.12808164589853,-2.7483554332316356,-0.6583466541964293,1.255255557508247,0.21534498439579247,1.4470799719860175,-3.2933368962775704,-4.793037103745604,-0.572123456310434,1.8351626963670657,-1.308470492829223,0.4327908572542396,4.113782616806182,6.292257474522932,5.5057497903388635,7.915312758031508,8.92979254108817,10.93430274041815,10.33510795169283,10.83057892280951,10.364448656671797
-7.856469126704834,-8.856734533719681,-9.387895417230915,-9.343692042559184,-9.764780920109569,-9.920755485952615,-10.652778423479164,-9.766406100725947,-9.381046819046727,-8.962898846893713,-7.795885375284183,-7.858811528709012,-8.826116051428738,-7.8974552022554265,-7.408386954336875,-8.600411745436247,-7.79081177851556,-7.76021175813236,-8.016887233925248,-5.605971069235958,-3.470344131491837,-5.1624285515151325,-6.846435836522363,-0.8230806702731184,2.984781333530979,4.49503775310607,2.1760001660827437,-0.1062741031259105,-5.2882654481342595,-1.0142221083928662,-1.9609162580284496,-0.048607100175574354,-1.2173400192284656,4.260347755552289,5.134610289321912,7.663522012896557,7.9548188993473055,9.301637585945421,11.326996090955694,12.38762931301919,11.934659076484525,12.261738828748232,9.451439104271039
-7.362085676816047,-8.076384320201829,-8.864254375792026,-7.917375674989676,-8.45702408323764,-9.7110383489728,-9.66610431848884,-9.602240163856326,-7.932425634074853,-8.068035915262724,-7.577200381892312,-9.086120417056721,-9.97231866908446,-7.820681236415799,-6.932835362208093,-7.24405747130864,-4.81020178383379,-7.120937960720941,-6.027378128922636,-0.8395811175102845,-4.6188851731634335,-6.224574580647956,-5.1587572221766855,-0.4994904658543877,0.5313138929167646,-0.5771150113251495,-0.05364023436309459,-1.093960614009026,-2.6580495705922016,-0.04459557999191248,0.7300683128661585,1.1557445189548796,-3.1063429760490084,-0.08020605435233685,5.864638468340999,7.995493828132483,10.272473141629481,12.263977410371368,13.096386081655892,11.682925608198424,9.532481749232321,11.177572788671277,12.246574421990822
-7.599445161833735,-7.731355153783924,-8.044808682403781,-7.68221219695664,-7.94509646328191,-8.870591122144667,-8.613665952184633,-9.020928057181788,-8.194617074929878,-7.514686517083383,-7.679961535782279,-9.016663088134498,-9.173870480966166,-9.161686645290729,-9.48583102139639,-6.394931798190646,-4.721723151555116,-7.507446941818377,-8.252934785594125,-4.820304088951064,-6.529106432462575,-6.766266890462965,-8.562746141876374,-5.120489288348406,-2.0320088502770512,-1.3474998821446396,-2.639757377751131,0.6655947347928093,-1.8588863977761187,0.8214878807862938,2.140498292930479,0.9051501441028615,1.5409761680826959,-0.11262115166886534,4.440032243348625,5.621537086414747,9.773287344959202,11.26296314565497,10.79487326189299,5.692640174582141,8.268838236160166,9.249902323349742,9.691815996017763
-8.281494558162052,-7.945437561735358,-7.395955477719317,-7.824569924031509,-8.126484247498546,-8.927684424932671,-9.211000551046151,-8.539445568247924,-7.990734726145149,-6.93263307756961,-7.037471044656517,-7.893031342718242,-11.508680737017041,-9.924507546039385,-8.136856947875657,-4.557069301093936,-3.421978290929194,-3.39940962529844,-7.944694099469555,-3.810008537900606,-4.873066062119946,-6.761111058403809,-6.554763399022034,-5.583857682784875,-1.3627674464083137,-1.5003179404009552,-2.1794106019136033,3.4117632878972266,-4.0392208227405595,-1.888084126645882,1.8445626638515418,0.724798299945598,0.47941043805885786,3.2034198181023266,1.798795973810475,4.640056785065392,10.372804188349786,6.272950934170659,4.970954221887665,7.433912252504706,7.116668314309427,6.995719908813839,11.302981620125713
-6.997346727777005,-7.458970301369033,-6.783445853516661,-6.628052428651606,-7.740734429043893,-9.002227742063276,-8.59892637603559,-7.2716287521298,-6.816931528156798,-7.181175490656871,-5.902732315093622,-8.244299517406564,-11.654966675169609,-8.638264472846936,-7.273379629496099,-6.513091881656526,-0.1935937869581239,-5.895680922427122,-8.333819276942037,-4.484683523259307,-8.679723157408699,-8.51510708881083,-8.562742868331027,-5.124472386241596,-4.060253660723786,-3.6182804567490567,-6.338200045438239,1.2761968832978485,0.6827317926208945,-1.6711627256505543,1.0140113352460498,-0.5964510380478469,3.591681798010331,4.685313814107852,4.4135890024193,4.707452284706676,6.3163615708860235,6.996714501214767,4.06059003219798,7.625022846544508,-1.4725500551370263,10.083001858689538,13.601182875021689
-7.5230775040998745,-7.239975892420336,-7.297589060816363,-7.208667917569413,-8.441815350749135,-9.54004864243078,-8.896665962185098,-6.914291478226278,-7.278321672669332,-7.618901862702763,-6.059282471643446,-7.0671712480616,-10.339840805874125,-5.360307065339727,-7.8501232982215345,-5.6239168733167455,-5.915763462047176,-7.7124381262792205,-7.663900738926228,-5.060183230833889,-4.51225888441339,-4.079143469241047,-5.0382519176215546,-4.644642174436644,-3.4047663531435814,-3.9206921824319907,-6.253221947660822,-3.402794572246849,1.059425100319002,1.3272936258126031,1.1903796555687534,1.2100050537166573,7.848150208655635,7.408099241430451,6.066206342167048,6.414022267868271,7.684873771396495,11.187023304702555,6.968745824376264,9.413342693259832,0.9433999939351683,15.838382663740237,12.936296066394107
-7.1908878888482874,-8.516377915897255,-7.903245460094524,-7.5639724664044365,-7.947204587699386,-8.725539948008953,-8.206842261098945,-7.6933618494568305,-6.982445019011173,-6.242804028237907,-6.250027196977742,-8.676770486247943,-9.28701518387883,-5.071925675913773,-6.541218563770064,-5.643363638083946,-4.618703981609424,-6.438065679565513,-7.475403554714399,-1.61027869372457,-0.1793518612185303,-2.700924970970325,-6.484343315286017,-4.101379660021322,-3.503896149232849,-2.0396402458365266,-6.887808329655317,-2.9306459421262288,-1.6572371221207478,2.3931124537989223,-1.1606944107668489,2.1484095878434513,5.668626252860276,7.054950645829242,4.663612339842091,0.40369955456291684,4.995389135141001,6.943917129568028,8.08798436173709,8.566263703053611,7.299581216850756,10.584303840819985,13.030750948223865
-8.865001078887822,-7.3858531426901655,-6.179254084076825,-7.302602548692743,-8.22447510211214,-8.530023130951403,-8.641835065998123,-6.009652394009786,-4.8275106581149245,-4.580281096526167,-4.514333877351636,-7.8448792427106975,-7.767981925459693,-6.562611321447762,-6.4241491256861085,-4.63017465973557,-3.449984480639815,-4.392456884544347,-3.8986911236958712,0.2959285617185178,-0.26534638839944347,-9.030278008132603,-4.90526709161931,-8.236078655374476,-6.884997553843906,-1.0108887468077403,-9.974226926989687,-2.7172782347967637,-2.6988528248052406,-7.30855163865028,-1.2134728296142128,-2.218948174324765,2.8188504032153276,1.8189662973544465,-0.7558990597416704,2.4562910293890363,7.464739913195776,6.70450836089193,7.483543709127349,9.242224123330509,8.789531290232427,7.9257150984895155,9.53804361174971
-4.2474857011872045,-5.795989718738745,-7.556020287685963,-8.486950658917293,-7.6936678593864825,-7.210295975031024,-7.340932114975581,-6.236042869530248,-4.928310859284272,-4.726776555335271,-5.412054835705753,-7.976357866274482,-7.328696825781716,-5.8632764040295715,-6.183040685819748,-1.9960917640965001,-4.757075948650903,-5.1146614089122995,-0.6054562415326945,-1.2169959671709747,-5.870629212508652,-7.353876000430977,-5.489060392945596,0.13475910997132134,2.4748894735286546,1.2426954669349473,-7.256641780784056,-2.961204171075499,-3.403769535347637,-1.9793243530361209,1.7449256852092254,-0.6286344525930726,2.025141591068896,2.068325548884124,1.5474410581102385,3.7771040313160715,7.821285419280336,7.077844129271611,9.499000842090194,9.846360484932585,8.533695569624674,9.900097220036017,11.262193960807002
-8.210441854474608,-8.047022858170353,-9.03946325185224,-7.511495458935239,-6.287928707816122,-5.470728223859817,-5.333631759834025,-5.635556564219405,-4.354964273398464,-3.7390352626995402,-5.218506847106159,-6.559522032842252,-6.054854341418135,-5.421476935100031,-4.96145490953717,-5.319351141795746,-4.786236127561229,-4.849610058424884,-3.8501189876540596,-2.76077429431987,-4.801122377146091,-6.359751148151353,-6.730928736425739,-1.2137904407180795,-4.518120894810688,2.5504286626150883,-5.076052728543367,-8.858763341588386,-3.8767711447749247,2.9551937491922766,1.7929758901812352,2.078323192144742,4.071244508633788,1.552350548812192,3.3947328778785173,4.831654591087742,4.639532295943862,8.530904905435293,9.024702064914878,9.303540723128352,10.343650796042821,10.874126431203807,11.322181824964007
-7.386501551979704,-7.514840999822605,-7.1673217650887695,-7.293982535608333,-5.522702578468401,-5.84423108516666,-4.537289070118223,-3.832112751930827,-6.587238111613752,-5.574087168589782,-6.063992709026678,-6.326901099514808,-5.834976174509175,-3.5913027290999016,-3.4345144629304687,-5.382709171203987,-5.811397727309421,-4.473600641689006,-4.047247108823018,-5.152955584435741,-7.0099297137167955,-6.374830446241394,-4.590476870763853,-7.616021823797615,-3.9660113110045825,0.7920457037123494,-1.6557111673680625,-1.9545303824969276,5.723074434971581,7.480697484997394,-0.5405305337572428,5.4613752322043165,8.835364829016207,-6.040634448911795,2.9742648182630225,4.173705636365764,7.137459873011059,8.37823049788973,9.485959517042701,6.695238760139272,7.8662240679914905,11.64097484651303,11.640844676294744
-6.4568802632337645,-6.020813868384296,-6.155454005308765,-7.382808526748146,-8.192539188887103,-6.97056011272748,-6.965264465053826,-6.875750808017067,-7.187563692872903,-6.317865098234058,-5.3547233174503654,-4.884588872622899,-6.430147086502876,-6.901131141804402,-5.69953165747588,-5.407581754881453,-4.896707335654345,-5.091195950448593,-4.7878175632675175,-6.3703981211264065,-6.236400122190197,-6.029758881508646,-4.969410226678102,-3.0736317586910578,-1.6482778398504696,0.0929294563019454,0.7936826179826616,2.7167487530129306,5.179498991889635,0.8993880700015877,10.2387671969868,8.971881608174787,10.439289811989145,-4.152772623031091,0.06648316179725633,9.593666447146106,9.070987303847827,9.151559754855139,8.615433645147279,6.68273104179559,7.270166920864127,10.779183654738874,10.236019785748597
-5.310989941979696,-5.9874324496856035,-5.536320448544947,-4.984915075638548,-5.607014542910118,-5.9462042897194864,-5.968082980496433,-5.919842192873102,-5.715705485385078,-5.654903568676846,-5.443334090429544,-4.711800354502364,-5.067120582901245,-4.730507377381689,-4.2674018590235585,-3.6998530408052606,-4.110777093629669,-4.996036278293702,-4.082768028287112,-2.5374105475748845,-0.5474803788155459,0.035844660796428264,1.9402704147377101,2.061396917370285,0.5375635374675193,1.1047755154212064,1.176122442544129,2.424455394128802,-0.6456066785358289,4.359188800450782,7.525654965847915,7.343575791360437,4.1506325728314994,-2.079762131151978,4.093925474930806,9.785195476246125,8.802294255454056,9.166789810212956,8.144578360695059,8.405049323814913,9.127937987658232,11.543790253796754,12.898651107889137
