public/json/wind_2018-09-1600_925.json
{"header": { "discipline": 10, "disciplineName": "Oceanographic_products", "center": 0, "centerName": "Ocean Modeling and Observation Laboratory", "refTime": "2018-09-16T00:00:00.000Z", "significanceOfRT": 0, "significanceOfRTName": "Analysis", "parameterCategory": 0, "parameterCategoryName": "Currents", "parameterNumber": 2, "parameterNumberName": "U-component_of_wind", "parameterUnit": "m.s-1", "forecastTime": 0, "surface1Type": 160, "surface1TypeName": "Depth below sea level", "surface1Value": 15, "numberPoints": 4800, "shape": 0, "shapeName": "Earth spherical with radius = 6,367,470 m", "scanMode": 0, "nx": 80, "ny": 60, "lo1": 109.0, "la1": 20.0, "lo2": 116.89999999999955, "la2": 14.520000000000117, "dx": 0.09999999999999432, "dy": -0.10000000000000142 }, "data":
[rows 20 to 39 of 60, columns 0 to 44 of 80]
-5.410311221317367,-5.495322321906117,-4.890690764065586,-5.226039171651198,-6.352971381155489,-6.794105234088224,-6.421056902377734,-7.238093447402186,-8.940665915821189,-7.407712347694178,-5.403679008658033,-3.9847821630730165,-5.86295792687629,-5.221375544016077,-6.56898408879922,-9.008281716633586,-10.16056147669527,-10.205890531163671,-10.74522180793535,-11.12617456623796,-8.679980845868979,-7.629528296028283,-5.021680174209132,-7.200780805365657,-9.498813105209726,-7.873355116528713,-12.926882158578135,-10.835765784518452,-5.640637723780264,-6.095614656868948,-8.458084950880135,-8.377898427222153,-8.649796089160986,-6.501564570471898,-5.49535459583131,-1.2195748516813876,-2.837403657891024,-3.200312828571101,-3.4534589066880965,-2.189102960431328,-7.944711443344639,-6.434587580992865,-5.611998093973719,-6.1160567869705265,-5.622170979821139
-5.765528297437494,-5.444631483919829,-5.1582917718037615,-5.175115356430522,-3.331753832022363,-6.940571415389449,-6.8092685395217725,-5.4883142258987405,-6.788175903660211,-6.5965460245319045,-6.402962031671285,-3.7792656956169512,-5.77635214938516,-6.001712442019858,-7.0550721366887466,-6.100206403075331,-9.768132681310826,-9.763555412587957,-8.728042854964558,-7.176292031764605,-5.959952126132066,-6.732924891488606,-8.265785262092933,-7.417306140977601,-5.0179472509855385,-2.5694452911759607,-0.7030959985782388,-9.357699777563283,-11.896124117373828,-7.867492812214969,-7.762639426270317,-8.273249366384395,-3.5128338594004966,-8.037399646738136,-7.335379582621901,-5.038306878679486,-5.232654183233477,-4.807214294212548,-4.552872535022689,-2.8181704239940686,-1.3607317086334898,-5.634190502431645,-5.568202290093567,-6.774021302933376,-6.778966682204836
-6.271598566344165,-6.595728547163871,-5.022266568647047,-4.242671611794959,-5.52495866554653,-6.6674314200061575,-6.2453060868391965,-1.7555504563602102,-5.244510829731676,-6.215499747000735,-7.566894791031222,-4.773676518940227,-4.494273890542622,-5.331116825789362,-1.7157404228308752,-9.181300103394708,-8.93097620264728,-9.180651037237258,-8.750975187679387,-7.276223879682828,-7.2197706712945635,-6.283247415624073,null,null,null,-0.5940052560415984,-5.125674917757909,-10.01966010750858,-10.891893067211026,-8.987636416195924,-5.2310403134170125,-5.8187485658548335,-9.342991876937834,-9.67683130975697,-8.441382300491302,-6.352608056090274,-5.778369535898469,-5.728675445406459,-6.007389729015962,-4.461449367589743,-1.8508601621578502,-4.661520258183573,-6.731591401987051,-6.177136985473002,-6.591659551023026
-4.997287525228161,-6.2945017373650405,-5.9802797189226435,-5.363932071780571,-3.5044111693993827,-8.214072600573283,-5.990427702400077,-2.3142190175392368,-2.9051489048745913,-7.703622280815998,-6.6521437864893604,-5.205579998208832,-5.492636394404842,-7.169024439167352,-5.955531330933759,-7.596948450872122,-8.865325354668604,-10.092792213939875,-4.402127414905602,-5.362614560165898,-8.334493815000375,-4.907608971014497,null,null,-1.1292511950110453,-1.8091694335135033,null,-7.355477471540431,-10.434216485092104,-11.77618747194045,-9.704818173877424,-4.656638559962756,-5.333245883814806,-6.290231950386026,-8.416029869319786,-6.54079294819916,-6.025376752009826,-6.521257704140723,-6.887006071326263,-6.036368088196822,-4.285490320473914,-6.328410664834678,-6.48645171071604,-3.3213412048454445,-3.6140565364534885
-6.30151442072571,-6.3649143189466635,-5.471916208014301,-5.436996939909127,-5.1105353047281366,-2.406653919318825,-4.770841097424891,-4.015844383493613,-1.4982029437338051,-1.946860545013796,-3.9572235868706134,-5.156014824332319,-7.116663574564421,-7.468738856119592,-8.38732920086097,-9.007427203199208,-9.161504990172098,-1.8793955055372693,-5.044311837240446,-7.88893200689597,-6.2571977233038885,-6.822715497509788,-7.3241571654587805,-2.161741431405927,-4.103366402225259,-3.4592710332486405,-2.420095887154284,2.1906062471583185,-6.951523246959962,-11.633102877545024,-11.949490777610107,-8.895703695371198,-5.402460222641885,-2.290559692213467,-5.793088509141724,-6.038992563416228,-6.168819318879848,-7.5225893618598425,-6.854349117794889,-6.284856495494068,-5.991746305912288,-5.341062011653879,-4.093290357128067,-3.620440565422072,-4.3450227608766925
-6.730154347611442,-6.835306258016482,-6.244268144380104,-5.818105557007243,-4.015966713213221,-5.471854793752467,-5.820999716267947,-5.772618827248568,-4.1559055384038714,-1.7880040109244808,-3.5894554688374876,-5.731072247481864,-7.1155400715655865,-9.803271551229253,-10.824948927458074,-8.654196105776192,-4.136439686771561,-4.203869124785912,-8.372922178256767,-3.026473117018756,-3.2314987226698273,-5.586817515489894,null,null,-5.290301863794972,-4.607330830834941,-7.693799043304454,-5.695317832979738,-8.907761918941809,-7.039655757236425,-13.369806454019432,-9.713658301981313,-7.451624715648224,-4.139614559013294,-5.916304652089453,-6.035046271573652,-7.601819018408047,-3.379143439487656,-6.289104141545699,-5.598657919205504,-4.79127836682985,-4.243385688909912,-4.552596991043492,-4.743980999929153,-5.317990520254799
-6.727130621200986,-6.442165616527242,-7.2020866288654535,-6.734073005092366,-5.497678250946116,-6.183051263440557,-6.194621703458043,-4.899873302739457,-8.651957463422933,-6.217657293558941,-8.408075322653811,-5.834463157506316,-8.859755072080938,-9.83806872857283,-10.127121937244327,-8.950237101156482,-7.698756335020187,-7.568696294562959,null,1.5152685523460032,-6.631922477176902,null,-2.592203302352998,-4.657127671233022,-4.615604007404614,-7.270193675108162,-9.661237456770827,-9.578603935654638,-9.165720133127035,-8.347308263937103,-7.928849020662383,-10.808462065535313,-8.490088314200985,-7.223247162490824,-6.993331944977475,-6.622460628125378,-5.272097699722745,-4.916254045051758,-1.9209764633329218,-5.318731365962579,-4.472478637501968,-5.455339699444956,-6.578405434622615,-6.643175995780646,-8.289306544733712
-6.869425288783411,-6.506777013796994,-6.778324817691779,-7.277485707466608,-6.5644518462001145,-5.507495078712372,-5.866880709794925,-8.261122962166748,-5.743259646701649,-4.286340871963639,-5.519241452697203,-6.135505587147348,-8.395567390410937,-9.371724880038402,-10.679320406884855,-10.729068230417255,-6.522742344318363,-7.792139157155558,-5.847702469276573,-4.96023381170651,-3.5849925496334882,-6.165281922243257,-3.171997526141259,-3.8275017388438357,-7.054781740221495,-9.415503572503816,-11.093507814381542,-11.867103594156891,-9.88519699909349,-10.507994422548432,-8.60069757583386,-9.09009068289101,-8.425644195430177,-6.432006387987002,-5.607840446296407,-7.066300068924873,-6.560268338522379,-6.289006257060589,-5.727037359468897,-7.185973491034485,-5.776411234611789,-6.678841653486933,-7.635987989579488,-8.962874400311865,-9.25049841968579
-6.625032555304641,-6.961859980246746,-7.109304709349586,-7.173936834074219,-6.995701792946574,-4.765591767850358,-4.0170330497798306,-5.537920768877781,-7.8588864767789115,-7.3516389445464885,-6.265687187640165,-6.194835609897131,-6.307785269912379,null,null,-5.648839955776968,-7.885079901422106,-4.250463387583274,-10.139828706666549,-7.20530785765071,-6.04254381977286,-4.8178070705681755,-4.356065195371893,-4.0834912793585145,-5.9259000858338835,-6.001177885999768,-10.445455007510143,-10.915173734154015,-10.455192573441337,-10.749847836470606,-11.201895751266829,-5.249127990500024,-9.48571573700697,-8.380777190014829,-6.145038597773274,-6.245036756167228,-7.043689411730618,-7.392523294428164,-6.985096202673704,-6.875327077057099,-7.270757729709908,-6.530657242342813,-7.783206853780262,-9.099880643200443,-10.172653485659414
-6.7059622297113055,-6.006460511395259,-6.5290270027766795,-4.805170775180053,-5.133499384074527,-4.902430869820886,-5.593214331707766,-5.291923723875146,-7.708562902685716,-8.569387451543122,-6.456781107883116,-6.609983487059162,-6.074781528720248,-2.9022110459171087,-3.332787928136061,-4.027792661147213,-7.87301364610983,-8.87186412635214,-6.900451867484665,-7.747048741665859,-6.237100228555265,-4.17759417355358,-4.805810065809513,-3.4129044334250502,-0.9315717484337203,-4.1767877205518555,-3.094232284550084,-9.410670045614024,-9.481344063052674,-9.944499838707264,-7.474102663138773,-10.511239475491944,-8.308791266414,-9.85281346066805,-8.522255876798292,-8.011614544239862,-9.43232560104651,-7.242829936910427,-6.023030441968144,-7.19032053290596,-7.674329320651438,-6.965155413064309,-8.337681379840916,-10.269840038775044,-10.642978359930952
-6.163189688268614,-5.818160977573823,-5.5646474242804755,-3.833221526763646,-4.001336285083851,-6.995681402041079,-6.365372909555408,-5.438224899721774,-6.310796552176198,-9.069215677442234,-7.341982802722291,-6.179848054338166,-6.46278115933398,-6.770931841838992,-6.435262752710771,-6.954915879513691,-7.4514258460404275,-8.693591959204715,-9.297065484953666,-7.667781078475661,-8.925940322969842,-7.498927206533036,-3.1306035326044026,-2.734859264325375,-4.0949158521107245,-5.1660275175928,-3.7294240143646484,-3.7276293816625192,-9.656515447959213,-9.422307915741637,-12.951654744409396,-11.38086163567905,-11.344159432925505,-7.650967023962778,-9.22361075909445,-12.223111322340886,-6.3850590327673675,-5.244226696003076,-6.839984515335706,-7.145019556663757,-8.300953933297805,-7.629509927513451,-7.83262897575888,-10.81132013589958,-13.259380638884696
-7.857285176365636,-8.44898358549943,-6.777762778949873,-5.409603118090085,-5.49483913488559,null,-2.717934851762902,-6.818945296537956,-5.629490199721641,-8.352471939416041,-7.511839165750468,-7.320091054780815,-6.650287233562329,-8.010344937509052,-6.5233224789821875,-8.080909686474982,-7.0649530454431435,-9.80530773503529,-10.482118077453194,-8.526181529280212,-7.020609438941448,-7.146314535495137,-6.590687621137366,-5.534830709348786,-3.3794156678345675,-4.643487250930068,-6.106255852472062,-7.274561455855212,-10.06042273339628,-11.623456135822808,-11.388792933780408,-11.801009046962585,-12.052651800368634,-12.685263074685398,-12.401148922992752,-9.011467141536798,-11.727584651614807,-9.747026683252125,-8.340001218592784,-7.932866610296379,-9.838127982403227,-8.767431979164336,-8.722820882207762,-9.842341570365814,-11.348799194662487
-8.464789641445927,-8.98427911662306,-9.504000288077632,-7.7377547116888685,-6.9895702511242765,-5.945113920339015,-3.2721466493137865,-1.555161685998014,-4.53054790589752,-7.432605325330001,-9.329327600077992,-8.656903782876705,-7.920709412449647,-7.5968596444167815,-8.314324431992246,-7.091581842684361,-9.313955219503042,-10.33393996625121,-10.444705731277589,-10.970921170878622,-9.383735947330685,-8.942687172343671,-8.155486565480178,-6.149432316994881,-5.412473798788278,-4.8257338079483985,-9.183321386729006,-7.998309080444852,-11.839089246742104,-14.134952636760298,-12.616083465843548,-11.67635676627881,-13.988099370017425,-12.659082330286687,-12.95504412945223,-5.000038774951558,-7.6276144188621195,-9.461461548022065,-11.002065438269064,-9.881226844617965,-10.263282094354789,-11.12830741517989,-10.58718151461154,-12.225671253616067,-11.440397892222474
-9.089547513039818,-10.95001517916396,-9.675889886332275,-8.249912325743637,-7.759514672493055,-5.462613536899105,-3.8652442507849276,-3.0869511805402343,-0.5357153570340045,-2.194649629107687,-5.7380860917970455,-7.593755985685249,-8.586347020286258,-7.996432158414593,-8.219359913027873,-8.583422845612757,-9.664604976044659,-8.962335079204358,-9.314034752946633,-11.274800842838552,-10.435596516096119,-11.048991256608684,-8.914251174179027,-9.008555088040897,-5.715586031376639,-3.5588477272203716,-4.560869969689353,-9.361515531973511,-3.2245016944790383,null,-8.519141792501829,-11.919139425486348,-9.577138767882658,-13.630199323622412,-12.382830571467133,-12.100513328661695,-11.235602365347109,-11.499144159087228,-10.514991292460325,-11.329228284648746,-10.78600445019282,-11.748797900938264,-11.515853030366838,-13.097288570281243,-12.896802368681584
-8.470949835226264,-10.90386086579489,-9.399465466865802,-8.503316703856116,-6.404731188251398,-6.466945026484115,-4.50272761116482,-3.685765216094469,-2.9307716487384066,-1.4147461539994595,-7.904370778665756,-7.518872391210346,-9.212941910215813,-8.733062078606622,-9.349227942182482,-8.893123291279052,-11.68582751392108,-10.168423578830511,-9.822213616786385,-12.2686458149264,-10.959596044565314,-9.555685716118141,-9.793877871590968,-9.11919674035911,-7.502233008052198,-6.12558573750009,-2.9586562772606477,-3.240343049356293,-6.324426188044349,-10.123169054955989,-4.7277899156320435,-8.33219555347626,-9.068896900289975,-9.182274874749618,-10.981055389333028,-13.872959160142411,-12.93157458395726,-12.854432423231739,-13.430533105241441,-10.724187498217246,-10.938119461511407,-11.41359506737835,-12.658261558968974,-12.894316780766296,-10.183078406174237
-8.902783391902892,-10.090413176011639,-10.135618423518999,-9.681673294628478,-8.55597831444429,-6.78504869778953,-5.598870636934278,-4.426982627396503,-4.315405646746925,-2.095082153530367,-0.8667354121137324,-7.323165113063604,-11.550600373959352,-9.386809151942668,-12.618027910940592,-8.977946772336622,-10.903656552256432,-9.907595485799128,-10.342549574785139,-9.734907873865644,-9.114491896798398,-9.658308165368284,-10.175284564523684,-11.497903613882636,-9.150974905259611,-4.140658983508458,-3.0932171343985897,-3.167416889070516,-6.90646532442555,-7.1273423234181275,-8.740848063437513,-9.957854339849886,-11.526868663317408,-11.950426212201505,-13.70577064362706,-12.812689529844972,-13.323551589447622,-13.017322754502311,-13.819998771233982,-10.945950981586654,-11.508530028306172,-12.319486897551075,-10.621642907439114,-9.81128781473471,-8.52019669120531
-9.094555125929649,-12.28444552787324,-10.425541793294565,-11.729037610258478,-9.81698212849593,-8.089701274206124,-7.180128674908431,-5.4006662968947365,-6.377736648079749,null,-4.863277546845021,-4.430815526442814,-9.00163618356699,-12.983545926803156,-7.69366123661209,-8.513622935481184,-6.83094950054836,-11.35739489437421,-10.042655604651904,-8.694204169263106,-4.991622220740698,-7.126929873613237,-12.104674533311671,-9.62581812747468,-7.08234772128846,-5.228378718043794,-5.408633133009918,-0.9253577413349132,-6.499203008724514,-8.789281517418317,-11.128766116700588,-10.83671308047007,-10.831807509453805,-12.56760553409333,-12.77935887002759,-12.407691746927183,-12.304708353199052,-11.340748364122554,-4.343360285416515,-11.236050294960975,-12.253745695813958,-12.088788626988283,-10.348502504055789,-9.742010747002285,-10.39877960369867
-9.986514582864727,-8.589521943377216,-13.48415982436023,-10.675326661458065,-10.754346429754968,-9.528972540180028,-8.16884340964173,-8.505921201459078,-4.040252751970161,0.1384473345015145,null,null,-9.487708877429172,-6.675093197731645,-7.635470812751607,-8.810972828783392,-10.046578707511848,-8.661512670038297,-11.052857667538103,-8.554069417031466,-8.11589229487134,-8.31298575905736,-10.610808132920988,-4.245312793741427,-7.578980234329041,-6.856533552670025,-5.458312388100886,-5.350134525302922,-2.544339499055043,-13.166157436810442,-9.343304531025918,-9.034502270501088,-10.849516280864735,-12.591299716945745,-14.051400629755822,-13.453594747740736,-9.971614700526503,-10.369561457384789,-8.906344539666582,-7.6283213814030635,-5.731273783137037,-7.218123001376878,-8.782203779853466,-10.968530593818375,-11.249508579774126
-6.580833902894232,-9.065074687295764,-9.073120819099442,-10.921336029646593,-10.657672345209663,-9.931324043456087,-9.76288016621132,-8.106783119106181,-5.737774424685827,-2.411563405389512,null,null,null,-7.300846520895394,-10.704563507555488,-6.295843262241598,-6.104623235312509,-6.135010421858252,-8.495820596443547,-7.313375245163302,-12.239219724185013,-7.4098114478218005,null,-6.75430379040472,-3.772525172650073,-5.62404977459108,-9.541971592541053,-3.16175031092304,-4.223149038160507,-9.383898731973366,-7.284481689568601,-10.503681743238623,-11.320507213549474,-12.369895793968784,-11.527370483335435,-13.110379072938619,-10.208670607410017,null,-10.391471527244764,-8.609875799772817,-11.240397653079182,-8.779500376186341,-7.937079660593763,-8.287766862599216,-7.254228603862287
-5.834838628557594,-10.234747663961093,-8.043786958028175,-8.3089332664074,-10.811883569063479,-10.784753401674042,-9.791667958080453,-9.094968875806847,-7.132605925056178,-3.4868639613393997,-1.1774473181539253,null,null,-8.560574927158292,-7.085282082993054,-6.401502454987406,-5.827303023615666,-6.721711801077546,-5.961578176201772,-12.536510727329944,-9.055742844888442,-7.463792580855284,-5.914394451267852,0.3741655660839795,-5.595010667908156,-9.01939292904042,-12.801711836003664,-8.1305305583531,-4.766892256574653,-7.934046884364055,-8.406652831571305,-10.157198835573205,-11.141518467357564,-14.177809401224533,-13.6800380184431,null,-4.810947226457938,null,-3.6909970852576786,-10.239367865488333,-8.432531629825695,-6.510122312898444,-7.86702514836454,-9.782236865718751,-9.475484866280404
