public/json/wind_2018-09-1610_925.json
{"header": { "discipline": 10, "disciplineName": "Oceanographic_products", "center": 0, "centerName": "Ocean Modeling and Observation Laboratory", "refTime": "2018-09-16T10:00:00.000Z", "significanceOfRT": 0, "significanceOfRTName": "Analysis", "parameterCategory": 0, "parameterCategoryName": "Currents", "parameterNumber": 3, "parameterNumberName": "V-component_of_wind", "parameterUnit": "m.s-1", "forecastTime": 0, "surface1Type": 160, "surface1TypeName": "Depth below sea level", "surface1Value": 15, "numberPoints": 4800, "shape": 0, "shapeName": "Earth spherical with radius = 6,367,470 m", "scanMode": 0, "nx": 80, "ny": 60, "lo1": 109.0, "la1": 20.0, "lo2": 116.89999999999955, "la2": 14.520000000000117, "dx": 0.09999999999999432, "dy": -0.10000000000000142 }, "data":
[rows 0 to 19 of 60, columns 0 to 45 of 80]
null,null,null,null,null,null,null,null,null,null,null,null,null,null,null,null,null,null,null,null,null,null,null,null,null,null,null,null,null,null,null,null,null,null,null,null,null,null,null,null,null,null,null,null,null,null
null,null,null,null,null,null,null,null,null,null,null,null,null,null,null,null,null,null,null,null,null,null,null,null,null,null,null,null,null,null,null,null,null,null,null,null,null,null,null,null,null,null,null,null,null,null
-17.729676696226125,-17.237894447431522,-17.16524868870604,-16.245381725610116,-16.56733215553183,-16.450449893053904,-16.12655817011547,-15.636078128629995,-15.03791998453866,-13.07017256807,-12.470069020762109,-11.726928767140098,-11.013429792079501,-11.764527806306269,-11.66849481636651,-10.826442974294771,-10.487264845441926,-10.048328584998933,-9.71176153177066,-8.223889290338148,-6.753225020921438,-5.658695160868122,-4.5928378528445215,-3.6797737702833597,-1.0091113508912741,1.7450590296038622,3.2798243071699296,4.881703574211011,5.814256664631967,9.067477700152669,10.758309860835125,10.703248988997833,12.473584425762702,14.248057199353592,14.695623477319367,14.681810294487736,14.74008561173716,15.139878517524675,16.092902237403827,16.634916550227608,16.978939913310267,18.20483340382554,19.418100900946108,20.368649748631995,21.68452795525995,22.9631199145189
-18.560677361920796,-18.57667368192965,-17.95194569717767,-17.719305783852892,-18.241271859001568,-18.218291684846264,-17.309464416661363,-17.247080946721443,-16.9761893243843,-14.821408129787311,-13.855595583615163,-13.59884699392554,-13.571531410484905,-13.541461485312368,-14.188373636445206,-15.431249429566947,-14.036897600047938,-12.566304898526267,-11.047563184611938,-7.925882570585513,-6.967817817638009,-4.962050104986106,-3.261821552800574,-3.215047477510872,-2.651447695982035,-1.1313368709281857,-0.5647688701575961,3.007133859431108,1.6903793506255869,2.9318784701224216,5.329925113746949,6.022146000009385,8.55424768123575,12.835885422188007,16.126177492515097,17.638680288097845,17.85137972587587,16.959331097021536,18.052385813291558,18.99948169702369,19.259842951762238,19.703222689180933,20.93398598224058,21.64395840035936,22.73920175356715,23.832418719125435
-19.4854968176885,-19.41868060916397,-18.958976844590968,-19.230440208829958,-19.385036594174032,-18.69783998257859,-17.85903481054471,-18.33695716131032,-17.268710894829063,-16.7584667730147,-16.011452004150108,-14.877633408142756,-13.69110765412686,-15.271644534969822,-16.815476737853942,-16.809803493201965,-16.09085926133806,-14.964058223391259,-13.56851344175096,-11.4085758755831,-9.987028078020389,-7.714353435237545,-5.936241204663846,-4.730545980769599,-2.390210253523269,-1.7061873102998857,-0.07820557036139628,2.454448717513225,2.5271664180948705,3.074927700535624,5.525542669948797,6.9319174748526295,6.855903926989962,9.73630761326222,12.743551594550958,15.19864496203316,20.921859073350394,20.161939811090605,19.73328705955854,20.96438432873171,21.576091292348963,21.299268286142034,22.48377249058403,23.45433402714055,23.782853412296124,24.908960419081385
-19.90637152157343,-19.700630735333725,-19.677099214980014,-19.660332202314102,-19.587742670924857,-19.25192172136696,-19.065741789426717,-18.618409924376458,-19.146373638101345,-18.18526802619209,-16.651009710257505,-16.035280066634844,-15.60835121462355,-17.52708294095984,-18.045894139516225,-17.769548509306365,-16.918839245867005,-15.640011440775446,-15.395591760906504,-13.29753184426731,-11.515772536063444,-10.760456436860416,-10.425259886286872,-8.654999751522606,-5.936293637226705,-3.2464015188289013,-1.642925900324816,-0.25329104985058776,1.7909354878779344,3.516449409190322,5.524574547982765,6.262204675820042,6.044927796356617,9.046221167613337,9.895906284928753,10.94155567379502,13.725863396790357,19.89242175748624,22.861617007702904,22.002036648262496,23.537182505769174,24.238615959369188,23.873655820133582,25.41380986778299,25.591941023395613,25.484724742498894
-20.203547826953827,-20.52219041091479,-19.76588688244697,-20.81215489082794,-19.922491422688612,-20.518031317489132,-20.25915080858776,-19.29393585013172,-20.782144610279218,-20.135193036682985,-19.314572576752155,-18.327102630506012,-18.306594125119094,-19.41286954750286,-19.032202143216292,-17.97419617133066,-17.23125372572306,-16.54040691007458,-16.21529413374334,-17.116249440258994,-15.960596504226906,-15.6750779524804,-13.564970404431245,-9.880870777442931,-8.086907302719888,-5.719016801362845,-4.2272327466259805,-3.2691398236157525,-1.0610409782366594,0.6221323630870697,1.0881783380808414,3.5360457837292008,5.35551533027874,8.20285320781772,11.993016759387723,13.279164121243276,14.252012019625017,20.143078600614082,27.435219593131844,23.935757142845016,25.35392318894975,26.10623989804109,26.34544714122533,26.955949164567844,27.42082863633938,27.282996314936703
-20.589497033946156,-21.160359852682117,-20.548867967030876,-20.898071986611285,-21.449081778095856,-21.36862034940658,-21.519898109137408,-20.765244211545514,-21.51587481774557,-20.83002506280909,-20.987175669308094,-20.99964710618272,-20.167443947873394,-20.02112527123679,-19.614462922556815,-19.09003456758482,-19.14019012900133,-18.751906196340027,-19.5996124589949,-18.86247902316253,-14.905400956214415,-14.289057942602422,-13.748177584668626,-11.67278243270447,-9.467685169829233,-7.351851489087829,-6.538446149787747,-4.416221611897527,-2.460591601686931,-1.6319250683890036,-0.40129183713079036,1.0425989069769492,3.645595304398304,5.665162804256399,10.329393165071775,14.587319568613804,14.893866585970507,15.503719088632806,17.257490382494804,26.924809558137568,27.049285324412917,27.518894819747608,29.60666016187257,28.41092931605801,28.539906258081395,28.878925329812045
-21.47931506639356,-21.182725403593693,-21.46532566956501,-21.77178225171335,-23.246641516817398,-23.416481074602416,-23.091256200586916,-21.761469004945077,-21.15948895878345,-21.815772605734377,-22.8333313893036,-22.86162671052538,-22.885391992968586,-21.54104292284265,-21.663264012667632,-21.410171572533834,-20.497419656400712,-22.81646300671302,-20.5894233464375,-18.298089032835602,-17.408994554657056,-16.16482409080043,-15.284626715093047,-13.616427464531892,-12.344293409638562,-10.467312463794336,-8.292104592695472,-5.55796212768966,-4.444685182942806,-2.4057227892895687,-0.6650343285651857,0.7738908742971413,2.801154179372798,4.468046171269223,5.773605040964494,9.507428939430076,14.830244901007617,15.556944850101505,22.325318526331014,25.720509354566904,26.47904187568802,30.89979629431062,31.179244888372306,30.999883282813478,30.71460806169712,29.903136188770603
-22.628026637541996,-21.801083734752865,-21.791768906408095,-23.57729658034704,-25.736259582103905,-25.77562508754683,-24.508857879040413,-22.138657425945098,-21.552380425769947,-22.821039278954252,-23.397000829280863,-24.46821801331909,-24.33448093781459,-23.295460729176206,-22.570863065820124,-20.874553727928763,-23.070642893844468,-23.552512810080582,-22.709108548618357,-20.100130729557087,-19.252615493522477,-18.878638404308155,-17.621609622304526,-15.325494404267763,-13.868914760190096,-12.586516132011933,-11.415826923452531,-8.474552528070879,-6.146533138392748,-4.355436726470431,-1.85207901608507,0.7233871994214783,1.66738678107658,4.751618697669947,5.999155719946272,8.105284668177188,10.946323325461886,14.201333202732602,20.66652146676617,23.59378616608116,23.57167080863423,24.320138186680538,35.26027633413373,33.213102529110664,33.6918207268328,32.05225157706593
-23.419144323539502,-22.875226357372547,-22.03111686203868,-25.689094118581636,-27.140946226283628,-26.92647584852631,-25.602000298772918,-23.057183452731792,-22.55923525730865,-23.73624358582186,-24.16953119127684,-25.23263030404725,-24.224229594260976,-24.910288543208324,-24.040924730962033,-24.239957493614778,-24.25230281443973,-24.84960573159249,-23.85313583032708,-22.95628745965567,-21.849915100340564,-20.870980924712722,-18.839990691810637,-16.958642205842015,-16.61306792590152,-14.800903945221904,-14.599466217213303,-13.333265561721202,-9.164671998788373,-5.487067831889071,-1.9681021616551309,0.38386591782590335,1.566553336894705,3.477599510470428,6.271509778148798,7.700366054006425,10.748020824999585,13.081034246417252,17.479964629175665,17.37214632169476,22.11721762195026,24.914687019379233,23.662898270524444,35.435082226021784,35.4084476900469,34.489800880641226
-23.838453972317815,-23.941287173970178,-23.987901561651668,-27.31133076015199,-27.957714668221143,-27.418546103287504,-25.675857559186536,-23.932010600265176,-24.500670874832746,-25.226830325660345,-26.016242832382478,-26.232218705263612,-25.945493845824537,-25.083864686275966,-24.82335808426631,-24.462048699734492,-25.468740342171248,-25.471777196434907,-25.447910773400583,-24.596445336805452,-23.378146302444463,-21.280858844133714,-19.689020883115212,-19.469303935332803,-18.48707525241708,-17.764176246283817,-16.531508982969314,-16.06882164093524,-13.184376734143662,-9.919269854143565,-3.852217212597707,-0.03520650913295182,1.5337483694350726,4.02954353658084,7.119470255890567,8.345343876737317,11.956221130457454,13.624331429269436,19.05781798986049,20.738137087556332,22.745883854243363,24.529893900091434,23.04971875915381,31.14687835494219,36.06661172734383,35.42444433184512
-24.533764161284765,-24.00257641905168,-25.752532583143186,-28.260266112650648,-28.916976246277283,-27.870966323752377,-26.207610042509188,-25.4201320835841,-25.3380314955701,-26.309425873518475,-28.139210187050413,-27.082486209585824,-25.89852620750083,-25.89027272599744,-24.69840693793548,-25.35588580125801,-25.69658131262718,-26.4374289238797,-25.32369460383986,-24.897504888665807,-23.8593374157483,-22.996972660718704,-22.837030464922293,-19.979823560715964,-19.870969052694235,-20.9560062178274,-18.953451846622624,-15.382499600170366,-13.755532958095433,-11.342924446470441,-7.0309357902853975,-2.0824625694912178,1.2292944808651927,3.775987665471572,7.407517309125481,8.88614012741239,12.244445315424676,15.74849737731177,19.67230327301249,21.393899131269198,23.88567490955334,25.698669285975765,25.449543854698994,31.14910466483679,35.92490149326807,34.97350633008355
-24.709272655820335,-24.196883033534334,-27.032316686684382,-29.19388993413124,-29.691381782911762,-28.116400546523288,-26.592658068463475,-26.337274973583785,-27.264440518349986,-27.80166774153526,-28.947877467577854,-29.177835933462063,-28.47675420527512,-26.782817055290362,-25.87798682760791,-25.437388668650783,-27.047269434825854,-26.463395168029933,-26.354900820690283,-25.917108141025224,-25.709249471848743,-25.023078783028982,-23.784314754449078,-23.095495331112204,-20.636135136682867,-19.294167358889347,-18.03050880543663,-16.813655871234886,-14.396397683103311,-10.714976882971852,-7.649033138933703,-2.6697622764084272,-0.5030862075852495,2.9930955636640837,5.741172370315049,9.351334810119193,13.00555794144202,16.44463677127603,21.38196335122053,22.311235499338082,23.617484771418955,27.64558278095647,27.07720471541905,29.520048975857392,31.94662344403211,38.321183165006076
-24.75725212367061,-24.46244586365984,-26.761178861559454,-29.500181815626448,-30.131256742257268,-28.30878481156953,-27.071091306777724,-27.06915802629403,-28.345646547414574,-29.70938929013909,-31.089455435676413,-30.50519493457444,-28.959644388499616,-26.94575483876594,-27.76977952719364,-27.527835611454567,-29.06076577744706,-27.768453352431703,-27.312629610454664,-26.831015472460134,-24.646881084301977,-25.25343359075634,-24.892156255135355,-22.231904436566545,-22.623705569405974,-20.579320703944244,-18.703286463073308,-16.00527585909453,-23.71300720964181,-22.312560253899413,-14.705519803294353,-8.078182979049533,-4.4872820038755545,-2.7557100434505966,2.9752971211287353,10.722643713674982,15.609154502343014,18.461603245881033,22.349613332883393,26.028443174769368,25.19918455001511,27.301326788583342,28.485943890635433,29.224533433126663,36.69293375036253,38.282713593947484
-25.82168722352206,-24.94002131732185,-26.16863739036103,-29.389679391610144,-30.090459767762873,-29.604536808166763,-28.6020305495309,-28.39837327648117,-28.862438630219984,-28.92877506987911,-30.352407013981654,-31.292506484937093,-31.298396340527205,-29.381360541846497,-28.951462302947206,-29.88084832289838,-28.65293100044388,-28.684903862892753,-28.54036100796323,-29.367139436696675,-29.419552057436785,-26.56961388018136,-21.17720442918553,-24.31889199138465,-21.147275409076315,-15.235568827373426,-18.723284634767683,-26.70460327342327,-26.87580255729184,-22.69484312273507,-9.397031797177494,-0.8166287724435176,-1.2992697456530036,-1.615606824077843,2.268288050870198,10.386127026363404,15.524046685837401,20.83917541013552,24.395543593183568,26.538767193127484,24.531051079554537,26.884556570280964,27.8066819458359,24.10013692002852,40.703254208132826,40.10142551580696
-25.864328153307177,-26.091297999306413,-26.84190425379431,-29.07539141892221,-30.06131910984914,-30.50414018170909,-30.21443510008627,-29.29027246632734,-29.35405041409478,-30.08224806586094,-31.20649107952279,-33.02395213033869,-32.50385585205569,-30.548587277606526,-28.166396577172478,-29.68626758607604,-30.511848874187656,-30.463937371090154,-31.375257028362874,-30.1875835224482,-29.749545766627513,-29.412060535007814,-28.085227314231442,-23.732059168852757,-23.329063993280627,-33.815793853866516,-31.627126104788882,-29.53915139727103,-28.96948892496014,-20.843968155554652,0.770718646587991,0.5880328982888184,-1.888527774847747,0.6326139138829667,4.1430979471998715,13.696382220931314,19.835118973111452,22.746535469220078,24.567054208752435,26.035217387003286,26.12360123726267,27.802261659280624,27.33951262432013,27.538691184439823,36.33267480623482,38.964768789449614
-25.64180810488763,-26.26243935630881,-26.34035322840688,-30.492935382021553,-29.94212145284719,-29.971564565223,-32.243352027435876,-31.02327752270989,-32.483333857870626,-31.85836750737183,-33.05218599267804,-32.95418945800376,-32.21947465854149,-30.84186973884303,-30.097392470217006,-31.823691455129897,-29.411850716790436,-31.721704309275943,-31.42099863999706,-30.72715437488681,-29.851084284297194,null,-32.43184643501449,-22.645231069398758,null,-37.290953745522685,-31.36546943899065,-33.06455082498805,-28.783920795430525,-12.377762290422496,-2.3735690651348746,-1.3645365994392293,-1.4596237814406976,1.6314389058976668,4.616557383783307,13.337469152976222,17.94192253626386,22.80316814457358,23.240268782852542,25.842846055457134,26.143075372534714,27.960689808444442,27.92983601855479,28.419694876091548,34.355819923918176,37.64054353511867
-26.485993236855627,-26.61532599445211,-26.927510834530697,-29.91211740998334,-31.267537894769323,-31.021452318286002,-30.88577311043327,-28.966571631781843,-28.82337917252925,-30.400052242367362,-32.59081394151885,-32.596810984887156,-31.210997843197973,-30.93919903314808,-31.24543569832308,-28.67446981384489,-31.57216181429198,-32.57631067137885,-32.03480658381561,-29.451091558241878,-28.41404906601916,-26.2587754043626,-35.268367634672266,-26.740788548807448,null,null,-30.854885265873122,-38.10751238742279,-30.254808598233886,-5.7258032905525535,-1.7584993721173785,0.12238204987464295,0.5007445914248244,0.49924271104522944,7.490319511642436,11.115403354915982,13.773049918325905,16.49296654490778,20.760197636060504,25.351909457910395,25.623558026448013,27.53066178707952,28.866050276887073,27.710037861999844,40.656813833618315,38.0446266414941
-26.50046850511768,-26.769774456986994,-28.766366927073307,-29.95203016053793,-31.62565884038318,-31.736508922928518,-32.23541842979998,-29.012362961611295,-32.34133996131759,-30.792838808150105,-32.30693447469608,-32.36521872570478,-34.83147038968061,-32.97278336672913,-31.12582046515896,-32.91026689640518,-30.24875219897766,-32.86918072096134,-32.90217168901756,-32.68725483670119,-32.9062090687179,null,null,null,-38.00503416434196,-35.25446633642713,-32.98515532099919,-34.48051348115043,-33.24317130583687,-8.134823027392317,-1.4057295008454518,0.27006964001395417,0.773545726932501,1.9985629633694346,6.664051589161283,7.723163013105781,13.75264877667769,18.527231777831894,21.302064080281145,23.096446939806714,23.691246409458625,25.064571064587838,25.409150420216747,29.308782719328132,36.23047078835357,36.47787381106994
