public/json/wind_2018-09-1519_700.json
{"header": { "discipline": 10, "disciplineName": "Oceanographic_products", "center": 0, "centerName": "Ocean Modeling and Observation Laboratory", "refTime": "2018-09-15T19:00:00.000Z", "significanceOfRT": 0, "significanceOfRTName": "Analysis", "parameterCategory": 0, "parameterCategoryName": "Currents", "parameterNumber": 2, "parameterNumberName": "U-component_of_wind", "parameterUnit": "m.s-1", "forecastTime": 0, "surface1Type": 160, "surface1TypeName": "Depth below sea level", "surface1Value": 15, "numberPoints": 4800, "shape": 0, "shapeName": "Earth spherical with radius = 6,367,470 m", "scanMode": 0, "nx": 80, "ny": 60, "lo1": 109.0, "la1": 20.0, "lo2": 116.89999999999955, "la2": 14.520000000000117, "dx": 0.09999999999999432, "dy": -0.10000000000000142 }, "data":
[rows 0 to 18 of 60, columns 0 to 41 of 80]
null,null,null,null,null,null,null,null,null,null,null,null,null,null,null,null,null,null,null,null,null,null,null,null,null,null,null,null,null,null,null,null,null,null,null,null,null,null,null,null,null,null
null,null,null,null,null,null,null,null,null,null,null,null,null,null,null,null,null,null,null,null,null,null,null,null,null,null,null,null,null,null,null,null,null,null,null,null,null,null,null,null,null,null
-4.649292154657538,-5.653016930796892,-5.475275554695834,-4.541646429867176,-3.684745059388673,-3.032343652951782,-2.6073388395159487,-2.050869862493506,-2.104763041266989,-2.7835156156470315,-2.8414889828015535,-2.6539535597703496,-2.5462795075828795,-2.4264161344505175,-3.220784551619232,-4.515094457347904,-5.156513591293839,-5.89569145245264,-5.714856244646095,-5.345616606286557,-5.216863056340716,-5.35851737603638,-5.964556715969488,-6.810746103639733,-7.186770211607832,-7.184323730018145,-7.3972646182532,-7.505028835168428,-7.362552379469459,-6.836323978255038,-6.699078814585206,-6.880448822468715,-6.642047805224623,-6.134562497339883,-5.573701651162603,-5.6149151317552946,-7.983526117792054,-8.354858094929174,-6.9027328930236695,-6.069901105257782,-5.86920555302041,-6.169103201773633
-5.038113162389912,-5.5779881280315395,-5.2783958569564735,-4.41459660389625,-3.936956872632978,-3.346980218066008,-3.105978681844974,-3.0362451479990034,-3.1645885715591042,-3.845478202087226,-3.557306603595499,-2.8598416951156564,-2.54986135563503,-2.440692824227889,-3.6477016022637168,-5.252800954802547,-6.610538091582792,-7.502045577190683,-8.327312605233825,-8.287802217681682,-6.944924555841833,-6.904642334182121,-7.172467633579343,-8.500026261483226,-8.93857140136853,-8.779616698915499,-8.677368334001642,-8.018507865260704,-7.533762937888006,-7.56223521248262,-7.48470856703076,-7.433023792542419,-7.096605863475514,-6.754319641074105,-6.149891331493638,-7.302862026238738,-8.951256234940672,-7.733450980008254,-6.497132510132387,-6.236456411035997,-6.078664830394336,-5.775459085097291
-5.248261172501284,-5.339625728777736,-5.035305148795832,-4.570279629505454,-4.324275537717823,-3.8405278564031557,-3.680933810356203,-3.8149440847272196,-4.198212323512593,-4.909887540296661,-4.793450571215359,-3.945495260985607,-3.5972512149396456,-3.8189107550181496,-4.80442405584834,-5.754444902609948,-6.953423234337546,-7.84258803038045,-9.15710985828541,-7.880728956839187,-6.722675510873666,-7.065363636262939,-7.725431899230274,-9.343708369434154,-9.380195567859353,-9.545359031077096,-9.332219558886653,-8.777152751622745,-8.439774697275432,-8.564085657954472,-8.197792875980106,-8.422591563869998,-8.314489903759425,-8.21561292227553,-7.331298281590902,-8.99931307044575,-9.187819467451718,-9.173475363354457,-7.204111946618909,-7.1535457304823,-7.014299478480792,-7.629074353703236
-5.228243977302889,-5.078613332929856,-4.789372032595391,-4.8742932412470035,-4.684256312975724,-4.062721866833376,-4.035799709151457,-4.167926194250996,-4.8000170796951,-4.823326120313247,-6.050998446270203,-6.267684226518109,-5.7369000712065095,-5.575447013644301,-5.995329481070849,-6.468993997722222,-7.11693749752579,-8.11104852200212,-8.722017177751246,-7.547190208119956,-7.357084729894792,-7.356424312104357,-8.346352365196717,-9.611456904413336,-9.762783796870641,-10.218225815217902,-9.698367522457156,-9.72195117042115,-9.474818630568407,-9.498636353911309,-9.35022271657015,-9.74969763556721,-9.960193875397497,-9.63780349349797,-8.196768446567866,-8.094486347728287,-12.058106690827028,-10.607707236363318,-9.510729377284164,-9.093747504166828,-9.176017749225329,-10.956172250759497
-4.941054757417756,-4.858664247200166,-4.680185581068322,-4.945937858879385,-4.808603936234441,-4.453969517545735,-4.344534223471805,-4.593720159777721,-5.004104448902486,-4.92498770723102,-6.0924375833732665,-6.249704508058372,-6.317269746082495,-6.74555991382505,-6.82351762932422,-7.035767310164453,-7.105564805401544,-6.878315417378957,-7.75490653858417,-7.45699214124392,-7.8750348825514465,-8.170399197880066,-8.804085083978533,-10.07264095509537,-10.60932292079334,-10.435400624821998,-10.413577586795931,-10.424457809225228,-10.336927753643293,-10.407485984056505,-10.2645667935943,-10.457261802130429,-10.385622320971128,-9.983804460043121,-8.38589082880143,-9.022062672959699,-11.850820316451903,-10.276766216074959,-9.82328489450718,-10.316474266250394,-12.832568828232374,-13.883456769588934
-4.790830853361998,-4.576607079107648,-4.6649516578236145,-4.889061312051672,-4.935945467037907,-4.622819770573712,-4.867278729670233,-5.341033657730244,-5.353552875465951,-5.410033458676733,-6.042040805808958,-6.409301594048781,-7.027115719835686,-6.973502793904524,-6.885127586203037,-6.961179284494189,-6.655984106411691,-6.9176836290326404,-8.054265691607991,-7.9300219971195,-8.463923094295636,-8.823590628972623,-9.208234892133426,-10.296031587756007,-10.933154122227654,-10.772580364859289,-10.847013456360012,-10.85632161562516,-11.067688685960746,-10.801309680940612,-10.855432243009567,-10.752798718312906,-10.236562216126442,-10.064091614789271,-9.302566782629418,-9.038258911062945,-11.947251077720079,-9.86392177703323,-9.8614214737939,-10.513146264972496,-14.35629395596918,-15.811125535799194
-4.768165649911547,-4.453395969045847,-4.760171668174409,-4.9901295290210586,-5.031807830820999,-5.001807980071685,-5.388329102394377,-5.786315178291137,-5.68146419179714,-5.830109947351194,-6.062167461097223,-6.705344125271371,-7.044466816267065,-7.38877792286367,-6.914674689301089,-6.647272945183254,-6.92648169968197,-8.185053991472733,-8.98635738908248,-8.758702995154865,-9.172262292159523,-9.20641658598721,-9.623576587558647,-10.472648559030524,-11.103809468288544,-11.300102194945008,-11.41319850356468,-11.580909802782825,-11.056764414737192,-11.02148492065498,-10.959674599428869,-11.021132114894566,-10.936089128434935,-10.792954046713621,-10.376389019073216,-10.35485041153509,-10.377702644314073,-10.54741370733663,-11.263243545373124,-11.19341493420695,-16.03698338749451,-16.716261392285258
-4.474260043118972,-4.523184087917267,-5.083050274140379,-5.221963089924916,-5.320580598374104,-5.5274666839357405,-5.691223634102794,-6.2766704642051305,-6.215234421683686,-6.1400043224233585,-6.235592509499148,-6.6719325771375635,-7.021449276080455,-7.26326840169848,-7.359555316462675,-6.922877891593084,-7.634769831711298,-8.354014956555472,-8.995395106354401,-9.226165291276857,-9.596790425448964,-9.761378911664838,-9.930820002924785,-10.50161461540931,-11.150632657935855,-11.507304098724422,-11.931179078291764,-11.302406945885568,-11.062017474178836,-11.31715948010127,-11.213692340128304,-11.498162192402194,-11.747204148905949,-11.703053546760167,-11.21055365121493,-11.34031860926481,-11.458169468372315,-11.50111404301055,-11.875039517227396,-12.442159123084544,-16.765994371185528,-17.39592949980539
-4.4536970124324,-4.902071024509905,-5.311006662289599,-5.557938778610808,-5.572635027233199,-5.628786553913043,-6.192491727659201,-6.698866734697598,-7.105652716660736,-7.0064470336636,-6.66862443893457,-6.718873466318895,-6.84127084442263,-7.167144377966311,-7.207001918780648,-6.871531563986101,-7.055055607560247,-7.889426199337555,-8.810148659533453,-9.362285741857802,-9.82893606530806,-10.271385867516626,-10.384167469067986,-10.72213353910835,-10.915741671719235,-11.705022878700138,-12.058872608480417,-11.712036571686408,-11.118302001504283,-11.229985319987806,-11.708583817156264,-11.659101880891477,-12.340902802412808,-12.067156523009581,-11.701620159017649,-11.942617371845714,-13.118977045194384,-12.72669086801331,-13.114931673124296,-14.733272778035813,-18.37136273605795,-18.495249749144904
-4.686977958676037,-5.253554831864881,-5.652892813802032,-5.636276621255431,-5.711113754543243,-5.79820408066859,-6.210228674511372,-7.004817655920139,-7.622644957172684,-7.7622953343150805,-7.108171644272863,-6.525070354495269,-6.00754761958262,-6.2687739888225,-6.972640598406152,-7.235092461159052,-7.056275228654533,-7.710000329193845,-8.639395621335497,-9.5977407044506,-10.110946457513837,-10.596902732876298,-10.439900390108413,-11.231825372714827,-10.961837319194235,-11.25851209768469,-10.898901616006967,-11.029488207926379,-10.330815955736966,-10.99451953285061,-11.620166197473196,-12.08022453695138,-12.65436574776799,-11.965501294361239,-11.918428019446676,-12.706113867930009,-13.948394125161574,-13.635738505183303,-13.852279923799088,-16.421347530189074,-19.281776310252788,-19.70024885141403
-5.210189177797319,-5.456795264202725,-5.721580596480976,-5.770135186528659,-5.798315202594322,-5.890671146040051,-6.101931418529977,-6.600035307287317,-7.422936895810363,-7.841907805291938,-7.252988579100874,-6.747730387871904,-6.156264406030978,-6.14056834210111,-6.666621437967731,-7.523697491868225,-7.985129601447957,-7.896802016923357,-8.394152513618339,-9.53425448788605,-10.19958504682503,-10.897060698518539,-10.708170656555733,-11.161182325476789,-11.116939423421465,-11.175930627164938,-10.927640919908354,-10.371291247638329,-10.262129957048353,-10.89205333740673,-11.755263174807926,-12.371298199794053,-12.5839525952524,-12.469849906280098,-12.497440019203843,-13.446268065622638,-14.937456190789929,-13.882668315079153,-15.374830754057989,-18.128242998911848,-18.753349143015907,-21.081089844498354
-5.481607712043396,-5.8052713336297845,-6.156422865703535,-6.385311760060007,-6.093109575737877,-5.903370448408165,-6.0986829709142105,-6.557092535644871,-6.990858139751973,-7.529463584411014,-7.839514601059558,-7.362357778895724,-6.685295308186881,-6.753327895216103,-7.140913036650948,-7.675846688174193,-8.36362832116189,-8.803013633168328,-8.522117552818639,-9.34994020852318,-10.267734168417785,-11.089289520180534,-11.152977988890937,-11.457917052882546,-10.881204363398915,-11.38778422125748,-11.313428601016064,-10.596169853959625,-11.02150628354284,-11.392576093163925,-12.29222249166458,-12.97079253096518,-13.57984968460468,-13.327187231977511,-13.863882965655664,-14.487640893102117,-15.65112226306861,-15.726346619164632,-16.05042755991157,-17.82350073776575,-19.759744874359793,-23.00692165409752
-6.1246475324486385,-6.1217900194974995,-6.563112919762967,-6.909183308044805,-6.747197893076852,-6.308586851742946,-6.32894571425526,-6.650139893343084,-7.144775500587116,-7.563669572259304,-8.165750226605716,-7.679822148304871,-7.096170659459899,-7.5251614724363645,-7.979039643799918,-8.08938297188838,-8.490058390855966,-9.413425569024152,-9.229532249874115,-9.497748498316778,-10.105874911145346,-10.893149601365515,-11.522809463515031,-11.568873173806663,-10.877304784726705,-11.35650935548278,-11.741094952913121,-11.575154807069891,-11.891940422493509,-11.676224565369916,-13.011304490703658,-13.575012466438343,-14.396089180545314,-14.353840722449174,-15.119007055978697,-15.849595305329451,-16.45679440282402,-16.986133286385236,-17.573364573144044,-18.34523823339516,-21.58669218259454,-23.828779717543316
-6.907883478835116,-6.906606997842538,-7.1522481853500395,-7.346118392043266,-7.166311499666065,-6.782376261794842,-6.855623669271751,-7.5864323179423465,-7.498540006021004,-7.796474444032384,-8.501327911998168,-8.14263294794263,-8.035701456535959,-8.395544523590795,-8.530669642422598,-8.625016933019984,-9.085382003430146,-9.651249738283674,-9.855244023879198,-10.167492351720243,-9.891497755770693,-10.94925736787396,-11.409081896902183,-11.632153728498034,-11.238672517346176,-11.85407388070571,-11.901172086716691,-12.521032701535407,-12.751859377179716,-12.861228724410799,-13.306619063987755,-13.875177053160904,-14.60317784409279,-15.393434165928454,-15.710225006500602,-16.543516667181446,-17.18633022233622,-17.81806698398506,-18.53888371778897,-19.840257357553224,-20.861974843819482,-23.252265812777097
-7.172246162398564,-7.277416620100146,-7.6377246339574665,-7.672418753329287,-7.259488526769017,-7.017769162453933,-7.123156913408946,-7.785706459027109,-7.8799814299263105,-8.042323517802435,-8.567662915834706,-8.784038279331899,-8.504302931632566,-8.796272491815477,-9.055709376321856,-9.219199622524838,-9.629533077640538,-9.629092747291345,-10.015333845923134,-10.867959243226572,-10.974386471699422,-11.139409871286578,-11.426512744147104,-11.216656218659747,-11.904126847117546,-12.470456477899212,-12.373245609632853,-13.104910211174161,-12.85942711059143,-13.31203130415989,-13.904789881010654,-14.444596682553502,-14.883358052325782,-16.768462867195833,-16.589347309230007,-17.14564757268431,-17.811018184958794,-18.382230667628473,-19.686085871261128,-21.119384417344193,-23.465982307624998,-24.875181065688754
-7.746335956171505,-7.6083942586391675,-7.556334696971009,-7.75970475635135,-7.637811571926315,-7.116546700529065,-7.175745062766443,-8.075780660442849,-8.255532728322104,-8.14642085869636,-8.600965947387564,-9.084494988228181,-9.299047543407271,-9.506954794427308,-9.424703915453343,-9.731164790948192,-10.116646973510765,-10.313369700315295,-10.506498150835224,-10.585937029327189,-10.833519670514065,-11.552527843188289,-11.556757821545508,-11.422361121840297,-12.84692531556531,-12.768344992683929,-12.651063329175187,-12.877028851897274,-13.23598740410521,-14.029716424709937,-14.246755877083249,-14.145417475737347,-15.491070261401099,-16.846923123079605,-17.818445002960633,-18.271556461576704,-18.577493654413523,-19.517597861354496,-20.902007368310976,-21.667877010761465,-23.91622775682948,-24.868678421567186
-7.910389537406564,-8.225436600970212,-7.838584251139741,-7.813390454526678,-7.3775004020670805,-7.03143159531899,-7.0621955460632275,-7.66788902110058,-8.418296189597218,-8.381407515418193,-9.003689377621619,-8.928998114514407,-9.488045278344016,-9.858793065987458,-10.380130991224043,-10.649734442284414,-10.443361327087272,-10.557190431278046,-10.605875897427678,-11.16201361387673,-11.275238600173287,-10.55389390460785,-12.139329571368998,-12.800940723304793,-13.505278812723404,-12.534046859888441,-12.135353459595882,-12.601048114966137,-13.49841902460847,-14.250450099513362,-14.418063761430037,-14.819612895738253,-16.324945643295592,-17.454531293388555,-18.235172266289815,-18.43851160116576,-18.724394733440135,-20.285035664314073,-20.677742796089355,-21.87893390525471,-24.616008504820165,-24.70582314086355
