public/json/wind_2018-09-1518_700.json
{"header": { "discipline": 10, "disciplineName": "Oceanographic_products", "center": 0, "centerName": "Ocean Modeling and Observation Laboratory", "refTime": "2018-09-15T18:00:00.000Z", "significanceOfRT": 0, "significanceOfRTName": "Analysis", "parameterCategory": 0, "parameterCategoryName": "Currents", "parameterNumber": 3, "parameterNumberName": "V-component_of_wind", "parameterUnit": "m.s-1", "forecastTime": 0, "surface1Type": 160, "surface1TypeName": "Depth below sea level", "surface1Value": 15, "numberPoints": 4800, "shape": 0, "shapeName": "Earth spherical with radius = 6,367,470 m", "scanMode": 0, "nx": 80, "ny": 60, "lo1": 109.0, "la1": 20.0, "lo2": 116.89999999999955, "la2": 14.520000000000117, "dx": 0.09999999999999432, "dy": -0.10000000000000142 }, "data":
[rows 38 to 56 of 60, columns 0 to 42 of 80]
-8.490914662401996,-7.771640026227264,-9.318987665695172,-9.507151109464836,-8.93362107238059,-7.913287095190007,-7.501711825943807,-7.455901285935381,-6.8627149452166485,-7.425981565348159,-6.945978720044567,-7.401359059645059,-7.418961414791429,-7.177226179921898,-6.344778982233537,-7.9822634982131415,-7.875536566760741,-7.021072530470349,-7.0593604671758605,-6.505144624829461,-5.171837122106499,-5.397413487053591,-5.848158534166356,-4.702853831981243,-4.711072383282226,-4.850630620560024,-4.238884307210535,-4.463454424111361,-3.9821727090836756,-4.139327904762769,-3.505171611686399,-2.3009741655784888,-1.2893741291462066,-0.963109047259703,-0.09197064264970833,-0.25011386774393196,-2.060656414687087,-4.059424995687279,-3.546438112139767,-3.8037955275414506,-2.948896229355721,-3.039795417474868,-3.725496733142048
-7.504719920064006,-7.934781791218525,-8.599210935523377,-8.698094141742361,-8.877688755746036,-8.009920443963782,-7.4238880105732665,-7.573826535833296,-7.6077553338977735,-6.996855400180615,-6.95400146499508,-7.839157278816316,-5.959713472884888,-4.448895779718439,-6.117482213147654,-6.454705500999446,-5.590298736329505,-5.961876994105776,-6.458769333679882,-5.372509569367177,-5.957082286082099,-6.295496247107978,-6.441427791597656,-5.473984688650018,-5.378639713883814,-4.885177775169,-3.703464501646438,-3.133890643678276,-2.90356766492088,-2.8366883974600494,-2.4883800847446627,-2.7187218405773463,-2.4463262934781285,-1.8626348556460532,-0.7533921241721684,-2.938268934128826,-4.890262322721432,-5.596435915942599,-4.829923330329336,-3.934085402218196,-3.592441107960639,-4.817310609351454,-4.688370670957176
-7.8498091843200735,-8.459313428659147,-8.602559699826115,-8.497175249840152,-8.32783349869694,-8.506861365567026,-7.778290429412847,-6.795870471965626,-6.890388238651507,-7.176602570513386,-6.870192559023678,-6.510442489874094,-6.2126433475489256,-8.275019311738314,-8.851100833845054,-8.018168462259013,-6.501161681520133,-4.907196327345497,-3.806885827544696,-4.750258309715323,-4.964899608117207,-1.9772503318327448,-3.4091052190567175,-3.334422199014141,-2.173596495347966,-2.4199954736202414,-2.4533034681353056,-1.9774387411484535,-2.381410067211415,-2.063445411710738,-1.439439300925957,-0.955846847169238,-1.3431711848070664,-0.8992396830528724,-2.7155967232277165,-4.232433427766448,-4.927832880363228,-5.150917529378746,-4.429052957816381,-4.283337538066104,-3.6959991689321723,-4.689089901903816,-4.091528675008432
-7.581360388601428,-8.554039913694714,-8.91830840426074,-9.075548665519188,-9.05343859527237,-9.51657925543719,-9.278765316509347,-8.281662610433075,-7.247275407490079,-7.644406459029218,-7.948784619489061,-7.855783751797129,-7.852165722479972,-7.648992383591333,-8.787897331817469,-8.08678683190744,-6.265415954844218,-7.0692579850195285,-6.616559799443842,-6.516096751864767,-5.216200454103455,-5.3043670322612755,-4.109510263419225,-3.17792874479071,-1.9853880886998658,-1.258472840026421,-2.826456049340793,-0.7008140059543675,0.06879872572174625,1.2654441716426774,-3.223764639819823,-1.912060985688847,-0.6876019809920194,-2.5233910328610696,-2.871353813088093,-5.078825380924899,-4.271439228026486,-3.3512349499226883,-3.759115418814361,-3.1076206148410983,-3.6943803468009713,-3.4041776871443283,-3.996445705691208
-7.301300927061904,-8.35518269693068,-8.734627249506085,-9.020840092335558,-8.997316438503557,-8.93082164668532,-8.645886605626275,-9.05995912592171,-8.932554846244042,-7.135315150030843,-7.075937179630815,-6.651805923357902,-7.992803529411702,-7.624686843542711,-6.747399167408247,-7.051932536600522,-6.831728303657953,-5.950518237401031,-5.700103806690916,-5.621986495008962,-5.579160790765001,-5.46746148971461,-4.957835321482285,-3.8379400219587883,-4.721830243608381,-4.032915758952426,-3.1419483136598814,-1.026796252120855,-1.3089679961555651,-2.6563455034008743,-2.214771391933017,-2.2847050163171962,-0.12362902533711939,-3.7358058385014408,-8.225947707642877,-5.395783719646246,-4.258774456681062,-3.392064042391879,-3.5793184359370933,-4.245114257946283,-3.412371568432096,-2.7457723179373095,-3.7697283772333807
-7.730094464341907,-7.502835358576874,-8.132659461494562,-8.768962441288291,-8.891514222582288,-9.043469847349266,-9.041266831283298,-8.978890788695251,-8.991403995191293,-9.16647885101695,-6.616683368356264,-6.2881962132443965,-8.40574823572545,-7.972753140056218,-7.5971626786525075,-7.816482537862945,-8.362639056471693,-6.178788647375204,-7.285639168326272,-7.068714688812433,-6.470267624665169,-5.8439049266705965,-5.100555193533859,-4.778359999205187,-4.876273705386812,-4.519862035406515,-4.628209321694626,-4.175707726468807,-5.53952089163031,-4.989444270261226,-4.509452864504713,-4.415809332831097,-6.648556603247163,-6.975738172039274,-4.899637783073261,-3.6128439451160954,-4.35966162751362,-4.01470775893501,-3.1314603694325496,-3.4186267353144624,-1.6065639684552913,-0.7600523296019439,0.11523037055990529
-6.904781871611817,-6.394591473591007,-6.157892349911398,-6.732774562765323,-7.184314138269298,-7.365360982106179,-7.893542020527728,-7.819998822190501,-7.781789710093185,-8.379421240870244,-8.887044453697277,-6.384084697792435,-6.4515421686660215,-7.812356920973986,-7.410350932326558,-7.300801629753855,-7.308316720242266,-6.935887569767914,-5.591981153881547,-4.679763606248046,-4.447903616508379,-3.972710606190704,-4.166595982646001,-4.261186171549049,-3.386004187174926,-2.3216226568042337,-2.037630155872449,-3.3753628102627573,-5.650773119777135,-4.943974148799986,-4.342357371514223,-4.619556098568944,-6.531638965183612,-5.115194369648787,-5.229057440365048,-3.4782816434143826,-2.2842763192900684,-1.3146481077507959,-0.7343578706648519,2.0379551163521636,1.0573167045442968,1.8294461675892375,-3.9539975226359756
-6.320844729749844,-6.2390993445852,-5.661096224421301,-5.652146271124209,-6.290176272390529,-6.268177461139906,-6.470348459254786,-6.478458226640399,-6.475619401343687,-6.7358751692611865,-7.220284149804396,-7.579955386537013,-8.435345281373946,-5.4164509324455095,-5.1433426034905105,-5.142238574644053,-4.737067271177212,-4.279157601881,-3.3412612477930277,-1.6105081116411233,-2.1087574559948843,-2.7732551672271364,-2.019414916315612,-0.5519296494594575,-0.6393563766766039,-2.400692172385093,-4.782648966275958,-4.961014928777262,-5.067841223788248,-2.6057264926056294,-4.203300209392822,-2.7926237823446494,-5.974108939154523,-5.3775896859067425,-4.799885587147723,-5.0518790002827885,-2.628558744043373,-2.5189308101816517,-3.1638991925263564,-2.3133559560530363,-4.067906660352941,-5.327052897354127,-5.397489871657876
-6.080514652470606,-6.233217519808605,-5.6529443505353765,-5.486612831738403,-5.083936936169808,-5.8410022254640594,-5.881506131317741,-7.108065605968299,-6.529317205403422,-6.290788485628365,-6.8043558565805125,-7.85117905320104,-6.159372303547662,-7.588496738958616,-6.26359199402846,-3.5562666360559954,-3.6003493068435417,-4.372476672214935,-4.926730886810531,-4.09559174764474,-3.846321545629391,-3.838833776575504,-5.123598554627693,-5.252149677955495,-5.937521227828135,-4.221759617446227,-4.710084000750516,-4.8194425677643045,-1.9260925835365117,-1.2332490895699784,-1.622133845093915,-4.788911621191504,-2.9260207609955717,-4.417701225231399,-4.586978625381866,-2.9816742358268558,-2.54924337469875,-1.7065790635698952,-1.0294793857950946,-3.9947190727766237,-5.690348696957081,-5.88850546923771,-6.707188709822509
-6.4069318703336195,-6.582714370192621,-6.444034517961564,-6.169375496077848,-6.310133752092933,-6.942168816660609,-7.137686004207328,-7.712654473021608,-7.187068921677259,-7.524275618927013,-8.228698827782104,-8.244818486986787,-7.7579092076880976,-7.917019139687865,-7.277366982144526,-5.5724164397011124,-2.612504894227753,-2.556634226062352,-2.8981266351090538,-3.3710263678891894,-2.548857226028645,-4.944325297581908,-6.250197219312118,-5.5441242850986105,-5.0127810436005475,-4.394462871916344,-4.436295531918634,-4.147971703827459,-4.920673944990945,-3.797805351080703,-5.460399147840761,-1.909767875004313,-7.170080181897346,-4.874583744188963,-4.027972946262416,-3.7155148600445886,-2.321671146699739,-2.3761036003642406,-3.705485495551523,-3.385862685707343,-5.109405202362959,-7.404492182494067,-5.176764796389703
-6.471475366330695,-6.502348383461413,-6.502807722486206,-6.574120552180115,-6.932077778057005,-7.646835869067388,-7.379122728227608,-7.344349086418718,-7.183472507121427,-7.543914175937047,-8.519107165260408,-8.439408842350888,-8.277801716847037,-7.395543093304623,-6.693336140705278,-6.118970417367295,-3.597398031032989,-4.06712337499795,-2.9941519661928484,-0.04819194116547576,-7.255920146636206,-7.1751926029062725,-7.761271355237262,-6.373212132861518,-6.808545006024724,-6.602072783884694,-5.835001480344484,-5.019974017374254,-5.318372698972738,-6.94118038606023,-5.991324795956738,-6.295913159124628,-6.267874923745607,-4.944614142576446,-4.152451248407861,-2.245824163676769,-1.286145971423099,-4.014936716512306,-4.079794407617505,-3.3529541191825527,-8.442428735177007,-6.153310935929986,-3.4190730824597053
-7.072526819043731,-6.458520244575858,-6.48195310210853,-6.444378388249511,-7.181609646931252,-7.938633689063552,-8.112798909612213,-7.741839954436214,-7.53972828119597,-7.805454930220784,-7.487710792979617,-6.442517335660508,-5.607425948625542,-5.316981552614689,-4.586476260604925,-4.6176645078061505,-4.845923450527257,-4.939902840871962,-4.2676726384944335,-7.185562561461127,-6.038663847576777,-5.275914226978722,-3.5857864791872225,-4.688383857934814,-4.628744146343774,-4.089433518668408,-4.315861420097723,-3.700776645249821,-3.166621281889687,-3.155424520799747,-5.112486207342466,-5.602823591954939,-4.965458322368803,-4.98884334175566,-4.573169101230273,-5.278248720114289,-6.46588355606001,-7.285837518422044,-6.434935285247958,-6.602205342821124,-6.332063072517265,-5.860523036770301,-5.688875142658482
-5.744898723900463,-6.689781413177719,-7.45979291308023,-7.877464216465238,-7.326915478569698,-8.095956103083724,-8.372069806020601,-8.424102170932414,-7.8367308918013325,-6.7221288648328645,-6.917660945988829,-7.08045544677586,-5.943840768724032,-5.441240744192319,-5.0061032984729135,-5.240384292331066,-4.59896167565827,-4.347717618648346,-5.331848108171961,-5.971529702061703,-4.131046457067434,-4.337662539537169,-4.183667452840493,-4.240980180326185,-4.69551581965937,-3.5538749782148202,-4.075897455546552,-3.2521713548214337,-1.4856604004539182,-2.3221755966481,-3.6622385036007894,-3.843154471606553,-3.013733055925052,-2.7452385234337986,-4.066585018497245,-5.994402030645965,-6.8184078464096025,-6.638953397366525,-5.4475629539617145,-4.227967280310025,-3.226592303962807,-3.466927757804419,-4.828858353461646
-7.332735917373902,-7.75812578708053,-7.126609614637292,-7.640341384647018,-7.500160243145004,-8.130986026849058,-8.646918591418693,-8.110207919472959,-7.363115300512223,-6.425272357939879,-6.366145116181739,-6.899191526618637,-6.5702776626394295,-6.555195693362192,-6.440940357307717,-5.493439382967046,-4.425590661617919,-4.097800669511605,-5.058613251034136,-5.037943124563942,-4.713612139092586,-6.240330854975465,-6.4323306661356074,-6.973005368473187,-6.0183737379925555,-6.740339528233276,-6.936978155153876,-1.6455092386781052,-5.255146842884832,-4.832308894403331,-7.131543716920905,-8.150999265602092,-7.429042507971452,-7.856135853538964,-7.444126162748523,-6.903008774746874,-5.437672312239352,-5.082257925929825,-4.306255235874219,-3.98700425850615,-3.2282188667753515,-2.9892925986596235,-1.845056982110743
-5.449589946105917,-6.13858628838197,-6.109060593060288,-8.713573439157027,-8.488188561092317,-7.668717961375451,-8.11973492211552,-7.7015357673033575,-7.291843069963884,-6.61864419457697,-6.740451054888207,-5.850152502490207,-5.54480285229044,-4.5746191016131705,-5.180859135447006,-3.709663550591736,-4.979255647188854,-4.744767800059118,-5.4130126375878564,-4.778452832165128,-7.616018995758548,-7.043865995108376,-7.638228633108004,-8.395968185912388,-9.089634655932127,-9.817423454580993,-9.513209707804936,-8.88706889714138,-8.993263203852282,-8.818289169687748,-7.061845618143123,-6.857811612904678,-7.398054100119486,-6.335741674252647,-6.045958751080058,-4.634614693541253,-3.508184709124173,-3.4354722615298487,-3.3383445730500263,-2.2929090799809955,-1.6341694122906567,-0.49985193476353645,0.46744099630816677
-4.359893083668548,-5.879836052850472,-7.8372664145858,-8.197876517841365,-8.473937422251687,-8.162116511489268,-7.713292603110363,-7.496899276360781,-7.048971946787875,-6.005901441345985,-6.143068291900718,-5.394231824379545,-5.487947715459642,-4.995038658676107,-5.198840978847884,-5.8287674223360275,-6.149238269344107,-7.168988340330467,-7.616961984828244,-5.878904156096575,-6.364244022784314,-8.889213828681802,-8.698661478587496,-7.655973538476084,-9.667537676766017,-9.629753822422986,-8.84408992733464,-8.025993674051497,-7.871191802002025,-6.147897410786762,-5.6613436811663185,-4.769770943422101,-3.484550076347744,-2.40759209716911,-0.7467210803417448,-0.8876439790182425,-2.930853613404858,-2.4088920605895794,0.24885174724579823,-1.136695750849873,-1.234146042559329,-0.7291223479465502,1.0553917191183144
-6.5490289719317705,-6.951591108743039,-6.877840057830333,-6.819487827102607,-5.9910618351136,-6.646939566720851,-6.276860604966932,-5.608045359248828,-7.435704919555274,-5.476652816838114,-7.53331036841937,-6.323295198083894,-5.601547118468158,-5.026941755512217,-3.753290466002212,-5.744367951859264,-7.239095211037901,-8.152866606674408,-6.819893686570255,-7.426126507928173,-9.471214462342429,-9.526692251339437,-7.73529779477141,-8.694450219839021,-8.970583450227394,-8.58837065255262,-7.927951166105271,-7.159497274982513,-6.334251306187705,-5.767061001388699,-5.5022174050638695,-4.660199386971856,-4.431123159839545,-2.6396759481338368,-1.8065434263755216,-2.0895033484083028,-0.6747378715180928,-0.5058986025735644,-1.779469301446277,-2.6762754471766748,-1.8760438856766977,-0.7041819326367221,-0.5588217620652127
-5.332196613742231,-4.663995812414732,-3.5065314646314394,-3.6571101581149597,-5.5114384905875715,-6.151079102839655,-6.997218527638771,-8.403444901223013,-9.19290837320208,-8.509633005386394,-6.916254449001951,-6.453354927433503,-7.563347495371772,-8.404562159397402,-8.083951229921375,-8.487991461597266,-8.259087203917307,-8.344573114535839,-8.685256614639048,-10.595228141743561,-9.26544962915809,-9.036361964676841,-8.910384372552633,-8.017051445405324,-6.4683522810785234,-6.373078269113538,-6.1058909243797945,-5.401536916174962,-5.141361063991035,-4.967564034155544,-4.59447776706767,-4.983728948708532,-5.37349665354547,-5.5921174598468495,-4.318970500051124,-3.848222979443709,-3.4234162138261692,-2.921303362514858,-3.0945737732624345,-3.165928316857433,-2.241041627741206,-1.5581362593805708,-0.6263682589014863
-5.5880926230872,-6.339230799644372,-5.988687771062487,-5.135314109928783,-4.897321971657865,-4.754531534078686,-6.122318448941536,-7.221292570139832,-8.19982439493307,-8.007556217719792,-7.485418831329342,-7.195927286101019,-6.839010533491848,-7.853518630145661,-6.775659489671032,-7.818666494627883,-7.454649345076682,-8.852466440903363,-9.17384604528838,-8.310377993389164,-6.933866459159039,-6.436013286736132,-4.596015911947549,-3.5237277546256403,-3.88248331864915,-3.3615167017015324,-4.771932086267268,-5.788965861404174,-5.608811562461874,-5.6656147164581565,-5.828582609131068,-5.403028331357671,-5.324490239501497,-5.66823268019013,-5.442308044210753,-5.267061827297503,-4.389536030701157,-3.6188559825384625,-3.0530380078031305,-2.3601125209828657,-2.1269825914433653,-1.9745349477974292,-2.539552372601685
