public/json/wind_2018-09-1607_700.json
{"header": { "discipline": 10, "disciplineName": "Oceanographic_products", "center": 0, "centerName": "Ocean Modeling and Observation Laboratory", "refTime": "2018-09-16T07:00:00.000Z", "significanceOfRT": 0, "significanceOfRTName": "Analysis", "parameterCategory": 0, "parameterCategoryName": "Currents", "parameterNumber": 2, "parameterNumberName": "U-component_of_wind", "parameterUnit": "m.s-1", "forecastTime": 0, "surface1Type": 160, "surface1TypeName": "Depth below sea level", "surface1Value": 15, "numberPoints": 4800, "shape": 0, "shapeName": "Earth spherical with radius = 6,367,470 m", "scanMode": 0, "nx": 80, "ny": 60, "lo1": 109.0, "la1": 20.0, "lo2": 116.89999999999955, "la2": 14.520000000000117, "dx": 0.09999999999999432, "dy": -0.10000000000000142 }, "data":
[rows 38 to 56 of 60, columns 0 to 41 of 80]
-17.672144552590865,-18.189867618116274,-18.866866534566576,-19.087547921900356,-18.96682685742281,-19.315332582415948,-19.615728196123385,-20.4306308294883,-20.421344077942212,-20.315265482050034,-21.173992502526602,-22.44022280777426,-23.024524918132794,-21.575963662505842,-21.51718054916714,-23.525623375163665,-24.529735555146125,-24.177514284186778,-25.91642403173187,-26.141329584241824,-28.22708299825311,-28.96696808928857,-32.9743337116474,-33.178799513684545,-34.023688765163186,-34.497547217255075,-36.2643463358344,-37.53737878546075,-35.791024414515846,-37.51472497220242,-37.694296097613915,-37.93448464960788,-39.25668817668191,-40.77556909105038,-41.04457018200772,-42.18419718454185,-43.547739089910365,-43.04749668497503,-41.01442443617651,-40.115386237509846,-42.53548725652121,-43.192880931039575
-17.8076769031404,-17.53380301481086,-18.879416141197616,-19.29619182341228,-18.875792857574183,-18.718454572623028,-20.101043787583826,-20.406990095537537,-20.921920819313314,-20.875853968854464,-21.455705334930336,-22.619158857204514,-21.822740473676937,-22.179912216189273,-24.29462747410316,-24.530091850127796,-24.153261025269913,-25.212854648156288,-27.184632582342246,-25.236864570198072,-28.416969010531133,-28.826783816392624,-29.438418642915142,-29.088458575829335,-30.50573203398622,-32.5736770263152,-34.189119972447045,-36.736253380974844,-37.31749689973792,-37.068030485673845,-38.24297827694393,-37.54401261969099,-37.737721165388976,-39.45710860772837,-40.466896061985466,-41.99057200323234,-41.14721397932033,-40.41146989093138,-38.535101614910516,-38.42794493432937,-40.194491362280225,-41.250540824219094
-17.42599225458884,-17.816560610249947,-19.039006405122063,-19.425996570854185,-19.15878560481398,-19.456166057095913,-20.377422912320895,-19.634725097905523,-20.378418622401295,-21.035912078674148,-20.334431333227457,-21.644932292964388,-24.35684461154789,-24.461202081976186,-24.68328418648409,-24.576291509242346,-23.88307577394781,-25.173304185878354,-26.3638283395402,-27.1939340110711,-27.86272992592628,-27.531544494168728,-28.372210509456377,-28.05301527021688,-28.980822246540825,-30.825945922706133,-33.520718977035095,-35.17278646820066,-34.55491102792691,-36.68175093983261,-37.32433810881979,-38.52329456103095,-38.78645679983238,-37.43999026709459,-39.3522861708487,-39.22832488615192,-37.605487348889326,-36.98919436939063,-36.24573984025885,-36.74642560537337,-38.058368322089976,-38.0449284578976
-17.53814595720258,-18.525599656853053,-20.213341023521718,-20.047012451734474,-19.90393575955632,-19.545367684961562,-19.67520247984396,-20.65760053067267,-20.462138653863448,-21.580654913236987,-22.481958532349314,-23.728131215993763,-25.93888319113126,-24.966548131777827,-24.7872827070391,-23.951325960555593,-25.60099925973881,-27.28271358257855,-26.279888068098828,-25.952305214129584,-27.484122604881932,-27.32681330098301,-26.23823807469761,-26.052464689830064,-28.210310477894712,-29.05419184694274,-32.18997637334736,-32.86227360966927,-32.732022074148226,-36.51555073094184,-38.365435585486324,-38.64932952925187,-38.44190054982671,-39.90840306149565,-38.76221903551436,-39.43055878123445,-36.20874950650386,-35.32045136447617,-36.30081050225704,-35.16664803154187,-35.881859737561655,-35.9694419550304
-17.29938491658764,-18.998545464323904,-20.435055390027102,-21.068343009949825,-19.963493446657633,-20.152812106870147,-19.44266865626848,-21.400203104753324,-21.542329819728828,-22.595681748045386,-23.57862256151285,-22.21237583225687,-25.92757909722203,-25.826050728137226,-23.306912391925962,-24.92053556614239,-26.443195534022784,-26.575674695903654,-25.606125830954113,-26.179656524890703,-26.712749098341654,-26.071629312714098,-25.712147206030707,-26.083287533106606,-26.649022432691524,-27.38427114551338,-28.58885915282913,-30.79603299362885,-34.19994710270501,-35.709348634735505,-35.14378206335532,-37.15854472492236,-37.27711944860268,-38.07334875874991,-39.513451984752685,-37.366451195647755,-36.700318463448085,-36.40318141706389,-35.99521306365873,-35.757538281565964,-34.24979364983943,-34.20740863706518
-18.725953708452323,-19.992003589455496,-20.575532324974358,-21.75760346506023,-20.55481405767674,-20.490284159438012,-20.10725639463405,-21.121125984064452,-22.230315150207872,-23.45672036635272,-24.487611936002377,-25.216942932578927,-26.43939548354597,-25.96338784556939,-24.96991024653397,-24.595943682386604,-26.180254042121362,-25.574839384491938,-27.27744491734839,-25.83669061207065,-24.067352524686058,-23.73188428047977,-25.049568273813552,-25.112324867773847,-26.614042146936736,-25.709472650824832,-26.689506725525717,-30.607656043656952,-34.33038446395231,-34.90633277783102,-34.81600005754868,-34.90765528393968,-38.75938656980152,-36.72321307982696,-34.943406359900905,-35.785019888580976,-38.14346207753382,-35.35280514094551,-35.059428214712895,-37.36552188879311,-39.381097416956564,-37.66210309098659
-19.09181091831254,-18.826347552123224,-20.02813433334445,-21.674276567101188,-20.989749994533103,-20.510158639766118,-20.71959197830498,-21.45148566839995,-22.946777378402608,-23.7784466008629,-24.951979044685423,-25.888276139525843,-27.06317874248354,-26.556635075473224,-25.444668987621366,-25.37966608688024,-25.494655096487854,-24.591993865809936,-24.286854924949104,-24.615502706044843,-23.69886492232967,-24.437677295496712,-25.637854688467755,-24.900787820516214,-27.2057816500321,-24.740103586712426,-26.823021178908213,-30.9261891794471,-32.75352275657357,-33.83243787429577,-35.84948015857784,-36.206824529479945,-37.05809764391699,-36.711792441619835,-34.154846805029415,-33.764532739505356,-33.9281895899503,-33.987003388325874,-32.73325206927316,-32.30158265303296,-33.2563161901282,-33.96912573067562
-17.59201906192686,-18.7181404493037,-20.438900926388495,-20.748371605426815,-21.365370962728036,-20.760691558889324,-20.743200423432537,-20.99146055265233,-22.832787383383916,-23.477541826290235,-24.49971863333386,-26.63952646558611,-26.062011391154748,-26.03289009408867,-24.560154603418678,-24.839848139273204,-25.31113471447797,-24.997313789554326,-24.086345363550766,-23.27174620069402,-26.279207375544395,-26.154800789009187,-26.70620694330092,-25.25973394218762,-27.718835857405935,-30.57871660024815,-29.27442899866287,-31.17892080247184,-31.02382372482254,-32.40343096427461,-34.80800501860653,-35.91394683926285,-36.68921786487603,-34.066331783438784,-32.949740127991795,-33.06600207178013,-31.252265536541014,-29.735491189810126,-35.29735163331356,-31.881522203685194,-32.712686826475476,-30.805583436394016
-18.08754784360081,-19.362298172290846,-19.677745840256435,-20.785112096169623,-21.74052860077352,-21.10383142533818,-20.837803325107178,-20.580371205423,-21.903324806209266,-23.571180450085315,-24.53724736563134,-25.178906269087296,-24.85901009884821,-25.430833791328432,-24.533182757673607,-24.392255752931984,-24.651793790436816,-25.866592793132536,-25.405396683944595,-26.759655623870458,-28.211685990236354,-27.017713243333404,-29.251676633071074,-26.833153161651573,-28.099513757311726,-28.846051867974047,-30.545139937300025,-30.2046101319532,-27.576071728531765,-31.19363679513723,-33.92119528987272,-36.71835082434099,-36.50214331210331,-34.65740099172815,-33.187361835632764,-33.22316080505512,-32.93483320399409,-31.55075455972129,-34.91029015944497,-36.83796802208683,-32.311314343090054,-30.400208158886397
-18.605019062359883,-19.498542835504104,-19.083408319846047,-20.515242691359276,-21.33800261598674,-21.589300361590205,-20.95197123728095,-21.10215967860887,-22.356814184232086,-24.34884771234428,-23.72628919985563,-22.419320938481416,-24.404239054678428,-24.305715196861314,-23.190765010817106,-23.776030347805364,-25.399470071674276,-26.026857341087023,-26.39268718398744,-27.06182483972059,-29.825580836764548,-29.12149806888724,-29.020042324559164,-26.919501236734245,-27.745524604138637,-29.417629227607797,-30.463068717525175,-27.982638924746848,-29.816391499680776,-31.449893136846054,-32.891286175231826,-34.494390254189916,-34.94693115016468,-33.318410003322384,-32.939188579291546,-32.77676460729314,-31.262919236263897,-33.910359200946345,-33.00129083269359,-30.788074869206564,-33.02578392078495,-28.555316676820922
-19.191181827437845,-18.87947251064508,-18.950420988440058,-19.209104518547232,-20.19431737151898,-22.061247945879757,-21.142682398756786,-21.369145127087084,-22.023142989961844,-23.791822019951983,-23.29742175220464,-22.830645550332385,-23.7145225126613,-22.89517914053679,-22.573440737753728,-22.449705145651755,-24.430996098586192,-26.733056497267146,-27.114938376968876,-27.664626692829387,-30.408546628462773,-29.382809469692987,-27.372760257417674,-25.918326234428072,-26.948411721949107,-28.77308533924176,-29.43882111479588,-28.62917514852502,-28.816285248765755,-30.42900046972661,-30.529226857702344,-33.381315948156576,-31.684430268754692,-31.195789280910162,-31.611345630410977,-30.563456498277855,-32.841644611576186,-31.86542122524633,-31.314277712864374,-30.1627496182526,-31.840198458887166,-27.948794903638102
-18.598610885488434,-18.260534166122625,-18.49916473075933,-18.66932663971813,-19.668454431882935,-21.620263546978837,-21.39906476452483,-21.453600773480105,-22.352411650192558,-22.784071544479197,-22.585954322654555,-23.15160602474187,-23.55726435996678,-23.11538630615759,-22.72718255725796,-22.55786941443059,-27.057569559097463,-26.266753583967304,-27.28506079997118,-28.915847115892166,-28.099916398468686,-27.27295711638603,-25.928145206776826,-27.02358276107488,-27.64444614209863,-28.08576945544827,-29.135558928308917,-28.098545166830664,-28.560433981788826,-28.966964814026078,-31.58376269438065,-31.009873928993578,-30.621418999436102,-29.80503801588291,-30.678300060016177,-32.36178226494699,-30.458676607509602,-29.345331060037722,-24.868524471209533,-29.119453115598805,-29.9189548808053,-29.067628819862094
-17.285572369627836,-18.846982927154816,-18.41611343212867,-19.420459197972303,-20.62635966763484,-21.745013419608696,-21.490652780768066,-21.29556060246273,-21.570261474079896,-21.8451850104889,-20.862064280583656,-21.59434513996555,-22.935158068463693,-22.860448636161596,-23.041055172269264,-23.349482902396375,-26.22453958092338,-25.905195602871004,-27.867139533631445,-27.63286061452529,-27.679187613471427,-26.573621343081726,-26.884896254349602,-27.956326003371945,-28.04014866074623,-29.442315028330565,-28.80149790778922,-26.607217480845662,-28.102252278328752,-30.366706325822044,-30.94548642372691,-29.74515167649562,-29.690954304171022,-30.65809701039042,-31.389668600615984,-30.194991998292828,-29.89456817491047,-28.45420261203714,-26.85871425714596,-30.768114875467816,-30.946241787158,-29.468633477635926
-18.080772138561862,-18.33849778997241,-18.14576321171395,-18.733337966887515,-20.4018930666416,-21.330036407982636,-22.12098578970425,-20.7724970394805,-20.35664003378836,-22.272995895201614,-20.60794601489888,-20.518388581380623,-23.014590667855916,-23.43386200734394,-23.722267819278862,-23.873396950056623,-24.19233357675603,-25.002820314775285,-26.034509143527487,-24.541608600827715,-27.43919437140782,-27.71900369862572,-27.022801892268383,-26.804949528092685,-26.742291901759728,-28.468028880780324,-28.78855012675297,-31.471117683082447,-30.966842685717516,-30.631026390039143,-30.78253976897744,-28.58054505849568,-28.968370747833298,-28.406402585175478,-28.80290354379714,-27.18990267206715,-28.35888348247194,-27.3077163739497,-28.847014946638293,-30.53505849970992,-31.35779967125629,-30.206090535031485
-17.337400224722867,-17.041538513613624,-15.401949280524917,-19.50666985807088,-19.31730174153341,-20.200977577469104,-21.535579660174548,-20.522654404886538,-19.4085932141333,-21.699417229455573,-20.922692689676126,-20.026605683861064,-21.237203742607225,-23.42051924003662,-22.97677594655446,-22.74752866511451,-24.038520468858675,-25.594554763417324,-24.82497944333948,-26.606736812370784,-27.32007636657605,-26.725887423357513,-25.937500322792953,-24.89936846382775,-27.10242269740976,-27.714692860733457,-28.1967934619062,-29.07154678399779,-29.23775118640303,-26.6422544990683,-15.815456504058304,-25.187722282206323,-27.140662255631696,-25.34341663843728,-26.215558358048042,-26.162368470688993,-26.97393819372579,-28.501709274363023,-29.302518621056194,-29.69041713608733,-28.706841272674676,-27.73782326298313
-16.629200270624096,-16.75351092998627,-18.897567416515926,-18.47591520396427,-18.528567111325067,-19.272611238201367,-20.357276092758532,-19.443465308154035,-18.140412689201384,-20.24854150658471,-21.25030177783194,-20.255796058995408,-20.355845281034025,-22.61227543856858,-22.78010722252015,-23.252452360576857,-23.736755748768754,-24.895611330057886,-26.181014176166467,-24.950846824814146,-25.33734835989162,-26.18984955842292,-25.850422655465458,-24.482820639083517,-27.099105758740386,-26.794641960859767,-27.128768448791533,-26.84000850123242,-28.937123190876854,-21.49443475497503,-21.61787398117702,-22.24427095266855,-22.49258143909221,-21.174372657451855,-23.618165304516225,-26.912277749174102,-27.69395056350055,-27.868753761770378,-28.90513916560111,-28.831588293116766,-27.50851771097455,-26.847703183810868
-17.874634942598107,-17.971707446055095,-17.779693662102172,-17.44893770449671,-17.389154065737348,-18.5322632352198,-19.292891234352787,-18.591282598681946,-17.51964505712733,-19.628710026772925,-19.814602925369854,-19.459684226348514,-18.886950196360534,-19.766492474144957,-22.211309725649176,-23.693244582276325,-24.0255085738616,-24.339623172069523,-25.16493688900047,-25.222515172895392,-26.041757799313032,-24.456137221866676,-24.95088355636478,-27.19629201307453,-25.618833401875698,-25.254541735191868,-25.60344647508301,-25.287851147527995,-23.732959543833186,-26.113408761100604,-22.701112446215962,-19.61316579776106,-23.311650349359628,-29.334211559134758,-24.85617458235057,-27.083106616630012,-27.44489814678584,-27.774802258487007,-29.761106964753743,-29.383027186433797,-27.60123192288485,-27.454557703162877
-17.166222941799152,-17.15402163754831,-17.00281262002727,-17.43186567733501,-18.2848652908748,-18.404733293076138,-19.056948571287613,-19.359706666586032,-18.27136691572819,-19.054985263699713,-18.440315795146372,-19.266204556012603,-19.020863345551078,-20.02832947097248,-22.081530586164,-23.529495427085262,-22.06219619131246,-22.935352208618863,-24.357807014127072,-25.165620644916178,-24.477714551345386,-23.90565436476004,-24.981435146611,-25.440921409153706,-23.6039051465803,-23.9713099500428,-24.263867666153942,-24.535272822264186,-22.774176872504214,-23.234169681740575,-27.25569949518534,-30.884254402817138,-32.06865594287771,-29.191574592704512,-26.68545449156113,-27.36288026624554,-28.49694537662661,-28.84418273720128,-29.057984133841995,-28.511688903837708,-26.933320840559574,-27.69751577562787
-17.333404573056942,-18.259125917855,-18.2186146652233,-18.32837519537687,-18.57902089889904,-19.00137575009747,-19.318254681416782,-18.978869980498434,-18.322323401719864,-17.33039800555967,-18.624065189000643,-19.194265486831174,-19.34786165764254,-18.87455092442254,-20.938836317810164,-23.343921797590347,-22.440373826357344,-23.57283167454827,-24.339335318925503,-24.164900007093166,-23.260791254545836,-22.58945637538962,-22.159100170378384,-24.019257603886143,-23.417409482229505,-23.624924713764624,-24.526454808451554,-24.797867355112995,-23.824663776376664,-24.506836363890976,-28.222737271534058,-30.446232302689367,-30.262582927377952,-29.7201054280043,-28.98245508515504,-29.20792106264311,-29.351566957095244,-29.42636914250491,-29.021677516560786,-28.523267962475934,-27.156339294170433,-27.82824278471549
