public/json/wind_2018-09-1522_950.json
{"header": { "discipline": 10, "disciplineName": "Oceanographic_products", "center": 0, "centerName": "Ocean Modeling and Observation Laboratory", "refTime": "2018-09-15T22:00:00.000Z", "significanceOfRT": 0, "significanceOfRTName": "Analysis", "parameterCategory": 0, "parameterCategoryName": "Currents", "parameterNumber": 3, "parameterNumberName": "V-component_of_wind", "parameterUnit": "m.s-1", "forecastTime": 0, "surface1Type": 160, "surface1TypeName": "Depth below sea level", "surface1Value": 15, "numberPoints": 4800, "shape": 0, "shapeName": "Earth spherical with radius = 6,367,470 m", "scanMode": 0, "nx": 80, "ny": 60, "lo1": 109.0, "la1": 20.0, "lo2": 116.89999999999955, "la2": 14.520000000000117, "dx": 0.09999999999999432, "dy": -0.10000000000000142 }, "data":
[rows 0 to 21 of 60, columns 0 to 48 of 80]
null,null,null,null,null,null,null,null,null,null,null,null,null,null,null,null,null,null,null,null,null,null,null,null,null,null,null,null,null,null,null,null,null,null,null,null,null,null,null,null,null,null,null,null,null,null,null,null,null
null,null,null,null,null,null,null,null,null,null,null,null,null,null,null,null,null,null,null,null,null,null,null,null,null,null,null,null,null,null,null,null,null,null,null,null,null,null,null,null,null,null,null,null,null,null,null,null,null
-11.709154286628833,-11.89296711973621,-11.636101450087251,-11.63277899222938,-12.352021538381605,-13.922874561278844,-14.479875261550154,-14.952993473022351,-13.912968478351427,-14.350613864291095,-14.657134070066785,-14.884522590141124,-14.980492505358002,-15.861603806167494,-15.55661003232893,-15.067962351258753,-14.400006263217719,-15.7777704751445,-15.905327370630902,-15.494466218586009,-16.49783462301295,-16.804767636076544,-16.538126992292415,-15.815830684104817,-16.08005771885802,-17.12327822282063,-17.044959230550994,-17.28477637581839,-17.193999934830977,-17.179306012094724,-17.173173778347973,-17.12194448617311,-17.94317178737814,-18.787575399634644,-18.635427525829467,-18.11571511189177,-18.7412608729706,-19.135587667056246,-18.903617589937497,-19.70084161372408,-20.39152947307273,-20.482222882292586,-20.15456238384946,-21.53954577382051,-23.293451127677983,-23.33145020240238,-23.613284382472578,-24.40182558809314,-26.046161278874354
-12.464592598738324,-12.21765132157834,-11.914134962428136,-12.19870391293471,-13.125336244012013,-14.390529432330727,-14.776926458746694,-15.566466323712175,-15.52582245585835,-16.089611717577522,-15.658151463559372,-16.274223366630054,-16.402090565782878,-16.511911587117545,-16.727493942358823,-16.366761399332017,-15.031432548670514,-14.96717755033438,-14.917987147003782,-14.67675007917436,-16.481728937517655,-16.88528327299601,-15.322614639296162,-15.442419931953266,-15.367685492561606,-18.240600626886355,-18.37384956886848,-17.992164731807286,-19.541107494745592,-20.249817051164705,-20.636045233969956,-20.733552607688093,-20.10504798085981,-18.81122842394663,-17.45369435640437,-18.580540120497464,-18.662573325514515,-20.879478464716986,-20.34584085446022,-19.616780931202026,-20.497337001279078,-20.94027652588196,-21.045314887456883,-19.82425286124494,-21.534873281865114,-25.721519014143727,-25.01532497727181,-23.51384032418654,-22.28438132169161
-13.037869650452938,-12.847825123283055,-13.000222922223532,-13.08336160442242,-13.663100528300411,-14.77590470990922,-15.137872096148259,-16.52309549112736,-16.50149987968867,-16.88022316805808,-16.706450766641378,-16.763677608470314,-16.608080386369913,-16.382285051293227,-16.147429876050598,-16.119943164712875,-14.917573221533248,-14.219468518135795,-14.739169796771682,-14.078021902906627,-15.163704047980088,-16.046830764405435,-16.06399630237127,-15.515892939859656,-16.82277259870093,-17.439655318108947,-18.458740904396706,-18.513439317349047,-18.370640956370835,-20.251638410001654,-20.383319975798354,-19.36535195143941,-18.828295108869778,-19.153843537535366,-17.906234690898298,-18.89010111705994,-18.917847204025502,-19.763632358720123,-21.985633013300497,-20.775435699454988,-21.798000910421663,-23.077153264303767,-21.108640960247996,-19.324060778826347,-23.95754061795644,-26.647236194946398,-26.746776327557438,-23.92829927382727,-23.83572178825293
-13.458702410967607,-13.56714185195626,-13.870051541975478,-13.738721227157995,-14.167855088882913,-15.353754020711087,-15.373489139222105,-17.149960804211645,-17.185033010416443,-17.688784249651977,-17.04716426005017,-16.586406967885225,-16.36639276896367,-16.43778155482713,-15.759690045203659,-15.225031475623874,-14.296815736206444,-14.10017863744496,-13.679860785903166,-13.410791092463619,-13.704684041052426,-16.45018220283219,-16.182087059080835,-15.701006586018448,-15.656693777540141,-19.636726112042645,-19.096827064046085,-18.11761569873715,-18.204828948875395,-18.67207247481815,-18.30088738841063,-17.344656121282817,-18.074112850531144,-19.752214044612515,-19.422518777821235,-17.06365585486127,-19.576080783249523,-19.156015977969638,-22.244327275024013,-22.515169721956212,-22.77986819086513,-22.282218547702843,-19.790539314724825,-19.719397625297734,-22.655617405713087,-27.419536592577785,-27.09408300309099,-24.960512956714133,-23.313647529267847
-13.703058709611716,-13.932284385843268,-14.368921372131913,-14.364065635034788,-14.338502812757556,-15.697395247707966,-15.697612890488417,-17.13253578742341,-17.596012245069026,-17.907463309725006,-17.923978823720283,-17.15077711330454,-16.32942056936795,-16.975831744157517,-16.367676563939174,-15.385705297932326,-14.636476819647116,-14.189993196967556,-13.712254639444966,-12.97747829185982,-12.641632647093338,-15.239704314271838,-15.665190230834906,-15.399737245428945,-16.04197330549136,-16.710413484324967,-17.15063893311559,-18.06023494223094,-17.2762718129032,-17.15657140060917,-18.298784096222846,-17.15538530787589,-18.123183113026926,-18.329120271585065,-21.50683559883946,-18.536186093346224,-21.40675389337962,-19.733035369998518,-21.042502267777923,-24.755592537751596,-24.325227255217083,-22.972715398647516,-21.624245271713463,-20.89374293778729,-20.624562259406073,-25.773518319022134,-28.931628713699926,-24.54738602066438,-28.494119525814764
-14.12301042583984,-14.325156817760416,-14.461904583235443,-14.759207614744103,-14.398682954850734,-15.204909880078452,-15.467103403574306,-17.581187856658573,-18.35153564530269,-18.124670093104776,-18.55783104261999,-18.35064471614039,-16.978904222711236,-16.610965279995934,-16.72425578325007,-16.369797481367154,-16.088343451203517,-14.418210168624753,-13.39120148657749,-13.037908182293654,-12.317178079886347,-14.195215503933913,-14.955399398796253,-14.28872079867696,-14.662638654104136,-15.344160130682333,-15.817400788550986,-16.562161901537785,-16.462823979284455,-17.050315150371326,-18.63419586915245,-18.721601375580843,-16.417000246341665,-19.320546150014074,-19.412771307546638,-20.164598301289704,-21.963122290820564,-21.04262655857895,-21.106130345069587,-26.062881415884714,-24.997338368939168,-25.193684098276243,-24.692561014265593,-22.039607763304915,-25.636046579612962,-25.80980903593134,-32.181949675107695,-26.915411571673587,-28.054932948387915
-14.418221854318363,-14.726496792523607,-14.739920452079735,-15.02247899747701,-14.765848023213085,-15.3256050017349,-15.69761180207866,-17.312010362169364,-18.535479613471672,-18.30375013548068,-18.17102398896751,-18.16065360901186,-17.703898544376358,-17.403750810365874,-17.470793271349923,-17.57416340941899,-17.39235930425602,-15.289472986690736,-13.08692653361233,-12.14665930681167,-12.201529892966228,-13.11946490530297,-13.33560290023587,-12.633420922252927,-13.734819044483846,-14.338181972678013,-16.208307296893118,-17.572247488215893,-16.69136593521828,-15.925071605653436,-16.785992136337516,-18.596756193520793,-18.37291411840827,-17.63695628703563,-20.321502199203184,-19.934716226483822,-21.23685239471816,-21.355057014882707,-20.28163290686082,-25.777964908120722,-24.78218257488032,-25.363035777501747,-25.21859880469473,-25.27577947393307,-26.653917456696746,-28.836678179487528,-29.47608077663553,-33.63786694181866,-33.165998967333515
-14.662620763195907,-15.148074743849032,-14.831216196890042,-15.034344626230833,-14.995385742546848,-15.397426652454165,-15.62240231483909,-16.69572461100483,-18.27927259749694,-18.545913734639022,-18.303922849772967,-18.213192443445735,-18.090777255705394,-17.737272693179044,-18.08342985472662,-18.51607270170055,-17.327339586235865,-15.265278426394499,-13.145202684129309,-11.997306650714322,-12.001839552532765,-11.987013960161944,-11.935617088204182,-12.569075653716448,-11.95239446459318,-13.12563109177512,-12.340594667609542,-14.677442391911317,-15.919021121826312,-16.497916230073052,-16.69190125717605,-18.62261299549857,-19.113471335990642,-18.260413897515715,-20.614767030158287,-19.305396582974986,-21.28932321922961,-20.602193397669545,-19.0873652464707,-25.62482121025008,-26.131671357341407,-26.56687507279485,-25.8189471181626,-28.243608719306213,-27.469185697756348,-30.076011158988763,-31.571914974203395,-33.51979664914688,-33.57388185685377
-15.279645705580835,-15.174243516267936,-14.898798167075718,-14.99042012878701,-15.11162715713023,-14.959041931680197,-15.96247769363982,-16.359057889252817,-17.831168010715047,-18.85699090634945,-18.717305178841656,-18.50878809611949,-18.186215727214716,-18.838249223982153,-17.969369002460635,-18.58895106926188,-18.24911852173816,-15.272131725137049,-13.049339107040868,-11.456559662358313,-12.024150587698005,-11.491317887291352,-12.121349868362557,-12.945607846085814,-12.33101688212518,-15.038133930255036,-14.48708856716422,-14.54089958034497,-14.4016035078041,-16.09845441205644,-18.045350940018032,-19.361886813833376,-21.269708699042454,-20.04703873327277,-20.11339162104108,-18.969358276162794,-21.08792851197915,-19.523549962637638,-19.312467118875695,-22.91657354757478,-23.537399624660075,-25.11338780176151,-26.39695969901964,-28.063779452076375,-27.71815070810609,-30.118033272044293,-33.602298305145,-35.04144297983859,-34.71346330831267
-15.551464446951158,-15.795967237676527,-15.325450484186298,-14.995997297592172,-15.158107995365409,-15.164575006518781,-16.286043118239007,-16.421876238360905,-17.577570086543837,-18.702705008061432,-18.92169507567212,-18.73010763849267,-18.617230744419167,-18.395914917605552,-18.23688601414149,-19.20889262047176,-19.180705269437368,-16.587705133552017,-13.950003564860305,-10.694660478850736,-12.187665332431873,-11.958463545040209,-11.713823494766023,-13.536623589646489,-14.133372154498392,-17.742199376104466,-16.33922010197464,-17.58930050138978,-17.097506967780355,-16.164861959006657,-18.204946516597627,-20.192190634133393,-21.704165792362083,-21.409315887427773,-20.60372698294538,-19.41719374069413,-20.570910580246057,-19.53679759304404,-21.45832906371553,-21.25444385261825,-20.693206175279336,-26.260923375950703,-26.2988753487022,-27.77808255596681,-28.52382337822222,-30.945026285785545,-31.31674178544297,-34.091319857651456,-33.30099502173664
-15.634061559621237,-16.644047975763584,-16.16996247379855,-15.599737012114606,-15.196800185033961,-15.408561817803763,-16.312350786292523,-17.168612538154164,-17.486381249780223,-18.75581430002154,-19.171205365193,-18.51084254525495,-17.513759802453386,-18.199673938785104,-18.228880361956598,-18.940894193807363,-19.497631370789765,-18.429802157213253,-15.142933115591044,-11.023466318250009,-10.703482756382769,-13.412061459355169,-13.724951318590723,-12.549515373391966,-16.199190770213793,-18.646887482871215,-18.41861114416814,-18.416462727603044,-17.5332211061744,-18.314580112935293,-18.28479239081878,-19.81893019790484,-21.506262478853827,-21.22099200434024,-21.94791105688713,-21.8072117293558,-20.867938580474355,-19.572688521338463,-20.843372155546657,-21.33893781800218,-21.99051690719767,-25.85578797610457,-27.969367900359597,-27.561133871689492,-28.917413543163406,-28.81975414413486,-30.235044872676134,-31.910123484218683,-33.29744647202408
-15.82227163083948,-16.81882843338064,-17.472915630565247,-16.695123826445293,-15.82916208232584,-15.853734623626229,-16.24779795006498,-17.85166279261534,-18.338085762487623,-18.365887806358835,-18.984032702542933,-19.23971977426644,-17.875720808314554,-18.25308741031352,-18.073808931966706,-18.59114128238098,-19.03871076692147,-19.018345296352802,-16.889564596942563,-12.423638869963375,-9.769784697326331,-15.161690884357041,-14.531031771988,-15.394808984748503,-16.59979426364574,-20.177061862094124,-19.778819801420678,-19.24934223113905,-17.969303142629407,-19.234864728870843,-18.449302922475287,-20.182544521746195,-21.60431332677593,-21.596581551959495,-21.72662440513284,-21.300970382352553,-20.95075299607616,-22.336741845909394,-21.08790060742923,-21.683447809544347,-22.61508745550756,-24.47946073678866,-27.011163955957848,-27.935540495717323,-28.067520967952287,-28.866440900478874,-28.824921544711334,-29.689951232813904,-30.515812791826683
-16.475863786552313,-17.136974471623326,-17.952742861714967,-17.18266153765796,-16.57235529397463,-16.138951510529452,-16.284941574812773,-18.699769465891624,-18.56472245972979,-18.998985206916288,-19.433009304230175,-19.18788543106588,-18.320439285856512,-18.59171324674778,-18.359523397771042,-18.25901597470915,-18.87257720186604,-18.91125244273143,-17.92856449100549,-13.3624885085575,-8.985601096506437,-16.597370667568377,-16.176618988103236,-16.808512484549357,-19.883059898009623,-21.604403676514156,-21.120356227361448,-20.58914695838077,-18.88900965391995,-18.895571704505215,-19.678161444527298,-19.17448962696277,-20.727656255814768,-22.021130804179116,-22.39870153058886,-21.8060531839772,-21.588583837476204,-21.06721552630722,-22.629784727222674,-21.110443572582746,-23.116704354267167,-24.015400232532052,-21.277016723227256,-26.19927478778817,-26.680773051977354,-27.168522075180245,-28.575636282550896,-28.072893300390824,-29.879908845600312
-17.285132831541166,-17.920114911948218,-18.168399905093644,-18.021397113269778,-16.736234475913335,-15.537777656146618,-17.257566827250987,-18.091107340486563,-18.442588065326696,-18.510580555245944,-18.893583898496544,-19.570044568564597,-18.87273768818446,-18.02086761891109,-18.17687682657644,-17.652341238842105,-18.28150336264554,-18.768053794688264,-18.42955861820651,-14.461883860465663,-6.478776769899369,-14.038235361676731,-16.392099582029417,-15.741807208845927,-21.027921954014932,-21.751165048499708,-20.91540447100787,-23.143373630999942,-20.196538474352803,-19.80982933558208,-20.30573118236335,-19.303510041515985,-19.904346055730752,-22.64993706312369,-23.594139031330794,-22.228377118087938,-23.098266229882977,-23.126584294983438,-23.14893793153404,-21.41234659344634,-23.465075017990603,-25.104849148828272,-21.4620770247733,-25.009019804231173,-25.87657331721296,-26.427415669744107,-27.653838194726237,-26.713669070533477,-29.518116566296495
-17.497167684657995,-18.123463191452245,-18.079420765424917,-17.440034618948523,-17.36415139420201,-16.6784428768922,-17.239843235123622,-18.081550901593204,-18.342400468330055,-18.06325010048527,-18.749985623873325,-19.414844755099885,-19.645574576285785,-18.437053928393404,-18.238170208712155,-17.38535204624458,-17.560664396879822,-17.858662794737715,-19.07825190697874,-15.547530821120642,-7.103237696283692,-13.174934026112936,-12.838130339017793,-18.648982629290046,-21.35028372742721,-23.121534329651574,-22.183013240639273,-20.43861445077186,-20.855368408685703,-20.02096325505166,-20.52537613816326,-19.767125860355165,-21.305259297052732,-24.343805458919952,-24.925026917116874,-23.81512517328912,-22.64777373223275,-22.531387176442788,-23.525565346554476,-21.065568431060193,-23.518407307633606,-24.878464422558636,-23.23571153089523,-22.739690764965303,-25.299688101929082,-26.102329484652103,-27.115157547879917,-25.626376736771938,-28.055205188059986
-16.36906810438394,-17.52815127709118,-18.384130506610024,-18.17104229596731,-17.13301864439746,-16.203028717884923,-17.060702543625137,-18.166433090337303,-19.168010908927187,-18.787439074862007,-18.259917568600013,-19.556416492383885,-19.513253749165965,-18.947636709828558,-18.48360712929255,-16.803478337256212,-17.266117072959073,-16.819812986326603,-19.034917197808475,-17.381377049526904,-5.95301359015119,null,-16.76572530013039,-19.242618106090717,null,-23.22271745687014,-22.607399167381374,-22.291254559483637,-21.515498441900352,-19.647639957065362,-20.809649917258955,-20.74163639346826,-21.569438598017122,-17.006031012845924,-24.93433885264322,-25.196784480328986,-25.961894031814882,-25.283484906358847,-23.709248295386477,-20.652628275365938,-23.63624822418732,-22.752007880023935,-23.829638884952274,-22.374765769320234,-24.810585333213258,-26.07432079309082,-27.2402078798319,-25.488231066006016,-27.503749348461724
-15.987159567337326,-16.461582727471,-17.815137976032577,-18.180198114564565,-17.949853205377508,-16.715792885883925,-15.162077999719418,-16.985264249720004,-17.292653668851838,-18.121660426614614,-18.942402537539948,-19.000094764618375,-18.19179583979802,-19.182122873389243,-19.351225108151418,-17.13885271784667,-17.547382694046227,-15.864108556782918,-18.489425982166647,-16.45969624992809,-10.388408851143778,null,-18.249688049290747,-13.643891257070118,null,null,-21.890432452149426,-21.850216133582308,-20.937704746978795,-19.622386249252727,-21.263305315192536,-20.567512318510843,-22.565909651130962,-21.53264977987454,-24.193347288447875,-21.163982446884578,-22.147872005327446,-25.73110272683073,-24.657619205993406,-17.206909121130835,-24.739246495058666,-22.34765095067597,-23.166352473216882,-23.401283945249904,-24.371469837330448,-24.907577771458246,-27.364878987980756,-26.608900479949824,-26.49071079869616
-16.65317151971557,-16.152044171440732,-17.016922778411068,-17.882216744659996,-18.045748742572563,-18.252337738385442,-17.8051886887166,-15.8940270929638,-17.966467801056986,-18.020509409129083,-17.173315638990047,-18.484809851517717,-18.145989262634792,-19.359403831788697,-19.062255774168058,-17.667839862883707,-17.072996314258898,-15.987913220503133,-17.225333958859355,-18.057439751469353,-13.985305891295251,null,null,null,-13.528672743627851,-16.919318978937913,-18.385402122248948,-22.4186581950828,-21.532111918028953,-21.319905108487564,-13.37574132461316,-21.977293625563327,-22.42366905757183,-22.11127791817504,-23.65427603789066,-25.376166178810085,-23.063874761503484,-22.832113843736607,-24.52124348022554,-21.69919258488125,-23.527563069901316,-23.497775514370087,-23.091232749451592,-23.135900646093145,-24.592143724725872,-24.65724721914385,-27.706549090989395,-27.03464342244341,-24.114779697447517
-16.74718655557771,-15.778170006424922,-15.856389571154882,-18.53889003703666,-18.400051439756822,-18.60198105989302,-17.613039382314213,-18.58780797513998,-17.87013192836029,-18.393887364591038,-17.30094555898789,-15.95958828247389,-16.167679419280244,-18.96804447227821,-17.791987200042318,-18.949358912458376,-18.492761927522263,-16.57369758503433,-16.133446245146843,-16.847949480904987,-13.80567403948367,0.577452499449841,0.13693214488585242,-13.787090510749957,-20.88235276153506,-18.715070941090925,-22.468584536784896,-21.783038225593447,-19.158278767353636,-20.206410522833036,-16.10385496837364,-20.011230349866505,-23.896812144843917,-24.714403559287817,-23.389643648082572,-19.454342659019723,-24.010914441473293,-23.91733503540773,-25.18478784730515,-21.392540277412316,-26.404232399750065,-23.669721863362074,-24.592310404100978,-24.071351232552423,-23.205307066760632,-22.674679571322162,-26.57214224164516,-27.098498882896507,-24.5352429863105
-16.632118556415964,-16.343153762634273,-16.18670682473334,-14.794029805435944,-15.557554993826745,-18.255085483067827,-18.168238469219666,null,-19.195771811385644,-18.67001855637011,-16.499295499061922,-17.13371809477525,-16.806702821667685,-14.361130866035507,-20.03501396519231,-16.861244376683157,-16.063393689992107,-16.98968094184197,-16.106900071974398,-18.905754122901058,-19.468106642278528,null,null,null,null,null,null,-21.12146453255493,-22.37770698204271,-18.9858651198266,-17.90941028032831,-17.719606668399024,-16.551445509670856,-24.83480201013925,-23.815695013579028,-21.133936415845298,-23.146297871426658,-23.478496245690735,-22.55045377427064,-19.56767761295297,null,-24.422053795921205,-22.18761140742793,-24.225531352396256,-24.11080154300487,-23.339609992046814,-25.614987418143865,-26.64878089716887,-24.885734632925104
