public/json/wind_2018-09-1608_850.json
{"header": { "discipline": 10, "disciplineName": "Oceanographic_products", "center": 0, "centerName": "Ocean Modeling and Observation Laboratory", "refTime": "2018-09-16T08:00:00.000Z", "significanceOfRT": 0, "significanceOfRTName": "Analysis", "parameterCategory": 0, "parameterCategoryName": "Currents", "parameterNumber": 2, "parameterNumberName": "U-component_of_wind", "parameterUnit": "m.s-1", "forecastTime": 0, "surface1Type": 160, "surface1TypeName": "Depth below sea level", "surface1Value": 15, "numberPoints": 4800, "shape": 0, "shapeName": "Earth spherical with radius = 6,367,470 m", "scanMode": 0, "nx": 80, "ny": 60, "lo1": 109.0, "la1": 20.0, "lo2": 116.89999999999955, "la2": 14.520000000000117, "dx": 0.09999999999999432, "dy": -0.10000000000000142 }, "data":
[rows 19 to 37 of 60, columns 0 to 41 of 80]
-7.253114830852306,-6.237586057979815,-5.642824825618482,-5.8145922977324975,-7.502229187452533,-6.774292684007238,-7.127195127717688,-7.479547663682449,-7.4571263037355395,-6.327123148161345,-6.557905233365763,-7.971370221152975,-8.244102695307099,-8.27528577677614,-6.874042612643749,-8.094332514639994,-7.48303378577964,-7.935581135666709,-7.91438934250055,-7.319271826152955,-5.15748240799014,1.4474903864778748,3.2002633900855537,-0.21005221217179,-5.268675990912391,-4.9227789180131705,-7.973943033627767,-8.324115893212598,-6.302192867225528,-6.260525636935416,-3.2498133334898345,-16.23164275941831,-19.8261162468565,-20.043770428973815,-20.954886869488693,-21.29621943718998,-15.62317966239857,-14.800790311300158,-14.899482651612477,-12.746337310157708,-13.857815781744748,-16.57971542134601
-7.977844650440723,-6.573032069057759,-7.462432043835495,-7.237896974739234,-8.334292241684949,-7.64246539639951,-8.296204540949462,-10.761758006858308,-10.942793894207023,-8.844849404211052,-6.436498191687602,-9.153314029679594,-9.79055774893235,-7.969037771728546,-9.158475437721979,-10.494418142453092,-10.360354808576208,-8.51736764262767,-10.654747307524365,-6.777184329432404,-4.151861258872302,-2.576016539811988,-3.8759070893937486,-8.932870855257335,-10.485807187652068,-8.260897083389123,-12.845862353614987,-11.320861655856236,-6.069192366118463,-5.128849464273672,-8.868976016209025,-16.42127348875745,-24.32065249254354,-27.4963382355249,-19.510822646032718,-22.049898217687076,-17.93985926991158,-21.984428408537415,-18.704283302586827,-20.47701286729029,-19.430785370792535,-21.673390848649746
-7.721139918130883,-8.175163012572995,-8.831504162967512,-7.9432215254304435,-6.939913978097842,-8.839922538368173,-8.941881757124065,-6.576149239311175,-10.024118409936802,-9.12634553207755,-9.595859717690582,-8.772746921175257,-11.0387330390534,-10.336079690363158,-11.09944851112977,-9.959660168632055,-12.788978412090058,-12.298813326664058,-12.843699795368707,-8.910137152893242,-8.150053774172918,-6.794690067181621,-4.5291674774669,-8.286739514779507,-7.238962806109843,-2.6232725563177826,-3.76657803978093,-12.363925635661243,-18.006311841858885,-8.737536856156597,-15.341464454514657,-16.391629116394192,-22.018056151651525,-22.646214438092056,-28.91259879169337,-27.892925167122943,-26.14569679625452,-26.7505731113142,-26.149225818233674,-29.860557959445998,-26.833266259761277,-25.639840247643175
-10.025984178669137,-10.143696346796336,-9.274159013399345,-9.578778912219134,-10.370230330452511,-8.954623332414867,-7.836652932361287,-6.723902091229742,-9.542095306333135,-10.301015138459942,-11.26985689304867,-9.29300568415003,-8.611030480048743,-8.196878097879424,-6.788109782178803,-11.47630215689038,-12.44495523690279,-14.521063979279713,-12.142595431522974,-12.385459987337935,-9.019694396921793,-3.794060616229489,-0.24940864583569386,2.192436287683649,0.35855225247961453,-1.2575528985355902,-7.452602000859481,-12.744237601808484,-12.894605755693835,-14.291987936966635,-10.90136949180256,-18.46227738735009,-26.358072008502486,-33.0261019928518,-36.97029699805492,-35.2782799647715,-33.95782714413521,-31.704714870589314,-36.556873019446094,-37.21554584111857,-33.937461935772184,-33.36934816501385
-8.876021701572496,-11.443340859323023,-11.673101271844404,-11.834436012249052,-8.097612149157817,-10.198381055043257,-5.733400837854741,-4.576365668447899,-8.846377553988356,-10.205793108374676,-10.10236959589718,-10.358509561137469,-11.240324948523702,-11.661732739590182,-11.362980028451123,-11.683607281807252,-13.429982889600204,-13.157364714445729,-7.919868904647554,-9.682738034526139,-9.159963404295086,-5.441484617711441,-3.738882130785985,-2.4110985866482935,-2.8785204898952963,-6.2212858029728055,-2.1322004635654985,-12.668071395585788,-15.994720417034449,-17.874636736282177,-19.814049576891122,-19.765078313297607,-30.036791329242668,-30.937728084179444,-35.889903098985506,-35.25595953292904,-39.44406619713331,-39.628140269779756,-43.15877903463092,-42.25084733596215,-41.606138684253594,-40.349071123661254
-11.83989792135684,-11.2308318183092,-11.6088949721353,-10.133265051237668,-8.91793425463073,-5.9642613047687165,-6.519894957629281,-5.8444029885585165,-5.969147123428815,-6.941489836703784,-8.0710799156153,-12.602319108905146,-14.361666953356018,-13.94233560784962,-13.812155020258967,-14.792493321987084,-9.458983367329385,-7.64982447166217,-8.589645310800101,-10.972765550236797,-8.859656214830922,-5.944514576854466,-5.610894181094425,-8.852835514523095,-9.78672617738734,-12.748320800971838,-10.493623570212815,-9.369344600818721,-14.978309840119179,-21.11201449821813,-23.72761981399431,-24.027879707207763,-23.68924305084088,-29.77201126037805,-31.71446883004939,-34.468898999880125,-38.46603811273471,-42.15040367295564,-43.04929317131672,-45.10875481433278,-45.037069191407376,-45.100584198777
-12.00206951539535,-10.532593077170507,-9.78298954859704,-9.351589987738432,-8.226855540484008,-9.724199340721285,-7.8284585381075065,-8.698470745693095,-5.64710187582663,-4.803591869066804,-9.319600332441208,-13.816891549564971,-16.323491486229933,-18.053805212292183,-16.584239163024293,-14.52638489632645,-7.897947605710731,-10.28996035832448,-10.774880626132607,-7.372392442729231,-9.322189463583248,-7.594134355715193,-7.212179000760017,-7.663995007547152,-15.311921188262867,-18.887552618864515,-20.043999083935713,-18.91574329933961,-21.594060368409842,-23.056910725697904,-31.884848495056286,-25.427538514312346,-32.232620530580675,-29.23005519590696,-36.51802661991679,-36.98988094662649,-38.18593227129315,-41.955655342749644,-40.55585091756644,-41.30240308621458,-40.638273179647406,-41.51999427374649
-10.522525676169384,-8.408856082477062,-9.721097727970747,-11.167356517877815,-11.686703007696813,-9.819575241460445,-8.43563564792914,-7.091022171528742,-12.596029654063386,-12.42950437914379,-12.537866554077807,-14.405911689287496,-18.488922118233532,-20.628081800316107,-18.44057050024313,-16.50059028863772,-16.274178610577547,-13.36879610728676,-8.01817845579276,-7.3830665157916915,-11.865038300796042,-8.901778722955688,-12.791188191634529,-18.892182373671844,-22.831592479203124,-24.275987053703933,-21.930676193084935,-22.194553059163102,-20.915841692702553,-23.536925738010286,-23.265303803996293,-31.853442767779363,-30.055244690920418,-38.768859477220076,-38.1225745257428,-41.08210665901598,-40.400124935428735,-43.63592786925838,-41.085340223201364,-47.49590278228699,-48.18162703982113,-43.57855878186006
-7.953448061358072,-7.225370851416948,-9.561228769387661,-11.952561424259489,-12.247331281744774,-10.961258184178329,-10.697334529276223,-10.776219920501477,-10.527282705585876,-11.959980617170563,-11.9630291114862,-12.169561057520333,-18.768375436474678,-21.15915867275494,-22.62795683230615,-20.29959131491032,-14.02700202049948,-15.14837255708891,-15.333782913421903,-12.008538610508817,-10.132616820960441,-18.42073908928863,-14.760922868003272,-18.330484560319327,-23.832058957945662,-23.194937723341503,-25.115283687051274,-26.262641667783114,-22.939184382679088,-28.372449278282833,-27.219506043695752,-30.36752912934461,-34.209801902669675,-34.64090393570311,-34.86353084602636,-42.7539242842695,-45.10181223334716,-44.41805686307443,-46.95038957054577,-49.58287478485318,-48.36496020858135,-47.965098214776724
-6.771483103921573,-7.510999230954414,-10.45390801292912,-13.013481438694487,-12.443108947541596,-12.216313214086696,-11.440221350624384,-12.76117134865575,-13.852491104571037,-14.15780698573661,-13.555750367610496,-15.567628847535332,-12.613269513354211,-10.90340656463474,-8.528534746138828,-17.307689495216103,-15.650958868652967,-12.189210261340733,-18.932203257151013,-18.795824728544208,-18.93358900261172,-22.154039979044192,-23.839055092507607,-19.045882182877687,-19.66975529270725,-21.1847917651575,-27.525419826049152,-27.478335533651133,-29.361688464942585,-25.444208969568283,-29.614159352875532,-27.38366214751101,-36.74240688166365,-33.005264284828414,-36.260548431500425,-40.57786599490139,-46.531054096999185,-47.25984846957648,-47.02324816254064,-46.44585932390886,-44.18344453560618,-42.07183737625186
-5.752063245014932,-6.179306361030091,-9.524242371647842,-8.523085445652825,-11.31918273481011,-13.073244102862553,-14.790038610163727,-15.109186156130987,-15.725364114457543,-16.26389341144905,-16.43062430602397,-16.588630483303803,-16.2510557815735,-14.658942879860298,-15.382053078338426,-15.002429681833723,-19.240076157713965,-18.10569731711744,-19.968461516758914,-20.819055104001052,-21.797602972585512,-16.610168965142222,-21.571380493472645,-21.319964545761383,-18.14776709516881,-20.344119419246063,-20.74786382863625,-27.64794216226909,-27.598171896806548,-30.49329763360805,-26.284673609454792,-32.87986379676041,-32.16812918128044,-37.82983992227306,-37.71899962906915,-46.91552079529627,-42.402015284617256,-46.56972194777814,-50.79200532084117,-50.24398885877548,-50.3388707173478,-51.02660260310968
-5.572912740727077,-4.772737486120718,-7.341169888024548,-8.179675715236094,-10.3743447315846,-16.229382395736575,-16.47310331248248,-16.825165491468606,-17.542757892991204,-17.71265032366253,-18.186899954473393,-17.022610295783206,-18.72119470244904,-17.907413274347675,-19.180983550802104,-17.852388668442863,-19.927858282764294,-22.697024379372984,-20.506374176440122,-22.921414305086806,-21.810580273234073,-18.68266891246345,-18.800923903345208,-21.922151856221767,-23.74871512783404,-22.271446607339467,-23.878782732713756,-25.107227963417458,-27.789660790414885,-34.303906705790965,-35.57768708947577,-35.550272890591444,-37.33313431842741,-36.736716159445436,-41.57514495118518,-39.67732654191645,-37.46975137865331,-46.34526005833156,-50.01781998719042,-50.78047678224338,-51.129175905365656,-50.13855045817257
-7.557259710821036,-6.115279855205779,-9.423038322564368,-10.041611624084037,-10.190316301282078,-8.261679174128037,-10.931606161509162,-17.41066273882592,-17.98622241940345,-18.364331870052343,-18.120929678811763,-19.065764505982123,-17.51389012173037,-19.90688766906643,-18.101182795750773,-19.053884538077675,-20.566812612812264,-21.78029143476717,-22.5603580393282,-21.332454064973202,-19.930162874033215,-19.701066378269935,-20.101275356207008,-24.095422771939038,-24.969261055751375,-26.356402336262914,-28.789947506703925,-33.159183967015686,-33.63264020446997,-32.58349196045373,-33.71914501461558,-35.036587237356194,-38.7815207188634,-39.14031989725616,-39.94704968123206,-44.213893007618644,-44.240758287206525,-45.54257516717313,-46.98194222704667,-49.36478594547259,-50.603936448716574,-54.05822105872133
-9.823616344111297,-8.892742764897232,-10.158304219189013,-10.146139296705151,-11.21377745748573,-10.37670949225235,-14.207270500187299,-13.375643151101807,-18.041573898734836,-18.335368516499802,-21.397048774535243,-19.231696989489013,-18.903599703188423,-20.17737704369272,-20.03307638576899,-19.577091957857167,-20.27923932273823,-21.748847746193583,-22.626710802280336,-24.78995498253709,-23.882213159950403,-22.51407883971334,-24.018232943359155,-26.555726024499904,-29.50283931645378,-29.721477876559543,-28.272379439387787,-30.68971668456217,-34.35189455231928,-36.90178338008254,-32.2367235547789,-38.02303369615324,-39.5987463282702,-42.08844913105874,-39.36156104372117,-39.87492813708059,-40.9186468067389,-41.14533657772368,-42.12450948266141,-41.275488369918115,-39.25073308229862,-36.01289669136245
-9.88090459384615,-10.60023975614808,-8.97835925738826,-10.058046755310706,-10.834907057761995,-9.944181999833697,-11.034526878204783,-13.396759385075761,-14.350225368482288,-16.655354396271427,-17.085214192398023,-18.601907660187035,-18.9930623223498,-20.352606845853153,-21.27083405366603,-21.98925991645952,-21.47054176382866,-20.06227559698679,-23.922636002402626,-27.06683518711509,-25.716037831162083,-27.951638593683874,-26.396654999986,-28.016153164776135,-29.455085923924514,-30.45753541720975,-31.14520788416568,-27.914538758085428,-24.18923694184931,-26.109282488260455,-33.3488134311508,-34.30814041472308,-38.3215384563881,-43.63001237449241,-41.45983422363447,-43.54424305715018,-40.02698956244671,-39.69813322371299,-40.39341523274645,-36.76801427696269,-36.386256074825276,-33.777365238323185
-10.940126154755946,-10.715328535592203,-8.46975945277672,-9.286210367120972,-10.464640498011386,-10.6102715356309,-11.525583014954936,-14.529983795561279,-16.105363296470653,-17.4704573300673,-19.953955691535178,-19.605971524170506,-20.08275673846186,-21.440738303011067,-22.71415979296298,-23.21414986874641,-22.056818613402285,-22.41221127229055,-25.486264575111505,-26.016393026146066,-27.610370895972736,-27.007793218773926,-28.926412735713633,-28.50752516891232,-31.45783003477395,-31.25869080266336,-31.059875566306232,-28.004757073466884,-31.530271113917586,-32.65921412044051,-28.353117571429717,-34.64992823325253,-33.805594114892195,-36.20721034926276,-40.04936467785803,-41.45968296706523,-38.728616151103644,-38.979035371133044,-33.752766277995164,-35.426746421433684,-36.60276256075653,-38.35830479319007
-10.077806181256909,-10.57714347730339,-8.768521483568833,-10.167881816770006,-10.914336780752638,-10.872378709147961,-10.576947176203218,-12.514307567952065,-18.20488565728781,-21.227010264264734,-17.341375074538654,-18.435350939746595,-23.413688859376215,-23.111736425408168,-23.208999034473713,-21.903505827121528,-22.454075282824455,-22.887647868465393,-23.398778654586124,-21.83257565309454,-24.385042958635893,-27.134729709945375,-30.71391494458843,-31.802031838797717,-30.23645234834226,-25.750653583155245,-29.835967510658197,-31.406759027681595,-32.508448888110706,-31.88856246515092,-31.592470138616882,-34.195998197385265,-36.61892305151643,-38.52754437010473,-37.2286308147307,-40.422414504986854,-38.957722779461626,-38.18119133376864,-39.19384478581408,-37.64390885139753,-37.18225000297706,-37.30504665855179
-12.814382634199175,-12.211972426490888,-10.053727842862815,-11.130426649774007,-11.313683554240612,-12.155428905500969,-11.00640048719313,-14.475565542004954,-14.36045383218,-12.719292754750875,-21.35104893258036,-19.78811107743728,-19.33943574270188,-22.569199170978898,-19.673189267384235,-21.676639432480172,-21.654136464222237,-22.950654030154524,-21.93005280046684,-20.512469553962124,-22.88453521877532,-24.456151243182113,-28.04354879339665,-27.934568349672208,-28.341183996360595,-28.475714314025698,-30.270290194131917,-30.462973265230403,-32.39287518679735,-31.046652357306264,-30.89725617868389,-32.3522927920315,-34.00017010920329,-35.27750776089993,-35.105120085465636,-36.44455530606989,-29.502459065207518,-36.364447781230744,-32.901113505019566,-37.90625938503608,-38.74733403234675,-39.555114693953236
-13.529974673212497,-11.373797720020738,-11.41244226363785,-10.134408736450853,-10.953017055075494,-12.910962180970358,-11.592039951176345,-12.660271066151596,-12.808361665385723,-9.947375215169979,-8.554189668371853,-18.638104813431667,-21.402179885613165,-16.80888704694763,-20.587458018319467,-22.162480078605384,-21.25613155813976,-21.346780657068944,-21.671979937041108,-20.903504233259063,-23.279275784356628,-26.42654213945118,-26.420027689270537,-25.493299211050463,-27.684919805851457,-30.699633796400143,-31.318809751796444,-32.41395154820912,-28.978646620607314,-35.56843943368001,-32.01643382157148,-29.599944179767125,-33.698918296049044,-33.99112971415106,-35.070372949689144,-37.510349786831675,-36.75813723784689,-37.15972653493967,-33.267306497554564,-29.126084948642887,-33.52201333847423,-36.50661096246949
