public/json/wind_2018-09-1613_925.json
{"header": { "discipline": 10, "disciplineName": "Oceanographic_products", "center": 0, "centerName": "Ocean Modeling and Observation Laboratory", "refTime": "2018-09-16T13:00:00.000Z", "significanceOfRT": 0, "significanceOfRTName": "Analysis", "parameterCategory": 0, "parameterCategoryName": "Currents", "parameterNumber": 2, "parameterNumberName": "U-component_of_wind", "parameterUnit": "m.s-1", "forecastTime": 0, "surface1Type": 160, "surface1TypeName": "Depth below sea level", "surface1Value": 15, "numberPoints": 4800, "shape": 0, "shapeName": "Earth spherical with radius = 6,367,470 m", "scanMode": 0, "nx": 80, "ny": 60, "lo1": 109.0, "la1": 20.0, "lo2": 116.89999999999955, "la2": 14.520000000000117, "dx": 0.09999999999999432, "dy": -0.10000000000000142 }, "data":
[rows 0 to 19 of 60, columns 0 to 44 of 80]
null,null,null,null,null,null,null,null,null,null,null,null,null,null,null,null,null,null,null,null,null,null,null,null,null,null,null,null,null,null,null,null,null,null,null,null,null,null,null,null,null,null,null,null,null
null,null,null,null,null,null,null,null,null,null,null,null,null,null,null,null,null,null,null,null,null,null,null,null,null,null,null,null,null,null,null,null,null,null,null,null,null,null,null,null,null,null,null,null,null
13.616351869535304,13.727207346607427,14.039266851942333,16.1686810338122,19.583125229225764,20.92755525991193,20.59883673666428,20.76173992791266,21.073941048162315,20.96911948532722,21.16126212929167,22.627136526976166,21.81721210716339,23.339047570724563,24.22026823378755,25.17652764297747,25.774785141113384,26.14034289241031,26.857531440987422,27.309419553412283,27.83770111686213,29.331031840586,29.08905443684961,28.431439989866732,27.48136440142208,27.79908775325986,28.527690165397196,28.172205185274414,27.63826172599165,27.18875050341244,26.563053519289895,25.65833127791788,24.460210150017016,23.007495872406615,21.687801145431767,20.880552217019233,19.98685236959891,18.342141090703596,15.266418641328418,12.517881176108826,10.556888821401513,9.406241853928575,7.986317277726919,7.006279331527187,7.0257046820978175
13.72940380051791,13.733294794089261,14.384896336979338,17.438689858140698,18.3696137128212,18.73546707362862,19.557444127367525,20.094798975189367,19.9119443115286,20.20586774047169,20.196682544816408,21.995493200663265,24.134983072127188,24.243385019308473,24.93937417545231,25.81292816824375,26.29818518137092,27.607132944592074,27.974700376298067,28.040399031374452,28.207581553355958,28.565522579057756,28.01522212619815,27.49100112909445,26.57756781706772,25.31066637206337,25.3886037474467,29.244261858965526,26.173836198212285,26.665008895840174,26.100363503629843,24.827604901039717,23.69331373009998,22.495899503857427,21.254883614352387,20.27146548152932,19.477673234152068,18.029334788915733,15.203252399608074,11.972912067980868,9.902898547294026,8.545508597658113,7.210770175350078,6.6317327763127665,6.802963603241493
14.247070993337726,14.642506349961959,15.699682340445987,16.8134684543865,16.73405745410537,17.096920008253065,18.223510089743506,18.662875507029874,18.71516979978853,18.355732377906378,21.215525694505903,22.288684265813064,22.593116436837096,24.4632336395027,25.505998008477132,26.079098553059964,26.85813396495309,26.832558570109875,27.64242548881933,28.02053330477141,27.478850081175093,27.869064046500192,27.64976978204009,27.421618487453173,27.0330923992015,25.938358502305448,25.950479926365738,25.22204691089287,26.60963367160972,24.21925116102126,24.842415999838693,23.215854835479206,22.2122801452075,21.263907086930523,20.53555448641574,19.54048076911401,18.724741259717135,17.485637358573193,14.978515263537492,11.611832496837863,9.314371884309606,7.684331356735562,6.151623064626538,5.502588638763401,6.126878697409906
14.110096532040671,14.338227272737013,15.26722288774867,15.472181557399175,15.40617675011854,16.70913052859428,16.822287951350173,17.336456397561918,17.54129535709707,19.36706613704272,20.96742951428826,22.024864317852835,22.839022463742843,25.24680515142299,25.7013581932692,26.42457833236266,26.7378493378227,26.464983065247655,26.7255043828253,27.953778450446514,28.189400255517096,27.696884592183636,27.902093648547,27.748569363355454,26.38927067869928,24.388972344391252,23.266940067338446,24.34320415317505,23.99555681780909,23.684944209276786,23.178967377049382,21.53247545051496,21.528960823220626,20.641629266531197,19.320750914535427,18.453937857718934,17.675493467048998,16.6175260201867,14.192441439094075,11.423650333710373,8.890873195037027,7.150144923668135,5.923739628779901,4.466187647717509,5.435277962624087
13.269885941545581,13.684021188371657,14.26595017310891,14.661183121907385,15.306182967602325,16.231911026917807,16.26916390733545,15.777237011436078,17.429958541527846,19.06000558528627,20.059697971439324,21.14172524005751,23.163301034109963,24.45553559542632,25.30485801199019,25.784308118314367,25.917878210572308,27.27579546973446,28.198962338672697,28.645980299945883,28.911482224489227,29.869921871905632,28.839814159922426,27.195686784354674,26.450518595050553,24.231004188482718,23.55858905726738,23.209580654531678,23.49468288610182,24.12320851796518,23.13472958757105,21.20003030997137,18.46878318648609,18.510020508337828,17.853989238448253,17.030011055554134,16.504641126818008,14.780447463811528,13.299816606267573,11.03282434188861,8.635262784009,6.716570974877915,5.512498420477578,3.795212206687283,4.752369021193883
12.04008492955387,12.41468720071035,12.875539674542166,13.495393431334296,14.28007369557719,15.165972281977917,15.56803004352339,16.19477816768184,17.25616182711768,18.288083328230805,19.65556321020997,21.372539779452794,23.320706934974403,24.860477641930146,25.613969357539073,26.475026294516958,30.593156169156558,32.43858510887234,32.797608884598176,30.996906899555263,30.80114288497326,31.019937948594354,29.901581354907464,29.889872210064294,27.277485529406874,26.516081320404513,23.54023549171686,23.906560884878566,22.515798927107536,22.663260949864046,22.275289147656373,20.976110639835763,20.508904536730135,18.887601897232333,15.223408304585648,17.264150280196805,14.006205417138027,13.431088932964837,12.038823500233551,10.291415170550597,8.073138651511208,6.330816580494525,4.865277955383261,3.037771932776521,4.228777608531149
10.940325238926627,11.39598891140592,12.279680656781348,12.87903310639219,14.019146700078805,14.393310493544693,14.937640398460909,15.705139477240342,16.44768773188852,18.512150078359774,21.50924768853952,23.96783587019556,24.860610671534058,27.456598346439595,29.97853241342322,30.684155635723886,30.214106733196278,30.6569190754918,30.507220792795522,29.518251812517658,30.251144772764608,31.257020646068575,31.521706801771955,29.56041793077996,28.92118315614751,26.96669798829288,25.54044303357874,23.454766413060483,24.441899190307634,23.27801950379797,21.91965306630732,20.477197307485326,20.007918945777416,18.636634655704512,17.106504156753626,15.10326477337014,14.528673075670792,11.21259813050711,10.310337179423204,9.45157620657847,7.121589693404393,5.747380263923778,4.263610732636745,3.8563959988570016,2.8509378340137688
10.424309652160519,10.794921637614419,11.654834097848706,12.543627674412711,13.002014522612571,13.498606974810588,13.91342254242622,15.208234671785707,18.168417864456277,20.00760329434302,22.1434055169274,24.52879519422077,26.349818229913264,29.211318877695817,29.775703398256475,29.37599133736632,30.159130473425627,30.42513627615729,31.570166394984188,30.04582498880091,29.61841981056499,30.440594350289654,30.909137970074603,29.50545539941032,27.422939442003173,26.0435321541272,26.228123723340865,22.860319954589308,23.701602888802938,23.3621122477387,21.660839269381285,20.50943123843271,18.027500165173365,17.88153812404101,17.00366568510965,15.597742085503068,15.471795384122974,13.981783783323642,9.977572912285384,7.7506702301186285,6.867056429861895,5.1033102625638875,3.5341617710959348,3.5223593195734892,-0.46713687449106195
9.714552569038915,9.827746324349292,10.68571143981873,11.55370174309197,12.358877011654814,13.292736069862796,14.799038877416901,16.61128888949016,18.755396695749877,20.854331738853496,23.490262488326334,25.143591828220405,27.53921707080675,28.985185622509118,29.27591415898617,29.479078482472687,30.182272928544045,29.79727942748336,29.796445570024783,29.610496306220362,29.28263043201507,29.3570620245071,30.06138292392992,30.2310464498615,28.871450406997653,27.333365277923193,24.125001686899335,24.185060159037533,24.40703363141759,20.543194909024834,21.22996534275911,20.106897952171117,17.575342944218832,17.215211655073325,16.406362693410387,15.433562355738106,16.034035200306082,8.860922138730189,6.302964396527183,6.851905212406983,5.324192849351981,4.257057011196703,2.6775497408945457,3.291040174070253,-1.472954510419029
9.005847138712932,9.092488516652326,10.48191649116909,10.789513582015985,11.698608251457589,13.388265673273684,15.016442895215828,16.81819927919085,19.107533558579835,21.042561309112465,22.009532400170528,25.346046604120993,28.077375273000044,27.889953595499414,27.818549526740973,27.673962203214366,27.60617722962146,27.889126838345668,28.59309653410588,28.50290813068903,28.2605568422708,28.346722813980367,28.602720025846082,29.636840622629833,29.026486767106245,27.123819094626178,24.30123904815281,22.87813707190973,22.410731480056903,19.988448628012076,19.986450537030663,19.29451705693596,17.506543367890004,17.28546298583399,16.3496044878367,15.678249587977152,14.078244458709083,7.616134347195059,7.793592352351034,5.999989404482399,5.3232142754644975,3.796032095644201,2.829882400596527,3.71107781296372,0.43674286969434817
8.241853240887826,8.770681396441772,9.474441895656206,10.457412280259735,12.00774146253044,13.923313442700492,15.66430913118427,17.459399276742815,19.452955659834057,21.812939188363163,25.00667669192984,25.71194589873876,26.833283253120378,26.453130991254366,27.114206579516193,24.86010014825299,25.21632194955768,25.51650989009266,26.082640879123282,25.888417946294535,25.951498352303474,26.127403315849044,25.80005576139979,26.727894365558164,27.88431786593246,26.541442373464225,25.599642008795705,23.543683235631114,20.190666201285925,20.57589694018231,16.689238105092123,18.948020427588045,18.355538314382365,15.592358220559428,15.854798477982943,13.745691798643964,11.883386553160044,6.978874624713187,8.035535921914278,6.233656321637721,3.068721615915779,2.4570360388252466,2.742540108751534,4.632346575086862,1.115037926430808
7.234698490638438,8.354285953327476,9.198697868400126,10.088157865153708,11.830042115231304,13.95031574707564,15.773745431675838,18.02954946675982,20.003413246346042,21.325013041139677,22.862344567975505,24.491675538271284,24.218534479897173,24.16042075170533,24.155925632068158,23.406071916395476,21.9965459861563,22.221168910620364,22.427295939382752,21.607494061155677,20.878474521125913,20.83368521546895,19.981442684760154,19.706877703273626,20.05804917140381,22.460493347254793,22.804429251488447,22.580970042608698,19.63887553277286,17.705975248193518,16.164748514632763,17.90152351630418,16.41618885936422,16.23525718316688,14.497957237411782,7.430633160890758,8.630496118253854,9.050327157906734,10.293465347576133,5.020965490782527,3.4245037211182017,1.964107580130967,2.695465476753042,4.611935272221715,0.7744949023367671
6.737054884507764,7.795112895769945,8.86284857363918,9.960072097513333,11.821415662193552,13.602518010439535,15.391411786786245,17.139528790571518,18.012332106651176,20.32446573980231,21.45523346198219,21.87537855727647,22.364113072520897,21.872855157317314,21.83718510187926,19.65116100842523,19.072137445935756,18.07005640045934,17.12183796212914,16.34156935875845,16.30720273177449,14.412003979930741,13.708515823042008,11.005025531794601,9.991171083605147,10.91702750445198,13.734671993774159,16.06313936670949,16.857194207092245,15.83848216229283,16.120516245102362,14.874273686547149,14.310573074609128,13.095418535998872,13.032945055670062,8.924759413278762,7.366232602043117,5.195421153007471,5.365623357884515,4.232003145170853,3.3333933132794415,1.5769483335791223,3.449363694704722,3.5635155824950413,-0.4263758551068024
6.603095425272398,7.63810886084143,8.610903006664323,9.77876356629497,11.728978133834724,13.538474518044124,14.35351747416781,16.205160686644675,18.042126688408537,19.066150922188505,19.41028290809034,19.498376465493912,19.072525963695053,19.074876088763695,18.419129732630132,17.305446581726365,16.970808414915922,16.32140359951621,14.884859818808847,11.761660960077277,10.826068145006682,9.983682916190098,9.37998034132399,3.744783491153183,2.77411773986891,2.2933950662762865,3.1965225527877847,6.281330636173244,12.224098286405827,12.069565761661675,11.92817122124432,12.884592887455678,11.504260434705166,8.46121444788719,11.556243850783481,9.535978783703973,7.6787834619243664,5.723773049038656,4.074586109106233,5.44825678141029,3.8173366074679436,2.1554404162143816,3.926109123747098,2.35192522568748,-1.486838016346326
7.119484463765488,7.367546043437095,7.788729715248237,9.60722901924906,11.672061299942154,12.507900124075508,13.733169279879444,15.24521094291675,15.890902603529424,16.682631015156275,17.09613047668973,16.91253192509809,16.14868912667292,15.587825766429855,15.012604051006765,14.2456457099443,13.729617189573883,13.210071666820806,12.753247342091493,11.326346234144442,6.488308695069581,4.783422018935335,2.9534758774290415,2.4850568834916618,-0.4442442773437769,0.969432982256868,0.07797209557256116,1.6101751358349314,6.028590096672536,9.578864978147365,10.16916397234877,7.695405783670688,7.484826850128534,8.428076203506008,7.484665845656641,7.149937359179901,4.829105467151385,4.099106798056646,-2.5930223821254454,3.244424933342871,2.591128473735336,1.8033722692867973,3.086881348295667,1.340125399203651,-2.1886413754426335
6.597727582898573,7.26820455248105,7.697223442496933,8.454684045048676,10.383553995505508,11.764094353551538,11.981608923383686,13.738108981263098,14.423405675081368,14.481027950249743,13.82266355385005,13.443000718334556,13.539044419976078,12.306624052067686,11.546212272564588,11.405249167853228,11.290372271766781,10.749741231019296,9.429449191285983,4.613701887975627,-2.554761589588049,null,-2.2603380302047187,-0.4489916577870187,null,0.15423928988254665,0.9538124370388101,-1.9528596432715308,-1.500144690462459,0.7115067833063666,2.290985662343254,2.951000047346755,4.419010579533597,3.269462207729811,4.1999058378752245,3.567166291501654,3.752258204236453,2.1052342099490904,0.6635134517758864,3.7279827038600275,1.257439059962334,1.8699420594162532,1.6949012234736396,-1.676636042064067,-2.011422153768953
6.079132510369118,6.492446212321081,7.017485545688233,8.277570522835525,9.565819617491826,9.888187217758796,10.91732850291468,12.535024619405752,12.593453219416302,12.577210510053611,10.902961642649947,11.14094568779106,11.310835711725058,9.915782787304474,8.718466605715236,9.162175459733795,7.327518262699697,4.745246601370796,-1.7547832622232618,-7.105600176695811,-6.388885156231709,-6.005939219682404,-7.401303010949694,-4.549516400444693,null,null,-1.778375737226456,-6.441345322109504,-8.051043627693192,-7.821791974522938,-5.031751333538349,-1.2675357591642427,1.826616639940073,-3.2173337430919973,-4.2910687442975854,-2.0939901494003883,-2.0874419049941966,0.8564372431610674,2.6193294203899065,-1.654343874658537,0.6415871589831141,-0.2787124438537477,-1.129068376634713,-3.0683215882471564,-2.1224892714901804
5.107910157606253,5.1842593376432795,5.941701524339387,6.50307046677689,6.84649875694056,8.783999726272404,9.945369488954801,10.039953920267418,9.59916410348077,9.054916938601405,9.248287510344408,9.225038781442755,8.288088257088736,7.741172741021885,6.112855413602114,5.1393624787852925,3.487250540827107,-0.45804520336420596,-6.7284767780475505,-11.147486371453194,-11.863517972573668,null,null,null,-10.725171445311165,-8.657497474901788,-9.394722259749857,-12.961895456977127,-14.244738268580418,-14.19990342363293,-10.578683208557699,-6.278021412860179,-3.7794280822001864,-2.561280501088421,-3.869992383902499,-3.6066718397794135,-1.4213639154222937,-0.992539000371129,-0.7470035432349611,-2.9338266138949725,-6.210487052120402,-4.682214948347026,-4.893928386757853,-5.113722992824996,-9.681280390161604
