public/json/wind_2018-09-1609_850.json
{"header": { "discipline": 10, "disciplineName": "Oceanographic_products", "center": 0, "centerName": "Ocean Modeling and Observation Laboratory", "refTime": "2018-09-16T09:00:00.000Z", "significanceOfRT": 0, "significanceOfRTName": "Analysis", "parameterCategory": 0, "parameterCategoryName": "Currents", "parameterNumber": 3, "parameterNumberName": "V-component_of_wind", "parameterUnit": "m.s-1", "forecastTime": 0, "surface1Type": 160, "surface1TypeName": "Depth below sea level", "surface1Value": 15, "numberPoints": 4800, "shape": 0, "shapeName": "Earth spherical with radius = 6,367,470 m", "scanMode": 0, "nx": 80, "ny": 60, "lo1": 109.0, "la1": 20.0, "lo2": 116.89999999999955, "la2": 14.520000000000117, "dx": 0.09999999999999432, "dy": -0.10000000000000142 }, "data":
[rows 0 to 18 of 60, columns 0 to 42 of 80]
null,null,null,null,null,null,null,null,null,null,null,null,null,null,null,null,null,null,null,null,null,null,null,null,null,null,null,null,null,null,null,null,null,null,null,null,null,null,null,null,null,null,null
null,null,null,null,null,null,null,null,null,null,null,null,null,null,null,null,null,null,null,null,null,null,null,null,null,null,null,null,null,null,null,null,null,null,null,null,null,null,null,null,null,null,null
-14.936411511502053,-16.36423070327139,-17.226216986068085,-18.171064035074483,-19.427714297759348,-19.57422242719295,-20.918250385889202,-20.780858695185298,-22.09948500887091,-21.62227402154187,-22.64699572435785,-22.34785139858817,-23.368963941107488,-22.770117628075845,-24.251881789347664,-24.221857785467378,-24.106026606513304,-23.487188622974898,-22.883779287595658,-22.681495843704866,-22.180178811382035,-21.757992236174275,-21.215697037713863,-20.277995047655423,-18.838109071499684,-17.57495247893487,-13.986083207066681,-14.104727952549887,-13.260786583050416,-11.715121803177663,-10.04567071362869,-8.558664569036708,-6.445117085003744,-5.440421832491567,-4.2200264148421125,-1.9920613616543703,-0.4448166849110784,1.1370954259466823,4.516362129009593,11.050575047769405,16.468584886463592,16.783419768225365,15.436883820405559
-14.974469488902162,-16.145263999060745,-18.0067057326008,-19.57235488671963,-20.987496659667126,-21.481356854274196,-22.02660446475696,-22.970804812746717,-22.863834134899754,-22.69766960458871,-22.820960479149754,-23.95886471433595,-23.812150921816208,-25.164637640110104,-25.52318212947064,-25.68580671558665,-24.11307308872938,-23.45002908436122,-22.94819688042274,-23.438173509619755,-23.215387814051894,-22.195124493467393,-21.314515724194063,-19.148659557491033,-17.89073176849128,-13.527039961703979,-13.587428641013203,-13.007872860136633,-10.543889528486604,-12.49855117730304,-13.701536330342881,-9.772566727569203,-5.986852317820475,-6.094359089777282,2.1519538411603456,0.023607881504731656,1.1113954642611252,3.4409877311367345,5.651609881702375,7.687662305777623,8.534077370082251,17.78599616775118,18.273294153137314
-15.76593016542538,-18.21074121041841,-19.921965467231573,-20.938338470187517,-21.990017824254405,-22.80336068102246,-23.21666122652644,-23.192982999936653,-22.26912915731772,-24.258072021651856,-24.562672567720426,-25.304691150010203,-25.403730684743174,-26.31113338236978,-26.59883176701753,-25.373055596850968,-24.648905295239096,-24.542219262843034,-24.529262441596817,-24.79915219178938,-24.539770177817772,-23.78848234108174,-22.26402713917937,-21.171591849177045,-20.253637983976354,-18.525323408756904,-17.905147327176156,-11.53364021339159,-8.572842133394989,-10.617543102930483,-11.768371501343704,-5.381246431359997,-5.6406942997041245,-6.75386741756993,-3.38700107349047,1.7562077463294816,4.721634869586435,7.75587077022144,12.947773420624197,9.371162509472704,8.009370168385441,14.474816858964836,19.00364376315852
-18.59420010220094,-20.03418848775501,-21.13744989274462,-22.69596020385809,-23.116919604999588,-23.50015395225438,-23.78049200259393,-22.97160313092278,-24.402591566030882,-25.16316549802415,-26.316810864772105,-26.693417910257487,-26.99169164875822,-27.20245916503695,-25.698329230503926,-25.325903672265895,-25.350081131421444,-25.671413919061344,-26.366261341983307,-25.954130063994818,-25.469483252792006,-25.503504242786892,-24.76178015430792,-23.990192648508547,-21.819601115744536,-19.917920128593344,-18.700981370150362,-17.363412799749753,-14.876897246687527,-10.748885714673072,-12.751656895549775,-5.989703662497299,-8.311940002649157,-5.005026258593041,-5.183325445674396,1.1903843525545368,3.5518843817553245,7.9466368456677206,8.05768556341569,8.189230939874058,15.932724091207216,18.66699124436389,18.81503592108372
-20.63628711003627,-21.92113129429483,-23.103202230545136,-23.640645625879493,-23.83836264444382,-24.014982590840454,-23.908771697892316,-24.376448266242804,-25.189244489322743,-26.440824416512605,-27.604230746400656,-28.326576223852662,-28.532136517994104,-27.011509570672807,-26.66836624756122,-26.685444074817998,-27.157246405007186,-27.694919685059954,-27.814103936561548,-27.8257887936175,-27.67414739726643,-27.020572106538065,-26.562435448811726,-25.354496437891633,-25.326022378444705,-25.03113453637651,-24.61354729610033,-18.492923176041202,-20.063414518733204,-19.305560972563757,-17.48897040997115,-12.717505385072528,-10.69023698439295,-8.431645503934753,-10.997702278727642,-1.4868657091181645,2.4334601999333727,6.265626656638039,4.78760129028931,5.297594179034829,17.099058906553253,13.248140839296205,26.36875314842182
-22.612109489162407,-23.1967540538824,-24.059776196771637,-24.32820570748282,-24.554960969908002,-24.277457701498662,-25.09263504617395,-24.93444523358152,-26.07445029903248,-27.724641735387966,-28.928765400500943,-28.87147428137738,-27.347634534813395,-27.64044120687202,-27.603553235566157,-28.165054637734784,-28.78918281840204,-28.817393598168195,-28.856014098873068,-29.426820903368068,-28.803191833149526,-28.928757944275215,-29.531918892310443,-29.01216820169331,-27.54446889706658,-26.90421514248022,-26.236094487020022,-25.162579041543314,-22.48435858270744,-20.813523732198625,-18.740534925819137,-16.55258887331959,-15.093560729452555,-11.516791650348631,-8.999972734209448,-6.540795106075483,0.7588750252209991,2.6778739935055262,2.684514691074783,10.854596417941407,8.354773615117661,17.10186300744858,15.179126739801916
-23.94927973615658,-24.463729234556666,-24.740041935550376,-24.978928155910868,-24.797478260620903,-24.794128404325495,-25.33233371130856,-25.491802136340375,-27.222682323574432,-28.524568552343986,-29.386638852093746,-28.494502842087183,-28.888761531739046,-29.426555985569923,-29.291953281345656,-30.23662742069552,-30.441252199223374,-30.95733869195216,-30.878098886047443,-30.64452826078822,-31.266669390041077,-31.62485127050524,-31.959862580784336,-32.20712920120679,-30.98275627663221,-30.017688039571933,-28.988011492972547,-29.427364679492726,-25.404000371804553,-24.33060898103643,-19.603163132731535,-17.889015114528796,-16.07881493078533,-10.942293164636832,-9.12760739559035,-7.657373168557285,-2.203990006760184,-1.4703448531778502,-0.7899629665753588,4.08771049758747,12.467756105203126,11.088972909168904,23.96007618593556
-24.85598803388325,-25.380367980037526,-25.52437074878646,-25.42936511337398,-25.19125879582074,-25.61441752912145,-25.892062560775322,-26.068438852345043,-27.589696331924326,-29.11469100172679,-29.846617643399195,-29.86320633869337,-30.926342421117695,-31.14171318045009,-31.175927110842093,-31.46498635197454,-32.39517140916622,-32.90219347188989,-32.70509094121233,-33.745854948522826,-34.738223715551364,-35.062331074120934,-34.860915444034916,-34.92883789344166,-33.70424054266381,-33.321909087711646,-32.579255773825814,-30.9972868122633,-29.064195211714367,-27.07580058291122,-21.895850163324496,-20.52443265807215,-19.44755646133761,-16.85399835150183,-11.157828669806687,-5.82762264740156,-4.481460602092745,0.6076680541155033,0.6699190172186003,8.980116731734913,7.9068527295762,9.993330010276349,17.616607902199874
-25.540380756320175,-25.738280747223218,-25.85329219101722,-25.827346267793857,-25.845541997995372,-26.325793219405544,-26.685000073867737,-26.65690254943742,-28.066788045867384,-29.511175234233498,-30.27080581387873,-31.972619277837754,-32.62003308948077,-32.39173200050661,-32.19985297495685,-32.98417243642661,-34.55755959077096,-34.964015176222276,-35.88923405426282,-36.500862933522825,-36.293493087840545,-35.9285181705787,-36.35857243715955,-35.18406298029768,-33.938098498338256,-33.62221122301918,-32.35458537447897,-33.39881196847559,-33.08274176784397,-30.48886251661242,-29.978405140985043,-24.457147294975723,-20.483637515829393,-15.670789338543681,-13.917129229841574,-10.38857700466267,-5.611232854996814,-0.9161601542873908,1.7559831345587615,6.791459941281133,9.700957057332777,13.007612046067566,16.21727916385145
-25.728317312861464,-25.972843200744787,-26.06009451623321,-26.3350900270708,-26.546975267483038,-27.005573920877197,-27.17913565428171,-27.83188178099916,-28.545047721290807,-30.066956728452634,-32.18589924542887,-32.96646797700015,-33.41375425601712,-32.88546374386311,-33.255196640772404,-35.01367798896581,-36.710156923227444,-37.085418578755394,-37.90456956224438,-38.23146588325998,-37.62912594428146,-37.15096979068231,-37.033528536724866,-35.547631350335074,-34.40150991368171,-33.8458484534727,-33.85257266794966,-34.5572365950442,-34.766311173843285,-35.22420009988897,-32.61201835765777,-27.12832327388262,-23.834220046345884,-18.364435550084877,-12.94233823205635,-7.58750389215419,-2.5265637791279394,2.12295380901256,7.2874585171702515,9.225222637026661,13.781680078453185,16.091396526389147,17.203543079656384
-25.686135720670215,-26.194855544141937,-26.596411323122215,-27.302038530572936,-27.052571250041545,-27.518229940737356,-27.891473707452597,-29.004905972913313,-29.770567687296893,-31.17425886873844,-33.0043157591441,-33.305874711809764,-33.684386237138256,-33.564488478935246,-35.07879367698345,-36.79414195443378,-37.75066796844059,-38.51635370036368,-39.0439611823344,-39.97759097866161,-38.7696583710767,-37.78998972169816,-36.79064269899938,-35.424530029154994,-35.085942456522034,-34.1337616184732,-34.14352785299727,-36.94634630050095,-37.80444170914875,-34.853109065018316,-30.508779947037823,-29.21636610175554,-23.82662822297871,-14.29079355346667,-7.621641411751824,2.3562701752721216,8.094601881551608,10.724972233032613,13.966627883624646,15.034831900777657,16.35675922238077,17.642581199834144,19.6592232373472
-26.080303433406087,-26.77386951382017,-27.2622767324132,-27.91582370357068,-27.9192026440918,-28.535870014967777,-28.842650329480524,-30.17314134372539,-31.05023041518526,-32.14045522725898,-33.36078494092897,-33.2169812273005,-34.33746326947872,-34.760708216231095,-36.721049661410504,-37.99168243972678,-38.705587422987506,-39.771261432698246,-40.2265160018544,-40.6796387563386,-40.02932679721711,-38.718091697099254,-37.62299719814891,-37.365343917702496,-36.788785868686844,-35.31012575271343,-39.20283932716725,-37.558159785861434,-35.581989010294095,-34.326574893374136,-33.50617987246554,-26.642016617987,-19.981898218612475,-7.617170215843298,-2.6977843606264416,4.448183367233872,12.397492729933454,19.475620409760168,19.844607818016563,20.54644755501768,20.747127176251965,22.967761105621115,21.399484201172314
-26.520994540858602,-27.265007293428763,-28.025097269470926,-28.45885121919582,-28.98850039263172,-29.515197556672454,-29.90637000854672,-30.885837958747334,-31.815565843552328,-33.10698894827319,-33.226693943339896,-34.138920037683704,-35.53671167472117,-36.0010605533594,-37.96596129636716,-38.89966478318382,-39.376075812218865,-40.6021996625032,-40.4937694774453,-40.40014946417288,-39.66096925700502,-39.59109288992952,-39.642339116679885,-39.81810148641915,-38.44303091900267,-36.07706558294335,-37.92464677514178,-40.80960610038054,-38.5914443936097,-37.806895216977416,-35.39261386402275,-24.916037673879345,-13.898316583961787,-10.989089226907229,-5.18545398963469,1.2464996654769989,10.776643171401226,18.422118346496738,22.024692451511548,22.94315910239742,25.843985935384417,24.104984376473283,24.914957192211684
-27.304528955451303,-27.838421319760524,-28.168960873556724,-28.906464211372423,-29.619060242003407,-30.21288731334725,-30.418183638770962,-31.28845661368235,-32.1100956849514,-33.028720776846,-34.056345152593636,-35.04255313172565,-36.190298202727014,-37.131455422018355,-39.04874788215658,-39.34686218584308,-39.77594323426533,-40.257595220474734,-40.66631203596824,-40.31173209126392,-40.023057085913536,-39.180267274066196,-38.97680323254408,-40.78997568503975,-37.3399820512114,-40.76070894744818,-44.400703466246966,-44.812522737458465,-43.046202711433864,-39.64498107286133,-35.43163401342777,-25.38484672423701,-12.38501962322257,-10.063723182241372,-5.908259598981862,2.777450445861885,10.351107616633374,16.083142553060764,17.561946832119265,20.428537299570188,22.104240366380022,24.648668500194514,27.172685517258284
-27.833320776722584,-28.101156510398262,-28.34806275857494,-29.105950925818874,-30.209668716117214,-30.670598508359763,-31.19024306721228,-31.360583119470448,-32.851896894777504,-33.64264403044559,-34.16643199104802,-36.05303855050557,-37.39181058982193,-38.003638593701496,-38.97876792112122,-39.2330047190471,-39.64180511067926,-39.53829994623213,-41.064846753052194,-41.12782190161238,-40.26213483522931,-40.02391472364474,-42.37022777024209,-41.289806201223996,-45.625341120198016,-46.56953051464701,-47.085718318334564,-44.639525796938806,-43.066360169055,-39.99583541584505,-33.803946292535315,-24.737283828227163,-7.069729406260722,-8.040123953916165,-3.6513608832055766,3.4526960741417176,7.816764726353185,11.965467149804361,13.912343321017937,18.542458977763662,22.103334529394303,24.706281210433986,29.27895408456701
-28.052788979623113,-28.623084885095473,-29.098352469419094,-29.15880601944862,-29.660773313270248,-30.80443176669624,-31.140776282912718,-32.18254179295849,-33.71066457328935,-34.0656734899065,-35.57023871753095,-37.305474067009264,-38.17171148618593,-38.40591520287974,-38.43888506257397,-38.891054079957,-39.40761862385158,-40.9945986946797,-42.415140169878796,-42.714765292209314,-41.07766427642383,-40.753506225287644,-45.210738064213,-45.7952657981855,-42.942111494874986,-47.00740319331545,-47.55853859822794,-46.66891004119338,-42.97096496578523,-39.9804237851727,-31.99835037417479,-18.36000974886396,-6.922612386121978,-2.5809202051699307,-2.320695707924613,2.307959638439252,4.293320530981207,7.921887759464713,12.62494040218674,17.415547827454652,22.305538297471635,25.36168102157063,27.965295861080023
-28.694623874355795,-28.8566834654963,-29.062307949295395,-29.385905071713257,-29.988848299279727,-30.351127986411313,-31.03373775952157,-32.887878633739874,-33.77980000979262,-35.289757926087624,-36.839415381086816,-37.863324627057466,-38.05949948243587,-37.75008337834591,-38.52554452445022,-38.888608480488614,-39.98526243035185,-41.38446671414192,-42.31479574960635,-42.865437138695505,-41.646362073873334,-40.43350233127435,-46.73354787444815,-45.45034178945199,-39.891335088494756,-42.742692025257995,-47.669276773938286,-47.14565348070003,-43.24945209107125,-38.99008186993643,-30.054793529076623,-24.18946348200961,-3.1614193846098635,-0.048766800713666375,0.342927368540054,3.121784475818539,4.983924341973472,6.152245722745998,12.078533288291501,15.163477353845998,19.92571337395787,25.696362135331963,29.499696156951774
