public/json/wind_2018-09-1606_925.json
{"header": { "discipline": 10, "disciplineName": "Oceanographic_products", "center": 0, "centerName": "Ocean Modeling and Observation Laboratory", "refTime": "2018-09-16T06:00:00.000Z", "significanceOfRT": 0, "significanceOfRTName": "Analysis", "parameterCategory": 0, "parameterCategoryName": "Currents", "parameterNumber": 3, "parameterNumberName": "V-component_of_wind", "parameterUnit": "m.s-1", "forecastTime": 0, "surface1Type": 160, "surface1TypeName": "Depth below sea level", "surface1Value": 15, "numberPoints": 4800, "shape": 0, "shapeName": "Earth spherical with radius = 6,367,470 m", "scanMode": 0, "nx": 80, "ny": 60, "lo1": 109.0, "la1": 20.0, "lo2": 116.89999999999955, "la2": 14.520000000000117, "dx": 0.09999999999999432, "dy": -0.10000000000000142 }, "data":
[rows 40 to 59 of 60, columns 0 to 44 of 80]
-16.35519837804123,-15.988330268801025,-16.648010380152364,-17.292575667190242,-18.58637487626435,-18.860874159706867,-18.29546131732873,-17.45078416512909,-16.90039536499149,-17.05959143929165,-17.398799163621657,null,null,null,-23.012805989788824,-18.854880560080307,-22.088693038548477,-22.662151933186262,-17.383012230322613,null,-24.394007020117865,-25.75913500429697,-24.990256471523345,null,-16.883931212653636,-21.32486461629764,null,-24.960878111436276,-22.027439932655632,-24.881500291480485,-25.295933662117967,-28.88658091269294,-26.941167974911973,-27.12108506463869,-24.132361145489156,null,null,-21.364833406910424,-24.166801059382657,-24.646553598127774,-22.06064298569764,-21.227071015331166,-19.988449764215613,-19.955192809062897,-14.806922471949362
-17.774447261628552,-16.78921719870599,-16.307176196178652,-14.918046338836444,-16.313261694222973,-16.92529303501575,-18.380221736701007,-16.51079311020524,-16.93336990803047,-15.450305499835197,-18.227726108025337,null,null,null,-17.52261866075485,-21.396550700821354,-22.12930587308747,-21.6325126959973,-17.830186050684212,-16.938294330295324,-20.114956852791888,null,-23.966060425916215,-21.418248278714636,null,null,null,-22.626203085473147,-19.997532758115664,null,null,-21.83895919969524,-28.428633247683713,null,-27.535410336332408,-24.826673926364567,-16.28586445619066,-22.09402157362195,-22.81462852822821,-23.234044690713567,-19.716532448014185,-20.515130052374786,-19.329735150620763,-7.622577025246185,-12.610483869363158
-16.914194852581797,-18.139254464038125,-16.429656423271847,-15.383020346875053,-16.553688663207243,-16.75661554819706,-18.438600230585298,-16.684039852781794,-17.217011036920553,-16.102600174821976,-14.241891797947538,-15.853406498220387,null,null,-21.910432464182865,-21.98031625101602,null,-19.622470435240324,-17.785120065431677,null,-21.135345590940744,-19.061447697717412,-23.858834296744206,-22.097492708432313,-17.131048143736212,-12.26141585013738,-11.37429123914825,-20.972339791982847,-19.741521913008988,null,null,null,-23.357994283379547,null,null,-23.96807456898484,-22.38306129080594,-14.584894658381703,-18.230081639089775,-19.680716052314835,-18.015458798576287,-19.639693577543515,-22.885788733365217,-20.436618176328192,-17.035605837519356
-15.651778676632247,-16.432621684477148,-15.388344420494267,-14.402753436601124,-14.932908091974857,-14.967539366391355,-16.82612941341029,-17.026069540871717,-15.553187706433373,-15.5229032907766,-14.78012206041721,-14.886691719647953,-14.437740653425655,-10.939125504391903,-14.866292286834565,-18.115688242310704,null,-16.2177011550028,null,-12.096984905466176,-15.461433935681455,-20.529591812261465,-22.918487894778714,-22.62687647208598,-20.256629917480844,-20.032739907382922,-9.412381181148227,-20.676270000163,-17.29120270457673,-11.61092846727648,-20.018389510095574,-17.474109366713144,null,null,null,null,-21.97539653801017,-18.31123992794729,-16.486812872946924,-19.909259992274045,-20.79675011169028,-19.67808131987229,-20.234705868609964,-21.427959361403715,-20.425888243200752
-13.764792722228245,-18.425804622706828,-16.854678400078633,-15.391497381862427,-13.398380864027502,-14.885509655909951,-16.479654841167868,-17.953771742224752,-15.365494416682317,-17.9846594355438,-16.426648780255437,-14.72305986210111,-16.097505288839134,-17.881676408079205,-10.80978844899444,-17.221740512228024,null,-15.544706055883214,-17.956756053541884,-10.253239121792536,-16.54858902460608,-21.79091936693966,-24.106499406558882,-23.510976793008297,-21.707319739407968,-18.848620476381054,-20.586316917312697,null,-21.50233770411855,-14.720057500710716,null,null,null,-26.93542136865558,-19.837420709855934,-21.082668529047744,-21.376124613767292,-14.747204563651449,-16.48225383402094,-20.197464416376054,-17.66519735588156,null,null,null,null
-15.30194767322708,-18.98129016608588,-18.149433307664694,-15.693605744022861,-14.717775096664067,-15.79256982260401,-14.85513983702226,-16.44297474631654,-17.617012915556497,-18.44952066116774,-18.911803113371093,-16.260401293410478,-15.905405273393932,-19.72967222281946,-13.750335313124951,-11.376907290114323,-18.251005436329724,-14.452783080949345,-18.36508396058898,-19.873103652305815,null,-18.829397768865014,-20.482954081803513,-24.167456769349133,-22.200498915004765,null,null,null,-17.877079646957352,-20.731399299114642,null,-17.132238295877034,null,null,-24.51999135914501,-20.67045512932829,-13.92273823059224,-17.011220426946544,null,-14.905015251732792,-17.174607667879464,null,-18.122992346217423,-18.062567477860853,-10.7614631636466
-17.09627807679967,-16.138523852434865,-19.52118172900856,-16.412842290650058,-15.478320074440875,-14.967420797586234,-15.237487301159561,-15.362222441250225,-17.682250858774612,-18.067425068836208,-19.282371105994713,-13.963896243833434,-16.122765749985057,-21.54912292994178,-16.44081491334317,-10.243073451225634,-18.866790056865486,-17.088054766263028,-19.927765792772124,-15.728134557595729,null,null,null,-20.553264506241618,-19.682316772888274,null,null,null,-20.19805339165364,-19.019224652317256,-18.579145023455258,null,-22.143435545327925,-16.955994293547523,-18.847087274374374,-19.50751745416078,-15.244380836510157,-18.07527127361081,null,null,null,-21.289708522129885,null,-17.58524463759418,-16.010610242003576
-15.692685184337904,-15.11055820562435,-18.353387598450702,-16.94922632013919,-16.014713921901784,-14.104347957619762,-15.419110773154589,-15.098923372391788,-15.827076368766194,-17.354833925623282,-16.192164769794502,-17.062933258430434,null,-18.899399384480496,-16.690806480869124,-14.673908473778873,-10.269335722409048,-20.00856837484055,-18.08882471891524,-17.682475111587603,null,null,null,-20.957048468351594,-21.035216457020056,-18.192741144412377,null,null,null,null,-11.168385017201443,null,null,-17.777110109820203,-17.87134581524695,-13.421716989466427,-14.376986919913797,null,null,null,null,null,-14.934677964709511,-21.55178652400992,-14.9759030968255
-13.27965647149913,-16.413648724946963,-15.903730083772398,-17.799866836448754,-16.892430663517334,-16.43520402804122,-14.209184873912882,-14.334419564757402,-14.181686612192832,-17.22228129918853,-16.4765175982702,-16.41242147593406,null,-16.239218407529656,-19.42341216448769,-12.56996287255126,-13.498074576341297,-18.62226877775477,-16.893025334800654,-17.16224401808673,null,null,null,-17.821703769225255,-22.84877047895634,-21.722654214541805,null,-12.96388627532912,null,null,null,-11.867639741040547,-13.429189187952435,-16.673795390694142,-18.819449258560294,-17.041257422298795,-14.649840441445273,null,null,null,null,null,-12.537899659562964,null,-20.381759330794594
-14.705161685458782,-17.869008587460637,-15.625460956888615,-18.097863939180463,-18.12265740464823,-17.1164131733186,-12.956804722252325,-14.951767632867702,-13.961853134304098,-13.235105046158461,-15.093264028242174,-14.61920809832596,-14.928584240388696,-15.26702013064457,-18.921829022494677,-17.331655193785114,null,-12.567595523643895,-18.263917745834938,-11.826303825318236,null,-11.166109250069123,-14.246379396334483,-16.674497022203415,-19.890627791478167,-21.28917792408015,null,null,-14.913853726654361,null,null,-20.38199527474608,-22.478232791922363,-19.722644653821273,-18.918006654072432,-21.04142341667147,-14.593853257566918,null,null,null,null,null,null,null,-14.080381603912711
-18.52643245736039,-15.677517426562732,-17.08198125780978,-16.89571869611532,-16.62617437985686,-15.966259269698813,-14.228547522432766,-11.789490495299118,-12.1847503637856,-11.596933240433955,-14.808002734497528,-13.703596511560661,-13.550583420123882,-16.15836428916347,-14.141956130435467,-16.804631218133853,null,null,null,-14.831021111715614,-9.207878691494283,-15.811300539429324,-15.380093507023405,-17.595706344222794,-16.070655524508748,-20.079243880549512,-17.300415279394237,-16.17637307692894,null,null,null,null,null,null,null,null,-15.676232310652413,-11.920114966254125,-11.207874056907336,-10.647880528382492,-9.887436260231553,null,null,null,-11.642515491134828
-15.224240274388636,-11.585213920927009,-15.933471567500115,-18.413933519015284,-18.39758086939171,-16.387462550444063,-14.400640094279586,-9.428123165983155,-10.661539247988053,null,-13.216428894180247,-13.923679561087337,-14.121445975717197,-14.272162694946442,-14.062083652548994,-13.022524482791273,-11.919427796364737,null,null,-17.842551764825817,null,null,-16.949450844002378,-15.095528113553978,-15.99219126615366,null,-18.962437305957042,null,null,null,null,null,null,null,null,null,-14.893556991689945,-10.162110469115932,-11.612570075040141,-13.097592691994432,-12.372006230115128,-9.60645570102687,null,-6.630644392000758,null
-17.8075573863467,-18.971672444476035,-20.73353254380598,-18.096756826940027,-18.24338299567724,-16.44496176834426,-14.723129923535025,-12.671776479180236,-8.595932191827185,null,-11.19502614393301,-13.311394660447837,-12.520055034340084,-12.882286396971136,-13.945591823886254,-14.867548848731339,null,null,null,null,-15.082325647914057,null,null,-15.247441993895958,-16.319635951925722,-13.36021959246024,-17.43294006177417,null,null,null,null,null,null,-12.565604534964727,-13.703824437269892,-13.636296986225037,-17.452759147724382,-16.084943916771632,-11.907906685179164,-14.804758500160405,-11.405690011379367,-12.837086085911425,-10.375990581479243,null,null
null,-17.023370735433993,null,-17.242241450515625,-17.44966004611944,-16.81644316402078,-15.627772386000942,-12.670890285727209,-10.319727369601136,null,-12.376858531341325,-10.931587560188893,-13.728428520843202,-12.069727052915812,-14.230667924658974,-15.219566943996911,-15.808513523171452,-14.956476660098247,null,null,null,-15.936078325624823,null,null,null,-14.79210395892963,-12.945363752139668,-13.792757119102086,-12.97837043804852,-9.589843544823772,-11.584830004843202,null,-11.626826027220783,-13.945288798543551,-13.417855696080746,null,null,-18.447131860553966,null,-18.13108819584063,-17.08007068916183,-9.934828518359762,-10.508050056463643,null,null
-13.145536819765216,null,-10.584012218134815,-14.441150076101719,-13.76126695985168,-16.473233848745192,-15.9506034886147,-13.356557065344251,null,null,null,-11.818651072474676,-10.829322403156965,-13.077369165823821,-14.244581079660644,null,-16.42273931469764,-14.031856775755601,-15.553496885694054,null,null,-16.712231976696714,-13.203804773509875,null,-14.06256440111962,-13.907256864183008,-11.875685656968827,-15.250658386132653,-12.908532833970613,-11.427395152596215,-11.936495449424273,-13.31603958876902,-13.938773162829973,-10.786491452287398,-12.191176114113121,-9.193500595818056,null,-10.584673686551442,null,null,-16.88484969576422,-10.261598247716329,-11.17009494874739,null,null
-12.285515701645991,-12.237616708336422,-12.892581957750664,null,null,-15.127766508290573,-15.210967421795864,null,-10.576122364083984,null,null,null,-11.35931047598204,-11.855518738541857,-13.648186092733567,-11.02736804750415,-12.755266429347122,-15.174248993903536,null,null,null,-12.247818433857809,-10.48420352972138,null,-10.713568527114628,-15.488241114044445,-14.667764348623034,-10.543823087746075,-13.95308744981789,-13.899634539885628,-14.42082011188746,-15.241423050503483,-14.43244189020177,-12.571330126453775,-12.21799337196652,-12.634353076650244,-10.873957258963307,-9.608366410336032,null,null,-12.293076508482281,null,null,-11.696418326129306,null
-11.416114815752799,-11.467244548755367,-11.946962024030373,-11.474951995781797,-12.779849589187616,-13.241865416111903,-13.953296816328079,-13.467811284568754,-10.754307884049187,null,null,null,null,null,-14.465835963067757,-15.752062171256553,-12.554148768447149,-14.839656033050938,-13.734536340221627,-13.861263098787584,-10.014124267625524,-11.283608592336979,-15.171230268312362,-15.224545949027716,-17.609020895113296,-18.656762263144056,-18.269972839577342,-15.718549941480033,-10.717607582837386,-12.809054481092964,-14.598891230441929,-12.844747004343361,-13.525868640375887,-13.803611951137981,-11.664575059153611,-12.85030595934927,-13.309956742102468,-13.204930439912522,-12.797627508058643,-11.820728605929109,-12.93266289217535,null,null,null,-6.881139732993342
-11.719381992435999,-11.80810598249435,-12.300926648499335,-12.508974490696033,-14.275642878076896,-14.03299189945153,-13.653151600241824,-13.595264391755133,-12.016468979848987,null,-8.850343702500531,null,null,-15.301225964806331,null,-15.931005704535199,null,-10.390877868809975,-13.228723877953282,-12.48758670600104,-14.451554969218249,-16.734978351468857,-17.2460799295561,null,null,null,null,-14.663318278675142,-10.35170323157888,-8.487534551236731,-14.030104708600323,-14.067517487854378,-12.180966974982848,-14.078166279068261,-12.714030680419349,-12.08838147212682,-12.554618523474135,-12.926627913491128,-12.830652139947874,-12.943045896977969,-12.41126868431182,-8.886481816266102,null,null,-4.852134240179252
-10.39831183801115,-12.87995318913696,-11.319864373479753,-13.508896151612234,-13.497707431662043,-13.962848592267534,-14.306601189462286,-14.795168423714138,-13.74026154193057,-10.154786322210335,null,null,null,null,null,null,-14.895235099709932,null,-12.786410464892892,-14.838844401070212,-15.494418805539663,-15.92169169390035,-15.338564690423034,-14.206184109310755,null,-10.678263985263097,-13.209217903142715,-12.43904488901078,-8.550584045522774,-12.304761612849997,-16.70302989347051,-14.225379693607705,-13.354642776068502,-14.125003979079281,-14.851063909863012,-12.306196546904829,-13.318156408102343,-12.534206214814649,-11.835777387325598,-11.491139510472472,-11.490155605346038,-10.897527187399877,-6.52901691189752,-6.670441877506352,-2.330133515784214
null,null,null,null,null,null,null,null,null,-12.723422435312248,null,null,null,null,null,null,-13.688198541280986,null,null,-15.714506619164883,-15.969571085151173,-14.819220576827018,-13.49720130697726,-13.337502493294641,-12.546225952135398,-10.721203860101086,-11.473414858841487,-12.790031144708156,-13.956386750144887,null,null,-15.753222496826803,-16.20955392113747,-15.63018703859381,-16.357816457340057,-15.54085217679553,-15.502140655421542,-14.321468556302614,-12.552708827451525,-10.397802927444529,-10.735005828365665,-11.355262674225118,-10.31348480215863,-7.407302776157721,-7.291990836003425
