public/json/wind_2018-09-1602_700.json
{"header": { "discipline": 10, "disciplineName": "Oceanographic_products", "center": 0, "centerName": "Ocean Modeling and Observation Laboratory", "refTime": "2018-09-16T02:00:00.000Z", "significanceOfRT": 0, "significanceOfRTName": "Analysis", "parameterCategory": 0, "parameterCategoryName": "Currents", "parameterNumber": 2, "parameterNumberName": "U-component_of_wind", "parameterUnit": "m.s-1", "forecastTime": 0, "surface1Type": 160, "surface1TypeName": "Depth below sea level", "surface1Value": 15, "numberPoints": 4800, "shape": 0, "shapeName": "Earth spherical with radius = 6,367,470 m", "scanMode": 0, "nx": 80, "ny": 60, "lo1": 109.0, "la1": 20.0, "lo2": 116.89999999999955, "la2": 14.520000000000117, "dx": 0.09999999999999432, "dy": -0.10000000000000142 }, "data":
[rows 38 to 56 of 60, columns 0 to 41 of 80]
-10.437205295691168,-10.924142942611432,-10.78983210820445,-10.983055171225875,-11.429516255853098,-11.305586835807599,-11.961009545740277,-12.53407814386531,-13.32066279925241,-14.79913646964008,-13.62473442238395,-13.952978297981282,-14.803608060752827,-14.25756402935533,-14.015797678738487,-15.32974040492943,-16.165988079568837,-16.88871949506016,-17.78381389215828,-18.087106756361376,-18.822814205872575,-19.90547790772578,-21.477204261685223,-21.719191784703565,-22.670134395962236,-23.067203177330924,-24.880185013839178,-26.680969845558415,-27.93168874034307,-28.163167060182793,-29.251555686533628,-30.255644964572934,-31.41058649563664,-30.251300889267778,-31.470585936556784,-31.662680505488712,-33.7659813395386,-33.87461285566278,-35.58918403046001,-35.31814199578391,-35.689579796084566,-36.754966233009185
-9.911792521677622,-9.73377966080653,-10.456285009003821,-10.23745629824272,-11.100173017355328,-11.101766130610047,-11.48879679904417,-12.027504634191496,-12.29099674182357,-13.993305169382872,-14.375824596690155,-14.903518495752229,-13.031798318322064,-14.120738164861121,-15.922509770219527,-16.034662995389546,-16.05765142291656,-16.621719710604612,-18.466123339918834,-16.52555260105794,-20.669061418629326,-20.10371245804255,-22.981710521216026,-22.54807943443831,-22.604822607766387,-22.475439603314886,-24.013281048436927,-25.45356334521777,-27.46891677170553,-28.047661584713616,-28.052476823552105,-28.45298698865989,-30.25482753528891,-30.646461576178083,-29.22582089070665,-32.38939544214696,-32.052806020128386,-32.989447339563206,-32.41813181737601,-33.349455009030606,-34.84483052590442,-35.89247495761213
-9.956103181371393,-9.727816867560156,-10.096302311532922,-9.988243930417159,-11.233311185960517,-10.990144521989816,-11.60596982133333,-11.23034674383397,-11.288406970952938,-12.949000012501475,-13.759785290898392,-13.089727690499862,-14.092329190237384,-16.258242811792712,-15.698571936938531,-16.11476798623979,-16.325445157784987,-16.6733348863913,-17.805697952626378,-19.31514780210991,-19.72549872381397,-19.67313149449495,-23.37967018661624,-23.12741087901536,-22.261578822035794,-21.58136146738662,-23.673207477465212,-24.158516461601053,-25.653662991757905,-27.50960973662307,-27.039088923161977,-27.074551335060132,-27.73341042968429,-30.05774806918716,-31.769052487863235,-33.32609481535077,-32.047451287750356,-32.58234432164606,-31.251807969400495,-32.1374010250306,-34.04809575165319,-34.39644565715771
-10.004715131052542,-10.024299859388783,-10.172784572570958,-10.150978526266687,-11.235468735440195,-11.24002235787814,-11.277781010885509,-11.208262094159046,-11.084488266302165,-12.424794517774004,-13.333789836765293,-14.08837950832439,-14.660695538393398,-15.054435655137747,-16.175302561776256,-15.213296959694055,-15.421983874558167,-16.69565419165802,-17.875545428323516,-18.6165060000521,-18.810293592847003,-20.515236484154894,-22.09735232496653,-23.07417016848687,-23.522462405486046,-22.574909377560918,-24.11083592827861,-23.562411300968325,-23.526468328894403,-25.32576032839836,-26.383933450236327,-27.38203911850124,-27.973636426519395,-31.861269463973464,-32.627093009684145,-34.01047901727978,-31.872606038545246,-31.65930437531778,-31.81496140251416,-30.797739540645956,-33.71880575819307,-33.199785600106686
-10.294734913879989,-9.993920881365876,-10.052243548684503,-10.266283448890789,-11.450407002705903,-11.94137205842428,-11.81136781648631,-11.710038016249582,-12.11452347449196,-12.59794225388801,-13.729864722114929,-13.746658672404923,-15.066843571834552,-15.804990703495422,-15.785963909959325,-15.364539281621417,-15.423761976535536,-16.305892162085676,-16.739661864961143,-18.694902709674,-19.347175430202178,-19.984736193988766,-21.41139834480801,-22.466806574411592,-23.488080067632573,-23.70469609416171,-23.542339311712617,-22.22608586903369,-22.53063855567355,-25.63915567665346,-25.007336277121016,-27.19691494880501,-29.043918573540218,-31.972315345457048,-32.802714413377636,-32.292285172956184,-31.400432265299187,-31.670399833592,-31.254863507164277,-32.69762455359074,-33.62908102059457,-32.059554680285636
-10.468605597751448,-9.78657201001149,-9.132899150962908,-9.815333174858448,-11.02361845945166,-12.553849705584586,-12.044903158012477,-12.389174428424308,-12.61495630998185,-12.890630922115946,-13.03178210078028,-14.41024052330554,-15.102238706667858,-14.55689750567172,-15.26694396502983,-14.57429729096922,-14.907310779127316,-15.670352000456491,-17.322713458525786,-17.495011882806224,-17.970517661332575,-18.610397476396173,-19.87154207832265,-20.996887501271296,-23.222799500591943,-23.83499739934475,-23.162124056741437,-23.139716800269987,-24.35893328992904,-24.048148139367516,-22.05297758181714,-24.54423349966487,-29.71849674196061,-30.778404063724516,-30.90503861597919,-30.87658151819671,-30.982479456260712,-30.745341146753848,-31.91709727672697,-32.202562957844506,-31.80201175394334,-30.510880771692875
-9.705066501195837,-9.143202589465067,-8.54842821306897,-9.350234744442254,-10.1927145713037,-11.64118295554883,-12.252873465134954,-11.970281681102259,-12.673523348935687,-13.17348892779364,-13.417899619694097,-14.345729819917365,-15.144104801067572,-14.287814898280036,-14.68920025821077,-14.80657231973527,-14.963237644183916,-14.564262871153817,-14.790891862620649,-16.251975221852973,-15.680377019355568,-17.9576778777802,-18.592874952275828,-20.100772798012407,-21.210186998833358,-22.21780648597169,-22.527543817307997,-25.3184006147912,-25.001128924168214,-23.637011103066193,-24.704022499479663,-24.914690455927992,-26.06892156869209,-28.911877871109205,-29.463032021049013,-29.00027087554051,-30.741640543652565,-31.244124208374505,-32.8376541082115,-31.505698338297183,-32.51293046899794,-31.968434548806496
-9.223822713082097,-9.272184139119283,-8.575572620592787,-8.879809773916262,-9.100757957603493,-10.617422617713999,-12.024374668448257,-11.452779553312132,-12.024103471718922,-11.778332293934628,-12.102811794707915,-13.767785885482901,-15.787531235689446,-14.105869288649536,-13.634497347112617,-15.101310056860333,-14.435072841866539,-13.316564821908212,-13.765882646308285,-15.542741059029883,-16.868040456948385,-18.704070304823013,-18.69362774188115,-19.37109409824524,-20.054852934456378,-22.705324307648866,-21.797098591228615,-24.652169400384526,-23.6221316346598,-22.625253630967627,-25.357014294150744,-24.895558120436633,-26.34211576556717,-27.1689788342628,-27.857361750782403,-27.92615700278514,-30.418016255006158,-30.919849389237996,-32.97386483526185,-32.845077845538285,-34.361020790161525,-34.98278392345885
-10.157382351548314,-10.07867678263914,-8.427588382443483,-8.509701426079666,-8.832230014850959,-10.014078500074913,-10.486857483246853,-10.781072612408085,-10.119911507966108,-10.839410072292285,-12.561196618725274,-14.2718075092194,-13.414082057806539,-15.036911519284725,-13.064392756494561,-13.790069754190766,-13.92654148018589,-12.954189496549432,-12.943786006579561,-15.225675586662572,-17.310819681925185,-17.539043947586045,-20.233548437800273,-20.408581960376566,-20.40161356608101,-21.573721260602074,-22.163218786408848,-23.5263635752774,-22.43100314561935,-22.161505611736228,-24.441101445660774,-24.793803844636958,-26.895658531475533,-27.451689612209368,-26.8124646140989,-28.12928029762075,-28.906258612322354,-28.744433710615432,-29.988604570962124,-30.217262276527848,-31.66353323222036,-30.898090546555224
-11.850128715793112,-11.285420598715044,-9.229560353787017,-8.794031082767031,-8.518850698942238,-8.93052345404754,-9.775610721804867,-10.605049347090768,-10.236003006435904,-11.936594338265275,-12.54896258896208,-12.204371542531609,-13.63154991366972,-13.223941931164736,-12.465238338535336,-12.610689610509354,-14.328912491087046,-11.490609293835846,-12.196407905667089,-13.69560598392804,-18.18591444260414,-18.04904038946749,-19.463531332351838,-18.934584898841077,-19.046542191581167,-19.729180055866504,-21.23866811869387,-21.976762077623636,-23.17924274610896,-22.277784029687936,-24.939054288611885,-24.589656095551376,-27.001013407689896,-27.331739830488484,-26.94466039230844,-27.868501323566004,-26.952381264863618,-29.111957097844343,-30.00369312783461,-30.54114302562008,-30.23849343163279,-30.803843395486737
-12.209371409292972,-12.009276595306044,-10.037110443330105,-9.652234651943441,-9.040549693331874,-9.677369046921433,-10.771992432431002,-11.882616904041765,-11.092793687162105,-12.818742644915504,-12.850320183164209,-12.46412492717378,-15.066000016162675,-12.798380265231135,-10.478362725716991,-8.227628491664515,-12.470802783300412,-12.282669026264426,-12.526559780587721,-13.575115427900787,-21.51962500404823,-19.2980537153427,-18.79336437145631,-17.666425946806775,-17.4352219115626,-18.308306199097547,-20.21709929683826,-21.19029591354276,-21.913727575309256,-21.55879726764106,-23.293897558495537,-24.761652708075488,-25.231646699073472,-26.57641047971042,-26.92732736286263,-26.99694548644071,-28.025687537231033,-29.847013239707216,-29.79411079443902,-30.757253400919275,-29.72215896714298,-29.802419477308888
-12.046313925764672,-13.054697235890941,-10.557139736424766,-10.749488032133304,-9.952252801089768,-11.083152682639172,-11.980364283191085,-12.292572565759661,-11.015725659656514,-14.129340483126255,-13.314064483148789,-12.633444925604799,-13.836581151682095,-13.362894247512196,-11.268383176256043,-9.7024541683244,-11.160845009871215,-13.029463600903616,-14.240004457803757,-17.80075027715467,-20.870183296281017,-19.144838600010388,-17.450428036049516,-16.924482988190608,-17.977905187255477,-18.4420442382321,-19.469228427456216,-19.98802489727399,-19.47071003190982,-19.964026846160994,-23.125039303613722,-23.49790401293228,-23.608824705916174,-23.752775818766242,-25.534414136860384,-27.038261039312633,-28.15468504913975,-29.323531146316988,-27.548739646409025,-27.369382213495417,-25.907678185418405,-26.610624802806388
-11.962405694024406,-13.800071832882297,-11.460067146554648,-11.463253771700906,-11.966608954067828,-12.690943776169918,-12.51452175854142,-13.952748149652047,-12.273749162886695,-12.9864488248378,-13.248943361941144,-12.554316397131188,-11.346420659563734,-12.535562639113005,-11.958158539360236,-12.707722267205117,-13.228762085432217,-14.599374016378633,-17.406493630071672,-18.432435543120313,-19.132617038192883,-18.719187003956954,-17.208165273643612,-18.28355720715838,-18.72751379326347,-18.019939860138273,-20.14112104394436,-19.318584866954815,-20.041659555403818,-21.65317352513911,-23.602603299141954,-22.816177713271323,-22.752613112062953,-24.1510395836584,-24.58808932324886,-25.983536309744267,-26.124142658816005,-26.32781471138544,-25.854471295057497,-25.452599676569008,-25.614992779140813,-26.79691744025959
-13.323971203054318,-14.235889691248621,-11.524429070306045,-11.993461380047087,-12.494258675058937,-12.43005372125441,-13.103713285454331,-14.104354094757852,-12.756668378256593,-11.732960671346762,-12.725671329278017,-11.79377577116297,-11.218963175083594,-13.102345130751305,-13.890794536764645,-13.290621480932558,-13.43596441481523,-14.604028013982177,-16.780412577515357,-16.76592455737515,-17.06591020021074,-18.68992450055201,-18.42108057550276,-18.790450329248586,-18.18084141605056,-19.48952735958016,-19.930734396136337,-17.70470585523983,-20.75656866791631,-20.824797948613504,-23.25309621449016,-21.877113710399605,-22.564569742483503,-23.3580890858945,-24.53326711504078,-23.813921199718006,-23.11912919866404,-23.11948128940374,-24.22108787537231,-24.242129140631704,-23.509215465889074,-24.527541978838862
-12.99343054760497,-13.586057301067182,-11.184757227503939,-13.947243210147073,-12.54112616227142,-12.314730872623857,-12.636627861368328,-13.593081830184905,-13.055222455940452,-12.719568505103165,-11.492621012400821,-11.536081690493114,-11.741829832061779,-12.118736287471284,-14.517403995347289,-11.285701195246363,-14.855685580549036,-13.933882460416381,-15.579070471331633,-16.443529970031765,-17.192357234104776,-17.860501413819392,-17.7835837980584,-17.82492704480858,-18.896310258850917,-18.889865065411847,-19.76047414245789,-20.163706144992112,-19.96767637682917,-21.36497675370148,-18.572318872705996,-19.146612277649485,-20.122983870475146,-20.642400638481824,-22.319213920191032,-21.24242800569517,-22.394479036889884,-21.57399456799749,-22.076236470814994,-21.733297938271836,-23.039746333818478,-26.081358390637753
-13.764543460567722,-12.875318054673436,-14.394158923196724,-13.751716003636014,-12.181804557875296,-12.08786569124092,-12.54424046238292,-14.197651537061157,-12.535251817895393,-11.970089308512325,-11.311973676671974,-11.655408095342942,-11.801417886007435,-11.681911378058466,-13.899099006524807,-13.237103432877987,-14.1265885367155,-14.313639361742881,-14.84547781555842,-17.37424162489879,-16.353532089961142,-16.864619830515082,-16.96306515612752,-17.357292575054647,-19.533442516729743,-18.953967198852713,-19.264587991096562,-19.624997198355505,-19.766707821216833,-19.833436106726346,-18.978300213365376,-18.505992301062037,-17.159874893119678,-17.904017965371466,-17.7813631888371,-19.570604864122075,-21.102324993269292,-21.080298431743678,-20.949171939668005,-23.239228094048595,-23.95068163367638,-25.69370016625201
-13.485143318038231,-13.59594740884934,-13.235206911299718,-12.660910607161561,-12.146068453941012,-11.740285138946811,-11.843337528134342,-12.032861218204896,-12.823075740692554,-12.47280070525436,-12.373060876859498,-12.519901710705843,-12.723867780325634,-11.573534412994311,-11.859332543749492,-13.183108057497392,-14.556538399902927,-13.623863513196762,-14.774400208901637,-15.298155950051454,-17.45180995694989,-15.88459116833371,-16.18487712874394,-18.887020626620952,-16.974145501038684,-16.270180598609947,-16.490000743114784,-18.597132308972267,-19.25719618686539,-19.36555801909569,-19.12752702276714,-18.326250851814798,-17.52471410808206,-16.57105988783165,-17.429411679903325,-19.15340990015404,-19.455219070678027,-19.973930132380353,-22.402116671341695,-23.135669467382552,-24.85990404611361,-24.628650340002267
-12.47229411645347,-12.327398596264553,-12.34808930536617,-12.490312811465373,-13.033340921494245,-11.921254873171602,-11.68586084779903,-12.226887244370312,-13.105977620281237,-13.698145613935166,-12.568679688700037,-12.4555096443748,-12.863639625813828,-12.91330009061098,-13.371454752604675,-14.881439032555157,-15.05974163689648,-14.113310067174648,-15.609666130232398,-16.095711605198293,-17.054331347495722,-15.559197061122665,-15.91037126850809,-16.3658424944042,-14.426874797774364,-13.67901399223451,-14.126602513990736,-15.521116160460835,-17.28953864923894,-17.479710383744866,-18.69065346810788,-19.140219674982998,-17.343640987716938,-17.616199330112426,-17.411291672338848,-18.51053216876445,-18.945867072073227,-20.172667211153907,-21.148286121142444,-22.042248381508763,-23.364536269547337,-23.100773140339676
-11.878136426497377,-12.347899471188184,-12.303412506687522,-12.131160472248059,-12.39931740728745,-12.71796442362928,-13.13558820536807,-13.292027720900364,-13.71349540180729,-13.269374930303158,-12.854649658531228,-13.099171755369657,-14.855669202048487,-14.82352688406802,-14.060127506539692,-14.299017585028528,-16.219757570119718,-16.414797820150948,-16.24152377076712,-16.904850373334163,-15.291964845314816,-15.989408211745676,-16.167466445034034,-14.043584259043167,-14.568783126906306,-12.56323312720265,-14.217575481759482,-15.536709474521402,-17.143193485616106,-16.322910237584512,-17.597317981581515,-18.04407762553779,-18.375444490121122,-18.498570409203616,-18.08132960584829,-17.950198761830293,-18.410989378696556,-19.295368120445083,-20.235780896268945,-20.704430217770568,-20.69796766700843,-21.146903439636752
