public/json/wind_2018-09-1613_950.json
{"header": { "discipline": 10, "disciplineName": "Oceanographic_products", "center": 0, "centerName": "Ocean Modeling and Observation Laboratory", "refTime": "2018-09-16T13:00:00.000Z", "significanceOfRT": 0, "significanceOfRTName": "Analysis", "parameterCategory": 0, "parameterCategoryName": "Currents", "parameterNumber": 2, "parameterNumberName": "U-component_of_wind", "parameterUnit": "m.s-1", "forecastTime": 0, "surface1Type": 160, "surface1TypeName": "Depth below sea level", "surface1Value": 15, "numberPoints": 4800, "shape": 0, "shapeName": "Earth spherical with radius = 6,367,470 m", "scanMode": 0, "nx": 80, "ny": 60, "lo1": 109.0, "la1": 20.0, "lo2": 116.89999999999955, "la2": 14.520000000000117, "dx": 0.09999999999999432, "dy": -0.10000000000000142 }, "data":
[rows 0 to 21 of 60, columns 0 to 48 of 80]
null,null,null,null,null,null,null,null,null,null,null,null,null,null,null,null,null,null,null,null,null,null,null,null,null,null,null,null,null,null,null,null,null,null,null,null,null,null,null,null,null,null,null,null,null,null,null,null,null
null,null,null,null,null,null,null,null,null,null,null,null,null,null,null,null,null,null,null,null,null,null,null,null,null,null,null,null,null,null,null,null,null,null,null,null,null,null,null,null,null,null,null,null,null,null,null,null,null
14.92339780024733,14.314939998098385,14.29339760613622,15.14299252332899,18.145610974307264,18.84512351909449,20.080532520884645,20.812790157811968,21.24445206304653,21.37419915071507,21.252973589033182,22.147051965730647,20.720182737498888,21.727091465306692,22.46470060884977,23.88539939165461,24.9015012197938,25.47728296186995,26.41185725653653,27.075768298008978,27.820609914782057,28.524766975578085,25.300188705170502,24.80933408639681,24.718514242887696,25.345247091773672,25.525920792065882,24.866027584034814,24.274529746811464,23.459203603954936,22.37951986661053,20.768837432315298,19.22238535210269,17.662459197934147,16.210768032819985,15.575543511955642,15.07087983266847,13.847901806799447,12.140015618003858,9.903253963250918,7.815708191552055,6.041569999771884,4.387812411868143,3.7066937232938413,3.748881751065768,3.8846215210250796,5.504077811154102,5.540849344699603,3.3425882219906127
14.43610797565385,13.779331888055776,13.8282267079196,17.2281327126402,18.82067896199699,19.15331355042543,19.72373713785907,20.38426335667688,19.90719037991182,20.66295072748259,19.59270478182732,20.064383319081475,21.691734693478892,21.811570607905665,22.36790791518251,23.328774841895736,23.85626293405648,25.39785696062436,25.66127844278347,25.149285354727137,25.5910361555634,26.57825259685741,27.358889641016138,27.254685647010227,25.839772174652577,23.606860601361213,23.51762067637427,26.25949481772,23.02542011310866,22.891737561868403,22.309900934930237,21.1083898976919,19.097133495667297,17.30572564976059,15.914757651876014,14.75151131815403,14.200168920644096,13.033321465003587,11.394483218434218,9.603434530754111,7.793999795734146,6.1320544191183215,4.345677140567271,3.314604614147883,3.3516570685581155,3.5388663981081248,5.014685445110931,5.681365969778964,3.9572308287551268
14.922018043848329,15.247489910936446,15.719998045125925,17.208795174080297,17.067914420901374,17.229758461792734,18.734218229850992,19.349888905142166,19.011529955862798,17.50292963063692,21.071497117217184,20.5716197425966,19.616451143977102,21.881308662124155,23.397356308752613,23.85962797000523,24.410994653402614,23.955967168495842,24.187126554431448,24.409349959475822,24.193834526011145,24.350128974727802,25.074021215918044,26.0469314667564,25.484671171682624,25.102838931002974,25.94069334062784,24.0100183262917,24.93396056396096,21.445049181682506,22.298767505174688,19.79336198579228,18.445225009518293,16.944197013415536,15.625926997027893,14.177593877112638,13.31127789094078,12.2477794794054,10.302470198798739,8.856084424294021,7.474656922053301,6.1087755854666455,4.272723721253373,2.771405986874383,2.5992371831270633,3.1337737934932575,4.334075535666726,3.6361725976444124,3.165291670159986
15.687355803695903,14.963912596846352,15.78508260366257,15.769550933839689,15.800918683412538,17.811568311580043,17.83390165682976,17.922648560319125,17.119833138156643,19.269534234446855,19.961214313591057,20.470940415275088,20.453817832497737,23.623981927572984,24.39417047597057,24.77517474457834,25.29642858527186,25.47435370379446,25.654352880705297,25.926610787436232,25.26335993997321,25.5625192824256,25.802108260216947,26.187593365559422,25.538342789345563,23.700368339766513,22.54651816395871,23.2431952212033,23.72725811089219,22.553449536926454,21.41324544091056,19.85599605462491,18.27783742628588,17.028013465041553,14.955626402421789,13.961181189176772,12.631201075391798,11.272126133466998,9.233549221080441,8.001930416450385,6.914237301036634,5.821522030423413,4.381266015810761,2.1467755354228397,1.9676390852889918,2.6423964865327454,3.2446884798633473,1.984208873327269,2.4089217950677986
14.475103490584432,14.399502674149376,14.678607648974666,15.206441302418229,16.423600165046977,17.094887424572715,17.203358909000716,16.454244571497647,18.4044399173478,19.29189087587068,19.451639403204595,19.55883083019254,21.415030342824874,22.953244360485257,24.105480191143407,24.63962801876817,24.714797991171647,25.983234609774765,27.24176533871842,27.87361927741152,27.641203615589873,27.749578146371547,26.58914796028779,26.13206748801348,25.57119287195578,23.39610528801177,22.528118557782005,22.29753674865174,22.374776707100036,23.067470069860104,21.89719489762718,20.122010577193585,16.716219467581894,17.250250115124985,14.544682265257963,13.858993114714234,12.339200680497404,10.373283014613937,8.696481863189815,7.321861487726801,6.209813691405391,5.182455188545724,4.483946953371789,1.5971451724028762,1.4958765885510044,2.07700727765193,1.779412385474859,0.7485267625206655,1.1150206190355796
13.003861780491896,13.136175797699153,14.103507611422817,14.754990221058495,15.893091579171895,16.489640172495548,16.666320952276216,17.326658110444157,17.82329237100025,17.814395248756682,18.65785025452211,21.28506254464947,22.59435074993717,23.90402254225198,24.892923362967156,27.680618947932413,31.485098213158317,32.25328084613085,31.538293618655125,29.08409884358145,29.751963764646973,29.150447540856263,27.86213760601802,27.652270926471267,25.373026970143467,24.630927547797178,21.80806472258579,22.433837705023446,21.290033018363776,20.97348108319961,21.07417557985739,20.263616437978282,19.1663933955073,16.83488541176451,13.758073084986814,14.1451597637113,11.531491601218239,10.278413053898138,8.106440035686713,6.606402997721729,5.434086791995167,4.523804865490111,3.5346812480307754,1.4964321964607852,0.9694767837897962,1.1274582901707604,0.35335061131148704,0.0248256544631265,-0.8560688015763296
11.794753736513735,12.560310926473093,13.721074167209762,14.754368649973708,15.239565756978838,15.965205919161091,16.1314794927128,16.469282380486096,16.759045113254277,18.571684223455453,21.33627224232883,23.515863816788073,24.02921769713775,26.606018143491355,29.113790009502544,30.177182448821696,29.4742774490686,29.074784212966694,28.927174944879184,28.432517134187798,29.456872012736305,30.505208528269137,30.509865261324617,28.45912580615108,27.25123106953646,25.6489044571286,23.65862788802632,22.0573999961844,22.659513618840926,21.09809278205548,20.119244345110616,18.968452306040867,18.571884332587537,17.606846164530822,15.849470502124309,13.321270664603954,11.715491892784506,8.639196638029029,7.67400611444863,5.877215431138822,4.5713166157528615,3.8416959931554207,2.9157145739376285,2.9928140994999493,-0.39088256967489216,-0.24175052309316403,-0.4190915608069665,0.24673481146260917,-2.139142466421326
11.56465972826435,12.760217500590828,13.653092627630434,13.938622312800497,14.804145114813732,15.046438854218469,15.5335386102338,17.25651624554667,18.828151512633635,20.1119107755792,22.08600465420424,23.8130552481996,25.83215047750097,28.193705106147803,28.409889820330914,27.449373833230485,28.202212693515424,28.492949014201393,30.59577975753588,29.645617095568998,29.050765433709756,29.783270954615027,30.229562332427793,29.0808829290887,26.61301531606401,24.894646452387395,25.176502014393577,21.67433869763552,22.303125873942818,22.08126457949617,19.37187838738859,18.4802654762241,15.987732932705827,16.515165878108203,16.61068598124664,13.37747802546028,14.065133577888433,8.98258743796464,7.18703543928579,5.060924719354099,3.835086190463416,3.314809137433418,1.9629960895411522,2.17771817759858,-3.211193599190584,-1.6542528951689193,-1.0737349011845616,1.371858276680947,-0.7334604256520327
11.479039908241187,12.135178129899431,12.790029854249726,13.411719485488153,14.195343141597428,15.264399401304305,16.459965714403708,17.858378108654417,19.325047592153958,20.87853350629792,23.279521655821085,24.768373475495277,26.412593798939255,27.893319173288482,27.59009931024404,27.713824602093958,28.957638559968743,28.897721775031666,29.20473931227363,29.369961137117304,29.269842237217745,29.381729323435245,30.16676903415074,30.02851598211234,28.546916971330766,26.995901044536545,23.190473390967593,23.017699663223304,23.77540005650061,19.816565202675033,19.032138640615873,18.805122493219372,14.982342034011072,15.384431714653138,15.06598121450576,13.90252939649527,12.917289253998359,7.5108769553346395,5.27481011742696,4.523963376662243,2.793925514780406,2.1651549476704885,1.1173461663899384,2.373807609276113,-2.78823623616209,-3.438716354948393,-0.681579515523981,1.7061628798090678,-1.4193903053221328
11.281962502493222,11.878519366435931,12.381768461865118,12.492778487364498,13.9570705412198,15.303273759159921,16.810433500353078,18.269966144044943,20.305559044377738,21.505452683574536,21.72627920893516,25.346497058367493,27.24988342930227,26.208606929219094,26.454993370450005,25.76186435613878,25.655041688048232,26.251682899928408,27.206358736581926,27.6491923944156,27.886202130824344,28.452806533537558,28.57130878872354,29.4852039302423,28.690979835329983,26.754824910577867,23.89896128501239,22.661422919028702,21.96941491547196,19.28094625891519,18.208168427226063,17.33264939914451,15.737581068392448,14.143089421940902,14.710630866623724,14.223290775911,12.75787898705326,5.782732125635375,5.512164025536299,3.9047709122712275,2.7261087933239176,1.4482331038200207,0.866851636095911,2.4702005675509353,-1.5906686785406228,-4.795719580189285,-1.271593482486613,-0.5200759305375178,-2.7083551175571317
10.873869897899123,11.420823496417038,11.399086220526954,12.729146502337734,14.106152718646683,15.87836358179999,17.30832448019458,19.14954818081388,20.55341286129405,22.296435478013056,25.31585960419609,24.949241306591503,25.22625576359992,25.15571946427493,25.437632165105356,22.64235943633278,23.57643597744091,24.489881137017345,25.286480457627977,25.545786722761672,25.684206210297983,26.155394693092042,26.227581012655932,27.56701426054266,28.002144693477263,26.34419880490163,25.440573257226696,23.019816811043242,19.37546357651586,19.687133361618194,14.997135594250068,16.729179037446677,17.732328934303624,12.969037216088452,13.874650610144212,11.968474212094897,10.522557272297908,5.019991521921241,5.230941244994101,2.8143814205784783,0.8541283079942787,0.6176186736342187,0.6536787506269418,2.6614374191903734,-0.26507405733034417,-5.3336287010736125,-3.415352680934749,-3.105981921839989,-1.819194837576419
10.738892476402082,10.809657886685207,11.569900948278704,12.469939321294738,14.22624660192365,16.107985319772556,17.799300087007627,19.38182789797031,20.81823529979018,21.8772807846159,22.980105379781484,24.354847857481467,23.539045276467874,23.178403092458364,23.053181550171526,22.181456290114042,20.84063455277834,20.937448710378774,21.05428033882489,20.77913105519459,20.934939371171176,21.440972679078293,20.7425059844358,21.320715405608443,22.25989435892368,23.16590424023785,23.4687394608203,22.48902192604707,18.906854976549123,17.424128143037475,13.782041624691475,15.564335558743332,15.415032372389529,13.807689487223428,11.875833586159846,7.1201439205151,7.461283678695943,6.348575628320933,6.397055533766815,3.580764902679491,1.8546458543727211,-0.12246139486164168,0.8949699012655691,2.493881117576399,-0.699279590382785,-6.511118153815188,-5.803421282645044,-5.888562970686636,-2.396658902079407
10.183680438409878,10.535161548470173,11.066545198578396,12.069079475697814,13.840680973436566,15.541733400052825,17.322292670981177,18.311530242018698,18.98827529788184,21.072970731470825,21.949109262485887,21.878105756830568,22.153646220107344,21.343717756970197,20.999478104994875,18.652747195995346,18.504993466061556,18.94958200276272,18.307708953394588,16.85851455408632,15.913872280508357,14.193726811107618,14.647022099573585,14.45303437229044,13.620942111215985,14.1454132535559,15.852898092097092,17.456906961671017,16.426474268180506,15.24266545880377,14.977575189107215,12.952271614684413,12.840768860459582,11.879893082030677,10.358818117583294,6.603873770687118,5.482486194002517,4.066783873360914,0.8349937247748792,1.1328505798382889,1.8292927444199816,-0.47665673228498595,0.9736380363944919,1.6171352494130902,-1.9078164980852232,-6.912764305684451,-6.989983484098882,-8.407878454665353,-3.839357090065665
10.076758152825544,10.265240340412976,10.79979375903463,11.713596752193157,13.603363636468531,15.190775972825616,16.51068949485287,17.290713528585812,18.985944184475102,19.44794100498377,20.002467486779686,19.72428608084398,19.02124669133974,18.769683739743158,17.757208763596836,16.96742406970133,16.97392967689369,16.562863589260964,15.515912396485023,13.773250489030787,12.721714456112451,10.58883315903198,8.716096690406822,8.544840414952615,4.543950913681908,4.589136476687779,5.757705823816026,8.887543869534667,12.105985769014104,11.503735187865255,12.008619000181737,12.730037460096995,10.159069170517036,6.893266929603724,9.249801616601818,7.6274776665562785,5.728326195307481,4.224788761989282,1.5885445955659903,2.2315144123007635,1.3714426938175275,-0.5063444734814292,1.153238807681113,-0.03277085768799308,-2.913139696293789,-6.700073746246776,-8.300592632747541,-10.44426523317758,-9.405893759635196
10.106485066817868,10.111607496752015,10.250578092147602,11.453646650712233,13.10561108809554,14.591528953181815,15.175866219796935,16.419123441417447,16.311033700165638,17.582491684286413,17.730434833618453,16.93658668393789,16.6118556249661,15.748309917038961,14.871829203255805,14.59745910216414,13.945085218059752,14.484117251358304,14.1568746183136,12.83672757503869,10.613478990909162,7.759152777313535,6.145426639206597,4.483820176511782,0.6555356640695038,2.099154078951122,1.2085441614165395,null,6.76933056849284,8.650493603085986,9.738464576259156,7.005149607243408,6.390487038086182,8.210848271123929,7.550879696561352,4.775768433174144,3.85927612637943,-0.21178296713918782,-2.7356732747142827,0.8042021203033151,-0.027702150307722117,-0.7316586367742015,0.17575299652688917,-1.4280836704977737,-3.7993524070143936,-7.692923913682249,-10.22112263417419,-10.492129067626863,-10.336757743491095
9.045431754713679,9.668618383684215,9.819178335702642,10.634115241944997,12.554834105404137,12.80084691085665,13.326075621235145,14.200382930135452,15.840725418959096,15.367899362630027,14.418902684043015,14.173915999954028,13.907866173182558,13.2077263236656,12.431854879850018,12.298250809578635,12.224879243444887,11.266534342794877,11.96374339734016,7.014909221043976,2.4805190840127462,null,-0.07067283863942905,null,null,null,-0.10155983578064944,-1.3665919303507372,-1.1563668339280138,0.4430653423108988,1.9853373693820695,2.359666732505856,4.123649268102366,null,3.6528818048235876,1.605571275289311,0.972099795745152,-0.12385219127081751,-0.24547196521979492,1.9538652861169608,-1.5367667713083637,-1.1236964169460943,-1.5183089241563812,-3.7032667268914117,-3.7454015519031296,-9.078533270497863,-12.015282498798955,-10.716076626836967,-10.115215215238653
8.273647957352456,9.01096802721419,9.08963300058275,10.020870502636331,11.450402900679213,11.492692178084452,11.683858501845847,11.682834407399271,11.974188849053,12.598095256585804,11.325149512897859,11.898941348567213,12.600638443946467,10.620801862087273,10.291510460602936,10.503911719555344,8.692231618268194,6.959561744654019,1.5174756707940322,-1.2707197717376328,-4.771251051351136,null,-5.748375112901672,-4.893470176663899,null,null,-2.5596133532673937,-7.985029773089937,-9.185351113756926,-8.713572698700844,-4.946472986847185,-1.7772420158611584,1.3010026530096719,-2.8331523520562536,-4.989536049855799,-3.3770899015170417,-3.0560971578596487,0.08514264986334041,0.7841613108736495,-2.796134801148454,-2.306300908596538,-2.93701054116825,-4.187801439069059,-5.2597576736034455,-4.158495918123659,-10.767008763981897,-13.258352931021014,-12.020861995313979,-10.632586535175854
7.353511386474233,7.504183605687991,8.278005103257552,8.356999065651591,8.954908716445555,10.587716057275774,11.069558315448479,11.18625520899791,10.972483997764343,9.065235107289848,9.973920178400288,10.39779989725775,10.138533021467559,8.702829322863325,7.421012383072982,7.2050035748234205,6.058846492632768,2.8323583170504656,-2.4555144720634168,-7.212271117686695,-7.844601939379381,null,null,null,-8.16816834029937,-9.023094660252653,-8.95808912897554,-14.705234537193975,-14.714235281062132,-14.466793694028283,null,-7.356717753544711,-4.909816738157163,-3.883101472447282,-4.006360729080513,-4.293576974914515,-2.895740519765431,-1.8466781009953561,-2.798040850769889,-3.1709565931579755,-10.436854567077866,-7.951050487104566,-8.759060134545592,-7.647763925231456,-11.381479506539293,-10.800886887991464,-14.445095324356387,-12.281666679201635,-13.58980949646612
6.41642931600394,6.335456627418046,6.196331354702292,6.479012821042641,9.073907135673416,9.982789854816208,9.278263759664066,9.5084371598014,7.760521865068484,9.294375016232848,7.327019590680694,8.246624497899209,10.000267740514555,6.546033533396293,4.520765875819626,3.0435475622476056,2.9663380382019,-0.6005628165921454,-5.7879605978425435,-6.945547323945364,-10.0586461750382,-13.02883418581072,null,null,-16.222731023251242,-16.42820166675209,-20.872290631988914,-21.14445134325868,null,null,null,null,-11.700855570427311,-11.233625347539636,-8.264825599260055,-7.062771876433078,-5.229868487652593,-6.149178750727331,-7.596299378845052,-12.688960399402351,-12.454095360699696,-12.43612259306453,-11.968862592312906,-10.39369488521918,-11.66097698563452,-15.116369717144387,-14.910580680096881,-16.18638909677346,-15.285380395106232
5.804172621225849,4.4702766698727565,5.484813933660739,4.79861548246864,7.688725596534688,9.486815454463688,7.771440264949902,null,8.192694412647368,9.876735336598106,7.1643082532341085,null,10.085199185275991,3.196335181075124,0.15233228619302422,-0.8792460859781395,-2.884669829038807,-5.346233788665147,-9.469769635280649,-8.843970189157954,null,null,null,null,null,null,null,null,-25.71337531798659,-20.225185502710985,-15.751641025588176,null,null,-13.517788489410401,-10.214817052620658,-11.42391154514643,-10.749139761339114,-10.816105848023335,-10.677164402562802,-12.981538121941583,null,-14.030430190652925,-13.924297669802849,-10.11118532034903,-17.99215884522825,-17.19447909761164,-15.640597365678076,-16.67863639863227,-17.427901190504237
