public/json/wind_2018-09-1518_700.json
{"header": { "discipline": 10, "disciplineName": "Oceanographic_products", "center": 0, "centerName": "Ocean Modeling and Observation Laboratory", "refTime": "2018-09-15T18:00:00.000Z", "significanceOfRT": 0, "significanceOfRTName": "Analysis", "parameterCategory": 0, "parameterCategoryName": "Currents", "parameterNumber": 2, "parameterNumberName": "U-component_of_wind", "parameterUnit": "m.s-1", "forecastTime": 0, "surface1Type": 160, "surface1TypeName": "Depth below sea level", "surface1Value": 15, "numberPoints": 4800, "shape": 0, "shapeName": "Earth spherical with radius = 6,367,470 m", "scanMode": 0, "nx": 80, "ny": 60, "lo1": 109.0, "la1": 20.0, "lo2": 116.89999999999955, "la2": 14.520000000000117, "dx": 0.09999999999999432, "dy": -0.10000000000000142 }, "data":
[rows 19 to 37 of 60, columns 0 to 41 of 80]
-6.717045278557589,-6.764092126650912,-7.225637659274234,-7.605016804021306,-7.579780520825111,-7.7844093381794,-8.143141359152693,-8.325019133455722,-8.493029101132203,-8.751844990860615,-9.285800545408993,-9.736778528450461,-9.159554133743834,-10.038599425396447,-10.414842452200405,-10.912945607478422,-10.618648039317106,-9.958806603946181,-10.156879312854095,-10.402097792631922,-10.983552404546051,-11.54019314386779,-12.982447527466618,-13.854116331129052,-14.163303465105441,-13.670176166539454,-13.093047781420946,-13.125324088017754,-12.757983289188871,-12.759157892593112,-14.096324900399367,-14.625505603908408,-14.229511036659328,-14.730379612909996,-13.80475373362965,-13.934084926957476,-14.575695691614342,-14.520438643470921,-14.773707200461512,-17.357357342138304,-17.63764059186291,-20.324753789023454
-7.038108516123505,-7.3439121777899015,-7.758699222232728,-7.20444607259988,-8.115655820916139,-7.865966485399866,-7.873881467597427,-7.256995454825143,-9.314819882141649,-9.288863125134734,-9.603094768613609,-9.689284749498011,-9.795094780272283,-10.032974261059525,-10.019321311122752,-10.976806313526307,-11.126171901695278,-10.864620583797683,-10.83293849971214,-11.205963958716838,-12.03230132943318,-12.776831770991057,-13.702166363114825,-14.332156054868836,-13.839868216339283,-14.05982097352442,-13.577064722371567,-12.787672620375144,-12.892252931756882,-13.60280959944821,-15.004699761601131,-15.996379410751649,-14.815500995368744,-14.797115009833231,-14.798771641868793,-14.834645271442856,-14.697778237714232,-14.80924409760831,-15.586199981385567,-16.836171984011948,-18.102362648593527,-20.74494606345546
-7.450874097988015,-7.5474252656661704,-8.058231148272153,-8.289118466772464,-8.155324252305315,-7.545521177161425,-6.978521036202163,-7.443876712945558,-9.82961394339045,-9.60115536842306,-9.288230619557794,-10.720532875070246,-10.406137265287203,-10.101223961310867,-10.253966164088089,-11.038968093639284,-11.043681766274252,-11.082116198124549,-11.474227333887507,-12.691699050177556,-13.09316772119293,-12.847638448376001,-13.900367594544548,-14.217815703955793,-15.044461352508172,-15.143813551208375,-14.595188654364584,-13.605741165808407,-12.68961924066177,-12.873155112332038,-14.328206809813583,-14.821491796150669,-15.360748211728986,-14.434822253483498,-14.69044779425389,-15.482089850810135,-14.991780837840567,-14.743942114334581,-16.206113232439584,-17.096270064537748,-18.74333547227196,-19.892293845382174
-7.51945923636158,-7.992557688373713,-8.55629459666885,-7.941824017173617,-8.13976958918098,-7.656757178689236,-5.9658161686232996,-9.464873212968108,-9.048726058443403,-9.429902194570946,-9.846999597487152,-10.477022614157772,-10.544985420877278,-10.079254644832336,-10.61994962016482,-11.276747574683363,-11.612487016480822,-11.480551712510275,-11.927100712026355,-12.681051873421437,-12.576536647003781,-13.427329636459731,-13.667163278231913,-14.495760041126237,-15.281442402176591,-14.594866057409382,-13.977971175695929,-13.591293342869916,-12.696825510296382,-13.147343971423336,-14.034845301731277,-15.308701764434959,-14.515592552274452,-14.948869374103905,-15.02438208447534,-15.72828686660052,-15.252309884519857,-15.311549281042328,-16.163887599028655,-18.382074547668147,-18.597452663964273,-19.87271919270792
-7.63302623771758,-8.131869124331052,-8.399253597023044,-8.213052306732122,-8.420774050250259,-7.496343776336057,-7.813283750340245,-8.923103360893847,-8.181338265005657,-9.766778940857858,-10.07359543429071,-9.971664218140484,-10.536704829115031,-10.781917542297093,-10.859438931238069,-11.414206616012013,-11.193835454851296,-11.874530023268836,-12.687323192224643,-12.881986375697217,-13.018640901196303,-13.997473220691163,-15.470174165223657,-15.618736847904191,-14.26175149604991,-14.593312925776,-14.069381070699094,-12.848772210483075,-12.871646016529045,-13.09537692937691,-13.36115165840421,-14.89998306928544,-15.236532627428264,-15.511802759829848,-15.36790603256378,-15.742733451602398,-15.478721723937804,-15.758575985378553,-16.500687854163292,-17.851131640622565,-18.226550508912908,-20.016045781831217
-7.5130944954131875,-8.125708056332027,-8.458653230122273,-8.148993958316245,-8.454685405183218,-8.784515902161258,-7.8761064168623625,-8.11633085827539,-7.7157582282080135,-10.918839442577477,-9.62611684051753,-9.860401821199822,-9.830394519561185,-10.234297027808765,-11.237770942184195,-10.891560074479155,-11.309186609364604,-13.641879836433738,-11.91025341396114,-13.141084444900956,-13.653459515670258,-14.024800738748496,-14.362379533457764,-15.533840993355005,-14.818367602793119,-14.65363540634873,-13.900928358263473,-13.446590268410732,-12.53049557003867,-12.699998189604393,-13.256748180587175,-14.53455386665011,-15.830763676251163,-15.431082470690509,-14.574294452584606,-15.119080993800047,-15.455083815841412,-15.683540587894733,-16.663265388752908,-17.607143925793434,-18.14226144135734,-20.165530077511516
-7.555893063147845,-7.9601673657388226,-8.278197797188408,-8.428403020434017,-8.804899469918903,-8.862049484999048,-8.051782783200515,-8.1026434335616,-9.726719116151422,-9.704331395914487,-9.19051751102889,-9.531456704138462,-9.868122561969308,-9.472881016759818,-10.311625626964442,-12.168901461711453,-14.253612538940379,-13.082476219019297,-11.554849560154976,-14.107313039671858,-13.434855269033712,-14.059986143850692,-15.993361279940704,-15.162253071958986,-14.81597714106343,-14.622179494876049,-14.434500805147374,-13.454561398780704,-12.599970382799462,-12.5387136093524,-13.132873066561677,-14.203750601710748,-14.463250068861605,-14.048363782920836,-14.017176401755222,-14.667570793645842,-15.036485275788325,-17.105168973329597,-16.56705836176639,-17.63377260621319,-18.32494166164066,-19.921802944213574
-7.59697321930002,-8.038475160957525,-8.35926304240286,-8.400934096705909,-8.252571250821733,-8.452029359966348,-8.06719135391744,-9.122155600347646,-9.710544795996501,-10.061719298827184,-9.65903567729589,-10.08623876277198,-9.195045092607176,-10.274516630179166,-11.575969100473579,-12.44678767361792,-13.247900310585608,-12.510736948259849,-13.519650500951148,-14.260958233037421,-12.649542180011586,-15.100862700003766,-15.28183480059414,-14.668469859569024,-14.618487751649369,-14.818446581012461,-14.45565835268397,-13.57094629916566,-13.021379340692498,-13.655374387120036,-14.238962384341441,-13.870540196740935,-13.72882609553115,-13.30163711550671,-13.637062260675805,-14.38756142014207,-15.021585542013867,-16.751140787943612,-17.427605888024967,-17.13845447492156,-17.74761074120363,-19.169262341273168
-7.82394600212362,-8.119439005457176,-8.241383502414457,-8.175901963306712,-7.950722289639275,-8.766017697728602,-8.244997208302975,-8.936206024019388,-9.189792834549596,-9.491800819378765,-9.686572893674843,-9.822256455051413,-9.457420240033619,-11.001090895502976,-11.953083348740478,-12.651169237260222,-12.634815934010092,-13.258294179806327,-13.554272568474289,-13.261254669028855,-14.125049996697236,-14.612913908551453,-14.975389401584652,-14.837135829052029,-14.694944682110927,-14.676308820848558,-14.803578920602405,-13.94929743219106,-13.578013790577076,-13.532614030691212,-14.376680300551406,-13.970494468316833,-13.597208891005003,-13.906344745194728,-14.4627245599216,-13.957935004363547,-15.237602728206484,-16.489207792366912,-16.90843841683344,-17.364376102743236,-17.78971808735931,-18.695585687012603
-8.053898529514461,-8.183661338398013,-8.340771723885771,-7.6749839961583115,-8.333928715791105,-8.842586788577806,-8.746506699626158,-8.895567751788914,-9.46379863855363,-9.677915803692734,-9.363799311551222,-9.467507130531953,-9.548423700742946,-11.295777536439028,-12.431847066663318,-12.532033465311299,-12.736849980277498,-13.605937830998228,-12.963182962143554,-13.144865554379457,-13.69549290296256,-13.982697222861074,-14.757817378958816,-14.739972579059671,-14.810613934326494,-14.912178166094893,-14.325071760231355,-14.296469461269133,-14.087367374919657,-13.96796606143388,-14.357581300706308,-14.354796795353302,-13.914211152885265,-14.12237961192141,-14.573174599622302,-14.499937711129164,-14.938827530591126,-16.34748473938749,-17.442437667608857,-17.707249050025336,-18.608348860069952,-19.2468044743371
-8.400653356542165,-7.794968338921587,-8.243378039829151,-8.452791500131513,-9.071455391923294,-8.663937102031632,-8.958562654301303,-8.58973986383734,-9.575286013917337,-9.87172762507436,-9.697479910219554,-9.702754898812215,-11.200933936720103,-11.703948604558436,-11.929146691798463,-12.615155517717168,-12.829712036204077,-12.936160033194854,-13.033389671490479,-13.059278256842639,-13.282145975262628,-13.387690418409324,-14.82959495763748,-15.23660854092328,-15.256637545971373,-14.942778453365474,-14.94107292347784,-14.00322563888523,-14.212161704494733,-15.099042663093368,-14.676978803850865,-14.236026701538357,-13.872315572788189,-13.937559218103427,-14.336188707796726,-14.637108374913009,-15.17939986352832,-16.98667028051429,-17.7820633938102,-17.939216260671223,-18.9368258695048,-19.804018346687332
-8.508670737317747,-8.560996252372927,-7.533314010408445,-9.63217733677876,-8.94582095980435,-7.959979193830237,-8.97061855499605,-8.52396460186719,-9.288948889306297,-10.290219635361748,-10.716035858220618,-10.710145440429049,-11.271876981035303,-11.404060829358805,-11.686087656718694,-12.217016112497681,-12.635570953728916,-13.035229602539566,-13.042170349275386,-12.886937714457739,-12.944546092588125,-13.650371468798793,-14.63197072690079,-14.661508519727295,-14.891392307925639,-15.352414397324303,-15.096695545078095,-14.35741486707759,-14.860592840885902,-14.640439318103741,-13.82434697610519,-14.448240180037908,-14.188387154714512,-14.16803397325326,-13.55823093523113,-14.514959359733854,-16.83614327405291,-17.48525403479004,-18.045824604406214,-17.98182023906472,-18.874579018617332,-19.58579642780185
-8.686132890620819,-8.102513999928387,-7.9743080828776405,-8.448134004133106,-8.379326111418193,-9.404482837466675,-8.690392852628294,-9.06959165786093,-9.330607779339374,-10.961950639622163,-10.969247213604607,-10.804278412592636,-10.70663185067263,-11.383304482495877,-11.363404788894469,-11.65208999333269,-12.44351484465962,-13.028610507746551,-12.905919831431596,-13.11331777520759,-13.805803509782084,-13.831006107433383,-14.099563551660275,-14.339197875923738,-14.508242771977809,-14.711768837342111,-15.08639323102907,-14.760892129854604,-14.783540658522679,-14.263478910489784,-15.120028426682163,-14.789114995996352,-13.967827330627276,-13.583903949206801,-14.18052869820754,-15.834592572009148,-15.903817841518325,-16.412382205804114,-17.723000251065123,-18.209950324031507,-18.886288814864585,-19.87044362401077
-8.690203376705439,-8.228857070481432,-7.6111930299150234,-8.606426201860176,-8.570844720757444,-8.852619186399355,-9.208891652003613,-9.43603697474334,-9.392308345158087,-11.316544816891255,-10.50237673254824,-11.294359727762624,-10.527180758720663,-10.394529263213004,-11.042661933847565,-11.702247854711706,-11.873915508400575,-12.587203379836682,-12.838063792044165,-13.26202413205855,-13.687717339184907,-13.692779773997897,-13.91341675040029,-14.649386061296362,-14.312533114667405,-13.932773069041946,-14.341755287929297,-14.787050763219787,-14.650401916497044,-14.820586310696296,-15.126852942664728,-14.86406530224657,-13.734623297411446,-14.20312628575551,-14.929917599961078,-16.04117696319497,-15.861013280708015,-15.782573638133988,-16.676992675619225,-17.429689449297328,-18.226211106431208,-19.243841175478085
-9.220747142286136,-7.597372692473286,-8.251974530926377,-8.029930397370933,-8.77831662925158,-9.274881834209562,-9.163473577410658,-9.316966111849128,-9.275799596734526,-9.666612909348741,-12.263380134713074,-12.006381441031497,-10.870397630483383,-10.633444328784151,-10.845701862760459,-11.252888296904217,-11.833821390016132,-12.83229472623685,-12.79204054763906,-12.991801938157302,-13.376143908924517,-13.412410070477248,-13.899742234951864,-14.22518931244708,-14.762057535230038,-14.684422941255036,-14.938658896089068,-14.46803458675309,-15.386451002603637,-15.11851386459514,-15.530243530711527,-14.35002051268598,-13.74121603776599,-14.766280321088416,-15.293040830512036,-15.307459639205552,-15.12837363355162,-15.090701963226095,-16.297214182673446,-16.795342291996437,-17.571728953716427,-18.285034851271156
-9.125222663236222,-8.759168597817858,-8.638681100178218,-7.785956221091096,-8.876853714402033,-9.589337826498323,-9.50587243726823,-9.066528774951543,-9.484218562288271,-10.04773864551557,-12.671452801155173,-12.287417114169152,-11.598808141112059,-11.057933197194451,-10.869954129403968,-11.62698258563304,-12.08823530588307,-12.491684629119796,-12.620876361299711,-12.51968548717904,-13.57187294688662,-13.519968020033716,-13.838024567822304,-14.253635050219764,-14.771505595835118,-14.831578903842045,-15.433416193720594,-15.833564704792565,-15.573098476312197,-14.738200633302926,-15.263784315262736,-14.356741522969802,-14.817736767639632,-14.403976379000435,-14.539689011762292,-14.830183816008722,-14.925354084101809,-15.007507739781236,-15.53991182387829,-16.956916165752617,-16.792382845578956,-17.316001440568748
-8.947561293690093,-9.648208970738795,-9.067880869210523,-8.310766932141352,-8.084325406956566,-9.358962145821856,-9.662187240650889,-8.575822709000823,-9.068594404413208,-9.054686524061458,-12.35018053548033,-12.023320768130036,-12.024085296268133,-11.323781483312112,-10.823610936932337,-11.827641410068004,-12.453630610282405,-12.845705101508624,-12.719630720674003,-12.82240278545151,-13.560036651094698,-13.844136920506694,-13.558701196058022,-14.033601294701068,-14.552345911125574,-15.462375685997438,-15.431415067961359,-16.026069207804436,-15.734698510210944,-15.793833747724097,-14.567288416420485,-14.727574301837603,-14.751763111709586,-13.716676649455694,-13.724024777833744,-14.326473013367993,-14.676353229272339,-15.049856259433863,-15.69911483644192,-16.35212390476047,-15.939919952122668,-16.894481142979654
-8.895068707550434,-10.185168217394153,-9.529170430499626,-8.597396818467956,-8.589803835944316,-8.671686727850524,-9.30063411844828,-8.815181835784603,-7.225496226554734,-9.479779234866934,-11.054485524503015,-11.926534764492224,-11.771401842419959,-9.981302257290864,-12.599938271433357,-12.569561954249023,-12.73538458309951,-12.98157319167193,-12.821624363145105,-13.604597400748446,-13.597537087528275,-13.535727565679949,-13.791600466637735,-14.275521614451305,-15.475955240263605,-15.297446293582384,-15.308296605963093,-15.860141675981414,-16.02407693139931,-15.672254590589963,-14.600568384534414,-14.7117961863171,-15.085650974869854,-14.154634322465535,-12.982259095014392,-14.241163069957901,-14.43097553711287,-14.747012571454158,-15.886890244103535,-16.293875062034935,-15.692520535416348,-16.87948175979993
-10.040411597944585,-10.004788034059205,-9.159697859635152,-9.502684532182931,-8.9285630880992,-8.660969217558552,-8.528524015433707,-8.090069425018793,-8.89302449638462,-9.253259366205622,-10.550579334005917,-11.300440119275354,-11.756710991048468,-12.595479691871967,-12.689825141548987,-13.380278298521361,-12.970361417229865,-13.606619944523285,-13.480929689540162,-13.712259851075904,-13.136903287859354,-13.90975429115283,-13.056893308196319,-15.202760082717266,-15.212136993268887,-15.47070192539941,-15.511303782796256,-15.708567369824852,-15.839040951371405,-14.602675346165984,-15.074263971687552,-14.602264910151131,-15.33185344209797,-15.392829790643312,-13.690678836439584,-14.048265414110677,-15.474507102983381,-16.366910278965932,-15.52218956174875,-15.450501261977063,-15.411702197380539,-16.62527429825988
