public/json/wind_2018-09-1514_925.json
{"header": { "discipline": 10, "disciplineName": "Oceanographic_products", "center": 0, "centerName": "Ocean Modeling and Observation Laboratory", "refTime": "2018-09-15T14:00:00.000Z", "significanceOfRT": 0, "significanceOfRTName": "Analysis", "parameterCategory": 0, "parameterCategoryName": "Currents", "parameterNumber": 2, "parameterNumberName": "U-component_of_wind", "parameterUnit": "m.s-1", "forecastTime": 0, "surface1Type": 160, "surface1TypeName": "Depth below sea level", "surface1Value": 15, "numberPoints": 4800, "shape": 0, "shapeName": "Earth spherical with radius = 6,367,470 m", "scanMode": 0, "nx": 80, "ny": 60, "lo1": 109.0, "la1": 20.0, "lo2": 116.89999999999955, "la2": 14.520000000000117, "dx": 0.09999999999999432, "dy": -0.10000000000000142 }, "data":
[rows 40 to 59 of 60, columns 0 to 44 of 80]
-9.117782111376108,-11.52142372992377,-10.977606567672636,-10.258468982261963,-11.507285768531203,-13.102955003807196,-12.956716751163796,-12.188969509807272,-9.551895874731041,-9.429371422999434,-12.031475015266802,null,null,null,-8.023060631290234,-6.698492215365276,-7.632730201435917,-8.0239823941019,-9.029554734576196,null,-9.31302544739266,-9.803909521893619,-6.697075197484533,null,-4.674817992936206,-6.622225272799706,null,-7.10795549831486,-4.99002565857605,-7.9354467346546596,-7.833726654919117,-11.105970321901676,-7.534997116043614,-6.18544727375774,-7.908011166139184,-5.727355622206465,-2.364568811523929,-5.707345417277704,-10.770174971761373,-10.563210410458144,-10.763473056756565,-11.421801406503624,-13.136024622076578,-11.441358265468514,-8.612906885647156
-7.014342903038007,-10.311615538687066,-10.472459479656251,-10.567168925550593,-11.839211312667446,-13.328621017996237,-13.332044153531221,-13.290736264282362,-11.341523403451546,-10.238934363840382,-10.579427455456676,null,null,null,-5.436041586541513,-4.9082145905126096,-8.970811896666689,-7.86725108177076,-7.222316753945185,-10.903464495581522,-9.34888437996691,null,-7.614016673702063,-4.657259537879672,null,null,-5.256278981347468,-6.273052785438738,-5.52735019642335,null,null,-7.514946891885368,-8.625011941771923,null,-6.830513381282792,-4.1718969165060775,-3.3300319688648163,-2.745173607094691,-9.128414943124556,-12.17367164788894,-9.21795087701889,-11.368902947041184,-10.872784591450941,-10.590643421500825,-8.542276629910798
-7.098074697091,-9.316901843119364,-11.035439622207562,-11.572669793039069,-11.686507598785958,-13.574075353433297,-13.349694205694467,-13.814063495801207,-12.787321594564979,-10.73766248343834,-10.612014362000817,-13.830655985102325,null,null,-7.518168358093096,-7.768583666372454,-5.657809544537688,-8.258925675787511,-4.2537229524849804,null,-9.427462778898759,-8.538158218611882,-8.868380398795178,-6.7564763625630055,-6.007190478363716,-5.93137867191838,-6.910586969899222,-9.297928687142223,-6.168513888067631,null,null,null,-8.070465249751281,null,null,-1.579122622481696,-3.75853757104137,-1.744538878660272,-5.469208969833835,-8.619473542488834,-11.134421126815253,-12.132486593666345,-14.041549188142337,-13.116528780175008,-12.280326613848455
-10.021585667134046,-8.793449531505708,-10.132069386406853,-10.285129688669953,-11.107758120196134,-12.741417728656693,-13.474479652786842,-13.742588615459637,-13.410090452335403,-12.796133547703224,-10.402232290528909,-11.565176702057032,-9.514979553199291,-12.135363705841005,-10.195783322264324,-8.196833192385828,null,-4.183626204789267,null,-3.63131958445422,-8.26283879621142,-9.120956813669942,-10.596498124985537,-8.121712605430675,-3.9562723731165557,-6.347037631650256,-8.33685037722108,-11.117396495392452,-6.305430068266465,-4.837442404029506,-6.815705782062752,-5.434789540909849,null,null,null,0.641191389357028,-3.0035793467810494,-3.9405419791704444,-2.5194851406710774,-6.364204749636917,-12.687879865527336,-12.33901579218329,-11.61521605360321,-12.017610725697386,-12.990976614306252
-7.99809764636632,-7.799607793031399,-9.07959257507235,-10.31504801542795,-10.77499580118773,-12.172882775103172,-13.232523508083792,-13.2930170757191,-12.9837229218223,-13.214553915313356,-13.157808166462369,-11.83877268170478,-7.197012253220269,-6.25961244976008,-10.43769893499999,-10.004018411061143,-6.458214026828756,-6.2453200960656385,-6.350723433686572,-2.32658092316704,-8.009252205318981,-11.418315616060518,-12.016648756175346,-9.124895610527183,-7.758739332292699,-4.911286674909755,-8.696568884945089,null,-7.786505085087807,-5.6379756709233675,null,null,null,-5.6119688624490935,-2.301646192935795,-2.016990547898188,-4.554109693962141,-1.955835272505197,-4.170035421591138,-10.058865984164179,-7.869511104828458,-10.966673139989895,null,null,null
-9.664968526151235,-7.463941292256707,-7.808747070635874,-7.428914824029226,-8.64010993220449,-12.55604410401068,-13.676158164550635,-14.195808774552201,-13.749439647243179,-13.322582205697664,-12.705503588319079,-13.403382950706643,-6.811402875413166,-5.926933317544584,-3.6693393113447046,-11.139259031971942,-7.976931192752681,-11.466715446144397,-2.7767856575282934,-8.639218334167497,null,-10.289544451492526,-10.508962249040351,-9.916477893146444,-9.401125665662441,null,null,null,-4.911287320139499,-9.236330356873657,-6.649556268461472,-8.52540350095571,null,-1.4808881767141173,-6.378014853932373,-3.750005985466027,-6.066460819038427,-4.87502754329528,null,-6.119579617364868,-9.90627826012211,null,-12.165266858126785,-6.818316861072044,-6.695958468424722
-8.637821371443374,-6.738868206702529,-3.9978260278587046,-6.1486055129938455,-7.1099738109864035,-12.364534868059284,-12.406423985481867,-13.3396036420328,-15.20012317036536,-14.431887155120327,-12.630642354992538,-8.877351944087957,-9.880256972342615,-8.168463387135894,-4.19391659057341,-3.1877233537360827,-10.35922353966948,-8.967300893502307,-11.175955908353126,-5.058364459708107,null,null,null,-7.822295692530745,-8.779631819728163,null,null,null,-6.0341650959553155,-9.121870554142161,-9.70371349419844,null,-10.11454972180133,-6.675263897318203,-3.4070367800456536,-5.311736076662625,-2.381288625095355,-7.518972247921591,null,null,null,-6.336226347086985,null,-10.462100169743467,-11.369166150374843
-8.46953034839021,-6.440610578127395,-5.080366392928606,-7.994445049977074,-10.410842467809674,-12.123491008193042,-12.21717298226211,-13.884222841941591,-15.150167602359705,-14.542199783506609,-13.951522290541064,-12.508953814812603,-10.63920389289915,-9.095429824663556,-7.16738227296805,-3.90346375818958,-6.897558734126999,-10.68068713845909,-9.201354621726258,-10.534096885371994,null,null,null,-7.844915041672774,-8.421055991591967,-7.937258226125326,null,1.5525594979127981,null,-6.071348726799086,-5.599726067581176,null,null,-8.053822506997191,-6.299720078705439,-6.159392769093777,-3.8355167065826343,null,null,null,null,null,-1.528954436443163,-11.330981455606333,-8.802910188008335
-9.421606271712609,-7.967661912754527,-6.351180102442301,-5.822105277306814,-11.329938391657318,-13.027358905512129,-12.974265950303362,-13.031440236873559,-14.967691915086915,-13.618480168125283,-13.652027021108205,-13.13269557177657,null,-11.083516667291114,-9.469821672141272,-7.879651424524554,-1.9812534297164506,-10.101323548423203,-8.64667059037313,-12.227546428142361,null,null,null,-7.96919640082666,-7.009571372803792,-7.979438665242504,null,-3.9692780831780046,-2.80877756822952,null,null,-8.188860499505688,-2.9897100819360873,-7.2122100259775,-10.484698419421074,-9.89172258311547,-7.519513673634264,null,null,null,null,null,-3.241378960194593,null,-9.665901185739838
-9.632053737037634,-9.760234979386146,-8.282546346774819,-6.277044171908416,-11.554209037748503,-11.98391583682971,-12.203222286882975,-13.634185756676844,-14.134438715698238,-10.89503173137239,-13.351086713351114,-14.242069984336972,-12.48212632373345,-13.233857702053818,-11.60669992910589,-7.640138539599281,null,-2.1498077943234244,-12.288727945330077,-9.13159526517576,null,-10.679349172770523,-7.929848485129185,-7.7399778161352994,-7.00592805718294,-7.902819646093427,null,null,-6.393871925224396,-5.226174301346216,null,-4.509276046618052,-8.998573284122726,-8.574103561043255,-9.394038922399519,-8.648856893002284,-9.996413447154346,null,null,null,null,null,-3.4464830532044246,null,-6.8241389107342885
-8.2241691854603,-8.79644410420353,-9.052364392939346,-9.05443301801063,-9.095007191228087,-11.364149900063037,-13.523947541841167,-11.06126755792612,-14.184041638322194,-12.47396356992001,-13.670753072881304,-13.259644747189043,-14.228848247949015,-13.481800596189982,-14.144485428840742,-11.975240595666794,null,null,null,-9.304396853992698,-6.478810202942155,-9.943575448928483,-9.712707646334344,-10.073624299966836,-5.913112307134708,-8.127831659414817,-7.639287435615978,-5.001951903326299,null,null,null,null,null,null,null,-4.779289179905361,-3.104384332856128,-9.258580357278394,-8.39696349964003,-7.353897942266315,-4.49533918441326,null,null,null,-7.536435621060701
-5.0841152923315205,-7.893531855418032,-8.528331235048684,-7.761414887025222,-8.196619195688516,-10.021731190638778,-12.93371198308024,-12.445411015890796,-13.587680443843194,-12.133011801780327,-12.781893863650666,-14.618107990905623,-13.47967284694803,-14.400544108796192,-14.880662241956978,-14.39927609883241,-12.56886271727395,null,null,-9.493921442637816,null,null,-11.728518336427094,-9.033237339373855,-8.50448850805347,-5.015523560797236,-4.3487292042989765,-6.689989117410441,null,null,null,null,null,null,null,0.4437914151258011,-5.776920844258933,-5.938291570124413,-9.424045572316723,-8.782653838650017,-5.750107274003041,-4.485362494518743,-3.6806800455679602,-0.47975217205226567,null
-8.40926896213636,-7.033009362278215,-8.723343238938623,-5.154217233026838,-5.4762445591356865,-6.073226331515386,-7.7429338329709765,-13.033701898969351,-10.139937045221664,null,-12.72431811086711,-12.902889830927656,-14.992197093403204,-13.92147995385891,-15.014743433085744,-14.334534569939999,-14.203208470717968,null,null,null,-9.403417141991737,null,null,-9.965339063814179,-11.218429608250286,-6.864894999447502,-6.243215669934459,-7.231229861485434,-6.208404738574458,null,null,null,-3.5722997479127265,-3.946435932144697,-3.007556569214517,-4.111666694089903,-7.8172991836594905,-6.81138646749626,-9.75418742745396,-9.14525133150449,-8.164243921605173,-6.137491860025564,-8.152462554935035,null,null
null,-7.286764307663209,null,-5.653107959590098,-4.521265316893934,-6.5094670636865235,-7.077686246443625,-7.7545181588891845,-8.86199221574426,null,-8.70072664200732,-12.839108358605806,-12.532696769942499,-14.802494632294081,-14.678067018474582,-15.754101919043235,-12.770558597201795,-12.935936115471643,null,null,null,-6.71183170790159,null,null,null,-8.595609600580959,-7.643681247604206,-8.07182389731823,-9.189695965060071,-7.498285836041533,-7.016323628364452,null,-7.753605339633019,-6.817630654343336,-6.250079942327204,null,null,-5.225101305146911,null,-9.366164022967238,-6.496079233224158,-6.6031994762543995,-5.946707174769868,null,null
-7.295239132099094,-4.788220295863012,-5.010363955264066,-6.469192597874501,-7.244677074286076,-5.166167667712676,-9.1188284351449,-9.943833613275858,null,null,null,-8.474208643400946,-12.56531671235591,-11.928919165537767,-15.699855152715642,null,-12.806584725394153,-12.081805900526957,-11.06579229812043,null,null,-5.719823062604077,-5.366763534484786,null,-4.707814481576552,-8.740287269453576,-8.154124237101108,-9.442857130967965,-9.525423091865498,-9.8080865162739,-8.115973508881444,-6.331472761401951,-7.68096989859184,-8.116960469113053,-7.327818986080735,-6.964384296703072,-4.0390059995859655,-5.014699407533099,null,null,-4.021800314037858,-4.00532484499664,-8.036567574832297,null,null
-6.645467400565441,-7.858957388506082,-8.162791664192284,-4.722045449473724,null,-5.766987879915548,-6.200482711610669,-10.800745284197749,-8.354528148489496,null,null,-10.8452241394574,-5.9232311623497225,-12.046085943610711,-9.957456544888155,-15.318990847888907,-15.078384935536425,-14.09311654749808,-9.908854182534556,null,null,-6.741371577875718,-3.681336293413997,null,-6.998188034301766,-8.896036451642543,-9.989143975742888,-10.62539880678742,-10.417677882670542,-9.498282613860594,-8.818044502409965,-7.509932462524938,-6.986498370246672,-5.703777368841681,-7.313475776271921,-8.184482881902516,-7.568385341692792,-6.51491823423118,null,null,-3.67141439538053,null,null,-6.370599314707338,null
-7.64687995163192,-8.527611255580991,-8.283346327491552,-9.802921870761358,-9.576734903062572,-8.064355708779857,-5.204615084858021,-0.983106897271561,-9.579619300878694,null,null,null,null,null,-10.698212954916162,-7.713987098535896,-14.430904088423437,-14.332346491369618,-13.601409819722956,-12.336988742359921,-10.49992412259191,-9.96962932032734,-9.429620171564455,-7.232455928655169,-9.304690196132306,-9.10118940428326,-7.579692088315725,-6.449767345513063,-3.697726256542495,-5.275767782339207,-9.072188223206187,-8.424619437342818,-7.717852805655295,-9.05532616454104,-9.153668241523476,-9.270627722808896,-9.673733496446593,-9.618366585641503,-8.297882622697966,-6.823940906867645,-5.408275289981117,null,null,null,-0.10898655361664178
-8.779215367256343,-8.514188708824365,-10.65411141191538,-10.089284077442835,-10.233353007555353,-9.186512960745533,-7.823923872813912,-3.8515452903916865,-0.26184248770826773,-5.588742238913852,-11.068269367977585,null,null,-8.334992115587486,null,-9.894504376431627,null,-12.109720199283714,-13.451970404103271,-11.366589024514235,-12.03849210766684,-11.793004115729024,-12.279095518250653,null,null,null,null,-5.132004263897674,-1.9703847192943553,-6.463017483363852,-7.861191375663275,-7.847527939097048,-7.3642279301191245,-8.985536121224905,-9.973637888510314,-11.651935363771322,-11.379453605419354,-10.742630254877438,-10.312609286829604,-9.248943561036688,-7.762027456941004,-6.178416839155617,null,null,-0.11212974395183367
-4.786356651664964,-9.110174365766918,-6.646175818142543,-10.212748297981932,-9.352928587016846,-9.982039672413226,-10.270438161835465,-9.04880897962858,-3.9349861997958677,0.36450611278839307,null,null,null,null,null,null,-2.8091341399924645,null,-11.421862426883282,-12.268451715097408,-12.3973071962582,-12.808737200504694,-10.440942370767468,-8.020739448733664,null,-5.594877095708231,-5.685545069936241,-5.518184040283084,-3.961184368301537,-6.978024444885604,-9.16064121713459,-8.020467640869448,-7.9660752451165635,-8.390325995758205,-9.64553345280525,-9.953645429658636,-12.271672340001484,-12.503465693399495,-11.55853836707766,-10.881461676827035,-10.040993427712408,-9.56698870572156,-9.34210685171704,-5.485073950889538,-7.401875322453656
null,null,null,null,null,null,null,null,null,-1.2294563706045667,null,null,null,null,null,null,-3.324042705725633,null,null,-11.65506383688522,-12.004330174877289,-12.348421998637418,-10.48907035827177,-10.689590692948455,-8.954670657652509,-6.0723340134655714,-6.462549459063964,-6.855666512868607,-4.947580959370447,null,null,-4.230452775983483,-4.733351343606129,-6.820906729239048,-8.511486919959005,-7.138170569377607,-7.510167453628973,-11.56351345351147,-12.198495287177128,-12.3342030102364,-12.698005052483158,-12.02510475406272,-10.645760242176536,-8.597385105645923,-8.5801089811759
