public/json/wind_2018-09-1605_925.json
{"header": { "discipline": 10, "disciplineName": "Oceanographic_products", "center": 0, "centerName": "Ocean Modeling and Observation Laboratory", "refTime": "2018-09-16T05:00:00.000Z", "significanceOfRT": 0, "significanceOfRTName": "Analysis", "parameterCategory": 0, "parameterCategoryName": "Currents", "parameterNumber": 2, "parameterNumberName": "U-component_of_wind", "parameterUnit": "m.s-1", "forecastTime": 0, "surface1Type": 160, "surface1TypeName": "Depth below sea level", "surface1Value": 15, "numberPoints": 4800, "shape": 0, "shapeName": "Earth spherical with radius = 6,367,470 m", "scanMode": 0, "nx": 80, "ny": 60, "lo1": 109.0, "la1": 20.0, "lo2": 116.89999999999955, "la2": 14.520000000000117, "dx": 0.09999999999999432, "dy": -0.10000000000000142 }, "data":
[rows 0 to 19 of 60, columns 0 to 44 of 80]
null,null,null,null,null,null,null,null,null,null,null,null,null,null,null,null,null,null,null,null,null,null,null,null,null,null,null,null,null,null,null,null,null,null,null,null,null,null,null,null,null,null,null,null,null
null,null,null,null,null,null,null,null,null,null,null,null,null,null,null,null,null,null,null,null,null,null,null,null,null,null,null,null,null,null,null,null,null,null,null,null,null,null,null,null,null,null,null,null,null
-4.92648255031809,-4.9964023207422485,-4.405880778487685,-4.093416731099591,-3.548251048558753,-2.7368593423564875,-1.1912855489206653,-0.09661632335173372,1.8547593706267573,3.0348213144301965,4.319743554449369,5.618579979168089,5.440203134563114,5.557086403403414,6.620256163943062,7.663693558476963,8.864367128836875,10.696106298541414,12.144154551275284,13.024731299541742,13.506049483817131,14.299867674590537,15.445663841668715,17.037309921384274,18.705855558111146,20.114806217863396,21.26661269611433,22.086496053136436,22.482055056609184,23.06812527255058,23.606935888497592,24.36351032489093,25.441287940583713,26.476349593421794,27.69336749196085,28.99867260035892,30.555258822396254,31.55733166716499,32.31477738654267,32.09490147641206,31.724944598883134,31.931433600815907,32.41619035357296,33.091018029427794,33.23169263458217
-4.87359514622014,-4.848993044241788,-3.8327328584692184,-3.149109771082569,-2.4324123325416207,-1.7086495350439694,-1.4131648232650087,-0.16352232422376786,0.4382538958772231,3.7938638670595317,3.7956247023711627,4.7239311742517796,5.619617748503554,6.025639995728794,7.147742439744164,7.988901311074391,9.454852476425177,11.020624088738177,12.462929272591051,13.312662059149757,14.31108064033242,15.12421992848576,16.131101947224266,18.032226623123577,20.229127376225986,21.184539939248555,22.81586491938136,24.155390626325076,25.212678648788053,26.236908373690103,28.55224398544673,29.15806950525705,32.08360378721913,30.11304647285592,31.553823636502514,31.146357730941226,31.782466897038056,34.290513709747714,32.6922869851091,31.21840568701916,32.86503914016684,32.621791706496424,34.03914445691133,35.49264091045643,36.24686917687794
-4.584371715380576,-4.298543672414084,-3.344287951913129,-3.1230802046956145,-2.267618499626135,-1.2606553595771477,-0.25922781240559417,-0.7094066991561087,1.9291013196564206,3.1461210962236326,3.1784579990988444,4.504780980268296,5.656100016858019,6.245547625698732,7.712730429955437,9.636520785739215,11.341619886225084,12.104608748593657,13.05329550769357,14.142678101827517,15.238071873544452,15.8502870958981,17.161340345616587,18.193567233585238,19.47029372004042,21.43304507592478,23.131922064522918,24.409487532811774,24.89161986896434,26.370592085729932,27.08303030092071,29.01595356495571,31.444881370506508,31.43157882847354,29.54749713029862,30.46315497302887,31.162090622965497,33.203238406098166,28.584564679707373,32.16074102586198,33.423897183026824,34.872395763991236,35.76174048127209,35.383613516146035,36.98553747612309
-4.422788257515173,-4.0812852305002725,-3.238800115332732,-2.7900570353219383,-2.5629224482701676,-1.7953059098124866,-0.05271889578006777,0.8039025254156164,2.1510395208091526,2.457418056570671,3.8267112271911703,4.889166072223528,6.477487521901445,6.624096125111128,8.365524970604085,10.0776314950516,11.010352358789035,11.635347953583178,12.472776595898804,13.295396171136527,14.223721345119564,15.44082518076068,17.403446046010743,19.311517351449933,21.448996508821285,22.540541956357266,22.388457421398257,23.76361153927113,23.295250769644017,26.042646666487272,26.92651289905204,29.32438215429002,30.55714665666433,27.387508426979842,26.11774915975669,30.19354717746826,29.303453907032075,29.963405890394583,31.766180417749194,33.17647220033782,33.637731215267976,31.14105008148319,33.92758604342185,34.13533415898635,34.760104328953744
-4.687671971174336,-3.824339366738883,-3.02759763476272,-2.9366389028642343,-2.5988297254756487,-2.0011472579681904,-0.2335078070884388,1.1029383151763452,1.946369499766682,2.548500640010862,3.422547161850123,4.944139662973131,5.978077405774719,6.628165179249788,8.939858249228557,10.253313947379493,10.785596866864628,11.373766965295617,12.295596200494924,12.900454840747424,13.442071965542658,15.28241298469777,16.549485621497645,18.17266088233363,20.141320630947078,22.114558819969584,23.63256077903303,23.652889492991452,25.500404418132526,25.90326415961673,27.63248840814212,28.073748478530668,29.224723088281802,25.218380593395274,25.94501098309904,26.99324352393374,27.356353593809253,29.588230174591793,30.82219605948697,29.046989765292434,30.799686289540738,31.63523429749442,31.834400422047526,32.324634828288964,33.58078990606647
-4.4069748817617205,-3.7002087061469187,-3.355673489711899,-2.675273164575463,-2.8935854205260823,-1.8855860526007882,-1.9235924845683237,-0.5800882838837752,3.426384490876143,4.235106623844373,4.9765209605756535,5.977668973495824,6.884975240671844,7.811535300909791,9.138976590723026,9.63155439513403,9.767240565937307,10.646805063005,11.881268430030886,12.273160466252119,14.076528322715749,15.982858583283736,17.29845884829982,18.708738941635264,19.70390809919139,21.174664664592324,23.752288191918616,24.473704593669034,26.491225118118578,24.23040472621672,26.229658674200316,26.334709361032473,23.71225646142495,25.560407652098963,24.80107703025996,26.614520927436192,27.8918276538221,29.862353784318834,28.833626795487437,29.850390960553185,30.371866755287908,30.867304683004775,32.749384074210695,32.85210141206087,32.66951475462729
-4.2604075372580645,-3.063951015670421,-3.2352454800888384,-3.035138946614271,-2.6024823557613255,-2.8370439379416164,-2.477896120263486,-0.8240655166437358,1.139113110662151,1.8283011806743708,3.5247792533450233,4.769883471123082,5.516353116964463,6.794740830734752,7.39587686020674,8.108217893887819,9.213367572658196,10.481192098308963,11.561952959922433,12.80007790762672,14.22513959935031,15.811922113212708,16.731104397186606,18.564735144242654,19.869345704774574,21.148583983608564,22.212064559167235,23.38852081158229,23.530326191210754,23.910522347010165,23.277504011602765,22.15446643723511,21.12170956272669,23.44336799447479,26.887754964612235,24.49849983717208,27.953899221976865,28.05454421526487,27.741989768919055,26.47061064262123,28.129034522371793,28.69701797306695,29.407831125611228,29.5684561652225,29.24547011015963
-4.34860873055119,-3.26790428962728,-3.3338459200232458,-2.819796084465092,-3.368408650699628,-2.3838548542839453,-1.5650187258762294,0.6386466733202059,1.8514606773858946,2.732641384139395,3.4240174328112536,3.8904204689465103,4.814821594264056,6.347008709547348,6.795360603173495,7.304440262386493,8.443053963067165,9.73331414144374,10.943024695762132,12.372143570168078,13.929368217084983,15.039056146074909,16.09695289070526,17.49894287380503,18.105296680713252,19.383554327827053,20.224797142210505,20.336035038281267,22.20863832542664,23.54484907828036,20.591780809752485,19.304148168090325,21.111633440468403,23.763904339109807,22.55837046462994,24.29902228494082,26.305262895812746,24.776897102423664,23.572791987190616,24.319840258719662,25.975329320038515,26.45442223748449,25.857597721739733,23.920326129151178,21.948338539875408
-4.142015369688819,-3.0179411039294304,-3.0424342173305927,-2.976499861034398,-2.693455533843655,-2.1374891261646622,-0.7303441376764895,1.5669578832553426,3.289421993828315,3.7593389068965415,4.505868944899411,4.632861244316992,5.613367516273991,5.847091538699125,5.922281418834861,6.629992817377959,7.6370262316517685,9.36315626296222,10.764507707785883,11.961089200224379,13.129809439673908,13.985380078712243,15.193468287792873,15.50556543943921,16.819656561578427,17.326097882820388,17.422356980450072,17.60092861163949,18.1602234380187,16.81506589587978,17.062557539650356,18.329227847260725,21.15849618008142,21.734617841688788,21.0655404609137,21.38189705353892,21.40931873798739,21.334126883476515,21.530354988349426,23.801030410428968,23.588358793087956,23.265714127738278,19.93333366800854,18.314122138280553,9.55220524926437
-3.603366654019735,-2.3258036453801445,-1.4504403709776708,-1.9948893903167488,-1.9914916600292,-1.4538649984915866,-0.40418105567065765,1.6580947940825386,3.25383898194987,4.379135185535386,4.620642708411966,4.912004285112468,5.337446007298329,5.280596483361834,6.155185869353571,5.908757916762367,7.411237022475223,9.098825372470916,10.527882194093007,11.54519310946938,12.776862784944216,13.673551996050968,14.366241491495156,15.028241003298145,15.70731131073391,16.53533114236393,16.506760748567228,14.621232598771744,13.453425224261885,13.617427355957238,15.277263779947946,17.99995997120098,20.442291931855877,17.751165774380734,18.75171246392319,17.938535451396675,17.706591181436302,20.369902004496062,22.08937471128295,23.003602733451025,20.769189737317134,18.529650015017705,16.172637806764396,8.60551683648002,2.2736874262274847
-3.517632029048056,-2.119967934415855,-1.2158294780308294,-1.234150026776653,-0.7927414907151351,-0.8437818877899177,0.525149031784029,1.5671571739147143,2.6360031607784484,3.5596547542744714,4.1466028640968,4.8255953999881385,6.056628424118291,5.008501568481256,4.940371127349392,5.328520912630616,6.578336402646326,8.105570149848011,9.293238148101198,10.11517409662141,11.779803000303648,12.95990927135368,13.066849029805981,13.240741911596817,14.035718926119603,14.543791427909893,13.950832139269064,11.769791050763713,11.841273308446564,12.541453078895797,13.965257624333589,15.874048983636847,14.66372703586236,14.393455679061502,14.749822428824977,15.4745809016765,19.076423861756894,18.801263677062735,19.279164641144305,16.938378997088538,10.94671511212492,11.184100172118665,5.457750114577577,4.630320395682444,-1.5725316106629519
-3.200739376162149,-2.025073571305158,-1.4846034011119227,-0.6534832133613708,-0.6526361260789159,-0.5997513884847314,0.9051481170792866,1.9471695249803518,2.2670061677088733,3.0301409608610426,3.7396115095952984,4.273208144586778,4.647965908987828,4.380559575907047,4.732653880067027,5.122258824128601,5.914073086200206,6.927843202851052,8.521767462828826,9.723243948543626,11.024031510184944,11.592252942324928,12.491288781850486,12.523597059328402,11.370364583599683,11.596688886311966,10.057898306929287,10.663997220492332,10.291453984392708,10.332986222859775,11.77845233286403,12.108906355325873,11.463230030473436,11.505851830383449,12.272523453674397,14.347044395776921,14.194827197669273,13.206841649305906,9.949094267529048,8.625259089192221,6.642353437822636,6.320653183501021,4.724174109581358,-0.5166847524283,-4.9315906648032435
-2.7299625974265065,-1.9510010278616239,-1.4535315913598703,-1.1940659735457677,-0.010411675152687164,0.24713184998998955,1.4201129383327302,2.497979160319228,2.6435689029902303,3.128914295163513,2.8802478072053486,3.631420935616294,4.206078736776588,4.694773707141321,4.611446238469642,4.960930281794848,5.887178180278982,6.757882470300781,7.997090733782367,8.71463389866022,9.954920162874886,10.719309768359429,9.951062711661292,9.230435880339636,8.941771167651169,7.641606762712282,8.11969256155453,7.712152872945984,7.2303247735980145,8.700865798005006,9.459061851706124,8.536028137692877,8.204845848175717,9.061515704096943,9.789739085308652,9.319934628553174,9.322778495239412,8.544124325556487,6.365347555585608,6.609118840834096,0.5873710756230098,-1.2546892929999884,-0.6429093865858932,-3.7706813075592653,-7.810117185108995
-2.093493115452822,-1.931889787036626,-1.4639021484804375,-0.5073843542879396,-0.20974294020047413,1.1684406962050193,1.8143947015664312,1.9319698124870923,2.349648310934628,2.694971146636635,2.7828970048139823,2.985875378771919,2.672905657371377,4.055788270792616,3.909706387424203,4.398065490278203,5.537721492610381,5.8940141546574445,6.94773775619317,8.4679937250699,9.23641117143546,10.74807158218477,11.128297375872615,9.396048244394972,7.351284909914243,6.047173035754958,4.723961014454466,4.541476828537278,5.813048103104818,6.81050981494092,7.010290888066126,6.481360925066938,6.873220633559347,6.038850088636778,5.19567621317496,7.101432895185285,6.045512756399573,5.7381606979471105,4.304620985415529,3.4088297677105603,-1.9560448408366662,-4.303364682202211,-5.880934028659796,-10.713041743702515,-12.040216607346574
-1.8565526291048307,-1.573046492653914,-1.207003053604011,-0.2957312228325643,0.22202407277967087,0.3441402820306937,0.47435712139539943,1.2988733889755435,2.273240774756896,2.4840577061855074,2.2579087079885922,2.08843038819038,1.931860345097183,2.347922679021554,3.6469654848747117,4.323237153533592,4.788208104815492,5.290895910712351,6.140793436891517,7.48682508294822,7.802537708631788,8.082053920040474,7.323510208742925,7.7431116338037915,3.353110483176116,-0.667020242288783,2.4829096517708753,7.395148376632337,5.248524593827524,4.916223325365028,5.2691724714823955,4.2749519689383835,3.8937994250882886,2.5669279368931797,2.7835411743519565,4.226160539604906,3.1805611093570167,2.603309604346611,2.6126528827001745,-0.9474695027929492,-4.907316284251551,-4.68550609906632,-11.117736867155998,-17.21684154189523,-15.154381118358101
-1.9962101106241295,-1.358074846422559,-0.8377642809529412,-0.22126487431903036,0.7999185042129033,1.5477061863267962,0.7445347535795206,2.324260477104241,1.2849095684578886,1.2994573658989852,1.6939301643866584,1.6767482246170353,1.7724587240824845,1.6918797213373014,2.5852593144875,3.3680041650366688,4.291248509268269,4.3756625191704295,4.963554655852862,5.283444992503661,5.790871656160359,9.336197745288128,3.07593864662906,3.5251776723654604,2.593916627143892,2.294799320971825,3.1763009223483922,4.746231892336463,3.78525756859375,3.28975815626585,3.9244259217274595,1.8893749124797488,1.7951038415351195,1.6540363799726743,2.604133902435871,1.9774469677392466,-0.5888468885153101,-1.3085790025350128,-1.1730879256960192,-3.4489152146214748,-5.82626998658528,-6.631453280487897,-12.929629551602082,-18.558436981661462,-20.506150403470592
-1.9295867470288404,-1.3148787783954865,-0.919326340120717,-0.5440887936714064,0.7336883103342603,0.7678349409293566,0.7614863237112325,2.906820935323234,1.3174251563899757,2.656455413964002,1.444124340211855,1.0225851246766953,1.8182775145485022,1.4755003318837268,1.545875464314408,3.39440921087326,3.5038440362549266,3.298258652748435,3.676630015403021,4.548214954946701,4.751039944586163,6.166560094791227,-0.43050471229838727,-0.269663266820116,null,6.940138877872346,5.374139324924288,3.610465491093289,2.353443233951112,1.150977195197892,1.3213352057617442,-1.342442108922584,-0.848174337182545,-0.3396570490129711,0.2553707985653603,1.9460073635961899,0.9108108912849323,-3.662510776593464,-2.7147616200065965,-4.49054637682418,-9.063001930459023,-9.540266117575325,-11.883251757021176,-13.156058519510136,-22.199827847064366
-2.1575076275626333,-1.4712824452003324,-0.9174177725662698,0.7433423182301275,-0.795040553272844,0.04482969449080214,1.4410171824474982,1.3991148358510554,1.5746396368602864,2.8893074308851645,1.0879020351520405,1.632031584755284,0.5474651979850432,2.1873040852463514,2.4193307106863395,2.173444185872191,1.5170093848968518,2.943449914780557,3.414778107743142,2.36023898019099,3.1005657121882377,null,null,10.717969459709897,-0.177702053243521,1.4269776466973692,2.1533871434678487,1.6960576070137292,1.106952911771952,1.1648797054348323,0.39778738440504285,-3.4715821600566583,-2.695132676801636,-2.0661959491256816,-2.8982498364142693,0.01424523260419231,0.6497799232561644,-4.89614963271573,-4.328322247190771,-8.751647471194625,-10.156281504551657,-10.753938863434705,-12.092711689075148,-15.799913242771296,-24.254948596349607
