public/json/wind_2018-09-1516_925.json
{"header": { "discipline": 10, "disciplineName": "Oceanographic_products", "center": 0, "centerName": "Ocean Modeling and Observation Laboratory", "refTime": "2018-09-15T16:00:00.000Z", "significanceOfRT": 0, "significanceOfRTName": "Analysis", "parameterCategory": 0, "parameterCategoryName": "Currents", "parameterNumber": 2, "parameterNumberName": "U-component_of_wind", "parameterUnit": "m.s-1", "forecastTime": 0, "surface1Type": 160, "surface1TypeName": "Depth below sea level", "surface1Value": 15, "numberPoints": 4800, "shape": 0, "shapeName": "Earth spherical with radius = 6,367,470 m", "scanMode": 0, "nx": 80, "ny": 60, "lo1": 109.0, "la1": 20.0, "lo2": 116.89999999999955, "la2": 14.520000000000117, "dx": 0.09999999999999432, "dy": -0.10000000000000142 }, "data":
[rows 40 to 59 of 60, columns 0 to 44 of 80]
-15.28152966100111,-15.61156980010283,-14.413670232386247,-14.93989863765555,-14.48935853599013,-14.374456554873243,-12.854150540371394,-9.75670043196896,-8.02988746229072,-12.695033485865375,-12.216877226279554,null,null,null,-6.891247738422738,-7.004166111387357,-7.757929949761882,-7.1097948821641515,-10.496166078628997,null,-8.056557334812378,-10.371620302857393,-6.190642437900604,null,-4.573497852701656,-7.55289227913499,null,-7.769761698241963,-6.744806987282342,-8.805231156930862,-10.730550758793115,-12.504198791249891,-10.073138168482163,-10.500812885594405,-11.002779789607976,-6.613639827913889,-2.6722623332730304,-6.226252748885413,-9.132594622524769,-11.209717753964242,-10.894439470825315,-12.144352546401219,-11.367213275274674,-12.126502405854165,-9.359056627953063
-16.098285906097196,-14.76239287551895,-15.846327031410402,-15.423407387384273,-15.752950037975637,-15.667675508042716,-14.203389649027537,-12.185573580573088,-8.4403060895486,-7.9321125273617055,-12.009781060801078,null,null,null,-3.32948198161076,-4.8285456864986775,-9.681213666047963,-7.106330782368575,-6.176630108435573,-10.907979194249476,-9.074514738712182,null,-7.854448181420817,-5.238117168611031,null,null,-6.038712248577686,-7.063147450624839,-6.8200733132363505,null,null,-9.101643186302406,-8.883006124894884,null,-12.511504911745835,-7.029877871269352,-1.8901767341942008,-7.113084221697731,-8.620459019193024,-11.857961030696373,-8.704432579057638,-9.86824228326978,-13.034286461125113,-9.247848995627749,-10.026229737613859
-16.087324162939105,-15.303516319633403,-14.995658675595902,-16.035483920830803,-16.520898309082803,-17.021138526847164,-15.46191209417521,-14.222115017586269,-12.468468266163777,-9.4950096884645,-9.552666024258517,-14.881782357717384,null,null,-6.295968569873912,-6.850013783367688,-4.996204854282013,-6.84327347340421,-3.9797066201297926,null,-11.179527448040824,-8.338482131916377,-7.928506365412488,-7.020490571297902,-5.434960794180824,-5.561361020638435,-6.650953957889413,-9.236861319354254,-6.556155257380912,null,null,null,-11.440447869113251,null,null,-4.4434316024298885,-6.909847227060009,-1.2238284454852493,-8.729276626797844,-6.853962486972846,-9.359322614362554,-11.554689657322722,-14.734078243860726,-12.440416339483665,-12.719860038376146
-15.434359054816504,-15.60796349089005,-15.908271858294796,-16.122443095085803,-17.40039046951254,-17.44523902493001,-16.9104710935899,-15.603082376787562,-14.169192455419202,-13.074046906344435,-10.654079916715684,-11.804867228846481,-9.424384803540594,-9.093635501814331,-9.715342314834643,-7.04659470715124,null,-5.309244511602474,null,-4.957130910313299,-9.566410980152128,-10.52464701921818,-9.517802533097619,-8.012086492724565,-5.348948192565102,-6.696935840713829,-8.85560345540979,-11.250310004523582,-6.764487454835169,-5.368048849987638,-7.8459949709716295,-8.18991770021742,null,null,null,-0.3896631649562894,-4.339287083875563,-8.808477352918638,-4.099328301024779,-9.444808810312297,-12.424546057898723,-15.1298280065045,-16.39291400398553,-11.660215378735742,-15.22390050963012
-15.695960293534608,-16.160295668902062,-16.473626886064583,-17.138759388359265,-17.58482387601844,-17.898671546706193,-17.880118441815405,-16.93105577635564,-15.625239090078823,-14.448621375450344,-14.54060892443349,-13.04074895597887,-6.27540202797169,-5.662466052620789,-10.100695239374538,-10.41919450339456,-5.997206129007482,-4.170719058914461,-7.386777844596931,-2.423503499845071,-7.188487408720004,-11.809645225035641,-12.162063170787063,-8.978807932896206,-8.897850528870466,-5.794678366547694,-8.752966988645944,null,-7.2264652602069415,-6.738771496290885,null,null,null,-8.071008681997501,-5.552415582008023,-3.3333048615943284,-6.946826895388316,-4.0519370592063995,-0.3365390201205031,-13.56112092113434,-7.441154290063727,-14.049663821507446,null,null,null
-15.815011920408567,-15.67460667668187,-16.109554936102843,-17.02294551194887,-17.82286819764183,-17.984467354583444,-17.43581330915123,-17.961004775019376,-16.809096524051657,-15.619008116797726,-13.151239005578176,-14.519497187543312,-6.089153499404795,-5.603338542934212,-6.009188809293361,-11.15665025601318,-9.723549159357676,-9.28348550514669,-1.1457671821153463,-10.039298638726514,null,-9.73569381515462,-11.656255973823601,-9.3113384499397,-9.122018499149767,null,null,null,-4.43031065108807,-9.18755321416062,-6.829542573180181,-8.89287270167452,null,-2.7711915687144026,-6.381432299681854,-4.9606563710251255,-6.223224966018388,-6.846259152710662,null,-10.806255639076639,-11.377714344713166,null,-12.025710540291563,-8.116996973459642,-3.8885799743633696
-14.622694232895173,-15.34942001782733,-14.668401250251183,-16.369550394204005,-17.132876755987198,-17.783908936819063,-18.09409204934513,-17.28232771036956,-17.974642091645578,-16.23724855740936,-14.731377501999367,-5.581871344384985,-10.565879276991229,-6.85752466952304,-2.4347030026853087,-4.790246580059455,-10.973870293619783,-9.768665021478455,-5.455798092546885,-7.034827639294241,null,null,null,-7.946735784098056,-7.727924218063935,null,null,null,-6.242745982974578,-9.099359536700309,-9.92868848683775,null,-9.96716689015567,-5.336886270581172,-4.850334460124013,-4.839140241382205,-2.092485502759051,-7.4100496718591025,null,null,null,-8.576085591388846,null,-10.243955720842594,-13.285579196980596
-9.772621950420385,-12.465323674719087,-14.196705109533315,-15.235719103011743,-16.101717434229016,-17.948979000570276,-15.053830563959355,-15.849856605564987,-17.77448491456425,-16.235207533105687,-15.74011462999652,-12.01705156698366,-11.808328049041288,-7.203647055681226,-6.180448681732847,-0.6293339014750747,-7.144933994437331,-10.64186239556258,-10.209371032705155,-1.800569790604039,null,null,null,-8.647231659368293,-8.634687002585311,-7.656797142984589,null,1.7135186732815368,null,-6.413860307575348,-6.535340258242275,null,null,-6.675060757508813,-4.263631291654707,-5.009992543724334,-4.015707088547588,null,null,null,null,null,-3.928640276102758,-14.240324078247685,-12.26855782684325
-8.510935084790903,-5.0878395064999,-9.954222926809662,-12.362937017400885,-14.701464107419255,-15.98904096528171,-14.592560124231072,-14.953901286547454,-18.08020382662086,-14.360379830187792,-14.10808002565696,-14.125900335516484,null,-10.406709820918287,-9.131645149522496,-6.408445418365345,-2.9588109250176244,-11.078332449107588,-8.84630667024402,-19.28602290348407,null,null,null,-8.470779499614924,-8.181395960049223,-8.131415844099122,null,-4.4551215671949,-2.9437305794543116,null,null,-8.151483845865084,-2.4297382399084806,-5.4804153651127585,-9.201889473235198,-7.1563673309462965,-6.127506175198683,null,null,null,null,null,-4.731383134439948,null,-12.476529254238265
-8.634076269853391,-9.13765616960812,-6.77107935037034,-7.238932485923494,-13.21706919126312,-13.180986627391357,-12.986644210284634,-14.820254948738318,-16.5939330181958,-9.80053943361209,-14.317911363395291,-15.49854202051278,-12.624324066383354,-13.800886803848735,-9.656505804518785,-9.597345625515171,null,-4.207076315668598,-14.422003366275124,-12.185006046996952,null,-10.157918519552695,-8.396320405226644,-8.2681093428672,-7.694988273144515,-9.711140298321633,null,null,-5.410241036502704,-3.11502119501713,null,-3.9598955907865925,-8.800294661704816,-8.453677569421838,-8.805537260201774,-8.605001106055528,-6.227761560950436,null,null,null,null,null,null,null,-11.095525837610825
-7.203177256936209,-8.726521328346688,-7.237049867275219,-9.351382126918859,-6.7597506154853635,-11.091606323449053,-14.301901231116696,-8.277004048810436,-14.450981945300246,-11.998435469433096,-13.808861264029256,-13.610594538339232,-15.036313764782781,-13.863097227631016,-14.979061401048224,-11.253163293039595,null,null,null,-10.35808298244777,-7.19593578193997,-9.754299114019803,-10.130625799565506,-9.809371108658198,-6.699645347434242,-9.02041896814139,-8.674668945471574,-4.044137729940333,null,null,null,null,null,null,null,-4.900918228596951,-1.798827604568491,-4.056028176879128,-6.118037398871199,-6.948329989130475,-3.418771009905551,null,null,null,-8.079791616089409
-4.958823650975857,-5.246713057480336,-7.061491739680584,-5.892345458937047,-8.93812513905909,-1.8542962080612646,-10.879481375500596,-9.70023287934018,-10.522016082378336,null,-12.022710673149327,-12.965584383657779,-13.994937040893715,-14.97768209751931,-16.830456787575446,-14.983235422405139,-14.560973272950859,null,null,-9.80379156051633,null,null,-12.368803390435144,-9.249317278017655,-8.868453431525827,-4.752129832822967,-6.3622525194384965,null,null,null,null,null,null,null,null,null,-5.6915380674041005,-6.013683018373021,-7.411413077360757,-6.887450869761787,-5.161457340067367,-2.7109702453743156,null,-0.025206567942682695,null
-7.76383362887381,-4.76436959509672,-6.986195150892402,-3.8674239277996065,-3.030768161560104,-6.5834849375327025,-0.41892161392439786,-7.273783540249314,-9.302563098622336,null,-9.603727787227559,-12.075954305750207,-12.586519052545697,-15.047938170448711,-16.25102364337626,-15.754074015428312,-14.249042544212461,null,null,null,-9.620349741453397,null,null,-10.809012886848043,-11.351568551899021,-7.929328238564966,-6.470066933713708,-7.551236070638181,-6.691830210979273,null,null,null,-1.6706804129782455,-2.8497746563119866,-0.7644382371736628,-3.9625302698757556,-9.076491873923603,-6.389229612097836,-10.473330514709513,-8.96119565716135,-7.27792204919805,-5.112802268125391,-8.306651670465783,null,null
null,-3.9325465792811682,null,-4.125648552064684,-3.2014398181128465,-5.130897860865542,-8.349674154163585,0.45203611462532706,-3.4255736592830637,null,-9.047173667965327,-10.141263300559853,-12.090143990870242,-12.528891693387225,-15.389675558387976,-17.097931631184746,-12.985849969658096,-12.83720391194587,null,null,null,-6.1525397189748645,null,null,null,-9.319312794020533,-9.54830318880136,-10.374893541542829,-10.863112028406112,-9.01663672447516,-8.093033808024238,null,-7.238534886535041,-7.630053124641685,-6.3563599200809096,null,null,-4.967493686951924,null,-9.195903013552007,-5.714677381265389,-5.840717926255201,-6.453914540974983,null,null
-7.126131727270556,-3.0469103103106225,-1.9425582164110606,-4.157779619903195,-6.223803176631482,-3.7988102602371923,-9.66148317744294,-10.841156255543297,null,null,null,-8.238453602805695,-10.592628476135381,-12.576987335158488,-11.879559517909996,null,-13.068020678872097,-12.401390464767948,-10.703341986559852,null,null,-4.0501609768881295,-7.008824524256775,null,-5.435979262591941,-8.916797508127457,-10.758721298875276,-11.855670314679957,-11.71180515252342,-11.507462805188,-10.374985632099325,-8.588145884589618,-10.206045367858692,-10.382581554197818,-8.045161411746808,-6.851885760300284,-3.91519334002275,-3.9738804165931843,null,null,-2.662874774709282,-2.799149630417628,-8.244318828263783,null,null
-4.355525405597346,-9.475655198144594,-7.540994245310787,-3.6388399499453206,null,-4.897092836692019,-4.159443500090385,-10.569192547927505,-8.955614838209776,null,null,null,-7.38181381807124,-12.057136793982158,-10.335047722518485,-11.508013995440578,-15.285864263089568,-13.65042109742365,-9.190471974227785,null,null,-6.382215207562385,-3.7708722933939898,null,-7.57227538876645,-10.292487234086272,-11.754355588682166,-12.80016252686302,-11.878650377648793,-10.72415622827982,-10.157505614555348,-9.21314654210158,-10.005641975076943,-7.715444816197474,-9.290897248671833,-8.872653960557235,-8.37447636826379,-7.509753984474257,null,null,-3.523708493820003,null,null,-8.975210746054305,null
-8.647456166240081,-10.166155827875906,-9.719287211381793,-11.625334366653634,-9.177398422460463,-6.529243181507863,-3.8852451984127763,0.3904153729854029,-9.204210078214487,null,null,null,null,null,-10.994110715675143,-8.644354262217705,-12.118943686248524,-14.127682926970131,-13.537620815858558,-11.82196575620981,-10.613581855402991,-10.033120303590135,-9.052268040912857,-11.293217318495753,-9.966658328631446,-10.10541102881091,-8.858653836146107,-6.983839911696752,-4.070943102056715,-6.579107266546489,-10.43857279166968,-9.488215106663374,-9.09558189076763,-10.961083268875615,-12.328536018599609,-11.690443914404772,-10.631173495612764,-10.048243320745984,-9.104802824262054,-7.042044818788124,-6.04025450017867,null,null,null,-3.4503514447801127
-11.59627316459212,-10.494278960536654,-12.6189094228214,-10.864437598384493,-11.370760925003946,-8.615601777101656,-5.276375878284441,-2.6095221653749956,0.8550351807707972,-4.548508417821549,-10.273954365402634,null,null,-8.040599134842758,null,-10.452768124485722,null,-11.911232416173178,-13.620329788501145,-11.383675532124315,-12.396313100807102,-10.786504808369054,-12.196325251549396,null,null,null,null,-5.796754190221589,-1.7692820119433215,-6.896973716204547,-9.550492587152608,-9.095919509322144,-8.860441566684882,-10.518883244153784,-11.924787112976574,-13.056844648428957,-13.119197037544557,-12.202056425031273,-12.585199178700709,-11.891519899043034,-12.119140262105713,-8.073493493459887,null,null,-0.18861663531027437
-5.994645740382586,-13.102550865979888,-9.35224583285027,-11.200144747851528,-10.057879037391736,-10.229673894174232,-9.319562544163603,-5.419260714434132,-1.3671615001106683,0.9748522267629317,null,null,null,null,null,null,-2.4838265703547506,null,-12.15279754237315,-12.800545588962521,-11.793146676023504,-12.223855649575567,-10.387128130693497,-7.052222990264652,null,-5.546113979354256,-6.333580790112666,-6.582388820436909,-3.8293826543725076,-8.450133818429245,-10.135255059564106,-9.715782268482045,-10.121532938883629,-10.411801292495024,-11.29488271312457,-11.514160423263686,-13.153874381869148,-13.820049365894267,-12.686165937157792,-11.726122195239745,-12.813580383842215,-13.218799178877793,-10.369485008913845,-6.27064691395511,-8.104966293215298
null,null,null,null,null,null,null,null,null,3.6897712439310397,null,null,null,null,null,null,-3.146716220940227,null,null,-12.590436780793272,-12.354742658269956,-12.788531579119757,-10.240587262278837,-10.437405197736602,-9.657591031714611,-6.770287582062207,-7.042409626894255,-8.305461759590441,-5.583826568440092,null,null,-5.439430044110283,-6.833613470977059,-9.178457640271434,-10.669924634154551,-10.22803331365751,-9.60728946955561,-11.898415795635524,-11.463335304289952,-11.2271056097093,-12.761530484897655,-14.384859744720199,-13.85225483385707,-9.61940552494586,-9.48174312437975
