public/json/wind_2018-09-1601_850.json
{"header": { "discipline": 10, "disciplineName": "Oceanographic_products", "center": 0, "centerName": "Ocean Modeling and Observation Laboratory", "refTime": "2018-09-16T01:00:00.000Z", "significanceOfRT": 0, "significanceOfRTName": "Analysis", "parameterCategory": 0, "parameterCategoryName": "Currents", "parameterNumber": 2, "parameterNumberName": "U-component_of_wind", "parameterUnit": "m.s-1", "forecastTime": 0, "surface1Type": 160, "surface1TypeName": "Depth below sea level", "surface1Value": 15, "numberPoints": 4800, "shape": 0, "shapeName": "Earth spherical with radius = 6,367,470 m", "scanMode": 0, "nx": 80, "ny": 60, "lo1": 109.0, "la1": 20.0, "lo2": 116.89999999999955, "la2": 14.520000000000117, "dx": 0.09999999999999432, "dy": -0.10000000000000142 }, "data":
[rows 19 to 37 of 60, columns 0 to 41 of 80]
-8.59106030322793,-8.512994839663115,-9.14032947954647,-9.09753189313029,-8.920415595020954,-9.099113750869819,-10.21977374723057,-10.104290643329055,-10.210570401223531,-10.545427903727848,-11.199560080189732,-11.466772826703732,-11.83686095624032,-11.870892566470369,-12.787246524305584,-12.074045487764481,-11.402651552947981,-11.864406297256277,-12.151997548809716,-13.018706592041418,-13.969162337309193,-13.809894890474173,-13.483865101400959,-13.171717742454993,-13.76855482806742,-13.118756381910226,-12.327722319367865,-11.368069588415624,-14.107832472561476,-16.920474784445027,-16.4021706632798,-19.035920275379535,-16.751704508883062,-15.033043257715104,-17.522850610374512,-18.567243377231883,-14.705520385554394,-11.404569014239538,-12.96254589064507,-16.76038782968206,-16.709030915570484,-17.45974048290764
-8.710145408671764,-9.3768429489547,-9.34010172173051,-8.734874338927941,-9.432116516608584,-9.52228678325875,-9.199743596940207,-11.083790579283272,-11.28104334488068,-10.545116958543494,-11.859661754632146,-11.21176765600519,-11.532805758869406,-12.109250953894815,-11.720363373118731,-12.736422178680614,-11.60190783719336,-12.118480219940517,-12.464967260768873,-13.88688689263368,-13.471685106452943,-14.495496699492227,-14.65997765227558,-14.072619416145303,-14.760305179268768,-14.68562373209273,-14.61258960605373,-14.161215656690937,-14.278549261392055,-19.989180083069492,-18.732528870747444,-18.838601154337123,-19.802993925617173,-16.619868209368185,-16.669097819691164,-14.51572776987665,-15.973511905856956,-13.294001042250377,-16.426711248008402,-14.060344892387775,-19.18285505389289,-16.491890713384365
-9.228250734085309,-9.411022414940206,-10.09009605212796,-10.71896070763054,-8.979148043438023,-9.141032614706189,-11.408109532254874,-11.923456392566216,-11.83210902676335,-11.427221758920457,-11.709034580915455,-11.668236474019848,-10.08541819789978,-11.547650383188412,-12.813915514763874,-11.45015035204981,-11.696556112027768,-13.18904935988978,-13.560963315219926,-13.489584894588834,-14.316638903151764,-14.551185358552779,-17.330287984727338,-15.277962622300329,-14.44347587793618,-15.25102208964843,-13.748040174024418,-16.271967855123886,-17.863260873757916,-17.902197716681805,-17.317504257631715,-16.973378529269688,-14.864607592761866,-17.67616697666436,-18.053024191615325,-17.871707996158293,-18.882745652556274,-19.849302214991994,-18.920600143268587,-20.518911919836654,-16.543668789737016,-17.934545140453046
-9.950895793469918,-10.697125620282725,-10.510847260999379,-9.352983428887526,-11.004062225263404,-10.28894618664935,-10.219702335390771,-12.462621391724483,-11.636083370119009,-12.184440757871693,-12.267407924284907,-11.255110838542418,-10.621799715214035,-10.046814732140914,-9.894989823813177,-11.877835941208554,-11.440320390578094,-13.030130332289659,-14.759772175697247,-14.599533452158623,-14.656197071805384,-13.962246145109148,-12.805217590823473,-11.659575347290772,-10.462453302696357,-12.80178560160304,-17.51976608573897,-17.889704512915777,-17.713578102653788,-17.944768369976323,-13.342459432921915,-11.786648217985004,-20.443732764240902,-22.08753195185965,-20.743205676175926,-18.594932891241918,-19.309928758763828,-18.642173740850776,-17.937716970882768,-18.37948868167643,-16.11684003890407,-17.881074313381703
-9.97398998040161,-10.739244192485119,-10.992033510950508,-11.245998303502445,-9.965910903030096,-12.000824457734499,-11.890512344937786,-10.468177919378865,-11.765231305364622,-13.249907438862811,-12.168799456744466,-11.368514850584596,-10.64957546496987,-10.51270628492279,-10.701450148147185,-10.867900379442062,-10.710734410356467,-14.941063554646897,-13.447025155531279,-13.195988767539871,-14.325203582782027,-12.138037079887841,-13.62686469458431,-10.008853221650757,-12.565571225313008,-13.320295280860648,-9.388581923414593,-17.197403843513502,-18.380499197016704,-18.883009423383417,-16.029060174200414,-13.729640210671175,-17.789144271622398,-19.501532003887327,-21.117958086778096,-18.470029470342332,-19.18206270517684,-21.784816550380683,-23.913245458057457,-24.340228088512507,-22.348261147972067,-20.362902044238258
-10.568406236429631,-11.069986412643773,-11.12455375318409,-11.57702393550679,-12.480839872118057,-11.498130044886848,-11.812536982390526,-11.539118983229224,-11.181888746377169,-11.502987878439704,-11.003118685144758,-11.313474652679421,-11.02562112241402,-11.255585311594263,-10.769061140149995,-10.754351229662966,-13.648789855381102,-10.316881458083285,-11.477657819658205,-12.865569236851922,-12.830338285269601,-13.205648545238272,-14.543031885257315,-12.84237952766239,-14.285360624513821,-13.62318622152162,-13.334179239823898,-12.371362716681022,-14.736478292484307,-17.827488709660976,-17.53238269929172,-15.298086193393997,-15.041415795084934,-17.64827672548123,-18.247234714858514,-17.278758614424344,-15.952438310381153,-24.322736347623135,-23.37166491004156,-23.808445242078662,-24.981811965321054,-20.643671971496197
-10.904783966565573,-11.57115486354428,-11.470899249846756,-11.812696769368301,-12.018960622962016,-11.962059125876156,-11.449295883305723,-12.56410272490127,-12.22812147952811,-10.32476949546914,-10.702739130991272,-11.519384247247206,-11.964699170059049,-11.79186095199757,-11.958446689968856,-12.34976914415566,-9.693498462833544,-10.309173483601388,-14.163022302407635,-10.848847882092638,-11.165346703090497,-11.32083620619849,-10.166945101379323,-12.967690418681414,-14.628932577475446,-14.612772174733282,-14.560538894386234,-14.643880949166283,-14.37770200087112,-14.111055455395501,-17.56971989703388,-16.07773360839832,-19.35810785994453,-17.160092558499855,-19.390538071724443,-19.071895324195378,-21.434978049131004,-15.59587276710419,-25.301727752955387,-25.346595764258268,-25.663679877792823,-24.076616433190015
-10.671731640999734,-10.96165821051387,-11.853744708645424,-12.051637704191254,-12.062555187483945,-13.193741827121828,-13.180935208736097,-11.922555304017845,-12.799812886177179,-11.308899778835338,-11.325480761067329,-11.8461209605724,-11.898263497618654,-12.97382784230834,-12.39401205714599,-13.045683430928126,-12.440681879528027,-11.889977933253057,-11.35895907163838,-10.383376451695641,-12.63198948886645,-11.081704115517777,-13.386853679007768,-13.716446802093298,-15.526532423087014,-15.62154027906013,-15.669608247817855,-14.89006711413156,-14.510559954149361,-13.951020946893545,-15.31562653779303,-19.4783245524439,-20.14160523956715,-23.064990376285927,-23.77205803925184,-23.461349484239342,-19.888036266078252,-18.63833073870176,-17.69191174402665,-19.247636634223696,-21.739604737010875,-20.655082172350895
-10.793625246195868,-10.431797257782945,-11.057502874092778,-12.836794071595909,-13.547917009990556,-13.155031239169512,-13.827758780568516,-14.226767750095528,-13.393257830174077,-12.710661396164667,-12.11410377127381,-9.962191187586422,-11.906699936584163,-13.403519975441387,-13.7369651247115,-13.852412497457,-12.262385648947062,-12.584278273927293,-11.1032067840756,-12.79960727340053,-12.327156789574357,-12.593063856952881,-12.145935350362047,-14.407624262454869,-16.463603216646423,-16.917856219123564,-16.413794537948576,-16.1185684688505,-15.280891511394053,-15.691284292878152,-17.051858472301642,-17.37696006607851,-18.634618162939937,-19.788099104886534,-22.785806088154015,-24.68966067561786,-21.232125308726825,-19.08728859164662,-17.485604914786077,-19.646471718101402,-20.27154118872456,-21.00714696671424
-9.995154920965604,-9.913113374667578,-11.301653522558372,-12.955938593070314,-14.196847729466784,-13.869234764479472,-13.774175796473967,-14.081680647917223,-13.553941512675673,-13.554808290681677,-13.109811461538875,-12.718176757651646,-12.517242385737429,-10.606170290010926,-9.870289025630482,-11.317683409613009,-12.57163002393474,-11.704968669189205,-13.912328753506841,-12.98070982615867,-13.92387401546386,-12.113880856632143,-13.359114705115463,-14.564616298711444,-14.714121055456747,-16.548593368257954,-17.35288598497108,-17.68627957090186,-17.5157165264611,-16.390304518289593,-16.029823988633815,-13.608094011282656,-17.973546159864085,-19.797506290386686,-18.96937837529764,-21.814776707980606,-22.86810296453397,-21.07176893425421,-19.80003443470247,-20.33413623628499,-22.66534895524185,-24.937152812691327
-9.455359790104144,-9.392145868604116,-11.084288533696675,-12.139061081106872,-13.134800734246454,-13.288809049702587,-14.08859450216136,-14.608778761080709,-14.168916474759913,-13.730882889386564,-13.771908197299691,-13.168939520052504,-12.998434444826156,-11.5977305711208,-10.944551413464724,-11.432259458253283,-12.394668573107246,-12.677066391530092,-12.026675347589393,-13.42300270943512,-12.46044771084492,-12.749456466664665,-15.67235650217732,-13.578832708896538,-12.597565418762908,-14.056800225485418,-16.093558367174523,-17.693383692813725,-18.226019350553877,-16.603397949504156,-15.218693579529772,-16.8212526817071,-18.15963333158101,-19.7057375683813,-19.813572510615803,-22.167440379708587,-23.841891241560113,-24.41283990597039,-25.280104089878066,-23.33829398786857,-21.211574397725258,-22.20375365231891
-10.612850183581129,-9.563291782058155,-10.2271851686032,-9.82551132330795,-10.133023908090081,-13.707505523225775,-14.545380813497129,-14.734745471446772,-14.232527232538985,-14.190400431553414,-13.663962097199741,-13.643789759653702,-13.045578039742878,-12.364781896299373,-11.96247105874119,-12.24323983654904,-12.51418138085496,-12.814831859732589,-12.680502308768444,-13.305791659886541,-14.676421510279372,-13.411843890778105,-10.339412194695607,-13.904239245312969,-13.734409096527969,-14.561385540464617,-15.13440621870641,-15.289308343574845,-16.73795967488342,-17.558768381809216,-19.12463868198742,-20.169396572584105,-18.02667676837676,-18.675990135479328,-23.948854203373664,-27.28339503046803,-19.376359065220022,-24.137617230141217,-25.350745630184203,-22.418748239040312,-22.101669434807636,-23.56330997543247
-11.348595866575145,-10.897522451370216,-9.92576694928719,-8.960476992942223,-10.89298228629464,-10.08665591348472,-11.747695108817027,-14.447066176050779,-14.073222318224124,-13.81888698381351,-13.795382622820817,-13.880714168617324,-13.53479026876965,-13.079834726530416,-12.10136828284833,-12.489792711402927,-13.225034627956727,-13.53880949817266,-13.405430746778258,-13.574798692992598,-13.352238135331888,-12.191282944983717,-12.238651096361028,-12.776513579894544,-12.665804760101892,-14.123587568773813,-15.15542354169367,-16.924722112430857,-17.984454647801996,-17.47368960211108,-20.400049904786858,-19.67967728473539,-20.879473728091906,-24.275126763922117,-27.439152791431646,-24.664531642179572,-29.79727944131,-28.612056594802716,-25.328225685443826,-27.122113312354106,-27.79242942869994,-27.225108809382807
-12.089787942166305,-10.92704409539808,-11.524564945120815,-10.831527704232323,-11.274960681089643,-11.026854829866108,-12.16916513363811,-13.369574803369398,-14.633394684884198,-13.791605984521995,-14.190734729923625,-14.493897126235701,-14.118116154785577,-13.417086460300187,-13.2301298020857,-12.177008377477422,-13.196161723315168,-14.289070434292938,-13.867485963944073,-13.751143437069233,-13.615645882989973,-13.301780311336017,-12.793303081822001,-12.762858890617624,-13.743102238196684,-14.281609483585628,-16.298593097414095,-18.05037895850545,-19.916213812833824,-20.462335231163273,-19.745634438951107,-22.006298141202304,-23.56529912826364,-24.66455765222475,-26.03628257941437,-21.92826986813402,-20.13284811600346,-21.965898756659975,-25.05607088357419,-28.77492895217015,-30.161994623689996,-26.588446882157367
-12.631872872332172,-12.250336500705428,-11.853574765138726,-11.24067477096714,-12.072453470841698,-10.843059934187542,-10.77590451565257,-12.292748197220329,-13.485212536894263,-13.269579977206467,-14.688902267008158,-13.911806498885552,-14.308260983131298,-14.192624556898416,-13.706850558876624,-13.219164924052404,-12.981432506979584,-13.804759011072136,-13.606619601232463,-14.000254616246153,-14.746389541016232,-13.808459156407334,-12.677268894083882,-13.9046796028123,-13.006961433600528,-14.55864276455316,-16.767292728693068,-17.400363743622684,-17.581088693218085,-16.996056284863677,-18.7675144457688,-20.49216756780885,-20.493264369055552,-23.47964380840488,-22.553890170496622,-23.616363972819926,-25.615769732928733,-28.829555588528184,-29.23175338801176,-28.613529836359064,-28.270081447156343,-25.7035965021447
-12.651598677397574,-13.779667837297893,-12.842136179658974,-11.9310419494651,-10.621462425621669,-11.865683921853101,-11.060561190715282,-10.975984816898958,-12.544671259249,-12.638139288671056,-14.76163712237516,-14.264640949283836,-14.014709778807692,-14.183121392889454,-14.38803487088156,-13.640075881056273,-13.97968926124242,-13.65049301613831,-14.12038600572442,-14.780229809765217,-15.24139509666388,-14.739697162334615,-13.423512357276824,-13.501933945384677,-14.831739694373205,-16.120404919469173,-14.756785244526318,-14.298895577806269,-16.521755265889645,-18.398547848599865,-16.438814984333252,-17.855772970840203,-16.45628620829976,-15.701522598239123,-22.259752910837637,-26.15123011676144,-27.161796106165337,-26.85511710492665,-28.245532354008706,-27.06308598338719,-22.701497715511863,-21.7244429756419
-13.80042850522304,-13.254686784648872,-13.472848314101812,-12.233492541728369,-11.826137131662623,-11.646855267200149,-11.423141294645589,-11.268128331391296,-12.049125405075795,-13.173726295715717,-13.54592076248213,-12.935194433677403,-14.924829387690972,-14.703692958414448,-14.429900720127506,-14.902451827413222,-14.460721967436097,-13.701443405698917,-13.778178790689157,-15.098850537157047,-15.253008638322635,-14.362820801361378,-13.776036456805617,-15.440015565431743,-14.75686415338001,-13.20095691358189,-16.381103286533165,-16.287902143837016,-15.65062860093021,-15.937842789312853,-16.69310815418862,-16.876809881085045,-16.708403850935458,-17.006175579633304,-17.08148180101223,-19.8697636450268,-22.129144574470367,-27.565450587231638,-26.258968797233408,-22.95019388250466,-22.123110702372788,-22.074779922041927
-13.783792615636955,-14.320298446325385,-13.52407617922444,-13.517245896997212,-12.755259564855583,-12.395871185856517,-11.990367333069292,-11.646453781092596,-13.533171939597818,-14.59913739682857,-14.93355061824769,-13.041856629510658,-14.381999252488285,-15.057601079037724,-15.929848820982222,-15.026776914054711,-14.302022703763024,-14.403943336235077,-14.696115894278421,-15.122199500115098,-14.36399068181227,-13.809309702433431,-14.987079935265413,-16.43161324920366,-13.305778724303472,-12.159214422578955,-13.827143711761998,-15.46520484565664,-14.869466220594092,-15.520924597683392,-17.08794840094598,-17.828149287770334,-17.011280943052274,-17.903362901076402,-18.295016233034225,-20.42077746273752,-19.17560755748565,-20.696474833047287,-19.18452602164273,-22.93928113271494,-22.257317821812734,-23.473127894003042
-14.731266822889198,-13.999966847313239,-14.466012152419276,-13.762404577187441,-13.377570786615133,-13.13321119775168,-12.45569454739849,-14.264703654684256,-12.381571627045801,-9.610041280084975,-9.6514952921695,-12.73955954091604,-15.376974472431217,-14.715893450669954,-14.60651052079278,-14.895308194018865,-15.597227751889534,-15.044697860347831,-15.19504251141247,-14.631261603497286,-14.492544442903254,-15.421001947272487,-16.16122434985916,-14.907348735675772,-13.500925730104232,-12.722544249787816,-13.86109185791635,-14.549278661603932,-14.7087380199196,-17.32065013615135,-17.515254920773202,-16.680184322329087,-16.420904068796624,-18.402140877449487,-18.306603778813354,-19.551562262847874,-18.55880507803721,-17.48932098686019,-16.485211439458798,-16.231035080805636,-18.047919233722634,-20.80235254508332
