public/json/wind_2018-09-1613_925.json
{"header": { "discipline": 10, "disciplineName": "Oceanographic_products", "center": 0, "centerName": "Ocean Modeling and Observation Laboratory", "refTime": "2018-09-16T13:00:00.000Z", "significanceOfRT": 0, "significanceOfRTName": "Analysis", "parameterCategory": 0, "parameterCategoryName": "Currents", "parameterNumber": 3, "parameterNumberName": "V-component_of_wind", "parameterUnit": "m.s-1", "forecastTime": 0, "surface1Type": 160, "surface1TypeName": "Depth below sea level", "surface1Value": 15, "numberPoints": 4800, "shape": 0, "shapeName": "Earth spherical with radius = 6,367,470 m", "scanMode": 0, "nx": 80, "ny": 60, "lo1": 109.0, "la1": 20.0, "lo2": 116.89999999999955, "la2": 14.520000000000117, "dx": 0.09999999999999432, "dy": -0.10000000000000142 }, "data":
[rows 40 to 59 of 60, columns 0 to 45 of 80]
-28.09994332325229,-26.01017287370935,-27.50813622605885,-24.754815863349357,-27.6616476211311,-28.817241184833428,-28.590016632579573,-28.242778194098637,-25.110078749722497,-22.62322820212382,-19.453056348246815,null,null,null,-23.501029351912614,-24.450648174675003,-23.167969950957485,-22.850133140450918,-24.171147807566317,null,-21.313239361549197,-20.052469926555446,-20.498799921924842,null,-13.717968334988132,-15.750624450069939,null,-14.615677839541135,-12.626290090076886,-13.65097088973235,-12.782039400990797,-10.851522437531512,-9.36864920534331,-9.48210364739435,-8.527208207481303,null,null,-7.178319049426467,-3.6787424868435172,-5.00983975221849,-5.349757190649444,-1.2515911560743325,1.0187954766885858,2.586010390570449,1.697446310325019,3.5474921646324202
-25.849526595269268,-26.71799245514108,-27.680889355339975,-24.654374769052858,-23.1235925677949,-25.155934678525664,-26.955312304220797,-27.809379184285056,-27.036263163257928,-24.615574248788697,-21.18634171113754,null,null,null,null,-24.964140252793033,-23.47826673124154,-20.741843481841517,-20.750888979411744,-22.731785077688897,-18.197638504131017,null,-18.028479176092915,-17.671049836592505,null,null,null,-12.793676115525,-12.448880910394864,null,null,-8.682707656680687,-8.403630566058812,null,-9.574687472221399,-9.581528873547883,-4.683263881269137,-4.153433264057844,-7.15240553042665,-5.366593653048071,-5.43293256007277,-2.5289957837202457,-0.8314477994109734,-2.5477859370244804,2.5391099509926365,1.6975677058870393
-24.489661884356114,-23.74064690874884,-25.36797171629001,-25.54146300376013,-21.742322886269267,-23.369945843189594,-26.552984913675296,-27.84243788561588,-27.306902290366907,-25.04745975482294,-23.635879547322297,-21.662314486243304,null,null,-23.177102574304776,-23.476354984241308,null,-20.477245370003335,-20.272105104304053,null,-22.587312655638744,-19.742163915526056,-18.161454062016062,-17.06107519663673,-14.369266997061455,-12.61962909218565,-10.57505987138598,-13.525015177724022,-14.31092655530463,null,null,null,-8.914357376131896,null,null,-6.0553191197626255,-4.611299060008257,-3.884182499971875,-4.6575261294594466,-4.162083447364214,0.173709642597891,2.6157858580365025,0.4315294018247729,-4.014229981832816,0.8183736830577553,5.930528274871097
-22.377273322858038,-24.82095508808977,-25.45525878567476,-25.350000360591398,-22.942544604142178,-24.717311702033562,-25.875558618451723,-27.242676273985328,-27.105544272692587,-26.34665619691121,-23.938323663158123,-24.099353014515046,-23.297486122733922,-18.653198342545025,-18.03562475233199,-14.998742112704708,null,-19.7351714783888,null,-16.940793142313076,-19.36355453045547,-21.757736642215818,-18.23529027847607,-14.80565071534684,-15.63249553823879,-13.001061447709596,-14.453795929219536,-16.33391411981692,-13.959294473902634,-10.551380210942508,-9.463287693095594,-8.141692190884893,null,null,null,null,-7.397532766878643,-4.039304306828773,-5.4754174662550525,-3.1692866728903413,1.1464071473423718,0.8356736246329757,-1.2537065127923552,-2.4819502175081127,2.154101933250652,0.6200237946626355
-26.016863305563753,-28.22447086455951,-26.155689491947676,-25.18126690178489,-24.50924104090176,-24.412850425844255,-25.391343647155075,-27.325411567637303,-28.26793485868243,-28.662706077003822,-26.89363913759115,-22.64473165918945,-22.56888304864263,-22.489387263511162,-20.015263520748498,-21.38591801590791,null,-20.16980630329954,-13.98043003020452,-17.384111164973994,-21.094824400374332,-21.721178465338276,-21.82114569648364,-17.8825790061836,-13.130732666825576,-16.39579719834114,-16.011086223832844,null,-13.088398255223364,-10.929859294549084,null,null,null,-7.261553894301445,-5.591878845354397,-3.8104327516599295,-4.674534179705271,-4.568042661094395,-6.523779080458687,-6.524303210104723,-6.309942971363554,null,null,null,null,-0.6549336494203257
-26.937581868127864,-27.168703950164748,-26.06310391496863,-25.76632576203916,-25.16481751050929,-23.55385118405159,-24.344041377621082,-24.194089711711392,-26.683435027768937,-28.525814697515834,-26.824261407767537,null,-22.319182842627807,-23.682622785840344,-17.418185540711185,-21.19341267744564,-21.42956619627488,-18.883767116172876,-17.868578292241654,-19.569403656219848,null,-18.57108813071386,-19.529704812735616,-21.672453930627633,-13.81496982132429,null,null,null,-11.614664887839512,-11.716586100369753,null,-11.269178454851067,null,null,-4.0139412244675645,-2.5389657395757155,-3.160147671983228,0.7172191094765992,null,-6.696329743015701,-5.8778343392151875,null,-6.802861497326804,-6.4174011951097505,-4.763596410442964,0.48764616511853454
-26.362576592173763,-26.119524726836545,-27.185291381569886,-25.385098981504516,-24.680255341803196,-25.068617299359662,-23.623212223473672,-23.930462812493914,-25.41547238002812,-24.19115835373934,-25.8604029977166,null,-19.345320556548657,-22.83289904435694,-18.625693527759267,-14.712781422054743,-19.20685452969023,-22.085618937493518,-17.41479449147724,-17.096043287746532,null,null,null,-17.70545226823422,-16.67788788999109,null,null,null,-13.863895512233661,-14.188807726127855,-12.4953864972038,null,-12.294025381176134,-9.927434185747178,-5.752585096969555,-5.318917555015345,-4.424174812203564,-0.8446877274662501,null,null,null,-6.209255716702252,null,-4.636135877625143,-2.732064465532852,0.05698165100666307
-22.093860806675686,-24.580615505402008,-27.88406337035605,-25.79915675746089,-24.407205956833085,-22.16479710847242,-22.010230354832636,-21.235185892539377,-22.251407124567887,-23.456574354698432,-22.29360549665411,-23.17263731037481,null,-21.904518705139516,-19.504048245618446,-15.186446035015795,-21.007818323020924,-20.490937349411535,-21.24767968243637,-15.398700764535437,null,null,null,-17.098645536489936,-15.118491411797354,-11.683359944731462,null,null,null,null,-9.747712158314025,null,null,-9.646878931414165,-5.593479812132236,-4.128256465805162,0.7482196809736781,null,null,null,null,null,-2.3938266588863213,-6.206619827185821,-4.888442431008387,-2.1544471951072155
-24.568131113055273,-25.21733889628051,-26.48455690642625,-26.42005149004944,-25.228139925532926,-21.449197826593434,-22.615067593776672,-18.596291967022747,-20.75886156445213,-21.600560546579803,-20.28776269431082,-21.762496233604555,null,-22.586293559040534,-21.010332573015983,-17.162803908080484,-19.926026028852217,-23.435219355903932,-20.314146189880496,-17.679725898597827,null,null,null,-16.629209559959556,-14.607812659933007,-12.76558044747412,null,-8.925040305779529,null,null,null,-7.8371070851371565,-5.51604640300956,-8.052009502603921,-7.356679119402771,-11.056384428507105,-0.8098823484371842,null,null,null,null,null,-0.22993357627867833,null,-3.8964263999287594,-2.5358100917348887
-22.096672250970034,-26.889528941693843,-25.886013413465037,-27.170609180592862,-22.866331594522492,-22.17001011335441,-18.17334239993888,-18.09027692329692,-15.727796082148448,-14.595726256706971,-20.862829553875045,-18.469430984863706,-21.531005898091337,-22.92716197379617,-22.315659025187532,-19.362746825732884,null,-16.602549146542763,-21.775467620541807,-18.988507423854895,null,-13.703238989514297,-16.80951604742144,-18.23926551562681,-15.845748663639728,-11.208902148863102,null,null,-7.283994172422255,null,null,-9.292362408786097,-8.061055828614395,-7.327188446568533,-10.504062094314628,-11.880884339086162,-6.959658091426639,null,null,null,null,null,null,null,-0.44185806126737764,-0.5742044956925905
-26.71160698428139,-20.67182681384626,-27.088540994839406,-27.258701751610687,-23.828769563998588,-20.604682344261796,-17.346770590374135,-18.81347454587658,-11.143350218367287,-14.776411055924045,-21.791018619243346,-18.555646988363332,-21.93870555793639,-22.041611159846468,-20.277532426989605,-17.3050998678832,null,null,null,-17.756127252227024,-17.26083737893842,-17.852473556705473,-16.541887223608935,-16.899194960072034,-16.42077048327927,-14.605705647911803,-7.8019222104276995,-5.859416549515602,null,null,null,null,null,null,null,null,-10.058243172489417,-5.418803212728739,-3.777206475618508,-1.1721219834739454,-1.0669766093724147,null,null,null,0.7195848855523661,1.101296854941763
-19.02787435015373,-18.631249160481943,-25.712617851821825,-28.592585053586085,-27.022975706454197,-21.63377570136285,-17.182095160426076,-9.20908653773521,-14.568188979202299,null,-18.25016150291847,-20.183212636357073,-21.72858244266871,-23.451237817453848,-20.03249566725019,-20.585571047909912,-13.248834465074584,null,null,-21.401319173309748,null,null,-15.182180154390238,-11.872473331570044,-13.077958748347681,null,-11.289753988541616,null,null,null,null,null,null,null,null,null,-3.588674273692351,-5.333310635188405,-3.1689431431749697,-2.284329685909006,0.05166563478716851,-2.2388810041846563,null,0.565520990715386,null,-4.385414095005889
-25.543258313165715,-23.036932624843608,-29.611668229397242,-21.921944043872003,-26.999936241615593,-23.622980250624927,-21.59386842438915,-13.978752158236453,-14.613653661691895,null,-15.974158202160565,-22.37623627459005,-17.266570590762978,-21.88274486204172,-22.05832395403534,-19.61654622441149,null,null,null,null,-20.090430423191904,null,null,-18.175490794718737,-7.871791531938824,-12.073402044327436,-11.667912873095823,null,null,null,null,null,null,-5.801781585383461,-3.7662648819369138,-2.54263882532517,-3.137423396452544,-3.279819763668261,-4.0432208055545775,-3.8836658085412306,-1.6758424160975032,-0.7048821825831848,-1.2058811024859355,null,null,-3.7847799913082767
null,-16.61791267125147,null,-21.08135545005998,-26.55446109846605,-24.900996765602475,-20.989935458438367,-21.002451684071094,-17.92054784719112,null,-21.329807500854336,-18.440454273649998,-20.374948253977113,-16.230308572224704,-20.70365215575163,-19.34420162612544,-17.037120652779745,-17.894357467650085,null,null,null,-19.080118909952034,null,null,null,-10.522620012527831,-10.196131659893233,-8.786415366877986,-13.378685150194336,-8.936905692323853,-11.70265050771738,null,-9.016904715429696,-7.383836561011837,-2.379540976604584,null,null,-3.3140649860418163,null,-6.898689066217616,-5.272640880469649,-2.384891603017409,-2.62066950711129,null,null,null
-12.80239928696683,null,-8.697559508562888,-11.207036813505418,-23.752316014352107,-22.265390312352967,-22.7860877769049,-20.49158346994724,null,null,null,-15.839548510421286,-19.307350569065704,-20.0971387645188,-18.010184192514693,null,-14.902311540179516,-14.4856885964313,-16.170644856609467,null,null,-18.068030833199753,-16.607989764816548,null,-18.2297965532127,-17.291204104529292,-9.968586238458254,-8.825211219352566,-12.996033433354084,-13.613303015581936,-12.57139656073851,-8.487032040849185,-13.067166604011817,-11.035241611822476,-9.721989337861665,-7.195965850563132,null,-3.029815715672766,null,null,-4.820650046612438,-6.067032550471229,-5.153465549451015,null,null,null
-13.955241593401334,-12.991931620769524,-17.48464367868506,null,null,-22.43358279963112,-20.67688741224545,null,-9.752566419391213,null,null,null,-17.978629741824832,-17.69103853579073,-18.004591130293548,-19.409175839179877,-19.282751067288302,-17.875555129938544,null,null,null,-13.851427181004833,-14.939472210740938,null,-15.639998165625782,-15.992958738077771,-15.604587302909646,-18.750304767100424,-12.2385861789307,-15.173980167324592,-16.928324996070415,-1.5596354231671836,-11.436356292031615,-7.830151273225768,-11.503211850284082,-9.513764564664028,-7.882487485823329,-7.227995777250888,null,null,-1.3041286221850972,null,null,-3.392351738905696,null,0.5688515974677135
-14.741369805856444,-16.035755149174815,-17.738996846023902,-19.250280222796604,-20.56858607723995,-21.426478794560623,-20.77829625496307,-18.40389016526805,-12.288475566647271,null,null,null,null,null,-22.495571082497737,-16.71198350483786,-18.980557180014156,-21.248240561548357,-17.849961266968833,-18.67102874219125,-14.214482007476315,-16.548380803403408,-16.66039064758808,-17.426608089489815,-17.417113228852337,-16.15897236495675,-18.259545497704284,-15.525730983826234,-14.402997057372136,-14.315270222369175,-16.087984360156483,-17.574326858442724,-14.617698695064815,-13.369266771137617,-11.322108836143563,-9.299819037564017,-10.938343654116416,-8.83247607241102,-6.215711171707228,-7.061211865050397,-5.533612627955273,null,null,null,0.42340844757011487,3.260388296265769
-19.493827826491156,-17.06363849268849,-21.726206761010776,-17.789273708482007,-23.91056770126208,-22.473343656393975,-22.86329850548526,-18.71755802549623,-16.972250618284896,null,-11.321704323345891,null,null,-17.37591869588604,null,-20.760843479611772,null,-18.579348087520447,-20.12920693509394,-18.147528871580505,-19.508642751812587,-19.9480113377294,-10.712267063067943,null,null,null,null,-13.274905238292432,-14.13876287228092,null,-14.407736767629029,-14.939630802816705,-14.948798402087995,-9.417848917881502,-9.03800358354216,-7.327674057919806,-10.092263472890666,-4.495217441394975,-6.680413916867212,-6.719047573691742,-2.7908247471889247,-0.6674343623307905,null,null,3.4608446695525816,3.6455610046034166
null,-20.587880950756848,-15.808813378933293,-19.188302314242613,-17.83501027249649,-20.10573005986492,-22.62450549799145,-21.818295152614677,-20.64922269790015,-13.666649654920569,null,null,null,null,null,null,-15.854004729248725,null,-21.28784852293022,-19.38015381262994,-17.164632790280297,-19.32014704579445,-18.78863662193904,-15.900485342040438,null,-8.720309707901091,-14.515645525501775,-11.63513665107946,-10.540388948501924,-12.285809917859712,-15.506338602717895,-15.595533904572862,-11.521907562452233,-10.120375572061928,-10.735627970341463,-8.364133570836458,-7.445830504943844,-5.880946240302167,-5.210090163357085,-6.840665325262258,-4.601953518851917,-0.4826728860822893,-0.884105694441957,1.517924949769421,2.564356441774473,4.623045064695671
null,null,null,null,null,null,null,null,null,-14.180194949020532,null,null,null,null,null,null,-12.816623957946556,null,null,-22.02715358082736,-20.61608295190211,-18.86306571323638,-10.719709385337394,-13.212568411545817,-12.808223963813068,-10.335714250208182,-12.674534239379948,-12.655962696447194,-10.278253199339591,null,null,-12.66094842036129,-12.574210158715893,-12.160521381027669,-14.098446872300885,-11.905833612871412,-12.78909887676806,-8.461052483867826,-5.788157059180218,-1.231645026900534,-0.5770954076650175,-1.1749858155211015,-0.27389152400009187,0.675593279248264,0.6690333679195226,4.2505377576765575
