public/json/wind_2018-09-1602_950.json
{"header": { "discipline": 10, "disciplineName": "Oceanographic_products", "center": 0, "centerName": "Ocean Modeling and Observation Laboratory", "refTime": "2018-09-16T02:00:00.000Z", "significanceOfRT": 0, "significanceOfRTName": "Analysis", "parameterCategory": 0, "parameterCategoryName": "Currents", "parameterNumber": 3, "parameterNumberName": "V-component_of_wind", "parameterUnit": "m.s-1", "forecastTime": 0, "surface1Type": 160, "surface1TypeName": "Depth below sea level", "surface1Value": 15, "numberPoints": 4800, "shape": 0, "shapeName": "Earth spherical with radius = 6,367,470 m", "scanMode": 0, "nx": 80, "ny": 60, "lo1": 109.0, "la1": 20.0, "lo2": 116.89999999999955, "la2": 14.520000000000117, "dx": 0.09999999999999432, "dy": -0.10000000000000142 }, "data":
[rows 0 to 21 of 60, columns 0 to 48 of 80]
null,null,null,null,null,null,null,null,null,null,null,null,null,null,null,null,null,null,null,null,null,null,null,null,null,null,null,null,null,null,null,null,null,null,null,null,null,null,null,null,null,null,null,null,null,null,null,null,null
null,null,null,null,null,null,null,null,null,null,null,null,null,null,null,null,null,null,null,null,null,null,null,null,null,null,null,null,null,null,null,null,null,null,null,null,null,null,null,null,null,null,null,null,null,null,null,null,null
-15.479845294037087,-15.368610569871189,-15.001911289875187,-15.991409328533468,-16.797780102046005,-17.20996892036175,-17.358038971352705,-17.042170514106992,-14.705077158313838,-13.144757541296233,-13.520084602127906,-12.868689632133357,-14.30439525454341,-15.55835019638629,-15.226340606593642,-15.375180123504506,-16.35334853329585,-15.131955601354656,-14.004464357662426,-13.077859598896449,-11.968702003546957,-11.101176431283628,-11.292813182518875,-12.499240713703905,-13.702432670768443,-14.482172644943681,-14.168467788072437,-14.301725937711906,-14.77560789655758,-15.124551823865904,-15.87829897200212,-16.45868934127446,-15.305802433321952,-14.373738411340774,-14.050033556044362,-13.933785975457301,-13.869825245075042,-14.160930574120572,-15.158725649643037,-16.54329256606167,-17.339981554677674,-17.135883769202614,-16.523690709455487,-15.626437789968332,-14.648400068958143,-13.245251037193889,-11.624576536468668,-9.952418543719931,-7.743762385297898
-15.351264503503458,-15.575372057163746,-16.10826205489414,-17.193318090605867,-17.915101958268593,-18.19757246877996,-17.706405554949647,-17.36434131816248,-15.101506965533272,-12.887722087983565,-13.195278566767309,-14.186420229078811,-14.954448451273597,-15.027372196038817,-13.66189604150389,-13.670310074687738,-17.437201494622798,-14.705481996605867,-13.65707878818434,-13.991806691505994,-13.228507224720547,-11.581719290426966,-11.6612524523516,-13.297312912464827,-14.508125494076708,-14.169422787968251,-14.49312490327782,-16.173273400090526,-16.905758029164524,-18.79670235537349,-19.36622013315958,-17.207074387566884,-17.367909709624058,-16.365391068928183,-15.958540787285749,-15.603352323701483,-15.492645183748182,-16.090617538380926,-17.54711829290764,-18.743120850923226,-17.526194651842097,-18.01668676415254,-19.75736162632375,-16.87963662999797,-17.55208095693403,-16.725464971195468,-16.27132029158453,-15.766431784438907,-17.552953773030286
-15.508832600588454,-15.963313763537728,-16.910420750709477,-18.150213857099974,-18.803503237316583,-18.72014068261056,-18.04112066370536,-17.0751566914728,-13.926171986398007,-12.420890473638192,-12.781786917167135,-14.293861043860968,-13.370228851732875,-14.272532540705,-14.962648903967583,-15.228965754523209,-18.070975165011358,-16.4628036390675,-16.01112451765699,-14.911828077564493,-12.756722589662584,-12.963359573096636,-13.229937818016062,-14.022824207337825,-14.447906073234943,-15.28872187133228,-15.12145007671564,-15.671410108851612,-17.17483959656847,-18.164181824428056,-16.44549688481215,-16.566277895207627,-16.941884809901623,-17.377573293790608,-17.66582917934883,-16.750255370183673,-18.12467805296194,-18.814627775898863,-20.483225851804786,-19.791935730585614,-18.950821944928435,-20.40320539122146,-20.54302908756526,-19.503837474460582,-20.31781139042928,-18.799513382789662,-22.829112789033623,-21.844827287518452,-21.835500334191742
-15.97258165784996,-16.313013287394327,-17.594441431568434,-18.823071806332905,-19.40048018621991,-19.154886739989145,-18.421783013083747,-16.376263165468995,-13.33360813785253,-12.106343867625469,-12.152314873055373,-11.528404761173142,-11.270888237827776,-13.07032539403844,-14.725894605763974,-17.738829990173443,-17.887341461127047,-16.691400057818093,-17.62604466434167,-15.16140783968609,-13.53395733705255,-12.747546012419171,-15.601950592447368,-16.766280866417954,-17.06527086554855,-16.621394868825178,-17.28935828012208,-17.423492247427173,-17.506067756954902,-16.56500032707387,-16.412016585944343,-16.689355313596792,-17.35023108299943,-17.547834124113958,-18.543293893612905,-19.279801171694,-19.05091616710393,-21.44365950440197,-21.673591148406196,-20.673479914745403,-21.946983439753094,-21.92880308501985,-21.82545686315161,-23.39067897815681,-24.32583387835901,-23.5581178939535,-26.597188209695283,-26.060485820119695,-26.197081058787923
-15.90262794788486,-16.921398154714346,-18.077246988315288,-19.026843793631492,-19.316403483629003,-18.832145922208518,-18.09314945573142,-15.550568532771745,-13.25821112253756,-12.25661281160117,-12.7145392235754,-11.478942666920583,-11.478755665420477,-14.582684959880515,-14.706790736745596,-16.43861644205441,-17.032377091427744,-18.092143107546413,-17.187127942063107,-15.83280793876394,-13.901704179859077,-12.412598189469882,-16.819843412392878,-21.260821170945285,-21.02312531969646,-20.093962988123042,-18.719155696667265,-16.942194294658023,-15.729753301086983,-15.976664420986525,-17.08434581235209,-18.09209981029798,-18.366997445209854,-18.4651843313906,-19.518802621043015,-20.53654148638665,-23.210572134445762,-22.18965448760665,-22.58905195667364,-22.90587294685966,-23.70874826335486,-21.762078881961113,-25.916611411725416,-27.45070997639968,-27.138249493912653,-28.3234530344813,-26.960513446040014,-27.590868447084283,-28.512067129466686
-15.924902978643518,-17.07369237207,-18.582066157227278,-19.075759271773773,-19.4190289119226,-18.65021833392168,-18.348747980212792,-15.583031477355462,-13.494128247965836,-12.737904196707408,-12.923745712174778,-12.525505530922022,-12.686708891051595,-13.349576193693805,-15.050975658975304,-16.172558291047658,-17.197131685737062,-20.334615812299013,-18.830443527973156,-17.40523534512613,-15.218989244151764,-12.980787310946505,-17.065634096343658,-19.274092945431686,-21.095802640966188,-20.024604219789545,-17.76280970441091,-16.983236692301748,-16.659529204805505,-17.38416941161424,-17.68173611382995,-18.134710367192042,-19.432827774249553,-18.346743980939127,-20.561971613274352,-21.284407757440952,-22.17735785420501,-23.375903570306427,-23.66646344275429,-25.05769031741879,-25.453783217902068,-23.471405482094127,-25.09180469462554,-29.333005810553157,-30.45316643396039,-31.213715699708892,-29.08841378396925,-27.957438079007368,-26.652530896370244
-15.741213167038591,-16.975430040020285,-19.064194358391607,-19.108539662255357,-19.103672526730396,-18.266155696258245,-17.79688732863351,-15.046144313799914,-14.157845207879026,-13.808126067647752,-13.637555485187516,-13.335144307307004,-13.800640810460562,-14.702675366099744,-15.859126280527743,-16.325592760012004,-18.374111890232868,-19.075146890132135,-19.283268731458058,-18.637462496931285,-16.187674912827443,-14.276987495957563,-18.013099593470905,-18.207035863294216,-20.08466879372384,-19.648939310135706,-19.959564292229615,-19.48968104970941,-18.471359846020057,-18.70075740981174,-18.708875604744065,-19.008319216554792,-19.337504513414217,-19.69421980386091,-18.738715641742132,-22.367384062487716,-23.131409127511613,-24.325411719782753,-26.309434245016163,-24.267991752631215,-28.064147150056876,-24.074314987773413,-28.982453247911504,-30.408098009241037,-31.592963222293662,-31.66762067779652,-31.99029186670773,-30.17440569421276,-25.600668023618297
-15.9191680118808,-16.834648513335388,-19.271919372240323,-19.526787994369503,-18.337948002126716,-17.7969390970575,-17.80194879075189,-14.7963894117045,-15.580714387934918,-14.42751391040495,-14.580694690139065,-13.69999179053737,-13.636322052246433,-14.934621192683187,-14.924064529493714,-15.615705868214132,-17.878257791265867,-18.805784943010494,-18.7790995922117,-18.934285633729683,-17.338781932867505,-15.911580101670745,-16.175233967035528,-17.051056295627777,-18.60909535174795,-21.150787472195713,-21.59643801627235,-21.88773801775384,-21.349747819172226,-20.81241210269955,-21.208574827731873,-19.79487326737581,-19.8681450915161,-19.820004643400186,-20.88537330208332,-22.12598668795109,-24.59206148099507,-25.379872816649602,-27.472081176104474,-28.596009162545805,-29.068920793433033,-26.043758783309556,-30.21503620160939,-30.37499432728518,-31.393824104097853,-33.107744977938644,-32.107400514153866,-33.34235976029266,-38.326315086009046
-16.724612530317597,-18.06636763090745,-18.689067481290543,-19.30062419850295,-17.492091711142933,-18.075764106691548,-17.697823270224188,-14.640841885731405,-16.330191437614225,-15.377590081477337,-14.884412285370438,-13.906677486950612,-12.887379086965597,-14.908271292240528,-14.322918463130645,-16.5657679768351,-16.22683179929344,-17.80349237374334,-18.97997979289568,-18.580396737017725,-18.11917718619572,-18.036471320326648,-17.323408989944827,-16.533279693351616,-18.692798669206255,-20.905608563731505,-22.979239418604266,-23.468383015457288,-21.97442908217044,-21.420936064221063,-22.34321207653384,-20.792580905238296,-22.166270460693816,-22.932150512409237,-23.519961441982794,-24.122466555360376,-24.072618127325,-27.201276330025102,-28.60526338475,-29.30135733248219,-30.709026300175527,-29.949413156247722,-30.40934498897198,-31.127351948697164,-33.77570713570743,-34.5183332328282,-32.66414017894704,-39.61468942867422,-38.14803566866476
-17.707240129533872,-18.016989761238378,-17.995751027501314,-18.405815395309922,-16.605120730157772,-17.819288433010556,-17.393569196653193,-15.370731932690228,-16.995569144723987,-15.892341666453428,-16.85754244950617,-15.887808738365734,-14.934661805604657,-14.646637299376533,-14.313137175881055,-15.8818787753646,-15.622352794744849,-17.524401023955793,-18.72212115721678,-18.746102251142762,-18.230834774829667,-17.17623983238754,-16.9757325221655,-16.045582912822297,-18.082593294081462,-20.683867177884693,-23.022558189733473,-24.643179145459335,-24.396252739304682,-24.222979097002977,-23.384899324031746,-22.183654471868305,-24.56230877139584,-22.91926277573326,-22.731606613200285,-26.946555375559328,-25.65839724247486,-26.769593459986805,-29.532858744733502,-29.671468053576085,-30.61114783092289,-29.951602048230477,-33.042723551710054,-30.888901349440516,-33.76248900797805,-35.726722607242486,-38.75584985315484,-38.326042855529174,-44.089436181096616
-18.319080387723933,-17.73825761988747,-16.57477255758556,-17.164181684152837,-15.498179079635195,-17.347475105524236,-17.10911388951301,-17.21864372905861,-17.973758897033882,-18.57272736430716,-18.304701701851457,-16.72483829597608,-13.58031956355358,-13.883623845626026,-14.953065426319547,-15.318007452551829,-14.782099274070978,-15.951922320804707,-18.34736823713838,-18.966538036861206,-17.61209085678484,-19.251932900601847,-16.944192558329057,-17.261689483862767,-21.52192911363274,-20.82461978530791,-23.90295630181894,-23.97240196645776,-24.040957888494574,-26.8348806456413,-23.684432373018623,-25.005187323178752,-24.889946127044908,-22.967606327262857,-24.202035697588595,-25.511270407181815,-28.75732553876957,-27.3883798287182,-29.766677867736167,-30.535937114598116,-31.811305259236224,-31.279952042689544,-34.8481037363153,-35.498449535981166,-35.42971820289582,-36.199434466939074,-36.79587312540041,-42.60746688132864,-39.79226496610405
-17.91608698578797,-16.54075573163311,-15.891029880502824,-15.427283514513713,-14.605174820033843,-17.01590623009236,-17.19195552272404,-18.100209991047457,-19.436584820785505,-20.313394042478492,-19.242784204931446,-17.161989333310167,-14.864701300338098,-14.562073676113371,-15.592876459850732,-15.959081978244873,-14.603197103914852,-15.10767906300508,-18.36229786576972,-18.781214369699192,-17.47654952262795,-19.20403968055717,-17.527118384844094,-22.232119815733885,-21.694208898150265,-21.96337705720328,-23.602585889134048,-25.514527518338568,-27.505802283891285,-28.09781101862655,-26.31865426590658,-26.523519306708863,-24.671578992756526,-22.560928650720925,-24.305460204825778,-25.744468885858467,-27.037224850659687,-28.15618808771093,-28.80369314287149,-31.2813077513827,-31.876873275735964,-32.267818812653395,-33.62798104816571,-36.69622128590174,-35.73036118481163,-38.3943472260741,-42.01128329448934,-39.9227542946014,-39.850818767439335
-17.32727058474935,-15.256594826589607,-14.942216526958179,-14.974735395466121,-13.877353467061107,-15.822568850179664,-17.18043581721652,-17.742472882083135,-19.256674941196167,-18.963347019835908,-18.059705565640378,-14.348128647319804,-14.673438062121086,-15.687915033189585,-18.202095594171325,-15.337045928629257,-15.346902784943556,-15.535578049595204,-17.621073768870673,-18.409037269910545,-16.7098399569831,-17.4052891899346,-18.419184071174104,-20.99147869543396,-19.935746614084962,-20.261488454197565,-27.51571777385353,-28.588794785580376,-28.530651983639963,-28.25128008328664,-28.427679307627756,-27.31059640131391,-23.857653603665558,-22.154838958983852,-24.97635840047372,-27.484660182739617,-26.702215285131153,-29.06990618830276,-28.650814848245144,-30.358763084587675,-32.18712684924475,-33.13175087594631,-33.612687999434655,-36.5068720964735,-34.594134820991755,-34.691395643190454,-38.87126557035715,-39.375357458602956,-44.48941777544843
-16.324938325548175,-14.788947160051368,-14.628167094338355,-14.618755991621498,-13.638674311110048,-14.165783604893118,-15.52059843874439,-17.749487710472287,-18.282962751534875,-18.1250497470919,-16.290996356111627,-13.305723021645273,-16.108300490239277,-17.480681760580225,-18.260739826834428,-14.696946649595574,-16.745402716481827,-16.862693839169975,-16.843796957123946,-18.69263389243641,-17.987215817170792,-16.30314974594642,-14.78395331056431,-20.505613109760976,-21.316186411877485,-20.909356965694684,-25.866672022786524,-31.365953806053124,-28.546431496557915,-27.09832719164356,-27.807868260790556,-26.24405167156184,-23.91666146395265,-25.548194864010817,-27.40124779529354,-28.552481408977737,-28.938653423474392,-29.870545851604657,-30.035384392891206,-31.823747540343874,-30.190229631122335,-35.811635623981225,-35.152254062119205,-34.66514417288727,-33.4222324162326,-35.7371540391277,-41.632469064290504,-39.17790003509316,-43.106964615990854
-15.709612841044393,-14.87176684632428,-14.643929762859965,-14.047699461741345,-14.197121740740254,-14.896745574228031,-16.030013264703538,-16.653559019474674,-18.03976200443088,-15.421556147938377,-15.356189662145693,-12.989903865352108,-18.483799510416098,-18.317874097785293,-18.43379393755629,-15.750707730180261,-16.835967741838104,-17.255100194326463,-15.804529114861934,-17.654582456989726,-16.538393689241538,-18.21009196918644,-14.671705714989848,-18.0214705259659,-12.543979842061306,-27.807122265293398,-27.39530284093707,-24.096464606959692,-26.949459720929113,-25.87520787451072,-27.988361686167483,-26.34784678631472,-27.121713814821284,-27.16737037665197,-30.040723767838674,-28.533433542408098,-28.326638757884353,-30.096091201458997,-28.131556437415306,-32.20819838836917,-30.02114333072406,-36.43892559377882,-34.614618148726656,-32.48086350724791,-31.762149428828494,-36.52239181428121,-37.93303245733444,-42.118080557881825,-37.42038917088256
-15.658679530741006,-14.260892172198426,-14.37070787601217,-15.123053103637442,-13.95818397801014,-13.484094975316818,-15.978755107797186,-14.261844422642985,-15.60231081317982,-16.73333638452637,-16.109809830008533,-15.388755245950072,-17.561863614957762,-18.86492151361795,-19.6074803246317,-17.852198745563904,-15.3576368818424,-18.10437150846394,-16.1781318382473,-17.147906742487436,-16.92208310495094,null,-17.56936501624034,-18.70154354632577,null,-28.591892264615137,-28.21533017532963,-27.634077164872274,-25.054333837785776,-25.419112157017953,-25.98343892782433,-26.54406080390225,-26.84416301636025,-21.868732088313706,-28.27692953925186,-28.926032858892736,-28.899458361819143,-31.90898784433303,-31.700058213101535,-29.566074481114686,-32.21617229382474,-35.744730154234084,-32.3772528156296,-36.035288047663144,-30.08312441264873,-38.47788528103052,-41.82936805946897,-36.08938879526912,-35.528640501644965
-15.829096714152646,-13.9395163828153,-13.874327155533653,-15.415902765635735,-13.690662412780936,-14.03043030122679,-14.607671407485569,-15.264506295418064,-14.405604060448503,-15.650088295912946,-16.618756305348114,-16.320262150508196,-18.254788976766736,-19.156300750042362,-20.35710893683792,-17.950057825813683,-17.75004850289053,-18.19258224822846,-15.751685581431467,-16.590063707277974,-15.4762229370578,null,-20.22346760280158,-14.703103646051519,null,null,-25.702011008868897,-24.652693333637828,-27.2146166437292,-25.446542355944622,-24.954086433760505,-27.54447904618489,-28.80143212587946,-28.850651675623098,-28.558424310931517,-29.466044602614897,-27.703016611200322,-30.103703004449134,-33.265171394358575,-23.284019007998364,-30.897141484303468,-34.199346880494744,-33.740425792103984,-35.021995311871585,-34.30911427429489,-38.13587486362755,-41.15068103672341,-34.20677665886056,-41.460914704316885
-15.104464854259572,-14.393807192616487,-13.675178850859005,-15.943578158992281,-13.99373213531083,-14.67087918765288,-13.758740036681965,-12.027002195907468,-13.572817333300279,-13.969814719421713,-15.688981328724369,-14.964390526636366,-17.7946174272418,-18.474704991785426,-19.675053771813474,-18.66866267002006,-13.94388219600429,-17.27501803259362,-14.500010127171949,-17.386636564044068,-15.15900586616516,null,null,null,-12.769403184627295,-16.586532241547168,-19.287898335056262,-28.23396890625952,-27.64655304479081,-26.107478446251598,-17.671095522597266,-29.534777596740824,-28.309529485295684,-25.371217941561525,-29.849500464685793,-30.33904885929023,-27.79191700289071,-26.063991056091965,-30.55482050336897,-29.41295431248153,-26.792816575136683,-32.662508258536405,-32.338587512264795,-34.185386152758404,-35.87943337188771,-37.60908808434641,-41.335693895253236,-39.00382968276927,-41.73428624772759
-15.833224011736647,-15.290320329834193,-14.329128415822268,-17.302853336695136,-15.630600800892932,-13.70273073748255,-13.052231795205891,-9.461748685905286,-14.260127956361979,-16.567423843026905,-15.719845448560271,-16.11380110685022,-17.878744564600005,-16.144773175885902,-19.330963713617308,-20.38669559959182,-15.74475513909173,-16.279994276009692,-13.802212948432377,-17.265030434955857,-14.61595323270617,-12.305103093636411,-6.059759255231698,-3.074594525179744,-20.240285606174798,-23.039962628042304,-27.76669754104272,-26.996932487074787,-22.041628882546128,-25.47439263957896,-18.978105821056914,-27.295562018334582,-30.50851699412367,-26.329893591087835,-27.996685688102364,-24.84824412075205,-30.107322015639753,-30.22215967960133,-32.10731508611603,-23.491263257649734,-34.752239117515046,-31.60094785110978,-31.341460670390823,-33.41320843749258,-32.60441828544953,-34.844532250800285,-40.36172635614437,-39.42862272028775,-31.26990456770414
-16.176163990240315,-14.236012945844468,-14.370382907527304,-14.82852568600484,-13.197812053151932,-13.256198315929423,-14.804353481013006,null,-15.950230003663696,-16.600677556338788,-16.576619804379142,-16.133228095100442,-14.707621174037962,-16.604888762062938,-19.553372031778505,-18.077268675316628,-16.85280813430949,-17.104101836951518,-14.484203333604553,-16.163649524445436,-13.274805398709407,null,null,null,null,null,null,-26.547203253901106,-27.2140709840954,-22.29609859183362,-20.548084028838396,-22.425861855420557,null,-29.70823200469113,-28.15263553939561,-27.7655292768245,-29.05605883665651,-30.93114398424456,-34.77933336674539,-22.690157049050963,null,-33.58108817719374,-29.440206658257296,-29.61035068429988,-32.2165210472514,-32.43631740095245,-38.34065972153153,-39.31624200311163,-37.54809926294877
