public/json/wind_2018-09-1613_850.json
{"header": { "discipline": 10, "disciplineName": "Oceanographic_products", "center": 0, "centerName": "Ocean Modeling and Observation Laboratory", "refTime": "2018-09-16T13:00:00.000Z", "significanceOfRT": 0, "significanceOfRTName": "Analysis", "parameterCategory": 0, "parameterCategoryName": "Currents", "parameterNumber": 2, "parameterNumberName": "U-component_of_wind", "parameterUnit": "m.s-1", "forecastTime": 0, "surface1Type": 160, "surface1TypeName": "Depth below sea level", "surface1Value": 15, "numberPoints": 4800, "shape": 0, "shapeName": "Earth spherical with radius = 6,367,470 m", "scanMode": 0, "nx": 80, "ny": 60, "lo1": 109.0, "la1": 20.0, "lo2": 116.89999999999955, "la2": 14.520000000000117, "dx": 0.09999999999999432, "dy": -0.10000000000000142 }, "data":
[rows 38 to 56 of 60, columns 0 to 41 of 80]
-21.147326197045132,-23.18222534730337,-22.853877762995396,-22.70525621420637,-22.387883072333736,-23.228264119872108,-23.370770497758507,-21.478654789344166,-19.213588639326066,-20.192681622963672,-20.793142619226806,-25.00140609412799,-24.794765938376376,-29.02452001713176,-31.091656707214835,-31.440809677825268,-29.705296707764447,-33.56187278683855,-32.92437253375954,-36.10740822853991,-36.75584689694145,-34.43597502226016,-35.45024708365399,-37.459731738772795,-36.768237765936036,-37.73727951122156,-39.1063667833707,-40.286400382242505,-41.80130121021989,-40.19424027342386,-41.07487394030326,-40.754328912149845,-40.14813557605055,-39.73955487768946,-39.82532582279478,-38.1016916093794,-35.47656718105143,-31.90472521061466,-32.09186241001754,-31.580322709007554,-34.12493805361215,-30.81248806603503
-22.13648991219594,-22.61587120677924,-22.561636351755013,-22.853055715771326,-22.796092428331622,-23.794383228803138,-24.22348623621589,-24.57456331830641,-23.551100636885135,-18.880674590205317,-23.099689609386747,-24.108335764495024,-28.83031295593407,-30.1912285822104,-26.66053645220209,-30.565663071421323,-32.4189442182508,-32.60455531511808,-32.02469060323098,-34.95214711709397,-34.451725840796556,-36.364520438488725,-33.8979537486428,-36.640606613987146,-39.25612405116466,-38.5029879718935,-38.99241234334103,-41.33012525250737,-42.03610095149081,-40.879618195100505,-39.63180786217477,-38.37202768724214,-37.658784642946856,-36.07119411849624,-37.357950201586235,-34.11016965983767,-31.162400399529563,-29.188638172924954,-32.72295774316198,-34.313320338712565,-31.43883326403924,-29.54368697972545
-22.651581382242036,-22.46114668745677,-21.650067277798144,-22.27800693230194,-23.278113490036027,-23.48960314673735,-24.10802565602087,-25.21984441008844,-25.617672182398323,-25.891890523696794,-23.603034544535518,-24.394889750012172,-20.774993463749624,-23.045030835067283,-26.17054060592853,-28.23179545223817,-31.604827824516825,-32.71767433815208,-33.560411297292305,-31.946089040275517,-32.558449037078056,-34.73369973072886,-32.844172298942595,-34.41876579745777,-36.361661229512265,-37.490254145703794,-35.51030833839823,-38.30627063282661,-41.173934939604194,-40.24296988726942,-39.87526238776012,-39.05685372603822,-39.57717518533098,-38.14547500005758,-40.35545338886825,-38.055881730487314,-36.43765595986366,-35.53505635620086,-33.074048451405815,-35.01967480208557,-35.86544733755219,-35.281937784421665
-22.496416909714426,-22.439938972344653,-23.133609659447387,-23.05798175976373,-22.802651334240544,-23.634902419747217,-24.273958632733304,-25.044411883913092,-27.326964120782833,-28.60120713987606,-27.498950453886803,-21.084559221149803,-21.563354376442632,-21.737375860849774,-22.973794785045893,-31.584766195003716,-32.008032162217795,-30.22255356277094,-33.48616730520298,-32.54133248384052,-31.418509743183318,-30.793278444415872,-32.520423704462424,-31.256288403777976,-30.000080277485047,-31.896514385775596,-32.786534938972785,-37.750309087317646,-39.759549119510844,-37.01856601074161,-33.779098800449475,-38.00743795441079,-40.66219294641729,-39.02093496637755,-38.72530571346405,-36.98793871245958,-37.76854534212114,-37.44174149398246,-36.97484343373317,-36.52274649598139,-36.24538797700546,-34.66462904493759
-21.974420537413437,-22.27504912872142,-22.409686720871097,-22.829844097882102,-23.069774619379253,-24.292338610187073,-25.43027882107685,-25.81455396054358,-26.85746934015674,-27.940697023058284,-28.615731415189146,-28.495298479229795,-17.337620805916256,-19.692139715571233,-26.845634440878307,-30.05219079970376,-26.48026230561237,-29.659265218007018,-32.64455023359678,-31.15544722018076,-31.101726508730902,-31.66762046359902,-32.50022818825443,-32.94589879817249,-32.77255032251883,-30.97644159952617,-32.73566101218152,-36.895225163191675,-36.08561643492599,-27.640637556477394,-32.60834742893692,-34.9398473611604,-38.465991699651106,-33.737196989572936,-28.711424184031813,-34.19387162423025,-35.429731504716074,-37.67223479922809,-36.630216830847985,-34.02921710500748,-35.87554038652294,-35.22192509825373
-22.178108193574523,-22.130933727821045,-23.9313084214151,-24.369954884679885,-24.776411078116116,-25.279131265492346,-25.915527624297084,-26.433807272141266,-26.265562224930807,-27.238617604474236,-28.17619006524708,-30.7276479733197,-28.39693182989228,-26.92487911559965,-25.5178047506678,-24.96647192081072,-26.214009166417274,-30.291563150103705,-29.556182143640214,-29.12240732993545,-31.37278284937948,-31.815537055883052,-32.2986371659247,-31.672646672340576,-30.183086371744302,-34.221620933519354,-38.24666942577318,-38.34710458952845,-35.123881474410865,-33.56350863644573,-32.02796847419175,-34.46138555546176,-27.66800895892377,-28.43961000534597,-31.299232976073775,-34.71119156348653,-33.304840593952896,-34.35188868740742,-35.804761424877164,-35.186899377445414,-34.5376335408241,-34.79126276999082
-24.326188770577108,-24.6660416650573,-24.709988067803593,-25.08903747035911,-26.014504749282022,-25.9274857910461,-26.408311377599045,-26.428383467922853,-26.766332369929792,-27.854748722950013,-28.584781614199027,-31.107489744985223,-29.61330772590989,-29.180008932904634,-29.42468839038508,-29.140409045892916,-27.380863596708036,-29.202607089323656,-30.518714508452337,-32.80384432548388,-35.24696585539693,-33.75752236751714,-31.013881218097552,-29.1685657645451,-32.4095534875073,-37.43111264306489,-38.702361388361105,-34.08624773038822,-31.70297897031383,-35.07983220273078,-32.22150597297883,-38.11104670739659,-34.705547429199754,-35.3054172324134,-34.84415196388147,-36.7834972308585,-35.25068580812438,-34.81220039915508,-36.52769513186984,-35.579476685168565,-34.702418683467265,-33.1355936901991
-24.74282829954323,-24.369524367893952,-24.253976351621542,-25.447494900252263,-25.948679519599256,-26.84350034035053,-26.700138070652443,-26.531997976226883,-26.01494774973193,-27.01546245974626,-27.2448432579957,-27.652505625048875,-27.812352809890335,-29.20667643923271,-29.657682434587542,-29.820554361551327,-28.70778406113176,-29.397667676366986,-28.856523537738767,-34.49171235145934,-34.469500069490344,-33.24052711434386,-29.595427792359505,-29.999149633470847,-35.42881836595827,-37.41070311312561,-33.02891387258304,-30.71744677107073,-30.764251095405314,-35.99781089433625,-29.7314765187175,-32.25001277671909,-27.322338862804997,-31.943912944356256,-33.551857596927036,-33.13550241041504,-33.609877584526,-32.78603671121435,-33.50305535329531,-31.1547755145153,-30.871965462370028,-31.397934499679266
-22.35291891615576,-24.457424624826345,-25.173867424298958,-25.717913870664123,-26.150327647048947,-26.297291464054698,-26.934856450438346,-26.4793381320457,-27.102698944965468,-26.30810973337194,-26.418714094806536,-23.54136043595604,-24.679457307879662,-26.731580183506868,-27.273283287994566,-27.404693874441126,-28.556681192549117,-27.868517857314078,-29.80098637263435,-33.15118768015585,-32.544814558298754,-32.256055747425506,-29.567596008658334,-29.54674959359955,-30.33321872920959,-31.88255545877923,null,-28.70362608181172,-34.1593337007087,-35.04239903402233,-34.25736521682076,-33.389136079113634,-33.47185393840799,-31.629934071490993,-33.33078991002363,-32.44487503368622,-32.23333136787759,-34.13824572223854,-32.894542904257705,null,-26.037443474049216,-26.636557715503404
-20.096094878232392,-22.51811313185745,-26.07712703060636,-25.613969186883693,-25.748745548806202,-25.24289159460403,-25.37156208482984,-25.457430845986533,-26.891194133273977,-26.025160797557486,-25.66714485493914,-25.312939899580076,-22.970822240456336,-24.590312579208337,-27.565506337707102,-28.688797480232566,-30.60253695606834,-29.58607175690481,-27.351609946376037,-31.016307172450357,-30.196576986406566,-30.719781267005413,-28.59689993173199,-30.478435165267662,-31.524027024062995,-31.72973719015735,-28.62205186556273,-30.49866128774798,-31.00376317508279,-29.98633361737455,-26.7174434580607,-28.045297942786526,-21.676017099480845,-26.383504370768495,-31.39824474080215,-29.56764213934126,-30.01158783052428,-31.860243522660383,-30.977775571208344,-34.03842740637563,-29.272094527678444,-27.27709826740052
-22.734735515023885,-23.83936658602589,-24.464884844872714,-26.045249836625363,-26.551903382406078,-25.342344517495533,-24.18000431099022,-25.555035356678477,-26.673485076132913,-24.910129837973336,-25.019894465477794,-22.997738665858897,-21.5350415750555,-25.67597190861309,-26.413515170722295,-27.01548313096751,-32.17984651739985,-29.739237128455496,-26.689485859530425,-30.0270284021445,null,-21.19543338010736,-21.703683745503536,-29.44660950744137,-31.152218905467425,-31.610992100310803,-31.33183773212189,-32.75313329453721,-31.016894190937023,-30.391928317324314,-28.77476572464124,-28.88072713482033,-25.76037826304755,-28.724523380439145,-30.85176282029997,-27.307971961461977,-31.883847386707977,-28.35098732295975,-23.188036237486585,-28.336565816539103,null,-26.47269933789102
-23.13917937099215,-25.500161536396227,-24.767206040701794,-24.506499757651422,-23.21739249723612,-23.641619922894392,-24.022379028556898,-25.426946552267502,-25.633595586500945,-22.701840552519894,-24.032477880492046,-23.29052651049998,-23.51597154140541,-25.51214042257083,-25.714103628387228,-28.841920258324528,-28.915153885047154,-28.19056510533956,-25.51908466676147,-26.394447922686535,-24.707250344768166,-29.002955015058404,-31.72474504022262,-30.839668075144782,-30.671139557006093,-29.472603159910207,-31.740676942720448,-31.05640412342114,-32.08729982275327,-32.97130449789623,-31.0176987179315,-28.104292064520735,-27.64257224235557,-28.695169691183697,-28.67837863881647,-26.447380321833617,-28.125678107342765,-25.744668454881943,-24.09234263114178,-27.29116154421944,-27.23944811100037,-26.8156448883671
-23.967223835928188,-20.868102902173085,-24.988857825923155,-25.160204432438796,-22.21958500648991,-20.84046987928744,-25.33864123100785,-24.39635439094705,-24.52310015595295,-24.92327462261662,-23.435728197538133,-23.840799609630583,-25.735433493032993,-25.959516659931374,-24.856340076813815,-25.898562669823917,-26.912765027091886,-23.910361541200636,-25.106584538029253,-29.453257070011603,-28.90158934799502,-32.851230028424396,-31.108192190829897,-29.32502304161459,-28.98003706291052,-27.918695590896785,-28.27144217551403,-30.847563951526126,-31.50283451092649,-30.848420749283562,-25.138825620804674,-26.28143526679588,-28.225926208725493,-30.57047206774518,-31.72419958426356,-29.522187586703147,-30.7306740360694,-29.12735341810442,-27.451667399636133,-29.09834853459031,-30.85438179580153,-30.926804679208594
-18.26542243287084,-20.358570831038442,-23.919220566942244,-25.563636277863438,-24.530473577368177,-22.057975669367522,-20.080549212381868,-23.360059076106317,-26.896312073827694,-26.847409626340852,-24.372930053310256,-24.257293735872256,-24.985285461277893,-25.490717268090158,-26.33454620973721,-26.67391243883459,-27.71245918800833,-27.753312779117405,-25.886837378491084,-26.505239310978617,-30.672557661798276,-26.28017379622684,-24.012468146297927,-25.451516197439325,-27.574986734602234,-25.213118379315762,-27.41020718797063,-29.883772178510178,-27.540845149499347,-22.54721618160861,null,-22.244085433324685,-24.492663045780873,-27.164530149078168,-27.65136749483812,-27.407038375021262,-28.656002739996108,-30.288206748961205,-28.04345463665077,-29.092972930246148,-28.953229541744626,-30.043451536283875
-22.329026551403846,-21.619579809397457,-24.12186554195881,-20.079534087986193,-21.867527836718704,-23.605247171109824,-25.53107307297581,-24.344565964280847,-25.70254444032207,-26.565056687393565,-26.266892804484222,-24.688232058652467,-25.49945095652486,-24.115015995795936,-25.5392306190423,-27.82231757888314,-26.292345225869695,-24.295420008906753,-28.097322886257476,-26.698147309090338,-24.173200111953975,-22.90891645639604,-25.43495821391678,-24.827472336562483,-23.0049481809944,-26.09913801430008,-26.544238273858046,-25.290438470754232,-28.32368689722552,-23.73559607283424,-27.7677657681497,-27.82185771709399,-28.531410952873728,-29.687639937596916,-29.570992935442938,-28.619506746784506,-29.18443115375713,-30.196134086881408,-29.892810100784267,-29.63404908513319,-29.260436981880343,-29.779151345156254
-16.520775303225,-16.171429711101773,-12.33381092545345,-19.124524298825925,-20.50579013151953,-23.357566877931472,-21.746010573490874,-25.322398194483565,-26.98638560278286,-27.454136282914966,-26.009931873499443,-25.614435548335337,-25.794475812006283,-25.799347555008573,-25.399542950501623,-26.911664036830928,-24.776338699524395,-25.427504212401573,-26.159205801967907,-23.19854609840661,-23.81955331386264,-22.467209661281082,-22.915654344248253,-24.405680626723555,-25.727305391792196,-26.005788937747838,-26.86266280595352,-28.644967664075,-33.733480842655695,-29.612005559821377,-29.148849110759937,-26.763375496203246,-27.349021439003323,-29.107344082321916,-28.572842974381174,-31.03641758343054,-28.847768837895252,-28.32380435235841,-30.397912699918802,-27.865263164459154,-28.428746452282518,-28.329637440592798
-16.07681995110255,-15.28443313473902,-17.527490919057666,-16.546803113678582,-20.945643085288992,-20.384347782140438,-22.14380791538982,-24.65702207645376,-15.961075679330335,-21.816086084413875,-18.248951631512163,-25.810779825543918,-25.079001222914876,-28.41284957662451,-26.315774304725842,-22.394104254764102,-22.475539812716285,-24.417319609805006,-24.805171802350426,-21.169239868677025,-20.63822659538866,-23.603630846076353,-23.31719238837013,null,-20.85716191798841,-29.056358049370544,-25.979998034230753,-27.10104495767976,-28.160485357972185,-30.37214598586474,-29.398164999687317,-26.131592031597158,-24.80698602650159,-23.133164515044644,-24.151008722336087,-24.234047316630875,-26.24953610365076,-27.64750842039632,-27.298160604030286,-24.653233405400265,-25.830530251615585,-27.684357146180268
-17.675622132865417,-16.66243943454204,-22.01749655288166,-19.949938823574517,-13.524835681547625,-20.926157593331133,-20.139881570244427,-16.089262925131425,-17.825543906769514,-14.534244247002796,-18.28436270638508,-26.287971047702975,-25.579990972764534,-27.024322107241183,-25.5578846561516,-26.210293510142293,-26.255534415496662,-24.110138320998523,-23.086450505137762,-22.16532002472919,-19.762721796098297,-21.25677645715853,-24.136927833675923,-22.67931512667156,-23.29618638111399,-27.221755453171813,-28.827476134627318,-33.172444987697624,-26.56903912997889,-23.41471949604835,-22.44773956715836,-22.870144937965904,-19.176166456985037,-20.602676275675755,-23.90630963391108,-24.958741911426433,-24.574170752458883,-25.927042350635784,-26.01405108063092,-22.94298040682835,-25.56856359656592,-26.00537844687545
-18.56036725643941,-19.325993233667575,-21.569145656822954,-23.603987628494547,-23.48127057190556,-22.45237728710611,-21.19318578539898,-19.973918126033027,-18.48304910115568,-19.767123300337442,-14.363985234662572,-20.161234672574402,-21.794081302087488,-25.028515878980404,-27.182048688393394,-24.939589082220984,-27.31204790962009,-26.840828098150645,-26.43445382381432,-23.53804129721959,-22.386367701933285,-25.198541873262528,-25.778801007480144,-27.236883891017566,-26.111973924624802,-28.081720634784674,-29.03334980674922,-29.740159557646795,-27.929433779621025,-26.038318797161917,-27.317212047685928,-24.902428675556752,-22.266009735065378,-21.08879521697162,-21.731483082189996,-23.564110373674986,-21.071399392783242,-21.90932052977554,-21.472672560942794,-22.032427237033044,-22.957280495294945,-24.76742696377169
