public/json/wind_2018-09-1605_950.json
{"header": { "discipline": 10, "disciplineName": "Oceanographic_products", "center": 0, "centerName": "Ocean Modeling and Observation Laboratory", "refTime": "2018-09-16T05:00:00.000Z", "significanceOfRT": 0, "significanceOfRTName": "Analysis", "parameterCategory": 0, "parameterCategoryName": "Currents", "parameterNumber": 2, "parameterNumberName": "U-component_of_wind", "parameterUnit": "m.s-1", "forecastTime": 0, "surface1Type": 160, "surface1TypeName": "Depth below sea level", "surface1Value": 15, "numberPoints": 4800, "shape": 0, "shapeName": "Earth spherical with radius = 6,367,470 m", "scanMode": 0, "nx": 80, "ny": 60, "lo1": 109.0, "la1": 20.0, "lo2": 116.89999999999955, "la2": 14.520000000000117, "dx": 0.09999999999999432, "dy": -0.10000000000000142 }, "data":
[rows 22 to 43 of 60, columns 0 to 49 of 80]
-2.043100754996077,-2.435406450286531,-1.506352423467991,-0.3839937510041618,-0.874061589095477,-0.0847793002176907,-0.7811013806229468,null,2.7112069446394886,1.0979087827835765,1.6679987467038313,3.104915961064888,4.539428825051937,null,2.6096577881018654,1.8625482913292108,3.1689435211044135,1.2158216808389186,0.18293597184077398,-0.09887371816142357,-1.8909014561848327,null,null,null,null,null,null,6.467667140425949,5.193586442558958,1.987584834075461,null,null,2.8662482443624127,-1.135295690764455,-1.744758632777848,-2.432773876776287,-3.0945482277294847,-4.53489381683909,-6.425566606770699,null,-6.037998389888639,-9.536075010035479,-11.169617021255615,-16.57563317897833,-18.399762486207024,-30.93358116010512,-32.84648731823432,-39.65671316915163,-36.95256785342853,-37.514315527682285
-2.4360774160359395,-1.6567600813678987,-1.9212285199780896,-1.8382678126246188,-0.07090453953253398,-1.119881654983415,null,null,2.0162047614596705,1.5887580854110626,4.271947649949239,3.4325795664176697,4.111515273900202,2.1090779570142804,-0.8961115809773081,0.5466763224318494,2.1064261500316386,-1.3307947991173503,null,1.0960369363512976,-1.3803056312660364,null,null,null,null,null,null,7.369526989434439,4.600650953325083,3.3999908556012106,null,null,null,null,-0.884100229355529,-2.543886692967466,-5.173542397444717,-7.07614889317245,-10.224173551901071,-11.467075894936507,-9.389786178218904,-11.932151986264822,-11.534248073337045,-11.591883339316379,null,-21.760488242042644,-35.18549707808703,-37.63027064554525,-37.333553118737385,-38.41870132985946
-2.292717904275909,-2.13007115038224,-1.724530863749659,-1.7469004552021197,-1.3708725251083784,null,-1.3975797954813927,-0.614329940443167,-0.787275848144206,null,3.9583309718758426,3.6492713911076735,2.64537840389822,0.5590919998764453,-0.5362146337495457,-2.9823613754587197,null,null,2.3737908903447695,0.4229902482166332,0.5057717257365162,null,null,null,null,null,null,null,6.986129819947219,3.0027389621127667,-0.9987560850709377,null,null,null,0.8168710478893895,-2.4607003737526427,-7.149886927099652,-6.788100358049713,-11.134037170265747,-13.93734262946507,-13.532817759006107,-14.350005565755477,-14.284940976808208,-15.786770028445583,-18.546181492576398,-26.337557320178515,-29.401815692641847,-38.024333204202044,-41.51633615803185,-40.48044557686724
-2.211003324569599,-2.024383769727249,-2.456477927230612,-1.963495200467394,-0.8686513954534753,-0.9061625710952099,-0.5440838912942563,-0.8847581359153005,-1.554909357291399,2.9305702833735032,2.45430927759795,2.647583102395627,1.8097009071879588,-1.244506129195068,-2.294842423110646,-4.735114729773665,null,2.06601647046506,-0.8960266985573535,null,0.5981282938588215,null,null,null,5.457572144888791,4.828022029549584,2.9496357707224616,1.3281976637119475,2.9146594325579547,1.2359947590355196,-2.434650644769216,-1.6875678697574366,-1.3359073504099515,-0.007521389140818915,-2.9188686944542597,-6.232319014656181,-6.4842295766473494,null,-13.414089497239301,-13.065757840941924,-14.187078363014852,-15.175279822613575,-14.857540435508826,-19.811692839195537,-22.475163242196246,-23.315925947436654,-27.522887096588377,-33.45711544872362,-36.20361051748647,-37.65212500612975
-2.5276705032324944,-1.3453630907892171,-1.78348441593461,-1.6140003096700224,-1.2790717304840995,-1.9086868414356917,-1.8796509962022627,-0.33051571260528156,-2.4771103577527875,-0.2680358270541074,-0.135079155506506,3.091795221070595,-1.0041604189139834,-1.7827504931103746,-3.656645763616695,-5.073306935994028,-1.583354368657078,-1.0166625828546267,null,null,-0.625333008103107,null,null,2.146126912909764,2.415769935257302,1.354222474647104,1.7170706675361886,0.01928643875886723,0.7290084026282369,-0.06110126691345018,null,-1.264318045592759,-1.1772475161906357,-3.515028406676859,-5.25780228010988,-5.654865894630927,-5.696997975044786,-10.723183845100756,null,-14.056805216109082,-14.060794058664623,-15.755231161586728,-15.548566197095283,-17.355744425661115,-20.78634078991461,-24.663323822290312,-29.921327939313187,-29.46125081303198,-31.533887061323174,-33.90586216420948
-2.209279829425654,-1.5640503780012665,-1.1624536581998968,-1.1985154269508504,-1.83600333813919,-1.9280854883265985,-2.2233432239622086,-2.183948485490512,-5.88276692468521,-1.5487792409546317,-0.2804968423964632,-1.383058932417172,null,-0.5856314005057235,-1.7663096005865604,-3.5161729315226284,-2.3960949592149428,-0.602685186725139,-1.9961623429519602,-1.3400571038238684,null,2.094835694563037,null,null,-0.25232919548277366,0.37446463448759026,-0.5303673040929785,-1.8740103539639204,-0.48171055027293863,-2.152082383605358,null,-1.3612337770690703,-1.777953861012763,-2.838183528246373,-3.0067055982527435,-6.567415386151222,-8.028361378170533,-11.127086925949438,-8.3564428145951,-13.033332625719884,-14.641237373417596,-16.312203337193004,-16.73944207233675,-17.039701148200432,-21.219479498357927,-22.893034879296632,-25.033007018547174,-25.2301550819018,-26.636564609571302,-28.91118756390812
-2.1595985162916436,-1.12798260671837,-1.3477031038051055,-2.1935982979391166,-2.02265024611887,-1.2721170637410666,-3.0165907635903966,-2.1080429131098053,-4.475382631161078,-5.235703929608542,-0.987722195801932,-2.4130719377582905,null,null,null,2.3064066647045793,-2.7910392232219303,null,-1.4274796556735796,-1.4664008309667753,0.14095715351293442,0.15404831272199343,-2.3882487151055543,-1.5045117953148244,-0.46123429843250563,null,-0.250532069441481,-2.287190260004928,-0.797684004948631,-3.2317100258050706,-2.5552540241163744,null,-4.028470087766614,-4.981316838736275,-6.32390896817085,-6.327588161623995,-9.431581876246895,-10.834056571213885,-10.469813839090763,-11.979880556580355,-16.213374127741965,-17.638062061255795,-18.154779126241213,-17.831626441154043,-19.495693570453156,-23.26920707687259,-24.626939766134285,-22.831757560512326,-24.857179170033422,-30.095799091492776
-1.7491313474157846,-0.9933752803793477,-2.183143345263249,null,-0.2403809662206675,-0.908626463500994,-2.5210992736912363,-2.1481403177628917,-1.0731484088211136,-3.510887999477289,-4.410241028452978,-3.026887290126229,-2.163433222558072,null,-0.1515882036009431,0.9363326678826864,-2.1659844788356812,-3.535495848573424,-1.372514581505186,-0.4427039642746209,-2.002535561120109,null,null,-1.3168676033820697,null,-0.44743596276959724,null,0.5197396438827755,-0.3339968395449106,null,-2.2961634422824497,-2.5972455015354585,-3.9574177704167797,-6.343839741356102,-8.775585102001873,-9.905952094585187,-11.569210724797308,-10.839378064926215,-11.331971566198277,-12.170005380253475,-16.07305850571293,-18.0975744313334,-18.118987452402738,-20.540285899943232,-22.579940521065964,-22.838850417151583,-25.42293331823081,-26.721438075799686,-27.499302528133185,-28.51302547676321
-1.729014939584755,-1.955283632223137,null,null,0.4184786041196093,-2.697300761461929,-1.5863513522979045,-1.8144422963097124,0.36079704903108756,-0.6465072783130219,-4.472078602401432,-3.2997264012724266,-2.712105225589126,-1.6793618073928611,-1.6684017321876432,-1.289597202009069,-0.8799628574614046,-4.105022048548708,-2.2275330020242707,-2.0725899714033726,-2.763269273581981,-2.6357519395060454,null,-0.7443148904100059,-1.8283650876390598,0.3581098851346315,1.3392385518481564,null,-1.062689260630118,-1.6222453509752561,-7.768573158897873,-5.772205175517406,-7.014306122319203,-4.330000000243367,-7.482391706637524,-11.01729518298695,null,-8.18540794246984,-12.56367635670759,-13.375156804561831,-14.890732147691644,-18.340504623658774,-19.837087990480548,-23.930645633656372,-24.2487440826266,-22.863354478028143,-23.081465420954743,-27.910948774849146,-27.776429855720394,-27.967418012170718
-1.7792116690443167,-2.9389261148041617,-2.381925578762722,-1.517843551646249,-2.7116336064883666,null,-0.3482078096445269,-0.5640725285479684,-0.3222364927064922,1.0424063591737796,-3.3746222736124105,-4.799032469119786,-2.587387028785824,-2.6888727561445553,-3.1915504132294745,-1.454254945041094,-1.364083848448449,-2.588091939656937,-2.696681090400597,-2.0893485807103236,-2.0393675128131297,-1.3070841849626809,-1.171600170925018,-1.3965551256366098,null,-0.6920156418387582,-1.8615849480972657,-1.3342732202068444,-5.762008487889387,-7.808695155712354,null,-4.28982809669302,-7.7774896107639835,-8.967258860575583,-9.752166129373864,null,-12.487403170363937,-12.54065387944262,-14.234189541256214,-14.784234281281707,-17.07419404545807,-17.21240713400519,-20.023288021719935,-17.316627508029434,-22.661587523550207,-29.836047013164077,-26.937122152180912,-25.353465668984743,-26.963221740176998,-34.06977590639608
-2.496747964083012,-3.1887073654536224,-4.093651459791721,-2.0457294890733007,-3.1998944294601044,-2.963334803334084,-0.9537423401995367,-0.1584663358494182,0.3259304951996459,0.01456518656233187,-4.850921133530737,-4.461134641984229,-2.84006933851164,-3.164551904479529,-3.217799721939011,-3.814671506788724,-3.0299573724917637,-2.46093902991337,-1.3219065977431848,-2.832992192142492,-3.407447445563499,-2.820962655552445,-3.327774334983337,-3.2346424424226634,-4.426221939694315,-3.75542371217597,-5.728407573370836,-4.044672343227191,-5.840077797273133,-8.70036310167029,-7.759412131437621,-5.096456811076625,-9.005789489891333,-7.495584257274373,-6.924177547905479,null,null,-10.536151513886002,-14.909377622421768,-14.404517143137069,-14.999019749543773,-18.799131975866114,-17.771373777262923,-21.326098153223736,-21.433857257899604,-25.056038749475793,-26.081284751175737,-29.360079468768788,-27.928078154275674,-28.82695323010453
-2.8368058680554538,-4.665434779778392,-4.59228682189495,-3.588017550322693,-3.2882514704533614,-2.4461173369006746,-2.3231936888166453,-0.650143743093249,1.6303044831346392,null,null,-1.767872225176294,-3.46774010063569,-3.8465404693112273,-3.958187778541244,-4.765780772396498,-4.400212827651866,-4.15723943011575,-2.557578370908684,-4.443418969811325,-5.074461164063895,-4.430012472111144,-4.53754230336958,-5.395052456410902,-3.5218554253834276,-5.3874479258009575,-5.846423791075708,-7.350346275558794,null,null,null,-5.541259193338565,null,-7.076985387792929,-4.902778495934489,-10.353340203794232,-12.874249784372731,-12.918163720946868,-10.71151341814928,-13.953822615213923,-15.84853664812488,-15.367528196099663,-16.5625217537652,-16.48821832822619,-20.672768777372106,-20.64467270259011,-25.766679948285784,-25.713428210834806,-25.489667910231315,-25.992366471484463
-2.9951641449995776,-5.9276144834267885,-4.748971352881376,-5.010586250044716,-2.4899433547495677,-3.384974835518305,-1.3602548074500795,-1.5686602857513965,-0.2815716517192448,null,null,-0.15589693349982714,-4.440840094165684,-4.578095693544,-4.649503664295358,-5.47849373731543,-4.863618104734881,-5.21950474709382,-5.590098176794377,-5.715502477602105,-4.342075889398555,-3.079216360476579,-3.8008288453997214,-6.834376812155346,-6.7529872258573915,-6.890696697980541,-5.304955038587217,null,-5.819508853255809,null,null,-0.7518020250543188,null,null,-3.158093637331078,-11.707100794341818,-10.422503316153982,-11.99851898855286,-14.117291144738529,-13.390507013913577,-14.426906138584444,-15.27779756587464,-18.686524458530318,-16.27407437941451,-14.521271843262191,-21.868985630465765,-18.58472047530571,-22.654826214129162,-25.541863035179066,-21.97982518990335
-3.6781937037693178,-3.6454162738738995,-5.38804525322192,-5.477911433982583,-4.6694797072011776,-2.800587012736162,-3.413557240146771,-1.0522526124260716,-1.5846878403057878,null,1.0740999216953855,-0.23094744724813981,-6.105495754514802,-6.646654127163866,-6.875850801683777,-4.664563932596174,-4.1401715190803845,-4.514181569162857,-6.757108205324447,null,-4.002574336748938,-2.5986073140728747,-6.430587073663155,-8.71614585828166,-7.8814207077999,-3.533060237816595,-4.490777473230297,-4.774850252960899,-5.879341001378534,null,-3.605503674347575,-3.9830052279826775,-2.3964339198461446,-3.033297988772935,-7.871543839419066,-8.721511441151872,-10.556960400290505,-10.579735520962686,-14.146685840984285,-13.022384762429873,-13.607963849682186,-14.112016363413801,-15.66826574923841,-15.974559143347012,-15.802184315140845,-23.9173625556913,-20.334799467051692,-19.376674601092066,null,null
-3.782421604120488,-4.604253108484633,-6.432239124857739,-6.341497967832359,-5.326667574224118,-4.592488042711428,-2.17528843222797,-4.646684874072865,-6.3287573907295265,null,1.2336580707915428,2.0383902859180525,null,-6.869379715608752,null,-4.195062425188812,-3.714891622089998,-4.768195319311641,-5.997277615408985,null,-1.9670776359139572,-4.2602819122334905,null,null,-4.4748695274960495,-4.577484791699616,-5.869912041638596,-5.1465191579472656,-5.273575976539797,-6.413108371884888,-6.252046616822228,-4.703664579471944,-4.844327608435265,-6.260859455491033,-4.660336653073608,-12.154647293248443,-10.196456756560092,null,null,-9.744045058276921,-11.823380466049846,-14.47473055296973,-14.825636537235495,-15.775200350449786,-17.59867456924018,-16.701274212434775,-15.840764787119598,-17.619795987937252,null,null
-5.302868489064009,-2.1340638555616938,-7.552629482761205,-6.726808311527272,-6.071191073241911,-5.169094066707734,-4.6604725169548065,-5.574134226885189,null,null,null,null,-6.332747415447487,null,-3.376912432047154,-5.340453429518174,-3.7717138449326155,-3.252141218699026,-5.996498877642409,null,-4.505831614690681,-5.13657501728872,null,null,-4.410057929588467,-5.798245633996157,-8.167293213787827,-4.248535468749019,-5.93656609661414,-9.091722174183893,null,-3.731071299123288,-3.936327105543383,-7.899471874123279,-10.574105129589464,-11.124489385846681,null,-10.765762744001496,-9.40636198931289,-9.584032193736837,null,-9.779812434460105,-10.956984672666842,-16.05865232607644,-15.684803740384549,-17.31122528772321,null,null,-15.043030822635199,-16.172897517699138
-4.705146842081867,-2.7526265839311423,-7.636937387107994,-7.290801194665727,-6.030736910940587,-5.580937398300853,-5.374586107367714,-4.995603551309415,-5.278572481161756,-3.0074797698328926,null,null,null,-2.525706579364713,-6.816926556925447,null,-2.095513825559477,-3.284224527924774,null,-4.488544789947899,-5.989998210726911,-7.4147018711492825,null,-1.3655690429106884,-1.5701913855030307,-5.247698721021695,-6.287229113982122,-2.9677322267649777,-5.723241974972372,-8.752931471587328,-5.065792340952748,-7.921783540655381,-9.009378420396823,-11.147869214063673,-8.526865590883304,null,-8.429475000377908,null,-9.94962331601199,-11.418901896903941,-12.079395560931928,-13.970210247151162,-9.403630585163116,-8.07448522096567,-11.517785458425115,-18.868233877039913,-15.76923963907584,-12.762474601324872,null,null
-4.011865196014218,-5.119391658874196,-5.9653273063113765,-6.551220068392309,-6.201732649025656,-6.053911198448923,-5.089244504375734,-5.046370286970714,-5.0635801773086335,-4.8311041349173,-1.910418548532653,null,null,-5.195894982528032,null,null,0.05133301579752505,-2.377749535909597,null,-6.508490350598116,-5.316920272174046,-7.420675566967047,null,null,-2.74900505812255,-7.686281548536968,-9.391936939323012,-5.785963022057265,-4.064212229675332,-10.140058234523657,-10.563237231666044,-9.308717493925228,-10.717853003935092,-12.421002964399342,-11.704748009906378,null,null,null,-5.492472024281883,-12.419803814488585,-10.90416602857808,-9.747985414630586,-7.250033578536687,-11.78896293270603,-17.612978888074416,null,-14.07260650693306,-14.663104766015124,-13.568998745924826,-15.94943651426433
-4.298415902911272,-5.957181515820222,-4.503888117972126,-6.562149028308353,-6.551161280055897,-6.915732155766495,-4.364344378019458,-5.2206995391321085,-4.574637984830423,-5.306478505085482,-4.3335437910702765,null,null,null,null,0.6537817847553982,0.5545460732590421,-3.477118908406954,-2.490309788871552,null,-4.312756871041647,-7.9177951554832955,-4.720078171326209,null,null,null,null,-2.0103635659516894,-5.220675679906491,null,-9.498729660505695,-8.824423684525886,-8.890792443661805,-8.16382514552018,null,null,null,-4.763636837931611,-11.28840130837917,-11.313245603204754,-12.096272529995861,-11.787527759573834,-14.945129847765296,-16.50182979203553,-13.555151087401168,-13.567090694438429,null,-14.397443950495683,-17.85061353085271,null
-5.182577507217326,-3.9403183029108515,-4.627524064746497,-7.072326879411177,-7.098912197493686,-6.863853672810383,-5.55818973949821,-4.470179619433869,-5.4658135524733,-4.5013913383712465,-7.6572716614250504,null,null,null,null,1.2742620987039412,null,-2.8065399091590812,2.4684118214827504,-6.484825869623808,null,null,-3.9307072595551826,-5.972281612781873,null,null,null,-5.640070129896386,null,null,null,null,-7.160430740284017,null,null,null,null,null,-10.136097381415516,-10.060564107266975,null,-13.157681163132585,-15.076665911480694,null,-14.927209222837128,null,null,-15.411628641775946,-16.697742230711146,-15.97261498621743
-4.8390595412407915,null,-3.0170343904991013,-4.9446010429948615,-6.055754299878071,-7.541107984729674,-7.25748213974751,-5.440595226890472,-5.695213001594797,-5.864946888012048,-6.932744923229259,-8.720155128240641,null,null,-3.7933887964364352,null,null,null,null,null,null,null,-4.319636185920065,-4.027702639525412,-2.9586965045153786,-4.859492607328714,null,-9.186507564001356,null,null,null,null,null,null,null,null,-3.4844397638779814,null,null,null,-11.459877623324184,-15.157383639024399,-12.604698631209114,-14.192820428072164,-14.900864817923047,-12.208349446552027,null,-13.888691541078702,-12.131016585322783,null
-5.798123187953324,-4.4488635566208385,-3.2128639811155253,-2.605835068287906,-6.736861004462586,-6.498335987917067,-7.1413898321329725,-6.578813830474258,-6.241247223856368,-5.728000382986272,-5.497372968757118,-9.354598291833423,null,-5.27154015976744,-7.743705999979753,null,null,-0.30419597064441734,null,null,0.6193330929386561,-6.4552223883992665,-7.044634079736104,-7.256637896850849,-3.653912651759108,-4.831130363471092,-1.4478183801682039,-10.11847402382229,null,null,null,-1.6482199221674982,null,null,null,null,null,-3.144861747062446,null,-10.195901346491091,-12.803046970450495,-12.63423217853319,null,null,-12.386709143386629,-10.531728244827882,null,null,-9.980317776388404,null
