public/json/wind_2018-09-1608_850.json
{"header": { "discipline": 10, "disciplineName": "Oceanographic_products", "center": 0, "centerName": "Ocean Modeling and Observation Laboratory", "refTime": "2018-09-16T08:00:00.000Z", "significanceOfRT": 0, "significanceOfRTName": "Analysis", "parameterCategory": 0, "parameterCategoryName": "Currents", "parameterNumber": 3, "parameterNumberName": "V-component_of_wind", "parameterUnit": "m.s-1", "forecastTime": 0, "surface1Type": 160, "surface1TypeName": "Depth below sea level", "surface1Value": 15, "numberPoints": 4800, "shape": 0, "shapeName": "Earth spherical with radius = 6,367,470 m", "scanMode": 0, "nx": 80, "ny": 60, "lo1": 109.0, "la1": 20.0, "lo2": 116.89999999999955, "la2": 14.520000000000117, "dx": 0.09999999999999432, "dy": -0.10000000000000142 }, "data":
[rows 19 to 37 of 60, columns 0 to 42 of 80]
-26.643563853583366,-26.98961482504764,-26.85905222429855,-27.09058555325579,-27.421752017924312,-28.0012210819286,-28.684953360257612,-28.6938197326297,-30.73155469289478,-32.29990736708426,-32.50259644198571,-32.49424408331255,-33.57371800262065,-34.61901363405776,-35.19567478604287,-34.94107098015871,-36.10403486035411,-37.104994469570386,-38.27460148929131,-40.38762481371712,-40.35322075018341,-36.130039134941384,-38.92310707232565,-44.15010594238556,-45.55346384523568,-43.21241706877442,-47.068658001421966,-49.19959228496783,-48.06347453219495,-45.98276221715559,-42.727226617592976,-42.921012199655706,-41.077865810404326,-26.97741031564961,-9.800911933808523,-4.167544357509054,-1.9666147594107337,-1.2633922180878874,0.8565448877962962,4.884778230872635,8.298415711276318,15.336455960935337,21.024771117185427
-26.50919971857127,-26.248056822382935,-26.420626043317895,-27.041398530036776,-27.870813481922994,-28.432909879309598,-29.64649863159673,-28.962206703588357,-30.498037644795556,-31.941285548126377,-32.87107753860842,-33.22202304737349,-34.028861855553146,-35.46157628611731,-35.299257566661,-36.46523838399203,-36.471772064682284,-37.432852636433886,-39.30260350558727,-40.97881659819519,-41.91222493075858,-40.7924411727159,-41.19851951962048,-46.93163472908626,-48.487712459446904,-46.206338006563804,-48.36372311250973,-48.0809830047431,-48.426602062586596,-44.58684361406155,-38.97608807834306,-42.712056544647346,-41.88289345499061,-30.745482671130627,-8.984253898471916,-5.980547603176426,-5.270206319532224,-2.4754392182038245,2.9410940513820276,4.422577015927844,9.428675759728998,16.07521084064292,20.144655606999223
-26.774361441696108,-25.430611218517072,-25.671620398490617,-25.832188522691688,-27.96864017227101,-28.468923845736505,-30.1912938133524,-30.437267279077904,-31.619498564044765,-31.208200137624893,-31.28027882295814,-33.778441743788235,-33.75774678628771,-34.83084221071546,-35.7380955457157,-35.551461156872854,-36.81657456653735,-38.16432730684398,-40.552088530552446,-42.87572577194743,-46.371219761906005,-47.16661661397497,-45.93231638067368,-49.44253490536872,-49.64790897451999,-44.677721288687195,-45.84629166756848,-46.83993207278037,-45.47554887051647,-41.411454077846656,-40.59714958694964,-39.23578836038986,-41.988337496871786,-34.63760177208994,-16.75358020504349,-9.589825565057813,-7.920784951724111,-1.6203578354542914,2.672214480374352,5.900912384463638,9.964170892832751,17.488698138470653,23.06137072586972
-24.300490377499454,-24.19979267980063,-25.172773161146605,-26.518290695314498,-27.13634505131988,-28.15624008139344,-29.27370809077646,-31.78577659555176,-30.80779651085942,-30.41629282863123,-31.24743298973225,-31.91627625070814,-33.35378783830951,-33.225406577048304,-35.04354257073216,-36.410115275048035,-37.08497560938291,-37.92951505562918,-41.7586883927669,-43.61892562027805,-42.62204302395681,-41.3504861565582,-29.0051744309976,-41.137475649723314,-41.6815194632709,-41.85247257607593,-42.87838393349409,-43.32130684066563,-44.437916991868576,-44.85523194499002,-40.46342582937048,-41.15015380103858,-42.74819390601805,-43.40806269881974,-26.37482874263185,-17.033014403115992,-9.70396505811553,-0.700656260922385,-1.1591724689620353,5.632039388571,12.534644564496894,19.219940655746736,23.097385166055105
-25.58449212234664,-23.84346855209453,-24.942049287134243,-25.72719338263142,-27.826073218616138,-27.598256273933448,-27.661405157921877,-26.952869858235612,-31.730346267175157,-30.890747181284,-31.72187230952813,-31.597687784338575,-31.304500247993936,-31.50164972763677,-32.608987908058765,-34.457712416990525,-36.46651202179549,-38.80274778801033,-41.07616907752443,-42.78465957373945,-42.07930057946337,-40.062348722034045,-38.09083486077608,-41.57584445372609,-38.81798260788332,-43.55306806441862,-34.62370654647984,-40.94305789492942,-43.352147209597554,-42.25917782343613,-43.485955205849386,-40.70824787827398,-39.99993007931493,-39.98860810973754,-29.78074790628575,-25.69672879245451,-7.54036240887862,-6.354420177677202,-0.1345256933873637,5.959503017416329,12.584799823326648,17.361137879636704,22.95891579938792
-21.581627434813374,-23.33679802443254,-24.880905650650785,-26.3478394578457,-26.715209697547806,-27.871523163380985,-26.710545852854413,-26.396833776532368,-27.82517135501839,-31.831489665649272,-31.99757932825407,-29.69134801023119,-29.716020685325766,-29.989081085918183,-31.970017685898384,-34.199406193019335,-36.70068496013573,-38.385588136434706,-38.75476058319323,-41.51665663916735,-41.68836705060198,-38.57699289678433,-41.69532318845326,-42.93416282749234,-40.91008987287965,-42.9146296857278,-42.947633297851624,-38.53664853854902,-42.47569886275854,-40.5972148109991,-45.19760459756751,-40.71744205869824,-39.248951661537966,-39.62456275376127,-30.12986969918854,-28.101800511139068,-19.462040089320226,-11.582808605412458,0.10419026301382751,6.990901620450403,11.174441572779033,15.823139253195327,19.615779699682882
-21.19126056382293,-23.4280449400182,-24.790946261830136,-25.524223869339174,-26.43927411852426,-26.662030265911188,-27.897055714251785,-28.362027208488627,-25.364614548476162,-28.218790908637246,-30.34758474149376,-28.849632545290156,-28.080351051492684,-28.829749375019283,-31.67989155985376,-33.740217676543864,-33.11684549108484,-36.13088246878918,-38.28465190685301,-40.7934228449309,-40.226730067812824,-40.47171863583767,-40.30579052223038,-37.23736074919042,-40.70719014287288,-40.1255155965057,-40.98154746463865,-38.57368145776054,-37.59536058124853,-41.16607821977542,-36.97291642097804,-40.31307961444333,-39.008777950632194,-35.86690877769405,-33.3954883640638,-30.29122418942572,-23.55471178745945,-17.40758573478887,-6.447745394966276,0.8135758312882968,6.639070037555243,13.837555530934416,17.384603324449838
-24.179909788808956,-25.457395072750337,-24.62574428102977,-25.021323987456235,-25.860579358378498,-26.739380392728513,-26.249897308769334,-26.837526611705115,-29.144665683252413,-30.035321390023405,-30.995647917253173,-29.580160330854373,-27.275812321343984,-29.344840676385825,-31.70064667867982,-32.42458959900067,-33.27805809919172,-35.621774315972175,-37.322929169886095,-38.409827319304306,-39.18075424877441,-40.802373877813565,-39.01058001908971,-38.45385215015156,-36.13504520878356,-36.38401799118826,-40.44372174406312,-38.32114192761391,-38.07909439051178,-40.62000662966892,-39.77701727095002,-35.278631228130095,-37.41290137443784,-32.13789212290657,-33.96132606487072,-28.302959127150007,-24.382903292970475,-22.5660987487287,-14.29637111498755,-2.0458992325702807,1.2673916084027008,9.664041358253149,9.938602802539432
-23.85118894120401,-26.762198304787987,-25.524390808618918,-25.087096880037215,-26.04867086038082,-26.28222514581596,-25.787176250730955,-25.327337420800056,-25.442424598487843,-28.523400783231015,-30.247651605648713,-31.341005832951986,-32.178017340644956,-32.132320293379024,-30.23808705474023,-30.09294617414949,-33.496445098772355,-36.40120655294265,-35.404683524149036,-36.44602487827093,-37.42687152919774,-38.42695950122171,-39.39142283105936,-38.32035385143388,-35.77298398919718,-36.958326139615664,-38.20863575563975,-37.69045508154958,-37.04005433412421,-38.575692811843986,-36.22293103800723,-37.26784257588884,-31.321758335391326,-34.19491157376929,-33.364339857782404,-24.739588647707034,-19.303095204813186,-17.95210060334967,-12.337353108775336,-6.0599802669383696,-0.5625932293111333,4.4123518038831335,11.229995809098412
-23.115973961132617,-27.256327369781552,-25.918350492778863,-24.834967087562646,-25.898079277172165,-25.558994952357104,-24.664513431457916,-24.053545180120864,-24.82419846733992,-26.8248725482271,-28.391131317991434,-28.681197299003852,-28.741550990905555,-30.34366818010072,-32.046004428826066,-31.24998177375693,-33.77497741603581,-35.187836116382734,-35.45773585343897,-36.83336485192605,-35.87478246458182,-35.47502844603467,-35.45736651867962,-34.84749463153249,-36.74361017342362,-37.91117952594738,-37.633701724488226,-37.81688641431808,-38.410898182639514,-35.18086925012055,-36.097196055554946,-35.375320770588694,-32.12940306628359,-32.25860315278518,-27.99114134140381,-22.791756464101006,-18.628188766904742,-13.811642879117532,-8.799161045565368,-4.27760203607046,-0.9554979639035535,0.978913165576314,5.024581238530207
-20.635621573287214,-27.700505615103044,-26.706708070380948,-28.246574818319544,-26.244284071552144,-24.521426912005943,-23.21378454283244,-23.471942083147162,-24.383378936246,-25.292176377822276,-26.23251334094079,-26.89024382454781,-27.911748117291765,-28.466045717544,-28.117175419865085,-31.696171248065635,-32.12694004492985,-33.40618484636667,-33.87160627489566,-34.58696898926737,-34.75944395214731,-35.74579141842941,-36.601773447542115,-36.70586437746955,-36.070299937913234,-35.13737325694835,-35.61659508465036,-37.0896712537172,-37.326183950866486,-36.906918178415786,-34.4876928698659,-32.99474584460093,-33.9202387176689,-33.86857386464594,-24.747972536065088,-19.430105818360627,-20.810376554936454,-14.95005740206211,-4.99198772725868,-2.9814002872502714,0.9465828429290293,4.948093533171679,11.93548861094068
-18.293602699837635,-24.249191101584234,-26.676783420390684,-27.58678066000183,-26.255259103531984,-22.349774579354925,-22.53736395147659,-22.75873933223481,-23.603892234975504,-24.13490140603254,-24.905041128573973,-26.581998859056903,-26.64870055359274,-27.675817200996775,-27.913950372250508,-30.137500492812535,-30.166964475782567,-30.50079245337102,-32.76003511228032,-32.60591280890357,-33.03293414662746,-34.777005311335294,-34.44823017723815,-34.277103110013655,-34.164327577354925,-34.22638245195349,-34.754924492103484,-35.41231826918872,-35.84989122809825,-30.02819046198438,-28.276905825770363,-34.81187504273214,-34.530641989722504,-31.87351316950978,-21.30443222129626,-23.42104185895446,-23.192729308672547,-12.86948227753346,-5.494543339056513,-0.6087808932631515,2.6343087421882116,5.40855951525505,7.608068774552963
-19.328748426869335,-22.29640664769488,-24.63434992699088,-25.594580352341616,-25.872561298569146,-26.120628092191673,-24.77640955082294,-22.334789337958018,-22.877972849788847,-22.491484394604562,-24.622861235738497,-24.70337439374637,-27.225733747721833,-27.61877273773511,-29.00408227153603,-28.871267279220774,-28.916508707348086,-29.577088156979073,-29.719261367444325,-30.80412650111417,-31.69341372944656,-32.43004192941905,-32.70147706316594,-32.36907047160812,-32.21126627835133,-32.45254832972867,-32.25857665659365,-31.062360842784933,-31.17871994568104,-30.875061935554903,-26.936426172068998,-31.779280924602887,-30.27449852561003,-29.879359937794142,-16.161198479600426,-24.434492178054928,-15.139267452307815,-10.937891901405958,-5.168127218269381,-1.5443933665091192,2.748414520952507,2.761258848221859,3.585439299184819
-21.0245618668867,-22.247435718822867,-25.52088470943346,-25.338831324321063,-25.280853744950594,-24.84811385734236,-22.371836607024846,-23.385733499614325,-21.716759737588735,-22.810293929770108,-20.21804134690746,-25.1117695772636,-26.924319668548495,-26.930163078434376,-27.591097381973753,-27.655042378436708,-27.94987178292388,-28.607560119635362,-29.253275783296697,-27.316602612332403,-30.011029001666127,-31.025083604217166,-30.723142484265857,-30.309071835147037,-30.5270534452026,-31.254673458783365,-31.707149751531862,-32.0464818577038,-30.148219331997062,-26.632190865995234,-31.171193185979458,-29.231339148816815,-29.337725999062158,-27.460721349824286,-24.107250806416552,-24.22823397566143,-15.103452859340106,-12.835048415669013,-7.222423913021114,-2.008534942226135,-4.965079115969757,-9.128744281368467,-0.6280441264512001
-20.71823634862497,-21.852790451919272,-25.564140028519564,-24.65235087855693,-25.031041576563137,-24.857858736952483,-23.735969166181437,-21.7460071569369,-22.83965367913398,-24.003280800127186,-26.253479651410863,-25.692231793475084,-26.803479664478665,-26.903822452660325,-25.35027532839377,-25.058439876135317,-26.77348800736823,-28.9884318188479,-26.56598310189424,-26.557109968627415,-28.99839665262702,-27.654733134197357,-27.79002790226023,-28.856432324022897,-29.357880774914328,-29.711964381606332,-30.13540783208963,-30.709943638855542,-31.638657707360327,-30.00151043052187,-31.116529682747572,-29.282365994015993,-27.752282203232973,-23.9142297418119,-19.313661674400688,-9.000042828265778,-19.22519298846032,-17.044527592682698,-4.091555412048329,-9.158122222244131,-11.921630723527498,-10.83360316421774,-6.873713393025757
-20.67998637421462,-21.69734024431918,-24.072611160696372,-24.50308255857779,-23.9680880743771,-24.37735347517397,-23.676600926628765,-21.580648003212207,-21.168743573779697,-23.167129073957476,-23.187670636762686,-24.843322130945985,-25.421515010696567,-25.308602747665645,-23.734744278174986,-25.483187941578763,-27.583530298123836,-26.86124960916139,-25.676922429142515,-27.295747288587798,-26.864743838188517,-27.21081294359914,-26.308207360756292,-26.766040441268284,-26.98158300475336,-28.156356798072153,-28.095971618222684,-28.626651081082002,-27.252517733840957,-26.319031510231568,-28.324409231559294,-27.736557394083867,-28.53523615087064,-23.294519214749283,-18.187418904590093,-11.251825134515524,-17.840624789079094,-13.107476245138661,-12.702898877002593,-12.288387845540782,-14.38419613786583,-10.47920769548276,-6.360095543825022
-19.257138672210388,-20.214831822800306,-22.34124622766852,-24.299701624184998,-23.336460856534323,-24.14479876202827,-24.01536401965267,-23.354025897079808,-19.746171005476473,-18.54326415730565,-23.03615371256914,-25.50950728067305,-22.81032533427711,-24.03657726126514,-24.671281374891123,-28.682085354606773,-27.787810076731155,-25.875073200568163,-26.17226983887718,-29.11632910325375,-27.162450456901645,-25.351241867829785,-23.62530434152835,-24.393595654672467,-25.80612796481407,-28.341285972988114,-27.435203975819533,-25.671306358562386,-25.6727887149842,-25.92556705343938,-25.145107079197565,-25.64825002956101,-24.319155399228073,-18.464597107866723,-19.27649170726001,-16.357197560561925,-16.535504290917345,-10.005741193086534,-14.797509132467262,-14.828974841947954,-14.104267768351002,-14.731688235128019,-6.531199601880481
-19.611721708386717,-20.080700870866693,-22.019184831432014,-24.09442159507218,-22.89547180344297,-23.671539329005846,-24.119020331533093,-23.72331203318409,-24.80625551966372,-25.141233096829996,-20.863913270105726,-24.170023892873267,-26.908105263527844,-23.837177791061805,-27.644334850530292,-27.158101187718618,-27.151907356377823,-25.09650713083987,-26.34616717269578,-27.622436908824856,-24.312230658729085,-24.09358997258049,-24.218245039426385,-26.12622505372244,-25.12547394787093,-25.113937315516424,-24.23411910438785,-23.10820531151852,-24.197943338079508,-24.709061390868506,-24.64682773414163,-23.038824101889176,-22.56222784611846,-20.040901720912156,-20.4707276085288,-22.48426275755182,-20.88318614076541,-13.531779897936016,-17.69885120402379,-12.005715815301805,-9.851769459653024,-10.398847744429807,-8.168292672275278
-19.852133857138696,-19.817425193429568,-21.588741371546988,-23.948127921568307,-22.66693307162818,-22.28402122852325,-23.079548622970997,-23.749143648762473,-23.34838319022871,-23.50597566729549,-23.53175574555716,-24.441992499543346,-24.205759318278332,-27.049864671343073,-25.13608428298177,-25.031716148304383,-26.947896049736492,-26.30347779704996,-25.904345868966043,-25.11969599591983,-23.71998927383835,-22.705220509563382,-23.831315686448622,-24.07839398887802,-22.748220254631505,-22.44054720621353,-22.04888161395752,-21.831207747454094,-24.036878832427472,-21.54289682341125,-26.970449404228823,-23.88901182224766,-20.816086789993058,-20.2015214442483,-20.033170321424784,-19.67554236772525,-19.227929660825044,-19.01368847949008,-16.327660802664,-16.80539866724153,-14.722027039470444,-12.828292892160846,-7.903099918428968
