public/json/wind_2018-09-1519_850.json
{"header": { "discipline": 10, "disciplineName": "Oceanographic_products", "center": 0, "centerName": "Ocean Modeling and Observation Laboratory", "refTime": "2018-09-15T19:00:00.000Z", "significanceOfRT": 0, "significanceOfRTName": "Analysis", "parameterCategory": 0, "parameterCategoryName": "Currents", "parameterNumber": 2, "parameterNumberName": "U-component_of_wind", "parameterUnit": "m.s-1", "forecastTime": 0, "surface1Type": 160, "surface1TypeName": "Depth below sea level", "surface1Value": 15, "numberPoints": 4800, "shape": 0, "shapeName": "Earth spherical with radius = 6,367,470 m", "scanMode": 0, "nx": 80, "ny": 60, "lo1": 109.0, "la1": 20.0, "lo2": 116.89999999999955, "la2": 14.520000000000117, "dx": 0.09999999999999432, "dy": -0.10000000000000142 }, "data":
[rows 38 to 56 of 60, columns 0 to 41 of 80]
-13.198192521085058,-13.121355825918446,-14.14894743201494,-13.46483652626139,-13.095838816205891,-13.30034305838609,-13.228265495384438,-13.295185710506141,-13.443127448978606,-13.105169245299548,-14.011455073877384,-17.161994733323578,-15.47570086543747,-16.35953980594061,-16.86714959757534,-17.39595052914102,-16.49910990948759,-16.11870637652439,-15.951377406447943,-14.655829621349874,-15.07599221782321,-15.280028857422224,-17.05871581598969,-17.262935961417398,-16.47924691723274,-16.245489301703874,-16.291269612331845,-15.507477965830372,-16.80999096342537,-19.022487363999183,-18.57265799188822,-18.460623465580788,-18.5170362220021,-19.247009897599355,-18.47616594732689,-19.547756431426734,-17.255846191154063,-16.342955244304054,-17.81341246751259,-16.872005288951264,-17.710008262153174,-18.627898939158626
-12.362621475021141,-13.839629351166945,-12.952880715705426,-13.752795004167123,-14.178760524903556,-14.032503572448297,-13.981998163084338,-13.762239620634588,-14.092474004449592,-13.64210776527899,-14.087554162524558,-12.061108664870948,-15.684459224188839,-16.073205000051168,-16.981645348657715,-17.426973859410023,-16.755021654063746,-16.652524918509023,-15.220037069646615,-15.329801700499768,-16.837167875955014,-15.48073781977816,-15.860090783828868,-15.048527954139475,-16.928764116074632,-16.99234535283837,-17.93826312062359,-17.00902799393228,-15.831217828794294,-17.40579311874923,-19.339247936108986,-20.55025948460525,-19.942273451754122,-20.566683943172066,-21.729304558175265,-19.124387117985485,-16.97957633626252,-15.674199023870488,-15.078543905907178,-18.173726617500446,-17.947683492194148,-17.005735027065768
-13.435421192719298,-14.348046706204645,-13.006751072203087,-13.321529506927195,-13.928695490364515,-15.083733995613283,-14.603719256113944,-14.804817488789997,-14.214590600942845,-14.515259361569179,-14.730883513553241,-16.158489067581783,-17.64517259178661,-15.38531740629966,-15.241439501502729,-14.946435754830034,-16.108138214449774,-16.820212875238514,-16.535765004668463,-17.312479478502286,-15.648360802675157,-17.79136651729415,-16.03060501122054,-13.74961808385449,-16.637532884783134,-16.638617888907945,-16.986571549988998,-17.942167382474967,-16.904867164874084,-17.351984560239096,-18.7108052202032,-20.84963016272252,-21.454186458021365,-20.283299079318173,-20.466306184199894,-18.62277805642425,-16.925951169312704,-17.085858751150802,-16.11312386679464,-16.722453156301444,-19.03592585632986,-18.15407596560247
-14.009380794264436,-13.810283337330686,-13.285239100890658,-13.392709674797786,-13.595607916027404,-14.445999749903034,-14.425138380753612,-15.43898922421554,-15.615105266894634,-15.663401406531733,-15.613857664012336,-17.36315750600415,-18.07428746747697,-11.443706580036027,-12.959801797263616,-14.302421540106538,-17.05709189807999,-16.45279430763436,-17.550627415913574,-16.334304083526774,-16.276284449791437,-17.141675568806054,-15.721322439479819,-15.94151592466784,-15.82552775167908,-17.976868959902163,-15.069684808356763,-17.78048408582405,-16.952910153359554,-19.42031615881516,-16.8810651831683,-19.55330710524548,-21.45847034923314,-19.60894375973799,-19.926694264098007,-18.14999289642712,-17.31272180709784,-17.042865920656926,-17.539762961352473,-17.195628393652992,-16.296430801645243,-19.188312477335742
-13.415163250355665,-14.573947515409014,-12.99952965895768,-13.479404269075768,-13.604495555414747,-14.417326342079237,-14.167585032537616,-15.425471330493501,-16.31748641428604,-16.752788467195078,-17.13852541759562,-18.06140599556389,-17.41071893276616,-12.379171269976743,-11.215579334351435,-14.809034006341047,-15.072804796815273,-16.412764382005882,-16.131526925481392,-17.661817508051957,-16.50849975792476,-16.033191452879365,-15.809784910076594,-17.652130682160927,-16.854498524716085,-15.856318883513298,-16.370077409706706,-18.393827471003966,-18.459187367818338,-18.821452342376524,-15.124711249732686,-17.952136603820268,-22.60823439167926,-16.180285319468787,-13.443834372247949,-15.953421221570927,-16.85770948885399,-17.4942951296789,-18.23451815316517,-16.726747790042843,-16.32496489845531,-16.320553514940872
-9.088362954712746,-13.483604397914158,-13.341288354573603,-13.273294737162013,-13.707296478775264,-14.450012772273523,-14.743034737208976,-14.259192370678413,-16.104419518832625,-16.613405800827007,-17.758266510558222,-19.212832696853702,-17.389880149137035,-15.966042952703528,-13.788788762423124,-11.167427300193006,-12.505936026645779,-13.930247046686695,-16.22518751697868,-15.986085413564792,-15.479532442067097,-16.36494365437566,-15.724782990115493,-16.201307463493283,-16.74792513276889,-17.329055814874664,-18.202323355005568,-19.983809959526166,-18.640158936172487,-17.040028350773607,-17.545974898757756,-18.556548398844768,-13.849691222345017,-8.245369685510905,-8.770988601358074,-12.992919868934617,-17.669471984868572,-18.076917538404707,-17.055351461698507,-17.399237760868758,-14.716049817144754,-17.002120640257793
-8.279873815277615,-10.260236914143652,-13.001399504969537,-13.404543551154983,-14.133738620610814,-14.207390577919664,-15.01884886745033,-14.122315122890136,-15.48650545123834,-15.813435949791312,-17.358160373532396,-19.58680083573627,-17.55377953845786,-16.939711317818634,-15.993318602708129,-15.209322002093629,-9.158106232857863,-13.705208227311005,-15.572855444568441,-15.52945944879888,-16.45321714119551,-16.768611727768274,-17.205769017135864,-16.59445004736779,-16.551347889362027,-18.02605509681079,-18.359863217193364,-20.40323325208694,-18.57366589455898,-17.57787835707833,-16.64187742105544,-19.136538941684066,-12.167090934614915,-12.447534626863316,-9.152218729885767,-9.74157678331769,-13.984416221415445,-17.656004148412336,-17.512568340139126,-19.480493051409994,-18.651020919611682,-20.202424473092773
-10.079436063392055,-9.907983336368176,-11.052933706107213,-13.017100326945402,-14.021363333607805,-15.56661228392274,-15.644491411313862,-14.42014824780718,-15.670028053680001,-15.404493937889816,-15.733656948890495,-20.284789649475904,-14.583570604427717,-16.659535886861764,-16.96695573775038,-16.940817878901342,-15.344568079863008,-14.393808170763661,-14.983458929779848,-15.868074289562326,-17.985085437311234,-16.94673216221652,-18.577467049132473,-17.19726297222961,-16.25177120745818,-18.729559329711805,-17.62027444367981,-18.71178463760701,-15.531645855997295,-17.70523651127195,-17.31461526989954,-18.248948642645367,-11.332367156957917,-10.352587704775353,-14.632173419195722,-13.887466573252828,-13.694666269433473,-15.805913040431683,-18.39206032367398,-20.61690467097248,-18.81333478669439,-19.16268223925702
-11.221047613311706,-10.598163743155194,-10.196250222735861,-13.282564559376532,-13.986573625441912,-15.00922871147172,-15.916391777637719,-15.598121625933167,-16.34564960035485,-17.21151928087655,-16.77667605464986,-14.758176747605257,-16.509497834927956,-14.859170038807132,-16.99598015254567,-17.61530049829743,-16.043211859896644,-17.148659721701573,-15.365298995306286,-16.51804303390433,-17.322667655325198,-16.112599855098487,-18.413772870577976,-16.66726241283627,-15.703304524335227,-15.051048623113257,-8.813600360332739,-13.014692140883318,-16.494400355341803,-17.64369975253914,-18.59427981686614,-16.600666756804515,-16.27271393908186,-10.867499552273555,-9.02987258655985,-14.246216261064589,-15.160988571637592,-16.945844413968878,-17.08588076622341,null,-16.44634833718596,-16.315421962665443
-10.611186360048737,-10.614452323421386,-11.356075291174314,-11.263386444490477,-13.510336277601652,-14.680737799994372,-16.581585484073983,-16.72251031450743,-17.858232984895206,-17.56332611630798,-16.73413766851766,-14.352089562604089,-16.277403873688442,-12.528100863030089,-15.212572507207668,-17.101213196212598,-16.95011230954471,-17.226963999814515,-18.007036217572765,-17.907743812691056,-19.836267764143077,-18.92001883044842,-15.459465633492487,-16.363623910490503,-16.0190744487037,-16.245690294475665,-16.53969427533666,-13.959437845579675,-15.48840532617603,-17.447248534784524,-14.144913649507743,-17.688999795044275,-8.517651094600582,-11.633184540729042,-10.820328272267005,-10.511742756666557,-12.855983716063026,-18.514365705986144,-15.294583295165474,-17.898319077203695,-15.901748298969066,-12.573203758540554
-11.638222600726442,-11.210468544217553,-11.170340502122622,-11.766532547946046,-13.464482141157283,-14.319823012168738,-15.33466524888222,-16.43561279483394,-17.537573332601966,-18.95969585983802,-15.872605041689631,-15.893007219363179,-14.658445419172892,-12.85581942265311,-14.845652151589661,-16.19403035807813,-17.10394401077977,-18.64986669596668,-19.106793284206695,-18.803177091493865,-18.41338367768785,-17.6897531480784,-10.311371211516171,-16.942078348924085,-16.568515593883202,-15.992906029368529,-15.574271659527705,-16.39651840648684,-15.968299313833581,-14.704426993192742,-15.475650392920695,-15.456285646739813,-11.774396527076368,-13.384821224300506,-14.732667997628655,-13.403509410244876,-15.213416707022224,-8.84829530269566,-6.7505419993142075,-11.569689745834596,null,-10.008673803396109
-11.537231885035556,-11.807199748068548,-12.606107166357116,-12.546902812757384,-13.087655042130214,-12.647084698353751,-14.693382918512588,-16.060831815371355,-18.454812007516452,-17.148659802477674,-16.423251591210423,-15.947441208270938,-14.456644795738626,-13.998875244483784,-14.177115024745593,-14.970758370836233,-21.339654277388775,-17.2373414548073,-19.71209727386051,-20.097569409806624,-17.911845493248784,-16.275094554610245,-16.26403636347539,-16.855574164863583,-17.539765684227913,-17.147079028341956,-16.789443325591503,-15.66089699026793,-16.61619795543363,-15.750436652522284,-15.8320491243627,-15.15767439699985,-14.811428410292296,-15.463659878020808,-14.173642821154083,-17.321637394134818,-14.605359080963083,-12.107184601801904,-7.89565937448383,-8.242979136722846,-6.274567367691773,-10.794721410487798
-11.658353881233255,-11.467325049175852,-12.647394285712144,-13.082719046292311,-12.20175907589509,-11.322551509455733,-13.52701508597265,-15.536312097142247,-16.88452996941627,-16.95618720977667,-16.066262888797024,-16.15474545153498,-15.820496633988617,-15.378544153925779,-14.938238635415154,-15.88263292793219,-18.514915644175307,-15.528417275155075,-17.908970719586883,-17.959729235356242,-18.32067016797061,-17.582183617739727,-17.132142349140814,-17.911634472119847,-16.926606928900096,-18.3906070795608,-16.321355670793054,-15.954826484631965,-16.624297253951887,-16.36720742389375,-15.984855043092285,-11.833529921968216,-10.71328292956644,-14.780118694254387,-15.788487258876918,-13.220884852131977,-13.272253829840311,-13.321483699309363,-12.53490690005968,-12.127256419052301,-10.856401016485139,-10.12369903037979
-9.677534611595904,-10.335852413916959,-10.66832192128258,-14.040218372684516,-13.40994014882358,-11.06340314128389,-12.653441084085257,-14.227938563528543,-15.532677967306867,-17.718874275256063,-16.146651130828555,-16.594995690874818,-16.709959006630093,-16.244358963817206,-15.750758870462455,-16.876174002920582,-18.26332902212016,-17.398352496888414,-16.298371695520544,-14.47240927016892,-19.43778508627208,-15.822999018198072,-18.708120057361565,-17.651297206404777,-18.05956307547527,-16.99080975523428,-15.57515744199653,-20.516867329266763,-14.68158309709665,-12.264414733020427,null,-12.56377438582001,-12.466341105139781,-10.823648423006045,-10.209153399955019,-9.898763297984436,-11.926394098265607,-13.180286667878043,-13.363011286421347,-13.251945923565952,-12.457008829841811,-12.852353550646697
-9.865058730625817,-11.659439976858508,-13.418762030703292,-9.969737281460034,-12.103281591133563,-12.534264658252974,-11.770042828403326,-13.134726816197063,-14.232193347095365,-16.58095567604117,-16.477215669339085,-16.30459360408502,-16.827352789925804,-17.01391542943118,-16.581488049363397,-17.581714028596007,-16.75379269075129,-17.442329187199096,-13.141061407315796,-17.166389089315793,-14.168872673365057,-10.723358251145193,-16.234425817995533,-17.83745681543494,-19.38520323759805,-17.503891175786496,-17.979481932825763,-17.627880330095348,-16.922992021939596,-15.349084681297501,-13.437459652709894,-12.437017055915257,-14.691989208968682,-12.781259143585668,-11.873359634558792,-11.483391173818337,-12.961254500196707,-14.349616562269778,-14.157370098520824,-13.594199445943902,-13.000846505649813,-14.005297730353941
-8.396762064536276,-8.315248582689232,-6.578904163633254,-8.319064953512154,-10.353248016912898,-11.231889452413633,-12.016592026262158,-12.22553193397568,-13.752911419111687,-16.48072933071039,-15.980420290188437,-16.225921689444377,-16.690052832935194,-17.552906348505346,-17.087487208803097,-19.634286278538333,-16.071394353392577,-16.356637763744764,-15.078894575553145,-12.566363718697545,-15.823194544629777,-13.564784697923265,-10.920281693977772,-16.214273914819724,-16.862478293485793,-17.73640603277393,-17.629112316479766,-17.481396091639628,-17.616750446039084,-17.171966134353212,-16.456986225622742,-16.601470577340407,-14.729188474352814,-14.126001466887704,-12.913131754311046,-13.228390827615774,-11.945393111271418,-13.138976906955627,-17.17314906828621,-15.842676932267958,-14.99858065192096,-12.949790887185218
-10.00600345967842,-7.140246764547701,-4.540056185621816,-7.2619877422133,-9.626107841943234,-10.866564978263408,-11.6477119512586,-11.461737467911583,-10.8933851507859,-15.921571154361997,-11.995899421202134,-15.58090797225572,-16.452968933728418,-17.258026800356838,-19.328086279157084,-18.597629449067284,-17.06383308552138,-15.323638640955366,-15.57474714489523,-14.515076294904125,-12.348509176225319,-11.54082564797381,-13.622151556190682,null,-14.636637230536204,-17.03576809799923,-17.548940017545746,-17.565615771847746,-17.04074246066166,-17.32869472066425,-17.24355472027494,-16.83545530673912,-16.1675661956941,-15.541633299824856,-14.27887895274745,-13.427776709286336,-11.975642547213333,-11.409959408216992,-11.16625006398378,-8.150079176144594,-12.655415216500264,-14.724955327016904
-12.003677112806077,-7.5833110818550375,-5.266528437043239,-5.669791690226491,-6.111090666407233,-11.109548881369959,-11.31466978467701,-11.551647920916865,-12.654228332011341,-10.822258120628653,-11.898711516503981,-14.751458106452828,-15.664813910841136,-18.286348017234467,-18.72178240818002,-18.142632717181364,-16.43752681354426,-15.810541329580818,-17.449099737711734,-15.963266901379713,-12.54224247140474,-11.804900801667227,-14.204899776597827,-14.725078758596364,-12.97862185255109,-16.29883627184446,-16.765753553257877,-18.017506213365802,-17.273115805446974,-16.354662862607853,-16.686856289869326,-17.680253035729308,-17.51659156676483,-16.07436803843677,-15.320463631446891,-14.47735234055513,-13.528958536635958,-12.577831578664552,-12.153072164992436,-9.006613709498275,-9.88642784899769,-14.216446108044677
-14.40731676803648,-12.55476859874868,-8.828999540678645,-4.953101391550493,-4.596783017140835,-7.776012268132625,-10.313668777327683,-11.879061729099048,-12.156637599511802,-13.77743550786586,-10.091464624802049,-13.890519462645667,-12.565402713188526,-15.144252710633149,-17.798998172130457,-17.59643703492465,-16.96515365903777,-16.2727934251721,-16.798907841821922,-15.375725844037264,-14.197108853288883,-13.415801581267923,-13.83814580457532,-16.04387415403776,-13.80932909988316,-15.859348269677284,-17.121780861823893,-17.03650807068799,-16.884386918977995,-16.714750218553863,-16.533489394244466,-17.013627709862565,-16.294448778723304,-15.693588360050342,-15.571881568013785,-14.979697165692311,-14.560067472270156,-13.788951069172992,-12.759792132279852,-12.247031111879975,-12.592671369202321,-12.00831317733662
