public/json/wind_2018-09-1610_925.json
{"header": { "discipline": 10, "disciplineName": "Oceanographic_products", "center": 0, "centerName": "Ocean Modeling and Observation Laboratory", "refTime": "2018-09-16T10:00:00.000Z", "significanceOfRT": 0, "significanceOfRTName": "Analysis", "parameterCategory": 0, "parameterCategoryName": "Currents", "parameterNumber": 3, "parameterNumberName": "V-component_of_wind", "parameterUnit": "m.s-1", "forecastTime": 0, "surface1Type": 160, "surface1TypeName": "Depth below sea level", "surface1Value": 15, "numberPoints": 4800, "shape": 0, "shapeName": "Earth spherical with radius = 6,367,470 m", "scanMode": 0, "nx": 80, "ny": 60, "lo1": 109.0, "la1": 20.0, "lo2": 116.89999999999955, "la2": 14.520000000000117, "dx": 0.09999999999999432, "dy": -0.10000000000000142 }, "data":
[rows 20 to 39 of 60, columns 0 to 45 of 80]
-27.661131476067844,-27.53601403618501,-28.381097256572097,-31.530267909242447,-32.1217614150864,-32.43198980469609,-32.04346350961449,-33.16031608029867,-34.23587051515738,-32.78166723153325,-29.768265687677065,-32.45543317039801,-34.95913864099808,-31.616608366472224,-35.235219593576346,-32.532830577080524,-36.71396831712205,-32.454334389750116,-35.774457223131336,-35.764526595686476,-36.17826332958845,-33.66926260605387,-25.738532995142172,-40.55917890717315,-43.39198662190138,-41.65409566780314,-40.93480928177312,-34.797154499734305,-25.511915156768442,-15.938682608749579,-0.8902211870560536,-0.383838897902784,2.555976497330271,3.14719624851804,5.56747815374223,8.807166943050733,13.0735768946047,15.652758835629196,18.217747745881496,19.03259842390308,21.71750776568182,23.470760418432782,25.421181162863565,28.905549721122643,33.379450238654144,33.77150742265301
-25.70565220098751,-27.634722013280793,-31.05325208979739,-31.376770219819917,-30.016574360920686,-33.00398966202617,-31.487882580079773,-25.07264187653597,-32.986562487615906,-32.74851291843587,-34.233863429507416,-31.03007619527342,-33.750723449746125,-32.23268419563101,-34.0688704160452,-33.393915419656395,-35.906466974230156,-36.98387852096675,-38.333189562952484,-38.81108373314292,-35.60414608703193,-32.93205914520982,null,null,null,null,null,-34.563835435259705,-34.18051276034041,-14.145832570768484,-8.769758327042908,-3.723557038126089,0.19141094690131077,4.529109219675239,8.140437535493891,10.659147926424625,13.439738182706888,17.04716793104259,19.139466168104704,20.220885689496082,null,22.7524084768311,27.085163012591778,32.920537076018945,33.553561645856036,31.770728642846862
-28.179969667606834,-27.884449100507076,-29.460428566175935,-32.751764146737955,-31.3135192564078,-31.60291553298732,-29.293891574864656,-27.365463041687455,-31.199110555901505,-31.994803807619824,-33.96720092014275,-29.681871900181616,-28.278327847000725,-25.075071570835217,-26.283037812934413,-31.67925115128869,-32.25036811580235,-40.16957956754674,-39.26228350062283,-40.57260254625547,-34.444545360108336,-29.105398909973673,null,null,null,null,-32.63080461050868,-37.18838404603634,-31.282832463446468,-22.094041860424863,-8.18012346618831,null,0.5594379584380847,5.962541501994475,7.777498520614559,11.42215221197454,14.39507009968623,16.781041558365118,17.45871002363939,15.852906862654184,22.157264588635638,21.67971895002075,24.161761481491897,29.040139392618155,28.75792613088057,29.776154863214835
-25.205080358133625,-28.00634452526335,-31.922857066517388,-31.686310330935736,-29.24033203569768,-33.1295650835779,-25.11292761993058,-25.201855554692305,-30.41212920040985,-29.902714121370707,-32.70706299095681,-30.492089596938424,-29.02538092897919,-28.897738277555113,-31.341539340483052,-31.431459012464146,-32.73372973260243,-38.10524209993457,-30.769486034955236,-38.9169133431608,-34.17405429292021,-27.45912044755189,null,null,null,null,null,-33.802783701551704,-30.354789023940434,-24.867632240550076,-14.990332135670865,null,null,4.279362250970618,9.309941211436799,11.54592545171808,13.025799433714798,12.59217331909902,15.04372643495445,19.003966325976986,22.01619080236642,23.829919696726773,25.17957801131665,26.04441956679284,25.683241386321964,27.03623710680275
-26.616936628847455,-27.419544354078806,-30.85490886212086,-31.54327227174807,-31.53200973256033,-25.01153277949618,-28.80042991649787,-27.765818106055352,-24.291231905783775,-24.96745609540468,-29.0765714108513,-30.53076104945433,-30.634940690550557,-28.70928922019915,-32.949642481598055,-34.836874736059976,null,null,-31.675352074544648,-37.88582453122835,-33.6495991873163,null,null,null,null,-35.39013367713522,-29.037923637167125,null,-26.190454638006436,-25.654822303469103,-23.177205596059736,null,null,null,6.906153640276834,9.695452763437276,9.445455732734125,11.444452119382042,14.85790873202181,17.313907519886865,21.05788953280077,22.468778445377353,22.93103091189451,22.772198990679406,24.317738305765097,26.490395291475693
-26.926492074544562,-27.37919199443039,-30.267522506238233,-31.405084662729283,-29.1206519769159,-29.96781315923704,-29.674962831369122,-29.376790360198694,-24.498129321753296,-24.930692256039535,-31.098420573216906,-31.70192525298497,-30.725974949436598,-34.467968977990125,-34.850117318373776,-34.52203782979889,null,-32.88801788232029,-32.80229027942785,null,-33.09943155878522,null,null,null,-35.288365029692464,-34.61234050442312,-35.108836399762986,-28.815725890125925,-29.452137219468423,-24.296606601986664,-23.962608876157272,-21.50649719609187,-15.1026783445704,-9.652787461344563,2.352297522300398,5.944491829649579,8.269014460702445,null,12.111527116648405,14.65775923667142,17.984488659666717,19.449938621961902,20.140955569180523,20.825539751865538,22.550490487345215,21.967154326626456
-26.284067540584946,-27.35454443963673,-31.23578534166231,-31.566561076865224,-31.367658430724624,-30.12576971736168,-29.78066604444836,-27.41150431814767,-29.074306777519983,-27.834789345894514,-32.385505995666286,-31.600165870890706,-33.96197047963678,-35.89028883226985,-36.18423092053811,-37.30703971205698,-33.70855138199746,-34.64406984372091,null,null,-32.22984734409823,null,-29.246246048388365,-31.94831780061323,-36.13676952383916,-35.93759019231305,-35.629837075242406,-33.486376456405864,-29.021262987451333,-22.9464867116604,-20.29140375257599,-21.694359082767498,-16.50424524211168,-9.793619875339896,-8.696850448739697,-3.003968095556049,3.5698542476482764,5.1113030519585765,6.925820949836223,10.78495647384685,15.703102571142878,17.38584011363105,19.380476514572894,19.25831876557239,21.30092908779931,20.719760870114932
-24.789734143491664,-26.32816309479006,-31.36380576177783,-32.744881535455306,-32.075772568327864,-29.51519612087352,-29.585324095814624,-29.148169660043706,-26.229562303429017,-25.734872910991054,-28.107908789604434,-25.489258890179936,-31.620476128479805,-36.80887696529361,-39.14580157225371,-39.805617465824646,-32.21154901175373,-34.94407715537679,-35.04138531211608,-33.72827178376793,null,-35.194905524189586,-28.691393551840946,-32.51540905237042,-33.905707327267244,-34.350922805769905,-35.22995420958165,-32.76135812064646,-29.3758624672638,-23.45264358455183,-19.363774072845114,-21.272836848859594,-17.9777343794226,-14.427824518631603,-10.55245817678152,-4.504035137878474,1.040463689252229,4.480200743839508,6.43150601663557,9.068026063235415,13.654255418395415,14.420728203692148,17.194643008842398,19.77499771276361,16.242620326237006,19.631927981355226
-24.330326193731256,-26.059170388594158,-31.341070397357033,-33.63218370774562,-32.38094407980921,-30.07123268069784,-29.366575856565532,-29.33527413380901,-27.50979630982887,-27.351330358239842,-27.391708602695857,-25.550105518124273,-12.848081215100164,null,null,-34.58086430939559,-35.660338779460965,-26.368744744114007,-37.27195852735481,-36.05433257986114,-32.488267844425124,-35.106745137727984,-38.41223237527075,-29.974520291565074,-32.75218481872308,-30.535617167875152,-34.84461030693883,-31.765927825827205,-28.3896228329858,-27.649242371902744,-25.707492964126644,-20.90580122676671,-18.685681725034318,-16.791757186034,-10.876715514369586,-5.551379781452036,1.7754540966340835,1.4843479294589492,7.434702632362354,7.512355680817997,9.059015321646198,14.225199433541684,10.67833912768819,15.05263784789077,14.647556913460917,16.928954320860772
-23.955306119016853,-25.024558263719616,-29.648791227219526,-28.944392745060018,-31.900533765457162,-30.642591143174684,-30.675828202800954,-29.485513071677765,-27.390021854198032,-27.030466514054737,-27.754952943919946,-25.427325889060022,-26.405657776474847,-25.262026482050974,-27.868451884959438,-28.630232294097304,-36.236394036593346,-34.135995223572756,-32.4500736439902,-34.01985409078704,-35.498600090267516,-27.344746190126255,-32.99322814847855,-37.37706236817637,-25.600109937718766,-28.326523578684288,-23.902885954496504,-29.79533088026176,-28.51347759923972,-23.696320788120012,-19.639163265631684,-21.62714252025403,-18.20489962399891,-16.504132340915188,-11.417534786973647,-4.491319018871091,-2.3012544276974856,-0.33588656877083,1.846587987655536,2.652230118765919,8.042858175337479,8.615053100811059,8.546471252034607,13.270574559419279,13.889833996668823,13.624412283825393
-21.432822131170045,-20.056554209554406,-25.082164535706127,-27.4926086572912,-32.19338742148792,-31.377378195913856,-31.32127600971787,-29.61035278001357,-27.439581835308793,-26.28092040862733,-28.1122233908451,-28.026735081789752,-32.46046830693712,-30.80178173687059,-33.567068453597045,-33.31864493643385,-32.83150862726484,-35.80384324771262,-31.608364937635535,-34.79016390729747,-32.94059412439282,-29.923163869836205,-31.98786088752488,-31.333376587032262,-34.4077978802198,-33.27914601618792,-27.477829305838632,-25.804858470811833,-28.75569640778684,-26.904829317878722,-26.594272021413744,-22.449100369548262,-18.688185336059682,-13.86868869433285,-14.1352583724507,-12.224791981542152,null,-5.018024617287979,-2.2311060727935765,-0.4333266631709599,3.4375175933004476,5.585783270856725,10.358488711619605,11.823173298191632,11.11621600913795,10.695728122761402
-22.360315093657945,-21.875789533389586,-25.944176399007855,-29.251925954672696,-30.606920088199487,null,-28.44903402913188,-30.535689834044803,-27.879676085751033,-25.118667719875084,-29.977834899112565,-31.980510767834765,-31.18943906764465,-32.6369691735075,-30.55450567476465,-33.38125816714288,-31.085476826890133,-33.27802514378908,-34.02656241872593,-31.94404476461444,-31.677374054737122,-34.004106315127316,-32.101314722040684,-34.15043847334081,-30.61564676656429,-31.73821843991648,-30.74172214506456,-29.548970956047285,-29.949357391609766,-26.347688704004746,-26.395785969716382,-22.3890191090276,-22.238321333249978,-20.51480637774928,-17.13105256740746,-16.769815474253107,-15.629798461294214,-9.530745241538176,-4.9240373780223585,0.0976768397531222,-1.913720026722284,-0.4278565143998327,3.4059263854327684,2.811287174931063,9.282798148847235,12.664962690206588
-23.03567016022478,-22.677842309349582,-27.21694568392906,-29.031948668195344,-31.73961531036537,-28.764802812162475,-30.592777138168472,-27.22252097820759,-29.57557447254799,-27.892936631454628,-32.69802625788145,-32.48559190466274,-32.858194181495804,-33.191879850924195,-32.80639927648424,-29.609910999738677,-31.52991303641626,-31.7577052090536,-32.96822502151501,-34.42829933722217,-33.869780203335566,-34.52913462057973,-33.93683362569194,-32.541436868865986,-34.22428550885323,-31.54202946607813,-30.56855501922159,-29.090519987364356,-29.794706172061325,-31.092557297344197,-24.424670993384215,-25.658043994517445,-25.835655808466996,-23.911603499253587,-18.783035715937267,null,-13.435481379560322,-10.562864851957077,-5.360460178722574,-7.111714372769929,-5.895994834422064,-4.014098174971857,-1.768627388923756,2.8326485100047476,7.519380872871556,7.783147621490061
-23.38656715823697,-22.825560993670226,-24.717002640865907,-29.33264591404079,-28.542947875397918,-30.120865469315397,-28.729310283708585,-28.004745768925588,-25.684949972876513,-20.46507573471957,null,-28.1391080494566,-32.40196629463525,-33.6557977277757,-32.341565943688146,-32.399132311003164,-30.872725326759987,-31.057622203208826,-33.166951402440056,-35.30142783901794,-34.266568801462824,-35.17478296979546,-34.292882937852966,-31.840307676462118,-30.39455463256957,-31.307393911369623,-29.119640236878595,-26.15141982242621,null,null,-24.129455841741407,-22.959755652977663,-17.502390657215614,-20.426959257457504,-19.394690928445918,-18.34910985130174,-15.910204090857773,-10.132728676604545,-8.329631020955583,-8.057397497764637,-9.560027789066288,-6.443076137244974,-1.2503344936686942,2.956463767608023,7.383462780118507,5.219979540719024
-23.62763131682888,-22.7950080516803,-24.013158836581614,-26.48698758767946,-27.20944325651002,-30.745143341165218,-29.73165988206429,-28.720353638648078,-27.492197534877754,-23.99155870275373,-29.453625465376483,-26.489770819918906,-32.48064162313675,-33.76414481146349,-32.88042608307518,-33.02881398757889,-32.310847607403026,-32.595265064222836,-33.05544332065671,-33.737742759075715,-33.52936972637378,-31.02717528663461,-32.65167281470613,-32.41495080755435,-30.877980929015646,-30.915303315568142,-29.51579099912918,null,-24.327551817525947,-22.241512761883982,null,-21.82480811627561,-20.518379276692905,-14.440923506633403,-17.164148412505387,-15.496665688947221,-14.378829250140516,-9.894084132840455,-10.563427862468945,-13.016917169360477,-8.550019418294603,-1.5474804848382808,-1.7740779009476795,2.9503720670605045,-0.035522501436545305,4.170950286153277
-23.570487461435114,-22.426833676329988,-22.675517199585613,-29.236712520633116,-27.358260409140897,-29.941105333948794,-30.008144325550457,-28.823247591816397,-31.832847273604518,-25.265143503240644,-24.82783280027432,-30.240164010343285,-34.236351832409014,-34.146623630413806,-33.66526833292575,-31.609421732032953,-31.442816981540965,-30.406464041919644,-30.53269744050889,-27.496107031415885,-31.553820291318928,-30.786069463045862,-30.631995036391316,-31.9825888614555,-30.513233919110352,-26.402576278646823,-28.386827941928463,-27.620811694502617,-27.92036276992221,-19.37727070661175,-18.90779547231742,-21.23809222628351,-18.78601210403434,-17.096336211713886,-16.846162222481354,-14.401521093350905,-12.783360099629585,-14.247121004328845,-12.509469835255189,-11.077953193220887,-7.782112766299154,-5.481088675105054,-3.0120318723214643,-1.6457895498840753,0.9391250332859551,1.1697531126425798
-25.10315151619649,-23.51540781805422,-21.347255081840917,-28.99143031637379,-28.87467586891772,-27.928484731934113,-30.411263889231048,-29.39235107850279,-26.862847629656564,null,-31.456763297071248,-28.706018022702036,-27.07997952802529,-33.590597905049634,-31.18447910531288,-30.03380621864569,-29.300119391511416,-31.157725286285526,-28.31964555662571,-27.63942733864524,-28.949556044174003,-28.32772255807532,-27.065658565259483,-30.239058079404217,-28.98153797336944,-27.472099461259752,-26.629789294039078,-27.19077794835288,-26.016646932281013,-25.14878150267496,-23.276975488388516,-22.590441948091218,-17.953536135355385,-16.4591556513566,-15.117276624383631,-13.064108098398371,-12.8025103942126,-11.807203043760264,-11.583896253713307,-11.529079957180613,-9.334161529962733,-8.268536102067383,-6.429214200303212,-3.2704034404339177,0.6890338311571069,0.05478488923017661
-24.84243995656752,-23.45467622925608,-20.885696854508303,-27.250272187235165,-28.872329942579846,-27.054700592691837,-29.29971259453249,-26.973187926297108,-22.106428470487874,-18.286615318186918,null,null,-31.79044777142173,-19.958679930434585,-30.172373003838302,-31.080496898670575,-29.42226001001935,-26.196510706378433,-27.150269736045686,-26.52073323043351,-27.82002254188619,-26.323856869074774,-25.463553191735095,-25.521879575273275,-27.68038148416865,-27.21645514204913,-26.135084435967556,-25.305745375354732,-25.362811427206417,-25.084272672081774,-22.913416978361887,-21.438753193955556,-20.22662417703948,-18.691835211498343,-17.906550587479725,-17.280532018020423,-16.611039169015708,-15.914143589404311,-11.238484862221506,-11.060023558137475,-10.495383777907668,-11.300073398068216,-5.466680967658297,-0.7821034533690667,-1.2642716722747618,2.31449666714582
-23.489099305741462,-23.700060073275402,-22.554548561656176,-23.73873806885832,-28.0377170730131,-28.19674002630575,-27.143144681487072,-26.99000688382545,-22.426218085275185,-23.16362636135473,null,null,null,-30.451758078641184,-30.591025504860244,-30.12849346606458,-26.455549149929883,-25.553375882199298,-27.35223031081863,-27.08200279121246,-27.522871986805306,-21.858066269783738,null,-25.31005898051699,-27.048916108537775,-27.298202878613225,-24.293296014451673,-22.910174958214167,-24.93248518034046,-23.908309336247804,-20.515919448156595,-22.464605127380384,-19.814294947359404,-18.37836539063687,-13.959789367617443,null,-15.251165786999229,null,-16.048238798712518,-13.507871407210125,-11.831089027999921,-11.25549248251411,-8.365592228839079,-1.814626805762344,-0.733914915830609,-0.08044925578827898
-22.955951638466342,-23.735468629263373,-23.584617337536695,-19.52577745293847,-26.72071923284314,-27.49107641847394,-26.39389224393973,-27.66536890404381,-25.618237165433317,-21.85077769700594,-16.456194543611605,null,null,-28.196814224244577,-26.829217107629976,-26.909350608986905,-27.459106951491655,-26.76348851635625,-24.29360701056008,-28.122332227744717,-27.120077708510557,-26.39200665290329,-15.221661395704539,-17.713990973680538,-24.589054611678137,-27.19445024517148,-25.40292532686424,-23.180235146162946,-23.699979376622338,-24.283454389853976,-23.10644071472192,-22.734448137369462,-21.957813315682728,-22.301495831091483,-20.00707947443754,null,null,null,-13.179966016147345,-12.508383414738628,-11.28914337492429,-9.856945451271427,-8.28468692905731,-4.271146789577206,-4.139397863335991,-4.758619488330242
