public/json/wind_2018-09-1606_925.json
{"header": { "discipline": 10, "disciplineName": "Oceanographic_products", "center": 0, "centerName": "Ocean Modeling and Observation Laboratory", "refTime": "2018-09-16T06:00:00.000Z", "significanceOfRT": 0, "significanceOfRTName": "Analysis", "parameterCategory": 0, "parameterCategoryName": "Currents", "parameterNumber": 2, "parameterNumberName": "U-component_of_wind", "parameterUnit": "m.s-1", "forecastTime": 0, "surface1Type": 160, "surface1TypeName": "Depth below sea level", "surface1Value": 15, "numberPoints": 4800, "shape": 0, "shapeName": "Earth spherical with radius = 6,367,470 m", "scanMode": 0, "nx": 80, "ny": 60, "lo1": 109.0, "la1": 20.0, "lo2": 116.89999999999955, "la2": 14.520000000000117, "dx": 0.09999999999999432, "dy": -0.10000000000000142 }, "data":
[rows 40 to 59 of 60, columns 0 to 44 of 80]
-3.661569660730743,-4.928619435233192,-2.7409416961649096,-5.891409936579436,-5.9073420638333145,-6.534182243655646,-5.194144306702792,-6.696967983569973,-6.603102447107214,-7.34934424761337,-7.337687129007543,null,null,null,-3.693142747426884,-4.1416954433166175,-6.832462225177003,-7.541658016855498,-6.339035079071207,null,-7.130684728420559,-11.240628148620894,-6.691844695498076,null,-4.424419294576958,-7.41257523250503,null,-5.495048539094039,-9.868183435741448,-12.790286398029538,-12.065924228030763,-12.849598809544503,-12.101548876277988,-11.826597279049183,-11.954341973541258,null,null,-13.167038095262505,-14.809752935504724,-17.340897420142003,-16.39122855935341,-15.876928976985011,-17.459881643397253,-15.873817920900112,-17.092008138606754
-4.863155119210505,-3.639649288703759,-3.2350194732578155,-4.014260793978048,-6.034882802767141,-6.770172654642837,-6.288959034295452,-5.706110029867114,-7.048614460807537,-7.338215927164326,-9.349295056839308,null,null,null,-3.46857553196516,-4.8348004259063355,-9.857253470966672,-6.499732202751101,-2.811518862735271,-8.705219961624287,-7.918485048057117,null,-7.144299060137209,-8.873882154346553,null,null,null,-8.251372499204308,-8.558336980425459,null,null,-6.669611781472007,-12.133900166935831,null,-10.479402865693569,-5.264977513554015,-6.898537938725438,-13.47192346867569,-14.447794968240327,-14.942077700245598,-14.559770162564364,-18.838320022817104,-15.144361047172367,-17.64489148461889,-16.56231302626882
-5.023435784799165,-4.279156172296219,-2.0017949665721155,-2.741647465023106,-5.961791136840727,-7.258664172867918,-7.060857708900708,-6.147250485998464,-7.662559036127516,-7.996394741507112,-8.454108331701804,-11.75573922565995,null,null,-6.542070057207073,-6.366424642188802,null,-4.352514074616881,-4.82570531329003,null,-7.817753718764061,-8.162530655599616,-8.054329661181717,-6.817815763819436,-6.106476747464076,-4.675877553111046,-3.6167048411826204,-11.216083956131287,-11.22973163551036,null,null,null,-10.303741355137404,null,null,-2.739201423651994,-10.544408578241743,-9.58969418310931,-12.809618020111994,-12.416240433579308,-18.805370273621563,-20.59757212489793,-21.748481475121253,-25.0936466281743,-18.74530988680904
-5.894941001831199,-4.061195435921128,-2.5408445730577047,-2.5847148721248856,-5.655260030253774,-6.21843031114822,-7.462668235591341,-7.194520440212743,-7.487078954299042,-7.535852421690684,-7.993855813631108,-11.4301059403978,-9.788499597552775,-6.5169633611803,-8.241820699236843,-8.214303942085584,null,-5.481123779465326,null,-2.6287031882541854,-5.664875585834041,-10.27648705673143,-10.374235456634626,-9.019427300282263,-5.058505535385359,-10.835650952992152,-6.449629356613006,-13.37087868530613,-11.962046563710944,-6.490663052486426,-12.375991621122262,-7.899936691658718,null,null,null,null,-6.788717573549112,-13.985473707263537,-15.272159122342622,-17.248203025540306,-19.664242304880666,-19.4752507144216,-20.073675550468607,-15.60957620749384,-22.44997713094585
-5.76265182624366,-5.121281165892052,-3.638476261961032,-3.3058653600861927,-4.501046529520948,-5.965167436373512,-7.144259461730435,-8.300071270467825,-7.014206027412113,-9.779162061649606,-9.179215207594378,-11.362453432288008,-8.827610295018198,-7.3595332396452955,-4.215418326513656,-10.68502834450942,null,-5.3738080081583455,-8.928718316023964,-3.805923159426609,-9.858906921573913,-11.702921490214168,-11.392769952478616,-10.697789097700468,-6.277869171113878,-14.271494763140446,-12.398068522898766,null,-11.461147475472472,-8.923996938285963,null,null,null,-7.760930291642243,-6.981257376595942,-8.409940166326614,-9.77308538651599,-10.332825481158684,-16.638718405893552,-18.725751189725727,-17.408959124715707,null,null,null,null
-6.358949157448587,-6.388347328185031,-3.827395060184414,-3.436878333360564,-3.775666870317173,-7.1033623753696,-7.124440718266981,-7.976546197081748,-8.158555539225887,-10.963972849352887,-9.926646241941386,-9.579598650256832,-6.862845171953584,-6.671223821557054,-7.0297125497535315,-5.345593967095224,-8.550539291098001,-7.41277785215285,-8.614411284996418,-11.746013144637145,null,-8.352869061415005,-10.671502908415281,-11.271616798171111,-6.403901435925058,null,null,null,-8.475985413169091,-11.513361349439403,null,-11.837601985285504,null,null,-8.674233450803328,-10.885981519252638,-7.1085629017904095,-15.19161250929454,null,-14.044615695390156,-15.78010852113335,null,-12.443571409314458,-8.933703274131537,-8.409244497134008
-8.038202144502124,-5.10661580803151,-4.635084271576362,-4.027442254832558,-3.991184400647022,-7.427203702974311,-7.037596991585892,-7.627975187824983,-10.71612771281147,-10.91048967396993,-11.264372470592432,-6.693581500398871,-8.297990814996792,-6.538184846126761,-4.93347898393141,-5.281961054303203,-9.950586024167709,-9.264001218866863,-11.785617459771316,-9.9297233271686,null,null,null,-9.199136654996005,-7.837540373146727,null,null,null,-13.209545051054777,-11.684817918546958,-9.907152245241864,null,-11.227108635190044,-6.210346962812183,-9.636953913623307,-7.249458750423198,-0.4323248193740474,-18.235374025907,null,null,null,-9.286488112879397,null,-9.096471851396956,-14.960742450879353
-8.1069353197471,-4.768623816251033,-5.440659731509537,-3.6674077553903297,-4.670877253866761,-4.976334886241722,-7.321679079895832,-7.73052711440439,-10.541228778890595,-10.311834527291856,-10.426604458003114,-9.22204363974228,null,-5.7651641090214465,-4.105640654216138,-9.446913346469973,-4.999306636365785,-11.71511159808776,-12.64255106599201,-9.601993213881844,null,null,null,-8.130245743586611,-9.531808771026164,-6.2885822547636625,null,null,null,null,-9.251334080873628,null,null,-4.287092767271666,-10.074571126308141,-7.746388102633362,-7.934635237575932,null,null,null,null,null,-13.945647400058341,-17.273519665306907,-7.002518972053791
-5.0903462544697415,-6.27644981670987,-6.2124241225411225,-4.769176284852651,-5.673749917926317,-4.1561779733455175,-7.451442874674205,-7.15707141658332,-9.722110800675457,-12.028924075907561,-8.27449381585425,-11.966853603468085,null,-5.314341886254313,-8.533039532525397,-3.987235542434763,-9.518937963179056,-11.137188757611128,-9.028821568892548,-12.160716964648229,null,null,null,-6.819008931233428,-11.369214401364578,-8.62377225742417,null,-7.428941183350991,null,null,null,-10.204894832901353,-2.4417171853055333,-5.667341649127445,-11.695219800582752,-9.966861545379045,-12.946419596148596,null,null,null,null,null,-10.096894892856755,null,-11.109422300171344
-5.579053152514506,-6.42554813504561,-6.817395718121089,-6.335624380232709,-6.533878978014267,-4.275448790261309,-3.266139566698708,-7.816764117472657,-8.654217117853783,-8.978387293597898,-8.49227625881522,-8.728128169617943,-11.04980629773142,-7.565132763889463,-10.457467162834936,-4.978024328029409,null,-6.039916081666322,-9.303507258209295,-11.15833433739674,null,-9.40370991034341,-8.939722893001813,-8.585335496858693,-11.442960254796358,-10.305900245270177,null,null,-9.088554650087037,null,null,-5.71841807479302,-9.421484240756413,-11.3303754216175,-11.067973101938064,-8.333541488526025,-13.608930955820222,null,null,null,null,null,null,null,-8.817225152896691
-4.594004740859943,-7.714985935942708,-4.967703682515633,-7.597359306774425,-5.84392221132809,-4.056321438304974,-4.128336555062027,-5.554269177687923,-7.695740645215598,-9.457428766028208,-9.022832347578468,-7.714550104210151,-9.564632175150455,-11.486406189297231,-9.19738498824968,-9.840129775317472,null,null,null,-7.969182383922389,-8.700226918821906,-13.655307215681695,-10.272978629815512,-9.803142497022547,-9.818267150604136,-11.549497541862321,-8.56169775717333,-8.073202578329129,null,null,null,null,null,null,null,null,-4.630479989663016,-11.04600281571997,-11.40364772629859,-9.906822187586673,-8.242297587982497,null,null,null,-14.215201987356515
-4.127246992203999,-2.3215566933767824,-5.646726042459487,-6.530291493586502,-5.7362947693655055,-4.308968492364912,-4.190965990208598,-1.983039535120232,-6.320443043271027,null,-9.447373939783773,-8.93928796413609,-8.145755498188658,-10.729957289509565,-10.030190870022647,-10.306519201933948,-10.239418651745067,null,null,-9.157243814247861,null,null,-10.284660629385858,-11.05840268313953,-10.934966772748993,null,-9.554834276929093,null,null,null,null,null,null,null,null,null,-7.212729313176493,-8.345478134438753,-9.384869872238378,-9.868530958230078,-9.710891324823839,-8.221401621567281,null,-7.3179646440644905,null
-4.592339601722124,-1.0967763354166984,-8.090761065964521,-4.331646897079731,-3.649953252006463,-3.7638528435908536,-3.0487164210751505,-4.797488626443448,-3.9724966064267013,null,-7.309053209883707,-10.503033539162775,-8.138448769820963,-7.112178336651619,-11.217410572372069,-11.419440825356396,null,null,null,null,-10.696479037651844,null,null,-10.108245983146569,-11.434173171139081,-8.566927177291307,-11.564605755705408,null,null,null,null,null,null,-6.076140607142482,-4.253433157675989,-9.24331833434551,-9.02670168911718,-5.783603160770806,-10.90079928041664,-9.687298956196035,-7.638592470194055,-9.993163023581843,-10.255207793803667,null,null
null,-3.7078817364667067,null,-1.2447287012646433,-3.371950723012226,-2.9953440145101826,-2.54034046958012,-4.065079916086731,-3.6319725721386185,null,-5.418921765834608,-8.494057673906262,-9.818824144357391,-6.187491221029617,-11.150145431872492,-13.883526421065595,-11.392715565996303,-12.04397793010948,null,null,null,-8.642124563072928,null,null,null,-7.81538500345383,-9.742774974949715,-11.000515528205097,-11.490095770416096,-8.816254245104997,-9.270944839614971,null,-7.586914193114774,-8.98911107021487,-8.731379806853909,null,null,-3.5656113298302223,null,-10.950686193755013,-5.4362526477581765,-9.184823459007767,-10.785062830181998,null,null
-3.6224329723602047,null,-1.7766304681107432,-2.7135090219673748,-3.405893668425403,-3.4163485537968477,-1.546558998000084,-4.989075293514534,null,null,null,-7.286565770882462,-9.650205677510277,-9.042101192404136,-10.346242254963537,null,-11.41225947702478,-9.45208149314177,-10.33948567939686,null,null,-5.3282048534395345,-8.129617623788643,null,-4.920847880152198,-7.111723980987541,-7.723490586681242,-10.947178712041376,-11.021633243294424,-10.225518715161593,-9.525077739447257,-10.036935675787706,-9.387396318940052,-7.308905125408805,-7.183227317186154,-7.7890266305531295,null,-3.703591787669611,null,null,-0.4281189608170778,-5.407762817635783,-11.161093649303652,null,null
-0.910309045919382,-5.055279432825389,-3.011783718169619,null,null,-2.397963927325496,-3.0730756971786635,null,-7.217777798128659,null,null,null,-4.763296821259285,-11.579953359089448,-10.68299450748636,-10.153704332734794,-13.578857472746932,-11.13600799268128,null,null,null,-5.945222412242757,-5.871688724849633,null,-4.775213963362118,-7.929777993249443,-9.020702373605168,-6.393011139987976,-10.233873184547589,-11.257876505978095,-10.717634276613067,-10.243568965720387,-8.925485656883454,-4.719182277276268,-7.540689633666881,-7.349539691627959,-7.459006607043347,-5.305561831120068,null,null,-2.3772321560045526,null,null,-8.772270226798621,null
-4.121673465929687,-3.4300583250267787,-4.840637785403728,-3.2154441119405153,-3.4338698564239505,-3.769161619352416,-3.769598926675413,-3.3177115557632137,-4.722216453508638,null,null,null,null,null,-11.816073773996177,-8.541941717800544,-10.682207814245931,-12.586016596698581,-11.466868973413016,-10.836426033742951,-8.764499498219337,-8.803368465038815,-10.305718370433526,-9.24898024401233,-9.296183047176138,-8.403710532581837,-5.745693450771441,-5.342491919814494,-5.144352235445516,-9.354463621311739,-10.29903121733425,-9.650676433149307,-7.653219620475846,-7.587233222361087,-6.974930881396768,-7.879576764351726,-8.10290190583967,-7.899035229129316,-8.306440324101196,-8.678211551814478,-7.9199029058751655,null,null,null,-4.587367035299619
-4.628039562272763,-3.3677298048717,-4.664488472427255,-4.509973952056084,-3.5875639838414686,-3.499669397193459,-4.281554666712299,-4.289932144811841,-3.7625178903795,null,-6.987964029685536,null,null,-5.944804259286593,null,-9.156528691433202,null,-11.981456171109471,-11.109876785938265,-9.803478359731798,-10.269224962559063,-13.203197995947987,-11.650477331053404,null,null,null,null,-1.3294877902298317,-3.32607415321235,-6.243569343736555,-9.631026116653336,-9.033180588318197,-6.4897614420547916,-8.181862425950557,-7.578502923970056,-7.394213635988076,-8.630212927657738,-8.789053632326628,-9.091443052399221,-9.978384210011633,-9.126125224131389,-8.190654193351648,null,null,-2.8112733802121017
-3.2547228605040894,-4.26050625539654,-4.083351806180589,-4.748675677955532,-3.241334314661206,-3.3578508763334014,-3.702599011398019,-4.308956130182894,-4.294574004261947,-3.378719185603507,null,null,null,null,null,null,-3.781772258053806,null,-10.929458931942635,-10.227884744200326,-11.94755623878841,-12.723428371245317,-11.030613361710373,-8.46131744036736,null,-4.480492134321009,-4.514485187990044,-3.780318103611925,-0.6886097436300794,-7.897406463437852,-9.079601761092556,-7.047412506335476,-6.695482829433083,-8.248295751963648,-7.895108565128363,-6.9460875306847925,-8.497651656548511,-8.95942649402898,-9.147298368993237,-8.83404500990229,-8.646122464184103,-8.470839953454496,-6.911326343491987,-8.335598889308898,-5.872162407235792
null,null,null,null,null,null,null,null,null,-2.7013877731018887,null,null,null,null,null,null,-4.819396683755896,null,null,-10.843155959718562,-10.652605333588967,-11.279615851420761,-9.985584108319483,-7.880947029708963,-7.557997896531419,-5.460181890918948,-5.00127116287166,-5.481155123900656,-6.7318528984463235,null,null,-4.505111887706433,-5.304562787535111,-7.42692812893472,-8.091397204936245,-7.365888926784606,-7.146730153968319,-7.320435059170755,-8.191145538858477,-7.349788454109955,-8.29089809110441,-9.175413084709655,-8.596006836086392,-6.38745834667671,-6.892647659538774
