public/json/wind_2018-09-1603_850.json
{"header": { "discipline": 10, "disciplineName": "Oceanographic_products", "center": 0, "centerName": "Ocean Modeling and Observation Laboratory", "refTime": "2018-09-16T03:00:00.000Z", "significanceOfRT": 0, "significanceOfRTName": "Analysis", "parameterCategory": 0, "parameterCategoryName": "Currents", "parameterNumber": 2, "parameterNumberName": "U-component_of_wind", "parameterUnit": "m.s-1", "forecastTime": 0, "surface1Type": 160, "surface1TypeName": "Depth below sea level", "surface1Value": 15, "numberPoints": 4800, "shape": 0, "shapeName": "Earth spherical with radius = 6,367,470 m", "scanMode": 0, "nx": 80, "ny": 60, "lo1": 109.0, "la1": 20.0, "lo2": 116.89999999999955, "la2": 14.520000000000117, "dx": 0.09999999999999432, "dy": -0.10000000000000142 }, "data":
[rows 19 to 37 of 60, columns 0 to 41 of 80]
-7.785967335450191,-8.543448908891396,-8.328271032138703,-8.399476519709445,-9.086038587228444,-9.517641003068304,-9.888635592160714,-10.188478823194506,-9.974945323811166,-10.163559672064983,-10.618231030865987,-10.75322909889016,-12.056034256344386,-11.426779398023962,-11.117727188306775,-11.159881079572497,-11.568485427627724,-11.92716637272066,-11.59921336876449,-11.27817713157654,-9.42398064980345,-3.718467572226147,-8.681234638692716,-12.326481269839782,-12.711037719585159,-11.103411907356756,-11.801010858800872,-12.832157347067456,-13.049183677409271,-12.28762109011218,-13.067232964219881,-18.499741965909376,-15.665218554003692,-11.276848889270012,-11.944821083512537,-14.59042541807085,-13.01658047335322,-13.700086801020115,-13.009089168588348,-18.26190002828315,-22.83712303274966,-17.35286136124985
-7.786811570109782,-8.721439621906583,-8.799414522273079,-7.271112317379891,-9.341856151702732,-9.934603549042365,-9.372932240408936,-10.517328168998294,-11.726961784811023,-11.04591220146003,-10.519907048538236,-11.178239945916573,-11.717710314846315,-12.43262100624256,-12.953106351312421,-14.190550390840881,-12.94286603527556,-12.58566942160749,-11.65828621292376,-12.287137673463265,-12.895720053760181,-12.23725157828683,-10.807738654153248,-13.545768363543223,-17.64738053583524,-16.645987298509116,-21.50816659706026,-20.44177747648861,-13.845782328298526,-19.103395933343155,-14.5486566073455,-16.613936469958286,-14.866788503643962,-12.06929795821636,-14.912467127982822,-12.127201386957696,-16.336739454902453,-14.963578836220922,-17.24353518264084,-19.219272945356582,-21.459989426307892,-18.34852998425637
-8.296746489964264,-8.629714285703123,-9.328782022537375,-10.122794381849172,-9.54998984594176,-9.631287276503114,-10.25155062803283,-12.09222598875867,-12.31505343381898,-11.774599357664021,-11.473618669972106,-11.309256870991398,-10.473206736306498,-11.092786533449157,-13.354351499528335,-12.503211234060913,-13.761098604482147,-13.78445154333216,-12.964847887663664,-12.50429639879733,-13.489172460920734,-13.590697621240702,-17.83330789343183,-17.954093394329025,-15.699571357309036,-14.69366367106179,-12.311345447425694,-19.232171207278906,-20.368890375807883,-14.975004995109733,-13.334725174987975,-13.077323356813945,-11.035730746514222,-14.518626490301603,-14.596242449703269,-14.88002677537809,-17.373482443482636,-18.11093664842606,-19.476177861861586,-15.270842774312007,-15.45839443857067,-23.412435784105444
-9.03277171197566,-10.001297799426066,-9.86699393760434,-8.7262015969982,-11.344596957097608,-10.569596199939427,-10.070186675148545,-12.181178558143296,-11.909239542198828,-12.428583685488602,-12.581468018231586,-12.068809204969105,-11.614411706694485,-11.011791142740934,-10.92898434677912,-14.78887001746616,-13.764773357310471,-14.429563154101935,-15.809702023928562,-14.384938327777107,-12.719852383630958,-14.282245519180155,-7.80946269677786,-5.93599235281237,-4.414492433467435,-7.131267204719763,-16.52577387893918,-19.745582738208384,-18.983014530658878,-15.230075054156183,-9.44024377345982,-11.431540129039513,-16.771721745138233,-18.335020273108984,-16.455188650455476,-16.810127541032003,-18.34158117204753,-20.45873189838075,-19.60264937714582,-21.22544308123574,-21.55537924216282,-30.281873119766107
-9.68719709010129,-9.922357686114164,-9.760902785315068,-11.032059950983886,-10.330069043621796,-12.294202483414537,-12.752639738843358,-10.619397207864,-11.799781129400134,-13.806279314425835,-13.095580485928181,-12.464415546205617,-11.523829894254348,-11.968928860437014,-12.784363420316724,-13.020394878682826,-14.47849434074527,-16.074210244611294,-14.064323180884323,-14.550212691278581,-15.469185883100456,-11.460806452744453,-11.274785737405235,-6.048026077257434,-8.160589106943778,-6.90533955602038,-1.8936703072056085,-16.570063337614577,-17.911600375030638,-18.08146196467422,-13.809804999430103,-12.202318743539278,-9.035528482560508,-14.662087715167145,-16.54128641172336,-16.623386074597356,-19.938191942949743,-22.695220818765147,-23.309879977522307,-27.824198952536392,-25.40176052050596,-25.078706662055527
-10.259101583918206,-10.770311262041632,-10.703898331676259,-10.49495165368837,-13.120209037462033,-11.25876864250597,-12.733514433999588,-12.542439100529636,-11.469032927454462,-11.321857292691199,-12.477297840810417,-12.95141446866814,-11.724899629921591,-12.321865621678654,-12.728131933704763,-13.554541436645847,-15.222555664638904,-11.851056228453086,-13.778776803401504,-15.816805672282182,-12.327984368176017,-13.184826969091208,-12.084426390909345,-11.574662418828103,-10.836272600549371,-9.533967703470285,-8.56640981534971,-8.201079512715594,-15.325243663011992,-19.915642004797622,-18.590795206550737,-14.129110201323979,-9.327495883030343,-13.461234826822363,-15.675465706416315,-18.370573209845368,-16.85388240755436,-25.722898027502247,-25.452509705183104,-23.72003382558445,-23.005307271254495,-25.623521480312178
-10.518210362817403,-10.992918734640927,-11.113728275327102,-11.212871020232305,-10.962262882831633,-11.987899758295399,-12.601486752475576,-13.549403922186931,-12.038994853027354,-9.957780477637257,-12.799855164354941,-13.479693207647985,-12.256899172673261,-13.711167360587428,-14.301200066012303,-14.24941103891971,-10.307429328575594,-11.590935724855257,-16.915694620443148,-10.380090950876136,-10.936779808557194,-9.24310384559339,-6.769854910801847,-8.840217811379214,-13.82223879367271,-13.362287503309057,-12.549616379916708,-11.375146396115348,-14.883141890012837,-14.735564581900814,-21.48069778321483,-16.33691827296581,-16.05872824153505,-12.600473860014636,-18.573806817181882,-18.135847161539864,-22.24769502406609,-18.017510054287087,-25.68035571762456,-21.879194085028903,-26.438493141572742,-28.784944086844014
-10.759040013637737,-10.775481319617702,-11.351243928296238,-11.370501232384573,-11.307754032968319,-12.56758077861821,-13.378493934839844,-12.47969977240035,-13.452850977871266,-12.240898485291499,-12.296674879852441,-13.463473236508722,-13.815098473736343,-14.645312644502825,-14.127863638692501,-14.769094863096205,-13.486438446021,-11.410837267104764,-10.051511146399625,-9.108887448169982,-11.846918967098695,-8.138095817986041,-10.817092347599502,-12.171005299118402,-18.130422429885996,-17.28493532323984,-15.974935787820874,-13.355069721160955,-14.770715956084233,-13.651446131191353,-15.263631581856023,-20.268153959981866,-19.735306072502773,-20.23415676469898,-21.13244276387931,-19.354886724989505,-19.875686626890264,-19.56808349561911,-22.638075972470105,-24.654895880259723,-27.669186026908392,-25.33771782541103
-10.591219355586485,-10.40314928074923,-10.970889232289604,-11.777810159137703,-12.67442203989122,-12.409095878474234,-13.414312158276843,-13.792975303113963,-13.740310671061751,-13.264433852043663,-13.229132773143718,-11.876063932281824,-13.9813373022578,-15.20281913114386,-15.633373578019874,-13.318523410566536,-11.711789638446549,-12.85026387014236,-10.955660774702684,-11.21400116207839,-11.436070194674642,-11.26222247158007,-7.820449551085346,-12.619638197984049,-16.796264079327944,-18.69530472895469,-18.17426818617121,-19.48421316038945,-14.345778205097957,-18.359275148688067,-18.166223056799243,-19.943476596618332,-20.37882857658669,-19.588096534578685,-18.512777676737347,-21.755798706365134,-23.47980151261772,-24.812770144069127,-26.540861208319157,-27.838891698109688,-24.83372732365034,-31.216552986225583
-9.96997838915622,-10.27298158110538,-11.068142530641408,-12.379016115212622,-13.045882604667984,-12.680933534737465,-12.925716055432181,-13.803709155929603,-13.714078183534715,-12.44730120632777,-14.089878025457786,-13.648118480646891,-13.04125562075227,-11.059440336789057,-9.307026022017496,-11.985224448301263,-12.816585389138618,-11.46855862914318,-14.003868450892837,-12.504438297107916,-12.513023803142504,-12.412189851509169,-11.605267821025038,-13.16787961424721,-12.505357010611421,-17.064848996311877,-19.832149604772958,-17.936170561104202,-20.00876935505557,-15.801916674658873,-22.332812915079984,-15.259196166645633,-22.942260451351544,-22.787389582332004,-20.76545485120804,-21.965146614263006,-24.900845974920806,-27.65337201570305,-26.569756418293004,-27.542038506219928,-30.575005596978137,-28.603639319542527
-10.42866259854721,-10.084518262933496,-11.05135042094976,-12.218623461038767,-12.170528293082427,-12.193970806039376,-13.475195855966764,-13.89700054608801,-13.830381977504413,-12.206854702007819,-14.236143594852699,-14.980381798705679,-14.595877761535819,-12.120224798662258,-11.749207263660939,-12.167693652044846,-12.260703701644617,-12.450639074490816,-12.86764965036474,-13.590939012627626,-12.828284609572409,-13.150563431954687,-15.871351860901553,-12.396627137716044,-10.515877198943288,-11.394644947475605,-13.35529647961664,-17.922979906797302,-19.46871407953265,-20.021245831769985,-15.707427443575417,-22.33198280337472,-18.619028436590636,-23.296025299278494,-25.385302727092114,-24.289662839003284,-29.834237053786843,-27.23329673939066,-26.790283465342497,-28.29771071400175,-28.64476160276073,-30.43641192167828
-11.01857626181158,-11.149785776421005,-11.193010819665309,-8.871612316717808,-9.835779661760427,-14.009629261166804,-14.167103232981336,-14.308763330398515,-14.519805423974715,-12.036447709459143,-14.520243644849455,-15.688440628319158,-14.75734808336491,-14.270376585727956,-13.611714040192883,-13.302889683549601,-13.53650984259336,-12.79735097977153,-13.065503687527315,-15.137272933403121,-17.793920836152257,-14.241290341871027,-11.785798642284815,-14.541459086540364,-13.42220632741435,-13.05888294096375,-13.170531352613018,-13.245013818524395,-14.082588335227397,-19.733840893600167,-22.082846016107904,-23.45870156365943,-22.358038336618886,-20.237589310017825,-24.843711667490503,-30.204727194066585,-19.98241672397108,-22.75474334286451,-27.76024323911945,-28.517760995456257,-28.20910633183576,-31.43105804714564
-12.406754289696881,-12.800207769474337,-10.54125624807025,-11.662615895378057,-11.805885907182066,-10.598980814185163,-12.880500500575035,-15.756115388093479,-15.1435347101408,-12.645356267314117,-14.10211454077384,-15.523382963607094,-15.76535167000531,-14.743976436026342,-13.678682337158804,-14.384774462290196,-14.707465773709398,-15.06722780394653,-15.551577596005647,-14.907531519429154,-14.795774902915097,-13.78990712518924,-13.59978768799758,-12.833955414768615,-11.891343904630563,-14.109913774245175,-16.32635267427557,-19.058424687306648,-18.794600483513054,-15.911535020326411,-23.706435525240998,-23.100934604578647,-24.316995734482298,-26.81764498474397,-27.69213334437007,-23.40022009700139,-29.995544093893333,-28.045797859193,-26.933102518479412,-28.972962630020945,-29.69454170848742,-31.60992623991551
-13.122287846318324,-13.291130166243542,-13.413176078980035,-12.095259384801501,-13.908723303871575,-12.36094650853646,-12.546888984037272,-15.231715736831969,-15.724566072365695,-14.05184790346473,-14.79150789855464,-15.472072212938107,-15.596909161646417,-15.00411926256023,-14.788571661352982,-13.454663945402222,-16.19273506962949,-16.557163027534376,-15.94384948267138,-15.295888235340485,-16.13029697318173,-15.268624183218646,-14.0157927516262,-14.822023528129192,-16.05408446115793,-15.740873764673697,-16.38139322860396,-18.974245977903344,-24.929627040041613,-24.44904004418956,-20.65006237432155,-24.483023514900548,-26.406958450271382,-25.17718566910317,-25.51417016757071,-19.792898790807637,-20.915007217232198,-26.503203905895834,-30.27672590176085,-29.303071293475718,-31.67511445530881,-34.56388382987781
-13.429939963961209,-14.551688247032438,-14.34663256501038,-13.680218037066847,-13.702890782699892,-13.511591641523054,-12.683443320644338,-13.852124046398805,-15.879325361096438,-12.724909220407154,-14.214820066495179,-14.556954267075545,-15.873087104375701,-16.011930103741456,-15.005134579671715,-15.27395889133879,-16.43339834672477,-16.183996221232263,-16.383201875275436,-17.33576467297544,-17.047720242197354,-17.320234079933737,-15.966147803034183,-15.502659276310043,-14.916821130878658,-17.117276838439736,-20.158518483310722,-17.961035853974945,-13.498934482843671,-14.01974219572901,-21.03272562042023,-20.474050851499214,-21.974365664611593,-25.585248057398264,-23.146522229117814,-26.99185281751572,-27.216780118809314,-28.633222451623848,-28.032342711717842,-29.58708625232042,-31.183596056884838,-33.82181026621294
-13.126504289758898,-15.856900783687879,-15.079954895539927,-13.667761871708201,-12.63584361051636,-13.769664159100284,-13.760780973857695,-14.037105870489134,-14.259425232199646,-12.76909016685494,-14.358344432056192,-15.00870028333506,-15.519110176322851,-16.11796033038889,-15.696957856441026,-16.47070142449678,-17.31001139255807,-17.02154492456976,-18.2619919988109,-19.71166034266635,-19.27753092651829,-17.73815877870916,-15.428097299902156,-14.870885713203108,-19.7158755300148,-21.975324563312512,-19.230238736344294,-15.845832858604016,-17.020641212732382,-19.488104886622953,-16.337852919797232,-19.978333514465252,-17.5970401733912,-19.417740962483325,-21.16995414207388,-26.379255397397873,-29.668829134468655,-30.580627663359515,-29.850072504078753,-28.38751369788117,-29.647701533288814,-30.742715694370823
-14.461999406612307,-14.909165811634352,-14.727397728404341,-13.2578023084222,-13.598075997583134,-13.337381607669869,-13.871362003842483,-14.852954807246496,-13.98412492591921,-15.499009822905231,-12.368572788135298,-13.568302157275157,-16.52725319918057,-16.2540816632632,-16.792549111606565,-17.17047518029378,-16.213358497765558,-16.25405592438685,-17.54358488601611,-19.910283989006953,-18.57818629311589,-16.73264882319256,-17.60381084919197,-20.834396753630624,-20.427118832587414,-17.02551651086043,-21.220630722453876,-21.492254892100444,-18.493488418403523,-15.258625540566541,-17.457958948138362,-20.08360656067957,-22.11855074457108,-21.349548489345572,-22.74029413794314,-25.64675029213413,-27.977007407303127,-31.239891147731473,-31.947017837255288,-29.540461705356613,-30.859593571343716,-30.87478049247168
-14.727829386101734,-15.290143528894768,-14.921272850225062,-14.250347532638271,-13.44403221076347,-14.22680617846355,-14.01730376714989,-13.952894664762336,-15.524388496465429,-15.152286752961508,-16.00369507966813,-14.383206731319788,-15.634354816480268,-16.825496462122402,-15.893640991247239,-15.125411468268483,-15.852677046943956,-16.41684157421453,-19.500883665336005,-16.433607696227146,-13.952707319964453,-17.279947106228978,-22.072151878578218,-23.476365174497246,-19.247130975616084,-17.306334260849287,-19.22011684533124,-21.831864795703893,-20.476738616658658,-16.49989970701875,-19.242740640146767,-21.462570264932953,-22.18178411320158,-21.800932796292727,-23.687111430502963,-27.16556138672526,-26.134173649288226,-26.319818182475917,-22.83975353901782,-30.154539787540877,-32.307972954434305,-31.238066364422238
-15.6589178501878,-14.719401293527094,-15.830315362393597,-14.93536494706694,-13.412565931727343,-13.874618465213658,-14.634392205794164,-16.14863885742389,-12.69399208739945,-12.244857356382488,-9.352532478658087,-15.646346311056405,-16.40573986897208,-14.086632254286233,-14.355792743389925,-16.33073541886418,-16.889430547772367,-15.760852078562523,-17.936073196618477,-15.251425439621487,-17.794280857946738,-20.48995862254715,-21.141699054979785,-20.236301764166452,-17.135561913179995,-18.076978692802673,-20.484599179045663,-19.045138986461602,-17.333534680767126,-23.494879088141893,-22.599560059168706,-18.685807508433655,-18.631793174485317,-23.33135688803401,-25.942478735229578,-26.1050300949897,-26.8204442254761,-25.81195949155208,-22.113080787290073,-21.872363820708824,-23.080836501538172,-26.90121624813555
