public/json/wind_2018-09-1606_700.json
{"header": { "discipline": 10, "disciplineName": "Oceanographic_products", "center": 0, "centerName": "Ocean Modeling and Observation Laboratory", "refTime": "2018-09-16T06:00:00.000Z", "significanceOfRT": 0, "significanceOfRTName": "Analysis", "parameterCategory": 0, "parameterCategoryName": "Currents", "parameterNumber": 3, "parameterNumberName": "V-component_of_wind", "parameterUnit": "m.s-1", "forecastTime": 0, "surface1Type": 160, "surface1TypeName": "Depth below sea level", "surface1Value": 15, "numberPoints": 4800, "shape": 0, "shapeName": "Earth spherical with radius = 6,367,470 m", "scanMode": 0, "nx": 80, "ny": 60, "lo1": 109.0, "la1": 20.0, "lo2": 116.89999999999955, "la2": 14.520000000000117, "dx": 0.09999999999999432, "dy": -0.10000000000000142 }, "data":
[rows 0 to 18 of 60, columns 0 to 42 of 80]
null,null,null,null,null,null,null,null,null,null,null,null,null,null,null,null,null,null,null,null,null,null,null,null,null,null,null,null,null,null,null,null,null,null,null,null,null,null,null,null,null,null,null
null,null,null,null,null,null,null,null,null,null,null,null,null,null,null,null,null,null,null,null,null,null,null,null,null,null,null,null,null,null,null,null,null,null,null,null,null,null,null,null,null,null,null
-14.984618771470592,-14.891074197298165,-14.768908860904734,-14.927202633472596,-15.68323717858611,-17.080832520962915,-17.337868842242973,-17.32491597969752,-17.50933610462013,-17.06983956970457,-16.46763937802868,-16.48911734953852,-18.24188233173564,-18.84793857138641,-20.446198151434842,-20.976565289692246,-21.33990527781104,-20.975499973994904,-22.237536215718947,-21.630923319535274,-21.118266205538596,-20.593949585786866,-19.492233404572143,-19.709748340608694,-19.142636981345355,-18.78603865863618,-19.373760433894066,-19.644336188672643,-19.967828347612315,-19.47722713175764,-19.699868212627656,-19.84506249048114,-20.06483499938331,-19.835533041634992,-18.56669875556782,-16.64701437970042,-14.213112347114933,-12.55315100566099,-10.553186993596585,-7.429652890675207,-3.5121792741140303,-0.5837270251643669,0.5557925151179013
-15.132963695134377,-15.335852674639861,-15.648545265935752,-16.069855290793868,-17.579170354198077,-18.74949267794775,-19.935053927592964,-19.136873295650748,-17.611161049857714,-16.60407824176359,-16.936537348416117,-19.23688432438406,-18.063417722703765,-18.898714631329483,-20.29472894356316,-20.68645176457712,-21.402476061273163,-24.21081814765807,-25.225067087239204,-22.72418540538034,-22.735563245174507,-21.239856645957598,-20.885330970998492,-21.753798528272828,-22.18316172883973,-22.514112002669663,-22.98668590410107,-22.572385698655914,-22.531412148086687,-23.7550556530635,-25.123437341120475,-25.353186585073633,-26.5069532487331,-25.323498341304568,-25.38273895596557,-26.5579885913071,-27.069049029864548,-25.619117857845495,-23.873810521702488,-18.812205799113336,-14.839360713070464,-10.626661380168311,-9.40713802574219
-15.311694091898318,-15.91601967104698,-16.32359602053606,-16.97355962256557,-18.316057655928468,-20.07765403844037,-19.90001225487643,-18.40673458284549,-16.781269342396193,-16.317433490864783,-18.94845196706169,-19.419433219051573,-19.05793096309729,-19.48191172130984,-20.949365056771207,-22.014741374049258,-24.92594414143629,-27.121934290420654,-26.150816518155533,-23.674473480956276,-23.281204586652645,-22.569199378612733,-22.105484804632717,-23.510041573806333,-23.72862552608494,-24.887114044596515,-23.955591926229435,-25.09021332724316,-25.960023259457063,-27.044034130088118,-28.310880456713022,-29.03919929914834,-27.321131013147454,-31.45895830134284,-29.954364492348763,-29.39890385918968,-31.12152819616837,-29.423489353468145,-26.77322827689951,-24.80569224703376,-19.775447628887346,-18.010902794027345,-14.294577078985546
-15.47232560904754,-15.844631595417315,-16.565256977411018,-17.635612857393937,-18.870252572927242,-19.489001659532995,-18.406939882200327,-17.70474564778245,-16.62329071657222,-17.824311468013867,-18.518976980114473,-19.578386165476125,-19.39598252378231,-19.61699861230712,-20.887503271707065,-23.91094176766035,-28.875259457314247,-28.277525792981823,-25.78779800256774,-25.915032128866862,-23.76859399983399,-24.10051057855394,-24.906428876862705,-25.052888506238368,-25.553398321358262,-26.12136105735771,-25.81086386161023,-26.35215258114839,-27.52645359240184,-28.702207225733137,-28.96810571025302,-31.76213123777067,-30.17717583589303,-33.13318793424305,-28.78175512650196,-31.19204465502872,-31.539559978004693,-31.797291911615204,-30.879943558789243,-26.722269894534623,-19.947364171272184,-13.163023334993124,-15.349231676223969
-15.996163805581036,-16.20356740384764,-17.197691296019215,-17.942465016216804,-18.726942681168335,-18.544619078718828,-17.53257890062485,-17.754326930073617,-18.505241242897057,-18.87414081443393,-19.692794834648915,-20.374540399749403,-19.150305477569514,-19.764199617473057,-21.28191097284176,-27.368711826749525,-29.789265198731123,-28.827547013346262,-28.092587664258474,-27.30081420046758,-25.744486298491985,-25.487153678233582,-25.344967563165838,-26.04231766818406,-26.21033928389458,-25.817082242684666,-26.58171073594302,-26.902488334284808,-29.47600833057394,-30.870331494797835,-29.794563664712996,-33.29991038502604,-32.06179478928547,-31.525994170061765,-26.263429374265023,-27.769847859262075,-29.48821885491993,-28.609937759243174,-26.544585411874717,-25.224936294888874,-21.532383940668318,-13.376756079029654,-7.524242928917344
-16.424147457572516,-17.052817974610427,-18.06858002856425,-18.82990559703731,-19.214194435548496,-17.929297386019925,-16.705717107528887,-17.383951512280646,-18.454647079197844,-19.08511573547611,-20.03969332185656,-21.48222853981235,-19.71156958630162,-19.914041113870002,-22.04204017428919,-28.61618356909064,-29.806371756715738,-28.848190866004174,-28.970847729643125,-27.800374500235275,-26.440600438422717,-25.40559629064203,-27.675584713019482,-27.362746374426287,-26.939635003104353,-26.377842813806595,-26.480035210383644,-27.13263028450745,-30.006020054564154,-29.99049228030851,-33.51551998811257,-32.203044083665084,-32.2720479258726,-26.89261163339403,-24.78590684460465,-26.25690346588596,-21.891446529204785,-22.033200866273088,-26.455433444803,-26.298598873263,-24.395734462922107,-20.80328838074849,-8.024183822911247
-17.333443250757693,-18.007550769796836,-18.244258301432637,-18.68271435415764,-18.717696472410193,-16.567616583239257,-18.022372511284857,-18.04295089239838,-18.51088680066676,-19.260771927956764,-19.786061696566115,-20.97013834994241,-20.1873373374347,-19.89256105545232,-22.41156666179465,-27.10646724689714,-28.04110961038117,-28.168078427580205,-27.14530942189353,-27.951784881785247,-25.323295264562088,-27.009548915192518,-28.584371578200056,-26.409595814477203,-26.94815524950217,-26.173485868544837,-26.347194596067165,-28.33585262832929,-29.558915308173898,-31.630806555945497,-30.994912909565826,-28.785413421365966,-28.28580509871444,-28.828353534451956,-23.704736751367285,-24.66253325017911,-19.89593690754318,-21.269401083228836,-21.74887451823529,-17.883372901087665,-11.471531502930304,-4.367415902412185,-5.759794989493564
-17.989681502832887,-18.504826922068823,-19.203021014261388,-19.71099088698975,-18.6956402397363,-16.898762930337085,-18.873219033895058,-18.734000332978315,-18.973625482629,-19.219873903908404,-19.821612292374425,-20.810425091657873,-20.68124713456545,-20.440933192543977,-22.664148347224,-25.061210280019306,-26.697816795613342,-26.979641192698566,-27.907673190452627,-27.69580718067659,-24.277917802378894,-28.06145619995452,-26.973858092023878,-27.449793066279955,-27.236173067040596,-25.97604271105026,-27.762219129850113,-28.5250104545933,-30.020784175158227,-32.126046621752124,-28.31120855868938,-28.93917042577587,-29.01936498658309,-26.917459029715083,-22.679714943446378,-26.068283055358684,-23.589178469242867,-22.00896196548633,-17.71803690332994,-13.366223447388727,-10.332971276954384,-3.6719249182387252,0.29895116663755983
-18.599750612701147,-18.8093542520295,-19.640323836475826,-20.597567655447307,-20.875583568133045,-17.355584232852053,-18.930299552294613,-19.17714705121088,-19.72743490596355,-19.783023359803284,-20.143081073456976,-20.48931239696201,-21.127564492947794,-21.020890624793175,-23.69708502759822,-24.274404272650877,-26.209505977558514,-26.881345858939692,-28.13768536146001,-27.82095500651469,-25.02369468670355,-28.01320526925585,-27.014610997318172,-27.30013409568155,-26.901728367462983,-26.62284536059441,-27.82568685882522,-29.422525751140377,-29.831196876363784,-26.99960226636054,-27.02054338955577,-29.89463723487083,-28.29814016964852,-28.248414845533134,-29.35511473222707,-25.364891182052375,-22.473743697441414,-22.456904179052533,-15.888593621588253,-10.68557683423843,-8.388949884357272,-6.510478826698479,-1.272127451718421
-19.344961010050987,-19.623344612846985,-19.852069927415435,-21.130940954948237,-21.503817747257784,-18.567904446715183,-19.70285765918083,-19.68627904051322,-19.408620706673656,-20.25477109642908,-20.539955829476753,-20.159204458975864,-20.502866501016207,-21.71194159620088,-24.329557270811694,-25.351064860649792,-25.85939203568424,-28.316869627621884,-28.365855756845413,-28.062658534868348,-25.66092887139294,-26.889124144721304,-26.692211340644928,-27.612985191264304,-26.978391820900615,-26.482895900146744,-28.927737933550215,-28.651131236030615,-28.191848428337103,-27.546481483423825,-28.381290155342537,-29.51437745229168,-30.64035963263261,-34.14211570949713,-32.595990978659486,-34.22818691005648,-27.49510725673229,-21.618378566486136,-13.289146446157535,-9.098122748555403,-7.733605018433351,-4.990416670679001,-1.047727737945893
-19.39574008071839,-19.556228810175167,-19.973593568693303,-21.31955020393643,-21.76904746044675,-19.72742566913544,-20.35027206293522,-19.140416533957858,-19.32148798063996,-20.240103678238288,-20.298163863476482,-19.898596673933806,-21.09662110808366,-23.04562768361758,-24.413139604253484,-26.39397271866016,-27.148130671965156,-28.11992889692447,-29.158157329569075,-28.452318137474457,-25.93100348168863,-25.47864178265914,-26.10863980005688,-27.853304566767864,-26.80514229122667,-27.111966548107763,-28.219630164807587,-29.499716782492676,-29.14735805172159,-29.458743637138802,-28.305110829572747,-28.90520572202665,-32.30101813119849,-37.73369904952891,-33.86250857590957,-34.02981057919408,-27.213528534080165,-21.590643091623832,-13.05305857206527,-10.29851263201124,-6.560409739008429,-5.080047580915058,-0.4800703237929609
-19.3316209585185,-19.724952745904755,-20.217198819492626,-21.465499441716396,-21.431615292951907,-19.90972476964395,-20.064800544022788,-18.659779057163792,-19.10333702922059,-19.59376284502695,-20.088275129666812,-20.17464511628482,-21.041168288259883,-22.494886048783783,-24.336471886377115,-26.513787850917275,-27.452038206667936,-27.57182673128844,-28.755838363527236,-28.725278198133044,-26.118193865630975,-24.300269894343458,-24.721215523022195,-29.161301225782662,-27.168182315725577,-25.794495522744832,-28.182616590401935,-29.43703126551423,-30.308335648939824,-29.46970274219152,-29.09077440700512,-31.403537714619674,-34.3068132208464,-35.75579055387448,-36.64334852964473,-31.489746735080235,-29.13131181500845,-22.12399785931015,-16.37552187487969,-12.203418685271755,-11.325787082306402,-7.100578764051907,0.891734236766948
-19.128019752836686,-19.75972725814489,-20.899183917953742,-21.34908769302982,-20.89588382350361,-19.22769826034474,-19.27066634874771,-18.09732776962616,-18.581531634702277,-19.131416923697124,-19.76422392468405,-21.030805092089576,-21.19455012973629,-22.17449643634937,-23.96750015040104,-25.835829048631858,-27.03306518262453,-27.740464462571563,-27.77646530099659,-28.75786198411694,-27.100049859495243,-22.647552740129967,-23.235914056457666,-27.582115714299785,-28.65292596923217,-26.599254207262955,-26.79388534095404,-27.538895873638918,-28.623466451837363,-28.963730852031198,-30.485961711434832,-32.80198868928602,-35.27208851568918,-34.11134159662838,-31.88372536852417,-31.969996129720112,-29.64878703663286,-22.120175862259448,-15.443973358840472,-11.184001978571729,-9.109163742010223,-3.748003800596342,-0.8242290687488474
-18.797323400138257,-19.416045567236903,-20.680577367575353,-21.1426011731337,-20.635256170969036,-17.56133598238872,-17.75904529311518,-17.20663736438496,-17.967656300645192,-18.936909637653454,-19.667777409980815,-20.39339278753452,-21.35982001856158,-22.176742400296714,-23.33902124403577,-24.797365541140003,-26.385060346713992,-27.593455313821746,-26.91130388782267,-27.378195773630416,-29.229625306356112,-25.532701089174996,-23.930009492577774,-25.672200348551517,-29.271665346527723,-26.850809890824728,-26.74646321571825,-27.395354464174474,-29.901895632103717,-29.585808073030417,-34.64878947138091,-33.20907356277133,-33.64743443727507,-32.2304710894319,-33.06130565972348,-27.831395339006477,-26.40058402864778,-16.469419813969594,-15.750703681294482,-8.493572890612603,-7.617105983951582,-3.4651189650285517,-1.3745770978146905
-19.092778045972054,-19.31656743250798,-20.197504521042006,-20.96256270031457,-19.25980419343697,-17.411011342722997,-18.142221792680708,-17.90402878940156,-17.86919852889715,-18.605486973045526,-18.920685972328727,-20.174911719338343,-21.58107310050234,-22.932542889111634,-24.28001586638801,-24.86313499231826,-25.114197869252774,-26.17403509726931,-26.2236704042566,-25.982547614210226,-28.087146569469162,-24.892273895793554,-26.69543632735315,-24.70651024870783,-25.139833491966247,-24.043148736535496,-25.375295827153607,-29.363659583405255,-29.823521950337874,-31.221263861596057,-35.12498733624048,-34.23858700360657,-35.081562689812216,-34.06165793645835,-29.916399365639336,-29.445699424113748,-26.619958049449775,-24.47982885732038,-17.561906050643763,-14.747598205590654,-8.543635784246302,-4.651374374705518,-1.1157657723690502
-19.23502041740515,-19.652450385713756,-19.8512714501974,-20.33553467164357,-19.0278865435033,-19.359891404521505,-18.422227393133507,-18.02854880579015,-16.95260231824103,-17.224847848140335,-19.08337541577699,-20.254581579306098,-21.566092442419702,-23.07055580195054,-23.329561197031577,-24.60325070678307,-25.751990354234863,-24.78977105585085,-25.290774120410315,-24.91367867281819,-25.82878149758093,-25.19984518998939,-28.04831791091956,-27.95757580837877,-27.48125643267407,-26.608379942928252,-26.681971884002373,-29.38226409664513,-29.970401422407182,-33.180434537109136,-34.18848809688053,-32.895091436649786,-37.43597186298348,-38.040594601390936,-36.24276119384166,-35.822916153568094,-28.807914495248248,-22.65237235251414,-17.012167997816178,-15.55353069440652,-10.905665573556417,-6.69184769420059,-2.914109269883435
-19.111038598552664,-18.713660468034764,-18.860135508612018,-19.843573015356778,-18.017663936584412,-18.83552471212611,-19.461033127735305,-18.825273592121007,-18.555411440339064,-18.7054603789216,-19.46776765103987,-20.565827979489818,-21.803290781029,-22.09510367096216,-23.225698204246616,-23.878829892905138,-24.395388590018676,-24.826665408918053,-23.6913445035546,-24.666968683146614,-25.533524430278707,-23.949059578982837,-25.3030690211634,-26.718789350761604,-27.419382989383365,-31.15265415070838,-27.992501059117338,-29.46087344970566,-30.164673994975807,-33.86195317263568,-30.8369758731974,-33.53378557215104,-32.84911307093629,-34.00652962015967,-29.22036579605236,-34.62205249092082,-31.78323427464268,-22.00436358992655,-18.03768333554509,-12.938732043527244,-12.721229158911258,-8.970137348439312,-5.8768109833297135
