public/json/wind_2018-09-1519_925.json
{"header": { "discipline": 10, "disciplineName": "Oceanographic_products", "center": 0, "centerName": "Ocean Modeling and Observation Laboratory", "refTime": "2018-09-15T19:00:00.000Z", "significanceOfRT": 0, "significanceOfRTName": "Analysis", "parameterCategory": 0, "parameterCategoryName": "Currents", "parameterNumber": 3, "parameterNumberName": "V-component_of_wind", "parameterUnit": "m.s-1", "forecastTime": 0, "surface1Type": 160, "surface1TypeName": "Depth below sea level", "surface1Value": 15, "numberPoints": 4800, "shape": 0, "shapeName": "Earth spherical with radius = 6,367,470 m", "scanMode": 0, "nx": 80, "ny": 60, "lo1": 109.0, "la1": 20.0, "lo2": 116.89999999999955, "la2": 14.520000000000117, "dx": 0.09999999999999432, "dy": -0.10000000000000142 }, "data":
[rows 40 to 59 of 60, columns 0 to 44 of 80]
-17.176738862756743,-16.894983783896357,-17.8272976214305,-18.848077384474163,-18.465108715544353,-16.776494211701845,-15.213554175312925,-13.18519515556837,-12.229600247466362,-11.24099364605074,-8.295655960245703,null,null,null,-16.474998951423053,-12.101582306790482,-15.68518863720157,-15.343598644993516,-14.126195519452887,null,-20.93984398142393,-20.054877318617944,-21.151042951194725,null,-10.844421079228951,-17.013091927242233,null,-18.089229826854705,-10.125221498760608,-13.038559831765525,-16.932136783955986,-16.237416014606552,-16.46132796775061,-17.09241424943005,-16.93498771645199,-12.11871022068253,-9.410374198226247,-16.007276549102613,-15.603132749288081,-14.885222532616242,-10.598322919161353,-18.63221720223097,-16.969261389831775,-15.134416507951117,-12.320602095990042
-16.372482380255338,-16.93052180656678,-17.56447048113441,-17.410597170153565,-17.992048020749436,-17.66527993875148,-16.146558868939366,-15.161856212117124,-12.759025499758035,-12.00123334953073,-9.896666599349738,null,null,null,-14.729678228307785,-13.954573414067283,-14.139881687384207,-15.05688089005173,-14.024201572035153,-17.930329115552173,-17.996291771183294,null,-20.084914285562736,-16.30296471793083,null,null,-17.54260564760574,-16.125751794663238,-15.021838759244982,null,null,-15.611763908586056,-17.64771253899388,null,-17.520925215981926,-15.840881913058123,-11.38584365746764,-14.651857757840347,-16.73563435017893,-14.639573390241852,-15.248029658992614,-13.557263678510507,-17.120612058148026,-18.878002952814008,-14.756808788109032
-14.22501424367281,-15.529412814260583,-16.328600861578177,-17.53439141214029,-17.260861474545397,-17.993692195768766,-17.650081235961384,-16.996504272988343,-14.254452852813541,-12.475403064594968,-12.0461415264269,-8.97099436569291,null,null,-13.390785703500253,-16.43713394428925,-11.957725297948684,-15.429630334045566,-10.121843963527782,null,-20.71176473635972,-16.722712377988408,-20.01586100642186,-19.1929185622042,-11.516541233141167,-9.19082213657213,-15.105210981581536,-16.24397531789834,-14.680874508486943,null,null,null,-19.374188552319165,null,null,-14.909621693426455,-11.669719527931086,-9.152729028572022,-16.14375663400259,-17.53865796182949,-12.442787491948144,-13.131737182769045,-17.182995998974455,-16.61899104850984,-19.1629402206613
-10.023745845772051,-13.68444881174333,-15.998301458384828,-15.99380039722081,-17.02427872440204,-17.543651692219935,-17.80112182560707,-17.528997374400113,-16.320528578518218,-14.083734948563299,-12.30091684854981,-12.49303994680383,-11.258833614532332,-7.496835195885549,-10.002245520178022,-10.871239298027874,null,-8.301991388717859,null,-9.058397924803996,-14.820492289785495,-18.124377835299732,-18.480249937488736,-18.555031911257306,-14.28993604972548,-12.36679725953272,-10.763365861858501,-18.092227457372264,-14.819595748861165,-8.259308317975151,-11.080203342590178,-13.054013120863893,null,null,null,-11.951605096926981,-16.889715838960782,-10.178676171734892,-10.920615750836294,-13.894141637905324,-21.61750898274814,-23.273995032180448,-23.15329874575739,-24.19498667123362,-23.481861890534333
-9.329311488124947,-9.206947554316324,-15.273808728111078,-16.152957842951405,-16.3773876733887,-17.51107870654102,-18.50424077591834,-18.353617959291356,-17.89588026975432,-16.575160765404824,-13.812626421380008,-11.361626181644148,-13.664281835270586,-7.955225167623416,-6.735307152744602,-13.38136366482086,null,-11.232229910917962,-6.478737243090084,-6.500484582221493,-8.17680989197499,-20.203715073323636,-20.142036043497875,-19.747920816814705,-18.025092715440962,-7.328556858060457,-17.121967362247613,null,-17.515619790381233,-11.665971689845744,null,null,null,-16.217246776462147,-15.337696465379798,-9.630971277201397,-14.34732081236375,-8.890631154450627,-10.077890847161985,-15.800745539233155,-19.201747501936644,-18.157230813947237,null,null,null
-10.369917191598741,-13.505113529175816,-8.874093384800275,-16.143535139799162,-16.077252408506677,-17.05265547956124,-16.908952539995514,-18.6261763456049,-19.069386858388153,-17.699215478166042,-16.932307754703217,-16.545381234269758,-12.408167845510391,-11.40395145541175,-7.0758470944156855,-10.073536248415884,-15.235561740298024,-12.488374468000906,-6.13304258430306,-15.730028221599511,null,-16.608396842203607,-21.176447313001756,-21.598432596896856,-21.66753767325146,null,null,null,-13.446010716304814,-17.09161788737772,-11.977140106677709,-15.474748824517004,null,-8.767734983436474,-18.01717531406502,-13.964883720207533,-8.43388152378297,-9.874142805790159,null,-13.815694514229701,-12.250441063490504,null,-14.780370604950015,-13.68856317210291,-13.884634911027334
-10.774912152393416,-11.49636785453772,-13.265264940970757,-9.348925729427089,-15.260342458363489,-14.446817095458282,-17.953608959151534,-17.74971780908369,-16.920282226343055,-18.78795414213348,-18.894628429188764,-10.247390020477976,-14.264952195099255,-15.089519068110732,-10.133421788928416,-5.7369583100896735,-15.391634202165537,-14.762800548610224,-6.9171275306015145,-5.133345401362471,null,null,null,-18.40170250734813,-18.596564415770324,null,null,null,-16.884437120815043,-18.950931779888407,-20.45273391673838,null,-15.923255388623625,-9.133900251311363,-13.709081169687622,-15.02202624855964,-14.403493509128026,-13.187323309840169,null,null,null,-11.192331914856588,null,-14.955323629730442,-14.239345099952196
-11.463798630724089,-11.527576477087742,-11.799226315655227,-12.631112177830634,-11.673770480115877,-14.631191980483248,-12.232730082521122,-15.220686336773516,-16.992307077594173,-17.4345878659879,-17.626568320795712,-14.948361306433352,-14.021863991847866,-14.515193556297453,-10.460706305195465,-5.844554051170077,-4.73910838248538,-16.28752836719806,-13.538225995566643,-8.02846881823423,null,null,null,-18.731507993684474,-18.207095855336103,-15.864511229830011,null,-10.412442164813132,null,null,-10.063773795934978,null,null,-15.53756749505446,-8.774364808499701,-14.11912131411799,-12.713099978206007,null,null,null,null,null,-7.728193145757484,-14.941638398810255,-14.608472912532434
-10.448745923694029,-10.84840679873091,-11.612100692679169,-13.351095372896824,-11.083639106412615,-12.471000539133652,-13.012542670698926,-13.333223069753807,-14.049847503708616,-17.31079958454508,-15.389512172212894,-15.743850728275296,null,-16.157254424844528,-12.918823657678654,-8.507886938004884,-2.5917308282058285,-17.221957663845775,-16.56542801818163,-13.958957225723648,null,null,null,-17.83511580379819,-17.673392275509777,-16.363165737647925,null,-11.833720845583679,-8.41105156608069,null,null,-11.97427394475524,-13.012335623872335,-12.970168910736778,-15.707600527518197,-16.391799431923776,-14.30625732139196,null,null,null,null,null,-8.869241608825801,null,-12.15127792065916
-9.957178518987906,-10.380565082982798,-11.713802733908805,-12.129531430361025,-15.390191609628038,-9.07080392491018,-10.314561666488501,-10.497384195630653,-13.300885394128041,-11.181681407768899,-15.570999937714042,-15.319067192478483,-14.624302388070385,-17.17962212275728,-16.079048226597788,-12.84633085320822,null,-9.894954806175539,-17.734703849785852,-13.584400597701748,null,-12.558841450592112,-13.302475864880913,-15.388961476825486,-16.715264632838448,-18.616890771746302,null,null,-13.602713863442164,-6.712850851121083,null,-17.400540091787573,-17.717422599839672,-16.827868285982618,-15.258858069728582,-19.014854289455055,-14.696388247267278,null,null,null,null,null,null,null,-7.45826432132237
-10.451437919917685,-10.60259425677911,-11.599715306472884,-13.219423349269352,-11.428439176391214,-13.370247771251616,-6.806598991932211,-11.461202920906064,-7.996058428624172,-8.53478684706322,-14.953184902675769,-14.824925504287725,-15.881025477356909,-16.04005572506503,-16.940989886585626,-14.267455801524815,null,null,null,-15.263330001156643,-8.599255781655142,-14.5566498803567,-14.996991450888197,-17.414780295147466,-14.930037827965958,-17.5627310536098,-16.733105629907985,-9.811897206463756,null,null,null,null,null,null,null,null,-16.47491602056553,-10.964386782073714,-8.878612648286758,-9.757286851763713,-7.671291829789423,null,null,null,-7.3535680239220484
-13.810522972664762,-7.951668776051799,-12.170926976100523,-13.405584772131101,-12.007503317801206,-13.942438285012063,-7.034693339487218,-4.48963689332674,-10.06758553247798,null,-10.888915308624906,-14.111962395540342,-15.474783396993123,-16.280182256142854,-16.20499912309301,-16.34635462557458,-13.167149555739329,null,null,-15.49117815218751,null,null,-18.840871865219825,-14.708872854280617,-15.907702011125393,null,-17.246842191788673,null,null,null,null,null,null,null,null,null,-16.049550784401422,-8.68445201887852,-9.86927705759937,-11.415169276692527,-7.151319446517368,-6.367666988532468,null,-6.053416599131353,null
-16.677654253261306,-13.51000109052162,-15.169089412788738,-13.032021937943814,-13.260327925260455,-7.686927689406749,-9.043874189353115,-0.31454510477345,-5.338413642380959,null,-9.969658773859722,-13.667228557100023,-14.250783719486245,-15.744560788456868,-17.88168758398646,-16.56967089650578,-16.231019131361904,null,null,null,-12.449836532027765,null,null,-17.609348668379774,-17.54383513902573,-15.343232462891056,-13.76345061786155,-10.508935130245158,null,null,null,null,null,-11.896943696588052,-11.154413484602513,-9.937465587549251,-15.951557607717355,-14.189263435081811,-8.71861536506886,-13.137169317504558,-11.268985379500178,-5.1914929045151075,-12.101866946184092,null,null
null,-12.601423674223799,null,-13.39253947353766,-14.169821829193914,-9.266889646652047,-9.101601364498801,-5.751868960433412,-1.3169010676428283,null,-12.6922428776571,-11.37653757741513,-14.907299891840182,-14.516729617403335,-16.29134442357156,-17.45248939941032,-15.239397927187953,-14.822018877975221,null,null,null,-10.59704772412697,null,null,null,-15.819441437428779,-14.459039607186329,-15.12541450133953,-14.874129928865203,-12.2324441908389,-12.731575673713575,null,-13.999682248185437,-14.267814103388309,-15.835110540012053,null,null,-16.620277031944976,null,-13.811480140427589,-15.498807389731967,-8.760263404191818,-8.960420624361898,null,null
-10.15272080899485,-8.550853243581155,-5.329237217990135,-13.517032649197485,-11.432962691969294,-12.719359005066842,-6.395332197823967,-13.808421366342259,null,null,null,-11.987698790881492,-10.40296588731367,-15.075620519894992,-14.448054001986788,null,-16.789301488717527,-12.78976107395771,-14.012280115027844,null,null,-16.02460135907012,-8.559008927052261,null,-17.25680027712899,-15.551666696411925,-14.658574319598745,-15.505664142919876,-16.394743393534764,-15.254743604397213,-14.142414209864599,-14.62014422267427,-15.00548875884594,-14.938778440111331,-15.293370423328037,-12.257005019768812,null,-12.101649069593412,null,null,-16.435279885260393,-10.720733320896375,-12.312465499428404,null,null
-10.539087369296087,-13.882172380261698,-11.573935837762786,-9.2286777872464,null,-12.338754925970289,-11.19646557205052,-4.940603904564176,-8.641561470616203,null,null,null,-13.14732399649536,-11.135117322943252,-14.454269029368708,-9.87418929105053,-14.868869188222883,-16.123106748941854,null,null,null,-14.086654510016592,-5.390999176793312,null,-15.583405431718266,-15.848812415301477,-14.856932845756562,-16.77110398122882,-17.08751970359702,-16.710729539397867,-16.204190885603523,-16.06294961922827,-16.726678462759665,-14.81226048141058,-14.925026904325007,-14.468347083431388,-13.403596405183219,-13.033916205929877,null,null,-11.831652705643151,null,null,-11.914388998069859,null
-11.4531457443435,-14.999247415250117,-15.32484691287355,-12.87130834715089,-13.138617322732353,-14.233615063612893,-13.575041598847431,-5.06738722993176,-3.058541020572246,null,null,null,null,null,-16.748464585149858,-14.655206911682926,-11.23631539738835,-17.46160752617035,-15.512046726658415,-14.300924538384768,-12.025461047553005,-14.553563462727968,-13.134141757755469,-16.868473766970908,-17.746698302471877,-17.687577762985875,-18.986594370199196,-14.41832746006797,-13.445257531286872,-15.167516398462853,-17.209953222465366,-15.568585273361618,-15.776995215708888,-15.130735960263237,-14.915681995070948,-14.573060580220215,-13.926261244628623,-13.539739271802357,-12.832827198029948,-11.809200227858481,-11.909929670940963,null,null,null,-6.216787644455976
-15.249367316793567,-13.60092410669965,-17.02566607620863,-13.235335660878352,-17.72378039301353,-16.83752210072818,-11.359006351413004,-8.37957960886835,-1.838529747222378,null,-9.902606102441545,null,null,-15.089101281965242,null,-17.96582880315728,null,-14.048355591280156,-17.3414752558433,-15.543247890410555,-16.948695832297627,-15.955621432737225,-16.86508384175515,null,null,null,null,-15.139420880186908,-9.764929109294272,-12.824543670904395,-17.43964767599038,-17.110041644312673,-15.6610542793632,-15.81534997764853,-14.70363374420775,-14.843118991216919,-14.187858725563569,-13.850727205546429,-13.469038365376056,-12.856120407396606,-11.58772287393513,-9.967482162973017,null,null,-3.4849441033477055
-9.63771218283835,-14.255798127894154,-12.846296673370112,-15.617419583868841,-14.440313645679664,-16.092733310836827,-16.66908770013092,-13.247932175015222,-6.24416209620299,-0.621658391639812,null,null,null,null,null,null,-15.23068232345662,null,-16.451680506945024,-17.79397745978786,-15.918415097516743,-15.863500271976129,-14.196999064466139,-11.522413062118071,null,-12.965478690319888,-14.612076057654317,-13.999160968003077,-10.348274320040806,-16.00192569713025,-19.65638829046184,-18.3232946558352,-16.858922253908894,-16.71727758356383,-16.508200068216873,-15.74775489467082,-15.360466139509406,-14.583598888789787,-14.236339586092747,-13.715740115050863,-12.589543242508034,-9.979446124956059,-8.410663158660716,-6.451616607203961,-7.799145442572739
null,null,null,null,null,null,null,null,null,-7.1001928790047035,null,null,null,null,null,null,-13.214722525040907,null,null,-17.714206278460118,-18.10457423035053,-17.091390846577514,-14.045934049288206,-14.23150921102402,-12.658931871178815,-11.868125753528222,-13.44255415769982,-14.129332974791637,-12.027386986963423,null,null,-16.994513212672537,-17.52956089787561,-18.002704733032235,-17.994775426737874,-16.953653687883552,-17.195591206588645,-15.992401132000147,-14.732420420531112,-12.900553388338665,-11.96646261788845,-10.780020399175488,-9.491936427497105,-8.33531134892625,-8.845802356961666
