public/json/wind_2018-09-1601_700.json
{"header": { "discipline": 10, "disciplineName": "Oceanographic_products", "center": 0, "centerName": "Ocean Modeling and Observation Laboratory", "refTime": "2018-09-16T01:00:00.000Z", "significanceOfRT": 0, "significanceOfRTName": "Analysis", "parameterCategory": 0, "parameterCategoryName": "Currents", "parameterNumber": 2, "parameterNumberName": "U-component_of_wind", "parameterUnit": "m.s-1", "forecastTime": 0, "surface1Type": 160, "surface1TypeName": "Depth below sea level", "surface1Value": 15, "numberPoints": 4800, "shape": 0, "shapeName": "Earth spherical with radius = 6,367,470 m", "scanMode": 0, "nx": 80, "ny": 60, "lo1": 109.0, "la1": 20.0, "lo2": 116.89999999999955, "la2": 14.520000000000117, "dx": 0.09999999999999432, "dy": -0.10000000000000142 }, "data":
[rows 0 to 18 of 60, columns 0 to 41 of 80]
null,null,null,null,null,null,null,null,null,null,null,null,null,null,null,null,null,null,null,null,null,null,null,null,null,null,null,null,null,null,null,null,null,null,null,null,null,null,null,null,null,null
null,null,null,null,null,null,null,null,null,null,null,null,null,null,null,null,null,null,null,null,null,null,null,null,null,null,null,null,null,null,null,null,null,null,null,null,null,null,null,null,null,null
-2.57432154203092,-3.1332087265665898,-3.505718446146006,-2.9047248022171352,-2.6340985722099113,-2.25411573396899,-2.4954977057488663,-2.9314839335378333,-3.3067704456564964,-3.4528383001054896,-3.7848388212791946,-4.253188246351265,-4.116439416599596,-3.25582976241813,-2.232806340276232,-1.6499509842099567,-1.8150903643116192,-2.2861717389316203,-2.500874904217537,-2.809719182910613,-3.1209892032697724,-2.9522925387529755,-2.548567446650697,-2.0891827075413167,-1.1619297538746027,-0.49085822758229136,0.42767843777140024,0.2991288528636516,0.025099524432529087,-0.8892582990862881,-0.5029198305306255,-0.4057097812805588,-0.5865483985800166,-1.0911458357068506,-3.7298053615470788,-4.903156754808394,-4.4737797465805595,-4.790250865451841,-4.704211553925427,-3.83404184416097,-3.2057040637004124,-3.5355381786308797
-3.0655244100532126,-3.73973310593715,-3.9108712508266246,-3.0790659852119306,-2.9403635145296847,-2.8607596329579144,-2.9356772576215424,-3.2087839995017564,-3.617316281438622,-4.026955612933805,-3.875834114917493,-4.356917657564728,-3.928982951381276,-2.6412227800203594,-2.419415802742048,-1.9412905794273547,-2.808780066507701,-2.9744607088393855,-3.3517475754780937,-3.554615487942527,-4.160342235964122,-3.887397059036081,-3.3314132847897877,-2.659039371124729,-2.320623513598222,-2.0187243354891113,-2.0060127168841433,-2.28681360071079,-1.6609795913675052,0.1831513464033882,1.1863184325989387,0.4846757055153707,-0.2261440549071025,-5.346097690829316,-7.895741923001529,-4.360535145709183,-9.433936696686345,-10.220365887909368,-8.492908582642823,-9.417420641498389,-9.582590610286427,-6.608781514333073
-3.7765007426353048,-4.557451487606246,-3.9285947874591005,-3.2725442586922338,-3.277183607531623,-3.4980525866478427,-3.300905784772702,-3.6976227758833486,-4.310120536678538,-4.347375424739461,-4.202239081135497,-3.9673308386178565,-3.533724953113755,-3.321415472418326,-2.742685300243346,-2.9192803757876593,-3.567187343394372,-3.6396763765413067,-3.7349129030158927,-3.733583505962296,-4.145185500438407,-3.776069623870984,-3.1293410802989245,-2.8578111308818106,-2.130304377549212,-1.282918489919652,-1.1669956467076306,-1.750958328719083,-1.6388582649388037,-1.0960704705086626,-1.1251753438779333,0.046555570803618454,-2.227344221076171,-5.821751828097909,-11.74526026168958,-12.657876345793674,-11.729059661397736,-9.05470259197026,-10.02116793191233,-10.87625826723177,-9.58577866640301,-10.386690636490798
-4.469245611025392,-4.859351606244831,-4.140094150264417,-3.504321419019223,-3.643123232977309,-3.771469503539267,-3.9055479011297463,-4.438472779618043,-4.424279388400188,-4.4331425474142385,-4.696144829648037,-4.396397184960884,-4.146967745868683,-4.376517769974923,-4.340432293366032,-4.468970659458695,-3.9255103257101323,-4.014329053607101,-4.074919037340608,-3.853012216560065,-4.177249184245058,-3.899814941448063,-3.200483398698333,-2.0539012010063846,-1.5414184044641068,-1.218608366379522,-0.3875500018089172,-1.671025502972327,-2.0314335572205255,-2.639634465932452,-1.3632014794167682,-1.9828480564973447,-5.585445305080204,-12.693382577074853,-14.635682401714977,-13.692607552742176,-8.499390447095042,-10.32127341785976,-11.070206636274449,-12.792460181001276,-12.823293538302826,-13.235592256082615
-4.986285507857796,-5.283985842030914,-4.630912306322173,-4.097515154774246,-4.0340098104314155,-4.102359743389584,-4.516617143597211,-4.580183481348738,-4.657325992798973,-4.686279523370743,-4.941718327878934,-4.811325273994457,-4.74557828098704,-4.940550955183663,-5.003759797343963,-4.956313844623167,-4.290875368595894,-4.357125222744054,-4.3866738019322185,-4.262788713173716,-4.3325500330716675,-4.100464309472647,-3.5812677762193474,-2.4903757857957505,-2.137992503191333,-2.134782084191455,-0.8110675462702883,-2.534720438436714,-3.032924003506566,-3.4949664623611705,-3.0462850026509685,-4.902385250094898,-13.527891680135784,-15.943821118374544,-15.66675170545371,-10.832560658088466,-10.909456432752807,-12.621821207319194,-13.791625297891954,-15.283403491249432,-15.33121039990937,-14.020459559192702
-5.867647705854679,-5.753990322304373,-4.940556181390852,-4.813571729356014,-4.730171478861155,-4.6673009280843285,-5.022976624392831,-4.900265081285051,-4.775230177604883,-4.992434065837047,-5.309694404157442,-4.753601316441703,-4.858838536602827,-5.06248802807867,-5.0372062511003435,-5.209778672892073,-4.656115687534911,-4.306816793477483,-4.783499853070934,-4.4904455431293675,-4.862664360539524,-4.536072109265107,-4.05126432018274,-3.5777136753345795,-3.3419181613135556,-2.56291882236192,-2.0642984379172775,-3.086774650333864,-3.5948980225137057,-4.03207537919004,-5.019755492601694,-12.211249549459525,-16.55957240227043,-17.011105856405077,-11.944139563159474,-12.490384539796889,-14.535371137700128,-12.496620815420787,-17.200337704956837,-16.00867174275897,-14.86124362109501,-9.971115027158879
-6.4315202453410985,-6.394859412110683,-5.347249981083424,-5.194949408865416,-5.210171682816682,-5.320251446153142,-5.576661530805769,-5.389863495355744,-4.975073858317948,-4.918786103691328,-4.852248226072707,-4.490456302620422,-4.252764598991298,-5.127814449277697,-5.499232751815398,-5.3946550078840945,-4.990289789724374,-4.651615051543254,-4.955506753989868,-4.751128449232161,-5.521560768765145,-5.3471268769995,-4.8652472925885375,-4.765019098653365,-3.8541301562314887,-3.6144496596447335,-2.460734808324257,-3.0533965530469565,-3.283411014832332,-5.455368435815515,-8.84774867056628,-15.88005935587547,-17.605652184398195,-14.522950552325664,-15.13078261952428,-16.544346447753068,-13.411430779759119,-16.82908191708009,-17.407940161851048,-16.41002554151237,-16.263775927363096,-16.7360791448658
-6.515939576364722,-5.981396953884986,-5.958673533591805,-5.895591536564564,-5.773518505990113,-6.057170083516274,-6.251468723412231,-5.742517693305181,-5.205776280381851,-4.798565183757475,-4.157752926805763,-3.7903829473980526,-4.166406420416823,-5.326766096540181,-5.926223785714695,-5.896682713595863,-5.534775921552215,-4.923392461090699,-4.874702352987402,-5.225697561885633,-6.2753019175721,-6.192451453039182,-5.696985946838207,-5.409954698169443,-4.698798889876057,-4.1407650784830485,-3.657605317989981,-3.1797630599073496,-3.018525577456516,-7.643613592182651,-12.308515425898602,-15.78276805180841,-16.243542418944006,-16.810108727876745,-18.13936517609783,-15.138322242026783,-17.77087025130195,-19.01752518117899,-18.109591598486627,-18.904773876876565,-18.70425982014163,-17.95578538099562
-6.59106154747823,-6.474824400281259,-6.4159632986557,-6.317463114339587,-6.368675249916173,-6.79484944584298,-6.882219608622436,-6.486580344544738,-5.843174043741176,-4.91559803463325,-4.375078980898483,-4.113092257353131,-4.84515698293381,-5.282340017007618,-5.765908348558304,-5.563563229647906,-6.036291183850594,-5.944303550066811,-5.310941271805197,-5.9804892803386585,-6.972397755510173,-7.047149148415192,-6.665300286451366,-6.305279989696774,-5.444316330430841,-4.370171293670733,-4.830705067116006,-4.102591865675499,-5.8526217452088085,-10.558515005201661,-14.989188305023156,-17.26902875235941,-17.483591442648986,-19.105939693751424,-15.744339377365595,-18.151719344245343,-17.69432160458455,-20.012878273276336,-20.687533266706225,-21.71382117879441,-19.528935974966373,-21.396094916978747
-6.869386012614106,-6.63205780963995,-6.855291500126815,-7.103320428218655,-7.066954653480518,-7.607842480546852,-7.511762466966829,-6.8376070668700395,-6.482364777571144,-5.63990630667362,-5.117838888550718,-5.010208869985038,-5.42362697113721,-5.155590964965197,-5.3122218905792895,-5.275843871474779,-5.951090404896816,-6.510727342704694,-6.906777608865379,-6.908046974885295,-7.517334608344719,-7.535942249500891,-7.343636501775155,-7.0023863866911356,-5.89851435645083,-5.0205517103352495,-6.211900964083995,-7.559944519928036,-9.860297511056224,-13.772656165403216,-15.82597034214128,-19.136644729182102,-19.963682978118282,-17.371686468267484,-19.48540888356373,-19.22066375659035,-21.425420921018677,-21.442835702837076,-23.549200802210436,-24.301435709562472,-22.104177164993473,-23.30851752093469
-7.116256808202312,-6.859345397557359,-7.293359578145482,-7.522431785923496,-7.8323943493083705,-8.19088170005926,-7.998539035514631,-7.351434882073236,-6.919944084869248,-6.3281262764678425,-5.981691325550116,-6.513154644627297,-6.1632486700672855,-5.417403403863203,-5.120163981908444,-5.084182838485727,-5.404160299948455,-6.121503658935248,-7.219973127360559,-8.291729819588891,-8.095215638025048,-8.2812814283822,-7.653964460936025,-8.051757111864248,-7.68241237972902,-7.451678106879722,-9.626825283647367,-10.26279769235634,-11.428173426552437,-15.98295103579022,-16.71448232507597,-18.80429412828296,-18.99464346433456,-20.660164931594046,-22.239872918995726,-21.372321896606106,-23.080741236891797,-25.083686078709643,-26.489159888180254,-25.241226645867048,-24.797940041404782,-25.316615495871556
-7.144239664444253,-7.305942713277328,-7.681567228758531,-7.757919086578191,-8.4483570676726,-8.698977531893094,-8.25601334256993,-7.773388819083161,-7.247253612154123,-6.837636383464739,-7.190967140738852,-7.442941910831845,-6.362364594521331,-5.509808536156294,-5.348559605863672,-5.387502728344224,-5.709720207590289,-6.241094611782687,-7.1243579081287844,-8.27091697179591,-9.41533997710703,-8.701629382299135,-7.9997546172485094,-8.5634329927701,-8.767625421626622,-9.791309812225723,-11.54232839439803,-9.703283335278007,-15.325555516299563,-17.61259817530365,-17.290854635221457,-18.776822485144006,-18.90096569443561,-20.389434015229444,-21.172066453459543,-24.91136382120748,-25.690783851688614,-26.643036740227803,-27.010240758266672,-24.83607362983998,-26.506689994617133,-26.79885832208079
-7.22263616979297,-7.356658970945538,-8.053914979774687,-8.454014559015276,-8.609462476545604,-8.743618463392256,-8.452338299837098,-8.252876103209061,-7.634630614522911,-7.546246830444186,-7.920947301615998,-7.612524711245364,-6.649984240182645,-6.351504879946658,-6.131061736671283,-6.018466115284949,-6.498290432366434,-7.002269622388098,-7.5095841900556195,-7.846054030034958,-9.308979860227055,-9.66504027896609,-8.296634695682384,-9.217932122149888,-10.496229477195921,-12.027890470695525,-12.461923877979771,-12.013432124582005,-18.295300752731876,-18.152019743554863,-18.747872090359547,-18.96551063230286,-19.733613872434177,-20.16068159181527,-21.749185427248094,-26.241420927276014,-26.262614633778195,-28.47993917667364,-23.872551141768604,-27.35319123572583,-27.04370718334055,-27.09380208853349
-7.741151273702992,-7.645057533705215,-8.141459198288977,-8.69226101828268,-8.697697323889985,-8.670262987507506,-8.135211451603805,-7.993942057717319,-7.613799637281414,-8.062529000837529,-7.929949119503572,-7.483884088337521,-7.224830417198127,-7.597190479899435,-7.031184470750279,-7.406231326529501,-7.594888846709257,-7.598568040955275,-8.185544945119803,-8.224819769588104,-8.021983517905939,-9.86973725107837,-9.878181124432842,-11.064357178780007,-11.662260535790002,-11.391566730073974,-11.057358175826492,-15.681053866526202,-18.730779466711077,-19.38715802793494,-19.109141777261293,-21.23581246546773,-20.674862360781184,-22.066880392609423,-27.1076031207723,-26.00325650243942,-28.59267477037803,-27.932332307899543,-30.03699401475614,-25.783533797551684,-26.781953902292763,-27.85133669282295
-7.698543298653362,-7.980843844905923,-8.809258925201773,-8.716235754434734,-8.489798575084166,-8.303559220784477,-7.7352108788036045,-7.580626121751433,-7.209685570408171,-7.895359365036464,-8.090944275916225,-8.073919737745463,-8.674998351384978,-9.119243209289024,-8.751745007853117,-8.578157478490152,-8.517244644885507,-8.874140954773775,-8.909269327853806,-8.556281472105866,-8.250985913172256,-9.492081035682109,-11.781084385789073,-11.695036158989483,-13.956348649542116,-13.065030816039943,-14.105060213483396,-15.354376672076993,-20.052528151296148,-20.23576317513586,-19.96012002186343,-22.203769091770617,-25.577023943881166,-26.907882524448283,-26.342107188919677,-29.49103516141252,-28.757011081544924,-29.35683839436957,-28.11113260135845,-30.386624098095652,-29.910801344788297,-30.872565960111174
-7.671580456140942,-8.345055464565164,-8.951592809426698,-9.315151002426504,-8.851059355085821,-8.376420704470343,-7.844326580873969,-7.059387620319271,-6.885419391431889,-7.231182021236338,-7.861779106040673,-9.09912252849013,-9.456199020916062,-9.813998033835631,-9.288182003192068,-9.140059290123734,-9.185022095252943,-8.937905581250279,-9.484773931255196,-9.26851851400205,-9.763057626066912,-10.26447042025645,-10.283896196560368,-12.558556998565459,-16.17182384160535,-15.97204169618395,-14.750328482867925,-17.536416943643264,-21.012950147999835,-19.164471388498967,-21.013456903957966,-23.871510153102367,-24.98953206753317,-26.173743852200904,-28.646497450692998,-29.64495736639953,-29.29401819493268,-30.610917986533483,-32.051455022473164,-30.65057745579923,-30.71289414251685,-31.1928151179547
-7.881682222783094,-8.370190125380892,-8.48844254496901,-9.321605626165026,-9.559130008829307,-9.59991480947848,-9.05861630721147,-8.5062341016623,-7.751838917919278,-7.515204223300102,-8.90726930556945,-9.358739766731283,-9.326944966585419,-10.024871946709556,-9.512152189132863,-9.880668663117188,-8.968089032224864,-9.766080805131736,-10.04868408677678,-9.931680427794523,-9.627630204085216,-10.48757292165609,-12.725278554485328,-14.823360834660264,-14.749963970151908,-16.25635128227515,-17.059905488360023,-18.65904620612312,-19.618225451681866,-20.098319152712087,-21.353275486597763,-24.12743166282356,-24.68979288869879,-29.41405699995313,-28.35249363177796,-28.471922237402918,-31.75527081468702,-28.09631348675142,-31.797803358046895,-31.15506877925838,-32.87067820036415,-35.895887197801656
