public/json/wind_2018-09-1518_850.json
{"header": { "discipline": 10, "disciplineName": "Oceanographic_products", "center": 0, "centerName": "Ocean Modeling and Observation Laboratory", "refTime": "2018-09-15T18:00:00.000Z", "significanceOfRT": 0, "significanceOfRTName": "Analysis", "parameterCategory": 0, "parameterCategoryName": "Currents", "parameterNumber": 2, "parameterNumberName": "U-component_of_wind", "parameterUnit": "m.s-1", "forecastTime": 0, "surface1Type": 160, "surface1TypeName": "Depth below sea level", "surface1Value": 15, "numberPoints": 4800, "shape": 0, "shapeName": "Earth spherical with radius = 6,367,470 m", "scanMode": 0, "nx": 80, "ny": 60, "lo1": 109.0, "la1": 20.0, "lo2": 116.89999999999955, "la2": 14.520000000000117, "dx": 0.09999999999999432, "dy": -0.10000000000000142 }, "data":
[rows 19 to 37 of 60, columns 0 to 41 of 80]
-10.176532659581927,-10.2518893428909,-10.152886952074592,-10.342381669644116,-10.647667943459194,-11.528930851101439,-11.518967130950944,-11.553999337549971,-12.214078844737944,-13.289763491805392,-13.875969294875711,-14.098309974130117,-14.899867515940834,-14.836674954709194,-14.227019791681316,-14.064163206301687,-14.119747011484652,-13.912269779766287,-13.42809402450668,-12.429375144958334,-11.26226995303418,-14.107500721518722,-13.68682089628045,-16.39672174604184,-17.01859349676146,-15.757381730937485,-15.254363741331382,-15.461159346082836,-16.79999403315444,-16.437818854935824,-15.859779946407361,-15.313582650991977,-15.006902171275808,-14.733538047010969,-14.760277781272706,-15.050873287265588,-15.206276139964837,-16.15359720879781,-17.532698397370226,-17.730691714755302,-18.40813948525651,-18.126351435230262
-10.475340723995235,-10.018774996383076,-9.878605351034327,-10.062964202005093,-11.040755750213346,-11.165058474607598,-12.341144153066455,-12.862286592626246,-13.149084492986317,-13.873118507844481,-13.589750425090587,-14.30438513401845,-14.712016804884927,-14.667324208745983,-14.255501593683281,-14.303633799745523,-13.52146887616319,-12.502482144964176,-12.379003737242567,-13.138091484345985,-12.288540782515735,-12.24961292421161,-13.620353854841433,-15.980592762001448,-17.971476664083564,-17.095281322535676,-17.26438727270282,-15.977388625397904,-16.080304406023178,-17.124141479303766,-15.610135932687975,-15.506611285067162,-15.210053989859214,-15.231136702569218,-15.113445743851546,-15.177637350379968,-15.817955365119005,-17.547632434908888,-17.915869598237688,-20.206909884603462,-20.537148977540745,-18.631880283378624
-10.122094962678608,-10.281735843010981,-10.238967133758734,-10.38350861617084,-10.339568024091903,-11.629906029443282,-12.640896971090676,-14.089072630849468,-13.11225551185438,-13.1684072205036,-13.514399476601607,-13.837148007871084,-12.96200474176832,-12.931017043940507,-14.412559833600193,-12.985577780042975,-12.394060167875038,-13.15842029013634,-13.243352152392319,-13.185549617390096,-13.855052648420035,-13.275061089914345,-14.570481871082608,-14.927609260511414,-16.990417365802777,-18.04697066482844,-16.830068521359525,-17.224267179559302,-16.670110387624476,-15.645104138630225,-16.9695248321902,-16.019467940217083,-15.291604913724417,-14.874805091744724,-15.480051188181385,-16.108654466363383,-16.53071341153219,-17.625496674695498,-18.917024675534496,-20.052762929178417,-18.126755113720506,-18.31094864028755
-10.6011207398005,-10.224880570607109,-10.098749457202564,-10.731134023489751,-10.478057690675255,-11.442091466711904,-12.720573675933379,-13.40272546066949,-12.529055700808474,-13.223172373916638,-13.39729198279996,-12.96578911913589,-12.30008778029651,-11.98146810371854,-10.555260789307967,-13.03332119792936,-13.214733095583815,-13.905061048190895,-14.348550545605306,-14.643694892514851,-15.234000287693284,-16.459528871409645,-15.179069515238238,-13.03287365442112,-8.655873300017072,-13.029206713059153,-17.119793550680367,-17.751701878207022,-17.03555799765983,-16.798123776506806,-15.636036657978488,-15.681315888050934,-14.900966989460931,-15.281143905927427,-15.791409583980734,-16.761715460117586,-16.83416545536464,-17.722339474085434,-19.235233446721274,-20.078352504383727,-18.506042931106467,-17.880527097660178
-11.380094722188371,-10.391226098635856,-10.566620769769779,-10.799037613065776,-10.46013570839722,-11.862855679690464,-12.594665146968193,-11.332521357000722,-12.176368375321456,-13.453365642044757,-12.539828415949767,-12.40282345440643,-12.018662495885813,-10.995650638749177,-10.972914109725789,-11.22902940462088,-11.670544933882189,-14.917899670734826,-14.613868205084852,-14.944188167684793,-15.978710322624147,-15.583401617084064,-15.316751941002053,-11.22472183009181,-12.222638527407035,-9.991779226046866,-11.666272358224537,-16.655012552400013,-17.474215710257106,-17.5857772471681,-17.02445154675048,-16.1806962619068,-15.294747439757206,-15.227088038036396,-15.622278540723155,-16.949299996040274,-16.939012570313626,-18.03732497914577,-19.20062909331015,-19.66347425384059,-19.19438273599147,-18.453466059082675
-11.727724409630072,-11.150949050376767,-10.52800770402634,-11.085955270406608,-11.215350202194818,-11.492760533686917,-11.586636109372144,-10.941011168415224,-10.580466265733158,-12.106227869840207,-11.520563275440377,-11.698897279330811,-12.508607222104004,-11.666303346807277,-10.790586985085628,-11.351303330354634,-15.332257965955055,-11.592943219819912,-13.442737180285858,-14.348885913065573,-14.748183711468837,-14.707527983613772,-16.81931671433807,-12.867266870530496,-12.36117204730465,-10.915357292330905,-13.947367720843294,-15.621934975213133,-16.371084419233092,-17.118797155441843,-17.241417500325014,-16.539093431896966,-15.987526058229355,-14.885364578142648,-15.667088505048273,-16.409332213044948,-17.403875067055896,-17.563350540154296,-18.941238992738867,-19.39983409668283,-19.304596728662887,-18.525399084887816
-12.15865772187478,-11.968202069719222,-11.329726592617268,-11.28420072717462,-11.690806346706655,-11.619086246025418,-12.059065767397627,-10.904713302382184,-10.756445175806554,-10.928947138689944,-12.354596098376362,-12.358613586792675,-13.900215293404816,-13.156481910732197,-12.794233762769206,-13.36447981562749,-12.175321822013785,-11.568700611111694,-13.995477442009479,-12.28546260730706,-14.719657495164489,-13.242218216676964,-12.233976417154134,-13.061529378561119,-14.147767319942297,-13.907664324557059,-14.704036332765373,-14.676509572742436,-15.947867430699858,-15.735931287540437,-16.375156525759007,-16.00547388129335,-15.883574377551868,-15.69444024340556,-16.462688871798935,-16.633761886904818,-17.40539550130734,-17.621788048173375,-18.565726019622627,-19.092249716448666,-19.01335870519595,-17.944449608645236
-12.336327628500111,-12.314274686664419,-12.395409809674323,-11.422883906317086,-11.739867886231892,-11.881186346332115,-12.041362696890939,-11.108530343416351,-11.431782478838404,-11.213715408084603,-12.773766713122019,-13.748867852757273,-14.957567962752835,-14.788011554463065,-13.768001179496132,-14.014858520067136,-12.774155280760688,-11.971601894833151,-14.07530595594843,-11.674577230499818,-13.830811279448941,-12.684919384047047,-13.580835428429536,-12.648145391701497,-13.937386172640265,-14.389523344551929,-14.844039645719858,-14.688104454433761,-15.062620129434931,-14.234657002316839,-14.86878803830814,-16.07927560064566,-16.08976888350881,-16.691429678516958,-17.230655911731482,-17.47604151884579,-17.04887575520721,-18.330561644335262,-17.889060720123272,-18.51943650173767,-18.960334132724267,-18.592259746510805
-12.366924628779804,-12.566375242767336,-12.695659492438848,-12.620796407433607,-11.66482211846998,-12.371072829300966,-12.209409508056508,-11.804281872458983,-12.162378949735563,-12.565006412469454,-13.141998178311113,-11.954075728770018,-15.709206761199868,-15.884241493395708,-15.548246709471261,-14.697518713763055,-13.803677279022054,-13.623906801271236,-13.189756164269175,-12.827277947650288,-13.320854430884658,-11.6380207104212,-11.199737306818042,-12.921277687880218,-13.250494921827494,-14.26211651342328,-14.61956249228816,-14.513480875284852,-13.8896941554631,-14.469452467611164,-15.09217095040053,-16.45532385892436,-16.621174125249247,-17.289015074960222,-17.412776375756852,-17.560551010448464,-17.600338450580303,-17.81808061830453,-18.01890659641934,-18.421305463945657,-18.917223156344804,-18.969468027766155
-12.061950957025354,-12.330002849748794,-12.612578735224075,-13.386265889683333,-13.099113463563405,-12.649775960712027,-12.855563093826618,-12.655443454228168,-12.729937821170953,-13.718971800356908,-14.637633566921972,-14.698121654747055,-15.608531506437554,-14.067209155967227,-14.199909392723104,-13.561055793266991,-13.685489064282141,-13.284743557955341,-14.056265401708577,-13.733679023116906,-13.27023355013428,-12.133860461042458,-11.160896951183501,-11.813248199836856,-11.40399205529209,-13.309103305686781,-14.551242284576901,-15.16360426177341,-16.545016355746988,-15.114973607405053,-15.310912593528345,-15.097319321475053,-17.32753288573288,-17.52882210212556,-17.98736517887354,-18.135304693221244,-17.870602665960664,-17.678995904295842,-17.836476337158395,-17.867658051080536,-18.520910864881834,-18.666208843500907
-11.527607344299554,-11.538702264944744,-12.942113583605463,-13.704879946032905,-13.329753372377313,-13.6035015065132,-13.096419641699924,-13.32432229881885,-13.416564571624168,-14.49521772352103,-15.436931342197804,-15.73510401329621,-15.373249726656862,-14.142983149070053,-14.165341035277068,-13.88535760546757,-14.032328421021862,-13.841281062441842,-13.562316394630408,-13.67624514696514,-13.279072882850823,-12.927877024517493,-12.943271875788835,-12.406612329810843,-12.079548807882508,-12.657563461780365,-14.609988738251541,-15.580605056471581,-16.38407287864055,-16.375684431986166,-14.77407797937536,-15.79682395540925,-17.37481216868318,-18.168185527322184,-17.468569977505286,-18.038913127502934,-18.51085453775522,-18.212128231982575,-17.74421124502425,-17.44143713667768,-17.51973297420986,-18.08594915119808
-11.672186179630618,-11.46941627970223,-12.08505113293047,-12.051793967856396,-12.431700765323455,-14.455385261893772,-13.704402932931114,-14.040195256699176,-13.988686637540052,-14.835186955404874,-15.326335277029886,-15.506091543392278,-15.455963156951787,-15.618330087066779,-15.094653436487231,-14.465045573985368,-14.392050701759977,-14.341935921961802,-14.223825092477608,-14.188341136063794,-15.034775018301172,-15.379269763397918,-13.51799675665618,-14.16559953413187,-13.45844245744479,-14.532527078088766,-14.671596275955121,-13.93153626471559,-15.61545648411957,-15.975012640290345,-16.782628406345527,-17.037689751188367,-17.52267482014134,-17.549171830277565,-18.30574977256385,-18.634516295861523,-18.808184114578925,-18.558509898100464,-18.060995131071586,-17.235489568389795,-16.77975510013112,-16.797811261354525
-11.797204371625218,-11.9596690021421,-11.996637717988978,-11.923512422920556,-12.571605184205344,-12.84368211699277,-13.956745233303007,-14.17467229251931,-14.676982770493447,-15.640816079558125,-15.226940803215712,-15.230753699663321,-15.25320684191348,-14.91086401523146,-15.672541041010714,-15.489500606722638,-15.180117320384593,-15.29325967550614,-15.268758846129138,-15.463291889540995,-15.479123065402135,-14.9498365772665,-14.848223056352154,-14.66028677921554,-13.474368674173686,-13.724355416110827,-14.730149977649484,-15.817730015946253,-16.3825260214393,-16.27595286871663,-17.857595657449867,-17.571645926675323,-18.03040530488876,-18.212635215087133,-18.09948210592454,-18.168949486079793,-18.846478604419836,-19.02994797684809,-18.702440070853434,-17.720864042554755,-16.44218993221577,-15.935612833974684
-11.72483841396594,-11.746410800494262,-12.29092061751875,-12.120674794874303,-13.142911571741262,-13.32595947606641,-13.974265929585293,-13.786837236429962,-14.681790661656938,-16.17249060740129,-15.561071674780838,-15.878193147921918,-15.201918474173764,-14.881061882967321,-15.417385820589203,-15.483773020781536,-15.9600883581883,-15.972992885116003,-15.74894086811197,-15.967038496543752,-15.353744059597863,-15.462607037185286,-15.680969092014411,-15.718245292266538,-15.847063640804345,-15.750904470615128,-14.695513965216266,-15.760397445082173,-18.040769292496936,-17.84426084821041,-17.482740234103677,-18.36539480976856,-17.934592338547354,-18.421076433853326,-18.525962707437667,-16.767755151676134,-17.84145634840796,-18.690297896962065,-18.680999917274658,-18.026139307838744,-16.78830918699856,-15.399726728701667
-11.821822927781303,-12.3334080651991,-12.791314659980808,-12.224948706683886,-12.783213194662265,-13.053692468527935,-13.619336026232594,-14.090566941801443,-14.89300316518985,-16.192062471911193,-17.31745059016757,-15.68399056572813,-15.596402734320494,-15.265973149109142,-15.364757892386883,-15.787322205151789,-15.72464944323937,-15.412304083390868,-15.379542534764921,-15.660029554554521,-16.259849113094404,-15.880552896451603,-15.540621018316827,-16.426917860073026,-16.858541218182662,-16.648111915290585,-16.783354409096525,-15.69755826025086,-13.987663329530848,-14.762219629022272,-17.07790351751887,-17.77434047898434,-17.824852076577265,-17.979941047247912,-17.72356603420329,-17.3673049786763,-17.379215222661845,-18.437586561184926,-19.28006497250956,-17.760667265839654,-17.111967393006097,-15.575375308343311
-11.547336769522628,-13.315910676192718,-13.516379265925185,-13.553323204655822,-11.974424182395627,-12.222750680030186,-13.297940656942853,-13.961956500361662,-14.330323252184549,-16.26148998497998,-16.374209831324993,-15.966447479625737,-15.897660094223504,-15.694902969442602,-15.65374318349846,-15.50548665176586,-15.847673813236863,-15.136913885244505,-15.424277460395537,-16.533013980538442,-15.879760340699505,-16.132394251885135,-15.715021546285168,-15.376206807262093,-16.617039368341057,-18.438489171169113,-17.96190296972486,-15.837567939098205,-16.02727223357677,-15.824664660013847,-14.370384373121428,-16.148884914869114,-16.48286868882496,-15.878745136960143,-17.025854323903832,-16.732085169657367,-17.548595815977873,-17.49674375061568,-18.129954785571623,-18.622997445366664,-17.115268527329892,-15.463133165567744
-11.974746267974988,-12.760541471244622,-13.274034177322422,-13.870064892582246,-13.320076219084928,-12.091433728062013,-11.705955565041663,-13.675093208467981,-15.319812568922746,-15.966778888535867,-15.156802788019473,-15.89560241445746,-16.231652881471025,-15.684689391847137,-16.00030765399069,-16.584931394067585,-15.91251501276804,-14.75267695701853,-14.627493429810134,-16.108125563427187,-16.511704930105875,-15.682226694232163,-15.967446500671258,-16.27212461479854,-16.689278517127136,-15.729418258010195,-18.129182945591147,-18.325726490499868,-17.775575941549523,-16.51597826385701,-14.371224233262318,-14.695438162811147,-16.002308502028697,-16.712286895245168,-17.633239401468195,-16.93339725698065,-16.947751605782962,-17.85602216638483,-18.210651778597587,-17.96903225672613,-17.922576144705005,-17.448476947304215
-12.885079411018058,-12.395364455433235,-13.53602485060612,-13.79087387190372,-13.670082510478665,-13.502025040007013,-12.398617640315347,-12.205987731931216,-13.608227412353102,-15.821352679898819,-15.849860753785025,-15.203422071830655,-16.70499208712663,-15.680779941817239,-17.13539253789769,-16.348712490420947,-16.0014708355409,-15.06489277438919,-14.793370742595878,-15.490380887016775,-14.975929555132495,-14.944133042045358,-15.834950117484457,-17.79020313037123,-15.64201029688324,-15.20135165302154,-16.701840150482855,-17.093070428363788,-18.28587615749541,-17.85031382889781,-16.435178099923085,-15.583276454705556,-15.347089770758913,-16.385489118720336,-17.580513456073405,-18.577933838175756,-17.621983588542317,-17.28226494237821,-16.25583289481411,-17.068732834150367,-17.43788590109008,-18.146144266387097
-14.000060300022835,-11.896591081804592,-14.413338553667522,-13.773688935466632,-13.481144902453092,-13.913075078813213,-13.554883164966514,-14.385707965016136,-12.480130832497164,-13.367819017889673,-13.833990297895724,-15.947401116654195,-17.32358684226409,-16.968359666275397,-16.005523056677752,-16.263804812692417,-16.65985827742243,-16.125995804026637,-15.360044828689903,-14.032302498559307,-14.278035928474594,-15.83821461530529,-17.920365465859042,-15.588998847070737,-15.155426909906542,-14.900556832136754,-15.997490291482363,-16.646443894583413,-16.939605731674536,-18.459903374221977,-19.002435302695815,-16.164064870505925,-14.876395293517302,-15.97090066089077,-18.289431455899848,-18.031336967015825,-18.22588916924895,-18.62094515074814,-16.55723313589334,-16.22408464782363,-17.858369615736997,-18.125079187010385
