public/json/wind_2018-09-1515_950.json
{"header": { "discipline": 10, "disciplineName": "Oceanographic_products", "center": 0, "centerName": "Ocean Modeling and Observation Laboratory", "refTime": "2018-09-15T15:00:00.000Z", "significanceOfRT": 0, "significanceOfRTName": "Analysis", "parameterCategory": 0, "parameterCategoryName": "Currents", "parameterNumber": 3, "parameterNumberName": "V-component_of_wind", "parameterUnit": "m.s-1", "forecastTime": 0, "surface1Type": 160, "surface1TypeName": "Depth below sea level", "surface1Value": 15, "numberPoints": 4800, "shape": 0, "shapeName": "Earth spherical with radius = 6,367,470 m", "scanMode": 0, "nx": 80, "ny": 60, "lo1": 109.0, "la1": 20.0, "lo2": 116.89999999999955, "la2": 14.520000000000117, "dx": 0.09999999999999432, "dy": -0.10000000000000142 }, "data":
[rows 0 to 21 of 60, columns 0 to 47 of 80]
null,null,null,null,null,null,null,null,null,null,null,null,null,null,null,null,null,null,null,null,null,null,null,null,null,null,null,null,null,null,null,null,null,null,null,null,null,null,null,null,null,null,null,null,null,null,null,null
null,null,null,null,null,null,null,null,null,null,null,null,null,null,null,null,null,null,null,null,null,null,null,null,null,null,null,null,null,null,null,null,null,null,null,null,null,null,null,null,null,null,null,null,null,null,null,null
-9.375146279998578,-9.500146041569371,-9.391132300467403,-9.25928536945161,-9.423972313973426,-9.602342783805389,-9.287036550483895,-8.825022160880028,-7.2064224542727535,-7.930522963777063,-8.650302612724962,-9.449706160758486,-10.298625854369606,-12.197143238609145,-11.336634417047298,-10.566132480376423,-9.967781734156937,-8.559364994022177,-8.313543837361063,-8.06324609037912,-8.062789763200602,-8.216559745494315,-7.506874602700247,-6.817093666721577,-6.443329527020356,-6.859725635892028,-6.963422903183608,-7.641865623691619,-7.9827068584114595,-7.824269367363311,-7.854089269916136,-8.031529637493026,-8.286078402909787,-8.371273631692208,-9.619839931418884,-10.542276704453059,-10.853408634664145,-10.772444193406809,-10.84985134968214,-10.782422800153103,-11.053223133247867,-11.206758158166124,-11.453473572094811,-11.6339786146396,-11.891488289299833,-12.275034358101642,-12.759866634841574,-13.001580255066433
-9.308645317257257,-9.821668905611542,-10.34959823284233,-10.324037530940036,-10.36159607916019,-9.855904875521585,-9.620382457755957,-9.478708345685034,-8.13493722294919,-7.735585962106091,-8.669795320789088,-9.186223826909881,-13.130595013187921,-13.550928793257196,-12.518560628368697,-11.593456967535992,-11.391785444996477,-10.024972305791259,-9.26336698010552,-9.62337033183699,-8.842790538774306,-9.547469284067674,-8.700127629952288,-7.540347799568779,-6.483906785208096,-5.521391527603154,-6.880495043534651,-6.277797194069873,-6.726689702136918,-6.52687190827031,-6.716080526311591,-7.134790111403622,-8.376752913584859,-9.820121081567935,-6.75303469886967,-9.941509875880286,-7.678560363717325,-11.543586780165743,-15.306968395653886,-13.501032278164514,-14.292407219255749,-12.079714311832861,-9.521279121654569,-8.965961285590906,-10.134440231726883,-10.67783806838754,-10.533322566026296,-11.72002672184724
-9.73376160248845,-10.209307854810831,-10.78177899095402,-11.210483383786812,-11.333211048291979,-10.565385299817159,-9.910509183598673,-9.719341107643057,-8.808970721069223,-8.30631476944232,-9.663952745415754,-11.331155805642823,-13.367451294533012,-14.30670948340389,-13.36249093136205,-12.48805874389506,-11.805785596609109,-11.402423688726053,-10.240876215985175,-11.072304652262297,-10.205027423755306,-9.836003135535693,-8.608996398605086,-8.138710690333962,-7.3431119546876245,-6.186823309965053,-5.977476547069777,-6.33956602928147,-7.500727478197783,-8.586059862922383,-8.888187638210978,-8.486091573129356,-9.285894406515386,-10.339577751303807,-4.243273662279012,-9.008383160800845,-10.188151987674926,-13.94791976486313,-16.241734759695948,-15.04132325276558,-13.870767896081357,-14.745328331008459,-12.10741664560007,-10.20446028281774,-9.73130219957121,-11.949420075012993,-10.849690943360066,-11.795060751791091
-10.392917091226039,-10.970093377472221,-11.561338114579476,-12.161906992346127,-12.134297712395517,-11.890882868090035,-11.056194444277907,-9.765398947315749,-9.645962679310536,-8.364758628268051,-9.410134755884908,-12.166526956855265,-12.991584174924405,-13.710676812656423,-13.587767229168804,-12.884543669625362,-11.687730512213115,-11.189740915041545,-12.067576021188826,-12.704336722394851,-11.358946002070823,-10.651950709654479,-9.150852680892697,-8.598282795522291,-6.413385910917228,-6.156133746033516,-6.462157903947159,-7.284706787500036,-8.172918013070554,-9.487468093099004,-9.601643117393863,-10.01401048321569,-10.961335179785502,-10.545936099484845,-12.484646523224322,-9.635629114864845,-6.811903117166493,-14.325670932989501,-15.56571030579269,-16.270049350044026,-14.860346103106886,-16.49603135711476,-15.565925611175153,-11.830966548570991,-10.759057074110148,-12.418743442827534,-12.434396450402712,-14.30396862831918
-11.255856543577826,-12.075243474784715,-12.248244285317778,-12.664080103428386,-12.482759715374868,-12.27176521902351,-12.013752712946642,-10.807858596131844,-9.692339247762511,-9.111683567084395,-9.198235943232952,-11.974903766223312,-12.970979910139663,-13.36465059304541,-13.871404739168414,-13.266949687792767,-11.636682719821904,-11.758549806621506,-12.048156064807461,-13.190773722503549,-12.421171883303517,-11.180775251506939,-10.053985590760444,-8.891599199642865,-8.092974835072775,-6.204971206901289,-6.726198081927245,-8.544578587281432,-9.555670300051137,-10.494350804306523,-11.07121500362166,-10.654844328686341,-14.681759364495235,-12.021570108511943,-12.027093997312898,-14.375632115419247,-9.16072159157872,-15.963289172393257,-16.119359467566305,-15.62250993965714,-15.317516135196328,-16.356805650619314,-16.352809940490424,-13.570998640442342,-12.632968699913866,-14.752767561972405,-14.86201660215348,-16.960292806501595
-11.56676735713205,-12.90573889633179,-13.479972221284946,-13.40707779355903,-12.981282720039502,-12.83566999908071,-12.491340922186637,-12.341490590402197,-10.07182194066215,-9.346577210706556,-9.775835652095584,-11.794779044986793,-12.955161349598239,-12.92902090706658,-12.863195613748077,-12.528834842486495,-11.984005599925249,-13.025332653005659,-11.445300263118995,-12.701591657507834,-11.502880698790424,-10.289425657241251,-9.900813720662608,-9.323849371094626,-8.722192488498818,-7.890017722429537,-6.966206736545848,-8.835281442462929,-10.716956180320782,-11.449919166326863,-12.125040003266335,-14.799799557007903,-12.679679443334813,-11.192214063019964,-13.827797541668653,-17.45932251543449,-15.775170706045834,-15.585657691711646,-15.54495158304923,-15.43711905674785,-14.898835832698555,-15.652336581409022,-15.371963937503502,-13.750993128474164,-14.71899200393415,-15.924599440739827,-16.23088566588093,-16.620863972884365
-12.17562312435337,-13.977159634828805,-13.874398852482434,-13.849733900601768,-13.587596197577025,-12.987126353457331,-12.687930876480513,-12.507629665391278,-12.16696376949184,-9.898177041040784,-10.286230187163385,-11.09022166118604,-12.83356746195148,-12.970868329921936,-13.173315613032795,-12.356115751092474,-12.110660343045609,-13.2372463077809,-12.981603749516895,-11.892526259702104,-10.671102443810364,-9.472095366584048,-9.31930770324659,-9.475635906919324,-9.35423169412833,-9.072376415902117,-9.482859045933079,-9.446272684055339,-11.328637440798905,-12.040792344055038,-12.39033693314131,-13.424318750348608,-15.563083782287348,-11.264809063465849,-12.944653847121273,-15.788131867700171,-14.583377354398754,-14.300836237994064,-15.099239014554156,-15.231004124758611,-15.031014667886527,-16.106380626203972,-15.562269910501461,-14.260585741443963,-15.091628399929116,-16.14824415330026,-15.956092385270397,-15.367369405222703
-12.916071873440371,-14.133443077365113,-14.268286462908286,-14.20009343268907,-13.761015060466613,-13.81510660481209,-13.037574914869255,-12.693368100357947,-12.382971459769472,-12.073491182308121,-10.227209377351206,-10.773642720241366,-11.884698680440621,-13.144879236227066,-12.077797601218094,-12.361768935893512,-12.646142265221641,-13.249249839955606,-12.837169856052725,-11.906660951740685,-10.802505534075515,-9.150639802330478,-8.88900299203453,-9.827851181460261,-10.329164952080243,-10.248379785361566,-10.768434390683105,-11.29939036485601,-11.718540653278115,-12.089556665219314,-13.040718334086382,-13.118095351916502,-12.241344140473853,-11.652031138185897,-11.845946197716119,-14.040702564904874,-14.910303319224695,-13.797875833226538,-15.451707680328102,-15.047129555069578,-14.489579287065421,-14.529712611974624,-15.350167416269832,-14.843285212430915,-15.62916520759038,-15.93302519710451,-15.35638483377365,-13.487392656235413
-13.763843111404068,-14.428661333829183,-14.561652297871692,-14.539303280342072,-14.000598650972563,-13.903193710176101,-13.796890090672534,-12.828325752531033,-12.516341064819743,-12.780754657408167,-11.33552494361689,-10.64783797568253,-12.08816400509079,-12.220021221290574,-11.272878267974196,-11.927002393727115,-11.39713981278522,-13.408733375340141,-12.929249102526228,-12.046850767180665,-10.413352558471287,-9.426310663195922,-9.274746993913698,-9.769113200809183,-10.805869014107023,-11.949675396953472,-12.495079929159385,-12.625345372173008,-12.381051017702912,-12.454677237394472,-11.703137154272746,-12.72901044176818,-11.662267078487957,-12.865825794173723,-12.161951105807036,-13.390651129254298,-12.374145420561353,-13.30017132142364,-14.586546104861752,-15.94130303726402,-14.365286378560754,-13.90315521126109,-15.549267589922591,-16.067604462807584,-16.412658563159212,-16.15259585185003,-14.4806905119723,-12.447782836253861
-14.240278869219987,-14.838562562532925,-14.771080380292481,-14.794921593095015,-14.308050311074147,-13.678921084227907,-13.547981967004771,-13.385293967693132,-12.895350357237485,-12.874249100264384,-12.049507256442404,-10.884838460686396,-11.816848946122786,-11.879076719542205,-11.670448658309654,-10.942839606247833,-11.13211529492232,-11.738753560349263,-12.549899963293521,-11.381865244062277,-10.417004190481352,-9.152277030367921,-9.373365176748635,-9.69474296423414,-10.772841258094743,-12.016084998697973,-13.07723213738546,-13.859058039359986,-13.64913284573419,-13.421229523154985,-12.089246504785418,-10.382978340579172,-11.64256667255833,-15.815204498657542,-13.235848037683379,-11.703005296667518,-11.804943151513205,-13.367251971335016,-12.776809963409153,-14.418527869360343,-13.95033244577363,-14.042832291247278,-15.187398904607367,-17.035033268632112,-17.624527928832865,-16.263999153067672,-14.00254395682019,-12.239475811921775
-14.74808653474115,-15.262712870909933,-15.195040787495403,-14.966655462610394,-14.593049805167839,-13.97293791134181,-13.454061304919056,-13.647970977693948,-13.390180393028706,-12.54492920262426,-12.584145887016025,-10.860790245127632,-10.476604842863932,-13.439460549487075,-12.076917193457291,-10.906392264683154,-10.973628817703519,-11.404021257416524,-12.305949797916458,-10.77238297970202,-9.882582675397833,-9.527172135225381,-9.799571288917289,-9.402167133072304,-10.349811397561192,-11.762382330828709,-12.843401783099603,-13.846850274224916,-14.135001338446871,-13.710934497330747,-13.022329477511324,-11.165666151560956,-10.212225716468213,-12.17552240202838,-13.5659568547269,-13.689807789270132,-12.588384770703795,-12.060817181654686,-11.66978100105387,-13.586602870263246,-13.839007107431295,-13.21586806007444,-15.423304118666042,-16.922937703401505,-19.91257552936789,-15.166632557197737,-13.188119641420393,-12.46870219294437
-15.01043830291886,-15.52044622693439,-15.51179638485142,-15.398223161560201,-15.120735234016653,-14.412467169190466,-13.506897000031557,-13.674847259826864,-13.873355451252026,-12.646716850679036,-13.068049878475145,-12.892706515870477,-11.609126930368038,-12.90317158221663,-13.965152131746466,-12.269775586364972,-10.721881591029701,-11.024011192548302,-10.994603291060736,-10.605045124753422,-9.422597596634276,-9.620370930932078,-10.222507259842818,-9.58697977037775,-9.771229984182472,-11.102065376072701,-12.696295148917184,-13.165139082490949,-13.535068881374492,-14.275858732138383,-13.449740096322472,-12.84366292417161,-12.450921208974714,-12.451112387538538,-14.989120934486026,-13.955206248031294,-13.899458422063098,-10.400051817238325,-11.334617725652857,-14.334706278185768,-16.033239674315688,-13.777803735448064,-14.095419026678668,-17.75534756931953,-17.889135559742424,-18.24505561499895,-15.62228137677003,-11.593471525660197
-15.175924383049974,-15.361913247859826,-15.642312817104063,-15.810068202810543,-15.813973556058523,-15.203972990116785,-13.79266628970294,-13.689942913083513,-13.921156865724964,-13.502842050401187,-13.796452166936904,-14.947859104489138,-13.912157057556108,-12.514171386111398,-14.290427240137134,-14.17288988628119,-11.4390690712357,-10.964852659734548,-10.17707114181864,-10.324692903795146,-8.609771200250048,-9.604759163301862,-11.33738307776259,-10.589854446755838,-8.84307363166368,-10.916564475770281,-12.39823742152781,-13.055150577722625,-13.751138057947921,-14.253694427980408,-13.740410570607548,-13.29663623115184,-13.261217426561176,-14.841382226214252,-14.000023633847444,-12.559377805533845,-11.833663808134771,-11.050533469202245,-12.262494231457017,-15.745721710998351,-15.548376310766608,-15.012022498823045,-16.66443498470768,-17.61768459555889,-19.000974164110218,-18.746266370506554,-19.002108529822237,-14.193512514743963
-15.628277993963955,-15.76182051434516,-15.90034245893862,-16.14525600451735,-15.829930246773355,-15.27631457743865,-14.452347669578232,-14.013972446118618,-13.571858255649468,-12.86030548005076,-13.133567836414247,-16.868907767392272,-18.651560906592085,-15.212062244771488,-12.769355770674103,-14.827559972542081,-13.52531171760614,-13.531629278348882,-10.745042589810904,-8.487007418443797,-8.094891155055059,-8.621180856626403,-10.827065372895799,-13.2507198643215,-8.337249879940646,-12.001325863686178,-10.54269629348937,-15.067158608616523,-15.049843094666258,-14.313634283223681,-14.080417986512282,-14.548202127542918,-12.94574555408706,-13.681094263385909,-18.299499449108083,-14.953745573815233,-13.022927634897535,-11.422983640331918,-12.65013098099087,-16.026145542756797,-15.111126399090486,-15.93447139814553,-17.687651710926673,-18.06734220775376,-16.50876164618304,-15.566078368248814,-15.95512962805093,-15.800912290399063
-15.676321436483603,-16.030370725938376,-15.80999467588634,-16.0015376878576,-16.018482541237635,-15.373159041044477,-15.412022888792597,-15.208974036782797,-14.397540728766291,-13.527068828197446,-13.619635872334781,-13.681913568523393,-20.327508705441673,-16.91655994737263,-14.71414613456718,-13.63255949459177,-14.36562365549709,-13.613582846567958,-11.66194750655281,-7.856627319523843,-7.7860135059915185,-8.054342280290097,-7.25112839380409,-9.971785594645295,-12.595697699921603,-13.797971949971153,-13.025743379431008,-14.707479965772006,-16.473098399950622,-14.931537166835687,-14.46187575893589,-13.37983554649228,-13.815575614962842,-15.471736762550549,-15.807019394741811,-17.720455840158692,-15.340114675742248,-12.371639838050653,-11.380359484592939,-16.109987764823114,-15.063712294889523,-17.771367562556687,-17.270760073966734,-15.817991670247316,-14.6970735492886,-14.245092385457369,-14.961648420583717,-14.656195840552387
-15.458619457234978,-15.760921593905165,-16.251055135443,-16.09881135830501,-15.54855809259357,-14.912389541830771,-15.879154107640149,-16.16363749425464,-15.016521970334322,-14.338669536824783,-13.89452573349437,-13.742594474774073,-19.87098983785319,-18.085037501631184,-17.57610485810137,-15.42397185443029,-14.287383758850233,-13.871414678856723,-11.019300826910127,-8.39149070286861,-7.200943792914051,null,-7.629077957411099,-6.0749215515132,null,-16.518598809462194,-14.018352085281217,-14.491525649791914,-15.5326286508886,-14.966126330638884,-15.187827939285672,-14.573941331396618,-14.949115415160655,-10.070354657304001,-20.021442405302395,-17.623342744936657,-14.854900510353053,-10.69189061618095,-8.497783444711411,-16.85404136321913,-18.333658580545777,-15.692711439861256,-15.48666179444536,-14.329115031459871,-13.671280362194711,-14.743423142798878,-15.336694662193516,-16.522610018567747
-15.695695592708272,-15.853372627820457,-16.26431417435276,-16.16946305821176,-16.054188379904495,-14.439724995141445,-13.862775256326001,-16.352361277574722,-14.835766469852084,-14.510132451504083,-14.237508143279634,-13.265823565245691,-18.22793147824361,-19.27083259125427,-17.76374773086202,-16.340736939905373,-16.54496421722654,-14.130423723121504,-9.893800676699485,-11.349018122848788,-5.996904222072007,-5.788848420939095,-12.388286807809376,-9.089945167328558,null,null,-14.046495906011302,-14.788093392334362,-13.246852800564445,-12.130981244065087,-14.159987390011924,-15.239312386631791,-17.863678838307603,-16.535686650269238,-15.640551174942454,-18.10779126799976,-15.998769601883499,-11.828402322307836,-11.229736902250469,-17.307623039682216,-15.554408643350072,-14.87910235282669,-16.916795063835433,-16.959758451487566,-15.93506867329977,-15.471743833415342,-17.20518424513321,-16.22922554391686
-15.72215378529068,-16.257237294360504,-16.674323353409175,-15.890813572281226,-15.975928092374774,-14.41060008891191,-13.76952070231055,-13.887399240893451,-15.889824148089286,-15.571977225751816,-14.279453315019268,-11.358598654171674,-17.343487704985968,-19.07757934509845,-19.294799666285837,-17.406991668715122,-17.07729058806454,-15.383506741357712,-11.008080963803573,-12.273287203250637,-6.453387445275896,null,null,null,-13.429632252184604,-9.745749080045202,-10.6962100042112,-14.806598030528628,-13.377122097729774,-12.30223620610492,-11.1128291823458,-15.09618059821074,-13.819026308826894,-15.646217554818334,-16.95358247958469,-19.17336442882599,-15.891540196013278,-12.155933399010838,-10.42261828799547,-16.394318993861884,-12.788997979797852,-17.215835460268966,-18.289939569086084,-17.908823457287887,-17.315350430751952,-17.140989060089296,-17.51778494387771,-17.67345632128343
-16.18826987053155,-16.2393348841329,-16.214267807598976,-16.465689460641094,-15.95884436385684,-14.534540663737367,-12.958655297589559,-14.13146523997651,-17.011142071556968,-17.73522294094746,-13.675866460850328,-10.195220695314308,-16.964621994819506,-19.167385215812715,-19.207905473662343,-18.057463380567242,-17.989160735902164,-16.4910458964199,-13.00085185765722,-13.231984084712504,-9.346627075512686,-7.280345344230297,0.6108536558644608,-10.742438724645186,-13.868989889943077,-13.564318799175084,-13.481736338277873,-14.966270062276145,-13.609027698097266,-13.857550034527932,-12.051482381319584,-17.47888534349038,-16.896846410357426,-17.421281784946718,-17.436787277039922,-16.1003626099055,-15.588004091005205,-13.34025562362561,-13.884076995376116,-15.083543956132978,-16.627607771405614,-16.913252373060317,-18.229332220613884,-18.74440670869172,-17.534847595425425,-16.773265093501635,-16.627812784541447,-16.78333258632255
-16.247004353510903,-15.856385128708553,-15.834525230250335,-15.48895443880435,-15.123609689722784,-14.771657935978066,-12.613915161879492,null,-16.52799992678557,-17.313873290399574,-11.384665838053547,-9.652656227456093,-15.700307170657315,-18.71452440812756,-19.94336715111792,-17.06095719426662,-17.62341726087654,-16.507274086129637,-13.987396882218185,-13.455265999538199,-11.34679252000396,-6.943962700361712,null,null,null,null,null,-16.58901285255657,-14.158520258538283,-12.160221840728491,-12.051952324378224,-16.26806852179691,-16.951296558929883,-17.67916065142465,-14.691191189750864,-14.707897998520352,-13.229314709644354,-13.610684583626702,-12.9359677418622,-14.793426291104836,null,-17.862925414565613,-17.97391390168125,-18.065893839062532,-18.146227783147655,-16.751499415105194,-15.835102462929585,-15.578852755382119
