public/json/wind_2018-09-1521_850.json
{"header": { "discipline": 10, "disciplineName": "Oceanographic_products", "center": 0, "centerName": "Ocean Modeling and Observation Laboratory", "refTime": "2018-09-15T21:00:00.000Z", "significanceOfRT": 0, "significanceOfRTName": "Analysis", "parameterCategory": 0, "parameterCategoryName": "Currents", "parameterNumber": 2, "parameterNumberName": "U-component_of_wind", "parameterUnit": "m.s-1", "forecastTime": 0, "surface1Type": 160, "surface1TypeName": "Depth below sea level", "surface1Value": 15, "numberPoints": 4800, "shape": 0, "shapeName": "Earth spherical with radius = 6,367,470 m", "scanMode": 0, "nx": 80, "ny": 60, "lo1": 109.0, "la1": 20.0, "lo2": 116.89999999999955, "la2": 14.520000000000117, "dx": 0.09999999999999432, "dy": -0.10000000000000142 }, "data":
[rows 38 to 56 of 60, columns 0 to 41 of 80]
-12.949973907745305,-12.793498367119998,-13.94845378277514,-13.841892400105156,-14.217922868769246,-14.74379493671046,-15.185479290991074,-15.266251967566483,-15.002471781587705,-14.374098260615174,-13.518716100571405,-17.35637572990755,-16.695876079668807,-17.319307682808542,-17.271012238484765,-17.826017727566438,-17.022353718596005,-16.616671191099872,-16.289775908659323,-14.41442488768304,-15.794723715165507,-15.765354559460187,-15.960868073207083,-15.9104518272507,-15.471011811778594,-15.20439742023773,-17.282892698829283,-16.99031832421373,-18.147703579276588,-18.796218305674792,-17.87809448010019,-18.495785194471036,-18.723673453627374,-18.41032920754443,-17.832139059041236,-19.93747932836281,-18.874526917724403,-17.396273186467965,-17.706209817973743,-17.111119790172946,-16.411573981472024,-17.150923866666947
-13.61905516726927,-13.727676411499019,-12.716496619397324,-13.551041509072617,-14.504105405284804,-14.992884569297097,-15.546008012713243,-15.400366068888857,-16.042680564860255,-15.338398001027278,-15.976320672443714,-11.238230814770938,-16.09901712826907,-16.62175273438663,-17.49401967113137,-18.055682179432708,-17.223544067641907,-16.85924181936405,-15.417271859057372,-15.487274050781926,-16.750059377091663,-15.622614374800355,-15.48074491462155,-14.085151724534901,-15.649108386178199,-15.370212458763742,-16.817699265568358,-17.519221935632515,-17.58139533856163,-17.737526012831953,-18.088954377248065,-18.48060711966062,-18.96566174583098,-19.36393250356156,-19.582641057432372,-18.76180102650865,-16.745010989340354,-14.980432269908087,-13.396228471540676,-16.60287864070574,-17.07000813860996,-16.587747098735456
-14.199006861102944,-14.65164533823805,-13.373131083312693,-13.397757748747065,-14.04822844747341,-14.429273488120192,-14.79197677962798,-15.543872506144563,-16.06026224023298,-16.489320654509548,-17.573619711717264,-18.067680015360907,-18.566709845712396,-15.868428372075979,-16.107740126821,-14.879237477542752,-16.538194758016427,-17.18136831200038,-16.92994354178589,-16.686725889321675,-15.016348382711696,-17.632620204313262,-15.339570571643465,-12.703611913938104,-16.08324344988458,-15.982628742010995,-15.374401929540857,-16.155329493169585,-16.627531475668135,-17.025363164354175,-17.9063428364043,-19.242457819889115,-19.590848868438364,-19.77257442443316,-18.268145652666856,-18.019397412600085,-17.15772022314067,-16.382282877702238,-15.55718667208503,-15.281480686223702,-17.5367184521241,-17.205093239348848
-13.638087236921015,-14.323705143956008,-14.054070244480046,-13.934676119283168,-13.921792298913157,-13.699529971449177,-14.133664967530171,-14.561886698840762,-16.170682449035738,-16.77681831616593,-17.092277392720554,-18.176116191349116,-20.020437473376738,-14.128006814094464,-14.46660055268081,-15.46147241182942,-17.315038838594678,-16.64480762187826,-17.352110254499948,-16.222857497171525,-16.556562193762776,-16.54887721462057,-15.238914822167235,-15.446081076267916,-15.327234530175131,-16.86767848048543,-13.995219636393589,-16.62673731364119,-15.915466602019276,-18.339290509514257,-14.235697534456634,-16.75021208626409,-18.125864728003677,-18.063102545903043,-19.656730365200648,-17.912701972807312,-16.087763117106533,-16.992228783485874,-17.46098834673533,-16.1163173873117,-15.04192463505895,-17.033262370080678
-12.771279129948054,-14.168576794627207,-14.029835495583509,-14.30249026725197,-14.267050482109077,-14.287555287605343,-13.31512765285385,-14.663246212344674,-16.12988753543573,-17.057455036303793,-17.690638147007405,-19.204693113718157,-18.999215429841826,-14.362244326686136,-13.805385868499663,-16.23190202723013,-15.989578885079055,-16.73212039138799,-16.508052845490433,-17.698124805913196,-16.283411182285064,-16.222680470023104,-15.936728203724321,-17.00937499594966,-15.104457753116463,-14.259420517626602,-15.183374101586105,-16.696272051551926,-17.858856087479346,-17.40392776148757,-13.983085954885194,-14.972266632045386,-19.582933347470995,-13.615010016145991,-7.629171459095913,-15.099181301155578,-18.08210423269268,-16.903289884927943,-17.865885808194957,-16.858706216884507,-16.36959592787739,-16.450697905802745
-12.371115735796614,-12.99715426428609,-14.311828360766803,-14.278659433103083,-14.483800258595675,-14.555167359751264,-13.98297918353135,-13.875087053816175,-15.613572726623392,-16.164650423271603,-18.80162085650634,-19.19589403072139,-18.110764221655927,-17.346886172659623,-16.700452494157638,-14.148017991998694,-14.887983062272284,-15.3813868682122,-17.136017409899168,-16.679779145422096,-15.662526807171707,-16.604290367184717,-15.708716103926092,-15.229228797043602,-15.189927484245755,-15.94827864959496,-17.097459023354823,-18.065799102665125,-16.212212548781732,-15.382728182534793,-16.570225136010283,-16.620605361409574,-11.199101997198078,-7.93035319104405,-8.009074064780398,-12.092451837795393,-17.297512512879592,-18.44639916614723,-17.071948863965545,-18.044770301723776,-17.017535272986365,-19.120157629821833
-12.68635532729168,-13.70007975854544,-14.332209622547252,-14.693945813946373,-14.910901787820357,-14.7565836342493,-14.322287199324933,-14.018953864569504,-15.342293471254624,-15.701219118944428,-17.59702747616575,-18.584249773787523,-17.395852381671265,-17.26119545929302,-17.438346242661634,-17.483344686711778,-13.334397840092763,-15.419786884420905,-16.291287591902694,-16.573097336886665,-16.98241707008982,-16.79493526356106,-17.326612034530108,-16.342042843313806,-15.779521378555714,-16.85260946130441,-16.8974906046125,-18.901669081630903,-17.449188217632482,-16.188679400628484,-15.659503609839549,-16.898226949792637,-8.552898136460357,-12.919716737498765,-8.793368780039353,-9.796826314602598,-14.553673429334442,-18.16288320374457,-18.10664784486057,-19.69208330294301,-20.196176632830657,-19.28404017727232
-13.206601883775381,-13.753083585157736,-13.403693076029416,-14.350417858274696,-15.144947149034191,-16.04579557858813,-15.712750298254301,-14.712579556721202,-15.43635105859888,-15.46603604949496,-15.649257713614261,-21.14267061058796,-15.28263231323539,-16.94224301608342,-16.910864238753057,-17.73479175932904,-17.77670664286131,-16.91175173432265,-16.694771817517534,-17.039728047114913,-18.41998212485672,-17.641410520540383,-19.023143812997446,-17.37442180477776,-16.09821559745544,-18.339362864348093,-16.52647702758686,-17.467135238985215,-15.19074413532477,-17.43129557855243,-16.448169516228436,-17.399571412882977,-11.539796902865314,-9.241375869959318,-13.081901401888247,-10.946630803396001,-14.245481543632618,-18.074744553677064,-18.769005773639012,-21.231909179962045,-17.53793103501817,-17.85113256916766
-13.369439630420954,-12.32309443888329,-12.96152178917462,-14.882615327186125,-15.062399033914478,-15.489255536174904,-16.202357404894755,-16.086003083042502,-16.744925447777295,-16.802416375630436,-17.24068777377848,-15.659325462284418,-17.077150363039728,-15.745585126255202,-17.235199852756452,-18.08898858584276,-17.70434197184009,-18.84886473354256,-17.66866876740128,-18.298276775017037,-18.024027901877783,-17.180327360246928,-18.469234238696046,-17.007739864256962,-15.068848357188514,-13.889210897803617,-9.460182257173306,-11.456144797759622,-16.58259372895274,-17.858114499622342,-17.413419241447123,-15.561012336769352,-16.68642435487934,-11.895694162677396,-8.917568260798868,-13.22866046527204,-15.828376002992758,-16.65778956249764,-18.095729396158347,null,-17.14890003730135,-16.63212226599854
-11.691799391414824,-10.802933073230548,-12.364344481046487,-13.451471823636108,-14.079602187986064,-15.640985774016947,-16.650753617733866,-17.195767351013576,-18.80702454673766,-17.906251167853597,-17.981080662777977,-14.83429946618191,-17.321127616306285,-13.365342265304902,-15.381413322299705,-17.767637534675373,-18.14140582362517,-18.638720237536297,-19.220780325077275,-18.13152148755503,-22.452152573656896,-18.513597713189018,-15.672189334048076,-16.554565391520015,-15.348090134877214,-15.258794106855778,-15.902494612405157,-13.24575842055314,-14.815567639915413,-16.156188062812703,-12.928215050052982,-18.81986995458749,-7.007355085605109,-12.630114701659815,-13.052812634175556,-13.165551036381174,-13.752847176412168,-17.73086994571748,-14.242912275771417,-17.286712385099154,-15.956282959949647,-12.594805105020567
-11.941885261320593,-11.282368178509348,-11.454584147805594,-12.975807804704809,-14.915239979483722,-14.927658220063245,-15.588126183444523,-16.941806161046195,-18.658979354897614,-20.31814627941982,-17.05834503358696,-16.939479487038128,-15.675884771315257,-13.592603119537955,-15.79379584135102,-16.44398492514074,-16.864882572348233,-20.153799843724325,-20.377938967336657,-19.41503437774327,-18.435897195172704,-17.496153785808715,-8.84155962941281,-16.98744423419434,-16.03050338624989,-15.112088138413625,-14.506748189035147,-15.838078169318457,-14.745601278770588,-13.520101455839292,-15.71062954786726,-15.3896588664695,-11.112346281046216,-14.0756923366391,-16.50579550533946,-16.61530364661227,-17.697709857381536,-8.931284092656991,-5.900380228138745,-12.065006719173262,null,-11.20093226862451
-12.545043364141579,-11.981195037469549,-12.318356200986694,-12.873429076027623,-14.66889013672509,-12.43440341475328,-14.915009768195889,-16.358135889499714,-19.492886728049108,-18.396383683968278,-17.871956213606467,-17.85754893811772,-16.01128196738377,-14.119348381745855,-15.72628992787219,-16.21566398461243,-22.625753289920688,-17.622648417410627,-20.002279468060813,-20.878154150869527,-18.209277710683118,-16.98588110160078,-16.550529940517286,-16.840983550215274,-17.10290905735618,-16.391463791898452,-15.852442734250399,-14.910677881427958,-16.190209590434943,-15.497095259068212,-15.397103298376951,-14.390668855795838,-14.477443907335601,-15.780683078587332,-16.084517035271137,-17.612217101147973,-16.541870272028593,-13.35186213362418,-7.1144944145369955,-9.976153562902649,-4.811933720993803,-9.722770928278754
-12.643048029452519,-11.854020597334817,-13.29064617948831,-14.041579647992707,-12.746571839032853,-11.381191001451278,-13.372352653154774,-15.57683489073672,-17.4833612399711,-17.649858023061253,-17.855567508340037,-17.85552961984205,-17.635719488146965,-16.346846648774854,-16.265634131799022,-17.019220018615005,-19.380479567091864,-16.03293882132177,-18.133396027709875,-18.916139317653677,-19.240529262993594,-18.454693125401064,-17.85944426466404,-17.977567583562042,-17.038280172495956,-17.935401115155553,-15.265569361942529,-15.073062918908711,-17.051668833391773,-16.489613045827852,-14.955657667104227,-9.835672310920218,-8.827694498284968,-15.026088620426677,-16.30968563687788,-14.124121649019589,-14.634950347870907,-13.065514777586042,-12.12927946425532,-12.835888105597803,-11.639299424660168,-10.084628604164218
-10.171609494779004,-10.059502701040525,-10.466689058416755,-15.210860027971432,-14.272807057715642,-11.821142785001996,-12.079571148569562,-13.149110501939738,-15.619585801913114,-18.065063336536713,-17.008071499364938,-18.03500417615916,-18.76370315855212,-17.528833758219747,-17.173408176033032,-17.921128285710125,-18.784297963335767,-18.236946084620136,-17.61667982976507,-16.008556603449726,-21.642830651370783,-16.64731300429511,-18.752658432067733,-17.674869143456462,-18.192905416459396,-15.968400869318705,-14.409673490653116,-19.896648299188435,-13.524448230439802,-12.651980620951505,null,-9.37709814609152,-10.418931872445242,-9.038084640498042,-8.03147638979334,-8.884474684149298,-11.249737242035229,-11.540543959594865,-12.056078443631622,-11.345876113308194,-13.365159599031525,-14.365371943013038
-10.126158543122251,-11.472271329669255,-13.696650820391497,-9.958650346614993,-11.236711367181297,-13.852630439045397,-11.652290704418999,-12.209809125556383,-13.871581904300328,-16.29046693508602,-17.11918146391168,-17.153909788982777,-18.833004777337553,-18.692786924516128,-17.919109636492376,-19.02973575958111,-17.80397624705911,-18.767577546669653,-14.42207750305189,-19.10471712792374,-15.493812494757004,-10.206329423327347,-16.39928605734585,-17.9034231958011,-19.135620050039275,-17.41404564269789,-17.238649100005844,-16.23179364925892,-14.966513095022496,-14.333910306715829,-11.067605925343916,-9.712679633023543,-11.551477525340035,-10.571126830286378,-9.373900084325879,-10.245377770863863,-11.093272421023293,-12.450458905940904,-13.158170311435322,-13.040035861341254,-13.174354009075577,-13.83733627025875
-11.703988529671744,-9.65979544230846,-6.327654923733855,-8.033403167936504,-9.617758195193302,-10.817960141945987,-12.447984591517791,-12.298702307339235,-14.55597296505464,-16.812455927826974,-16.7402644858367,-17.129080127596616,-18.128204025813353,-19.494896888722366,-18.428029766549578,-21.762845698058175,-17.69168147627104,-17.834581685965297,-16.93328571996364,-12.823522758986144,-17.915408407105758,-14.6197189575178,-10.465453195563484,-16.408169022989068,-16.674487432239346,-16.91061591385735,-16.788584020135062,-16.142801921009045,-15.849479915231003,-14.92066507789651,-14.043062764998412,-13.826469394319929,-12.109758970905274,-12.49911743699502,-11.475971649671841,-12.472279607709234,-11.162302061284509,-12.101360760843667,-15.167692473571602,-14.13715992037658,-13.804231416678622,-12.320488002208679
-13.065769239834893,-11.719176578653851,-7.659413457053406,-7.438416816049648,-8.777897309272124,-10.546815101523052,-11.545600317120208,-11.498400068358858,-10.200724575143816,-16.500972670737777,-13.311793139888628,-16.09100611435287,-17.734650489541277,-19.134236992183652,-21.25686591384781,-20.336790323573762,-19.172047268957147,-17.235860544627357,-17.661440376829507,-16.51179713447801,-12.673838186283872,-12.558289830488032,-13.88154434222881,null,-14.404155192826686,-15.57441487694082,-16.531163566929234,-16.461323031882923,-15.838714512834322,-15.496092329777998,-14.626371865047508,-14.095731140037792,-13.601040745536626,-13.67502540426243,-13.016620773371082,-12.178665014695945,-11.394203842064,-11.039054862577277,-10.421666249082888,-7.872651006314523,-11.840717414466162,-14.171712826006162
-13.116087394009922,-12.955562001314092,-12.029218696268476,-9.057574167657293,-8.130138997005927,-10.008756243581143,-9.97276452493914,-10.598877203950385,-12.456381111296079,-10.695682140510403,-11.452673938502068,-15.742879431000485,-17.302071641606616,-19.81237342680427,-19.797132617942268,-19.571789183685134,-18.433954853328196,-17.972035433395273,-19.241965076069697,-17.490732748307433,-13.278740820577223,-11.736567308126705,-14.486696587527799,-15.187716722091459,-12.956300808410559,-15.463052717522832,-15.769655780174325,-17.214345614601577,-16.507960022475206,-15.387868967595104,-15.336122862486745,-15.626752802758727,-14.963278035019952,-12.596116603624589,-13.860672180630306,-13.040423447616309,-13.047442548340697,-12.60497594089566,-11.160912758097053,-8.16664610291109,-8.964092571844043,-13.557634883988657
-12.630167387729005,-13.28136775942916,-13.421742318178039,-12.22260586670755,-9.338115160981518,-8.908500019999606,-10.272829717260306,-10.711924066736316,-12.26278992984869,-12.733536514541159,-9.699398135118155,-12.721327056506835,-12.489271300553368,-16.01509935111909,-19.975964159004093,-19.292692842261644,-18.55895933148515,-18.176739532508552,-18.889896504470602,-17.344160722514065,-16.001374469338653,-14.65430744277267,-14.447769294477954,-16.43199698533371,-14.968841488421857,-16.108066848783256,-16.505134263582658,-16.21303823301571,-15.795342577751644,-15.498681837213333,-16.474929418913284,-16.434536937289874,-14.780261478469356,-13.824083643106936,-14.341530196931718,-14.164371262398655,-14.150537666009377,-13.816333615648826,-13.01811737586978,-11.584727793988334,-11.567779385721717,-10.386857923147037
