public/json/wind_2018-09-1516_700.json
{"header": { "discipline": 10, "disciplineName": "Oceanographic_products", "center": 0, "centerName": "Ocean Modeling and Observation Laboratory", "refTime": "2018-09-15T16:00:00.000Z", "significanceOfRT": 0, "significanceOfRTName": "Analysis", "parameterCategory": 0, "parameterCategoryName": "Currents", "parameterNumber": 3, "parameterNumberName": "V-component_of_wind", "parameterUnit": "m.s-1", "forecastTime": 0, "surface1Type": 160, "surface1TypeName": "Depth below sea level", "surface1Value": 15, "numberPoints": 4800, "shape": 0, "shapeName": "Earth spherical with radius = 6,367,470 m", "scanMode": 0, "nx": 80, "ny": 60, "lo1": 109.0, "la1": 20.0, "lo2": 116.89999999999955, "la2": 14.520000000000117, "dx": 0.09999999999999432, "dy": -0.10000000000000142 }, "data":
[rows 38 to 56 of 60, columns 0 to 42 of 80]
-7.653621592427132,-7.369872514056455,-8.29788519050014,-8.471402239997996,-9.309148406414796,-8.680877519144794,-8.327069443882106,-8.121803006521075,-7.215911976644658,-7.159336918928826,-6.417697615837112,-6.570978626556974,-6.69683078612847,-7.427932601515711,-6.952368872705375,-8.566032207600433,-8.760036452701566,-8.469074239521898,-8.796414280239828,-8.262429547898499,-6.835830088198893,-7.5480607888188285,-9.652580586159722,-9.94469874982653,-9.900252496430083,-9.826303817859666,-9.369287390355243,-8.818428681869019,-7.9935389058188,-7.440818403647663,-7.622196712022672,-6.3296144951609286,-5.370381841597248,-4.310151662944282,-3.208700217716547,-2.7816376324528287,-4.404521343250175,-6.220570500650141,-4.758011424789208,-5.351590083042808,-4.709678714714463,-3.58910296438162,-3.0644100070771456
-7.690010174584097,-7.464181384872919,-8.36127231805891,-8.397542251317226,-8.404805694499695,-8.439506173792987,-8.276784179113337,-8.042130794571104,-7.696106840087624,-6.954696481014903,-6.594032302518018,-6.34304661702425,-4.506464838255447,-4.300872253857904,-6.599053734571383,-7.622420602278138,-7.220676383506594,-7.16790291089555,-7.750857257333906,-6.500144074457776,-7.771651578786311,-7.750654366388655,-8.532052250304156,-7.50173292153513,-7.471663844762054,-7.979152412846606,-7.563516902455392,-7.3276387914647465,-7.660327112525666,-7.102728512669957,-6.580276337387126,-6.24583111950154,-6.2426198807741216,-5.824805100568746,-5.440202770857329,-5.899343865504321,-7.300270200459515,-7.847662364782879,-7.36630214007813,-6.210949953744603,-5.080132772642891,-4.675049020839673,-4.427876036742
-8.813460655262382,-8.7601936162655,-9.180695691782505,-8.981556371900174,-9.041665012705664,-8.483025684796916,-8.562314636515843,-7.882115992894228,-6.939254488997505,-6.644030779833541,-6.0936555396759875,-5.307307903286027,-5.292886921460466,-7.8672811197426515,-9.403906632798762,-9.010600520049318,-8.381529348203093,-7.124365520507799,-5.865825811026751,-7.329406903825438,-8.226938734166456,-5.759969276331091,-6.768915675260002,-7.581181545234857,-6.392181418869944,-6.605303160930289,-6.925832168458593,-6.395290672100609,-6.524358757469711,-6.243930679353255,-6.056835505082458,-5.6422776557331655,-5.491778018713606,-5.487394111977786,-5.100381584010915,-6.408847080332526,-6.966480665218102,-6.752366313151963,-5.326948414641433,-5.329192927506708,-4.781316049017113,-5.527563093097337,-4.515924706510592
-8.628521023701124,-9.159585618165874,-9.659171157901781,-9.68377606214702,-9.617091532746446,-9.467281961881348,-8.486157181163353,-8.72235420295791,-8.328871443073668,-7.6671183799337514,-7.690089258609825,-8.024760164948177,-7.065940765667702,-7.08755271555329,-9.1380885034769,-8.573277922283575,-7.6024085363239085,-9.045404424191426,-9.275098530435118,-9.33548307961629,-8.357173476176547,-9.270872123050632,-8.685832276189721,-8.015418356898298,-7.421139439105108,-6.3153356972552785,-7.266342571593028,-4.941180012171087,-4.745919505949484,-4.533784554033613,-7.505270063027418,-5.641184781266821,-4.399442196396789,-5.697033582999325,-5.282156678712967,-7.395053889391479,-6.204280970997458,-5.0606774938536,-5.4849327202222,-4.643193848103427,-5.697056989126603,-4.801402619201385,-5.092118846173371
-8.531951589404189,-9.188323060237604,-9.828172903157848,-9.814922723027838,-9.337431543957841,-9.08271840412987,-8.46699629391626,-8.224648704024485,-8.613592119726658,-7.673896245486438,-7.267244950115256,-6.931775246583436,-7.85820687070226,-7.3305475648482545,-6.264032185865686,-7.257252052365212,-7.52673994772763,-8.038255061999648,-7.97192152428734,-8.647863129663763,-9.013163540150053,-9.159364361925482,-9.521586877631973,-8.507694500445128,-9.641261064952912,-9.132625761492742,-8.545793687620904,-5.952683950089342,-5.750312073088473,-6.902287094289573,-6.04493356053619,-5.4390714112577365,-3.917886519642279,-6.919556720773767,-9.970477993660015,-7.737423155275681,-5.972997820381783,-5.0543930745770504,-4.634173745702314,-5.539953650634609,-4.210201769416053,-3.3929848509755027,-3.493763612101067
-8.756064699797541,-8.985974260298386,-9.047439074354715,-9.38799401571954,-9.292141135761167,-9.018138050816022,-9.187418490870028,-8.745129846739275,-8.281736153415894,-8.743186377052902,-8.53392633033171,-7.632652306838713,-8.19535456214313,-7.183972311099326,-7.372123706557385,-7.766078500320489,-8.585835485190744,-7.220581415258588,-9.344294377983863,-9.722556004461978,-9.661753662295315,-9.331915191513886,-8.996541463466391,-8.89706792329443,-9.119776752371298,-8.96826887885384,-8.218865251681024,-7.684261208073146,-8.704008994410358,-8.22524703630664,-7.661432293194809,-8.241656493399711,-9.983552736513184,-9.467676758316273,-7.354647528317833,-6.155024863103127,-5.998064692335641,-4.326733123873513,-3.5094478402991514,-2.8727100075606313,-0.9513362609165799,0.12786164592587304,-0.0973092883652509
-7.731850813449019,-7.873658585505137,-8.195534655204161,-8.556778558100158,-8.146107790815442,-7.625960078809558,-8.069136739478505,-8.031985388337954,-7.520477975496182,-7.585671198006324,-8.272740479883627,-7.602904170320685,-8.447548518420405,-7.973720500867009,-7.455079494909413,-7.93561789729662,-7.832990247864981,-8.225409070941307,-7.3314751458283745,-6.709894828969304,-7.022813215879545,-7.2559095769376345,-7.487113605284605,-7.977575933929214,-7.102255125496597,-6.19428085765027,-6.6635044539998995,-7.979829767156058,-9.100722187367364,-8.410680365446149,-7.782803506603859,-8.174794523859267,-8.450692907612856,-7.518463783275624,-7.088400234876629,-5.51961634820778,-4.388944500740168,-3.035486023118979,-3.2730979932023345,0.836029828728499,-1.8493705966930585,1.3067751569675365,-5.536246408071426
-6.665006036146752,-7.2434869451339505,-7.315495466755959,-7.49801100912385,-7.954543777425998,-7.007933502067989,-6.630995448259242,-6.691478654551364,-6.42620230940764,-6.265288771425071,-6.70227439538932,-7.164935764135192,-8.430304136826686,-7.350003680780673,-6.207431487940208,-5.694342741916766,-5.178989732011103,-4.51844683077888,-4.9132166719829655,-3.8615689369044515,-4.384829605818499,-5.68857161772759,-5.332148002386938,-4.275631433184921,-4.943315913509748,-7.018569320191928,-8.193477906978847,-8.030065506159815,-7.779174161663211,-5.8829436014632375,-7.303329097613332,-6.60277485151127,-8.249929208033727,-7.2978603449247155,-6.44725103949462,-6.294575879874001,-5.3716259302271725,-5.197050674105278,-5.885478651965062,-5.0582232420616275,-6.020135279992357,-5.633558668906602,-6.431858645522864
-6.7961165840269215,-6.8000858245135545,-6.483176612058189,-6.700584393744791,-7.006340522190057,-6.831622033549242,-5.973343192208462,-6.608423733536915,-5.8967174806333436,-6.020328688764918,-6.473198298534853,-6.848472037896103,-5.191063759275357,-7.2980706280090075,-7.022089103667287,-5.571644069144886,-4.978548257442807,-4.970460313530418,-5.951803362067939,-5.811409282471695,-6.2110437405035706,-7.1698490923874125,-8.957718465312261,-9.053532562520697,-9.444641986808268,-7.940414428246466,-7.867373050033715,-7.331801062883996,-4.969419529584185,-4.303216388310858,-4.595543871059054,-7.227640997554132,-5.668823205853361,-6.533962009175678,-6.089579051578418,-5.353252136387533,-5.302661409197507,-3.8347733497710452,-4.444112236721044,-6.128217274273544,-6.986784918794853,-6.676170258733578,-7.503949137959078
-6.710951596845129,-6.292118525393038,-6.2212635139427155,-6.599873392958667,-6.90614340793317,-8.191744839906038,-7.364135027747807,-7.232826432133057,-6.931333632138512,-7.318361817174207,-7.66316274005725,-7.9010358683980435,-6.988038898277765,-7.681216014424582,-7.734450037827027,-6.96958072006586,-5.524588445855552,-4.353501316865666,-1.9157188500757332,-3.5261264944264123,-5.330895520835619,-7.85074360053205,-9.442520938453939,-8.749428505255992,-8.317660841931058,-8.296868119093467,-8.10094915523344,-8.088922109389404,-8.62123315958408,-7.628034546382583,-7.247346149243391,-6.482476750083678,-8.829485561941743,-6.928295091609005,-6.280662702123055,-5.065034778005731,-3.4154008389821664,-4.6405263293613475,-5.399172697250654,-4.593730578133618,-5.640657644075373,-6.841662101875983,-4.435398382090955
-6.0241351106437335,-6.065837122459039,-5.914301006003788,-5.803018230987265,-6.75377358075726,-8.565643931088037,-7.795653239952443,-7.202476315865592,-7.063214239328257,-7.505421827378837,-8.138974349700462,-8.51154813460329,-7.879803416010487,-7.251971296862311,-6.819040223125197,-7.121816600911272,-5.2221785442934,-6.918001627103266,-5.6172772315173685,-1.7938045962258264,-8.46194202503722,-9.22621490451376,-9.120026660457533,-8.113376671514285,-8.65262296637089,-9.03959315933776,-8.430948903874857,-8.26768813963357,-8.48630999768466,-9.13943516532539,-8.030843534847943,-7.828517064635196,-7.485658261311971,-6.850495361212191,-6.439933121922966,-4.98952971801055,-4.1357187874196715,-6.879017525456413,-7.066596962099886,-5.7865819348520695,-9.308823295109,-6.936094694028533,-3.974093353159465
-6.007187786867918,-5.4050769994365755,-5.990694561138276,-5.670396237845044,-6.763864857204268,-7.772926734687068,-7.806408221648278,-7.689552623029638,-7.9473895149784015,-7.745019944100955,-7.371624407810266,-6.733930494222125,-5.775278588796851,-5.467065508385696,-6.1743554042687965,-5.346341413594423,-6.3326279008619215,-7.502284501798341,-6.552393212126738,-8.275099552341803,-7.321178359034615,-6.934953957117882,-5.017220426918079,-5.53428504817796,-5.758652994182662,-5.54705616073238,-5.755677622548053,-5.249693175997282,-5.2283541987906155,-5.1700366682075165,-6.983911515261612,-6.8319321293521655,-6.305642215336279,-6.345353359624132,-7.084772567083261,-8.109932413265962,-8.723816146840736,-8.847305220619457,-7.465841384631259,-7.828307933119577,-6.766704534097633,-6.767644750663869,-6.538570474927621
-5.115525150589568,-5.782041960522349,-6.135742400549029,-6.884805230062392,-6.648832072604541,-7.371912388490408,-8.057314333549067,-9.010224451534251,-8.048797503879879,-6.6702126731545635,-6.780463306255735,-6.560053445649566,-6.3713345469797495,-6.433134916973913,-5.490349209846741,-5.703774349043624,-5.993786859127834,-5.355033575280219,-6.442589872871073,-6.9326696709822375,-5.632307323561303,-5.520159762114672,-5.461994678467643,-5.328903926417748,-5.287335877574335,-4.160776542490722,-4.672039172371466,-4.2377185892874545,-3.5432308899962477,-4.74353954809376,-5.778390623410086,-5.635785714751045,-4.995848831536871,-5.357693641334469,-7.038770073809,-8.135275111843674,-8.181515109501591,-7.656090570681615,-6.481388172513651,-5.513348472763104,-4.990485165034983,-5.053465008216334,-5.936407927228624
-6.336073837647604,-6.924066280872299,-6.146457138363317,-6.57761008782455,-6.629784983910654,-7.005834474564087,-8.53386009540723,-7.984485716539257,-7.289644920311803,-6.405795407532751,-6.414932169810508,-6.229891243965504,-6.2360052749952954,-6.642065458200103,-6.7934370629679846,-6.599796850782637,-5.359460314600231,-5.167509819384186,-5.8656390019541735,-5.637624773329293,-5.814311380438418,-7.135780714300861,-7.29373273304332,-7.532720466281091,-6.725217356914068,-7.631455711055265,-7.329719853737591,-3.8102690749717807,-7.372773879828463,-7.825559392899225,-9.346280924376016,-9.3402097713229,-9.334721635258092,-9.436619154600965,-9.509191070082355,-8.406953492750421,-6.877633249906735,-5.973112886649898,-5.4295243866964435,-5.144816489123493,-4.35233542151196,-4.112640290890234,-2.348446048047473
-4.865214964752086,-5.468533418704977,-5.605685955926419,-7.688398647386951,-7.394945755704328,-6.980579470148829,-7.255159182148718,-7.318498249882619,-6.739810749460788,-6.285923770598153,-6.578317119947258,-5.960518714111857,-5.200204341528011,-4.3463069582928116,-5.379833400786902,-4.356167879784736,-5.738424416338401,-5.249448852186671,-5.992001251585643,-5.8491264473621,-8.003514144695192,-7.360194590554261,-7.937537434602309,-8.051663530982273,-8.747283856234603,-8.967401848253289,-9.172097561990846,-8.424347249398535,-8.171864446849023,-8.55512576406535,-6.860438902316083,-7.172564806244379,-7.515453947138936,-6.6935123220189645,-6.470604226433456,-5.930075224921268,-5.273441216741139,-5.200497480804156,-4.411398348423905,-3.620669606806821,-2.946564156145783,-2.0001926879816914,-1.2816447928710422
-4.099329064472538,-5.037146721305048,-7.2739646120066705,-7.185614985877764,-7.028131156379668,-6.887007863746143,-6.4236320370928786,-6.478042115910171,-6.623805276805459,-5.653799275219111,-5.917446921173422,-5.400879305068846,-5.638837698522552,-5.083940546456321,-4.5375597521127595,-5.705302362512593,-5.785387540570068,-7.221696669299657,-7.581050421770801,-5.8625538064034375,-6.620624235565466,-8.874445561677659,-8.292838543301077,-7.432760948349005,-9.268767554934879,-8.813995920546734,-8.240272324842278,-7.1720850052470695,-6.697791032491218,-5.125464488788686,-4.622510548894193,-4.581550542052167,-3.8258899015893237,-2.829251589244565,-1.2597267863488948,-1.869577656894933,-4.329455154061586,-3.803849134055,-1.87084872976339,-3.6546606115317277,-3.1571628696381846,-2.5482715987833835,-0.9265999509623841
-6.29461202791391,-6.597899789860424,-5.767043311322457,-5.562969646600309,-4.837627245231182,-5.789748349878918,-5.652364652425561,-5.421948637512603,-6.936111129901764,-5.590665272856037,-7.273606124006082,-6.372907098702012,-5.578929602289473,-5.011622881739914,-3.8025172642998295,-5.424572399486793,-6.700645765981076,-7.338472933166581,-6.37765054672383,-7.222524730848493,-8.961622691392527,-9.193493608961958,-7.429981646032158,-8.671291929278375,-8.5585729689906,-7.831390172782237,-7.220737025258621,-6.319244342858406,-5.712439851163261,-5.4204385394922605,-5.1519310747015705,-4.568363314757677,-5.039217325182264,-4.264543383912425,-4.282364597623112,-4.581100455597999,-3.598621807654262,-3.1803609021297956,-4.90553168547393,-5.4771597732612545,-4.984440402806584,-3.6826104913629356,-3.6429484405399863
-5.7113195260780785,-4.393559176909977,-2.6989554179550836,-3.3603526852636603,-4.6632701342017215,-4.740540763508522,-5.464339855343255,-7.040778982282567,-7.950896719263961,-8.29275081282717,-6.37047099261213,-5.878857982693888,-6.561460193194176,-8.089127760736382,-7.825940716698165,-7.941233611423165,-7.006679627153656,-6.8645289758311145,-7.638443682604768,-9.466477832010128,-7.964893857810625,-8.154594524385427,-8.288694117028353,-7.652199892869817,-6.101373904766394,-5.73577012979382,-5.305127556614008,-4.936236302180299,-4.634347752607662,-4.3248480467458315,-4.2490744153013535,-4.61543484918445,-5.0858159608715265,-5.893522386061036,-5.83635364142191,-5.876815072894687,-5.3066342907815285,-5.418994101341888,-5.457269042526896,-4.951292752744793,-4.256408012136947,-3.9901307066241696,-3.3935883497554453
-5.762247268886114,-6.055949785565212,-5.884017902774904,-4.489475809367726,-4.221629289520211,-4.031381854832146,-5.4863295547499416,-6.1709290254750515,-6.766493354219409,-6.846585509147438,-6.92779749130848,-6.843094740025041,-6.221695397047878,-7.316894052429627,-5.650911612424561,-6.7181661986884755,-6.013268003507513,-7.045289557149078,-7.556143555431837,-6.720583716344503,-5.285540545723782,-4.74161227189164,-4.4797135811397535,-3.596586619745752,-3.77520579185652,-3.7338837801899065,-4.95998830674872,-5.941857933220431,-5.7201963858128355,-5.5037940428400525,-5.489160525704741,-5.050660266048642,-4.910318353982084,-5.20777725447917,-5.325208865970405,-5.5149473342017625,-5.550545696295295,-5.486032765423029,-5.41403797142757,-4.841132507661757,-4.831415094602972,-4.809271831392666,-5.0954870180315845
