public/json/wind_2018-09-1611_950.json
{"header": { "discipline": 10, "disciplineName": "Oceanographic_products", "center": 0, "centerName": "Ocean Modeling and Observation Laboratory", "refTime": "2018-09-16T11:00:00.000Z", "significanceOfRT": 0, "significanceOfRTName": "Analysis", "parameterCategory": 0, "parameterCategoryName": "Currents", "parameterNumber": 3, "parameterNumberName": "V-component_of_wind", "parameterUnit": "m.s-1", "forecastTime": 0, "surface1Type": 160, "surface1TypeName": "Depth below sea level", "surface1Value": 15, "numberPoints": 4800, "shape": 0, "shapeName": "Earth spherical with radius = 6,367,470 m", "scanMode": 0, "nx": 80, "ny": 60, "lo1": 109.0, "la1": 20.0, "lo2": 116.89999999999955, "la2": 14.520000000000117, "dx": 0.09999999999999432, "dy": -0.10000000000000142 }, "data":
[rows 0 to 21 of 60, columns 0 to 49 of 80]
null,null,null,null,null,null,null,null,null,null,null,null,null,null,null,null,null,null,null,null,null,null,null,null,null,null,null,null,null,null,null,null,null,null,null,null,null,null,null,null,null,null,null,null,null,null,null,null,null,null
null,null,null,null,null,null,null,null,null,null,null,null,null,null,null,null,null,null,null,null,null,null,null,null,null,null,null,null,null,null,null,null,null,null,null,null,null,null,null,null,null,null,null,null,null,null,null,null,null,null
-14.377031133759676,-14.300854443583416,-14.160374368182305,-13.166593834384269,-13.567439969346008,-12.85433254834294,-12.030975879135804,-11.952647588052377,-12.167695829285627,-10.661269101789,-9.802873846484916,-9.408034844137916,-7.99358996065689,-6.492098361050565,-6.263855375990916,-4.987601392387944,-2.4707163216701247,-0.11288960924996772,1.7757805991781608,3.389462574017079,4.79457538009042,5.689420136064827,6.230346873524156,6.853390122405326,7.838074535996629,9.129662348172696,10.009651924744695,11.103888752960335,12.661555574923142,14.322458900716963,16.0896789638783,16.619361504536162,17.238723909945566,17.69291522012298,17.69759507998069,16.96017927500501,16.39651926468735,15.747936946758863,15.857714362880811,17.10807331258674,18.051224741048895,19.528858152794022,21.441264587109572,22.68177812684715,24.070529421361492,23.14228377401732,21.90490589212817,22.175469700837727,22.528750625951854,22.78593711202025
-15.382807895337168,-15.679119510025723,-15.485446065979367,-16.048100990639917,-15.409867355282653,-14.343566703965347,-13.722387623617603,-14.547143124695914,-15.399818106795836,-16.321646548815732,-12.872735273159455,-8.589308477188627,-7.630578306044197,-5.774462182604527,-6.052595362571577,-7.407655407714461,-6.0246994377110825,-4.5118273077935305,-2.5768812446596376,-0.36918599814710407,0.4282932566710113,1.8560582980779385,3.3093164255025806,4.7483345534869,4.57856530783566,3.4278685325864573,4.478461879621648,5.807312687371575,11.882956698926096,12.613073202877947,13.657914569880502,15.624907741214262,17.485521850432008,19.006409341766396,19.901734529167246,20.402487624063806,19.92525369984993,19.683704269256694,19.319310115309847,18.702120612988345,19.54854032368853,20.044168178660698,21.593580525065622,23.307747640710982,24.50618629435823,24.755992562261888,23.54992521686615,22.762726917864054,23.513935950293316,24.15541700289303
-15.895613727095833,-16.486328356474235,-16.81144714855701,-16.246502367800474,-15.538168695983924,-14.283185212811471,-12.507463935181091,-12.858757140999108,-15.282882683360626,-14.45685990555965,-12.69378588597275,-9.186242883836202,-6.6151448610564385,-7.659855259576243,-8.945835623890435,-8.373493768229391,-8.507851109395327,-6.246187903469479,-5.096352656623845,-3.6907436023790923,-2.3303529371317624,-1.5139621656984188,0.15679572283220314,1.846074990344158,3.9355523422574077,4.909676402776821,6.5910910343106535,7.142276291964283,8.421265448023698,10.91143739290129,12.959933985432228,14.307146940842717,13.804401729769268,17.771474584126672,19.46597459499165,22.075393242679258,21.987751088534072,21.495186745404666,21.427749764565718,21.561773687526642,21.394623158180828,22.468969682262063,22.80364625885327,23.996105231368375,24.84286063956905,25.6427275415028,25.126286097203085,24.033727056362498,24.01962719712606,24.32949902108979
-16.694437892796092,-17.89503893142338,-17.367998237850596,-16.661963793226793,-15.951086477335458,-14.24853494804605,-12.987778644759464,-12.4787892161571,-15.184839834637158,-14.139028400448497,-13.171612202482697,-10.946906835279766,-8.694230439962109,-10.894188311285909,-10.429537734951506,-9.741352877963088,-9.414536971927928,-8.851479058917782,-7.077267329468182,-5.392256061355731,-3.8600141910096495,-1.982733560391712,-0.2847006490828869,1.7341698323544377,2.691136602761391,2.872420479512031,4.599927878013454,5.253919414918624,8.507190929475408,10.816271677119841,11.553060688786658,12.168150221675095,12.538385255024465,10.346586554759732,15.632491600613418,18.75811247660931,22.676192764953306,22.85560004958579,22.833767312937063,22.257827623194807,22.98079022289817,23.65158656680176,24.662535003754428,25.166457527880166,25.45839425633148,26.344577877746243,25.67691397726285,25.320238625858476,24.870571443987004,24.644342006540207
-18.42953802758869,-18.641682059632487,-17.322768277997252,-16.858288574465135,-16.698845724489388,-14.753051509110282,-15.405052142418484,-15.682231252036036,-17.669271128904047,-16.71624585895227,-14.936882670523728,-12.240831107070342,-11.440775911366831,-12.182974281354252,-12.179305582889693,-11.054331693211589,-9.707300946452614,-9.08135402162176,-7.677459058206621,-7.228263371876607,-6.296476741499095,-5.052110167656886,-3.3582399907385216,-2.1907366598706504,-0.7902724680991904,0.6746342496120938,1.9520165848099245,3.0557563284592955,3.912124738858021,6.795082714387423,10.489653428853721,13.060037939953554,13.773906826880488,13.113991619765564,13.389054753819,14.354905757358027,19.423520998662184,21.15280573549554,24.9906337724368,25.135689862983078,25.249870137368568,24.80393245207654,25.54634116958291,26.198503785476472,26.887657782774692,26.698309369766264,26.65654874200348,25.946187140600422,25.651971569363514,25.283334810358518
-19.967075879682348,-19.001617987254168,-17.83792180151483,-17.50861855728185,-16.145411147796796,-15.432618114362667,-17.628444252724808,-18.131539999114295,-16.860166790483962,-15.638751329599533,-15.19139641969111,-14.119124437294278,-13.121517065152947,-12.714719858082045,-12.188189067260524,-11.45727878398438,-11.531284097892144,-10.994476102121894,-9.654368606371044,-8.14400986773389,-6.047252246086188,-4.989655240591246,-3.4103335121157623,-2.8451737361185105,-2.4177068166183675,-1.540596631598324,-0.6802262342525676,0.3629325118024212,1.9578929260894609,4.009958226181058,5.809773164183878,7.17966876894434,11.814224112671145,12.815729218467673,14.437380221389656,18.348848648749268,19.280341953908138,24.48003939629755,25.008026320838567,24.133293663379888,26.06214877752309,25.757759137508582,26.235231098311882,27.31873007913478,27.725203144648997,27.766179730233986,27.702025949524774,27.26174706736903,26.222483217345655,25.7874413539124
-20.74470896360463,-19.73657552744342,-18.748588796043123,-18.034168806415906,-16.773770442879847,-15.383208696506486,-15.896539731771744,-17.027796939795586,-17.559833901999273,-16.76837578786056,-15.792925815356426,-15.826246152021868,-15.961585702023164,-15.346990110824631,-15.685553308586172,-14.46714153805667,-12.667840474761817,-12.620171436930272,-10.461873958873678,-8.345241748899298,-7.550524233500133,-6.4844827481752,-5.148303709891814,-3.813477537630108,-2.8799000220348265,-2.5812834920663894,-1.002376073949652,0.36984954618363586,1.546635226172483,2.9971366474909207,4.987333995083253,7.866849661227702,11.478992479200548,12.210048059114538,14.521001563956842,15.420992320980869,18.307982613424958,16.497308283571684,22.887190043051195,26.05730021266841,27.079416302001576,27.48525878060902,27.23435832839818,28.00327067308583,28.486306836995062,28.928464861121256,28.631416335329625,27.825149621505815,27.370959695369585,26.092086337800207
-21.73015638972776,-19.4172433687007,-19.80934723551877,-18.799245875029364,-17.804277487714472,-18.418522747242086,-17.260825627292668,-18.48303318466261,-18.32308317551914,-17.429348637455586,-17.416342987170175,-17.534743108901857,-17.02809646029651,-16.42036649257393,-15.757513842821169,-13.86497236116896,-14.819587742635264,-12.595691569386112,-11.693928923931452,-10.6458697852053,-8.485210556552898,-7.373282556681704,-6.375087562054925,-4.435729058400718,-3.2150209158849745,-2.2743307386260825,-1.4135205752804767,0.4630398971191117,1.8300301587431247,3.6409774169646427,4.772776446850387,7.037741362895169,10.172554253719088,12.86590827965407,13.341815460497347,18.90393831390751,19.01600263817018,19.047755496742283,19.689908626075407,19.424251927475233,26.848264894640792,29.012900061614857,28.294887013960448,28.069573233681375,28.790892906252054,29.40953994811439,29.188789467951434,28.708621219518264,27.76195517662729,26.39438759407072
-22.16151557660884,-20.329901608096833,-20.481185044720533,-19.66139630799197,-20.026704665050065,-18.635448922854316,-18.548373053561292,-19.758261332999453,-18.3058288558958,-18.337176246470808,-18.702486238317007,-18.348183773357036,-17.09993115131868,-17.818509615069352,-17.209663438246015,-16.88333447065733,-15.571713665092332,-14.527757351437579,-13.477141838011924,-13.100805685341,-11.289941025630917,-9.099352620522648,-8.23404463798903,-7.3883175395083285,-5.727418382067816,-3.2977901545123856,-0.6855860017974271,0.4372676600194203,2.2225071630670303,3.720726278151569,5.668327823182129,6.844000501157212,10.107218825637615,12.701160881011356,11.587003803579233,16.47112388253674,19.102428375200578,19.67023052489529,20.777268796397774,21.74884278644084,25.543213248450392,27.463237686799534,30.00563877127091,29.090887870196923,29.783101595207278,29.730538768676006,29.731813379270893,28.9542591373596,27.962113638016092,26.529489735337517
-22.08679668516013,-21.95006194403794,-21.684176795498523,-21.412203519876257,-21.752386549297203,-19.79910774990153,-20.374490305496717,-21.42245423614963,-19.980108137363462,-18.5403273714862,-19.875441177416146,-18.414452914950513,-17.8363022609011,-16.40313110323184,-16.554915484283768,-15.733734152437394,-16.007582764953018,-15.800767850114777,-14.884243959397656,-13.523457011551175,-11.043736016881308,-9.578268113055804,-9.7073280765052,-9.13249970722114,-7.655574368210136,-5.115303383404713,-1.645452162981576,0.7430187940745092,2.80069882492041,3.9542484776683247,6.0812829320239095,8.53811581536732,9.944030109943627,11.710276857744471,12.172281297170985,13.602092902375517,21.685948102036512,21.307211807832118,21.07534917285328,22.644641459881253,21.896600796686606,30.64827642280661,29.83540306853775,30.126336655492373,29.921009130420792,30.664511515796647,28.970629051347167,29.59431902699459,28.304467365648016,26.74878875228954
-22.23059138389698,-22.165288928439004,-22.390965496684817,-22.114934337141655,-21.885657529278628,-21.49859522711784,-22.29451963428292,-22.36138556711056,-20.008725217156186,-20.651146394182007,-19.798044446924756,-17.969519639613598,-15.966782750270653,-17.488168207705296,-16.77370945829697,-16.365211306697393,-15.367606121540332,-16.05424022242347,-16.4717384580841,-15.655804662487036,-14.375516709010487,-13.81810416015343,-11.278363024758399,-9.890526611592621,-9.464644984110373,-7.774310141813983,-5.476413984288517,-2.0802765717427767,2.3997026678939837,4.416384304123914,6.4364637568875205,8.418055538402312,11.286753852884972,12.473506802094846,13.552620396616163,13.136274875769397,18.782177640634412,22.403897765501,22.43990934014095,21.8776720140034,23.571709731879817,29.49010726147036,30.383240283472094,30.996492315516775,30.750304180709875,30.971167136884986,29.87325366591383,29.35423505760641,28.500429629469707,27.007467949382782
-22.289086287338677,-21.512900204354516,-22.10583592044062,-22.60722714146472,-22.477379691547245,-21.9542765655853,-23.16129253886771,-21.903669844743646,-22.709042884787458,-22.42263155981539,-20.63365488344265,-19.614974300016975,-19.073410366663786,-17.769396685162338,-18.185078465950088,-17.433783197205045,-17.166557892869807,-16.47358907153274,-16.921880891131778,-17.228425569406376,-16.862342652183447,-15.652995364907099,-13.993949590484748,-13.3437157056828,-12.331974352443178,-9.782586429643233,-6.737258503425956,-3.8836831689147275,0.31589803879164197,3.101045106025113,6.782401302059611,9.622106897141213,13.507832817884687,13.548565438667524,15.239983821644865,14.623586838762103,19.145962303921138,23.162397325264095,24.114824145777312,22.49088449484805,24.16366464696485,29.56876915045932,29.132760409743636,30.622352480338716,31.40231184550253,30.379688999282237,30.079452424483144,29.406782785490822,28.652511496524966,27.63848986134665
-22.480411646585658,-22.614990390920806,-22.003805572820998,-22.92704602000276,-22.16100365646685,-23.34953854848694,-24.13910302778945,-23.265371197543924,-23.65879356310681,-22.825465549636295,-21.98310264582239,-19.820565514193675,-19.39918575234587,-18.260697635389405,-19.347574937371032,-19.93583767077048,-19.988067132004385,-19.547087204717503,-19.045868171029788,-17.872282408745644,-18.108089297550237,-15.465612588143312,-16.721688218232718,-15.681469525953666,-13.433151249376234,-12.324946212427488,-8.908459064924502,-6.038501160852799,-2.096351314564624,2.110749409635739,8.462540493307136,10.930258396010327,12.944599740767508,15.202345114008885,15.72061773354069,16.289433942419024,17.42721115322886,22.921605550350268,23.883248335921156,23.782751643078672,25.726380359592774,32.408844720385474,31.458887479962307,31.817606523029205,31.64044645396253,31.110023770109905,30.69658984820974,28.867532524555514,28.69325272258069,27.91888662342533
-22.84705956027201,-22.579046742779298,-22.183866633858614,-23.63490070617979,-23.474574571066228,-24.314215479496294,-25.341662358624824,-23.36229647925112,-22.688203279593843,-20.932365491100164,-21.45078215331294,-23.301055495348702,-22.680847595206203,-21.52955360561167,-22.338310790916804,-22.823129829155423,-22.585800858066328,-21.567935990761633,-21.22410551874985,-20.68526026111352,-19.117798766721958,-19.902092658773714,-13.258743689067842,-15.856309012819898,-16.143951801419625,-11.57596494420309,-8.33296777995609,-6.471993129777962,-7.271082607833784,4.523929776192313,9.58929455787282,12.890482097271114,13.942997094477288,16.47466362445502,16.92430947992002,19.056044063829816,19.30388644194739,20.85553410675181,21.483374756359154,23.260351234856024,23.57454908120207,35.55690505162233,31.95969015742826,32.04707805682601,32.07056115372343,31.34408125531747,30.401908973724247,29.0541525678818,28.917576643377107,28.141107859145794
-22.624684619055444,-23.365241608851026,-23.866652293860348,-23.316214616516657,-25.43775896617372,-26.12107705904534,-25.430817845601098,-24.447833922235912,-23.990068816476047,-24.33247637763665,-25.61812247128642,-25.82953251465931,-26.853279680520917,-25.44680721853128,-22.744157177913355,-23.439686027900454,-22.80079677377405,-22.220182430458404,-21.47813201786984,-22.096347632850545,-21.39649126552421,-20.506554799721698,-20.57934370892412,-13.662076505795754,-14.828310915251574,-10.530814089089533,-15.21190237180695,null,-5.355532693430168,4.292351168963599,9.240520166680296,13.184019941643559,16.285261502395542,16.664482234243888,18.070573310706674,20.402026139570438,19.99215484123951,22.28580391671475,20.970720471576644,21.546976644205753,21.739866217225522,29.16455500939049,31.713587885980147,32.91376440261602,32.35306844482669,31.23029322065962,30.476796365362908,28.989338543386843,29.258381796015247,28.53801191452668
-22.447842759729177,-23.26475330877324,-24.84210131182496,-27.342306682980883,-27.02433428883599,-25.963244924017488,-27.540519336565023,-26.017116911357775,-27.905721061021893,-25.848170382479395,-27.489694783590256,-28.189725131668318,-26.912815625436032,-25.607639297145404,-24.90210583779181,-25.60315809774159,-24.761904534490572,-23.987527393938763,-25.43405025172609,-24.39631828164311,-24.168982318140188,null,-20.81492516465304,null,null,null,-14.858301080362473,-5.966559203854281,-3.3680063701053395,0.47121229648257634,6.036630161757775,12.446392612122384,15.22533104344516,null,17.853832030158713,20.192632493672765,19.863743207989195,22.191109850609692,22.32339926323647,23.34320271432165,25.684724153903385,29.277236059849194,31.591578496777707,34.73394786272048,31.852364099856374,30.846494859318074,30.804131408118977,29.54967269700213,29.02365442809125,28.543972196994204
-22.551078524628796,-24.277796101563517,-25.488894805300095,-27.466049883907644,-27.585245546131986,-27.683917834998923,-24.940967032015635,-21.240747131303625,-19.23582079060683,-24.7984490699338,-27.872567561777394,-27.367619852287135,-26.60693128555024,-27.508253449596992,-26.834709951219345,-24.448241694477886,-25.313152824549856,-28.244835565782534,-26.084264725094442,-24.66968414084054,-24.284406189543798,null,-23.32652162489818,-12.762766147297052,null,null,-13.146711275396687,-4.504780752500223,-0.05749346317112757,0.30222899768754297,2.244097433317437,8.615303786372117,13.241675548862112,14.331134421214935,16.44718842053329,17.363302317230477,14.07786068032667,18.713982577715797,21.1465050668421,20.740117475550253,22.88216545782996,26.572626552824367,25.58256773405884,34.48132742613541,33.64467423392519,31.24747817979349,30.02472497498249,29.222074904614082,28.461159967961805,26.793793537944264
-22.81185152552787,-24.715961341934552,-25.80870451038715,-26.15583234054169,-29.70506963247061,-29.189125482221513,-26.314336789900494,-21.73047149972067,-26.77039153145476,-24.121516194623844,-28.149551730784843,-27.64676868091291,-31.088725691142027,-28.592845365456803,-28.000579405458414,-29.252684384259634,-28.707112585785723,-29.054154476316857,-28.959335224395794,-26.98492804823361,-26.987313510049372,null,null,null,null,-16.873504552607315,-12.502675997023355,-6.2883495695226985,-3.1282380560946965,-0.6640182643380872,null,4.8987773396692535,11.297416111292508,12.039214954908402,16.97989659257457,17.648175821973275,17.8199915011581,null,22.038389245756616,20.89004117067308,22.259830947689345,25.674082882436295,27.762865588216837,31.40585864876619,31.255324866830506,30.20143685693628,29.836308236050513,29.8333188591786,26.561168671798384,26.536928405550793
-24.663913517739722,-25.62479045605003,-27.18496800513814,-27.3829745062989,-29.197716861534335,-28.640929584912563,-27.992071478132175,-28.398343347026945,-31.944578784207785,-29.496424481259794,-24.973218997833293,-26.313615155790117,-32.11615817637618,-28.56080077428922,-30.047720215675003,-29.210009109423115,-31.720370707151194,-25.582982124110035,-29.59307952841459,-27.241308931459766,-27.812424588798397,-22.10286142021098,null,null,-24.325545370521617,-15.25173527412786,-12.418323038329675,-8.263480967170723,null,null,null,null,9.144616961637738,12.229483543114682,14.80234174589761,null,18.982247376209852,19.38222752233817,19.16973501230305,16.22297253790546,20.784258111802437,23.77325050314024,26.387095381037753,27.544620191299536,29.108066013367903,28.98369821798176,28.82325055668022,26.58500037541586,27.288330444950347,26.797642313120143
-23.150974812647977,-26.30368661721603,-26.813058173669248,-26.302541605454046,-23.297587481755887,-29.004632679069406,-28.271433963788073,null,-29.716824525516643,-30.064688966481953,-30.286331442737225,null,-29.191991612975976,-27.819431686181986,-28.926416374039793,-27.482301097329593,-30.722069011953963,-31.47947781565142,-30.770735251274488,-29.70647167108646,null,null,null,null,null,null,null,null,-4.892121876371073,-2.9512221256893154,null,null,null,8.345526712438215,11.19359299398831,13.342854377497904,15.13614544190867,16.61798162719382,19.172074090110645,null,null,23.34593277713046,25.48740912560722,26.60291323858557,28.083708027131088,25.72571362752314,28.421598605740577,26.789162900226472,26.40602403580445,25.608702191671764
