public/json/wind_2018-09-1608_950.json
{"header": { "discipline": 10, "disciplineName": "Oceanographic_products", "center": 0, "centerName": "Ocean Modeling and Observation Laboratory", "refTime": "2018-09-16T08:00:00.000Z", "significanceOfRT": 0, "significanceOfRTName": "Analysis", "parameterCategory": 0, "parameterCategoryName": "Currents", "parameterNumber": 3, "parameterNumberName": "V-component_of_wind", "parameterUnit": "m.s-1", "forecastTime": 0, "surface1Type": 160, "surface1TypeName": "Depth below sea level", "surface1Value": 15, "numberPoints": 4800, "shape": 0, "shapeName": "Earth spherical with radius = 6,367,470 m", "scanMode": 0, "nx": 80, "ny": 60, "lo1": 109.0, "la1": 20.0, "lo2": 116.89999999999955, "la2": 14.520000000000117, "dx": 0.09999999999999432, "dy": -0.10000000000000142 }, "data":
[rows 22 to 43 of 60, columns 0 to 49 of 80]
-18.53026414543337,-23.252252910658495,-20.85677396580178,-22.67218181133149,-22.956960685975574,-21.783607511143053,null,null,-22.590484843029966,-23.09358405433211,-27.096225467430642,-22.324285388811667,-19.179293575776498,null,null,-25.50414051345708,-22.200508583447174,-32.50350925864852,-29.890992437447267,-31.911833750660904,-26.90956312178754,null,null,null,null,null,null,-33.148121590516745,-31.20237825379696,-33.50102147633174,null,null,-30.218053392187315,-35.99711869409776,-29.438807887195928,-24.24741168966556,-19.32890246686729,-10.671160572902197,-9.88192237927526,null,null,6.203035416166438,12.543037814974877,13.99343939221702,15.655386246391426,21.463009548314865,22.20705065895368,23.844606266467153,24.626936610615935,22.491517026474533
-16.192910602755724,-24.725653666530068,-24.033917378700487,-23.758250104394875,-20.024991819082327,-22.710977496887367,null,null,-22.293553407162953,-21.25248194170671,-24.71101949133156,-22.48388941786132,-22.12589152052319,-18.819221732556265,-20.99481917997723,-21.89506153675926,-22.787571971747173,-29.579598152741823,null,-24.090843628795202,-22.64296345883805,null,null,null,null,null,null,-26.246636514957444,-29.421492263512132,-32.936186177377536,null,null,null,null,-33.134673622825765,-25.661793708811764,-21.7283428497065,-13.052988098026255,-11.139579631147527,-7.423767717766064,-2.2126985284618264,2.828156101246604,9.177424667672614,12.66765618934447,null,15.6004269400869,18.263161700770816,20.214663094499375,21.075482176031894,21.673106402178547
-20.561479635979474,-24.91358091491776,-23.71654489591268,-21.309409307946698,-21.68557462342116,null,-16.01734233468136,-16.402547869652594,-14.60889237025032,null,-20.509097597730097,-25.452388387864012,-22.508095560422873,-18.249749515241792,-20.706963775290514,-25.37904605677925,null,null,-22.54178906188833,-22.039603735342844,null,null,null,null,null,null,null,null,null,-32.27501974649751,null,null,null,null,-28.26860776214843,-24.842732015141703,-19.96168728739903,-18.720550487969867,-10.755873734742671,-7.454671920419045,-1.9728910719787025,1.1470686429456665,5.651868649893214,10.336494508944092,11.063914504419094,14.89750090585241,16.959829825880245,18.6159234287671,22.774652369198392,18.32651459177106
-20.251482032892255,-25.321670621723307,-20.66818091438452,-19.49471055016486,-18.222480296769152,-20.214193470651438,-18.84992022597725,-21.126310730976464,-10.811896065114485,-11.556440812915902,-21.52528377717911,-25.418949075684566,-20.593974967705254,-22.921883714458502,-23.965576096216743,-21.806895782983535,null,-20.63944567257177,-22.56683209151815,null,null,null,null,null,-26.46879836243478,-26.254798064402944,-31.184072329816402,null,-27.576385379970148,null,-33.37102753518093,null,-32.20578803463606,null,-34.03331305099661,-29.229832619650026,-23.943888281472248,null,-15.819368979755007,-9.759239610640622,-4.308263477479552,0.4391948507298814,4.345587228749446,8.56576853042661,10.97114325530012,13.53565032936315,15.560478669747862,16.735605848122383,15.331697967906234,19.753366223605948
-17.662407839635527,-24.123632646560747,-22.362648794696433,-22.29733321191975,-23.92600551348485,-19.4578447003,-18.21442073322283,-18.35302506089114,-23.295123929799043,-19.9264666501224,-23.423454188535658,-24.705752943393115,-24.279347754330963,-26.856687666878248,-25.001129700248516,-25.87048372037084,-23.509626230529165,-20.58712447149526,null,null,-21.307010581605144,null,null,null,-32.2452048971204,-31.698776363892108,-31.799761736308064,-31.061562846917514,-23.050020484272164,null,null,-32.442027881949194,-32.02470442279029,-31.80780559624762,-32.103099953248964,-32.01229332309891,-26.508093439026144,-21.539830009369936,null,-14.637592090301965,-9.256509183104855,-6.280206352449655,-2.767171885418848,0.056794534335159484,4.9295052717428565,9.69705743232835,12.25240959029345,12.5343312480386,11.321890049082851,18.91185536355541
-18.548014323644992,-24.20471256075482,-23.334939828686874,-24.602261513284244,-24.23020912027964,-19.33019061900728,-19.727818301982023,-21.330463953497436,-19.633070509441854,-17.68149176080581,-18.5792235684736,-21.64465789432409,null,-29.174196285450307,-30.461631379691788,-28.40882312662485,-21.118063833579644,-21.204881600742176,-22.17674609848801,-18.75762652381213,null,-23.783996796012392,null,null,-30.48744488241138,-30.48083831786401,-31.660230970259846,-34.08809837924884,-26.117829853736637,null,null,-26.25998908059847,-31.269050336528807,-27.077667984851086,null,-30.790476803438988,-28.512858698661187,-28.114316773740512,-20.443835857359183,-19.747664968118606,-14.810824840465012,-8.16970633433321,-3.704184161535407,-2.0187696175656136,1.8985327507489655,6.384720809595533,12.391839948408752,9.185631455748135,11.63814752798284,14.717596631307973
-19.050023257954873,-23.785956104998224,-24.520479522809502,-26.05650091122638,-24.686287188742075,-20.330880290198586,-18.50515432221965,-23.06642942300717,-22.700721828431504,-17.670635989946458,-14.657373903181378,-21.164642588306204,null,null,null,-23.099234870685166,-23.108928849689754,null,-27.02141449004741,-26.226870382304394,-25.42548050735808,-25.152362300299053,-29.292296363264725,-19.962050529583482,null,null,-29.851967021105644,-32.32346351730597,-30.147393516001166,-21.31244320809919,null,null,-29.071862753223627,-25.595804332712163,-29.28024081972218,-24.237284548484617,-26.86710063265118,-28.42070297582117,-27.933724097291993,-22.87635196474124,-18.138651048737742,-10.466351126178994,-4.393919426839779,-1.662155271086149,-1.5043783466035834,2.2490828973657755,5.4161967643643765,6.8489631998341025,7.4929815069619625,13.149198278347964
-18.31451175893601,-21.225648613957237,-19.65730105092167,null,-24.706909237059545,-21.459693067761307,-22.426298740491013,-24.909675691238977,-23.599778131869826,-18.438933339810287,-13.35705419673672,-21.488662911703823,-17.594036867686235,null,-14.923524126635805,-16.667572343479698,-25.35696515712926,-23.214806577244993,-23.384253030587416,-25.153872837494987,-25.15084933978755,null,null,null,null,null,null,-27.923174219655188,-24.902436503136812,null,null,-27.59005866071574,-21.45837095613681,-28.25561060074257,-26.963601584842806,-26.37165513658969,-28.119485852833517,-25.187886754932418,-26.17485160815165,-22.558181702419237,-16.820836002431264,-15.566385970901884,-12.629796462960256,-9.763109205913612,-8.747654198474375,-6.928431248403246,-2.1165152387572075,1.7553631228981654,2.4703122082721727,5.708826388295817
-17.257867439006397,-16.526794589437475,null,null,-24.274661685633255,-25.769405298100082,-22.809925585243025,-26.748647355039644,-24.432269680434857,-19.759859589939563,-14.708798802626081,-20.62349794173212,-21.70227694441722,-20.06827818566359,-22.342480202258685,-21.604176180252278,-24.137146729626842,-27.990309813159808,-21.713610793384806,-27.751611084033428,-23.567586742066418,null,null,-24.298352113735127,-25.025251140375826,null,-22.81558459678223,null,-29.551071865116814,null,-30.84593886264985,-30.937848044679612,-29.89635658688849,null,-27.453813269457015,-28.992746787805526,null,-22.268559437534,-23.461831018222217,-20.45974614567013,-18.241084212795982,-15.708511165664522,-13.188017569172837,-12.435447087396762,-9.588006436367145,-7.881018256016128,-1.2114659921680448,-0.8240375151000264,-0.27858053221762713,3.035352220721188
-17.128834891119965,-15.09183482353775,-20.730682835437012,-21.835763474280284,-22.573995801238873,null,-17.370318670889283,-27.495401141898775,-24.959059897230215,-19.599401601878967,-16.098608120897495,-21.160771599220823,-18.74372606744711,-21.640629233921686,-17.94210678302626,-21.88328206257729,-23.785137411916118,-24.92357267925373,-24.211101764881157,-22.306053737347995,-19.723747955145843,-21.151321344716912,-21.823229253742443,-26.39877677846399,null,-27.249670163317937,-27.79706159129831,-28.86256145974494,-31.825464896549597,-25.466968134865475,null,-28.818069713797385,-26.62863370493115,-27.264028920646517,-27.03105803502755,null,-27.688671199676477,-21.956870760992835,-21.221292646224832,-19.42197945931307,-17.54541238288085,-13.760778297128862,-10.742193574315955,-7.670548567383099,-6.3918742574779275,-5.60858766677704,0.45595066957519215,-0.7850139541138959,2.9946891618808626,-1.132971563809133
-18.345665635151114,-16.515507432627906,-23.263115405988124,-22.179427711724212,-22.43361916927107,-18.556922165289695,-20.445085796915798,-19.492668478160777,-24.678651817176664,-18.78806625041147,-24.224930628920536,-20.536636038680594,-20.92183121491213,-22.167937539994387,-21.216070195855302,-18.685733822398237,-22.64977878891102,-24.024546774707733,-23.903579313093033,-27.621048811196033,-25.312992078474746,-24.46916496381446,-24.40595333245053,-27.694199405712986,-30.443286046643944,-29.48788566975183,-29.727926334046195,-24.274220220865722,-28.538766124158972,-30.753578897221608,null,-28.51042321426011,-31.593988866438096,-24.53094132034801,-19.1062609113602,null,null,-22.11771326986075,-20.312049266922834,-17.36072048705554,-13.87565529416854,-12.876462078624396,-12.776177083877283,-12.04762234595563,-8.676670979986794,0.4433715549260934,-0.5622330473485533,-0.3116765630778159,-2.9889276625320336,0.5404425887741466
-17.98753803869742,-17.690860533192087,-19.682566242873598,-22.05214260827728,-20.77741336533326,-19.87415849909837,-17.7543895825864,-20.113629869340127,-17.30593274654156,null,null,-18.586226051043177,-19.392233011425674,-22.8825545207284,-23.372953450382994,-24.439246589067082,-22.267085047742984,-23.456607684679916,-25.693204195291926,-28.184332486662683,-28.55312765069541,-28.484045131626363,-26.61953043530485,-27.653494650877832,-23.810836503277436,-27.308604251903997,-27.181633316799765,-26.950796545924888,null,null,null,-27.072383691678706,null,-29.38950794137922,-25.358809636978247,-25.085568899896497,-22.964190651855844,-21.235433793393334,-18.828234707908774,-18.214201488430138,-16.585422532205275,-16.284900953596647,-15.912681238050617,-14.643451543482637,-13.095701375268275,-13.35618534447694,-11.361125775713553,-11.016577122388947,-4.335288335260899,-1.1355853534649791
-18.96945120575215,-16.48946411433954,-15.57835654755867,-17.267579376024017,-21.05204990769474,-19.827913342619556,-21.193900839833493,-20.95425672433067,-18.929127073829648,null,null,-16.986308998662608,-22.427848254991908,-25.366576730613975,-26.20252443687798,-26.632325423351162,-25.54849386863467,-26.55133931054205,-27.048328876636376,-27.48915277760899,-28.944797807476252,-25.02231347771768,-25.963353997670502,-25.643131326713057,-26.458696566650772,-28.294356384459377,-25.77757868722252,null,-23.939634342830686,null,null,-19.12252182527407,null,null,null,-23.495391253270853,-23.491561958658853,-24.685170957970325,-17.41034620722014,-16.748642847334068,-19.341818696675368,-16.319006983227705,-17.474627637290325,-16.08442256166147,-15.41933569356368,-10.704671508050648,-7.421809736881348,-4.153982986307091,-3.902825317628358,-3.2414947238423952
-16.434582229195193,-16.106288124643157,-13.982163522822148,-18.585428365287065,-21.558984032556324,-17.773476638632296,-22.080946259821413,-20.742897973204222,-22.258153560825384,null,null,-15.406500949114815,-29.17686069944637,-27.775681840031567,-27.427867911067665,-22.214208546307702,-24.4445313448683,-25.16440816735112,-26.320988297186815,null,-25.813120916769517,-27.315166526791245,-27.08572233296581,-28.037637183572233,-26.772549913350808,-19.460588775065016,-22.890715153280624,-25.08994961035808,-24.888692390021735,null,-16.552024636200727,-19.81291511418108,null,null,-20.36698282641709,null,-18.302312079482075,-25.58798214293026,-28.883350455439032,-23.654534652722482,-21.152917386597068,-18.830503065592826,-16.251551504463766,-14.419559043206087,-14.070728967128469,-10.845842440109621,-9.09049066654006,-1.3714599005127943,null,null
-17.307038973413327,-18.209597312387032,-14.996291650177737,-18.24681730493894,-22.115863393238964,-19.549939120917145,-23.057956260100696,-23.93081085151038,-16.50967380917902,null,-24.0423001415272,null,null,-28.4215136684103,null,-23.006822131136143,-21.85449145957759,-26.1004668860696,-21.261207592480375,null,-21.10778854945641,-25.01126423031429,null,null,-24.553369835434392,-23.965898393583217,-21.34484635798893,-23.484209821654897,-24.670275034712034,-20.866889239790723,-17.478762116940803,-21.57413534181423,-18.16382364072869,-20.2533754215429,null,-18.360616161761335,-7.297381032956583,null,null,-25.893805654994228,-24.721851150434958,-22.07633944854454,-17.979026202626763,-15.305902689759709,-12.696018126053369,-10.522985719470128,-8.643429710710457,-5.887900575719267,null,null
-17.000732935181674,-17.65891719545769,-16.721617993063084,-16.766537553538704,-21.38635943753006,-20.675062251894055,-21.043475811620237,-17.47492753737026,null,null,null,null,-17.615420937404224,null,-22.604077013566933,-25.63393983292319,-21.950747442176905,-17.053365957961503,-21.35934791697143,null,-22.934365939701742,-24.342078015564617,null,null,-23.297852093587636,-24.374515173090977,-22.76045357919012,-22.07409428459094,-23.495012939648216,-22.238249241695872,null,-17.2164405316867,-18.8608074693053,-19.860781886480577,-20.848839913426083,null,null,-22.5270943723883,null,-17.554981182892252,null,-16.2332058745145,-20.248144771458314,-16.459303504699125,-15.188455056927799,-11.659109011545171,null,null,null,-3.3494723357564107
-15.705341425547646,-18.01487896431656,-17.45672204733206,-16.151916237794865,-19.836987556118594,-21.40714132534518,-17.563149911132555,-19.811624980671528,-17.268325549769944,-16.229253960349137,null,null,null,-22.822030509613324,-25.198936134117105,null,null,-18.329410060843436,null,-22.47359171568408,-24.60749052582469,-18.817979996210024,null,null,-17.163530818298955,-20.131778378763585,-21.627761379944488,-18.964619076582466,-20.61054799922986,-23.253897458544284,-18.511039738429485,-20.689379024085618,-23.99784433052063,-21.222574742331147,null,null,null,null,-21.589712250801323,-21.694811697250486,-20.873761525692053,-18.40996409901679,-15.73651579312282,-16.558208949367966,-15.116081868670909,-14.83252614218652,-12.19226963079211,-6.470032562344021,null,null
-18.001915175953478,-16.219603752537274,-18.988261834055713,-15.4137948231863,-19.41371184233696,-20.963570670272627,-17.221515964612124,-21.49025463435482,-18.772796085699362,-13.580316444837564,null,null,null,-17.69831689208489,null,null,-20.06173159785983,-18.787617830199004,null,-24.300982523408255,null,-23.53312002697014,null,null,-16.447134749316092,-22.766043495345052,-25.10342541815588,-19.297797646657365,-18.087939219789295,-21.227309177093105,-24.8369756578767,-21.60812010081443,-23.331526449788832,-23.83500506301554,-21.47941666556034,null,null,null,null,-19.516806781932267,-15.657580309429065,-15.730980816559244,-15.939125201993214,-15.811921099936189,-15.185213923502957,null,-11.713075769036406,-6.579720106632794,-2.890638131591843,-2.00260487342478
-17.637700869691802,-14.628744821490276,-17.44097445180381,-14.808734705488757,-19.15620799553224,-18.648556001981774,-18.669306048740673,-19.01492083398824,-19.560978062935675,-16.766497270238425,-16.28307589862872,null,null,null,null,-17.131393062543847,-22.100272059956342,-18.88157309747578,-18.493863633755282,null,-18.50920918183111,-21.998306244868797,-18.38424786881907,null,null,null,null,-19.648761677673193,-17.987743776941432,null,-20.42131123036078,-25.929797873041824,-20.42406931009873,-18.611547169278985,null,null,null,null,-19.07150680610521,-18.97821885729801,-17.0921039588594,-15.074852043373697,-16.37983502822816,-16.34313240767557,-14.55774934440565,-11.750068469491424,null,-9.033723234720982,-8.4900063155796,null
null,-13.607986050952555,-18.24094800898309,-16.094886881449156,-16.962859287741217,-15.990563400787506,-19.603789925253114,-16.367764807386216,-20.22771514235987,-15.72243408995268,-16.944454446879472,null,null,null,null,-18.866576824218296,null,null,null,-18.238493991837313,null,null,-21.874154255618322,-21.536293938718607,null,null,null,-14.939864447202181,null,null,null,null,-18.738081719070994,null,null,null,null,null,null,-16.426960961715885,null,-15.00710547057103,-15.767500449679291,null,-14.713820250253212,null,null,-10.693270922405492,-7.995675179130441,-7.355477623308643
-12.183817002544199,null,-17.233599642033163,-16.584473210994894,-15.189747849305238,-16.09177318317659,-19.391842826169928,-17.074959883397636,-18.850380543592376,-16.23710272066061,-12.017040587278316,-12.72665332746471,null,null,-15.67344554185534,null,null,null,null,null,null,null,-21.357467191167245,null,null,null,null,-10.777733518987176,null,null,null,null,null,null,null,null,-14.079243274816978,null,null,null,-12.343325166936761,-15.696046634709878,-15.628031850996592,-14.956812461835987,-13.883290507993964,-11.87094030509898,null,-12.894078199986854,-8.379065385112975,null
null,-14.903767444253367,-17.398097628299006,-16.337635643484518,-12.554001932370246,-16.04285995780008,-17.189845652362187,-18.018079685836547,-16.359665764056068,-16.885913497512334,null,null,null,-14.576460019115832,-10.5536016379689,null,null,-16.050446962394055,null,null,-7.526414269676353,-16.896920647414237,-21.128350766607802,-22.428230015519567,null,-12.29202086868578,-6.262962303247665,-15.690949665523064,null,null,null,-11.231660317568386,null,null,null,null,null,-12.464340819621007,null,-14.828046957622446,-16.5174276893575,-14.627910766132793,null,null,-13.901992086773218,-13.220783388421566,null,null,-6.262700552898739,null
