public/json/wind_2018-09-1520_925.json
{"header": { "discipline": 10, "disciplineName": "Oceanographic_products", "center": 0, "centerName": "Ocean Modeling and Observation Laboratory", "refTime": "2018-09-15T20:00:00.000Z", "significanceOfRT": 0, "significanceOfRTName": "Analysis", "parameterCategory": 0, "parameterCategoryName": "Currents", "parameterNumber": 3, "parameterNumberName": "V-component_of_wind", "parameterUnit": "m.s-1", "forecastTime": 0, "surface1Type": 160, "surface1TypeName": "Depth below sea level", "surface1Value": 15, "numberPoints": 4800, "shape": 0, "shapeName": "Earth spherical with radius = 6,367,470 m", "scanMode": 0, "nx": 80, "ny": 60, "lo1": 109.0, "la1": 20.0, "lo2": 116.89999999999955, "la2": 14.520000000000117, "dx": 0.09999999999999432, "dy": -0.10000000000000142 }, "data":
[rows 40 to 59 of 60, columns 0 to 44 of 80]
-17.743223882462527,-17.973711878704655,-18.79815185982707,-19.63396181994137,-19.610829464672896,-18.18961041922867,-16.401574165877165,-13.083202572129046,-11.549948610344863,-11.506919251183856,-8.953013684786338,null,null,null,-17.38185954623916,-12.727213468272863,-16.761523276330177,-17.022395465794865,-16.504927221541514,null,-20.582214222622834,-20.048383909770575,-20.834111514200664,null,-11.364833942469431,-17.53105089183339,null,-19.251410054274416,-13.269169014089018,-14.0153558607533,-16.51868126249362,-18.47044371343505,-18.888427145678754,-18.70979058696341,-17.415078549026546,-12.853469617548296,-12.682828855584898,-12.532570529546874,-17.202708363304442,-13.340199600494543,-12.275161889921097,-16.4380006418818,-19.574725173429858,-18.787832270414903,-16.543532607439754
-12.902151441656216,-17.72760029786359,-18.3727323122914,-18.44781539203522,-18.928027152164304,-18.382653409039747,-17.454128180313,-15.653496604311677,-12.060583878324882,-11.443877748643207,-9.628353743901075,null,null,null,-15.486151617887174,-14.712860498757355,-14.82565130410218,-15.184568465596255,-13.942447835999047,-19.640477118000106,-18.636318823558014,null,-20.002209391603806,-16.38367187853487,null,null,-16.870719519358197,-16.59375683395968,-18.1357762578699,null,null,-16.895633273476037,-19.643601900679005,null,-19.322812556092977,-18.704840639367514,-13.599774251863272,-12.978131204231925,-15.361057060990742,-15.297160954533739,-12.83862401089905,-10.192673053701176,-16.39640086490174,-18.125017372289573,-18.30545336295849
-13.163189983740759,-12.636237595721056,-17.303356571283878,-17.98411606188356,-18.063659060998393,-18.495375792554697,-18.50568151419304,-17.507472172345672,-14.273490684561338,-11.428347883809508,-11.352547766229277,-8.533705993022615,null,null,-14.663811033062581,-16.90246931617236,-11.86281649956865,-16.215584845728007,-10.046523163569606,null,-21.38298433343335,-17.255755643194046,-20.33329385468334,-19.38454069954593,-11.445365291120291,-6.652341672630822,-14.044691783136663,-16.63842025704325,-15.112611763426598,null,null,null,-20.932454704819946,null,null,-16.676656232385973,-15.640651652203786,-11.2373466633635,-13.406189459858469,-13.875483795122483,-12.138635065087254,-12.719079116247237,-14.55515716758481,-17.415965910694176,-20.578776427361984
-12.40486183006279,-11.797732717319688,-14.26463936549057,-16.1477402801833,-17.211594260678954,-18.189324727157377,-18.173804964665834,-18.484926625254115,-16.368828436147627,-13.91938566235558,-11.1289433604011,-11.710112481255354,-10.250059939634198,-7.043977022304492,-11.860803711490966,-11.125439854317364,null,-9.122085303830918,null,-9.449519723890285,-16.618402646158387,-17.980855044094447,-18.688769440905457,-18.398976279728426,-14.58819634289473,-10.69905739685675,-9.757071595945183,-17.82591145028478,-15.325372953418247,-7.806615400508803,-14.201006701433341,-14.65134037425775,null,null,null,-15.584749195041503,-17.22690540926165,-11.911663510445928,-10.553121898710481,-13.869321693169281,-23.171665616226107,-23.673794625663362,-22.037329984583856,-24.052613002503506,-23.823385260654547
-10.396131566600372,-10.813467384892544,-9.467307445627469,-16.00732377098952,-16.293076830552636,-17.48347064590654,-18.68758522993876,-18.941711759203912,-18.064373170223373,-16.445027875360534,-13.704700376088683,-8.393669723437036,-12.828093572492968,-7.334760886893273,-6.83930208054347,-14.117232441243068,null,-11.849778436296644,-7.54408420587697,-7.4059122506673285,-9.99836919241401,-20.60179599977814,-20.353373507674828,-19.856048777111894,-18.46723691432409,-6.917732841067102,-17.466967011066632,null,-18.376753628834845,-10.71454321240175,null,null,null,-15.161312256198617,-14.710962336978273,-13.766453084836586,-15.127288937019692,-10.459819460097066,-8.620364392726842,-17.69586580053966,-17.784805684420256,null,null,null,null
-10.479687544498756,-13.802699078887985,-12.684334910034652,-11.951455018023356,-15.735484774203943,-16.15092747948507,-17.03204326723403,-18.428962181942705,-19.1546631320393,-17.931213856983,-16.160256081694797,-16.297402635607178,-12.331922839482996,-10.785854977306023,-6.0801388989493725,-12.185244518171158,-14.617584773190408,-12.61455729029923,-6.913071993700342,-15.335990619102862,null,-16.462075994922827,-21.281918084952164,-21.56691211448288,-21.83174921925756,null,null,null,-12.550741654865753,-17.488643237029745,-11.565733834822732,-16.916557393007295,null,-13.591647475869827,-17.9924160423275,-14.84512645285388,-9.60022760601383,-12.836348895797991,null,-14.602632565197506,-14.449854291269265,null,-16.389919980942352,-14.59483083827281,-13.843067960923415
-11.15890615127186,-12.952403174970256,-11.711129492647892,-11.56959717865781,-12.893870214332871,-14.99132116634952,-17.021931511087665,-17.77775247950818,-16.69292327423476,-17.977863470721744,-18.884742768095954,-11.254094134818928,-13.381365349254322,-14.945841220043674,-9.834976903921575,-5.218892058245694,-16.719876541433447,-15.098024918294659,-11.424550706067908,-6.082911030965834,null,null,null,-18.266360196761454,-18.062867262510228,null,null,null,-16.07772510772791,-18.93147013925943,-21.085835115334937,null,-17.62667942999083,-16.13120957156726,-10.943137235207455,-16.192265125137396,-15.293986535503889,-13.171543992978524,null,null,null,-15.197992642968078,null,-17.55067138849752,-15.325911783939071
-12.261444696719103,-11.796532629958365,-13.776785024697661,-12.659159398674186,-11.053275527404658,-13.457892116244821,-12.199454140917302,-15.207577947458057,-16.94259364462353,-17.76154560518161,-18.585417218554596,-15.085038254037869,-13.945803733161469,-14.81489468388381,-9.70488395999372,-4.721671470181896,-7.938300850198344,-15.830694442717501,-14.300910707297167,-11.407222973845478,null,null,null,-18.491359257556937,-17.964553716989844,-15.65096179661113,null,-10.306964492826602,null,null,-10.468700650181127,null,null,-16.36333911096834,-8.886530305490576,-14.018746712141535,-13.211467323833938,null,null,null,null,null,-10.198769851843362,-15.311278520848058,-17.372088879318344
-11.540523850076891,-12.151383879650357,-13.303354078434083,-12.736706500365345,-14.482667989435093,-10.553683161345296,-13.98864358903005,-13.44504417279742,-12.736028665393233,-17.76009852191869,-15.569165844412844,-15.476788880207849,null,-16.832143389184136,-12.876701461215397,-7.739514055002203,-1.7187071113006693,-17.916429774476708,-16.104635835493077,-16.353628481730777,null,null,null,-17.98460517942348,-18.244307726198,-17.45546371226592,null,-11.535541675702849,null,null,null,-11.12296028339142,-13.157792567211207,-13.422645255699173,-15.254419624219802,-16.37324615336593,-15.115286520921611,null,null,null,null,null,-11.48307367277044,null,-13.250105550026543
-10.85208178797343,-12.52786793027054,-12.974922161254757,-15.332102073648834,-13.414239830081474,-13.31401703506584,-9.240974998222434,-12.304632645653742,-12.594050183615872,-11.476636387148742,-16.039675765508072,-14.86419661436894,-14.467285629048405,-17.033403855480408,-16.20765325509209,-12.825395686550383,null,-9.368205898447874,-17.430987561618128,-12.371835896944464,null,-13.331370229661642,-13.819046601738222,-15.718520934137402,-17.060037351166805,-19.445905827633926,null,null,-14.804315815942694,null,null,-18.410234416944313,-17.815789719746064,-16.72110570825145,-15.282079870353115,-18.370873169766785,-13.685091780544493,null,null,null,null,null,null,null,-7.526724770677459
-11.105387048950913,-11.077815126656262,-13.411984454852327,-15.611647523464583,-12.609477568017365,-13.176877752607423,-7.823035928694054,-10.539504141692344,-9.718728344744266,-8.8231765772106,-15.679185318219451,-15.271475416864568,-14.866422241067038,-16.005136560511833,-16.84870759628331,-14.381873564410952,null,null,null,-14.4939615942083,-8.222981962604589,-17.05428233635118,-15.515694313832265,-18.13524294190125,-15.665598408242127,-17.69057269793708,-17.103681295341655,-10.566884738331797,null,null,null,null,null,null,null,null,-16.202644993641655,-9.603039132037116,-11.947791177288098,-9.492401474169416,-8.237295098004914,null,null,null,-9.919289513921001
-14.650337066577816,-8.157067176011159,-14.47233021271661,-15.673733578757608,-14.5993144086666,-9.036121245209069,-13.713208625006738,-3.521252563656977,-10.124882679973053,null,-11.340856041152524,-14.729250012621085,-15.181070485764913,-15.631150657849666,-15.520016174825031,-15.575460470302776,-12.320442260786864,null,null,-15.565564299770147,null,null,-19.52920650857236,-15.057469534347781,-16.41563629774679,null,-17.518069408732924,null,null,null,null,null,null,null,null,null,-15.580930537526552,-6.476648439325091,-9.563987127465746,-11.982847158829507,-7.180996510912365,-7.576785367672134,null,-6.750341598944562,null
-17.889128689648388,-15.619190725616935,-17.054365807400224,-14.83198823744024,-15.812165964380045,-10.966996957487456,-13.063160601391695,-1.469311726634999,-3.4783619281997047,null,-10.202142672277422,-14.634522708267395,-13.900358407818981,-15.292529996870572,-17.22824654937951,-15.870642913975358,-16.003724076459605,null,null,null,-12.847120254584238,null,null,-17.890904400603777,-18.278461433468554,-15.579123447879311,-13.753160531925735,-10.095919420139385,null,null,null,null,null,-10.055244729309894,-10.76762113069425,-6.459317917376524,-14.773697475555778,-12.513733498092426,-7.5914515225936,-12.228694928358495,-11.265564036859317,-6.457005977140144,-12.388072100747515,null,null
null,-13.93107745347724,null,-15.733377218224561,-16.50255890857526,-12.242806637736479,-7.011318488053696,-9.984562407570325,-2.2456408601806306,null,-13.133225575752778,-11.005595146880065,-15.368232158394726,-13.50287706143112,-16.17224350394489,-17.636621679142593,-15.612793058185172,-15.100964413332598,null,null,null,-11.432254358031042,null,null,null,-16.127515046972977,-14.230919692859725,-13.761447761720776,-14.801797284169405,-10.857460448639007,-10.446812707338989,null,-13.106927861097773,-12.550662811878027,-15.606843218455996,null,null,-15.999992374192653,null,-13.212352998763867,-14.8886018569569,-10.823376990848434,-10.79273249589492,null,null
-12.41086288131675,-8.544506875097127,-8.61437761698349,-13.751293692435873,-13.454595489784879,-15.714746018454592,-11.12416192329658,-12.904739972817003,null,null,null,-11.978513854877505,-10.901575215154967,-14.67581124012416,-13.695699623426684,null,-17.007490724320625,-13.020012744331034,-14.274264221377083,null,null,-16.290600019729514,-7.445793877534892,null,-17.65544768756183,-15.932787662091249,-14.52383018372339,-14.42218361736641,-15.289031072162297,-14.78465058385548,-13.133215486717353,-13.733612999122808,-14.518324746592453,-14.372794400549342,-14.486149663381815,-12.551645260413586,null,-12.77254796378518,null,null,-15.892850631558609,-10.234212579070595,-10.514668246279728,null,null
-11.239228485367263,-12.822948016399964,-14.582301242131194,null,null,-15.567511400884932,-14.726244770556338,-6.057102400035584,-8.5250962833693,null,null,null,-13.18115123918696,-11.282714326828515,-14.629089231690038,-9.572817890954365,-14.887717643376558,-16.126663674393825,null,null,null,-14.042830103241073,-4.701236562510352,null,-15.38421039814586,-16.340613597281738,-15.380173853420063,-17.10337971660898,-16.577206070446216,-16.9475353574307,-16.40672999510674,-16.247336927970657,-17.359288696364757,-15.291889700783653,-14.65866649309477,-14.433718175912688,-13.82143752781991,-12.900796371162151,null,null,-11.102020264948791,null,null,-10.302596684060612,null
-9.753215427136581,-15.15518397234003,-15.415139180357388,-15.166401889821316,-16.304302094805536,-16.588027582025525,-15.974224925106268,-8.355540736112587,-3.021732060542914,null,null,null,null,null,-16.716570109941404,-14.417177078989633,-11.02051513706915,-17.498794679469384,-15.272426217103344,-14.04782805480993,-11.857296177662855,-14.396371343453001,-10.558850906442549,-16.548120025632024,-18.763312549867468,-18.786130241609918,-19.791868801153672,-15.08856814593398,-13.32688834116642,-15.391120854962312,-17.69078471132396,-16.104467058056258,-15.33911261931556,-15.319673881060247,-14.98887331767138,-14.678531158389823,-14.067848936816862,-13.576296984770343,-12.193712002106306,-11.315935119058343,-11.095249668811366,null,null,null,-4.944063457504391
-13.80384942786021,-12.636581951552763,-17.079292857209886,-13.177222971424351,-18.75648760373546,-17.977737116085184,-14.937484073349797,-12.733702482976812,-5.78002322869458,null,-8.744444018859486,null,null,-15.286791073284716,null,-18.111725553955942,null,-13.62683735593945,-17.4955621581374,-15.127837054353778,-17.41229789335245,-16.328213425055836,-17.48742714086306,null,null,null,null,-16.24051522490638,-10.801870908748022,-12.613182084778721,-17.852605394129647,-17.82891396436305,-16.165349926655335,-16.54612116578749,-14.903034799181896,-14.839382406096167,-13.891999214811444,-13.826770916437916,-13.26733065918392,-12.301450962494696,-11.12505939462599,-10.239020593121385,null,null,-3.266195047992292
-8.799073474023228,-12.902313577668856,-12.150930773315805,-15.881001740146843,-15.154378001918275,-16.74917937667272,-17.885974909776014,-16.04952525112194,-10.198443388464375,-4.162933873849807,null,null,null,null,null,null,-15.416012068133455,null,-16.704112612254292,-18.38218485484958,-16.059505128644474,-16.377134692402603,-14.621173269626011,-12.212072358490715,null,-13.276226450899483,-14.876059094818215,-14.789885769978177,-10.830993669243295,-16.45821323054381,-20.224285053901244,-18.85061844261803,-17.45388367490651,-17.078837758570263,-16.976905173780118,-15.912807795214407,-15.100330474766658,-14.35217430644295,-14.218130892587158,-13.562662279377987,-12.13314018621024,-10.303210233587546,-8.753396407329433,-5.645228901758989,-6.83781316242494
null,null,null,null,null,null,null,null,null,-10.276392055884337,null,null,null,null,null,null,-13.020524811450196,null,null,-17.543108880101574,-17.854371011119746,-16.87640081977953,-14.250959810914036,-14.956234660257566,-13.275259992916592,-12.288316243884005,-13.754380512500775,-14.776907937113988,-13.225080400807665,null,null,-17.973425567958195,-18.37354135721194,-18.592781738861785,-18.510125245355905,-17.468589949750193,-17.618253240969715,-16.314647203274312,-15.169328481852315,-13.026292651864978,-11.606906362016364,-10.801818069250658,-9.935889115433895,-8.491995937780358,-8.606840150952486
