public/json/wind_2018-09-1513_950.json
{"header": { "discipline": 10, "disciplineName": "Oceanographic_products", "center": 0, "centerName": "Ocean Modeling and Observation Laboratory", "refTime": "2018-09-15T13:00:00.000Z", "significanceOfRT": 0, "significanceOfRTName": "Analysis", "parameterCategory": 0, "parameterCategoryName": "Currents", "parameterNumber": 3, "parameterNumberName": "V-component_of_wind", "parameterUnit": "m.s-1", "forecastTime": 0, "surface1Type": 160, "surface1TypeName": "Depth below sea level", "surface1Value": 15, "numberPoints": 4800, "shape": 0, "shapeName": "Earth spherical with radius = 6,367,470 m", "scanMode": 0, "nx": 80, "ny": 60, "lo1": 109.0, "la1": 20.0, "lo2": 116.89999999999955, "la2": 14.520000000000117, "dx": 0.09999999999999432, "dy": -0.10000000000000142 }, "data":
[rows 22 to 43 of 60, columns 0 to 47 of 80]
-14.687991466614125,-14.083267353650868,-14.052685548723394,-15.134015118801713,-14.47927737650928,-14.538787301124698,-13.09601991526037,null,-13.376180729474424,-12.294703054866023,-10.659086657465583,-10.212667331161498,-10.635162825489788,-8.248094587131147,-9.47455042579342,-12.57651847327903,-12.386036505446803,-11.231894323489882,-11.243240982048025,-8.02233042439981,-7.957712058375429,null,null,null,null,null,-11.711049036990008,-12.173516511218384,-11.932356675169183,-9.348194029905628,-5.705110274592018,null,-9.909386788101738,-10.887090021154906,-11.678261666396649,-16.20019486866847,-14.126882622560505,-14.911696540985243,-13.820340826907607,-13.663545255119988,-12.169783165928003,-9.22614987399963,-11.836776749832314,-12.623777101983393,-7.563009689591903,-12.466069922246215,-13.598336435320192,-14.574014965900831
-13.136908990030234,-14.902358419697944,-14.35910193989821,-14.355307950977666,-12.6768673829712,-14.437229004300198,null,-8.835877367254742,-12.655935968012368,-12.682473567350552,-11.370631228029858,-10.065749091580312,-9.486433913424282,-10.3461127600583,-9.479570145374229,-10.52625143229925,-11.624530871258628,-13.407763222535635,null,-12.037807097971907,-9.033748708573457,-5.757781302733127,null,null,null,null,null,-11.445963979561842,-12.229270313476665,-9.415527210416986,-6.367447733623672,null,-6.6266260796391165,-11.120686278414135,-11.972916531756317,-8.57865847982814,-15.861689645069953,-16.510936757496577,-10.140616922472802,-8.871396065145774,-13.273388081046598,-10.331066648409513,-13.645291707138508,-11.727227220492892,-8.636500651975265,-9.472029620350288,-15.232359629693898,-18.92341590533377
-14.375476854391446,-14.68411782103198,-13.951597964892644,-14.193626035081511,-14.634633192855334,-9.642318911333751,-11.440697965102881,-11.425988167702611,-8.293550273133055,null,-10.621672990493021,-9.466716795756339,-9.104243561590382,-8.964099394239266,-9.027942341482527,-11.35784745881313,null,null,-10.8135136270241,-10.592100083563356,-9.52175613798343,null,null,null,null,-8.351215561157588,-7.69850460439311,null,-11.864554594686501,-10.532496028917976,-6.51198682532467,-5.948768849295364,null,null,-10.946621191741983,-9.421201215616728,-14.982081010059174,-13.836496182340268,-17.032535997752227,-16.672912035121723,-13.702138487090695,-16.618958648531606,-14.417845924192374,-13.546193124423292,-11.45970498193062,-13.006186206846296,-16.48537188711828,-15.426274723430538
-14.579810582468829,-13.691413373391377,-14.316425543269592,-14.617055382986234,-13.756344857810149,-13.651495153387645,-13.92040558448117,-13.776251304364486,-8.56309395514121,-10.75046833816711,-9.688309071744799,-9.686561781919506,-8.2677138551526,-9.222063816406575,-13.361392702499185,-11.345295090501379,null,-13.482571578536954,-12.554164032453095,null,-10.74430761725642,null,null,null,-10.338000817483808,-9.974894757369357,-8.24763537295697,-6.793652150438673,-10.593300771984065,-6.6088974574836525,-10.508257682902416,-8.693473271021805,-8.307727189566059,-6.325441823355457,-9.370551997317877,-9.716621349272128,-14.632931152601474,null,-17.162256152280282,-13.793588923958705,-16.305144356896072,-16.903419870987484,-13.255773787848327,-8.726693781703421,-13.817873881746058,-14.74747908249418,-11.682444390252176,-14.072248473200172
-14.753294954754665,-14.392000195852933,-14.130761573444188,-14.064535272736741,-14.464361300543029,-13.948894911173372,-14.58039253889537,-12.557272400325948,-11.69558758783733,-10.949911730682336,-9.40455736890938,-11.431845789075028,-7.486564988777551,-9.843392307196964,-11.804700179444797,-15.097335968059681,-12.09179540930796,-13.17554501055862,null,null,-13.539523962447896,null,-7.150581846267647,-6.620679891012326,-8.025021362903049,-8.146156159609532,-8.31665483454672,-8.300251204238462,-8.66012159609274,-8.315544168338203,null,-9.669808314188929,-10.393913218722654,-8.0901403011237,-9.047586081473288,-9.66997563408896,-12.772019029497205,-15.66673688774894,null,-16.973629105848676,-13.516165083248563,-14.310565233561203,-13.046143999947835,-10.864940229342238,-11.900583892826296,-10.331104542513641,-9.513466134023297,-12.612502630761233
-14.081277359638051,-14.78007408262382,-14.43992821206344,-14.475923940708206,-14.952004082067063,-13.657296135726321,-15.24602096142644,-14.303743802896484,-10.88128801156694,-9.501147508412357,-10.870439893430262,-11.256420348908133,null,-12.610980246437308,-10.705314656315526,-16.639363894939343,-14.075543389895701,-13.199185787794852,-10.440735316360838,-12.208295136364148,null,-11.789648978418361,-4.79027737983607,-9.016351388775652,-7.151420044935935,-10.677584639121285,-8.751097850767783,-8.308348538970797,-6.699862419058595,-9.346384078633331,-12.732832211945503,-10.024799094385983,-10.133184445350016,-9.882453090641292,-8.735768502780148,-10.553853140653278,-10.197617407819251,-12.928082481112108,-17.60416957787187,-11.064577034038424,-15.629783678506962,-12.779699069184897,-12.445878048076427,-13.268629599492986,-10.09190078067629,-10.812754172860116,-10.394004371014617,-10.705362630680867
-13.538569896212689,-14.521013213753449,-14.928456816920095,-14.833679712768411,-15.390354787879563,-14.318966515643357,-13.629608379032925,-14.126886793685575,-10.13063049976428,-6.502885928321911,-10.348624248972325,-11.409212106820116,null,null,null,-14.466833206830337,-15.330691294173825,null,-15.28073357508689,-13.03644155911074,-11.062458537654681,-10.84969828473259,-7.33435628230743,-7.684990540786563,-7.555955949265449,-9.755072929545927,-9.354084668084413,-9.01294966294217,-7.552917978983654,-6.508235630382862,-10.626898502329166,-9.223268760250889,-10.730312513675972,-10.041374652719977,-8.48945027559377,-10.668394716467606,-10.66863162327412,-13.762027113254085,-12.66528262042955,-14.618546925379821,-12.377870577144234,-16.937217281111636,-15.45373212114249,-13.91985493586056,-13.42175880952064,-11.393680553407812,-9.683968929442281,-11.142891315466848
-13.4694013933463,-13.58359715725354,-13.885441012835242,-10.649083413357737,-15.597773045388351,-15.16995786239938,-13.928528340034749,-14.716908568271709,-11.178417590888884,-6.320600617497181,-6.770094996332178,-12.934598186344022,-12.288060188013446,-9.304862417649318,-8.659279605531351,-12.438810942225242,-15.402463456510633,-14.594109786293384,-13.640652559712095,-14.674835375161248,-10.123487544973289,null,-9.835114636261398,-6.1886907628175285,null,-5.90849398939044,-7.8602036625132214,-9.319656146726416,-9.750751648948704,-12.664821224962452,-3.1637693415642376,-10.025718574820056,-11.38706560059511,-12.824376918728687,-9.20193756844302,-9.95030582377408,-11.144307008445871,-10.964319812174333,-11.649687928646703,-15.953341323561727,-16.797154986238667,-13.74910565158605,-16.306582662709346,-15.373374768549224,-14.149422399707708,-12.663329887141707,-13.702286788042542,-12.634577094266714
-13.130511093032556,-13.010300325340541,-11.453906005310884,-12.623019740072301,-14.88495500075861,-15.504012889484875,-14.545924397993119,-15.188246684090467,-12.996768332647127,-7.711701833705954,-6.125453671888597,-12.65403455587055,-13.560417720299235,-11.690377615314556,-7.761275996168012,-11.067164798291397,-14.321726725414127,-17.51084617587725,-14.479638947912022,-15.339784184288952,-15.53493932860001,-11.01277051758678,null,-6.80357433665184,-8.549430739097703,-6.971705310748948,-8.096031320240005,-8.45899424744134,-7.702671438064039,-13.89919168207134,-8.6885472271217,-8.486686304185284,-11.525930695247833,-9.897230321868884,-10.598901441620194,-10.898995465249328,null,-12.47768840017801,-12.753428560340332,-11.57807252491083,-14.561546882450564,-15.589369481523205,-13.440415344045404,-13.666870622294667,-13.969390247702124,-13.577413395950948,-15.654601336523603,-14.881326964703941
-12.481323042429711,-12.644103652931694,-12.355655168577702,-13.593202743293084,-14.001497328017214,null,-12.075588604617806,-15.37560907599584,-12.492376435208373,-9.229215463557448,-6.5751268571359605,-11.973727113494435,-13.34964107258871,-13.711672489664188,-9.843786186111931,-7.697674155017855,-14.221082094901535,-17.209928143326906,-17.7499153198006,-14.69454589560964,-15.754523902875814,-13.059981418292603,-9.425568826114949,-6.746039415629342,-9.13553965998652,-6.815550830602797,-7.30630625892092,-12.708105811389316,-8.68357656635449,-8.276454910892243,null,-8.137676287468448,-10.571942256769088,-8.648396592994747,-9.818887505205845,null,-10.454079827715244,-12.254719264899556,-13.445949754932276,-11.321598576197887,-12.55750711852657,-12.522321229559164,-13.351740721940104,-12.06820001878069,-11.808770939109955,-14.461979302074639,-15.15565267162146,-16.39248055658344
-12.37781235336381,-12.669356833899585,-13.668465477392306,-13.84655261947453,-14.474468470316992,-12.545183363257303,-11.92862954094667,-12.423944696772534,-12.165694984066217,-10.118960641274517,-9.59010233299762,-12.01477866181902,-13.521347228041316,-12.28186827643571,-12.020355562000752,-12.23159831258921,-12.856328000062444,-16.72548741577105,-17.308869150809567,-17.500014409552207,-17.247188161308667,-14.265096613206875,-13.067320727394655,-8.196828913797956,-11.8464129419327,-6.296921874347266,-6.460215431347867,-9.75179974470267,-12.080923862530723,-13.455168682912177,-9.246344796288728,-12.060531447394354,-10.467264668839777,-11.376127822941733,-8.499098705030697,null,-7.019469596999219,-11.285904505150242,-16.123749566683188,-14.457700485260252,-11.987176654105506,-12.994039602385074,-12.962917997949354,-11.257985642467867,-13.155673374335542,-9.143329371999114,-13.009306271047356,-16.638089918353252
-12.155942977299675,-12.664372577182162,-13.257247302422268,-14.778316910666124,-14.907469478649672,-13.557960463229042,-10.474114861295373,-10.949614710648559,-12.776189665154787,-8.333868810102818,null,-13.567173808339424,-13.855679079625538,-12.867968593191383,-12.486688861208876,-13.933760828699631,-12.731914648616783,-16.4539775140917,-16.390975692810677,-17.876728086017785,-17.052387225862766,-13.91332459254635,-12.703405824437908,-11.175207945552671,-12.898373469064738,-8.631938265011224,-10.117485188359447,-7.193207142149989,null,null,-8.71991694360287,-10.474470495991467,null,-11.647501136401567,-8.799335269577538,-6.53383753266642,-7.345494431086502,-9.732345399835332,-15.30591309160674,-14.270638522384552,-13.980616672237328,-12.746867967762498,-13.379961251293047,-13.138141336246548,-8.882201789075308,-12.162157537247824,-6.907643971254645,-11.372700079747228
-12.592606916404385,-13.159075078785321,-12.964664920685593,-13.431215868230504,-15.069186734527044,-13.959896128069673,-12.239364074257738,-10.905678665903139,-13.481117735604382,null,null,-13.323699210945566,-13.957121791131097,-13.495644736187527,-13.042727425807453,-13.303154806678414,-15.250011823766906,-16.789915638244118,-17.020789969862086,-17.120618839040844,-17.141522647262796,-13.72410857165501,-12.008183879427573,-13.753323203213668,-14.299369267558633,-11.273965353026185,-9.137337934854374,null,-11.017276092172953,null,null,-11.15750165582935,null,null,-7.481471037904905,-6.480403279028469,-7.860114318739351,-10.162336934495723,-13.183059644535964,-16.3964232693709,-14.44214637967748,-13.748816566926036,-13.2796478266581,-14.552706287878877,-13.491274237813169,-8.749690314952403,-10.483909301619057,-7.261912486327413
-12.613572169932866,-12.19324000480204,-12.559424785161823,-12.175915281960147,-14.456376150431325,-14.438412372960865,-13.768879588773341,-11.411507599433001,-12.209046254249941,null,-7.910733015024732,-11.983028599815217,-13.706154965343064,-14.131002233458139,-13.602909884236233,-12.67174853490284,-16.276236580503497,-17.597042862346225,-15.756887306734669,-13.838381531312166,-17.51111676924245,-12.376636243173708,-10.166062678494585,-15.095552846482777,-14.568864844044548,-12.590914615651652,-8.62665564794633,-7.958126911853771,-9.635079882650958,-6.571651507440643,-8.978506352192808,-9.589301990259598,-11.90003967473834,-14.310315403795185,-7.662884532089089,-6.825794037017008,-7.154536341702746,-11.842506411442152,-13.774238357554129,-14.593732679387763,-16.88468991003003,-15.934570834070872,-14.55197953943146,-12.868524657716478,-12.231283757502275,-11.550205809191207,-7.5806000347290565,-12.255125316543715
-12.137297738745229,-12.264901334686382,-11.941682708112548,-11.399675995751856,-13.186307059077267,-14.703807271683647,-14.552993285649476,-13.344549559554128,-11.732281515583784,null,-13.65874528989077,-7.096472437428989,-10.253212510968634,-14.708560929127007,null,-11.877900023972748,-12.713638089410757,-17.864984923912615,-16.304445589461057,null,-12.751237326384192,-13.473892226667354,null,-12.77487376787192,-16.079764389875546,-14.471616396149049,-10.051269907374314,-6.432756960956587,-3.7878777268203967,-9.01171603146915,-8.441618192439213,-10.640139640157349,-10.021811079304092,-14.457063435034808,-9.023967908078975,-7.801149454846091,-5.147564804239406,-9.07900656441217,null,-16.709658462676064,-17.4374503589793,-18.02313605150364,-14.07753329919477,-18.349620592668575,-15.150968559372652,-12.078492483930283,-11.25442330211726,-7.633440797057746
-12.049055265529919,-11.403659978873003,-12.117700932398488,-11.583806671180705,-13.6269840980153,-12.783469508243238,-14.916116674797243,-11.756701629587882,null,null,null,null,-13.177685244339768,null,-11.873927932641566,-12.625513249414727,-11.712497895211705,-15.491665126182664,-16.385496496617467,-14.493749327208654,-13.86188462323093,-17.2491410767485,-9.517475660586172,null,-14.30290691495672,-15.62957175720346,-12.987732840995017,-8.016103166431877,-3.3209207509933383,-11.77966998975705,-8.322301562938847,-7.9165707939922125,-7.639375287985793,-11.501588655899559,-11.221262906603448,-9.45225372700081,-4.844959887201239,-7.014454117909625,-8.468365738788563,-11.154567508444073,null,-16.05275083712836,-16.51192029626218,-17.77352916824675,-17.221332214202288,-17.18654969500363,null,-11.138564900861038
-10.904516640297825,-11.292832135221225,-12.661105169468573,-12.028001565586205,-13.030866359243012,-12.962788701954562,-14.263287887909218,-13.561827061720216,-9.383426799597206,-10.910148268193204,null,null,null,-11.834481604753883,-12.273912274347724,-11.94523827782802,-11.24775181806574,-11.232981063226376,-13.619597005097635,-14.51180142390124,-17.053866454932205,-12.60836423390166,null,-10.65668003323421,-10.246355392199852,-15.07310644204458,-14.616103853193348,-9.483091675896663,-6.803287666957611,-10.63657601490775,-11.732225279611956,-8.205410516754519,-7.447442083197581,-4.837554596021798,-9.0552256090982,null,-9.72726808796623,null,-10.151508274539257,-10.39397226518271,-10.758845236439845,-15.772960659912803,-18.93887551899367,-16.174243234369243,-17.827680298945875,-17.4410275470517,-12.941785632254255,-8.72859226501568
-10.957448984559804,-11.148131963617878,-12.314811774110971,-10.965531212404963,-13.208133664959458,-13.227970315731953,-14.05609338135665,-13.958870310387816,-9.753381352251145,-10.747147023808267,-7.645861626083723,null,null,-10.993057707602215,-11.69376063493907,-12.82350406423487,-12.21264828052294,-11.685637652060716,-13.356925576181254,-11.15651595532059,-15.690067358622247,-14.133924408555053,null,null,-8.841392190112748,-14.848266411035926,-15.556012770541956,-10.206422490768613,-6.725412128825773,-6.7417856741020765,-13.419290374558857,-11.454709189557882,-10.559174766098689,-9.370862576725322,-8.21804053742151,null,null,null,-9.981175914779778,-12.258862436296466,-10.575008583420505,-10.395682909497298,-18.205563604632328,-9.437090706799328,-18.04725146350483,-10.416735257840022,-15.999566292901664,-7.090334539861068
-10.574827613012802,-9.082488194477921,-11.56491003933478,-11.150037083410947,-12.976299151173773,-13.785865257825378,-13.878008947612264,-14.999332291550855,-11.976804939449217,-10.44807158065473,-10.751648615311082,null,null,null,-12.404407934411251,-11.531605804675307,-11.313426699083717,-10.715635889659413,-10.05496905193246,null,-14.116258640467152,-12.075179806096289,-15.349110683007174,null,null,null,null,-14.865637870487399,-6.265139244452484,null,-8.886048285365392,-15.388725262028087,-10.819272727789848,-12.434850404614483,null,null,null,-7.691923137792644,-12.819052594454057,-8.749709939517102,-10.738308415718445,-13.495173184560349,-15.84506435106519,-16.64466475128492,-10.95292636740675,-16.268384058993185,-15.927077178867654,-13.213942615078954
-8.55095259387057,-8.541255353506763,-8.966847454827391,-10.006743944297241,-12.715694410497143,-12.72966346441475,-13.611438520319517,-13.866069885565887,-14.693925103995957,-9.236999273670348,-11.632155710106318,null,null,null,null,-12.201026975469278,null,-9.683264169255446,-10.371464254530318,-9.293477869346095,null,null,-14.348582868596232,-14.269731945753644,null,null,null,-14.078873034880854,null,null,null,null,-9.56745241717661,null,-8.5517193695603,null,null,-6.8156197495170705,-10.438298042432898,-8.53181697039112,-9.382186785167807,-13.17701776155637,-8.849597623476477,-11.184668216163855,-12.382269632187946,-11.504292293443507,-13.786859166935587,-12.486381814487604
-8.276391004618464,null,-6.966765220515781,-10.457732145379293,-10.998257837439116,-11.949937252819373,-14.643428922277737,-13.878868025139688,-14.52356490627839,-13.519003265240421,-10.789447245519154,-8.407828854496067,null,null,-13.821649672378825,null,null,null,-4.679495529008444,null,-15.158357381826482,null,-13.834700273225941,-14.824319190525637,-9.489500925292628,-5.3206913519303525,-6.687646702983705,-12.14829343760803,null,null,null,null,null,null,null,null,-7.50565635341133,null,null,null,-8.4043134156104,-8.774957956217817,-12.178737523884324,-10.736645496150782,-15.288820033911458,-11.518513696007595,null,-18.69175442174201
-7.49976161401286,-7.267551264152306,-5.8533866291270975,-8.225265366060867,-9.53514652721942,-11.713856648354117,-13.12491407008337,-14.314559402502718,-14.48445058850159,-14.115995475414701,-12.393703072845106,-5.944548913629353,null,-7.2748910419833654,-13.314515294488588,null,null,-11.307111663921454,null,null,-9.46191192710445,-9.65610111655995,-15.307839548961212,-15.441193886573727,-12.11058771582726,-5.267641386532848,-2.2666360031051123,-9.830094171453808,null,null,null,-6.6238044104184315,null,null,null,null,null,-4.345440221757403,null,-10.051620895515345,-14.44083877107105,-9.529788992901189,-3.170564135752924,null,-14.961156169817704,-15.497017748232444,null,null
