public/json/wind_2018-09-1600_950.json
{"header": { "discipline": 10, "disciplineName": "Oceanographic_products", "center": 0, "centerName": "Ocean Modeling and Observation Laboratory", "refTime": "2018-09-16T00:00:00.000Z", "significanceOfRT": 0, "significanceOfRTName": "Analysis", "parameterCategory": 0, "parameterCategoryName": "Currents", "parameterNumber": 2, "parameterNumberName": "U-component_of_wind", "parameterUnit": "m.s-1", "forecastTime": 0, "surface1Type": 160, "surface1TypeName": "Depth below sea level", "surface1Value": 15, "numberPoints": 4800, "shape": 0, "shapeName": "Earth spherical with radius = 6,367,470 m", "scanMode": 0, "nx": 80, "ny": 60, "lo1": 109.0, "la1": 20.0, "lo2": 116.89999999999955, "la2": 14.520000000000117, "dx": 0.09999999999999432, "dy": -0.10000000000000142 }, "data":
[rows 22 to 43 of 60, columns 0 to 48 of 80]
-3.9677562954541017,-3.977752556641361,-2.6321425294228047,-2.681385666636013,-3.2625495790004626,-3.0286557862757353,-2.610781005251933,null,-0.8356960198344076,-2.4584231688631024,-3.3649684722147324,-1.1295306103171714,-0.0678654914059183,null,0.31703267949089425,-4.807660989344077,-5.614242869580782,-5.6745849889353375,-4.777027328003105,-4.893702548761763,-4.520790374252328,null,null,null,null,null,0.07351205933468441,-2.7001508805034256,-3.760082228956725,-4.064947542800683,null,null,-2.707193659685779,-4.778363407444251,-3.721281293402723,-0.976272764499827,-0.7277971020238533,-1.5686705160072094,-2.4946930041144166,-1.9402327713175445,1.6407363930642866,-1.096761706320167,-1.6818465435435905,-1.044327751784163,-2.535510612782812,-2.0050169879803654,-3.392915924462228,-5.313852066460992,-7.261348274084696
-2.7757570783267345,-3.367090710595321,-3.9325727282001766,-4.058887234469486,-2.0969385529019373,-4.49058716720557,null,null,1.0290657508038064,-4.419640691639298,-2.290337364226968,-0.9992537035640742,-1.0781529171842106,-3.8707484640405894,-3.816642496691486,-4.27174484128652,-5.384485162940503,-5.996428831976627,null,-2.459327432470046,-5.682943482006694,null,null,null,null,null,null,-0.5121730839873837,-3.569207903750007,-5.026899472133808,-4.696450681910385,null,null,-1.2393851262414732,-3.8106539451107775,-2.036728836787505,-1.6699073816445562,-2.0459910076166326,-3.1403292862470655,-2.318656771945896,-0.25041121701599517,-1.6370794382288825,-0.39783550681619617,0.6915465962290747,-0.46406403311574884,-0.8626996511913478,-2.6502949206054707,-3.8764805370623554,-4.155724938140167
-3.5062219444695595,-3.4621933378061915,-2.7680596763710144,-3.875723125406374,-3.3563371045868244,-0.005572485478972156,-1.5780730726118148,-0.7051207575290628,1.017656966479991,null,0.35389451192251914,-1.106874271127245,-3.6285291911273667,-4.003987017525963,-6.369431844676145,-6.026943660956849,null,null,0.11022327735124497,-4.597797049738789,-2.893983460937202,null,null,null,null,0.7637335218295664,1.1769923857262412,null,1.8312705270868943,-4.4283558969787755,-6.4176672584633225,null,null,null,-0.8266744774510577,-2.530134110112405,-2.4411935723307066,-2.6573358372814697,-3.272687214071744,-2.1331643155035893,-0.8410083206434955,-1.1209349043078913,0.9449397107042432,0.4004786592424729,0.14038594530861653,-0.6434385482876592,-2.4661682517125105,-4.391990013356363,-6.196354447545247
-3.592699776039076,-3.7117250921649383,-3.828514779352187,-3.863103166309302,-2.4725230646536467,-2.102173891165531,-2.21623463660109,-2.486937243465884,-1.9293606166740371,2.4255666508706937,0.07162697026694462,-2.1068631609264403,-4.042328950180643,-6.99527147645974,-8.770962595095504,-6.85735167167676,null,0.15622208868881643,-5.219389955308949,null,1.8577998017684272,null,null,null,-0.9547316538867177,-0.18097804133984524,-2.82217178556018,-1.0661648292238413,-1.1022463338870465,-0.19559711224281767,-8.635448152158386,-4.912124147747374,-3.659839246581726,0.5523874093331478,-2.7613114367568024,-3.3349375678740323,-3.8518997382944633,null,-2.346709751634586,-1.4705137637390033,-0.6037210251998946,-1.3514272475722318,-0.37333548616427764,0.3226014569637005,-1.1541542550798554,-2.4929998411183476,-4.278499428385984,-7.138137969854631,-9.27188291414745
-3.5831733682485636,-3.3144269413718765,-4.464494195726963,-4.625582199576375,-3.8015081852840815,-3.350564731647189,-2.8905183685755347,-0.9685704773358146,-3.5726503601643413,-0.813800856777293,-3.497970831931469,-1.882069522369668,-6.178179204724744,-6.938570366056507,-6.921341516901343,-5.917253585159,-3.493790968169568,-4.166454157379521,null,null,-3.430861006903618,null,-0.2957514387084122,-1.649980671696116,-0.9732977370191082,-2.971122550115694,-4.789997604618972,-4.201237428862722,-2.457238626748995,-1.7858312129799243,null,-6.461671818857113,-4.852500153280883,-3.978818759248997,-5.203965835133278,-4.243200191814491,-1.6770242811821856,-1.7358535738195395,null,-0.8387545588520708,-0.5650824216264638,-1.8123364074749317,-1.9943419895125443,-1.171416630123967,-3.406062089639029,-3.5926096653923167,-7.280034278956985,-7.35549551485223,-11.827353472367836
-3.5770271236109314,-3.258709395634709,-4.375868101599585,-4.880423663895677,-3.8116825500161062,-3.0566332149993753,-1.9515584970579316,-3.4420971825986677,-1.3915430275411877,0.36810846136528697,-0.44850291315639557,-2.9230122836849617,null,-5.73245309868918,-6.560466594562453,-6.571011408758663,-2.4600462534183123,-3.7488971229372248,-3.069779592035324,-1.064890548371063,null,-3.2308161953464514,null,1.7142283550218458,-3.541084218866921,-3.858095620824621,-5.975692127426617,-6.8161712884473795,-4.3926965585516795,-4.600083454614501,-3.1012588377357764,-4.56436771287341,-4.423334188358541,-3.450545375378694,-2.434978288307829,-4.653729385386288,-3.189532065040511,-2.359671910752317,-1.8635525367692882,-2.823362059237905,-1.8121824908824355,-2.3260869535517292,-2.7659152677296417,-3.1775481469428097,-3.824779066207617,-5.424039756714105,-8.586711014011666,-9.885204792148892,-13.925866899244184
-3.2261689910210922,-4.069424325334246,-5.315326437061174,-4.493126365161629,-3.8312540833467525,-2.062514271561547,-1.4256367207889646,-1.919037142760986,-3.1997759537877437,-2.3155215786062917,-2.3189060714290166,-3.281921152877795,null,null,null,0.8879837253624486,-3.1917552693105566,null,-6.4411244452951495,-3.308646933690833,-3.0466902338134925,-1.7979946561893514,-3.031675258873539,-1.9230584331762932,-2.0711915164449475,-0.5563623403493396,-4.764386998781879,-6.246014165107431,-5.30575408087948,-6.760260572433281,-6.244762240822473,-0.09218677549234841,-5.293532926589696,-4.725652035624359,-2.6570456948007353,-3.062705413980992,-4.485891075142465,-4.135638980111303,-3.225615140037871,-2.957877155422275,-2.8940466908584064,-1.8781628329706241,-2.9168046806059458,-3.511437138931231,-4.345459744282107,-6.846539994987568,-8.998590973830218,-7.4929006574412504,-11.830160466491684
-3.4626531931420526,-2.9718905490376444,-3.846778640657244,null,-2.3599017211139666,-2.2995199138743914,-2.476117363924284,-1.8256529313185796,-3.6627214526188094,-3.5321071172265603,-2.9404218643646516,-3.7700664009195854,-3.0832486958966845,null,0.2981193546471364,0.8760364706059758,-3.576757549543605,-4.511285994722638,-2.071058284334253,-3.392403878351762,-2.5279311966887312,null,-2.455608042177923,-1.2981823893022608,null,-1.910165572378966,null,-3.9793110669646907,-4.314711673717176,-4.243770005647426,-2.141772433918142,-5.15370294598149,-4.552851082371961,-5.93020075762904,-3.746320380682139,-4.842377711038626,-7.314109886588127,-4.3662052584865965,-2.951192716309401,-3.9780068378166087,-3.755626494385237,-2.3466255381945276,-2.868284292484123,-3.39200879867961,-3.8896721946150454,-5.7540598121243285,-8.17532773389904,-9.855208270145384,-13.402897504479235
-3.2388283997764917,-3.4230224571373653,null,-0.3144402328267698,-2.3968750175457902,-4.340883537771335,-2.4173904533180615,-1.9828212806842684,-2.8450658773559088,-3.9658623650664397,-3.951564213372997,-3.1152082899852394,-3.169862057442116,-2.91396596081577,-2.570268473635338,-3.719088966261171,-3.4755895902121186,-4.739591026947808,-5.0732109039726065,-2.9220344038936075,-5.2653228914675925,-4.375164439824426,null,0.29654021953988474,-2.6637028166031396,-1.7928602992170348,-0.3694682858029409,1.8541075571533325,-4.668570122934004,-3.474622142004998,-8.679719463242499,-5.628319292973894,-7.556276763630622,-3.0629219921569164,-4.522480897646002,-8.646539903091508,null,-1.8273692513420492,-3.9024550908454727,-4.166827341605088,-4.659089964215266,-3.4402083956630154,-3.696732009916589,-5.289572229042083,-5.552310664618547,-7.289551541296061,-9.118119117425742,-10.837495017454964,-14.017210157580372
-4.384364206992602,-5.361380201538675,-4.165231404521476,-2.8973399812157963,-3.8581765499484417,null,-0.9268210970755844,-2.567560562092408,-1.7356382904861936,-3.7740086585977215,-4.222174654294466,-4.0403787250245635,-3.033873773924527,-4.089533540870265,-3.023065841057897,-4.522568186332342,-3.7614681631415428,-5.573880950158774,-6.402962622306716,-4.22598778073439,-2.2932919191860233,-3.331410609233653,-3.235970231012029,-3.1861672401079533,null,-2.420611330090707,-2.416695251721685,-2.3655431669935636,-5.9110909043487725,-7.561307658672259,null,-6.047110477620764,-7.445057223350557,-8.204294458168274,-7.845339904862165,null,-8.815079588750713,-6.478900572522021,-5.154397478265586,-5.419544230235566,-6.208607923775066,-4.874014734554988,-4.4445178851871985,-5.617827841467399,-6.191714498415838,-7.406764365749126,-8.684732153494068,-10.523728300680723,-14.344230658247618
-4.774667990052181,-5.421326086869886,-6.459891315860021,-5.269204891383856,-4.975434932046324,-4.389828536190667,-0.4965951767744054,0.823235454064544,-0.5772004461828678,-2.9371353689460156,-5.613020467076896,-5.6212693665339755,-4.105119566278177,-4.273133807137842,-4.44736422319319,-3.7111581603131376,-5.879477677445587,-6.088930191687152,-6.099194419113889,-7.162353531232259,-4.5356930451728585,-4.516594202974968,-4.834946251584726,-3.2877132739601116,-4.517571519024516,-2.776029615989448,-5.780797975193149,-3.300427507322859,-6.624451563492334,-9.890664522220396,-7.606659842446983,-4.962456954860712,-9.93579002503481,-7.1837754326621335,-6.734576129167361,null,-2.916400672754862,-5.11451514542609,-7.892998131185465,-7.375540921497325,-7.081497371972976,-6.975861853775187,-6.412146017530264,-7.814934215479081,-6.965402285337452,-4.0490767181435094,-9.493687117105793,-11.787722664437243,-14.178561690924372
-5.222000825766137,-7.357911302759562,-5.9659506084416,-5.596955155861147,-5.272384731776129,-3.3374270386769513,-2.0804999463691725,-0.5968469801899889,4.062003463699428,3.2957458525891266,null,-4.126883959457762,-5.06057642211758,-4.699969059308926,-4.5651543268547865,-4.631873005831231,-6.1354529161318005,-5.37035813693416,-5.568132015876794,-7.044286278463952,-5.83197539027275,-5.998297517750595,-5.464414599814212,-6.538221496634642,-2.6250716762016557,-2.2417845722905234,-1.3450395120980616,-6.153406036950363,null,null,null,-6.48066532095834,null,-9.4237177171294,-5.603275710765904,-7.358717838837229,-7.4742957513955615,-7.036535177049441,-6.276073649575948,-8.211392159644161,-8.208576131160557,-7.784073448195748,-7.247381048328862,-8.110466747154549,-8.312833322235983,-6.479065155640094,-8.783255643501896,-7.524457882794006,-18.01121862480999
-4.544789331358693,-7.113774808106999,-5.734155848811287,-5.526508918876326,-3.5861404256053193,-4.466035721463908,-2.5421794112944593,-1.1036225926012302,1.0260440094668064,null,null,-3.9495923480824633,-6.213352271607932,-5.439376746358293,-5.614927424261197,-5.324747266732387,-7.955368348769701,-6.421440188476212,-6.802321288500211,-8.614733224815687,-5.668394182877398,-4.492084833550178,-5.3526297251637205,-6.091962348557775,-5.029743035328485,-3.8538444919079287,-0.9515091085058273,null,-2.444970196252365,null,null,-1.2368090464107406,null,null,-4.256411472538156,-9.756931545198574,-8.47601856387712,-8.935163730542751,-9.997043825799853,-6.192233257154774,-8.260723267311265,-8.38590815231245,-7.524295528213636,-8.730785608340616,-4.7333722698774725,-6.200815565133583,-6.902827907689828,-2.6467503926445484,-15.45223836146871
-5.043715955365482,-5.895649072230835,-6.085757759439808,-6.337520005821464,-6.055611902624199,-4.740842830470676,-3.759114609091784,-2.198098015633521,-1.1282270227497513,null,-1.4365994378094695,-3.3998113673899693,-8.548091149807101,-6.208744193219937,-9.173835649703335,-5.566884319912266,-6.16943780659507,-6.43507622972333,-7.469046930098344,-6.118609943194341,-4.820653034036839,-4.5268770966893745,-5.506716085400055,-8.163402645898849,-6.707031353775811,-1.658471878651782,-0.4601744293931794,-0.30526169668603254,-3.546326430178251,-3.3105288909641923,-3.5878642392106945,-4.839641334572424,-5.338879535778865,-5.3850948554934925,-11.207351062701425,-7.113945666609974,-8.73906728786546,-9.099997265193666,-10.711119902851971,-5.4345045091286615,-8.765031080828365,-9.189228594839847,-6.776721348487784,-5.014593086035327,-5.1965498593776625,-5.6069753379319,-6.7345175451737616,-8.193631280786326,null
-5.5473403337649945,-8.303970702087803,-6.144947101542835,-8.227872081401525,-6.8570320376713445,-5.280419975314841,-5.278338445775184,-4.050304187191827,-4.342943324266704,null,3.0533209823076195,-1.083579647716265,null,-9.909621824106093,null,-5.18129339749413,-3.4117543459544484,-8.345657129283511,-6.517122837630369,null,-1.930908461748078,-3.3325383313095105,null,null,-2.581990663363578,-2.06421724380888,-2.2926828375342065,-0.4385078440499678,-4.603510605790057,-5.323431140006318,-6.410841077746317,-5.699502436468939,-5.745507699817711,-7.764751610312255,-7.235076511030502,-8.641258811686718,-8.107841604586778,null,null,-5.906473163281173,-9.519373614982337,-8.752666228894059,-6.172741316353837,-5.337553442684152,-8.074248329052102,-4.614274722122797,-5.7150305943109165,-8.322638790473452,null
-6.772981524779286,-4.381657458084136,-9.148825142875065,-6.1612526706320825,-7.500275434000266,-6.795666641941687,-5.700540725183921,-6.361113782117424,null,null,null,null,-6.363614312680152,null,-3.8242198392223097,-5.521610065779895,-6.3781362070376355,-4.456871575264764,-7.898449682047709,null,-5.319765876219569,-4.98264803246783,-7.1106031202431215,null,-2.8419340404919575,-3.7007968126431465,-3.4551043314281733,-2.5576616320371515,-1.476741333778584,-10.033601963234235,-6.142318096289903,-4.817024779703288,-5.987611266293759,-8.366923724268055,-9.865447484478606,-9.288512035495744,-4.634087032345823,-6.148072023810859,-3.8606284789443617,-1.9188702006694889,null,-2.4151565202801466,-5.088519768293511,-6.201764104091641,-7.648128641141469,-7.547878653240498,null,-4.443587078396912,-8.373741893934476
-3.5736286071708045,-5.589645370002564,-5.1555442108358385,-5.906285954909383,-6.122871897587238,-6.831673826346337,-6.743991709357736,-5.382736572362892,-4.0160827906956955,-0.09569441785638388,null,null,null,-4.586306910165307,-7.9557938346441945,-3.385228000685146,-2.4149788274957515,-3.094019819003872,null,-3.5693041120049305,-9.570077714878565,-5.9394270897980315,null,-2.0030100784484826,1.7213919924682952,-2.545318264295842,-7.164036540857811,-1.120039359887143,-0.9142459251735097,-7.481889425506666,-4.958514673815339,-6.887413053123096,-7.284318202893139,-8.657023950033524,-8.097033206088398,null,-6.800044113681038,null,-4.7069963372370225,-3.365406297196526,-6.335040914653951,-3.5145861222930597,-3.79962936872701,-4.844242924035551,-1.2782627151726995,-7.840707132382495,-5.575770823622875,-5.517408781507828,null
-3.370953730449764,-6.60569369269559,-4.1498962192572,-4.060558689574243,-5.913694701175928,-7.748226352605369,-6.106584977051771,-6.182555310994298,-4.878383512287936,-1.1068517528972202,0.8073934255090578,null,null,-5.478032189607435,-3.9403836718530076,-3.221043063987926,-1.482787884359154,-3.280924520471274,-2.123231547843221,-9.509971184890913,-5.601003970394005,-3.776434246334313,null,null,-0.8119004944449439,-6.189737918198855,-9.32777464477489,-3.9539708171615486,-1.1706932001556525,-5.088674344101987,-5.8483116236234265,-8.101806033307579,-7.432433002579748,-9.855957662282139,-10.501890467236915,null,null,null,4.114964925821049,-5.099999517849299,-3.6582034126381893,-0.7280761105284711,-2.349990923848674,-6.466222115694519,-4.741915359392988,null,-7.28017045492453,-4.658253645400188,-8.185916375458023
-2.7469802940091776,-5.25028479479726,-2.7656579418588847,-3.382473902849446,-5.368265611113943,-7.758176060151391,-4.960297531553921,-6.3249560670674905,-4.856555179596635,-3.544450612341735,-2.6345192911758093,null,null,null,null,-1.9019884564871512,1.87282046009075,-3.2464622056032444,-5.551246967567057,null,1.0690076536630002,-9.674149503256958,-1.4938929203714524,null,null,null,null,-1.1796467146155651,-1.2523195077751645,null,-5.546928300898894,-8.31414883492187,-5.4422247580007355,-6.339958558032117,null,null,null,-1.1727094159710827,-7.780809830178729,-4.304900294268409,-6.886654278918577,-4.710306013582121,-9.487944771486344,-8.758798643402477,-5.5729354406350735,-2.1144419571556927,-4.526189379149962,-5.572471839275242,-5.950894987904722
-4.065973333745312,-1.6251594354249048,-3.8390021230168156,-3.6759731118055847,-4.7203675859361125,-4.914903536889701,-5.8090526610951905,-5.185395905368064,-6.359418247173382,-4.315821053259855,-4.0725887255971225,null,null,null,null,2.346607334533987,null,-2.1583985641460797,-0.4146859129881286,-5.687728982914901,null,null,-2.038669404261823,-2.5041847158346733,null,null,null,-1.356291134969521,null,null,null,null,-3.2326276397381783,null,null,null,null,-3.553445125119217,-7.631991276284363,-6.905213867260117,null,-6.249849173777427,-9.762061776608993,null,-8.627519114432394,null,-4.479807565274653,-8.127943394733732,-2.9383152210602006
-2.8132972198041086,null,-1.0038831253659126,-1.9224488812890732,-2.645895736254935,-5.711273556551958,-5.834367602351738,-6.305449832832038,-6.903208304691537,-5.480288907464094,-3.134884457839961,-4.207870884023384,null,null,3.1648096810814508,null,null,null,null,null,-3.3379961334644785,null,-2.226913870746121,-4.261949416701759,-0.40957413068197585,0.21265730237178848,null,-4.206239202007577,null,null,null,null,null,null,null,null,-4.940910288766791,null,null,null,-9.819232314537427,-11.13991611068225,-12.496219003568054,-8.509452558148956,-11.219344288084024,-6.553226256707322,null,-7.4181856185411785,-5.4157963143017955
-3.486892177749498,-3.338655722254154,-3.024237211957897,-2.6801376692457195,-3.7878273330260157,-5.299513555391283,-6.625883314473427,-7.0334823378722895,-7.1350086951332266,-6.412867580599801,-3.5405191653010886,-6.341707161986931,null,-3.228470384142048,-0.6772349835936163,null,null,2.5611240381813394,null,null,2.3527913762073465,-4.879014229751388,-6.043041658759088,-4.9803307160076375,-1.3028688869838931,-2.1732322724617847,-2.0991588805585857,-8.959465365502474,null,null,null,0.3174572878328956,null,null,null,null,null,-3.4764795553146537,null,-10.911881474485448,-11.624549210563558,-10.835366020095886,-8.707263270501135,null,-8.798017735380473,-7.385600482596812,null,null,-7.125747400530596
