public/json/wind_2018-09-1612_925.json
{"header": { "discipline": 10, "disciplineName": "Oceanographic_products", "center": 0, "centerName": "Ocean Modeling and Observation Laboratory", "refTime": "2018-09-16T12:00:00.000Z", "significanceOfRT": 0, "significanceOfRTName": "Analysis", "parameterCategory": 0, "parameterCategoryName": "Currents", "parameterNumber": 2, "parameterNumberName": "U-component_of_wind", "parameterUnit": "m.s-1", "forecastTime": 0, "surface1Type": 160, "surface1TypeName": "Depth below sea level", "surface1Value": 15, "numberPoints": 4800, "shape": 0, "shapeName": "Earth spherical with radius = 6,367,470 m", "scanMode": 0, "nx": 80, "ny": 60, "lo1": 109.0, "la1": 20.0, "lo2": 116.89999999999955, "la2": 14.520000000000117, "dx": 0.09999999999999432, "dy": -0.10000000000000142 }, "data":
[rows 20 to 39 of 60, columns 0 to 44 of 80]
0.8138493812151397,0.4368407654792179,0.9535061992808603,1.6192386187568553,3.6594209853836976,3.8536339055370745,5.739564945901157,5.20777115449518,4.733330000871616,7.574962189952346,8.480611194541032,8.68664374980527,10.04119333028592,10.45556616240693,9.345377051866956,6.326559125797721,5.940943816958263,2.3988358486795547,1.0670623760832916,-0.34478721636554244,0.0701756414525134,-1.0329206340990336,-5.998924983933197,-13.17317543708959,-17.257982322523176,-14.420415086378123,-16.37659011171703,-20.45369383212286,-22.60592549641307,-23.172846471745554,-23.841057175331848,-17.714377786502713,-16.761338366844612,-16.4497472226102,-12.90931236427256,-12.958982114345929,-13.170718664355087,-11.911963583273213,-7.999743067122834,-10.69802336950315,-13.612326801983329,-11.238053452041676,-13.057752684453718,-10.878949115643652,-13.707377877443427
0.6431191128078227,-0.28073389943722815,0.23728305188164653,0.9294674960010118,4.348598207003263,2.7379978762346866,4.275246369016044,4.624756202037259,6.380299418778132,7.678935952706505,6.391783221374708,8.344216640639539,9.571816274052452,7.99385876494298,7.551851218568006,4.134832787378523,3.2165797565571936,-0.22485828404066024,-3.4123174944804484,-5.583636578452547,-2.3618780435393365,-4.991412086619873,null,null,null,null,null,-19.941015492457744,-24.99477217046828,-25.193457984883135,-25.76544606025703,-22.30684371845851,-17.464177425924454,-20.146783932799423,-19.426569575304466,-18.7728066668141,-15.484957003723105,-12.832308141991398,-10.006232438529238,-18.317206001178675,-19.250262863993438,-14.592729855133474,-13.58687781107226,-16.24891231472009,-13.659618756052845
-1.8858675254576642,-1.783417926549197,0.7576212953992857,0.6662820159341268,0.96050051697265,3.4367287845719674,4.438465057508133,5.8416360112711985,6.880854396864381,6.733890900173715,4.701817468932593,7.4057753858711495,8.802576560218897,6.9256485063707425,7.437262400821379,3.689284416481685,1.1305642829778182,-2.7232928790478734,-2.006861732225646,-6.7936056021730575,-7.527409258365742,null,null,null,null,null,-19.847102020186366,-18.660829367002798,-28.154121689497725,-30.576598256930804,-25.005188915434907,null,-25.00721384192646,-24.66025706341996,-22.75955339513507,-20.56690899932891,-17.026463363789382,-13.425082707282087,-18.478122685829828,-20.756921037726485,-20.344635087236806,-18.57617386351549,-16.897787985752952,-17.265277344344806,-15.732483326340441
0.10740433010168898,-1.3870558309037109,-1.3295724584765887,-0.9111820021258787,1.8577530111053957,2.1747719916659882,3.3732907838730934,6.748857904248539,8.312932770920497,5.843389772750607,6.49695285089848,6.448335432544798,6.546899279259156,3.7842453829916334,2.4774131359404543,1.3119953772967254,-1.1881399085413393,-4.558313840725807,-4.283116630550089,-9.660587540817051,-11.10631825993449,-9.210746198091103,null,null,null,null,null,-30.651155591085168,-31.765478673733355,-32.757807713314875,-31.78734513170341,null,-26.073588144545994,-22.915411111421747,-23.34971316547437,-21.23013617347489,-17.540545574309057,-20.739314555926143,-21.402221926414093,-22.778567139926928,-20.22831992226034,-19.72390925938573,-18.904705205622246,-18.797974899568295,-19.289892474933716
-2.0504306936465087,-1.9127982132796553,-1.6897935711665553,0.002261318308169419,0.4637901326498358,4.085400084024375,4.373487605690258,5.761624290475677,6.746144131394067,null,6.227453047026472,4.644670189797245,3.127708051701835,0.25649713046860123,0.4750280495587163,-2.174200885193952,null,null,-11.72466754444417,-13.861618403175473,-16.138798293727742,null,null,null,null,-26.962654255002565,-29.932062500485443,null,-30.158558475308602,-34.874513239380185,-33.916752485945594,-29.501467984090258,-22.19119945484574,-20.957690850307863,-22.72411332893597,-20.51641241131045,-27.51878527790666,-27.073313003056946,-25.806688663749348,-25.4581984162937,-21.199821081729183,-22.17969926685212,-21.450493835912006,-18.94024710901316,-20.052390301585653
-2.6906853995554183,-3.0064053598411924,-2.2378597647941683,-0.9405633643177931,1.0273529461426512,0.97933210846532,3.673513063806906,2.8636107328715035,4.2973566740707945,8.064893968700106,3.450720264840875,2.3550935539064537,-1.3990344164323707,-3.9480217012097096,-2.4177913798722295,-5.6826546329706185,null,-6.170109102938857,-12.807970051871765,null,-13.50909112743394,null,null,null,-26.54537880888409,-27.658848226754195,-34.54413999034342,-33.825726521512266,-33.316690949913074,-33.870027079795406,-32.95721996179663,-30.16223508731927,-28.186534583818524,-25.68806522481384,-28.94414278850857,-32.822466203150725,-32.83250215890269,-26.84150305371664,-25.215526380268585,-24.902158926111305,-24.859676277035025,-23.427559379688702,-20.946442728602847,-20.079269416466936,-17.209107602283353
-2.788580052700751,-3.2429853471551606,-2.649362611817472,-3.774257488345056,-2.061993841510443,-0.13275774261902903,1.3668702748453296,3.383612432666115,1.7716530568933948,2.695669642578027,2.2350950239328498,1.217854285376288,-4.958463598028138,-6.599211618497899,-5.1747761515725506,-5.903798000749876,-6.229770593675598,-6.530689171693812,null,null,-15.80651258135917,null,-17.77185895785336,-25.037639689550886,-28.796760260826012,-31.354269402275236,-33.60318200977909,-33.50109633927889,-34.75827137374839,-34.35308858582328,-27.000322763670056,-29.961842172424895,-32.37926801013649,-32.674120133261745,-30.960531728527677,-32.77716593232979,-32.12051080973542,-28.385722928431314,-23.74608133706952,-28.545377823037803,-25.782487481073552,-24.120403596243502,-22.19308900722064,-20.030936029240742,-25.225149962275676
-2.922243477050589,-2.804708799682598,-4.123293117856272,-4.625453630541677,-2.862072438652564,-0.6594151520579049,0.36780224607911505,0.21246490914274013,0.9604307590624926,1.4325245807802367,2.645171175704862,1.9029566714477555,-3.5588843358232247,-5.389222933046251,-8.559043612372054,-7.471869029300942,-6.308864372749859,-7.5430761024129565,-11.063094904937833,-13.927339126747817,null,-18.39524586450252,-17.610896642032827,-21.381125467123727,-31.19241715463799,-31.478983545948942,-31.745468400232276,-35.26024678449199,-34.21459738055555,-31.614105835539505,-32.45242303335307,-33.09826481251995,-32.44184160306904,-29.721194843299358,-30.128879912499073,-32.542328401646664,-31.576836581656,-31.682102412200088,-28.50321284265225,-27.551002835590385,-24.886865217068273,-25.015479647944055,-22.62689420844162,-27.476363487837517,-26.713605435412752
-3.0905785890623867,-3.1291769950317883,-6.005429243210303,-4.9958972643294235,-2.721419098603563,-2.0091529242090713,-1.4942134466077168,-1.7527883908527973,-2.383127589365467,-1.2609726077820338,-1.0870485006576298,-1.8686511525918694,null,null,null,-3.5795343182206367,-6.511459278370523,-7.249909798954921,-12.988049436813647,-16.77196086614775,-18.328620383092563,-22.993339446439165,-24.257198456045707,-27.810341044165085,-27.562727298664143,-27.600429071439994,-26.524765714217722,-34.49036418354282,-40.97762958448948,-38.17921441418893,-32.79300664424977,-30.715516303371857,-32.17573517281063,-35.17927481741319,-38.223241822527996,-35.6538515970515,-34.2329443038756,-32.29634989600573,-28.557518203874082,-28.34957277206444,-24.840677086318397,-27.642299688047878,-27.414291550065826,-28.573297457287367,-26.9712820983112
-3.0513786809608394,-3.919375623126492,-4.117698990298129,-1.3516396702598517,-1.9458432352381254,-3.844015008033334,-3.129472276996085,-3.0247892620392314,-3.4135843543426456,-2.6051623763839866,-5.269949424108606,-5.415854663624808,-5.241683426781512,-4.879133100365511,-6.0230745441557,-6.207291736615327,-10.91296874906342,-12.951596398674472,-14.413454327024855,-16.0776808950397,-20.251587679453056,null,-22.126201543392245,-24.78000719183214,null,-25.759824520249385,-31.724427208307837,-36.22566784711468,-35.74781451503813,-30.261819756221882,-31.587885692626635,-34.576868603125874,-36.240850914756905,-37.420931139832504,-37.91666560233288,-36.64971176072622,-34.72389431381393,-31.203395931703934,-27.183909810236745,-24.375684413512253,-31.0491195728122,-30.406924559974364,-28.418896319611857,-27.7739644183466,-27.993915633301082
-3.0522510276443344,-2.6488186455825464,-1.248268353487046,-1.3222187638967329,-3.6067922420901266,-6.990162046873579,-3.557476019790527,-3.6726747077926962,-3.935853409494912,-3.4380285298619233,-9.03995871228491,-7.947886745984877,-8.839552644530405,-7.8708227374792585,-9.445664794085936,-10.937497350007739,-11.955017167281934,-19.388469343213423,-15.00043242536312,-19.998197459226684,-22.77957940959999,-21.941524770169718,-22.076471438258217,-28.992374119878363,-30.089695535971796,-29.7988479318919,-30.486126575131205,-25.392700866886855,-32.04257321447401,-33.18162121861455,-30.10542427438354,-36.37952225169239,-37.22726334675405,-36.123551806377236,-34.75244400007959,-31.92146351891011,null,-26.832768662514194,-26.994840233325423,-29.97526905312873,-30.64376283003284,-31.242317132038163,-29.921237865502015,-29.29180350532927,-25.917037653981055
-3.6060748624788324,-3.9534127328552517,-5.040530510491169,-4.891797669812081,-5.646852124122695,null,-1.048758333807767,-3.9490284229433326,-4.790051162139969,-7.106749529401256,-12.824890158743576,-11.04752185925736,-9.532627879571479,-11.213956504855284,-10.932355304904108,-13.437780813316555,-13.055505713757716,-16.013941670670793,-20.64505183372276,-19.569814335527518,-22.44573629561962,-25.43038023742503,-26.976130105738694,-27.160154729307465,-26.66854035311094,-28.5068921527217,-32.682051976194884,-33.19569302961236,-32.95250801398872,-30.45979825988914,-31.60005776957451,-37.07571700662227,-35.95565141758052,-35.53750589570615,-34.2833211778426,-29.724001463185974,-31.482863305393597,-30.18013511750089,-32.501898124083816,-31.551190432183827,-32.37416142682414,-30.724214736623537,-32.2333432989712,-28.675486731028126,-28.847245903124882
-4.228131139585871,-4.339108914912716,-5.314867601979526,-5.762153308457312,-6.593710995904082,-4.632736428698297,-3.115058556179575,-0.8171666448672933,-6.026541856295798,-11.867611552145712,-15.450578114786765,-11.773542934331969,-11.887768393951802,-12.64665312040399,-13.43333068171593,-13.62278632378821,-16.03363078100703,-18.73090576141683,-19.683409322940545,-21.81776243789481,-24.14771982075353,-25.683274009455978,-26.097446149477825,-27.1844862051187,-29.178648930891292,-28.1228223576265,-28.26781230749099,-34.237958590658685,-34.75564042336454,-37.720152363634554,-37.287371433902095,-36.69162165028311,-36.46441898793777,-32.89442893016581,-33.47306045795542,-25.276486230760224,-29.38315353572379,-32.31883771138957,-32.999055979149205,-32.16973889150546,-31.273133579794962,-30.068508935398526,-31.93980709142342,-31.195544491310887,-29.978484590435965
-4.70000513563235,-6.313017088092033,-4.214238252120627,-6.251723552564185,-6.9087270634355775,-5.529095630681849,-4.956242586448477,-4.085953003000829,-1.0572245162434473,-6.3658305611237616,null,-11.732406980493826,-13.638735201132267,-13.523558221611987,-15.735380051035104,-16.79943995091476,-18.378592754641218,-18.223813007502883,-20.765553437759753,-22.88843062280625,-24.131493995221035,-29.24484795520201,-26.345373070986362,-26.962347457981505,-24.972692919042753,-28.688488890667877,-31.915927541378704,-31.901370491817588,null,null,-30.263087231923755,-36.556504614975125,-33.29544863062396,-34.05622207909244,-34.06883801564499,-34.20007277309784,-32.500350349493374,-33.17928043343217,-30.779135650976475,-31.0002431101844,-28.611504697456752,-33.017905667997155,-30.554617929111775,-29.375423224372266,-26.997096476051095
-5.711368747592418,-5.462757188788691,-4.748013983001927,-4.80494100567988,-6.627603232715218,-7.743272161052893,-6.144033269873505,-5.772414780422677,-6.205696740070507,-9.390748253750271,-8.293604194423983,-13.619406208624046,-15.844339686308453,-15.654377551885919,-16.88555492991219,-18.09873526231585,-17.465155202777087,-20.094541451160982,-20.897192818347193,-20.290105349961372,-23.67291140659468,-24.743142152989606,-28.63725175182445,-28.717235596560368,-30.448266398661296,-31.919424452440172,-30.46192365242047,null,-34.91468484922753,-32.6399584974477,null,-31.247655573752507,-31.026196128117174,-27.65226717538685,-33.40833476684417,-32.16086952981071,-29.405486620615317,-30.08810506301122,-28.55507499484219,-27.021196478402647,-27.937388225454995,-28.465693385085554,-23.13930398273921,-28.71609769977269,-28.723841897955804
-6.55856802214344,-5.11161137399446,-4.987764711079922,-5.9765445642781465,-7.270307817859346,-8.121655925862033,-6.847579357712832,-6.928772331380269,-9.702185306549332,-9.60076017614225,-3.8415395072978686,-15.079419981761115,-19.609506032050906,-16.974514357286157,-17.80997504586356,-14.41406034200028,-16.537660245316843,-17.6764661976444,-19.668198862212435,-16.649106829760985,-19.664039538488588,-27.09151952238075,-30.708474029710956,-30.044771755337152,-28.97918920511934,-26.36465742796965,-30.24064413227996,-29.617325183250127,-32.255746912768686,-30.056169526003973,-30.7238449202464,-31.879082563799297,-31.07795896345297,-32.42522375561292,-35.62879503507317,-30.566417895658404,-26.572785238393337,-25.64166909902974,-24.45362037246483,-22.683301938848857,-27.700157832761725,-27.45657759807393,-29.313259054089325,-26.899724763391873,-24.854402133070696
-7.841027701398497,-6.90580938567463,-6.4804281046061885,-6.224440551946548,-7.200204172993516,-8.426428929388683,-8.497772720337185,-10.25442948008115,-9.811005204445632,null,-8.724994273215554,-15.485495732238975,-12.449015505721768,-16.030444279434917,-10.90664705316258,-13.143342317731632,-15.815397992742641,-18.619183042914365,-16.998266988817868,-17.402759783180045,-17.95330962168135,-24.082494978050285,-24.715017091777398,-25.312006688828777,-23.578100449821388,-28.794108331399883,-32.21172226216205,-32.73629065119915,-34.07471634020786,-33.363885080948336,-34.297431767428066,-32.75342356196314,-31.8329304831136,-32.45135603032407,-27.17559004329424,-25.337161010070176,-25.375939153436708,-27.18036742182443,-22.564625074833643,-31.175875969059476,-34.40952372333762,-32.22960782594974,-26.58051003941118,-27.082693580321145,-25.768988201646735
-6.575819701164365,-6.520705958077951,-7.754373000791225,-5.96084109085738,-6.950453565780065,-9.06432946396763,-10.838797702284415,-9.857654283965068,-8.001857659551087,-4.353320872132008,null,null,-15.369260423550893,null,-11.36997643365116,-16.394795326588223,-14.971212358571268,-15.971565389409227,-17.395951555733138,-18.12508709543966,-19.95892332925357,-24.799628314608185,-20.602899650391237,-18.308377464546147,-24.06699131181864,-26.841016576790615,-31.398717661473764,-30.001863854101604,-33.038228106411324,-33.47460783316506,-26.118961748972197,-30.474554509942642,-31.365193799480465,-32.45649872386622,-30.581698917487056,-27.296256088134406,-26.688181657382486,-24.133171574573225,-23.121105395587733,-31.10370457992092,-26.49296034179006,-25.200242537225485,-30.973615093227174,-31.020215506131272,-31.477500813838876
-4.978015389914555,-7.921242045293173,-5.686751509931257,-5.960621063995233,-6.675164097549128,-9.657004599141281,-11.931150392242033,-10.784321098255925,-8.182201720531289,-9.44672852974941,null,null,null,-12.765441525420817,-13.652216599659278,-12.360623449162151,-10.774824660942452,-16.16318142942348,-13.357708951356782,-20.445403984265177,-22.84370850876446,-17.856066495849472,null,-18.492906038728133,-20.724484492434584,-22.790298200707483,-25.880570691764028,-28.94334966964738,-31.472988168584145,-30.502492560481834,-29.042135690018135,-30.299101426773632,-27.24781591654066,-27.641940885160395,-30.60876532635165,null,-30.15978506289175,null,-28.102669575553982,-31.123745868892605,-30.245835771687233,-25.26139896626148,-27.945744057473267,-30.423747559794947,-27.611577203255706
-6.393728463860846,-6.958339709491404,-5.948983467858752,-5.498604950090559,-6.819516990473978,-9.93403289507971,-10.939195699978203,-11.865654855832126,-10.665868713480904,-9.984461744857098,-9.025276615462204,null,null,-11.203942172734754,-9.833320101700572,-8.38126224810024,-10.198642186841038,-15.146375752926705,-13.880963195630194,-20.964216572725537,-19.090717152081872,-19.201270842832738,-11.885396839269081,-18.303243866802795,-22.454233142188066,-29.472833910662935,-29.533058043183594,-32.663617656510944,-32.38097306066703,-31.182110178550097,-31.225098897975226,-29.873629232278496,-31.428351162284322,-31.002321437200703,-33.45171454346958,null,null,null,-24.733259293284107,-29.26875584700829,-25.548013711179113,-25.538542715248326,-27.75416569415643,-29.52842416272772,-28.104567842044037
