public/json/wind_2018-09-1606_700.json
{"header": { "discipline": 10, "disciplineName": "Oceanographic_products", "center": 0, "centerName": "Ocean Modeling and Observation Laboratory", "refTime": "2018-09-16T06:00:00.000Z", "significanceOfRT": 0, "significanceOfRTName": "Analysis", "parameterCategory": 0, "parameterCategoryName": "Currents", "parameterNumber": 2, "parameterNumberName": "U-component_of_wind", "parameterUnit": "m.s-1", "forecastTime": 0, "surface1Type": 160, "surface1TypeName": "Depth below sea level", "surface1Value": 15, "numberPoints": 4800, "shape": 0, "shapeName": "Earth spherical with radius = 6,367,470 m", "scanMode": 0, "nx": 80, "ny": 60, "lo1": 109.0, "la1": 20.0, "lo2": 116.89999999999955, "la2": 14.520000000000117, "dx": 0.09999999999999432, "dy": -0.10000000000000142 }, "data":
[rows 19 to 37 of 60, columns 0 to 41 of 80]
-7.034201943870071,-7.247335469202204,-8.952467815526989,-9.878972906461115,-11.332630018526881,-11.987781392181814,-11.99733741388699,-11.536265905925333,-11.565790860849969,-12.252699186609945,-12.554220118525274,-13.944499945038952,-13.213827192523407,-15.315993046705861,-15.493288156065834,-15.428316998677163,-15.041053507817818,-14.782884610359943,-16.062314998762286,-17.394503174095394,-19.04166034139149,-20.5063396207541,-21.703982041379387,-24.048256829078554,-25.363784417266782,-24.9713941264036,-25.064073113131077,-28.28065748189562,-30.48586296563425,-31.066420531620523,-30.717955865555474,-34.38499680991912,-38.337748353989454,-36.362563121404044,-38.44524219791846,-38.82298399476678,-37.630513227380334,-35.22126060288872,-25.05501956774145,-20.81710735876796,-17.43127610152169,-12.761286002923134
-7.802557017067418,-8.44834906821097,-8.37600751520284,-9.757836012277934,-11.783264652626203,-11.996144558826852,-11.806824614271823,-12.85089915707833,-12.69377354420547,-12.109216595688626,-13.96955493134094,-13.201553594457023,-15.55559121394707,-16.734838507746336,-16.267787066946685,-16.998520168725477,-17.081577840816728,-17.212931360703404,-16.539207956067262,-19.146491871177247,-20.77576291633897,-22.54067168597377,-21.037815706582006,-21.58639503674012,-24.20512523378182,-26.678116202468686,-26.19112317265295,-26.720974478818434,-31.495485952536335,-31.85467477882157,-31.378374310433756,-35.40969366969675,-37.73629769947682,-41.240577109284196,-42.748575867540154,-36.97028127615485,-37.1687093094729,-35.619326789897215,-32.27521940774702,-33.238261529476866,-25.56321315207782,-23.368725484713668
-7.955838953036883,-8.83601875435713,-9.158245832105536,-9.32683973371238,-10.706234720568288,-12.230105921888164,-13.715174192919365,-13.185382350696567,-14.36605433419658,-13.417069505759798,-12.41704847757803,-13.42641814810593,-15.239039279396877,-15.364807564371361,-18.014994594954775,-17.597522122325902,-17.44656159258578,-17.671217393566387,-19.04377629416598,-20.24278411174523,-21.2485969462307,-22.59657755170391,-24.601749481057404,-23.428960205900346,-26.544920689522293,-26.87297378606428,-25.28859688605517,-27.994300920625342,-32.09462531109934,-30.704934419194878,-33.26019453140909,-36.87608362182076,-37.07033756570191,-41.71283634900328,-45.50431602807341,-42.1381582010076,-36.904965165046946,-34.20486594905352,-30.280617105824067,-37.795675345365126,-36.17176890602943,-28.25654768039842
-8.840121997789,-9.347058821155159,-9.886795660068298,-10.731601912933384,-10.688804364186495,-11.89606537803239,-12.414798792250341,-14.816204659756181,-14.206320275706155,-13.780979522105238,-14.444844987335852,-15.033130633666772,-15.980259313089107,-16.56998566001749,-16.81982530825236,-18.563351656074126,-16.158763484725856,-17.749219910469414,-20.732108903354295,-21.959605501002184,-23.250926591689293,-25.13939428580439,-25.900516920579005,-24.278931400894237,-23.649092083588314,-27.313872602821107,-30.357882709528656,-31.328020603105674,-32.61538506968728,-34.45647825658517,-34.961181881668416,-35.61852599869455,-35.74081734512614,-41.83964933584119,-45.9455392700475,-43.09600764897705,-38.36654352096919,-39.77245767851307,-39.00123186444476,-45.78991178590337,-39.18861568075854,-37.96522355176219
-9.529684103388545,-9.8639331007075,-11.37645354984313,-12.362545845086572,-12.358030601761115,-11.533019626756808,-13.67871100754876,-15.110774323577633,-14.685644827871034,-15.852984536133471,-15.957766812999495,-16.356957960244618,-15.61777649582099,-15.92121100893961,-17.58234700660642,-16.61086739387819,-16.00048641196029,-20.095230263139104,-21.454630714195044,-22.714184193659197,-24.683337570335425,-26.08604896060657,-27.554370063139267,-25.62721286128563,-26.18272846248086,-30.519899395197413,-32.55811078007841,-33.70580664891416,-35.91932978001542,-38.22529975429846,-36.04836807597544,-37.92455308176137,-37.48436931633861,-41.47338586393445,-43.411502157706316,-44.251140679718674,-41.2058139288804,-42.82878090398533,-41.056683327058856,-45.69619254419446,-50.62313123292694,-43.0118635013112
-9.886595770928434,-10.820567050818843,-12.08946017164974,-12.529805667143307,-12.627945815327314,-14.685662496217304,-14.620314767766704,-15.265543950250976,-16.57082880731687,-18.139269553610575,-16.93613818451068,-16.059316686818242,-17.11349256758931,-16.894191357243624,-16.226695388590873,-15.486242828154758,-19.56305457108571,-21.44277605587423,-21.059433845338567,-22.802355799522623,-25.024905893714127,-25.919199588384668,-27.341868363335692,-27.72252748264531,-29.300628011795794,-31.289227304102585,-34.362004509098284,-35.6196771430256,-38.259795172936364,-39.33610943803822,-38.529917200985295,-42.08230730815879,-40.490389643111115,-40.661552094645195,-42.191307098771446,-43.15410122634614,-44.8178997643153,-44.79952146648138,-46.783966573790714,-51.2886672337677,-52.93689030013546,-50.87673940130284
-10.670396725940918,-12.004279354140754,-12.834856714290781,-12.87276398373881,-14.073374391921414,-14.848111520856364,-15.505054746499356,-16.349241606860822,-16.73525938129134,-17.554824195616014,-16.94411551877499,-16.457621623023353,-17.2704322546474,-17.643529814334656,-17.90976851956352,-19.520577846530713,-21.26289180110351,-19.800827362294008,-20.246387064674813,-23.738893025278358,-26.54275365913857,-27.09913500127356,-29.01799730172015,-28.749920471336583,-29.817759561385454,-32.158264918992835,-33.790309751302885,-37.358551452912145,-38.1221736240922,-40.09896000499243,-40.7498929646603,-42.827913120602695,-41.69925579788253,-41.9164108886775,-43.52941210889503,-46.87129564997096,-43.84380224178184,-47.45478371639035,-49.93284811005622,-47.669001539690875,-47.533516072118424,-49.14396766487806
-11.396680679177333,-12.65405019630781,-13.135225021656828,-13.51748450748676,-15.590804105523477,-15.887264016787718,-16.816289359124802,-16.70247391228324,-16.44170283982218,-15.116561769663338,-15.915811427720985,-18.14850122780243,-18.23566028057912,-17.96180944139591,-19.050908357212716,-20.65707174553373,-20.9935218749311,-19.830018748151627,-22.376957789360187,-23.530207984851078,-24.440793929394555,-29.213550698453275,-28.61693793285479,-29.037651153337432,-29.52500891186827,-32.01800954448313,-34.400294442935454,-37.69169921873572,-38.7171386698758,-39.82557517213194,-41.97438179352114,-40.98735885761657,-40.607172327751144,-43.4640231568536,-45.0322796300918,-46.420196080166946,-47.40158867564845,-48.264181185570905,-47.676743253092496,-48.962756556827735,-53.24321629256432,-51.68204330001452
-12.709729943561191,-12.854928689177813,-13.995032568147229,-14.842057540203081,-16.360759318387668,-17.784666868730252,-18.295423876632803,-18.466870772300627,-18.429948877449423,-17.89563377314321,-16.096660705975218,-14.621065499417714,-16.66974770636122,-17.9638167500008,-19.582385940508203,-20.866612222159734,-22.734192869853956,-22.391308935836378,-22.8255456075243,-22.005098927169392,-25.589524380266408,-28.805437441990232,-28.78706386494689,-30.662500345117113,-31.567827831828264,-32.70406322889059,-34.3907414925983,-37.46464687133424,-38.58989156064021,-40.63068703233729,-41.93094293384462,-39.82985361861448,-41.87850060941759,-44.90553535059072,-47.02123719181056,-49.37555147466401,-46.39336348958941,-47.86915646068235,-48.21743913380813,-50.38788658094536,-54.72780122119312,-53.88109414941801
-13.224688561336933,-13.43995660781217,-14.35446981938921,-14.794730785473352,-17.091857669248963,-19.046301062911464,-19.116418631695197,-18.87163961309017,-18.91286507613891,-18.774020459938374,-18.37513486148766,-18.44118918115387,-18.274271533346425,-20.395337753929986,-21.256916035800103,-20.574970723894836,-20.950489219560048,-21.801678163456735,-22.741425375750786,-23.749560565941078,-25.29896745766247,-26.27628458900875,-28.764321628117443,-31.457183522566268,-31.88265361033866,-33.10713109928494,-35.347632289843176,-34.76061484013108,-36.69879693110894,-40.294870179862464,-41.56637243670759,-42.032524065280676,-43.35591072309444,-44.95611779849723,-45.6616550192325,-49.06510832271698,-48.39162558139299,-49.02959626184011,-47.17787779158394,-51.032112885831836,-53.57150944704432,-53.542927564201165
-13.239235983572382,-13.464378769331068,-14.690232704424886,-16.37017297538857,-18.685395933050415,-18.56839941818989,-18.496582331526145,-19.14729334497791,-19.24821011654272,-19.83071681820031,-19.131527276353175,-19.205207256915553,-19.89177581829184,-21.13885450655212,-20.588421661294152,-20.08666150278265,-21.445385371066145,-22.635480023244508,-23.792618245457795,-25.320897803058656,-25.85681360979814,-27.643564961374288,-30.0637844378733,-32.214836973947925,-33.15092940330182,-33.808311586701464,-34.97896893420463,-33.63951095030283,-36.69562878118271,-40.64105091176046,-39.54652780689403,-43.351052815169176,-44.22137822493036,-45.382528377497266,-46.68292017936904,-46.795171453496785,-47.75373160574398,-49.8747588328611,-47.615747240740134,-48.44372835452583,-50.506391113502616,-51.91506385143963
-13.659683506537123,-13.599022506398706,-14.181911087480103,-16.92008633180871,-17.6625100223374,-17.746592360409267,-18.70749480886013,-19.50312498710796,-19.842350638173365,-20.191837433097785,-19.99981463256913,-19.469865204766982,-19.20500666659101,-20.709194176527447,-21.17642023152993,-21.913502963582488,-22.24810229480944,-22.58031546067555,-23.17349288034599,-25.338462829839425,-27.11347655466825,-29.788011635009752,-30.667691948285036,-31.883316083193108,-33.75503393003571,-33.23601417600383,-30.60471332890204,-34.59071583251819,-38.85255708740155,-37.57066557184154,-40.5257530702964,-42.27576964324793,-43.78078794186058,-46.03684523527795,-45.25167225170359,-47.50627469571764,-46.39998416685498,-48.360229330686266,-48.74023329182176,-50.130423565000186,-51.16756453191772,-50.63973775426989
-14.419413893243208,-14.55074396647034,-14.939697756043161,-16.308366218225615,-17.792705819977886,-19.77931957663597,-20.17660752499625,-20.024223625537857,-20.76343946658269,-21.33391776604813,-20.7521536011582,-19.37921369982587,-20.808196773499983,-21.219593169099923,-21.764407554387983,-22.2374897506492,-23.52900755136099,-23.797029795849895,-24.185847137845613,-25.566508032871297,-27.69428903510871,-28.526366896433903,-29.134070703568955,-30.46295684230337,-32.45312228522654,-34.56935281600369,-32.261187036220804,-32.21498572173872,-35.45981800061983,-37.84059580067212,-40.34761968741434,-41.00011148195747,-42.69981802461919,-44.651418756194424,-45.52610027441027,-46.892859769298646,-46.776624920322476,-49.01715629346681,-48.71882938592853,-49.801637436937575,-47.65472061482967,-53.39135513370474
-14.72390562275366,-14.74164971367146,-14.592827266390369,-17.498466912393216,-18.73511938719847,-19.267102180511472,-20.125116224452903,-20.24679291874011,-21.413824307152947,-22.48625743511355,-20.334236060959707,-21.86900175490903,-22.82414469293071,-22.531760515247733,-22.963341084789548,-23.248049607717263,-23.588301066878376,-24.19290932128242,-25.188678318395503,-25.449143561554127,-26.219246670443486,-26.775001606538584,-27.987568644537166,-28.608781004520964,-31.270066191139488,-33.22789837773331,-33.89012521233561,-34.23209136760074,-34.98571274103091,-39.78718980570612,-40.00559033429466,-39.606746373653316,-41.917235846070604,-43.985556874580276,-44.643363715827334,-45.568365954439514,-44.17210287601672,-47.85394456614233,-49.51121367033805,-49.975074472750244,-50.46163322367696,-52.58628488436246
-15.372243404749748,-15.177643632418203,-16.128795055936198,-16.859148123111556,-19.194610835187035,-19.79743831798567,-20.752282145153156,-21.149480039274852,-21.54131781336158,-22.595924384639137,-22.096557224107293,-22.521105811263684,-22.885006324346193,-23.667574957959815,-24.510396370347138,-25.048458812018065,-24.663338646503703,-24.672865672028173,-25.108103951795872,-25.32527043101268,-26.351664256336935,-27.063331351424083,-27.97806425798578,-27.680810801796916,-30.0444325387955,-32.47927684170417,-34.21461016834104,-36.46927524467565,-35.91597899624312,-36.09333801912894,-39.06624586687376,-38.85091809625344,-41.56462456333298,-42.51362611356019,-43.757407646099736,-41.91031447088339,-45.16674931170978,-46.84395649161809,-48.88139655426549,-48.235621263162635,-47.72050480044964,-49.10691437243107
-15.23144295351194,-16.214358650760648,-16.705167346531084,-18.01856653356498,-19.119060984435468,-19.947468204722668,-19.493502119960613,-20.495087971328076,-22.06663065804973,-22.30966476970227,-22.396185046463387,-23.12667115036478,-22.50168750242697,-22.497860316294215,-23.005434795591995,-23.950343862652556,-25.021573168589192,-25.473803240352407,-24.852049028372072,-25.434398648606905,-26.204097356001046,-28.204884410850443,-28.463374478105184,-28.114079753915682,-29.74333918433166,-32.35323282906096,-33.61788281214945,-35.4866407016178,-34.635476622150755,-34.874941002110184,-36.364390344592316,-36.68865226736799,-39.80286718549884,-40.6883743129812,-41.99983383338259,-40.808586174034374,-45.214816632613555,-46.65143302282764,-46.277265775305686,-47.409743839837816,-45.04201721045294,-45.794997100856875
-15.886234782526422,-16.620874221781285,-17.108560372751374,-17.33445024693679,-17.973371850582573,-20.105434898808483,-20.91906105491696,-21.623456167746852,-21.46500042247746,-22.591979084819798,-24.25599928203496,-22.669420309250224,-21.348581483254158,-21.601055927544135,-22.313769857855206,-24.88361443390111,-25.663800936932592,-25.535904222435768,-25.46504744248349,-26.302813797457368,-27.744123085723043,-28.405183042414393,-27.84482073815008,-27.496092916668996,-29.991303028704294,-31.451641516209534,-32.645152172111125,-33.481517968237256,-33.63382446801975,-34.961851499631145,-35.85874083149883,-37.75797300709011,-39.781974407802686,-40.616217090207186,-39.401974986465234,-44.20880925965151,-46.56880384529754,-43.39905421634601,-45.97090260766552,-44.44478047148388,-43.93879670315206,-44.15631510548712
-16.093355654888676,-16.428623615685083,-16.796421497937246,-16.548704823104543,-17.09877600264371,-18.013157694593865,-20.204942103063345,-18.256053163892645,-19.652996681081788,-22.880565293426258,-22.72083014581181,-22.028586080921727,-22.255337697707155,-22.14393804487797,-25.59725622243785,-25.9259572241584,-26.42714833886891,-26.540503122813682,-26.32349445791074,-27.481606034775993,-26.49348730186983,-25.91048406703206,-26.855411190979897,-29.71765439808616,-29.559006087803965,-29.768783098541313,-30.323588754489734,-31.021984577461396,-31.294758083483735,-31.639596991920286,-35.35394754477097,-40.187477254680175,-38.035172225764455,-34.88137903810961,-34.37318265508125,-36.32237480562224,-42.19732283568774,-45.20305495349256,-44.32672570866772,-42.00668431436871,-41.741358300193944,-42.868489375476194
-14.988528778461228,-16.871855013941783,-16.97623606966438,-17.111398749778495,-16.96272993268466,-18.112799143067594,-18.577474986636624,-20.61117028841224,-20.634460738433127,-22.108450704499766,-23.074678365374513,-22.902437712430917,-23.60064617436057,-25.120824830871623,-25.669979807219107,-26.43524432143375,-27.315231894492143,-27.400056270309864,-26.395094958321312,-26.2493736509705,-24.848430129649905,-24.555848594448328,-26.099331915091305,-28.1432598533692,-27.637176561760505,-26.486558082915415,-28.276719060816717,-28.479366736412118,-29.655842157909355,-28.830648264987705,-33.84722037712474,-34.91461790735141,-33.59468955083755,-33.6516186224166,-37.967993117895915,-43.68225430493129,-44.367068473667906,-45.365453823596546,-43.55608486632362,-42.96441171763925,-45.55494238679852,-43.53048687872335
