public/json/wind_2018-09-1611_850.json
{"header": { "discipline": 10, "disciplineName": "Oceanographic_products", "center": 0, "centerName": "Ocean Modeling and Observation Laboratory", "refTime": "2018-09-16T11:00:00.000Z", "significanceOfRT": 0, "significanceOfRTName": "Analysis", "parameterCategory": 0, "parameterCategoryName": "Currents", "parameterNumber": 3, "parameterNumberName": "V-component_of_wind", "parameterUnit": "m.s-1", "forecastTime": 0, "surface1Type": 160, "surface1TypeName": "Depth below sea level", "surface1Value": 15, "numberPoints": 4800, "shape": 0, "shapeName": "Earth spherical with radius = 6,367,470 m", "scanMode": 0, "nx": 80, "ny": 60, "lo1": 109.0, "la1": 20.0, "lo2": 116.89999999999955, "la2": 14.520000000000117, "dx": 0.09999999999999432, "dy": -0.10000000000000142 }, "data":
[rows 38 to 56 of 60, columns 0 to 42 of 80]
-25.074731987248548,-23.448643986444715,-25.940729061061422,-26.984269181367505,-25.08772362192755,-25.50921797867607,-24.950861570683468,-26.50402143737167,-26.9121402717749,-26.302951852350166,-25.612074208531943,-27.50865674542436,-29.785381874055194,-24.71816622028394,-28.06194549451532,-31.662574833822774,-31.150306098437582,-28.64589672704907,-28.76887021482215,-25.234582713301627,-26.48884958943473,-27.338717884923643,-27.12523960594708,-21.970328076326414,-20.296988383553284,-20.990214915144,-19.963744854856117,-14.605461075417917,-11.773510065618307,-12.879967903140134,-10.99363550140279,-5.549937710035482,-7.071089794436953,-3.483672456874983,3.4369257759200806,-3.315824553062626,-0.4816545258129893,-8.756060197231152,0.40973937321067827,7.417629700950987,9.573700705869689,7.367456812601469,8.239503181447267
-24.34614576647689,-24.464971569488185,-24.81972694452825,-27.018571576143167,-25.032373558948244,-23.90831572734001,-24.997527176105862,-26.05807025314796,-25.826065002325137,-25.823782836220605,-23.651698795656163,-22.719314849939884,-26.392083249697386,-26.273330352929683,-29.277720447714735,-30.627401048632112,-28.971035054178934,-27.95752143710986,-27.08186208254405,-24.231199347760786,-27.942585981575895,-25.35321516706681,-26.720360881093807,-20.8248462391486,-19.309647860418544,-15.547158807208731,-13.104469018676932,-10.933875845143769,-9.368807245946572,-11.677330741199256,-11.41868908139552,-4.566338250977624,-4.010628045487074,-5.341431919178756,-4.860372566696149,-8.912515380095314,-6.630848241073169,-10.069820289120832,0.849426795300283,5.252385541984505,4.733647599139668,6.268315357345584,6.643029058311042
-23.3559130142148,-23.778198697012726,-23.1315608074437,-25.7308719889255,-25.258224638706047,-23.679321832018978,-24.761841521585392,-24.31562522883148,-24.706072512642017,-24.87711270161003,-25.126955317496694,-24.225413254908933,-21.696584090973737,-29.676929095500256,-28.482118858755584,-26.8118873382297,-26.67877137692878,-24.79670430881445,-24.731363806072075,-27.686119507764694,-25.411958497460017,-24.21805030790905,-25.068832995777665,-22.531030590664553,-20.322378352117386,-18.280561767822913,-19.678718900965556,-13.275744473583824,-7.87051444511078,-11.861061671254845,-14.274943856919057,-9.352584775367115,-5.615091523847266,-8.349438284826476,-7.893422399497593,-6.8066207417283975,-6.123142195440611,-5.665937448401788,4.39614257427051,5.9784103208294725,6.638736388669312,7.557248276136539,7.038746925272437
-23.52991626684187,-24.01638386461563,-22.733743646615903,-22.299102775316914,-24.673164750498223,-23.517910711589536,-23.596411190864288,-24.509037127206035,-23.68235151269927,-24.09815298081919,-24.086713067846677,-23.144182394016134,-19.928551803705027,-25.169506407814843,-28.714426220973433,-25.81104653573681,-24.82794425218981,-24.99399242074826,-21.956390947373567,-22.16174440733326,-24.5287322871918,-24.063868282340447,-19.62530772615692,-18.56405245471656,-21.137230600397295,-18.581513215938223,-18.564605035174115,-11.702804346645193,-11.72445969316604,-12.605006278250158,-18.361935875743136,-5.749629537029703,-4.28170658714501,-10.35471026748048,-7.107603076642063,-7.827652302145769,-3.7831988362087983,-2.4105590943158526,0.749738160221365,4.593247720139008,2.7493414281898776,6.408694467738419,4.328956876575424
-22.317364523402375,-22.958040361350054,-22.498213485625218,-22.32694672291927,-23.12204547140861,-24.095371096184838,-23.30447904947381,-23.96436964064789,-23.40738533015227,-22.5904000684258,-22.04416688174466,-21.271768501122637,-21.923735914367995,-18.649522077510888,-27.015038992976393,-26.089855466929997,-27.82778045189287,-24.729520386675695,-24.258523325149206,-26.3146393255913,-22.260926196136165,-20.737064360771264,-19.05677174694128,-17.475874201863277,-17.93897089628616,-16.072026599561,-15.26169620602028,-13.9126914630206,-14.388138513529452,-15.005994579182227,-11.673517975814983,-5.644437726884268,-5.049664687956371,-10.876665960110081,-13.924501708333118,-6.784288737581497,-5.154917799371895,-2.2489384299198685,2.146503184477341,3.0749120907035743,6.704464346429932,6.827359522202751,6.4935555861593315
-20.88872357534502,-20.796037073943857,-20.563497004165114,-20.89816896028153,-22.019716245796335,-22.842372793597274,-22.74791286433395,-23.58321680951692,-21.680166845635657,-21.295299981984773,-23.4879559984189,-21.011518014914138,-20.761934234738757,-21.383192336909914,-23.20259462051,-24.369300453516264,-26.064045852707746,-23.545722333314806,-23.571758142669857,-22.557631835487037,-17.744334740500257,-16.3116600266102,-16.244484848973038,-16.02937445008721,-14.47858599581882,-10.619403378394319,-9.409954379188635,-13.814304425784679,-18.16500050517812,-14.564068440758573,-12.711653200771986,-5.553705745708903,-12.631126994726847,-9.568524972213886,-6.563563895682927,-4.77781767441018,-3.6804717658910238,0.4925703677859368,2.093103598823755,6.134761914730797,6.906647515759396,6.40389869155408,5.872630040502337
-18.34916468277658,-19.28150243738681,-20.50027995182427,-21.090503521632005,-21.124421539700993,-22.523817799784275,-23.048624534833046,-23.086443085586712,-20.659725855941794,-20.21271582451472,-21.470890517744554,-21.79033184291895,-24.596388463666745,-22.90645944664862,-22.344383725272134,-22.49618864110142,-23.091210054353823,-22.4561186483491,-19.8648110174746,-18.9356742940545,-16.04133704374348,-15.3113639105422,-14.952764953324948,-16.891633288494567,-10.340031566378464,-8.28970733210942,-12.104704857799653,-16.62409678142298,-16.35517092630712,-14.382240893072998,-17.209012321513075,-9.026155157334266,-15.465045421663158,-9.648382208169359,-6.928069872907342,-4.8655875542317775,-2.8939925885220203,2.9792587291182677,-2.1214821547290974,0.33618012124863983,-0.4863288416257463,-1.2489031471168055,-2.633838826164515
-18.8399803948339,-19.524078203040638,-20.27834918376182,-20.531113642303932,-21.211965039927428,-21.890488387646787,-22.16244654977833,-23.897317848386788,-23.152518143123405,-22.19148281515401,-23.52344809458691,-25.45387226136824,-25.097996099368505,-21.507646099104747,-20.40488914967324,-24.389183235597642,-24.618825026720074,-19.757247531749766,-20.427770615650918,-18.180597360243844,-21.355608183238147,-18.9369898219921,-20.394600212011227,-16.35938878309933,-14.651736265511698,-16.52626046970233,-15.859458854481545,-18.110462411990422,-14.528450441517391,-11.949822668465675,-18.817504404726712,-14.3831565770532,-15.01511554236574,-9.34826265696692,-3.2839864804346126,-8.890164387038125,-3.4256864626091104,4.724002311086522,-5.268075645041491,-4.962703605079067,-0.4221673903399576,-7.153493967846114,1.07425137055368
-20.217623211960866,-18.81894838324756,-18.889737620451726,-20.077123359033816,-20.497912809869284,-21.733220139697075,-22.056384705632176,-21.65791756029453,-22.851136320296693,-25.164756999121238,-25.46138476727804,-27.64738331285148,-24.75905507652846,-21.768943451653108,-19.87751715168884,-22.237883832042552,-21.66144495395117,-19.560388737828344,-17.4976861430265,-17.425632109359704,-19.58267110720362,-21.713014223923267,-25.04757174772704,-19.686730448036663,-15.626686301509245,-15.39336441818438,null,-15.522770987894113,-10.633283547485046,-16.526945920467007,-16.010551821743572,-16.619863843751016,-11.401217241486878,-7.773416531608547,-4.7928518396670565,-10.386154064077198,-3.167058752900034,3.669674627058134,-2.719953104845514,null,-6.911837532449905,-2.542099355046156,-4.150604470312281
-20.8144330649859,-19.392238656404203,-17.92263515374662,-18.76765323799091,-20.272555512126406,-21.7914313325153,-22.01637106486765,-21.986437929021758,-23.06842128336601,-24.204346023813535,-24.33694375647704,-24.104320944737413,-26.03378236871508,-22.796883620007538,-20.850612350339482,-20.141122150040907,-19.586798772288095,-16.454585831304414,-18.671750010188106,-17.782025401448184,-19.914144287790773,-20.00135220734063,-20.277274921729337,-16.07051898296033,-13.844983935072186,-13.581153362257584,-15.15374084211972,-11.34096609255728,-16.389684517217233,-17.06242738262325,-19.51910453364803,-17.918189244467925,-15.580974140827237,-9.584476344963063,-6.017400951299809,-7.041949769999193,2.737624697413985,-6.793032063980849,-6.438829569156498,-0.5162120702512032,-2.909278001030999,-4.329877309090912,8.930952175514928
-16.562698345617562,-18.371387414785147,-17.8216119250643,-17.61658049234437,-19.392519761947465,-20.636038113740888,-20.739066529545646,-21.42153465508282,-21.10623120407939,-23.09886210595501,-23.086135926088097,-23.996544535017506,-25.53285824594971,-24.33809942389688,-19.95802515255944,-21.329646703395678,-15.727304474323322,-21.762522111620587,-20.960229590325007,-18.632425880601726,-17.877338399293983,-18.344682729657144,-19.81912987663213,-12.217867281632376,-11.724573412839215,-13.105969080221696,-14.548460035814236,-9.741731101976457,-13.58370631459743,-17.10580854964235,-17.94397004521096,-16.200888794338212,-10.797666125161385,-5.7801297279241695,-6.464152105499626,-10.664019987973502,-3.5691976679554958,-4.4260473825903075,-4.749319411673645,-3.539346382080718,null,-1.1122664375039448,-0.15293535712813705
-18.594996438824374,-14.877704209200504,-17.94909491118778,-17.884019302131875,-19.487609425626662,-19.087973245660763,-20.025311144910827,-19.718918783823636,-20.96542559576696,-21.561594906449464,-21.269073095953683,-22.378434775924724,-23.585478082971182,-23.412976439888737,-20.878690115286005,-22.462448768062444,-22.04313150914783,-18.611833733394803,-19.731030899181427,-24.897864297399135,-17.918883994450447,-17.979768519800054,-16.50385693451302,-14.159994266362784,-14.346152487403707,-13.626145366646501,-13.438451493303543,-12.79412284327995,-13.400183342575122,-15.615254550531384,-18.649447260903344,-13.591817660438922,-5.910837444096823,-3.2622164079289933,-6.331268531671778,-8.624769819207469,-5.89044349252769,-7.37927746516961,-3.2763360063255114,-5.0455831745501385,-1.8255334553983635,-2.5879886085178194,-5.361496397051228
-18.561316568014984,-22.672008354871405,-15.821251385147248,-16.999374823169884,-17.287270091840583,-17.808815019506305,-17.7131682824001,-18.349592614353952,-18.03500846615349,-19.198931999627508,-21.204603701590766,-21.223035614799254,-21.830266837574243,-21.760785464172727,-22.430085099730363,-21.08233885039317,-19.243419635922177,-22.376427585013474,-22.43354843998202,-18.682070711633607,-16.55160232836184,-16.39167107515017,-14.61874994761846,-18.214913379780935,-15.757522101943886,-17.81205994648347,-14.741515792832924,-10.485294173165405,-15.060074796876595,-15.839687644949203,-17.83917996346802,-16.370179409931513,-13.03956087626246,-11.860590429284368,-9.144412283323494,-10.758956207914167,-4.344852310982237,-0.8840373458416532,-0.6672338576268252,2.1655893169334117,0.9720800446079214,-1.4245286260984789,-4.4943953536417505
-20.826241591848188,-18.682400396569616,-17.47325872242492,-17.215978086537202,-16.855079365012244,-16.424583595772752,-16.423380830976374,-17.039242584015145,-17.006779847250026,-19.016311480889787,-20.537954751960857,-21.399193563622838,-21.00435527433387,-21.814887568179405,-20.477873542129952,-21.394447511499013,-18.916994030955625,-19.454979791515356,-20.344952269522445,-18.80806078849803,-17.758986719026826,-20.572500696429294,-15.400687643693427,-19.419333156619725,-16.962805589278968,-19.966480103759,-15.726429919200708,-17.16850664392708,-11.637974979673567,-13.74718480148258,null,-17.54488519143409,-14.872733567050988,-12.589546702102986,-8.674969411308986,-7.290895563733903,1.2682880108699417,0.42367483059166555,0.3049358511418354,1.9177618868898854,0.7593715121137233,2.553697355543148,1.873091178127653
-21.093951139014855,-19.789118005662875,-18.138346716000793,-21.86944067116231,-16.668334230733212,-15.987742294567452,-14.776415878325707,-15.412503927779065,-16.789521741868676,-18.53329353339729,-19.13569407247116,-19.88691244998598,-19.669247227522995,-22.14443305479409,-21.603810642675178,-20.08660013036212,-23.018834274557946,-20.654129636571803,-19.7355344818264,-22.49727710124519,-18.27837045755468,-17.13698279895616,-14.348846674161713,-13.076957041357078,-18.27237715248419,-17.953143555793623,-15.60478004320769,-17.458707676319627,-20.377742772464742,-8.486057364594352,-11.41375898874124,-12.69600043487121,-11.458189870493683,-6.055901314597708,-5.278970001356996,-1.033959567463455,2.338207073234447,3.5737521095749827,2.2935206724168036,2.2041886678151217,2.457443359941359,1.981736410101745,5.677565178539963
-24.334186534736737,-22.636506900382,-22.122763504219158,-20.897001045620065,-18.447651077118255,-16.146545788676523,-17.21573068989023,-15.31568333287648,-16.085137374740675,-18.546851218275407,-18.31652830480471,-19.353363299331754,-18.657890962443116,-20.703547756210334,-22.374063890896448,-22.8648899175475,-20.91909108783492,-21.55732865533516,-17.8339137649765,-21.40348345912981,-24.21794014058093,-17.526336567038353,-13.669310020063392,-15.767273648968176,-17.944960691676002,-13.316205658795127,-15.518518099496918,-12.788721870344887,-14.845272451649375,-14.590739003991587,-10.627049277623957,-12.509498038956236,-6.2671956467718335,-7.164819423699346,-4.1216406201288605,-3.8576981143166553,-4.2415328647405826,3.597736351941577,2.193459396071191,1.7208220863294101,0.7282773639252967,0.12165477758485693,5.466135565400887
-18.60562735047501,-19.420607861880793,-18.55273205481197,-20.209315387297828,-15.853861989429422,-18.22559853567481,-17.782910945746792,-16.63071854777876,-21.272953169612183,-20.39803809325227,-18.10705543881356,-18.636099540769624,-18.27430384515721,-17.443040084577234,-20.643781593408896,-23.38866361535995,-23.33727763002188,-19.427061339557554,-21.600152711036156,-17.620051644309203,-22.7519368127182,-20.403717680179913,-15.746035201081195,null,-14.387657049781861,-10.07570803149152,-9.687668270526647,-8.891289572138565,-11.385903779001408,-10.513683600390886,-9.294238883009232,-7.3025563728697405,-4.485886839099337,-6.497589902543939,-6.205913162659765,-5.78360549180505,-3.61223557399415,-0.8637222412799821,-2.58504157561023,-2.611258917947514,-0.9165170054672456,0.3911399938413682,1.03042005622786
-17.702993180301842,-18.570395236579937,-18.075620446011264,-21.56962369790802,-21.75354096478891,-17.35033235583888,-16.267251212572983,-16.032245920754495,-17.94704430650112,-13.841996730127294,-18.512656953588348,-15.002707681839391,-15.740867866157634,-18.92596468215966,-18.437597079650153,-17.406955501504267,-18.341374384129217,-19.91743872301987,-21.59799187846897,-19.087706249278014,-19.86700717157347,-18.85692151710228,-15.117172311597516,-15.682501626561308,-8.82472404867959,-7.381627809747115,-8.657594600839023,-7.189579693172178,-7.824046605980399,-9.483546122412273,-9.482145240500031,-9.678936603167235,-9.57125547562157,-8.897472489543274,-6.381089854184071,-4.128419638624648,-4.671520622912223,-2.9497956628295703,-1.3716923466283777,-0.7956158243758342,2.4553569115056373,0.8272446518082323,1.6568329891618507
-17.477967673298522,-18.04791703617524,-17.390239684494475,-14.598600311996234,-16.257154344699973,-16.754896016551598,-15.481241296933488,-14.202589788172045,-13.85955782535304,-16.82199389735797,-16.88962496404761,-16.960043902930053,-17.733454954686646,-17.08529613069714,-15.924969513957041,-18.349357475618703,-17.59313590790154,-18.616408397580628,-19.116996945701207,-18.490599883767658,-16.820471265430836,-14.243970013664319,-6.293923323771874,-10.166521735413522,-12.647486330577532,-10.927055076102867,-11.59982495568931,-13.771793831423626,-11.654479180710823,-10.537369648797757,-9.045759065399148,-7.819688750676895,-8.849777649296941,-6.971878079648606,-3.989755070934211,-0.29943708794568336,1.6315647802551938,3.2694922326770763,3.7526296544406788,2.174405191891537,1.8658114852610639,0.7880681245972361,1.7648045995658528
