public/json/wind_2018-09-1520_850.json
{"header": { "discipline": 10, "disciplineName": "Oceanographic_products", "center": 0, "centerName": "Ocean Modeling and Observation Laboratory", "refTime": "2018-09-15T20:00:00.000Z", "significanceOfRT": 0, "significanceOfRTName": "Analysis", "parameterCategory": 0, "parameterCategoryName": "Currents", "parameterNumber": 3, "parameterNumberName": "V-component_of_wind", "parameterUnit": "m.s-1", "forecastTime": 0, "surface1Type": 160, "surface1TypeName": "Depth below sea level", "surface1Value": 15, "numberPoints": 4800, "shape": 0, "shapeName": "Earth spherical with radius = 6,367,470 m", "scanMode": 0, "nx": 80, "ny": 60, "lo1": 109.0, "la1": 20.0, "lo2": 116.89999999999955, "la2": 14.520000000000117, "dx": 0.09999999999999432, "dy": -0.10000000000000142 }, "data":
[rows 0 to 18 of 60, columns 0 to 41 of 80]
null,null,null,null,null,null,null,null,null,null,null,null,null,null,null,null,null,null,null,null,null,null,null,null,null,null,null,null,null,null,null,null,null,null,null,null,null,null,null,null,null,null
null,null,null,null,null,null,null,null,null,null,null,null,null,null,null,null,null,null,null,null,null,null,null,null,null,null,null,null,null,null,null,null,null,null,null,null,null,null,null,null,null,null
-10.925642364907022,-11.263707513937458,-10.554298438570399,-10.588697120081136,-10.609967314215739,-10.556187510942136,-10.910586300568765,-11.184478763408736,-10.860120781707497,-9.777756111309513,-9.187435382461237,-9.210719060870964,-10.992984231337605,-12.941880065665117,-14.201289249320887,-14.88136002507186,-14.471964830696082,-14.730796481853751,-14.899580255774048,-14.836394238618773,-14.482658215143159,-14.480473366581801,-14.731306944330878,-14.950931760252264,-15.158124443853833,-15.341711299623174,-15.259963646286106,-15.571206725539707,-15.496285359026462,-15.215917033489,-15.139312030574102,-16.000348204179225,-17.296937569845362,-17.830183171640677,-18.310106581222254,-18.848221093556838,-19.581343487245057,-20.693779862425856,-21.92914733881132,-23.06409235629579,-23.80695551437085,-24.808102676988238
-11.22582577293332,-10.742082481562324,-10.58719482047844,-10.835284198787974,-10.403315054313259,-10.575644792876599,-11.01415505684143,-11.136643604777754,-10.872812072179633,-9.484782555368417,-7.821820218241463,-8.822640756179286,-10.797898036597843,-13.31881418088581,-13.67058227837413,-13.946026360588284,-14.090740546511995,-14.646005970271684,-15.16565304026895,-15.32590644232208,-15.488418453843668,-15.61695032307351,-15.91593709831124,-16.19234666295065,-16.43159173737517,-15.102028048659399,-15.363724612863727,-15.66525506803545,-15.756747383210145,-15.967973585886847,-17.829816921427707,-19.36291428125807,-19.464456396740815,-20.097113677579763,-20.645915837890254,-19.95667724049318,-20.39434491352841,-21.467904164511097,-22.702148065121573,-24.793764589453538,-25.84905703272001,-28.762405398764116
-11.060863209311949,-11.067864350440596,-11.012330269408498,-10.818561281563214,-10.504862099641382,-10.511920759404392,-10.9085203330733,-10.591421278932032,-10.20340822332771,-8.600198760027615,-8.29406038873982,-8.727070897228133,-11.158039079126858,-13.224543200488583,-12.95169979020326,-13.024379657267788,-14.221257060585241,-14.602258516509735,-14.598485443450363,-15.601257137030116,-15.581893757750406,-15.700138289658032,-15.502181311722456,-15.784003518310538,-15.358646287475331,-15.101559081903327,-15.82591755219605,-16.0462130103853,-16.187743523423144,-17.60105896509781,-18.97224511713874,-20.094847408195726,-20.371724968454643,-20.587134596556808,-21.036678809718527,-19.713869036481213,-20.151975952636906,-22.417956902709662,-24.70578190434002,-26.47113607724429,-26.60223836138911,-26.005401797808133
-11.238068265808606,-11.262926689546987,-11.124058891400054,-10.947032938246299,-10.69509301313541,-10.327434452230726,-10.251670576663113,-10.060740799875212,-9.436469736472532,-9.091700393923132,-9.524404696652207,-10.708510658349384,-11.698012128947164,-12.018591912349828,-11.925919369729817,-13.249106642377374,-14.023282300543118,-14.54030426888102,-14.631533051901929,-15.280453101302399,-15.143984114508942,-15.354681525634058,-14.978810279567448,-15.539435426285053,-14.634549691781322,-15.791589753423068,-15.848266608339255,-16.003664143018703,-16.547499689692398,-18.30442836614008,-19.66528870681433,-19.97548936369808,-20.361296924016656,-20.33361086885857,-19.380155567231455,-19.236685310408497,-21.131247592111883,-23.120545564496965,-23.911632086591908,-24.88925001958831,-23.01677667020177,-24.197193828182513
-11.730164585175046,-11.701269868962818,-11.231227506212656,-10.804245351041365,-10.535184216808837,-10.500434991690739,-10.176794928498053,-9.871502618437395,-8.918797222031776,-9.07677745864942,-10.169723530432035,-10.682687616765207,-11.787742286895009,-10.955551153659147,-12.033539597279187,-13.354328851444157,-14.493195938749176,-14.571859558194323,-14.869982758561397,-14.941090618950424,-14.496063517378929,-14.535687818678923,-14.76787619415407,-15.040942644608323,-15.41017836486342,-15.720958407020712,-15.842813912680644,-15.999939939939628,-17.087312769495398,-18.247843666547066,-19.303752628549443,-19.60992899747334,-18.996937757560744,-18.173210099752147,-18.425792117711204,-19.935753808363593,-20.856081655958867,-21.829929383241517,-23.837050998488472,-22.006739129607237,-23.209095652014476,-21.920287015198486
-12.04336382392346,-11.732039894127766,-11.133459484611635,-10.75918355811269,-10.680217916287518,-10.413886614135743,-10.356544951613664,-9.714809966292774,-9.142915410786213,-9.146760169387637,-9.266411705631317,-10.701724248571384,-10.358573818048121,-10.887805573351073,-12.614971038898995,-13.554984006575376,-14.380801542531064,-14.558782953569128,-14.892241784697216,-14.391277636058948,-14.086854209815712,-14.051235517754124,-14.30814766817955,-14.725854226759893,-15.530504570101689,-15.631573472128562,-15.68526313384898,-15.893274622998444,-16.90766550257112,-17.929437282176565,-18.309350114486463,-18.081560023378344,-17.148667864839126,-17.1776406110206,-17.72006279800693,-19.44930089112723,-20.0565345810126,-21.47830520632832,-22.328171690386405,-21.065428148106765,-22.680298994482563,-22.523790795007848
-11.850714346503434,-11.405172059223307,-10.895311288712719,-10.35665268748272,-10.689119645297444,-10.778556172814309,-10.626797015809771,-10.136382962913913,-9.1903706153137,-8.977743831929953,-8.297916654607715,-9.60354014479987,-11.072216630770216,-12.4006650292765,-13.006108436231884,-13.695070260472386,-14.058724133923144,-14.902998898092669,-14.77734696672614,-14.664819601008817,-14.173049694524288,-13.8458170878476,-14.110182792734474,-14.639219041908765,-15.136694007781326,-15.244737125880043,-15.222470988115214,-15.433630419750012,-16.644050619826118,-17.503043693654643,-16.809040818262574,-15.995365197931758,-15.88848624301892,-16.286118037301577,-17.425990329666917,-18.577101835924452,-19.5325539746797,-21.040871689045133,-21.644192013877905,-23.018705407718265,-22.622730412026236,-22.467244825542778
-11.465283397592433,-10.98063341749321,-10.262224686481012,-10.952428090955538,-11.122396197285012,-10.684319954606371,-10.39578029065125,-9.73727201263777,-9.196306825563772,-9.117363655440833,-8.851501726695826,-8.576282687173213,-10.497624165732706,-12.80539351632018,-13.64203312154276,-14.027015613455323,-13.767200533198274,-14.565950476370793,-15.250816667483258,-15.27779636724693,-14.74216267377555,-13.880150530085453,-14.170567484812684,-14.35127651500855,-14.665340590522996,-14.880546192877045,-14.752472462953623,-15.672279384596887,-16.1739044875966,-16.595545630304418,-15.555147062425817,-14.983638095951553,-15.208236638174355,-15.255675262467557,-16.49615075041066,-17.709070054721188,-19.417576206935017,-20.991389684527437,-22.219340081814842,-22.64676984493864,-21.623912250364754,-21.786468932138124
-10.939292879756453,-10.454426078121829,-10.82308314127562,-10.896669748526993,-10.68317029786764,-10.32744761292762,-9.978798397809648,-9.276967077259368,-9.311470741086186,-9.2859310396002,-9.296966023337083,-9.680556379515712,-10.869661438212097,-11.07913882504052,-12.546019385183055,-13.871161647981468,-13.682667974198992,-14.326841911137134,-15.217844759852884,-15.678964486012486,-15.678114009932234,-14.821863501308016,-14.799738955382969,-14.432768861846416,-14.364550267440602,-14.518421149241124,-14.85124964149626,-15.324777315369232,-15.698730526655144,-15.450422660693215,-14.607233444291845,-14.117878145578844,-14.682545055766521,-14.991700717108351,-15.95187835652438,-18.03423434138636,-19.66958084946365,-21.899071330310925,-21.630774420310505,-21.58447223293613,-21.05412364615179,-22.531705348596738
-10.980118599670464,-10.519691917082366,-10.091728852386584,-10.014940262299657,-10.00334812118439,-9.85957641942201,-9.532838194417831,-9.160405824117248,-9.314484689945832,-10.095934111569742,-11.01186199112421,-11.050555351442544,-11.2019027542033,-11.151319101536544,-12.155339968807604,-13.825824763139323,-14.055298294115373,-13.929203345618804,-14.706648719670522,-15.55237117711985,-15.981995763787715,-15.558021959585757,-14.97745350999783,-14.45223634581888,-14.242838192465433,-14.366903275107953,-14.614959300640724,-15.092420057544906,-15.530057212292501,-14.370899934032682,-14.731536600681869,-14.14380760199184,-14.8806148030074,-15.396014941456707,-16.162496194115068,-19.199059532521808,-20.32436867188328,-21.228231082720193,-20.926761210150122,-20.577650205340042,-21.744281813545715,-23.230238539251655
-11.253681909601077,-9.936638117808766,-8.951714063529167,-9.187825521875691,-9.522807454981029,-9.58367656966222,-9.337995371483109,-9.364209298943972,-10.159706708317394,-11.171961856964257,-11.182373336121763,-11.24401877752636,-11.709146248457905,-9.918299132089214,-11.037588545081814,-13.546246816896662,-14.567832530198654,-14.165389130481332,-14.19555767002842,-15.039538231205361,-15.9285078353716,-15.575352971768872,-15.127229709253513,-14.149596620778429,-13.952765624331013,-13.987089866813163,-14.427227288099782,-14.684145885731613,-15.039663408290567,-14.448095412890781,-14.72436647295716,-15.18095815964196,-15.47929888202684,-16.449534224859846,-18.146619076632174,-19.696849534474723,-20.247912212321086,-21.32335532668522,-20.03065525638368,-20.4291485431843,-21.804940587809494,-23.561490430561904
-10.537342401616726,-9.21255570761302,-8.990255806363404,-8.766119916321067,-9.111911755610244,-9.560747473536532,-9.524046710660796,-9.743921290012324,-10.097818543884953,-10.804945691714428,-11.099402387677625,-11.188283920384883,-11.307231697826845,-9.660432993027046,-9.783694912595825,-11.881825572191257,-14.222641387626178,-14.90432659278389,-14.964494710874911,-15.054059852369154,-15.59632877286396,-15.129829938442114,-15.561572914600493,-14.370917132740702,-13.74733160630083,-13.382518871288962,-14.192093544719299,-14.341092019561847,-14.987419531236904,-14.741706119846874,-14.743710888719594,-16.566761873313506,-17.459936730954908,-17.5618517518105,-18.618127927849613,-18.72407565217283,-20.250496805960722,-20.218623904790853,-20.482099143550677,-20.62909095426104,-21.25928242114341,-22.754555138807028
-9.790240601863099,-9.126757483960615,-9.450775436946625,-9.469520307637833,-9.507814611710387,-10.0444833175276,-10.186130421224544,-10.34229879936626,-10.477974311657434,-10.344490556684619,-10.528931655258868,-11.255723228149616,-11.73073423999307,-11.032700533465325,-10.866307311056675,-10.565935871254982,-11.981339941416987,-14.401124061949208,-15.510902947218373,-16.36847135894689,-16.166780256291332,-14.641198334765274,-14.878379949188169,-14.216397846556271,-13.21524148270849,-13.251812542081879,-13.681240148197455,-14.067213725603501,-15.737427173448907,-15.83383203674634,-17.13858801891563,-17.7966073373937,-18.464916398908418,-18.74397250427571,-18.1751629038527,-18.29247962093209,-19.660996995953248,-20.07626813576159,-20.23260839778795,-19.977748688524052,-20.993840685641004,-23.64390574956618
-9.021788516290872,-9.727545860174715,-10.070646382790372,-10.29996290233595,-10.943636376061363,-10.957817448643787,-10.572167955017242,-10.610385428971606,-10.283450046502786,-10.602128188471946,-10.524985956664919,-11.132754601374188,-12.146572653753418,-12.270378375387377,-12.148144791466496,-11.822990937164892,-11.741957616750813,-11.557703073848355,-14.623951698779292,-16.27127554644903,-16.7507198491988,-16.827369611066665,-14.741825081868537,-14.642509515682095,-13.78459175499477,-12.97193836078666,-12.798328117923946,-13.914350822637884,-16.416224099374155,-17.879355088927262,-19.2714998105211,-19.081565552436675,-18.22012333608205,-17.394639533152716,-17.081908919016833,-20.4067588780429,-20.10782937201996,-19.54337354860791,-19.783987467279676,-20.908378562573194,-23.013484372017267,-24.172693084310282
-8.816219463820808,-9.06389217330404,-10.380891170326684,-11.59995132402144,-11.975711220575292,-11.545452742300448,-10.811207412361206,-10.375553440243413,-10.235887203943447,-10.487256845921193,-10.681316333608173,-11.341128689351386,-11.833131987542293,-12.373868380544826,-12.788651185459969,-12.75012943758294,-12.776955493337002,-12.842884887223182,-12.311037925875059,-14.601260636650757,-16.347463452738886,-17.0263540934222,-15.657997556229768,-13.649937106912509,-11.849842480916228,-13.01826757250205,-13.306614581735646,-13.98796426510599,-16.353748185985058,-18.06548670526568,-18.829299405488996,-19.200142482844914,-18.856007649224964,-15.601771442280764,-19.168851035501106,-19.4288028419851,-19.354321159596058,-19.910081271509792,-20.43662679039973,-22.464758480600803,-23.953715523769873,-24.879533495494186
-9.300470814427085,-9.81831998762336,-10.299858185177609,-10.857472655347776,-12.120376940142584,-12.306309702736545,-11.418684564684224,-10.935340837610463,-10.075345696296429,-10.420261288778994,-11.53551693627011,-11.477015180579938,-11.68461262273393,-12.16785582098963,-13.000201645655768,-13.52805647541746,-14.118711263068839,-14.179548456395981,-13.982414697726263,-13.003313910858875,-14.371446717706743,-16.560665655150654,-16.925450608781944,-14.711456772366681,-15.151075143561329,-14.671322487123318,-12.511197660887449,-13.651557746401929,-15.542282196069985,-17.179182060127683,-18.41869202208935,-18.23108746389059,-17.223905023101036,-17.626798358873,-19.614037562508457,-19.455429171326266,-18.523253169946692,-20.11058016019225,-21.751138854567966,-22.459928542816865,-23.995243695687957,-24.957023025199994
-10.088766926114102,-10.276284091336933,-10.037089166797687,-10.774805813058503,-10.93272532779925,-12.376107921476912,-12.963485173172764,-12.309362995794926,-12.554380087002174,-11.992450265867753,-11.177995223181327,-11.806183422379295,-11.351794959744717,-12.103432686686673,-12.723039391434405,-14.324254172234788,-14.855636196503996,-14.973851393582517,-14.085178220926506,-13.443293364144425,-14.149375196469737,-14.591052273495613,-13.956103528439257,-16.32603621150709,-17.59754222352506,-17.383910670963377,-14.237093727934566,-13.399548809403786,-15.722865097037726,-16.77618933101852,-17.01372909930849,-17.826190295573817,-16.020937817438075,-17.445482306626495,-18.580993219232894,-19.696164002580485,-21.466772433843268,-20.978801583131045,-22.202583381918394,-24.714485875885895,-24.278592036669995,-24.216438593046902
