public/json/wind_2018-09-1522_950.json
{"header": { "discipline": 10, "disciplineName": "Oceanographic_products", "center": 0, "centerName": "Ocean Modeling and Observation Laboratory", "refTime": "2018-09-15T22:00:00.000Z", "significanceOfRT": 0, "significanceOfRTName": "Analysis", "parameterCategory": 0, "parameterCategoryName": "Currents", "parameterNumber": 3, "parameterNumberName": "V-component_of_wind", "parameterUnit": "m.s-1", "forecastTime": 0, "surface1Type": 160, "surface1TypeName": "Depth below sea level", "surface1Value": 15, "numberPoints": 4800, "shape": 0, "shapeName": "Earth spherical with radius = 6,367,470 m", "scanMode": 0, "nx": 80, "ny": 60, "lo1": 109.0, "la1": 20.0, "lo2": 116.89999999999955, "la2": 14.520000000000117, "dx": 0.09999999999999432, "dy": -0.10000000000000142 }, "data":
[rows 22 to 43 of 60, columns 0 to 48 of 80]
-16.882788151527123,-16.176780460217188,-14.955014473785486,-15.955267303947435,-15.217386155647347,-15.966347275993598,-16.179730053599403,null,-17.04518468132578,-19.27263603398598,-17.53248444076388,-14.86213313759876,-13.427333906110077,null,-10.574524535019137,-19.5755714504369,-13.964644840144409,-18.033437313050058,-16.792582912325145,-17.569968769724056,-14.566905888181648,null,null,null,null,null,-17.497997449000067,-20.06398690773123,-20.17191405408174,-17.96124288819283,null,null,-19.215904566341845,-25.395837011876207,-25.433963022100926,-22.67940091684519,-23.2315539778021,-22.749291226342724,-24.26463290578762,-19.95281174350192,-20.97941074642948,-22.736307127811425,-22.493119180411153,-23.65615515324133,-23.622365100124085,-24.41791537587102,-25.73316826188535,-26.556663068012888,-25.44860784961975
-14.825669389671013,-17.93232929519709,-16.561882441591816,-15.530964217265343,-12.774044280251314,-17.271723611106857,null,null,-18.110370171052317,-19.292221160232597,-19.116936994451642,-15.82004961135181,-15.539662133363404,-13.441968587472452,-15.63523498684292,-17.59086476067496,-14.00698266012949,-21.215834776286705,null,-17.645890374228507,-12.377998402829956,null,null,null,null,null,null,-16.62149892944474,-18.533077763368482,-18.388420844910343,-13.033628829668848,null,null,-22.62598106297744,-25.572967964207933,-22.086300901569672,-23.780441942450317,-23.312524998485124,-24.104126819839482,-21.513602199815747,-21.328490874335685,-22.759395086674466,-21.465836394980208,-22.80515298512857,-21.66317521003141,-24.209409020419134,-24.362128500780088,-24.61950814556483,-23.726942879146492
-17.708362965999985,-16.99792645455102,-16.524561626702006,-17.089559267291097,-14.513492221131841,-9.009934801835591,-11.060623116110998,-12.34997647469011,-9.888592141802881,null,-15.91638279283625,-15.636922003884813,-16.050094945417683,-13.32426237873977,-15.438786833845295,-17.01830298677391,null,null,-11.276388083593119,-15.93008355984902,-12.38914313996894,null,null,null,null,-9.802512095349739,-8.060227352702967,null,-15.941543455370741,-15.422731136157056,-16.816644273712743,null,null,null,-21.241615142403536,-22.20109184897872,-21.412217527454846,-23.479636863018946,-24.314906473983903,-22.838764276637853,-22.311287052089106,-22.418432078513487,-21.908358857385437,-21.982252940224,-21.694995054184393,-22.749030790872688,-23.46676659338314,-23.621472706446404,-23.147451879402205
-19.18406000750084,-17.359642586712447,-15.709977349834254,-17.44394536851315,-13.656841970801363,-15.081391304828204,-14.683473037173101,-14.595847445204758,-12.688628692450171,-11.307859716786497,-13.764198888861491,-16.976060463810327,-17.797209179864183,-15.940744379499955,-18.86845730079286,-14.321544194867506,null,-14.093608886232179,-16.77012492216333,null,-11.830213806977884,null,null,null,-13.152048577065017,-11.961708211350004,-13.549025273639687,-8.80626986807521,-13.572551391067888,-10.800271659034673,-21.56831515248896,-15.802880683505665,-16.284307413031446,-12.469353246883866,-20.507852342540822,-22.487281325620675,-23.046276781312137,null,-24.229233662276403,-22.252128094348844,-21.403111391952706,-21.413534477467902,-21.879274817154037,-22.178991062482876,-22.00707771638449,-22.196543223299308,-23.144510876071315,-22.226288420269675,-23.133700295899725
-19.99951561601511,-17.851480359764487,-17.093444146868556,-17.409316479814166,-14.993159273646867,-15.723991272068087,-14.49677795848481,-13.83185424060226,-17.32722199181213,-13.744065809036304,-17.150316760701116,-21.147945345000508,-18.44787732557112,-18.579747684021125,-17.506511243633312,-15.576302887269012,-14.77887340877548,-14.453758267893178,null,null,-10.512969111471994,null,-2.7417616235664988,-7.409306176248002,-12.878131463118985,-13.373061817949567,-14.534948275504842,-10.36645102517761,-14.386862625206792,-11.147040276942931,null,-20.33429950918479,-19.899698041057786,-19.67882800450335,-21.050617513357082,-22.145183950283233,-20.553915319561373,-19.721596767035994,null,-20.94608673527452,-21.68516664906337,-21.20207923753724,-21.308297355095846,-21.86480479511181,-22.480680820849752,-21.738448374857764,-22.526964629226008,-22.717392715386925,-22.7175700238814
-20.659936756854883,-17.934101061668787,-17.806829048425186,-17.505061380282562,-16.423886915978386,-15.692784129904748,-13.909942680526157,-15.546757781909125,-13.667053218640334,-14.187383923101171,-15.152928565294982,-12.69232383964413,null,-23.35329485957282,-21.98862497139123,-20.846527370820315,-14.940556385116844,-13.576267917139537,-12.420744059460782,-14.617720386347916,null,-13.355664317041343,null,-12.433983495605089,-12.355443037349158,-15.53606524675059,-15.131963138714223,-15.629193018759178,-13.19971235927351,-12.57429234976848,-13.292202801705434,-14.19760088495796,-19.738549561275775,-16.973038602296466,-15.503186479759373,-22.387604514721314,-22.0326171868699,-20.82806932494567,-19.607254575113117,-21.278195380049954,-20.65397982463387,-21.26188710951562,-21.242095689549583,-21.99042472704977,-22.670842578913206,-21.26058752269046,-21.70751382144,-22.729039088731092,-22.21888019816612
-20.2671681818134,-18.66858011475222,-18.824010537921485,-17.6220339864143,-18.408520941661326,-16.45612617274921,-15.619534044238861,-12.975556213491556,-13.826643500515802,-13.848101176150898,-12.728239379597007,-10.023670990940506,null,null,null,-18.800948024461558,-16.549610677085642,null,-18.6032582321764,-15.540339596206103,-10.382025040436034,-10.885479144558182,-12.564567807896376,-10.039701660152296,-13.452527843392085,-15.132917909927967,-16.9870592369305,-17.94921915103479,-13.726370142871389,-12.433021396109824,-17.921784623909222,-9.965081978857565,-18.96254987632978,-18.782914463250265,-16.839021359210196,-18.85044564557139,-22.008734822061257,-22.96008076414443,-22.0514664245432,-20.22791650316922,-21.226441323720934,-21.399487542925826,-20.95660077716797,-21.3208535701528,-22.084250199682558,-22.397726691299184,-21.3606640236981,-21.17059308568043,-19.577159711525194
-20.143780779960757,-19.527741239848282,-16.833271678884493,null,-19.028928421703363,-15.697034258966276,-15.789238353539924,-13.644011466968925,-14.912249574673526,-14.373545939575791,-13.352877171410018,-13.115371853222879,-13.335975670604236,null,-9.094906782376272,-11.728213768855358,-17.742901654360068,-16.111257112580237,-14.65487335117295,-15.488415805012282,-13.72041794387808,null,-17.096205366385725,-13.498903204550693,null,-11.177072509369019,null,-17.391451774714355,-13.683491864283319,-12.061376864793859,-9.164888051838588,-15.811833321895655,-16.493147445384036,-19.35418694074101,-18.475079624610924,-22.065824857312805,-23.08194059801315,-21.323863004870603,-22.25562937680224,-21.078620426471307,-20.096400875218645,-21.063240842935414,-20.96358225043202,-21.697164842530917,-21.850345907753972,-21.089079348813776,-20.4466886819623,-21.00211797765479,-20.476655273501773
-18.486517330541933,-14.515917329353002,null,null,-18.90555435686423,-15.538059248429974,-17.000165504543187,-13.086971379403508,-12.216432018749481,-14.4192401951087,-15.491932386527772,-15.363870580921485,-15.480304232420382,-14.317579123970248,-16.14115530626529,-15.807042318671296,-16.653605683248244,-16.299309672796536,-15.090015241683599,-17.598355877405616,-15.585991973185322,-12.371029899486258,null,-13.423438791055217,-14.294704896678253,-12.73481556359307,-8.125543590258374,-8.6208584577912,-13.784036229451855,-9.839236788250334,-10.301497950824897,-14.720001999110954,-18.051817771715157,-13.392308051292005,-17.921130638871404,-21.771600160172348,null,-18.02055547457574,-22.463366145870346,-21.97925261641198,-19.92296069322514,-20.385855563963496,-21.10330705966201,-21.57147938074396,-22.057711527407637,-20.63209368770908,-20.18697847509445,-20.825395919081036,-22.56424953938358
-20.009638408919187,-18.174475613211555,-16.88225895282719,-16.12766767951236,-16.07652840897007,null,-14.799880932259974,-12.383855348664838,-11.117618484201184,-13.775091267930954,-15.520099428369058,-15.592646472521897,-15.403352147391391,-16.384018701856593,-14.556434077588715,-17.95695244581166,-16.981207486431522,-17.391002580592602,-16.780202073842823,-16.42460436347565,-14.206977389678496,-10.633604678766906,-12.615355491457917,-13.926924408947766,null,-13.75222412460977,-9.10778445762177,-13.668219391493526,-13.668590019314623,-8.305398773874995,null,-13.948306432639418,-17.037176102330783,-18.621972958106035,-18.157176894050636,null,-22.368573445674304,-20.03124217278687,-21.885258317801004,-22.55983225144758,-20.649948343714357,-20.465632415547176,-20.387262871520672,-20.452649848921276,-22.525287634826647,-21.453355132728312,-20.256145620914126,-20.767360364418863,-21.837117925686105
-20.506485127600918,-18.82206687656228,-20.161185109427716,-18.194817836263553,-18.553737718301317,-15.772052605278992,-17.505978112679934,-15.723653468053367,-11.558923281146651,-12.29871617631317,-16.197832841955048,-15.30866669520701,-16.53519151419387,-15.466459522891295,-17.44196807542551,-14.398676358794583,-18.296951716530153,-18.018788683081112,-17.125057508720573,-18.55775338862789,-15.685673456660982,-11.862550488585212,-13.260384818817089,-15.28953511420887,-15.661363885631612,-14.965871574100394,-12.957302969198686,-13.854370399578032,-18.696704744263908,-15.136128581240264,-15.26340194514686,-15.296320187448682,-12.880533422921769,-18.36487981706692,-15.114051607740096,null,-10.810528240810726,-20.930501326989358,-19.8686888956092,-22.998859756197533,-22.292665710130382,-20.718401048035727,-20.698511356387762,-20.57595225466146,-19.8788371845343,-20.398059529673244,-19.760375906828365,-20.20869471122452,-23.251262284007804
-20.02490543476869,-21.22277763160148,-19.383581827465598,-20.134090880808635,-18.465911200170456,-16.979899910865445,-14.974129758586745,-16.853761786636124,-13.218265656720725,-6.823062385702281,null,-13.674060862182452,-16.06740755284484,-16.75419921873313,-16.552729408290503,-15.931061031798947,-16.417357862733947,-14.505254367710808,-17.27682068118445,-17.445552766408078,-17.84214986681369,-12.415116495937266,-14.518140238856267,-18.056239695479984,-16.8395057362807,-16.29978936005698,-13.98433488109363,-13.949892269626242,null,null,null,-14.443852577592631,null,-21.547008347373957,-16.01147942757601,-12.367087141690538,-13.988998508712607,-19.378935471156332,-18.3901822380366,-21.486569800519934,-22.47060542210134,-19.936439591514887,-21.033717916197187,-21.854439742949367,-21.939830587308236,-20.980110124910823,-21.213380009731434,-18.29097215167471,-20.447626802100856
-20.00420156191336,-20.203358363993978,-20.473986377212025,-17.438515881963653,-17.987971988616874,-18.10835226660267,-16.677390421860643,-16.596726751294888,-13.839248379546008,null,null,-13.527064394477541,-16.330180063160263,-17.24651129768592,-17.347732383923248,-17.025870349471624,-18.61973297465054,-17.434263042987975,-18.2730660877627,-18.585240210952392,-19.729740749626544,-15.437620320636492,-14.74161022711673,-17.367993139540896,-17.857082737824737,-16.878458103208782,-13.083296455900905,null,-11.093380725895464,null,null,-12.2242907979223,null,null,-14.621371104131251,-15.727904337790543,-15.455816125685272,-17.470671703146124,-20.07177040921889,-17.522326449442925,-21.18586458973859,-19.94538729327551,-21.430346526979605,-22.54873488326555,-22.290177258357545,-20.914716994947987,-19.955424437032548,-16.98062625709721,-21.070764648196114
-19.299510130516424,-18.372442850396563,-20.497817154182812,-19.51529984167228,-19.70539751679737,-18.611930503656385,-17.017889423116134,-16.332367851623484,-13.154056489583162,null,-5.274504065594989,-12.714994783212479,-16.7124974830342,-19.028335223044923,-18.918969251149033,-17.4053952749329,-18.237595654072518,-18.213155477295423,-18.20789406724797,-16.014273726896874,-19.438602791082467,-16.33520184345244,-13.123779484086391,-19.33099309744594,-19.064358389515636,-14.79132451029454,-14.505729937186715,-12.023390354267033,-11.668046595717891,-5.103726564069277,-11.871127641039527,-10.95036045322005,-8.909386111630857,-13.823789550085081,-16.739440674757507,-14.822642954279328,-16.68054830463498,-20.250952540114046,-19.57124405309127,-17.531953860113642,-20.096893640803142,-20.43897816327122,-15.555658358000452,-17.338688845597673,-19.466770733169113,-22.247031497440467,-21.293653791488506,-18.83264079493265,null
-19.66066506880652,-20.629822798888526,-18.62928226440532,-21.74885229267548,-20.90166597054884,-19.975813745877648,-18.967793267227826,-16.383429558008146,-14.359629914741545,null,-17.465405464023668,-11.663927938410687,null,-19.740380419933153,null,-16.36644344178297,-15.81480702450391,-20.05718516116579,-16.67378590702139,null,-12.941015851558854,-15.979521924885608,null,null,-16.683705715385532,-15.073413574550774,-14.197713481911684,-12.297410957112792,-7.814351782079127,-11.199843905572163,-8.552359533941308,-14.042030852344359,-9.527148327821541,-14.509486938604864,-11.072378115184257,-12.889645908390175,-12.509995230837383,null,null,-19.24969771665286,-20.707253300584963,-21.632921534369935,-19.930756720661705,-17.800932411636644,-19.556534618342045,-16.54620915529483,-19.107434374197048,-17.258089677856656,null
-16.574394140490853,-17.38156030074462,-21.957571277906137,-20.66318497730509,-19.99909648839349,-20.21855867542768,-18.582827618301017,-16.27048545620654,null,null,null,null,-12.674454712201896,null,-16.824589527956018,-17.247836163261514,-17.94187966037067,-14.856636605714204,-16.705121900764816,null,-16.37336150219336,-20.184412318706954,null,null,-16.03308290991582,-16.715638015467533,-14.940341644087992,-15.240281445003596,-5.927648630459798,-10.201661418721951,-12.936197070115956,-12.10596375669227,-11.434425624041115,-10.648512262291145,-9.932149228142888,-12.512878953372049,null,-15.381128044590614,-13.95722638604919,-13.246619187753314,null,-17.262276505436773,-20.111064451684776,-17.54194238859135,-18.35251086871175,-18.016162235723467,null,-14.976015353159518,-18.030669606755676
-13.532345802447917,-18.690255758364316,-19.743703014199433,-20.81595265519275,-18.909398600455706,-20.44266189159455,-19.41192560139787,-17.55478976240578,-14.672942548451914,-11.631498218788817,null,null,null,-17.993901220969388,-17.894759550359908,null,-15.801003290283663,-12.584231591816016,null,-18.24954791254696,-19.072936751455934,-16.251425388779385,null,-17.52132183398699,-14.024426953449963,-15.53051085684835,-16.998119867073434,-16.84502181119401,-8.342565719457763,-9.482672061612375,-11.713544673045519,-14.226901349499116,-14.213885157057499,-14.421971965258932,-14.429293017181834,null,-15.986467272220727,null,-19.064443546995385,-15.136078291920894,-13.457977109584437,-16.042307983464596,-16.28279862478532,-15.674862212679928,-16.73791496500378,-19.62398689091688,-15.734399185237908,-15.149521063507187,null
-14.682604544069997,-16.732495503946986,-18.644255658506662,-18.69990670541786,-19.30430405865714,-20.886571131362118,-19.654259190436818,-18.78548032259928,-15.412352164390176,-11.296556390276763,-5.25890769820042,null,null,-17.550435868626074,-17.05451453320431,null,-17.048147533661272,-16.305824736993376,-13.184594263781365,-19.796894896676065,-18.086260476426432,-13.83624585402577,null,null,-12.024469616044467,-20.68668018345883,-19.533046619007884,-18.143770404409352,-11.263387127505233,-5.862485166687759,-10.79065727491776,-15.291989959511074,-15.76585615851226,-18.89377926036828,-15.156395255269704,null,null,null,-11.329551148329568,-15.369607421110045,-7.280904906148824,-10.03089053600034,-16.970329595048906,-18.190117070373404,-14.227663953714512,null,-17.16844320051276,-12.784445110050555,-13.815540786350505
-14.791795376904165,-12.512783483097433,-16.233198744818413,-17.326727153022517,-19.913613939013796,-20.318336027877812,-19.650682233594914,-19.346045231751294,-16.89999642715386,-12.352034319856868,-10.880406721915126,null,null,null,null,-15.352590985093403,-14.212282829868256,-13.934509150519894,-14.56166037209913,null,-12.074322127689362,-20.344979824066424,-19.097832686048758,null,null,null,null,-20.29953696916948,-11.34872309234849,null,-10.293569856193976,-21.270325081308727,-15.026855792837468,-17.06834115800561,null,null,null,-11.70693818229493,-13.186560376482584,-12.005089999295716,-9.302411974031365,-12.143355105000014,-18.32693123519182,-18.76628366954415,-15.575134936478046,-11.875906205735143,-14.676643427605619,-13.852536970778779,-14.909741302733744
-12.946619770576666,-11.70345846429872,-16.70771293232359,-16.33976793539854,-16.928888270164897,-15.605488050438316,-19.501312157994665,-19.00799273098236,-17.790664722795597,-14.08790640138755,-9.392167544259252,null,null,null,null,-14.750641115280807,null,-10.316342243392876,-10.66842038647726,-11.647229672669967,null,null,-15.511715990231925,-16.3421691175834,null,null,null,-15.38656645390987,null,null,null,null,-15.350927566123442,null,null,null,null,-12.232898825672383,-12.614930354042897,-16.96268199566788,null,-4.752658172168424,-16.852787237209228,null,-18.034024616407685,null,-10.470003140718324,-19.256984772581713,-11.418462490936236
-11.166167165324838,null,-14.592434648708736,-15.276720604463605,-14.499134474187406,-16.45197728117296,-17.96284301909483,-18.841283480670917,-17.829779093305703,-15.324374840022951,-9.601043152465834,-5.42086443385986,null,null,-11.939141511247417,null,null,null,null,null,-15.6261305780853,null,-17.077164025872523,-18.689410750542212,-12.78186017324793,-8.382354549104004,null,-11.893988137997056,null,null,null,null,null,null,null,null,-16.082457744709096,null,null,null,-8.144071147739767,-13.305919655239212,-18.45438969559338,-18.743443394130658,-20.661190555430313,-19.825816731992358,null,-20.798066626992384,-16.157911677928595
-10.384136758833913,-13.639089057239485,-14.022678596735009,-13.977261332797674,-14.800353977530191,-16.136323838872794,-16.535851906121497,-18.030810791120643,-17.43305927831315,-16.31385730774088,-11.063454366501391,-8.303894805611588,null,-14.141092810429392,-11.995559632640251,null,null,-13.761945353442062,null,null,-8.208248726693217,-11.74378633750627,-16.36171229058214,-15.659518677080367,-14.31311766786354,-2.5896583099678048,-4.9135738071808115,-14.352015850862795,null,null,null,-12.244296318780698,null,null,null,null,null,-11.430171758203176,null,-11.843541130973225,-21.589697035478785,-21.984057946056673,-18.640486201730436,null,-22.11381197190197,-19.90411202805101,null,null,-17.058726684043368
