public/json/wind_2018-09-1523_700.json
{"header": { "discipline": 10, "disciplineName": "Oceanographic_products", "center": 0, "centerName": "Ocean Modeling and Observation Laboratory", "refTime": "2018-09-15T23:00:00.000Z", "significanceOfRT": 0, "significanceOfRTName": "Analysis", "parameterCategory": 0, "parameterCategoryName": "Currents", "parameterNumber": 2, "parameterNumberName": "U-component_of_wind", "parameterUnit": "m.s-1", "forecastTime": 0, "surface1Type": 160, "surface1TypeName": "Depth below sea level", "surface1Value": 15, "numberPoints": 4800, "shape": 0, "shapeName": "Earth spherical with radius = 6,367,470 m", "scanMode": 0, "nx": 80, "ny": 60, "lo1": 109.0, "la1": 20.0, "lo2": 116.89999999999955, "la2": 14.520000000000117, "dx": 0.09999999999999432, "dy": -0.10000000000000142 }, "data":
[rows 19 to 37 of 60, columns 0 to 41 of 80]
-9.087070101041386,-9.062576738254334,-9.43583873059105,-9.531281397163259,-9.130460934735261,-9.263747459807437,-9.226497309077768,-8.63202473225857,-9.04322323439247,-8.598403784210328,-9.79271359171318,-10.612082180114074,-10.552370457630676,-10.775251335016868,-11.124557260418829,-11.623199971110047,-10.790612144778796,-11.082034641215664,-12.04045069838791,-11.926501148460844,-12.365693390720253,-13.688170700283067,-14.236752265940602,-16.414136965305776,-17.161651210491723,-18.031498686893904,-17.591275163081868,-16.33994821704185,-15.847908127619753,-16.40443114980754,-15.407095802132027,-14.403001968228617,-14.434889044902022,-13.93566071133136,-16.65492630311885,-18.507395434666925,-19.40076046434904,-20.993491825225554,-22.810028131309206,-24.086999445379767,-24.00265285568641,-29.33197813941839
-8.898279148843892,-9.436254299266487,-9.727336461487592,-9.159985982156648,-9.849098621222957,-9.486310670945256,-8.925654041785375,-9.123337621934608,-9.267461677705018,-9.068765485903436,-8.992374911486461,-9.864075085969464,-10.475054789590104,-10.60047547778907,-11.230092753707225,-11.862468977462179,-11.803649676820747,-11.418105967202903,-11.101485331367215,-11.477878375321866,-11.830350165003093,-13.113395168734357,-14.672296760152532,-16.293391728911093,-17.199733619203908,-18.80273315336638,-17.957465041473625,-17.1668696570299,-16.77715432560501,-15.786172731388504,-15.582375553551252,-16.0592850897623,-15.290444103277048,-15.362263059572452,-16.303849451963234,-19.083566553613753,-18.73871209787142,-20.965461190876226,-22.30389225510004,-24.899675528427302,-27.844245598618464,-30.725447448637148
-9.622556517535862,-9.091249404674592,-9.633052616847301,-9.722986959752873,-9.668703929687155,-9.72908597228639,-9.501282226298542,-9.647528607528832,-10.185051594261388,-9.871681861194679,-9.585764050779943,-10.789373065448373,-10.785384796148996,-10.81183041714474,-11.069998944919814,-11.668417723997615,-11.099208271567239,-10.335193402759588,-9.987378113591825,-10.031529110792928,-11.088766824959205,-12.379686747808126,-13.640614315061821,-16.584467023838613,-17.122990290441816,-18.347473062466726,-18.79591781237408,-17.896027170073204,-16.922689379338742,-17.226145391001527,-18.162064185680812,-16.618675783458798,-17.528177754528425,-16.461383880318436,-17.35916046282163,-18.887966361325137,-19.544637325838195,-21.354962099096475,-21.235070153660985,-24.457846684398895,-30.057522547312814,-30.86821339332701
-9.338766778178268,-9.59884954381876,-9.828663933452447,-9.51425192930544,-10.091949783198844,-9.515847359291893,-9.651092574556593,-11.469637176588073,-10.014439599028323,-10.216952782353053,-10.137148226638388,-10.77008276592774,-10.657874736855726,-10.834547354532061,-11.1624866932193,-12.019902789728384,-11.146699673706621,-11.065993352895134,-11.787424603895243,-12.447036135285408,-12.44226445651677,-14.062179779644435,-16.428383463942502,-16.11554869944697,-18.021798570036033,-17.96075035604616,-18.822512605121325,-18.32740038785313,-18.145444563962712,-17.896897849462654,-17.996998916002944,-17.51477649325472,-18.172847032162473,-17.831366382804067,-18.91796857089889,-19.97049217978105,-19.099592953241448,-18.522079156817146,-19.210076587677264,-25.969671950919604,-30.77338195294425,-30.881920618402212
-10.239211457712091,-9.79932906854368,-9.699019376439413,-9.848842499441492,-10.142790329921601,-9.589622884184422,-10.63413225386388,-11.10077757362491,-10.3203137454909,-10.217774289146575,-11.052986472962615,-11.518065430304691,-11.181144547517105,-11.448419655864743,-11.84087298451927,-11.534011533931189,-9.540241825408431,-12.693717431375022,-13.787572904248853,-13.905087690067155,-13.671124066020283,-15.215153543189363,-16.84031808598092,-17.49061924856396,-17.74706985945715,-18.51577395591895,-19.285680687267796,-18.545704332053806,-18.04171474863764,-18.22376907245772,-18.011952362279114,-18.26334285026244,-18.442945844774425,-19.940917774484838,-20.679086250929778,-21.000386033256294,-19.99667400165054,-19.152754231682366,-20.643276609575665,-28.967666717446132,-30.470524979013902,-32.06719152481253
-10.101784606863882,-9.92093601482674,-10.159533877310215,-10.14257501593655,-10.313766482358197,-10.59610602993984,-10.865026065072175,-10.119887868018841,-10.604598841007645,-11.343172860530586,-11.273190053715027,-11.648034407011872,-11.49304013922059,-11.981489058834367,-13.031025140022642,-10.213445470225595,-12.421565744165662,-15.208775151908469,-14.343606817548782,-14.245847479586,-15.183950616111087,-15.42951048421546,-17.0144795537666,-17.62268995409375,-17.775949674021906,-18.745219744728516,-19.128661603195063,-18.501712282468787,-18.51202167027659,-18.442782441457958,-17.83747458241033,-18.535755305691,-20.492812463209024,-21.090221269961134,-21.79537747696019,-22.565143787909,-23.980227661487312,-23.668469867845296,-28.62660941267752,-30.355243706091432,-30.77278209317697,-34.18908462122678
-9.83207000769507,-9.975012937441429,-10.113741851875144,-10.8667352202627,-11.114027364194067,-10.66559565268865,-10.64927268830655,-10.003162263248258,-10.482757911462457,-10.755952155387817,-10.790191210371885,-11.747839496005938,-11.685614168250137,-12.31655756214204,-12.512182204276954,-13.362463158897597,-15.74868032588201,-14.943546933332975,-13.669439716896965,-15.31709730480006,-15.205275605368215,-15.70933046517265,-18.087486329968876,-17.88196318723593,-18.378289115964428,-18.879288277463115,-18.698603687799636,-18.65447665202606,-18.456041505339066,-18.48948271026527,-19.327998412719516,-20.357195366130966,-21.151966824284166,-21.999803955414865,-22.7162473636826,-23.873205297042652,-26.16664189341014,-29.297251247860526,-28.599249785097832,-31.333135473238073,-32.01923104718968,-34.40607374802191
-9.710318387750673,-9.911310630683639,-9.886112167268804,-10.149389341622879,-10.580676708652168,-10.916981960711981,-11.770407901833051,-11.350920114295148,-10.212546850367357,-10.137730952088503,-10.296636931460252,-12.025348203184558,-11.3909657015814,-12.473268086305595,-12.705435035075752,-13.981511916715338,-15.522067858780758,-15.20874021783003,-16.455116963323253,-16.154256685279968,-14.971256794340546,-16.031218212174995,-17.181855292216788,-17.76886606576052,-18.148951080683492,-18.704049481630427,-18.480704239632704,-18.3577274589472,-18.192190127710834,-18.293484405101,-19.73069433943666,-20.474329547935476,-21.26877942195771,-22.670132208627628,-23.90209201933916,-25.18869312021051,-27.065551716186825,-29.41928483238846,-29.652755516777333,-29.91725918409373,-31.88810771479531,-32.86066088381196
-9.70543050465115,-9.791051496419675,-9.641206019212099,-9.779397486373627,-10.193339745669334,-10.601163184684763,-11.540301345798554,-12.859308927495421,-11.955038232329521,-12.075490172428873,-11.307256262465607,-10.79349878001353,-11.54472967573245,-12.602231688075054,-13.541979883349747,-13.87880697219887,-14.68386539529472,-15.64378510884018,-15.734536365950508,-15.521521106960455,-16.17806694170422,-16.552705348821345,-17.238052543157877,-17.68932678376755,-18.63059537895435,-18.737827046982172,-18.504446063351313,-18.237864613488846,-18.56556185284622,-19.245324388818993,-19.99231695651658,-20.47122788545849,-21.306449603934077,-23.74380248935922,-24.93927672486107,-24.825793266916754,-26.452108907197825,-28.200807056493908,-29.098048011017667,-29.357901819362464,-30.051815423290424,-30.999662982377714
-9.706071361273684,-9.567936067510782,-9.145273117909731,-9.142685577934865,-10.389118229137171,-10.84602006604751,-11.51349985631627,-12.74311384521504,-12.076283531372694,-12.011825178795059,-12.23181373317208,-12.301178755198332,-12.174381482278978,-13.402875522262892,-14.676858802229837,-15.091820717984447,-14.790076972280836,-15.06514451730016,-14.716916154020444,-14.92692775418831,-16.008235455466,-17.185075878171048,-17.173538471284516,-18.097030085951175,-19.156061325819373,-19.881951893963148,-18.90408932920065,-18.710580182862255,-19.05733532756403,-18.97906666598809,-20.01140803608655,-21.30545075761848,-21.40464788445143,-23.477193597666535,-24.994670832413107,-24.5194629322018,-25.316387443424908,-26.440461440374115,-28.4259278729653,-28.2480699584818,-29.203844576722506,-29.654140436023887
-10.047445037151338,-9.142287847745797,-9.436022800868148,-9.875662714327019,-10.762539762756095,-10.893129492329097,-11.031672615537808,-12.306618356107357,-12.356645510256719,-12.224173560679416,-12.696689977135087,-12.760138371464256,-13.788330337392031,-14.019155411655332,-14.60202888956534,-15.215231889357835,-14.83583639347189,-15.25435016768639,-15.592931344240867,-15.08441444096604,-15.915844377935917,-17.271889713811692,-18.463603304458037,-19.10978091976604,-19.816735495639918,-20.11240000323895,-20.095250029218185,-19.362709020548014,-19.40010789049917,-19.79097884948625,-20.183911461047963,-20.80311299868987,-21.435717814581455,-22.818319470005434,-24.629051543655663,-24.961565555666237,-25.159376071645276,-26.056653826304135,-26.608481656884578,-27.141459029549317,-28.629175416087442,-29.38304722688933
-9.68410755696213,-9.91962580566066,-9.385584582171319,-10.731387786875956,-9.864295920623023,-9.771240730131977,-11.255965251881511,-12.049587795216052,-12.655680979836246,-12.555777801383835,-12.61881943428498,-12.961323863240914,-13.965252242467962,-14.419566511356077,-15.018449916147759,-15.648072747675306,-15.688755382335408,-15.75843768793645,-15.605379142553723,-15.282639335638462,-15.217489565458418,-17.522399646465654,-18.2135309555151,-18.669158028909493,-19.571117075593683,-19.579746971692373,-19.742887825043567,-19.004588543686072,-19.950023919112233,-20.118473420524346,-20.70032574576214,-21.449441038135024,-21.563140786336703,-22.33905539760552,-23.879812099631085,-25.328479417757052,-25.72509494538422,-25.240123410884976,-26.150669352410347,-26.678180036517297,-28.23971644275316,-29.463693167854544
-9.85655980008021,-9.529069163958365,-9.650131388451392,-9.826234989910343,-9.693454042499315,-10.615942445552939,-10.793201460940601,-11.517956810349798,-12.797119980202993,-13.007509628966506,-12.755862697500557,-13.452931512064751,-13.744049498395235,-14.673443925472723,-15.150328597732779,-15.95378551822069,-16.282382975907826,-15.860806757940225,-15.99283593334887,-15.780407595936808,-16.81662833423063,-16.73679264769936,-17.627317763463886,-18.483720643772912,-18.799417277248555,-18.071388315016286,-18.34937824810168,-18.172940180884638,-19.648013870418907,-20.594513282773192,-21.556640782585596,-22.811547777500074,-22.56613415347639,-23.100098924779925,-23.901565644707652,-24.647300682360637,-24.588775326182024,-24.39261550842411,-24.911628744775342,-25.907078880104475,-27.867003522647757,-28.97870740734333
-9.992940590208631,-9.650302880153177,-9.569165475785612,-9.735110426723809,-9.562538512483851,-10.217190268041756,-10.564575774470685,-11.094949051203683,-12.201860095954899,-12.427691721939341,-12.742777283661999,-13.896570537649241,-14.306553758687599,-14.419240451069971,-15.122449675295975,-15.71442163167506,-15.909871908304613,-15.663665959735466,-16.345887265600464,-16.752287204447125,-17.028676834887076,-17.094262375622954,-17.563204887777616,-17.91152778539129,-18.560584599482905,-18.842177151263982,-18.18908073924011,-18.293863635176546,-19.372273499764546,-20.54730245305779,-22.171369193311392,-22.71772523257014,-23.366039802066673,-24.23061190478036,-24.856931085210714,-24.95126644603339,-24.259122806638285,-23.721612978535006,-23.817134278924886,-24.66736101200032,-26.331401621753905,-27.998117341734275
-10.44970806803103,-8.94046894868677,-9.5892322347787,-9.692629672125147,-10.05546029229175,-10.433139229994332,-10.604871748656478,-11.005221349652677,-11.48627026312296,-12.853493754116414,-13.337825280856928,-13.962481141954385,-13.909502032332142,-14.380791393445044,-15.087797397817301,-15.566311202212445,-16.341204184930568,-16.22493429666098,-15.9745065010449,-16.972122849600595,-17.890303761710683,-17.456289037829105,-17.200177376178953,-17.611571413633254,-18.408552164756657,-17.87366367618178,-19.154811175616242,-19.579620738204156,-20.470088442600417,-20.666946064823897,-21.81303048719245,-22.837563106161042,-24.01073714130992,-25.144936651141087,-25.700559306658633,-25.112296119694562,-24.65087213302845,-23.73386076579337,-23.559696202727444,-24.226726127588794,-25.161148667854455,-26.29168559232038
-11.213141720175742,-9.709055001224579,-9.505724570344102,-9.790718202586888,-10.621614394344977,-10.192823357432452,-10.711944610133418,-10.726128234872249,-11.173483624620788,-12.292317994011587,-13.404462747850598,-13.854634450882298,-13.773499997445212,-14.116478614177792,-14.66413768566035,-15.862381127522939,-16.29336439637512,-16.604671234601014,-16.390345062627112,-16.931857102087882,-17.04020715038221,-16.663354974708017,-16.64894239341566,-16.482895183607134,-17.12211512114322,-18.572607631213046,-19.734354602159968,-20.22213041545605,-19.948085274217494,-20.401862050917266,-21.482972425006558,-22.273132815325496,-22.958133746968976,-23.39135313305681,-24.725375832104664,-25.140612613860874,-25.44989752041061,-24.80871403936962,-24.078809151354054,-24.9410764828211,-24.708397632522,-25.38065845082136
-12.477372079488338,-10.645211250745753,-9.778706184619224,-9.800641317340624,-9.853517069746093,-10.010650111131806,-10.225633383312307,-10.607139565028392,-11.092630951265928,-12.424823383765627,-13.252640654569955,-13.329328176261253,-13.716203497090746,-13.672759241180158,-14.447521346411843,-15.985587804887263,-16.311565660345313,-16.70241130885892,-16.282983150866297,-16.702958221894768,-16.962788677589625,-15.551103047721169,-15.295218555835708,-15.96411868656637,-17.50961262568445,-18.382316111733417,-18.72661114395683,-20.290778827457878,-20.375125295687866,-20.52607819105084,-20.377890771246093,-21.53330142901952,-22.29667565728309,-22.66868367215511,-23.621053280993998,-25.094425017628538,-25.60153486925597,-26.03580859393498,-25.92761998705716,-25.602020003642462,-25.01397669803492,-25.97059100555221
-11.67652778668701,-11.20439355167594,-11.129336317928514,-9.683375129646318,-10.483347386420956,-10.15371696645234,-9.523137148869935,-9.959811800001965,-9.62203254911662,-12.011023491445625,-12.18404218732465,-13.215849908852963,-12.703985510285609,-12.65245570598852,-15.208521569389184,-15.815409787250763,-16.179120317995537,-16.717093315585096,-16.83157092302142,-17.400543081677952,-17.125174351636936,-15.106549996674879,-14.836730368489384,-17.947036422272884,-18.61129487527466,-17.980378141705305,-18.55474093833258,-19.733972990248503,-19.675521106805128,-19.661348995605582,-19.92836857215019,-20.97822134992373,-22.03994641503393,-22.372778400262074,-23.613651013282478,-25.253518898023675,-25.43670924785941,-26.559705415722615,-27.009143762121727,-26.048362350814624,-25.302975868383925,-26.045581776243164
-12.039014279488569,-12.102247531546052,-10.76996593395535,-11.384303058401155,-10.847247668389183,-10.781788666760587,-9.809981266325572,-10.10101599996205,-10.522723107222252,-11.425086262297883,-12.213614398582724,-12.788586114678267,-12.660893813808054,-13.706938696615813,-14.359459457046263,-14.75019292097895,-14.736730850272007,-16.64309251254548,-16.217689492797142,-16.2505373803563,-16.822288954997354,-15.256021035101103,-16.650580983320374,-17.976482089392587,-18.345075937072618,-18.117424550194073,-18.69433083162375,-19.204958977065356,-19.958615931850645,-18.92944002894391,-19.730559314462404,-20.389043051778067,-21.441209833818668,-21.851041475839622,-23.16770243331696,-25.047797322803905,-26.125580829562097,-27.243248147967204,-27.36474593805861,-27.285906312033696,-26.43052438940056,-26.617343675980994
