public/json/wind_2018-09-1518_950.json
{"header": { "discipline": 10, "disciplineName": "Oceanographic_products", "center": 0, "centerName": "Ocean Modeling and Observation Laboratory", "refTime": "2018-09-15T18:00:00.000Z", "significanceOfRT": 0, "significanceOfRTName": "Analysis", "parameterCategory": 0, "parameterCategoryName": "Currents", "parameterNumber": 3, "parameterNumberName": "V-component_of_wind", "parameterUnit": "m.s-1", "forecastTime": 0, "surface1Type": 160, "surface1TypeName": "Depth below sea level", "surface1Value": 15, "numberPoints": 4800, "shape": 0, "shapeName": "Earth spherical with radius = 6,367,470 m", "scanMode": 0, "nx": 80, "ny": 60, "lo1": 109.0, "la1": 20.0, "lo2": 116.89999999999955, "la2": 14.520000000000117, "dx": 0.09999999999999432, "dy": -0.10000000000000142 }, "data":
[rows 22 to 43 of 60, columns 0 to 48 of 80]
-13.388281788635803,-13.960238726344471,-12.7849019124916,-14.689629993010591,-14.210621222731344,-14.874309118251979,-15.276625071270892,null,-15.778756051541412,-15.5606573421859,-14.469394278869464,-11.06607638280043,-10.546982424129384,-9.729660065621848,-11.298910419901869,-16.234762989745853,-15.767276094912742,-15.862298724512872,-13.884796049154552,-12.217964067273229,-9.226739802433626,null,null,null,null,null,-9.378973533141666,-13.548433271260583,-13.993106410638715,-11.837937206582234,-4.335762549123062,null,-15.161765209554755,-17.349103168573407,-16.786236488300702,-15.359018867742115,-16.067940566787907,-16.71659507117694,-16.609162098571893,-13.58865254610248,-14.504666371818299,-14.382030201596162,-16.369861964365796,-17.486644338678897,-15.614202339581809,-15.858055381180165,-13.743186502563013,-14.39129183104485,-17.19658561594362
-10.878040500299095,-14.603743843769134,-13.72491045103558,-12.360436153019332,-11.8450477094028,-14.72032048455918,null,-7.709565959778409,-16.647392494371253,-16.600871298160325,-15.166877654852506,-12.977319742809767,-11.291145424132228,-14.160264058754594,-15.64354486278066,-14.212047284145527,-11.90933041070167,-16.33530986499259,null,-12.564946353948123,-8.418055695742355,-2.9990032757570155,null,null,null,null,null,-11.04151125913457,-12.402528436655649,-13.580489800585498,-9.89165349361931,null,-10.193797519120478,-16.948062828981477,-18.19486172366454,-15.33476103557005,-16.621538596149662,-17.698446485900476,-17.545654481124227,-15.543551263339953,-15.139546675395893,-14.88720490662423,-15.751287149529736,-17.51415114653185,-15.805619336653212,-15.161728702134413,-14.607904084539053,-14.50820649455391,-16.5698889356541
-11.202855586473007,-11.779258695701621,-14.972264043042781,-12.89032249698603,-12.545016073151448,-8.294659724024598,-9.973768265100807,-13.16406974133043,-13.56758293702513,null,-13.643260267581356,-15.138061217949991,-12.501123102191837,-12.68379918167805,-14.074060449300974,-15.822808089010136,null,null,-11.642969723054016,-12.089459156979395,-7.748183600977807,null,null,null,null,-5.260406387400732,-2.9180709247646175,null,-10.469777380226244,-12.581327385729972,-13.405894979592654,null,null,null,-17.57339050968702,-16.58673071405213,-15.24650160011496,-17.672760727155747,-17.839059683668566,-17.382641308199638,-15.6253155422142,-15.614411028218722,-15.714093640112722,-15.582982740291865,-15.26602393785695,-14.51360327621806,-14.39420177184405,-14.297809418011798,-16.51888913182887
-13.103439928025029,-10.564956727000695,-11.474487405983353,-14.196987934706062,-11.008188529565052,-12.427596200178186,-14.282936484271687,-14.406783971378086,-12.208392209321708,-12.47519479206597,-16.682200727850443,-15.212922731742601,-14.913752225779405,-15.924214131784266,-16.882541154364596,-14.693625432058585,null,-14.419971990154687,-12.368794626569631,null,-10.048833432899727,null,null,null,-12.93465418474288,-11.715807596170043,-10.018902174577196,-6.977663860913479,-8.17988948234406,-5.506674892627967,-13.356276645632152,-10.21703190667863,-11.695088885964035,-10.77217825430814,-17.192102278819,-15.703449924164378,-16.507746631912838,null,-17.60989925288549,-16.48703969370362,-14.5952893746462,-13.836818545818119,-15.187438649453169,-14.521494517174911,-13.436959799333149,-13.038953377972728,-13.991736054528111,-15.385784751638877,-15.999490699178256
-14.493225267664382,-13.30965278854546,-9.400485624498144,-12.568243457306732,-12.66660063333229,-12.86108413885733,-11.744709506776337,-12.966199872135078,-15.735127289435642,-15.62830929343929,-16.257831038161697,-15.070783116402724,-16.97173527449967,-16.471559894286816,-15.826555592474119,-14.823182497696166,-14.398314254618743,-12.986240488644983,null,null,-11.043452539701164,null,-8.97073614705602,-11.088375443343129,-14.751937116256592,-14.390412475811756,-13.257990668308837,-9.281966192797565,-7.377535264550906,-5.625166000842073,null,-13.597167432802074,-13.686428824555428,-14.843413121197333,-15.82187233669219,-15.170964727317251,-13.423654303011228,-11.984079800546573,null,-14.44848935461608,-14.529722280576395,-13.635213054933157,-14.020137865435943,-13.633456521434999,-12.611621631227347,-12.110482165862841,-12.97157768513917,-15.972218878748658,-16.661800177229598
-15.926451620584237,-14.665405517340405,-12.123574675476316,-8.568713896773453,-13.75519210864444,-11.504540032065751,-13.41494384169285,-13.890229728885497,-13.229023813444988,-12.51101691390371,-12.410773320124992,-13.784586343141838,null,-18.762484008859378,-18.45799113519951,-17.101829578439506,-15.76577166451867,-14.40737905506822,-12.960583724774855,-10.982400622878574,null,-10.500544173662076,-6.855556036768492,-11.83619082738711,-14.653985763226883,-15.793558561370162,-14.923846211530188,-12.353071723152182,-6.828032063465217,-7.715274666914572,-7.843551258310669,-10.664706927193064,-14.213251168180754,-11.31524284859665,-9.388449519323416,-15.756979014094622,-13.168287256569327,-13.366977903880771,-13.245841609760696,-14.954463278914282,-14.533631791350295,-13.728208371095096,-13.43477280132692,-13.811471273599922,-11.832003849219346,-12.356331317073188,-12.883984480026102,-14.884316703313933,-17.199521630994525
-15.551054723941498,-15.176897081282124,-13.888434348214558,-10.874659648322535,-8.785382958988547,-12.356926340459168,-11.05734430023155,-13.26525804799568,-14.241812920164152,-13.704359517863647,-13.353946298205456,-12.937254396633291,null,null,null,-16.322879181304057,-15.486111368459094,null,-17.470545164402758,-15.048760571894421,-12.034502375686948,-12.34330247364675,-12.232204122525783,-9.216947920617926,-11.138777054477952,-14.07338518246285,-16.20747655067583,-13.519453454884177,-8.586256693156917,-7.9286889456867495,-13.608597539607674,-7.057679750955394,-13.281348848330465,-11.96021279301706,-11.338281638296792,-13.090901141146825,-14.454094153157214,-14.765415732202113,-14.32746019677819,-13.45776445249866,-14.121096678563731,-13.348958300581256,-12.375566324596953,-12.701188513904942,-12.476997183147535,-11.22750433320354,-12.33360640044807,-10.973539430864138,-12.325230598385982
-14.196676243715237,-15.512907722266478,-14.209699866706284,null,-10.847361213415649,-10.232436994703239,-12.523177628594937,-14.647071003776604,-15.592756525514254,-14.786404768817757,-14.337224210986982,-14.128071887977864,-12.89520849764412,null,-12.00404163606493,-14.164659259559178,-15.302168806148234,-15.917053946780298,-15.057169713278395,-14.056679492540955,-9.983616219677357,null,-13.644105727464941,-9.09119395288918,null,-6.821471211467639,-8.456422395414124,-13.732992840321973,-7.859549531574291,-8.78441908346118,-6.865850784436427,-13.873364136056257,-8.70847795505499,-13.480740100583672,-13.725422255352445,-13.99358846340511,-16.48184355944662,-14.357923078686062,-14.702697180477214,-13.776823484951725,-13.25969904120186,-12.9438424389728,-12.246028915272813,-12.401336014714397,-13.406940429949097,-13.255427591341984,-13.231310137428315,-13.961462603527146,-15.038349399375477
-13.617496740073124,-11.03368023151322,null,-12.915107886980929,-13.264371027679426,-9.995675435079274,-12.248828944647393,-12.345617070752239,-15.40106116553319,-15.516939613999234,-14.30555893372943,-13.947793664542084,-14.841326656281094,-15.694962011544536,-16.50910755538986,-15.691867205399298,-15.551603437025275,-15.340994184051485,-14.579788232750982,-15.876698348382476,-14.25786065391111,-11.494854264070682,null,-12.716332269172685,-11.338052078592161,-10.924891824393761,-8.398713971361868,-7.67611864137503,-5.874041545940383,-4.9853421063985435,-11.089130171442319,-12.0992537705343,-13.325892660558127,-7.698285103755726,-13.732967352534903,-18.300242123952433,null,-12.27914942796659,-14.928933436652784,-14.318822256143871,-13.242683418067195,-12.940553639337876,-12.123564342674344,-12.90011060390386,-14.961342342125455,-14.821187244655194,-14.49372400209295,-15.517468828774685,-15.222490185037774
-14.232649097169139,-12.437619184910613,-13.733721877658425,-16.293203083569228,-14.930175089828019,null,-11.52722815601659,-13.239569492822504,-13.634945125357207,-13.598335496712021,-14.170826491085244,-13.868363827775529,-14.256336711091457,-15.32714551434473,-15.089364405303213,-17.34387567652481,-16.075803618919025,-16.867996754577206,-16.13011043324348,-16.41135446563594,-13.720136825533059,-11.834029374748056,-12.44840375168959,-12.048833314163328,-9.979361762031012,-10.87001760294217,-10.148852479008816,-11.062039897194598,-7.8444259929637905,-4.742633010576586,null,-11.512634831669315,-13.538774552358976,-13.404595564641962,-12.510984934462693,null,-16.096060627263356,-15.162815135225921,-13.953483556245763,-14.397936280247437,-13.710693524206327,-13.092695249063159,-13.06198904789586,-13.925013566544532,-14.30145671645888,-15.129564540816439,-15.121161926666879,-14.76110695974453,-16.516268321148736
-14.759607768789621,-13.854713085843288,-13.511052188167078,-14.806082132006965,-16.31333502946267,-14.225269623819674,-10.403541226340888,-9.978533641754328,-11.610356487140578,-13.963035878540216,-15.623668824740017,-14.88890627044749,-14.708069019192676,-14.525417186950415,-16.12735256897242,-14.806423444242583,-17.621294412837774,-17.865141487063095,-16.833004260290387,-17.470750946640116,-14.938729946672703,-13.608527748418142,-14.831698560459026,-14.705439688807715,-14.288548127064285,-13.398843252824415,-10.077870552569951,-9.800584891290741,-11.21054290360957,-6.859775376858298,-7.270370472717616,-10.520239848582996,-14.765738853487866,-12.391093658918464,-10.863988718005501,null,-8.044196850323665,-12.743295360244733,-14.530434122091785,-14.29611022412053,-13.229952732813011,-13.718857141987629,-13.092175709620811,-12.902707782953687,-13.63952141960374,-10.55776682014476,-12.622570070857083,-14.745751969470946,-14.537357140377352
-15.360459425535756,-14.779941920941333,-14.410583014378727,-13.067842307951583,-16.388081416673735,-15.635799919733268,-12.7267073350858,-7.348962676382432,-9.382374563617772,-6.2903495973690715,null,-14.33023369478538,-15.312052165132794,-16.031736247908523,-15.898952553087334,-16.37045577224046,-16.78258436914926,-15.401130615691057,-16.388142707280917,-17.338170502418,-16.70710197968239,-13.858705588702984,-14.762618299771695,-16.08914385026744,-14.110094162733608,-13.69704891137615,-11.699116733585154,-9.151051801892072,null,null,null,-11.120074047812599,null,-14.504057423107584,-8.77777980905682,-9.349218791798123,-11.184962712711494,-13.35849208926093,-11.18452882875035,-14.005526060143149,-12.197508174249105,-12.298804218838004,-14.129350309167254,-13.255823740727577,-13.002631724349984,-13.86013284997366,-11.883964564112514,-8.065606674823359,-12.250686689194408
-16.086729318768597,-16.166992954878733,-15.175247835372318,-13.640748202786874,-12.079455262984,-16.770442372395692,-14.038145202253052,-10.650140649948732,-7.402003218847796,null,null,-15.159839778426239,-14.95851994888724,-15.621733319539047,-16.175585204760626,-16.579570759435363,-17.696780618114584,-17.01948076676604,-17.437693515069604,-16.608229937484385,-17.645538062021807,-14.5815254735451,-13.77430824429782,-14.440569632746874,-15.096698882727123,-14.83927111334436,-11.219689562961744,null,-6.841623360933638,null,null,-6.28866820304988,null,null,-7.313395362708727,-8.17549556339641,-9.205170326592135,-14.795783930540974,-14.755967264787788,-13.80824885042602,-14.81357134650641,-13.042320182865394,-17.030143229844892,-16.94235442702445,-13.549472909679443,-10.17007820918511,-8.877840358473346,-6.5957319677401784,-11.20048733565417
-16.163378354943564,-16.127172743988307,-16.179964769895594,-14.75232827723166,-12.42525993706625,-12.610154408585089,-15.406286631772135,-12.065371919508173,-8.199123220892101,null,-5.670455677798727,-16.345040170267367,-14.499021368453397,-15.786727432594915,-16.275969359055306,-15.771544092308432,-16.10810096429745,-16.514458793853542,-15.11376561836057,-13.091759538302668,-17.67252054117829,-15.518165230871501,-12.122322307911276,-16.10190353451229,-16.01657564064452,-11.944866518394274,-11.809655172648322,-9.706906430198389,-9.520523326111398,-3.4111841253120687,-7.3392060350979875,-2.919961791891824,-1.6878234463838668,-8.103686612924628,-10.652619424776898,-5.31042135496017,-9.691552151596618,-14.607523975184028,-18.14573905640161,-14.672441281843668,-16.521704916885785,-15.492619055530184,-12.691051978739514,-13.793292085697447,-13.417547235186845,-10.233798924434982,-9.428341662464337,-10.42334453162592,null
-16.872853960114863,-17.10616893036549,-16.581701932352974,-15.88824873720667,-14.124094918111252,-11.100641518214509,-15.090480293477192,-13.960152171696993,-11.787380888688263,null,-10.48873175690683,-11.702197710566683,-9.868367036392177,-17.10855931293031,null,-15.318811545422477,-14.168870638978403,-18.15559260583712,-14.849695617751479,null,-12.68062346536811,-15.327965511208774,null,-16.44225620495178,-15.75944567681098,-14.30357751310176,-12.860020287185716,-9.951620230734237,-8.46298097916281,-7.0912219794658755,-4.9279468969071525,-4.911263260326687,0.25870322331231016,-6.760078278394512,-6.453908432998603,-8.32666289919911,-10.79682516064604,null,null,-17.765860603943672,-16.877168983505452,-18.240615120580024,-16.702452053455755,-15.581706537574808,-16.44269579807697,-12.118298536861362,-8.817732512467304,-8.189688691486166,null
-14.639953662873816,-16.339998934121574,-17.883370416821993,-17.063534512356828,-15.239315062086483,-13.446348575503276,-10.513363036623725,-14.610984364623327,null,null,null,null,-15.982530680123821,null,-15.021031379100693,-15.321640048604635,-14.91285049576282,-12.769849013793063,-14.39602088631383,-15.844070962489921,-13.46112358410019,-17.515166651416564,-10.984709129217332,null,-14.119712332694519,-16.040647605850307,-14.855957569550117,-12.046755220707677,-8.683429531251527,-6.136973515414037,-8.704640268960896,-5.845404224314779,-1.9991190638857788,-2.1823292112241157,-6.966228034954661,-8.086467579933068,-7.054980765694105,-12.488249796751694,-11.812994130586924,-13.957268392676301,null,-15.221781806495574,-18.172943360828807,-15.016783766242794,-17.777059928850093,-16.34626921873328,null,-5.630784856758544,-5.872779608534845
-12.562800030128454,-17.352380504729386,-16.554471248981113,-17.284629074946928,-16.490210970726334,-14.912066464067022,-11.742575635202606,-8.390394223841225,-12.802175065550717,-10.225317500273192,null,null,null,-14.093436720319799,-15.896704654693513,-13.959766064522666,-13.71702369568597,-10.912239112358218,null,-16.489525314769242,-16.580936185241164,-15.23081331141196,null,-15.063038987757707,-11.885490816977654,-14.502546967419123,-15.232062185980588,-13.462553357111027,-8.755238393547643,-8.52682965053565,-8.953015474143205,-8.65227619252578,-8.773600956127144,-4.025008656640736,-2.501557334824649,null,-11.845385692686008,null,-12.725814892566287,-10.229203904369053,-13.396508314672396,-11.757247100979406,-14.07683980062583,-13.498930721958452,-13.552172556333023,-17.732804652884393,-13.299221089518472,-12.292665183838295,null
-14.982664296312084,-15.765163984423285,-16.591843862471922,-17.460160904079792,-17.31394860807004,-16.586346065341544,-14.623837809301302,-10.699129568349855,-9.43466580372175,-10.53425493264369,-6.203174412942198,null,null,-13.408771910960992,-14.225773640602736,-14.186059647937622,-14.694417435520352,-14.139255709594025,-11.77146289610638,-16.27211289046624,-17.94027538255483,-12.15740820537617,null,null,-11.627004464584948,-18.938352727575943,-18.10661589848933,-15.495401622489682,-9.161983535937102,-10.353057109991067,-9.6277234437096,-9.556496440578385,-10.439467946219384,-13.925881827834043,-13.777775721665973,null,null,null,-6.79352345685273,-8.497362243059793,-9.482196173848711,-6.31761245032147,-11.487607166162302,-14.61275751308036,-14.200791643667136,-5.9142542262474604,-10.5505556529761,-10.49534279434503,-9.490448584542392
-13.728803733995957,-12.338090680342884,-14.204637568392263,-15.177314455748302,-17.96590906188183,-17.24583251823434,-16.01304073802575,-13.639388410319741,-9.19482500575807,-10.764282362467153,-8.058104649406081,null,null,null,null,-13.376228266157728,-11.969665700784818,-10.160297826679422,-11.937681732506999,null,-15.533064664449025,-16.388735277377513,-17.260875624334133,null,null,null,null,-16.795526201327192,-8.67703940787418,null,-7.173418382215733,-14.259796548604077,-10.263318778598807,-14.115299805235713,null,null,null,-6.666246841673305,-9.724028659387567,-6.154593545180209,-6.670000096610486,-13.009149281064811,-13.155745994852325,-13.090688843932877,-11.948934431190205,-11.723323973909977,-9.858007926460141,-9.1173745844294,-11.259640071298898
-10.064590679586697,-11.792485594721656,-15.188322260728741,-14.658251419655095,-17.15674108910953,-15.192572215681682,-16.336758510295212,-15.516971721535164,-11.965629053686214,-8.990348310657673,-9.705074318504742,null,null,null,null,-12.243138185125769,null,-10.723499393376674,-10.353666580473138,-8.787792909924312,null,null,-16.010860153236198,-15.03780754278605,null,null,null,-13.914853712171496,null,null,null,null,-10.088434021138628,null,null,null,null,-5.795937425987809,-8.180917687563118,-10.524245976233582,null,-9.02787418415239,-13.821414128794002,-6.246749350567854,-13.572306513593242,null,-9.003010862313436,-9.643146884671227,-9.860763569638747
-8.911106551748757,null,-12.955328387309347,-14.728303496030627,-14.552466043010632,-16.08714675308453,-16.944676487073462,-16.70376904750993,-14.870477652612768,-10.712170067089618,-10.146258304802505,-5.6481094710468325,null,null,-10.469244553612945,null,null,null,null,null,-14.291383709830194,null,-15.593438340969374,-15.46083154554805,-11.406759619425255,-7.060589846701304,-4.493035655231099,-10.837042276059575,null,null,null,null,null,null,null,null,-12.14354653422258,null,null,null,-6.303816099784331,-3.536743440314471,-10.824705554530599,-12.846281756481725,-15.794131631758383,-14.83071235467415,null,-15.392333479296902,-7.164899753217028
-5.794653108610987,-11.089844079029566,-13.521643949729421,-13.208681791484151,-14.822867147584788,-15.253238059586662,-16.27135230570678,-16.89047523266739,-15.264517435358478,-13.228133064824963,-8.929291597723772,-8.209501058003983,null,-12.441117233358437,-8.732884049030455,null,null,-11.92367836053303,null,null,-8.113358404858953,-12.545135513986118,-15.329796503265301,-15.125439022488507,-13.080711101000137,-4.7833962647606585,-5.1831857587090155,-8.529732384350321,null,null,null,-8.398337388308356,null,null,null,null,null,-9.178171686388922,null,-8.359926460674012,-11.768647802311342,-13.39936923209353,-12.615259590627579,null,-17.630811723807696,-16.921538370801994,null,null,-12.380621107747944
