public/json/wind_2018-09-1602_950.json
{"header": { "discipline": 10, "disciplineName": "Oceanographic_products", "center": 0, "centerName": "Ocean Modeling and Observation Laboratory", "refTime": "2018-09-16T02:00:00.000Z", "significanceOfRT": 0, "significanceOfRTName": "Analysis", "parameterCategory": 0, "parameterCategoryName": "Currents", "parameterNumber": 2, "parameterNumberName": "U-component_of_wind", "parameterUnit": "m.s-1", "forecastTime": 0, "surface1Type": 160, "surface1TypeName": "Depth below sea level", "surface1Value": 15, "numberPoints": 4800, "shape": 0, "shapeName": "Earth spherical with radius = 6,367,470 m", "scanMode": 0, "nx": 80, "ny": 60, "lo1": 109.0, "la1": 20.0, "lo2": 116.89999999999955, "la2": 14.520000000000117, "dx": 0.09999999999999432, "dy": -0.10000000000000142 }, "data":
[rows 0 to 21 of 60, columns 0 to 48 of 80]
null,null,null,null,null,null,null,null,null,null,null,null,null,null,null,null,null,null,null,null,null,null,null,null,null,null,null,null,null,null,null,null,null,null,null,null,null,null,null,null,null,null,null,null,null,null,null,null,null
null,null,null,null,null,null,null,null,null,null,null,null,null,null,null,null,null,null,null,null,null,null,null,null,null,null,null,null,null,null,null,null,null,null,null,null,null,null,null,null,null,null,null,null,null,null,null,null,null
-1.4695779580433534,-2.288171810486577,-2.832158901633789,-1.719766917453085,-0.6901340124336995,-0.17112519937557516,0.5383582825135279,1.2053226393954106,1.8890988297653508,2.3664602398783114,2.0364165457517958,1.3680451074239675,1.6527629340324148,2.278653338549444,2.6462263745396224,3.771869034722524,4.672742046311061,5.405367706671151,5.941795176285641,7.033045305551506,7.8117089401221005,7.82369513036608,7.292455465419659,7.780498494818563,8.541948160116295,9.808273494598383,11.0676601573712,11.516613968936866,13.098325880458836,14.535349623273682,14.92359060859894,15.325613505004501,16.12211223907996,17.512449009948895,18.537057294090644,19.423811117507263,20.18263263982112,20.720698605573826,21.13634368716525,22.078014878766524,23.323626726331508,25.141137445333023,27.233402244131742,29.265687323827365,31.066629573744752,32.60942328695453,33.8703909733107,35.109119435408495,37.079530037528656
-2.1019393901483965,-3.3498865254188956,-2.9120371116393056,-2.0545443644297987,-1.1891363508083752,-0.6693721303981462,0.2545233264190806,0.7627897045348819,0.8744095453053551,2.467217375487788,2.033387945327378,1.7793384886951324,2.6328959987745053,2.84423249778427,3.2925992139595155,3.4856360539198215,5.067952385497649,4.618525135286711,5.992823863244924,6.862847919438048,7.76414370010322,9.485825175738318,9.903525913282152,9.128427144680666,9.194569298743,8.837036605423284,9.574360747460881,9.521767514879091,11.374728029352532,10.88903653270573,11.073254714165188,14.567419803193228,16.513256098843588,17.29649118289154,18.209572461897906,19.50461226299226,20.127475830830946,19.7562272002273,19.656935691196477,21.591799165026565,23.757601742503258,25.306423327780042,25.336586309172418,28.433160879911302,28.20241208836418,30.328696938132246,29.965801506935833,32.21198121675581,33.44188051951344
-2.392312402350176,-3.3458026049353085,-2.875823274756749,-2.10568793790054,-1.5170212952909616,-0.9250984248668048,-0.0388862242975999,0.43055184272569175,1.1247069108848549,2.2195851763262517,2.2366413078001632,2.2920911280792864,3.1004130221639525,3.6705232906988985,4.412020959238816,4.313752062514958,4.323606252919733,5.25087436701086,6.14745091725944,6.276509759782268,6.647186870016629,7.97157373454689,8.846222065092512,9.074505201089922,8.94812293753209,8.49359930177235,8.562903479709476,10.186269305842455,10.117995819597747,10.715006370901826,14.518965934795713,16.184705601177573,16.76571214880194,17.76997581599357,18.58847079864558,18.948342693514522,19.73773193030033,19.422165371050003,20.9803497407676,22.46798313728985,23.34569394274686,22.706929506615992,25.030751867999964,25.571997013278324,26.239036527810857,27.688804621462058,26.880602788482037,30.185129923028484,32.95965437599413
-2.7578205613251856,-3.3992910870343405,-2.726832344862468,-2.378895323857096,-1.8644496997696816,-1.2914750908650001,-0.4157190748403524,0.35256576014540575,1.6181857731359357,2.0182580057098725,2.2471831975753487,2.9714762182210706,3.981057852523324,4.669467401606546,3.9502645487663437,4.347044142941044,4.784043293312489,5.371811356375448,5.186751934933195,5.480936277155363,6.79087552955098,5.8507931920765355,5.373935459244393,7.201392963314429,8.80365898003459,7.254085042141516,9.084138009171772,9.629119766958649,10.554447445859129,13.89736738169105,14.454495408393015,15.615788712101217,16.789886954463597,16.78116573652726,17.1324932903506,17.600840872859415,18.230648472300864,20.677737398615932,22.04801357240121,22.657738326210975,21.49818689436469,22.824782153918562,24.400816366231563,23.52727432103379,25.620506721261673,24.822411951313377,27.177579984687522,26.988400067530318,30.45144989200506
-2.8999231918972757,-3.283389682517581,-2.7048724028008513,-2.12102930434969,-1.711275644722288,-1.3058449067155293,-0.5541698657127117,0.3299658895565936,1.5314876270092772,1.8944076640089496,2.5772338031074105,3.481990268557662,3.9048479742539746,4.238059147556582,3.9778409837437207,3.7256112539674953,4.007129910477086,3.699925212491398,4.023501145312234,5.112509450965587,6.067425194699032,6.012679173939768,5.0223642460050755,4.57532398734158,5.4757033817395495,5.504164970882209,7.863942768138507,8.593610478239313,12.389941054489805,13.268419231933445,14.043200447586484,15.38679798232771,15.963107970136324,16.665243238504793,17.01313852140891,16.46541323201292,18.50394243102393,19.57040693576883,20.49405429870823,20.110125854565585,20.052156906273545,22.235643424239875,21.125717886000324,24.085598328084135,22.64662570257226,26.122682392024405,26.63624614374088,28.298658099360036,30.497689196214505
-2.8493685173766576,-2.8454569432163077,-2.352031831532737,-1.9344588657771091,-1.7012184989770096,-1.258362548663701,-0.9194677085996426,0.36724294421567183,1.0174045080657268,1.8256946716640698,3.384504260298357,4.06937191620867,4.6072795936756785,4.1466182736406045,4.318662135245631,3.145980091156874,2.593659952158361,1.959926322279288,3.22873064562813,4.2978967169929625,5.155423533363302,6.27476414387991,5.012304973737048,5.072081184288136,5.0729573717069165,5.3802562998031025,6.637341340246812,8.648883861337254,12.086152599565633,13.152944978484856,15.012373283986948,15.794964562871357,16.72618816489512,17.461650008268048,16.135697510326427,17.360537404791582,17.66648418561236,19.557273808192594,18.556966773266346,18.747204051584816,17.197666622782275,19.971784173246625,21.828890647826004,19.44550931746101,21.213160161494415,23.480343684000392,24.475237998031524,26.59175186400688,28.040365436301656
-2.260584386311133,-1.9570168128737504,-2.113271209206983,-1.9153789232827256,-1.9760599238574925,-1.128512067812809,-0.8602894265944705,-0.03565598221056818,0.43652475582773753,2.115572938108187,3.5171835940284217,3.922488079028791,4.200695006174266,4.468476661735952,3.4509056874249096,2.5619235971428145,2.5623780200399846,2.9959322766086873,3.1133735145637433,2.7969187904708064,3.716019989980088,4.819993194590303,3.055981215298904,4.37819771869573,4.3624766117076,6.106984002660018,6.1864248594816384,7.9630482078361755,10.44080327337608,12.040158427376646,13.511651299313414,14.130569848170257,14.83077555935243,15.353443303481647,16.31382779856826,17.33013598548876,18.000811380590648,16.619313030721656,16.040295423292417,15.991460537102615,18.544909110096818,18.04006795426848,18.447914981076526,18.51006955616398,20.615151784180256,22.6218345560114,23.40354053599598,25.129378177370118,25.775677349145848
-1.7816965019689617,-1.6543573771109499,-2.3590830396601197,-2.6101245349935525,-2.1333398536984447,-1.0588947548025933,-1.5023732246723025,-1.552501373953588,-0.47569287285645423,1.7465009742940172,2.3603862268469586,3.5238947553424134,3.575045250383811,3.9372432066975387,3.1016474205451345,2.555131460310849,2.2721773236062415,2.468613600876229,2.2497834790931153,0.7235830449791216,1.4237598588017153,2.3675597721074504,3.6595527119515507,3.9150074467452716,5.596957898572434,5.034740033524228,5.835389327389576,8.227034482974966,9.622337588259368,10.623741470577237,12.049433557305264,13.203761431459103,13.83425939472163,15.341207743649926,16.31059870650726,17.601267357028725,16.49907689201519,14.011178540000923,15.95242329206805,13.853873815477472,15.5739887203078,17.520084829797153,16.83558963285392,18.30887451206095,20.827081911625008,21.711172527631767,20.553911193519937,22.585537025667634,19.492867498268104
-2.0623784445948363,-2.1044193999065524,-2.324170932975842,-2.784353573962006,-1.719940830660835,-1.400789354864021,-1.916543957506324,-1.7594056912264353,-0.6550732778131172,0.41691722744140897,1.5113283523795498,2.547619518442058,3.5584061947171604,3.533765732894717,2.889655246152712,3.1684185951539994,2.736351504617672,2.549155918016102,1.7080291574152424,0.8346978345617748,-0.2661363875980165,-0.022723263641326576,2.537459542602723,4.132967146738995,4.629474287289431,5.3039334504541245,6.994886809815219,8.706680571649956,10.249109310639438,10.921463348489599,11.222422864994426,11.765479371260776,12.872163951203271,13.785719775652066,15.110332746664637,15.630959208449077,13.977676470622846,13.07844627213266,12.688722329415526,14.698982864118454,14.122808960104537,15.609631131677006,16.82653568254185,17.950937276203287,17.80733350287013,20.305800788858274,18.035900916219273,17.877704501324487,19.709871242410657
-2.4935399533069633,-2.1366728122070757,-2.1873832067729517,-2.5154812080187563,-1.8372790108800077,-1.58900358598599,-1.6976421200779162,-1.1348099960762204,-0.9835649350463549,0.2632721070160165,0.3846120683625698,1.0649061916721636,2.388139404065842,2.7588881512611927,2.9918291466763973,3.578586107921084,3.493202715445337,2.0707447631863602,0.4114781577821243,-0.2954493614889314,-1.2057291838039599,0.1513999573979466,1.9070194490834815,3.4997926681135922,4.235555307566155,4.956619185244198,6.8101781826086025,8.566100826691628,9.222581660088043,10.690509210555023,10.207697790493295,12.322097517701572,13.073176044211413,13.152162755637326,14.139209621429266,13.25477420870336,11.720331648472943,12.292948804909347,11.216396615648739,12.451078629519364,13.693296924628571,13.511168730549212,12.867831835909522,14.663574241247025,15.823760593479728,17.745147476643815,13.930019384597097,11.06260179514465,8.6618874078879
-2.81651268261533,-2.0807219660315006,-1.6830595427393584,-2.1168171578180983,-1.772875545276376,-1.8426216971537495,-2.328658167445844,-1.9069796133197823,-1.5465091903584416,-1.189930017383625,-0.1275968842605054,0.8037271597894794,1.8828670845842366,2.4084799922480347,2.53402387607716,2.8960614114704537,2.8205469495329396,1.655095415058388,-0.6171082096628416,-1.1511075198822796,-0.7754890898626994,-1.3604731597150082,0.9641362904080234,1.0856745688208949,1.5130646622563655,4.138915879521429,5.711675604214504,7.424299670098519,7.57857268474216,7.713785486951427,10.327019000705945,11.924357494365928,12.886739834413419,12.49001728930567,12.635536333068048,10.272256770235781,10.200891279510925,9.894389017084551,10.136489751598923,10.472865591654942,11.434609942166286,11.449085806342875,10.396373429780283,11.186878244080942,14.321907221509026,12.551897479412595,11.642275031869808,10.677112531573961,13.56102287329239
-2.9977230081569015,-1.6039090870351445,-1.5403846155329755,-1.6150265595035713,-1.5342923322502025,-1.8570593807682896,-2.467633457225696,-1.85659486132135,-1.538060271136633,-0.6888999311153354,-0.3372334105747865,-0.06303625123543721,0.22007750528205314,0.938324226525536,1.7097583474183518,2.303371424951112,1.797608530724629,0.9878744961952426,-1.0892991870027622,-1.3546255459553775,-0.9377128504483742,-1.748374554781299,-0.7799171650473937,-1.7727743779021494,1.1378674630637926,2.6931769879388363,6.5812064179812255,6.362975157192236,4.892939506800229,5.35106289969907,7.770373862446764,9.796848020063932,10.73813674913883,11.468236893299443,10.237435392480805,8.19000534641676,7.640355692870544,9.47701321944627,7.911907185407469,8.626069472683938,10.336398157701357,8.32542029917516,8.535264526372034,8.11655095159668,9.640943772512413,10.931742648297769,8.981468425543296,8.60820719810727,9.33621853494789
-2.5555517502579597,-1.4929762408815306,-1.3319187844064126,-1.6498274834289086,-1.521678745623251,-1.5289125631227336,-1.9119602712082913,-1.2533023213631589,-0.948480983475501,-0.5191219482036906,-0.40440193819681053,-0.6605713010807666,-0.6415023865880207,-0.23716893734120073,0.29698797265770266,0.7697613049034417,0.509413711264139,0.5246087530075441,-0.7191940299333663,-0.7013946432613103,0.3042173830208339,-0.9100813219714236,-1.7197628394796445,-0.8706598171209912,0.0237584387360779,1.4096790046020011,3.165600218056439,1.9642084439097944,3.2397921461535644,4.932113040763125,7.098306503216461,7.929942967603179,9.080921911341902,9.638494443405305,8.642622226931335,7.412372057845924,6.25701842005511,6.881152062963242,7.060828872228637,8.43734835088107,7.289631311765279,5.319406630617146,7.274957026761269,5.993775905133706,8.36298349938371,8.279564533737886,9.656328226064328,7.693137266769611,3.692527189211447
-1.9781704056368579,-1.676411750614184,-1.6629927841359455,-1.2949277367770884,-1.2067510056093835,-1.0424710765026046,-1.4680373157878506,-1.731035298952824,-1.2052486975941261,-0.7960801655612648,-0.4299972628392628,-0.972202609463661,-1.487399053815033,-1.4218479182541035,-1.0756571623849307,0.2683723040389723,-0.5671798921363872,-0.2524191313344189,0.14216408040377543,-0.3698670384537809,0.2638130580400186,-0.4629352722355326,0.8465641830235748,0.5601960015035239,-1.3288918762032582,0.8691063029961928,1.5359329789271836,1.7380705911411092,3.266867085398348,5.39096838360776,6.273261098862883,6.2049683666894015,6.2064751598585985,5.482783119528312,4.926528704893252,6.045044478211958,4.590199453070397,6.417517974310265,6.003976607997142,7.230873313305761,6.934598389772481,4.373060237430863,4.493778675423623,4.691157548428953,6.4179497829844765,5.522622889321294,7.7469161578590064,1.9347295860778622,-4.051499880575767
-1.9494714087359384,-1.7988271660232633,-1.5580707278359878,-1.0537266611510274,-0.48177476802281594,-0.9175872395008076,-1.3653324235848767,-1.4015149782173402,-1.086326015450608,-0.4580338753664644,-1.1210366855176623,-1.7090079185123854,-1.2260236758046732,-1.4073902830312113,-0.47131428276406234,0.23405428892116853,-0.146286460677354,-0.1395852567832348,0.7740315398930191,1.2589431709360885,1.0422275658357218,-0.5360808892905405,0.4774845466825081,1.7420909040178836,1.0423719936422016,-0.9027141190730235,1.9666537666537778,4.920553257879508,4.221343453846127,5.225098100789858,4.480252143975052,3.531607174973214,3.208467028498174,3.0782522302117954,2.2663122188953966,4.064332037348834,3.7239878129691357,5.828030679305576,5.636197413341823,5.07216853876554,3.5062307336443554,3.9578428660210445,3.7270627244954255,5.8483926307802,5.1073016879032735,2.9834134078981984,-0.002833732064064398,-1.6442293033268107,-1.4198280639011607
-2.141350012242884,-1.5060982281035324,-0.9420024434051827,-1.0916722348344334,-0.8025582134540268,-0.45349785943140686,-0.8472552475578992,-0.10670418688817916,-0.85568726215116,-1.488482893925429,-1.8161856698381056,-1.8618015096017668,-1.4345947668431143,-0.9609955261253572,-1.3777164222122285,-1.7627614265165783,0.07724929285467222,-0.592693094868719,0.45736915476423967,1.1041316064987385,0.16863817975369305,null,-0.37637847646207556,-1.664135070502534,null,2.5591894981483847,2.0754308796478784,2.429374707883747,4.673980698984772,5.123614054294384,5.063963960388204,2.4065841917295194,0.8438778540789449,1.7328859025299739,2.783001384016271,2.710853794789971,3.419585616522461,4.364532457923801,4.1755077091662125,3.0607179988523154,1.669116248912631,2.4505427719510444,2.7729953523087705,2.777486817632769,2.280878198302633,-0.6486869620153367,-1.672427226328485,-1.6784837062613407,0.7370867375716144
-1.780666761594037,-0.9917017155298976,-0.9520786619790914,-0.4998825804484424,-0.6333308682198191,-0.9352393206470758,-1.0346199280347919,-0.586279896458603,-1.5480907602460208,-0.6347250443037254,-1.4342880997740424,-1.50311639274021,-1.2207523731550602,-1.3436986200987646,-1.4071397196650628,-0.4469646767448638,-1.0050786484428889,-0.2744085905917914,-0.05978136046081189,1.1824475864393191,1.3719730933693104,null,-3.034745371642397,-2.7323983749957352,null,null,4.208355352738559,4.428671854263612,4.331590355379789,4.773205252553463,5.472111252006985,3.2309936943220694,1.9574815093891,-0.45631523242730404,0.9770498220642065,1.0963086072591055,3.3059519601020617,4.797179985030333,4.651302836848639,2.044548634320391,0.5038990469859638,0.8983423801398085,-1.7194149608536424,-1.6069264253226794,-2.9073076621790954,-2.838118274851567,-4.162989204267989,-7.738696176207743,-6.655434290646147
-2.0248886591739397,-0.8510648842069387,-0.6227032264351432,-0.6659142257136453,-0.9793972985207064,-1.7558784312705864,-1.2184292588524583,-2.424751899068344,-1.1837551410593763,-1.3123846194170583,-1.2207961055128602,-0.9426127360707398,-1.0943466067825596,-1.1488314501349501,-0.8111263622368523,-1.0987307971833808,-1.006751966854535,0.15296722966376025,0.197319385694133,0.8805961745369908,1.0274734600072537,null,null,null,-0.6905477426915574,1.6392710136911528,3.485402505922881,3.7531646100616616,4.816870711293184,4.54562164639122,4.00807833381089,2.68304210812111,2.1982617157802258,1.7215014234515813,1.4781446559171334,1.0670904923673636,2.8036227971445884,4.299731154252893,3.4757740862101,1.7035734818482506,-1.931768268484658,-1.3254679322350134,-2.6177393440154217,-3.720115073209832,-4.229697854933029,-5.355108436209451,-5.7184094348782954,-7.181775021754829,-13.173105231631562
-1.7860012996432202,-1.4439443433415793,-0.49600514661928424,-0.7146079107916562,-0.8692408415405972,-0.6068715891563352,-0.15876308895474162,-0.06385103118598502,-3.1054084774326025,-2.8839314405823075,-1.3676311713355318,-1.2762086124360013,-1.363926732001097,0.8066152314063396,-1.325533602918511,-0.3574918947819655,-0.585297732913813,-0.24051893956317183,-0.40138914616869187,0.3261604183818755,1.8542435478081452,1.4235925403325111,6.670409154664591,6.561720922547716,-2.429762087603452,0.11341019679068025,0.27808357127532074,3.3732434271471163,5.908242812711896,4.798078083596135,2.854182548229338,2.5964225674520294,2.3634078104689697,3.8334560104287108,2.9126767765401333,2.3519074219091562,1.1666644292960782,1.13133160392588,-0.27052163034354315,0.9737812442141986,-5.643438858077407,-3.5678847285941306,-5.597287989916595,-5.504480559316124,-5.399148889275974,-6.655689765498008,-6.958444982449584,-5.9968659182384805,-11.23206195847919
-2.186647577059329,-0.8720051416856711,-1.06523784893057,-1.8251636836963245,1.4964912928773904,-0.06917389587798878,-0.811655767079876,null,-1.1326394813728473,-2.6391282876650575,-1.8852662595041605,-0.16478417154450276,0.15777823805523553,-1.5216285677721448,-0.2683503836972165,-0.4007742398225223,-0.5447562729529719,-1.0143009217314416,-0.5578534399634046,-0.3741700518257225,2.0210287627146095,null,null,null,null,null,null,5.491759444609051,5.890841995895047,4.414426091892057,3.0710858374195054,5.01407487044719,null,2.6136849795598076,1.259076577668796,0.930889269161311,1.2277597618417517,-0.7209304227282907,0.05636925917724463,-4.840926646643572,null,-5.747140562332899,-6.945914976594988,-5.77913338064471,-5.792530113938554,-7.243008181494525,-8.316098758660333,-9.517681667105135,-11.537268506406264
