public/json/wind_2018-09-1607_925.json
{"header": { "discipline": 10, "disciplineName": "Oceanographic_products", "center": 0, "centerName": "Ocean Modeling and Observation Laboratory", "refTime": "2018-09-16T07:00:00.000Z", "significanceOfRT": 0, "significanceOfRTName": "Analysis", "parameterCategory": 0, "parameterCategoryName": "Currents", "parameterNumber": 3, "parameterNumberName": "V-component_of_wind", "parameterUnit": "m.s-1", "forecastTime": 0, "surface1Type": 160, "surface1TypeName": "Depth below sea level", "surface1Value": 15, "numberPoints": 4800, "shape": 0, "shapeName": "Earth spherical with radius = 6,367,470 m", "scanMode": 0, "nx": 80, "ny": 60, "lo1": 109.0, "la1": 20.0, "lo2": 116.89999999999955, "la2": 14.520000000000117, "dx": 0.09999999999999432, "dy": -0.10000000000000142 }, "data":
[rows 20 to 39 of 60, columns 0 to 44 of 80]
-19.447245624793915,-20.72797603071214,-19.43653794241648,-21.447286572072365,-22.556855577490648,-22.51031011980924,-22.280877787057307,-23.70340809109883,-25.143829723088782,-25.279168916893823,-23.587421701031243,-29.557052728421894,-28.958849975918753,-25.88761034006584,-26.60802138927848,-29.788618450432786,-28.696196205564995,-31.762415838385742,-33.25770219053359,-32.87832157513186,-32.87196865858246,-30.15509274678736,-23.244535254491044,-39.4551120271296,-41.15757569055231,-39.53049976385455,-40.63313922050719,-41.09345990084215,-35.30180964887905,-37.68977721675262,-31.709607296452646,-37.97937341940689,-41.849463284487626,-41.755610488152826,-42.345698091958006,-36.50754021213522,-36.53516028922891,-36.204228356235376,-25.65711736659353,-4.8326295954202525,2.9464186895223987,3.968079970717975,5.2050287948832334,7.594505110400345,9.032281932925574
-18.951941058779077,-21.054567378285917,-19.33526355364029,-21.774991954276537,-20.360837870267524,-21.8754384802903,-22.369620444562575,-18.33292675510825,-25.511641906703122,-24.423983950005518,-24.777770010889075,-28.620304643053686,-29.529167423577867,-27.28601167327402,-28.820681590788162,-27.830909107904077,-30.948552819255454,-33.47237099125552,-33.465396080462526,-34.51815135536252,-33.85124397000802,-35.292409312312756,null,null,null,null,null,-39.84828387399704,-40.80398468464743,-32.24134537651055,-33.418618316145185,-38.51552516201057,-35.71966063222145,-39.3508285449981,-41.18603570007195,-41.03315872229642,-41.05741710580008,-39.404870582731526,-30.245254546315614,-11.607475767775068,null,3.3929529590967347,7.45873844304565,8.425473048898915,10.294812689261533
-19.514179799351894,-22.422561913734302,-19.292316799092198,-20.338183859100965,-22.007810120848994,-22.442086005230756,-21.167944572509345,-20.461268795720134,-23.394114976572038,-25.802379070960043,-25.40921975590412,-25.746929998576526,-25.287561468981856,-21.622870142192998,-23.510871110649415,-28.98619271635753,-31.71334838887916,-34.46541463960237,-33.450517660022726,-35.29707185600627,-31.380679546589,-26.699034435123448,null,null,null,-22.984059050534498,-30.511258919904144,-39.55906108142426,-37.58407446703192,-34.70712714562415,-28.363459001821525,null,-42.67249105111021,-42.90982586412152,-42.34949479704357,-43.91449401856839,-42.12503514369294,-38.621583641701804,-34.736262611296596,-20.548393588382517,-11.635936945955363,-0.25183758304535453,5.898521493074551,8.379165792707967,11.191084354575977
-18.3059044656681,-23.85527222722353,-20.91753285289623,-22.04608245570145,-19.647084648475463,-24.23682233120698,-18.370176307532752,-18.598114215384037,-22.907943036321107,-24.91096989154492,-24.525655080373408,-27.198158603064602,-25.39039176173607,-24.97915259470855,-24.759774262856762,-26.137254497712668,-31.39158688524785,-32.1197130914011,-27.908242919368547,-32.76221896986082,-30.16061336519595,-24.080331686096116,null,null,null,null,null,-35.81428053874942,-37.391219179411,-39.009217012014176,-35.501249808605124,null,-30.46971704040557,-42.34971675353465,-43.03079140479816,-39.414229879535185,-40.05811351844422,-40.943087125985784,-36.242728470336246,-32.83657151941383,-21.97659600429172,-9.677805713127295,0.32777705938582663,3.0770828082087407,11.19186162599271
-19.384787752299097,-24.196221808457185,-20.50417908172647,-20.63377792646553,-21.14642604108746,-19.741259153362613,-18.964827996160302,-18.694865762522102,-18.315302290789425,-20.751650757960043,-20.85837592307678,-27.594088409182216,-24.852828289728137,-23.957707289504825,-25.385612594761636,-27.869067847610953,-20.506471430077205,null,-27.41038169077958,-31.69546925030994,-27.69185890507859,-27.215013751341182,-21.495134612492993,null,-26.957040844426587,-30.152059658184054,-27.066937369502778,null,-34.198683714176155,-37.84160338760703,-38.46634695297798,-33.169908077252494,null,-31.45043881444289,-38.89392445106955,-42.02328567902538,-38.03027170905731,-40.671723373854405,-35.11985100788445,-34.38889229766748,-30.088424748477767,-17.081144283252968,-9.062576931124948,-2.7382261552781615,0.37876080618287494
-21.129170180372512,-24.934333768781105,-20.46020592196954,-19.90043623764456,-20.207807446410534,-21.911156141277594,-20.716288383865212,-19.76900851208201,-16.300141023224242,-17.266367856428154,-22.362301275887557,-27.72114387277056,-24.789534237421805,-27.419864249368715,-26.387448467211144,-24.821253866577962,-15.934875185342054,-26.72827722497042,-29.259377365602617,null,-25.27751983327613,null,null,null,-29.237301003584427,-31.233936011292965,-31.517128089737827,-31.607454651815218,-32.89464274046951,-33.53240329912806,-38.75092397708151,-36.744601139219895,-33.69890731356194,-34.049351632444505,-37.95736188467505,-40.028206645769465,-40.7442627926266,null,-39.31478672091948,-31.033508588326242,-31.53696426926248,-24.575859194669242,-16.053731068674796,-5.54510525792696,-3.424991719581441
-21.519422175151295,-24.717624772150607,-21.056874498614434,-20.963991929639874,-23.894004040803623,-20.622923780934208,-18.72440285839054,-18.96566500478894,-20.20347466824528,-18.55829843054415,-23.2814350071677,-26.23436467584114,-26.47993185345056,-28.534955571259694,-27.7688924254631,-26.28438266056125,-27.147992612372462,-27.026355663812357,null,null,-26.342793888362408,null,-26.003899999642055,-27.98130420467315,-32.361857407197824,-33.1265636022629,-34.424806007798935,-32.468548003030826,-32.06870029197703,-32.95847341043481,-32.90146000384482,-38.535565281677535,-36.74929346077971,-33.896684421424,-39.142423283129105,-37.30419421138907,-37.935030260500014,-35.55522177025948,-31.63434978338482,-34.609580663577724,-25.571395972967203,-22.252758980339692,-21.009511384966125,-13.369299588885342,-9.438243983653148
-21.038203749386405,-24.449781014549462,-22.897860020352578,-24.17889579086601,-24.499877818871575,-18.727658444682945,-21.22536337170008,-21.446144773533167,-19.131650894199243,-15.808681875164986,-23.979631970959623,-23.50589111800916,-28.26714295717388,-31.84236533478475,-31.609057905508042,-27.952592291917856,-23.44279713801704,-27.911748014016766,-25.89210322022156,-24.284642607730337,null,-27.65563184236385,-23.149575545593457,-29.516249143290157,-33.55094789775107,-33.61902373944169,-34.236231758007364,-36.38033107568377,-30.875530311829955,-34.46796924645439,-28.14997214644353,-36.41956459973996,-36.97013949740923,-33.500716046382806,-32.11389845924029,-36.12318593801764,-35.98999213772701,-35.7724208238757,-32.562653051988306,-30.42540388999091,-25.79287940369413,-21.629139371403124,-18.819640987389434,-15.817234548937261,-9.44089847110804
-20.19583638832212,-23.831825822834638,-24.27077104285301,-26.262773048239147,-24.66637801773312,-21.12178440210818,-22.468163317377496,-22.779464664750183,-19.827499021500806,-13.730167632944465,-24.027764259408546,-23.44386992671415,-15.345893103428535,null,null,-26.059889114772545,-26.73213324667319,-23.034680001769985,-30.08285319639764,-26.321166057684852,-25.752657610684984,-27.07026380594769,-31.08802344154572,-28.182173673233073,-30.44043012078121,-31.671331793131547,-35.276356428849354,-35.26293593208315,-34.713263255997795,-29.93232771380723,-35.981499126084756,-29.65687360660899,-37.68585935780844,-35.499498771491375,-33.657545841504266,-32.071643629880604,-33.696292944807674,-33.38380465794306,-31.42318063905757,-31.821306529813143,-24.62203929176846,-19.740879900881296,-18.138263758099324,-14.257627849739013,-11.107612274410151
-18.470335721613722,-22.508297846947983,-22.250011638896858,-22.366472485425696,-24.64671191113277,-23.289568066018177,-25.083693526276594,-23.598651051514622,-21.04263748153524,-13.120228843696777,-23.446465117220384,-23.98822571212667,-22.33402738794959,-18.241675890440465,-20.331460578263886,-22.2755594008683,-26.46005665427082,-26.429577381941332,-26.139303501806683,-27.40188125990897,-26.178609871523435,-21.52551403897466,-30.578834057508,-26.168740843133335,-24.05945138377951,-24.586959372883246,-26.31758513651127,-31.0384400411615,-32.28885987619504,-31.865607307191844,-29.63867904046895,-35.25105834172611,-31.2045956576096,-34.029894820080365,-33.55699255296507,-32.922077933407785,-35.25984025623296,-30.71388674217436,-30.518863066807157,-26.222838654974268,-23.506310162563054,-18.344187560595678,-18.24941198830238,-14.4656974718193,-11.546439135159297
-16.774262088041603,-19.338862177449343,-19.602993136005995,-21.52491155616515,-24.94746375109321,-25.273728982265084,-25.80449519091693,-24.510633517778444,-22.078940114402364,-14.667787040792177,-23.0618130391383,-24.66230136557958,-24.60413120866103,-22.9610774975869,-24.90073041747565,-24.00907185132678,-24.329646676427785,-28.7570115454438,-25.779319995836182,-28.29092658676363,-25.793876823373818,-21.48267088478277,-22.71253981404648,-26.60202259058279,-26.561770053742556,-25.6826154166767,-23.72399443294777,-23.05529919439848,-30.75677660365224,-33.996407779772014,-37.60017626882587,-32.885520556698225,-35.11280752706389,-27.808068195913556,-32.87785128244256,-36.73342782529815,null,-28.684445515057263,-26.18997218310117,-24.78997429947899,-22.189402530374164,-18.082691220017683,-15.953690109305311,-13.94431357531204,-10.182332120665237
-15.771236508397834,-19.698240699272816,-22.851527437072324,-23.09165123422741,-22.389193039293527,null,-21.884225531238236,-25.870854157624276,-22.47240919886666,-16.514161644470505,-21.111757565943837,-26.28078039242539,-24.476182707242437,-24.592811563498422,-23.48270087467754,-24.489330945397295,-23.672084716100883,-27.39111413435281,-25.711925862592352,-23.891351944719815,-23.169305035343193,-20.08261439858926,-23.86026109267792,-26.056261544691555,-24.426580045660657,-26.905022297857673,-28.93416153470809,-30.957241714736334,-32.83142157758398,-27.27914976460756,-32.97217873341948,-37.764481514568146,-33.46783627903146,-33.589603506727556,-27.441871807700448,-28.02851158780424,-34.42546895804202,-31.34666880377069,-29.414731926170326,-22.26416770876752,-20.96595276105925,-18.225122068352793,-18.508935876755494,-15.246563144955726,-13.362759640861562
-16.040385166155566,-20.43495190286432,-23.84218820641308,-23.03589551559176,-24.086470459933416,-20.727299673541452,-23.42747725117666,-23.39481816927252,-23.366433486579762,-17.90544210289008,-18.482069145153687,-27.508377999281016,-26.92019329447929,-26.061833355924197,-25.81968114259934,-22.421948055697058,-24.52127302135476,-26.003530923138104,-25.62678416650541,-25.399252571879504,-25.712397088760476,-21.740845514073403,-23.655787102584416,-28.415122194484766,-29.178863346495223,-29.242009111008596,-29.701024782254905,-29.658998795844226,-34.70590023967684,-35.55693209874736,-25.600326502417765,-31.859955500348796,-36.43773092115598,-31.4340805230934,-33.76082560350194,-17.47604426836231,-22.163119988700107,-28.956501903660804,-27.41755999377182,-23.284121052644135,-20.408878146156734,-16.688348603196093,-16.394375365780952,-14.952825164003816,-12.279853893470554
-16.66140434014828,-17.614266996912647,-22.864218886326594,-23.72994349242765,-22.617888376394376,-20.947771308157165,-21.233275030874136,-23.513670979609394,-20.6698195872884,-14.233136437026133,-15.142294922920323,-26.931699772143286,-27.481876643363574,-27.42369393857346,-26.195891175726523,-24.280485277987353,-22.625246889642483,-24.035357932470095,-25.446624690111644,-27.932794589938425,-27.327238180382643,-26.33112511345656,-26.47094715121603,-27.225411790154812,-27.821360543334187,-29.19795525380582,-28.263584880010185,-26.63006646978241,null,null,-27.528647849604727,-30.179700401333086,-23.10267402510892,-33.77364380299568,-29.764828007536156,-29.792412045992076,-30.148802629257585,-28.93753148633241,-25.9291435880927,-25.631828201981705,-23.220270017167675,-21.406210811401003,-17.288964285859144,-14.979550591827454,-13.848315447454766
-16.059296077085747,-16.652003904463328,-19.200668811404935,-19.293061166827524,-22.112657286050997,-21.078262113733576,-22.189813118662062,-22.913031882977293,-22.585305200381235,-18.081439307347907,-20.520379899170187,-24.09911751399048,-28.030488558609406,-27.967028012272117,-27.054622411580198,-26.882500036503412,-26.632703684420722,-26.541142174019907,-27.368981329861118,-28.06718420850122,-27.959906618637586,-25.327887897832184,-27.817759181172402,-27.140029493916902,-28.412202568654358,-29.443821292981696,-26.762495454955364,-23.913462861673747,-25.176921095284186,-25.39693319355031,null,-27.058629730527155,-22.36200783756367,-22.494619973435796,-25.68938048397178,-26.702229172432826,-26.202939603542163,-28.21519095166347,-27.60653217460702,-26.34460988482115,-22.98294004223795,-21.217374892188978,-19.187197586239414,-16.524803234529493,-15.645465869442438
-15.459443147241576,-15.708192810625674,-17.86302753983687,-19.002536776615813,-21.004557343524944,-19.95776121455884,-20.410567472521564,-21.1898561409146,-24.719196740942397,-20.02365689095676,-18.01150973165123,-21.383892449474633,-28.61097491307152,-28.648337132500338,-28.622023286273148,-27.22249401017048,-26.408056141721353,-26.362331588525823,-26.850213373020686,-25.178113155579965,-27.36937172732149,-27.73180700807361,-28.9293182620573,-29.28075187033025,-27.889069562162806,-26.453004106992193,-27.751769476902947,-26.058510991228008,-29.184964642593748,-24.262909922630428,-26.5079501297774,-25.526060966423497,-25.156709341431146,-25.28956146884381,-25.030094533926377,-24.130795758331043,-24.23620708808721,-26.699467754962143,-27.298409183774975,-25.597645713739965,-23.77575657223844,-21.642489368195495,-18.71214858035517,-17.410614123402947,-14.050249514412885
-16.310867317114376,-16.308343516282523,-16.699499023308988,-19.560888000908133,-21.053822857424297,-20.44545761400125,-21.221898310673662,-21.745869545453658,-23.637239167543214,null,-23.920816580347207,-18.87669705308077,-22.764799018782842,-28.468749843891374,-26.214036593637477,-25.574814378186126,-24.636625736182427,-27.478604614460835,-26.304290459232206,-25.99213561767055,-25.639645825606955,-26.84553399129951,-25.6569052301203,-28.03806472240058,-26.888906512977897,-27.31993474188232,-26.60170344253275,-25.505730178084992,-26.94977411127806,-28.703365818721217,-25.623442302005827,-26.193829446004898,-25.356631022584615,-22.912757696569535,-23.890136997302672,-23.73148709616328,-20.37192094747756,-22.443184486773074,-20.174224433961527,-25.83493999047384,-24.693749714239168,-23.488840734467786,-20.730515361338078,-18.45188241842893,-14.93923951237239
-17.48110018674128,-16.59018541674962,-16.009698053753013,-19.622615597816015,-19.55912387269043,-20.278710806826037,-20.72295666817282,-18.775655798071064,-21.234772358832444,-17.122603279659355,null,null,-23.682136379665717,-19.617877576953582,-26.665573369795155,-27.414117857223218,-25.79060149978148,-23.659948354319077,-25.781986899685958,-25.194329064444766,-26.185405220571674,-28.562332464075368,-24.959002659724185,-25.089226426528796,-24.562135796657227,-27.857116233818196,-27.035367923083616,-23.782903176966453,-26.759740222800986,-26.273583058510045,-25.29595740302235,-24.980458880935615,-23.82092568188737,-24.120485226568825,-24.248796361901892,-23.53470395979626,-23.240082726907055,-24.368848216407688,-20.81232541841116,-22.488173490768204,-18.530825990719894,-22.657315490432573,-20.49771432880508,-17.105257647354232,-17.491395266004815
-18.226519767712436,-16.422582464555198,-17.254848916269115,-18.62707440987437,-19.975700906067157,-21.377241700931425,-19.750965847913296,-18.96797306182067,-18.646640213939005,-19.485322558565844,null,null,null,-26.635187717816333,-27.130439205194474,-26.13968802552801,-23.81027616593837,-21.129083101020136,-23.145219119228507,-24.783863318423567,-26.654970842017047,-25.832850417107483,null,-25.156226557539323,-23.12215248781221,-27.10306764850458,-26.431857731165675,-22.619863677728773,-25.780747134509724,-25.902268777121428,-24.00980605825025,-24.236231255112095,-25.483754394639448,-23.570496661820023,-23.328692095290148,null,-24.3401133486747,null,-23.189662234066013,-21.743932457447812,-18.84925253962639,-20.269292553276387,-17.848186352262136,-17.609692488123198,-16.708832565366365
-18.361162707878126,-18.02873575095756,-17.370029708272504,-17.499329842210138,-19.01009885807746,-21.5382063009334,-17.831944583127324,-19.12582919363791,-17.062094050926405,-19.81242791030404,-14.014353574761042,null,null,-25.625320558809825,-25.5403477684654,-23.650260105984756,-24.166288076613338,-22.71768671746364,-19.010385318130606,-27.06960715559794,-26.890689194676078,-26.621766786183123,-13.368453163885803,-16.95695054852971,-22.926274727865984,-28.182275678473722,-27.35111294419599,-23.464373056658797,-23.078390289443053,-24.64097878804713,-25.333352299345346,-25.595492070831135,-24.878568022885453,-25.315089965858746,-24.50518221311286,null,null,null,-19.067032791855848,-19.03120559821084,-18.49724070942658,-16.264614800986422,-17.433613639935256,-16.12813732657581,-15.578452125920505
