public/json/wind_2018-09-1603_950.json
{"header": { "discipline": 10, "disciplineName": "Oceanographic_products", "center": 0, "centerName": "Ocean Modeling and Observation Laboratory", "refTime": "2018-09-16T03:00:00.000Z", "significanceOfRT": 0, "significanceOfRTName": "Analysis", "parameterCategory": 0, "parameterCategoryName": "Currents", "parameterNumber": 3, "parameterNumberName": "V-component_of_wind", "parameterUnit": "m.s-1", "forecastTime": 0, "surface1Type": 160, "surface1TypeName": "Depth below sea level", "surface1Value": 15, "numberPoints": 4800, "shape": 0, "shapeName": "Earth spherical with radius = 6,367,470 m", "scanMode": 0, "nx": 80, "ny": 60, "lo1": 109.0, "la1": 20.0, "lo2": 116.89999999999955, "la2": 14.520000000000117, "dx": 0.09999999999999432, "dy": -0.10000000000000142 }, "data":
[rows 22 to 43 of 60, columns 0 to 48 of 80]
-15.119981548445551,-14.684808802316404,-14.743899580952963,-16.219863733694893,-14.607876672261526,-16.176419799560726,-16.14430002949409,null,-16.269708559706572,-15.933984586097353,-17.354732387222224,-15.634108823599053,-15.518758337216063,null,-15.350984764929555,-21.37481716758518,-15.228509792386065,-20.957550908725874,-19.010512342940853,-17.855161690421816,-16.212578486876506,null,null,null,null,null,-22.24380643266271,-27.836902778324905,-26.280730599483423,-25.910376982043616,null,null,-30.244091964170906,-35.13805198520323,-32.86629605009322,-32.876455712527125,-31.04991753133914,-31.964336646396582,-32.42423114128703,null,-29.795227985317116,-34.73070615736512,-34.4674848048852,-29.202175694207636,-33.48672378451421,-33.74643068324678,-40.0917705155612,-34.78903961002861,-34.90554540712958
-16.9780450056905,-15.143284199369369,-15.881478544772941,-15.925230557576638,-15.169336517082339,-15.993470600219425,null,null,-16.973966039399247,-17.45662760364152,-17.647295079171922,-15.783895700931017,-13.82563595025577,-15.288449873048553,-16.51114930746872,-16.363752697049257,-15.419462553229675,-21.79895353363651,null,-17.88879883244202,-16.847906442664332,null,null,null,null,null,null,-21.993974247033073,-24.639386644304945,-27.0422554954401,-19.49773265901179,null,null,null,-32.11390300617812,-30.42935675194483,-31.45087865215032,-33.33552768245103,-34.6368857840118,-31.761775489341943,-31.251975939188817,-34.00735137515587,-33.7995012252029,-32.051321632236004,-28.77004468105382,-31.254807555945597,-30.390628360831766,-30.956260630754095,-29.28367978610139
-15.525901514776942,-15.365947462605591,-15.346754388799695,-16.06707994171549,-15.216575404678183,-11.906960334027968,-12.677609654249498,-13.068448095511,-14.515852223706073,null,-15.46617101626882,-15.312703613022116,-13.947555459738275,-14.021801886628163,-14.83486616201094,-17.23949844342693,null,null,-15.612119509507144,-17.85185570993506,-15.084609582003617,null,null,null,null,null,-14.08569308846435,null,-21.867843633398593,-25.538304957853804,-24.929050572539687,null,null,null,-26.279330793766796,-29.269273404311647,-29.179311989449875,-33.78134350497856,-34.711474647389736,-32.13104558641416,-32.29590984149523,-33.91631026104227,-29.301390195014804,-24.548618389253196,-26.387512233949874,-26.775482923762226,-27.707974791030978,-29.925776032399312,-28.667595395747675
-15.792686627671376,-15.93802096336809,-15.304927867739671,-15.98326899441167,-13.738755622304696,-12.995630906071469,-12.41286684371346,-12.09521906874664,-11.60894603736824,-13.654245615431554,-14.738618728088474,-16.042533945515842,-13.775236327420194,-14.873973252535619,-15.551596806859136,-14.265633678189744,null,-13.922989561524396,-18.675852950130956,null,-14.32406704102095,null,null,null,-17.462007463336036,-15.578785272929368,-16.265632220535462,-14.326744821853133,-20.03230029426684,-19.463632560271485,-26.73188555332768,-20.033715272191742,-25.554644999375547,-16.789226529025473,-26.807913178718042,-29.193738490687885,-32.36171392139254,null,-35.299536103544895,-28.20464282822881,-34.41131422084242,-32.302259143348095,-27.061985652905058,-24.84129592236287,-24.417566853038082,-21.78381984763199,-23.639079570554436,-28.031622392840525,-25.87732930161396
-16.687796686473508,-16.176100741499905,-15.420879321366108,-14.658052356809508,-14.43960894094648,-13.641726158846286,-12.94953691520164,-11.918862575545695,-10.958633511601029,-15.905541730776665,-17.787488142625204,-17.551490806569515,-17.62657760574727,-16.428329272376395,-14.949420698409579,-16.713247928791255,-15.657974899606689,-12.761680531324089,null,null,-12.960932470971931,null,null,-14.258668637513946,-18.20031722717603,-20.370593037396237,-19.69737739639203,-16.855431114663833,-17.742317869822195,-16.833236528100908,null,-25.341545993809994,-28.900002806942908,-27.43605616603831,-27.299222713192048,-28.793494527586443,-26.305002499593463,-25.519309847926834,null,-32.662783883216534,-28.193941474839022,-32.57315502564231,-34.53236962115957,-33.57069523921342,-32.95203889551055,-25.529823010480722,-17.070604786286562,-22.852274780589912,-23.889862611106313
-17.72989723621679,-15.651635253987394,-14.738601070185613,-15.438347187578099,-16.694217479061706,-14.426680535258445,-13.925883143475994,-12.720159234433323,-10.303115674971114,-15.218877766334389,-14.751264782633228,-15.883792305183722,null,-20.793160483707677,-20.012475433175233,-16.552836761896607,-13.993638407735435,-12.413827813565597,-12.208237918385718,-14.28257505817507,null,-14.261180143408925,null,-15.098203070722388,-18.617747412967113,-21.71904583915708,-22.46670226807691,-22.664248994422877,-18.23039589040768,-18.581518631258014,null,-22.57094625354256,-27.32553012991364,-24.956186634976785,-21.731495455631876,-29.948281975072838,-29.428020847783383,-28.76787270808008,-28.825404451065904,-29.63083431857957,-29.557842908583094,-32.77635856234551,-32.5221344085715,-33.07036478784701,-36.514947551106616,-36.022197623651934,-31.529959199308685,-24.674602542469053,-23.79600479641569
-16.794083489846326,-16.254976381701585,-16.09732331318156,-17.01323727980554,-18.525459033389268,-14.922813115928486,-13.352618351179713,-13.035231812812604,-10.823831169212426,-14.15559679084301,-14.944722483172738,-12.59914728290834,null,null,null,-16.582100812665935,-15.2400993712922,null,-17.920702708651888,-14.631094834908367,-13.011662898170345,-10.286072090136322,-16.95828158245487,-15.644529350708032,-15.85618770485138,-20.091073570870815,-23.405335081862802,-22.638628662225443,-22.224123924641454,-18.32418018791758,-24.9523382566771,null,-25.706467051607376,-26.910117495007754,-23.543422718522827,-26.57834579223944,-29.814073941918302,-29.653513483670586,-30.43967773413857,-31.060553764062362,-29.610343701897765,-30.381716394759323,-30.73984164199841,-30.533232491576285,-29.608207046373053,-33.601910642827,-31.800485807302607,-24.744609236772597,-26.056385710161972
-18.13148163250372,-18.190737901756293,-17.042286083967504,null,-17.93501068318428,-14.085973965591236,-14.668294377711039,-13.263864627327854,-11.287953619529516,-11.78758423725193,-14.57723204927623,-13.173358683454058,-11.739738939725736,null,-11.168112404803882,-14.854907381588594,-13.722261772395626,-15.482704628429127,-14.264201692442747,-15.5815317639258,-13.412035672077957,null,-19.111890443187633,-15.352742089333084,null,-17.274809483052138,null,-21.97049044024094,-19.59670736311767,-20.121848558267537,-13.82669626510047,-24.126693737627804,-19.071415283255828,-26.915583361122792,-25.58489556802876,-27.125076591276713,-32.65140563658823,-29.68248316137784,-29.49495006770542,-30.66491710523963,-30.237490875360994,-29.63876622291971,-30.675431132992813,-30.692970825947597,-29.556769242917717,-30.27182870812268,-28.999951569408026,-24.583621313128653,-22.756866133224747
-15.287537521205483,-14.690068192617279,null,null,-15.55408501022908,-17.159236949034135,-16.796607760169437,-14.093846063606824,-11.961713856961989,-9.60372782287705,-14.892821009920555,-14.088873737368218,-12.14508823925059,-13.174112369416843,-13.36946609854609,-15.776716423270827,-13.20101635406105,-15.900888774588195,-13.581834611926993,-18.155132650392062,-16.949169278609027,-12.301179760174438,null,-18.898431751030024,-18.321617520742002,-18.136634798338136,-14.071804278756698,null,-12.957334777426292,-15.352998804356115,-21.43766417741294,-22.482670465582302,-22.703900481124485,-17.95127846795527,-25.846068113546792,-33.03326699010416,null,-25.088679951986506,-29.237985617069157,-30.540659910477213,-29.11765862300448,-30.814314356900358,-29.657621167450714,-30.186639523630692,-28.29324407199332,-27.41441623339142,-27.56356480718311,-24.626013503814022,-22.37780306303174
-15.111692593604648,-14.69130231386097,-11.495724774191991,-17.141551051136638,-16.7629220719175,null,-15.261961499917497,-16.9909353020875,-12.602769951832192,-8.740528883991315,-14.245600750737374,-14.014753253355542,-12.785254769041085,-13.007317494518764,-13.440687650806996,-16.394157318103897,-14.213931491047497,-17.088646510352646,-15.92310430983394,-14.071180759754856,-12.486887108356214,-12.323247009699735,-12.370818067250578,-15.73921492041412,null,-19.205554671802002,-17.55951565180951,-16.199808981823317,-16.42231858030408,-14.144506195036733,null,-22.658368323342465,-21.34997307658057,-26.53550155691084,-24.129539521214326,null,-32.377199918629294,-29.972213526182156,-27.675969100527794,-30.6306625765086,-29.80308820357598,-30.446292715147358,-29.370638839622302,-27.702132601422342,-26.27859270727869,-24.078140079630955,-24.538274507928215,-24.265954942751307,-23.169826872401313
-15.00551844783128,-14.790555865422181,-15.063813292624554,-16.47511828588657,-17.504103662484024,-15.972007089942615,-15.859729882591857,-15.164039408805264,-12.798100406235148,-7.86133813727678,-14.15167351151355,-13.603595824961355,-12.373487280317958,-12.229560090076685,-13.118711128224298,-13.540362099474578,-17.555614956703838,-18.209146152264903,-16.283353247825914,-13.183554561554384,-15.754866729843691,-14.022905417796663,-12.260272903870105,-16.413106341201647,-21.351610894551687,-20.255404798282886,-19.000749906597395,-17.211942813548937,-22.790872687950895,-23.209842818673902,-18.36064623498229,-22.911128765896937,-24.015181350993416,-23.626463692041778,-23.227198837476774,null,-17.674089701869352,-28.166330886142312,-30.257396711727168,-29.47793630655881,-29.751394543026134,-28.402454845932883,-28.387390203477697,-28.464198177227868,-22.956892237304736,-23.747078673411416,-23.723152367336322,-22.825030232290985,-23.344854202725102
-14.994038319956971,-15.247611545123101,-15.267544198201882,-18.59012408074886,-17.36763425314646,-16.746052804023865,-15.943468506680997,-15.819475279362287,-13.134475719668727,-7.982842359739661,null,-13.768622347829016,-13.14493910130619,-12.730848424795246,-12.572998433853183,-14.202096212311732,-17.86621837439175,-14.639751375562234,-16.376195140890193,-16.97325753209833,-16.840718743007464,-17.2654814401216,-13.451178535399514,-14.96563174842388,-17.994286799007412,-20.864506402062627,-20.3082921032806,-18.86317985823303,null,null,null,-21.454227753633177,null,-26.163269759199157,-22.530502549090237,-25.83656992391316,-26.581691567537955,-27.59603803470495,-25.9830177968375,-28.129853961595078,-28.317902087955773,-25.891868804091565,-26.278073880407295,-27.398745521765736,-24.79023420271916,-22.990562137010116,-21.68257173262327,-21.591266580587597,-18.725163253088528
-14.436736892753324,-16.191401052895607,-14.909123848554435,-17.018350491905657,-17.249737440022983,-17.432605302997434,-16.46470318678995,-15.37507063044798,-12.530261255457,null,null,-15.554695013002434,-13.30585649047427,-13.662749979073661,-13.624433456416702,-14.764255914143533,-17.51052565059121,-16.905477074949182,-18.388255861472775,-18.80866557435495,-20.885333896525967,-18.955384031158708,-13.495856886900938,-15.45295844403817,-21.862275804781028,-23.1909722683939,-18.828760821577234,null,-14.103135173313522,null,null,-17.426139549494923,null,null,-16.778923953930548,-21.472979243303673,-25.804755586668286,-29.426437638042042,-28.870787911490112,-27.78675306616234,-28.201702420390177,-24.9637832375176,-26.23368015480139,-26.563381400471147,-23.87749602034633,-22.620425347675305,-16.911426459783133,-16.014083370251495,-20.24924961971761
-14.347316557933018,-13.827851308372553,-13.348894103942637,-16.18311747636086,-18.134114770032678,-16.91505484654303,-17.10940549793746,-15.954699653463607,-11.7529013703111,null,-7.754308456162626,-14.714960346408722,-16.176791411378574,-15.039125591790544,-17.794373978571027,-15.971130397458738,-14.984523098095053,-17.45827471604049,-17.25771803315213,-18.10296969140825,-19.570943635519793,-18.77018124357385,-11.883833932337879,-21.81128912479617,-18.684256187160884,-17.682915099203875,-19.008147823902373,-20.80618639296667,-16.77113456832059,null,-13.796654126507425,-14.584522187518216,-14.549283135199342,-14.633583989405334,-16.102397036987192,-16.874903403259196,-21.019239167843097,-27.738146494343066,-30.434038048315657,-27.88371351912308,-27.413943563108404,-27.392015060853577,-20.7447319966196,-21.51062923661421,-22.418691115159366,-24.217657337264054,-21.72206872592735,-18.11509949640582,null
-14.044425690005387,-14.733420860143184,-13.58651103407112,-14.775532795997258,-18.85620848681311,-18.14337079022777,-16.853903603026666,-15.11241698019736,-16.30206707997632,null,-13.814949506526725,-11.933071063658904,null,-18.847871785039114,null,-13.732443743267858,-13.653594305507736,-18.232230526114392,-18.638581006579713,null,-14.528810765156443,-17.002037305067983,null,null,-19.608821655328548,-18.45042883927515,-18.401960374520353,-21.40133282292495,-15.363521661228937,-12.377509532068308,-14.014650495076296,-16.219135693462306,-16.707953355700525,-15.730353943356558,-14.736311634810873,-19.383138533587605,-17.928847703262687,null,null,-26.338242824752935,-27.733089792429457,-27.309293433404086,-26.01465032488278,-24.06270187843809,-21.992156976904987,-20.999056234977694,-19.345661349010083,-18.397958181290957,null
-15.190169213243772,-14.474566290090783,-14.520862858628707,-14.252935814592032,-18.20767906731059,-17.447971391557928,-17.20841183562111,-17.17755473763778,null,null,null,null,-15.573748457832485,null,-12.68709628882257,-16.064751042440612,-15.200716185876715,-14.760881340539962,-18.02076391836483,null,-17.10853579363044,-21.089996257173766,null,null,-17.140555876667566,-18.381939298862502,-20.877778644292608,-21.123998110019844,-12.821584907303645,-17.505948435542376,-16.069565317679995,-15.035855940811924,-12.738783561342,-15.470615085399631,-19.290337158625054,-15.537388626806733,null,-20.179073688670293,-17.806899736972625,-20.145555511390416,null,-21.64066692154757,-24.514026057163374,-25.1739033063534,-25.575808613524952,-20.86958894996419,null,-15.380983210597668,-14.885793352846974
-14.783757309985393,-13.514579292887746,-15.670799815397933,-13.867810397245803,-15.66063530300867,-17.458705405124142,-16.435583466977437,-15.539801416278213,-14.353299994753998,-14.405992847048333,null,null,null,-15.539364109321761,-17.515764752116418,null,-14.364738271303604,-12.946558586860931,null,-15.977408523338536,-18.79109045905141,-18.510413852403445,null,-16.241109120093824,-14.738066256813308,-16.473659654283992,-18.225257503614266,-22.374422052749573,-16.031503519093373,-13.175154497792285,-16.119135930766753,-21.42729621391892,-13.738393480243491,-13.351528387987173,-15.671789804936948,null,-17.051696887948058,null,-24.494014751988217,-21.280894006615238,-21.140905157944644,-21.18919747161651,-21.272045707973458,-20.785576610791658,-20.166425092883728,-23.128252522383857,-18.203190412341677,-17.319544322908676,null
-14.762054953617898,-14.878469346761534,-15.110087737729769,-14.034946604704377,-14.083771242445797,-16.301651502607985,-17.186386769313568,-15.950942222939426,-14.011545841089827,-10.944523521393235,-11.911931293915258,null,null,-17.466615245283027,-16.573999962015883,null,-16.220326056775935,-13.252658410312359,-11.016385065774378,-20.756223418655214,-17.50023522661356,-17.684816871782715,null,null,-12.013893251296762,-22.397075242296324,-25.769994765743334,-23.963397127457842,-16.86160514165138,-20.40746089835774,-17.700538950541837,-22.19493894617035,-18.548840995504527,-21.08298071886332,-19.82781182274882,null,null,null,-15.249686302381761,-21.852505086102788,-16.08269460191331,-17.48657547725467,-20.490228907740406,-22.931778414250324,-18.872768176943907,null,-17.669954591053237,-16.284801746435186,-15.67798799418269
-15.320038359928798,-13.530662267335861,-14.821010991338003,-14.320113772393437,-13.021243040850294,-15.109755685728684,-16.449394363202124,-15.869732244521993,-15.04538139320109,-11.833196071258063,-12.331071586821363,null,null,null,null,-14.246447371864722,-11.297584598334684,-14.823139880151425,-15.825316753545874,null,-15.576348707723879,-19.667162681431535,-18.64650333717533,null,null,null,null,-22.419337025219484,-16.618034862449335,null,-18.379419209990065,-26.09401790054692,-18.828040075909705,-19.719918438056165,null,null,null,-12.246111936747196,-17.919938163647252,-20.340296611911732,-20.166762112855935,-19.887106270207827,-19.910164054689485,-21.25574081201889,-19.457894711508715,-16.106561118862835,null,-15.495970688709788,-16.810179444573038
-14.695983206449885,-13.059996346159853,-14.80807008046759,-13.870129205741627,-12.117742588502825,-13.218915037761652,-16.065174233098695,-16.87459019529436,-15.862481269356035,-13.869733264079095,-12.055567451926002,null,null,null,null,-14.771912763663835,null,-12.961365203805133,-9.317358379484189,-13.867306890685045,null,null,-16.367218184299713,-17.18526917985588,null,null,null,-13.869836841147865,null,null,null,null,-17.955162240066038,null,null,null,null,-14.69398902690736,-16.267435175751473,-20.76237738827653,null,-20.7963893474791,-18.12573934056956,null,-20.818427036260935,null,null,-20.980926445133022,-15.104550147934429
-13.485894761968057,null,-15.166442835195749,-14.573134592202766,-11.801174583617273,-12.760793780947278,-14.064671226959122,-17.21402855814578,-14.994097293297997,-14.105140364624576,-10.685930864876896,-10.117936241190044,null,null,-15.345010560786307,null,null,null,null,null,-15.695694083074052,null,-16.93787219315785,-17.963498578449055,-13.961599031856709,-6.271163957663289,null,-13.2871733205883,null,null,null,null,null,null,null,null,-15.635372887675981,null,null,null,-20.82542599703171,-21.589311731018874,-23.578738906584366,-23.06629267985814,-18.184353055475032,-21.17112107324157,null,-22.738310825853347,-18.440227913345975
-12.223184788229982,-12.504340415334184,-13.927535744674948,-13.01029339605449,-11.273786624109695,-11.654192511027036,-12.639395541446982,-15.285341060741334,-15.307462670063584,-14.638320539777643,-12.947701780460639,-11.521182039008435,null,-10.699736542716533,-11.076912411975744,null,null,-13.355347038806787,null,null,-11.47355440083846,-15.035730015730481,-16.470685080418033,-19.662873410789317,-16.426826147461615,-4.165288163543743,-5.749213487208131,-13.707061838871512,null,null,null,-13.150595694864814,null,null,null,null,null,-11.583233367144366,null,-17.256674293909096,-19.394857008359924,-19.957465910105185,-19.441884014049784,null,-22.257917561091954,-20.91841136152799,null,null,-17.904064737276148
