public/json/wind_2018-09-1603_950.json
{"header": { "discipline": 10, "disciplineName": "Oceanographic_products", "center": 0, "centerName": "Ocean Modeling and Observation Laboratory", "refTime": "2018-09-16T03:00:00.000Z", "significanceOfRT": 0, "significanceOfRTName": "Analysis", "parameterCategory": 0, "parameterCategoryName": "Currents", "parameterNumber": 3, "parameterNumberName": "V-component_of_wind", "parameterUnit": "m.s-1", "forecastTime": 0, "surface1Type": 160, "surface1TypeName": "Depth below sea level", "surface1Value": 15, "numberPoints": 4800, "shape": 0, "shapeName": "Earth spherical with radius = 6,367,470 m", "scanMode": 0, "nx": 80, "ny": 60, "lo1": 109.0, "la1": 20.0, "lo2": 116.89999999999955, "la2": 14.520000000000117, "dx": 0.09999999999999432, "dy": -0.10000000000000142 }, "data":
[rows 0 to 21 of 60, columns 0 to 48 of 80]
null,null,null,null,null,null,null,null,null,null,null,null,null,null,null,null,null,null,null,null,null,null,null,null,null,null,null,null,null,null,null,null,null,null,null,null,null,null,null,null,null,null,null,null,null,null,null,null,null
null,null,null,null,null,null,null,null,null,null,null,null,null,null,null,null,null,null,null,null,null,null,null,null,null,null,null,null,null,null,null,null,null,null,null,null,null,null,null,null,null,null,null,null,null,null,null,null,null
-16.437390166124842,-17.943844168061627,-18.748678099347448,-18.051341429270693,-18.469682143731404,-17.744588991765298,-17.981464056697746,-17.342956790941226,-16.484397537548123,-13.756672385641199,-13.695987475905358,-13.019045102211766,-13.472123676172039,-14.198879726324193,-14.02589112843669,-14.181485791288758,-16.822854283388097,-17.21274859812253,-16.934337055821498,-16.78481532911835,-16.957811888321213,-15.011448039728378,-14.450309301502582,-14.400827654577597,-14.739956234895978,-14.774176139956843,-14.589275312580018,-15.284405912046417,-15.216430189825923,-14.998250688545525,-14.173514396739616,-13.277744740705188,-11.811982818875093,-11.391974794918696,-12.391943872885124,-13.28342287365245,-13.22408674106368,-12.471342648914042,-11.69166949955834,-10.549608892044837,-9.767514428715646,-9.188471350804697,-8.25467300135682,-7.907190900845188,-8.030144455905779,-8.807640136278192,-9.935343867234483,-10.286281395724652,-8.657133841955556
-16.761411030064362,-18.11654300739494,-19.08943214162749,-18.42651617020015,-18.384392986091154,-17.977840627231693,-17.76912428892578,-17.061613583905935,-16.02843899053896,-14.047917104484188,-13.901654916420187,-13.011357394416128,-14.679082844308745,-14.797399773176078,-13.48917764071474,-14.085167696606756,-18.02809619256763,-17.75281765881402,-19.65735387523499,-20.338833861861843,-17.96272592559239,-18.467057156616416,-17.890083000047962,-15.209500715708907,-16.47766104807468,-15.803078881485288,-16.851695780468237,-18.35290534644027,-17.530318163107133,-17.07201804148395,-17.063841606855608,-16.68675359323871,-16.69140998717509,-16.090728566730625,-15.634101716587917,-14.781602534160475,-13.557398203217124,-14.92173341984028,-14.711683611641195,-13.164173039892997,-12.777510844764116,-12.614603706370335,-11.98999823129466,-10.64442671201288,-10.53920710261415,-14.096556544615408,-13.622956318127978,-11.64852809477366,-12.059290075633584
-17.25927311540794,-18.320877365205842,-19.182494432174185,-18.639470107369032,-18.035199781145515,-17.378947838169264,-17.881925373485007,-16.841016241120112,-15.357077703065105,-14.22662063692103,-14.843676268724069,-15.198076053281435,-14.641626346436322,-13.550556488531614,-11.751056931073595,-12.779185187237948,-17.312413802754513,-16.068749699091768,-17.931659266762495,-18.313842842897017,-18.5612941840623,-18.50595279958453,-16.426937302217418,-15.117453951660139,-14.725824394731045,-13.932123981273865,-16.155548187026948,-16.425746149058934,-17.092764350019895,-17.08171408351406,-16.771752112151642,-17.233217269335988,-17.344466244810064,-16.796467567302876,-15.992148475197835,-16.172729387219366,-16.698806327222464,-17.380568985397495,-16.7464097261098,-15.604190847596346,-15.956531989611388,-14.538600801092102,-14.991421253140539,-15.946484744149393,-15.630560784290338,-18.189362857849606,-18.849085298840453,-16.360258046900846,-15.696691387849166
-17.667458917255335,-18.164720395229146,-18.615360472576754,-18.549689863962115,-17.34370137178459,-16.76471318034129,-17.46798851729647,-15.359461357033393,-14.732288856731651,-14.777799418957935,-15.623137011784262,-15.349530723513514,-13.776425336056665,-11.858155078731443,-11.142053679345878,-14.174220082891448,-14.917260833609818,-16.052996351547534,-16.38466428908868,-15.82205487436263,-15.969290995701057,-16.354860170435018,-16.665235672576703,-16.26646396088633,-15.491237800211557,-15.010956637071848,-15.207691245332803,-16.480890289894905,-16.13434829655352,-16.473128502621922,-16.474778633385103,-17.42661813265125,-18.231365525683536,-18.206229833070147,-17.671248068382678,-18.524584041949797,-19.75709810623526,-17.267289511224156,-19.019257997225843,-16.99830496332025,-18.28395870530016,-19.46244719276836,-21.155551438987526,-22.843218036619895,-20.550649997061146,-18.143454825599477,-20.60302510383832,-19.8227550258769,-17.07901204826443
-17.995550733348647,-17.911764555831876,-18.517596339628142,-18.08479370318567,-16.857602766557733,-16.314730214246932,-16.84010695003607,-14.185172102258438,-15.335188858077109,-16.490306874573065,-17.949952305007283,-15.427598666855936,-12.681738185331868,-12.19449888407827,-12.621798321666018,-13.705413596114443,-14.057258830476693,-14.771995717296655,-15.696325191240653,-15.22869834571774,-15.373484273424246,-16.60433224405498,-16.525005644096346,-17.419865976651046,-16.326421037240724,-15.699461452221547,-15.391480605550088,-15.565492202202826,-16.97273627775673,-16.417815168677976,-16.371986695331305,-17.645912842766137,-19.095456351911082,-18.521069140136163,-19.460842157596442,-19.708777437013566,-19.87512526597512,-18.312572181168512,-19.876496756526365,-18.793239260888935,-21.507886242210063,-25.682894747606582,-25.70721681228825,-23.27882338319735,-24.085294236129357,-20.683148169506808,-22.798463473668793,-21.036162443308566,-15.45379846264335
-18.262668550407835,-17.832087497493923,-18.259235719455365,-17.483818772460374,-15.909474645298706,-15.933539629826177,-16.21942025482962,-14.768057750370374,-15.796255796812751,-15.810519647494676,-17.846891288641856,-15.580087218552107,-13.283383413320962,-12.666278220872655,-13.527632396375392,-13.797747973343375,-14.862078713876436,-15.91103097135867,-15.658693679244392,-16.150253763882276,-15.6085508685589,-16.271861784447907,-17.07260065336515,-17.69053157274288,-16.386397850641572,-16.807697364162767,-18.189812098099452,-18.31430865981431,-15.544535119598914,-17.42023241055967,-18.25173085497968,-16.78410730016615,-19.04173061154594,-19.797347708804033,-19.75393222886304,-20.358124646486754,-19.678961784559583,-20.327318273100936,-22.30930675412972,-23.25506914526776,-26.36759727640781,-27.145946043652835,-25.490670297145233,-25.646323142184716,-25.43413971793249,-23.875321587932433,-25.584599127667854,-24.193104585418766,-24.191452371990835
-18.378370368027895,-17.295150568906575,-17.597974735861914,-16.905489501681704,-15.776222653430901,-15.753052887437892,-17.522086770651022,-15.443618354708379,-16.599879017994258,-17.440463741640222,-16.240380712856872,-15.347591428110166,-15.001973187382994,-14.297401241586382,-15.098852836381297,-15.001451245410994,-15.14576652885694,-15.228617700466232,-15.480157153365928,-16.648857756368418,-15.458312818018694,-16.37809566418774,-16.70321447832411,-15.789626519205124,-16.524565660159734,-16.97922227418585,-16.66305463230177,-16.99002799008956,-17.901075137365428,-16.72460331495367,-19.167871136175076,-20.48034887093542,-18.825781031678886,-19.774736252040125,-21.088389721294032,-20.714167382873534,-21.636356965210062,-23.407004606978855,-25.317087055103958,-26.7331913683554,-27.257614041240906,-29.296676242055707,-29.44212803496846,-28.243982641406987,-28.46706232265259,-28.040114819205613,-26.088188421675525,-25.27639225179646,-30.683891054523567
-18.28426321410774,-16.194971559010053,-16.561036988802257,-16.253146159291813,-14.64043741716251,-16.067888946664446,-17.289599355298147,-15.80827454767827,-14.986097177031846,-14.931289133265505,-14.092139663850709,-14.588710461496486,-16.21850095826249,-15.581228972390306,-15.399921142267564,-15.63508870142992,-14.390301827958329,-14.681911814576182,-15.434782933041127,-16.130158191861295,-16.70033726146421,-15.813385343524859,-17.10424876363386,-16.79820973309359,-16.5494758128538,-16.591649429624933,-17.32090236357193,-16.904496017713967,-17.109456626659245,-21.546340207766193,-20.9062503198841,-19.40564958870689,-21.17419599044173,-20.754825868613427,-21.688051974810467,-21.576976466092724,-21.223066571576403,-21.17259263748013,-26.435344154200433,-28.014385684996846,-30.5474227377363,-29.98224804066782,-32.08946611533441,-32.690218671087884,-32.39342307041663,-30.71351570006332,-32.43011916907095,-34.44946075284735,-32.77332544085039
-17.717433925016557,-16.508070966484514,-15.456533343865967,-15.485543321607222,-15.809467549545083,-17.279958755617596,-19.893816657684496,-16.044156296693245,-14.346279931479593,-14.926105587240414,-14.400608800484946,-15.102669420893443,-15.956065826327846,-16.140937827851086,-15.275787820936674,-16.945423178917295,-14.061033959557127,-15.026527850791803,-15.771407640884522,-15.803430595457156,-16.92384670560893,-18.076182888269933,-17.83976067528007,-16.867269475377682,-18.565960252523066,-17.76650626306237,-18.654928609957135,-17.66678280515183,-21.443930275413905,-21.56196868316167,-21.015577758268723,-21.64672724878071,-20.78721430648625,-22.97019916291662,-23.715109144894434,-26.41625609480137,-25.233515213805845,-27.155172420971603,-29.0332453523863,-31.27192444949807,-32.873968411599414,-33.87704281861283,-32.21218596849373,-36.27239010112969,-36.70750222757799,-34.083223473654634,-30.60632983792255,-33.41414823215642,-30.811951526922623
-17.23264700976702,-15.440902464841685,-14.793715402333596,-15.05237977235765,-15.48224373793275,-16.637679997852153,-18.401643523310273,-15.862401030839,-15.234967117462967,-14.846327390551377,-15.095321725439405,-15.764148734307035,-16.62831321718388,-15.679838354622891,-15.671679176501023,-17.41008752773401,-14.047542141081916,-16.5805725355985,-17.347749400003625,-16.870025820735894,-17.852419135540682,-20.21941484995922,-20.75604838944443,-19.44805324899309,-17.664144489056497,-19.409329051084846,-21.115299453282233,-21.47245217011552,-19.843326663809737,-21.917679883549734,-22.963108316731894,-23.039487851042473,-23.761471406156456,-24.035801234682133,-24.768164331606158,-28.672928307656584,-27.352619397602375,-31.127352550743296,-31.947557105342668,-31.90630144605506,-34.168769045830736,-32.38224960529892,-34.30723022208681,-39.68820757748968,-39.80439902933565,-37.070093990300926,-37.395318063767846,-35.9968199058304,-27.23363922801127
-16.439067764254123,-14.855325089213833,-14.811405216803054,-15.699530839697863,-15.021351579029494,-15.645199143416322,-17.358833240754173,-15.597953689395123,-15.185006966484352,-14.919555222754521,-15.373230454094092,-12.779302076604932,-15.06650935401769,-16.273656361523358,-17.316352903335314,-17.54755299478974,-16.369272837291,-16.32411328159599,-18.068636260013168,-18.60352959350066,-18.661143003317015,-19.985547200447428,-20.336445462390817,-21.362774265242194,-20.997728366546625,-22.64793216634758,-19.282745191722434,-21.69832825408529,-23.247789463811692,-23.154796767452464,-23.39689914878962,-24.13474664349299,-24.26707150349524,-26.225965393297013,-26.737212263523062,-28.789510827129156,-31.31624039146062,-30.277928360349456,-32.49544170536187,-33.629282907198046,-35.02387201641674,-33.8048066594756,-37.82348087961957,-38.45198429386218,-41.09043986742776,-38.201639551539046,-38.962951146563896,-37.11694453997232,-25.269471903575475
-15.410082249344288,-14.433816898961481,-15.184996772006407,-15.250282331057633,-14.994899180243898,-14.982847716433094,-16.168439072506402,-14.759518456946664,-15.162228325313327,-15.850149188279753,-14.956307906835933,-13.833142892670338,-15.91520489858344,-17.155414144234527,-18.056489096544848,-18.143982042202545,-17.478376470898624,-17.377391501976057,-17.98617867702962,-17.934373380845052,-17.83881906007636,-19.872002716557695,-20.33223331942638,-20.42585973059522,-21.85108046566268,-19.9821070717482,-21.517568437949667,-20.650488263432198,-21.104132901351402,-23.764375114193296,-24.95767547009555,-24.59572012759603,-25.423229152949286,-26.294711835511446,-26.847422039304597,-28.717541939936446,-30.622769862282148,-30.45966786953695,-31.317794935685917,-34.74819094845272,-34.72218015071776,-37.120451182058346,-40.769667825267895,-42.444353407836765,-39.12972130867595,-40.78133864305799,-38.245128725827776,-30.569941049479894,-20.289438202307142
-15.067749569338103,-13.4386785070005,-14.009367493351105,-14.660860912521928,-14.579061747463973,-14.977234755989873,-15.161917460154864,-14.644628165844352,-14.801998263253065,-15.095547590178732,-16.11955182790609,-16.11975129566058,-17.446012852225028,-16.847607966489427,-18.921348303876478,-18.41353049845664,-17.9771054371652,-17.410508055000385,-17.109705516384448,-15.133262110762821,-16.408964657822686,-18.334233706918084,-19.47461876196714,-19.96284270325038,-20.97699317205241,-19.093241853527985,-18.412778298283264,-23.96348496233317,-25.58794199112773,-26.225121879065373,-28.101203293808382,-25.239833529883043,-25.71019073886677,-25.30443040891537,-28.615663002539648,-31.534804075678885,-30.10708650894137,-30.972340553654405,-31.433995127608902,-33.57329559287037,-33.95186212434333,-38.43383158997722,-38.17985476571293,-40.38607251453571,-37.66672304279887,-42.79386520760442,-43.432724626090824,-39.3585380901101,-23.834562338558165
-15.298645842477173,-13.439762550720094,-13.925434523603018,-14.466374264334661,-14.16360956146002,-14.404087690087229,-14.283612068766276,-14.359129135820677,-14.237836926085794,-16.06789578316267,-17.401180179354842,-16.763118713635404,-18.483908763050938,-18.34111369463582,-20.340050060067313,-20.403343850546385,-18.23718540380542,-16.944626340619617,-17.140297094833723,-14.600229095012203,-16.104291633180296,-15.987850439707156,-14.336213190650668,-17.9571176725925,-18.47602879306231,-19.793091104557185,-27.039490248782155,-30.48621548252249,-26.033018213277867,-25.691813534870892,-27.1227353245698,-25.74208231622992,-26.275012802963808,-25.42936132688181,-31.497776877816705,-33.41107384079385,-30.568918296318248,-31.377971884048563,-32.69765034230074,-33.240210886763286,-35.49894906903825,-38.952416687349405,-38.937346429471226,-36.90953205454457,-43.22192168252182,-43.45102283059624,-42.617298475282084,-33.26757946821259,-22.69624457655815
-14.849013657206896,-14.048954271946169,-13.787228561937518,-14.54526564622327,-14.228243470476674,-14.379332439914496,-13.215748940979534,-14.056471011972228,-14.53536998047813,-16.491629317903612,-17.872040428031113,-18.23604952317368,-18.530406871245326,-18.993831543546534,-20.240499939804543,-19.923684150753772,-18.66665211301367,-18.078667980498324,-16.90488130186828,-14.899443488189043,-16.89281674816835,-16.050661370879105,-16.00289110822387,-12.5722285099628,-15.412413349255596,-27.542043629971065,-24.51302077317184,-24.56695983592462,-27.81863789650565,-27.082593865861366,-27.89344469165247,-25.504503090630816,-27.07977808580246,-28.706717577565634,-33.477774881431564,-32.25606911607985,-31.260769772920682,-31.55144550286886,-33.95996255110568,-32.88722031029289,-36.58079731711031,-39.53421312725284,-37.201767162405524,-40.95032310737001,-43.41845113357373,-40.83020918676341,-42.041570698230956,-35.31891179390397,-21.49965219785513
-15.237467960641526,-13.953957628866545,-14.407167632202919,-14.649277111927233,-13.967855955849034,-14.312320850842202,-13.599410463022103,-13.327232343740402,-15.477591077048293,-17.199395433008533,-18.49399881044989,-18.35390817550963,-17.69405646423956,-18.82830006784918,-20.608670597515413,-20.549546254560692,-17.991948156401676,-18.743924484526225,-17.5841083209835,-16.252845313456046,-17.543139763797665,null,-17.49591593823241,-8.420683253114357,null,-27.294911212082344,-26.692666893735385,-25.61003446823303,-26.418039306230916,-26.799942800451813,-28.724579379313326,-27.00106091249691,-27.86437275019196,-22.991471246797467,-31.271525302410545,-32.273439974727346,-32.673508014656214,-32.79438458212701,-33.45199465642606,-33.042020521513315,-36.30641002005589,-39.26431828989415,-35.73130653862132,-33.82767958782907,-39.89737199531546,-40.00158101220502,-44.06179821940817,-33.61898703199397,-34.27094736132237
-15.03440786281152,-13.73239789089224,-14.316315831192645,-14.406495008568301,-14.4191546778619,-14.580871899517799,-14.034541608333589,-14.538374605433523,-15.03657700333682,-16.636691684866573,-18.435564823489486,-18.28275395967883,-17.87656786931742,-19.578843380139332,-21.480717091173613,-19.60209611201526,-18.766899135266318,-19.346957297541728,-18.548575455235465,-16.687246408788347,-17.760306704160723,null,-21.799732789645212,-9.341050171993821,null,null,-26.615689311551478,-27.66776307877578,-26.287881496479347,-28.501983257765687,-27.09227194159787,-31.489501869380888,-31.93191504695043,-28.549052248765417,-31.63171024303321,-29.76109889023531,-28.8590665459477,-30.183921601403505,-32.457797439639194,-25.489037208862793,-38.33695011274732,-31.534263790496237,-39.14788013664888,-36.84337423100479,-35.65328885886076,-39.19532637333353,-42.51394884384776,-37.32862627133698,-37.05068643292704
-14.509498808652406,-13.796048863932528,-14.076447319737607,-14.43348938162222,-14.475979477505053,-15.07098779305246,-13.114777304966841,-12.656654416879615,-13.487372538713814,-14.901500667421079,-17.44731752099282,-15.873308634498056,-17.51775668805232,-17.066598227298655,-18.770963598456834,-19.104446232063133,-17.127948275994335,-18.10641467993529,-18.13878036113108,-18.77885263546155,-17.054851441088857,null,null,null,-10.226495520979908,-11.469847158645187,-13.348685759196066,-23.081723164811894,-25.840434037901414,-25.674564767451297,-19.014043278102267,-34.401902035006096,-31.443838970096557,-27.840804028264195,-31.24684474414596,-32.077626536507125,-30.095927718314297,-27.879291213388434,-30.842411869710016,-32.397202477813536,-34.848074454393284,-33.496572704142416,-29.11326027861971,-32.84841878945078,-35.129561990717484,-38.5655136401385,-39.20079131312111,-35.71310476750878,-35.97824379388287
-15.021856806641201,-14.496571804964457,-14.775499856877877,-16.469717476970445,-15.329731038167807,-15.391011974382867,-14.653047040935059,-12.309569364042993,-16.485275735842528,-16.472882983926926,-17.177542108130393,-17.383011839439803,-18.27163843075646,-18.281587854854585,-20.435834079686813,-21.75798669753517,-16.909079097566714,-16.842723610286296,-17.061363496538966,-19.03611600278991,-18.1141706955578,-15.429022169093157,null,-9.70972594875487,-21.434411369019546,-21.77818160119879,-28.376902595613334,-29.75932133352977,-25.052577471181262,-31.09176920127694,-23.61843355024009,null,-30.26113543998274,-31.32405091532256,-32.556997135961936,-25.96723732809357,-32.45607846369725,-30.313648557518164,-31.743715681299868,-26.656656504222447,-37.990793520437286,-36.00622288849961,-32.491370829995404,-33.43107806515675,-34.67178538407777,-34.13768093704992,-37.08183100229843,-31.99769675869288,-27.656043360283476
-15.713733817307736,-13.798033309080225,-14.903121023740756,-14.648202758274241,-14.0412485022106,-15.200923223431115,-13.667680499031032,null,-16.86814142372706,-15.480238016334225,-16.856166391981276,-16.15912484704999,-15.137097459656538,-16.48490142151426,-19.4719636525657,-16.692815668940348,-18.989902412421397,-18.996636310701916,-16.750099820896853,-17.88566610793588,-16.44288815297505,null,null,null,null,null,null,-28.77336434509523,-31.2611318707204,-25.90850456169246,-21.597440573715133,-24.341751893472793,null,-31.829904295122205,-31.694500923695927,-31.863070031714294,-32.07211789759447,-32.02210667097232,-32.49684442080072,-23.678865295566126,null,-37.21833088793176,-32.76681245705079,-33.94520078541757,-36.09732545642347,-32.85903451984165,-41.59456004532795,-36.804394910523584,-27.143890391052658
