public/json/wind_2018-09-1606_950.json
{"header": { "discipline": 10, "disciplineName": "Oceanographic_products", "center": 0, "centerName": "Ocean Modeling and Observation Laboratory", "refTime": "2018-09-16T06:00:00.000Z", "significanceOfRT": 0, "significanceOfRTName": "Analysis", "parameterCategory": 0, "parameterCategoryName": "Currents", "parameterNumber": 3, "parameterNumberName": "V-component_of_wind", "parameterUnit": "m.s-1", "forecastTime": 0, "surface1Type": 160, "surface1TypeName": "Depth below sea level", "surface1Value": 15, "numberPoints": 4800, "shape": 0, "shapeName": "Earth spherical with radius = 6,367,470 m", "scanMode": 0, "nx": 80, "ny": 60, "lo1": 109.0, "la1": 20.0, "lo2": 116.89999999999955, "la2": 14.520000000000117, "dx": 0.09999999999999432, "dy": -0.10000000000000142 }, "data":
[rows 0 to 21 of 60, columns 0 to 49 of 80]
null,null,null,null,null,null,null,null,null,null,null,null,null,null,null,null,null,null,null,null,null,null,null,null,null,null,null,null,null,null,null,null,null,null,null,null,null,null,null,null,null,null,null,null,null,null,null,null,null,null
null,null,null,null,null,null,null,null,null,null,null,null,null,null,null,null,null,null,null,null,null,null,null,null,null,null,null,null,null,null,null,null,null,null,null,null,null,null,null,null,null,null,null,null,null,null,null,null,null,null
-14.628911511232051,-13.182410875368008,-13.407189123121604,-13.690800553167412,-13.699446209908558,-13.521878305905064,-13.199008515514121,-13.104723321277117,-13.546987919365566,-11.588812412504844,-13.034755518748913,-15.410792477166389,-14.935500063785549,-14.524183834037135,-14.448293178755474,-14.51062101393564,-15.153306466885248,-15.526528487639602,-15.527076377246864,-15.012782082968936,-14.17973488239329,-13.846070983472234,-12.882248260955235,-12.109894238306882,-10.85906729278463,-9.778489904839361,-8.848482491107802,-7.988032504359769,-7.376003605365323,-6.6993123369094425,-5.919191611236984,-5.1016113870224995,-4.351653862845565,-3.693101363197892,-3.264351389179239,-2.9184553188522964,-2.917877730847876,-2.619622514099218,-1.993958430569362,-0.6216838352863624,0.753690026061674,3.3963198052794317,5.796464984138769,7.442289811081512,8.57188767527725,10.055188902235983,12.348571678005205,16.477412302913176,20.022863343553386,21.369574346146962
-15.313649269700676,-13.987901820030164,-14.158120158182602,-14.242320744019665,-13.978009167329702,-13.576696413219786,-13.561572135930362,-13.976167847774448,-14.323246761717307,-14.4684104909877,-13.765967130063787,-13.450887180361718,-13.214078967372082,-11.75085299475433,-12.508734073518394,-14.823249474548572,-15.590226867565312,-15.02375985631485,-13.540821805085328,-11.8834834038535,-12.162175799985793,-12.979901375079436,-12.65514104413443,-11.134577118391435,-10.460334255430409,-9.495739663796124,-8.868818471690876,-7.951927048948751,-6.66215840144934,-5.1729358572483655,-4.329512323286732,-3.3546813254068875,-1.6919858356744708,-1.6148104582228906,0.43117305831008723,3.17690952506828,3.1053558457416446,3.6822065182410535,3.6511967197515296,4.329307959021325,5.74836720263741,8.210680294379541,9.649997282925261,12.71474559510069,14.433133595389698,13.519938531256496,13.94012737452882,13.480472887843632,15.516616383423894,18.29914384996133
-15.397669048889309,-14.106963069707605,-14.870284925728637,-14.11475800632428,-14.624971457897491,-13.848326096706773,-13.661726820155708,-14.4867927867559,-14.835069243576765,-14.151439012825138,-13.227282022217773,-12.27734922974974,-10.50982498224346,-11.424519783439852,-12.541303381295315,-14.011094000800346,-14.565715531214337,-13.074662724439879,-11.605088205879785,-11.544483488599079,-11.539525955384379,-11.474760990890564,-11.496887637393344,-11.108256308434413,-11.149564561445082,-10.741154503175018,-10.12573077865414,-8.95314953805459,-7.924352120665061,-5.796829643611103,-6.668355957278709,-7.458360782884826,-3.2115153002820147,-2.4480998403053005,-1.9513655314932778,-2.1829677428589926,-0.16259149532601594,1.315513772562406,2.4855318578642223,4.556269828797118,8.926330902098139,10.042102583318272,13.185049079522493,13.884275875811797,16.545995157014318,17.730531999577,17.49111297588861,16.87844449191303,18.520653548757675,20.73361973979445
-15.608234432968505,-13.828896697055617,-15.392916779257499,-14.419997424823814,-15.387488952387061,-14.53637291390239,-14.078973716823556,-13.845093716437301,-13.624458319865887,-11.815487837747288,-10.824503850120372,-10.31972796717649,-10.437670632495726,-11.877035434745842,-13.031917701259385,-14.319276995563152,-12.472911155961622,-12.280892032764847,-11.31643637825993,-11.240690980869811,-11.891654093751903,-10.235978252673085,-11.090747100492585,-10.90495778649466,-10.949559971888906,-10.858360706936413,-10.512496494384894,-10.039837950411439,-9.637418291235345,-8.56649948717085,-9.010090706775399,-7.099028593713315,-8.71836212628913,-6.742940061109291,-6.294214967010193,-7.570758651676695,-5.210812734696108,-0.03490421447262461,4.404265021971677,3.281587843016617,5.683049797977258,6.7552573163406535,13.782699611864901,15.486585206783177,13.370264905725321,17.996886443980873,21.90697797399998,22.521818353591414,23.20697651672817,23.16055807378796
-15.754649264299724,-13.953086231730754,-15.643748713525982,-15.234316302042034,-14.878730709162278,-15.325892514843936,-14.982001840549264,-13.851548609029056,-13.166930704569685,-12.331628201832228,-12.047266709105138,-11.090300076127093,-12.58755325073107,-14.57483578430923,-14.08440798170404,-13.561389699036924,-12.016394572442925,-11.790718844942683,-10.944703522548815,-11.795577251917317,-10.4548092085007,-12.15714017359451,-12.04757618938116,-12.157319553422493,-11.84891738062544,-11.514838125252775,-11.865192095163373,-11.890688774032066,-11.090870095586455,-10.389737556801299,-10.862330649361464,-9.79601563441591,-12.720673302327235,-9.131938214429736,-11.855097306372505,-11.199276834748739,-11.952411364917165,-10.105502315132467,-5.117248442261616,-4.487913349342687,1.805140455491257,4.438583739110262,5.901380721012775,10.964762202964712,15.147416969130553,17.995694286208277,16.82460965216346,21.85381131209471,26.158306940553622,27.509362417071358
-15.430338172235782,-13.914248882387891,-15.228446060971178,-15.50375734995562,-15.41267926455468,-15.359617844328179,-15.740638994710162,-15.021768117668271,-13.303677592050146,-12.225994057203122,-11.99851768017389,-12.188358839315706,-12.827205018845245,-14.47192302348463,-13.05690006590337,-13.076100164642972,-12.347806220508252,-13.448576182862315,-12.429936494129006,-11.965687089557917,-12.5354195341098,-13.142674528723923,-13.115371584476303,-13.196136679685809,-13.013654027507432,-13.66774271259679,-14.219144807562918,-13.919177343756239,-13.617446730086261,-13.157661239364382,-12.333505598943852,-12.916702564101815,-13.923097639501337,-12.213694003843106,-13.279008430665618,-16.576353347299754,-16.33397225684909,-16.50170698901644,-11.536895398226438,-9.211843985606967,-2.585709834770059,0.011225778021728918,3.5347533407246274,6.4908954536096175,11.766504077729191,19.009333191161787,21.651394822827076,22.528460328542156,20.686171698153863,21.845502903175433
-15.711424153202993,-14.436804457202072,-14.797749616647724,-15.776598385100998,-15.383478354680475,-15.99912739268575,-15.75621415908063,-15.018919885862996,-13.53358423475364,-12.185406520105218,-13.59145498580483,-12.885183969839716,-14.11224407837577,-14.938904164126885,-15.148034789108756,-15.003803971567136,-13.965346521988515,-12.859475032454993,-14.597317724929482,-14.285793439921514,-14.171892814325044,-14.642483129502327,-14.783247834185033,-15.352576298504049,-15.203062178497065,-15.547354723066793,-15.084756976837575,-15.903941443602346,-15.876280424344445,-15.182834612216793,-14.772688169567834,-17.177457989745513,-14.819785635688591,-19.0766833020162,-19.552919665997635,-19.903919817987994,-19.525554160365527,-19.621177820158636,-18.823723686404264,-17.574956886296814,-18.37067958118915,-14.523709698547076,-6.22838348371064,2.404916121348342,6.152083372391011,16.626084270798014,20.978657629085063,21.958503575173427,21.153545990563806,23.403963441046216
-15.713005941591831,-14.600515887483686,-14.399162615729514,-15.293691722194193,-15.185440913205337,-14.978189974557239,-14.94742357982551,-14.736174824537617,-14.422746867537864,-13.021150049146666,-13.059416489673623,-13.40103876807476,-14.027422128758827,-14.274682312153192,-14.778053874137557,-14.24115740851682,-15.154914312846376,-16.121037449962706,-18.14007245262563,-18.473662346769473,-17.907152299312266,-18.065643131284652,-17.0193531023506,-17.741832070441102,-17.006642562403375,-16.89984674287415,-17.02384470506236,-18.4541142052743,-17.573143286556608,-17.598318862949903,-19.438894528564994,-19.5635789938957,-19.376276177033095,-22.081985172664616,-22.643860528502607,-22.51847530890158,-22.209718870562735,-23.35667387909633,-23.14110115062635,-22.130853081715752,-20.314971152528187,-19.446466796576445,-20.791541241967945,-19.319140803818335,-13.730802946853192,1.2175279014079994,12.826827855698227,19.90826065390961,19.622649117155774,20.751684783694177
-15.938452652392966,-14.793335567440852,-14.38371608723563,-15.298499651921338,-16.162124299715686,-15.581285636456686,-15.465732079369385,-14.85804461217893,-13.796179641882983,-13.4725283307333,-12.035474073287473,-12.40354291914765,-12.78544968457943,-14.752460266617874,-15.852615125259288,-13.816483107860822,-16.123863660353376,-17.397116823561934,-18.98299881665305,-20.008239170869523,-18.946637014246406,-18.175549148756122,-18.919663940385632,-17.982796486594445,-17.715421221584265,-18.056430187223505,-18.718357797640465,-18.92440323741364,-20.76981926324269,-21.88259725936045,-21.71408125554343,-20.441877059544332,-23.112894480453736,-23.436034358328588,-24.310614623343014,-26.21881248316379,-25.327237039657593,-25.850938852691215,-26.76134507022745,-23.6060771327055,-22.73059988811045,-20.704050686483136,-20.659081160045123,-17.740612857998673,-7.098125644719758,0.18727244466059303,6.073122053438201,12.276033482748913,15.5258946560062,19.04598130221283
-15.796601816372235,-14.682007880789945,-14.139705546458734,-15.732507248415729,-17.09184909273118,-17.243376567402173,-17.16332317577384,-16.024132836472337,-15.00481388184015,-13.61218492395998,-12.069509786076127,-12.23438424395902,-13.352570425404554,-14.490722428361067,-13.316442437410855,-15.262766202831067,-16.570001922752347,-17.705900797873298,-19.945863433849148,-20.205387940396015,-19.65796205413147,-18.858168772723168,-18.577267591347468,-17.753698660143677,-18.911084487981064,-18.334897738685747,-19.245280707174288,-20.66741817341918,-21.327472899167518,-22.037925871590502,-22.921405797455584,-24.68338972393285,-24.208857866277782,-25.587863460968283,-25.74803820978548,-27.272769275545535,-27.21233434586715,-27.928147998438632,-27.36613558189466,-26.71679983414358,-23.656575301124448,-23.037433378103675,-21.411545745478552,-8.61724434055756,-0.23923340536031867,2.503978820250214,5.049963993279465,9.181766051331142,15.30307418309281,18.255257168999165
-16.127840323672245,-14.575713698049473,-14.653248558247398,-15.225084765386676,-16.798921503117136,-16.88067765986531,-17.90967546412262,-17.239097777324734,-15.982936984804322,-13.378486228277865,-12.26753848574237,-10.698997964595364,-12.16706337690077,-15.093025386788508,-14.470434605433908,-14.732937223618027,-16.492735674892128,-18.58476549581978,-20.05194159974666,-20.3129718146046,-19.844942453651193,-19.029938814923447,-17.601827530005764,-18.22645736716715,-19.31331162578276,-19.598606191327814,-18.903516498694866,-20.28262351969007,-21.786181329376266,-23.68634037812529,-26.586237042654474,-26.824276706954162,-26.729443013678306,-25.899995311081273,-28.66097507719605,-26.971991347081143,-30.35469259021791,-30.83096135355767,-28.880053725034124,-27.338459235152605,-26.14681628877535,-23.143909351405142,-11.974671375993568,-0.43224175343152044,2.8424790893312233,3.010532197329592,4.705987597684006,8.010238048996513,10.849321745766144,13.818197115368308
-16.103374506185656,-15.152290741345215,-14.78902665384817,-14.841045245788768,-15.776070254105285,-16.23165453438595,-17.86737075736999,-17.35997404169407,-17.287174150666495,-14.331375927861025,-12.021699783873396,-12.175398903417449,-15.834073527153883,-15.892042994614751,-14.665737237402773,-16.031554231164556,-16.599817860732298,-18.62690961141431,-19.991996508749274,-19.971366745174034,-20.17076426052747,-18.447843460054678,-19.451928379602734,-20.15328590114735,-20.560325815564624,-19.857586888374357,-19.41685850535571,-19.298255083852293,-22.408802229281605,-26.779572427831248,-28.359081498874374,-29.00495408007189,-29.02672205095932,-29.200952262718538,-26.731127689553595,-29.168831181216888,-31.82409627373329,-29.322861187098383,-34.62136491768375,-32.04967015429756,-27.48140457111859,-11.901291496202457,-1.954497292489933,1.4804479833938786,4.291385998927919,6.834615783606887,6.92962237654094,8.938223107416823,10.536588656071132,12.684631557328188
-15.977126098615186,-15.39460682448551,-14.5796859828224,-14.535895033164081,-16.0299382269964,-15.312365558232724,-17.83686798369498,-16.255090261594326,-16.87240762545394,-13.762419247380345,-13.24717495774493,-13.262505887491795,-16.359106557319492,-15.364293933533569,-15.397895993942756,-15.70826266012434,-18.495593016033666,-20.701039378486332,-20.6206232775541,-19.16480892758154,-19.144018539535388,-21.238983464441738,-22.01331299009135,-22.11215695895232,-22.23923353291126,-21.468593046822523,-22.35111382448107,-27.120625239901358,-29.71174444310004,-30.388926414825896,-31.687349151832933,-32.104338407345445,-31.66070995136717,-32.05841675460095,-30.688195981539344,-31.604179429088475,-32.09867929889864,-32.92255816204863,-30.52667647028686,-31.305552266152958,-18.2229609476766,-6.372314564629467,-2.2763261631827607,1.9685397180722126,4.108572744369673,6.387928551733879,8.94535752497568,10.40365987959316,11.229267231492056,13.066111316772911
-15.984204886660407,-15.236867651040253,-14.97173026727598,-14.826206276500917,-16.034794232047993,-16.57673511303787,-17.105087366964693,-17.418092642559195,-15.805397605656545,-13.83921819441021,-13.058901065726813,-15.831801784648116,-16.153679152613034,-15.598255038198433,-16.57907228796835,-18.200255423830704,-18.892186104731806,-21.004908263465254,-18.576853219763,-17.992587493071746,-18.390130292830428,-19.532385272402433,-17.89148653703338,-21.989847625176672,-19.045849395084293,-15.929043231505577,-28.789173071690342,-33.74435663786895,-30.1747138642786,-30.63343584944287,-30.90700577644234,-33.5045505481952,-34.730296531911286,-34.301688534739284,-35.668645055281466,-39.01598431953909,-33.951096341774345,-40.26829034137865,-29.95326400991725,-35.17920266071693,-21.635460586480903,-9.24452087170609,-5.615028860703774,0.38167339218456386,0.1620104449519496,3.3501281241678598,7.912448606515939,11.061298649583337,13.078204478546894,15.201713534556456
-16.20770088374643,-15.594669528038668,-15.862402092469123,-15.629198939262201,-14.903121392691475,-17.168886503452455,-17.066845963929246,-16.925373052338756,-14.585323789374417,-13.082516338697891,-16.748774121157116,-17.522430238309507,-16.765886754664734,-16.03238182598478,-15.716993703320838,-18.89192352326253,-23.87489406940255,-21.412381202005932,-19.98002586796479,-18.028153351622237,-18.974071907839065,-22.706908639821968,-21.814100412775264,-20.410244122174106,-25.331879143704978,-33.786258837207164,-32.00890210592417,-24.802959532706844,-30.221990353174135,-30.24294353790116,-32.20669472164121,-30.615020732078055,-33.981759591317754,-34.59620216835389,-39.415436571000306,-38.72228352303595,-35.75180301477684,-37.668496998340395,-37.112392515357314,-29.814792486416493,-20.470566184985387,-12.365445940091236,-9.014147559369949,-5.43016660903549,-1.4636867806946179,3.3029405868565234,7.473074826961438,10.021362124057031,13.36544513102098,17.78152091006376
-15.857251629307662,-15.488068653854791,-15.726428710874803,-15.714033916968141,-15.46029141229483,-16.5049273745965,-17.933217042202923,-15.945381339029582,-16.026818987405782,-16.109443771955856,-19.86645118732421,-18.86573021880237,-18.859918310517788,-17.09575833881492,-17.12868829787422,-19.570051322692457,-20.898764658966627,-21.60465168412685,-20.199133037530693,-20.573763652267015,-23.427086120074097,null,-26.59570907217317,-22.358473049904557,null,-33.636808970301146,-31.929322530086974,-31.780411376764523,-29.791029722075493,-29.448321602946564,-30.22708805296366,-33.98875756764131,-34.37091260285072,null,-31.549186758341584,-35.528993097741235,-29.708697082624603,-31.46465035371111,-29.13038912759276,-27.449280415584262,-20.52519296423803,-14.951892744549404,-12.006681534166606,-8.994816524191725,-3.8975476701144744,0.5211781569672536,6.087943760987737,9.348534978847775,13.621897936919845,18.935101330738828
-16.179585589143908,-15.97713837083669,-16.360750427929318,-16.45507886330681,-15.869352023726368,-18.34897048786356,-17.38822554601205,-16.382456387927622,-13.965407143152152,-13.93039202712473,-18.31704715206132,-18.76791362827465,-17.191135705839997,-18.0680755476952,-16.53876176254293,-20.645831104844127,-22.904070090408172,-20.139363972440503,-21.45864544127542,-21.792060422869138,-23.952770620330277,null,-31.30387056658004,-22.055032329104996,null,null,-28.32379696799335,-33.16611572607782,-29.712036593514327,-31.907516997967413,-29.798273178904925,-35.31196090691104,-36.662208713371754,-34.94517598237511,-38.606340188425825,null,null,-32.37451772888379,-34.037858784795986,null,-23.489746716771837,-14.949419682715753,-11.376256168533807,-7.298247980157393,-3.004171985692751,1.58840635082584,7.62576083968583,11.144061344537267,14.652832925029234,18.422015552349137
-15.442003729779259,-16.869356902076113,-17.06419150944315,-17.942196028906892,-17.628801942598404,-17.85664287717564,-19.20374920346388,-14.816857115772592,-13.79709430478294,-16.21552370356346,-18.236722418368007,-19.84331118563508,-20.493339033233518,-18.38851194520973,-19.03015944313706,-22.26108068645879,-23.211329743050886,-22.14125419039649,-21.357516511832657,-25.15889401913231,-23.37245892830866,null,null,null,-19.860606337840153,-22.92714428529628,-30.333814786084822,-33.21088715949305,-32.968415510218605,-32.124371731664105,null,-39.75238685309128,-37.93514806057492,-35.353652352039134,-41.459363123475335,-39.50309070901229,-34.547977644418985,null,-33.74306633373989,-30.591969936864082,-25.43146169733234,-15.876138888819495,-10.416733599409776,-4.661762399352428,-0.6189496474627615,1.2131336863370958,7.76239810076475,13.4325391634921,16.86789313989344,19.138749614428047
-16.825799373905404,-16.75067508242086,-16.817820949438282,-19.340307611553094,-19.17402030935292,-18.26166593370933,-17.973371845246085,-17.2723700698205,-18.313964283845113,-19.191522726992552,-18.047845825860126,-19.76563952648214,-19.135925248166338,-17.57909949608576,-18.71232572897445,-24.56460539632604,-23.450282792870677,-19.563748157876645,-23.350458908836718,-24.141649916107525,-25.72149380681728,-21.554817734371007,null,-27.93648215163861,-35.77987356872386,-33.97599753267845,-36.46632715258356,-34.65716054809512,null,-33.030494142250404,null,null,-36.56298876036366,-40.236994423594005,-38.92414064282791,null,-35.45503184281916,-38.31945244326173,-37.3003767659467,null,-33.93652998100377,-19.102596501090517,-14.243763068757861,-7.636186003305021,0.5851196247901035,null,8.589139270958169,12.408303187312427,15.885213821131979,20.849084602731736
-15.927920059513436,-17.15216656891807,-17.62831047541533,-16.551437217193552,-16.194527217003518,-16.0391999653576,-17.55488339093523,null,-19.285237490020553,-22.97373341735217,-20.61062414600921,-18.916244370370787,-19.36294553664827,-18.973613608033894,-19.005201064352764,-21.815667427771732,-21.992981027424044,-24.787691454080893,-25.32775505645131,-25.406528415305427,-21.874814977130807,null,null,null,null,null,null,-31.412700556811654,-34.32468412125316,-27.908051582698405,-21.80098696541764,null,null,-40.48482176819868,-38.31269868651947,-38.14104156524979,-38.88265816562649,-39.81948694786942,-37.86687409756872,null,null,-20.717333621324357,-12.655857471190837,-10.834161899774251,-3.3299449945591872,3.88639019245498,10.10780801183562,11.557728062924145,14.793946275277706,14.834916294186625
