public/json/wind_2018-09-1609_700.json
{"header": { "discipline": 10, "disciplineName": "Oceanographic_products", "center": 0, "centerName": "Ocean Modeling and Observation Laboratory", "refTime": "2018-09-16T09:00:00.000Z", "significanceOfRT": 0, "significanceOfRTName": "Analysis", "parameterCategory": 0, "parameterCategoryName": "Currents", "parameterNumber": 2, "parameterNumberName": "U-component_of_wind", "parameterUnit": "m.s-1", "forecastTime": 0, "surface1Type": 160, "surface1TypeName": "Depth below sea level", "surface1Value": 15, "numberPoints": 4800, "shape": 0, "shapeName": "Earth spherical with radius = 6,367,470 m", "scanMode": 0, "nx": 80, "ny": 60, "lo1": 109.0, "la1": 20.0, "lo2": 116.89999999999955, "la2": 14.520000000000117, "dx": 0.09999999999999432, "dy": -0.10000000000000142 }, "data":
[rows 19 to 37 of 60, columns 0 to 41 of 80]
-8.66488118615463,-9.845703074151096,-8.560811165535899,-9.976503271743322,-10.267022424215124,-10.432656809535388,-12.093554646477212,-11.750567263006165,-10.69819002384944,-11.192032427608506,-11.772971207633443,-14.939484757793652,-16.845775925751774,-17.4766681941812,-19.695818785455845,-19.179572799568323,-18.981163756159837,-20.387108980181676,-22.118987556509143,-22.84710553489642,-22.71572962310949,-21.940268748107016,-23.212618939578157,-24.395554887939294,-23.358828720503347,-19.75377432318897,-20.701283375258516,-20.118593489905834,-18.685846369888036,-16.121226684591925,-10.261560216269155,-6.431255085112523,-9.38758373419127,-11.74358501828798,-9.444157089340942,-9.460747911863876,-8.787467390716241,-7.0358751283377,-7.36715400125684,-3.6410741398959954,-5.973768101400054,-5.63078585714053
-9.762216572207274,-9.790190982276652,-9.156536478539712,-8.903535358816947,-10.23024607992308,-12.77138811257015,-11.245617038890954,-11.461708205615356,-11.628987183488116,-12.841781395614206,-15.13290799244344,-16.094451669548853,-18.78272507068438,-20.324008853080247,-20.194176537136432,-19.867696547241742,-21.141242544576343,-21.681126923088208,-23.043070104365356,-22.887149998067056,-23.57461048680753,-25.300274173553607,-24.21753481114447,-26.189075015250594,-27.21388330091512,-27.041646008768957,-25.825750516832464,-27.449239226985313,-24.62040057531378,-20.61155828160024,-23.258738352119448,-17.05078342162559,-15.313731983338972,-13.106545403038895,-12.684564593668709,-11.851026806071205,-9.935316453272943,-9.120783203373364,-9.34490105655192,-11.675894124913384,-12.509684492021462,-11.26512188111387
-10.584990254180461,-9.745740583002457,-9.048850193791644,-10.63707488848603,-10.544294167988479,-12.215977632364146,-14.791894088057902,-12.610380024105826,-14.485629839984568,-15.949695489073623,-16.993354525324026,-18.178868672254712,-17.960770575476733,-19.556401646945258,-21.785360146645623,-21.0820491428105,-21.532481311823886,-24.359688840313417,-24.234918213114156,-25.417047317959096,-24.886161587947136,-27.61809595089547,-24.201479763796566,-28.31790920562379,-31.451989630332324,-31.977220042336057,-33.64532258157344,-31.579363893613888,-28.06140353000393,-27.880371343735376,-25.95304353119198,-20.74969508296111,-20.520944604866916,-18.658347848338526,-16.02292334964643,-15.635058658926267,-15.025375232858307,-15.59302949630655,-15.118982968284634,-17.667115029839447,-24.118941991971173,-26.359064008206097
-11.15318364125434,-10.8624510040277,-9.724196739231989,-10.690848348389832,-11.93839109865088,-12.575242169341967,-14.13446016346093,-16.61570278594547,-18.265349475329344,-18.248203470082302,-19.824975728425372,-20.286966664848414,-19.92118422192215,-20.525279103303458,-21.399240753407103,-22.61915109269028,-23.027281840284704,-24.523548901634527,-25.892005845350916,-28.06624954443068,-28.808506261846063,-30.80554825273794,-29.051022043734122,-29.165662547167614,-32.29418993208878,-31.124698748278202,-36.50372417154351,-36.4024292593649,-34.827668602984794,-34.95037418114795,-40.307723210465035,-26.519957278486448,-22.288458295174774,-21.681868907024786,-20.203535885547815,-18.165823824003148,-20.24765205807794,-20.20031217241605,-19.928867708106154,-26.622326745689847,-28.54407577972518,-27.87692679605551
-11.120059813489565,-11.536554457335912,-11.4647013150044,-12.052396830474413,-12.860441906810559,-14.160810415968998,-16.637345549568035,-16.48149177523652,-19.293901052529442,-20.242764738948566,-21.71264382497678,-21.86501756047572,-20.92449872451176,-22.125110091509733,-22.68449064352586,-23.675159017697695,-24.235851276396005,-27.375202827901823,-28.1110805164227,-29.28366844105485,-32.532567821040416,-31.347277320128732,-32.413384511969824,-32.406280986812874,-34.73475358934413,-34.47314302670013,-35.887408329218225,-35.31822662255474,-42.32090712551611,-39.04527893814935,-41.07821150245008,-33.134319749773056,-33.059434543434804,-26.978957617872357,-23.557318990131407,-31.282650368484155,-27.546372006020725,-25.32986018001618,-26.646272526582585,-31.63537465949169,-29.50571363688873,-28.936923861845322
-11.825705726281214,-12.553837701548723,-12.59250377997792,-12.80035864077293,-13.995398763217498,-15.939081218216288,-17.787301601544552,-17.456973897326616,-18.625018290365706,-21.891513916847515,-21.947882794749326,-21.63718845958263,-21.81959484115581,-22.63524219728581,-23.328480022932567,-25.032588988501374,-28.96153958608067,-30.361093060549386,-29.104583708514046,-29.840968384624933,-33.28763892159518,-33.0287136175557,-36.985777994273896,-33.97534949791655,-37.16100637001621,-36.90794132755707,-42.48410814179444,-42.04891461402228,-41.14375169793479,-43.687584274575784,-42.07254774026647,-39.117912442323956,-43.7999407343886,-33.52542769185881,-30.650445820102476,-32.50018449900521,-32.679740706196235,-32.90669021660335,-34.706501451414695,-33.364065460571474,-32.6639463640797,-28.95246249814289
-13.060692210546865,-14.284400242854229,-13.800779950702257,-14.032504414760552,-14.846046143247962,-15.149388291683561,-17.569010445451255,-19.25139615926644,-19.402490536475305,-21.345686112722493,-21.569551117342726,-22.87647947704449,-22.78311419993505,-22.58957825394983,-24.6549645903461,-27.96890955273896,-31.02040885290976,-30.671536417434698,-30.68235023638757,-32.49748946651381,-34.37539912880874,-37.39314642111954,-38.54987322951357,-36.48200888889384,-38.572944919741154,-41.11709914097322,-43.0805793760809,-41.11554227100803,-39.20506133347952,-42.512095505095466,-43.92107438608069,-46.7014855945779,-42.02551299487015,-42.14040830246251,-39.186349749041916,-36.75126248578643,-34.37226283625014,-37.908473074555566,-34.454385091678965,-33.403148337522545,-31.39595774086434,-31.163231812697546
-14.682437214436202,-15.495078349399773,-15.120522831472845,-14.828664587424399,-14.654788028017737,-16.569298260756156,-19.38400383591836,-19.224802155614242,-20.23476544735502,-21.276520673069385,-21.906685209830574,-23.663635423847044,-24.313243571171313,-25.18027481836765,-26.601506980297287,-29.302492378686633,-31.591974980064357,-32.47067818705294,-34.46506547882354,-32.86760818403919,-34.2046456754826,-36.39897985136173,-36.75336175380357,-38.28967723528033,-40.653622612697916,-43.81848902117463,-42.931376145459915,-38.9475319674512,-43.37735558206619,-45.04552220220646,-45.10772990695916,-44.77581701270803,-46.553789117049504,-41.39503023636686,-44.051304740783564,-43.747010562924046,-41.901527658559,-45.04723448887736,-42.36418143748434,-39.63698080108931,-39.057016348399685,-35.09771127017747
-16.480742871116828,-17.047992616512047,-16.241651804441155,-15.96988572630877,-16.64231439208598,-18.01326879728004,-19.79118439218191,-20.662734028919022,-20.800187588019067,-22.304410685260457,-21.917738058604158,-22.13863603995421,-24.410408743571868,-26.345965527396306,-28.32371513237994,-29.943356241076327,-30.771014694198502,-33.24853633125583,-34.811902059672924,-34.86685167173982,-37.26451472054402,-37.32300970585955,-37.149388902630164,-39.82229204162182,-41.387938197812275,-44.961875939438016,-45.596413200545015,-44.30625525870753,-47.25945836899261,-45.51899312198039,-44.7475838574745,-44.33034580063714,-45.00711844905998,-46.13571877858092,-48.5912989156193,-44.83529591376451,-45.277065037693454,-44.45421088973431,-46.639546715694784,-44.723243678715555,-43.60283770054105,-39.95717481733245
-17.138142294685235,-17.1109460641084,-16.99697041021716,-16.17870999208423,-17.970112692190334,-18.932290838627218,-20.080262667269817,-20.827973619426572,-21.670252510885287,-22.455436774027774,-24.087689692852145,-24.61269939143538,-26.15317257929661,-27.060770925502776,-28.571242460836118,-29.54465961240031,-30.424301756140636,-33.23847879450699,-35.02557045368424,-38.47735003961347,-38.305327159744394,-37.756015004064736,-38.0388040640301,-39.729282615926955,-44.05054149131761,-45.33199938758114,-44.21740013383641,-44.90981611593925,-43.829392821057596,-46.93218723897138,-51.58831046758206,-45.42333697631669,-47.509340602090994,-46.72311472851226,-48.55140282364404,-48.8665076579711,-50.227843173929095,-46.505822665005354,-44.871455661226804,-44.30490004937941,-43.94186876726145,-42.858136255968766
-16.768841426077785,-17.227122179491797,-17.631342423003968,-18.396059082889433,-18.448461516229546,-18.98046792634935,-20.140246416583754,-21.398078202628998,-21.972224966037004,-23.466807783044747,-25.133028800637817,-25.561738226729044,-27.197404286474914,-27.73801047324499,-28.398825521313476,-29.36274663853062,-30.55456853779304,-33.59484885695922,-35.61941614624737,-38.87376172286503,-41.18529199768917,-38.87575831059695,-38.690914873757194,-41.0798309381137,-41.16575675133765,-41.08783454489778,-43.982984266913334,-45.35859933003748,-47.33971276165636,-50.96199386072841,-50.83249106092473,-49.11931435638564,-49.84688709860454,-49.966192079256764,-43.560666048891385,-47.624091497494454,-45.73482781273693,-50.0084844796594,-40.62630863835027,-43.15196072214489,-41.84406108759518,-42.05618780887017
-17.64900090126037,-17.891296057068804,-17.446644548415676,-18.16511382401572,-17.25124518183967,-19.256185838614755,-20.649760885200454,-20.991309222209992,-22.467950952319907,-24.877675163033555,-25.41908608485529,-25.6952996415669,-27.146194541470887,-28.43872684616509,-28.551568464619216,-29.616526646288033,-31.44796631798733,-34.56954527993696,-36.5402316564942,-37.93688488127492,-41.32368393069956,-40.691137471301246,-41.231886649219646,-41.31629397626595,-42.78858371528968,-42.29206881850963,-41.73017126291445,-43.82741099581158,-45.97615295972617,-47.306494135467375,-45.51344020116085,-41.20331889744632,-45.78863960753479,-44.75158216809072,-45.73552321982473,-46.88847417310712,-46.6795205717971,-43.32503169746191,-39.989404893751505,-47.72654166199976,-41.70087964955156,-43.5353442377208
-18.719700751342998,-18.509631305699024,-18.423521974254623,-17.119190472312077,-17.36626902081768,-18.988141223851564,-20.100550963753445,-21.226788396513054,-23.196210337618687,-25.35250542399474,-25.36083241043318,-25.386077590758045,-27.3814554273334,-28.845844156170696,-29.84887479953795,-29.955871948951078,-31.96445987214966,-35.07592073960054,-37.110374842980946,-37.79437828950421,-37.97352015999982,-40.687270172149255,-41.67902411046837,-41.06787829505467,-41.18873960824275,-42.339805535761755,-41.73030130795054,-43.20181252772217,-42.548378752392864,-43.89288575604482,-41.48185280362013,-41.99374366402236,-40.02531099074322,-41.44858652153045,-41.793817125380514,-50.24962243016705,-46.829646978615244,-46.25104044409069,-42.34574441413915,-41.936313187724316,-43.07237316575095,-40.85441787175838
-19.061679742662186,-19.403126262717656,-19.079721343930345,-18.297770645875552,-18.152854521667816,-17.93614628342735,-19.427044197707872,-20.869813723209784,-23.24358316762245,-24.980254256180626,-25.709825091103163,-26.361495546954096,-27.892179386275338,-28.969760634181732,-30.36367532691738,-31.125465142385885,-32.27787866397246,-34.668813138459136,-35.7505867709814,-37.979441106181675,-37.55763860625055,-39.16744790133763,-40.098977504829016,-39.693536692298636,-40.2219812352235,-42.179194667020745,-43.90206461969634,-40.21878330862728,-43.852438804486596,-45.323693093248416,-44.01421712677159,-41.64139280214855,-40.32311417824331,-43.43722544186893,-48.1546708431908,-48.80792726388049,-44.05432710663024,-44.623508605229325,-43.83396657926796,-41.34663275187677,-47.287917446829475,-37.95164951063761
-19.440338963144818,-19.53950355386511,-19.883628998110186,-19.14576222272884,-18.605409555286965,-19.227335970675092,-18.339701101896985,-20.60481587310683,-22.19968565675849,-23.394491788663544,-25.435018079685182,-26.49701407284708,-27.07927675706526,-28.977048337842355,-30.952507096057634,-32.44313271122636,-33.082366014792164,-34.2856439614185,-34.15926876832802,-35.72568674891727,-37.340513936647405,-38.84944067101408,-38.545902405763385,-39.58208767613882,-39.84352813723104,-41.288231105195166,-42.91457818899679,-41.023061296990825,-41.03294544300379,-42.472307722929564,-41.904904966630696,-41.73774190271702,-42.07913819882151,-48.57169664499841,-49.242719671026805,-47.27555660767431,-43.643781087128175,-43.034751454303134,-42.70059086973364,-39.46132008985363,-47.04876963685879,-46.065733507763156
-19.8226425902426,-20.22484477804103,-19.988266922311766,-18.872285950093403,-18.68533986630857,-18.89125568821691,-19.7352087116517,-19.5038714674605,-21.634509150215894,-22.826594716658306,-24.64758000350189,-25.79379904094545,-26.589475500061617,-28.281231123372415,-30.122908343307813,-31.51844238380412,-33.638864083921966,-33.81869740786024,-33.65155294075877,-34.88906352455987,-37.35128456748831,-37.908491066447624,-37.49445014500499,-37.592887485390165,-39.921019769589364,-40.05644787296027,-38.49949160090731,-40.80922137575027,-41.38009273917174,-41.670855939445225,-45.790461701038076,-43.80212663467472,-48.14574118106838,-47.444844325269365,-46.993114557092845,-46.14355463282377,-47.95626599313102,-43.94969951818528,-44.79070884365797,-43.848065820879754,-40.658919611172955,-43.49361614671325
-19.98174913477606,-20.319917321867795,-19.889980547342642,-18.6648012994118,-18.126112991285495,-18.248268598694295,-18.679732335683667,-20.11386974436896,-21.129561191538002,-22.6952609026662,-24.264864577401372,-24.416354127276062,-25.668907064752645,-28.253932145065846,-29.672883672528116,-32.78538595555093,-34.88504080422428,-34.41082119012619,-35.367964733519486,-35.896646029090945,-36.12854792456098,-36.23931405635034,-33.78759720632481,-37.076226674353784,-39.61038225091009,-38.818924390573805,-37.32199750173107,-41.85542839782373,-42.33871775719922,-43.73609373359608,-45.40865157579632,-45.70547980961507,-45.56755866377929,-46.771859597091876,-45.310515687332774,-45.311838115181956,-44.8039802383037,-42.26197235796873,-40.964518940707556,-41.90209672056646,-43.35754236297218,-43.68288650378714
-19.858331462987863,-20.58899880067736,-19.932771496682747,-18.93302661651972,-17.867156818578508,-17.501605418719183,-17.896519909287008,-18.635142651035476,-19.63983098217945,-23.411701094541115,-24.374238997084614,-23.964330736664632,-25.68815499316894,-27.77633039561729,-31.5408969508939,-32.758816095988315,-34.37129693400754,-36.12579709673034,-36.66068637519526,-36.88526766181962,-36.029634873341635,-36.50039861533664,-36.945867294550254,-39.099835123043846,-38.9161467802397,-37.75059282588655,-37.16540109056317,-41.77379564743743,-44.07943249212421,-44.60581399443654,-46.24458485786447,-45.65019928491867,-43.766477047671174,-42.03163177770039,-43.93087881709471,-47.474070267286166,-46.49160894667862,-44.9604548209182,-42.182046481655,-41.59039949724406,-43.59682392991197,-40.36517019960742
-20.880662932314777,-20.841893219977468,-20.473319624694213,-19.364021568431838,-18.381551097495578,-17.827553235263984,-18.011657910944297,-19.542989708020823,-19.77828384988283,-22.071084077679494,-24.655720658863522,-25.188139841469592,-25.807889593264598,-28.953685018791784,-30.18091698364085,-31.42405205987812,-33.451112116638896,-35.60462885036781,-36.35760264849001,-35.85333003791952,-35.82780036839678,-37.790584124984484,-39.770369496363266,-38.09564661351712,-37.46733954763441,-37.08176312752731,-37.06285031132533,-40.73673483824266,-42.968041933658654,-45.738072836340834,-45.47443665349722,-44.192549271376166,-42.932320505657245,-42.123194521568,-42.28580172759443,-43.40952383128655,-44.86967764863005,-45.27386338463755,-45.509557848912976,-42.09522363961984,-41.99014749330807,-40.427243917611236
