public/json/wind_2018-09-1603_700.json
{"header": { "discipline": 10, "disciplineName": "Oceanographic_products", "center": 0, "centerName": "Ocean Modeling and Observation Laboratory", "refTime": "2018-09-16T03:00:00.000Z", "significanceOfRT": 0, "significanceOfRTName": "Analysis", "parameterCategory": 0, "parameterCategoryName": "Currents", "parameterNumber": 3, "parameterNumberName": "V-component_of_wind", "parameterUnit": "m.s-1", "forecastTime": 0, "surface1Type": 160, "surface1TypeName": "Depth below sea level", "surface1Value": 15, "numberPoints": 4800, "shape": 0, "shapeName": "Earth spherical with radius = 6,367,470 m", "scanMode": 0, "nx": 80, "ny": 60, "lo1": 109.0, "la1": 20.0, "lo2": 116.89999999999955, "la2": 14.520000000000117, "dx": 0.09999999999999432, "dy": -0.10000000000000142 }, "data":
[rows 0 to 18 of 60, columns 0 to 42 of 80]
null,null,null,null,null,null,null,null,null,null,null,null,null,null,null,null,null,null,null,null,null,null,null,null,null,null,null,null,null,null,null,null,null,null,null,null,null,null,null,null,null,null,null
null,null,null,null,null,null,null,null,null,null,null,null,null,null,null,null,null,null,null,null,null,null,null,null,null,null,null,null,null,null,null,null,null,null,null,null,null,null,null,null,null,null,null
-11.968430274125165,-12.074368893881848,-11.99414282421735,-12.295050887599611,-12.46165780234411,-12.490106418750935,-12.392587350554487,-12.33319073049623,-11.944967437338537,-12.867995822069688,-13.260821772562352,-13.386010145274962,-13.76829387532262,-15.2086532983391,-16.09889082722671,-17.655951829172324,-18.727188949120567,-19.239932848893588,-19.727032771339093,-19.701863412099677,-20.617302780301415,-22.097550686015033,-21.981952816144346,-22.263416739999087,-21.823251066381275,-20.429662814139814,-20.72089279160346,-20.28299026072237,-19.50895362363347,-20.406447902266457,-20.303363259184056,-19.889474572103325,-19.885507538611485,-21.226935705954386,-23.056906879711903,-24.17233509517689,-25.377559730443,-25.873738621221225,-25.00721228007822,-24.241715294440453,-22.61702410615839,-21.141339167249406,-20.876163405960845
-11.84819807717236,-12.27330406206918,-12.649748574648592,-12.753838428161822,-12.919398524210628,-13.152280810967117,-12.929759566856315,-12.351511887951634,-11.888834070952406,-11.382127477828021,-11.817076474036302,-12.88529413827864,-14.628226244780862,-16.187249247976737,-17.403284525126413,-18.15540409164078,-18.81381481027206,-19.73191314939939,-20.34465512182698,-21.5885280727611,-21.434431389872614,-21.612241922503724,-21.510544221745384,-20.254742549904208,-19.851361587838753,-17.576013202044443,-16.471744439613346,-18.49470856763145,-19.139644862247604,-18.247968176852222,-19.633005391190807,-19.358202393531045,-21.50564116769007,-22.87426428973839,-24.049800363212714,-26.088224719286387,-27.58650198670793,-28.796274046422905,-31.240963419695504,-28.692277639664063,-25.645821521196794,-27.03459923507218,-26.130501159279625
-11.888286679753307,-12.394507183037838,-12.799900870294728,-13.01289485157672,-13.305180852298585,-13.441938733860496,-13.119212507908294,-12.659705556842903,-11.590829184931003,-10.905651839494483,-12.296364430598466,-13.880282279135244,-15.66011310079851,-17.309971287492857,-17.925714146995837,-19.03129020082183,-19.309176793351924,-20.015584190583617,-21.640856822914863,-21.364719034357897,-20.425493212734406,-21.164352785234108,-20.722249741995228,-19.903025856457116,-17.420839748995412,-17.128344067219277,-19.261158340387638,-17.333544381567503,-18.047063296912192,-18.88601446224593,-18.51733275926937,-21.963443522903553,-22.700021497161856,-24.106474231428585,-27.829199640697208,-28.214580232362458,-28.583042990987447,-31.244055321508338,-28.309119739072997,-27.923257247776437,-28.108362713838552,-29.4871056378361,-31.36102517109084
-11.98949740661262,-12.516335483467786,-13.044014517809357,-13.004117373970901,-13.3158432588438,-13.400647894413936,-13.070448938121517,-12.304533057770708,-11.173076349294917,-11.232557826721866,-12.761845197886743,-15.375719526671105,-17.09078835474293,-17.801109362356037,-18.284237016050394,-18.988242067237064,-19.503090607736237,-20.354137070769628,-20.865789099394803,-20.189732452901136,-21.026761737803426,-21.19046708302656,-21.721729444787815,-16.682997794058796,-17.95220189658111,-19.26930128376467,-17.68636132924227,-17.86993256445915,-18.440306039977486,-18.919210103085963,-21.214853276777646,-22.879579947100943,-24.943357199837827,-28.106254714119885,-29.35049352509235,-28.84387168846292,-30.71720126338538,-30.313160150254564,-26.381903722641354,-31.162234321620133,-30.323877193824966,-29.610052643534566,-30.71152154357047
-11.938346150246302,-12.325653551858403,-12.534389924046597,-12.732788647319811,-13.182365072949949,-13.380164146072163,-12.132614275358124,-11.626369258723056,-11.330257425926067,-11.980154835655512,-14.404853531180255,-16.605322944477095,-16.89068165071023,-17.758720515267616,-18.429698532262563,-18.814363222027396,-19.635821720586307,-20.424237495918796,-20.160211406300203,-20.88226125118228,-21.4232000872931,-22.200431174170987,-17.814158517480163,-19.524872363225242,-19.38247324017583,-20.1539729116535,-18.748395205613566,-18.36354534299566,-19.24367663452886,-21.077099037303054,-22.69218450344325,-24.682137693396204,-26.091754863446912,-28.216647226295404,-28.634076058964556,-29.97871280698368,-31.859192923361626,-28.300658444205887,-30.665364618417954,-28.74834935999732,-31.571359754189423,-32.824814555884174,-30.379057873092176
-11.575032302553094,-11.748579725177077,-11.859856598485003,-12.434876470913542,-13.323884777202496,-12.62633183802908,-12.066041968205145,-11.6316429104531,-11.650056073931864,-13.289768995401486,-15.435859484941075,-15.854910505777521,-16.83826342433501,-17.825178356356023,-18.62152957219739,-18.997236065902857,-18.84618240843656,-18.815019234794256,-20.14012758289647,-21.624281361918367,-22.352953060637876,-20.16643768281775,-20.634177808514572,-20.797030542448084,-21.56740472381682,-19.611379484565852,-18.752413049056717,-18.72061194723177,-20.562474222787195,-22.2279621163242,-23.51501053153351,-25.8416429426903,-27.567235667452355,-28.238186498691725,-29.53564545419368,-32.05086486747995,-30.952542028434493,-31.28664745892676,-29.940932987862627,-30.17996417060533,-32.38800533257033,-25.328314196973956,-22.67590702209778
-11.27120009245066,-11.341411308766448,-11.28386679188353,-12.447440011282108,-12.785967988582366,-13.02707838314227,-11.939079246278276,-12.032923672785255,-13.424055916813534,-14.24577689212192,-14.940429820615009,-15.882806075044263,-17.3122704157504,-18.199824167152496,-18.996749134220757,-19.02798279696746,-18.272548944767347,-19.156084637235345,-20.917557150671918,-23.76618202394384,-22.394102208128107,-19.909170048589623,-21.054737572125905,-21.760294291459655,-20.219955276148028,-18.98979781864521,-18.95935787981452,-20.026286450043564,-22.06427898738643,-23.39843698292014,-25.339382579935204,-26.839722600507244,-26.74164588169156,-27.25338413335208,-31.912359866032677,-32.080970901502724,-30.254764104670627,-30.250697845267666,-33.33827248554921,-29.431996332858912,-26.382732366854423,-24.877999157010677,-26.22622827999039
-11.350636860332585,-10.942187939839553,-11.588989940619038,-11.878844352727358,-13.28498172060473,-13.350646573782612,-13.291276048084455,-13.238452336440789,-13.750621419740408,-14.243054026626004,-15.303025582696472,-16.998706353721573,-18.22941992085181,-19.310739858198428,-19.28505128940452,-18.669602335883813,-18.84573012607022,-20.10042027414893,-22.668449571227885,-24.10976854029584,-19.573155060501897,-21.179056404959756,-21.931669422397174,-21.600023901329006,-19.91551676187072,-19.423288601050306,-20.08684864543848,-22.912950411795997,-23.650862983204853,-24.407893552477233,-25.31455629231798,-25.792503191975605,-25.78870696218261,-29.958340123416203,-32.18999318401128,-31.95601673530789,-34.802250307027556,-39.31151240619562,-33.96924857880829,-28.39296311888517,-29.559090891675808,-28.63673993397729,-26.98986296310993
-11.249191422350787,-10.935975884180902,-11.138980745597431,-12.756798278991143,-12.066796805539525,-13.165536292684092,-13.749394406047799,-14.332486219698964,-14.260841791361056,-14.451688333799538,-15.83920581697376,-17.71966692507043,-19.04405069195122,-19.32530612434494,-18.698976470547546,-18.422860845983195,-19.584229996580245,-21.474058083390233,-24.672345386335802,-18.918309262281234,-18.840011510873246,-19.969705363375127,-20.996212733988045,-19.911740568210753,-21.276211331733073,-21.073713059176132,-23.475807455834314,-23.02719736010984,-23.755581122481736,-24.527502457212027,-25.514318298223767,-25.589454509599694,-26.465769645382196,-31.65417747342492,-33.31230986490995,-32.58215864793189,-36.50509330389313,-37.468277935233814,-30.4713931159554,-29.64357541661974,-30.266275512291088,-28.188501403744066,-27.77916291879896
-10.846024836152331,-10.899438543951739,-11.404470073507749,-11.839801115997354,-13.018279554230151,-13.35303649755873,-14.23948634199263,-14.427489718867232,-14.50088686887332,-14.980073443392802,-16.75903800221483,-17.8535639660562,-19.126022751429847,-19.683922830687173,-18.851738946161067,-17.651068544390192,-20.136141438274073,-22.81815723642553,-24.693669804340637,-17.648256635891382,-16.5932207431183,-19.37272160790282,-20.607386744759374,-20.31522007023174,-22.47452789599783,-24.23347304559774,-22.93820695609748,-22.805721887320136,-23.65819744582498,-25.915151980916267,-25.495466002005713,-25.312350235493618,-27.566136585338988,-30.924772845555843,-31.04689265546613,-31.768134983917037,-31.576609036233286,-30.621223447464367,-31.996188429753815,-29.358451721171733,-28.121866267811725,-26.133243390486644,-26.135248894350774
-10.965383676669694,-10.846874545200347,-11.199250895706083,-11.82852841123481,-12.718818597557162,-13.70104396204828,-14.592485178122544,-14.523149388808356,-14.807250454467184,-15.766475188688453,-17.251932735683834,-18.521490265734275,-19.693652941763084,-19.707099143272238,-18.11192194990167,-16.518401972599193,-18.966147449965376,-23.59721507718106,-25.866736968471336,-23.550889944617982,-19.34535244188056,-20.083503229530436,-21.351193275834497,-21.7942381935313,-23.41597688915869,-23.703427297795198,-22.482460177275208,-22.727882240430155,-23.88744069621726,-26.7224915202698,-24.87893047224038,-27.10751711029693,-28.69152175689023,-28.366543764230478,-30.26308075419673,-28.718177396161103,-30.603962518307892,-32.97888160002632,-30.540792671530916,-29.44002904561479,-28.095443572072902,-26.65040553690734,-25.341627813973282
-10.883354449338622,-11.015894948225554,-11.62246203990845,-11.990566812030075,-12.59528731673938,-13.721526105589273,-14.533729006091626,-14.23634890699204,-14.895826360628984,-16.70690040005475,-17.736326825909483,-18.70646521760327,-19.355099339033814,-19.25921307694252,-17.340881758801793,-15.804269479293765,-17.775632529417678,-22.914383779929764,-25.605836087058737,-23.031821217871887,-19.14528393566489,-21.03018022084027,-22.243923073823883,-23.464765057285085,-24.032251105744848,-23.792799408736517,-23.310937749813696,-23.418303528234183,-25.752588191375054,-26.780773794674733,-25.004250606555747,-27.19635648351591,-27.91290201762385,-27.552344598709986,-29.885390833228982,-29.899847251080388,-32.47396773403609,-30.100104519350346,-30.719860710590783,-29.409844039163488,-28.262202322388486,-27.876926243480096,-25.750940065540938
-10.47935572278449,-10.999434172046278,-11.502984621852365,-12.217188327820399,-12.776216749778998,-13.693686469783124,-14.087558598869403,-14.362018682045441,-16.199261895895486,-17.684649940848566,-18.10245403092277,-18.952206423947946,-19.532958890123986,-19.151837086844154,-17.27030333021633,-15.570115846204297,-16.920348457994276,-20.40099187828297,-23.760482475015372,-24.233556776932936,-18.04742649236963,-20.07068129693749,-22.565248826306288,-24.438864598259006,-24.84125686953868,-23.856362993538212,-24.170513278675116,-23.806263024629196,-26.16094626442016,-25.269091816785927,-25.674925404885855,-25.788583200697026,-26.424644937720874,-27.38669761216957,-28.673506848927612,-28.83657750949869,-33.671532517960486,-30.025271162652913,-31.717831460528547,-28.646048549353193,-28.10130964275756,-25.596204797668996,-26.814431331916918
-10.532777621857605,-10.893208840215555,-11.49085291264959,-11.899051199889906,-12.800066363630526,-13.069609597603696,-13.946477327760368,-14.875348970915798,-16.99484791413895,-17.725777111955836,-17.99791179946525,-18.852793294767018,-19.552925915182147,-19.29646768143728,-16.86618466569731,-16.003411889323004,-16.14775043032458,-19.12078234872853,-22.352325001531057,-24.882924074151198,-21.780793744534385,-20.977093573992605,-21.415784769116677,-23.89212978698895,-24.425489746204864,-24.05654300332631,-23.616181259205693,-23.284779184706196,-26.697743711108867,-26.24439330718022,-27.006458310467583,-24.88716129765343,-24.330169661966856,-26.919398732804375,-25.944146660144867,-28.124245073734304,-29.081454462592113,-30.270852647427485,-27.65068326691774,-28.38626947497863,-28.835952726548143,-27.850685590575182,-28.04726271634673
-10.299641040668401,-10.932169712478828,-12.094579223259364,-12.74947005608458,-12.20197371671212,-12.492503009120394,-14.027358363131643,-15.310487895093482,-16.298358883406475,-17.088908014536575,-17.785448204095022,-19.31044014911305,-20.43801724286101,-19.226341935810247,-17.54592792086515,-17.33150452535594,-16.525899504188068,-18.872996754680024,-22.290274450526766,-22.662962703463993,-22.920711101227596,-23.48062619265695,-21.70544003143674,-21.920251671637228,-23.278440587853275,-22.826329694179066,-23.843119139107408,-25.02402888714486,-25.833316190903634,-26.693909319669103,-26.413855018232105,-25.37951322037482,-24.95633518588311,-25.591621244178313,-25.546178859054,-27.086242548921803,-28.92459378855498,-29.04170258643539,-24.1848397755171,-26.880235780533564,-26.02026592766863,-29.569234493144776,-31.203440945980176
-10.727642106377179,-11.061237654120914,-11.973466484064957,-12.578472613167119,-13.2567096074055,-12.60910087184507,-14.136553052596492,-15.18217251292971,-15.153360853242425,-16.55130688483007,-18.464937139705093,-19.59339833152413,-20.78086152607573,-19.42304698536248,-18.410112876781923,-17.92187097041814,-18.154467418859944,-18.94841979474664,-20.881230719132347,-20.901774990121787,-21.396168527245354,-24.07249419243207,-24.873347249447306,-23.396570971277757,-21.892919772537773,-23.55251044638682,-23.482463015920263,-24.74158199274089,-25.636963865370845,-26.188033960538768,-26.078437876304896,-25.24904165538368,-25.29946063006207,-27.546894543969913,-25.75048225030094,-26.137754193528526,-27.429602414228388,-28.650072786714105,-24.550952307529684,-24.81510016882075,-30.405800835283486,-28.707648344959033,-25.22054377699953
-10.546241854088361,-11.565622892007369,-12.113777426537219,-12.832480765785627,-12.970923843297573,-13.969678422145535,-14.923042396337035,-15.624911213965476,-16.11665026644602,-16.707099207085122,-17.952281051579103,-20.05440920566881,-20.257521272377435,-19.405483564209078,-19.05648831262574,-18.907784172661554,-17.86636612032523,-18.879910802431613,-19.30184671924416,-19.677295236605087,-21.248748169831323,-21.142757826135934,-22.070991663091664,-24.82702457571035,-25.933579649800297,-24.14295286605723,-24.084868211617298,-24.046875035033054,-25.033834640947664,-25.692167460151765,-26.39168479178825,-25.5653288466332,-23.790733083840127,-24.28113912611766,-23.2794062954384,-26.310799797560986,-26.129150263058587,-25.727872806607063,-24.992439207862336,-28.698622094588544,-27.565283227509227,-28.66086826309598,-26.472153060348887
