public/json/wind_2018-09-1602_700.json
{"header": { "discipline": 10, "disciplineName": "Oceanographic_products", "center": 0, "centerName": "Ocean Modeling and Observation Laboratory", "refTime": "2018-09-16T02:00:00.000Z", "significanceOfRT": 0, "significanceOfRTName": "Analysis", "parameterCategory": 0, "parameterCategoryName": "Currents", "parameterNumber": 3, "parameterNumberName": "V-component_of_wind", "parameterUnit": "m.s-1", "forecastTime": 0, "surface1Type": 160, "surface1TypeName": "Depth below sea level", "surface1Value": 15, "numberPoints": 4800, "shape": 0, "shapeName": "Earth spherical with radius = 6,367,470 m", "scanMode": 0, "nx": 80, "ny": 60, "lo1": 109.0, "la1": 20.0, "lo2": 116.89999999999955, "la2": 14.520000000000117, "dx": 0.09999999999999432, "dy": -0.10000000000000142 }, "data":
[rows 0 to 18 of 60, columns 0 to 42 of 80]
null,null,null,null,null,null,null,null,null,null,null,null,null,null,null,null,null,null,null,null,null,null,null,null,null,null,null,null,null,null,null,null,null,null,null,null,null,null,null,null,null,null,null
null,null,null,null,null,null,null,null,null,null,null,null,null,null,null,null,null,null,null,null,null,null,null,null,null,null,null,null,null,null,null,null,null,null,null,null,null,null,null,null,null,null,null
-12.30820044848926,-12.750014710011556,-12.967500946193574,-12.50004790355393,-12.199168867609124,-11.509864004849796,-11.104746096879165,-11.223562130938069,-11.929969499721512,-11.358815893581358,-12.355766049586872,-12.708850579564132,-13.452608348456014,-16.358154096676966,-17.58786079606002,-19.847655962119596,-20.547985390516857,-20.45561310694158,-20.610023157585182,-20.659923817565886,-20.539205819578015,-19.997379033125213,-20.17483454282154,-20.800778146588062,-21.292310875492937,-21.133094259775817,-20.357765869272473,-19.402700103764467,-19.857585987367283,-19.880383938241625,-18.712729068210475,-21.468267941938365,-21.465289171640297,-22.782092984905532,-23.180417285598203,-23.487800588630634,-23.475955736624393,-24.467450196697616,-25.743109614367484,-26.76471812067583,-26.41908417088344,-24.968246064524187,-24.295550423744608
-12.526372290000497,-12.80602187265335,-13.07009315908143,-12.647423772282105,-12.351885919536734,-11.547461645922098,-11.281470744210399,-11.520649110010613,-11.286223365303908,-10.495739664429099,-11.933204916788732,-13.068205235441088,-14.512808909509738,-16.878262076643132,-18.190355252652772,-20.56291648486271,-21.039130154017723,-20.79324006262569,-21.392389629070337,-21.55926583620857,-21.315980291704374,-21.47615249469128,-21.616175958249123,-21.755896831993343,-21.947170811302847,-21.637462990385394,-20.67486608337012,-20.218782539200095,-18.507925209627864,-18.682015691029648,-26.04669314646278,-21.78897339549063,-20.68713674854105,-22.22174170635472,-22.913877173785934,-22.86242523437074,-24.240793157176256,-25.4547534403692,-25.364383601174904,-25.849907616971073,-27.786811107021823,-28.512247641390072,-27.916525536392946
-12.347409063843864,-13.083883017333259,-12.951039736756064,-12.63629429488503,-12.22117673825058,-11.562405206733647,-11.400662829709326,-11.554333707833697,-10.885837231435014,-10.551188889248746,-11.896914505475214,-13.084952666127217,-15.139239945143562,-18.027539491773744,-18.873396929313632,-20.50488577284708,-21.32204296655733,-21.010687982892556,-21.296836504100963,-21.738424705469484,-21.396361715077123,-21.614466277947173,-22.147075262963085,-22.201843462841296,-21.81540573785793,-21.0395032422027,-19.659281939557296,-18.857159729010302,-17.367601595016218,-24.105775185443765,-21.99233168013513,-20.975950011119917,-21.83529546299942,-22.449819028119514,-24.02000494185489,-24.50738612522837,-25.444811433450724,-26.00667933518899,-27.264895307969653,-28.296644383987324,-29.599732649178854,-29.725584639785936,-30.731309066970457
-12.080387255404696,-13.321895111553657,-12.923826807572226,-12.499888015523835,-11.884768856213324,-11.482606138598987,-11.337973874728792,-11.485144107035708,-10.798641146723954,-10.77531622706496,-12.40037730658321,-13.437182395429218,-15.714088092951556,-17.872764104331914,-18.238120988820732,-19.732226843609645,-20.613278497821064,-21.22794770761644,-21.37430624784023,-21.53009773096558,-21.565764207867947,-21.740643883999464,-21.64405510214584,-22.06341922771534,-20.897003869029433,-17.983365717646784,-17.929450362981235,-14.90513176770881,-20.308708482522178,-19.958224721743832,-20.460397119774633,-20.695957768458676,-22.84531690817996,-23.616895152715855,-24.01268028266382,-25.466443433440208,-26.345769495838343,-27.773260728881066,-28.353718184196104,-31.62865852636,-32.67216713713029,-32.06774133575505,-31.608166357594683
-12.263157295282562,-12.997567483895958,-12.834769719410023,-12.304917580457625,-11.825106587898473,-11.295095786675866,-11.231610986350663,-11.43551467288096,-10.702701275681548,-9.98634060928166,-12.226840910773783,-13.87770929677075,-15.816491664372348,-16.854140065546936,-18.028118778895912,-18.897094953911996,-19.780800685461067,-20.51739411925186,-21.071816839856353,-21.199816936604453,-21.64003023967298,-21.525650008412153,-22.12775429572484,-20.818705927751715,-20.20305318958281,-18.433843882166364,-17.083393837485385,-17.915945501984318,-18.574991080882207,-19.642856993130447,-19.718878986248885,-21.753433011841707,-22.000580947108656,-23.660584957464987,-25.217493481311692,-24.956253317890525,-27.007461115919,-28.395766196607255,-31.52642199544011,-33.20655879058487,-33.38205073282292,-33.926794358243946,-31.792654142528367
-12.3900546038789,-12.500180170482473,-12.275108570564887,-11.781808528212578,-11.161591556416166,-11.14395660282764,-11.207536059880276,-11.346610002138506,-10.573205729943629,-10.313954467179864,-12.014591019880097,-13.601013214165125,-15.6114043240167,-16.73055649339941,-17.921839088272534,-18.21547553377589,-18.688380412370513,-19.680487659180386,-21.14616720775856,-20.979972101445757,-21.429980883537745,-22.24724284274481,-21.905747369405816,-24.183962202830457,-19.970687573954255,-18.86758436775199,-18.466733993990033,-21.374522489977462,-18.221630550482068,-19.06101936603983,-20.69327372193502,-22.958044816394626,-23.354395565775814,-24.871180360744777,-23.18641935543445,-25.587751509528715,-28.71593132330457,-31.19703793914686,-32.14522897653866,-33.24202829955992,-33.68239719120564,-34.72769577230834,-30.96307344607509
-12.186060853294562,-12.039478381008696,-11.759425303572536,-11.230891042639923,-10.80542786701202,-11.26207914341083,-11.714194846413378,-11.454578753334733,-10.797296621507922,-10.628857118623603,-11.876278778599705,-13.693453603491484,-15.552275894278935,-16.380638140851293,-17.131904394485613,-18.03620764384584,-18.96727170940618,-19.61243626588612,-20.79882647509879,-21.29728848392909,-21.6349575056452,-22.6715682917293,-22.55898818371708,-24.533132564991202,-20.158581814176433,-17.81175955060642,-20.4867463682498,-19.081084312254937,-19.13609794410951,-19.539568729382168,-22.773319959649545,-22.144529950086508,-24.291141005310223,-23.15575982586818,-24.77367515228633,-26.99275010561675,-30.8122954317364,-31.481307059192556,-32.77170778100482,-34.189212151486515,-35.63519615860944,-32.741416143135694,-31.11078361309411
-11.86462711726129,-11.475257447022278,-11.244579650517917,-10.674566037998446,-10.638718813305543,-11.298766489328651,-11.861581812500393,-11.652730783945355,-11.027040644970104,-11.307513002829735,-12.70237431549631,-14.352037010379204,-14.737978172405098,-16.060330362025734,-17.188723926036577,-18.147740336859574,-18.70378143517936,-19.76218925105131,-20.57652612257457,-21.322565737432548,-21.18964010181845,-22.791268082669,-23.775480075690464,-22.60981972573069,-20.21351641625725,-20.842613033487368,-20.54907920151871,-18.396359080633754,-19.006339628941735,-19.068777899922303,-21.496917502810845,-23.256349856119773,-22.400806296115356,-24.13702071900309,-26.95604660098847,-28.755112927985785,-29.440647207320893,-31.70882309315138,-33.84180102382071,-38.10007537475757,-35.90689980539043,-34.60758098170766,-34.44744578969419
-11.266323559937721,-10.858254823886963,-10.509914377859564,-10.31321523188953,-10.604292358357274,-11.345812826946549,-12.110028571435148,-11.831810909053731,-11.67709904419419,-12.183137382494428,-13.193530175724952,-13.792434755729511,-14.845873540861703,-15.830512374602558,-16.905577018350943,-17.971363260694094,-19.014437226550292,-19.627400640231667,-19.867927752128356,-21.206724997973534,-20.712325266945538,-23.568232623157638,-23.71899922186163,-21.69212905688164,-23.079603402269047,-20.06252563643544,-18.003189438351733,-18.416192285279685,-18.75494947911905,-19.115655489863464,-20.445783082632058,-21.72833341542717,-22.424730887098278,-25.374408520368796,-26.14868800872926,-27.92627755314429,-29.185495578601945,-32.31118468745575,-37.6379551984348,-35.90509141469847,-35.98779058462422,-35.99464647969967,-35.161033905085226
-10.77675488639159,-10.288170092110313,-9.814449394832026,-9.793537793059318,-10.265892640687571,-11.00875685403986,-11.68227421928066,-11.626306173780204,-11.780381104400716,-12.046925345637039,-13.254939588569965,-13.992808584951895,-14.731004318774776,-16.13819144860856,-17.146395213993365,-18.20233466584729,-19.26811079084694,-19.311943832681326,-19.433062222933668,-20.69712122622377,-21.095838091139044,-22.86308188580518,-22.680225349181367,-23.93110127527921,-20.993702185456023,-19.644942468052943,-19.01001043280582,-17.348049402649302,-18.827388999943196,-19.797979763008875,-21.007124303925778,-21.297727491027565,-23.478069316817688,-24.618437904831197,-24.746648053247377,-26.11772226204424,-30.321907059153762,-35.1866608158073,-34.38359588062903,-34.25197165546098,-34.36965561801243,-35.99011202990344,-33.357967896494976
-10.393775131174479,-9.783330797044743,-9.376288949737493,-9.569819708642562,-9.688287790887044,-10.678860681179685,-11.64870271239939,-12.156558636023249,-11.358384201769773,-11.742290206524562,-13.26016469554937,-14.171030217844862,-15.400318073104415,-16.546189700540772,-17.903947287362826,-18.487923365334552,-18.951828308358092,-19.386678334752137,-18.788165555635725,-19.370493244550893,-20.562591232272286,-22.012937284334065,-23.545521075042206,-24.03664516699765,-20.029333089447775,-18.93296023013813,-19.092867670191747,-18.0171400025611,-19.34527385733975,-19.375549116490127,-20.158090546153808,-22.18513991309541,-23.647188863349054,-23.52427787513035,-24.003920935696385,-26.969123576285757,-31.613952584136552,-31.674059324552328,-33.55617196026062,-33.62342592456097,-35.15551102668022,-33.6779768131013,-27.50519030912245
-9.90448123434704,-9.603973676229241,-9.311746027225022,-9.253436748308529,-9.56288592329713,-10.021254364311089,-11.191459581967688,-11.870843179960115,-11.770952441232245,-13.011882239443857,-13.264485960028358,-13.949694510968232,-15.59477681236541,-17.4592647177969,-18.34027851576553,-18.431587098588608,-18.40243480342669,-18.731620588965225,-18.488561014127104,-19.0563094113213,-20.538400716207093,-22.012560569405306,-24.04454000124158,-21.51875267955587,-19.160413640761547,-18.527320295061124,-20.032625216082327,-18.750498787891345,-18.239419451272575,-18.30829678893896,-21.250975282646642,-22.467224903552136,-23.06884299017135,-22.596394781019434,-25.166239260729874,-28.000061228496772,-28.113722454967473,-30.4161470048301,-33.678138887659586,-33.4807780678554,-33.611121025865714,-30.645170310139243,-27.631377496202603
-9.506249334117605,-9.740913608052486,-9.734417940328122,-9.568632817403426,-9.546835680160537,-10.686940018194338,-11.726642632755315,-12.965110318228666,-13.94916736632472,-13.864490804333297,-13.5060247163994,-14.728802534337161,-16.40317034051225,-18.01786632010349,-18.51393894154649,-18.145672131008624,-17.843614347431835,-17.125804808557533,-18.056276649949293,-19.48793599625651,-20.63178610976582,-21.834273700782425,-21.748554166372433,-20.52442545571541,-17.598229842382214,-20.28912732823976,-19.462168284832117,-18.43618879369415,-17.16063463595476,-20.224211340422386,-21.349872993406052,-21.36344276552717,-22.1572834593112,-24.760008284507464,-26.769132686489034,-26.473700242808288,-27.976995036993426,-29.60415787889164,-31.277107865385986,-33.41472472658141,-28.78735809299117,-29.32458281096686,-26.48751973017165
-9.446367282100145,-9.250006071422384,-9.535566674046555,-10.042781491448366,-10.51138759539819,-11.455665989750273,-13.065143148961837,-13.251732934580085,-14.406481047596767,-14.046271596374957,-13.388445364011908,-15.057577404362629,-16.93343808581026,-17.841602906511383,-17.931552733153275,-17.878964279505844,-17.335297776554043,-15.829783317216112,-16.753846020016766,-19.262388890347182,-21.532526174677535,-23.398269283062092,-19.332061702503193,-19.22752202548748,-17.46377520589225,-19.93145437108536,-19.670839088278495,-19.246409575162332,-20.16165218472971,-22.875517552099442,-20.55792450892207,-20.444390820905575,-22.555256293977877,-23.83582203891418,-24.915522112538614,-27.147157394059143,-28.169003761035263,-29.02392669533511,-30.062303187106195,-30.782189415005632,-30.454424252716368,-29.39919869133015,-23.233450915784896
-9.361422076824576,-9.222124368062808,-9.441633507802921,-9.282419961729875,-10.01981114459838,-11.072329408377806,-12.714763946134038,-14.057217301713754,-14.374411182306195,-13.747462745022785,-13.995082861545555,-15.876998148693474,-16.907733769100204,-17.415329858846576,-17.955045154675577,-17.83371914804114,-16.411021373489003,-15.999305527215915,-16.073032772319117,-18.45487860152997,-20.511765600904155,-23.978571931653235,-18.29347060672017,-15.486422326280515,-18.4300415116639,-17.73207629915516,-19.0050696598076,-20.679597278646163,-21.97945088131484,-23.29989971873613,-22.154638277207127,-21.639883984512664,-21.078155844835862,-21.532407254621074,-24.48608014735734,-24.990460724740547,-27.666472098138,-28.90842444288919,-29.605181539886104,-30.137312128751887,-28.769616528624372,-29.53585888355076,-27.023838967217596
-9.169917617133441,-8.946335799620494,-9.354250237896254,-9.746825057229376,-9.667334510041028,-10.662304328368757,-12.03652919387326,-12.662705180914596,-12.980934060731443,-12.665348580890239,-14.11197278413687,-16.090995903142556,-17.277093513320995,-17.517166317884918,-17.64717892431967,-17.715221627003086,-16.997948993264515,-15.8231210724486,-15.632850695270763,-18.21094537731137,-18.157565496631953,-23.25644231518582,-21.105841040062305,-18.023297900925854,-15.26929986945068,-17.291788037491486,-19.61486015862639,-21.296597228831192,-23.180916137347246,-23.47348195658572,-21.469209502486628,-21.644270024079763,-23.821419249635618,-24.588889916500293,-25.174204854854807,-25.4597670924937,-25.114226744771415,-28.019377995560692,-31.043630309037148,-29.020602414232826,-27.471093779159652,-29.323192957045737,-25.725646926329418
-9.090841727931563,-8.922123131572892,-9.610882619021387,-10.107980870718619,-11.046044157540383,-11.462434870892892,-12.016815703133117,-11.730868954210802,-11.965943785293256,-13.174327101711766,-15.26289284853557,-16.609763372310773,-16.796062553756173,-17.523623848286665,-17.910953139150276,-18.495541209955213,-17.216142240928978,-15.142397685741434,-15.322002421943498,-17.958593996810393,-18.387083770431857,-21.479243777457942,-19.30416473354255,-23.83498758717122,-22.54719895198454,-18.663655053018132,-19.89510777937409,-20.575660065754192,-22.25992073692914,-22.675311820949837,-20.60104569308857,-21.95985920690949,-22.662762714063426,-23.247751930911754,-27.141845596769944,-25.442752172994517,-25.929692752786575,-27.321857359642582,-28.894299797642837,-29.12904232910399,-25.415962904972396,-26.445759418583187,-27.345520925804866
