public/json/wind_2018-09-1514_950.json
{"header": { "discipline": 10, "disciplineName": "Oceanographic_products", "center": 0, "centerName": "Ocean Modeling and Observation Laboratory", "refTime": "2018-09-15T14:00:00.000Z", "significanceOfRT": 0, "significanceOfRTName": "Analysis", "parameterCategory": 0, "parameterCategoryName": "Currents", "parameterNumber": 3, "parameterNumberName": "V-component_of_wind", "parameterUnit": "m.s-1", "forecastTime": 0, "surface1Type": 160, "surface1TypeName": "Depth below sea level", "surface1Value": 15, "numberPoints": 4800, "shape": 0, "shapeName": "Earth spherical with radius = 6,367,470 m", "scanMode": 0, "nx": 80, "ny": 60, "lo1": 109.0, "la1": 20.0, "lo2": 116.89999999999955, "la2": 14.520000000000117, "dx": 0.09999999999999432, "dy": -0.10000000000000142 }, "data":
[rows 22 to 43 of 60, columns 0 to 47 of 80]
-14.945618436450866,-14.864414982248238,-13.717527110306383,-15.551708277201783,-15.210580914221735,-15.302244939284593,-13.600744356256318,null,-14.066841110406653,-14.696870518757759,-13.236110010395532,-11.85360328308731,-12.035731345166763,-10.452946560151405,-10.424689491432467,-16.55821142996465,-14.168531098955018,-14.939112708927233,-15.181740758370243,-13.880389122285004,-11.669796589220182,null,null,null,null,null,-15.139224361394147,-17.26902244760066,-16.46151530007048,-14.346588418193365,-7.160756651908905,null,-13.024231363372625,-13.050326617596767,-13.913041270782314,-19.772535778984192,-17.073497968202215,-12.77801919950209,-14.43386991424753,-14.882119261805858,-12.347010813717285,-8.476403224697151,-14.850516942369332,-16.820006690984805,-16.902640813689462,-18.405695780447097,-16.943500987168665,-13.376846782018069
-13.579380113254363,-15.57756863304699,-14.86003865399281,-14.830156140071965,-12.940066376122775,-15.86797164615177,null,-9.304004043180857,-13.168397613719744,-15.020689375515646,-14.359920370227352,-12.98142199376258,-9.896955893069924,-12.991610185797846,-15.25286610272658,-13.686214680941216,-12.76881146356499,-16.62792842725571,null,-14.071601196323332,-12.169674376925407,-5.8276028449208805,null,null,null,null,null,-15.69456702965339,-15.72190731341862,-12.99151324037775,-9.776028359537575,null,-8.767301294989663,-14.101039822949799,-14.758606929649678,-14.408341601087011,-17.02064478100427,-17.79242322041458,-18.29296093803226,-14.516934679715018,-14.83804916933745,-11.983976178408557,-14.25243457691595,-17.203442778473104,-17.565538190986487,-14.947521911157397,-13.996603633720884,-13.433596673119375
-14.387823478651725,-15.354816364193852,-15.097363185146971,-15.155607997022994,-15.257299826134581,-9.691494029625279,-11.760612057300506,-11.63582159605297,-9.575715531196462,null,-15.684039687352254,-12.289786599959582,-6.492719172331275,-11.735898918277222,-14.840072541557992,-16.894927840810727,null,null,-13.233217918411444,-12.234521620886683,-11.623418820224142,null,null,null,null,-8.55001673499498,-7.57579979177163,null,-14.844495914678067,-15.277943878096796,-11.427923768847497,-7.967986188368742,null,null,-12.238897327852104,-14.885026236226597,-17.468706801485972,-18.17285914752238,-14.812756690544862,-17.05576423430066,-17.154132793731193,-15.982852637286616,-11.283837053103742,-11.970720782242125,-13.066849055548541,-13.702938669135591,-13.364385018086328,-13.116485158031354
-14.196402558509348,-15.282228201690641,-15.208331097907935,-15.303659222865164,-14.318287532730057,-14.262582191972074,-14.740396446349166,-12.319975277122083,-8.719552196499576,-9.722441848033261,-16.026270006260006,-11.748522333697812,-10.599802484765442,-11.224413773887132,-15.757448701089277,-15.465700178982209,null,-14.893072676831201,-16.395574957380916,null,-11.10001635666202,null,null,null,-10.637238482221775,-7.4401115788597885,-6.791113270796405,-9.759286074566523,-11.796074618503805,-11.0516091317003,-14.262782289188994,-12.515923896927182,-9.729649136513258,-8.029875784240073,-12.619425186974576,-12.660133436573664,-14.688633350065267,null,-15.989661299628763,-13.147279210660749,-15.218606169479948,-15.152555994476428,-14.322818131238336,-13.380543328240423,-14.1097475807411,-14.09571083039166,-12.438661941358935,-12.299490567070809
-15.76336539176055,-15.836585745512838,-16.22652455051466,-15.503531545833727,-15.025573381902468,-15.1812543809571,-14.6506934910763,-11.92126431334882,-7.350268372755947,-7.980524061543325,-14.886677185371513,-15.234421616776382,-11.66394175578229,-9.119302461164917,-13.028406475502738,-15.390619006252882,-18.288058310297767,-15.073969857743478,null,null,-11.943452591465132,null,-6.416224716238158,-10.38316013604224,-10.997833332712489,-7.684479627836505,-8.18686342672763,-8.903139566966145,-9.122572379166588,-8.628202865982345,-9.597420188502506,-12.1317074575472,-10.999646843259729,-11.894721477988487,-13.660396469172944,-14.725093018426357,-13.522738446914836,-13.180794023050282,-12.817894631232306,-14.087242255885196,-14.281816644550293,-14.275677700255914,-15.638676851576232,-16.343472079509333,-16.80621407373367,-15.72234381548154,-13.449070712666192,-12.472320021083782
-15.219395408703305,-16.0341290498231,-16.911827420732156,-16.183944345254563,-14.855681917095078,-13.828278530012364,-15.479327620864936,-13.251974800993727,-6.148440331570438,-7.033003374119796,-14.757335289616389,-13.778013590354767,null,-12.847811380230587,-13.424437919854585,-17.285744778001447,-18.049017506431845,-15.499928318806553,-13.419401854205711,-13.034804020805312,null,-11.083417857622951,-5.626961781166716,-11.507999604988438,-10.934267967098224,-13.01455388188705,-11.040192087756708,-8.154234718863187,-9.473960627925202,-9.703524478836702,-9.529455762769983,-11.175450084927794,-11.728059582325574,-12.349422000792572,-12.639005674516543,-19.111078158357614,-14.625006825105318,-12.188430676699564,-12.796187547176556,-14.600092749866462,-12.650233877290777,-14.752335791357732,-15.162584150804623,-16.03384540153846,-15.730557052391084,-16.45842397270358,-15.005634458029732,-12.63321767250175
-14.558155782485503,-16.509220913935774,-17.437545962185602,-16.139966166150717,-15.281533904537852,-13.832332947914509,-14.652927133198169,-12.731153489003521,-8.412209630782487,-5.503746357799029,-14.705952799026804,-13.203886547379167,null,null,null,-16.390376221193286,-15.801416393186114,null,-16.039881156858137,-13.404192301166807,-12.59209973365115,-13.16729220339261,-8.391210399148958,-11.238083628850786,-11.727013023210702,-9.876362278246159,-14.65739519824614,-12.46220345739282,-9.506974683750059,-10.337952757391204,-9.408085504951034,-8.628367617356773,-11.123870289164966,-9.908266222526658,-14.058015393954093,-10.71283077389284,-14.811105664251134,-13.671692212410864,-13.977095185326107,-12.23384710493919,-15.218904687106807,-12.183231251514176,-13.16954232103838,-14.648515420052938,-15.195579698070752,-17.112137660733964,-17.359511928909903,-14.880596581544367
-15.222568821694281,-15.919919401538433,-15.456780360614847,-12.23589926386867,-15.386731428713839,-13.037909082669016,-13.581740943210015,-11.823335712532966,-9.777636305056356,-9.062576013625973,-13.304757934191645,-13.155059680550139,-12.459384246733563,-9.841439300117548,-12.056903478731114,-14.312491730445055,-15.571505379438026,-15.189918698029613,-14.202747508128205,-14.482882892182438,-10.72648615808882,null,-14.010993486185546,-6.8377643631371265,null,-7.3973022011487535,-8.167425496180918,-14.386791317505104,-11.21461002016055,-10.103721782930794,-7.958621623857778,-10.245757912211726,-9.557521632831236,-10.887203424710869,-10.634804826873761,-12.356170825862655,-15.876500735803127,-14.718787847810098,-14.8983555756697,-15.063507399613089,-12.957367627859433,-13.635879095391495,-11.894901792928803,-14.028387448671554,-15.320803183191263,-16.04342010974104,-16.41843309687747,-17.36029073778657
-14.295231537559566,-13.677996270735493,-13.459520390281726,-13.482680973558622,-14.980301461124887,-13.030732195671574,-13.727182749725085,-11.844526209765192,-10.964716843683236,-13.513237954073015,-13.021983619739007,-12.020552333795347,-11.539134114513619,-13.982764050195904,-17.16325803237035,-16.700512696165635,-16.658320293426478,-15.498680333417296,-14.281701988173893,-13.772843012877663,-16.402600077743408,-14.048026916257717,null,-13.324557806627684,-12.664950705777008,-7.40359345755753,-5.013037235475119,-11.326905750824517,-10.50472487875562,-13.49797421829479,-11.923318668820711,-12.094759543918464,-10.14076354966813,-10.049067871784402,-11.398389748781444,-16.960363022161918,null,-12.935491633014149,-16.374607380127458,-15.164323982720894,-14.65286617631427,-12.351982966381202,-12.781597484489101,-13.441695038358468,-16.436787971206435,-16.13397327301803,-17.19538219095063,-18.400165780378792
-13.952986759183759,-13.241354961200738,-13.74762897358491,-15.587041251457658,-14.837229206604276,null,-10.270591545960443,-11.698316849103819,-10.73701329989309,-11.759038011863087,-12.775331737701698,-11.773119369147613,-11.280582938366937,-14.003776638653557,-15.637695234632506,-18.137843473316973,-17.063300401994393,-16.47315922579884,-15.495940274110502,-13.257480479347958,-13.67108000787179,-16.141908203850523,-16.100882964990255,-14.20517247880931,-12.038789208178613,-6.657236067615161,-7.699807745450578,-14.156783355200847,-12.645404972224451,-8.597427251755054,null,-13.650462339292599,-10.782253461494088,-9.412259826303343,-11.985647438656747,null,-16.04719364901336,-17.701823957899002,-17.72344943582868,-18.777605672679698,-18.7211207211065,-17.173287012284455,-13.39178964229843,-11.826161129414203,-15.066791970549309,-18.484839247771593,-17.91399896594825,-19.004887911900003
-14.021505950990068,-13.007647250923974,-14.902418225417133,-15.109114824545491,-16.356352580598944,-13.19130821596171,-10.75598277725771,-12.843524013775486,-9.435180845077516,-12.177620178058516,-13.060100314529134,-12.163119176402565,-10.949254050106884,-12.919720881735833,-16.85933811025407,-16.799959720765926,-17.733917756449543,-17.68518201588726,-17.003576750135544,-13.010120969232725,-10.272652930597273,-16.97778124073233,-18.06013333259168,-15.449695925206525,-10.738404688978868,-9.582974239176002,-6.551790008724167,-12.60181666819381,-14.28030868013007,-13.58093716531857,-10.277141885875073,-14.1841498256299,-10.08561423245707,-10.597312265278795,-10.608332473759095,null,-10.875999389906047,-14.055821854232521,-17.72627108690832,-18.407721852320357,-18.080291370720573,-16.546270328191014,-17.92028951818103,-14.676849070077624,-10.262916698209033,-11.443732060404322,-17.206187837456007,-16.25894250590859
-13.835463398656232,-13.425869013820849,-14.5475305202647,-15.243871544828462,-15.497693242579015,-14.524375118253447,-10.825876686146694,-12.78636411310172,-9.003998849421443,-6.410837875916731,null,-12.06690287062673,-11.70191898866405,-12.051033684600702,-15.973787772524865,-17.930380428891564,-17.600565816635076,-16.76641878184148,-15.962334203080754,-15.066170891811154,-11.960995067483028,-12.29750987643424,-16.453303735980636,-16.706590976675294,-13.960960848008511,-9.890263403266642,-8.559664099064562,-5.680638355692806,null,null,-10.043022670514704,-12.921116590810543,null,-12.036714143087975,-7.989567519052289,-13.915842145866886,-16.824210120319844,-12.958897161295573,-14.450511005105685,-16.078588967406088,-17.846445791203454,-18.215188046194157,-18.268189856813375,-16.377454952877724,-13.660672586120898,-11.182494813494719,-11.524147098166628,-15.53190830857157
-13.45590887428662,-14.304224976891165,-14.424332140554164,-14.477597163782699,-15.073700392625557,-14.782469622197159,-12.694315555949808,-12.72880518007692,-8.623459120633536,null,null,-12.543948543371872,-12.060464265493026,-12.812784443278698,-13.41217949925711,-17.400373275211294,-18.170046360295476,-16.73912474463362,-16.811658890081468,-15.990425406532287,-15.42783373047049,-11.954046562010957,-14.896100550267917,-16.313029747325512,-14.27141279022369,-11.122480454408999,-9.087955058147434,null,-10.48245731278177,null,null,-11.751143646291238,null,null,-9.451308931589434,-11.25943687785104,-13.674508278453528,-15.513826178750616,-14.114894882826775,-16.408197892255856,-17.33269398201874,-17.7376240157157,-17.391840568020253,-18.45567053521727,-16.553215852739314,-14.180514017200476,-11.653572565840458,-11.367030377181216
-13.151790282688705,-13.531369699535988,-14.575918353008836,-14.565577594247987,-15.487950443416501,-14.083332576887939,-12.83979749110813,-12.723196258097426,-9.636064946481868,null,-5.863711935412253,-14.016986917808687,-12.008401815603733,-12.500132223312365,-13.966401070651257,-13.804586008751915,-18.58199913017724,-17.368367191617057,-15.180694634927542,-13.101512825581004,-16.496783143858107,-12.365648532298827,-12.348722950750268,-17.541139426190274,-16.195410416671514,-13.405007763568976,-11.404816769706665,-7.268615686893893,-11.338255535442595,-7.490232552169719,-10.16797443857434,-8.970139885077085,-11.08238094965338,-10.444344265641996,-9.661151062506509,-8.314732619984849,-11.154995849386012,-14.866183531831554,-14.574772055369662,-14.340494355137592,-15.631141785875508,-15.106073534635383,-15.106211880741462,-17.847669529232554,-17.845647955808094,-15.792545572600975,-12.68427135406654,-15.314709519380857
-12.343265220134123,-14.411027745570586,-14.439827996599258,-15.845344072943377,-15.576176996442566,-14.19374197455361,-11.79980090199,-13.975811804293183,-12.114430988276311,null,-11.176465861969778,-7.774670189718443,-9.606592188774876,-14.233680953077597,null,-13.014056191025299,-14.647806234128689,-18.19183941132642,-16.0041313330734,null,-11.993325687292113,-12.511711258597147,null,-15.293560144097968,-17.81546785201635,-14.94792214656354,-11.175915939323188,-9.809123193225728,-8.648788282382663,-11.632847783663564,-8.443864294248506,-7.32790240006711,-7.616491610987347,-8.688184838721309,-9.164457794091586,-10.27368695183865,-9.268309273136516,-12.069193102269136,null,-14.365007440676036,-14.162207290176182,-16.17177005402541,-18.556201386204478,-15.554791260230077,-19.61538814175554,-16.254455023113326,-12.53459869311995,-15.107108352467716
-11.295714970207788,-13.637670370606061,-14.699665485538427,-16.168109660114172,-16.39948198469241,-14.630346156132148,-10.99826177981622,-13.039492221073651,null,null,null,null,-16.00691843038443,null,-12.607569056844572,-14.000989381516662,-12.461336678549333,-15.697397088947962,-15.955811939321649,-13.598713845166595,-11.97121014885542,-14.828498873562609,-9.796727112582637,null,-16.54983814833809,-15.386988773588994,-12.254480284920712,-12.195003973793503,-10.577589951901002,-10.744513201399949,-12.718858880551885,-6.2511928190990345,-4.821057014207234,-8.407974194790352,-8.712657266439859,-10.12053579370441,-7.330720755292532,-12.506950049322787,-13.2588557334799,-13.181801881026653,null,-15.312629363756944,-14.153527880500375,-18.368734821005052,-16.568366528345784,-18.899682807700064,null,-11.723637319104348
-9.449436610747933,-12.48623090573279,-13.301984244711518,-16.23958474001282,-16.908126649833353,-15.806812566367906,-12.658024215024689,-10.242828170018129,-11.56764047463635,-6.918944979815123,null,null,null,-11.786752004944876,-13.150656409458362,-12.636796030933821,-11.71335752568435,-13.56979567550392,-14.518440802727188,-13.507655107794056,-14.70169817436354,-13.424475841880492,null,-12.60574705909484,-9.844120055363568,-15.089486325517916,-14.49728482254633,-11.129682764972475,-11.970613280930166,-13.215376386787979,-12.842767837842391,-10.195028189199963,-6.957865724453199,-6.803469363681382,-8.1204670300757,null,-11.180201201526442,null,-14.468141349581298,-12.362666700675089,-13.193144074751544,-12.92779798933719,-13.923173216464697,-14.90142213779368,-17.41029181049836,-16.754425078983516,-17.255807733079504,-12.686510987924546
-9.59223906476384,-11.354969180779898,-12.973040017466312,-15.391440833469028,-16.470338539964246,-16.490526625306156,-14.822866312217425,-8.980901621883161,-12.065401452451379,-9.121615287085895,-7.945624036754925,null,null,-13.326395488367812,-13.851065193365077,-12.805408727732448,-12.477553861210836,-11.547175239246663,-15.850120959250964,-14.394812880953646,-16.971159109309802,-11.190457985714524,null,null,-12.29473653957341,-15.409474041551706,-15.415620044167547,-12.81154341708962,-9.539797318584833,-13.332046516536474,-14.67676207256673,-10.862246322434398,-12.55010178801984,-9.922894386447334,-10.297180650974576,null,null,null,-10.498018074296327,-14.65181502673195,-12.255138049579442,-10.81397375279658,-13.819137943050904,-13.750838678837365,-17.489597265517073,-12.421044562661727,-16.15979392311835,-14.269253192397683
-8.732231197093883,-8.624660106849323,-11.382557763321573,-14.676553168401881,-15.881527849839333,-16.05730756499454,-15.68647320242584,-13.283349602716983,-8.36060656384381,-11.159507575341333,-8.870424901959174,null,null,null,-14.208915686698344,-10.122916224485575,-11.467942860924243,-9.667994772704802,-12.258574620791451,null,-15.350211331442077,-15.5315890759163,-12.446318677682886,null,null,null,null,-15.26722731998553,-9.520719432615458,null,-10.721340851833247,-16.453906849761662,-9.899232635430295,-11.07934408879776,null,null,null,-11.59419639536047,-14.118083501155114,-11.999726052609708,-12.564591358493532,-12.022843050590915,-16.71688862852443,-14.189064475369019,-13.505739515977748,-15.127685523198808,-13.823792996561153,-14.404155588477828
-7.272190315823439,-8.619298885883689,-10.937968278164064,-13.07210942832119,-14.604504014048018,-15.002618598826153,-15.55095622731744,-15.297904465165233,-13.107534167145033,-10.321490261209597,-9.935178781261055,null,null,null,null,-10.423788364584745,null,-11.033409455633786,-9.417962384913087,-12.79743362443902,null,null,-17.454018879457546,-13.058465950278775,null,null,null,-10.613004781786595,null,null,null,null,-10.97405008317408,null,-10.216832028203514,null,null,-9.729321349441896,-11.583341376756714,-12.221036426757767,-10.33925789512853,-11.302275010296484,-13.55554903551635,-12.194688176337689,-14.963214643883532,-10.276649445594511,-13.845844395495133,-15.343919233614287
-8.459692935119186,null,-8.925900809212587,-11.865954455696249,-13.769805966058858,-14.539942962964938,-15.369051007513324,-15.510673861732311,-15.471307646838422,-11.719952365495672,-10.382934909971226,-7.962991708110317,null,null,-13.123976601455121,null,null,null,-5.596864256301082,null,-13.941120061902309,null,-14.671478776565582,-15.179005308783118,-8.086537281653417,-8.129764920956775,-4.555656636812546,-9.21278444774379,null,null,null,null,null,null,null,null,-10.865909891178237,null,null,null,-11.248734820227408,-9.700248843297807,-14.499681274862153,-13.683495579474545,-16.721767784329245,-14.65745038080006,null,-16.8450984419295
-7.834729697064506,-6.055037424234046,-7.743005524283496,-10.671561791785939,-12.753320687016299,-13.639241762571908,-14.359922021438763,-13.90000255834721,-14.947623021033465,-14.749057552619249,-10.15329147849407,-7.5794185642558585,null,-7.333031586852263,-13.180912848970799,null,null,-8.449310152936809,null,null,-9.666485108906556,-8.385273500835037,-15.612205349627128,-15.108139331469163,-11.98969377039832,-6.931902714988538,-7.8828651301292805,-10.815225854192812,null,null,null,-7.9129385435165185,null,null,null,null,null,-10.60949289825658,null,-8.351816451789357,-12.713721728878696,-12.589754254605268,-8.329497047973502,null,-17.03467077214834,-17.126246681078257,null,null
