public/json/wind_2018-09-1521_950.json
{"header": { "discipline": 10, "disciplineName": "Oceanographic_products", "center": 0, "centerName": "Ocean Modeling and Observation Laboratory", "refTime": "2018-09-15T21:00:00.000Z", "significanceOfRT": 0, "significanceOfRTName": "Analysis", "parameterCategory": 0, "parameterCategoryName": "Currents", "parameterNumber": 2, "parameterNumberName": "U-component_of_wind", "parameterUnit": "m.s-1", "forecastTime": 0, "surface1Type": 160, "surface1TypeName": "Depth below sea level", "surface1Value": 15, "numberPoints": 4800, "shape": 0, "shapeName": "Earth spherical with radius = 6,367,470 m", "scanMode": 0, "nx": 80, "ny": 60, "lo1": 109.0, "la1": 20.0, "lo2": 116.89999999999955, "la2": 14.520000000000117, "dx": 0.09999999999999432, "dy": -0.10000000000000142 }, "data":
[rows 22 to 43 of 60, columns 0 to 48 of 80]
-6.084445979202165,-5.940802486756655,-4.258521772919469,-5.472613637326319,-5.695050049594786,-4.733584770460572,-7.348601488334727,null,-4.628476099127802,-6.298041185462616,-4.833562203623043,-3.2542573716788694,-0.2833753703709635,null,1.728533062571315,-2.9634460376641103,-2.976714984082812,-4.789514485118712,-5.072036617982094,-7.213502128808378,-7.129659580579661,null,null,null,null,null,0.9357187729383787,0.08414914385748709,1.6777126455394802,2.307904464129988,1.6836163555618975,null,-0.6068260521240704,-6.340085638595296,-7.175138499209589,-5.294597511486133,-4.587962575025564,-6.184799288751321,-6.158487743799283,-5.101909569123227,-3.3294148508526042,-5.694970391207178,-7.45461029240416,-1.712727381286356,-5.355360287166329,-6.563834286550412,-5.792863980204524,-6.779224425754767,-7.884479360272414
-2.9393899208106355,-5.527918353991612,-5.627423270455522,-5.5346647346157045,-3.3072792375950772,-7.637244720546411,null,null,-3.8122450869415,-6.090931587277905,-5.107372889882405,-4.2062852776166775,-3.504033984738905,-4.384308333468679,-4.124498294508623,-3.7431361048888787,0.06462158212646724,-6.2971945200363075,null,-3.339103704119727,-5.548042205924377,null,null,null,null,null,null,3.7031213439019237,0.012452110797016858,0.4348618494157234,1.7114853744464262,null,null,-3.794484471013571,-6.3508181781088675,-4.0359810217448535,-5.862833775350136,-7.546668253428454,-8.290702319423827,-7.09539005245461,-6.164215471454121,-5.309146163393903,-7.231709506126837,-6.514530410000733,-3.082921809344221,-5.980656101673732,-6.6152526434241175,-7.365312059124243,-7.475580862022479
-4.848708095410454,-5.041096936227005,-4.663968132315799,-4.6190695393637125,-5.854248206692712,-1.1364527649594316,-4.104481587660976,-4.127165325869045,-1.7784561990664853,null,-4.253939635940099,-4.498277320050864,-5.331963072057908,-4.034863651574841,-4.580533616164385,-4.575704283007217,null,null,-0.49788718739956755,-3.6328268011812437,-1.8213483462228643,null,null,null,null,1.2672744807652587,1.4584730133760868,null,4.244459710170991,1.068401549394267,0.7582892482474306,null,null,null,-2.9015445284270243,-4.975618592811226,-5.562530119389594,-8.095465969204918,-7.963212299279395,-7.8721748428637,-7.441565145150385,-6.935684752063514,-6.862484594948153,-8.160513786948778,-5.962692959632124,-7.029212090202753,-8.338530605249755,-8.394471375085832,-8.81962124957963
-5.682670787892388,-5.303733272712887,-4.8355177954426125,-4.592178119495417,-3.902557339761066,-6.203250508115355,-4.542263972407914,-5.689564328948321,-3.820771068764005,0.08489698515055621,-3.475160014179404,-3.894666746982134,-6.391497674138764,-6.383572023625874,-6.986808811131878,-6.231215512317144,null,-1.099608454084236,-4.385958750564485,null,1.7360236099809907,null,null,null,0.8246305729819002,0.9500262102272906,-0.6244823816233667,1.8042701843456252,1.921315139686227,3.2180431475237983,-3.3140933430759745,-0.9010311532157813,-1.4659651586568685,2.023744826768619,-1.3465472052162197,-4.887872123669315,-6.852400312066341,null,-8.616547568059774,-6.26405161231732,-6.935756537510221,-5.9952070546474445,-6.79564836702688,-8.248263862506384,-7.987792292749256,-7.753943438558238,-8.670821144887451,-9.639944094371852,-10.44894436348065
-6.113400321845143,-4.947919666690371,-5.310015822970115,-5.170030849966551,-4.7768715915856195,-5.0834113045738185,-5.272589393007807,-3.4797062172644897,-5.933012836947889,-2.3440201972396046,-4.741865077499098,-5.860849914127815,-8.117469422446073,-7.446525191940483,-7.860120126052717,-4.875981624622689,-2.6665692507795717,-2.5972410865058975,null,null,-1.5214927522811859,null,1.1642967021390362,1.1185374126993377,0.41991323253939616,-0.2589748231964013,-1.4057202714032768,-1.0672526360659016,-0.21890950069105394,1.5237615609142414,null,-1.7857492383211926,-2.30845245031387,-1.7061022776847061,-2.934249598176815,-4.489999194954147,-4.451547584586337,-6.423952250438779,null,-7.184339723384224,-6.791815817481309,-6.756914070093563,-6.937305643968591,-7.723778219025601,-9.074177267058996,-8.650595314907683,-8.711682299864842,-10.005936206139523,-10.982913048588195
-6.91161091039832,-5.33304510189574,-4.863437837808124,-5.11687531053361,-5.474979668143967,-4.562008240542227,-5.080346385815158,-5.470640361080272,-3.8054485784235537,-2.61930356091022,-3.506686246525648,-3.2943334306653007,null,-6.978091155079029,-8.679446979249862,-6.831029382632708,-2.9496604603143357,-2.5370788382791423,-3.146003834771158,-1.942289469292994,null,-0.9295390097384725,null,2.624140062216887,0.018893924329076873,-0.6878816844676989,-2.068011035128883,-2.559150671953251,-0.4134873862554584,-0.690363747938213,-1.0217988526452246,-0.4759976275729013,-1.416859292983565,-0.1412422364995885,1.1310007584612056,-2.6644250247081844,-5.234547106230965,-6.930219072469378,-7.085053641860368,-8.398819886241983,-7.840357931300047,-7.5635723448796455,-7.841038756079636,-8.365816181009126,-9.32174073144868,-9.174549109630238,-8.806603239373072,-9.720126306076622,-11.034781200968531
-6.952505516051642,-5.705465450392418,-6.046896395138217,-6.104201443368423,-5.461350729612759,-4.286142031063778,-3.7127754848083376,-5.894452845554775,-6.1303326106410765,-4.074592836261056,-3.4111420329750612,-3.7161099513053064,null,null,null,-1.4451458855591497,-3.4812205643613634,null,-6.072503383048184,-3.6572479116713295,-1.1233826258964879,0.051364622365250204,-1.594303129018042,-0.03934658633212279,-0.15217531060881195,0.7241533120560932,-2.046970234976461,-2.1928264262681627,-1.3021194067344488,-1.2840930941093194,-4.548295082825007,1.732388544649006,-2.5005490893458164,-3.264117016754896,-3.515146503215366,-2.0667416351948154,-5.883013400529116,-6.89023528843429,-7.087258380454397,-7.106312811798075,-6.952859589042438,-8.45164326842717,-8.126566909963715,-8.749388782188191,-9.842508012938168,-10.407149111920653,-9.85560343195418,-9.539175430566997,-9.149330179660575
-7.059216661961549,-6.240367087059354,-4.715136691967607,null,-4.064941923502453,-3.9090435362848917,-4.742357133525444,-5.740731376594471,-7.287572181360831,-6.174629715744447,-4.042908143091859,-4.630139748978189,-5.613325008529889,null,-1.6873541443946503,-0.5580832171829981,-4.80544949214992,-3.9677827309588616,-2.317626282474386,-2.1914452007810494,-1.905383120277929,null,-2.141108654733577,-1.3722049743947584,null,-1.2007704671673078,null,-1.3622820206819959,0.41428873041376924,0.877407746473657,0.7181871344537669,-4.618524966494945,-2.827384415799804,-6.6421932955243985,-4.994918171640673,-7.342143015091938,-9.706397572752849,-5.90239942270061,-6.184674892047727,-6.925946560715958,-7.327156748197176,-6.030882764647719,-8.230245608030788,-8.308009911751958,-8.79338317462982,-9.788110933296373,-11.246017813878336,-10.819695073105624,-9.705631788349443
-6.617839251101957,-5.347623627914023,null,-1.3127571860807579,-3.8485627064106787,-5.534493081486694,-4.302544936052991,-4.758709485815034,-7.146387715259431,-7.458131011254696,-6.1934010065478855,-5.990794256934318,-7.505792002967842,-6.205247793260824,-5.514743140148173,-4.563666744073792,-3.292501655448302,-4.313247431993434,-2.9567613802286434,-3.713563827931589,-4.64172248538164,-3.201331568316258,null,-1.3883263201509628,-2.9443461942553224,-1.0844452589089668,-0.0506993123666067,4.583399244221912,-0.27944193220339897,1.0850657874787324,-2.2999684685176662,-4.0640884974181315,-8.142449553719896,-2.934686465505595,-6.393898411383785,-10.46931919693143,null,-2.609086781275946,-7.069812239737775,-6.751216812107362,-7.700910904908856,-7.887176635760457,-6.515409384857975,-8.229146877439948,-8.7352859031857,-8.635093777466373,-10.644660195919455,-11.22379669954051,-11.3686769044214
-8.372890705256363,-7.348998072914961,-6.366665958205503,-5.072582568717622,-4.933755793618045,null,-1.8473193664830436,-6.33923261473266,-5.021296020961316,-6.5175440452349385,-7.211623528078016,-6.840483309810006,-6.25259932103998,-7.701352696556379,-5.837110377183578,-6.738395989185598,-4.439438311884638,-4.6674021634463685,-5.226616730569802,-4.267554923926682,-1.9241432113194747,-2.494905740624702,-3.1336841180147585,-3.01726723643137,null,-2.336549522709684,-1.427521116721134,-1.1698323405789979,-2.8437735848145156,-3.106149768338623,null,-3.465456629302989,-7.236711997684442,-8.842949038397085,-8.91072946352313,null,-11.49429074469289,-10.212625735908437,-8.60122653410231,-8.970431543673843,-8.077749207335714,-9.321141612191335,-9.286522102971599,-6.964382804905156,-7.72014149366154,-7.872302317716494,-7.314574135328091,-10.8704699175439,-10.183777243690667
-8.74586064739833,-6.354079364560566,-8.45934302218743,-5.985586705481023,-6.4529912785195975,-4.539659428365659,-2.045736002857458,-0.7883733580610153,-2.4893285785454857,-6.4860179389880726,-9.268582354057452,-7.227537094660462,-7.059579308620914,-6.53334573143212,-7.573043205097592,-5.218517769169536,-6.7702653711107095,-5.434706798805348,-5.28413768878817,-6.537379553478641,-4.0453108693758075,-4.739904441453812,-6.371234522244308,-5.0897431180718975,-5.124360878650813,-3.692114014279389,-2.074328833238962,-1.2178684845635008,-2.8077480636448913,-4.8729439165727,-3.741599992628697,-3.251640920129074,-6.654539372765108,-6.9046504204736125,-6.711808816155839,null,-2.8427867066302857,-7.615028654134451,-10.230751963248158,-11.156269567560386,-9.338828712523975,-9.681807777145046,-10.909997439912685,-10.585443623376387,-6.9473798080005205,-4.905070513182121,-8.08223645705585,-10.197626282110729,-10.768100911259243
-7.858287435866257,-10.414037187149766,-6.938604288283429,-7.393518571314729,-5.871804911447475,-3.742396774079735,-3.1114409289942664,-2.1584509553380955,2.2572378876937145,2.6520400792382475,null,-6.181981973964699,-6.2623565325161055,-6.487749838588657,-6.871402821312471,-6.063216820270339,-6.572581757582708,-5.758958010087589,-5.269015329294612,-5.585745719145763,-5.735601652313798,-5.380033824619305,-7.15202155550053,-7.249382628215167,-4.612415797999885,-4.331595889199215,-4.117904665326447,-4.276548879489109,null,null,null,-5.444836808143742,null,-7.603476963897446,-3.0793792040038332,-5.24717659154878,-7.247652573122343,-10.95587408355443,-7.342686695915148,-11.896244085428112,-11.337183853943289,-9.281722453034892,-11.614901655030273,-11.863531014395255,-10.983334341245802,-8.040873384749846,-9.48875372516755,-6.178765454568104,-11.379402729281026
-8.127016085725248,-8.87245152374065,-8.038972134020796,-5.9328459606113455,-4.480734058692017,-5.4840834024287926,-3.6898619512496236,-2.712757931943749,-0.3887296352884736,null,null,-5.714826173927685,-6.674337105859873,-7.144704425191252,-7.617559783043383,-7.311035028322068,-8.557526388179678,-6.937009486618032,-6.2830365066136356,-6.715472348528611,-4.3872074603678834,-4.068970967997816,-5.0285885671250545,-6.3577646026648384,-6.590407901188335,-6.706760990134407,-4.440758223783405,null,-1.323610603209377,null,null,1.710437167519788,null,null,0.5379931556643742,-5.705365716417483,-6.186736596985472,-9.859965968610018,-12.267580476091373,-8.956122255355057,-11.849896011106326,-10.783766481691606,-11.126498227049032,-12.601608054149706,-8.517751946250256,-10.20524831308982,-7.7321014363231555,-6.243747227162856,-12.332471480769172
-9.558709831578517,-8.263508138089238,-8.057469357068861,-7.475412300826226,-7.1046642670694045,-5.664509451061212,-4.391851315270585,-3.268473343174779,-2.6060293314499563,null,-0.7969597515731983,-4.5192462020442505,-7.108094205509856,-8.887109373084336,-9.10262992437919,-5.584163166089451,-5.427081176407071,-5.6066592481503195,-7.59223955799011,-4.153214747752088,-4.518783484922612,-3.3117417378762317,-4.7919607556970805,-9.075679001945174,-8.250454525754483,-2.858327618561764,-4.3929381783121215,-3.0133988246051233,-3.347146839846606,-0.9470560186947787,-1.9003523315216506,-0.29911605348170867,0.604097579665014,-1.7368745933766347,-5.357364170306909,-3.5510587291463316,-5.759422717147741,-8.726235152805117,-13.15860701523398,-6.992223531872742,-11.943200988669194,-11.811019794986272,-8.979111659903428,-8.912972077343824,-10.340058456739714,-12.004359654505476,-11.939808529484548,-10.22860891272,null
-10.29105149058502,-9.956393953656768,-8.226510542237683,-9.973877310918166,-7.828143884073261,-6.5016664680068015,-5.446392423481155,-3.60527738590059,-3.4890319633887668,null,-0.5505066935246528,0.07142032068765361,null,-8.26019604628788,null,-4.860703913900546,-3.423613847867284,-7.181290701265087,-5.615407391094858,null,-1.1539963132163935,-3.198461859065217,null,null,-3.122681418356469,-3.6199166440533372,-4.473590346530674,-3.28275199937059,-1.7680313948409832,-3.3807227732441376,-2.3857335434446876,-4.822281230347972,-2.741407931820851,-2.008850364127828,-0.8539365505468619,-4.742650668420704,-4.557119112346823,null,null,-7.549951265775887,-11.994725484363718,-12.452835497681424,-9.22440469751397,-10.384736938349784,-12.306200943027042,-8.787772181976571,-8.301664334560597,-9.153885344245898,null
-8.284186199547579,-5.966547561449215,-11.992981174195362,-7.643829750694219,-8.056629374012557,-7.008626042640037,-5.762300383934798,-4.943983880109981,null,null,null,null,-3.7607335725774136,null,-3.780311256517237,-5.084918546414057,-5.412906522674905,-3.681335789409558,-6.862620970180868,null,-4.652984604208521,-4.891284445867839,null,null,-2.7799326381523994,-3.992320506825078,-5.16230144185089,-3.691624809381907,-3.3525680458067657,-2.6158304332077105,-4.786591249452682,-4.598092140372474,-3.687264494921311,-2.2799053683555206,-5.060690963005614,-5.437028011970683,null,-6.038353630140259,-4.382190702667797,-1.944942980192776,null,-6.666804994432902,-8.753795434543221,-11.226894998488405,-11.48001615262708,-11.894625114331323,null,-4.94143992033792,-6.609744721748429
-3.39833877321416,-10.259277886448752,-5.433844163130312,-8.103255622482747,-7.428265005756934,-8.144786603144679,-7.298537371789545,-5.280825563829029,-3.944249122662927,-1.3735929276087817,null,null,null,-5.579604693527803,-4.610148018231238,null,-1.8561286788418492,-1.896901763565968,null,-6.124038027661304,-6.547080370761569,-7.0870450262247235,null,-2.350241790225546,2.1016058999255463,-2.4071011525772574,-6.042346166320455,-1.508894797646784,-2.8681340650233316,-5.847850165446426,-2.919815537849393,-7.39638661201197,-5.998895499344947,-5.070101036591999,-3.971763730441222,null,-4.542741802984725,null,-5.059284793449674,-2.13512561403588,-8.993767889165817,-7.598620610876295,-8.216434624963227,-8.105915708512622,-8.19691936073796,-12.351745403317818,-8.4102826457011,-11.059940947553244,null
-4.4201223689034395,-9.030661862217965,-5.931111037612713,-6.265350172777454,-7.135693748888933,-8.603469142907496,-7.355389342643042,-6.448922358777228,-5.052458850731961,-1.9390684099683546,-0.27774670093080245,null,null,-3.4417138975610455,-4.131366933548362,null,-1.242999176444152,-3.7635751211135973,-1.3175506996493702,-7.911270830942212,-5.542783970231106,-4.829593162014458,null,null,1.7023451980666677,-5.2808307819758795,-8.951380529622663,-3.8270597009229985,-0.29610082361895185,-2.7544997980588617,-4.2098642809045685,-7.977657846268073,-6.998439405291069,-8.831664453816941,-7.354050334819439,null,null,null,3.6332689474993076,-4.193510856797737,-3.0941738267081846,-4.998713843914153,-6.713121718322183,-9.738490402268898,-7.6905397102689195,null,-8.532067638269865,-7.496836661292749,-8.256850556960103
-4.646511748063338,-5.389901031785265,-4.323177324334896,-4.864029113587451,-7.389333097914546,-8.391080310237259,-6.766339656534693,-7.264174670005999,-5.041325398389629,-4.958735735706448,-1.6222235452449751,null,null,null,null,-1.4046165059346447,0.21081366110657374,-1.610602739675867,-4.0500376853433435,null,-1.5748087740446621,-9.475225155902757,-1.5962734315987126,null,null,null,null,-0.8564154880519921,1.554920228723636,null,-3.5060600777438164,-10.628183093172973,-8.400071171318277,-5.8903117301746795,null,null,null,1.07619190994633,-1.6805902717450636,-3.7497532647102294,-5.08962522945593,-6.074053327116267,-9.97436386041156,-11.511156292995251,-6.379461899032643,-6.458073140397619,-7.537162661478925,-7.384607635257689,-8.582045783479685
-3.5590507275599816,-3.166562623777239,-6.194865059743097,-5.840455601583067,-7.418968206206327,-4.38665862715597,-8.568668311412845,-5.424266822155626,-6.62854956365109,-4.286986697796155,-4.935291641324728,null,null,null,null,1.5948099996344272,null,-1.2520116144287143,0.8882832354793491,-6.889601265348663,null,null,-2.176434651634103,-2.696646490500251,null,null,null,-0.07836834102753105,null,null,null,null,-3.333178033985918,null,null,null,null,0.40370636711939395,-3.2011366700893302,-9.006951964102306,null,-1.8606973530165494,-9.732287505867982,null,-8.433038907211488,null,-6.976285046680173,-9.942817726028013,-6.551276347228944
-3.6457519570419654,null,-4.280808375148595,-4.874699585075663,-4.776728946093995,-6.771293582741498,-8.074983989524215,-6.79211869969679,-7.806990144996741,-6.080566566289772,-3.028553564028378,-2.8304651141159587,null,null,2.1341890957175114,null,null,null,null,null,-5.294018908912342,null,-3.500592667465944,-3.9303940487100264,-0.9893448153660256,2.104671702561953,null,-3.330477958576564,null,null,null,null,null,null,null,null,-0.5056573865917062,null,null,null,-0.19465571112795854,-7.2525658742489485,-4.607678264346257,-7.993379960148206,-11.780636284213692,-8.249287492596208,null,-9.606166161876407,-7.618224297132398
-4.119505830033294,-4.477982519158903,-5.072791146476215,-4.768200226588931,-6.221057110666269,-7.5491429408209925,-8.550447833965357,-8.020853279743296,-7.391695412474639,-7.696652749072464,-2.7898198030836645,-5.9180992707767555,null,-4.167826468044545,-2.710528729574307,null,null,0.3206373024754795,null,null,-0.07248653591413237,-4.517412131181898,-5.233223417307715,-3.7560980599308924,-1.045269954356547,-2.2081538507153646,-2.038160464160899,-6.57640767061787,null,null,null,-0.8590883782066535,null,null,null,null,null,0.5673076962644441,null,-0.1144242473204855,-13.488197979879843,-11.666538859914045,-9.887131895625853,null,-8.820263350847425,-7.5423424732541235,null,null,-9.345893274019412
