public/json/wind_2018-09-1612_850.json
{"header": { "discipline": 10, "disciplineName": "Oceanographic_products", "center": 0, "centerName": "Ocean Modeling and Observation Laboratory", "refTime": "2018-09-16T12:00:00.000Z", "significanceOfRT": 0, "significanceOfRTName": "Analysis", "parameterCategory": 0, "parameterCategoryName": "Currents", "parameterNumber": 2, "parameterNumberName": "U-component_of_wind", "parameterUnit": "m.s-1", "forecastTime": 0, "surface1Type": 160, "surface1TypeName": "Depth below sea level", "surface1Value": 15, "numberPoints": 4800, "shape": 0, "shapeName": "Earth spherical with radius = 6,367,470 m", "scanMode": 0, "nx": 80, "ny": 60, "lo1": 109.0, "la1": 20.0, "lo2": 116.89999999999955, "la2": 14.520000000000117, "dx": 0.09999999999999432, "dy": -0.10000000000000142 }, "data":
[rows 38 to 56 of 60, columns 0 to 41 of 80]
-16.805064508468877,-19.83734794545155,-18.38502477858122,-19.187135712951584,-20.40841580754311,-22.15960348383039,-22.07998961050791,-20.357836112168595,-18.973196655100608,-17.684046284117986,-16.98268776519012,-21.2808053008208,-22.542324100944132,-27.77891860465903,-29.726426503807332,-28.27168226769415,-26.12240717939956,-32.222312492142805,-29.669901924002012,-36.54695010177464,-37.171409528147,-31.097288412027087,-30.72877215506574,-35.012530885177924,-37.798286269326525,-39.338690901660826,-39.66915154818363,-39.82084267789146,-40.96163677690767,-40.565459546100435,-37.44102213599215,-36.21094988187508,-34.25135731238013,-37.110007943049524,-39.989643736780955,-40.786997020578426,-36.437089080325826,-35.156178850432795,-35.99999823320875,-32.945410727181915,-34.87724723131289,-34.486583157374895
-18.006986260087196,-18.721368399509444,-18.245952966909194,-19.714097659518064,-20.635054445854657,-22.02264604941074,-21.68593399274839,-22.421286566482596,-21.077305630193827,-19.10626491031506,-20.224984162754417,-18.202804589577582,-26.274792421920502,-26.654850294724532,-25.232460722272897,-26.256504445975093,-28.495703477376352,-28.49279690748198,-28.878926640259706,-35.66763186636507,-31.443968214789173,-31.18072049466929,-28.10330411393917,-31.877849047866007,-38.23894369402089,-40.93559066827528,-40.30910013986392,-39.86395350829902,-40.409909379516066,-40.66368811306853,-38.17457691482306,-36.22583022534815,-34.238091396602066,-36.96543546889679,-38.231440498209366,-35.36849970140081,-32.90700724574433,-32.51915484935959,-34.71320627120018,-35.857446553641914,-35.5375271093776,-33.71938827125973
-18.81733921430505,-18.22747519397539,-17.07453586309771,-18.66525417533173,-20.18798192247774,-20.97952219826165,-21.50069197377037,-23.37058367743611,-23.032744961508868,-22.234031860415193,-23.181209510459876,-21.341956854778132,-17.97888722306516,-20.102409421627552,-23.038984518150126,-24.490358694287846,-29.03119985696982,-30.414160105250062,-29.85572951811245,-28.420565410566567,-27.859645634561836,-28.571200467837045,-25.561807231569947,-29.406369508256393,-33.5177431768782,-35.058462756490144,-32.88250893009505,-36.73598383064686,-38.39377206063669,-39.623468847869006,-39.60241968645962,-38.61191588573553,-37.80984488486558,-39.465869577552546,-38.59870494126691,-37.523349014452265,-37.52871958829041,-37.36646614667983,-37.81597070866602,-37.930034409740074,-36.980353037456155,-34.88302087864117
-17.61509906883303,-18.46126667542388,-19.778438365731773,-18.88344910977269,-18.767301399141125,-20.12471417109984,-21.866368004677202,-23.096134040110258,-24.656219303026987,-24.973791053645307,-23.80676417022489,-20.377088270219655,-17.218626433758104,-17.286195508902743,-19.766013148106943,-27.58187972980153,-30.757720926825776,-26.81558491096977,-30.665701604943308,-29.35055075544355,-26.644983089674565,-24.84307251782123,-28.008840781878614,-31.9275026346928,-29.13354913864071,-29.36691692801645,-29.24422147311827,-35.76260727301724,-38.412888992946165,-36.38693295590263,-33.0087861607542,-35.13082107117751,-38.72838330843082,-38.16696611024395,-39.69612439154041,-37.00186351900463,-37.18098547573393,-37.581753670974884,-39.14704065003991,-38.403821227141634,-36.838463779606045,-34.54945676178777
-17.302539337750336,-17.783806145073434,-18.771734636980398,-19.427240159603308,-19.826771251907708,-20.758065596962552,-22.825857041793295,-23.835896065412022,-24.501247306771116,-23.4801655268423,-24.690070588184863,-25.11873044559263,-16.48726565367569,-18.077272523454116,-23.121687755558916,-26.498889909336356,-25.107941418223277,-26.746789826918846,-28.25525174540197,-28.619999096796203,-28.81624084945932,-27.109003155247237,-31.979639769960016,-33.343300778727055,-30.612876763458942,-29.461872525334602,-29.819768360647775,-33.727849620940205,-33.9198914640263,-26.551369566361537,-29.8977021555241,-34.36490235200143,-37.275130719547235,-33.31404292088638,-30.780218786822708,-34.2792885541479,-36.23132762794171,-37.394213453308154,-38.01821923720783,-36.14174587453364,-36.80262647748947,-34.94989540833805
-17.273074596563056,-17.879040661401735,-20.001723926211323,-20.681549331150432,-21.7003629643896,-21.784925204516508,-23.0571897867571,-23.988888623901772,-24.462793752907096,-25.691225646673697,-26.041872246061946,-26.261346009375064,-24.945367812029097,-22.889516477609128,-23.441723526032284,-22.084605485147762,-23.920888650385912,-24.502990719394425,-24.982689044596015,-26.52543141735372,-30.768404601795467,-33.50469680041609,-34.652782706938986,-31.582100745818934,-30.142990821809736,-29.011915997798827,-34.95473803659088,-35.79976726052996,-34.21104085772201,-32.58417061800672,-33.129136130091275,-33.46822124889384,-28.961877595873872,-29.42213568643806,-33.36341404415775,-34.92137286290312,-35.63818142038113,-37.139216050482254,-35.473901176949425,-35.4566788277792,-36.482640447171086,-35.43655125810887
-20.05411853906009,-20.310169129417357,-20.524621940870723,-21.47953563652267,-22.72241752514869,-23.163009781680188,-23.44402131951631,-23.95770516330775,-24.451216270620435,-27.0897241372909,-26.78857516085532,-27.923952057714587,-24.88297473685723,-24.45065833307098,-23.972672967932706,-23.28303275116974,-21.49497357272751,-25.773164846023736,-25.66187432925908,-29.556246066251322,-33.91445623049006,-34.91611852247354,-29.83149655967037,-27.507749647467456,-32.551029790337296,-37.08919744839774,-35.33194274992999,-32.04232707140102,-27.506786406274404,-30.290903792145812,-26.887289352631175,-35.143903904382405,-33.20114137799696,-34.14295924272868,-33.10837735211224,-35.174476557663894,-35.8672543719773,-36.12863847384567,-33.61030912305703,-33.62801018577355,-33.14784093952745,-31.458918671891354
-19.63564943170505,-19.842576646323952,-19.80580507359513,-22.048793126947338,-23.220906220334697,-24.001792609552417,-24.410285121432835,-24.782725197094862,-24.69476549048032,-26.854990177441266,-25.196199789359568,-25.74438684932842,-23.09797876667131,-22.59714642063583,-25.521867980584314,-24.302861425280334,-23.792050433434284,-25.325946411831215,-26.705683003178283,-30.47011989609153,-31.510973319340145,-29.116282482492757,-27.79598495221031,-27.93436834964363,-32.74590251452692,-35.48678345154768,-32.14197686731452,-31.70398260234415,-30.107924568834306,-32.5370973314022,-27.80252748777522,-29.529528903204508,-26.647845639974943,-28.347557803040253,-30.27397025571057,-29.54399945502039,-30.50342810502049,-33.54019545290734,-32.765517292498735,-31.315557581633023,-30.50915881504507,-31.76323621191562
-18.246532899384327,-18.107005471007326,-20.45833225042339,-22.006689951021393,-23.853184504090517,-23.88027425779811,-25.466948420105105,-25.497957425181568,-25.254824843333527,-24.632330056174176,-23.95941862849678,-22.96244638013619,-23.186977343630012,-21.209215490373992,-21.551031554341677,-23.35837434422221,-24.670601087638122,-26.015557900113965,-27.41089081140108,-27.89161808744998,-28.262120473693667,-28.077111502589116,-24.956513892977654,-26.94951750930977,-29.420335701309806,-27.183396007895237,null,-27.55524261997678,-32.11186570594402,-33.12017777636583,-32.61093324978513,-31.012928362013017,-34.93484757953959,-30.608361993432606,-30.146098725046084,-29.026879694533392,-29.52211903775473,-32.93044000373577,-32.2710631287495,null,-25.298769494208898,-27.106361361707165
-16.658018426704636,-17.278922850245532,-20.530662617458674,-21.988064958401964,-23.954922552555402,-23.770150429725316,-24.682221687864093,-24.22514159862036,-25.361247428172994,-24.76572152443294,-23.2512815870899,-23.3083408012862,-21.934836993512086,-19.653537275403565,-22.808015085076935,-26.493373800723262,-26.50554339432835,-28.746269132564542,-23.850928530239763,-24.81028630913471,-25.92032989848272,-26.96914884265074,-23.794754981319027,-27.42265689283864,-31.611530872026933,-32.65870708338625,-29.340398543510545,-30.005788237442125,-29.688926535411902,-28.6149910435299,-26.68973294071057,-26.30125259457435,-23.08211588367051,-26.424731572965012,-30.44106901247676,-29.95686952744499,-30.785354972659277,-32.35381434397749,-30.7192954785453,-33.433417635337534,-29.361411891570263,-28.82317564045698
-18.32875965514599,-18.30259648591411,-19.767597473039622,-22.473785584540174,-24.162385926720262,-23.972527240986587,-23.574607197390115,-24.206748595217803,-25.929174649754593,-23.98025736807769,-24.001928326398563,-24.004830249623645,-21.372744848664965,-21.53507847912377,-24.276726941936904,-25.085745016492204,-28.81745955787864,-28.767264048068263,-23.406404241636615,-27.7863627959381,null,-19.696574834572314,-18.974742803364187,-25.279739102507985,-29.839338378292574,-31.392008762095507,-28.68491708570538,-31.784727420034503,-30.083716796172,-29.59930278393735,-29.988220091495272,-29.540850578703356,-27.779849629103808,-28.97998577411559,-32.03929717911755,-30.326247828784695,-31.93946684073825,-27.466044499261706,-23.699315547867926,-27.101205574633685,null,-26.553615379454996
-18.546977736798144,-20.834231545798755,-20.70060373633909,-21.69614388209135,-21.064683877000284,-21.965838369611525,-23.289698594561667,-25.183524372204754,-24.233367574005165,-21.43434822791249,-24.004497723807994,-24.643977200205924,-22.793584141347118,-24.493247168938556,-24.485554098074303,-25.832361598687655,-27.61162494477586,-25.200136566812525,-25.639513597236668,-25.924031279638438,-22.634746761500566,-23.033577573693858,-23.992055359776472,-26.419124529111848,-27.33077066180397,-28.953971303414463,-29.29346644930744,-29.608283590777486,-31.044819004136606,-32.17169977877542,-29.695908705767966,-32.2636918838432,-30.309315058197562,-28.36168924257276,-30.312120690429808,-25.932587992922013,-29.139761038267295,-26.25635383957196,-26.91242692076792,-29.447745732048524,-27.514549040555792,-26.537210651348616
-20.745855692901713,-18.31448264981302,-20.999894186779937,-21.062712794416598,-20.524183466458563,-19.693037888161285,-24.40815692569125,-23.70041444354359,-23.718617114249188,-23.128628698455536,-22.99659430980224,-23.733142673932512,-25.02853659313939,-24.83669377374862,-23.66520533620465,-23.98509613626573,-25.699422594440602,-22.150142905732363,-23.3589751545736,-25.89387415824589,-28.09570500501378,-29.58878165446425,-25.577202143551144,-24.880191266196842,-24.437962120206944,-27.102112428980764,-26.110047572843513,-29.598548249652858,-29.834544378868102,-29.336783929932228,-23.317516851969252,-25.470719338875895,-31.35000848410869,-33.068829529398364,-33.943146605161644,-30.830087106160512,-30.24404452616879,-28.37757313704757,-28.80138091975838,-28.64082466791643,-29.676367397708777,-31.002115920275845
-15.84337978235773,-17.621481495829194,-20.534184067935872,-22.36646307384964,-21.497940095524953,-21.36684797634017,-19.050482713763365,-22.370187678585026,-25.878925102268436,-25.11252923853738,-23.65301180137388,-23.160696825527605,-24.67023831014184,-23.640439523079237,-24.76828240136838,-24.90112951426125,-24.89521008642628,-24.528185249964764,-23.83485450521327,-24.31100360062783,-28.91627509585243,-25.559851507491498,-27.746221894790775,-26.071365519017558,-23.358129476263795,-22.02022865313312,-25.420783820689778,-28.58416770349544,-27.03010972090326,-20.20506743602301,null,-25.00248834040827,-22.813194004183195,-24.985253993556434,-28.852096345292694,-30.172923905881888,-31.222076769249995,-32.34504980195256,-30.12454487300916,-29.998516555106146,-29.409945539818892,-31.847223139536474
-19.410926183607696,-19.425288581437915,-21.962984209025233,-18.202311101878706,-19.37976768434117,-22.085142998808255,-24.09494552557547,-22.896111399988605,-25.06728154574311,-25.209368718509488,-24.824562991864354,-22.89758341492747,-24.1347327375288,-22.345626721549735,-23.561516079522253,-27.066602303500364,-24.228736847927244,-21.690306590679466,-24.44450431909334,-23.619682941830934,-21.314122273065042,-16.83580938795114,-26.22527067539186,-26.97482505640629,-26.364216784369958,-20.66517773135279,-23.428824817150872,-24.66309276851971,-21.232303675639876,-20.81154890652205,-21.89737468649574,-25.07557476431133,-28.48115946938506,-32.5101837866967,-32.05988855121883,-31.68742058357811,-30.857133017938903,-32.631036334583584,-31.76416101453603,-30.379705542813472,-29.314542585440623,-29.542198847599494
-15.621581766083343,-14.90575712658087,-11.720176244418408,-17.548496813239133,-18.68001019342471,-22.12215818328657,-20.725971479606702,-24.22691061592751,-26.74486753175909,-27.053406095418758,-25.640423646481292,-24.185041509532283,-23.86168014361845,-24.327641829422582,-23.43775261390172,-24.947534936369898,-22.677915197365706,-23.11519001862892,-21.620212497070145,-20.011676899848737,-24.02007895552569,-19.690328806992483,-20.858606686743354,-25.128572599675845,-21.489583864889482,-25.5827637901604,-27.16968490382272,-27.73695808602948,-27.381772367197843,-24.87317341272152,-27.66188953959815,-25.226163825018983,-27.30885726485432,-29.696822635958267,-32.002504524854565,-32.909213702490575,-31.02670018172899,-30.187978168414034,-31.827759992946202,-28.658559937096992,-28.550750833802283,-28.662285714032297
-15.534103969954273,-14.241031824314405,-15.246047607066748,-15.52943086302129,-20.644329282787247,-18.913655391304367,-20.976211016808694,-25.3331262620742,-16.630486379300052,-21.124670057852953,-18.67982210610858,-23.98056728745414,-23.628897370408,-27.12761811656304,-22.95111343771747,-21.391508823920066,-20.81041354100313,-18.936570428926878,-22.60199588641295,-20.6696689487191,-17.047468871127112,-20.107811854460913,-23.560430618782256,null,-21.893398365797246,-24.962891103279468,-28.06361003787842,-31.08505535774582,-28.940592373953073,-27.58925592746499,-27.506771328165907,-27.06627682470615,-24.219068610102948,-24.853698815284538,-31.009943711611957,-27.282212781366795,-23.32892155664482,-29.602511269897292,-28.020614723210837,-27.10633487037283,-27.42643752270839,-30.661438422184045
-15.649322543729198,-15.011812041353116,-18.85953831204054,-17.618187367694663,-12.60343083143689,-20.80496512059637,-20.994297677364663,-17.636137613055485,-17.685239248181798,-13.988358924513934,-16.794266024767747,-25.612255390506885,-24.600826758014193,-25.26459445663864,-24.096993909811694,-22.635563386948956,-22.288799414721044,-21.39246855134783,-21.58355993607922,-19.3644096976239,-17.316212728911683,-21.304335747109803,-22.75544869620761,-21.980324652128406,-23.82546969325588,-27.19706184080738,-27.239138064826115,-26.709651000791887,-26.076771137547045,-27.348311863682284,-27.180845400062985,-24.802493808000854,-22.686195812582362,-24.073887272151456,-24.163796948685867,-25.364619776502888,-26.411361519343536,-25.650020204558555,-25.300995986610886,-22.613206187015606,-26.649412791999897,-30.086423184395137
-16.542024390583904,-16.48851507983474,-18.6481286782413,-20.850360938833646,-20.99078392303106,-20.88107863698641,-20.401451812975708,-20.219797714039615,-17.89580430946336,-18.572113646023343,-13.344698605466922,-18.707827324477293,-20.542982525030023,-22.371627576172656,-26.101920011292677,-23.78203543719842,-23.304328543763262,-21.76065213714143,-22.49230046790044,-22.124409357127025,-22.450324560148303,-24.045360610637033,-25.225353709947846,-26.875223734123512,-26.545061963801192,-27.03624881713601,-27.154493034316367,-25.846888462592222,-26.50169609481745,-26.64134453064368,-25.457394726064717,-24.154416772949535,-24.060030913194826,-24.090277748644265,-24.92904421247807,-26.476150585422687,-24.908252103023052,-23.745361547250248,-22.02966518077659,-18.800271973864405,-19.957440749268475,-24.35772614941731
