public/json/wind_2018-09-1512_950.json
{"header": { "discipline": 10, "disciplineName": "Oceanographic_products", "center": 0, "centerName": "Ocean Modeling and Observation Laboratory", "refTime": "2018-09-15T12:00:00.000Z", "significanceOfRT": 0, "significanceOfRTName": "Analysis", "parameterCategory": 0, "parameterCategoryName": "Currents", "parameterNumber": 3, "parameterNumberName": "V-component_of_wind", "parameterUnit": "m.s-1", "forecastTime": 0, "surface1Type": 160, "surface1TypeName": "Depth below sea level", "surface1Value": 15, "numberPoints": 4800, "shape": 0, "shapeName": "Earth spherical with radius = 6,367,470 m", "scanMode": 0, "nx": 80, "ny": 60, "lo1": 109.0, "la1": 20.0, "lo2": 116.89999999999955, "la2": 14.520000000000117, "dx": 0.09999999999999432, "dy": -0.10000000000000142 }, "data":
[rows 0 to 20 of 60, columns 0 to 48 of 80]
null,null,null,null,null,null,null,null,null,null,null,null,null,null,null,null,null,null,null,null,null,null,null,null,null,null,null,null,null,null,null,null,null,null,null,null,null,null,null,null,null,null,null,null,null,null,null,null,null
null,null,null,null,null,null,null,null,null,null,null,null,null,null,null,null,null,null,null,null,null,null,null,null,null,null,null,null,null,null,null,null,null,null,null,null,null,null,null,null,null,null,null,null,null,null,null,null,null
-9.313488836145844,-9.258326584507863,-8.990702524118237,-8.791451423261691,-8.17620211970138,-7.5152822814318725,-6.846382023016244,-6.298739630343781,-5.461755317392249,-5.800103192171292,-7.168830238499805,-7.852708743124902,-7.291166912309213,-6.509916645275184,-6.73638456081282,-7.45769233755354,-6.556486464405765,-6.315382056354927,-6.112183167118084,-6.001515201743601,-5.705566021130564,-5.40542300539492,-5.19274646862322,-5.007608768838732,-4.852513116625083,-4.834408396428527,-4.965598286168092,-5.261505435939642,-5.628888376017425,-6.140950068561334,-6.527432525835599,-6.662687681458792,-6.6504830063874945,-6.509597365830057,-6.368636580521831,-6.21240651018839,-6.0818537456524595,-6.05485680538264,-6.133788547522031,-6.404100425303147,-6.716332084821161,-6.962744943452223,-7.189240097410104,-7.520973790142421,-7.9099804382853875,-7.9586087123928175,-8.524473521435617,-10.213105706648705,-12.108157015262611
-9.355112371782678,-9.587979238116274,-9.459399118569099,-9.19667457201505,-8.80240403233008,-8.345765560219714,-7.790521520769802,-6.4287453811487065,-6.480437700224757,-6.85814127108136,-7.2062623243980655,-7.416908856758335,-7.400330287949077,-7.266755473628898,-6.641496903222843,-8.205241930628842,-6.164656755384599,-6.253512795078451,-5.955603897563802,-6.493602638756222,-5.590336700321487,-5.2829513156338965,-4.974744470274098,-4.76204969011465,-4.5589754066546355,-4.580375690251364,-4.832055442702779,-5.105343001878962,-5.504930764463517,-6.111684089634251,-6.7474651288444925,-6.892415023324347,-6.800646696603611,-6.680359877443554,-6.460252718915735,-6.453835008432172,-6.230223101999582,-6.070391128716048,-6.064917063497559,-6.247591817835045,-6.494275488673875,-6.7054742251475075,-6.949734082330012,-7.4072799071335655,-7.991786228499626,-8.664066582844992,-9.853435017980633,-10.868682768799054,-12.026575313325601
-9.66884414634668,-9.797517350870889,-9.862943618381859,-9.880480479646685,-9.555663035356739,-8.988754354093544,-7.947237335277825,-6.398043815531181,-7.1728468914135455,-8.059115249432626,-7.893427178791511,-8.011747208491606,-7.401984500041454,-7.541290567392854,-6.249587813545467,-8.1248833708338,-6.425467404315094,-6.320353978644009,-5.765106066184846,-6.428075429065677,-5.619077616884345,-5.181786349173969,-4.735333484067667,-4.588638843589531,-4.461679678021325,-4.447290312215223,-4.6725778036160115,-5.004765856656828,-5.6046264013532765,-6.152625271325202,-6.530554045987193,-6.8866684338883175,-6.916853755600309,-7.107146599033448,-6.885703224471975,-6.830327562088633,-6.735830958789576,-6.321635169059054,-6.430973666635662,-6.415098279580626,-6.746121612076804,-6.89675261750792,-7.197199690349903,-7.896358493519183,-8.743573186603683,-9.174322697819452,-10.551739925688372,-11.422346645859136,-11.916509188679079
-10.407603479053193,-10.335178366495223,-10.068465777334083,-10.23867322389532,-10.242705351013427,-9.298568493112127,-7.845261976931196,-6.426324168250373,-7.822261504618267,-8.719388546533605,-7.467490406377106,-7.514915850544013,-7.67926079956078,-7.587634095759798,-6.526874996179805,-7.344850771961203,-7.060224513625534,-6.779056572881091,-5.778314489623876,-5.995216740192582,-6.2888010238358465,-5.4073090337105745,-4.704873329439891,-4.546372037016318,-4.502830629823344,-4.306007800938665,-4.6830662674487336,-5.191067019355468,-5.641405666408367,-6.351296174892972,-6.904245336538205,-7.204478617384609,-7.29519373603838,-7.4091983245216095,-7.348452377491821,-7.055543930987973,-7.056380332189231,-6.628971811582245,-6.806389878001186,-6.753981080823243,-7.19892109998986,-7.3808181812501275,-7.674329484213195,-8.315286733792325,-8.991451165492435,-8.97603207587915,-9.863717336398176,-10.98822529920141,-11.371612977974568
-10.66639990036256,-10.93826345312321,-10.845782048499984,-10.426033149762173,-10.438609910127354,-9.63412652168199,-7.661940200927787,-6.403736307600236,-7.8581326950057555,-9.14460432171884,-7.434096240488121,-7.835984357517377,-8.108083827885054,-7.921320939052096,-7.59917097465494,-6.787639836881972,-8.133153857063679,-6.783660497160881,-6.868750618624988,-5.516824347791136,-7.020424189180521,-6.031297601359859,-5.030633836333303,-4.482325992273163,-4.5680670999248925,-4.438886599513615,-4.767544312824763,-5.352265532471043,-6.056605358193581,-6.815375084244966,-6.91622651680972,-7.394661538697572,-7.612088761388005,-8.079045648833363,-8.16676934338068,-7.706863570092805,-7.480636185279702,-7.033371295198403,-6.96473099479181,-7.344079095299814,-7.74942356629101,-8.076082491779072,-8.207896651806417,-8.821168791813621,-9.20023664646082,-9.026799274915218,-9.751348669858151,-10.705723904814654,-11.15663159551519
-10.826281182151448,-10.84583920599195,-10.99892765674765,-11.322828028975376,-10.41359995409781,-9.797416329809218,-7.7127835694866205,-7.678064627342938,-7.834516236086227,-8.669655124076078,-7.625669908387658,-8.193607504405048,-7.895799398874363,-7.381593350887027,-7.826645599783378,-6.751003989934972,-9.046182688880455,-6.6754514204467785,-8.359179393153093,-6.22977139377027,-7.0448024063266415,-6.33127797694969,-6.012754627095339,-4.916380596382496,-4.649056710646007,-4.584832067945621,-4.638068135330736,-5.385998980127376,-7.070352019505658,-7.496935469828165,-7.4153932629802775,-7.814122121971351,-8.360560790633349,-8.440380529347731,-9.097021843725205,-8.490981760447545,-8.31402299842793,-7.666794624700863,-7.314735251543439,-7.7281824552982865,-8.40498972334418,-8.687953073713317,-8.807617258435547,-9.40239376940054,-9.848291623248118,-9.981101986712122,-9.939866984484755,-10.2032276793358,-10.812806522379184
-10.821395092202202,-11.062758624091577,-10.941131091549167,-10.639141218115114,-10.925322456003851,-10.880032295601225,-8.048363206623556,-7.334346920842494,-7.593065246880317,-8.61517661487116,-8.202495792273067,-8.34859146930603,-7.9101297274483695,-7.004162931219201,-7.759582554631562,-7.296919497490642,-8.339739411104722,-6.93644236994489,-8.326151589645256,-6.811466462232177,-7.003565489569994,-5.963095186271406,-6.189773388406805,-5.667797033584093,-5.432349728823128,-5.049885282344776,-4.809935810808287,-5.399506809441774,-7.127893050364419,-8.125018634324146,-8.126054993468431,-9.360198723696318,-8.546727325644294,-8.032613982853018,-10.765445397502697,-9.472900967826087,-8.416363683520608,-7.575481602276719,-8.352548122425532,-8.170757260240464,-8.94434974687465,-9.379396688789479,-9.443422974674,-9.9766496308352,-10.100671130054696,-10.516458609728565,-10.214002916236801,-9.57625370560486,-10.271449261400774
-10.865500384354037,-10.581815577293456,-11.220315221449342,-9.961536542674096,-10.003545054611463,-10.355143650357913,-8.165643314135501,-7.677989559774999,-8.831003167265015,-6.912630518450278,-8.141665446172095,-8.005894263116708,-8.839547732768638,-7.606690968916413,-8.628689244584788,-7.215883648764384,-8.729108368305962,-6.730480157769129,-7.858461155772491,-8.134321229874997,-7.131652734273681,-6.3312509042365885,-5.462925212526579,-5.568598143162139,-5.824005170052887,-5.628675715533141,-5.787968753952256,-6.516062000172537,-7.58487307678407,-8.63505672174556,-8.190941793849698,-10.680363275609633,-9.65832651262738,-8.20037315153234,-10.70580515214696,-10.624380890408277,-8.864445161998518,-9.095396364144353,-8.53699201947518,-9.979563302606925,-9.463005656493753,-10.29835660626462,-10.260720091368633,-10.95782469072726,-10.923609931726705,-11.170048065672866,-10.618195461712492,-10.045452076824333,-10.226341052219851
-11.253276932726418,-10.896093495744577,-10.830585357010172,-10.470170897780683,-9.730233154377794,-9.957389698305331,-7.874627712994679,-7.152428348417138,-8.759702071878426,-6.992382946394803,-6.8519753342178875,-7.826756762774071,-9.740811658800217,-8.501328435582531,-9.212412773515862,-7.494851776002264,-8.750350395845226,-6.836081140438338,-8.532295806802603,-9.189165685801681,-7.392880282161921,-6.463783028285773,-5.793093731055165,-4.083997932162936,-5.232260017105379,-5.826497766103681,-6.598235522234936,-9.078573020476284,-6.781938869647183,-8.203721538232278,-8.143351513036706,-8.852102781549126,-8.767853962139396,-8.803930248863407,-8.993581777957646,-10.360918347806699,-8.97378682192992,-9.835340856129836,-8.87781046646235,-10.027076793940726,-10.833216960694921,-11.395858214182027,-11.14723863958948,-11.5376000162711,-11.937362024573819,-11.810881283869108,-11.652013708516327,-11.182782072098767,-10.629518259777763
-11.577622413909848,-12.11623534915125,-10.530770350508483,-11.11537671711515,-8.8072517754295,-10.263987025939375,-7.341103728086587,-7.669862694766153,-8.924800364148698,-8.089133532330703,-6.57364578752405,-7.5751244667029045,-9.630497859767887,-8.113344205201757,-8.537151915731524,-6.283279911141896,-10.145973620745284,-7.258821203331043,-9.001854609606175,-9.941810781238287,-8.326951857098816,-7.099574458592735,-4.681923853131379,-3.8649467673620257,-3.506907324890803,-5.624231386108301,-7.5780157306046885,-9.067851174531246,-7.459389578970839,-6.172282581546212,-9.171865156919035,-10.83617176157085,-9.342050668696285,-7.597682971540623,-8.650331198431465,-10.721293425868433,-8.397089998770488,-11.129729864798975,-9.156953769806822,-11.943343067789055,-10.429570190303654,-11.935947092071174,-12.015159455343058,-11.660446456148332,-11.853262445673447,-12.076393581041653,-12.398776622516607,-11.598016882637381,-10.798479046002928
-10.104698047076228,-12.441762857146962,-10.821730268486464,-11.539132505487586,-9.145873668766079,-10.865750979745254,-8.869777709573752,-6.51108867802707,-8.423943599475654,-9.035687098425832,-8.638643444672123,-7.312422555514219,-6.988456424020503,-8.850046273657252,-9.279436451580814,-7.112513193632877,-9.698272774710347,-8.758888720790077,-9.436566121185809,-11.417481459671215,-8.47992032535242,-8.773369086369678,-4.870871407111629,-4.280300084425031,-2.483644394751638,-5.107612349830478,-7.4298160208406685,-9.36812022809906,-9.473249614867726,-4.569677008982964,-6.17333222474938,-11.463212698355889,-10.765993285960786,-8.272811125821992,-7.852719562294238,-10.481867494285453,-7.832260799888926,-10.922081555278352,-10.308022432498223,-12.241787716340488,-11.376385553366267,-11.956650046590877,-11.893159300369662,-11.669595973382794,-12.15715310682928,-11.55967691865676,-12.180185171803128,-11.527478407962516,-11.177594887170267
-10.880572483186679,-12.18919191750447,-12.760800251553665,-12.281110217369957,-10.616171500096266,-10.8872627927517,-9.085576994251031,-5.507216521777058,-8.499530067202793,-9.814110848640837,-8.822696599713879,-7.116802198902349,-7.516931461069698,-9.223182382939159,-10.42476489484231,-9.725575636946882,-8.96878818694554,-8.5337799807206,-10.044651667008106,-10.955047878321379,-9.172633004479197,-7.871556306302933,-5.31175545790841,-6.049033045782779,-3.7801219730651154,-2.530432003183657,-8.317638140837609,-8.948209447617609,-10.654307264534472,-4.9065986450859915,-4.561136667564563,-9.54606469158983,-10.852814368359418,-8.695373129970775,-6.777884362767813,-9.77107285568928,-8.627459934054363,-10.915593898392448,-11.21384559700902,-12.222118543053982,-12.217825963047023,-11.502206770297938,-11.975554682641922,-12.437150177263778,-13.109288367395433,-12.375597621750341,-12.032670000679918,-11.463495420718441,-11.880498655102901
-10.900705974997255,-12.276258419829766,-11.334271258168272,-12.830664393132622,-11.607041467558876,-10.527719295366586,-10.120240330901336,-5.641335911653989,-8.519232777576786,-9.606518074502281,-8.816051739955311,-8.460307056709514,-8.724240965370264,-9.196967748060194,-11.372674280604734,-9.582192374371083,-8.909945778527678,-7.727587094975676,-9.87170800964001,-11.033778127227043,-10.034907544273699,-7.925193404912582,-5.53464943041155,-2.1987027712505656,-8.276984654948613,-0.8783139542445111,-7.186092683769913,-7.282854832560553,-10.24374326956237,-5.555416027640876,-4.028587791002476,-7.667388113281201,-10.30312708113873,-9.478059341328017,-6.594184574026508,-9.895261270119688,-9.841744242968122,-11.19464245957558,-12.000939302083651,-13.086147880265221,-12.771191982061339,-12.160701284323284,-11.973464157414,-13.15085898479263,-13.628362349968027,-12.66955558960612,-12.25209299304025,-11.981644474559427,-12.109851435334313
-11.71717153436208,-12.553130486086783,-10.580699469864516,-12.310160701567078,-11.463631320551666,-11.719673837613426,-10.29835163062933,-7.601222361411767,-7.247721225699523,-9.422153601407615,-9.187823437147566,-8.812551519298404,-9.25090613861899,-8.51942837360778,-10.518324111500498,-7.846276803628973,-9.323985488055367,-6.796374645416111,-8.164897665802318,-11.335074886757475,-9.744036300892525,-7.492665915546714,-4.635656844644605,-4.792462541795425,-8.064865591739437,-6.445080133077516,-6.030936168286447,-9.317121469410917,-6.88580341496381,-9.06353489617536,-3.5598009587586747,-6.9483575330878855,-9.069348565241452,-9.52016890447548,-6.63535199684476,-8.506979031835272,-13.026408329903905,-12.052661322076657,-12.405479446189425,-13.75544292325229,-12.573160048343524,-12.466298099845856,-11.276209620651699,-13.769427912749475,-13.796356295166003,-13.462710480593758,-13.243408372271432,-12.418221386583319,-11.899098732397167
-12.47813700195791,-11.783361243713099,-12.372158221318369,-11.786870496484683,-11.869228394805782,-11.975011196306754,-11.18764578998519,-9.118440405140673,-6.307324859423759,-8.689925877437794,-10.03561425822271,-9.182827272874746,-9.17907827680497,-7.9355691073528964,-9.111650558576924,-8.85721476606542,-9.941371715223138,-7.352917125645941,-6.351760227900009,-10.552911211740199,-9.87408540130828,-4.727332396101757,-1.097818131216571,-6.739169047082288,-9.490736466287277,-9.822108866353947,-7.006970255905555,-7.8190782180614224,-5.981994552297584,-8.010834982994748,-6.194930053984747,-7.304773222275383,-6.849135746543841,-9.538416856131796,-9.194559035946964,-7.914501860529435,-11.625424847234871,-12.71049392427674,-12.3399630117429,-13.174558408789848,-12.636568660090276,-12.679972920141884,-12.30409418976409,-13.293908256196845,-14.080792120131791,-13.569965725205613,-13.569543171732617,-12.43742139836656,-11.410679939392908
-11.682076474941933,-12.185768563102043,-12.55811800234739,-11.861345886040777,-12.545393196006266,-10.253438617069076,-12.072103902623775,-9.505304403572579,-8.172253548790884,-8.626692061721608,-8.332255562744622,-9.488386719919111,-9.08570573184593,-9.483858147828979,-9.93228231151183,-8.562227797845845,-8.84524589074711,-8.889088344841902,-5.716171295591509,-9.547424719691094,-9.559660575965157,null,-0.5771983836180337,-6.325574158896225,null,-10.930453586793309,-9.870428899660512,-8.127803685251438,-8.48220182049182,-6.874414511090051,-9.896397200977313,-8.327917514915697,-6.8284200751159325,-7.574463605683281,-9.722148574274307,-11.244879027428835,-11.797298128253916,-12.731700046923647,-12.45196344061046,-13.674767454750933,-12.470104220914925,-12.869112859799342,-12.175884064173017,-12.414807828641635,-13.107923361625767,-13.340823078889734,-12.380981162736157,-12.288347801783093,-11.596093081051208
-12.240713144278256,-11.722370350198783,-12.537912769038734,-12.258763786887906,-11.5956460280465,-10.878434445887113,-10.72152123308289,-10.405132728493669,-8.941321916184457,-9.016064465719856,-8.5307516415509,-8.768710989797562,-9.252784588936315,-10.303275740193634,-10.931795977988035,-10.07370403701963,-6.978927282448755,-9.450811106641927,-9.223156850648014,-7.620117028603981,-8.569295922334032,-9.085785966955655,-2.690377711875353,-6.728660635412488,null,null,-9.722040155552095,-8.869419035375309,-8.794390329923093,-7.108004174328217,-8.647781088253883,-9.461355819088178,-7.780428940007878,-7.134679867078718,-9.277933148669097,-10.770795911865264,-11.601776232822921,-12.66321251425437,-13.782205906203954,-11.093211778282008,-12.677239457068604,-12.305319862935278,-11.610198665911893,-11.614077195460185,-12.286830533873971,-12.550298340583293,-12.279805367245025,-12.879139201856916,-11.259921551272445
-13.066512628981737,-11.897225363031968,-12.382257417077627,-12.550222127162103,-10.996287682718492,-11.513139003772592,-11.025126930752748,-10.099074277809143,-9.888213826023676,-9.507536978394787,-8.778401514409552,-8.5196257880065,-8.898459932554953,-9.953734211453138,-10.417479466662606,-11.012232044956145,-6.456706985388834,-8.372925040080428,-10.117863271907233,-8.70363488571425,-7.5712208760577795,null,null,null,-7.78164012676099,-8.732426292101707,-8.16368845811476,-7.935356740324552,-8.946866500489811,-7.523159980467813,-6.676345201223437,-8.652624657999922,-8.224274152063138,-8.100209103356221,-7.825053926027289,-11.007395771679976,-10.386672986860507,-10.908642281816068,-12.336899286243217,-12.988396663690486,-12.685233111481919,-12.095392913267276,-11.651521799466124,-10.507977089817574,-11.42486628393497,-12.361933956925137,-13.185968029137367,-12.778061464719684,-13.381681021704951
-13.36211753047741,-11.260927049712716,-11.253614124712408,-13.3065870207151,-11.954695868918504,-11.128838573471372,-11.264933533159766,-11.461004602147218,-11.12125293091049,-10.600997426814747,-9.839059319669568,-8.031886393218112,-9.326188928903328,-9.790494340620656,-10.016544501196535,-10.868678165144397,-10.259660473412348,-8.306892482726303,-9.556145109591775,-7.744108293101352,-6.269874509647796,-7.3501395334483215,-0.035386498572229474,-4.312964128912119,-10.105957276527603,-8.951615202197285,-10.874926715625858,-7.301505921503578,-6.705804517405058,-7.634485743639608,-6.505442544775351,-7.827382618243572,-9.313218914787155,-9.242998800406303,-8.59495708330268,-8.326321348026369,-10.906005639386475,-10.749767491503555,-12.19287008854696,-11.668762506076522,-12.717367527198217,-12.712649177351473,-12.587425291132341,-12.646871663373393,-11.633555672543709,-10.281996423650437,-12.141230154796808,-14.494594960798537,-13.586758074089172
