public/json/wind_2018-09-1604_850.json
{"header": { "discipline": 10, "disciplineName": "Oceanographic_products", "center": 0, "centerName": "Ocean Modeling and Observation Laboratory", "refTime": "2018-09-16T04:00:00.000Z", "significanceOfRT": 0, "significanceOfRTName": "Analysis", "parameterCategory": 0, "parameterCategoryName": "Currents", "parameterNumber": 3, "parameterNumberName": "V-component_of_wind", "parameterUnit": "m.s-1", "forecastTime": 0, "surface1Type": 160, "surface1TypeName": "Depth below sea level", "surface1Value": 15, "numberPoints": 4800, "shape": 0, "shapeName": "Earth spherical with radius = 6,367,470 m", "scanMode": 0, "nx": 80, "ny": 60, "lo1": 109.0, "la1": 20.0, "lo2": 116.89999999999955, "la2": 14.520000000000117, "dx": 0.09999999999999432, "dy": -0.10000000000000142 }, "data":
[rows 0 to 18 of 60, columns 0 to 42 of 80]
null,null,null,null,null,null,null,null,null,null,null,null,null,null,null,null,null,null,null,null,null,null,null,null,null,null,null,null,null,null,null,null,null,null,null,null,null,null,null,null,null,null,null
null,null,null,null,null,null,null,null,null,null,null,null,null,null,null,null,null,null,null,null,null,null,null,null,null,null,null,null,null,null,null,null,null,null,null,null,null,null,null,null,null,null,null
-9.556032426718824,-10.195445903295177,-9.978034503744011,-10.102706933153087,-11.496823261432432,-12.185672695312904,-13.095307480203472,-13.312053026787726,-13.379480466804921,-14.155201548158361,-14.626505777518581,-14.780442350274544,-14.88909590653645,-13.867571643790523,-14.001157312837986,-14.624777580462524,-15.393686795857079,-16.088616669456666,-16.59404807695961,-18.571634730747384,-20.18905167452929,-19.55979159454501,-21.381816319977794,-22.75288248921231,-23.043279866126415,-23.069583380931757,-23.19249511914824,-23.509192406671716,-24.512111320044774,-25.712195985971533,-26.523808097873186,-28.057943734246127,-29.040873254100614,-29.32367024523115,-29.40655857339344,-28.61081320003213,-28.677430072998266,-27.878937106238553,-26.124703065769967,-24.643413491392387,-22.385674988690756,-21.38814710830651,-20.33654291830014
-9.366584393338314,-10.324440107622905,-10.20553698604645,-10.772121119680437,-11.539536864316084,-12.478801022624515,-13.623656521882518,-13.997702038398906,-13.438262729725878,-15.000036169065579,-14.952350557595754,-16.08642469510743,-16.478084491921745,-16.405383326763644,-15.923708906799568,-15.605192719485473,-16.400575750911685,-16.54666066531192,-18.76106395769143,-22.054046152125323,-21.59620953060116,-21.8051000450369,-23.138900325384967,-22.5665872487529,-23.19475769762777,-23.631371390930774,-24.26725657272347,-24.962529885524575,-26.0018746303155,-27.67278174214964,-28.92204966738019,-29.611219169922606,-29.350298890673923,-30.883362530107988,-31.94225130417641,-31.07590075097158,-30.874790571607907,-29.91930086813275,-27.981129906399637,-25.914222053490185,-22.435622638336483,-21.42965226757154,-19.449348301940205
-9.414905904615868,-10.447055315341427,-10.74151152854795,-11.015929677725417,-12.801218028634747,-13.033270067189736,-13.361488757867072,-13.532650222089034,-15.117173930689805,-17.15292868964412,-17.21737043410297,-17.65570663229488,-17.37151395594526,-16.900598565668876,-16.488630178528,-16.520037073685362,-15.95463714800551,-16.740356191710646,-20.70162999191366,-20.247918281556434,-19.897303963887122,-21.741656664728893,-24.173480721062937,-24.556107978954707,-23.847008969530883,-25.07421835335265,-26.043319864726403,-27.20047140281389,-27.75595180885353,-28.626708397441938,-28.916480094099207,-31.0631531726462,-32.33565945384143,-32.93123970107324,-32.5140074648104,-31.46211262792105,-31.837214204509838,-29.03866230418264,-25.554011236427584,-25.061224279124204,-22.581615935847573,-24.76054326743591,-21.603127126256666
-9.578590687762105,-9.877572314602288,-12.475737053711114,-12.353940830792194,-12.880962925349074,-13.387980462845416,-14.118803281565377,-15.125510193904574,-18.383924376910898,-18.66738690710007,-18.237096390936088,-17.786073187636955,-17.52283706062544,-16.817130461915728,-16.342037893117883,-15.948155923692743,-16.076305613563576,-20.29911085456364,-20.83835347270594,-18.58695576593266,-20.003843822699523,-23.45387872896145,-24.414076088662153,-24.839438615010174,-25.870668944478425,-26.27389968172421,-27.139065483818257,-27.76219026469242,-28.97764968183911,-29.56280693161,-30.502532705535746,-31.133439268358543,-32.81000903574335,-33.20362066984797,-32.791960759785006,-31.985443207631562,-28.911694289268286,-26.83497175716026,-25.95335054984085,-31.21612316613519,-30.095774859814803,-31.910592979348216,-29.4343984077504
-10.0973028298348,-10.809209979839814,-10.400467613271767,-12.838337925953162,-13.706985415033682,-14.715439990741395,-15.183278054218732,-16.531019018948374,-18.135670044428352,-17.604285001529664,-16.88161700103694,-17.00429069884748,-16.857912697383313,-16.456265218266424,-16.03276958749584,-15.953021101788874,-17.20538576860877,-21.851540693886854,-20.115847282941406,-21.838367853431365,-22.79266978028022,-23.78003903703872,-24.587315175943882,-26.019544363751233,-27.610266522679872,-27.779543633980406,-28.340320687018696,-28.86122694569295,-29.853795280927574,-30.52998451284478,-32.43588525776882,-33.74279873453982,-30.466734583474146,-33.58314995904863,-34.5199129791814,-33.1059202879778,-29.918938591883222,-26.846851292258457,-32.21285704350309,-33.737882015409234,-32.361261145538606,-30.593419539043662,-30.152259809553406
-10.41911777150629,-11.571070556475995,-12.269252245021917,-11.810265678357126,-13.842830618466554,-15.738278306085833,-16.317955927565613,-17.135820686761473,-17.874419088293784,-16.968046861192473,-16.747772903394992,-16.225438394932333,-15.78746488052207,-16.410625336812153,-17.041188004744843,-16.515263755188684,-18.540778578281607,-21.817630912932955,-22.02571763222408,-23.29039511170246,-23.677902250520567,-23.476822675781207,-25.72597963169792,-27.61348905458763,-29.331048952385274,-29.97989440520593,-29.73841912734774,-30.419833553350685,-31.539235901774347,-32.8419174339763,-33.273971127714184,-33.23579258688559,-35.04677347742159,-34.657194853660265,-34.66690656721919,-34.05462570313696,-34.92505083978273,-32.1086043359232,-35.75799311763943,-36.282221811469704,-36.29539128154207,-34.184345688490275,-31.780486008571046
-11.09763292940795,-11.45189199025754,-12.724141532311767,-13.291546339173069,-14.16200684124248,-15.594737809826867,-17.144053454322446,-17.542692441982183,-17.22020267089379,-16.635357705137142,-16.727278635959507,-16.40293927753623,-16.80679034524278,-17.61391475368658,-17.592797529950186,-17.64830545517828,-20.652630860003214,-22.05935540054908,-22.932193955362433,-23.64228696701794,-23.68724519153403,-24.322015799809087,-26.280926550541245,-28.16730866673194,-29.967209591196962,-31.209238769384076,-31.676024208985886,-31.877404931472093,-33.10531993664469,-33.8244713002885,-34.27627764071107,-35.017701131469096,-34.702702358370296,-36.252376550548355,-35.53986598550987,-34.91596864416291,-33.01485494915468,-36.994106941597465,-38.97680739658307,-39.446227526121625,-38.06128839734335,-37.50453677265242,-33.60957728916597
-11.5994351136579,-12.125809537563072,-12.678499537056235,-13.893183219713391,-14.821699005446558,-16.00786129248816,-17.112045696713395,-16.965079121642987,-16.24248698452331,-17.060971229901615,-16.974180822459466,-17.073984545537172,-17.70481170415719,-17.473724232804692,-17.260626034547176,-18.331240788467298,-20.141625660864236,-20.807894886377177,-23.104827983543053,-24.807908409951892,-25.661202022276996,-26.141188986618715,-27.84282693074619,-29.079714556594087,-30.778636740400906,-32.03358421606655,-32.981786381756834,-33.37157468873551,-33.934052930238494,-33.95493825182837,-36.32402951347623,-36.62523406239888,-37.63463513458006,-37.47036445709598,-36.76440304214436,-36.83049113017726,-39.6120178306181,-40.58628553859921,-39.53902770479726,-39.525525995591266,-40.552126948154154,-38.05373208552382,-36.19253795767997
-12.094425570513554,-12.243778942048928,-13.58316578225164,-14.575414539888788,-15.353872837942406,-16.40486995871211,-16.930069904400586,-16.97769149862954,-16.51954648110751,-16.739652919810794,-17.09395413662252,-17.474618277081888,-17.487557999235598,-17.082464642377087,-17.80444945454611,-18.751373314549795,-19.15676383032339,-20.64210935256119,-22.169516813612162,-24.078860462735793,-25.872185089262242,-26.858156627435292,-28.38850690939813,-29.861451407084367,-31.73658873242438,-33.22323073185081,-34.220681368261886,-34.52346002484878,-34.623217777888584,-35.20020414980561,-37.5256036319467,-38.2376010382002,-38.75384365944828,-38.675557685015356,-39.30949284702782,-39.62467482692364,-41.36121109123323,-41.50730887475313,-41.52342811957497,-42.467526105574954,-46.66571116346894,-47.06160127511627,-41.225982273222215
-12.552387861345462,-12.96903392460355,-14.79265911457699,-15.379412966483855,-15.509492079435095,-16.676737471556365,-16.39555547276386,-16.147321352097535,-16.147663306810834,-17.05764438546468,-17.49437169624512,-17.59887191496707,-17.525823271358455,-18.430698344800657,-19.119883364743874,-19.318324186959522,-19.80761286731758,-21.91371011002709,-23.519978698769147,-25.092163077711046,-27.177662928223068,-27.531622781047655,-28.583894548112937,-30.665731605265982,-32.977197142243604,-34.226297089541305,-34.82276318172404,-35.5022213408098,-37.19602944943132,-37.12842502772208,-38.38448589049753,-38.70292528084886,-40.68085800698122,-40.93366406393197,-41.289051822862305,-40.01945571927396,-40.55919532097619,-41.922423898086485,-42.4586647673044,-47.07238867346784,-47.50431078111295,-49.593815654457366,-43.62603492114005
-13.32217402490918,-14.357125692596172,-15.181512220722903,-15.82256729902412,-16.513539789267934,-16.798678459961817,-16.071738504205836,-16.20178102523139,-16.494103806363267,-16.630038821678053,-16.93502597807426,-17.485769054801185,-18.347949419849705,-18.7032075388765,-19.04503329369973,-19.99319952901012,-21.537361188073866,-22.72795749514446,-24.251726180072463,-25.84904396472387,-27.998983074497836,-28.49800176258866,-29.295069461806165,-31.37273880034111,-33.316351863960364,-34.79302553990886,-36.29322856411094,-37.41924909437386,-36.933966378309904,-37.436957258493244,-38.48568968843551,-38.843025830894106,-40.93995972317565,-40.16761749682824,-41.17093487355462,-41.20985491474326,-43.02535626757954,-44.68121598617336,-45.22769170211655,-47.172334303240056,-47.49182552643959,-45.371130570333605,-37.228982782946524
-14.510155130264696,-15.677113262748932,-16.134024814845827,-16.550856780345384,-16.73464158111666,-16.622388446747443,-16.039601348508423,-16.64445605371266,-16.582006696350827,-16.94740457612477,-17.725408588265864,-18.333514064576796,-18.213643222787653,-18.799978951024798,-19.90839798857946,-21.042630214361512,-22.45651661636983,-24.407465920496275,-25.863322457038493,-27.2375977344514,-28.746559744934444,-28.951751146257205,-29.720686533705035,-31.683416263880765,-33.102434693513516,-35.23046732938826,-37.53820033272003,-37.07912642089578,-37.80138573619021,-38.60296352874083,-40.10359178677238,-39.26042087957784,-40.56032513210605,-39.89816050737589,-42.80484085367311,-43.025868103205,-46.35596149270288,-46.57238940766149,-45.0796097334902,-45.63472535251349,-45.26017908863252,-40.19251272408541,-43.558152644738854
-14.81092668941602,-16.1921310337377,-16.707957510358703,-16.981487611817748,-17.18549963984397,-17.161902181190623,-16.80907398449025,-16.24827810061776,-17.051931486073165,-18.03645471686018,-18.793241469579414,-19.030425125281138,-19.091327170230883,-19.837569274955115,-20.7089879579266,-21.26188586899551,-22.903011513841985,-25.51172495860336,-27.0360240926871,-27.585345021816103,-28.2435351509924,-29.429913812608035,-29.866600722790615,-31.212541130828384,-34.30346729393254,-36.483219449908184,-37.63077054970784,-37.93590945080599,-37.92972458793813,-39.26679899616942,-40.35699953907114,-39.80011482892531,-41.066808261853375,-42.11801189846504,-43.94061996116704,-44.64884755098092,-45.9608531592899,-45.48004921683268,-44.460095598979514,-44.21979061275998,-45.11809518519575,-49.74256862077214,-46.89349287463166
-15.471732106401715,-16.547693977910626,-16.778425494348525,-17.328370111181062,-17.626169033723805,-17.3832861817096,-16.882576293006622,-16.610984305012757,-17.221666652439673,-18.262296651719602,-19.87272112977437,-19.04568864638271,-19.249792184222684,-20.068258861661317,-20.86654371981829,-21.740594235919197,-23.489133444999332,-25.739664304847043,-27.393433498094254,-27.948948688528198,-28.237917962091874,-29.120879301305568,-30.328467318809388,-32.12335894251805,-33.94518463562347,-36.88071675079528,-37.76850254692216,-38.33307725325628,-38.68984875172492,-39.50133977038897,-39.52573435845711,-40.61975679974276,-42.075657200844404,-44.38973924479569,-46.169965789626744,-46.93745125924359,-46.36457196867154,-45.76181231984791,-43.99977419448741,-44.12229496293788,-47.165158579986056,-45.083199566650265,-42.52171084895487
-16.046131190236192,-16.635147234463112,-17.186864533129526,-17.63654824223863,-17.941083824875253,-17.63188599999112,-17.48616785028664,-16.98768636129503,-17.517705066105638,-18.459200734844494,-20.203990653804095,-19.755414767515408,-19.72286154151414,-20.29887066105623,-21.23150410312581,-22.036731756416803,-24.37509241857846,-26.232124251210738,-27.212024119891147,-27.938367551896675,-28.622623815005397,-29.225569475904454,-29.591579917636597,-32.99938243044158,-34.57654215288833,-34.09459646322684,-36.48702446571703,-37.868220535233874,-38.55480389399757,-39.203501781399225,-39.99403886780211,-41.84374802493164,-44.27962214000358,-46.3957270452437,-47.478810607939025,-46.15403995279899,-46.44384688186791,-44.50290581891462,-43.495513116915646,-46.13365707614692,-43.16189219338838,-45.36979544266771,-41.27900930386634
-16.744703019846558,-17.162720217593158,-17.712354078852062,-17.41343797981773,-17.645388990558605,-17.976633389040163,-18.03351825217669,-18.28282073162437,-16.65662494761284,-19.174174856599087,-20.705508595019893,-20.507670617301287,-20.828032710562784,-20.629703628019534,-20.879359007227304,-22.634289805669095,-24.2150129039041,-26.10261646555353,-27.489455432812512,-28.100655368267258,-29.41861837840868,-30.916348514502914,-30.44669765501888,-33.148604156810265,-36.79062591609249,-37.71310394771688,-37.01063008933966,-38.581350227569565,-38.109469804145526,-38.42121324625511,-40.60008281668004,-42.822039503610995,-45.21651768350187,-46.92727734065229,-46.454539364924,-46.476922708461416,-45.70022011522558,-44.66025569351554,-46.855752393705565,-42.51439696650562,-44.76469072736153,-41.77942255231402,-39.1066968626682
-17.072648118019266,-17.46699358937915,-17.578181943945495,-17.82365101608567,-17.792834796441397,-17.41476257920295,-18.277460271197768,-18.06471237242991,-19.257364666429428,-19.599635248153493,-20.892162528099966,-21.041569579650684,-20.805970882812428,-21.015888601980723,-21.44237438526563,-23.262658643173726,-24.25218961090748,-25.519420192067983,-27.22989004868074,-28.10678041557134,-29.390381765757688,-31.341738803116083,-31.556610141451916,-32.28854766528308,-25.083909829048647,-36.24778217049381,-38.051467265756536,-38.86135016091855,-37.573059210252524,-37.926181048099515,-41.20066667589384,-43.020243477313215,-45.58095623407195,-45.64451718813885,-45.593652478216654,-45.74451129061256,-47.5018385361184,-46.597854204467104,-45.600636479088514,-39.86104681741173,-41.66789234268028,-42.27896231021852,-41.315293704168326
