public/json/wind_2018-09-1517_850.json
{"header": { "discipline": 10, "disciplineName": "Oceanographic_products", "center": 0, "centerName": "Ocean Modeling and Observation Laboratory", "refTime": "2018-09-15T17:00:00.000Z", "significanceOfRT": 0, "significanceOfRTName": "Analysis", "parameterCategory": 0, "parameterCategoryName": "Currents", "parameterNumber": 3, "parameterNumberName": "V-component_of_wind", "parameterUnit": "m.s-1", "forecastTime": 0, "surface1Type": 160, "surface1TypeName": "Depth below sea level", "surface1Value": 15, "numberPoints": 4800, "shape": 0, "shapeName": "Earth spherical with radius = 6,367,470 m", "scanMode": 0, "nx": 80, "ny": 60, "lo1": 109.0, "la1": 20.0, "lo2": 116.89999999999955, "la2": 14.520000000000117, "dx": 0.09999999999999432, "dy": -0.10000000000000142 }, "data":
[rows 0 to 18 of 60, columns 0 to 41 of 80]
null,null,null,null,null,null,null,null,null,null,null,null,null,null,null,null,null,null,null,null,null,null,null,null,null,null,null,null,null,null,null,null,null,null,null,null,null,null,null,null,null,null
null,null,null,null,null,null,null,null,null,null,null,null,null,null,null,null,null,null,null,null,null,null,null,null,null,null,null,null,null,null,null,null,null,null,null,null,null,null,null,null,null,null
-10.78662535614449,-10.559244037852558,-10.467914666403928,-10.556511828780948,-10.683587217646114,-11.04397547809916,-11.650315358405505,-12.31796271445856,-12.4603036755956,-12.526397406716356,-11.96588471062988,-11.210680491855253,-10.868422929691722,-10.520064487819056,-10.752531648117685,-11.534399742982012,-11.866983715678966,-12.25094464000027,-12.781281307192236,-13.235306809927751,-13.846395756235111,-14.659460518088007,-15.415297305411812,-15.611442175122189,-16.067223248580248,-16.802461918248596,-17.762425115837274,-18.12019752260416,-18.176923890032942,-18.10787938353431,-18.267903395827112,-18.40491160659753,-18.159111048567247,-17.842207414570083,-18.215428711180458,-18.456621435011076,-18.54853310982413,-19.28455067548982,-19.840765575473103,-20.19725872715583,-20.502846347390065,-20.170127588839424
-10.756697812210145,-10.593299414119212,-10.747936658768092,-10.772111678502963,-10.985424160412135,-11.327102415865788,-11.762020964500643,-12.53306541230716,-12.435142055580128,-12.151623883132235,-11.844652393842743,-11.439502846465482,-11.098846680719625,-11.091550094281367,-11.503138094010973,-11.60281393360421,-11.939503315689652,-12.552202133275014,-12.59005721943584,-12.690659168248274,-12.702718647118324,-13.715693305309301,-14.921228862316564,-14.853653932185441,-15.922735224171207,-16.15358343493748,-16.553834677170038,-16.87754933094288,-17.250736301694076,-18.051548052545662,-17.328232698174382,-17.0077172049181,-17.834757782546145,-16.99786728682342,-17.063716850631426,-17.343092250394577,-18.13690390037566,-19.063774473772163,-19.92493472684555,-20.350792550725245,-20.06260969043028,-19.19776931632279
-11.094861178266708,-10.961226924032609,-10.960293372537297,-10.784888907393599,-10.952700545664952,-11.46921876593223,-12.060128087746886,-11.621759029717396,-10.91295185846554,-10.647701232618287,-10.924940603492628,-10.843373792020662,-10.706344907532115,-10.658332712813896,-11.086676018912867,-11.419424683924476,-12.375282722893033,-12.687918376717066,-12.713776875892101,-12.361119500367472,-12.396123577995896,-13.482967810660693,-14.62455598820446,-15.256496916561389,-15.66894686810055,-15.971847511949681,-15.670183859297387,-16.356398157566005,-16.41120917714103,-17.42634945595383,-17.82204009465724,-17.61363337670373,-18.07993417049422,-16.120134091206893,-15.8197483051454,-16.146380598577935,-17.445905709418874,-18.339857585525607,-19.792325607882606,-19.337144151139913,-19.42211231236989,-18.530767141339496
-11.379238258987616,-11.020870460161301,-10.94869859085737,-10.754405981303098,-10.763370523863003,-10.910241709696063,-11.053935240187112,-10.712025974654086,-10.148307548201817,-10.807546951085216,-10.674051688659466,-10.889577649456283,-10.477992381746077,-10.457811528931062,-10.514763190461265,-10.791813733627471,-11.151165999984789,-11.776017406156265,-12.211030576036865,-12.53766904293659,-12.878577019282297,-13.334107726844358,-14.707781818302188,-14.870356941142653,-15.403825411683588,-15.861756944279401,-16.649041428078956,-17.830397455355346,-17.617184778137904,-16.314547562386508,-16.35068441288782,-16.20402744711406,-15.994234514183255,-14.84037326857532,-15.236543975913072,-17.315890274124907,-16.382318634670924,-18.71757873886108,-18.966161525682363,-18.927486609664008,-18.914451228475983,-18.42748249108007
-11.530135450610212,-11.148234547786808,-10.747347715865365,-10.615524835761848,-10.740534841881889,-10.86065741560949,-10.855048110215888,-10.582918045230588,-9.85824625203357,-10.044634919764977,-9.928395483738003,-10.1800584960973,-10.213619231666183,-9.929427664728303,-10.444236319189418,-10.523191027078106,-10.82581902958974,-11.093902388202332,-11.963233064607813,-12.723182740891446,-12.998039231690658,-13.878295219651811,-14.325649329255288,-15.506062181732746,-16.08783858753835,-15.735550880997152,-16.52326050842078,-16.816495496823293,-17.221734191376292,-16.30179024820808,-14.995532940869246,-14.295658491289782,-12.922244771496315,-14.338342781406144,-15.472264962996878,-15.424842146745956,-17.0121441295393,-18.42050921474099,-18.168340858897427,-18.56605752166419,-18.69475665235194,-18.140751208473773
-11.607450681119182,-11.04890883890501,-10.877707730704813,-10.9512563672188,-10.863593460584575,-10.957623525041512,-10.917914185288819,-10.60715207588381,-10.23403219201617,-10.718411078957544,-9.800513438082517,-9.593885098003142,-10.039294221774048,-10.30362867448891,-10.091228133488343,-10.513870135053342,-10.829237312854833,-11.450170465069494,-11.996234958770565,-12.985454160587231,-13.63682854334185,-14.077775254258423,-15.111607733786764,-15.907036221355582,-16.98485389494071,-16.3283201573148,-14.533415701657624,-16.76367725998135,-16.287679091232786,-15.27579845541122,-14.906462171543705,-14.406923253150433,-14.233141070079176,-13.696207472200458,-15.107122471776147,-16.151861976650554,-17.62106450661731,-18.478099069389106,-18.076208434201682,-18.348419694678263,-18.238123237498694,-17.960625474020002
-11.690301274184554,-11.272359436515464,-11.282741066469026,-10.776292243063958,-10.410854722544517,-10.099495565113198,-10.137748539150566,-10.41742446233981,-10.85402351309789,-10.63583469396104,-9.39929088652111,-9.28403176804009,-9.237753001605354,-9.511912519616697,-10.21578247936077,-11.607074713815113,-12.07169812205343,-12.294256858306554,-12.21555566279878,-12.296877205130754,-13.169020966514879,-13.869485235499267,-15.142802219578014,-16.716236153031883,-16.930526740033656,-16.69576002879113,-16.184465770897226,-16.17284436225372,-15.549047634176766,-15.247983230795366,-14.65224374686145,-14.575518637394612,-15.605838857072015,-14.48257600170843,-15.99817457482418,-17.502467822815365,-18.68099233845879,-18.701887439120373,-17.892398594681925,-18.03301140255062,-18.087800365045226,-18.618712600795355
-11.942611265302052,-11.54312090844372,-10.970820419814906,-10.099380773772182,-9.62243068485851,-9.637514489997805,-9.65529137106554,-10.176306660379323,-10.550874663943427,-9.859015844380236,-9.380797480346892,-9.435218436077776,-9.52345655209537,-10.12722631235271,-10.730561818102002,-11.80485631177685,-12.5766006647607,-12.838337275094592,-12.574921589319015,-12.034494468156645,-12.285318221982529,-13.38830762562433,-15.440978957177727,-16.828936705809955,-16.98151213733919,-15.991009379583636,-15.493085872968026,-14.682362915287243,-14.383223257816493,-15.170450240842566,-14.683107102625915,-15.586042013379155,-14.431493164794405,-14.540835513688128,-16.589588803117607,-18.451522742166944,-19.267067610665585,-18.540197154683554,-17.985657055989883,-18.407957119213116,-18.813083271677442,-19.332335054316722
-11.91421357449309,-11.693026117272884,-10.992103241662832,-10.200546098685887,-9.540293554012264,-9.968701107130382,-10.040307274712662,-10.126165369576665,-10.663480482116249,-9.617423099293468,-9.701823993155783,-10.173247251784437,-10.644487561021407,-10.867674731514079,-11.176589336408034,-10.99654966433758,-11.646266655685205,-12.001310521585653,-11.46056573221495,-11.42099853805675,-12.51168571390323,-14.357710527779568,-15.146299619952512,-15.452417039209163,-15.914460764411537,-16.455270289870022,-15.372531220468128,-15.3444531640368,-15.526805620240548,-15.821744126075586,-15.217124217928864,-14.504877982636279,-12.685020393695371,-15.832821004291635,-17.916906503453497,-19.498376863781118,-19.376117936825718,-18.20442350889852,-18.247135588963303,-18.983092333310804,-19.26026126210365,-19.767632515301663
-11.930787066492078,-11.59229076240598,-10.994610745421848,-10.28873488487281,-9.543624555373555,-9.618062499139374,-9.7807188549235,-10.033005380083821,-10.03135372924915,-9.913303579087716,-10.222450526169975,-10.773204976983234,-11.34963779915348,-12.009488704138029,-11.95019059721544,-10.7548394064893,-10.814354837953928,-11.422294849411239,-11.249260288791055,-11.702025607706686,-12.425624378279943,-13.392381234521006,-14.144311424408544,-15.086465677691676,-15.714458386720924,-15.960569894441482,-16.381988266262965,-16.950187688161968,-16.43346642171803,-16.234860898355592,-15.872575839256054,-13.355886223614116,-13.240651938614434,-16.140527186004224,-19.32280155223763,-19.935639294274,-19.811338010279407,-18.544019055097454,-18.058405445782036,-18.042731058381918,-18.457245705176906,-19.887138766833907
-12.06462907999766,-11.69724427726947,-10.830845980988922,-10.40228857659479,-9.383413424241496,-9.195199716093388,-9.2142558607728,-9.610310158190291,-9.812856202789161,-9.90934180765025,-10.207294875868442,-11.06757659834989,-11.454751176360032,-12.099576433489105,-11.813522910474777,-10.846608588882672,-10.39294333685263,-10.445103657694993,-10.68202354367035,-11.290445253991166,-12.4054762089218,-13.41240283193179,-13.544447939208231,-14.772532790628818,-14.835804664218934,-15.045530309378835,-16.01857813762335,-17.910412738068025,-16.75736120802243,-16.338405036567565,-16.309193899494126,-14.35413527834159,-14.629859812089913,-16.443410584344676,-18.903363788156224,-20.09426332309335,-19.34619788477728,-18.55001589993904,-18.663903871822644,-18.4186241485726,-18.897536620077084,-19.418344400637526
-12.119795289525134,-11.352570306547904,-10.67224592433268,-10.134502970040666,-9.259861016961024,-8.791956920774235,-8.604034522501678,-8.546448949285796,-8.824963846095,-9.199795933955915,-10.472033639136507,-11.075135374535286,-11.234302629770982,-11.48296927717906,-11.586112789428068,-10.662005181760271,-10.82052479016923,-10.305485821598303,-10.899737567686737,-11.402202861547396,-11.755687982767428,-12.504418720764086,-12.468298126608428,-15.568032761140024,-16.39881253074084,-15.093355830321297,-15.180252747894246,-16.99314453751874,-17.250807287957297,-16.956185202263597,-16.39034567070722,-15.481667817026656,-15.690412423077424,-17.391284757129377,-18.50750794477451,-18.914469691513474,-18.43227033985157,-18.331496153132434,-18.04269781558172,-18.50052510233188,-18.90306156235815,-19.851848939355495
-11.326868798142419,-11.162319450221037,-10.757927060029772,-10.556105484624384,-9.800555950601316,-8.775179076967586,-8.641917829103697,-8.736644182834109,-9.069723008610072,-9.878308705916176,-11.157257363089526,-11.24860789814926,-11.295587135636774,-11.496200102612962,-11.230550709564493,-10.838227328815565,-10.773225167724377,-10.138142584036292,-10.927615267833495,-12.032466059096093,-12.956585214963729,-12.729563724320933,-13.009160419514515,-14.62879425727936,-15.405701478662648,-16.702175723603673,-15.668403418162123,-16.71203027878873,-16.6207633982159,-16.278987391606286,-16.430414134276443,-15.976830426700914,-16.0101010238369,-16.80423770933898,-17.560192382934904,-17.79671849474892,-18.060677864408905,-18.037586835352354,-17.018279865873986,-17.229065565320912,-18.226343771383267,-19.372076084018932
-11.116543239044551,-11.0105479865807,-11.244113227116353,-10.948166188624544,-10.080779987329816,-8.696526144736378,-8.65664906569504,-9.102705765064448,-9.681036620747635,-10.926533300441584,-11.073900611353682,-10.937251517223872,-11.161831632636117,-11.25440771502496,-11.029872678516861,-10.821506977177634,-10.43902404677809,-10.492430877508028,-10.895171178905745,-11.376628851122941,-13.235954731802243,-14.319458419464207,-15.09623196372439,-14.839536089253441,-15.545358340690123,-15.342093880199414,-16.274032202350874,-16.770554225989166,-16.710026036453257,-15.96238283005318,-15.45741150987571,-15.615844042098548,-14.932575191316403,-15.682973469943251,-17.018433617465256,-17.927653292947234,-17.509964706408738,-18.43838417853912,-17.406034257243117,-16.995146249260916,-17.36738996298648,-18.46859773558793
-11.406576331083524,-10.880592501874514,-11.390491304845376,-11.504233581323827,-10.002296320091569,-9.198043109951179,-8.921223475046542,-9.798516600382948,-10.409174604292708,-11.054401990488978,-11.138018368783358,-10.956680736567053,-10.993636168372548,-11.437834714784373,-11.036862769327172,-10.98891217589759,-10.844562565726454,-11.020260609602898,-11.291172006682999,-10.88153260789068,-12.285034590247461,-14.28953056362641,-15.350701227594516,-14.528624907172087,-14.929297810184922,-15.103845299453514,-15.968217972065036,-16.91221355702469,-16.461507957621308,-15.812397804959062,-16.023582396338547,-15.429038010927183,-15.07088516184945,-15.417835956199841,-16.43975557553712,-16.501459033722636,-17.674175429383876,-18.79968902559552,-17.10920962271629,-17.079283686116174,-17.869776243081198,-18.186331920520104
-11.666845941170132,-12.015711334097883,-11.235561601420496,-10.604301154028313,-10.782993121478238,-10.096752876773191,-9.954145003847538,-10.421760254728623,-10.491351718962429,-10.932867874593274,-11.285955782422446,-11.264792573497742,-11.400535606080645,-11.276861384962244,-11.376123187477354,-11.272853619177294,-11.66533985630689,-12.19095190308456,-12.504705990175509,-12.527243607970323,-11.610591638570876,-14.09211642561139,-15.533010178716836,-16.41529390496552,-16.41864001882878,-16.384341374008805,-16.00478311658505,-16.386148208520396,-15.940864501869108,-15.737469627922827,-15.461483271430069,-14.619998454267217,-15.764073198568155,-16.528736777439136,-16.773550140004268,-16.259076626390133,-16.535328228155915,-18.056970866523596,-17.270054196673776,-16.731359890628006,-17.33365841055635,-17.990082108929307
-12.253410284807831,-12.06486139134191,-10.994915072420488,-10.951709542799204,-10.132769168476031,-10.43236890217177,-11.070629173340949,-11.66553705219688,-12.301461298141442,-11.36185319992495,-11.012503571052363,-11.349310021351297,-11.541584237068196,-11.640492389308399,-11.701192732066477,-12.355812869179312,-12.077447172789153,-12.78606413991937,-13.256262926818625,-13.69515052242163,-12.811599680375345,-12.787862639238634,-14.218013820301877,-15.28672735180647,-15.689010820127535,-16.82575736629931,-16.36403614838883,-16.011618330502962,-15.805747036859785,-15.525453716652022,-14.831784461671159,-15.319402120693951,-15.333114359853218,-15.66521326229249,-15.473926729096615,-16.656187154330098,-18.378785898639638,-17.753103759325366,-17.79491380670462,-17.68978084463343,-17.501292942973603,-17.881801265363034
