public/json/wind_2018-09-1519_925.json
{"header": { "discipline": 10, "disciplineName": "Oceanographic_products", "center": 0, "centerName": "Ocean Modeling and Observation Laboratory", "refTime": "2018-09-15T19:00:00.000Z", "significanceOfRT": 0, "significanceOfRTName": "Analysis", "parameterCategory": 0, "parameterCategoryName": "Currents", "parameterNumber": 3, "parameterNumberName": "V-component_of_wind", "parameterUnit": "m.s-1", "forecastTime": 0, "surface1Type": 160, "surface1TypeName": "Depth below sea level", "surface1Value": 15, "numberPoints": 4800, "shape": 0, "shapeName": "Earth spherical with radius = 6,367,470 m", "scanMode": 0, "nx": 80, "ny": 60, "lo1": 109.0, "la1": 20.0, "lo2": 116.89999999999955, "la2": 14.520000000000117, "dx": 0.09999999999999432, "dy": -0.10000000000000142 }, "data":
[rows 0 to 19 of 60, columns 0 to 44 of 80]
null,null,null,null,null,null,null,null,null,null,null,null,null,null,null,null,null,null,null,null,null,null,null,null,null,null,null,null,null,null,null,null,null,null,null,null,null,null,null,null,null,null,null,null,null
null,null,null,null,null,null,null,null,null,null,null,null,null,null,null,null,null,null,null,null,null,null,null,null,null,null,null,null,null,null,null,null,null,null,null,null,null,null,null,null,null,null,null,null,null
-11.10580134223236,-10.957591954473262,-13.510368467283929,-13.486488385736557,-12.724179978351799,-12.600583881396158,-12.259387517120883,-12.612517232187324,-15.029911082623254,-15.339641523804044,-15.208936334355716,-14.39894219872537,-13.565997313464594,-13.58270215999873,-13.378394573326085,-12.885343993104065,-13.310775402155206,-13.325774105403763,-13.59661122063184,-13.531268199061536,-13.63008170182112,-14.204067302131595,-14.32909071595771,-14.424154783191728,-14.739962444740854,-15.052596972637826,-14.53363603625407,-14.399799624959805,-16.02493699100267,-16.136920009839322,-16.573586785122796,-16.687523999730367,-16.535847707949312,-16.44116435022716,-17.674147897087327,-18.788063825669404,-18.824381529546187,-18.85148115550062,-18.829544756645507,-18.931293945986017,-19.224635753385407,-19.787447536961988,-19.879321223665478,-19.96623658336555,-20.532364449667845
-11.384817236835513,-11.422163181267031,-14.038633031158085,-13.663880540360772,-13.884528652634176,-13.27991074664512,-13.48825813713814,-12.801538725409664,-14.106383462406571,-15.724081869177933,-15.239181398339289,-14.641586428286251,-14.612305192959354,-15.097789257155757,-14.357613147772327,-12.728850804891355,-13.016041212406154,-12.96474132586257,-13.2661789517661,-12.800968784303475,-12.884434985573904,-14.094204138518673,-14.17664753230431,-14.139041619644921,-14.692736611032645,-14.82472859972257,-14.336992989811293,-14.485520674812726,-14.551049292748573,-13.929392022128287,-13.593048042577205,-14.354774358829289,-15.425436994906867,-16.27180429548173,-16.99623989799891,-16.964026701968162,-19.529122656645544,-18.180000418170792,-18.814286940782793,-19.692330310911636,-21.9420119913418,-23.29385422822267,-24.46619723564225,-24.1430390835633,-22.412771473132985
-11.284996639002712,-11.690000687662982,-14.139030889000415,-14.06252724878994,-14.41366860017928,-14.675010217986932,-14.470095381149203,-13.836833521416407,-13.79321013374988,-14.85355401869203,-14.796689974989855,-15.351189097732252,-15.79931807792664,-15.557785133420893,-14.556757867984409,-13.995824121170822,-13.843974616440757,-13.143924404125784,-11.880444616187134,-12.891121105182728,-13.230578846305697,-12.907926524245443,-13.558622509862564,-13.45018493618363,-15.317772632983882,-15.37691136672161,-15.586035489863342,-15.129756020095739,-14.992746337179268,-14.91834474421045,-15.123232406145862,-16.059215321502855,-16.863954603356103,-17.495747504306344,-17.314447024208683,-17.688423269031286,-18.43148329285892,-18.177006913598966,-17.58770680154099,-17.697905435463568,-22.456576825014288,-25.411330423198308,-23.88176706975263,-23.131117994749147,-21.365244287914315
-11.379908900921125,-12.714632544019395,-13.232692834829225,-14.09454874262963,-14.802139931824332,-15.080403559570026,-15.14854142429832,-14.695212902191624,-14.096297890634492,-15.054324799012685,-15.89171455865527,-16.569329145902177,-16.2625070792274,-15.334967816490694,-14.08027849078182,-13.919221216083,-12.387910857446629,-11.581835900520826,-12.09294471409342,-12.556473194831469,-13.972860374126697,-13.645679341225195,-13.995986528272942,-14.028371955694462,-14.957529025927128,-16.429447236278886,-15.890979387893847,-16.29206009595883,-15.847148641204486,-15.591862150384108,-16.36956500775152,-17.382544028090187,-17.696451808942307,-17.944508485851948,-17.731560591791617,-17.737642915690266,-18.182384621019622,-17.496715474522066,-17.07035239415855,-18.291441808382704,-19.385547974738884,-21.708740192741352,-22.30689079743382,-21.985755032264787,-20.479772335539607
-12.124823177844108,-12.553537873774516,-13.365212835608808,-14.233138300168179,-14.432428576750084,-14.761215679422609,-15.125838267313789,-15.318354369638094,-15.089364874134903,-15.567386172555498,-15.941909568303586,-16.56267539331525,-15.748921433639541,-14.236847898508575,-13.040473523153613,-12.544092294154584,-12.192548378272564,-12.52446880654606,-12.017986596558783,-11.241805084561896,-12.921968651832103,-15.284205077450494,-15.02206898728485,-14.628959237079481,-14.952591875711079,-16.53502096612523,-16.62710902135002,-16.678421408311504,-16.661983075101116,-16.55156543395951,-18.327843448787746,-18.710344689171386,-17.705745605257363,-17.52237624217901,-17.107571722034997,-16.33896813051021,-17.1937678188339,-17.603769395846026,-17.566868987063817,-18.74909298607147,-21.271972024420684,-20.07413168292347,-21.459446668887743,-22.693661387649836,-22.910364843072607
-11.878668127932887,-12.59392923280063,-13.452348802826176,-13.802267815751382,-14.068789737336425,-14.55859677605553,-15.167596642539843,-16.146476674162685,-15.88872884502978,-15.796625387168875,-16.348321166496596,-16.256078093654335,-15.443002584176504,-14.264935592105132,-13.590775888374695,-13.064972779764293,-12.729104775990363,-12.169662128962424,-12.238795663229716,-12.592216562329336,-12.460217931536219,-14.331058662565779,-14.180710079435636,-14.914982467707055,-15.713714439859586,-16.890929760866015,-17.48878633253055,-17.46542775603386,-17.380244571313018,-17.47515803505703,-18.852968926320315,-18.4034860936056,-17.24504817073702,-17.635544216229817,-17.580866070044557,-17.00201974698434,-17.78422792513696,-18.32609517321312,-21.238782149242674,-24.15006547503722,-23.169957336232468,-20.93462954297676,-21.438140337988816,-22.74392821713415,-22.70825746314105
-12.501536754168347,-12.82670436603754,-13.268980973611205,-13.799183604494118,-14.561869977013286,-15.189703355277635,-15.17700758563927,-15.392622420581304,-16.010548500142516,-15.9138441706801,-16.31208431150356,-16.06598872187979,-15.131705681970917,-14.430834573673565,-14.920592164023823,-14.247176398860619,-13.666705195327975,-12.444222907954813,-12.315884535935156,-12.163443182238588,-12.665759210826643,-13.247826432610331,-13.63978603524515,-15.666311741216957,-17.31976173775189,-18.414457491221423,-18.831478529061677,-18.60680986596278,-18.271563515091202,-18.256647101374025,-19.1297830930369,-18.508814486713835,-17.686855055228513,-18.2968021523896,-18.6788290605703,-18.45379109337072,-18.707708583393835,-19.736273812114916,-22.20730264008717,-23.81020835882766,-24.71990953449022,-22.874971120098753,-22.77937533936742,-23.645469812773445,-23.41482106906507
-13.475849441450405,-12.915167632197937,-13.696291231725688,-14.226701927831407,-14.728113359105901,-15.486465480390422,-15.365963306834278,-15.099149074843,-15.642885584838657,-15.706386425159467,-16.449982091217656,-16.186645019966267,-15.226282510424866,-15.549619648717547,-15.15113319845236,-13.87185521629775,-12.564481874837274,-12.395223150915822,-11.776792444160238,-11.82969208112131,-12.308197148477202,-13.298135441861152,-14.63692083920932,-17.277064240949567,-18.73872000150083,-19.06172313324323,-19.451951904615306,-19.247198537148638,-19.123879129286216,-19.079785456990876,-19.531041289868927,-19.742634389849474,-18.215371739429145,-18.438282178458717,-18.259089244279842,-18.563681965195556,-19.49556216320508,-19.219636668342766,-20.383438998691307,-22.582574619001846,-23.997624363700414,-24.582375609373877,-24.941256245395444,-25.645292530207243,-25.4808600430244
-13.255337460234859,-13.055168411091572,-14.134296922712586,-14.89780793424266,-15.03889955480862,-15.626064835228144,-15.450584150743616,-15.088833438542729,-15.335116637189598,-15.549045607033968,-16.462327854210987,-15.80502769382561,-15.50716753150762,-15.276584530681221,-14.40241083146632,-12.684564939676594,-11.82415394686549,-11.631510165692243,-11.100482286733993,-12.038292887387742,-13.387740020092377,-13.551522266417898,-15.363193951329542,-17.165442207398247,-18.55388313343176,-19.52270301920517,-19.17589412170301,-19.138625305585702,-19.043408889299545,-19.896458308558028,-19.73689357824034,-20.216671608999583,-18.70289363214905,-18.696896453492208,-18.623969078436446,-18.732653433480838,-19.879357394759836,-19.65454899061542,-19.47507365912014,-22.27182077536486,-23.330163790258705,-24.71205228222646,-26.039182607545985,-27.68820958593256,-27.062537688244127
-12.545246195515439,-13.289365670479626,-14.2146476567419,-15.097521141784163,-14.917881016313006,-15.459074604572809,-15.465846127242688,-15.100425448403733,-14.919199837485836,-15.022078319965305,-15.332988095765112,-15.017659593499868,-15.111742379823239,-15.073516424070577,-14.360006238472316,-11.94604559778049,-11.442832470418807,-11.233663076256265,-10.826596850079317,-12.38127849162008,-13.84642124714969,-12.555489310111874,-15.881586580570117,-18.21464287190401,-18.49018638133173,-19.57440092773259,-19.160251204842027,-19.22608145438626,-18.834811322407056,-19.86565479444854,-19.658841325571856,-20.326359714939368,-18.739112925340077,-19.330670528884195,-19.779368093858146,-19.357651023605186,-20.075951996793762,-19.688983147143425,-20.437925592791952,-21.53781089176302,-22.356807564673314,-24.13782703534853,-25.91452141225969,-28.36361117886929,-27.347109019968954
-12.441186891382953,-13.416336481011923,-14.149793647731038,-14.920113308072366,-14.524662275981944,-15.162541773035542,-15.195707673205334,-14.928943864383966,-14.240268424760597,-14.372331109731656,-14.407146209601548,-14.47781916341,-14.93747460726337,-14.86038040425923,-13.946172663704903,-12.29528773504553,-11.38030370645783,-11.338704200475988,-10.15025261662127,-12.157888670872904,-15.118280765544105,-15.869843210980747,-12.851048342499602,-17.207431957784536,-18.55624578144806,-19.058623580943504,-18.40153482524233,-19.101949102038162,-19.08982888165307,-19.266876632332096,-19.949994949618066,-19.830076624513364,-19.115011868376506,-20.173534087480366,-20.955214449916703,-20.42087915885929,-20.12311784597516,-19.52903249549368,-20.31402691941244,-22.637532734064354,-23.21402713915549,-24.220409322839743,-25.52784851868968,-27.77730425371241,-28.44879190630757
-12.524777929231234,-13.296434694606145,-14.363249898570508,-14.550658985639343,-14.648711600682168,-14.620965091669401,-15.08615342846085,-14.586541717739685,-14.144842986902782,-13.966981069404307,-13.992275174549082,-14.120755015901292,-14.360838100580594,-14.844588459653547,-15.052017257023445,-15.151241759201131,-12.29803645619797,-10.938641397576307,-10.383074351616614,-11.658122432861859,-15.038855444166554,-17.5584925391627,-14.448781643126688,-15.325960609546463,-17.496096327185715,-17.250500305746765,-18.344284948095886,-19.284150559118125,-19.304803025132806,-19.015310941815557,-19.82828343499456,-19.66893916854126,-20.71078540826764,-20.61628729179701,-21.22627080238548,-20.758913582436364,-20.1171210264769,-19.814673044761804,-20.101896943175646,-21.81112011821652,-23.48456768936646,-25.328027747316106,-26.49455190183739,-26.52820147202728,-27.281797452431135
-12.783803849912076,-13.31940379274141,-13.802782211270017,-14.529902597320392,-15.136110295216943,-15.26882457996577,-15.241258267398722,-15.27363016472611,-14.901598141561784,-14.601354956881481,-14.010485074595998,-13.881635192226385,-14.14199188007349,-14.721851227491461,-15.111212916499873,-15.194763509536966,-15.229003971764275,-10.957905804606547,-10.522305926340108,-10.708080911426746,-14.29440882436256,-16.329547485400727,-16.95544604127637,-17.37106218732896,-17.392640855214694,-16.796934794095286,-18.086048518012937,-18.907798263031708,-19.935413792126617,-19.678752263900392,-18.50385663387161,-20.377571114471767,-20.172566352745857,-21.457126769352634,-21.5728123855583,-20.93536687672335,-20.124996147391318,-19.774025779644738,-20.407436363814035,-21.794158880582923,-23.894916720143073,-25.510102710921487,-27.04004265344131,-26.73026399784176,-26.49628223656361
-12.715160771803852,-13.48379467124937,-13.71288530073315,-14.485321301728451,-14.982272691868344,-15.783302750988664,-15.312834142897513,-15.80055463490346,-15.808244366393911,-15.32348273546407,-14.833707595950916,-14.817193057885243,-14.74057734054669,-15.740615160112233,-16.111000764231775,-15.996014584504339,-15.972357027053512,-14.49281003998993,-9.641122045249105,-9.844924014453344,-14.446613024483977,-13.290449155898576,-17.074066936379257,-17.821513138863843,-19.019799193740734,-18.12282956758041,-16.693500906127237,-19.251896705655824,-19.459202412744332,-19.600814947662613,-19.032662643812706,-20.53145757068233,-20.47363215575811,-22.043362019667438,-21.292738704776372,-20.817249107348502,-21.39248493878458,-20.588221981643517,-20.77256211356016,-22.45673686167325,-23.538541789853628,-25.37664997421264,-26.505108029397675,-27.22733351979228,-27.008130816198456
-12.99348197191256,-13.554192146802727,-13.340572958458985,-13.790286636827599,-15.32748043661473,-15.604559886081418,-16.198467715481208,-16.112818287155037,-16.413371854536607,-16.49062203005867,-15.98611092826912,-15.906485326442763,-16.238116975317304,-16.564613439655517,-16.813016276112972,-16.095501538815046,-16.52705680503095,-14.394351549888766,-12.288739685589547,-8.497721005036533,-13.352332401889097,-15.646378978100984,-15.971263258004665,-16.497859554528095,-18.367324831768876,-18.329576970709102,-18.00408354126682,-16.336639809847238,-17.642647202064197,-20.580496144649267,-20.10028151774723,-19.84785376933568,-21.235000434058595,-21.45847877250723,-22.39846449399824,-21.89370080973022,-20.3776916703152,-20.747666072955266,-21.387206471692508,-21.70051738250106,-23.737246058919364,-25.34832478452067,-25.714263009143863,-26.367075341169247,-26.24496644596821
-14.613122179105606,-14.006603978577598,-14.25442572607237,-13.403434342077828,-14.021666732397536,-15.583817839087182,-16.242253764352288,-16.812068810763993,-16.441471237261823,-16.885924015365998,-17.147388025663716,-17.215264822012962,-17.248401219655534,-16.802750340429405,-16.806218012940892,-15.98531047156436,-15.939793440994995,-16.147047269304842,-12.219958968793257,-8.480547487912675,-11.301618909889106,-15.73901788652451,-17.242701173145733,-16.826547356841942,-18.499360963111513,-20.008588063555635,-18.66055460429712,-18.47768887636874,-17.800444194047166,-17.521950129541956,-21.064131003296968,-19.777462564547157,-20.58223011258672,-19.90979742715274,-22.218436298599386,-22.402502695782495,-21.549909900277157,-21.795547433804458,-20.524798591273477,-21.32300719425998,-23.48458743034289,-24.049678822540276,-25.167385970702888,-26.0034432301535,-25.56564972511116
-14.815270208185265,-15.086019439630048,-14.688146323752322,-14.929825289996112,-14.041906851851126,-14.468945847338384,-15.962833999366225,-17.27921588400381,-17.36769620880424,-17.53010144231668,-17.992401121711154,-17.90328893408762,-17.149124641296005,-17.02498395944459,-16.748960470437687,-16.17344483358656,-15.442572622165754,-15.967111636643684,-14.04937234896614,-10.361230013920638,-6.958587722058466,-12.733360870188463,-17.365168547598365,-17.00767623752332,-8.455947709300839,-17.59758969079906,-18.907448088764227,-18.402977104435273,-18.70528793560007,-18.15238375487246,-19.176708026065345,-20.0100294456826,-19.02500027340185,-20.67691151360253,-19.84573898635577,-22.598672954552725,-22.19251648815241,-22.742277577901085,-21.022559698845562,-21.41659133530701,-22.880007573222066,-23.35330244748216,-23.654150382608925,-24.962029097027525,-24.57510154079504
-14.06052295005762,-15.213798108469259,-15.316385513210971,-15.917650811317802,-15.297504977426886,-15.013159439328874,-14.852703571797285,-15.934358213099387,-16.512004010861045,-17.039509146820286,-17.749998013098523,-17.97225114533115,-17.410437180117636,-17.153160024983908,-15.723031219622039,-16.09760403537465,-15.726514475592861,-15.753544324443057,-15.234747578765159,-10.79220517908839,-7.309754619523736,null,null,-16.269070172993946,-16.227733880882838,-17.076963758895204,-17.232298836544068,-17.727003791937022,-19.954541626022163,-18.717115487524698,-18.145601125465976,-18.06835682362641,-19.666628200782505,-18.5246048728458,-20.77185299526371,-20.348434838695987,-21.527647668445464,-18.516867154349104,-22.32444250577618,-19.425894202325615,-21.618526031271784,-22.689429160866055,-22.881615639491113,-22.602774855555396,-24.10747400383311
