public/json/wind_2018-09-1516_950.json
{"header": { "discipline": 10, "disciplineName": "Oceanographic_products", "center": 0, "centerName": "Ocean Modeling and Observation Laboratory", "refTime": "2018-09-15T16:00:00.000Z", "significanceOfRT": 0, "significanceOfRTName": "Analysis", "parameterCategory": 0, "parameterCategoryName": "Currents", "parameterNumber": 3, "parameterNumberName": "V-component_of_wind", "parameterUnit": "m.s-1", "forecastTime": 0, "surface1Type": 160, "surface1TypeName": "Depth below sea level", "surface1Value": 15, "numberPoints": 4800, "shape": 0, "shapeName": "Earth spherical with radius = 6,367,470 m", "scanMode": 0, "nx": 80, "ny": 60, "lo1": 109.0, "la1": 20.0, "lo2": 116.89999999999955, "la2": 14.520000000000117, "dx": 0.09999999999999432, "dy": -0.10000000000000142 }, "data":
[rows 22 to 43 of 60, columns 0 to 47 of 80]
-14.395717868041093,-13.81055972766662,-12.916780648486789,-13.28760935908293,-10.490138902701437,-12.923587516340461,-15.227110420877642,null,-17.632825853633506,-16.18247129380977,-15.609066509147446,-14.931275562178612,-14.942184207364365,-11.874785065659545,-13.113660357834052,-17.29974269274262,-17.42068535620328,-17.51261442005654,-16.961858501950964,-14.837524576999016,-12.968284793927278,null,null,null,null,null,-14.764827691325996,-17.65859040751554,-13.562014947523457,-12.297187704360415,-8.800046455181088,null,-16.740158050454983,-19.79916304178527,-18.299333938013753,-17.94527802083139,-17.319487611135557,-18.019173931992768,-18.412536562712056,-17.334086719432246,-16.89127457991906,-17.679598622564374,-19.73964246253622,-18.47973236494041,-18.922328735284594,-16.139860179890402,-16.10601139811684,-16.836877687189837
-12.987607980719696,-13.645794187064613,-12.988754056691398,-11.333532627499917,-10.928558778934091,-11.800151727877061,null,-9.539569115995988,-17.728744475895226,-18.1156465835946,-16.361066527200748,-15.37127373273491,-14.945538759286414,-15.97128684981406,-14.895409022941234,-14.488597735736377,-15.84267073113716,-18.95876798563869,null,-16.163490692298875,-13.76321151129256,-5.55752539695121,null,null,null,null,null,-16.46444451163375,-16.428075595982264,-12.353221637594324,-11.368703763035208,null,-11.715084558942054,-18.146221068720315,-19.25589990816731,-16.809220839418867,-19.705256143316305,-20.297961221569643,-19.4828741520966,-18.28725932461713,-17.858323271605638,-17.25566165853724,-17.227023838553997,-18.33208348513248,-17.723500210366268,-16.973520195092995,-15.659358503144393,-15.36904616749594
-14.04660095677793,-14.035198126248686,-12.515542301749305,-13.51675224421291,-12.346938594008627,-8.64192531094118,-11.882782441288045,-12.693407971905252,-14.764242775568146,null,-15.608389006759705,-16.67703325933585,-15.33594540709545,-14.729876171410353,-15.42262558220482,-15.870707117072278,null,null,-14.330176535300225,-14.512099942793885,-12.940798942290064,null,null,null,null,-4.4311427507571866,-5.5545947249466465,null,-15.288114317180273,-14.891518275346641,-12.270504117020451,-11.584489081810297,null,null,-17.25687120886574,-18.820059483761355,-17.455252732602194,-20.05214754644225,-20.51677590423799,-20.03808085491637,-18.251520649757374,-16.331391845447452,-17.108757114219713,-17.354858872016678,-16.219356717919094,-15.719508836238361,-16.410103945302183,-14.994087934059163
-14.191200165876495,-14.101091125466624,-13.004895039926218,-12.687110508296605,-11.384962854793303,-13.436352266832788,-14.050249490919573,-14.036270872147897,-11.202649563554704,-13.075542809009956,-17.87969509255329,-16.27295317182434,-15.695332390426834,-16.421869507976133,-17.07273293825597,-14.22493152632189,null,-16.32396298604274,-16.359938590150684,null,-13.146461567996575,null,null,null,-11.280123156654753,-7.875372694377779,-7.001414214610242,-11.482886006339536,-13.94088004449516,-12.497786560500872,-15.139459529946809,-14.020103532406385,-12.465965151689637,-10.763014938950686,-16.37042624064646,-16.728561036801032,-19.177416403643853,null,-21.246605778891194,-20.51962091887983,-18.788352698631922,-16.86541979363612,-15.96625769771184,-16.140023360059203,-14.82802927653832,-14.778284384929016,-14.22717581473184,-16.731390154162725
-14.568437920166902,-14.171551468849044,-12.9932746873787,-11.113476333987583,-12.110008040943772,-12.53464699848486,-12.723023365845325,-12.81112780343468,-14.82560531286892,-15.806496406576443,-17.07668129349389,-15.462130305406316,-16.662824115938754,-16.64022566542553,-16.00569612630131,-15.693153863411451,-13.892315900498366,-14.941643216466696,null,null,-11.345879933420427,null,-11.159041877588187,-12.455439757887412,-13.793929832011647,-11.243447122875978,-9.287477987481106,-11.79827408524536,-12.292146423389152,-11.953733243833957,null,-15.42929639630411,-14.031573352699,-14.017640816321363,-16.254657514673664,-17.387680196364702,-17.260374088837835,-16.209657838629102,null,-20.47929550680127,-18.526391435951876,-17.695960636046344,-15.69607209869777,-14.693334331930343,-13.600988975188123,-13.201036099375758,-13.730837209287634,-15.573098950396398
-14.157099096712164,-14.494748813454926,-11.520172760327508,-9.817850501707948,-12.063062569797095,-12.319513907957466,-12.394614848787473,-12.816301417728827,-12.828640824870005,-13.844181895993021,-14.52028864664739,-15.361151808975098,null,-17.92908239956871,-17.60443639282586,-16.118849186931822,-15.01286441540826,-14.894736006010728,-13.471459278511905,-13.325535056204057,null,-11.999914742412871,-9.096259867678636,-13.154970787601368,-13.098884953039072,-14.457164040117753,-13.751927237798203,-12.272169416818368,-10.75086242212453,-11.31497028698573,-11.027775822514549,-13.347112503081942,-15.484411122163038,-13.88384465125912,-13.026506327888288,-16.71714478000849,-17.543149992228752,-17.54545598232247,-17.463402386945262,-20.282834442870904,-19.47937903423806,-17.82770852073062,-16.657787803954047,-15.427809780198784,-13.368412276824166,-12.24478242875654,-13.005685451803481,-13.943529633620521
-14.342772232503242,-13.96269928056646,-12.247275125625839,-9.464622200119475,-11.130363192200296,-12.243931687247128,-12.491395461830596,-12.290236992761418,-13.516890119253876,-14.406218177891073,-15.955441924371097,-14.375107512244178,null,null,null,-15.542273689524384,-15.7732343651588,null,-17.35469598138795,-15.087817633064413,-15.420300176754328,-14.829378167890717,-13.652283324686213,-11.907604107065346,-11.699535459372548,-13.377344202898136,-14.985037372098242,-14.176893091583056,-12.494756732998686,-12.049113449201693,-13.747864889137157,-10.733119943815408,-16.35435729461866,-16.407635999045674,-14.07474481368617,-15.417079922812245,-17.794396205861673,-18.278059475379152,-17.551823388194634,-19.356738493453786,-19.331116014935933,-17.90285918929687,-16.29800885337303,-15.428421879039021,-14.235242349091351,-12.367179578205462,-12.171050044001355,-13.212710600044746
-14.064291759412317,-14.595519270787253,-13.367271294495552,-10.60797045627013,-8.771307346688221,-11.310230444514529,-13.660616109070283,-13.2200384465986,-13.811739910678748,-14.412777649485946,-15.20523702062108,-16.312445233979737,-13.619464057057296,-9.246707870503663,-12.274966829615718,-14.120934136552265,-14.486679087340258,-16.193632558096574,-15.132122602480749,-15.342670916945984,-12.870484359044621,null,-15.514583327648152,-10.257403848701376,null,-9.458476164838457,-9.253797754211963,-15.33204839046103,-12.286011211839657,-13.22015184888924,-10.476052674160384,-13.289904390410978,-13.530816955905825,-16.018081937975506,-17.41818419234119,-16.942123171514492,-17.876074370211526,-18.975796287765654,-18.152882184505593,-18.0582758041878,-19.111711510663756,-17.994012929185843,-16.6838365963224,-15.354718821630694,-14.225317234361077,-13.679478719531005,-12.367156333794107,-11.655677932774935
-13.419821530870802,-12.574650473704148,-12.83141298025788,-11.853703106056876,-11.537085902721302,-8.843926260260552,-12.754610351174502,-13.859960801142702,-14.271041345173133,-14.552978693847852,-14.112913340227216,-14.697368941939668,-15.64161763469626,-15.993639469987555,-16.638243887264316,-15.651701803105412,-14.889864017807806,-15.412657592231813,-14.964651185818994,-16.344712531628282,-15.87770461246325,-12.01686552380084,null,-14.298263936755935,-13.547114349065293,-13.178745745276812,-11.135384404312191,-11.250707539646587,-11.56020734651439,-12.096440254247891,-12.871833038550934,-14.692668239438623,-12.196155779580003,-11.72982881045725,-14.353091795252347,-19.800160130658924,null,-16.529610261129456,-18.753642061826124,-17.631836436953122,-18.391463214988768,-17.78619327389503,-16.494252508677306,-15.580709245847876,-14.909160919053187,-14.835927264230175,-15.410794288545096,-14.188149296953204
-13.517281969444968,-13.627903223959594,-13.22699991260251,-15.468976443471574,-13.865839073393117,null,-8.732712340424186,-12.90566904210169,-13.72586774907598,-13.851011790785401,-13.546510867808191,-14.203765979957057,-14.433876678913364,-15.77895604113246,-15.044276492770546,-16.62642881229231,-15.518164545962968,-16.13087309476604,-16.01603321695415,-14.814468060611528,-13.638267115015172,-13.945685413100495,-14.68623996396786,-13.920541385004453,-12.353137656132791,-12.497734887993417,-12.778740187181155,-14.229678188251036,-12.060124114827214,-8.782981397922118,null,-13.798090959979863,-14.348331704781327,-14.675332871149285,-14.752260590769497,null,-18.068523231792362,-17.328770559967975,-18.33218244327748,-17.667300101021446,-17.282611492882843,-17.44910220269493,-16.910702687118047,-15.36907514782591,-15.902909027043892,-15.810034983163021,-15.84702067493724,-17.24280608283111
-14.399255697674393,-13.659801039284062,-13.484351336273033,-16.18438388519022,-14.399452086370985,-12.011016793622236,-7.337689779879984,-10.287194328251731,-10.67880170249163,-14.336834690594708,-14.860853874583116,-15.011343244610966,-14.571041109111098,-14.387726564160339,-15.97629757203918,-15.415032903585017,-16.124596921616188,-15.677960138960444,-15.833625592841726,-15.575638962073214,-14.54136078864672,-15.808698006269879,-16.241100798262394,-15.296537983740595,-14.359802374491546,-12.94381054038885,-12.510124266349568,-13.514846737577518,-15.522215149288328,-13.215783120120886,-9.62655577347928,-12.539280298563275,-14.487868263756278,-14.735362853930427,-13.599181998478976,null,-12.257152382810688,-17.483095006849343,-18.120974785219868,-18.56322278409976,-17.224953076960535,-16.449629817592516,-16.822436824062766,-16.599648252519746,-14.087336550183618,-12.833335896118555,-14.531847584511063,-17.0685256385601
-15.33909426222056,-13.320561970205182,-13.04335692004974,-16.317476072022753,-15.2807768467842,-13.131341863633256,-10.393146644723886,-5.381648253751323,-8.333200976704802,-5.734916730526575,null,-14.316802680289042,-14.824683983807597,-15.464356849399515,-15.772053792075209,-16.224892792693527,-15.86554168900469,-15.029489708388812,-14.633826874887053,-16.125433842411635,-15.186722050652984,-15.698783244911908,-15.634795517698464,-16.541351910265398,-14.952250630846223,-14.042136671017468,-13.504503100881204,-11.940631312506646,null,null,-10.601650502548393,-11.212582052828408,null,-16.872720258047266,-13.139350756657057,-12.391162415438902,-16.188342658804856,-18.117982281901096,-17.34102798348763,-19.015907054643215,-18.516435341167924,-16.241487323839575,-17.137230135962653,-16.116237504131952,-16.71916869120269,-13.889069807704747,-15.471208328716365,-15.81900402910599
-15.68653181168083,-14.568021813823762,-12.365989361484589,-12.631971271481888,-15.044605754323605,-14.668774791905431,-11.841881975436884,-6.121948555836678,-10.221102119506046,null,null,-14.175689568462024,-14.547829527480372,-15.480868276002912,-15.90781730910439,-16.749266870046252,-16.669699060254537,-15.579721599984229,-15.835079540944601,-15.488174891977934,-16.113565974902016,-13.506299407665683,-15.609432588422065,-16.741522301221373,-16.882921425776114,-15.966041591617453,-13.764331034471638,null,-10.492840775786348,null,null,-12.13473547583664,null,null,-12.20501881709518,-13.979227252708915,-13.775292092610414,-16.42307634817084,-18.394340352063168,-18.532066292652466,-18.619231507672655,-17.809097734159923,-17.994380155025187,-18.72339362479234,-17.396737867924855,-16.416102191232774,-12.074960478989613,-13.596107703793692
-15.576058011050975,-14.447488378471867,-13.820763903911484,-11.962614414074821,-13.37965779481608,-14.90465254490572,-14.122500644579526,-11.399202482622087,-5.594130744370485,null,-4.348003753461061,-15.172214302442233,-14.489109076367301,-15.097263367235772,-16.032713712982066,-15.579038805527823,-16.98986175817269,-16.385102426527,-14.373655636884017,-12.569508926568053,-17.007175163912876,-15.456990284064148,-15.591333040179826,-18.24304911045669,-17.50015156140347,-14.728665399924846,-15.401373084526973,-14.14561679216417,-14.170697235417892,-8.19766279070619,-12.77871057094112,-10.823188093556908,-8.326188803777951,-12.776288677318593,-13.728863151419658,-8.526759726602062,-13.393063381273368,-16.453925920300872,-18.104491619891984,-17.87732660452698,-19.03499882025093,-18.242919156255986,-15.144607498177788,-15.852920696152264,-14.820191393268509,-16.24033038615366,-17.194609435679805,-16.284450760306807
-15.86535385236422,-16.01851396215979,-14.561068129293444,-14.021494320295641,-11.693676111304292,-13.504094158889114,-15.760626518646243,-13.49511832053527,-11.531011923830667,null,-9.645320239132388,-12.53691444481054,-8.77093151737762,-16.844418406670506,null,-13.782070250858233,-14.604032909225497,-16.934405737949874,-14.799296022808019,null,-13.481317061108804,-13.403016769446092,null,-17.14903984872052,-17.521183467395375,-16.433678477413583,-14.730823631136415,-13.87664846325048,-13.502685622297031,-12.85350402744897,-11.138083911934926,-11.332611854833866,-5.1011280020956455,-13.014879862388536,-10.938819691800779,-10.219245399615547,-11.522533524398888,null,null,-16.981383240205083,-17.50420618069496,-18.333014938313898,-17.019098195418263,-16.318095862590173,-17.698605191492966,-14.371550035160725,-15.850402980797005,-15.468990312629362
-13.620977619039225,-16.615466237376157,-16.563677360656694,-15.058619105365754,-13.948422811950065,-10.417342653495265,-13.07809905135466,-15.252116233812437,null,null,null,null,-15.973402458407255,null,-14.525982602578294,-14.312311299264227,-14.503479245822856,-14.254536024063139,-14.944315211482241,-14.745702474408429,-12.798317277529307,-16.8143294109478,-11.262546154921631,null,-15.919765947771575,-16.602427689299365,-15.36671446855322,-14.069916983742985,-13.241695412259002,-12.073298707867856,-14.573923842979925,-11.418835032384887,-5.670520413536552,-9.130004110784704,-12.27345657726226,-8.448724396459045,-10.77384730239838,-14.004502286577718,-13.678005524369306,-14.597111428128699,null,-15.4911564092333,-18.60650216190929,-16.35678195327113,-19.0370123026296,-18.555028199356588,null,-10.449710080759468
-11.48240036837122,-16.404291905712714,-16.074985659498015,-16.19580911487613,-15.46309735843001,-13.346390724685712,-9.92736533026671,-11.796368398518021,-13.798949683728095,-9.34275444235094,null,null,null,-13.792944351389473,-15.644602089024865,-14.264558718355909,-12.612942685236014,-10.874816845608947,-13.852655908069085,-16.197719407939637,-15.305775105713796,-14.996429532037151,null,-14.032848326563233,-10.508111809538569,-15.20643299306387,-16.024533973826195,-14.169675320140767,-13.024579033495197,-13.33026029301936,-15.050978204230486,-14.354651163471523,-8.628547210338205,-5.766907933262255,-8.83866274943762,null,-11.93977756461313,null,-17.803271180542147,-14.698180835760587,-16.424053276076783,-14.296213040585615,-17.241317251455524,-17.384040639207004,-15.978307869075978,-18.00234275300123,-15.11115433982714,-13.89356694398231
-13.191774976566855,-14.610175119028272,-16.08582523397359,-16.855549518636927,-16.340987935546362,-15.398776590796915,-13.226307355088995,-9.249011455206993,-11.897332099596333,-10.918428605960118,-5.789541400686707,null,null,-14.809975945984771,-14.831088505607086,-13.884942975175022,-13.558663186713995,-12.147500700667868,-13.720570134826733,-17.112111113981335,-17.11516370917625,-12.492960224146834,null,null,-11.031995220110623,-17.730588679631023,-17.427775376738165,-15.71910455813107,-11.516367337340242,-13.806093930554852,-15.952090837818997,-14.907793151497284,-13.039721276643753,-10.769096788358397,-11.60096913316843,null,null,null,null,-15.679123119340522,-12.999717228253234,-13.521240466914948,-13.178989659278226,-17.363358178392634,-15.183919979636356,-10.07655394775404,-13.937985861267789,-13.142536763803127
-11.938330798282927,-11.236748005929016,-13.292444807809927,-15.055109022617273,-16.61131380416849,-16.441479898535412,-14.71746538415952,-11.895349191585984,-9.416655449346486,-12.045431831947853,-7.891611757125027,null,null,null,-14.12056755754365,-11.831243849295312,-11.610926356922318,-10.101309333472633,-11.805393998218742,null,-14.22555493834006,-16.139523795098263,-14.494605787246739,null,null,null,null,-16.489263184626047,-9.861828108432494,null,-11.827168014411175,-18.33517639852017,-11.801114000841899,-13.331468009450353,null,null,null,-12.17840538154088,-13.26861028870237,-13.376981670901499,-14.75801140030371,-13.12587149668125,-14.804905496947686,-16.586476622488057,-14.509812721548128,-12.203206333679061,-13.402344518827425,-11.727050651106053
-8.148402354398689,-10.299218222256268,-13.478752802593426,-14.092418107626852,-16.075730299337273,-15.767922713878601,-15.692549733782748,-14.17495341479934,-9.646144983903586,-9.227519382622754,-10.276588510903144,null,null,null,null,-10.799390895987393,null,-10.494446358921852,-9.347422552550556,-11.959151209743307,null,null,-16.257518444624424,-14.722070286154697,null,null,null,-13.390335108154085,null,null,null,null,-10.813133309893272,null,null,null,null,-12.092957253610386,-12.792654022971767,-14.129629171252464,null,-9.687039189893662,-17.017886423692275,-8.08226620659437,-15.265991385272086,null,-12.658451897256107,-12.288884812559745
-6.6724203505794275,null,-12.151717333766218,-13.351637258439089,-14.986019495924559,-16.08882509557364,-16.03728586252652,-15.773810128205143,-13.497329790773243,-8.96542076481335,-9.836225039472481,-7.457035542475818,null,null,-13.455163905916333,null,null,null,-5.749168913333996,null,-14.59770029973318,null,-14.938719275027918,-16.10292706957957,-10.999165129238765,-6.576138105029255,-7.043747652725063,-11.366998255235133,null,null,null,null,null,null,null,null,-15.782657933508961,null,null,null,-10.247557649802767,-13.071996826318049,-14.39313294042943,-16.6285734635022,-16.829838823277473,-15.90371388976738,null,-16.432906895204095
-5.680704221094668,-6.312822882572277,-12.086692362447481,-12.97970605599358,-14.59400119596718,-15.867927256007638,-15.601147782824357,-15.156168635577698,-14.949769052456086,-12.343458532966272,-8.78826901377925,-6.891428690662567,null,-8.878384812297828,-10.94170720400401,null,null,-11.145615286802176,null,null,-9.1940041806522,-14.064908467968333,-15.378019176670824,-15.435632777403477,-13.086899573118504,-5.772441336286801,-8.717577162483028,-10.35719784982299,null,null,null,-10.129878404651286,null,null,null,null,null,-13.942094514572487,null,-11.400068818877202,-14.421511824677818,-17.349898695834355,-16.260465231347382,null,-18.306658854196712,-17.678126184600323,null,null
