public/json/wind_2018-09-1611_950.json
{"header": { "discipline": 10, "disciplineName": "Oceanographic_products", "center": 0, "centerName": "Ocean Modeling and Observation Laboratory", "refTime": "2018-09-16T11:00:00.000Z", "significanceOfRT": 0, "significanceOfRTName": "Analysis", "parameterCategory": 0, "parameterCategoryName": "Currents", "parameterNumber": 3, "parameterNumberName": "V-component_of_wind", "parameterUnit": "m.s-1", "forecastTime": 0, "surface1Type": 160, "surface1TypeName": "Depth below sea level", "surface1Value": 15, "numberPoints": 4800, "shape": 0, "shapeName": "Earth spherical with radius = 6,367,470 m", "scanMode": 0, "nx": 80, "ny": 60, "lo1": 109.0, "la1": 20.0, "lo2": 116.89999999999955, "la2": 14.520000000000117, "dx": 0.09999999999999432, "dy": -0.10000000000000142 }, "data":
[rows 22 to 43 of 60, columns 0 to 49 of 80]
-26.46137733523752,-26.585594116077026,-22.72003571718128,-26.683769918548865,-28.002609050048125,-27.07490123751947,null,null,-28.5047219196937,-28.45269245862832,-31.386380964666916,-23.709526353993496,null,null,null,-25.884112548362417,null,-33.159664371398726,-30.694420185841416,-33.014850531594206,-25.72301809241319,null,null,null,null,null,null,-7.585184651962838,-8.445883517239597,-4.605867615477393,null,null,-0.768742325727146,3.5123000691227655,9.324420545704395,12.893736600019334,15.064605375343573,16.41526120726596,17.43876389659334,null,18.25632451403648,23.39990568314348,24.162063906323894,24.81669659281866,23.266972766503287,25.554883888726756,24.830573248268685,25.58126274198679,25.751392253632993,23.87074082653878
-18.831021854055468,-26.094215484047155,-26.978139027932485,-29.185451141641575,-23.230908240453246,-31.587018243300488,null,null,-25.2056888643009,-25.440775703447205,-29.747927062253705,-23.83059367563137,-24.30105077549598,-23.54050501658809,-25.90689689810585,-26.065533463944313,null,-29.61748441504158,null,null,null,null,null,null,null,null,null,null,null,-7.006069933918275,null,null,null,null,4.482944186829773,8.921873385434708,10.850476283086165,11.48029569802302,10.90975507413717,16.266086365547235,19.206026030485273,21.633059443252947,23.721369859861547,22.794042548995918,20.49421408619461,25.26312451395046,24.115078985925695,25.287113602256557,23.508530915813832,22.780919164004423
-24.207772411191556,-25.683631124567547,-25.537122762928952,-26.906905958780833,-28.5480378126776,null,-21.380018974129225,-20.4468866176894,null,null,-26.630200564292636,-25.421238793690637,-25.074249039284293,-21.71440554690092,-25.256704734123524,-29.98439168067093,null,null,null,null,null,null,null,null,null,null,null,null,null,-7.236512467672367,null,null,null,null,4.195580828762441,5.878197348518566,7.3083423503620155,10.537129464408382,10.950066355539773,18.785649855587486,18.360982782394707,20.302701450368936,19.814985146114346,20.551813247256554,21.204789284055753,21.701967302799435,23.9567099721355,23.777871929920906,22.06316143722341,22.95182670022537
-25.484468789840044,-27.177706046214347,-25.90954632377481,-26.235147357124845,-24.037571831793922,-27.369244321609358,-24.669039920709352,-26.402157135543952,null,null,-27.433897957746836,-25.127858257885055,-23.665484239818667,-28.50939723949982,-29.95131927840013,-26.746539550486016,null,-24.98737400764059,null,null,null,null,null,null,null,null,-18.478119341897873,null,-7.08935730919975,null,-4.653179905236099,null,-0.20116598859407359,null,4.98406083848639,6.330689528832367,10.88615725663735,null,9.700201962020643,12.878136807847346,15.679375548823632,20.195176777869356,16.939608919129196,19.067080976516184,20.7341435065033,21.51507499585554,23.119357845180822,22.816200845536596,21.600037702217392,21.360873139088987
-25.208737057554885,-26.96562773111614,-25.89617851234789,-29.097356038150686,-31.30002608335173,-27.70940816080951,-27.981284877815835,-22.381912751757824,-25.697591579632878,-26.870604334798394,-29.351282285081645,-25.03092912550176,-26.635532597137697,-32.015736878386114,-30.512469852795874,-31.959052384477726,-28.390801499469728,-26.094380522308267,null,null,null,null,null,null,-28.660308866009245,-24.5589679244517,-19.78410688046651,-16.414472051807483,null,null,null,-6.238559485979874,-1.621264615983593,1.6602575510019744,-0.5106410444968079,2.9896720328751103,6.540148123496543,7.359445562281444,null,11.23959578900763,15.703433577015769,13.036474613814688,16.199216033589977,19.111190020356716,18.960208143678393,20.18022807042192,21.785660080895546,19.10802169765204,19.305392318650057,16.75206829125869
-25.30274896465106,-25.445146131303915,-25.692376101198114,-32.16468458768447,-31.638969972104412,-26.679994330213756,-27.51858867879373,-28.148428160630242,-24.80699743526478,-25.82198100754019,-25.775850367914348,-24.23792872103358,null,-31.27192248606518,-33.24022495852892,-35.03543369038582,-26.166488176776447,-26.06567398506077,-26.563789342250747,-22.68014252812183,null,-27.477431015264987,null,null,-24.44323981982123,-25.42884182128325,-22.566447272023762,-17.608302708240178,-12.703516888378202,null,null,-5.6465772783849655,-3.0140950292814357,-2.3930860974781982,null,1.4472488633413843,2.6603951172007445,6.860991388936232,8.01054459315775,9.154205501311754,11.329163514774583,12.640603445693776,14.718671015974946,15.663075519496477,16.841539833803132,18.21855933190589,17.7340618179049,16.984633559976537,13.250173464039491,17.298838386500005
-24.86623347087405,-24.615593015311482,-29.33106333274592,-34.159548012255335,-31.253962759549985,-28.18176678546471,-27.917116486897825,-29.347661852110704,-29.208881158436164,-27.44657676675576,-23.250744940019892,-21.318259121768282,null,null,null,-27.93829472207242,-30.455829206843486,null,-31.693616978749617,-28.969766778586706,-25.093862319224698,-28.694466989680482,-30.148927787515884,-24.58255436966506,null,null,-27.142725862681804,-25.66951456323402,-20.541110333164756,-13.048921683243893,null,null,-7.623923400351961,-6.452721899692184,-3.0399259369477667,-2.197591069271966,-1.1021278585744223,2.268215391609572,6.664593633948112,9.078389572810437,10.263223150545056,10.155157647150098,13.27232399055709,12.500792072639122,13.149981213808916,13.259689674934851,13.368550409075118,9.604096380191375,11.885422093646769,16.725837429947383
-23.103808688822575,-23.65143109079937,-24.613920592946705,null,-30.56874859564344,-30.176274022379424,-31.490600444016643,-29.80229038365855,-28.776185701850434,-26.165862929067817,-24.298971854818692,-21.13027458101717,-21.975956524305026,null,-21.858121729153403,null,-31.58382722457951,-26.63547928510419,-27.93075480292188,-28.319161448622445,null,null,null,null,null,null,null,-17.46442438997198,-17.69202464254487,null,null,-12.104095013218647,-8.134842155345055,-9.999417427045346,-5.952959906903515,-4.68247397022124,-1.084077479511269,0.14398549255231868,4.624098144267919,6.0359422296986,5.265259363720345,7.880785919374805,10.035627728347368,10.874235148408069,9.958260757400257,9.243458811464732,11.189710128018948,9.694587370940859,10.992023018231407,13.323004163773774
-20.832117394100674,-18.621014764708267,null,null,-29.55758029321315,-33.02849549391905,-30.921117971301733,-30.308629997459164,-27.80828533939471,-24.33096518073275,-28.66865964721002,-23.768985641361795,-26.74050993983672,-25.734132602450632,-28.490131027708053,-29.04138288381361,-28.385259061818104,-33.05955460084586,-25.513151150354766,-29.975843201346102,-26.840003666648993,null,null,-27.92816972231786,-27.700140147670467,null,-18.899241194318346,null,-11.40257099361194,null,-12.858838301732794,-11.577253835607472,-10.362979722850882,null,-6.553758326638681,-6.626628234299433,null,-1.490943312508206,1.407694917347138,4.322968312174984,6.73391211421348,8.277055871362807,7.977487905740148,8.578683859661302,8.84389930882651,8.891628507174202,7.713330796540714,10.130040218722488,9.970167202587094,13.544953186413869
-22.611924948407047,-21.829671280706755,-24.29283718283678,-28.49852474452694,-27.882971471224185,null,-23.01122115699637,-30.586780573651996,-27.139708630512402,-24.84146248477324,-30.668070615210347,-27.680679686969146,-24.517752479290234,-28.550024212693614,-25.439651542895376,-28.48530285297565,-28.00837072001382,-29.55692546756668,-31.73492476318122,-26.607460219236273,-23.06523985887463,-27.84810936618571,-26.11093141838709,-28.14592666339172,null,-29.236582006820548,-26.55238685037176,-24.50307277277654,-25.092769662179137,-16.83900454827795,null,-13.320517515487078,-12.694974737844685,-11.128818308141948,-8.984204956552155,null,-4.333787559866224,0.2256902832665451,1.4674964068889307,1.6015415111889482,4.1793153381551456,6.315077073819039,7.667691840585763,9.037618237928125,6.824055210677714,8.104500497542453,7.927792447935774,9.155455426639072,11.041821649025877,16.449524086849607
-22.69722246586118,-21.530680585919093,-25.77276524926019,-28.60090987892744,-29.206303503363603,-23.79057856981562,-28.54810699994725,-21.7678853924211,-27.286156704455163,-28.615992416659303,-32.299956294778084,-28.67197948433018,-28.18815727208909,-27.93904080273492,-28.279964282791557,-26.171536914934098,-29.172808002828486,-27.93129867421072,-30.53450104453721,-33.07555018730135,-28.364968374207262,-30.42761282620992,-29.35150261196542,-29.64719609835385,-29.562007660994578,-27.88770458777166,-26.940535227572756,-22.979731451155878,-23.68080177578497,-22.743980867090446,null,-15.659161249470845,-14.937664435169237,-11.364794372456755,-8.927850998743088,null,null,-3.668699575323393,-4.362308233259621,-1.0588435277656614,3.2526971040039196,5.118035143919171,8.035303188104393,8.255845650889619,7.248558477975117,5.449591865445385,7.592845487503448,9.465319363294762,4.541577396526899,15.199133673508724
-21.8554254581764,-22.103067534531156,-22.302208575680766,-28.876231397567263,-26.720214886950572,-25.843373896226872,-25.07422482409259,-25.536566248310372,-18.355627498629246,null,null,-26.33039746071914,-28.7528196047988,-27.849462394144677,-28.166108380866476,-30.081688386063462,-28.712224421608937,-27.36684785226649,-29.981423729955385,-33.31106651475648,-31.03477908800955,-31.094911198275664,-30.68336639816775,-28.881972868405622,-23.428840509400533,-25.67011933036314,-24.706854380064023,-22.289356345758716,null,null,null,-16.881760649002267,null,-17.90962340221717,-10.621548933536829,-7.115339774468851,-4.031339363484294,-3.5180946683706864,-2.858326774134179,-1.9149749883107965,2.049443167858383,3.487927311629335,5.619258364581717,5.951342170015763,6.380860831998501,8.528690127325982,7.730866394137857,2.929845680346713,6.676864567865605,8.19019760351098
-21.576461655534647,-21.240533632395433,-21.165067418094466,-23.512217291204745,-27.12582879041981,-27.300826643751233,-26.63337892382078,-26.405917947905948,-20.876642086174126,null,null,-25.341706289896347,-30.617003121894513,-29.595856730472608,-29.284030713950298,-31.01771779184268,-29.35410762935211,-29.75313312649065,-29.767953246527664,-30.816046831861968,-29.583085277160233,-25.996228554226988,-28.74249257073306,-29.379523870289304,-26.32972441729783,-28.453202595318213,-25.473793133014368,null,-19.26058491219268,null,null,-13.199795232108677,null,null,null,-12.338042185868503,-11.510646715670276,-9.6121559936701,-7.4664398146695685,-5.4029097718727215,2.5385728456877428,2.365513281246804,2.454832209319899,5.752003400810434,3.492394107543813,5.384695682642478,3.002445141082747,6.7089626151207575,4.488734294437339,1.986754674518982
-21.564317912637513,-20.80575491414152,-19.909277673647765,-27.55942800908578,-26.993823405327234,-26.842683245320124,-25.820091266839125,-25.345659564481856,-26.23646916294691,null,null,-27.143102337614735,-34.04348977932225,-31.589241892898265,-30.51138883498641,null,-27.35387040314795,-26.55872117329647,-28.27920781134729,null,-26.968416597079685,-28.792770548060858,-28.27356263889142,-31.74979363053479,-26.694739940719195,null,-22.69966673342016,-23.271364797090648,-19.52841045792812,null,-11.766837888435159,-15.325757571164186,null,null,-13.282027708342904,null,-6.945607643914926,-8.918618608964747,-8.215329660115518,-5.028180471323491,-3.41188180783345,-1.3305264403457278,1.3491036546447568,1.7652332207508037,5.0395276931564394,3.456037229755776,5.100104199953091,5.791099971898227,null,null
-23.503381742766916,-22.5774110481494,-19.581845418544056,-27.26618257892857,-27.458171922377034,-25.992573259573447,-26.843745558417794,-26.788404777601123,null,null,-26.85020676980013,null,null,-32.6542034637054,null,-24.99854377328785,-24.228876728885343,-28.49607809346992,-22.019973640978872,null,-24.12268055292645,-24.047599314895244,null,null,-26.13589254604235,-22.100571871730317,-22.057089585229768,-23.288319980333828,-20.98186910313879,-17.33194220179054,-13.383069227956552,-12.534298515719613,-11.378955337871991,-11.323717273948885,null,-9.704911409487005,-8.182739141478095,null,null,-9.553203152801778,-6.989206408593052,-4.250609236046488,-3.822477783304827,-2.146072646918381,1.7217893764269387,-0.490015807344061,0.3068864969979267,0.9787735128524158,null,null
-19.669439794888255,-22.24403829845165,-22.343901711551744,-23.219903518170415,-27.792029664521294,-26.00385824593243,-26.886249903182335,-21.16454169415272,null,null,null,null,-27.271571245030593,null,-25.323985025088984,-28.200676141430463,-23.71601790614486,null,-21.62210211409724,null,-24.52499838964583,-26.494922961097544,null,null,-24.809015114155258,-24.615650491243535,-22.42459573815001,-18.783786434897717,-19.837663849052785,-18.229925912066385,null,-14.5496732600343,-10.73009713190447,-13.000847749073879,-11.967154152237837,null,null,-11.356924297422395,null,-5.736059372634758,null,-6.276369140400782,-3.5057956017577,-1.63729437785432,-2.5460063530021557,-1.1549677292417164,null,-0.9424999124800532,-1.564364500773774,0.7704335518548778
-16.88240598069519,-23.584549169326976,-20.546500237200153,-18.87416239468004,-26.882853984261992,-26.04385224765659,-25.75830740515883,-23.472811977830172,-18.84207579007223,-18.58400913238579,null,null,null,-28.19163457576311,-27.272542248538834,null,null,-20.738568633849386,null,-25.32230549108698,-24.76239934152205,-17.467415991307448,null,null,-22.881532589626644,-23.789635073935735,-19.348385938450015,-18.677792567791876,-19.410726487536266,-17.857698657742873,-11.777407239788428,-13.912101484411368,-14.718773465938122,-14.572935318538043,null,null,-11.759570414426737,null,-14.52998432019373,-10.240677730233283,-8.821217184822371,-6.561295913184609,-5.086229164578259,-4.070119111770412,-4.619190641554394,-3.29964160577138,-1.38914264456051,2.160108099886884,null,null
-19.78680172543772,-19.668887835624886,-22.939696279371727,-17.71218532144701,-25.02602386715329,-25.141012489192608,-23.174870513100956,-25.748177039473664,-24.490438537515345,-17.032248305730114,null,null,null,null,null,null,-23.089047076099103,-21.630567438100133,null,-26.99315340636854,null,-25.684732605122097,null,null,-19.921502565512395,-25.059305324927045,-24.77279474281493,-20.49641573118407,-18.34061499472827,-19.581527152683787,-17.57581934976843,-17.640826050120445,-15.834700930130673,-17.10739159917261,-14.712743945338321,null,null,null,-8.051147874782023,-10.414731060659188,-8.160842822660543,-6.928919121270679,-6.506750840995959,-6.351809522561736,-6.456721447605975,null,-3.4009236191291174,-0.37356138200660427,3.9735353847986534,3.1202195356565112
-19.87613359013433,-17.18288234118371,-20.563613243487293,-18.16346725152812,-21.39858641943016,-24.226816374714097,-22.321642502220985,-24.80218501164001,-24.56044093578381,-20.647852285748538,-17.54301534688922,null,null,null,null,-20.605696975279425,-23.095567021246943,-17.92427392999051,-22.51881658915314,null,-19.169188583543324,-19.44368400526002,null,null,null,null,null,-18.652264379417826,-15.447576680624799,null,-17.631854171727525,-18.695730972860346,-12.996040474683799,-13.715337586032566,null,null,null,null,-10.782084739530637,-10.692390961762436,-9.112541552757452,-8.205024755276654,-7.484766130928877,-8.14976766524266,-5.244599207740142,-4.220879013230358,null,-1.2421349988062251,1.6579012069797048,2.84198175629436
null,-15.787539892909457,-23.18337445741897,-19.75847763817518,-14.729378374622545,-20.851484658193883,-20.334364273274357,-22.358055713678496,-24.27845233897667,-22.48703034644983,-17.07750638973603,null,null,null,null,-22.937497205619774,null,null,null,-17.449418527936977,null,null,-20.912196810382344,-16.07685427484161,null,null,null,-15.75499297429723,null,null,null,null,-9.613282325245766,null,null,null,null,null,-9.751590808887562,-9.107812915005532,null,-8.609135933313333,-7.223169363495384,null,-4.765181548225164,null,null,-2.2729859053983086,0.7402196546807701,-0.13327624388289197
-13.145670441678632,null,-20.914519607491584,-20.77069902068832,-13.233655134767236,-18.796738722564854,-20.308955690578824,-21.018807067042903,-23.35770515955593,-22.24908771786085,-18.212041739507846,-16.355307311870668,null,null,-20.06063176245794,null,null,null,null,null,null,null,-18.36465919388195,null,null,null,null,-16.0167329668763,null,null,null,null,null,null,null,null,-9.331513761133182,null,null,null,-5.963173353090712,-7.790879540914358,-6.672287273021356,-11.618711838624792,-6.49812154189576,-2.5121730563919704,null,-4.8827107534311205,-0.21530622501863697,-3.045070621255233
null,-14.829887346757742,-22.250358022532694,-21.34000249794632,-17.2814544008925,-16.764859938280907,-20.12203106421522,-20.55602578975291,-22.84223311610796,-22.287449103357897,null,null,null,-12.97106676069182,-14.169089441362921,null,null,-14.731553757840738,null,null,-14.059200367075162,-22.088548093202245,-22.032668737203174,-19.46802249370543,null,-18.69569838339837,-18.635405281610154,-17.40141468048853,null,null,null,-5.921260247154911,null,null,null,null,null,-9.660258864351867,null,-7.9177744749152446,-6.436349453433074,-5.677198267419053,-7.27757639121416,null,-2.9660612963712127,-4.097825398939071,null,null,0.9778767114019831,null
