public/json/wind_2018-09-1604_850.json
{"header": { "discipline": 10, "disciplineName": "Oceanographic_products", "center": 0, "centerName": "Ocean Modeling and Observation Laboratory", "refTime": "2018-09-16T04:00:00.000Z", "significanceOfRT": 0, "significanceOfRTName": "Analysis", "parameterCategory": 0, "parameterCategoryName": "Currents", "parameterNumber": 2, "parameterNumberName": "U-component_of_wind", "parameterUnit": "m.s-1", "forecastTime": 0, "surface1Type": 160, "surface1TypeName": "Depth below sea level", "surface1Value": 15, "numberPoints": 4800, "shape": 0, "shapeName": "Earth spherical with radius = 6,367,470 m", "scanMode": 0, "nx": 80, "ny": 60, "lo1": 109.0, "la1": 20.0, "lo2": 116.89999999999955, "la2": 14.520000000000117, "dx": 0.09999999999999432, "dy": -0.10000000000000142 }, "data":
[rows 19 to 37 of 60, columns 0 to 41 of 80]
-8.109083563870037,-8.41918544121051,-8.852551949632433,-9.278134917460907,-10.176464033395408,-10.327798962351219,-10.737182778662351,-10.383524367653198,-9.65002655962454,-10.258095775899932,-11.465437660447954,-11.176399123722941,-11.903898393644262,-11.355420813604804,-10.603042528809006,-10.408720279831547,-9.646304931896266,-10.181702350106999,-10.14319965256331,-12.318884163768056,-9.89246966215058,-3.462635625485848,-8.51442797647469,-9.218192589364303,-8.403248028284855,-9.296890426216438,-12.450845508413256,-14.807524526539622,-12.723607467037864,-10.782626737323383,-8.401354615570227,-15.684318547158231,-15.41121760815902,-14.668905601815373,-19.789553357687623,-18.971822127573688,-17.578394025764812,-15.690765096145869,-17.656704970334285,-19.866165185012868,-24.558715964357365,-24.104132995333064
-8.358360277713672,-9.028195997945794,-9.130913660624378,-8.57956659093693,-10.536806009862548,-10.51126081827616,-10.629178289407959,-11.381661165366976,-11.438656012700694,-11.122495983781846,-10.675471151914131,-11.135503305951076,-11.142968057534604,-12.099213010871336,-11.588257274903846,-13.719437843278754,-11.049188471399463,-11.060143744511674,-11.425798933416285,-10.397751343857024,-10.20593449126911,-10.039756334443394,-8.75018135352977,-12.371827966303782,-19.98018730850333,-20.98435175911893,-21.843626390544472,-18.83405384559675,-12.479738890532124,-10.568725002738546,-9.040617803463995,-14.923398123898572,-20.32974344912559,-17.17293884865026,-19.244107121127872,-15.49541933661646,-20.521663628542875,-21.8589058419308,-18.474212012787703,-21.709563048365517,-31.94661260398651,-26.995100912771584
-9.353055449799768,-9.250615019489619,-10.311519560892851,-11.048703258702684,-9.621927795661914,-10.5282696325308,-11.515840688056839,-11.881333321733717,-12.114502688173216,-11.172004543555058,-10.196256363754221,-11.121921136933597,-9.848492943509777,-11.221609355406633,-13.17492180450471,-12.589728640508952,-14.05817340792845,-12.599166266547305,-12.7464013183691,-8.482817039426466,-9.930627612641118,-11.476641882034723,-16.764562985943318,-16.071539734158293,-14.658044870903062,-12.464914891521062,-9.905655651352735,-17.8235159712927,-17.68905840832767,-8.203758847694404,-10.53243034501982,-16.212900254677844,-16.749972820485098,-22.470384378599892,-22.10124010254825,-23.1109280004392,-23.926190196819817,-24.571645436367305,-21.717236735834028,-21.09135561994019,-18.794197505732974,-22.25677058907147
-10.283203852069388,-10.509931371801354,-10.709109358079248,-10.261086345130666,-11.537198460646561,-11.399732411884646,-11.3696482806413,-14.04271519006578,-12.132959050774648,-12.10832296927063,-11.552182444012562,-10.440777021240246,-9.98771025916646,-7.844092951018579,-8.25033858638033,-14.995422647312676,-14.927213021253564,-14.439713053414467,-16.042270279309914,-12.321851388428886,-12.670004379337055,-11.450792180839029,-6.51040570608986,-6.768781159923327,-6.616360234132232,-7.5694781583908295,-13.450515218157665,-18.455456706863,-17.22045639357738,-14.154046158170063,-9.539939308965003,-11.204618062502174,-22.598866411287176,-25.73400066604406,-23.599258737282618,-23.6301681431815,-24.944203976143402,-25.960219305394,-27.168465556441255,-21.12258002794315,-22.689004078050864,-25.816680234463472
-10.835887608842858,-10.521996757523432,-10.82144088927424,-11.731294793068386,-9.755282858465915,-12.938580863780714,-11.962888631975092,-9.021762998896543,-12.013516801283005,-13.627043766945967,-12.176115889267127,-11.39472451182717,-10.39113833656275,-10.071737665211971,-10.223760748974987,-12.199829779970358,-14.385276629926054,-18.0075213370548,-11.370413194853239,-12.011477116255383,-14.454448232396077,-10.433636445943883,-13.18086157939506,-8.356760585757462,-8.513721259999636,-7.487599468354612,-0.6100279560841494,-15.43955982817473,-17.08163963923512,-18.44242006853358,-15.142791544131665,-15.049811540638727,-14.263955962892586,-21.519470330679663,-22.922352488071905,-22.69470335219409,-28.12606792493135,-25.777320031428882,-28.700514419151585,-25.812550276956006,-27.97593368762078,-34.43660672805619
-11.536886596645246,-11.369306138875892,-11.234379811042087,-11.698477796222377,-12.891104378741646,-9.904276267534796,-11.377247675270482,-11.621140546847954,-10.421481741166147,-10.878305043632938,-12.000004838567245,-12.764242882948352,-11.764365815484112,-11.131144286164378,-11.721030548525194,-13.40725399090621,-14.37661033431224,-10.017783552885028,-11.724126163610883,-16.304567160106746,-13.118056712761152,-13.060756846866767,-13.143792723218441,-12.520386265476468,-11.056764537397692,-11.036713606752194,-7.891181766897314,-6.212262900789016,-14.183416579432635,-19.780575901595117,-20.764289975271225,-18.519833401961474,-13.786644809391493,-20.665142136527358,-22.374465816930474,-25.941975598196187,-22.150373723687583,-31.1770347627252,-26.429196850453195,-29.04689973884215,-34.996330706649054,-28.417308396483524
-12.13520182520938,-12.13694184037455,-11.736856002164316,-11.729274798869312,-11.745176188115849,-12.155974887556376,-12.230919344488456,-12.834926895771959,-10.794607953191282,-8.317464287275785,-14.238635004746124,-14.097627845434463,-13.468249938523734,-12.6972641697214,-14.635673494303216,-13.58002721363345,-8.118215037612774,-8.534156485362443,-17.341295124356954,-10.037716879482383,-10.622733022770335,-10.040654369350493,-8.296881818708766,-8.351755354530178,-12.800746904715645,-12.883422694784475,-14.684272968858142,-13.075415906107327,-17.051062879440618,-17.630460876582553,-27.516078319358712,-22.726998552440357,-22.619741397066054,-19.840854783120655,-24.375692427921372,-25.457904493594384,-26.30406391650201,-23.547390863543825,-28.119018839348907,-29.865967838936093,-26.914099604697828,-32.68613710714194
-12.668033175244855,-12.31744191759496,-12.930193380062473,-12.988635928722942,-12.10624682149479,-13.085672946691222,-12.404784606368441,-11.427757698886683,-11.030282222585505,-12.291461598883386,-13.412567755286174,-13.80781449812462,-15.335978544589578,-16.00970418259445,-14.930031222474799,-13.950730120590505,-13.713651314186116,-10.367560301967995,-8.41697004729332,-7.783607594204093,-13.628562726844555,-9.144259072148941,-12.327254532716932,-12.177393924751422,-16.407359349618325,-18.213646579037615,-17.738932038561774,-17.7642465673091,-18.088109200276918,-20.7006511312486,-23.188357698624504,-25.942194779776443,-24.266767571935418,-27.133744301609838,-27.73481971233434,-26.337264767521482,-26.82266117823952,-23.907590149014485,-24.89110337924799,-28.584579389173186,-28.753113103925827,-31.50493775400912
-12.509552480626672,-11.858507780996892,-12.799437919046643,-13.790269039567102,-14.467001832915253,-13.004863881351206,-13.88676681783369,-13.341144919499325,-9.93413493573543,-10.595557168465428,-12.30163610026265,-12.994192641050148,-16.749294090675328,-18.210949738249035,-17.50264652058113,-12.465957355872503,-10.528531932632074,-14.700780021126402,-12.039991601218802,-13.71041330493293,-13.336673345974901,-15.815748058834462,-10.712305020962399,-13.851023188209155,-18.337929085647325,-21.521943416858882,-22.071091997279485,-23.167968536326207,-20.87754724762943,-23.431063711424827,-22.952479047817995,-24.668416154772967,-26.425611917098635,-24.443365101150288,-23.78544589130484,-29.166041899331542,-29.40943059241056,-26.285948867659414,-25.432069192231133,-28.811119158517656,-30.467417637994373,-31.85868794720124
-11.942021116114958,-11.811313376549608,-13.564407603043232,-14.422862054098898,-14.480853052460155,-14.329887962409217,-13.616307312243093,-13.80987709183867,-11.5294840536041,-12.519763310311985,-14.560425941019751,-13.723576032286006,-13.759725347024881,-8.790588300070118,-7.490167161987498,-10.960167687581542,-11.939512779417502,-10.821223155801436,-16.41239648951591,-14.177784647324048,-14.1099404223494,-15.15877043102737,-11.730081057630258,-13.810784037946938,-13.791325989316409,-18.266450874608097,-22.02337081173035,-22.9528524233546,-24.474140661851088,-21.9233170163298,-25.62512494805602,-20.931782540479855,-27.74651397532992,-26.800965621857067,-26.046777145721045,-24.94835663382369,-27.433876845043095,-31.33925075078811,-30.354030672080604,-29.15660273463105,-30.76353545662907,-34.761889863046626
-12.331578479454368,-11.86896982397631,-12.585942009125306,-12.566256359380693,-13.787412083109004,-12.557121954600305,-14.228616205137596,-14.851452994262166,-13.147945326061112,-12.950183566175735,-14.536083046076604,-15.180720183284333,-12.92562737193161,-11.722827838642054,-11.313339967510512,-11.185331881116378,-12.918784505892999,-14.02958251975016,-15.222947159194739,-14.743669270497666,-13.09943186258242,-14.026750175620318,-19.151740280469546,-13.140621580571729,-11.299970019658407,-12.456637412963028,-16.136988490043922,-22.63758929676723,-22.0699622738874,-23.696066478003267,-21.13990827488596,-24.629097521976288,-24.365736579223363,-28.469900472194176,-30.63215497733321,-27.761528290477983,-29.425200419174935,-29.54387962278312,-30.41029114126475,-34.81814773773533,-33.63960489804904,-37.535603745231114
-11.99139919423865,-10.874793074838891,-11.704999254174856,-10.192387423642161,-11.604165969380512,-15.381398030388953,-14.373926547732156,-14.264775824058491,-13.44781689700815,-12.502068196227352,-14.616345753916457,-15.185636482131107,-15.047469281311301,-14.322478624553074,-13.888729678675695,-13.715540528605707,-15.149305375623973,-14.374872703615122,-14.214852880153776,-16.47329463625753,-19.17657941056798,-15.70644832164502,-13.512120043457822,-15.966183870909259,-14.848222086509827,-14.581307019440752,-16.699732018227337,-17.05036813433739,-18.806309611306666,-24.367859618428476,-28.223878628774727,-27.7976255476788,-26.96638583408209,-23.523543572809324,-26.888782944558145,-31.08555200669923,-24.28983648691618,-26.186303940036886,-32.13671399466921,-31.96488485070688,-35.426468998620834,-40.248759515286444
-12.153475102055555,-11.800455917396443,-11.285674624758087,-12.724445135474324,-12.596549113332522,-10.702045801873131,-13.105214151569712,-15.266949513970776,-11.909996996172149,-12.154213317892175,-15.101836363126974,-15.213725138523579,-15.515026060573213,-15.024741462601739,-15.224440514626842,-16.24197859862903,-17.644773531231426,-17.75931565053431,-17.292290177986345,-16.123162987522733,-15.216644546471205,-16.065278020421577,-18.154774585325576,-16.710032648879707,-14.519805765109968,-16.499005794868573,-19.04355370805718,-23.886219956928095,-25.42764002206963,-22.67840149626752,-28.05463162755134,-26.60370274687383,-28.40418257702276,-28.751892668943455,-28.27415880670671,-27.134184531136526,-30.255669685955215,-32.33935419378233,-31.8763129517181,-32.96700233767777,-33.799400374174745,-38.321824694008924
-12.212432460030097,-12.982121112970505,-12.888159576242042,-12.707413126498505,-14.354935043936184,-12.498968042866109,-12.57625038920497,-14.364643942168726,-13.4878919567954,-10.032436837139878,-16.539825931897287,-15.97037014365663,-15.07518666578873,-16.081731881477186,-16.97062738169076,-15.170026162321642,-18.135261157198336,-19.303443121193244,-18.82004785560243,-17.853239359751413,-17.004625307744597,-16.002788908572157,-16.056114419675218,-19.048691563060927,-19.912565183825865,-19.721857220992927,-18.981672711702256,-23.85681470788253,-28.627721263340167,-28.99370089916021,-25.57806488475485,-28.524668247461122,-30.189932254717476,-28.090749202569842,-28.688870928356625,-25.72438589692657,-26.428825685860772,-30.300008928806662,-33.05845786992668,-32.439205167001674,-34.765931550881646,-27.71518287034868
-13.021095804617874,-12.684724966324145,-13.130858022091578,-14.021579459204048,-13.46690406916436,-13.298090882733694,-11.986968366893901,-12.002588464069419,-11.610014694781778,-8.848091125809205,-14.003412361329055,-14.685741224896425,-15.517619626723324,-15.805715500677932,-16.01452661986923,-16.892433133122196,-16.83505336375494,-18.48107720451575,-19.380051250502806,-20.229779644503687,-20.038179064089004,-20.944280231727575,-19.520726680851737,-20.24774570152635,-20.322236767715566,-20.646019942576658,-22.358578310230634,-20.22552716803446,-16.989060600482404,-18.299069766974256,-24.863257171709286,-23.877662185376998,-24.335106020976767,-28.97375611877437,-26.96798873988416,-31.488064664061724,-31.71407462020425,-30.882495390392155,-28.140850747973985,-30.915014687938708,-29.203856957626325,-29.14796495736974
-11.720978941436098,-14.72814813326318,-13.131960938780384,-12.2442861802119,-12.246889890469149,-12.987822012745184,-12.91761932537484,-11.81507427404858,-12.339220961704159,-11.900388693140153,-15.4082156499216,-14.652098891147213,-16.4667256971269,-15.414526261501088,-15.70681249448015,-17.9254358838036,-18.718085393980267,-17.633527623747632,-20.079926173975565,-23.008248178156386,-23.64187366392027,-20.441077471028912,-19.079240342322347,-19.13618611297689,-23.760507985656194,-24.392197811588233,-20.736659246293563,-17.546578650672785,-19.778803984180104,-23.05326400307065,-19.3032671799767,-22.09681084820631,-21.01253143278265,-22.1142955570235,-26.5914582459424,-31.274280973688214,-31.493956716471516,-30.945746344954582,-30.79870690534087,-27.821805491299134,-26.24576883716278,-24.872850467341483
-13.0398902901397,-12.990983272482849,-12.863435579877928,-11.85053275601141,-12.461658930485164,-12.354341053846646,-13.038753080473724,-12.305937944550493,-12.76262601542825,-14.742542488516952,-10.468171427316724,-14.923120012296872,-16.750684302807404,-16.260314983657445,-18.953993220150164,-18.31086509038153,-16.976427375750824,-16.129650356037942,-18.156248193850978,-20.76753395040919,-20.584009762021182,-21.466663008368737,-22.64287884488938,-26.24164700079964,-23.875888044135888,-18.40812322969098,-20.81331050549209,-20.64505222466155,-19.759456690431506,-18.872803481429465,-19.877264474066216,-21.569000843016273,-23.41652085593532,-26.15119673475711,-27.30062148078829,-29.264805217152812,-29.17743416211764,-32.01307907857236,-31.44334702498128,-27.280777253393424,-28.463645667001124,-26.960418535635654
-12.738192269338317,-14.319510934748731,-13.356738258905967,-12.557562002491046,-12.761721095696599,-12.427045675957377,-12.383420212583854,-14.09890241078401,-14.719307170051044,-14.162542299672417,-15.97310094690725,-12.88518495784416,-15.269986105830773,-18.35634502150573,-16.173449358879118,-15.578726717433387,-15.91618489602164,-16.5552922749846,-18.300419729079245,-17.070666544699705,-16.863618467828424,-19.169647321328636,-23.79136563191364,-23.76135981457641,-21.467135028625925,-19.68000277546507,-21.216806151849973,-22.01690529324432,-20.96145897532636,-20.07067320712987,-22.033326660357414,-22.84986755299229,-24.374898274240536,-25.290397341943663,-26.107669842051667,-28.671734967160607,-26.22377776530618,-25.147519496845526,-20.530235720821743,-28.079920779086738,-28.793143638433328,-27.237871336792477
-14.953425579714004,-14.274414747510928,-14.70473581178921,-12.074114323941416,-12.399874307484492,-13.001054530556543,-12.704628091806386,-14.489130051051452,-12.014980421035109,-11.732966816412038,-6.891092856510388,-15.334168777501972,-16.896055889469892,-12.94128585649801,-14.727891728244545,-16.730031151188435,-16.46465519727942,-16.18193156874917,-16.300678660090647,-15.824062197297122,-17.704440628699093,-23.709828858058643,-23.470736087370312,-21.831584045496236,-19.104514018044913,-20.52944935534498,-23.784254492879743,-20.714660172295122,-19.769827864617813,-25.73500900067947,-23.437597412129286,-21.278061519306377,-21.80836360305145,-27.061232278269657,-27.88806570660419,-27.17162748048202,-26.238137308891254,-24.279943685319594,-22.937637511982434,-21.487345771208854,-23.120550636443983,-27.237743978435876
