public/json/wind_2018-09-1515_950.json
{"header": { "discipline": 10, "disciplineName": "Oceanographic_products", "center": 0, "centerName": "Ocean Modeling and Observation Laboratory", "refTime": "2018-09-15T15:00:00.000Z", "significanceOfRT": 0, "significanceOfRTName": "Analysis", "parameterCategory": 0, "parameterCategoryName": "Currents", "parameterNumber": 2, "parameterNumberName": "U-component_of_wind", "parameterUnit": "m.s-1", "forecastTime": 0, "surface1Type": 160, "surface1TypeName": "Depth below sea level", "surface1Value": 15, "numberPoints": 4800, "shape": 0, "shapeName": "Earth spherical with radius = 6,367,470 m", "scanMode": 0, "nx": 80, "ny": 60, "lo1": 109.0, "la1": 20.0, "lo2": 116.89999999999955, "la2": 14.520000000000117, "dx": 0.09999999999999432, "dy": -0.10000000000000142 }, "data":
[rows 0 to 21 of 60, columns 0 to 48 of 80]
null,null,null,null,null,null,null,null,null,null,null,null,null,null,null,null,null,null,null,null,null,null,null,null,null,null,null,null,null,null,null,null,null,null,null,null,null,null,null,null,null,null,null,null,null,null,null,null,null
null,null,null,null,null,null,null,null,null,null,null,null,null,null,null,null,null,null,null,null,null,null,null,null,null,null,null,null,null,null,null,null,null,null,null,null,null,null,null,null,null,null,null,null,null,null,null,null,null
-3.159604720996829,-3.8958302503797606,-2.548616951613319,-1.7113394947956262,-1.0689712892760612,0.446284106956128,1.6777574945822644,3.1755911139398343,4.322272396932145,4.302127187237622,4.2796098007518335,4.273039990034308,3.6224369544863753,2.5506142527162305,2.5736887315893906,2.6151711185964617,2.3500103982037728,2.4719830033401378,2.7367972491822354,3.239127172399665,3.3537754956061665,3.4258028887434455,3.4890115123751633,3.8039871826272442,4.128789489502238,3.997027418434051,4.030027447064287,3.7942401578090843,3.9888588783431014,4.3996864041591515,4.873644407861127,4.975979772553751,5.03534692163114,4.878599304892925,4.015410471435928,4.305615222963351,4.164227625906767,4.195650747652277,4.658222981879662,5.383317068043187,6.198058202240418,6.843113560872016,7.432326316916684,7.695715709700986,7.407835833654413,7.476139094892404,7.962032958605937,8.160517095176617,7.5392770336099115
-3.8389030576355045,-4.161685756551182,-3.4785946212159566,-2.6710662909599168,-1.5199676264063025,-0.37892110742664503,0.9233174226460727,1.8398520402438856,3.119574827551046,3.2068742790795235,3.2569618107413127,3.118275350001772,1.0569869228458342,1.8626281921750643,2.6793401793856217,3.3893058652994825,2.720029770691953,3.1084623286887196,3.2959170323741143,3.8667898580075173,4.14262266468717,3.911794974844764,3.4268133032039616,3.9508213716010325,4.702590668027023,5.687217988540681,4.0996963307015175,4.667823804338367,5.707044276465892,7.089118874161164,7.796942380158494,8.837737834366452,9.128505820320907,10.648565532773699,4.51230245165676,1.4662012640008455,3.8336685565863355,4.475163655342367,4.314839000388709,5.28829053536669,4.2790289431516655,5.808777541430309,7.516452509446516,8.471003559049503,8.546251557235687,7.060319261123539,6.88091662845841,6.95874233882604,5.927920533957803
-5.244498530116544,-4.151205996653423,-3.366661554169392,-2.837897325696159,-1.9525896901838267,-0.97194874394283,0.2238402337734707,1.3485919161278717,1.9022151268296592,2.280624064804373,0.8269190900182942,-0.29247776794900754,-0.45451793248964945,-0.16331804075379427,1.3333472942440134,1.9933370569182896,1.8840843434701178,1.3845491804683525,2.1252554571721456,2.391035699900001,2.3122882928490385,2.245814620995703,2.1020753243409853,2.434787807335964,3.5526352878875214,4.407762167512077,4.683998522557552,4.809597948982304,5.561675136118829,5.864215902672844,6.630958990791923,7.628837164730979,8.32242831421695,9.168000683755478,7.921678013306074,2.0471554331127604,5.316657434738659,5.796245964453925,4.855075379004489,5.455860964757699,5.8916434394422685,4.409443000356191,4.461568001733851,5.360403681509002,6.115508991669954,5.14081901319086,5.466058495698891,6.362134199928656,3.225993544352532
-4.7770016172446725,-4.185999896508319,-3.068583571714537,-2.280364229575541,-1.648589203714772,-1.526549058839866,-0.6192748139197213,0.5392757159961324,0.9998516600354317,1.8088525297570648,0.4227905204939734,-1.5035422669610756,-1.1558852778642845,-1.336650777047791,-0.24750708329200022,0.9669816122953621,0.5126734852355801,0.2657046109941776,-0.23689974465025904,-0.1712108746238082,0.8771155290071492,0.9933023263624168,0.5905079317246424,0.7743706651804892,2.3673740560471224,3.601299518922422,3.976585153567383,4.266021153766407,5.164303978879589,5.79027671635061,5.848986584890945,6.0545950417051415,5.536008199813306,2.8031868796512875,1.5313551336248206,4.050920884056355,5.454743044752004,5.208241387821651,4.041679379499193,3.849061089340191,4.160346000130787,2.941173973865266,2.5739590949436333,2.724402265105,3.844193550491387,3.455373432297782,3.945001304247577,3.8481637418416614,0.1974211932241735
-4.92508107335132,-4.125672962399506,-3.02632013854387,-2.539810829076299,-1.6919581377213175,-1.1440846063757706,-0.8350056995311083,-0.337318784161246,0.35493972826338827,0.5268133602343901,-0.8765680271081502,-1.2413369460589285,-1.0769471846052987,-1.319992985422671,-1.5783953450435102,-1.545122658809169,-0.6325485950271239,-0.05830747701393514,-0.5817772169012257,-0.47900948149923317,-1.2049872999332565,0.4376998783705151,0.7119805630050824,0.61024676369667,1.171018231820845,3.194079630306278,3.308023929176187,3.6061754258379644,4.537256175147319,5.198262863929971,5.62716943443233,6.772033941533033,4.277437864388052,2.2821922857432653,0.565571840245058,-2.245821935423953,1.7815826656769567,1.146622123174145,1.1654396523433674,1.2020617977551675,1.3008588135925356,-0.24198397787537748,-1.1243164727444879,0.9323601321518988,2.2620304607335857,1.508010922016303,2.530373897628098,0.5118615705399662,-2.555502247292453
-4.312513573224159,-3.508629428251175,-3.020333628553203,-2.2314713483053477,-1.881227713514899,-1.6853660883891244,-0.9694734982598809,-0.9553410418254945,0.11849574155545135,-0.18771052119608517,-0.42112618187793593,-0.7322573062696495,-0.7933582635784426,-1.219690226214957,-1.6993024821729086,-1.8806427034966875,-1.8335179864699038,-1.625525150179982,-0.19347993763259785,-0.9464197583870347,-2.167100994325839,-1.611949341123473,-1.4415829980387502,-0.9377229255988613,0.11762599876276855,1.3408061042209813,3.0465200445049927,3.385294338474246,3.2801978769293996,3.9747298926829977,5.10808364201733,6.330716214281264,0.5208483099039976,-2.003624093491222,1.179276113672955,0.059721071094584396,1.3191217114198213,-0.29390553995379276,-1.088136819114358,-0.5609344967143582,-0.11190804915450814,-0.7373335396722963,-1.8052830105049456,-0.6613907104317625,-1.733870599010975,-2.070301772981778,-2.00082265471569,-2.685712805570881,-4.1139230995711
-3.994041429536407,-3.54890697314184,-3.060187316258209,-2.128003337164916,-1.9708189374656508,-2.0957191579493837,-1.458635885394438,-0.7952747942231211,-0.9594467338521103,0.6519597127676593,0.9520031659234691,0.7371745294744304,0.29858198554171106,-0.49118742932007625,-1.7135274609396924,-2.115380375737567,-1.3069965564509667,-1.6542983704228273,-1.5734915860155743,-1.302143003507463,-1.4376581309426606,-1.293435089962415,-1.517498820579161,-1.4797196652444937,-0.8036512860791741,0.291918660336553,1.2127978129807448,2.200776138228397,1.4330106808327787,1.339554457507906,0.6618644990338507,0.3396867927627102,-2.506455665529545,2.832429433961588,0.7158206287891701,-2.9571388219442283,-2.1489934169479046,-2.4731224479402516,-3.486067674026687,-2.5700317561098123,-1.3475821453347274,-2.4227732502275194,-2.500193817376575,-1.0449583277508883,-1.7337301837262835,-2.9054434729450715,-3.463200566182529,-4.854403851526168,-5.37701474434454
-3.0999054682900566,-2.979286286078589,-3.0046074835339867,-2.3070132723857393,-2.125346806458091,-2.397618618351801,-2.034147274582057,-1.4968924565984016,-1.2790269189552135,-1.2442393247536727,0.9457598195085951,1.3562900507809454,1.0304823931796492,-0.7433211602393723,-0.8451507234107194,-1.970589974186723,-1.7507895856405793,-1.66198771906737,-1.3072049545160258,-1.4495980799359678,-1.3761721396961744,-0.4939880654614735,-0.5622808335810231,-0.4291721157288945,-0.6410701107347427,-0.16478918963764286,0.5753098691515333,1.0900407813013953,1.1791077368276317,1.5404273564524897,-0.21286441038758974,-2.497270726906781,-0.14613821051118792,-0.7164626458755059,-0.38751427006333666,-0.2572290750589442,-0.8728913177493123,-2.63076391376511,-4.054873341709888,-4.358649565503363,-3.3129071988608088,-2.650288735145359,-3.284824919145406,-2.667793357627752,-3.546682529590176,-4.826732076572012,-6.127760396631969,-5.520665070709861,-6.665086256739668
-3.3983178112891683,-3.170689455669142,-2.716482311858143,-2.559321897202341,-2.0682282437771655,-1.9674946454537847,-2.0427158165982133,-1.5177279421916081,-1.2332542546987055,-1.5882473721043637,-0.6093412333705378,0.5747268450483475,0.12586989424417924,-0.45779244994914303,-0.8114640295225486,-2.156998999269567,-1.6001866023929996,-2.6459517422070187,-2.251070763554129,-1.0574724425060287,-1.4921406850513503,-1.0115821484679584,-0.16721539150598874,-0.21519724488438696,-0.8293007466196177,-1.8417774495775296,-1.480327164360386,-0.2492105755034226,0.5511147672037161,1.2248610119672958,0.6563810461881822,-2.282130437604453,-1.3652039126898794,-0.028933910310815165,0.29731609958860467,0.7556503601734333,1.0396396665611454,-1.2813400963053416,-3.579763522320916,-4.27201563533405,-3.9017284404790233,-4.324732654185354,-5.315780612800397,-5.06756831163804,-4.718213733827768,-4.465241261209013,-7.329681970923721,-6.296623290704854,-6.8288642238799255
-4.055835649834784,-3.8006092315451667,-3.4117695245768878,-2.933288842021642,-2.6568021412748726,-2.2821172118284396,-2.114957667888429,-2.1534838801243725,-1.2627729349816412,-1.5340102935332578,-1.2586110630433318,-0.07991091572570917,-0.8280842185604715,-0.4188316196150123,-0.7725064394477215,-0.455257726943574,-1.30333296952898,-1.4419070633121707,-2.267009167670214,-1.5719626996988694,-1.5430497319643757,-0.7475414537259903,-0.6565385563340429,-0.24324099167940288,-0.38862478083163277,-0.7820538508134323,-1.169344219297108,-1.399682223752679,-1.476815808944403,-0.43597581173394245,0.7872962196296373,-0.5865457110577342,-2.8214760518196047,-0.6469464234585611,-2.1036417376132226,0.536274662371649,1.4092122488202259,-0.4110371935278331,-1.431666384300899,-2.553320006061618,-3.1306139873386303,-4.353756368120325,-5.084391960224175,-5.460420068307727,-5.853965765941604,-4.874255087584659,-6.737392023680755,-5.194085750185922,-5.681359102408613
-4.174997843074032,-3.7894222814982923,-3.644705428889312,-3.2828776442708043,-2.8927463349335527,-2.6133166038184554,-2.478159413224182,-2.325949905783422,-1.844963238007148,-1.3864716637132624,-2.101514239370653,-0.9286571106957605,-0.2753116563264417,-2.4036713196694723,-1.3855529696445403,-0.12288539078379845,-0.25409148936338005,-0.8895788815635178,-1.6645350444352658,-1.6229572512231742,-1.2303938024668482,-1.6314212585735584,-1.0050410344179688,-0.24592422293761515,-0.40466866790190925,-0.32977043305346426,-0.3590311347374392,-0.5415591621352818,-0.2848597505748812,-0.11817879936664641,0.567931051486885,1.365080341528989,2.6573797096697653,1.971513683775535,0.1611286072029412,-0.9058604756778454,-0.9253306027703825,-1.467079046340475,-0.6293915583332679,-1.0150724413488394,-1.8463956624233417,-2.4624215436202377,-6.073292031047301,-7.1236631289184125,-7.1594533355896,-6.70098973579187,-5.242800218214804,-4.865011878054683,-5.484867337499918
-4.2434503651939615,-3.8602530272962774,-3.8770806101868636,-3.6141962533289087,-3.290914004873334,-2.8587568600229427,-2.5659840521086523,-2.5749888641873673,-2.180963345552562,-1.4887332741689607,-2.18459988711378,-1.9576422436434855,-1.2800021387423113,-2.3096046184140113,-2.612691058816634,-1.151111613050669,0.12958166054955267,0.22771780608536413,-0.10293662344387494,-1.4555831070382714,-1.2685175875231205,-0.8048130637261166,-1.155876051231104,-1.037710955865035,-1.1891248384045765,-0.9858816562993181,-0.7105747816119347,-0.7716324845829914,-0.5418140599783552,0.027871904039640287,-0.004356443185499971,0.5033748251118142,1.4775140912562243,2.8028473908313245,1.4805491671396096,0.8261820844633605,-0.2061510386448796,-0.9401049893214296,-2.868747811841293,-3.629969686546495,-4.2377477661213,-2.2904757297645224,-2.101435566563003,-5.114996062996371,-3.3675434861476816,-3.651202397604185,-5.890074877904344,-4.41322720057333,-5.458970163566992
-4.640972652012829,-4.162580540048278,-4.156132755147696,-4.060173818859493,-3.7764083734888474,-3.366878752580865,-3.0029654496520326,-2.665113538150769,-2.643708241185299,-2.726244302694107,-4.106547675446672,-4.415547646480187,-2.1297599381236516,-0.7212044004729801,-2.9373556167810992,-2.2181324205238453,-0.7779792065560424,0.5084862153110049,1.1196033037920987,-0.21045874505298479,-1.1378495582186332,-0.8996724377821548,-1.3774631517724965,-1.6432110656455705,-1.2940666236826082,-2.0091248404481963,-1.8260080109232035,-1.5796181939507559,-0.6926145624230701,-0.3015046273677898,-0.49251938292674935,-0.19525477468587482,-1.7812414466460145,-2.9684238470026525,-3.2529513781072015,-2.2078130074323297,-3.081940184485211,-2.21487828759668,-3.9595691634335584,-6.381990358463333,-6.160550238607566,-5.500859860966516,-5.024763888432464,-3.189664076429038,-4.655578601235991,-3.3162757840274226,-1.8041322481496609,-4.3026228873380505,-5.805204592463374
-4.589144772522657,-4.089173255422072,-4.076276808386688,-4.004042315244468,-3.719952355482055,-3.6672112159773533,-3.717222566046985,-2.8716484573625283,-2.420239219032544,-2.847171561929467,-4.01057999255807,-5.894892640505135,-5.546263575419593,-2.261631517491437,-0.3521144309313823,-2.0490267895258327,-2.4940494590392963,-1.9396313093850237,0.6456605184553513,1.1796351735982276,-0.6345204176206732,-1.1000484600351608,-1.061957046323107,-2.1849839756697906,-1.7301206734592973,-1.7061268654124757,-1.5171272059228547,-2.6618582113676323,-1.062832125580546,0.30071302316243753,-0.13326710713206635,-0.9727227396277318,0.2512636304852286,-1.665961197667013,-3.9852458500869883,-0.6567285886500619,-0.2664356810179529,-4.048489492576884,-7.061704255856267,-7.621538089192677,-6.434550605328819,-7.837171755571502,-7.55941695177773,-5.916649691098314,-4.735596838774535,-3.78244680382205,-3.45831222150618,-2.2542469198887187,-3.144061879858618
-4.289181560299019,-4.256103057414624,-4.396708778477058,-4.143153022527688,-3.836715578092589,-4.237475932390251,-4.287833392975727,-3.7027493133735114,-2.3880266629238687,-1.7941038396310494,-1.857492266022005,-3.122780748089146,-5.235077673734914,-4.080588507407746,-2.2834658067221922,-0.20996381851824364,-1.824653136089653,-2.6163163789067707,-1.3547779419139472,1.2506360168118427,0.1401962146192666,-2.4766972699153147,-0.5134559283932508,-0.9153569430630198,-4.169396673936238,-3.8202094526081702,-3.216996425959861,-2.1036029859273677,-0.6189195897229094,-0.0155401350314002,-0.3122256837730437,-0.36266277059202856,-1.2977731893392825,-0.34347596922480833,-0.9896642520683211,-5.533796875144626,-2.0708069155639133,-2.7103476678878846,-5.458531320619903,-7.004186090495661,-8.2120880245334,-6.583802262802394,-5.883418009144323,-6.669976463025961,-5.831973713918652,-5.928124794770003,-5.790381782796987,-4.946373372339631,-4.55229237978666
-5.019821170046791,-4.584063803856016,-4.739671729100738,-5.221980708299638,-4.706741646517982,-4.216313803970169,-6.134111118014921,-5.362920613562563,-4.055749926408051,-2.392198895474459,-1.8806600611967652,-2.7983097018802465,-5.043390281116319,-4.315699576469905,-4.21487148690171,-2.9198818758095575,-2.162184108889925,-2.6737085910273444,-2.4155565691684773,-0.5956565667380281,0.9551690199487898,null,-0.8802284470937416,0.3593449810101557,null,-3.0746824990752115,-2.765209725085676,-1.2685272936602785,-0.8387496349184961,-0.005905112400736461,-1.1970420568757296,-2.2620010891679123,-1.9826164350152249,-2.984262526541862,-5.859433608552324,-2.97223382363762,-6.807093931175691,-11.053401146399883,-5.598366799233174,-9.283815207328798,-7.9391971900560225,-6.853165113721771,-7.771106344434634,-7.463091835711914,-5.533850475907808,-4.155772274942394,-3.004085771273975,-6.470243378812673,-4.724631848407063
-5.379356548112772,-4.781949552578071,-4.544792921923598,-4.858615244476164,-5.030454567979827,-4.525713373228053,-4.816649372724272,-6.092103434107715,-4.600403930605928,-2.585889316422365,-2.1500319755548905,-3.805452637170743,-6.787187585196884,-6.7177968781163555,-4.922803520025451,-4.099897683976964,-3.8673760445228176,-3.0217577720960467,-2.329183452078711,-2.022521939092994,0.8788573999124712,1.1904805518511385,-4.210310495375218,-2.7566259554778294,null,null,-4.28718798273743,-3.300684442262491,-1.2968288057063415,-1.3630553096455245,-2.910682291718884,-3.8799802739405393,-4.67207394697135,-1.8563179853840386,-2.8607381047168863,-3.0407732420697706,-2.7666481950616713,-7.853243303527843,-9.861278388371407,-9.325295305059262,-7.4645449230577015,-7.6849908949763,-6.831169149769192,-6.396581544251882,-5.123243676266681,-4.2601383132033686,-4.200958741027092,-3.3342512341562074,-7.504756125544057
-5.544169677523851,-5.207646034484812,-5.132138829305989,-4.5399308341500735,-5.220830728051739,-4.451776756817644,-4.712120213919288,-5.820906903956837,-5.943751990562641,-4.363234209364087,-3.430731509033997,-4.437988095522762,-7.10098519300548,-7.393740687445719,-6.3986371547188305,-5.553868876120904,-4.923215880389941,-3.7449713963636033,-2.2820032538483956,-3.02897983044208,-1.6134898017588142,null,null,null,-2.408032652141931,0.6822216939098398,-2.9528301398382935,-4.260834809252398,-3.142911725794765,-2.9692378575377325,1.5396039361323604,-5.486283832036051,-9.82631743583234,-6.739485595480185,-6.913388782160419,-10.435273102365175,-8.149030208814523,-4.73596411934998,-9.438902246246016,-7.90540374373822,-6.2315752167421605,-4.685633001163465,-3.609578754069096,-3.814285678876405,-2.391396733273479,-2.5335378561107738,-3.357475791934578,-3.299039422957384,-3.4907335616277617
-4.630970123166067,-4.442945935811995,-4.73549480774953,-4.892399246296402,-5.29903841053015,-4.600550309206602,-3.961671240616255,-6.040077411976431,-6.426559764217149,-5.769650612475324,-4.34920841648443,-4.533691207686434,-7.375404885206495,-5.394547274813256,-6.186402474464378,-5.386568656740754,-4.987835551039112,-4.016119368570731,-3.1093593016856174,-2.5886250060566898,-2.859044301145446,-1.5556832640780964,0.9104432906275735,-1.8251729254125293,-3.3289485444247533,-3.8412876411635795,-4.271913229563906,-3.6579452095423357,-2.8867135117028155,-3.337511532641999,-2.079080399961754,-2.9267274138260393,-4.2792986842408895,-2.2482669138208786,-2.18804322355782,-2.8720907419304385,-9.372026340371159,-12.781800694632578,-9.38144813183325,-7.982017490264482,-6.597023689384202,-4.625801838249827,-4.666446915543979,-3.0687151863881628,-0.6698236438422256,0.01711208483457132,-1.238126628022032,-3.168039182489382,-2.1109629755734654
-5.443735059402277,-4.624865954492698,-4.856681051403546,-4.715632193716152,-3.6198065344528203,-5.134244724098336,-3.854938380960262,null,-5.522045132163954,-6.065979557699836,-4.195379799706085,-3.3779540583274645,-7.926759842631397,-6.159327065012622,-5.056810933478082,-4.71166444954411,-4.636847101834899,-4.2303652705814105,-3.9878149222082375,-2.494685888623719,-1.198538075853576,-2.10327246951405,null,null,null,null,null,-3.43329023890715,-2.5972542805090826,-4.106032412856791,-6.079754243189564,-7.924655054370112,-5.46069821821673,-7.032029564941969,-6.598480404357273,-8.50120007526843,-8.015495926895865,-12.274659809884598,-9.434768877197323,-9.93750992711451,null,-6.919589782500456,-5.6855836082211795,-3.583411365265607,-3.3828610412835802,-1.1855877396030963,-2.550952861125954,-3.8716075687858247,-6.17336208019115
