public/json/wind_2018-09-1512_850.json
{"header": { "discipline": 10, "disciplineName": "Oceanographic_products", "center": 0, "centerName": "Ocean Modeling and Observation Laboratory", "refTime": "2018-09-15T12:00:00.000Z", "significanceOfRT": 0, "significanceOfRTName": "Analysis", "parameterCategory": 0, "parameterCategoryName": "Currents", "parameterNumber": 3, "parameterNumberName": "V-component_of_wind", "parameterUnit": "m.s-1", "forecastTime": 0, "surface1Type": 160, "surface1TypeName": "Depth below sea level", "surface1Value": 15, "numberPoints": 4800, "shape": 0, "shapeName": "Earth spherical with radius = 6,367,470 m", "scanMode": 0, "nx": 80, "ny": 60, "lo1": 109.0, "la1": 20.0, "lo2": 116.89999999999955, "la2": 14.520000000000117, "dx": 0.09999999999999432, "dy": -0.10000000000000142 }, "data":
[rows 19 to 37 of 60, columns 0 to 41 of 80]
-11.485644571730306,-11.199228936638631,-11.393061059896905,-11.602198942254239,-11.747646293750368,-11.629952547335419,-11.098374038247707,-11.663675259099477,-12.2699191626335,-12.896629417358364,-12.716934513550777,-13.046615211457247,-12.666427352127213,-12.749476805355723,-12.656894075483555,-13.171790204776945,-13.638865166887195,-13.757526152413611,-13.619636394292826,-13.319658236953225,-13.97953722632478,-13.605230957912509,-12.648297090370331,-12.598821875766035,-11.900644212477328,-11.768645905082673,-12.02593233038875,-12.959182596601677,-12.780602543485692,-11.367440631671249,-10.925512105070537,-12.206251125733605,-13.11209645136439,-13.06849455691984,-13.511517868164985,-13.544425282441345,-13.243443192295002,-13.082245576759304,-12.536314486720956,-11.890726799962511,-12.727114611811817,-13.75112372579747
-11.572390812726207,-11.454688704398713,-11.570048704671027,-11.072685232833585,-11.969102582237351,-11.635824261654825,-11.537026604677347,-10.654481827761117,-11.955062108186786,-13.061446760098615,-13.14794936063514,-13.772086680642499,-13.866582853712512,-12.790019252886816,-13.225650849033919,-12.443844654309771,-13.290122617916078,-13.633083231944873,-14.03687718194089,-13.675677951326783,-13.814401457207344,-13.047710503615995,-12.573231466106284,-13.285164373131808,-12.770459529968612,-13.17744412440352,-13.45310801086438,-12.762137576633577,-13.402046458574748,-12.881031532829223,-12.598215585073394,-12.54143354151814,-12.307709741569175,-13.612883958866043,-13.855208945547739,-13.86816727670256,-13.834320461424593,-13.848061677979508,-13.409006929401476,-13.959109909558421,-12.884654149663847,-12.942674649501239
-11.66730776345227,-11.671480679199854,-11.238377959249151,-10.962757239992289,-11.751586681024243,-11.721824145412631,-11.425947765130232,-12.832121766527234,-12.14073011996861,-12.237394805049483,-13.165494883312647,-13.669783250556574,-13.884420714036732,-13.503023415085316,-12.637004160591097,-13.257433316201958,-13.245492150345955,-13.735747709258286,-14.264671173458202,-14.787173125863166,-14.379335788437073,-14.856315359057183,-13.541759848871676,-15.236994453297132,-15.865213606938491,-15.492961830586797,-13.980221174701608,-14.065061650871147,-13.986363173852274,-13.64264883169013,-13.49652376859536,-13.02587909834222,-13.602124817869061,-14.130109410174262,-13.519943865447269,-13.988832575562228,-13.947090427701124,-14.447507353440242,-14.322297368525142,-14.529042015703785,-15.119170835933286,-13.572466469190429
-10.756937854446207,-10.666477340518675,-11.219930798882576,-11.0027652234663,-10.54268118559267,-11.855900020457383,-12.463392211601787,-12.201001374389264,-12.32072383960291,-11.71863691572102,-12.751058928706462,-13.268913475801368,-13.965237153842487,-14.2932283920916,-14.375134810532131,-13.729827270389752,-13.976555545915918,-14.175497278239122,-14.300656891140953,-15.180762180584875,-14.730316880197853,-14.385862592807538,-12.034353230982182,-14.659690075100054,-14.300636316427417,-15.012507520873584,-13.26917007009487,-12.928375251541071,-13.188611861048548,-13.44069396767896,-12.45112645569758,-14.546777959416199,-15.654483126276846,-15.500277516324203,-14.92278519151828,-13.980492406548999,-13.527511981469534,-13.70917469149606,-14.357971022033057,-15.381391734735645,-13.808760735659611,-14.116836070310345
-11.93273540018729,-11.011341281419135,-10.419163073117453,-10.30349726906304,-11.973611733569431,-11.279089044753283,-12.073165825911278,-12.330050604234616,-12.290867465568196,-12.514579708307567,-12.860907137843252,-12.91564620444458,-13.508227706358795,-13.802288844110286,-14.163636248408302,-14.463104071117986,-13.929881064723386,-13.969061894576978,-15.497959081987705,-15.629635614209569,-15.085630627854822,-14.359863127901043,-12.552435004357777,-11.36796412913549,-14.263075616924926,-13.922058251766463,-13.161624279567073,-13.001972743046895,-12.990694831966561,-12.419672857688171,-12.536151497727674,-12.968415921220384,-14.833815510781953,-16.28873748230775,-16.70231291502509,-15.62905989398437,-14.524795886524739,-13.920964172048478,-13.589502715971962,-14.370338228880543,-13.705251558107335,-13.894954595188398
-11.06290905772045,-10.926947418200353,-10.323232803825585,-11.112372924913778,-10.669672185741014,-12.04840210188582,-11.865629953642058,-11.726383315648963,-12.435936305574565,-13.526349668484528,-12.972750337502287,-12.71728453448351,-12.938809733291667,-13.539456054356943,-14.046748435307416,-14.478274688746426,-15.06893752785297,-15.45331546300821,-14.984515192160526,-14.689221266966989,-14.74539591803396,-13.578375901923957,-12.74528216010039,-12.767215790048152,-13.094166009364022,-13.504728199452513,-13.305923526533885,-12.823947817814469,-13.781923793155633,-12.637412321900195,-12.975194040373555,-12.571862417356181,-14.268005364181297,-15.226984866833963,-16.188252193979242,-15.488839816434135,-15.792263853507707,-15.10357074829767,-15.67353721533312,-14.415157209482878,-14.257706976976062,-14.061778234174472
-11.20883775200392,-10.330681125157327,-10.323613198819881,-10.242368972686059,-10.784851996514778,-10.13218547261277,-10.86205254804161,-10.609788505271064,-11.390753746012543,-12.078263445370665,-12.984617724753162,-12.591032661245485,-12.24043309079957,-12.91658381545112,-13.743821074079442,-14.637211204680405,-13.909590303275099,-15.081610479985654,-13.6890696634961,-14.453220232902005,-14.567957367018034,-14.286827008716031,-12.654334359289818,-12.921607777749836,-12.747668188409792,-12.810782930143414,-11.99137772156718,-12.46583545129769,-12.947052005568054,-13.02003033186108,-13.297869741162696,-12.804146559548599,-11.703914767540146,-12.723579352752452,-14.462802502098473,-14.865680904740382,-15.87676424888712,-17.531029466848608,-14.70145374310104,-13.166008725169238,-12.428832059312661,-13.197988535841326
-11.098867620586509,-10.169018273753395,-9.422917124571907,-9.528080969971516,-9.763080114996788,-9.697641082885683,-10.132258868488485,-11.102261011421351,-10.46582484334973,-11.7540441925101,-13.067223662606057,-12.648861449189981,-12.363831243790601,-12.648219819066215,-13.374183141277282,-14.281432426869332,-14.085607450152233,-14.863364300444152,-15.21871924990829,-14.67920594592515,-13.077907959231846,-13.201818730935884,-12.573991487559372,-11.863393791739362,-12.026381468700745,-12.201050139476868,-12.986391992791589,-12.953788645651407,-13.482270731529146,-13.188450112961608,-13.30137015465084,-13.847544340484722,-12.463263917824886,-12.53472557689834,-13.26148664360348,-14.999016774932166,-14.61725543235659,-15.878915335891747,-14.846362824016111,-13.339851247401157,-11.273195301471263,-11.161247897111952
-11.582299367984405,-11.1200933414751,-9.991823799965545,-9.412376891707563,-9.126439745945195,-9.771110358061106,-9.46571947100735,-9.920259166485934,-11.204466736774918,-11.970569408525524,-12.002447819461812,-14.768315791789924,-13.446628687588992,-12.875109808032986,-12.874140188395184,-13.86977890317331,-14.984757127040963,-13.4778524898902,-13.154371180631012,-13.399680368511536,-13.868057310540298,-12.453571001164057,-12.618183657714358,-12.820235268879376,-12.555586055382761,-12.72931359154347,-14.066405097245369,-13.869969316867717,-13.678316454704664,-13.51873143164715,-13.40025989556915,-13.669132924635159,-13.402249673276946,-12.822262757546168,-12.254932939262897,-14.95824052690465,-14.570215378097217,-13.554607524159767,-14.565510094483885,-14.06575658952158,-13.28438238381704,-11.838159709858031
-12.767367694821123,-11.893042271218798,-10.102475156805525,-9.400546966396229,-9.083674457478004,-9.445270864391276,-9.28028394594456,-9.608237707476555,-10.378176521962677,-11.703676993951646,-11.573698310130421,-12.171183017830396,-13.155726382162557,-14.453909922515283,-15.697654688201016,-14.295183956678521,-13.923196760002089,-13.991905893783368,-12.571325159102699,-12.440756878723725,-12.724687327700849,-11.750104942958139,-11.215773092215192,-12.31569535098653,-13.107084224443323,-14.082950436050771,-14.101640198168479,-15.013584952428062,-13.444064481272488,-13.701314407635703,-12.827311527115544,-13.700455486604497,-13.718432308085621,-13.107274488714094,-13.756416392241091,-13.40030777984585,-15.100340269101315,-13.183292389022238,-14.485958999754219,-13.77120501619763,-13.251079113177067,-11.790516508075408
-13.776939913736335,-13.229252710944758,-12.493053679136905,-12.966401551415915,-10.282687589297495,-9.207074819345118,-8.98373884909918,-8.834912335936314,-9.803110010807757,-11.001801290785046,-11.929495095545114,-11.500800675955862,-12.379544930932367,-12.328299607677625,-13.53754831087863,-13.593795214364832,-12.5315737855035,-13.761162306122719,-12.693464674465812,-12.029066568360117,-10.975496854069839,-12.396110431856716,-12.279398964535122,-12.671901082653086,-12.827442406753562,-13.533735073965918,-14.529490797984444,-14.414796109941737,-14.736776457108686,-13.461201728159022,-13.472603683801694,-12.627922038312882,-14.306849202481041,-13.094043105813318,-14.85658811879073,-13.727158169785135,-13.962948361375952,-14.78795434898015,-13.20228475083568,-14.063120493384464,-13.78756620131725,-13.888553914676375
-13.61368212238976,-13.587759190476664,-13.368155398587595,-13.715187232682842,-11.371922177552898,-7.941009699457861,-8.734447575883355,-8.912862117178104,-9.372520593482614,-10.772541843315434,-11.319065530475466,-11.169445208753672,-10.616029504826837,-10.975280861981105,-11.625905865322414,-13.1766543175653,-13.03088070044199,-11.682380161285995,-13.217744450650553,-12.59944573054762,-12.131140992134986,-11.478861798522423,-12.106397474059992,-12.32007356422292,-11.520083408361767,-12.570609247390466,-14.297217146186387,-13.578594499508124,-14.656252157856692,-12.802584963460685,-12.342625542145697,-11.922442605339238,-13.207937197991257,-12.894346884667197,-13.834080113651401,-15.929491595820586,-15.076994547179464,-13.908594152642586,-14.032730115491546,-14.266732620714025,-13.033442194515736,-14.338564510658077
-12.957801400252379,-12.369776876924282,-11.979227846512384,-12.077190351251494,-12.798206405409445,-13.046569040841948,-11.80051990179649,-9.151733681333571,-9.26091190165077,-9.249132254265453,-10.13678722455288,-10.913804408323685,-11.68497864265362,-11.064516644537276,-11.025223563656391,-11.806411868582778,-14.130103192381359,-12.807088339236573,-11.749323668431705,-11.885173200586012,-11.211321635599623,-10.46557125918056,-10.330630485506608,-11.089193331642859,-11.202432106904347,-10.919131562895167,-12.99969475327751,-13.544142105703493,-13.235852795111033,-12.901103238343904,-13.598250027200184,-12.270587740266174,-11.127913092294575,-11.400988494066146,-13.453098911509416,-13.590882205384654,-16.472381729443054,-15.29131930811215,-14.277149392486692,-15.213651860839205,-13.527754691005685,-13.43983267453202
-12.570788492549248,-12.490394545525291,-12.187790377697343,-12.561636582573527,-12.065852832354183,-12.778396271462455,-11.841486634742884,-9.352446553640494,-9.162387637985672,-8.659081759618525,-9.121868234204793,-10.984397859980819,-11.267289628545695,-11.169573976459334,-11.484603247799596,-11.53963966185896,-12.92235173899532,-11.878361034627112,-11.193727884387767,-10.171828228889403,-10.597593462718384,-10.482101658010901,-9.508965627163331,-9.19549247268468,-9.803638810087627,-10.459183636149676,-12.857954681988863,-15.00763449146044,-13.584458583858725,-13.093924916483932,-13.107520217522241,-14.328448925838849,-13.144701114765006,-16.57177196935438,-12.646643802579183,-13.629166298652624,-16.018977750909848,-16.09918510150994,-12.661719308978785,-14.440913904182436,-13.649211417286395,-12.483545279071507
-12.51939092359546,-12.284934093473554,-12.724110079866083,-12.022506238314858,-12.562771351989403,-12.666979797483972,-12.253177880634885,-11.71177297604253,-10.907120284751617,-10.094225789842756,-11.611476863391331,-10.578839879473522,-10.352826376603959,-10.79462466835281,-11.237484502201784,-11.355776801971448,-12.53326740694234,-13.372540033316017,-11.289449725146712,-9.095256451528982,-9.667339617923774,-10.078195761813532,-10.180478875438999,-9.484707434276942,-8.971706801905407,-10.429248445469183,-13.516969500821952,-14.052564288607943,-14.171851864476865,-13.808910605243371,-14.202334469084013,-14.441425227203368,-15.71128631563368,-15.807978543219104,-14.516829743105081,-10.847416013365075,-14.399623265659038,-15.184180194754976,-10.5203037316174,-13.00029278231962,-14.159110926049975,-14.102088753043322
-12.57528173285601,-12.381268915671267,-12.57503013124001,-12.953193945683005,-12.450028875087881,-12.404512760420898,-12.115463222995938,-11.929288084771832,-9.957410972032305,-10.468569882831133,-10.31033719733399,-9.6744545546438,-9.718793050589413,-10.509669856959414,-10.684131908285023,-11.955909548235716,-12.940643510329254,-14.016345495042243,-11.393667564778383,-9.499373275595662,-9.18169484778361,-10.294177096877279,-10.120114167835188,-10.31278817757534,-8.698964600899261,-8.688835275290469,-11.746445476695769,-13.923742410109213,-12.495491584448326,-13.256146752313002,-14.058187564080814,-13.50182616278359,-13.806377489403683,-13.32136717861035,-13.168021437359844,-11.203371752440269,-11.780621288295771,-14.79034184423419,-13.34430259839899,-12.717759648264533,-11.279870860439878,-14.471998090066544
-11.953047918927865,-12.464237046733126,-11.984239034143222,-12.259081871401612,-12.43669623358814,-12.087799896641346,-11.995268193267183,-11.847942468470421,-10.08327350694265,-8.881648664818286,-10.209725160529613,-9.861869428849685,-9.585161412826249,-10.218603907042237,-10.84308198793197,-12.640632461456036,-12.604925831821477,-13.916312136116956,-13.317891723492593,-11.433624242782681,-10.565882369672455,-9.610414355839918,-8.829880668200415,-9.930554719365407,-10.69818888040635,-10.312126026148894,-10.055849275663366,-13.477931005413879,-12.454635074693096,-12.220090334947614,-12.728198827588606,-12.242737118858251,-11.670878463444415,-11.766518659157121,-13.340976544782922,-11.082475436625376,-9.831572901431715,-16.077189934916248,-15.688020087589532,-15.676509581951915,-11.990255690166373,-12.810177714724189
-11.321254463400344,-11.64633143107639,-11.852898982296557,-12.209328669136648,-12.448343940850894,-12.231111720697232,-11.694431663763027,-11.834617978461454,-13.269642474720651,-13.463045464719297,-8.8367410596171,-11.048868225903556,-12.060015605253055,-11.398017251482825,-13.195241647756424,-12.59470496853814,-13.372856761281746,-13.485736433275843,-14.51610060586173,-13.487450919653142,-11.233848053192395,-10.294914238343395,-9.838155548602467,-10.692699488195458,-11.996802254795057,-11.156596670113533,-11.040661810951438,-12.61914435748033,-12.430593264598906,-12.086553159169242,-12.08680063594112,-11.947348885682324,-10.761052644720856,-11.599107205073627,-12.500139596926507,-12.778925299693341,-9.824416147670979,-12.319712446269255,-15.773716335435916,-16.065104381305403,-14.325953467848091,-16.338802876265305
-11.369377570234356,-11.802529434163528,-11.520635127666234,-12.300864942222919,-12.306157705017215,-11.831177086561203,-11.741223933168467,-12.2630545169672,-12.081083604433225,-13.119026384850313,-12.938395131351283,-10.903654524088063,-12.409007928925629,-14.251540409615728,-12.4442649470449,-12.278833676739966,-14.012986622070457,-14.432356554463151,-14.357904280545,-13.603014834214425,-13.06612255517858,-10.75042744214446,-9.985129814992472,-9.201719574287726,-9.936218324857624,-11.26389006788203,-10.747945957101571,-12.839019170941508,-12.26869205143588,-10.47317119204591,-12.271941275761709,-12.251672742978744,-12.144000267852299,-10.61036695809823,-12.276248747140535,-13.525362639294926,-12.379949243974446,-10.613702599959549,-11.052828208462639,-13.617538841926333,-15.94802918959136,-16.599615919512573
