public/json/wind_2018-09-1606_850.json
{"header": { "discipline": 10, "disciplineName": "Oceanographic_products", "center": 0, "centerName": "Ocean Modeling and Observation Laboratory", "refTime": "2018-09-16T06:00:00.000Z", "significanceOfRT": 0, "significanceOfRTName": "Analysis", "parameterCategory": 0, "parameterCategoryName": "Currents", "parameterNumber": 2, "parameterNumberName": "U-component_of_wind", "parameterUnit": "m.s-1", "forecastTime": 0, "surface1Type": 160, "surface1TypeName": "Depth below sea level", "surface1Value": 15, "numberPoints": 4800, "shape": 0, "shapeName": "Earth spherical with radius = 6,367,470 m", "scanMode": 0, "nx": 80, "ny": 60, "lo1": 109.0, "la1": 20.0, "lo2": 116.89999999999955, "la2": 14.520000000000117, "dx": 0.09999999999999432, "dy": -0.10000000000000142 }, "data":
[rows 19 to 37 of 60, columns 0 to 41 of 80]
-7.792412521808531,-8.446801577325733,-8.392766516973031,-9.531990918567288,-11.403191868450833,-10.293900180904693,-11.196147926371244,-10.916648378395005,-8.91872763028778,-5.533757954390857,-6.594108644699556,-7.578958058831676,-8.288590328875134,-6.215440155973761,-7.334832885680867,-9.146840653580519,-10.223099160086274,-12.385100899727595,-11.081457805455006,-11.734229623057495,-9.30097174688421,-3.3268016546785186,-4.356490170462804,-7.315415643752592,-12.919362044886531,-11.328307883518752,-14.41729951264057,-15.094008895710548,-12.326602266471864,-10.309210710934378,-7.780624314038372,-15.735918713217806,-14.661327497009149,-13.446765135061336,-17.06710576901438,-20.03630620448573,-17.247125936905267,-19.62323852818595,-28.56305646998097,-27.602932633035913,-22.976920404246826,-22.145162084970096
-9.04357672145744,-7.758342780347881,-7.397523852000081,-10.553214796723529,-11.048815103671936,-11.438827127354905,-11.312096493643175,-13.859435385295068,-11.906036329113013,-8.719576425273313,-5.854270209442035,-9.583726131415624,-7.568645289996378,-7.184118637442231,-7.695770339772037,-11.352154902080677,-12.298977668331858,-11.631451197175899,-13.035258634616184,-10.48197266230235,-10.376434778786706,-9.361390877309859,-10.543349670600088,-18.259303001854224,-18.770424118007305,-18.085081031169253,-21.923491189121435,-18.402481088664597,-11.19051756484333,-12.0978410359502,-8.392569495267036,-13.082457514919476,-15.614322754880387,-17.141983626362865,-15.984919133788784,-16.247661522682005,-20.106568646390286,-26.550791566230103,-30.74280192375042,-32.23739119536426,-35.41350346050224,-30.191475799000848
-7.370202174237818,-7.612703070612884,-8.298111761929578,-7.777809465681873,-8.051620118192313,-10.03498801887809,-11.973921338439808,-9.43126109886716,-11.238256589667179,-12.150710865795821,-10.541327274622361,-10.022143939665126,-9.56801062931606,-9.6876653714905,-9.36134662703816,-9.885426920061589,-14.114317610052108,-16.027596730215727,-15.43374382091543,-12.622146135478456,-10.499881995593114,-12.433143006398343,-16.389340510143096,-17.30872152570059,-14.066699941809892,-10.473556527122064,-7.9399171235188835,-15.823781292843924,-17.37523467902292,-8.19673566790901,-10.514718309172993,-13.621600828976781,-15.661867347535381,-17.9192320438195,-18.229021507162116,-21.54425335312598,-26.221117182433773,-30.39093573403574,-30.706591750423392,-30.67438974472546,-26.857169960304127,-33.66936793166934
-9.551580824928866,-8.532751836557656,-5.39766659216547,-8.38377855075886,-9.767928180814957,-8.543543580415562,-8.941100640198574,-9.840895683700127,-11.089233075742507,-13.914944658829988,-12.664240857845082,-10.453780655007364,-7.97828743132896,-6.4347006731587255,-6.879528189929799,-10.596246754975052,-14.423011219021468,-17.9394129752176,-16.11335000951615,-16.178295272874394,-14.250603880023828,-11.410035611498406,-5.474100620801938,-5.209849330263344,-3.3617080957549104,-6.5387107000304105,-12.072888770226132,-19.04681611270827,-19.373456343215913,-14.877786745369422,-10.522280319570445,-10.547662318506509,-20.37396812651581,-25.572639092082845,-21.999199785611673,-24.592402269525017,-30.658031514676594,-32.05130794203657,-28.015870344904513,-33.30463444754144,-33.55243563379111,-38.195357961074286
-7.041545939795774,-7.989194529112531,-7.995985535456359,-7.21947072939745,-5.740562222429463,-11.711294362976096,-5.762727266366172,-3.267895481089111,-9.757057623925155,-10.96803266297803,-12.34642626375245,-11.009846097237213,-10.30018984536757,-9.446355584803142,-8.954455609685185,-10.788430503659427,-17.213875038803813,-17.2912396170167,-12.469971472252372,-15.544736699199898,-13.570645389411075,-12.03510356611551,-10.929112641333248,-6.22638480111415,-6.333427614620749,-7.540032378988406,-0.9071307300445445,-15.807607000533537,-16.318563540655905,-18.767282830141358,-15.639579572357487,-12.977730658851295,-13.230992864624717,-20.817374735819723,-22.109514493543678,-24.518782921914045,-32.769385599890335,-32.770388747987376,-36.49558623470089,-36.213542680967095,-38.116813819301846,-43.42726584817136
-9.09451309177796,-8.27130917187049,-6.792717403989023,-5.856186524598826,-7.653104792431213,-3.0362687398887465,-3.0731992435017266,-2.8554426920648464,-2.20074528561342,-5.3398410484434615,-9.489398546759228,-12.453318761143626,-12.556838416902636,-11.258813428937449,-11.764677554814208,-15.483853621943789,-12.89547960786214,-7.485933035887813,-15.624914219096457,-15.790361673636763,-13.82603061452875,-14.09612850204228,-12.225182630051343,-10.97194420890184,-12.06529412750583,-13.059548541918321,-11.731433754584495,-7.778804934605293,-16.08570814659422,-20.369506987673656,-20.3961960854697,-18.498562198439092,-13.198752815119693,-17.425442563046822,-20.121134818699524,-23.8749671387009,-28.0463745855494,-36.7203411120878,-39.620694534992715,-40.851182698757924,-44.555920238903575,-41.34518558110526
-10.332997401308475,-8.877149597456924,-7.717495813445996,-8.4783511595476,-5.5347603637077025,-7.338865791026035,-5.88031294393048,-5.381558903303397,-3.297274029214484,-5.99214272472443,-9.45069818821625,-14.619048190931068,-14.792794677977751,-15.619251124201021,-14.643284673140414,-15.363771046578877,-8.950081881658184,-12.656397046540846,-18.146018239516568,-10.555517167206927,-12.578494374227185,-11.15077333084625,-6.009764409937151,-6.329058511643336,-14.688682114187252,-15.359772983286643,-18.684417915562253,-16.219577354659876,-16.875290445609032,-15.842691951865241,-23.542111323042334,-18.761236507800994,-20.203736439563574,-20.928038499123534,-27.76456546410362,-29.074169974769433,-26.122047113755023,-31.777219579986763,-41.18556006220628,-41.293632672411825,-38.30534847108784,-40.727852714989695
-10.404596635467446,-9.128932158937475,-9.611617116530436,-9.776985769766682,-10.94463818515143,-11.685771460530269,-9.695586414563813,-7.370204585601533,-11.664350357379726,-11.280021876527394,-9.560998690911878,-13.76549256413291,-16.971296136592418,-18.893842768123832,-17.692254546117056,-16.181724014766914,-18.504052011654473,-15.915600585495369,-10.716879259713428,-9.368023455433665,-16.11696499345634,-9.651715143858715,-12.228593021848933,-15.675898913886458,-19.22630966810852,-20.984331062635626,-21.623050413859488,-20.928443769624387,-16.346698403729356,-15.999790795629721,-16.539072104473977,-23.284538341531196,-24.77735581066511,-25.10417881114889,-30.633159888000886,-29.770898990481427,-29.83613701653335,-36.31929357775723,-34.633864680473174,-42.84216620412124,-41.843793398002454,-42.5738204119118
-10.045963838930946,-9.609725611844,-10.866074561357738,-11.631626637388052,-11.96413368582472,-10.14538293611105,-10.439737191966984,-9.509541363542432,-7.78950279142797,-9.05890818413789,-8.708489790994744,-8.842327685831053,-17.393429466810993,-20.419142454441275,-21.099324013044175,-16.953515910145605,-12.86807848394917,-17.883395699130013,-16.09431697172922,-15.275068807949605,-12.389413498803059,-15.825786091626384,-12.271249913431705,-15.837474017798241,-19.54654556619,-21.707316887431368,-22.33204328943745,-22.44159074641608,-19.094369284624115,-19.831446949692758,-17.61439277465276,-21.844738049976385,-24.06089678220871,-27.07395600384546,-27.68286323239491,-29.72867916860342,-38.824442276348904,-32.55292994623753,-41.42748355920179,-40.781826918005756,-42.79303587406836,-47.10453113593206
-8.912400963126409,-9.340260353359772,-11.018376547400997,-12.394535316594997,-11.143269046652275,-9.189190852933596,-9.289359558283392,-11.56522736537012,-11.202409335756442,-10.157989601747005,-10.662338516856272,-11.318475593228602,-9.915407879834294,-7.328659899725213,-7.212638632229701,-16.60808810245552,-16.169465941897446,-13.541612776588241,-19.870690120640273,-17.090420467986384,-15.862445021152286,-19.98474319526651,-19.808594173460495,-16.915849798194152,-17.40620535349497,-19.00608930853581,-22.961093275997285,-22.18035494535698,-23.343116459132975,-18.9891184550085,-24.840798889443285,-18.617095419974504,-28.14788443999833,-30.434955053396898,-28.519403654156363,-35.674805586881526,-38.01542319540144,-35.173493595570115,-35.63182050880481,-32.343283387264265,-42.36049776574475,-45.77014803231447
-7.293739535137437,-7.664544194705543,-8.585336251696475,-8.655731717828324,-9.977696120823882,-11.69837878910516,-13.752880100306008,-14.060707359007854,-13.677780873510635,-13.039288667025687,-12.60179723194233,-12.836578982233803,-13.646458328471041,-11.47799838918459,-11.655427947364647,-14.425809948132331,-16.55615742471923,-16.72964381884096,-18.978140318275166,-17.62653376405062,-18.720319517574627,-15.522799814729174,-17.91325312526057,-16.76033479276456,-14.04600757897706,-15.529823370828234,-16.027402210333328,-21.858743596714074,-20.680931962050103,-22.37990211970792,-23.198341796347133,-26.04609476607843,-27.373618527606048,-32.22095412115141,-30.740855325289978,-34.95184156375688,-38.693316471791945,-34.38185518565214,-33.150168627180335,-39.28821858241258,-43.03909829070236,-42.455463096852796
-5.152361116450877,-5.344655612643443,-7.137562234958333,-6.041472754881337,-10.959578058345915,-16.526910822298454,-16.55203019139642,-15.764182752377351,-15.560255047803619,-14.565448076505973,-14.031630617069867,-13.91765100019697,-15.04594303364227,-13.031043170555732,-15.583049623386891,-16.10649390250955,-16.962661827447167,-18.931540775398883,-17.67706460588663,-19.825120996812245,-19.875502992515514,-17.226549431189,-15.804791210048483,-18.757519501646758,-18.836582657199493,-16.460867708467372,-16.78858275403089,-18.496595183835616,-21.90210694279832,-28.211187969587108,-30.88349058831087,-29.325989051850723,-30.909419204008522,-28.462381138147805,-31.913694287944516,-38.820694388384254,-24.926700368791735,-30.507307758806334,-35.542470712175465,-36.21793763938547,-37.94689127208538,-38.880921562854155
-6.698263823673155,-7.255408206973924,-8.718756458539236,-9.252203668853817,-10.096039078215515,-8.294960915292036,-11.047313398851829,-17.36925969906522,-15.999398324519445,-15.179555204354806,-14.759367449081687,-16.73943619487273,-14.280043225307715,-15.077188418496334,-13.963765418486535,-17.271288265939543,-17.687353806667506,-19.84218599795166,-19.999735765378773,-18.412703763946624,-17.48894090662696,-17.577772476593378,-18.293266248042134,-17.841854334433066,-17.452105190567337,-19.51680589215466,-21.930752254208347,-26.208971812758133,-27.85050640861206,-27.15495057226333,-28.556736195387998,-30.667931536124474,-32.56922140430486,-32.45873167767389,-37.799365407405354,-28.81435667769974,-36.64388533205615,-33.888586201919345,-35.99152926696121,-37.06459289152394,-37.54960318760648,-37.57355868869945
-9.048465734107552,-7.223532853182177,-10.217806513097349,-9.890551365506129,-13.116702681992678,-10.839676625474121,-13.302460318619788,-14.417658691116063,-17.440845756813683,-15.347404258614956,-18.297691336965585,-16.66551355715067,-16.3827070614709,-16.24502193212129,-15.959075984515113,-15.22372177071088,-17.43574401433334,-20.917585362187445,-21.913392188796724,-21.45963595461971,-21.52880637341772,-20.259401098331402,-19.66376560638818,-20.714374627566922,-23.71377800641444,-24.09061378675012,-24.18038239578665,-25.05344128923596,-29.698187626231256,-31.16745576314977,-27.764620214072302,-31.20917315810676,-33.77959407351775,-30.030653418061007,-31.2904475565445,-24.462244434756133,-25.560120245371646,-32.31907395683393,-34.82286683044525,-35.300806932785356,-36.98687327678678,-36.021230757072765
-7.983289345169099,-8.326361146184837,-8.29877560223501,-11.741539671345226,-10.91155075407017,-11.94803318120656,-11.849534188734962,-14.619405033206665,-14.431600329578696,-12.750846305370928,-15.894283357089273,-15.998904358296038,-16.6591891841393,-17.49135746902196,-17.3332091399386,-17.95414314136329,-18.368168643163457,-18.56760841486234,-21.525164011879525,-24.182243186573864,-23.677931860193414,-23.969481637875,-21.543923493994622,-23.015907888562165,-23.791985145892443,-25.291700820284664,-26.633006164728574,-22.52882460250458,-18.60836393170985,-20.601591809657158,-25.99654922277637,-27.508530435783694,-25.452818176880815,-31.48626139327234,-28.03353301365986,-32.1064918705081,-30.578529877794406,-29.3855555391184,-30.192484036420858,-37.164239469825446,-38.417678444925734,-40.06531423703118
-8.455418075853833,-8.105256007025357,-8.407063988398479,-8.453805478172418,-11.855573472231592,-12.56895462857339,-13.798409321421953,-14.82875178961957,-15.17024435962315,-16.256545216117566,-18.032140696923992,-16.06487041887207,-17.912040206826017,-19.066565540281847,-20.401678103773193,-20.259001514912903,-20.936578643352263,-19.3458115242082,-22.689988531058823,-24.717744859552653,-24.444944745668735,-22.90538618586362,-23.494739253425667,-24.37899172623334,-25.793397703030447,-26.304271919245338,-24.50669317775759,-22.054697784396335,-22.980515749399643,-23.791479376793237,-20.703071720733853,-23.43211858553665,-22.48127747187186,-24.30439947012122,-25.08106459392345,-31.227120894630342,-30.24778076736661,-31.649812648492706,-32.683788528930435,-35.693179853805866,-37.529856916188024,-38.97112838298192
-8.68463163433487,-7.305854120995359,-8.017100149626003,-9.500247954639512,-11.673013096839554,-12.210728529532808,-11.448703764087053,-12.67040042676628,-17.38872559048105,-18.024192399777718,-11.940662005146942,-16.98831385241734,-21.295296391482108,-21.10309835349533,-21.848558039671058,-19.857188111857905,-20.03006365611231,-18.87520930569518,-20.17151148502193,-21.066611817455552,-22.15085104377567,-23.34525239204092,-24.949009842715352,-26.661902860741886,-25.01034322970406,-21.612933964832294,-24.49502800002718,-24.776051691444767,-24.986534972207593,-22.42318555297465,-22.19718498416298,-23.435126855159893,-23.78810157859485,-23.251058895476593,-22.323413380958783,-24.21561072132664,-25.561686555898863,-35.339865842970624,-39.01054929430905,-37.19888710762577,-39.37630850605596,-39.0079063615642
-9.06040402379211,-9.286951357460104,-9.593115376036787,-11.420830463533099,-12.051238409990003,-13.074706615611676,-10.313665861552217,-16.229649248364886,-15.302201711978302,-12.498063424766087,-19.987165987368254,-16.472212814304036,-17.778999421545244,-21.73910653853326,-17.878778089037645,-18.615939453692405,-19.683534708217735,-19.286081558240404,-20.00547421975137,-18.709225267529334,-19.133768142578095,-21.680026033624955,-23.938514513681255,-23.76097720495882,-22.170353946313163,-23.036134200794727,-25.364507068097684,-24.01600555866691,-25.177310712795826,-26.081397362382887,-25.771929810115832,-22.787222489562254,-22.668424189232553,-22.09715495856867,-21.918318990000675,-22.363866902628182,-24.43558884122506,-28.010378835135842,-28.166056581850896,-38.10535645071149,-38.436571159349654,-38.90226454302688
-11.443731528221438,-8.615363687878308,-10.479360594757244,-10.752527711389307,-11.636386329320386,-12.07221716379932,-11.844900676093582,-10.914909367719881,-11.57882649409103,-9.358072536677478,-6.893333041430513,-17.411856263807977,-18.956369334895754,-15.653088160893239,-18.666303670523774,-20.87873293349115,-20.157366926494397,-18.700592946858666,-19.60350242195529,-18.334352305711242,-18.918310679434203,-23.12844495375235,-23.010087972590746,-21.987494020144364,-22.177133603215882,-24.35266706628158,-24.908466096522883,-25.61953889537757,-24.015366629197473,-29.978846966084276,-23.28906657161236,-22.029418328472488,-22.076763671302125,-28.574688549862564,-26.354165336050908,-28.30026097189939,-28.792162338948728,-30.21795509117311,-28.681129763387947,-30.673891910105688,-29.142273388041804,-30.248752506079676
