public/json/wind_2018-09-1522_925.json
{"header": { "discipline": 10, "disciplineName": "Oceanographic_products", "center": 0, "centerName": "Ocean Modeling and Observation Laboratory", "refTime": "2018-09-15T22:00:00.000Z", "significanceOfRT": 0, "significanceOfRTName": "Analysis", "parameterCategory": 0, "parameterCategoryName": "Currents", "parameterNumber": 2, "parameterNumberName": "U-component_of_wind", "parameterUnit": "m.s-1", "forecastTime": 0, "surface1Type": 160, "surface1TypeName": "Depth below sea level", "surface1Value": 15, "numberPoints": 4800, "shape": 0, "shapeName": "Earth spherical with radius = 6,367,470 m", "scanMode": 0, "nx": 80, "ny": 60, "lo1": 109.0, "la1": 20.0, "lo2": 116.89999999999955, "la2": 14.520000000000117, "dx": 0.09999999999999432, "dy": -0.10000000000000142 }, "data":
[rows 40 to 59 of 60, columns 0 to 44 of 80]
-6.484426888316389,-8.7701708593792,-8.139008127187864,-10.32876236083969,-11.831567125452107,-12.667020893794747,-10.593049682869289,-10.27020327414831,-7.84334597558003,-5.127930392941225,-5.437667255256188,null,null,null,-5.0252464523059786,-6.086307307433329,-6.217761649523932,-7.290887379315696,-10.74030927939863,null,-6.497772103994983,-13.451516549189954,-5.938313844947893,null,-1.7246807965014028,-6.755890540505847,null,-7.636269793906019,-6.038599042706337,-7.58769549637072,-7.610861260509385,-14.536002417222203,-11.795787064901246,-8.845519129344265,-9.45173851531975,-5.110557496537914,-1.0755657177118796,-4.271486984045823,-10.612201868783629,-11.479885116631062,-9.091151847334963,-10.52654684733319,-15.342871838923784,-13.840563596540271,-9.943690279054165
-7.086498308926018,-6.185469891772559,-9.684128176853541,-10.179674230606182,-11.849416604361455,-11.454603773666605,-12.095221260768293,-10.040771424579242,-10.086145366026448,-7.720988520596149,-6.8821645734199475,null,null,null,-2.5242593905170647,-3.1233942110948285,-9.899486040734258,-4.671837425036395,-5.118129687962895,-10.488038167992263,-11.075765103282128,null,-6.757882012194949,-5.592074329024078,null,null,-3.0538432691621873,-5.222002850531042,-9.510431169828994,null,null,-8.427381126848607,-11.138629807176088,null,-9.52393316595127,-4.815025657000935,-0.009917217987313348,-5.145574348571885,-8.837600075748002,-13.892365617375534,-8.69295908795212,-6.288231729262494,-14.017657520743688,-10.244823099118118,-12.337389664259677
-6.755569252467823,-6.2557454381327755,-7.090565142150197,-8.602485877934168,-10.173365281672902,-12.741891286110915,-13.139827716384607,-11.056178404012298,-11.735217717411057,-9.304779439501786,-8.095250699455812,-8.47691184025894,null,null,-2.0994871123166874,-4.254027322121952,null,-6.108096682468526,-0.6666661228143527,null,-10.717932225688328,-7.314020864788046,-8.037407340900577,-7.956564820929718,-5.471710077602382,-3.0987012869573127,-3.4014693962620797,-8.947926546803952,-7.204392609975437,null,null,null,-11.690871478215373,null,null,-1.4709936974585918,-6.669344678819485,-0.03260931145995184,-7.015904538304648,-8.772340678285069,-9.194457518134222,-11.69187450920025,-14.647744294159464,-13.284351629685839,-15.851532078932253
-6.774189048754316,-6.355402817317398,-6.393089460026481,-8.602707448143777,-10.683577102321467,-12.93503388604153,-14.176820003230794,-12.579431763347559,-12.331445738140944,-11.25254464783414,-8.636027204310222,-11.064279521276474,-8.503179936785294,-4.663049596572256,-5.113179584622644,-2.477147615937979,null,-3.4882347370013553,null,-3.6622683787835886,-6.784862848925366,-9.949494326848496,-9.867084210347034,-7.248034253005316,-4.683065098167561,-5.536307997775417,-7.878975319100958,-12.390674830628988,-4.495182560095761,-5.4848067878077735,-10.943372520371618,-11.377001887773162,null,null,null,2.4523153582282506,-2.702914234444057,-6.425574944756854,-4.280296697314308,-12.259779454373481,-17.630404397770718,-15.090898991643062,-14.017618977490473,-9.54376831144379,-14.74662008790712
-7.320369403221532,-5.995439245462454,-5.133508539644518,-8.138753189841792,-10.627862784490056,-12.029844112323776,-14.458526442164608,-14.23755031428637,-13.025706362746853,-12.442789004660463,-12.163606599944249,-8.390654316521962,-8.02629759583172,-5.646998017452762,-4.041231319076832,-8.194159439261803,null,-3.35921805782123,-6.201436833880475,-1.365232644766274,-4.752009353058602,-12.713873059944166,-13.549644158987089,-9.132741457377433,-8.757865522405668,-3.8546370549885443,-11.030440137505343,null,-6.226829211318302,-6.4323618085285785,null,null,null,-3.23329612567564,-2.1172864874750212,-0.8458221247043255,-4.895076729063103,-2.8352236493277037,-6.629484960130662,-16.053440988489626,-9.616492086515239,null,null,null,null
-7.074905158968434,-6.827214054591115,-4.859879357045313,-6.641615041311279,-9.535693018923892,-11.933587932585459,-13.377770290571469,-14.033297749749616,-13.678647245677281,-12.758887951689884,-10.898976248137714,-13.484259847859848,-4.45209007987199,-7.1541204811352745,-3.7993623917335926,-6.2210021186205,-9.83237021044743,-8.752781960716558,-3.649817366877846,-8.159755996139813,null,-8.432819732555512,-14.77842066966697,-10.859272275877222,-8.990369652220988,null,null,null,-4.827904449896408,-9.874951190070725,-5.855798236103539,-11.972852802931572,null,0.12339812968035349,-3.4895062080775685,-3.387206598289756,-5.381618024940004,-7.042170527708118,null,-11.148389633745337,-10.120906063350311,null,-11.606318651517629,-6.506418201669782,-2.7044348355384122
-8.230526652581517,-6.665753687671569,-5.141559165290584,-6.116382347329423,-8.447814612672595,-8.87716428537852,-13.530204925966547,-14.384702983907665,-12.732204239142234,-13.721090533721014,-12.133329044399058,-6.335772711464416,-9.39246508614943,-5.452794741511105,-4.579522258889212,-3.182946074522375,-9.323910717276982,-8.42796142729564,-12.235170193621162,-7.091206674484851,null,null,null,-7.3428932888233085,-6.789200987985345,null,null,null,-6.353571722134899,-11.714912259220739,-10.627356982830468,null,-9.078793054115105,-5.2586300438837466,-1.7036574450080517,-4.663598618836641,0.7281740587899083,-12.467024468578524,null,null,null,-7.2471029797083695,null,-10.55452334629689,-12.396345596215813
-6.334602459939636,-6.358884146575871,-5.980599336531362,-5.439391344835383,-5.580913045485259,-8.366149839734804,-9.025769983350466,-9.744895728997038,-11.64718312133152,-14.436731027943697,-13.960820112895778,-9.565591821004336,null,-6.613931935171008,-6.279542091679168,-4.671018957650216,-4.346851664007864,-10.20771535706117,-11.483646769623453,-11.192267646985472,null,null,null,-7.186456493697245,-7.74081287104515,-6.290495776699316,null,null,null,null,-6.591857966087638,null,null,-4.255400774593919,-2.012482655038193,-6.176772137250442,-2.497253452734966,null,null,null,null,null,-0.05381652027456531,-13.819843263930114,-12.195831293949155
-7.75036709000366,-6.941762961153962,-6.933233316137412,-5.763978300879782,-6.302705381377959,-5.837766486552835,-8.844977467345206,-8.258758580530426,-9.194505172454088,-13.873297022376622,-12.131537024214676,-8.966782733900748,null,-9.70659887869509,-7.181974623555304,-6.776419117195964,1.7439074714502243,-12.886558567158106,-10.572261451064193,-13.110686310724804,null,null,null,-7.006681740010475,-7.854006143373325,-7.971819422916865,null,-5.703843817972713,null,null,null,-8.074371622648268,-0.2775974288970427,-4.842921249162749,-8.740995825650858,-7.766615494573651,-10.25042552801873,null,null,null,null,null,-4.042601956883167,null,-11.74404603952617
-7.06222912589001,-7.880137879313509,-7.156864306405263,-7.578674750867757,-6.551561435569782,-5.310582799247646,-3.2571117250294073,-8.312701967522676,-9.753490906665851,-6.969043779385753,-11.498683389576273,-11.16470264515105,-10.139341570344236,-11.711387898845807,-9.726651521245897,-9.067909465690075,null,-4.941798537030959,-12.284365295223742,-8.513090364490552,null,-11.677246667983885,-8.54442935373683,-7.795050691104121,-8.19747838058494,-10.599959276644213,null,null,-7.432706231119018,null,null,-1.413156671853557,-5.698616314776852,-6.7404715775815625,-6.872914004883386,-7.369357112032242,-7.388711187182944,null,null,null,null,null,null,null,-4.9161608173968885
-7.839939047897063,-7.5501824059519835,-6.566972360307215,-7.909306557810112,-6.570472952019337,-4.330101038914517,-3.6589560651212256,-6.53553050925172,-8.63733432367124,-6.838806949655736,-10.131767161143285,-11.270853095591093,-11.327359587955579,-13.495006178990373,-13.962262947231874,-11.038659322282012,null,null,null,-9.692961950020745,-7.246133336038976,-11.965856736045968,-11.037121991966204,-9.676571575791876,-7.61640583246932,-9.309631311617569,-8.778927440282903,-2.689980258855084,null,null,null,null,null,null,null,null,-1.3228739933285925,-1.7547813371028163,-2.894149442281269,-4.273789921580134,-2.7105058341636337,null,null,null,-7.678868066872853
-3.388039879621468,-3.2496432414912007,-7.567947570692493,-7.233679588265878,-6.477181207498251,-3.846858765325308,-4.427686022175954,-0.9681919220702445,-6.611703596536483,null,-6.692871637183491,-10.624160553006607,-10.164732678720656,-13.991533045452675,-13.18977130541631,-15.54122596136293,-12.192847613613012,null,null,-11.087775969161257,null,null,-12.196321369916513,-9.713243788034049,-10.255383258439558,null,-8.182989698530363,null,null,null,null,null,null,null,null,null,-2.704472261948825,-1.452703245333801,-2.770958431714956,-6.1382341042615005,-3.1805635769844827,-2.0404774163831614,null,2.9484411005403777,null
-5.404326267893766,-2.1224114103604155,-8.857289247233272,-2.3461171450973675,-5.920868879316825,-4.81140859453055,-5.288618352450467,-3.6072041940769974,0.5135567406734391,null,-6.387052958819979,-8.904512537884496,-10.69928063142369,-11.382193333909417,-14.625026210052471,-16.016571134330214,-15.070767844563237,null,null,null,-11.282056129838045,null,null,-9.870089970846344,-12.778836967612698,-7.1875234956310585,-7.438674945661687,-9.616307295406441,null,null,null,null,null,-1.073867254192465,0.9180787449981473,0.7160273945624532,-5.397815186847055,-4.899883211454592,-2.6408412551848173,-6.063656745145325,-7.180431646314929,-3.181223100923158,-5.301658806494844,null,null
null,-1.0530025061497017,null,-2.3212851970372244,-6.335233240740322,-5.235961856130737,-4.2989293909411215,-6.214643461194946,-2.856791312945055,null,-8.778132102179228,-7.182998126018852,-11.022629391582754,-10.036745177021249,-12.988992376956697,-18.202555622628687,-13.489692037452436,-12.707778451535045,null,null,null,-6.738904794374731,null,null,null,-8.407270328554622,-7.5210225972443405,-6.493907989362473,-11.414292530284857,-8.30918711105019,-3.822024402417458,null,-6.680751951277111,-5.87732089830925,-5.053993987996837,null,null,-2.514953968053181,null,-6.874098214834313,-4.190641344522816,-4.6803533630668035,-5.693420489860606,null,null
-1.965371729975522,-0.3809224207398326,0.7234738176379393,-3.5585805620259903,-7.25310664042188,-6.756299440820815,-5.302528816900898,-4.527723540152666,null,null,null,-3.632743139068433,-7.7371011975213015,-10.280521993826325,-11.738838907848496,null,-14.342927598776555,-12.281759524332022,-11.232598432548778,null,null,-2.2453082467967653,-2.3747164672353476,null,-4.199586787415324,-8.304658088542787,-6.1599597103191135,-7.637557002373401,-8.088703595802677,-9.805084426986362,-8.42550014190584,-6.899523129059311,-8.288369196661353,-9.654118229055598,-6.333440660894255,-6.084550196091938,null,-2.284541115935714,null,null,-0.25055836420787186,0.0860434127971269,-5.675547140620967,null,null
-0.5356426896106411,-3.8487903077614947,-2.1500438510847912,-0.49802505082510357,null,-8.054744611119293,-5.7155532626661385,-4.382970192103796,-5.138966248428274,null,null,null,-6.628709363067191,-9.541857352338717,-10.956928585241373,-8.75691476729423,-13.845251763255991,-14.551695374963279,null,null,null,-3.1008873596848807,-2.7512734846940976,null,-5.211300411605597,-8.213972312190261,-10.436530155494932,-10.899904550251831,-9.271182445925142,-10.364091487696143,-9.701259770014532,-8.897799377362835,-9.692299937461017,-6.088817585325722,-7.726557627980234,-6.840266717601624,-5.551944908566904,-5.680537714980815,null,null,-1.3513286661733148,null,null,-4.3713150159466,null
-3.7705738349254125,-3.455883011164853,-4.054954008583785,-6.471714607052463,-7.744973617733569,-9.816855960988631,-7.143675043511984,-5.569615395139449,-4.49276771778928,null,null,null,null,null,-10.92458176483059,-8.478782497360166,-8.359711239234697,-13.283748049805011,-14.367197641694318,-10.88672781271685,-10.289826046789209,-8.53188011975646,-4.485025769665568,-7.13283722874341,-8.916290402370619,-9.389550227517361,-6.822034812820646,-4.7278279614237295,-2.351889879299365,-6.082532286966055,-10.246868721544429,-9.929595793340345,-8.267932500198091,-9.811870742966551,-9.470399887384595,-9.717160290950341,-8.583162234759975,-7.339868476754105,-5.984123242731879,-5.014691368937835,-3.2704358815163497,null,null,null,1.1381369945864859
-3.3814130254102346,-3.14853972088312,-4.49779675499484,-4.426896646063272,-7.280495524018963,-7.530439984628214,-9.740257155681403,-7.604094883262686,-3.161478027449089,null,-5.839816419228729,null,null,-4.902967913600711,null,-8.619642091412887,null,-9.713508685822928,-13.000516660112153,-11.725861861106198,-12.197612694623107,-11.293810166118195,-12.562642421820152,null,null,null,null,-1.5497392338398153,0.73402567823409,-6.58863475455211,-9.24053985730892,-9.466446313338889,-7.483780168911937,-9.441325645930208,-10.513972384849883,-11.5766804363958,-12.033436601033635,-10.760754948016206,-9.99243206597828,-8.305249078379747,-6.441766976647748,-5.014338596899845,null,null,0.7944102772563426
-1.4750712318763293,-4.545058684155718,-3.143487097603157,-4.263705792086471,-3.183103938161645,-5.510005643605472,-8.211773694692102,-7.839809993363346,-6.017037625664239,-2.053330747458455,null,null,null,null,null,null,-3.27164364519745,null,-12.029345614896357,-13.206598879415878,-11.658266723480848,-11.810986434597073,-10.521485190470337,-6.944193930588361,null,-2.676896045915629,-2.6051116481556384,-2.645643367179142,-1.3782862198399217,-7.8417548028975945,-10.270167145331333,-8.077083860654342,-8.345961899588621,-9.351331261397519,-11.467052131279187,-10.39664409220524,-12.378936244518524,-13.171131427834087,-11.745359963997426,-10.870563412782886,-10.118454579266519,-8.511121529762754,-6.077270831302308,-3.152188171332842,-3.82675349821361
null,null,null,null,null,null,null,null,null,0.3078316103705461,null,null,null,null,null,null,-4.35379875541095,null,null,-12.317131448786842,-11.971851955748788,-12.173387405056747,-9.318751032118223,-8.886886637180645,-8.377621339818072,-4.674517770046944,-4.08511653495954,-5.265940813119011,-4.4449198914525665,null,null,-3.341350503223564,-4.202634319121464,-7.582361546137594,-10.259015545052453,-8.586032186985607,-8.356898871493454,-11.098468089113592,-11.275799760299291,-11.69426137958984,-12.48668785784564,-11.636571609540864,-9.908810567421847,-6.948034945098495,-7.285813130975972
