public/json/wind_2018-09-1603_850.json
{"header": { "discipline": 10, "disciplineName": "Oceanographic_products", "center": 0, "centerName": "Ocean Modeling and Observation Laboratory", "refTime": "2018-09-16T03:00:00.000Z", "significanceOfRT": 0, "significanceOfRTName": "Analysis", "parameterCategory": 0, "parameterCategoryName": "Currents", "parameterNumber": 3, "parameterNumberName": "V-component_of_wind", "parameterUnit": "m.s-1", "forecastTime": 0, "surface1Type": 160, "surface1TypeName": "Depth below sea level", "surface1Value": 15, "numberPoints": 4800, "shape": 0, "shapeName": "Earth spherical with radius = 6,367,470 m", "scanMode": 0, "nx": 80, "ny": 60, "lo1": 109.0, "la1": 20.0, "lo2": 116.89999999999955, "la2": 14.520000000000117, "dx": 0.09999999999999432, "dy": -0.10000000000000142 }, "data":
[rows 0 to 18 of 60, columns 0 to 42 of 80]
null,null,null,null,null,null,null,null,null,null,null,null,null,null,null,null,null,null,null,null,null,null,null,null,null,null,null,null,null,null,null,null,null,null,null,null,null,null,null,null,null,null,null
null,null,null,null,null,null,null,null,null,null,null,null,null,null,null,null,null,null,null,null,null,null,null,null,null,null,null,null,null,null,null,null,null,null,null,null,null,null,null,null,null,null,null
-9.348560744995943,-9.23787936894752,-9.157720926790192,-8.9433368194865,-8.43359467116843,-8.675797525521533,-10.407499832143632,-10.893336305096978,-11.509531221756934,-14.295416029437355,-15.723502960887826,-15.870714945523673,-14.070395470485025,-13.250715561094893,-12.89101186585766,-13.078658881945255,-13.937976338029916,-14.737096486988857,-15.25864514934785,-15.831581261662082,-15.500811114689036,-16.104712516322707,-17.08914114234944,-18.973757020360573,-20.196446333604705,-21.25372167096705,-22.193193297416084,-22.90487139138034,-24.3129331053636,-26.151096550520442,-27.039436383652767,-28.045559847779316,-28.40433062602414,-28.318496695605994,-27.750798999280306,-27.575565622071007,-28.505940897774185,-29.550155770247212,-29.89020001726723,-30.45844510044749,-30.964283198741352,-30.311131840345446,-28.720077898965954
-9.416842008001996,-9.185040645486023,-8.923658699712918,-9.16779372929675,-9.116031487434316,-9.77539967616248,-10.606015169741202,-11.352301310512878,-12.208780182595458,-15.47254392750264,-16.475421688022767,-15.83770124343652,-14.395204528778962,-14.469543005167193,-14.167635729121583,-14.4819790828195,-15.62969848674101,-16.825433960201945,-16.345519908792284,-14.286094076468299,-13.346420768900735,-14.531732431375625,-16.302554914271816,-17.91699187735615,-20.582654553984423,-22.49474061712393,-23.50526463164518,-23.75955516399247,-24.610871946157072,-25.677540679963123,-26.3491286926462,-27.142922937439323,-28.315257637197064,-28.128890683819957,-28.5587422468765,-28.801946691563312,-29.24956555218979,-29.385728631415315,-27.468315967491886,-26.461627523603475,-26.71684377566126,-26.272445021592517,-29.644914010067065
-9.12634462510038,-9.202489648724757,-8.816773750130418,-9.303937073436884,-9.577216600290999,-10.370304193282518,-11.774267296656205,-11.92163891688889,-14.895362888412906,-15.72597748214431,-15.338944883649276,-14.981662883171946,-15.686800314427323,-15.240509967687098,-15.025427866776138,-15.493746343689681,-17.08338659742641,-17.98110404077336,-16.679476216694624,-15.512717697232429,-16.65301756008237,-18.52030508763493,-20.15283555183849,-22.124758273673123,-23.52405585046491,-23.886340771134897,-23.4818084738755,-24.64206498022012,-25.93554660511318,-25.97619756796516,-26.83808549113261,-27.79179722061272,-28.18870625118017,-29.125089409260333,-29.986383457806284,-30.186702012737136,-30.639533164320973,-28.524526519470516,-30.57984306818848,-27.218646054783324,-30.547032092607978,-29.01450255560995,-28.530214655431465
-9.126656066444912,-9.229591657848017,-9.052503008044303,-9.533441318687505,-10.125067854472366,-10.945498542764941,-12.28330849828475,-12.946331832706669,-15.492968622791507,-15.279884987788364,-15.499564394167976,-15.15214058005896,-15.806039966618497,-15.720035784864614,-15.878895716120514,-16.427876137985137,-17.735516980329166,-17.500430687574767,-17.562960040630966,-18.686715396091184,-19.749949047517216,-21.14349996806677,-22.607414117138596,-23.228480580147476,-22.054211479993615,-23.34259833652836,-25.073223112000882,-25.491859794969464,-25.644214635882538,-26.247245859570487,-27.487116398027666,-28.483503320081603,-29.51545002378059,-30.987653727974497,-33.298025222826425,-33.12717509574949,-32.87185428162027,-34.33719804656212,-34.19181138289004,-30.95686871716152,-32.620782252030615,-31.722145070730566,-30.24989025143453
-9.079308176170654,-9.279651098948277,-9.523898199937591,-9.497443017563294,-10.077696073962349,-11.819494931361024,-13.216537586743435,-14.495682540395027,-15.094730408130905,-14.219362399715594,-14.897111371758065,-15.490580845419172,-15.938593360928737,-16.290463581261424,-16.10902023593528,-16.50593753266678,-17.36969657890818,-17.676971749005993,-19.415493624756405,-20.866767443549378,-22.129964793376786,-22.704784447127878,-24.679554530764868,-21.653473778646365,-23.984600856000956,-25.205514899967653,-25.538180394354193,-25.595424200651284,-25.68626694623603,-27.31886443882801,-28.43745618809972,-30.109313000533923,-32.60713046134834,-34.048196745695776,-35.919982717795875,-36.87204530108876,-37.04446155734161,-37.20138029225415,-35.079924167432594,-36.832818429973344,-28.43462695405312,-34.6789247982642,-32.98517897118291
-9.292581734051694,-9.203599952148291,-9.692859108388152,-9.434443324828372,-10.15037722387388,-12.70650831694494,-13.629364552592408,-14.836424043875954,-14.886031200272981,-14.677730444514316,-15.404327921932492,-15.628915507301894,-16.373956493342465,-17.49120312796274,-17.067706143539663,-16.93249841617456,-17.196207093233912,-18.768777024080784,-20.50230079972932,-21.52797874946529,-22.590136349560346,-23.43616353497403,-21.39819858462801,-24.384905969108846,-25.825382910661126,-25.370735040067743,-24.960062070362632,-25.89704323970375,-27.586647425953405,-28.26187211351513,-29.91260138578608,-31.540802996610832,-33.69387567512316,-35.332739876274985,-36.78184215128202,-37.504655685890334,-38.596501333949206,-37.47514433101958,-33.80060016135147,-36.63369470146061,-37.233318199525826,-43.14461911363506,-41.83338321907264
-9.41637923023692,-9.17105255561945,-10.11378722099311,-9.99864191077536,-10.42850917964396,-12.178561478214336,-14.571079516405664,-15.24994590183082,-14.214983127765871,-14.520193501364318,-15.971194575510738,-16.514607832429952,-17.279297467481317,-17.792868634863048,-17.545158423042395,-16.838218381733167,-17.626819494878276,-19.488382462944166,-20.12246138530604,-22.46715266320819,-23.798772771516038,-22.529102417925465,-24.958902355035352,-25.88025643759587,-25.98205805082953,-25.44126691935733,-26.134578916570668,-27.30520040172709,-28.44850962251216,-30.570839923983577,-30.417408580757968,-32.32550013964325,-32.9320382512323,-34.81971444435945,-36.87400656890844,-38.624169076044765,-37.96727086708179,-36.16025975620674,-38.538611969922464,-42.93131847007994,-44.60473463910975,-43.145543329553064,-42.92832332225104
-9.479359637351756,-9.644313327603236,-10.133669350317486,-11.146124755125408,-10.543065390906497,-12.622890031881296,-14.811412661043025,-14.610803522260143,-14.827767103283277,-15.862199169187456,-16.664934611897408,-17.089172862005544,-17.35515019132576,-18.051354906316515,-18.286903504076406,-17.68296661707763,-18.074540801075422,-19.044046039127256,-19.588874975871107,-23.184187434026022,-24.574212016662234,-24.694233945945676,-25.906016974735483,-26.224044049942137,-25.34069178631616,-25.32844631609649,-26.35901515098353,-28.416365863588897,-30.11046065634345,-30.64805138267519,-32.38394591569031,-33.56977076996385,-34.933210928969324,-36.50383014662594,-37.57506701331386,-36.90627400609938,-36.0718553423611,-36.08850974600429,-39.33572227113441,-44.14073081730392,-42.84015991515828,-43.71724570854161,-45.272127060967875
-9.49388914696071,-9.868670228241513,-11.191478786680966,-9.800456220638509,-11.570670143338479,-13.486288460941646,-13.69208210770074,-14.865818559362499,-15.455838979030172,-16.242760337268617,-16.84176683610437,-17.165081634462034,-17.639514486173727,-18.20019297591452,-18.294758993419126,-18.39623110868409,-19.11408552505228,-18.13629401616794,-20.64203419046874,-23.753773190956732,-26.264257893568736,-25.822874821946037,-26.2535478953651,-25.83784675603863,-25.443811638206874,-26.35269850744651,-27.025120367175397,-28.85452873144301,-30.55406490973073,-32.95738567480164,-34.28265348561327,-35.31304825515651,-36.65817590963388,-38.77048404860656,-39.03654381813909,-40.50817379081162,-39.71151639525464,-34.68605907006715,-38.85769075170686,-41.36841609761743,-44.32470709578071,-45.462180307284726,-47.251300483958424
-10.040188680930548,-10.645066803347994,-11.424835622560632,-12.011464019122663,-10.864716818392896,-13.469061546115952,-14.594427884086283,-14.31284471141684,-15.436965402307752,-16.03875037730004,-16.925049879224638,-17.229365475427088,-18.46613468294199,-18.957301374513357,-18.57299311700809,-18.9134070162277,-18.74760647502134,-16.833674014405144,-19.109354043506325,-24.062165546444398,-27.81979405327159,-23.58800639067855,-25.303598075422027,-26.406634876878314,-26.84509445794326,-28.00117252981192,-28.77840257447729,-29.923980999687217,-31.536908805131034,-34.54004869478408,-36.08000458404339,-37.42913948600623,-38.32177573134791,-39.834680142152166,-40.967177495505304,-41.6173968657144,-42.22128380712754,-39.00471785941015,-41.756317611990156,-43.11728696739745,-43.56362914780893,-44.21219824347471,-46.68376355339975
-10.739267924549669,-11.207275358441809,-11.496373951141175,-11.798674408748786,-12.744144686985388,-13.661082201408126,-14.578223159033765,-13.918068849485133,-15.387755607458153,-16.40798296372096,-16.723393584593506,-17.664276595949875,-18.2612377851555,-18.25516902027835,-18.383708047187415,-18.751864813305836,-18.33440121247316,-18.092862695466618,-19.804590730441998,-24.366727920980665,-24.830044858176414,-23.839987088303143,-27.093945436227443,-27.294563135489284,-27.564291347342422,-28.566334105787753,-30.596227746000555,-31.2552266022629,-33.065947205427456,-35.54919449529498,-36.51826027571721,-38.77486213445562,-39.824289984595865,-40.532692759595484,-41.60658167012082,-41.024059689904306,-41.9795962229628,-41.34995850444517,-42.36396258419389,-42.37742240168456,-44.69406076258194,-49.62435453988573,-47.81449690164037
-12.159662338459345,-11.401549980999558,-11.95437194972729,-12.484986206247868,-13.730748179747508,-14.855280921805429,-14.423710036979552,-15.366939688083002,-15.98768081483587,-16.423739530992975,-17.07258250776694,-17.779217759054806,-18.19721746290446,-17.90962238699418,-18.376490020678176,-19.01582989809335,-18.762984085569872,-18.877340924392954,-20.78524381571598,-23.716342215751958,-24.888365803885357,-27.456496721604438,-26.955161939249063,-27.199072384354345,-28.122890944339137,-30.125581647351982,-31.52468765331616,-32.89476525339415,-32.84900445478074,-36.815012620059136,-38.38224725000675,-39.23699162809114,-39.489427857926394,-40.08167444413424,-40.63900792957038,-40.64389590611666,-42.528585811783714,-41.622770847147144,-41.92238753723421,-42.19567225369867,-45.50466226829992,-45.943924571026,-45.930922131003086
-12.43749216698981,-12.675826759088638,-13.06919800595606,-14.08261885800582,-15.210923661493844,-16.012557625588137,-15.566969914500412,-16.42057579812934,-17.100579663060113,-17.348343932027525,-16.55922127955183,-16.796806237944992,-17.820749340272016,-18.161523068409025,-18.50933580155037,-19.05465384846196,-18.903327482152726,-19.83074658703259,-21.231678208827482,-22.455247929490284,-25.685843613896754,-26.63337545251128,-26.968332474433538,-27.03449159761287,-30.63995596647139,-31.71439875950794,-32.34887342531339,-32.64854915339809,-35.35439579209604,-39.169274016579834,-39.067644670613774,-38.969733730139595,-38.9435105023375,-39.47465348055828,-40.81052229195867,-41.92390706208485,-42.40636462296925,-42.305262657615465,-42.02860764379307,-43.23959948673947,-44.76259270636585,-46.90502603946039,-44.30149359832723
-12.134773744027916,-13.33063097451588,-14.382372579457934,-15.030058711428346,-15.818606752454201,-16.366148193969835,-16.14769001525814,-16.714666263127025,-17.11243475099836,-16.882069105684735,-16.354917645067037,-16.992980083076354,-17.3859742928584,-18.325537547975205,-19.001214537662257,-19.05944277337737,-19.478089152387348,-20.556928452125234,-22.18294013435959,-23.21178332239089,-24.672995616676907,-25.635180549086783,-28.619480380387806,-29.775413432734773,-31.159584619316686,-31.46053430122037,-33.98859640495691,-36.10311584296852,-36.60965316203902,-38.053091478636674,-38.190037733983274,-38.34265469705727,-39.023300459220785,-39.295190221052124,-41.091839953642676,-42.830593499883,-42.06342656790822,-42.42788942853313,-40.70356213564067,-42.83495796907377,-46.75244016138456,-45.4804084751784,-35.77741940880286
-12.761440904435666,-12.963909239495717,-14.634697399975039,-15.635847543964974,-16.198896852056322,-15.87338665799628,-17.07829065763502,-16.56177216549279,-17.22499138085839,-16.906941616418482,-16.643466952087742,-16.91403473829402,-17.551188766864808,-18.379890533640875,-18.65761954633387,-18.821257220691567,-19.76763741183649,-21.606393354443355,-23.284174754343603,-23.986618792332415,-25.031563155670337,-24.69226852605106,-26.150331142009957,-28.926859111295585,-30.838590703099644,-32.511778197505535,-34.83760954969385,-35.78412452766539,-37.62709452409389,-37.619641172823286,-37.820932922447355,-38.11566783821046,-38.87006101998031,-40.40195072238233,-41.29560585888863,-42.291413144459575,-42.28042555643443,-40.92142870074687,-42.264026313472876,-45.08744074471151,-46.87859058801017,-38.05860303225621,-43.7305950561125
-13.230917656718919,-13.717641047290982,-15.031090746617082,-15.610840993515922,-15.805938023407597,-16.665320511898567,-16.966336647953526,-18.024942584326663,-17.04625427447175,-17.074041752526178,-17.307748521684175,-17.984935804876717,-18.309120303666617,-17.825168271990535,-18.370220198650443,-19.290370561691407,-20.66160645483719,-22.81324402490754,-23.5892845177643,-24.03324281725054,-23.998753149385273,-26.2915456981541,-26.30216723678304,-27.751225713749317,-33.464934776691734,-35.98719016347472,-35.871843941672836,-36.247067034555684,-36.95765731654505,-37.72062145024522,-37.074192478605184,-37.472587635365755,-38.09322265597826,-39.17201707481139,-41.59391092201864,-41.81153799423316,-41.8925105553198,-41.60630302510228,-42.44121064338168,-43.51521369491329,-39.602494242752684,-44.67956464801591,-41.05651170597509
-13.748282171910464,-14.664581288349034,-15.139429353445987,-16.19546944786099,-15.460046705259726,-15.908830482531119,-17.815829929825394,-18.766799165603487,-19.539336611193434,-18.203053540652686,-17.91149175740494,-17.79322839495221,-18.147340825652343,-18.286358756311515,-18.913773339603196,-20.610624186241512,-21.430371781784388,-22.43302815447345,-23.307328627652815,-23.783010140982167,-24.38928420282076,-26.17376482758848,-25.307291138422578,-25.15017071069815,-25.084235677044195,-35.239412709861874,-36.53639093913675,-36.29865238605191,-37.15187046642863,-36.884021240416686,-36.49859327274966,-36.98536082159312,-38.8908006548156,-39.171004332495464,-40.63665741277153,-42.12618996066485,-42.932331912437995,-43.57826460249954,-42.37251023021571,-43.08625845136942,-44.127975762547095,-39.7665039286568,-35.48406615907297
