public/json/wind_2018-09-1517_850.json
{"header": { "discipline": 10, "disciplineName": "Oceanographic_products", "center": 0, "centerName": "Ocean Modeling and Observation Laboratory", "refTime": "2018-09-15T17:00:00.000Z", "significanceOfRT": 0, "significanceOfRTName": "Analysis", "parameterCategory": 0, "parameterCategoryName": "Currents", "parameterNumber": 2, "parameterNumberName": "U-component_of_wind", "parameterUnit": "m.s-1", "forecastTime": 0, "surface1Type": 160, "surface1TypeName": "Depth below sea level", "surface1Value": 15, "numberPoints": 4800, "shape": 0, "shapeName": "Earth spherical with radius = 6,367,470 m", "scanMode": 0, "nx": 80, "ny": 60, "lo1": 109.0, "la1": 20.0, "lo2": 116.89999999999955, "la2": 14.520000000000117, "dx": 0.09999999999999432, "dy": -0.10000000000000142 }, "data":
[rows 38 to 56 of 60, columns 0 to 41 of 80]
-12.425387201753937,-12.076751533272716,-13.82730142990687,-13.000353777834013,-13.092862796363924,-14.696963071756276,-15.399044127299213,-15.041666085511991,-14.35326398937654,-14.978321872632703,-15.94284962594528,-18.167783176263,-15.7902616401521,-15.782575240985066,-15.982119252195574,-17.109911619925224,-16.209808221481893,-16.21913516745945,-15.73868879683752,-14.628640412953267,-15.411707859507278,-15.182438363996756,-16.41543084156546,-16.093529369087957,-15.483574081043976,-15.054894846768242,-16.129187025509133,-16.479095670916674,-16.86659928155551,-19.039860400487754,-17.854861622194594,-18.877666069460858,-17.667454016437794,-17.875454475800097,-18.261689343244498,-20.474234557052455,-19.474336223673426,-17.946848887778803,-19.011573260038332,-18.942048552355274,-18.854117914694697,-20.09341257038006
-11.641256547865533,-13.269765940039989,-13.229789469287791,-13.949567883084848,-13.831972880403487,-14.510153473690986,-15.594633258440172,-15.408938316090858,-15.5283455210733,-15.247073903881372,-16.319315437985328,-15.277720176229836,-17.351182946540888,-15.865136329531442,-15.845441527704242,-16.656301843728503,-16.22582150533508,-16.06446510817136,-14.991937575522032,-15.361221242206259,-16.222782728019688,-14.19708182914429,-14.213638897036482,-14.339931524829478,-15.613590618386956,-15.935067502638146,-16.21414142015859,-16.839167467827053,-17.226785832483124,-17.846208169774087,-18.06992101835018,-19.71465585963835,-19.729082032197248,-19.672643656209047,-21.485804227037367,-21.048617697492105,-17.462193669768904,-16.238369752595887,-16.479203859612653,-19.007613095824823,-19.60453336031497,-19.266336274448257
-12.968444545937416,-14.403080994101586,-13.361232098566402,-14.54094706683087,-14.138389824064536,-14.913268926021026,-15.059399997858907,-15.775476681377963,-15.598360597715262,-15.590457344700791,-16.70680945190114,-17.864498495083566,-19.37494329299567,-15.995630077561948,-14.422063716659972,-14.290551313864576,-15.827611215494976,-16.175777293180527,-15.863673562996604,-16.20739363154961,-14.406072284854634,-16.30446699189519,-13.770351040392704,-11.896187576393274,-15.455717309576563,-15.22645752416628,-15.430527607558478,-16.13404594189634,-15.675063923491134,-16.423416718795757,-17.211279975389985,-19.709321171301937,-20.677055119340892,-20.498752091712642,-20.53101083885067,-18.735207966739708,-17.301848014301104,-17.040108719918358,-17.459591248829465,-18.91010685297525,-19.720400674313574,-19.43059391443628
-13.981464012283235,-14.335095644501457,-13.896823828660654,-14.516716469890975,-14.485065030765274,-15.533155731100234,-14.950658537732227,-14.904080825781456,-15.389223038314332,-15.825559632123582,-16.54564290305291,-19.017808566584222,-19.118506212616523,-13.203770546538363,-12.595684104120657,-14.510450268379085,-17.075682224314477,-15.942248663566033,-16.395239823604356,-15.044731066233197,-15.415872028346524,-15.55191504693962,-14.24346556623644,-13.668473331362058,-13.69604543718527,-16.26531875651482,-14.195711530281363,-15.38019682529654,-15.883508053190916,-16.980933878276055,-15.463781967578223,-15.66646446940112,-19.02728129495147,-18.65304265939718,-20.611420085326937,-17.809214072478888,-15.897496262081878,-17.496102526565952,-18.296633923152108,-18.54076494957559,-17.585243565594244,-19.129731674230552
-14.303516984048269,-15.40328058361374,-13.823639944642707,-14.469232050296188,-14.296533993736107,-15.954390941597374,-15.781836568018084,-16.235854436827008,-15.977619599020219,-16.190546684045295,-17.50393136037899,-18.457230131212622,-18.7226821887975,-13.112680812301086,-11.26658330096047,-14.376235857493295,-15.156294209257554,-15.48083471308545,-15.45418066178158,-16.767612922246837,-15.443897523695817,-14.832994022261062,-14.62758789783098,-15.71221264723972,-15.045538883691503,-13.88430203784806,-14.192219446907183,-15.942804577732147,-16.107073730127574,-17.39938528966062,-11.79050757855295,-15.382205176157004,-19.94902698775274,-14.846544159268133,-11.761835285794845,-15.957823539647169,-17.691315270578162,-17.375200280130443,-18.101512900220857,-17.424131542498266,-17.581460563790934,-18.394318176529318
-14.598629275438466,-14.562440545746774,-14.202461986379436,-14.035008895022916,-14.701931945121277,-15.149183266667873,-16.08025550901792,-16.260330459922418,-16.965441486986368,-16.510655581042784,-17.88140608803067,-19.208234394462046,-17.199684833295848,-15.477508641432728,-12.18392374051829,-11.3776468176041,-13.154724735138165,-14.731856132903074,-15.508008663431003,-15.67219687732583,-15.12225357116869,-15.021064819984453,-14.988904709795646,-14.90228195079301,-15.132289563409653,-15.431919879122878,-15.7335954707616,-18.08793413127949,-15.922353046911319,-15.043965866940455,-14.60987435478652,-15.157622578794122,-13.770221945869089,-9.622590458078518,-9.375256344464042,-12.722602821370153,-17.5164019760429,-19.27696311509193,-16.90110851809387,-17.870131967510847,-18.589794828121523,-19.290655110920355
-14.091909188353682,-13.843335933592746,-13.70552577021774,-14.41195521289555,-14.56981897454904,-14.711476812825392,-15.787289880656086,-15.428257031737012,-16.640650058300427,-16.981342754241272,-18.062558498999547,-19.227244882321845,-16.05768445996541,-16.44109396968012,-15.937785281763286,-12.838302547165956,-10.3713041683686,-14.015278008294743,-15.73942395423173,-15.702260333603327,-16.028245291706163,-15.879439583124856,-16.351849498004512,-15.42930568770268,-15.95973426671576,-16.634847038708592,-16.854052349272706,-18.556677655986334,-16.813759293997396,-15.225407334138376,-15.25107027986476,-15.846437406900526,-10.750630788856181,-11.87198398584739,-10.695338405156264,-12.769326500969047,-15.48737217803695,-18.52600884866037,-19.132606061878242,-20.1321041206321,-19.174082887716047,-21.1474341156551
-12.689415151033394,-13.968664157875777,-13.073002874675382,-13.801474748645512,-14.729418839756422,-16.058868742151986,-16.042621025907255,-15.056211444697986,-16.13024781702092,-16.469501603164726,-16.62774009443538,-20.147452028913506,-15.67908649355219,-16.63332270848976,-16.745145424301864,-16.388511205646893,-14.219121166106678,-14.145176396647969,-14.792474526616347,-15.867735129272093,-17.780495530629477,-16.913197000391893,-17.382136863487165,-15.814928597453234,-15.173297416093448,-16.830482352065093,-16.473792948780595,-17.933701000675853,-14.832248055916738,-16.34339239689117,-16.997601627799458,-16.360810386374116,-11.87522829421774,-9.432470040736526,-12.195148381722094,-14.328697504020603,-15.050681384805804,-16.461214123279444,-18.526980111435577,-21.224356348316793,-19.92237254757405,-19.45363626682272
-10.438292708576826,-11.07867361417373,-12.69504413783398,-13.649996049514622,-14.341671731767196,-15.61602140149656,-16.162087193907922,-15.80871807089849,-16.810110461375277,-17.688381598837275,-17.438123226066104,-15.98627443573289,-17.149152200861955,-15.180542032231749,-16.370784903765873,-16.3916758053304,-15.90157763864014,-16.163133640409594,-15.156425298540709,-16.886265438175027,-16.82033460247481,-15.090554555982058,-17.314604956145846,-15.987626891948887,-14.476283481628895,-13.19177884578788,-8.664798642060084,-12.7979370489908,-15.955722475020549,-16.308048719688514,-17.352372655233268,-14.860840441282743,-16.034795523880124,-11.208691677479651,-9.131801345501707,-12.505758835363785,-14.643829811701714,-16.599233191196955,-16.624358159163215,null,-17.49682054119142,-18.108724009094825
-10.197179614357129,-9.534157682283968,-10.407255327400847,-13.11413373660109,-14.331474768766501,-15.812006391141667,-16.60937477745188,-16.991261140390577,-18.631343248161407,-17.884771849624407,-17.483117887636666,-15.055741147792922,-17.202332289319145,-12.667018826412065,-15.356066404803691,-16.936040522151064,-16.62637969048353,-17.20217683252031,-17.103632128568126,-18.17634968892331,-20.25349687926363,-16.824241349124417,-14.494193155691454,-15.44825757530798,-15.035363697501733,-14.684207798559603,-14.534804347026604,-12.346787577871687,-14.205032789573911,-16.411771589930343,-13.7482020285674,-15.679098045811974,-9.613708181761488,-12.385910133414558,-11.627137456016158,-10.630706525381939,-11.208704756389274,-17.205991664571755,-15.897664635332411,-17.79392268432936,-15.53989017162585,-12.88473862418252
-9.797238171757968,-9.912086771621857,-9.832435263850813,-10.5254711031084,-14.082426996587277,-15.10426190363979,-16.429399087444168,-16.892542633280314,-18.287106627962917,-18.825157264059715,-16.40539343504179,-16.421316799420303,-14.787371141088112,-13.147594993343022,-15.305511963009156,-17.040416204923503,-17.84517621879969,-18.596639913436995,-17.76065425542242,-19.53077968087547,-17.355730207674874,-14.478198632457058,-9.727623006990026,-15.75727996862042,-15.466135025841455,-14.975110905387918,-14.378077754632065,-14.45598735377125,-14.365179530117114,-13.302124716818366,-15.02387835194404,-14.98828174614619,-12.691844970812031,-13.344986638125722,-14.606362823913395,-13.233834900060454,-14.687358298231104,-9.806390385419782,-7.475016940176972,-12.921974516076036,null,-11.942755553131658
-9.253916615534369,-10.074219291345761,-10.82384295186026,-9.604427045134015,-11.913462707972753,-13.943588966151543,-16.091858400098555,-16.871057768652083,-19.020820095773075,-16.83052127005044,-16.792148364067096,-16.49664823260119,-14.6221522955277,-14.237656561110802,-15.205779424069139,-15.480423117581864,-20.797474920042546,-17.88453862956768,-19.829366430002267,-19.760794236983095,-16.081101645360405,-14.798208308926545,-14.901186146284628,-15.373643392898526,-16.06448127469084,-15.996902421207837,-15.522548976229798,-14.316545156944198,-14.861821257741008,-14.5696209133945,-15.286801276456105,-14.996517760134868,-14.730453024268652,-15.54501923511788,-14.526792843841841,-16.58914959898322,-15.094832248234304,-10.900796452759176,-7.397520876277911,-8.712831683591126,-7.707342887950571,-12.955252321704743
-11.364488239043032,-10.865991064517297,-10.549689085224038,-10.213820894918094,-9.279427779301152,-12.127071439224714,-15.412944993807944,-16.174011678746716,-17.70367628731768,-16.96241662819172,-16.126284820394318,-16.674327941464632,-15.787753657106144,-15.77014437980714,-15.669249107649335,-16.70938659152285,-19.39025986098915,-16.106005568616997,-18.15283237964986,-17.299167553524853,-16.90316779520052,-15.975023996042978,-15.609630016245625,-16.17002877221531,-15.26418386007599,-17.166660218498762,-14.763629055257766,-14.44998599363933,-15.391369869078899,-14.98155012278826,-16.07978314310132,-12.190935816126633,-10.851004842175637,-13.982622775423888,-14.776997197385182,-13.729556370559198,-13.68186168754219,-13.780089979913225,-13.296909637453105,-12.594054944756234,-12.315499008315584,-11.641480452101545
-10.140460053481286,-10.187817302924966,-10.455231344020424,-12.419723910836947,-10.04734128157834,-10.421285491914606,-13.840767651097217,-15.249597007286866,-16.386736967181434,-17.734602804799046,-16.046813239008987,-16.64972491198151,-16.86227754858884,-16.237672268981957,-16.423811378592205,-17.16420470199404,-19.0235546674284,-17.828544000550224,-16.20935026233945,-14.651096768762615,-19.02603855495205,-15.085196948531012,-16.90835610142114,-15.615075535415025,-16.401906445842982,-14.976776886622304,-14.04195149740917,-18.087848507058176,-13.65079541124506,-11.141620659997617,null,-12.33867883573365,-12.119352309597708,-11.500036513932319,-9.52973268146161,-9.932801377463136,-12.590214647472783,-14.238912421878378,-14.416665437214055,-15.139605988265963,-14.405859902933939,-13.670965970316228
-10.118031633474937,-11.656323451806564,-12.714558983727786,-10.320242384671852,-11.297584072069203,-10.56686283014486,-11.94136709394888,-14.412714532678113,-15.258524963749444,-16.871625455325763,-16.387074189067633,-16.475162227177307,-17.405805106589632,-16.56487986035555,-17.142040497304265,-17.853199275155628,-17.19848908609097,-17.423160935261137,-14.290452513279146,-17.148271522043878,-13.43083372998042,-10.818726837253205,-14.831524884987452,-15.87367133658968,-17.017467011952593,-15.011815639557389,-15.379127519424141,-15.809750084333622,-15.438719394755635,-14.917617185924072,-13.170032208597018,-12.134717654285323,-14.27221496142365,-12.757240301164206,-11.960138924853338,-11.39463615531015,-12.795984897130506,-14.861584088326326,-16.590420831038195,-16.725195576172332,-16.555332031029174,-15.579685586587395
-10.27298252793865,-8.952405036332925,-6.937186387116746,-9.24483582059571,-10.803554616530416,-11.473128936368424,-11.898513577426156,-13.634607639712641,-15.610820857097206,-18.18586313867835,-16.913814369778628,-16.401412425490015,-17.620334647277446,-17.424239556167358,-16.743514656516798,-19.774628703728624,-16.279946040751323,-16.675501409001804,-15.35952510052593,-13.177563063599832,-15.553511295583137,-13.185720014744547,-10.302308501103088,-15.142113506429741,-14.092451270888763,-14.941468872121153,-15.424594947209725,-15.60593527425709,-15.853023140211775,-15.64600640602585,-15.238373491632803,-15.510813076045263,-14.238148066914652,-14.12785044367801,-13.392565236901435,-13.06718521347463,-11.476300249205742,-11.804727959053018,-17.630369284415135,-17.441271685210943,-17.40899458566586,-16.472672947111274
-11.488919815331194,-9.088544180798753,-6.838625514436165,-7.955539646924318,-9.81837708249607,-10.815945528111675,-11.842860525721935,-12.589537621835708,-13.84564720964343,-16.463182883816827,-13.909846323313293,-16.88060750965122,-17.012483222951712,-18.179571853749415,-19.141781157214798,-18.745662218983064,-17.760436498945737,-15.737149408056673,-16.07979161682934,-15.413692800534388,-12.08200404647179,-11.691929810489253,-13.670073671261576,null,-12.355960396525559,-13.945104772801443,-14.759887091547297,-15.746207068407715,-15.721957368302164,-15.435716558694931,-14.697515258430204,-14.877127547524784,-15.210321292382535,-15.306208344733102,-15.036130571962305,-14.845263713598435,-13.785891099338464,-11.89978545401376,-11.510664995019813,-8.077984410201893,-13.590568601030856,-17.613591923931963
-11.257718788546336,-10.864880111805581,-8.416616805493415,-7.600590333685936,-7.883474026497031,-10.928874221267572,-10.937728518453337,-13.657461536407983,-14.555988866395214,-14.048631662013515,-13.667734072975001,-17.256751566328347,-16.89582255168524,-19.206087196092568,-18.541914273019618,-17.7926656802028,-16.342014864253166,-16.134190316996055,-17.66398355785157,-16.042667611952574,-12.38686250817711,-12.183624700332718,-14.208603300743283,-13.909043655674346,-11.766025304832958,-14.122373784845653,-15.098512913831541,-16.539987343206818,-16.195675542770537,-14.853909709748022,-14.847673414067906,-15.20649904839913,-15.229786866897973,-14.89484460101794,-15.46399059420084,-15.382552086452938,-15.333525504745051,-14.105510880236634,-13.038590766673263,-9.517405652919404,-10.044760237922274,-14.410203848890216
-11.58275819952185,-11.563087331635217,-11.780199015692236,-7.829635620136492,-6.696829896399784,-10.94954300425908,-11.515275753090009,-13.01580609718559,-14.512256359888305,-15.838720015679767,-11.271346829573286,-16.40326294420127,-13.15485757966372,-16.299335872647543,-18.321434440334265,-17.728249411446754,-16.727173513522317,-16.02234041026332,-16.712713320228772,-15.27383352544352,-13.918108559609268,-13.321656008777579,-13.434198305366023,-15.310723244338964,-13.153783123249784,-15.44045768437634,-15.650798475439988,-14.75805677044581,-14.92524543464274,-14.768596647358393,-15.29370760237323,-15.542923687865379,-14.617899577911587,-14.971081164586575,-15.533090353590907,-15.478953300017034,-16.03844289915588,-15.413549908850444,-14.025102790526233,-12.497453719114034,-12.262594782905614,-11.614287536012249
