public/json/wind_2018-09-1605_950.json
{"header": { "discipline": 10, "disciplineName": "Oceanographic_products", "center": 0, "centerName": "Ocean Modeling and Observation Laboratory", "refTime": "2018-09-16T05:00:00.000Z", "significanceOfRT": 0, "significanceOfRTName": "Analysis", "parameterCategory": 0, "parameterCategoryName": "Currents", "parameterNumber": 3, "parameterNumberName": "V-component_of_wind", "parameterUnit": "m.s-1", "forecastTime": 0, "surface1Type": 160, "surface1TypeName": "Depth below sea level", "surface1Value": 15, "numberPoints": 4800, "shape": 0, "shapeName": "Earth spherical with radius = 6,367,470 m", "scanMode": 0, "nx": 80, "ny": 60, "lo1": 109.0, "la1": 20.0, "lo2": 116.89999999999955, "la2": 14.520000000000117, "dx": 0.09999999999999432, "dy": -0.10000000000000142 }, "data":
[rows 0 to 21 of 60, columns 0 to 49 of 80]
null,null,null,null,null,null,null,null,null,null,null,null,null,null,null,null,null,null,null,null,null,null,null,null,null,null,null,null,null,null,null,null,null,null,null,null,null,null,null,null,null,null,null,null,null,null,null,null,null,null
null,null,null,null,null,null,null,null,null,null,null,null,null,null,null,null,null,null,null,null,null,null,null,null,null,null,null,null,null,null,null,null,null,null,null,null,null,null,null,null,null,null,null,null,null,null,null,null,null,null
-15.611284622287098,-15.481175649113435,-15.462090456636572,-15.924643459295924,-15.574204455072111,-14.638026347748008,-14.04808231190244,-14.60811084117531,-14.728266519167615,-11.798929090391352,-13.67271497963102,-14.580359398997327,-14.991648551131522,-14.710531454551969,-14.77123821686224,-15.80185998025706,-15.428431351144228,-14.39580194132482,-13.717824237860873,-13.47307049929399,-13.15050143974009,-12.83883571956703,-13.117746764208363,-12.734401549491418,-12.666957308951282,-12.154154978701545,-11.766482217889479,-11.070741084719533,-10.34685813704517,-9.35528547922319,-8.358593895173751,-7.573488391197472,-6.34651276678999,-5.769771333758389,-5.225229540365739,-4.805309268592138,-4.588771927499909,-4.128830344082428,-3.7292730572804693,-3.6496566970828743,-4.2538526635636345,-3.7130965899065895,-3.1640190262316996,-1.5752082955206814,0.5396993729253711,2.5721189078434707,4.544320419743671,6.197629321718075,7.882598226513155,10.053747778305073
-15.614854976176499,-15.818085382937184,-16.101792276192853,-15.056359634607082,-15.045245304952724,-14.480592734010136,-14.476653748881354,-14.961118555657464,-14.783639240303682,-12.775702130830492,-15.290401849899503,-15.018795451309694,-15.290431242894421,-15.343335265858371,-13.939993917057478,-15.04712279178268,-14.468471650867576,-14.211146592261649,-14.204008803185038,-14.521451032403428,-13.911353603930863,-12.974048268498986,-12.842921669302903,-12.479898784695244,-12.441414996588062,-12.51516402666714,-11.656336780948424,-10.454132322944497,-9.294601474194375,-8.08565307615795,-6.5497734527037625,-7.406887040225665,-4.425760016393874,-3.7624266694032507,-3.0466871318112996,-2.218458828154037,-1.536940822441197,-0.49463410148735204,-2.7109333770082813,-2.0233387806784178,-3.4237000859074547,-2.9351745654530172,0.7808098481603267,3.259655781988254,3.9506528079683205,6.641286320865891,6.96193760422786,8.17459714936375,9.642749675887181,11.027331881511014
-16.012872483610177,-15.107061148487823,-16.204119315011013,-16.263409216005495,-15.591504875824475,-15.108060638057438,-14.686194635730306,-15.434365233911585,-14.02970779546093,-15.227787120697503,-15.725222898359556,-16.63116990463967,-15.18714715495854,-14.699638491618899,-12.82744648104617,-13.33787364276559,-14.469217710272755,-14.473996372090571,-15.39189950043737,-15.50089704429062,-15.673370121365881,-14.516094616937814,-12.925212557223345,-12.383502197313033,-11.806203346173326,-11.404237960591614,-11.328988300321098,-10.642517762271476,-10.467708013783067,-10.260297233653684,-8.730896930222867,-8.803651653492338,-7.706439348565258,-7.609304583357609,-5.471084481335584,-8.011013334744762,-6.8415683119228845,-4.427410488998053,-7.859347797989436,-3.974235911517666,-2.730414684372949,-1.1892801201777385,3.0291917801388557,4.745736507089955,5.414101271796847,6.319433816595876,7.545312241525469,10.007173035684612,12.352440572756183,12.008536374968532
-15.77980276538155,-14.884390741882529,-16.748425516492528,-16.349591250258065,-16.188620687522953,-16.134593656793882,-15.748396941327119,-14.821114368798051,-15.437493570252935,-16.335461688122418,-15.35525063174149,-15.708684649508694,-14.24237309404699,-14.12771586161954,-11.952381131604902,-13.353562338642728,-14.142329896755422,-14.98770735039725,-16.43081559177273,-17.26333118216881,-17.106597213229122,-16.711662996276115,-15.104187086509347,-13.58411971941742,-12.73106565274686,-12.284380560799717,-11.939892607215956,-12.39745618121621,-11.769883089858443,-11.677923562708042,-10.928303972364244,-10.215145215581185,-10.277827114499585,-9.96458637660998,-9.391005936997315,-11.396159255716977,-10.474898433501826,-8.166064552873188,-8.305742749875375,-10.682589177830586,-8.953393566694855,-7.2414330397950755,-4.695754804162548,-3.291649208175322,0.49528259942064,5.207871046104131,7.829010269783797,10.412233093076079,13.642641216940609,14.870357216942558
-15.919145100264451,-14.730841958736352,-16.51273586320928,-16.25807972632316,-16.316574621023896,-16.37056876587979,-16.371764810771058,-15.442087366710496,-16.90228964625283,-17.27629213354708,-16.545884080782344,-15.657344471092035,-14.739009262091542,-14.457037627066528,-11.879280310456899,-12.591663098022114,-14.180142966669937,-14.479464170466064,-16.97983156036845,-18.391441228678673,-18.66915852363408,-18.040533814795236,-16.87413584054991,-14.909694460518697,-13.587638236667026,-12.298639134899705,-11.264823639909194,-11.344758987170078,-12.423943029031843,-10.697408736743686,-11.69134956261086,-11.921866273506236,-11.299532646800404,-13.98258279895218,-15.676667859478806,-12.691529022112885,-11.918664099832458,-10.983989410480213,-12.7385452157732,-16.527630616064442,-16.994872952614678,-14.208228120728087,-12.707102806711985,-9.815798082698151,-4.6435324987725295,-1.3921491466684888,6.556889133188106,7.219496249133878,8.709933147883634,11.967248802587612
-15.76557929331226,-14.734537182554437,-16.630535113600263,-16.134201747575666,-16.33174010988486,-16.63403598563513,-17.609892702817834,-17.159633586638126,-16.151947047436877,-17.56916299847133,-15.45290585311329,-16.13143852480999,-14.41868609005859,-14.684759797146622,-12.202728783069537,-12.570008179206626,-15.468881033560395,-16.823758084279742,-18.005322646244103,-18.64666725662687,-18.733872362059074,-17.40424699548165,-16.476440838999874,-15.467033420044503,-14.743890346915911,-14.125623860922518,-13.160633116040053,-12.584961464536399,-11.179902627165482,-13.767511507243904,-14.185296460177831,-14.740535125256677,-17.815215114485387,-16.509162368208663,-16.60242020482969,-15.62151391790184,-16.017342741900517,-16.154352619213,-14.569779344157617,-14.716125988815607,-14.158868820171199,-16.622652170528603,-15.92754678644675,-14.397568791601357,-12.572162654712734,-10.318830624075577,-13.086420906697619,-6.504441064372039,2.4303690069419988,12.189913774324841
-15.40311400452866,-14.44572040232967,-16.5468474396747,-16.347550545818695,-16.11084949454532,-16.16613026131416,-16.576897132169258,-15.869564093701946,-17.163893683354296,-17.387427120397206,-15.356524179814313,-15.692593009413772,-15.899347112362825,-15.395997589330845,-14.3145555839135,-14.632552942895792,-14.593764888311984,-16.00298504821945,-17.59122546198428,-17.475810372549564,-16.859893734569727,-17.385098092024048,-15.914230362564759,-15.320138432108932,-15.060861709042374,-14.805781022450486,-14.573380501666287,-14.51386411537208,-14.533035824985777,-14.735087672239883,-15.457989349399039,-18.94526598341896,-19.94932186888905,-18.467586058950907,-18.577336003940772,-20.235739896813485,-18.059824326135153,-21.325032664861176,-20.869377848677093,-21.43491051556793,-20.805930279358634,-18.898562318938133,-15.328392463359632,-16.228876593016896,-13.559912599800363,-11.9647905218243,-10.511188733449796,-9.343195253503609,-6.0397513750391045,0.34958473163121007
-15.282275932643918,-14.725192652810737,-16.32076192765695,-15.616519003061805,-15.70203034483778,-15.480155830395248,-15.725796882625637,-14.594377204099636,-16.47418626089669,-17.032917246951243,-16.604007864779668,-17.046229559728143,-16.055627743638528,-14.930744032041186,-14.78069086642426,-13.789518917652192,-16.045656280846444,-17.683090057165543,-17.986973904914425,-17.29843309593803,-17.019748185039756,-17.21231251195512,-16.75133043370945,-16.92326011385912,-16.418346870920235,-17.058825558003498,-16.786998537546012,-17.410581080511044,-15.742763133939723,-16.1381330614143,-19.869827814817537,-19.79845127785588,-19.371305355791087,-22.104200685688507,-21.571335252967298,-20.168377510334047,-19.770628488175586,-24.288996878949664,-23.71439176746263,-23.80188103043737,-20.953084368731375,-20.52604885989108,-20.675469273749705,-21.933246489288273,-20.59393935214312,-20.000086177839954,-11.196945370201348,-3.699472494325909,-1.6675163974399727,2.884072698564711
-15.085568806981577,-14.97376722379914,-15.630421826254194,-14.754962795776446,-15.774380746722857,-15.560309122884817,-14.99344269184525,-14.427304649788317,-14.825282569379159,-16.92913998697915,-15.948649758886805,-16.72395857521976,-16.45049998649094,-16.685943070075982,-15.604612903848885,-15.428816805832657,-17.81674106226535,-18.083628882401026,-18.292937129871607,-18.737012635418573,-18.92816506058108,-18.373210078321534,-17.356047487223147,-17.960186795515433,-17.807351646643262,-17.677116503662653,-18.43112572331263,-20.027005631002098,-18.799864151351656,-19.524210672123992,-20.571462982920266,-20.342197542239806,-22.529013319022862,-23.01266154953368,-25.09879101571607,-25.79960657306359,-26.32521303137735,-26.859871283631893,-25.07583226161831,-21.636962019823187,-21.916694801941468,-21.86570968966384,-24.019466756975362,-25.134215630995683,-21.100529464393396,-13.419233595916873,-5.119588190738341,-2.4954763297728455,3.1600698422931925,4.6703906052467685
-15.013552197195011,-14.818699973446039,-14.631102845818841,-14.269435004126802,-15.689125178934926,-16.469615057154087,-15.480543880658686,-15.326922547580086,-14.40418934479429,-15.374255394847578,-16.199144524260042,-16.55723177110547,-16.724395573850394,-17.21253102264368,-15.383543942616948,-17.788133023372403,-18.906707883353565,-19.011845186693975,-19.275242762673365,-18.732474329707816,-18.17727764868949,-18.644177233898375,-18.83167622989845,-18.12211804724231,-19.152652710664583,-19.377250915100042,-20.2512762243827,-19.52252924734774,-19.72029270222176,-19.92299441605136,-22.032166873718836,-22.95930779694638,-23.44175561950543,-26.153171474537015,-27.57470410503238,-27.510944085002627,-27.180119116854186,-27.54914517529472,-24.20470115426211,-24.4648905731692,-23.920436378477792,-22.573401974715864,-24.372498287918734,-23.127732597208983,-16.117075772198838,-5.80348634522346,-0.7262685050420425,2.984752775051554,3.418688531611993,6.6362661007295465
-15.373588601386531,-14.91787839513351,-14.870867024809815,-14.123646134455798,-15.25889139699341,-16.50112878519839,-15.54246492916741,-15.987800973104601,-15.717983483270224,-16.347283666919893,-15.999424631960393,-16.519800709688607,-15.783112749652227,-16.211272888882103,-17.49594427252636,-17.67387927123507,-19.563957017654708,-20.109229862232095,-20.19674914358183,-19.601683456067256,-20.19750104843261,-19.958855951138638,-19.081419595384986,-19.888176811018134,-20.845803400820905,-21.55357152214739,-19.36920355963868,-20.80703270577265,-19.777873889619542,-21.60388463301417,-24.101448850388696,-25.712674763219567,-27.405862216631462,-28.48060913710645,-29.031781969301036,-27.613301661333647,-26.3470566997303,-27.833919737048756,-25.560247143943204,-27.45453026128532,-32.276991748067545,-33.27840601371896,-33.71253341119341,-28.05656042564801,-14.823538122369268,-3.4722364086306747,-0.5905155660270323,2.5617983103407562,4.333741111185671,7.067073098586042
-15.409346730992041,-15.405570543708333,-15.033614210038543,-14.675160063549104,-15.50585901618976,-16.423825156624726,-15.657139422707674,-16.220763226449677,-16.992924290535722,-15.637404132024717,-16.888372624977155,-17.864958011708588,-17.06108099261759,-17.038904345944292,-17.7822391144346,-17.951380250936335,-19.865997166622343,-20.772949144189308,-20.700280376674634,-19.770207211048287,-21.05552826862551,-20.26865124941876,-19.709903070412537,-19.79161930475075,-22.180978632953238,-20.060058153364125,-19.849442234523625,-21.38876745088192,-20.733925335219485,-22.632173811332205,-27.09237943187439,-27.803161402547445,-28.78300846755328,-29.860689390674786,-27.82438656816703,-31.180604040861716,-34.868426651638245,-33.26540084470065,-33.97750375082821,-39.67403033927654,-39.364202980482006,-35.84207372921979,-34.7673334845955,-26.0907159008827,-13.29690216493437,-2.7254063539602456,0.638085211279255,2.023700073781339,4.161282646880421,6.191012896190676
-15.261538165269338,-14.999023877654773,-15.048045660044185,-15.145983555941712,-15.076537248225076,-16.38875925959119,-15.674020179613695,-15.844717336596368,-16.599840128887486,-15.747110127585865,-18.241267341771124,-18.4559752815319,-17.324496617583154,-16.14340842470483,-18.985852783414543,-18.749766083936713,-19.755140120988905,-20.864316591255808,-20.55821101932962,-19.463315396338242,-21.676554331042922,-23.083089478114346,-21.942230392204284,-23.37439902950963,-22.08665535241214,-22.972155596740027,-22.300410393802153,-26.888635893210818,-23.60481239800865,-27.317963407895945,-29.209356777923773,-29.70887589653463,-30.299085894865424,-29.038076283686465,-30.906558747882357,-35.55139369824628,-34.193527479500375,-35.629817213942374,-37.36425086009332,-36.69418815027426,-41.8077709298536,-40.879040466098886,-31.17984519074713,-26.093404614962488,-6.986952856758905,-1.0563792604394602,2.7092135754228943,0.6608557515630347,4.291422557084583,5.0460732732228895
-14.92612238169338,-14.828541300424375,-14.723163721710174,-14.329699545223276,-14.194907753819592,-15.700012213741658,-15.774281548879568,-15.553045167097757,-16.219853970870762,-16.32500257759231,-17.692975849841655,-19.099536410720255,-18.892910989388664,-17.470557029573577,-19.747455265391185,-19.64229531800408,-20.716753173998583,-21.32005258157346,-20.979378251267306,-21.39382193127897,-20.28889155313855,-19.97674308309045,-16.409500467535416,-20.761904551262862,-20.48223141438362,-18.543336154465152,-29.417807775025313,-32.17705352753523,-28.274594974477345,-28.054603511038778,-30.39600367557603,-29.707722497566525,-30.631636902941217,-30.261154239721094,-34.095724951425325,-37.450436495131584,-34.48842260560312,-37.25224266155125,-36.13646542612493,-35.79120929265507,-40.19110116800706,-38.05174076878266,-35.60082236645793,-10.629678235146832,-2.4283206603821172,0.4381804526403045,1.7446900056229775,3.7028643357493194,4.966666503051156,4.044485040412449
-15.327570944272438,-15.140772537427953,-14.7674627529581,-13.749244134594447,-14.27549954496969,-16.354656528461938,-16.872439910416738,-15.794482774247935,-14.709220372749941,-16.09918386042205,-18.915912797709943,-19.83167056847482,-18.95033409522882,-18.460189105054152,-19.245381971846406,-20.449967585147895,-22.100998826233926,-21.088045697351134,-21.1528762110918,-19.470813285417265,-20.2978769217327,-23.888958022010314,-23.272308408645035,-21.25025313993806,-22.85516817278965,-32.613107893724795,-32.75272204789956,-24.83839145201047,-28.542419861406547,-29.33654744617251,-30.989133100412715,-30.732368413373926,-33.226990952350604,-33.51624479771756,-36.95016929940256,-37.64991051666311,-34.75997984113129,-35.9366263179341,-34.161223967756605,-32.950284718841516,-39.9210102876376,-36.12873317753889,-37.301231506754355,-15.483949188301567,-2.55808382373583,0.2464669903957407,0.7740349569596428,2.1562729237872253,2.8948805190801643,3.7584790887414683
-14.813318857181132,-15.15150992349298,-15.817200952825095,-15.132218094646719,-14.749971770890484,-14.953279455220295,-17.21860620409956,-15.255215743375018,-16.459207017338343,-17.605427248336813,-20.124828857827655,-20.506671455840525,-18.97019114531345,-18.501534440337593,-18.39144983353391,-21.6877362563831,-21.54512750864398,-20.96433745423918,-21.154932750664425,-21.482571598754575,-20.940449868462743,null,-25.713455470193413,-21.46463159561336,null,-32.1693965108091,-32.18407547332785,-32.09857030221361,-28.04435875838287,-29.99819023323158,-30.470351621544822,-32.76239903463028,-33.41558783214613,null,-34.538738908965456,-36.673651375468395,-36.81024521399656,-37.34468466700626,-39.4827580191254,-33.60731548250125,-38.85493953365029,-36.01771290487784,-34.785188850251316,-28.11579288380025,-5.606838480270712,-2.493419662474194,-1.2290053755890333,0.6377865189759852,2.0511745138927457,1.5566844714718844
-15.10093190554673,-15.464806008546589,-15.236097506221347,-15.95822724418037,-15.245669023326617,-15.395858822597653,-16.8256346084646,-15.339239824081401,-14.043826811622425,-15.86529406114912,-20.899134013614756,-20.369234548620078,-19.50773962047883,-18.790729370997735,-20.476011892982662,-21.402176291478455,-22.267435892709464,-20.251529086775438,-21.35320399025442,-18.94486364182224,-22.890160281517776,null,-30.302316288414048,-22.139514840689664,null,null,-26.351532946444628,-32.43286353545488,-28.753410155959976,-32.054362683359905,-30.805713079416893,-33.970899024560175,-34.8300155053,-32.92796629362699,-35.40353671878818,-31.582432218073315,-27.51159488374049,-33.87750061765002,-38.25149082244761,null,-41.28068669456205,-38.44148035106102,-33.9434954916929,-25.873480096727068,-7.308721970586319,-2.541617545769399,-1.9500686662780828,0.4250499119137813,1.6775739094752617,1.1809946226245138
-15.333423286957817,-16.31511835515241,-15.970881358415223,-15.211368536935433,-14.492440748477723,-15.96052257111913,-16.27835821130089,-14.302897293049659,-12.448752820169425,-15.284004716000474,-20.79238435074251,-19.175695057714996,-20.134281986056674,-18.341799765034793,-17.158169177466576,-23.100010521348494,-22.270120326598683,-19.632252765724413,-19.813458038062297,-19.41672803451012,-23.382542052529228,null,null,null,-18.65685756179827,-19.3921070003424,-28.735705477412175,-34.713225857442325,-33.16847716799132,-32.69121759825073,null,-35.92403183090765,-34.680208982264496,-32.335377653957565,-37.18719299057396,-35.37232639310303,-31.255213825417545,null,-37.55208912280496,-36.21868395145374,-39.59387270615497,-37.6781579692984,-33.70460812822706,-26.11883099685916,-17.0326412331681,-3.2222964265795757,-1.8431435660367634,-0.22841443572263517,0.5376484048208475,1.1952855867149972
-15.487454654272282,-16.656758605913986,-15.914543375685085,-17.686253893897515,-16.83610110977397,-14.854980764360956,-16.424484813280174,-14.516178750278048,-15.667711418204728,-18.273682162773014,-17.521038526754836,-17.898374219064486,-19.422320877009223,-17.767830473958206,-19.688997219650467,-24.718533953300394,-22.85580466823715,-20.423212336941774,-20.826431075800595,-18.933852437658906,-21.699296672390155,-16.05395040644852,null,-23.871300469679493,-32.9070524563444,-32.71224736335728,-35.7476283634192,-34.354129942691486,-27.427643269414013,-31.384580596525787,null,null,-34.6753271620964,-36.10530495010129,-35.09048906714767,-28.675499730089,-37.10485228859329,-36.81902371532012,-30.197734802960944,-30.072929721790686,-42.21695262032162,-40.78113732420158,-34.732731027848764,-35.05712691002643,-21.17263938140593,-3.9650037440365478,-2.115046614325967,-2.213692834406197,-0.3047087734532136,3.9032230066107765
-15.862793549372041,-16.059747261237728,-16.961709182175664,-16.103960925342424,-15.134789818508906,-16.07317505738035,-15.750037003231352,null,-18.459979506491962,-19.243839127900728,-19.89581322713628,-18.383990036368267,-18.34687578401846,-17.197832549681603,-19.202570642774102,-21.460806271862936,-24.559599946758972,-21.51318747088197,-21.14197910761893,-21.571655450331278,-20.81600218512142,null,null,null,null,null,null,-31.909775532024305,-34.302795993512625,-27.372429030237235,-23.49479008718756,-26.638382739352107,null,-36.92536776714029,-34.673101973645736,-36.51651386845426,-38.349446271954044,-39.6048028817437,-40.00808633282355,null,null,-39.27121843992505,-31.0994362321115,-32.63370269194657,-30.110994471687256,-10.498516111039915,-1.3492960899571556,0.3883612510408466,1.8394185264553178,5.103426618224798
