public/json/wind_2018-09-1522_700.json
{"header": { "discipline": 10, "disciplineName": "Oceanographic_products", "center": 0, "centerName": "Ocean Modeling and Observation Laboratory", "refTime": "2018-09-15T22:00:00.000Z", "significanceOfRT": 0, "significanceOfRTName": "Analysis", "parameterCategory": 0, "parameterCategoryName": "Currents", "parameterNumber": 3, "parameterNumberName": "V-component_of_wind", "parameterUnit": "m.s-1", "forecastTime": 0, "surface1Type": 160, "surface1TypeName": "Depth below sea level", "surface1Value": 15, "numberPoints": 4800, "shape": 0, "shapeName": "Earth spherical with radius = 6,367,470 m", "scanMode": 0, "nx": 80, "ny": 60, "lo1": 109.0, "la1": 20.0, "lo2": 116.89999999999955, "la2": 14.520000000000117, "dx": 0.09999999999999432, "dy": -0.10000000000000142 }, "data":
[rows 19 to 37 of 60, columns 0 to 42 of 80]
-12.924159345680202,-12.880422534390721,-12.558350392878946,-11.74484442458802,-10.931586346986158,-10.53279922181036,-9.938512040133421,-9.582762590925793,-9.12951609465578,-9.468025360914098,-9.752170535128315,-9.45206839197187,-8.981468253267028,-9.163460212607387,-8.716920637501318,-9.110195497668553,-9.584625528601133,-9.044470871397358,-9.66806184261932,-9.180310059092422,-8.995079995915923,-10.655449770099565,-11.166270003090752,-11.226219734524543,-11.741262910060616,-12.481053158908402,-14.459029842662792,-16.34071364832124,-17.038861020554208,-17.332509464578685,-18.38053415883136,-18.028611662067465,-18.537799545492952,-17.444880214801962,-16.83368282035504,-16.647123038820546,-17.037206457536442,-17.813246495066537,-17.428728937202393,-17.64143383953859,-18.612820664303715,-20.688178369336516,-21.425915168926164
-14.060936690465583,-12.865980070933295,-11.945042788253941,-11.40662836669305,-10.782776622673893,-9.31094181298788,-9.238216136488596,-8.234766358650825,-8.318046137616609,-9.01667607220562,-9.407169407181026,-10.305457513527186,-9.679823043008195,-8.923682337982596,-8.954087121665367,-9.073617219033238,-8.292804161762266,-8.913115647124183,-9.668374223636562,-9.119980164862783,-8.941987760548116,-8.072395594823613,-8.240475717220901,-8.3174676588796,-9.28883576857699,-11.606342507752853,-14.452769890621981,-16.064872970373656,-17.64641035064726,-18.99229533503074,-17.901906908523987,-17.437928410080467,-17.272233097126357,-17.813781198484712,-17.437520640955196,-15.653423531051484,-16.411726392105436,-16.41483135247857,-14.891846997660041,-16.086395462881164,-17.966339419471467,-19.833016840199864,-21.47068053519809
-13.84393834832181,-13.658385370703854,-12.414019568062052,-11.736730669787232,-10.95070028065486,-10.126986848547977,-9.659512011266266,-8.311652019725786,-8.889110498263204,-8.43010318483308,-8.203079459962439,-8.597340675258987,-8.671624214183087,-9.250509296101665,-9.7629051314505,-9.774776744226582,-9.768921505982384,-9.382330341400497,-8.487888504637091,-7.072227287359651,-4.727221167254353,-3.1934345662900023,-6.002817385051105,-9.652114727396482,-12.560596250940769,-15.096029625222307,-17.048936406901536,-16.783235053707998,-17.264161094924088,-16.886530606369806,-17.35324093368531,-17.83298429459108,-17.34958955338373,-16.682734226548924,-16.61985305396931,-15.393668034618779,-15.629670464570458,-15.589515841125774,-14.902982964474052,-17.959356921153354,-20.839821840147685,-21.128805323277852,-20.7711693296985
-14.76383603251967,-13.662531570751582,-12.046113845937096,-11.931039758082196,-10.716104857518616,-9.254700689971218,-8.573422376998424,-9.210620104736405,-8.572569074992497,-8.721455454788961,-9.039293252304384,-9.536399304571603,-9.129686060802277,-8.795250289845416,-8.691990512352708,-9.515558409031186,-10.605101861937545,-10.02058249323951,-10.545983341806592,-12.030059954075087,-10.217314581332008,-10.348343473508653,-12.141321329090221,-13.88872936307425,-14.056055268288935,-14.0506366155012,-15.706382249345099,-16.63272848983851,-16.712541031105253,-17.105718239595486,-17.334453912677287,-16.31366971413385,-14.994766854769589,-15.195727213453974,-15.430585043036853,-15.12621296240832,-14.56848126293118,-14.889280468299106,-13.763088300514987,-17.895319180863645,-20.24152891192317,-21.463532685498883,-19.774435973359505
-14.938247285824389,-13.934406203361537,-12.900763970885652,-11.83434686480455,-10.817104051983039,-9.919452686003165,-9.571857767169194,-9.079557816261437,-8.393660553253275,-8.730751323886016,-9.042896817627902,-8.448844098141524,-8.918265795073276,-9.178410749067389,-8.83273629694926,-8.64910639782386,-7.6244403180764895,-9.240622972682868,-11.534773923006227,-11.953799481010536,-11.04668958558283,-10.634410174913851,-11.695409059438923,-11.96811406018367,-12.883615062913716,-15.687734323995572,-15.899129848987124,-16.156955137672426,-16.058488026421045,-16.295539294693896,-17.122464873151287,-16.81272699022912,-14.68215009073092,-14.676235255688443,-15.44593123555713,-14.58175175703612,-13.496973536539258,-13.480424520793427,-13.941635104346542,-16.609313141391247,-19.748805718437573,-21.058830174508238,-19.153378115557125
-15.307046886520265,-14.447625189474172,-13.160108604163314,-11.851223312982931,-11.771321566368876,-11.045484363570305,-10.612154577099245,-10.180312475693825,-9.879381749560944,-9.921495411353801,-9.797365477792745,-9.83974162338819,-9.35707673652904,-8.818658590901407,-8.708069046423988,-8.538697453697484,-10.312801082856437,-11.460427640277773,-11.546966800268375,-10.773287553614365,-10.118617463169771,-9.163680677560963,-10.642091026924914,-12.447828900513128,-13.591207913264812,-14.611822323476744,-14.446544630191864,-15.147415182864805,-15.762471396330614,-16.40471146975858,-16.786242135324144,-16.724103795880577,-16.80508336430204,-15.298368275807096,-14.942404736359626,-14.236916781942918,-13.586594958706264,-12.46906558458275,-12.396424347811251,-14.84906645179604,-18.896438902794113,-19.938524269068584,-17.9988240564165
-15.318897080532196,-14.565131214353434,-13.863120330850244,-12.226384972828928,-10.7245476119518,-9.424330349238833,-9.609026832893882,-9.61765098610297,-10.095890198985586,-9.71534289122096,-9.65574887092661,-9.413925252486633,-9.077429067756547,-9.024843818880552,-8.420570015519075,-10.482338607742685,-10.356374401377268,-10.83934095499097,-10.481950101013503,-12.16217407372557,-12.217269459813282,-11.085766764619747,-11.408412127077243,-11.360917785377525,-12.261362272134948,-13.20316552773882,-13.246411979315328,-12.633263949943288,-13.751342118255842,-13.652356561035122,-14.682932247685013,-16.23970716754761,-15.58809983257542,-14.276059111281832,-14.488496354259793,-14.66450570267808,-14.117014847260188,-13.432777056097748,-13.292963903837132,-14.72416773211471,-18.183081757301743,-18.8659445760737,-17.096573060416524
-14.967409077684167,-14.439328553043575,-13.532006148519589,-12.409285792159858,-10.96085634439821,-9.547976048339644,-7.702057297760284,-6.598354811141011,-6.826691203186971,-7.078215740286795,-8.543437076047786,-9.291463279359935,-9.041028514939793,-8.830658040612656,-8.996032668889516,-9.810316112647072,-9.377992498616578,-8.9434998071531,-11.328395731431826,-10.791767845048984,-11.167506958013483,-11.542102746203504,-11.042141640914421,-10.686459069608828,-11.369839981759856,-11.9330521990318,-11.707091508882588,-12.16754909649794,-13.465785978871974,-12.941659321127322,-13.320181940165044,-14.053816058841768,-13.887574622272584,-13.57739319709369,-14.069614515876443,-14.877750570644489,-15.350713100951122,-15.555325189300103,-15.294054606922113,-15.235962386375016,-16.09419102226294,-17.176357044924096,-16.230870345650384
-14.788807256745477,-14.228262757198838,-13.522389231048276,-12.348784701510596,-10.80979096400688,-10.156996039452034,-9.60251168295789,-8.974893303669884,-7.933436556607208,-7.147180196217159,-5.690058786517738,-3.528496164510923,-6.413024007550271,-7.402594932983826,-8.038350686012949,-8.8431093834776,-9.494178926067319,-9.544402243459118,-8.96619611213932,-8.638123683897776,-9.930996385406809,-9.445515286432501,-8.981928588946973,-9.556369215604713,-9.935481116550541,-10.277857916261508,-10.403745054821266,-9.935161273300569,-11.231936958412305,-11.743960023404163,-13.019961714772338,-14.089848352171161,-13.695905098583465,-13.651158287721032,-14.288934548224779,-14.385369417925954,-14.748553466485188,-14.661123511510992,-14.316729229866281,-14.99700990105504,-15.401156047133817,-15.546182613899358,-15.403102542142879
-14.188506754801777,-13.57659180560248,-12.690103816554807,-11.811784098910158,-11.190882891120644,-10.577075239636766,-10.302626418651359,-9.54535093783324,-9.29663338590515,-9.454637058049826,-9.988527772565991,-10.293783488196874,-10.447669421139272,-10.578052815085668,-9.843738433260063,-8.463051955020363,-8.1477957089621,-8.88749491144838,-8.920548718436779,-9.73938941745278,-10.10842937118624,-9.201663809217543,-8.16832794823913,-8.08903039139921,-8.665365818540167,-9.431965019701625,-9.189063208482468,-8.849299068538567,-9.868472263818092,-9.761148998284693,-11.02336597214671,-11.94702104481148,-12.525454385977913,-13.126448171169198,-13.85484731999643,-14.074496341840732,-13.424771664142462,-13.320669292186288,-13.787837156927194,-13.797405274657866,-14.042799351305533,-14.39324991913756,-13.890013188636063
-12.855243692831543,-12.081881442998974,-12.865741319133473,-12.236887542027201,-11.265559473689095,-10.468849604044944,-9.587921630198675,-9.009532563546935,-9.089508908958186,-9.471879115425336,-9.559066872990487,-9.619912980764568,-9.079968831907989,-8.34976799798489,-7.5816335476410766,-7.992979620264112,-8.51154858581817,-9.259291728496377,-9.135579139866806,-8.996094775379277,-9.278746040604512,-8.864065607650273,-9.29596640481017,-9.613816067379913,-9.60209679113302,-9.523247565788438,-10.082464631436974,-9.134767218674302,-8.929564059194998,-9.774154045371409,-10.141122106237521,-10.897259449489555,-10.933181079422571,-11.486904110253512,-11.560459107141659,-12.581529224738349,-12.902692222023875,-13.127643781081677,-13.12726854520843,-12.87734548030178,-12.90997317834365,-13.346348607093695,-12.903415160334362
-13.933556598106726,-12.949338875702935,-11.2566598280545,-11.389940527656304,-10.786098127284074,-9.354897627797058,-8.708936061225193,-8.246699293275823,-7.9605934487849535,-8.244822916055433,-8.528221294600788,-8.406519058880317,-8.456044975582753,-8.45718264366207,-8.192300193436965,-7.297925051746084,-7.341981956079435,-8.0330070515764,-8.341443361918335,-8.425840897352298,-8.923414842952027,-10.065759485433816,-10.279834707693738,-10.397787409035855,-10.427090518253328,-10.804816132715949,-9.759683632780378,-9.25647937302396,-8.909591929046277,-9.00744295106035,-9.8928097784273,-10.309437638311998,-11.461564647046629,-11.746737411051164,-12.152375880012897,-13.331377954516832,-14.63234309626796,-13.747456851648378,-12.83508270646073,-12.272001330458464,-11.410948057240708,-11.677668996812937,-11.577345013787733
-13.281953593523912,-12.754704529919795,-12.088515436596944,-11.241063891672745,-10.553982722051321,-10.264995989781088,-9.06226140292501,-8.07544144622815,-7.412074409224042,-7.494281045867853,-7.466014940876061,-7.807847258867918,-7.869612654048667,-7.440184826708105,-7.170601555385714,-6.557800954430742,-7.056501566939485,-8.069033622266451,-8.063872612637256,-8.942164866379894,-9.48347109468894,-8.719057380837363,-8.384542423032011,-9.119897167305593,-10.120934449195527,-10.028678220633203,-9.019932128452037,-6.9409282051016525,-6.119998704146232,-7.127437897166814,-8.338434571727054,-8.676288452760822,-9.340911070045552,-9.309397783589493,-10.416214879790644,-12.07933264672162,-12.422621010335012,-12.683323444340326,-12.814033637376621,-12.212633365752566,-10.966160080210972,-10.83158022549988,-10.976648238318528
-11.692711298934933,-12.005491320695327,-10.64563400403,-10.214588605820973,-9.524902200776967,-8.58479592590853,-8.344015255898134,-7.682143590267959,-7.429293645154836,-6.98233502449119,-6.726196374509445,-7.137939808766158,-7.115102607092989,-6.674932082870249,-6.54800412645001,-6.8373900205480425,-6.868316238764364,-7.0132042284059946,-7.536373847166113,-7.459369783867437,-7.796408936733198,-7.7105409520257915,-7.365042646456056,-8.05688461917558,-8.201503835261146,-6.7935595490380045,-6.380731089060066,-6.013783295704002,-6.354450915124892,-7.46201320406694,-8.511322591969313,-10.088184318002856,-10.587905158727123,-11.173791234442932,-11.42049074881126,-11.972549493243225,-11.851092613973247,-11.769234594454703,-11.783493547188229,-11.777977609737983,-10.188173294819393,-10.53352122481416,-11.37333963930975
-10.943490930342287,-10.978778423980772,-10.695281881283345,-9.528564628190892,-9.36395434796868,-9.051928352224996,-8.273602845758152,-7.292975107217381,-5.998770068927083,-6.115683755188554,-7.024110713203803,-6.851062740476219,-6.772280373635709,-7.006359391514508,-6.939688068150983,-7.036652618762268,-6.830214080791093,-7.217633842996649,-6.902576539708044,-7.2742895003038335,-7.227069483224295,-6.970615561525203,-6.851005194799625,-7.2432540160995655,-7.6817653329635744,-7.6299105377468734,-5.589913018654377,-3.47160121628509,-5.433266515326719,-6.757655441574884,-7.511623275020124,-8.474154991111362,-9.362646014868552,-10.864828034540826,-10.858147319440556,-10.024391011455892,-9.581413320320937,-9.950984345441658,-10.546248965021753,-11.159454061731216,-9.78696665244138,-8.49528277323832,-9.4884504006336
-9.973627219066909,-11.156701830432173,-10.392378404548328,-10.385803135978524,-9.5186881252493,-8.525326543479961,-7.433876617254428,-6.7750887779169275,-5.982734808781686,-5.380235355771197,-5.46537802584125,-5.942431844130915,-5.610111774541776,-5.82100334743481,-5.655270931591412,-5.958426103346183,-5.9368284661597865,-5.801028272313023,-5.5312413251547214,-5.357652888908438,-5.565354630573063,-6.535388208388833,-7.106613137779567,-7.759776204443783,-7.944427309614761,-8.303663668580658,-6.205401318497918,-4.80886374727699,-4.576115372452012,-5.769343149583321,-8.593679397966447,-9.12889294501356,-10.017465179139451,-10.420419756303353,-10.164849401504435,-9.460807287556328,-8.85646786345623,-8.392886132997852,-9.083125063124365,-10.236163976207642,-9.757804412073618,-7.293387013303618,-7.768481049016493
-9.870076972976797,-10.574568139295563,-9.675277628399128,-8.470850779458559,-8.059262394885112,-7.953021135589078,-7.99710408164349,-6.840474091912671,-6.210373982449569,-5.942907668708694,-5.128135522173836,-5.169143915636165,-4.131444699520882,-3.6877357889086873,-3.1076089907383486,-4.276861734932359,-4.6201920082008066,-4.778445890106157,-4.806957816139802,-5.387042286978544,-6.357014270794246,-6.811166791078598,-6.706867958976512,-6.4799911951248514,-7.229415216996509,-7.376883168469689,-4.770051888717232,-4.340202721815753,-5.215369208267739,-6.722150513428949,-7.261442906809687,-7.586318700280968,-7.4052917704723145,-7.391600097293074,-7.719749393973739,-7.6760583197343575,-8.627161859443559,-9.438883390961939,-9.688933093241497,-10.177754783303852,-10.024653391157775,-9.17581829878729,-8.686872527937437
-8.320117323836254,-9.070953768930508,-9.863604447518174,-7.947036724171589,-6.6086365493142525,-5.7611165841063805,-4.835596310820224,-3.5469899802804803,-3.3152419182033466,-3.8544255262224483,-2.3930765183446376,-2.0104901652310447,-3.246972725946981,-2.7556632970563006,-4.877719641621212,-4.823087274659728,-4.478444083257406,-4.259292651246437,-4.2598884768496355,-5.524740174099728,-5.170460551502912,-5.039615848693272,-5.381018832659486,-7.434427425687217,-7.488762026558082,-6.705771868823617,-4.545356736479867,-4.597068618897007,-5.072721325984588,-6.320913883610289,-7.438307602843389,-7.454268606108167,-6.763257734691573,-6.653052565266809,-6.6847487658813005,-6.343985597305295,-6.498490268373324,-7.040907839315532,-8.548488457762442,-8.840040740194205,-8.803112876712907,-9.285583700056613,-9.597353369663832
-9.21953834072618,-9.859123997983282,-8.705962230028888,-9.732040264938773,-8.431686424112723,-6.947638210858599,-6.040724575095917,-6.305451482569782,-5.8756492899319195,-4.786787805973129,-4.151196874707049,-3.2303128478398397,-3.4022641619182394,-4.774309149166499,-4.215552769149526,-3.836867495144971,-3.3068052300430617,-4.247690108491902,-4.937118042683193,-4.861626568483593,-5.0346386399821705,-5.734828754722933,-7.099160692762734,-6.904090873158717,-6.163682437358983,-5.9514238710567176,-5.145117917286835,-4.336721224317756,-4.71063559637687,-5.181814949072957,-6.672732461424637,-7.454379528621353,-7.147892802549903,-6.709041444480562,-6.4178918646359016,-6.62812522607198,-7.031947678731949,-7.8942331368892305,-7.767415643714987,-7.726183044031979,-8.768323539466934,-9.162962600828639,-8.329123146239516
