public/json/wind_2018-09-1523_700.json
{"header": { "discipline": 10, "disciplineName": "Oceanographic_products", "center": 0, "centerName": "Ocean Modeling and Observation Laboratory", "refTime": "2018-09-15T23:00:00.000Z", "significanceOfRT": 0, "significanceOfRTName": "Analysis", "parameterCategory": 0, "parameterCategoryName": "Currents", "parameterNumber": 3, "parameterNumberName": "V-component_of_wind", "parameterUnit": "m.s-1", "forecastTime": 0, "surface1Type": 160, "surface1TypeName": "Depth below sea level", "surface1Value": 15, "numberPoints": 4800, "shape": 0, "shapeName": "Earth spherical with radius = 6,367,470 m", "scanMode": 0, "nx": 80, "ny": 60, "lo1": 109.0, "la1": 20.0, "lo2": 116.89999999999955, "la2": 14.520000000000117, "dx": 0.09999999999999432, "dy": -0.10000000000000142 }, "data":
[rows 38 to 56 of 60, columns 0 to 42 of 80]
-9.135888015964372,-8.692309536756747,-8.691881278190493,-7.81129394545635,-6.87452563373176,-5.285734405648782,-4.531938102319319,-3.6578440804018526,-2.5246774624929977,-2.227137829863581,-1.634714633104984,-2.854227529381647,-3.4191810150853565,-2.9076278864949128,-1.9180250254266364,-4.172574946444729,-4.745186811869423,-5.049229010255807,-6.133590516147095,-5.693125415867591,-6.066309765469544,-6.979112656782673,-7.78968851897157,-7.13185310906896,-7.16378730659723,-6.984200240421053,-6.345523475295909,-5.932317746917004,-5.98087693145497,-6.841946126800243,-6.77556864560876,-6.437067791129012,-6.271989157405984,-5.856243519275508,-6.062039115668111,-7.34097455641846,-9.107494896762294,-10.71507777245433,-10.698903406454988,-10.438707704109806,-9.853536509649098,-8.542753270218407,-6.932131057882653
-8.61777600746923,-8.517835879367478,-9.047874206230187,-8.263269880522468,-6.711714546796419,-5.859500876056028,-4.482231693546894,-4.429501176161944,-3.858798681372081,-3.871624503163961,-3.8242100971538786,-3.7490244714255483,-1.8680784686432237,-1.6373235162224247,-3.191339496160982,-4.010252567216412,-3.994581482485244,-5.232646820187209,-5.915020652743845,-5.774910083973261,-7.164015550531021,-7.646506927414415,-8.30076914357079,-7.133755609277326,-7.446649854667617,-7.062042502095797,-6.135054735368106,-5.782343655444413,-5.684766606874925,-5.892298504364799,-6.427079065728021,-6.987183080247327,-6.881862842359805,-7.864257749765086,-9.07026235017372,-10.443432169371636,-11.288116756767968,-11.683595826984773,-11.639335611284551,-11.21266062379549,-10.57021975569173,-9.776296933210258,-8.26004787129616
-9.284622521273104,-9.12954028548366,-9.474065997375195,-8.280546090444277,-7.260349839483933,-6.0063753380022025,-5.220405930394827,-4.178570226227576,-3.6962365823287096,-2.497455111362029,-1.1057842689862742,0.15258594488934396,-1.6585684440557233,-4.095942705793677,-4.1292296654802385,-3.839024499848119,-3.415584135000149,-2.8789858905025496,-1.9996885203550503,-4.867975016296247,-5.03820544435251,-2.9389177222222296,-5.08823660411598,-4.574545415070202,-4.461665654641794,-4.571450238502891,-4.896041029892403,-5.265496734249533,-5.233916930471551,-4.795555592628538,-4.421338509140323,-5.716324603569708,-6.711322488120382,-7.030022954579866,-8.680833891789765,-9.866178223095979,-9.84511592056348,-9.85993397744539,-9.810243773378033,-9.927222683004256,-9.454969937516662,-9.243053945539636,-8.277336126665183
-8.927245142500583,-8.60419521918601,-8.855052498775528,-9.185688932799055,-8.182265589694383,-6.735437088312146,-4.7976801419341655,-3.893851934621509,-2.98643831085175,-2.555738711495963,-2.700441654620464,-3.7403976639125442,-4.244622909024155,-2.8014464692324763,-4.24626511895352,-3.520123618564047,-1.5361716084943813,-3.730557447743356,-3.9836845047116256,-4.14323137791629,-3.3516624911619113,-5.42327413943849,-4.45036003801029,-3.888047302623572,-3.2404314600067035,-3.726855438512308,-4.1969450469327665,-2.7450640408362497,-2.2525791358617084,-3.5297084706024693,-5.61265941822143,-5.558094651878648,-5.952984133408422,-7.475441612400711,-8.487448553505844,-9.589490755551008,-9.194683235173718,-8.88999661316953,-9.624684614803401,-9.372251146807544,-10.17746957781844,-9.513864728268999,-8.843128571709066
-9.181462212988492,-8.69769056525645,-8.505323213027419,-8.630195587238173,-8.417620186709119,-7.109307824326804,-5.799357429972982,-4.957199265711514,-3.8555676165388832,-3.1126612602930273,-2.8029841436259026,-2.925965958112681,-3.489841773928594,-3.7470226159553333,-2.2445812918599244,-2.884402634196719,-2.307754103842232,-2.432075371133908,-3.032064235652993,-2.9232073099025393,-4.029435835088291,-4.397572459728507,-4.407728069143057,-4.3590604632047905,-5.342169530177406,-5.216565739739853,-4.220934038405816,-2.6445089079345427,-2.7950304819276113,-4.6816541229088005,-5.096901080948546,-4.7148588123659705,-6.034572631747652,-8.27121469118058,-9.567388465302047,-8.415668401015589,-8.119747929496562,-8.485958178980328,-9.12115189721825,-9.565647033040687,-7.93809655381613,-6.787929058630734,-6.3385828219898315
-8.698857691319214,-8.494890876524373,-7.952840071377025,-8.203045186409916,-8.175605185262773,-7.5854012535976,-6.129122708811108,-4.826946035365239,-4.152564218100353,-3.8848219263332116,-3.318011986951316,-3.2305466110053467,-2.919011823710715,-1.6177394431494725,-2.3583711808593693,-3.005634174711413,-3.862766893967543,-2.813765897012925,-4.052810273280533,-5.04901112246805,-5.083652464001025,-5.853761544312855,-5.512147887799222,-5.629410657606313,-5.571771668797716,-5.512680654055666,-5.034612043579007,-5.732105476049088,-6.840970576195352,-6.093044882803852,-4.657662771511757,-5.677186888465762,-8.246655064287651,-6.964309352915974,-5.288988316881477,-5.519777567940266,-6.995043971903513,-7.111390612636331,-5.8789924616617295,-4.054749749998099,-3.1180538475594624,-4.256552545981037,-4.538935188705178
-7.664572153384426,-7.339101596691119,-6.128276446447602,-6.267275059240016,-6.391882193417876,-6.410905540584953,-5.803740156667393,-4.951617854308385,-5.137799709025065,-5.0673166483722305,-4.685822950569247,-3.579300246179952,-3.717832138226457,-3.8696519277269297,-4.053372493333624,-4.999809509464447,-5.405465103519739,-5.185541122860744,-4.6768719880177585,-4.0783799926322395,-3.9502492031081364,-3.5897939505653076,-3.8596870998580286,-5.017373723277205,-4.122424712800776,-3.946252321781033,-3.5363515154297893,-4.78068809869556,-5.972146577192231,-5.286352174635562,-4.640557986188763,-6.568074837102987,-6.157275123849535,-4.979700019755485,-5.273887974509163,-4.869667920215231,-4.72154794012037,-4.541950655203584,-4.018233496655387,-3.9504414333768465,-6.099770211087453,-6.766771100677322,-10.33510337466589
-6.652386191037485,-6.056576843326878,-6.001824514537963,-5.53322099687979,-5.543973976276228,-4.921344323591751,-4.783372972654412,-4.026437078481894,-3.7411838804825615,-3.320902675411501,-2.758489806266272,-2.924621266782534,-5.115818042219613,-3.712022746451802,-3.6550827584722883,-3.0011442049000405,-2.9146333085790306,-2.8485252006362884,-2.9515084756899883,-0.5564901110542619,-1.1467257015343133,-1.907465268412775,-3.1180921337949403,-1.6279816678936225,-2.2048413946149426,-4.547664771954704,-5.327246284860721,-5.57089694053648,-5.0533633101846815,-4.422372154790454,-5.610767687583158,-4.381132543665043,-5.845090181225547,-5.635644053235347,-5.403194483896574,-6.297491849875085,-5.290749540977119,-5.469015075190865,-5.994502049006597,-6.637953099162676,-7.9107722860137715,-7.728330772893153,-6.947249501200574
-6.1184116083651094,-6.244071036662311,-5.534223603907591,-4.978769503858919,-4.770802710794957,-5.034337029519039,-4.043980832833574,-3.3617096854427158,-2.7139439552793716,-2.8915345722588834,-3.508674954258728,-3.2905259187941986,-1.7419518025801013,-2.611925091415895,-2.402392102353872,-1.3235915666428282,-1.1339915126418425,-1.6163489249141412,-0.6237023027257028,0.14246473633989248,-0.3081548222534215,-0.005208356821010257,-3.0719551216821346,-4.758874408557492,-5.951002106477776,-4.964678809046626,-5.6008540770426505,-5.404779977407612,-4.000055618463648,-3.563783736848177,-3.7633542702013205,-5.234545725850249,-3.0146324932397075,-3.8029636882947813,-4.155663290272566,-4.282726169710147,-4.418723106012448,-3.0766750605563766,-4.2615765820490745,-7.640018065698182,-7.193029794549611,-6.701919358087542,-7.307911425105378
-7.269674360564837,-6.691844199271996,-6.0041619452256345,-5.054300139374922,-4.759526109123169,-4.74820907826816,-5.469267503927885,-5.023186176772106,-4.0066773742075,-4.09088891672605,-4.056708591626194,-3.3776351333239303,-3.379905869125326,-3.734521811556529,-2.22359952343119,-1.783223253596528,-0.6725506022066625,-1.185003786791278,-1.3212821008592168,0.5238536652697371,0.5298828436232094,-3.456725460477435,-4.468445955115527,-5.253183673909524,-4.8982268588999975,-4.760521506983812,-4.56656198693779,-3.8253693390028483,-3.5570925090131658,-3.696798378414906,-4.429316992004676,-2.8313619631654174,-5.745786521014176,-4.54532558303179,-4.652182448864686,-4.175810274622581,-2.720580203196933,-5.321861734838519,-5.495889883796393,-5.158574421999193,-5.628303495997028,-6.687977715739107,-4.672767389873723
-6.954218008376856,-6.940000090259154,-5.84679593081899,-5.447225463391244,-4.9753714112468925,-5.305527930321918,-5.5674350672375645,-5.718288942491559,-4.859311276156923,-4.529343230198178,-4.748841562257885,-4.793297388815624,-4.151599469931281,-2.89108635557752,-2.169253865298569,-2.7882408934144185,0.511459083516604,1.1675381592354561,1.731729444205924,-1.3588186304870886,-3.6712103971692556,-4.443473254425685,-6.546646812534031,-5.025900881000123,-5.102742586344522,-4.564840732969426,-4.969197451942094,-4.3123328862213075,-4.362942231311223,-5.461255601896191,-3.7417700441361523,-4.533295056858113,-4.322337582310382,-3.338352389808621,-2.896508439111482,-2.439960696670411,-1.9130714384917122,-4.3203183070446,-4.937713784271061,-5.304721178553311,-6.976360420609854,-5.053046442205229,-3.6163670486625974
-6.888423941669865,-7.052763239187693,-6.282443364666209,-5.641475495056209,-4.708678788869613,-5.5675696906498615,-5.401086452898525,-5.7347592754459304,-5.246367591744833,-5.809772398862219,-4.948881293572368,-4.128124988631566,-3.1999226397623577,-2.7046395237668106,-1.3971685366197713,-0.5127847560146817,0.8294625585131888,-0.9726575651219954,-2.746221513497146,-6.038538648518272,-4.37607284871522,-3.7759912973037,-2.2184136008836206,-3.021149490027332,-3.496449068158845,-3.0808085472563027,-3.746971295380132,-3.6642233939071955,-3.5475218558168904,-2.726801759591716,-4.143890199177202,-5.093788758958746,-3.3735529002445497,-4.257893177975619,-3.9499452813452054,-5.353327545614073,-6.5722376924795025,-7.632044569762252,-7.242745202978617,-7.13030937668681,-6.228178921280586,-5.768221600489445,-5.811177850434229
-5.1006634349719535,-5.857526400201985,-7.242820235807375,-6.455930721340204,-6.179441793276759,-6.341757781126428,-6.085253976531773,-5.903409025071778,-5.696785355984478,-4.478448908484988,-4.342872807617397,-3.2299289594773595,-1.8839845925017544,-2.043187568896795,-2.0921213829236978,-3.6523907743009842,-1.5691779386604998,-2.376669958590384,-4.273971658426305,-3.4744668355218464,-1.3860749786490167,-0.850753463685473,-0.42139220010176637,-1.9345441120868438,-2.4084565853346454,-1.836583926597275,-2.6631386643293284,-2.9820405768426355,-0.7376420984910772,-1.8876685645973081,-2.378265502763634,-2.430441221106705,-2.0580611237083937,-2.1395413500382903,-3.2444383230029534,-5.312146121193197,-6.388530981745406,-6.631828639713984,-6.482310546096369,-5.590189139532944,-5.028466217374743,-5.107665934682162,-5.334801503325947
-7.869011628646454,-7.045863731319423,-6.5099003329921254,-5.91388033121402,-7.253276651348607,-7.036216626054285,-6.48556941862958,-5.9692602974150635,-4.774221155674821,-4.5199771487956735,-4.751520958259005,-4.551419874545623,-4.18219414818282,-4.813033796183587,-5.222821377099695,-5.108913337642343,-3.3319170916252805,-2.784862869558614,-2.812360482905815,-1.263164720319905,1.1603037216352357,0.619257040903459,-0.5966327993854118,-1.4717249981662455,-0.7236367685384586,-2.7598040321690585,-0.7132489523857247,2.0268939879817207,-1.1947612975862567,-0.3549683204016529,-4.315233365482577,-6.821917585574491,-4.668783195373978,-6.154140488928341,-6.1862659067933095,-6.772263748176325,-6.260831004730157,-5.656225771761237,-4.801456561445195,-4.88892881780148,-4.6529721265736725,-4.593920787301311,-4.172462475473211
-4.756543172577825,-5.469734938491651,-5.348194816409711,-7.802620904004082,-7.652153548816464,-7.633419464945662,-6.933762639402401,-6.6101919927510835,-5.69315916489883,-5.281080154543952,-5.101624548314294,-4.477987580762374,-3.457609789807863,-2.5384237911731753,-3.133122869090532,-1.6101354171263937,-2.6437633771565943,-1.8325376759411938,-1.8499639583711032,0.021321615681735656,-3.1740749208151566,-2.4572019112123376,-3.378712161884846,-3.1874618248317264,-2.2377980201481282,-3.553784229062954,-3.349711536446576,-5.349129726487051,-6.731240509792289,-6.762080890293609,-6.468639715797499,-5.8745878365631805,-7.033039172605764,-6.20297245595542,-6.365489132515549,-5.3239383382378485,-4.054934438363387,-4.033809535025952,-3.933148617033331,-3.2617391985337045,-3.121318066023928,-2.595594294438797,-2.1540842895921015
-5.780466591245254,-6.62128835385762,-8.047936462248964,-7.39917166001927,-7.417657536450156,-6.895302323247401,-6.526087189101127,-6.33803305533534,-5.7612917314345236,-4.532452741136113,-4.181944277611362,-4.198980881747777,-3.6476353875408907,-2.8071928987175507,-2.2943556367900775,-3.1548900412255443,-3.665608352579527,-4.51608018216371,-4.6691044729230295,-3.360347935570564,-1.0730721592134251,-3.917898694789734,-4.15926250542983,-2.300927189935709,-4.017984700253775,-4.8454289822261964,-5.461873639283574,-5.868980754267516,-5.7454437185294225,-5.907414806718071,-5.836620567972682,-5.131395060249772,-5.189024116634057,-5.041820316583433,-3.5391251472624745,-1.7395051843410356,-3.7640766794241993,-3.6362401668828217,-1.7084145892319802,-2.206590174994506,-1.9807883493888672,-1.9656518499268545,-1.0659385024098664
-7.495153002297444,-7.991543104128963,-7.255785017809515,-7.014144093864994,-5.317743239035507,-5.639829837159785,-4.883124686264322,-4.006126503643134,-6.294203969234335,-4.073132960529894,-6.540521179619729,-4.748182777951827,-3.5311491948644878,-2.4908195491836636,0.028164960722424602,-2.0083743007784896,-4.474079305095261,-5.250671970187759,-3.7567902598830676,-3.31659172751306,-6.39146669041615,-6.561003537699228,-3.73227338408768,-4.5697316293991825,-5.687950418907688,-4.842491980344946,-5.142457654013633,-4.428469361413728,-4.091344002805343,-4.276798199308585,-4.121047110359141,-2.8618951210905026,-2.829280047341249,-1.686420695181712,-2.174820634817237,-2.1528497094205994,-0.6930151994997319,-0.01783865659411316,-1.1236473779015896,-1.8282691586579694,-1.7695009596385307,-1.004182372425905,-1.8262802771969064
-5.89417027990668,-5.24008670076676,-4.667114215063228,-5.584945357072112,-6.671396199029362,-6.586958484986922,-7.204984000599907,-7.783312420341868,-7.732118733547404,-6.926992783464118,-6.589408240872427,-4.710404489805876,-6.469634671124062,-5.78614158270992,-5.848232432284736,-4.982987601386936,-5.652485126115599,-6.371309462896049,-5.467058105099867,-8.340889970706531,-7.578574480549255,-7.687729514896954,-7.218550879505871,-6.26281318813271,-5.86971549928163,-5.571150260122457,-3.559498826437102,-2.729715158783872,-2.5000249417281153,-2.620464523697403,-1.2852895235516124,-1.4078044066136957,-1.050596752922159,-2.3128371766077374,-1.4009425415408117,-1.6850576621176412,-2.037172614854997,-2.103028165106052,-2.028593034483059,-2.634818472324157,-2.1290034735239183,-1.7704350968761502,-1.999049133147809
-6.444354267115571,-6.416241801655658,-7.150142041191378,-6.759260402825877,-6.486410335290864,-6.548083113788767,-7.023792511929244,-7.387088698352599,-5.942754424223429,-5.34313226404676,-6.011511113930976,-5.968414092349799,-6.029444448170688,-6.140660835761191,-4.669798155685405,-5.315702966281962,-5.450656905681981,-7.5139704873726565,-8.135498445744535,-7.5205250772807375,-5.445968867061249,-5.570939633883958,-6.109343370298332,-2.6416446481715896,-2.5426437522807794,-0.794789094453295,-1.6322268428684854,-2.4823873249270454,-2.421714126623155,-3.0533078808011944,-1.9948160495370846,-2.0903914486648807,-2.108968113631674,-1.8992670759019732,-2.0368571346241398,-2.1650542219785622,-2.140718120837636,-2.0171539985920495,-2.098220750988764,-2.0075091158303087,-2.2652362959815977,-2.9006852310223663,-3.360244537835235
