public/json/wind_2018-09-1604_925.json
{"header": { "discipline": 10, "disciplineName": "Oceanographic_products", "center": 0, "centerName": "Ocean Modeling and Observation Laboratory", "refTime": "2018-09-16T04:00:00.000Z", "significanceOfRT": 0, "significanceOfRTName": "Analysis", "parameterCategory": 0, "parameterCategoryName": "Currents", "parameterNumber": 2, "parameterNumberName": "U-component_of_wind", "parameterUnit": "m.s-1", "forecastTime": 0, "surface1Type": 160, "surface1TypeName": "Depth below sea level", "surface1Value": 15, "numberPoints": 4800, "shape": 0, "shapeName": "Earth spherical with radius = 6,367,470 m", "scanMode": 0, "nx": 80, "ny": 60, "lo1": 109.0, "la1": 20.0, "lo2": 116.89999999999955, "la2": 14.520000000000117, "dx": 0.09999999999999432, "dy": -0.10000000000000142 }, "data":
[rows 40 to 59 of 60, columns 0 to 44 of 80]
-4.878872491606954,-7.002156002653722,-4.341044571783432,-6.7522473471153965,-6.567071167062393,-7.624226182834088,-6.604128283868276,-6.5270904726483385,-5.856041325695072,-6.405247251879583,-5.5651558115270365,null,null,null,-6.243309804391203,-3.2781254193684517,-0.21426408620865003,-4.902684207935363,-6.802026652246435,null,-6.215841588706866,-9.540904104891354,-4.377016093345544,null,-1.880902552461174,-7.356325422794856,null,-4.906364009820369,-8.300121468733014,-13.55352710122812,-13.00702492398018,-15.974780510421104,-11.304022303915678,-10.650563711122162,-10.596289018299714,-8.322720187244794,-3.607079637374703,-7.770646549079737,-12.19419785419738,-12.1099662174851,-14.437374443044668,-12.123146853594186,-14.513781578854696,-14.55910347340306,-14.563882251675532
-6.337470804605326,-5.398493759045778,-4.976453549482274,-6.632805552766751,-7.2084761859619775,-7.405809023882187,-7.090181855532501,-6.679845326964069,-7.2225487985024,-5.936615588397958,-6.858029057360101,null,null,null,-2.2905814904657933,-0.7099426761299549,-8.987409419121878,-4.8135125716913,1.6351647463377945,-5.219044742752146,-8.853108443851374,null,-3.409240665824635,-6.820507759749503,null,null,-5.468060767768151,-6.520834012910507,-6.679629973538986,null,null,-7.376855619288177,-8.982183961231542,null,-9.70462518790349,-6.993735945219091,-4.738089606458602,-9.279220882199677,-11.998815734847486,-12.77519385243601,-11.363082532728251,-15.556012166021917,-13.407755255861746,-13.183396527569384,-16.13245006791572
-5.851693579032471,-6.3234183624099884,-3.4235418049431137,-5.4167431066315785,-6.482073128249513,-8.050459180236569,-7.729991574143567,-7.70944354259437,-7.340473516837209,-7.501123727121695,-5.998473024213119,-9.278284659975485,null,null,-2.342111927596228,-2.6340657620502284,null,-0.21988709509557203,-3.0870346990435995,null,-6.294133821610989,-5.510971187140313,-5.536612600229946,-6.646336879562158,-4.701149124002479,-7.081330874340002,-5.715755033393093,-9.082738978069107,-9.847825944602807,null,null,null,-9.562910998666853,null,null,-2.500896238765512,-7.22972123251113,-5.388571428231258,-9.303831704764292,-8.205506297674244,-15.150400409346119,-17.02387613025251,-21.243326892401313,-16.729976514295792,-13.121281285619196
-6.900278433888024,-5.617422733336198,-4.157428621352817,-4.427190471056331,-7.5216004181009986,-7.601198683594378,-8.38671617618653,-8.106238038943332,-7.232393057516391,-7.026596681665022,-7.6731759287251595,-9.55813970338163,-7.218245524023049,-4.732450934255177,-4.233208443260632,-6.27829137295218,null,-4.802334366782208,null,0.8838858463925303,-2.249419062350477,-6.5669844544721405,-8.072475940906495,-7.78466351092918,-3.983635710352655,-6.8754418571304425,-5.033293670728641,-9.354720761986796,-10.554735674235788,-5.61874016266827,-12.585656449093907,-5.919260719114897,null,null,null,2.1090908611200243,-3.4821685332641215,-6.442978980623944,-8.93306616286664,-13.35718469893002,-14.277595195198572,-15.985293532832065,-14.52356481276861,-12.267593031041216,-12.540024483557707
-6.885843860554162,-6.403925173687728,-5.083030030074247,-4.589904180615752,-8.043422501367779,-7.616008054798507,-8.482709003577977,-9.178577968281317,-7.58634178463381,-7.25792117292796,-8.393809242055074,-9.836484424425748,-5.914566937609288,-6.6919891068513975,-4.576833696591761,-8.454308287858453,null,0.18547839753118206,-4.083711869197435,-1.7534455702296121,-2.2457348582829475,-9.35830785920724,-9.97443247053204,-7.657373177343703,-5.190233659318595,-5.874467157487736,-8.930109021918451,null,-9.628377909176796,-8.478455086990094,null,null,null,-8.345399334638588,-3.64807571174423,-3.0739155057622973,-7.181636514652613,-4.3067341467377,-12.01734845187292,-14.071705411064368,-9.110474757615117,null,null,null,null
-7.558466639469603,-7.199247764154982,-5.167484218664368,-4.6896373770360835,-5.771273771273593,-8.557260674165072,-8.69294788074637,-9.46400859720098,-8.291973054056601,-8.33914859375669,-8.791842674749399,-10.291979026572438,-3.28560629433306,-5.807761424993097,-4.217364574366156,-4.109504182380268,-6.314657149284455,-6.909826695602362,-1.209599810946523,-6.255364131042898,null,-7.481735422628815,-10.154044059482024,-8.778564631752412,-6.775735349460026,null,null,null,-5.3549586710667825,-10.83027574324388,null,-11.527951212728079,null,-0.6841294024022728,-3.804920164786108,-6.894473839944362,-7.849458163705612,-10.522064002988174,null,-12.26740828742896,-8.759384768921274,null,-10.311624100772717,-7.024056907771593,-6.4412861938163655
-8.854883654054056,-6.392997347304281,-5.682493237073121,-5.142508214632993,-4.333551609057018,-8.37666579453074,-9.349780315678176,-9.264924429934176,-10.18526993811517,-11.024393237517991,-10.465409981694677,-4.27598576954731,-9.807492715914023,-3.751206779862846,-2.7579043083147536,-2.3932615998630404,-7.121135333057145,-7.027364116000371,-9.266708212952409,-5.646328094915616,null,null,null,-6.364404391185012,-7.774089456389985,null,null,null,-8.28201008692748,-11.166172702459892,-8.865124637932093,null,-8.522471693764276,-3.376400911714559,-5.013982665492565,-7.88421629648191,-0.4710677745853875,-10.144520280153195,null,null,null,-7.967083153593036,null,-8.352430463542795,-12.448165453729159
-8.267214128371377,-5.8590714004565445,-6.224989393346457,-4.844996813616836,-4.221179466141305,-7.290533577694498,-8.386108956704469,-8.755540042398339,-11.148891747818189,-10.781134676050627,-10.8515201105116,-7.627912977269619,null,-3.5251596024439213,-2.9577128533823487,-4.3214551700338655,-3.233212313951696,-10.266609819921367,-10.524578072810396,-11.40411729194642,null,null,null,-4.58178387369914,-8.491006220292071,-7.473447989238878,null,null,null,null,-8.02937523001128,null,null,-0.9094696875731484,-7.17620275787887,-6.641281370155591,-3.720653024196053,null,null,null,null,null,-9.958844141559766,-16.414271051541597,-8.85162412448086
-5.760301164961943,-6.29113705821651,-6.999621123051556,-4.937238961851107,-5.235415391286529,-4.485276604451132,-8.858840163593463,-9.21136639590269,-10.221855560337326,-11.323013446180811,-8.693848305104437,-11.850488305115187,null,-4.624296378048002,-5.124413169039904,-6.87274454357674,-3.1814173454058383,-11.809424137493837,-9.95250874754918,-12.922536357294451,null,null,null,-4.868402049497715,-8.955592698436995,-9.534571705603234,null,-3.4641988638121597,null,null,null,-7.61055073281614,-0.2961970957091085,-4.071648706214754,-7.679397305216417,-7.266718445273529,-6.994558200188579,null,null,null,null,null,-5.619415910899622,null,-6.18663000221043
-5.539680556406277,-6.318045060570276,-7.3880540105467905,-6.916984128025282,-6.221283335103596,-3.852412771480176,-6.501713353932564,-8.61570171982009,-11.714149112626783,-7.947766763541114,-8.548139367755665,-9.935806848494156,-8.91921267572997,-7.004984385180624,-9.179345791865433,-2.219106450777227,null,-5.317552644049039,-12.217291704815356,-8.566075611655485,null,-9.182715784147343,-6.4862693058838605,-9.41348734140271,-6.924197993351564,-11.587595964497638,null,null,-3.347569170646402,null,null,-2.445599474785832,-3.9893832584882234,-6.412184413794141,-6.670115215626299,-6.426714557655888,-7.836593791984764,null,null,null,null,null,null,null,-7.488331423394157
-4.839592802237615,-9.085480827031823,-6.041091904796341,-7.6127150872866345,-5.418895583675713,-3.849284921637807,-3.637936212410707,-8.575835127523948,-9.014889490787747,-9.983395792662286,-8.370036043505923,-7.726447930056546,-9.164692561118283,-9.607440104263706,-9.584796208317671,-9.826216269571137,null,null,null,-6.969340604349764,-6.901040736251489,-12.10397421350838,-11.100770283154564,-9.870654541006386,-8.307293558044368,-11.676939066148902,-5.058427211021875,-8.90740206451247,null,null,null,null,null,null,null,null,-3.1489330697075135,-5.859782889776865,-8.183896000312576,-7.139560071355988,-4.6933781243211445,null,null,null,-11.671089593880588
-4.085350273393074,-4.677399491205658,-6.328002290765275,-6.628153937836244,-5.921631542181331,-4.435398884323127,-3.6685951585019674,-5.557738667943095,-7.799132112196034,null,-9.220806907713532,-8.010842841054124,-8.729580088397162,-10.09173260709921,-9.991416630826878,-11.569425966963628,-10.269202336636356,null,null,-7.93973438601201,null,null,-11.737973877599561,-8.720451826977465,-10.785274198545732,null,-8.896783010891847,null,null,null,null,null,null,null,null,null,-3.7297895650065835,-5.410740041385827,-8.381065434956232,-8.082579248196328,-6.862289760770924,-8.926047996646062,null,-6.444304067737638,null
-4.134386358316731,-1.761692722347545,-7.912384421329646,-5.0621113945659255,-4.132988117490161,-4.295839969641976,-3.5456780765372438,-4.590769422726254,-6.028476988710217,null,-7.994324326911163,-9.69939089699372,-7.813402404428189,-10.126596327696078,-11.06584289462912,-11.934028258513624,-12.847596033527942,null,null,null,-10.630416889732992,null,null,-7.35145711151218,-11.739661734988262,-6.189927234784738,-10.97624532436952,-9.770643943976921,null,null,null,null,null,-3.0915691728427994,-1.0298824890392095,-3.57437232910316,-6.565450478455741,-4.671712129283557,-10.521108719346069,-8.714648609737345,-7.460045864162114,-9.098432524797548,-10.464312877230938,null,null
null,-3.915148349994943,null,-1.932200795474025,-3.991599054641008,-3.7678783648900267,-3.4614401741343075,-4.694333423153865,-4.284217954537091,null,-6.745594861001989,-8.532526714587922,-8.587038892999004,-7.282892473353837,-11.706736488335203,-13.900244751909957,-10.124084180594418,-11.808161649887182,null,null,null,-6.077605128802512,null,null,null,-6.491534978780411,-6.783597548376737,-10.554241485266852,-9.83610564902084,-7.6103562382737895,-6.058778927270714,null,-5.343260546042701,-6.056083378654873,-8.254985226650971,null,null,-2.6251090633666756,null,-9.605756704367005,-3.96638481587991,-10.195818669343375,-11.442894942097695,null,null
-3.145873635475356,-3.7542204234177285,-2.4851407951078586,-3.369332208073007,-4.483651469228182,-4.18202301832474,-2.82968495901972,-4.311504427787158,null,null,null,-6.863081278428689,-9.582023683504406,-7.357453437560569,-11.510519100578524,null,-11.834245285728127,-10.179655915900694,-9.19403859776077,null,null,-3.247883476082826,-4.791036186329605,null,-1.2786752746161574,-5.508049366986993,-6.617475670125716,-7.851874763794214,-9.599656650263913,-8.105776161037499,-6.57357388309266,-8.32639783726833,-8.32002339762695,-7.059785106762049,-7.131284182656949,-7.3767545579733085,null,-3.9789110369922,null,null,0.9146087284332973,-5.64342291306614,-12.287989568800615,null,null
-0.7180988360183116,-4.518220427063029,-3.257330316910758,null,null,-3.6727631781434473,-3.8312520832218677,-3.0692833235566073,-8.769504481398823,null,null,null,-5.027730877159788,-10.661793573690083,-9.51547707698033,-12.56442119664281,-13.17490341761274,-10.983032402930053,null,null,null,-3.234902193455718,-3.308609721383431,null,-1.8357768412976658,-5.211551972270717,-7.446226909079376,-6.536560535509914,-7.424834151773367,-8.207285284068503,-7.4159477671117555,-9.020776027648129,-9.302137956593358,-4.717979788724201,-7.239511102046002,-7.752119631388323,-7.537470277462676,-6.182784055645951,null,null,-0.9669898492694864,null,null,-10.675730459257684,null
-4.020840583283845,-3.509153894377402,-4.955510150244476,-4.501036616909957,-4.62454840489845,-5.129619465506111,-4.562787225052256,-3.688083270753343,-5.622278777431378,null,null,null,null,null,-10.103468661939614,-7.33971202566107,-12.716568501794962,-12.510915011536985,-11.152283457475463,-10.170708818262206,-8.000557120784858,-4.665346142401855,-7.26706591337948,-7.192015796294841,-5.984739887604741,-9.093083364606894,-5.3771337299684,-4.457812254174781,-3.932714427610123,-7.343343244196402,-8.148238498985762,-8.687455686996692,-6.425079957518799,-7.0165349590821045,-7.022498055551478,-7.825760244472498,-7.948671947699428,-7.434670936085615,-6.701465317686893,-5.593998937992296,-3.241779288202526,null,null,null,-6.955040973856475
-4.613463302321226,-3.763120896098121,-5.003165343620339,-5.08544202463828,-4.94059203616768,-4.799580751518416,-4.901301759912125,-4.470227746906636,-3.4622550220850865,null,-8.215720804115392,null,null,-5.718200360937597,null,-8.31244270689311,null,-11.488059429027523,-10.6838915774945,-9.121565859604207,-8.71174013031632,-9.106423961233366,-12.776736519726512,null,null,null,null,-0.36851950104532494,-1.6970693243187698,-7.033700286459959,-6.868648246190029,-8.749234387066986,-5.640354610898839,-6.270635148408365,-7.079473033728863,-7.231588543139166,-8.443039216104983,-7.477995746107261,-7.193920083396763,-7.2329712130500035,-4.836601579867105,-4.401788272812822,null,null,-3.8154684905768885
-3.155765207532831,-4.583722429167956,-4.467869688546218,-4.991978272428658,-4.303481286520905,-4.38833745044559,-4.303211943247356,-4.2976677878096785,-4.102414054184865,-4.5931680197584654,null,null,null,null,null,null,-3.2201089411888244,null,-10.443289575575259,-9.45719742746286,-9.74408205723801,-11.47362514191894,-11.261143430790156,-7.455617385770671,null,-3.962394080145022,-2.0943617649860986,-1.2561190379584948,-1.7683145908931848,-4.67223770080373,-8.789253387646463,-6.170567242471486,-5.161731918203283,-5.313783619515956,-7.412493887202871,-6.122497621489677,-7.972346173279503,-7.5454231996387575,-8.770717627125201,-7.196148550287855,-5.751501035904542,-5.010018320421947,-4.5928605324808816,-6.146703804794181,-6.443727827761302
null,null,null,null,null,null,null,null,null,-3.7700250682451077,null,null,null,null,null,null,-3.8500697220734006,null,null,-10.169062850143062,-9.73332920264793,-11.363634506979059,-9.58116586244325,-7.771724829630631,-7.714914356645174,-4.30680436447412,-2.6255528197120954,-2.568765605876262,-4.011955345791705,null,null,-2.333419479631424,-3.033311144342253,-4.721801797959335,-6.80499120619107,-5.673055219035404,-6.6124575825879,-6.402148770108226,-7.251512095908352,-6.34910704597209,-6.563753231934362,-6.551787344427254,-5.723272087056312,-5.801259177708868,-7.915125922320886
